0.0457563854881165	0.044578199764640294	0.037326997294576	0.185646860940681	0.031934920424147153	0.05677998888476564	0.07836939367491962	0.19412322495619666	0.3254772017327789	6.826839178283861E-6
0.04614474824871894	0.044552498125724954	0.037501806298786314	0.1857149304173108	0.031843558201075345	0.05682589256423297	0.07867335671030334	0.19359043014381028	0.32514774974791344	5.029542123613506E-6
0.046579704913096064	0.04475544373320378	0.03730885729062816	0.18485131245071115	0.03222278871647391	0.05692067447224171	0.07882019772359454	0.19348582584531404	0.32504857105119067	6.623803545990903E-6
0.0474903662611573	0.04477598264894182	0.038397821530153836	0.18405247210510897	0.03176315623422098	0.05777221613379479	0.07840792831257584	0.19244910442348495	0.32488680402090536	4.148329656214478E-6
0.04594502635227567	0.045438586937548806	0.03823463890750975	0.18483694502041112	0.03309318044568464	0.05763299118281656	0.07838255980914813	0.19216715509107973	0.32426283663368277	6.079619842863648E-6
0.04582106267582925	0.046334683106633315	0.03794995161207732	0.18465869463417428	0.03381890023852503	0.05753575728061422	0.07908514117739805	0.19105330304694734	0.3237385880240771	3.918203724084801E-6
0.04622211133220687	0.04629940477918915	0.037368127825146036	0.1840069152769898	0.033615547428539505	0.05931237072672869	0.08045287770721746	0.18939480862407496	0.3233228522065906	4.984093316867666E-6
0.0467635742322348	0.04707185690563384	0.037764253389620195	0.18407733329691667	0.033005133158798425	0.05809627576335685	0.07952252854021578	0.18989489884620897	0.3238001942329349	3.951634079582544E-6
0.04661469984296654	0.04596895629800538	0.037260679962297	0.18565265729375133	0.03245349342255267	0.057821048794683284	0.08004723267825181	0.19059382627067584	0.3235809355288753	6.469907940898079E-6
0.046475657058034865	0.046180030279988446	0.03797585533992934	0.18512388244333092	0.032594968203210964	0.057123288779728484	0.08062269979466496	0.1907238042989235	0.32317504754438864	4.766257799868057E-6
0.047045058198854614	0.04626494299497633	0.037595610212771746	0.1844438391875848	0.03324078640374442	0.057678010395620954	0.08018456399281837	0.19112847235860572	0.32241283629227996	5.8799627430938806E-6
0.04634880486458322	0.045963808155785824	0.03726604920242012	0.18460482354796198	0.03389357013865189	0.05777519380097434	0.08058501282152844	0.19118020393673746	0.3223768215765878	5.711954768936045E-6
0.04601464361657623	0.04677741921015938	0.03728345169515149	0.18422653329727995	0.03420831673271507	0.05891564827859058	0.08041393691543848	0.19092591447519147	0.3212298295794803	4.306199417034029E-6
0.04664309773348903	0.04612563644526821	0.03898068982883397	0.1849328821988464	0.03311968149159507	0.058223834061258695	0.07839413562125834	0.19271324077812202	0.3208595800614462	7.2217798820356505E-6
0.0478056349473278	0.044738336424101854	0.03887737811253042	0.1848645469523978	0.03261464091823449	0.05891590228200908	0.08047911217479645	0.1923744417038481	0.3193259407034667	4.065781287324044E-6
0.046424646062932506	0.04586892896193902	0.03842619525514586	0.1844182705176185	0.033793019716828784	0.05968729025052717	0.07944100143648825	0.1931376257350632	0.3187962033993181	6.818664138555364E-6
0.04664438003736737	0.046134021117131475	0.03901649005777595	0.18218597440967316	0.03276319628381981	0.06094790778810526	0.07994978609842673	0.19365714451872162	0.31869564475719026	5.454931788426154E-6
0.046057014038986044	0.046414357417918765	0.03877639857205526	0.180918220981288	0.033349352865026646	0.06009912549146177	0.08099380468583783	0.19355804984713018	0.3198287832730362	4.892827259267429E-6
0.046584442223817704	0.046171314241330766	0.03802969144255982	0.17980851693621658	0.03438686369574094	0.06138029492161027	0.07978930548231258	0.1939995780814096	0.3198451748571128	4.818117888966134E-6
0.04747322383248065	0.0468085664416116	0.03754669614318431	0.1715332807404095	0.03434537033176481	0.05933559748692558	0.0809009059435741	0.1967690556011105	0.3252833374444199	3.9660345191178115E-6
0.0469839262313219	0.04885667306453212	0.03793994928257752	0.16941286369977515	0.03317688261731257	0.0608978306461669	0.08182964314897183	0.19750928481194718	0.3233858774817388	7.069015656016586E-6
0.04658503225974213	0.05042003854430156	0.038475597879890966	0.16905029356432213	0.0328700234197009	0.06035943275435904	0.08181852573097659	0.19696198625774636	0.3234546778952641	4.391693696204069E-6
0.048574327871048525	0.04777242253449733	0.03911731522434754	0.16804470582809594	0.032238280780459996	0.0608823950633431	0.08303567898685807	0.1960987025245448	0.3242316540390407	4.51714776403267E-6
0.046343229050711046	0.04763907046050947	0.039223271494379645	0.16839446208578848	0.03209042433662061	0.06250856949223801	0.08223741606060947	0.19713793395583873	0.3244196867755099	5.936287794536255E-6
0.046039635128617654	0.04741031471507751	0.03835246854031322	0.16911944169908344	0.03175756770748926	0.06361411932814673	0.08237124439451318	0.19770784700804855	0.32361997726549063	7.3842132198159716E-6
0.046869747454156875	0.04735053353509615	0.03817270970319898	0.1669135901059904	0.032026190572964255	0.06321296754236508	0.08337488072049232	0.19914655841487244	0.32292826855328244	4.553397581083529E-6
0.04695947155774957	0.04605250380060216	0.037722945470847806	0.16535869173907422	0.032149694638556825	0.06491610930111266	0.0828202702229861	0.20080419920171866	0.3232118022783685	4.311788983538123E-6
0.04866148572217708	0.04580131425311844	0.0374430714489231	0.16425556534393923	0.032694707410699936	0.06513453795555386	0.08284476373650783	0.20018016256878152	0.3229775505743901	6.84098590890414E-6
0.04754130797218835	0.046010404329341455	0.03782329193684158	0.16551517412937183	0.03178923490394474	0.06475588380714808	0.08356038941036832	0.19961459141806953	0.32338442630121755	5.29579150852777E-6
0.047134169793912085	0.04576718101310309	0.03738422920512925	0.16401567945523593	0.032404338757263174	0.06465654121356336	0.08319332646713062	0.20113298879694458	0.3243059650226138	5.5802751041111875E-6
0.04858434488814742	0.0456382359693415	0.037441909959009534	0.16479618908767235	0.03400058529222594	0.06375827399610805	0.08210135512798558	0.19889126433572035	0.32478489002740507	2.9513163841837775E-6
0.046075902565665544	0.046527705419009024	0.03945609795312498	0.16365106234525015	0.035429619808573676	0.06498697703146375	0.08326505244502948	0.19581158113841168	0.3247923977685335	3.603524938208813E-6
0.046457616898910994	0.04530566942441117	0.040426722311298034	0.1639192837129035	0.03678345043971884	0.06764324717154248	0.08457876881230099	0.1948736914161551	0.32000849151419153	3.0582985673099916E-6
0.046086416909960806	0.04589772308851793	0.040871983375529	0.1641164401597915	0.03557299305689453	0.06761496701777667	0.08395988281598153	0.19524550901403853	0.3206280763074328	6.008254076761421E-6
0.04828441921638355	0.04618879375058114	0.04062404217811923	0.1634606075247781	0.035531171976187395	0.06636766214986667	0.0833320571520478	0.19536204012455954	0.32084304047598655	6.165451490083851E-6
0.04951300147271988	0.04721042598751306	0.04115434773934681	0.16489126579046032	0.03542517143168486	0.06601641221908831	0.08231296863646477	0.19305290655526808	0.3204190860232404	4.4141442135242626E-6
0.049132968095900106	0.04678735642098204	0.041643242579362805	0.1649705659993487	0.03576528631587156	0.06608258961940824	0.08195757198807468	0.19327723388101048	0.32037736702804526	5.818071996163687E-6
0.04938082234866313	0.04684046618367133	0.04255420645923613	0.1660110615165995	0.0368219867493938	0.06631113601969693	0.08069431205807667	0.19235129571292028	0.31903039956781515	4.3133839270487195E-6
0.048103802237798754	0.046443091710528184	0.04330123411492892	0.1651862873154337	0.03962132616112962	0.06966042918555079	0.08039499881695876	0.19024283752863858	0.3170397484018347	6.244527198037697E-6
0.04735089345016883	0.04471047024120171	0.04250637064880442	0.16689787181121002	0.0402532083560894	0.06810916203879003	0.08097685460073598	0.193631844072701	0.3155589166215557	4.408158742877366E-6
0.046960283597661204	0.04555979471770944	0.04250311123156379	0.1669799277366587	0.03829001820040216	0.06772777760609597	0.08248790711701555	0.19473939474482338	0.3147476905339666	4.0945141031867305E-6
0.046181971909517956	0.04492273667838075	0.043443830952916714	0.16832537349858473	0.0387927282165637	0.06672423040008954	0.08298235346482849	0.1935986161952633	0.3150211966142007	6.962069654101177E-6
0.04575209691537562	0.045809923942808514	0.041274523134478006	0.1675865189736851	0.03815971121734922	0.06753269107611658	0.08357373199040033	0.19457352622997226	0.31573144772286804	5.828796946272252E-6
0.04575067816285934	0.04647249037290705	0.04123300295996233	0.16730894086878523	0.03881219054674987	0.067831648478159	0.08328685180294293	0.19353779664972146	0.3157619089691254	4.491188787300593E-6
0.04665043307282718	0.04662473017119936	0.03851583839526869	0.16298090860786416	0.03728373404294075	0.07326126196667783	0.08465753082691785	0.19258490458449937	0.31743687064607984	3.7876857250096485E-6
0.04937017203781903	0.046265761778438066	0.04021052468612776	0.15972301030453262	0.03311560598192634	0.07379141551358417	0.08952906827964456	0.1940830744475097	0.31390524031185063	6.126658567182086E-6
0.05000897674121596	0.04508461806837273	0.04247458798579871	0.15981935820516724	0.03405167644780496	0.0723532794301705	0.08928725778007407	0.19345460293265976	0.31346141804921046	4.2243595256008515E-6
0.048908723314113126	0.047630120008996496	0.03729877560719977	0.1588552561608861	0.03269573378137937	0.0754396591496141	0.09204090616902029	0.19477174349815415	0.31235381004904406	5.272261592484395E-6
0.055481001640212656	0.04770054274434999	0.04135225178989042	0.15351548990289213	0.03266074492006921	0.0745813825535403	0.08969756373152135	0.19477013324483586	0.3102336854091461	7.20406354200176E-6
0.05526301320427478	0.04785900381890477	0.04000776398560121	0.15267841806356022	0.03393547437843178	0.07722693513581058	0.08705640875604859	0.19280248317340354	0.3131675878665526	2.9116174119214744E-6
0.05677112340586128	0.04724280298703521	0.040037494247489515	0.15295728069167386	0.03284904907787431	0.07741113213082565	0.08776427810701629	0.19246042158552762	0.3125020372231768	4.380543519491575E-6
0.057445431106956685	0.04603489843919982	0.04067235042087464	0.15435412292682982	0.032036200255372446	0.07664001062818492	0.0883947305235376	0.19026893421900734	0.31415008702493513	3.234455101613909E-6
0.05641333168656235	0.04691456768539106	0.039150447373259324	0.15334819197326538	0.03322760352795892	0.07828948492996488	0.08886554305670914	0.18988463182441695	0.3138999466342683	6.251308203725214E-6
0.0568263710456917	0.04559376374662365	0.04003155921900026	0.15440562419097392	0.03405321858073411	0.07776486717474025	0.09022394876640039	0.18834421950152413	0.31274956923925873	6.8585350528199696E-6
0.057374039089925014	0.045540287730999336	0.039200246905052034	0.15524796716853403	0.03359909173255084	0.0780504276132495	0.09013570543134886	0.18832314658776078	0.3125252584826008	3.829257978774092E-6
0.05527933832570148	0.047661550270256384	0.042103496984376654	0.15205684266083797	0.0318732596359918	0.0771412190864072	0.08967762300469047	0.18776249505607365	0.3164383711163995	5.803859264866262E-6
0.05150242255812929	0.05378424972805382	0.038079918791668485	0.15851447505265734	0.03491817947491514	0.076566361201536	0.08915182412377486	0.18860900382548756	0.3088677472031822	5.818040595254037E-6
0.05226190337455233	0.05521317237076724	0.03845044873165902	0.1598819487339611	0.03231232465298277	0.07721541063725632	0.08786691576900547	0.1896874990058237	0.3071055035815636	4.873142428404864E-6
0.05119737907007957	0.05810214638916711	0.0451380579196676	0.15476880030824425	0.03232667933052581	0.07514421153295685	0.08757424630021625	0.1949289609758899	0.3008161793180575	3.338855195197943E-6
0.05102278948366273	0.05941121588909512	0.046502627906286856	0.15347167772790268	0.03207827084507066	0.07435357704472215	0.08730423266885157	0.19514493386164156	0.3007060494341481	4.625138618610802E-6
0.05067635135178127	0.059482631514703864	0.04729176482212347	0.1526180671478818	0.032177420125869424	0.07379323623590447	0.08712483807021426	0.19566572555230133	0.30116682974770226	3.1354315178783176E-6
0.04923447339858987	0.059141103877854234	0.046563646250598126	0.15737795638302554	0.043801033294693495	0.07136901396845528	0.08285753109795291	0.19359446419357917	0.29605362645905997	7.151076191411199E-6
0.04848364453622135	0.06380855422968415	0.04424704236248034	0.15797643650250004	0.04256405379980277	0.06847959918424121	0.08897779058916401	0.19368223986474492	0.2917735996109439	7.039320217311351E-6
0.04731285531392387	0.06651115816742122	0.04229945335499992	0.1567641743830261	0.040849068110360626	0.07202456517842058	0.08637175328944414	0.19570162952474787	0.2921589587464561	6.383931199546722E-6
0.04878781829870782	0.0664151074136391	0.03800872112203032	0.1575676305667587	0.03858592797132506	0.07193737415422385	0.0875312979282468	0.19723755959219552	0.2939239161191513	4.6468337214639055E-6
0.04960316688720885	0.0666464882594549	0.03936255123300214	0.1579050569296689	0.03810172448746334	0.0700878825548927	0.08660425866763626	0.19829778426652608	0.29338604579392	5.040920226767609E-6
0.049268092000816846	0.06796570612484468	0.03893215679556247	0.15836443986740895	0.03979915237012864	0.07034323386185533	0.08608707460928508	0.19610479534942096	0.2931317464998529	3.602520824111388E-6
0.04920804150755778	0.0676518261541881	0.04008302116942416	0.15823095480944888	0.039585493809716675	0.07161441732534388	0.08471875775660637	0.19717736949713266	0.2917269240218277	3.193948753754672E-6
0.04797960681432267	0.0689525974857049	0.03781598769392544	0.1611148133226184	0.03875676167798979	0.07130822330894558	0.08472057351226463	0.1970620138446344	0.29228345526896926	5.967070624876558E-6
0.04688019164663518	0.0683199400931473	0.03852093716101101	0.1635081808870264	0.035766545248514636	0.07176793950444547	0.09346701836122465	0.18927365239257662	0.292492165892022	3.4288133967663725E-6
0.046333710497813284	0.0685799323254819	0.03779079450612898	0.16335494940499729	0.03570960082789697	0.07217300865806742	0.09332401777068498	0.18984435639018377	0.2928848362939159	4.793324829555079E-6
0.0461732240075642	0.06891529458379084	0.037348962600073435	0.163058028266846	0.037432144452411456	0.07166166174854396	0.09260940407655245	0.1893185577534815	0.2934794955174116	3.226993324528804E-6
0.04599401608730974	0.06757644396790785	0.03777626002695695	0.16224426806326683	0.0376669271836265	0.07150677858416865	0.09240416191564407	0.1905303160254061	0.29429384361663363	6.984529079628876E-6
0.04683408808576257	0.07064241389597968	0.03725804571127171	0.1621251772035434	0.03769245056500043	0.0739599523119127	0.09126919528920849	0.19023416830538514	0.2899798830163774	4.625615558487284E-6
0.046617327883098726	0.07140073969665597	0.0382201822273806	0.16134293832912155	0.03766231584302256	0.07496459345111028	0.09027119889842976	0.1892381857510385	0.2902779789651481	4.538954993860145E-6
0.04634520922475696	0.07025347901391953	0.03993511240898737	0.15971563724466042	0.03884975603233934	0.07530997878891463	0.09162357127744844	0.1875499202564324	0.2904110830256592	6.25272688165035E-6
0.045734656551667176	0.0702401798971199	0.03951757033009645	0.15995213722917795	0.03899680749114008	0.0750045892868497	0.09249379144988834	0.18794027333711938	0.29011716815483196	2.826272108999439E-6
0.046143864400466604	0.06993810178683824	0.03959844031366995	0.1598836478786203	0.03902280780188716	0.0749226360603703	0.09313003713742063	0.1875437796424982	0.28980963512237895	7.049855849691755E-6
0.047412693084640425	0.06705650052466239	0.038373342547873904	0.1612015664626531	0.04217826297384694	0.07442843366484708	0.09239285560471978	0.1877754989867712	0.2891739952639099	6.850886075229767E-6
0.04792832086567442	0.06676898689291833	0.03753181171534478	0.16013088669563674	0.04237235717726927	0.07425183867722723	0.0928604408259735	0.18927161341901258	0.2888790175369804	4.726193962731329E-6
0.05015392945076896	0.06658381951457579	0.037315894231918584	0.1569417324691548	0.04359019845243423	0.06883489028781231	0.09630778927431584	0.19191074997846674	0.2883577075635667	3.28877698600738E-6
0.04940477850744321	0.06736005713335985	0.03789434166575912	0.15564658543967286	0.04205127729278361	0.06864593701669774	0.09639828831905467	0.19401627311828307	0.2885785274446967	3.934062249230652E-6
0.049032736866812296	0.06672445101960159	0.0384485696950396	0.15539602552342846	0.042819134690925326	0.06801777199513408	0.0970091167026579	0.19392153449685567	0.2886270192160913	3.6397934538162646E-6
0.0493235774099319	0.06902157666264624	0.0399732064203939	0.15389219045131106	0.04411318423889096	0.06781613367488885	0.09568214305855438	0.19268392744547097	0.2874876800595097	6.3805784020348755E-6
0.049656713680845094	0.06898626048472349	0.04022939915475229	0.1542203480489444	0.044662077230384324	0.06791490269820313	0.09625783108985096	0.19130680271242875	0.2867622573388432	3.407561024307282E-6
0.04885901163579005	0.06964677570470526	0.04035387144214888	0.15481793707643218	0.0453672510888995	0.06768723903790308	0.09587153993105699	0.19103118570112812	0.28636021367953524	4.974702400670217E-6
0.049993388955705695	0.06846226937493588	0.039718620323585654	0.15336734888668746	0.04472321415801105	0.06793642639161684	0.09707611888218778	0.19229100799611232	0.2864286050839378	2.999947219514687E-6
0.05711755017559015	0.07274143170231298	0.04242373763571497	0.1606194502622617	0.03336697476088983	0.06606168508828089	0.09090818352907364	0.199807801131277	0.2769473248439941	5.8608706047236225E-6
0.05740423306856038	0.07296933126418922	0.041875819901899224	0.16113494240697696	0.03201541782726405	0.06624293980712775	0.09133428358776971	0.20027605680718738	0.2767440018930216	2.973436003708696E-6
0.05903112564025098	0.07296321720889448	0.041433764060147815	0.15906398498739366	0.03182828184192253	0.06679351288901032	0.09176572747774077	0.19933433537610934	0.2777808322976725	5.218220857625133E-6
0.0600432825887456	0.07314068850659117	0.0425162134797054	0.15815483645886125	0.03173833314342639	0.06566349680155006	0.09198716898957862	0.19866762750896588	0.27808507073173994	3.2817908356547187E-6
0.060675067485596326	0.07190011019389173	0.041601823098357645	0.1583253873412181	0.0323465918360764	0.06751921078634301	0.09098044905088841	0.19874589721155533	0.27790129053448775	4.172461585363885E-6
0.06103071322468974	0.0731977452931327	0.04227333183568922	0.15976566444159834	0.03352663280202686	0.06586125359337319	0.08822854712859698	0.19865348562373703	0.2774571233282832	5.502728872661122E-6
0.061248191121010674	0.07337139233800927	0.041491551984986455	0.15950189120988006	0.03377537870894441	0.0664730752056173	0.08857495440552078	0.19805613924583806	0.2775030807917104	4.344988482549161E-6
0.06031771372872714	0.07414349269921662	0.040996180252013625	0.15394146960119526	0.034513655610769745	0.06665337257483404	0.08909930052656476	0.20171380466824126	0.27861367701528283	7.333323154709581E-6
0.060595506471468066	0.07435268663320435	0.04101194751455912	0.15390797839066317	0.0340405916744919	0.0660081063449974	0.08918996758132089	0.20197339189247432	0.2789138969906361	5.9265061846669465E-6
0.059336416328959	0.07587141795181868	0.04091961125472299	0.1513009369750209	0.034865942284049045	0.06296263447580475	0.09209303130975587	0.2041599021345051	0.2784837934749591	6.31381040454293E-6
0.05902747215791669	0.07566494725606317	0.03964854192687346	0.14930532258116833	0.04091630059779974	0.059014431450070196	0.09722815868246931	0.20569583983138018	0.2734950098786903	3.9756375685984224E-6
0.05543689625144527	0.0848077692126424	0.03771946428875176	0.1452382416284685	0.045215886682675635	0.06268415349273815	0.0911837129451656	0.21376490930925887	0.2639432213690072	5.744819846623117E-6
0.05555543276792001	0.08419229173064063	0.037525292610773434	0.14647918316614336	0.04416527470713996	0.06184848874525958	0.09137335116047342	0.21423665195241917	0.2646171469560967	6.8862031336741625E-6
0.056306582978151054	0.08451665075007583	0.03798866685330237	0.14700961242160424	0.04350899946700385	0.062214735782569135	0.09076920282211348	0.21350382082463581	0.2641787716444319	2.9564561122991107E-6
0.05596496137847827	0.08565466485252703	0.0372917528757189	0.14581443418595372	0.043972500552970785	0.06126088136565522	0.09199794344822146	0.2138603614743485	0.26417807122786496	4.428638261166906E-6
0.05589899179359606	0.0854638456816738	0.037394797417574344	0.1460724209261159	0.044197755308165866	0.06136334741932732	0.09134960712698773	0.2145680652143503	0.2636837641542666	7.404957942103163E-6
0.0555965194492847	0.08566685931184706	0.03878398395177675	0.1452817825558699	0.045264459838089036	0.061530125210266254	0.0912679851001645	0.21398695100453347	0.2626144051698051	6.928408363235383E-6
0.05586261254808252	0.086073853182279	0.0383425910322472	0.14561777084756689	0.04489985182029764	0.060183707574512364	0.09315549840677029	0.21399629903685366	0.2618611771666457	6.63838474469769E-6
0.056626028865149475	0.08623444486136242	0.03746505608518867	0.1465481401898333	0.04302579469370889	0.05841972856609369	0.09437787433634823	0.21474460051946448	0.2625527070047661	5.624878084781182E-6
0.056245716772002345	0.08751408656838351	0.03843169138965151	0.14580389168390034	0.0413882568957101	0.05691312659371997	0.09503712788797235	0.21573443436981737	0.26292872315477256	2.944684069888792E-6
0.056817396992046854	0.08829648705962163	0.03729498809631135	0.14563492879133777	0.0419947806333605	0.05708795566119158	0.09532788523086454	0.2157259729832854	0.2618132141636491	6.3903883312371734E-6
0.05577040876637015	0.09090951305306436	0.037284492997287214	0.1435323966764407	0.04355687022642445	0.05882041303929482	0.09414183462114965	0.2154415833281032	0.2605394589346072	3.0283572582667784E-6
0.05461487977539445	0.08920382385805771	0.03786263552011549	0.14620797379780906	0.040558412877399926	0.05826687422426206	0.09318174209792777	0.21664254835885072	0.2634568581919011	4.251298281660043E-6
0.05387262619811567	0.09033193875542371	0.037407344220893035	0.14568237099238798	0.04053945553632136	0.05757264325155555	0.09422738120858758	0.21689148260876134	0.26347010537631055	4.651851643208693E-6
0.05417131933851699	0.089187658808542	0.03824124808985095	0.14491563291406195	0.03940836361172584	0.05678064000250509	0.09491519478284845	0.22037152854077016	0.26200387049770624	4.543413472307689E-6
0.05563816131126817	0.08889553195040184	0.0378738634901664	0.14398434662626158	0.039244409996843324	0.05682995645815114	0.095419717634257	0.2193840312440246	0.26272429250238644	5.688786239507748E-6
0.05396697126254458	0.08864530911104829	0.0392433713417161	0.14366493460203733	0.03991343831642691	0.05852456053082711	0.09431130298771966	0.21941401010739298	0.2623112712382699	4.830502017119653E-6
0.05630467305176725	0.0865416174948756	0.040154350033463515	0.14209888320903238	0.04041430413495187	0.05688321656925359	0.09555504149623675	0.2203883198035065	0.2616529920136997	6.602193212842944E-6
0.05571581486535582	0.08611416938331473	0.03982487069084138	0.1429302552781575	0.040283784859602254	0.05869322130162925	0.09568834011645994	0.21959996880278881	0.26114242868248566	7.146019364648315E-6
0.0566999187326273	0.0897366359706727	0.03899421709292849	0.14036681133725226	0.03629577145438556	0.05878690162033557	0.09698292879339426	0.22065595442783462	0.2614765688609775	4.291709591722204E-6
0.059042040073171924	0.08875818802650436	0.038649594815375256	0.14023869998408087	0.03650243756662605	0.05816036991953976	0.09666722836990357	0.22226171445166226	0.2597159632213154	3.763571820566969E-6
0.05757820933409999	0.08770695406212628	0.039314827390451834	0.14157796539387363	0.03624253610138936	0.05798149545591402	0.09569921417989655	0.22342280351478278	0.2604690979394728	6.896627992761251E-6
0.05904910306039616	0.08830873508205829	0.038910913304814644	0.1407069867836886	0.035732700508727136	0.05777634097676274	0.09524430723467506	0.22449281749558267	0.2597731351800434	4.960373251275407E-6
0.05879877713690565	0.08751949726175014	0.0390499871254107	0.1392758299527643	0.035562076159952535	0.05739951697854286	0.09723233822515256	0.22522840451848036	0.25992882688027835	4.7457607625506215E-6
0.058225276077924104	0.08704373159076523	0.040003477080252814	0.1381895947568821	0.036571647864758694	0.058643754214494956	0.09668626278606453	0.22547548269471057	0.25915568508691605	5.087847230897391E-6
0.05946255916210328	0.08722347175017627	0.03938007611435617	0.1387867288397426	0.036742356928394476	0.05769128783004444	0.0959737818775532	0.22603054605795636	0.2587062797510088	2.911688664467005E-6
0.06128860736102314	0.0894576039091959	0.03772477715107223	0.13473265394652806	0.03802338829099556	0.058882892809093444	0.09444447093124157	0.22572768585660485	0.25971064384345155	7.275900793704548E-6
0.06201642319220718	0.08475291153488677	0.03847901450978098	0.13540839117359735	0.03860216326843193	0.06110871744587374	0.09112023314071814	0.22915243277176567	0.25935561075892716	4.102203811057192E-6
0.06019729120800049	0.08974090490147128	0.04135717841488844	0.13317944978025364	0.03539658467564431	0.06215271021580557	0.08849769453501506	0.2248389421475563	0.26463423812010034	5.006001264518112E-6
0.059245886599602726	0.0898982060483125	0.04097695154001269	0.13493430146798163	0.03517144185680743	0.06314358104866571	0.0877873914265526	0.2246544026905408	0.2641837945067086	4.0428148152388266E-6
0.05801982452538329	0.09210537433904363	0.04036439258928705	0.13486364671900275	0.03619496918896305	0.06148174096059794	0.08790263072042566	0.22505732395741912	0.2640046062848972	5.490714980321831E-6
0.05928760199885698	0.09506086831997161	0.04214591855153431	0.13371637152719837	0.035191686648590584	0.05994718882407007	0.08710613776201444	0.22427788121550202	0.2632610818153965	5.263336865166113E-6
0.05890753736170265	0.09347421963902303	0.04262773249595102	0.13463256580113542	0.03441218374274717	0.062167952462629655	0.0907855117981407	0.2234482435590543	0.2595411167387273	2.936400888761681E-6
0.059788251440244244	0.09459658009203377	0.04299797231988883	0.13498709686244628	0.032168517319381904	0.06550868572641946	0.08896588680539737	0.2245504490419251	0.2564306105018226	5.949890440490324E-6
0.056633863255683634	0.09272174249032475	0.04437798956644827	0.13098797066874687	0.037701746507536923	0.0668230928676933	0.08940991447800176	0.22508191842226682	0.25625561213064957	6.149612648095881E-6
0.05858996150365757	0.08782965240573991	0.04752175082051331	0.12904321949313147	0.03328910506103139	0.06980455670755673	0.09323371163346286	0.22230348645127476	0.2583779520171232	6.603906508792501E-6
0.059388715043150284	0.09035189157230014	0.04703552223592539	0.1283383527503635	0.03350961543487184	0.06846487138247934	0.09365096379392786	0.22069420428833547	0.25856246541224587	3.3980864002636224E-6
0.05880141897560423	0.09099230480810554	0.046752752698174305	0.12911115184788824	0.03360451474365081	0.06875969580122258	0.09338051424689628	0.2202891479061484	0.25830291695781227	5.582014497351739E-6
0.05915899172281737	0.0899000945621339	0.04896715624907023	0.12854075563509731	0.034196737183049636	0.06817779135105283	0.09271107850045358	0.22183309871302292	0.2565083930438794	5.903039422841538E-6
0.05804491589629244	0.08784937142419391	0.048412961873581316	0.12962663717558298	0.036527657475415795	0.06740296816903783	0.08998208323440379	0.22358431367380127	0.25856487096550196	4.220112188729752E-6
0.05754815452685291	0.08725567874951835	0.04854106454098642	0.12926196954842994	0.03693086425334624	0.06680186634273774	0.09127066406029807	0.22344561276280664	0.2589405158485181	3.6093665055497715E-6
0.056763310410420875	0.08872647641863313	0.04857417173571498	0.13026151285065654	0.03754141293107334	0.06704812973048724	0.09031520929095706	0.22329897442732372	0.25746682561366463	3.976591068460822E-6
0.05951428637431581	0.0867068244341472	0.04710400678269694	0.13612978481558338	0.037654217713472646	0.0666271502892469	0.08826086827611496	0.22186308487863868	0.2561348691260012	4.907309782267721E-6
0.06037905035079225	0.08522652844350077	0.04824235258118834	0.13625339183549437	0.035032258961745	0.06580259232909916	0.0866685412229184	0.22488794555348054	0.2575025884467623	4.750275018797212E-6
0.053623906844758776	0.08446537938256443	0.052722832455551726	0.13998123240351495	0.03213817774772566	0.06632544429341539	0.09535727944075834	0.2150067514127308	0.2603737485899937	5.24742898626307E-6
0.05203875861394697	0.0863290329752338	0.05384250706942477	0.14071564598596584	0.03329784365923387	0.06723616627794916	0.09545273697998537	0.21149897305114945	0.2595832512776425	5.084109468325715E-6
0.05170645402752778	0.08661069078073569	0.05242938130067201	0.14294982452000535	0.032931299398659505	0.0681713780080445	0.09616193564221592	0.20909869403943426	0.2599345110574204	5.831225284649855E-6
0.04824276456048235	0.083938350368081	0.0505187344388253	0.13520988578926646	0.03934359795304946	0.06111126590687895	0.09886063350738966	0.21777308761013986	0.2649983380650027	3.3418008842517333E-6
0.04838514137451773	0.08395080671893954	0.05046084288886063	0.1363290714397644	0.03852664197424245	0.06151109856577519	0.0982734022773761	0.2179273488598654	0.2646327942595776	2.85164108103364E-6
0.04742401688596293	0.08401717593020645	0.04813916459461216	0.13742210975295738	0.037744945639913874	0.06385966769185768	0.09923505021957875	0.2188876136739601	0.26326325734940975	6.998261540894224E-6
0.046307822802746826	0.08315816930341086	0.04948706054749542	0.1358865731600275	0.037726612549800594	0.06462875007541871	0.09962320397806405	0.22020538952755292	0.26297172343612674	4.694619356357399E-6
0.05697581516385567	0.08406060491032018	0.05072186801655107	0.1251232371898602	0.04150290184349402	0.06790298728725187	0.09353874536392782	0.21161935848733965	0.2685474157202802	7.0660171193753785E-6
0.06588375362131307	0.06567200140798327	0.06299345856911968	0.13491419259154735	0.04784227348028877	0.07180156594370546	0.08427458192154211	0.2067553967986105	0.2598578370484626	4.9386174271748295E-6
0.06555774227364161	0.0656971436909428	0.06255236001212011	0.13492069620980196	0.047401807175550224	0.0718226864285689	0.0848147578062734	0.208211041185342	0.25901527387835427	6.491339404723906E-6
0.06617191546930495	0.06580045139915494	0.062338587870884934	0.13470668885260728	0.04603416932648302	0.07247492967723196	0.08442735236594381	0.20812420292059303	0.2599185192688698	3.1828489262808457E-6
0.07563089293658075	0.06349937352931256	0.0674791835098972	0.1360201453747058	0.03316473117306787	0.07314815847007909	0.08744528247871694	0.20940650079512746	0.2542002085544009	5.523178111394023E-6
0.07829749068052337	0.05801428475609546	0.07774804031120555	0.1375758779151025	0.03215773691562121	0.0691141668255738	0.09056621749466326	0.21393575692513936	0.24258589578898954	4.532387085864897E-6
0.07845501621842792	0.05540528961861338	0.07911581565501341	0.13768536033629097	0.0341199673099124	0.06898059929645775	0.08807383019825772	0.21415312075764967	0.24400603295281514	4.9676565615913715E-6
0.07714322535340956	0.05576265183877639	0.08027658698550601	0.13495382700375005	0.03526607231581694	0.07028400816751049	0.08908707443810483	0.2111343286441001	0.24608660639725966	5.61885576594312E-6
0.07863243630798752	0.05802285787423422	0.08023675287168142	0.1337121640391914	0.03557365168174012	0.07122536358685708	0.08705292852780648	0.21032419240329467	0.24521664858978454	3.0041174225309275E-6
0.08070327368430445	0.05880641305199388	0.07852822262057628	0.134743668715993	0.034254525133481845	0.06959467528801562	0.08782162560757063	0.20964572177999152	0.24589797030767313	3.9038103995386875E-6
0.08216077362511301	0.059852804562390484	0.0788029055057963	0.13548411751056605	0.034751103366642805	0.06984789079007998	0.0855389491558922	0.20906347751664267	0.24449172267451558	6.255292360854425E-6
0.08219762069580505	0.06067728093527604	0.07866889808698047	0.13621044879700434	0.03485053997434168	0.07079745711552492	0.08462633073021464	0.20722686355641068	0.24473969707511506	4.8630333270710535E-6
0.08659781219475954	0.06336543183182983	0.08809360691562755	0.11747888260008588	0.03532408314441647	0.0715808012848724	0.08592586175113501	0.20343665020181173	0.24819301884256578	3.851232895771273E-6
0.08730266275569958	0.06402299554382218	0.08497260221561911	0.11903780694626592	0.03500115948947834	0.06966866580067535	0.0898875948520555	0.20358853363751975	0.2465126992383732	5.279520491063838E-6
0.07828403832000524	0.06388852956833302	0.08248553944618012	0.12381852138584051	0.034290390275015944	0.061024807538393344	0.0861617237099282	0.20527167589841955	0.2647676375839319	7.1362739521713126E-6
0.07732343459654306	0.06412425150985886	0.08221560575468725	0.12368530029616186	0.03426910766184692	0.06179147684805328	0.08720550223671775	0.204306258562708	0.2650750040697041	4.058463718925598E-6
0.07804547650226916	0.05530570943219419	0.08656864177491608	0.11916684525733107	0.03758195569625772	0.0629923131889763	0.08534963619417843	0.2086409945466412	0.266343900205376	4.527201859824692E-6
0.07691185255277999	0.05642517619753734	0.08730011985798343	0.11870424723318987	0.03621550464930462	0.06415646445896006	0.0853379881618334	0.20874875684735178	0.2661963618279138	3.5282131456704224E-6
0.07650045704905885	0.05521681334883511	0.08824515902550345	0.12045171633332505	0.0357776996129435	0.06420321249984445	0.08480182530523576	0.20957584020181047	0.2652208756767076	6.400946735721225E-6
0.07640422102970776	0.05496676853772012	0.08771135716593778	0.12114667821390006	0.03615658151453609	0.06402660690055381	0.08428512278797123	0.21030747741087452	0.26498858504088446	6.6013979141410495E-6
0.07610873249935113	0.05515023627461564	0.08769021111003256	0.12151221184007349	0.036539290556538595	0.0639157542795287	0.08410583747510725	0.2101927258163287	0.26478077606261036	4.2240858135617065E-6
0.07569515860163005	0.054706542895073304	0.08805654435570519	0.12177406184276003	0.036353121635870636	0.0644338666306721	0.08390449382913052	0.2104254216946545	0.2646457712536612	5.017260842440918E-6
0.07709538069645411	0.05431411222442098	0.08675076107458782	0.12083066815844887	0.03731643977934146	0.06435796194688345	0.08499548113609762	0.2095796781715753	0.26475557458765336	3.942224537020755E-6
0.07675176813296393	0.05669098914575309	0.08740124747848932	0.1183562542127152	0.03504282447202549	0.0634139551689149	0.08491158609943472	0.21492637921203184	0.26250204819824463	2.94787942684005E-6
0.07650949280395317	0.05780348686570972	0.09038137140623008	0.11826909136967251	0.03687881022725638	0.06323061890854433	0.07924761052848178	0.21266732736894367	0.26500569203970825	6.498481500041842E-6
0.07654623657363445	0.057663389800698246	0.0919636873270848	0.11917763854729249	0.03524004920588927	0.06208503782567273	0.0822561880968302	0.2084454497184788	0.26661792354944086	4.399354978104619E-6
0.07645741200513204	0.05729395091702527	0.09232666253424454	0.11927883135391498	0.03599819512898615	0.061518216468137085	0.08269013978559075	0.20847298096303835	0.26595864346401343	4.967379917328318E-6
0.07777560016918177	0.05776291868165302	0.09253621520856586	0.11860703914183146	0.036170704480055535	0.06139905767164259	0.08113026277675925	0.20769745003724022	0.2669133899608389	7.361872231284594E-6
0.07747422815611463	0.05692282286837172	0.08778021234963537	0.11759402866852005	0.0375119220193845	0.059605338799605306	0.0826061380974902	0.21296072810188937	0.2675392899608667	5.290978122116097E-6
0.07761935751132158	0.05695485644683935	0.08767434401480802	0.11670394321529132	0.038918049692144616	0.059835169608688524	0.08155177031725298	0.212491379618763	0.2682480610368417	3.068538048919822E-6
0.07905633523167435	0.05788907626541712	0.08774030706814673	0.11581475020537439	0.03820669071080992	0.05777431748501246	0.08177823954448249	0.21333350811491403	0.2683997022531319	7.073121036524355E-6
0.07916379986610088	0.057830798195132496	0.08737552441457128	0.11606506181194326	0.03779427800378797	0.05738704364356656	0.08259105620304892	0.21393583986182	0.26785093500412727	5.6629959013093645E-6
0.07715008582797492	0.058770350394775864	0.08835417957658215	0.11429392158620041	0.03829920407057906	0.057745243134302016	0.08040760289857146	0.21804395442619087	0.26693222402282024	3.2340620029491784E-6
0.07837962374158511	0.06076076335370629	0.08634807388889507	0.11297509405604411	0.03960180344847001	0.05900065700440829	0.07903555483528914	0.2174947112711017	0.26640002166730536	3.6967331948911664E-6
0.077217665122643	0.0597150008700579	0.08518651894254267	0.11524665392215575	0.044643394333127105	0.05730115978882227	0.08066413696844928	0.2121762098180924	0.26784439488387546	4.865350234126153E-6
0.07724592234432129	0.0597092986462731	0.08549383949498898	0.11405763755664929	0.04486276429106327	0.05736403281165825	0.08107998130430916	0.21197307558183642	0.26820632500693425	7.12296196599127E-6
0.07659501976448371	0.057530681239857336	0.08554372805912319	0.11450197668536316	0.04344885721131733	0.05796420957103947	0.08079536186313199	0.21465488254409335	0.2689624365600421	2.8465015483175593E-6
0.0778915737806988	0.059088876053098684	0.08578187830715395	0.11286197468286135	0.04363820793330408	0.05753444037989668	0.0799947630735959	0.2146209539892296	0.26858238748975993	4.944310400947782E-6
0.07858724137636815	0.057261639878766625	0.08797102705821085	0.11505975123550193	0.04340612010225018	0.05773932777591948	0.0789805575487553	0.20958047506391592	0.27140860617918444	5.253781127145807E-6
0.08568656622837151	0.06044856636702515	0.07938544105887524	0.11849967733580266	0.04167039281932167	0.05722597530715847	0.07971383978314396	0.20138876161799193	0.2759767538107356	4.025671573801293E-6
0.08533629045930968	0.05755022667667311	0.08073718991830514	0.1170222454816824	0.04329350134549373	0.062027069823227116	0.080073372011505	0.20269929734452496	0.2712540581849625	6.7487543162769725E-6
0.08663190909794392	0.05594373366277203	0.07937356996863645	0.11744714962862625	0.0421300550531028	0.06358416029360416	0.07873832676200818	0.2045828239189372	0.2715621833890249	6.088225344091924E-6
0.08761072191748294	0.055657461487150575	0.07903296949126135	0.11668808327983797	0.04237059258134508	0.06212083418197571	0.0798854352291121	0.20499321069919768	0.2716361677475478	4.523385088772702E-6
0.08654317471316757	0.05398994500270268	0.07909161103555264	0.11664242965677808	0.04389916507350358	0.06294703856087143	0.0800926083387688	0.20741050365091113	0.2693782018635298	5.322104214292023E-6
0.09105940792649897	0.05697119257149574	0.07462226789512741	0.11117186277382979	0.04882052395832631	0.06531911427203614	0.0815165460126194	0.20517274223731907	0.2653392687467947	7.0736059524095785E-6
0.09330119988251903	0.05673677979809403	0.07314343645776004	0.11168325105857407	0.049610447523797056	0.06335550400437992	0.08093339583730316	0.20610717081930702	0.2651241768757398	4.63774252580651E-6
0.09318185010553758	0.0593064749622964	0.07285224440979579	0.11143495108721221	0.04920869053048299	0.0627154170684707	0.08071458227542055	0.2055012507313766	0.2650810215536143	3.5172757929108345E-6
0.09318599307432325	0.05969509023872595	0.07240880828101418	0.11072911392178739	0.04951902061282923	0.06239972963240954	0.08067781763954038	0.20526225959139133	0.2661178616670107	4.30534096805546E-6
0.0901659509246126	0.055929348687233246	0.07394793510848315	0.11017949917144187	0.05160846969704429	0.058365269159761674	0.08262709517568069	0.2101486912202683	0.2670227680974684	4.972758005719613E-6
0.09052929592819609	0.05665700979657945	0.07381680041333986	0.11051955962420654	0.05186040888449775	0.05760366866300362	0.0827811566257572	0.20982725068289282	0.2663975716744473	7.2777070794088905E-6
0.08908796584584022	0.05994108642330477	0.07185683675982506	0.10978416525009205	0.05043642167315951	0.05957258327189739	0.08373973605311529	0.20848085429037716	0.2670970128285129	3.337603875622208E-6
