0.24152170805949882	0.20684507535395324	0.10333921871847415	0.2759255197593535	0.17236847810872008
0.24150259136778246	0.20678697123291434	0.10342781214998188	0.2758646149856263	0.17241801026369474
0.2414791332334651	0.206823098525714	0.10337278278182409	0.27591450830180075	0.1724104771571958
0.2411750933548138	0.20701599072913637	0.1034796437119806	0.27589408792231324	0.17243518428175578
0.2413199670948568	0.2069850379971765	0.10336636040954432	0.2759393465958847	0.1723892879025374
0.24149201452322192	0.20688194711752156	0.10344630854027635	0.27575289276928305	0.17242683704969688
0.24121580684310978	0.2070151542488511	0.1033908642485468	0.2759524678269224	0.1724257068325697
0.24147086683965596	0.20686745452036182	0.10333377246751152	0.27590528549287224	0.17242262067959824
0.24132298170826533	0.20697335751656498	0.10337746738142511	0.2759505986641328	0.1723755947296115
0.2415387505321957	0.20689477286457855	0.10332262208404498	0.2757993625897802	0.17244449192940026
0.2414264533038762	0.20685400499343148	0.10348576272877978	0.27578042232419603	0.17245335664971626
0.24125356428381478	0.20704887050098808	0.10350199354954853	0.2758282275915376	0.1723673440741108
0.2415827549548008	0.20685855204925824	0.10341007669866284	0.2758021335223977	0.1723464827748802
0.2414526583188989	0.20700826973145003	0.10334177235937962	0.2757598707653147	0.1724374288249565
0.24154483882053962	0.20678499390456526	0.10340251934432729	0.27586506478295303	0.17240258314761453
0.24132663968343426	0.2070119468669419	0.10345722010322254	0.2758289692635894	0.17237522408281164
0.24158833003361949	0.20693276915663653	0.10332933836027165	0.27578912522171495	0.17236043722775712
0.24143320820887404	0.20680841123623817	0.10350245307319825	0.27587488933650983	0.17238103814517947
0.2413915118553146	0.2069163847765365	0.10348141421076829	0.27577256799917305	0.17243812115820734
0.24141359545551638	0.20689734865120127	0.10338983114410238	0.2758860082525906	0.1724132164965891
0.24149303241375455	0.20697121238526553	0.10341764084002208	0.2757706284358936	0.172347485925064
0.2415221603096269	0.20683963282583148	0.10341215661566104	0.27583274789712914	0.1723933023517512
0.24148942342314036	0.20689917831233073	0.10343384596745023	0.27576690233547996	0.17241064996159847
0.24153211584712173	0.2068684751278569	0.10334575947996517	0.27584302870698724	0.1724106208380687
0.24147632451522605	0.2067942950672928	0.10339491696941032	0.2758725129633934	0.17246195048467725
0.24151089047552643	0.20701496414230797	0.10332510015161724	0.27579524078932205	0.17235380444122606
0.24124681767754041	0.207053079578599	0.10334539598155021	0.2758836874989521	0.172471019263358
0.24153484821193824	0.2068572137555817	0.10339003934071346	0.27577144215066135	0.17244645654110502
0.2413465810632106	0.2070623870195118	0.10336447010278466	0.27577162403424915	0.17245493778024357
0.24144253208979471	0.20695649657746593	0.10333556747965872	0.2759160916668508	0.17234931218622954
0.24153329670539309	0.2067907835512146	0.1034286836274158	0.27579024733862323	0.17245698877735305
0.2413104745214249	0.20685308147000023	0.10342569661349495	0.275934034143696	0.17247671325138364
0.24144469633956367	0.2068169099076081	0.103341757284117	0.27593501280168353	0.17246162366702747
0.24140772871297314	0.2069369492107977	0.10342570900290718	0.2758595993290117	0.17237001374431002
0.24148685621939847	0.20698266979123195	0.10335479601047369	0.2757658628687686	0.17240981511012704
0.24138535888139986	0.20694533843748752	0.1033987544205117	0.2759188745701053	0.17235167369049537
0.2412867168667611	0.20699141921435016	0.10344614535751308	0.2758246933853788	0.17245102517599664
0.24131532430321534	0.20698275338880998	0.1033134924537703	0.2759105449641352	0.17247788489006896
0.24146923094271444	0.20690213545934152	0.10347712455366691	0.27579934921862237	0.17235215982565455
0.24137675502085942	0.20695112013903816	0.1033874513874849	0.27583181739721796	0.1724528560553993
0.24133731843134215	0.2068394600509592	0.10347514898305936	0.2759110210354422	0.17243705149919683
0.24114043107827057	0.20703554731023024	0.10348237057827012	0.2759287765825479	0.17241287445068093
0.24127536677335643	0.2068336975931511	0.10348798434962127	0.27594727250160134	0.17245567878226967
0.24124294585499678	0.20698862037249496	0.10345904060567365	0.2758322584899958	0.17247713467683853
0.24151706584864446	0.20688359244778334	0.10334594711268041	0.2757970638672864	0.1724563307236051
0.24130933819671507	0.20701024935328144	0.10342684713317332	0.27580697244406815	0.17244659287276176
0.24138054632630296	0.20698612436529557	0.10335835141102764	0.27591788822293317	0.17235708967444044
0.24125923331905239	0.20698941945727203	0.10342780767273797	0.2758799381722663	0.17244360137867107
0.2413015866374274	0.2069458010105021	0.10342993580869513	0.27588710408365746	0.17243557245971766
0.24136261973360046	0.206862142730959	0.10349338086989532	0.2758080075963078	0.1724738490692372
0.24155675524577305	0.20679838915771512	0.10343000206800239	0.2758663030719855	0.17234855045652367
0.24130671754475963	0.20694288555529727	0.1033884627881485	0.27594641989798535	0.17241551421380902
0.24147902544463812	0.20683383147379378	0.10335396750899042	0.27591945529696504	0.17241372027561241
0.24129810946831717	0.2069941714794805	0.10338080128797926	0.275892567981439	0.17243434978278382
0.24136403137214663	0.20682464704653017	0.10345203775550611	0.27594242949446135	0.17241685433135548
0.2413607007949239	0.20699869221838604	0.10348741738029012	0.2757790745445131	0.17237411506188657
0.2413611372188556	0.20696334111366071	0.10334371685462454	0.2759128467168428	0.17241895809601604
0.241224592338851	0.2069928111401791	0.10349954538767744	0.2758452591575425	0.17243779197574974
0.24137158219232335	0.20699183013629813	0.1033846753137493	0.27585161299931504	0.1724002993583139
0.24153921344118023	0.20692533341327712	0.10332455222919879	0.27581257091584693	0.17239833000049667
0.24146993386158477	0.20699494721136358	0.10333479192120709	0.275768049005167	0.1724322780006773
0.24125849017589895	0.20707316149554178	0.10337743053274505	0.27591189114938924	0.1723790266464247
0.24130499025440255	0.20704458354250518	0.10341669665891791	0.2758771570791746	0.1723565724649995
0.24144368982478143	0.20691225601789287	0.10337077291951646	0.2759046930533312	0.17236858818447784
0.24135641153899517	0.20706853385216145	0.10332522816249917	0.2758830534204928	0.17236677302585118
0.24135379637187596	0.20706278367819297	0.10346331233232593	0.2757679963699811	0.17235211124762378
0.24152861068866596	0.20698963692242298	0.1033719462652357	0.2757506980633375	0.17235910806033758
0.24123416030383696	0.2070326601958783	0.10337185194540104	0.2759135833536272	0.17244774420125628
0.24152553316432554	0.20681361333944012	0.10336498184102394	0.2758934121765799	0.17240245947863025
0.24141247710495617	0.20683584226487164	0.10343456571508962	0.2759102277797378	0.17240688713534452
0.24137411805901032	0.2070094021018793	0.10341662163001378	0.2757775053777417	0.17242235283135462
0.24145486634289934	0.20682518050473903	0.10335350472030819	0.2758947023880955	0.17247174604395776
0.24129272870528748	0.20699315064404353	0.10344960816786494	0.27579703440945036	0.1724674780733535
0.24124796624561515	0.20704297121614823	0.10350134718701963	0.27579272283664635	0.17241499251457035
0.24120871559899826	0.20704654291488844	0.10344988367913203	0.27594184537433525	0.17235301243264572
0.24140483799456108	0.20701626062513312	0.10335397762261485	0.27575383274461884	0.17247109101307187
0.24140961901306435	0.20700255695183548	0.10335009040128539	0.27576426687003475	0.17247346676377978
0.241405046553892	0.20700705169633857	0.10333097616117566	0.2758807319204519	0.17237619366814164
0.24126425660073791	0.2070261714542229	0.10333103005790704	0.2759161041918534	0.1724624376952785
0.2414562217738513	0.20693768374051347	0.10343904339737343	0.2757553457429496	0.172411705345312
0.24139890926785607	0.20682938180309432	0.10345150217003639	0.2759271520708842	0.17239305468812877
0.24142230801962045	0.20696434719906012	0.10334758298865732	0.2757996104940027	0.17246615129865916
0.24149166791498777	0.20680390229195744	0.10349337650304886	0.27575724845034855	0.17245380483965717
0.24149507464379397	0.20689837002311498	0.10340774704556095	0.2758200372135663	0.17237877107396354
0.24142535008353444	0.2069598346031186	0.10338893084386347	0.27576693843171013	0.1724589460377731
0.24130621975726205	0.20705596963393588	0.10338803844336657	0.27577614957184915	0.17247362259358612
0.24146308679043413	0.2069527402258752	0.10335676077599469	0.2758199890441199	0.17240742316357582
0.24122448658270026	0.20704554489447607	0.10341492387815703	0.2759477407932176	0.1723673038514488
0.24136563330988625	0.2069806080739384	0.10345628458763727	0.2757643165447833	0.17243315748375457
0.24150842588648236	0.20685809761733642	0.10331738928116352	0.2758369756988802	0.17247911151613726
0.24159451397279316	0.2068332545036373	0.10334863794282562	0.27582321015867356	0.17240038342207012
0.24118183708384827	0.20705379519380512	0.1035005846492516	0.275907679893173	0.17235610317992173
0.24138429691580585	0.20696217656463464	0.10340816327499346	0.2758509359357926	0.1723944273087732
0.24136505399367625	0.20684525869324333	0.10343507608459261	0.27595122058044985	0.17240339064803772
0.24134007719896	0.20690476128470203	0.1034998346807352	0.2757947937507511	0.17246053308485138
0.2412183945183926	0.20697023111230728	0.10348292325260042	0.275855844543878	0.17247260657282146
0.2414852429713606	0.2069012618008488	0.10337136159892366	0.2758112804768775	0.17243085315198922
0.24131928508604408	0.20703969103985803	0.10347159987746224	0.2757610385659076	0.17240838543072784
0.24135290688587363	0.20703532885361406	0.1033710451517175	0.27585387014188517	0.1723868489669094
0.2415369793172283	0.20693045994582782	0.10336629330375063	0.27577874895338006	0.1723875184798129
0.24151449286656818	0.20690241110604576	0.10343875085813947	0.2757569409732787	0.17238740419596765
0.24151299883142663	0.2068909385049748	0.1033258140893231	0.2758762261849056	0.17239402238936966
0.24138561456787197	0.20704968857015454	0.1033628920593221	0.2758341984661038	0.17236760633654735
0.24142205929355165	0.20687795442802012	0.10340924695047087	0.2759392875834696	0.17235145174448754
0.24146651679066256	0.20684973154447137	0.10335749245613272	0.27592853790961236	0.17239772129912076
0.24148029437392418	0.20691195729372183	0.10331796889366587	0.2758626295533258	0.1724271498853621
0.24156657746803537	0.2067841600790157	0.10335045664491256	0.27583961085329367	0.17245919495474246
0.24136858108391457	0.20689524531099115	0.10349859607965967	0.27582085775493637	0.172416719770498
0.24131845993338527	0.2069847345192326	0.1034267142739996	0.27580277427425104	0.1724673169991313
0.2413978952885163	0.20695547717018856	0.10345644635669651	0.2757771892580081	0.17241299192659032
0.2413455013985632	0.20706654557500415	0.1033631086042314	0.2758090580163812	0.17241578640581978
0.24135840003383918	0.2069182783029134	0.10332365022606083	0.275957551989521	0.17244211944766535
0.24152377333065658	0.20679090581145168	0.10344563141094322	0.2757767151972799	0.1724629742496683
0.24139049393890757	0.20691624937328396	0.10346991752004396	0.2757702518447277	0.17245308732303655
0.24137342437372125	0.20685543531914685	0.10343575947136607	0.2758581511062975	0.17247722972946802
0.2413805355501551	0.20690742371798643	0.10339676735372007	0.27594526616976944	0.17237000720836873
0.2415119629376679	0.20690354856826237	0.10335147085514076	0.27577294088971943	0.17246007674920927
0.24134057078100968	0.20702483433120963	0.10334540047900417	0.2759398583103424	0.1723493360984339
0.24142731533591333	0.206989786367894	0.10343974281657897	0.27577152676499045	0.17237162871462297
0.24158613582925112	0.20681852123034075	0.10334815440051948	0.2758557316756442	0.1723914568642442
0.24148760482361506	0.20693593439256525	0.10332604653387018	0.2757951702815524	0.17245524396839684
0.24125208703347417	0.20699319732532678	0.10348774423070961	0.275888326765634	0.17237864464485517
0.24158544678312024	0.2068336039365622	0.10339731636974443	0.275779674405558	0.1724039585050149
0.2412938022512211	0.20689246015174118	0.10347010308504043	0.2759408003867161	0.172402834125281
0.2412882864540498	0.20688096896918515	0.10346182508013178	0.2759519991214352	0.17241692037519785
0.24128181073486327	0.20702998296996575	0.1033977455508663	0.275917205652507	0.17237325509179743
0.24151772447412295	0.20692346701861877	0.10336753558717714	0.2757622939539647	0.17242897896611623
0.2414247194886196	0.20685582604284317	0.10345132356957418	0.27580941138008497	0.1724587195188778
0.24129810540850644	0.2070515064701784	0.10335806874294577	0.27586720234560497	0.1724251170327642
0.2414105416296779	0.20700517154504702	0.10336787143124931	0.27584333215069273	0.17237308324333275
0.24130309724396004	0.20699069061478859	0.1034142749340802	0.2758372407175087	0.17245469648966227
0.24151993952478798	0.20696975922342603	0.10336572961209518	0.2757844163704429	0.1723601552692477
0.24142018020814177	0.20697640899863698	0.10337284117547531	0.27576225475910765	0.17246831485863803
0.2413318849589845	0.20687779411177912	0.10346416258963083	0.2759495062847201	0.1723766520548852
0.24158596517239847	0.20685378341855673	0.10336195313008024	0.2757866272244222	0.1724116710545421
0.24136539970195897	0.20679333930686758	0.10343873937825938	0.2759560268436174	0.1724464947692964
0.2414922675806016	0.20687751879188945	0.10336912730683892	0.27582391678489615	0.17243716953577362
0.2414748052457849	0.2068821941654664	0.103369688781753	0.275859900249557	0.1724134115574385
0.24134460641257893	0.20690921722539182	0.10346053175044947	0.275907563599039	0.17237808101254048
0.24133065536024015	0.20695532618533763	0.10332218878260895	0.2759370987565005	0.1724547309153125
0.24148201404506897	0.2069438005308661	0.10339826865985718	0.2758094239625882	0.1723664928016193
0.24138591277924018	0.2070771071524601	0.10335314422196576	0.27581030891066904	0.17237352693566466
0.24126183712767557	0.20699842368664617	0.10336518894854387	0.27594411245288836	0.1724304377842458
0.24161185526431808	0.20680927675387117	0.10335997663417973	0.2758614863271575	0.17235740502047325
0.24133743806928132	0.20687796482636797	0.1034189400209378	0.2759196233385558	0.1724460337448569
0.24134141235905665	0.2070000493424843	0.10346529598501886	0.27582680019928923	0.1723664421141507
0.24132728412603371	0.20706978281834995	0.10332693792556344	0.27589944462862265	0.17237655050143
0.24124737771027832	0.2069693687952415	0.10344482425765514	0.27588635921583304	0.17245207002099178
0.24139346683985954	0.20696425779641245	0.10342055209907892	0.2757844687532602	0.17243725451138864
0.24150362578102463	0.20687812867336056	0.10347135335755037	0.2757963303932807	0.17235056179478345
0.24130724907299056	0.20701405834917022	0.10333249337916073	0.2758823992320407	0.1724637999666375
0.24138293713876788	0.2070500163971236	0.10334613865868307	0.2757964302399734	0.1724244775654518
0.24115500527354689	0.20695657225245218	0.10347484643688029	0.2759479161619153	0.1724656598752051
0.24147998548586233	0.20679307519939907	0.10346385145159612	0.2758169718983131	0.17244611596482912
0.24156224995629205	0.20687935694451695	0.10334410253683596	0.275815404918085	0.17239888564426978
0.24125377002273793	0.20697380290361458	0.10349297283734209	0.2758349762771932	0.17244447795911194
0.24135352182479078	0.20685048838592293	0.10348315669715971	0.27587763963640904	0.17243519345571728
0.24148595763890607	0.2069467550153702	0.10342229453694775	0.27579914935665145	0.1723458434521243
0.24128156220385444	0.20706258937536093	0.10349325276039276	0.2757676763921039	0.1723949192682877
0.24133335859426408	0.20702853509684435	0.10341777057689847	0.275779308242323	0.17244102748966988
0.24131575134925107	0.20705888509140644	0.10332487912483755	0.2758471603414733	0.17245332409303143
0.24125839188597747	0.20706245826846517	0.10342138747760676	0.2758373249936373	0.1724204373743131
0.24157119136372363	0.20686680323917986	0.10338981923723994	0.2757858066630805	0.17238637949677582
0.2414168956877631	0.2070740332017913	0.10331715553806854	0.2758181829801567	0.1723737325922201
0.241419503296382	0.20705040326930385	0.10336780847848727	0.27575599047602894	0.17240629447979772
0.24120656820786918	0.20700667143046178	0.10348686394923756	0.27585313825919877	0.17244675815323246
0.24125416573124844	0.20701980564299358	0.10339966297087556	0.2759236067000861	0.17240275895479612
0.24143752709859395	0.206990844048608	0.10339629217279493	0.2757876513173164	0.17238768536268648
0.24121757192478255	0.20698393056121964	0.10342240929806963	0.2758990356147393	0.17247705260118867
0.24154340373427063	0.20692671521963615	0.10337896364667536	0.27575822970805475	0.1723926876913629
0.24116102937428452	0.2070429016101133	0.10347857798913235	0.2758845171580726	0.17243297386839695
0.24145948232248543	0.20690310915397778	0.10331693110080424	0.2759105314618602	0.17240994596087217
0.2412697332830981	0.20691412999556613	0.10344645451809313	0.2759404280488902	0.17242925415435223
0.24149667449967527	0.20682739100697856	0.1033831321484395	0.27586311175670764	0.1724296905881988
0.2413511200613362	0.20688403602501806	0.10338469354567359	0.275940362650669	0.1724397877173029
0.2413875086251197	0.20691175558621058	0.10343742308130568	0.27579773679219055	0.1724655759151732
0.24137801256414299	0.20698784970769077	0.10341876683209295	0.2758697388731407	0.17234563202293235
0.24146935155651478	0.2069066552164229	0.10343996282487818	0.2757626832553423	0.1724213471468416
0.24130943094183127	0.2069306965540666	0.10343966752448422	0.2759047523155772	0.17241545266404046
0.2415969553194553	0.20682950584364204	0.10335585028529405	0.2758044921561734	0.17241319639543493
0.2413106109556697	0.20697142830529713	0.1033557101892987	0.2759389758299655	0.17242327471976873
0.2412188799734897	0.2069676607363356	0.10346957633544937	0.27591003028148775	0.17243385267323735
0.24127952373578576	0.2070668267473221	0.10345588590998751	0.27582560125527383	0.17237216235163055
0.24137204579881866	0.20697740171903056	0.10341498221865407	0.27575923893083326	0.1724763313326632
0.2414448501136616	0.20687833701994918	0.10338177467721664	0.2758726309889552	0.17242240720021712
0.24131984395749367	0.20696451642120647	0.10338429392774813	0.27586735894826653	0.17246398674528496
0.24137030235260792	0.2069753266287369	0.10341192192937318	0.275783652545247	0.1724587965440347
0.24141185751382793	0.2068055426732199	0.1034823286830741	0.27588731854409015	0.17241295258578768
0.24131545667898505	0.2069964537787698	0.10343638872666569	0.2758855724116171	0.17236612840396212
0.24134552163819828	0.20688848340827085	0.10344933309477036	0.27583917303655625	0.17247748882220407
0.2412336504067141	0.20707115498008186	0.10347141631282877	0.27586206548004766	0.1723617128203273
0.24146367844968114	0.20687239124439735	0.10342794282003476	0.2758035786628055	0.17243240882308097
0.24150560745345984	0.20678502602715237	0.10335120966724287	0.27594958467938974	0.17240857217275493
0.2412958197809146	0.2070275441523788	0.10339626062744729	0.2758631637855197	0.17241721165373936
0.2412741283685457	0.20704539869943955	0.10344239587757006	0.275888065793753	0.17235001126069138
0.24137671484618595	0.2068755411986977	0.10344368837478687	0.2759302626567893	0.1723737929235399
0.2413684345191637	0.2070366725468591	0.10336242473212581	0.27585055402914144	0.1723819141727097
0.24150577747702623	0.2068608199052961	0.10336333461758367	0.2758468316325928	0.17242323636750095
0.24134675240480555	0.20707365886198353	0.10332249981900862	0.27584777164486945	0.1724093172693326
0.2413783788300189	0.206923735213216	0.103414706269661	0.27584138367257605	0.1724417960145278
0.24141039342401593	0.2070046851824703	0.10342385980777831	0.2758028833742298	0.17235817821150543
0.24127912850576896	0.20703690789404994	0.10340377240711751	0.275907876419664	0.17237231477339932
0.24151975429765943	0.20697701042731506	0.10339339814349657	0.2757582817862483	0.17235155534528046
0.24131182276268698	0.20686925902236233	0.1034256907854567	0.27593923236250895	0.1724539950669848
0.24156304495823017	0.20689090033412885	0.10335071554501771	0.27577154007150845	0.17242379909111455
0.2415083313547769	0.2068416144260059	0.10337872535199936	0.27584262460628467	0.17242870426093293
0.24159176985909828	0.2067896516407977	0.10336097944797988	0.2758723118895857	0.17238528716253818
0.2413608876253846	0.2069764464488188	0.10349882550276811	0.2757604721755687	0.17240336824745958
0.24131985565335223	0.2070019632398394	0.10344315599473365	0.27584969579148305	0.17238532932059142
0.24136332565653046	0.20700194090294102	0.10337388614015437	0.2758393685399899	0.17242147876038405
0.24134759745915702	0.20701611758835128	0.10341982022362692	0.2758552388975686	0.1723612258312959
0.24115200666773834	0.2069760061304067	0.10346379962637843	0.27595706814856924	0.172451119426907
0.2414240993802932	0.20688849927516834	0.10339533616293974	0.2759091955769934	0.17238286960460508
0.24129526286383568	0.20703242420616855	0.10334094965857994	0.2759450724162264	0.1723862908551892
0.24135328994695698	0.20693451068444135	0.10347949196291316	0.27583860625518486	0.17239410115050335
0.24115136780034896	0.2070203600161225	0.1034562998839887	0.27595810274159455	0.17241386955794502
0.24116784278279374	0.20705751475090103	0.10349127008846787	0.2758668753503857	0.17241649702745143
0.2411980036918303	0.20703594245789003	0.10340998736693363	0.27590627349576724	0.17244979298757854
0.24126206546828335	0.20694571585018906	0.10344421953852138	0.27587506186867994	0.17247293727432603
0.2415289651767961	0.20679141824309094	0.1033776087404833	0.27594865382750666	0.17235335401212276
0.24144497094678727	0.20688058079843996	0.10343884258426118	0.2757728942830574	0.17246271138745395
0.2415838611663826	0.2068956788285495	0.10331574270282501	0.275831329578385	0.17237338772385757
0.24144155863885322	0.2069900607410289	0.1033175934683447	0.2757756148438396	0.1724751723079333
0.2413156003753544	0.20705284645842112	0.10333300086358438	0.2759262201391787	0.17237233216346115
0.24148281657167137	0.2068670618315915	0.10338077604773799	0.27584826077314467	0.17242108477585422
0.24151797338735564	0.2068548486875499	0.10343882727286598	0.2758421210320312	0.17234622962019702
0.24137587404184196	0.20688514485295997	0.10343203548302177	0.27582785291395345	0.1724790927082226
0.24136551195636008	0.20694370923478653	0.10340440372520548	0.2758801269435672	0.17240624814008043
0.24135453586449895	0.2070368557319396	0.10343500367194504	0.27578233118351875	0.1723912735480974
0.24138892903381953	0.20695432891534615	0.10339621434545627	0.27590797470022504	0.17235255300515273
0.24139194062339292	0.20685237364933023	0.10339445889373994	0.2759162661567177	0.17244496067681894
0.24151705617617203	0.20684395978979578	0.10338800185009508	0.2758718804598498	0.1723791017240871
0.2413930784936719	0.2069544723692975	0.10335487839035942	0.27586060347611263	0.1724369672705583
0.24145975273487308	0.20685032395081113	0.10347425091643607	0.27582020654893397	0.17239546584894555
0.24119319986455554	0.20704092087294104	0.10345183970971313	0.27595393933753626	0.17236010021525378
0.2414538967771784	0.2070260290375606	0.10334584097466624	0.27579937423497697	0.17237485897561755
0.24146644127879557	0.2068232319311762	0.10338509817759689	0.27593944050900426	0.17238578810342683
0.24118537432278037	0.2070773212859943	0.10348668759226128	0.27585895532450044	0.17239166147446336
0.2412576118598586	0.20700814244383822	0.103388260437517	0.2759527043711144	0.1723932808876715
0.24148669532177394	0.2069109611403573	0.10343776230386559	0.275765188512446	0.17239939272155694
0.24150336527725152	0.20690282688186412	0.10336019109356794	0.2758112636595095	0.17242235308780668
0.24140099836434836	0.20689719634011558	0.1034475780176458	0.2757808312852251	0.17247339599266487
0.24138352706259006	0.2068227464191038	0.10347065219927269	0.2759167309397132	0.17240634337931998
0.24149979824666845	0.2068398652694731	0.10337125794301044	0.2758384152315887	0.17245066330925907
0.24139810134010506	0.20685328279011178	0.10337545156960123	0.2759217413079439	0.1724514229922378
0.24150118900587877	0.20685745068520536	0.10337466422578301	0.2758817181740882	0.17238497790904442
0.24128969724125568	0.20700567770988293	0.10347123638794067	0.27583823773702953	0.1723951509238909
0.2413676687789692	0.20688523229794145	0.10333228436198583	0.27595312870677624	0.17246168585432708
0.24128143070338026	0.20697059287972058	0.10336959546704083	0.27591964707335714	0.17245873387650096
0.2412890797776917	0.2069289622601828	0.10349325745917355	0.2759184291780162	0.17237027132493546
0.24143801787139618	0.20687617414346315	0.10349524667692966	0.27576683832646753	0.17242372298174322
0.241304499253847	0.20696172116525574	0.10344729201156919	0.275895356244373	0.17239113132495484
0.2414974073628927	0.20696591561889482	0.10334317807828712	0.27580195467527757	0.1723915442646475
0.2415549422090731	0.20678886410856356	0.10337843152800845	0.27584244907131394	0.17243531308304066
0.24139555499226245	0.2068791317593806	0.10343477045707741	0.27594490119622006	0.17234564159505922
0.24123734825298232	0.20700188743072537	0.10346950017166831	0.27594117275870006	0.1723500913859237
0.24143417834043468	0.20698534525865908	0.10335294793853672	0.27577517589749695	0.17245235256487232
0.24131751769189203	0.20701126566828176	0.10334445098413837	0.2759356115313583	0.17239115412432926
0.24155140170032807	0.20679461925851947	0.10343943741211582	0.27577665353208003	0.17243788809695632
0.24153111297441662	0.2069459887483981	0.10337948859554766	0.2757533972801093	0.17239001240152807
0.24149669433805776	0.20681230877436219	0.10342805338868799	0.27580792161708406	0.1724550218818078
0.24145459160151467	0.2069921668882335	0.10335187596448352	0.2758331371045745	0.17236822844119354
0.2412699676186819	0.20692801383096185	0.10346425898908365	0.2758743707202849	0.17246338884098739
0.2415990850780492	0.20686283531142827	0.10331593440200704	0.27584235125722656	0.17237979395128872
0.24129004339832366	0.20691540314104773	0.10338500525204587	0.2759329387186017	0.17247660948998078
0.24123075488109147	0.2070787986000268	0.10332593987859577	0.27595487093951554	0.17240963570077023
0.24139753350627927	0.20700276356569577	0.10341667775719866	0.27581713006992903	0.172365895100897
0.2414482905299138	0.20684196450863082	0.10348414232946193	0.2758727629897535	0.17235283964223974
0.24160981452585234	0.20686961288127026	0.10331327414003957	0.27578478280637675	0.17242251564646086
0.24141757459595978	0.20707053019234548	0.10337148197394609	0.2757884891847379	0.1723519240530105
0.24149591893153083	0.20681412982196498	0.10346166894193064	0.27579373304289134	0.17243454926168192
0.24120949300391242	0.20704399431634893	0.10344332248274841	0.27590453426788836	0.17239865592910167
0.241241954368185	0.2070097651226351	0.10335704914950683	0.2759568214326092	0.1724344099270636
0.24152919096573858	0.2069397948983389	0.10339050502544221	0.27576070859643953	0.17237980051404056
0.2414626312789778	0.20692626327367258	0.10337894309698258	0.2758681516119045	0.1723640107384623
0.24143858606762644	0.2069202591198243	0.10332821630152943	0.27588705815339204	0.17242588035762754
0.2412936425371386	0.20688617234798828	0.10349158485915651	0.27595657526117656	0.17237202499453982
0.24130868828836316	0.2069550275698889	0.10341629914483558	0.2758480958493655	0.17247188914754666
0.24123085899147398	0.20698684866853262	0.10348734476359382	0.2758566328778309	0.17243831469856843
0.24124535297211513	0.2068956929353476	0.10345777586480877	0.2759394059242862	0.17246177230344206
0.24120920943451804	0.20704704421001605	0.10339334875094379	0.27593850604862347	0.1724118915558984
0.24135036856363962	0.20693525363554055	0.10348834780124425	0.2758078356751271	0.17241819432444822
0.2414430543629051	0.20693768949157634	0.10335713112404704	0.2757916892699165	0.17247043575155474
0.2414837051543498	0.20683470341714147	0.1033591821753907	0.2758456719508431	0.1724767373022747
0.2413029684553571	0.20703346078855003	0.10343660942115687	0.27588117248728494	0.17234578884765084
0.24135328032300968	0.20698436769454995	0.10347048648405578	0.2758217242475062	0.17237014125087816
0.24127297914458612	0.20706485147556508	0.10337416084985641	0.2758175617526781	0.17247044677731402
0.2413711279083803	0.20695187025348544	0.1034143567131302	0.2758428002959412	0.1724198448290626
0.2412635321657311	0.2070668141506252	0.10338173607510084	0.27592134532034285	0.17236657228819977
0.24151364573813938	0.20689250119133004	0.1033250650460736	0.27585869731314305	0.17241009071131366
0.24135064994527966	0.20688881609701074	0.10350246071233854	0.27584711483160373	0.17241095841376705
0.24131358800366987	0.2070575145050232	0.10334475923311437	0.2758824383903504	0.1724016998678419
0.24153439098607293	0.20684008287383754	0.10338721107508168	0.2758546313798866	0.17238368368512103
0.24139845747288485	0.20688578006261096	0.1033602684419121	0.2758956926929116	0.17245980132968025
0.24123719255517156	0.20702790329317233	0.10337627681049597	0.2758914727104644	0.17246715463069548
0.2414856737303891	0.20684332136803757	0.10344790132326045	0.2757709932800448	0.17245211029826785
0.24141485229571427	0.2069405002922815	0.10336419666479799	0.27583983098879794	0.17244061975840808
0.24136259071156405	0.2069565206948867	0.10336408826763183	0.2759077745980967	0.1724090257278205
0.2412484492139329	0.20704888366689758	0.10342668091008585	0.27587312133692776	0.17240286487215564
0.24131080935717028	0.2068540756114183	0.10349972003125307	0.2759095503120508	0.1724258446881073
0.241490703033779	0.20695944691494175	0.10332767083040371	0.2758644254965201	0.17235775372435508
0.241321518174065	0.2069609674489169	0.10339641534089797	0.27591286735736725	0.17240823167875266
0.24155191550822447	0.20683425161321858	0.10342668525590151	0.2758087704074077	0.17237837721524746
0.24138399652971365	0.20698651715977753	0.10339832942730301	0.2758748451902564	0.17235631169294915
0.24127371136632283	0.2070424886684743	0.10342609085930131	0.2758599810029051	0.1723977281029962
0.24160039454496804	0.20681262142824494	0.10334756938373624	0.27584289894546093	0.1723965156975896
0.241255505279936	0.2070683405502451	0.10339949036509939	0.275829661988751	0.1724470018159683
0.24129345819118803	0.20704067328727657	0.10342757585520389	0.27577818934306153	0.17246010332326975
0.24150356376669596	0.20698252860703464	0.10332070581604219	0.275839277398832	0.172353924411395
0.2413685415459843	0.20699848547816688	0.10334246557138119	0.27581937244943605	0.17247113495503136
0.24144283214407997	0.2068054615881995	0.10342362009116784	0.27585144659056376	0.17247663958598863
0.24127468175682504	0.20692540422069727	0.10339025342826616	0.27593177852006706	0.17247788207414422
0.24127226869430757	0.20703378830818708	0.10339576739862485	0.27594404433400277	0.17235413126487747
0.24146355194332822	0.20693486407823458	0.10332544802295304	0.2759031136720205	0.17237302228346346
0.24123552803496845	0.20702899342940384	0.10347710796453442	0.2758781474193157	0.1723802231517773
0.24118598270538533	0.20692801750351575	0.1034565504142462	0.27595330710366317	0.1724761422731893
0.2413683424727699	0.2070074144441016	0.10335476306186181	0.2758727964022254	0.1723966836190411
0.24129987638029793	0.20702276515687845	0.10346951411315838	0.2758216792529245	0.17238616509674048
0.24147178733209396	0.20685428885008522	0.10338493418018142	0.27581443904653763	0.17247455059110153
0.24157883062335628	0.20688439918354315	0.1034232955834481	0.27575188783211624	0.17236158677753602
0.24135160342925174	0.20694216961682294	0.10346255916610261	0.27577430144556836	0.17246936634225404
0.24134417844310965	0.20689314992004312	0.10348837732883777	0.27582130033476593	0.1724529939732433
0.2413049750168759	0.20681050766403405	0.10347986389510133	0.27592586067134905	0.17247879275263941
0.24127528231490472	0.20703075133300686	0.10342002189155733	0.275821916153046	0.17245202830748485
0.24138585316365124	0.20693200631423636	0.10339690459730647	0.2758738835934718	0.17241135233133387
0.2414695611167008	0.20695197987845357	0.10341038945847356	0.2757704664820784	0.17239760306429341
0.2412691329326977	0.20692704148097102	0.10348618268314132	0.27589606695925156	0.17242157594393814
0.2413570051691732	0.20691310832931314	0.10342140787600873	0.27585097021200927	0.17245750841349544
0.24138176777336626	0.20707571571562897	0.10338852728845331	0.2757629010677918	0.17239108815475948
0.2413869635895557	0.20684509109924507	0.10345797006576252	0.2758380242198413	0.17247195102559515
0.24118091140985015	0.20707041753445232	0.1034226247365295	0.2758620393825512	0.1724640069366166
0.24142015606958747	0.20686400394650728	0.10348388786624556	0.2758697474830882	0.17236220463457125
0.24128299500429795	0.2069178590347268	0.10340565088050276	0.27595357820785993	0.17243991687261234
0.24146811490359113	0.20700981132783025	0.10340779648458721	0.27576866529296573	0.1723456119910254
0.2414392623845144	0.20697408061078745	0.10340074384689077	0.27583492388498043	0.17235098927282672
0.2413280164437301	0.20707693082590417	0.10337354203238236	0.27582806242419344	0.17239344827378966
0.24149487027887392	0.20679146623280878	0.10348357058732056	0.27582503467438135	0.17240505822661514
0.2413105405661488	0.20707294307201185	0.10338086546860716	0.2757685043546997	0.17246714653853226
0.2414259977121016	0.20697781164815218	0.10334042870369362	0.2758406340296433	0.17241512790640903
0.24145582520965392	0.20699183749039837	0.10332693989106982	0.27582469130239734	0.17240070610648028
0.2414218236070416	0.20705260568475733	0.10337795775115834	0.275759670968868	0.17238794198817453
0.24153270488768558	0.2068344758399876	0.1034113756525438	0.27577909839689163	0.17244234522289115
0.24153553644376882	0.20686700103344519	0.10337471400480198	0.2758206998895318	0.17240204862845196
0.2415186052300909	0.20689575113204825	0.10333205643139495	0.27581269558401883	0.17244089162244688
0.241386878725697	0.20688468633261733	0.10347274742210243	0.2757818272031203	0.1724738603164627
0.24120237737769384	0.20703358291979504	0.10340353592334649	0.2759088349809292	0.17245166879823515
0.24134232181846332	0.20689648119050869	0.10343525638110529	0.275939787911621	0.17238615269830146
0.2415006518601266	0.20684456825980352	0.10339196835500379	0.2759104245088586	0.1723523870162072
0.24136433552654202	0.20696953690592024	0.10350078655251009	0.2757681435600496	0.1723971974549779
0.241492333188492	0.20681460971312554	0.10343842435243072	0.2758174952269439	0.17243713751900758
0.24133500936967203	0.20698373120815503	0.10339107572075923	0.2759378018824439	0.17235238181896959
0.24138379952482578	0.2069523667355998	0.10335027907422861	0.27583618171185253	0.17247737295349302
0.24142414658796169	0.20702515355672232	0.10338669287748754	0.27577004009899725	0.17239396687883096
0.24150520580475976	0.20686368555224105	0.10333160547082851	0.2758505365465756	0.1724489666255948
0.24139701636602895	0.20701966367802474	0.10337167850022756	0.2758417674741735	0.17236987398154502
0.24145996144951176	0.20695819594644532	0.10345474867700233	0.2757504066822357	0.17237668724480465
0.24140444282097104	0.20695882311573566	0.1033755428908412	0.27587374820288785	0.17238744296956404
0.2413294589284159	0.20703618321681108	0.10341384801241647	0.2757670592561031	0.1724534505862532
0.24123535782623426	0.20689728216689263	0.10345257245547473	0.2759589567637238	0.1724558307876744
0.24134416267150438	0.20688498389645057	0.10347582776240348	0.2758722063011189	0.17242281936852238
0.24133523363263631	0.20688552812480276	0.10343188514531503	0.27590530324444407	0.17244204985280157
0.24152978723473062	0.206929997250431	0.10331781738988487	0.27582405568959467	0.17239834243535856
0.24126574724891997	0.20699336944744415	0.10343440522473747	0.2759371410722451	0.1723693370066531
0.24137000649935803	0.20691565946275053	0.10341533205083077	0.27582640220767723	0.1724725997793832
0.24121537442093513	0.20707269537601747	0.10346647002203804	0.2758559648256197	0.17238949535538947
0.24127332771664772	0.20701665124509416	0.10349042651831263	0.27580779132849387	0.17241180319145133
0.2414229370466854	0.20693028893586893	0.10346617681074292	0.2758152770609593	0.17236532014574316
0.24136917507010316	0.2067928442590685	0.10346782945024814	0.27590329503886035	0.17246685618171959
0.24141448169140226	0.20694570393172926	0.1033493321317594	0.2758241079980912	0.1724663742470176
0.24113294946951666	0.2070426262950756	0.10346055830193517	0.27588526971306615	0.17247859622040615
0.24148482769836965	0.20684843807301834	0.10343627422108023	0.27577682977597534	0.17245363023155622
0.24159872446037267	0.20682066621005793	0.10337230524652082	0.2758057174562004	0.1724025866268479
0.24143085887151722	0.2070110573287932	0.10334901190023824	0.27576190682933854	0.1724471650701126
0.24142403704787055	0.20678864547895476	0.10348698008413769	0.27588519541223283	0.17241514197680388
0.24150010927424043	0.2068100227265494	0.10348684090597744	0.27580233537398524	0.17240069171924727
0.2413959136519699	0.20706150223537406	0.10334713792771537	0.275790857856095	0.17240458832884545
0.24148470432346755	0.20682467223422477	0.10335977851993042	0.2759031215478578	0.17242772337451917
0.24131226369104553	0.20705102975221348	0.10344256290045896	0.275831026474501	0.17236311718178082
0.24125771191260614	0.20706844672757097	0.10338129737212791	0.2758428944870592	0.1724496495006356
0.24141492005605603	0.20687405055360478	0.10349232515948464	0.27580547825859714	0.17241322597225717
0.24160634541767698	0.206801007128884	0.10331283477899372	0.2758823530666058	0.17239745960783925
0.24127117720769825	0.20690378445862972	0.10349638523219093	0.27584974840806337	0.1724789046934175
0.24149216922170624	0.20682317874588607	0.103320145168603	0.2759121823990117	0.1724523244647927
0.24156399028782313	0.20682688634871213	0.10334005908661932	0.2758985075472549	0.17237055672959026
0.24132418318576868	0.20701316086179877	0.10345958985736566	0.27583693820831956	0.17236612788674713
0.24142814362127868	0.20689942493525526	0.10343851793866649	0.275867874374946	0.17236603912985343
0.2413227471797741	0.2069907176837955	0.10336883535340069	0.2759554269931487	0.1723622727898808
0.24128936123679473	0.2070341961211816	0.10338126742156727	0.27582173894744744	0.17247343627300868
0.24127843459938475	0.20700994423330674	0.10345772693089869	0.2758437145084735	0.1724101797279361
0.2414136093508592	0.20702650101116868	0.10332586450049859	0.27583964224428614	0.17239438289318712
0.2416022814933715	0.20679423595627996	0.10339432852074348	0.2757563533015156	0.17245280072808922
0.2412975343527956	0.20698185026542196	0.10344867723196875	0.275845729294263	0.1724262088555505
0.24122984576101342	0.2070684447318634	0.10341356274788095	0.275931889470876	0.17235625728836595
0.2414098574053335	0.2069251203032123	0.10341982676622594	0.27583677180202615	0.17240842372320186
0.2413129683159862	0.2069301994927165	0.1034530537247114	0.2759514623465542	0.17235231612003143
0.24128563735264266	0.20706166024483638	0.10344594220330763	0.2758471625822295	0.17235959761698355
0.24143539518747903	0.20693253085847857	0.10339562351665438	0.2757732745211296	0.17246317591625823
0.24144506584008513	0.20694216609119367	0.1034448744955452	0.275789049146568	0.17237884442660778
0.24131764767662162	0.2069575945899717	0.10346413085510485	0.27584688165636384	0.17241374522193775
0.2415561147101744	0.2068273575877997	0.10334700814716626	0.2759143563577874	0.17235516319707206
0.2414708777552298	0.206837627419666	0.10343982719680977	0.27582752969114394	0.17242413793715025
0.24132385425938335	0.20701000271667375	0.10347404173322089	0.27582262700475896	0.1723694742859628
0.2412487146717297	0.2070676506665643	0.10347449766314785	0.27578380307896017	0.17242533391959775
0.24133081640420445	0.20696116344820323	0.10346688545233437	0.27586186898456866	0.172379265710689
0.24134408575892036	0.20699374763980485	0.10337898703522098	0.2758300835136062	0.17245309605244735
0.24154568227394527	0.2068178763714007	0.10334556272919017	0.2758194966238299	0.17247138200163376
