0.029142925157660815	0.08100658455703681	0.14029245020805792	0.16131856104025596	0.09269093817254416	0.21953507238105963	0.07581966990530685	0.02381680080843969	0.016800968682375975	0.1595760290872622
0.08502925297261324	0.10277870028913377	0.12246541684687906	0.14220561930669257	0.07563710261386435	0.17455961686399643	0.0880001478010362	0.042927314086914636	0.015556026267006667	0.15084080295186303
0.11054410418395007	0.03286920013300547	0.12502504435660539	0.1227171958175744	0.08062969816481963	0.20141467248100836	0.09612336713475342	0.03871314119978261	0.025178950899568106	0.16678462562893248
0.07864521541649187	0.09904063166336433	0.10453585315265415	0.14787793241101693	0.0704517859262195	0.2245552712108465	0.07373024792541652	0.027696647240962588	0.025340240946420706	0.14812617410660686
0.06188822661522931	0.09791788589291463	0.12089175133691318	0.15190697006765838	0.0666340325933619	0.17964280305647742	0.11332294025265156	0.03934131015893894	0.018127787621464345	0.15032629240439033
0.14400002655575606	0.05612159830513466	0.10992987965988019	0.1495435411045554	0.06355174113803971	0.17773026540151068	0.09179468011989755	0.023005878533454066	0.027190823727658714	0.1571315654541128
0.05607418494354967	0.11618864187839806	0.13819452329915	0.1254760586128374	0.07126680798951415	0.1670354764673978	0.10001000320268105	0.041151919279630925	0.016263158999153024	0.16833922532768797
0.025631644929510547	0.09692583795353757	0.10821818293655136	0.1507445726011052	0.09152465277070262	0.21399400921066275	0.10422400495586691	0.03954446962747207	0.020678787930948475	0.14851383708364252
0.09644900602953534	0.07210852145515695	0.11454697433782304	0.13594538871352405	0.0879542577242748	0.22511019405599436	0.08745648509480969	0.024824697035892268	0.023347530790104695	0.13225694476288472
0.046488617709535364	0.09479422407752708	0.13352107080887182	0.11809740588448962	0.08749957637342891	0.22096064861263348	0.10722930751192859	0.035659118471741386	0.02272516129750085	0.13302486925234291
0.046905109055820474	0.112716402060364	0.12281112286232403	0.11852198930165321	0.0725166502130821	0.20169000966894673	0.1034115791269829	0.02596601231964897	0.02415982572832913	0.17130129966284846
0.017860353294577136	0.11785718870885187	0.12598765206756468	0.13638537610609835	0.08415233685357695	0.2047995793776387	0.09455281080197761	0.038179168343881506	0.028643110877277986	0.15158242356855522
0.08566272061678926	0.08022075213546362	0.13210997523982781	0.11873520513879783	0.0910050860812791	0.17455271992693167	0.08957925406646758	0.03630652170136603	0.026033258379882324	0.16579450671319473
0.09652033728795148	0.045028709244368935	0.10923735910509645	0.14283979298922395	0.0836879996271006	0.1873543647600503	0.10554781910985597	0.034994178192955666	0.02581062714096423	0.16897881254243238
0.10782158863983929	0.04744610857465701	0.12774251302123946	0.14640321811603008	0.07052158019639769	0.2123488568995907	0.08809913788045343	0.04220484137871375	0.01552547332335559	0.14188668196972293
0.10553928610705782	0.08696769678486004	0.13389056964667306	0.13210880282788215	0.06271236076464079	0.18638294102073524	0.08320794781187538	0.040001427893523275	0.0147100808518284	0.1544788862909238
0.05812306723555258	0.10200542187450354	0.11495484116897134	0.15798235636172114	0.09053482722310931	0.17287356673187515	0.08127193797426362	0.044409497172156656	0.0138310353242527	0.16401344893359396
0.11144382716294922	0.0710893556610188	0.11944189190427776	0.1282885301141431	0.08323178473142032	0.1700850049167843	0.09352292884993288	0.04694414136787908	0.02541283732364734	0.1505396979679471
0.10711849435698521	0.12171724449731257	0.11238814550300182	0.1252749290606688	0.07906009278123759	0.17683675865440945	0.08443315110579167	0.02447411853630241	0.024008649295798393	0.14468841620849196
0.09893099795851168	0.0408514622805722	0.11548797983803122	0.13408016047091115	0.07752612762564745	0.21582944025732387	0.09702989547139348	0.03896626349867942	0.02402022369371798	0.1572774489052115
0.046175439813168226	0.08167598377592014	0.11034914521699907	0.15876805376954523	0.07691004074670454	0.18834316112341626	0.1142380319739575	0.030178928121386076	0.028253929948858128	0.16510728551004486
0.035036358855239105	0.11922756575291264	0.11825920469788329	0.16163098288027375	0.06902293641445577	0.2059798041954179	0.09305456081623538	0.027605112723980682	0.021722797794823626	0.14846067586877787
0.07580055317770437	0.12312497100000563	0.13760064234541564	0.1437498100240912	0.07853053513468199	0.16989726202181765	0.0739788646087934	0.04088164649494244	0.017611362935460673	0.13882435225708703
0.06527639461104119	0.07407072748797489	0.1422169580736799	0.14174992903138744	0.08858502116448663	0.19090845206924134	0.08774742124560625	0.04172530006604275	0.021175554053214182	0.14654424219732537
0.05690023712743218	0.034585213094311174	0.11318537277712978	0.1688319719051265	0.09098833289064089	0.21235444944921283	0.10302468578053336	0.03278734527882253	0.025128789966126483	0.16221360173066426
0.08570939609751234	0.06051955741036044	0.11175067725366608	0.15191240402457357	0.08241788187555621	0.2135227968976082	0.09561034123096272	0.03886590862355174	0.013675388325657983	0.1460156482605507
0.09304867107824197	0.08224743270325863	0.1181671580221168	0.11935375336983027	0.07698583617088607	0.2058659885753964	0.08735245798225875	0.04674290681509002	0.02489800336365132	0.1453377919192697
0.04449743340225398	0.09682032756892212	0.10841194599222621	0.1667244023796389	0.06698261879995095	0.1969029056954501	0.11224213759152919	0.04727493702748481	0.019493988969245618	0.1406493025732981
0.15017556391224635	0.07362137451567838	0.1303888704892661	0.12185615762780774	0.08739334884121258	0.1734582343133273	0.07427762393121357	0.026451307387346343	0.02851670596480091	0.13386081301710068
0.06516409562626602	0.07788298292241005	0.13988391602691122	0.17868096051740368	0.07008330294187554	0.18333465628757417	0.09885985188121574	0.02117200219333691	0.017530270091426492	0.14740796151158023
0.06297507078478899	0.11509067191626958	0.10531167139091634	0.12387772570216411	0.09086678615049534	0.17105370913390866	0.10825895778461725	0.03805931328904605	0.024009514567484264	0.16049657928030936
0.14934789957485806	0.059448393286347906	0.11267851317911723	0.13930161440602007	0.06320689603809165	0.18306058651421567	0.08356357182572688	0.028401581041863508	0.02249565099979796	0.158495293133961
0.04914514271506956	0.10298547211000653	0.14361766884925278	0.1309036493556898	0.09340764997185422	0.2016808179618037	0.07876919013233227	0.021676979884826628	0.02749755749767821	0.15031587152148632
0.024674598873780998	0.08878396964377915	0.12268239265977215	0.1527463983264218	0.08470112312394318	0.21041880582987438	0.09547098303526738	0.04480808743557615	0.025744832406555312	0.1499688086650295
0.08217862020913419	0.10572692299783588	0.13704295567673602	0.12248982703456383	0.06810777778043664	0.2104365640794738	0.0763949890599355	0.030190696564066546	0.016403060143807338	0.15102858645401024
0.058705427312579044	0.08960665575220349	0.12331260464178476	0.16066560760277498	0.07170026133243117	0.1889876687806682	0.10949568816816868	0.027681732644625076	0.01846302211379268	0.15138133165097192
0.07517986254055803	0.0793605408075618	0.10468490093860722	0.16302593006797073	0.08533116329381303	0.19008588879168342	0.1048909865890817	0.03941481474827192	0.023877433355192323	0.13414847886725978
0.09765377045157213	0.060662067700682235	0.13292802883501648	0.14660065506967937	0.09153853239382259	0.17646497041866643	0.08131914706621382	0.0382847932910077	0.02195240188457405	0.15259563288876513
0.016958660244818763	0.10628777738219775	0.11222821690233606	0.17619975851389263	0.08163611892780046	0.1766849182091652	0.10538863388225542	0.045732925316473036	0.026959271218347167	0.15192371940271354
0.13250978667607577	0.03676050326208331	0.12370701706995382	0.13809633783437208	0.0831112796890341	0.1787290199189548	0.10674005303317384	0.033434022300962235	0.023706693174451857	0.1432052870409381
0.13116930276685254	0.08240898874800873	0.13757524313975994	0.135220804780641	0.07911934479357066	0.17003118568967435	0.08907587436379158	0.029317128270635054	0.013801182789536695	0.13228094465752935
0.1426152172371065	0.05567780111168125	0.13693856565893237	0.12740243783213276	0.08601068010432195	0.1692066673718794	0.09113920007953448	0.0372255928880761	0.014246181513838913	0.1395376562024962
0.0751612582504469	0.09064697508782837	0.11186272342155995	0.14740030755899616	0.07426874707217697	0.1997934676845282	0.11315586444287296	0.03166002668728084	0.02436744828283126	0.1316831815114784
0.08214874633233407	0.09687751820439126	0.11706598584978818	0.14238921647824876	0.06486893519018402	0.20877417937738524	0.08961886142798509	0.04508344244496994	0.015127285219415865	0.1380458294752975
0.14293719065144633	0.050911191039782325	0.12818367307068051	0.14128822012936243	0.07223113918441088	0.20418487823463286	0.0785799971419348	0.03155284499430186	0.013685984339434798	0.13644488121401313
0.0658455830435315	0.07012673238840363	0.12712347981080077	0.14136392610722232	0.07024411002410506	0.19690265211929409	0.10149720429705981	0.042237964432199765	0.013844370744637555	0.1708139770327455
0.04956179408738293	0.09061173601480352	0.1325521266988451	0.13573788663312203	0.06726253047979133	0.22638101149061013	0.10775064725900879	0.03766830620505707	0.01900931355839383	0.13346464757298526
0.1011138098551	0.03836699152631239	0.1440066005998559	0.1251504904640397	0.07459617994456941	0.22245568173129027	0.07934994679279526	0.041855185749959854	0.0267072439387903	0.14639786939728688
0.0399596643754153	0.06767384187914849	0.12296193070750919	0.16671172133278198	0.09542371003351659	0.19396759964426058	0.09520745391281837	0.045850646303291144	0.022721550205721253	0.14952188160553712
0.14242484994081242	0.035304200571998845	0.1278415666380023	0.11835447972270183	0.07065437696713309	0.216026731183464	0.11063100467246985	0.025901711163106203	0.020355112784826518	0.1325059663554849
0.094455314196667	0.06275043249206677	0.12748497675002263	0.15033656721014688	0.08095050351697866	0.20915550383728715	0.09002843871229624	0.02946357411932142	0.016945697773677645	0.13842899139153558
0.08582883477242526	0.05932674805187855	0.12015677388461092	0.15382561514502247	0.07767940802707443	0.18564446364237608	0.09667076962744184	0.03500988691789124	0.02193166369795589	0.1639258362333233
0.0725205487785582	0.062319338334703975	0.13707284773594958	0.15737367024158172	0.09475192317508287	0.18148860791369925	0.08896745326556028	0.04388979080856045	0.026472137299969625	0.13514368244633404
0.023499222266073275	0.0933144085007939	0.13380891449232285	0.12485095604042197	0.09569335196223286	0.22060136575692563	0.08907267870920911	0.04455462234536357	0.020704181730625618	0.15390029819603135
0.08997479256698393	0.08090496336715865	0.11948082819533823	0.1556641827198884	0.09248463792364342	0.1856301569813385	0.08317871689267917	0.020691762592082233	0.023368561173629815	0.14862139758725762
0.10067959256980738	0.06917016206949902	0.1375715740566976	0.16814558497230842	0.06363277322651217	0.180266595995871	0.08829526882144251	0.031213036830192595	0.02527930422299178	0.1357461072346775
0.09562625122321734	0.07749414630749123	0.13183452974377172	0.16756742124027502	0.0763321111243147	0.17141869889966843	0.08173761344107885	0.04542280506393938	0.016888370071040118	0.13567805288520313
0.1335255129320772	0.031222184673099118	0.11155298747213703	0.1563072570848585	0.07284381618592364	0.1970646270880025	0.09479656894911828	0.03938552239572222	0.021389745291760354	0.14191177792730109
0.02490502502598395	0.11890771677835757	0.12312031469989529	0.1385971789373534	0.06917591066010396	0.2102504863711545	0.10443249805948576	0.03751291150854625	0.017497759122837533	0.15560019883628182
0.06357826685945207	0.07672078439229513	0.14234304210709553	0.16007912484871217	0.08611400067035287	0.1880565814668419	0.08453701564327396	0.026917024945248724	0.014185721676490251	0.15746843739023741
0.04835012515549723	0.09190164536497272	0.124651754364723	0.15044125272117462	0.09426539838921041	0.21487600008157656	0.09038613622849999	0.024905953416114707	0.02549799033972794	0.13472374393850284
0.05252733534227395	0.0839061109810189	0.13054766873257392	0.1753461779064266	0.08056565516915536	0.2129351275062369	0.07562408928736464	0.023114810062002694	0.022530524401822252	0.14290250061112478
0.12207127878338211	0.036996273216366185	0.1338459834621391	0.15972217795945326	0.08789409711150811	0.17921039895384275	0.10200954180194069	0.02017150082017391	0.013403226503405127	0.14467552138778866
0.12435507818926154	0.03750368385756436	0.10837645836760929	0.1310277075045175	0.0775450666891181	0.20076011929270823	0.10187704054601503	0.03272238133686842	0.016312634442492938	0.16951982977384444
0.03374225283906761	0.08007704664429635	0.13486993477824225	0.16315239395880154	0.09637971126785064	0.19628508563895333	0.10135322361963894	0.03355048167101307	0.025484254256611105	0.13510561532552517
0.04247453157424017	0.10248622271075436	0.12018444833813648	0.15158273350250923	0.06582947915841597	0.18048808243757114	0.10371675424974433	0.03406131315127614	0.028277348720259596	0.1708990861570926
0.04095102486138569	0.08907071941229779	0.13208008092214474	0.13108203361944737	0.09215725212542446	0.22238636673521467	0.09478985243141903	0.037130621903659664	0.028444194610605142	0.13190785337840144
0.06593618377303773	0.0735906668451632	0.10835829367523994	0.16441167662668799	0.06900056448315783	0.22418278244060175	0.08722967268935074	0.03734097919649555	0.0281668584177225	0.14178232185254275
0.12783473909265033	0.04429533208199421	0.12076218663981009	0.1355017005064127	0.06390475785440482	0.20617481883490213	0.08602824050116985	0.027993991001952337	0.028541571724913714	0.15896266176178972
0.12643856055208516	0.04628758504444251	0.14072994531507507	0.14313900997319684	0.06346282647628275	0.16992837555467072	0.11248606715205395	0.04354548761738168	0.016103321330946177	0.13787882098386506
0.038044397756736445	0.0339134087187955	0.13407035796803846	0.17468226550446433	0.09515107976777407	0.22739475067903525	0.10617965553972969	0.04011748171710078	0.01639292342972258	0.13405367891860293
0.11175828985490446	0.05771840960757023	0.13462960583847466	0.1466159386073586	0.08261162232324003	0.18193581020934882	0.09215337372634926	0.021103886762574145	0.026865319989769182	0.14460774308041058
0.05287368192702173	0.09562913762374144	0.13490255524669442	0.156491917322245	0.08257209143065558	0.19342746844859676	0.0912037124097647	0.032243937416253476	0.020827249213601642	0.13982824896142532
0.06445082353000073	0.07701817385952596	0.12366362011809971	0.16611229598219773	0.06337618259532252	0.20243924061222046	0.07957426674881173	0.029942635605289175	0.02340449548658298	0.17001826546194898
0.03893370053407891	0.0743658800659269	0.14109887524555875	0.16197667830737567	0.0710979958550758	0.21624678612317194	0.08543254263834019	0.04286607329090742	0.017088163245044377	0.15089330469452006
0.09074565010518112	0.07988882277011017	0.12613114758423827	0.1413914446577595	0.0760109358306709	0.188560763232468	0.08954627831520708	0.022524016443027234	0.02740764616620117	0.15779329489513652
0.03756736656195164	0.045863671008652795	0.1436355497338405	0.17641269220178538	0.07999050065144425	0.19463407375583475	0.10608642231649756	0.03043475455106706	0.028423941834037555	0.15695102738488856
0.10352184619183716	0.06343807890965723	0.11250734455632902	0.13484900510922737	0.09403123389303072	0.1817890128456715	0.09971914354445342	0.03270296591829985	0.01790768632455722	0.1595336827069364
0.09621983033713374	0.06072641103933392	0.11709210398294795	0.17375451862242824	0.07662373519181388	0.21628974610630988	0.07792427925637321	0.0278731470256193	0.01546222646457307	0.13803400197346677
0.10225253520684342	0.07193358544548449	0.13384420677840458	0.130995314819352	0.07353534765356595	0.19836369984934216	0.08123823515318497	0.035853636529296073	0.01436497021373026	0.15761846835079607
0.09086596815796671	0.04619777190835065	0.14194398911809825	0.1514222903409693	0.06809908554782272	0.19433777042403444	0.09340466257963359	0.03293828320921589	0.026105907946943813	0.15468427076696462
0.1325351758112022	0.03304061239425862	0.11635864249132127	0.13366913527387972	0.08837755016292828	0.21211574012499734	0.08200090062334564	0.04177720120781513	0.018928690014035104	0.1411963518962166
0.08217708459122533	0.08381282958944065	0.11951724318993734	0.14741746636726635	0.06595836785702229	0.18876109296080498	0.09364361561434771	0.027578103532719667	0.021415079259744757	0.16971911703749087
0.02165247852713935	0.07965734895926929	0.1321560464912701	0.1565595220337653	0.06749699942364468	0.21946662644658615	0.10362398227482005	0.032015863656770324	0.015504851816569284	0.1718662803701655
0.06722489370485077	0.09388242868721096	0.10806892937185736	0.1650871440269925	0.09294773444525771	0.18630339527936174	0.10261478868024188	0.023168596014100068	0.02618361999949692	0.1345184697906301
0.08929812456714507	0.05116614630476565	0.12146943803479202	0.1660617112771617	0.07294026493363254	0.19906389245655318	0.0797876771005033	0.028199358401191893	0.02583609353648844	0.16617729338776616
0.0671003960181818	0.06917271357378153	0.13868436497735964	0.175055670402788	0.0718738141607152	0.190009305240394	0.09565516632546545	0.046235851394877577	0.013988655631973226	0.13222406227446357
0.016494967349512932	0.11449292356964089	0.10659813211451516	0.1796306556146879	0.08920263508921322	0.18408368204970893	0.11033421750673791	0.03797251278769755	0.017604985339183213	0.14358528857910235
0.061452276432331254	0.06361123571242264	0.12348093623117976	0.16275040537435784	0.07551195711372444	0.20057500110409604	0.09481062049814504	0.04021821575580064	0.015039668405355866	0.16254968337258646
0.09639511089205222	0.038995827242818006	0.11722444107607796	0.15444480848636155	0.07912101867186691	0.1899965359682499	0.10535120814187654	0.028941629029378038	0.019066842540617232	0.17046257795070163
0.09836255678278855	0.040384226115260644	0.13746912411333695	0.14363717946560778	0.07971249675573443	0.17193259471721692	0.11457973408314724	0.046013350379155084	0.020143017500429794	0.14776572008732256
0.08524506981718202	0.03360481118403119	0.11887788916606569	0.14030530267837302	0.07198658371715595	0.21863073134611524	0.11097913047520583	0.02808116116236062	0.02423917400251828	0.16805014645099212
0.1065798003854194	0.0689222597425381	0.11763612657267115	0.17192268320708515	0.09224665207626967	0.1700865624881977	0.09168680575032546	0.025254242214431913	0.017003195620994255	0.13866167194206713
0.12736478230394274	0.06904144844233505	0.1096338860098346	0.1271211560501269	0.06474426709994432	0.2210871853498747	0.10082573352912534	0.024653386412355052	0.01369306330049938	0.14183509150196183
0.028086628443552142	0.07947321634529199	0.12825881359348618	0.17039006946385454	0.07632115359068904	0.21437916202948892	0.07688027939263328	0.03922287849888733	0.02610602726573527	0.16088177137638135
0.10043528262535885	0.03681734913970239	0.14245091361611645	0.13618967902132315	0.09120385715366143	0.19799848038228363	0.10780336913331495	0.024145116344685608	0.02836774081719741	0.1345882117663561
0.11527338627388636	0.05631362142818683	0.13762861450420943	0.11964171651378781	0.08165784191882622	0.18850330704100257	0.09688139299566038	0.025106434928843346	0.024957814573578416	0.15403586982201853
0.03072984722750899	0.08758521845228932	0.12684432443591445	0.1405248702670358	0.08415529665276548	0.199198488789123	0.11326573206841685	0.037999571134573966	0.02385250344889872	0.15584414752347345
0.03431056009358434	0.0799269340503191	0.1406882633911903	0.16435694278520613	0.06309048313229762	0.19443173327537366	0.09922909125104291	0.03805481809581602	0.018529238795038705	0.16738193513013117
0.04852416525584913	0.09241801504167237	0.12924800147969148	0.1392016392655291	0.07347903883132217	0.20339983461937017	0.09361887245715877	0.026360971749997603	0.02820397689062558	0.16554548440878364
0.04444768711764416	0.10129620738552826	0.13860037858967078	0.14720221141355128	0.06537248230724346	0.22443739984420796	0.08249758738181504	0.034574634682581845	0.014934531401587195	0.14663687987617002
0.06181433633254404	0.08156726843915663	0.1212139040400688	0.14385985096772586	0.08625268940124793	0.21271180971049564	0.09789043861995951	0.0458718668935239	0.01406459048105023	0.13475324511422743
0.02443151190764696	0.08311612301927718	0.11922074864744928	0.16965384052992988	0.07004243903339755	0.2219887390850584	0.0899427782303336	0.04687025122245706	0.014481750544781763	0.16025181777966835
0.1430566455847379	0.07343321077212883	0.1099882919316033	0.1351570112026892	0.08371853814223973	0.16922472823651824	0.0784740685000984	0.03206771401266398	0.022109340344567616	0.1527704512727527
0.09966564966769745	0.07707502181021683	0.1063363938567192	0.17200416179534542	0.06750017897501755	0.19259088090573317	0.10647129640393403	0.030925652161767347	0.014410389336198967	0.13302037508736994
0.03750176234513371	0.12043796485691093	0.10949258647050787	0.11788565245088675	0.07370205623246574	0.20726123479394248	0.10396326487091691	0.04061718572389246	0.026651711991589763	0.1624865802637534
0.07373277359436317	0.06279137001664076	0.1385882429006627	0.15221972071914247	0.06552164507633862	0.2130770762060591	0.08053248017992794	0.04473214389788	0.024784256699604906	0.14402029070938027
0.022285826230467015	0.10831665628816278	0.1399257459015426	0.1743152648361866	0.06850623553354288	0.20523048886052447	0.0763668303827459	0.03442448622840934	0.014158250770472211	0.15647021496794622
0.02523544322687836	0.08505478298768737	0.12343320456707654	0.1800322355421689	0.07701542609021939	0.22690057999517121	0.08365518369513408	0.037794701722132056	0.02557911658405994	0.13529932558947216
0.10074034933761986	0.05864760557743301	0.11637999568271037	0.1677609393358118	0.08544480969013155	0.1747699279736921	0.08885675585267783	0.029454580468120634	0.024993171336294653	0.1529518647455082
0.03894855664396516	0.0934201675073716	0.12190336270697232	0.1646071937868425	0.09031677858679939	0.21663194576348385	0.07441758632403404	0.0339781104506887	0.020794448734812093	0.1449818494950304
0.10528582539543484	0.10152399951654822	0.11896235193689533	0.11881246967798241	0.08384834376683187	0.21247668394977487	0.07523228913011351	0.025390648652533376	0.019388331725502264	0.1390790562483832
0.04398017915561969	0.07321179857800927	0.12768991129454402	0.16625160581814705	0.08648783496584564	0.21644373799418534	0.08365054026427818	0.030154472335491345	0.02001752543043317	0.15211239416344624
0.14396756539972114	0.03417662138609666	0.10687949389927044	0.13869205577976185	0.0640117066287792	0.20791448458215459	0.1070440112222407	0.032358203528604274	0.026054571987130112	0.13890128558624096
0.10646737571848541	0.06508362415530651	0.11463921024241276	0.12134485533778616	0.08277237563171987	0.20255476941523684	0.08042038726857549	0.03564387614579123	0.02802617830393371	0.16304734778075197
0.1106212697909272	0.09208161795147092	0.11752823878131397	0.1257636091132465	0.06327075490718524	0.20925393180698398	0.08504353450888955	0.03698328861575592	0.026998510441593584	0.1324552440826331
0.07345090851227071	0.06079263842177325	0.14303212368382484	0.1479900414263705	0.08070802725312821	0.22089160607040328	0.08081219166973726	0.0337456053596238	0.022325686110344745	0.1362511714925234
0.140604548612643	0.05406912167246756	0.13277641927083783	0.11873717271749043	0.07930145607937107	0.1841634315003221	0.09361449937781134	0.03921319176508528	0.023543302727374996	0.13397685627659633
0.1043019098375297	0.03712436629026562	0.13674202968338636	0.12246867150193978	0.08243259596165499	0.2061699696564171	0.10842076900670632	0.02419218395506971	0.015244505723503374	0.162902998383527
0.026839735105733384	0.0891492742739841	0.13706735440096168	0.15276324801712363	0.08189988402058442	0.18685168703712682	0.10143490145396518	0.038118435122404884	0.0248826145763784	0.16099286599173754
0.12317894065457916	0.08352350367701111	0.13920002238113827	0.1213873220242658	0.06717655419745207	0.20018951593948647	0.0738091275364944	0.03247704785968025	0.015845956660914443	0.14321200906897796
0.08522935640202191	0.10315447935659226	0.12201965958342967	0.13375051524547785	0.08097784045741074	0.1979137511732219	0.07823780252103057	0.021386799952005903	0.01625854463213844	0.16107125067667072
0.04088580342049908	0.08391769152943065	0.1364130039999706	0.1769334665386041	0.08644666389458995	0.1716526533786265	0.07454715484106642	0.04680354259538928	0.026028059843250406	0.15637195995857295
0.06627456895261885	0.10343930137022417	0.13112608514944846	0.1515147153891553	0.0798082666191696	0.1724309636213783	0.09019679821155113	0.040359353634987945	0.014687846600122623	0.1501621004513436
0.062419589726991846	0.09775879524299602	0.11488997998941278	0.14453207511742885	0.0673472528366714	0.224516963985873	0.10532782175786622	0.023823850291411097	0.02470797542422197	0.13467569562712678
0.13331473177929554	0.054586708612989504	0.13511190689876468	0.1369120382445773	0.07537001042492036	0.17663117169550674	0.09760403244763785	0.027046043467678194	0.024019406007837377	0.13940395042079234
0.07768329775240754	0.06516972737778098	0.12731202915680112	0.13597761420717205	0.09546840592209305	0.20553105928751464	0.0979567148317172	0.04176085143897212	0.021067039356043635	0.13207326066949765
0.03455803715412706	0.11430382272769216	0.13585583896660852	0.12007900465846859	0.07541416194528619	0.2003919587481781	0.10228423389763001	0.03786122041026159	0.02190568164522358	0.15734603984652423
0.036709680947759546	0.10623630638577336	0.13966373761954493	0.14695231994669122	0.06307566044913868	0.2092179793078999	0.10044000415340491	0.021367680183617774	0.01710414162446436	0.15923248938170534
0.06086431242747423	0.07224338267203441	0.118870215334666	0.142271275333836	0.09602851258705147	0.20162365264879042	0.112126106249144	0.042390113353129526	0.01765599030146235	0.1359264390924116
0.05164675260447763	0.06789675052447844	0.13827946209292033	0.12302405620778016	0.09555200563836157	0.2038300690607746	0.0944202280306042	0.042451124768853904	0.019966480788285237	0.16293307028346393
0.06159837660223838	0.0862978323945578	0.12071853116251222	0.16641834665768038	0.07425929436877557	0.1726414586400748	0.11323319126106628	0.036035602576834774	0.02248914239927985	0.14630822393697998
0.04786360052471034	0.11220812521725186	0.12218084805650425	0.14971325435839256	0.09611869793945535	0.20932538389400263	0.08745611035028837	0.022318539027450582	0.018537000345561994	0.13427844028638208
0.06315666559332955	0.10566610356273193	0.11368610596011122	0.1320211926030118	0.06483890903945412	0.20539600772050232	0.10685041780830212	0.02641335286473842	0.02621572422665537	0.15575552062116313
0.11711885375823278	0.07722957320000493	0.1389687351729725	0.12408686755724871	0.08035576300802914	0.18377620758170954	0.07380915822332719	0.04355191868652017	0.024987257975007393	0.13611566483694754
0.11007194460180474	0.0754388481251913	0.11031552660605731	0.11885546739374109	0.07750908939934598	0.21716449058256557	0.07671943005152403	0.03317884620941991	0.024075722766225674	0.1566706342641243
0.07266913465790645	0.05385778220662479	0.11739811534250902	0.15628491919959964	0.07122528980853661	0.19043109847729797	0.10679556427846512	0.04465543134878213	0.017110511786235696	0.1695721528940426
0.13007328836893262	0.04740134920067172	0.1186145387866187	0.1304274926274873	0.06370563293223205	0.2162365376133636	0.09109937516979204	0.04496973022848711	0.02319989321630253	0.13427216185611224
0.12159037792347464	0.07609071023296277	0.13451888242859666	0.13630322317524796	0.06757611135465444	0.18262134208481018	0.08238459919240423	0.026959460993085396	0.016582025902113898	0.15537326671264973
0.08916555102033356	0.06528916730965888	0.13808974155525056	0.12597679587174765	0.06906438396847442	0.20518911902967513	0.1114605020182219	0.03005873991994272	0.023593786068820996	0.14211221323787415
0.03355174740789964	0.11018925624921855	0.14004217822729406	0.17372770597201628	0.07706920296620712	0.18255667380513257	0.08947703582460773	0.02370857077123599	0.01957462243955657	0.15010300633683146
0.04113090662969922	0.10528470022124001	0.10556739863496349	0.13137944640080945	0.06454104536357466	0.22152489895228375	0.09520000763920995	0.03782560962874315	0.025750252330032974	0.17179573419944338
0.03415250829706522	0.09088118222187254	0.1050194734816794	0.17834489573557022	0.06278927115578599	0.20267339367440418	0.10838023676770692	0.029758943110298378	0.01646045349578	0.17153964205983718
0.13674962619029896	0.05966823118089737	0.13355501713386872	0.12493851797476811	0.07250593984930398	0.17792216679775297	0.10941679096870252	0.025830642522534086	0.013639441242621606	0.14577362613925154
0.14379434306186314	0.04194946634731922	0.13320076055794478	0.13214247031942977	0.08232253855429032	0.17051398198560522	0.08034246670036971	0.03768130796665874	0.022031875337232665	0.15602078916928633
0.07246766879242807	0.09063498862980499	0.11546843401271237	0.16620277443653525	0.0683288703442145	0.17032709639598265	0.10906443606266729	0.03136724151239022	0.019991795250468306	0.15614669456279628
0.035577814715695946	0.10621668057203161	0.13118563380673845	0.15215920106063555	0.08489815458549531	0.18426924807443468	0.11043414704280083	0.03639728231050525	0.019540182320166466	0.1393216555114959
0.08873274122610787	0.07629635432384585	0.14188407437361067	0.1363577366859105	0.06533555934568877	0.17454210174989537	0.10215388924242032	0.032649108373085836	0.018815847160704904	0.16323258751872988
0.08388133560631938	0.09398395759754327	0.13486151582757183	0.1309609860691902	0.06389155493839582	0.2231182496582238	0.08123947305860432	0.0329068572215063	0.017815079677855755	0.1373409903447893
0.03688372492684759	0.06581699664335762	0.13984455794867678	0.13636174205461704	0.09452090074722933	0.22632792366052423	0.11303366632665343	0.03323631747570108	0.013329419988655639	0.14064475022773726
0.15060112814363347	0.03145686973686278	0.1076904484113697	0.12376858116859521	0.08073913055391826	0.19012295844793908	0.11244573849380043	0.027890692296539274	0.02561868295817113	0.14966576978917054
0.03115804944106404	0.06541447738956963	0.14127908155916324	0.17962395549534946	0.09622421038804543	0.1855025078380521	0.08765391127777879	0.02666411118473458	0.024773751109739672	0.16170594431650304
0.038578929033611056	0.11365393736995909	0.13579654051985407	0.13992361361020186	0.07710817675588613	0.18500388737144496	0.10597309709198291	0.03507577065496907	0.022905551715926162	0.1459804958761647
0.12047985414352833	0.05294068568419133	0.10883514167028446	0.12744577490617393	0.08918233180428542	0.22404458262652435	0.08353799105078502	0.029427857801487656	0.019786937740413388	0.14431884257232608
0.13589889720920412	0.04361087071298563	0.13415607473223465	0.13216625542818214	0.0773751018292132	0.19247624818763664	0.08255442087193104	0.04479571591847876	0.022870289523427637	0.13409612558670608
0.027880711722797477	0.0747830215374039	0.14265244164703933	0.159598843865506	0.0809561817003964	0.21065210714319332	0.09801723189613887	0.034628790103715945	0.023287755476164573	0.1475429149076442
0.12426274344913184	0.050897579612173484	0.13531996892069734	0.1301746167677611	0.08350700609958242	0.17015099901947112	0.09481364748356928	0.02752749649193585	0.01749641312070438	0.16584952903497308
0.06498363850118832	0.06450298816511996	0.13427108060054094	0.15027646007142395	0.06552063637251875	0.18693114708996617	0.10032074827692156	0.0444510095566287	0.02611089700739848	0.16263139435829316
0.04689341417313417	0.11706963336893247	0.10470632883308649	0.16511435071702255	0.0941245754283083	0.1969233962302275	0.07343661240753166	0.025656846777361395	0.0252973877917832	0.1507774542726123
0.1118774247435594	0.0378148089541904	0.142913583483588	0.12020308318770584	0.08265575595307567	0.18518656686533053	0.10487797138293085	0.03283890080431963	0.028110509222992214	0.15352139540230733
0.05004534754874282	0.10629538055305511	0.11110957284489466	0.14601522461247843	0.08661145054580505	0.1959357134123682	0.08197838849999109	0.0401223748960688	0.02801179726742442	0.15387474981917143
0.057427843103230694	0.11604140699333176	0.1295448317352587	0.12631364244868354	0.06532462811630987	0.1931097796207436	0.09384565364923761	0.03813813733283796	0.013861637705098531	0.1663924392952677
0.05714313723603806	0.09633582205748156	0.12462836922205302	0.12308546189389966	0.07474353913443749	0.22203591646826243	0.08662847519291927	0.02785895902492891	0.028297713720257064	0.15924260604972257
0.07456654645114141	0.09860452390243811	0.10922419757217486	0.1296868301227141	0.08208060767855116	0.20107169400110392	0.09218969554383873	0.028268843285436634	0.02542755813038268	0.1588795033122184
0.10945002795413875	0.04867037054443271	0.13858572657902143	0.12108973838993019	0.0848228490799889	0.19550057420019623	0.08911573755058132	0.044694733283632146	0.02503035352181017	0.14303988889626812
0.0706651924730562	0.06194414019149895	0.1340858597813505	0.14306541377725437	0.06433921632984368	0.19097946818227252	0.09890144380445465	0.039862789964245804	0.0262986816574365	0.1698577938385868
0.1449707239167514	0.043310313920729065	0.11041654536197483	0.13473314019727706	0.07240422868911274	0.20581679861659274	0.09172941102806946	0.025514505525488215	0.023074937746193055	0.14802939499781137
0.08451194213028246	0.05668224426986088	0.10475427468837803	0.16934690901586186	0.07327255126126131	0.2042970434114052	0.10790633375674565	0.036302569803737916	0.016895584202105893	0.14603054746036073
0.09299307263265572	0.08192178486348958	0.12644700375476153	0.11847035952914067	0.07938753912235753	0.18601231701231763	0.11109797762723193	0.03792102045638922	0.015252501375205008	0.15049642362645116
0.10938752501121138	0.051863649816593665	0.1324918084987204	0.14882882544039266	0.09562668801180813	0.16897601163314468	0.08660153123143328	0.04285605225925713	0.02367382950186471	0.1396940785955739
0.04536464503315282	0.11998831962989782	0.11263888347045363	0.16927187272127325	0.07084265036792417	0.18683888804923512	0.09892521038581491	0.021038881640860846	0.02332269926248537	0.15176794943890204
0.07616225188309877	0.05618629921524572	0.1210187011177905	0.14058823206010332	0.06820522030936384	0.22331131643171576	0.10470856075996898	0.033315996375515924	0.02573519994840749	0.15076822189878966
0.07936753718259837	0.05395264183851977	0.14163278289927475	0.1777085916916848	0.08151965990896635	0.19542247473871044	0.07336898894407175	0.023379987700930374	0.013635273176974716	0.16001206191826872
0.08789990288850927	0.06677499259549466	0.13504604492051153	0.12056715849707182	0.08800829967210207	0.1758112640250556	0.10712469968852036	0.0462563925250076	0.014882029021221724	0.15762921616650538
0.02835605958620359	0.08578920606934674	0.10952194395645393	0.17449795762047177	0.0766252398851287	0.19067279416364386	0.10540726598718218	0.03937694835900435	0.026095899226111524	0.16365668514645337
0.0245746660559491	0.08586734580903611	0.12014076888754677	0.174974373367014	0.07276817104621573	0.22628055374688727	0.09443683205741758	0.04343097141678839	0.0243353199318911	0.13319099768125395
0.08087559133941107	0.07243724690127189	0.11176947500607946	0.14858037762888743	0.07063494825775896	0.1848346344203017	0.10508045040280345	0.03571150547212566	0.02038862253043955	0.1696871480409208
0.020338261359983442	0.07223854161250208	0.11425149979232527	0.17712254901588292	0.0868029230214931	0.21497180709398603	0.09274472677603303	0.02481155903013861	0.027729552264558463	0.1689885800330971
0.05148317300721868	0.03190491667691299	0.1295395431843413	0.17265684699158473	0.0865655341795478	0.21679201716690716	0.10515019329381592	0.0359900205265285	0.023405804859684562	0.14651195011345833
0.07872361095248914	0.10356408067688364	0.11502266427193732	0.13139232317742977	0.07308593561878621	0.2118627113997127	0.07911115259571952	0.0404736517800211	0.02622868224036551	0.14053518728665512
0.0982810041078236	0.06290361479203953	0.11150936991643347	0.16179568375379477	0.07907244400803566	0.17524466272105443	0.10070538791878185	0.03054382179022555	0.02283213252923537	0.15711187846257565
0.09906829774122683	0.06783884798761444	0.10776903910566674	0.14505555254114869	0.08282327588937675	0.21644814627001263	0.07578989741541717	0.047791469959659265	0.01458234231552294	0.1428331307743545
0.07287643918444295	0.041148758831664994	0.1419288049608417	0.17936593617180885	0.06355772962204123	0.19178830143987063	0.09799305876886047	0.039982185333236456	0.016293947295566727	0.15506483839166596
0.08238977357297607	0.07138536531395971	0.1338210277048725	0.13677500554797845	0.07272883816728748	0.18992995793844789	0.08607724111120894	0.042726577055172854	0.02257047755179395	0.1615957360363021
0.03668256543478533	0.12147489173899678	0.1251030334304986	0.1274868173377013	0.08575565206826695	0.20077247919035768	0.07470992020454155	0.045823315135524414	0.026793233315043324	0.15539809214428402
0.0389063977649175	0.04157744597412073	0.13803000005453073	0.14877094678340713	0.08866123666201085	0.22242859412577698	0.11026681938484041	0.03509531093842415	0.02333083563451871	0.15293241267745278
0.08806615924031726	0.086537027140739	0.11516220033096283	0.14183209056579588	0.08315980795483521	0.17940121195924374	0.0973584071354672	0.04390300587465569	0.025197144234915633	0.13938294556306752
0.03826811248145995	0.11083194547171102	0.10925540802845776	0.12143431281535677	0.0959548473106336	0.21894714989836064	0.09941598941827925	0.03049694882169203	0.020462627023838095	0.15493265873021086
0.02627034038007897	0.0766784193859765	0.13854392706027358	0.13748366547183216	0.07148104320245872	0.2254660882065444	0.11068052331074091	0.04762120816062976	0.022791629804309585	0.14298315501715542
0.10077489645383858	0.04390297385189199	0.11430253295129914	0.1741979115657329	0.06658135567803003	0.2065934833156402	0.09243247763034666	0.021361708091242215	0.019867204252489598	0.15998545620948865
0.08727117240637117	0.046768644216297894	0.135413631126204	0.1382731233489977	0.08616196284806454	0.2162317813958719	0.10334280059699565	0.02370706085348631	0.019285109825306207	0.14354471338240463
0.11593551239351513	0.06983909572198584	0.1369917963667581	0.12796140910671114	0.06905948538050136	0.17888218100919845	0.08556111988216197	0.03610824137283912	0.014011635594158259	0.16564952317217055
0.08231591051789403	0.08103404549397748	0.11135343023063639	0.15768783420742888	0.08992462023778997	0.17028779690348306	0.0866087869001354	0.04353221396970318	0.01595411636907719	0.16130124516987443
0.11356335555793608	0.0468908429867038	0.10921014967194054	0.13674225904330384	0.08107468289945456	0.22149347474202116	0.10039070376013833	0.020862848311371	0.026280972206427652	0.14349071082070297
0.06497072641194794	0.041757700103242715	0.12177127753632686	0.1780065295360162	0.09506238887395135	0.19750942303478636	0.08494668827908672	0.031934809279985044	0.018170271154904147	0.16587018578975266
0.0837650902879856	0.07063648072160145	0.1208166963268879	0.14719164837216947	0.06974863771311084	0.20863142119551892	0.10835051865201073	0.03406237416070593	0.023829175707651473	0.13296795686235768
0.06195319204410026	0.10038639728981223	0.14323144281510392	0.1477011345742615	0.07844484379814759	0.19047814640682925	0.0796218432666463	0.046163841041288574	0.013806266628833025	0.13821289213497734
0.059560511338194566	0.06191202444956826	0.1391905864649977	0.13977225791049186	0.09450259616075943	0.1745425557828471	0.09772771083940045	0.0398471922520981	0.021096898056629024	0.1718476667450135
0.09699527078461907	0.08482541735493371	0.14371659813517026	0.13498719703399426	0.08281778035742451	0.1739360402499186	0.07967081862031603	0.04146975213909905	0.027043395621884583	0.13453772970263989
0.13091067045144644	0.0393173119075473	0.10462801310921876	0.1657656439773738	0.08155607735034454	0.17675219226222702	0.07332516535396333	0.03534790854280348	0.026326203605134588	0.16607081343994062
