0.05554848473258993	0.05373462568252367	0.06879562760673799	0.12451167901588163	0.12534566998814517	0.1634690334176656	0.11811363755994603	0.05023893547002559	0.06643463129049948	0.17380767523598492
0.05213054652580291	0.038622958015096444	0.08769499033451755	0.11915167819258805	0.13741218847307313	0.17712752051594877	0.1022816005390701	0.04215041635768934	0.05436409262659211	0.18906400841962162
0.0717932062895579	0.03311009394823951	0.12754214927129656	0.12698680701516576	0.11305875338845721	0.20902234859066626	0.12128308148855219	0.012447353544527584	0.04104658958260219	0.1437096168809348
0.031494462209682286	0.03687997936769276	0.1068695917383709	0.19603959291692497	0.1068462140107798	0.12804839538204382	0.10849877168631482	0.05215750521711155	0.06669312055196586	0.16647236691911327
0.047799195270353256	0.0332321239618492	0.164388172037247	0.06478121799158032	0.10278803071735901	0.12664628235886627	0.14725572857714786	0.07318293873281946	0.05615629288644959	0.18377001746632804
0.03352271971214865	0.05092726097395872	0.10685888611176766	0.22316896121782753	0.06121116858758753	0.1345799135480211	0.1514045146576084	0.06835034969273032	0.04043516160066234	0.1295410638976877
0.07515223965886217	0.06222417191020799	0.024540728406887757	0.135240304988671	0.09063591886733526	0.20056276712971519	0.14269025354195086	0.04767467617964344	0.0680708260077597	0.15320811330896664
0.07052429016464591	0.06195406278325282	0.07301379474990197	0.10565402314126457	0.1147742640012248	0.2024564203138705	0.07666754500154704	0.04359809247463925	0.06568240212979273	0.18567510523986036
0.053503450462759304	0.056881090098442444	0.09894274572348159	0.05554389757125339	0.10835753454010147	0.21267196196363236	0.12164103513538375	0.05831626544569572	0.05444482317592028	0.17969719588332966
0.06531232145571587	0.03967380625622808	0.07570603010432395	0.3206341267674724	0.07902591336873191	0.13340970137846556	0.09723017893072551	0.028617302053426358	0.04960989923163851	0.1107807204532718
0.06992073248160977	0.051425807444123874	0.06257735801310466	0.33167062434631156	0.05777351855459358	0.12296019148918216	0.08708533669430121	0.06580839007542208	0.03844005027996773	0.1123379906213834
0.040090896556718145	0.05229952204629987	0.055005523598393107	0.14156340418103155	0.11021414061242388	0.16786475883447827	0.14901085141127615	0.027553034716498087	0.04933467468116137	0.20706319336171958
0.05994675827943631	0.042731556047160585	0.12461545518040197	0.15141479658247475	0.059197914094418214	0.14339736166677874	0.1353019821854753	0.05430684464424585	0.04358445533234093	0.18550287598726733
0.059940049490178664	0.06593759109388372	0.11069961857719862	0.17218943994742758	0.12751652099416072	0.16727294918748314	0.09378032408112097	0.019303562214975672	0.06811720811561862	0.11524273629795231
0.05675705765685873	0.05525392222272126	0.21934941496229543	0.06678480719772273	0.10549653064205308	0.15827208173576437	0.13446916698285055	0.03659510026681974	0.05159489923403056	0.11542701909888352
0.0423581224523308	0.06320937499341613	0.016873381834107956	0.30945537509061327	0.05474606585532532	0.22751404940541797	0.09602232835514471	0.029818402281065803	0.040551854144204834	0.11945104558837313
0.06650756958251848	0.05632427126233491	0.07183114533157127	0.20388482806871394	0.08063676189385993	0.10523856934842477	0.13447328967928743	0.06320887469518122	0.06532139831282018	0.15257329182528787
0.0654890493795646	0.06933322258083648	0.12358897172198088	0.1718337126051507	0.09454362388772179	0.21467897165834657	0.07616325659679046	0.01145390536439958	0.04144832437579441	0.13146696182941447
0.05871238315723322	0.03715648840693413	0.20919011627146847	0.12514289843410709	0.12147595753184627	0.11664511627312178	0.12105122721720128	0.01732879268322958	0.03186123854361919	0.16143578148123897
0.06928521835527245	0.057686600622939885	0.034409093852258266	0.1403029300265816	0.08461144987385674	0.2341793102042557	0.0837856169818279	0.0693433444880161	0.0337701626378764	0.19262627295711499
0.04613900867068653	0.06065074480768732	0.19766777810073594	0.1122215466879916	0.09838004583070892	0.1047753665804438	0.1579666687278897	0.055063658568296946	0.04590548937192749	0.12122969265363176
0.04257592404661123	0.04313797929129326	0.10665569041678773	0.2599326094775458	0.09715081269157395	0.20311228527798267	0.07839500659518896	0.0209647939041539	0.032130410317737834	0.11594448798112462
0.0615949035491505	0.04233646390429565	0.04370307235242137	0.31031939549419707	0.10272966504217036	0.11067887356774922	0.09258262235882998	0.066499707787201	0.048164737523636834	0.12139055842034793
0.049720016111736716	0.02942903904689695	0.03425457613862383	0.20625997843888697	0.14617792567195936	0.11586661184514334	0.1449612091496186	0.039509288426677815	0.064735837884909	0.16908551728554744
0.05297310876699357	0.03922273145836196	0.0991076233612469	0.11460404275679882	0.1366284860014534	0.16161776313182796	0.07615360558859216	0.0509345009756381	0.05859329230177705	0.21016484565731003
0.05227742110084266	0.05805766188682465	0.09657172078696596	0.08403980674578371	0.13369680828637703	0.241676627213537	0.11345163560527423	0.024424958926790433	0.049779640624874354	0.14602371882272996
0.03508178230124047	0.04926633006766493	0.10974762416908604	0.06134285649205866	0.11687066206705099	0.24352956736168774	0.12973205751394012	0.04145754796679826	0.0568988918503863	0.15607268021008647
0.04441987480223799	0.04661454777555192	0.14686502985515468	0.1811309459696766	0.0651304369056522	0.19359761948081092	0.12805221408369752	0.016337389960075818	0.0405063132093033	0.13734562795783906
0.06003761065834149	0.06570921959472473	0.09384568325984942	0.21039954462616473	0.08250779310218066	0.1093009008714351	0.12109167894010407	0.0355606459149706	0.0379006866072244	0.18364623642500483
0.040364217812200454	0.042541805398198344	0.07137224794958441	0.08447246892038363	0.11796937593871955	0.25886453975150636	0.14527114952740705	0.05817904693812148	0.0650022542083967	0.11596289355548203
0.05070377551342607	0.03798710754799887	0.17430721044640438	0.10658699288000881	0.14008171218931265	0.1460687876828267	0.07899141207504909	0.07035020234260857	0.06078153750830556	0.13414126181405933
0.0379566564233121	0.041678458485512715	0.04635481053323481	0.21981604019298606	0.06348942613381933	0.21553826419703348	0.14298749636662966	0.0390150800244845	0.049524447606659416	0.143639320036328
0.03312180806958219	0.05048092228445943	0.1991912801332961	0.08809226046913012	0.10232784225020129	0.1877820497883495	0.14073413379887767	0.027784053166044806	0.039809681018631186	0.13067596902142772
0.05509749683008497	0.06739652760628723	0.15130483049185	0.16040420073647926	0.10325597539239148	0.14654334042135264	0.129276510053035	0.014274032374727338	0.03791027901318457	0.1345368070806075
0.061071614157724316	0.03244026298756218	0.09230948757600822	0.11536611713839237	0.08491676485547264	0.15576537797020082	0.14883977581174548	0.07357501031116256	0.056745675300567254	0.17896991389116415
0.04911406092917321	0.051915369768949664	0.1419542812639006	0.09238324876132548	0.10054831979110758	0.17992895736766462	0.07475887338239373	0.019299830597575438	0.06499897433796736	0.22509808379994228
0.07272100183316474	0.06769031790555068	0.04709405399869819	0.18972605163412198	0.07011176696809823	0.16158638195868413	0.1177755923202175	0.059424457529547614	0.06869072220578724	0.14517965364612967
0.05276926652443072	0.03804413871876139	0.137130696703453	0.0744747061778536	0.06892102911622404	0.23463866967821406	0.16523736666204406	0.028288544757545636	0.060383012156605194	0.14011256950486833
0.051270263346724146	0.05912157115590908	0.19014260385673604	0.06139164234165066	0.07381569133655748	0.18125097829953635	0.14732730968175695	0.05058007916086158	0.03813038793406979	0.14696947288619794
0.06046282786256248	0.030278485867243507	0.04484341914058899	0.340366130858241	0.13992030401248817	0.10745616253059385	0.08454163643531466	0.0273079183370529	0.03935500469283108	0.12546811026308333
0.03625041330819204	0.05283151443223422	0.03994766209884074	0.18090422833041953	0.11040212097257195	0.23150874924294473	0.07920315481948832	0.015299205667952967	0.03189226108849773	0.2217606900388578
0.07352343694166216	0.040577295622498434	0.2218906156669749	0.061504463940736255	0.07194324280186187	0.1256723815423013	0.105475276351232	0.012163836049569221	0.06988159958222423	0.21736785150093965
0.04861735915604208	0.04941596743363306	0.09111346897367197	0.1982797882841568	0.13766372032836377	0.10307712879507258	0.08410919603099154	0.04530354763228181	0.0693679876384754	0.17305183572731098
0.0332090793350627	0.052424195981168764	0.09189374336652283	0.14077076003745595	0.09477358795622347	0.22656462242165443	0.09828635553948004	0.06274138258904591	0.0548337596431627	0.14450251313022322
0.05594360889794764	0.04370235916856299	0.059743321532436416	0.16221830039349366	0.08758443829648882	0.2593116170508857	0.07665717105042866	0.05737758792152772	0.06614957443028519	0.13131202125794317
0.07049626147229347	0.06776448164160309	0.08844120922898256	0.07381873525585869	0.0723303052788426	0.21063763172910527	0.11912365332054696	0.07391177368540515	0.058830432470790305	0.1646455159165719
0.05443262666615199	0.02963565726401586	0.01674455078046977	0.28750691411180634	0.08243924674345275	0.14205946733841446	0.12403029941182435	0.041419601495455274	0.06319955221327646	0.15853208397513274
0.03265440616877978	0.047793253250846976	0.18452700809425027	0.06015697942866217	0.0885915284120685	0.2282034539139437	0.08446612083365182	0.06501179878639338	0.05670022442899649	0.15189522668240696
0.03184875498662994	0.04019654820749924	0.18199498535968123	0.24927929567384294	0.09583876309221313	0.12214662031208072	0.08057625833522698	0.023305215022577555	0.052325505159777005	0.1224880538504712
0.036344277621054924	0.05541230785355204	0.08332805673005544	0.14811020238613462	0.07105474640690793	0.19779043275089903	0.10609204930477613	0.047056431630384185	0.03990625905613912	0.21490523626009658
0.047819570959688744	0.030609137987221854	0.14822083677853662	0.09662990020242515	0.11473391308386253	0.12121955459570914	0.1305345109681082	0.03622511482148086	0.06339914685488968	0.21060831374807726
0.05176686885036032	0.047467385131557994	0.09222594728932072	0.21289906020383098	0.06824329198293859	0.10760813375822097	0.11751526200169658	0.07267977519687945	0.032132576889609285	0.19746169869558514
0.04579113906804507	0.05118121922464075	0.08101199949826143	0.0881214220876699	0.14515165049391957	0.18977647509543133	0.09021856867984586	0.04592647590348637	0.06378326541293128	0.19903778453576842
0.034800282019948725	0.03590307924616938	0.0759908450785711	0.2880616677447327	0.06337755773539921	0.1546901018648323	0.12479012344935703	0.054582151613971785	0.03858939106693632	0.12921480018008147
0.0750227866520444	0.0410850081957513	0.04518592863531157	0.15634866760886773	0.11188711281531029	0.23533306076474925	0.12730766871134166	0.02207386755182153	0.06061729502495905	0.12513860403984314
0.03755996540392967	0.03393492530912311	0.0727169619088776	0.1493716706509921	0.055559952067460255	0.21094722839265403	0.16366272631122333	0.029735313908224315	0.05465129891393562	0.19185995713357998
0.06737856054305191	0.06709106533406636	0.1205330650382703	0.08182316510021273	0.11626902152215332	0.1579311024219283	0.1519928634918279	0.0562480292026221	0.07013593813749647	0.11059718920837062
0.07259052039443809	0.036863160729036545	0.052952328807605864	0.20465018393225104	0.08673851147259874	0.21138214582520193	0.10751653147972555	0.04732946172422937	0.042860535316175855	0.137116620318737
0.06364498085568587	0.06014683231621497	0.09049203046556188	0.1462915019046828	0.10081165791728568	0.16446482561173864	0.16597051032011534	0.03388490496395616	0.03533202393216636	0.13896073171259232
0.06415751544734433	0.04314503967705766	0.07145720428184207	0.17191956731719338	0.07307369616940236	0.25787222987150393	0.09453490404642678	0.013780617256982833	0.06464986043226874	0.14540936549997793
0.06963307382638612	0.04255992206075926	0.13586856358901667	0.0899497106652151	0.10617280009377779	0.15833023033024343	0.13347099993344033	0.03215759823668654	0.04295379274291318	0.18890330852156156
0.0471615486921942	0.06159573548466622	0.11385090596334897	0.13478468730573148	0.08095900413511894	0.1779936499315513	0.14261789771212458	0.06868692114588892	0.060989439046432344	0.11136021058294301
0.05604084847132211	0.03413810797122631	0.2093061535210307	0.06411819810383879	0.0684546431322782	0.20070054313180807	0.09022511218619353	0.04291649871627497	0.05911809050306294	0.17498180426296436
0.06325294948299641	0.046437479585031825	0.15079364097731165	0.10964645109345551	0.1203332080246684	0.14152932155945014	0.12178234688716502	0.03769358821997007	0.056437829810025375	0.15209318435992555
0.05919060074252415	0.06330920984212485	0.05829721550365596	0.10756809922789418	0.12697190249046564	0.1950528103670341	0.12490336815530748	0.05523795387667659	0.0504808808832117	0.1589879589111054
0.05233421098393008	0.029451240790321534	0.11547894786398802	0.1447594844524813	0.07351977966963111	0.16773003321298063	0.11976066491980762	0.04440829929420834	0.03161362752676815	0.2209437112858832
0.03604781134847611	0.03470310644887316	0.05393044465292775	0.29723706151253826	0.09831516812742216	0.10285981166312948	0.12535338133375876	0.04586766493213003	0.06900318409009576	0.1366823658906486
0.041520278403514285	0.03326418437031195	0.019246155987233338	0.36267093682936574	0.08817201061511412	0.1151194787899856	0.13186965831702002	0.023834960885742926	0.056413061680071354	0.12788927412164072
0.03771147338972839	0.04481332822030487	0.059657056550644176	0.3486119085109848	0.10259445859536402	0.1287127594757077	0.08306347427119441	0.03920735087937186	0.0468680872842987	0.10876010282240116
0.04809678349705235	0.03744588146328855	0.1952306258678751	0.08923563640194254	0.11780682963476205	0.1670361475034879	0.15973660521539734	0.036624756519613916	0.03247929226542352	0.11630744163115671
0.0501618167384914	0.04519027013397981	0.09662641941033606	0.07007543371739532	0.13548834932046008	0.20484583230690584	0.14081277470666861	0.05324791932458949	0.04461403508807251	0.15893714925310087
0.04615047633426897	0.03588002925125128	0.050542463663947004	0.17404600393552005	0.09858104032862942	0.22368000243148706	0.09558193916817317	0.05747641287195583	0.04058912605373154	0.1774725059610357
0.06576681769877157	0.06151102643269257	0.10683157410649399	0.14270817941649264	0.11355100804473423	0.16296009140041745	0.10638784578495714	0.023986278677034498	0.05662254777639733	0.1596746306620086
0.041465478796372315	0.03683819928209575	0.11962856923468626	0.1969230752102344	0.06653768324575796	0.14565437195594133	0.0895799112286178	0.072990760898163	0.03820166190731339	0.19218028824081784
0.05959845652147254	0.04446754314629273	0.20834076614179609	0.09525602356666463	0.07159159470505742	0.16605572992135886	0.14971983592319635	0.03983754442790604	0.04479080904023989	0.12034169660601546
0.05190154446462974	0.06518793975180354	0.028112845927516242	0.17717151998222258	0.13559165804439874	0.1826275977210431	0.16994244346137374	0.018474708580922733	0.05025472645314353	0.12073501561294606
0.05800923330564742	0.05756459509497808	0.2054252727444839	0.10242986996521643	0.06684631836620808	0.21444209054233265	0.09050169303328637	0.03443280984425784	0.0464980256321669	0.12385009147142229
0.05179733683763277	0.03722250487704819	0.147296781180918	0.07548343517139501	0.09516935516657897	0.14313441824075895	0.15846438391095902	0.04188004248956239	0.05509831058949748	0.19445343153564926
0.07273448258884817	0.05670989750066788	0.09087719411647907	0.07353156530655892	0.14071130631687145	0.21532830006236137	0.09913354965140614	0.05309563330203313	0.05541675977010774	0.14246131138466617
0.07606526228469068	0.057863783362312536	0.08180719714983775	0.09478235610212415	0.08886426841595366	0.14351318463448315	0.08976970345981132	0.07594174024981984	0.06854273606852126	0.22284976827244563
0.0759702175738573	0.03123946313189392	0.14630917286897796	0.08150400655240242	0.1200362687794137	0.1449115006943107	0.16877607303151343	0.027263829131802766	0.03983249821575458	0.16415697002007323
0.06582518006885738	0.05834962754128522	0.1564707530268053	0.12526001139647708	0.09657540309082063	0.12273952719134895	0.0783462643977079	0.048447009967734746	0.03668173472012003	0.21130448859884282
0.03363379749126787	0.06555604543311985	0.13994548082108127	0.09029233422151409	0.14397141311666142	0.22526563243624448	0.0796990310651699	0.019824122972482733	0.05019680767021292	0.15161533477224548
0.07045899629804653	0.048293921990411354	0.14118301551167906	0.17219635901486702	0.07720577550490183	0.10736717149372423	0.16256150449385104	0.03289636945241002	0.06275592159847923	0.12508096464162963
0.05870412420588997	0.06257188892280136	0.025041525181868682	0.09989208791999617	0.08266643916634808	0.24715150440111022	0.1640515527409048	0.0446771953822669	0.042415572393048426	0.17282810968576537
0.06648329296944595	0.040714388450537	0.03509136518180607	0.15025121145157938	0.09300932106838175	0.2243982110282881	0.16733011862174574	0.017023170909647473	0.06654982498318485	0.13914909533538367
0.057731447326385535	0.0694551827345245	0.017893041342024116	0.1755548874637406	0.13616865504830467	0.1521380469290401	0.11684072911312766	0.058141384985281486	0.056388069990098	0.15968855506747334
0.057503144850519466	0.06364404143452282	0.16786437831575374	0.07673486576932492	0.06278228105966119	0.2628502180273056	0.1428423902987626	0.013144451012525357	0.040970542640523945	0.11166368659110028
0.0375376992310555	0.039872093886990014	0.1713819676397641	0.06658852604219667	0.12622648621504937	0.1611264371518858	0.14050405962255408	0.03382768984904226	0.06037504503755976	0.16255999532390247
0.06033055688081588	0.05712728008271671	0.07977862553239573	0.1990517197024287	0.07405665004962786	0.22644287306292343	0.09687399425323466	0.017670458513142848	0.061814664958875214	0.1268531769638389
0.06672652554804498	0.06038014376408618	0.03161902717101503	0.27294759265748897	0.09996897699362395	0.11461736372458951	0.10163010703816104	0.07641998120184428	0.06292176124242764	0.11276852065871847
0.040152548125351475	0.044684772453138386	0.09325160842573338	0.1586985328466534	0.06532376331176701	0.2074406149848366	0.13338768384470417	0.012512663854244516	0.060537353208812546	0.18401045894475854
0.05640700387972326	0.029955317781946725	0.11484923545483267	0.19731932549876313	0.06695493623806598	0.21499156712795314	0.10680671640482556	0.04124000265619415	0.060142190872521886	0.11133370408517347
0.057586759518323406	0.047601920335927854	0.048144463088111975	0.12078056474185173	0.0856329003953906	0.1931886188151825	0.1520771589670947	0.06886877223171155	0.04474400115042728	0.18137484075597837
0.03705459217800923	0.06081852480296133	0.1612411416433514	0.12392929701977476	0.0642784389510993	0.19574224982999117	0.08672861871634935	0.052513794995394304	0.052708204955163034	0.16498513690790617
0.06370334387603716	0.05971371077430897	0.060782122908154976	0.16183513225919802	0.12756170414938864	0.2297096892832277	0.09903413781850945	0.01821983956100548	0.05944812525839264	0.11999219411177696
0.0317293610270159	0.06036787341527169	0.20342200996784993	0.06726644494234452	0.0670073239512382	0.23965123521854936	0.10035833762311537	0.05165353186019224	0.06366237662429176	0.11488150537013105
0.07023932452708202	0.04247602516734532	0.027526958798865422	0.09037374625180147	0.11690719372267531	0.18505608233441245	0.14689350527133305	0.07479114344582549	0.06396343469322202	0.18177258578743744
0.04989854269803722	0.029232670125472496	0.03597885208929634	0.13288524393291198	0.103912492409615	0.21108203620615684	0.10078303444846827	0.07455351056968018	0.06230051395476222	0.19937310356559942
0.062271111853731055	0.037053019848715785	0.043421129848221385	0.2518999604174259	0.09369421635190886	0.23423645514811803	0.0792101326633173	0.01351623703394729	0.043228830542322856	0.14146890629229153
0.03818539980852355	0.06649867044784341	0.11700377061704913	0.24399552838597638	0.06818825633575683	0.1286806611804334	0.11038418582245058	0.05847033462984255	0.040308134026451475	0.1282850587456727
0.06162190165567219	0.04649220653776051	0.08360729051550127	0.15137558718544597	0.1012434306803674	0.15653608593994384	0.07848096230171761	0.06569132815472443	0.06978807660359847	0.18516313042526833
0.07249573853153336	0.03784358006954486	0.07002127348316853	0.1985539165316782	0.05810826445542657	0.15122594143307855	0.148818086272131	0.04478164195344839	0.06685755231090776	0.15129400495908274
0.0670435659282333	0.035827392732555655	0.10962814168532477	0.11554785911406093	0.09662116883200486	0.18857869714336017	0.14259860431632637	0.048372929994147155	0.05524670035140316	0.14053493990258362
0.030896118904015266	0.0688103749055863	0.13887694631855863	0.05026211220155572	0.11108339330783261	0.22655405320083521	0.1263297477460174	0.07072441759360759	0.035915660969699226	0.14054717485229207
0.0755767771689897	0.04909880717548171	0.15874913408097735	0.18874631347231552	0.08616441346605096	0.13773282396963965	0.10688982489321512	0.014364996228854718	0.04394630499657792	0.13873060454789732
0.03101780921554241	0.036093119222364994	0.0781954224042067	0.13137734820449487	0.10125669114098361	0.1922047527475847	0.14126407737758637	0.03963443716794369	0.05450812706522425	0.19444821545406843
0.05197564837223116	0.03688940881588869	0.15729920558239535	0.20567439433710522	0.07952596785516972	0.11363676161957577	0.1578668001558004	0.020540475788204837	0.040617929292047356	0.13597340818158146
0.053471485823453915	0.03713887476552222	0.19588599225236392	0.05276252617961304	0.11949345119443888	0.20645162371014553	0.1436139798887308	0.03906289584292849	0.04119234890736431	0.11092682143543887
0.039056028166374636	0.03381725195742549	0.08424091254377583	0.07195915613881476	0.10188481410194218	0.21395773613794167	0.16233602072236702	0.0772088231277389	0.05763214012096038	0.1579071169826591
0.052750807414850616	0.06141254307597409	0.036400622223524706	0.15080992022233775	0.11521383621988195	0.16819275785390475	0.16942431064630975	0.061246260699507914	0.03893283869047488	0.14561610295323363
0.03748692464736045	0.0566939416821499	0.16665799134883397	0.17321284307140872	0.1095121411657099	0.1120724794355116	0.10950397459783091	0.028081025065469764	0.04145708827852904	0.16532159070719576
0.03722751597883685	0.05193257562931945	0.09157060840155795	0.2857373497845007	0.08040135701592391	0.11953176946028289	0.08742055389085132	0.07174113818915034	0.05326650207525828	0.12117062957431826
0.06905758411217491	0.04378338607226843	0.14370933797954705	0.12797710135624057	0.07182527408524289	0.2117145402602577	0.07967211148614148	0.04064730797984593	0.03527734846315961	0.1763360082051214
0.04261697909150568	0.04583995992152354	0.06251068265580259	0.2296847989850727	0.06858402021127535	0.146926167510193	0.12052053844107491	0.039285912005904665	0.0641742441391382	0.17985669703850934
0.060594952169478085	0.05402141416455802	0.11133677096335184	0.15124013820266793	0.1035094913124456	0.11298492591154415	0.10715194635688376	0.07738208918394154	0.04041505407112368	0.18136321766400537
0.0652689637121526	0.04407753661770771	0.11580670658175582	0.19892482634122757	0.10498369432515914	0.1320945813129874	0.1213578663887338	0.014418875572023551	0.06500009876766558	0.13806685038058675
0.06585023618005506	0.0406816131926557	0.16856588050143168	0.13606015673811672	0.10251386462140011	0.1251539414932454	0.11920800116858857	0.05713788055276162	0.05798080692728111	0.12684761862446403
0.05638888424873805	0.02978387057614039	0.11419818659684676	0.16175943164484388	0.08232649107875842	0.20205930007256206	0.09305504637160969	0.07644026034349183	0.040513820499792796	0.1434747085672161
0.06470726276420471	0.06667278649112984	0.04091010557119885	0.17503846707364412	0.1172004356668741	0.1073549841345309	0.09546645747080593	0.07402869026541309	0.04100986356060579	0.21761094700159264
0.04486037555506898	0.0647187070470289	0.06250248226242114	0.27164351687047444	0.05923769339171586	0.10848639253923562	0.08955267694609431	0.03470831497024254	0.06555174329509801	0.19873809712262025
0.033600555717035574	0.04462745652168329	0.10319218600991348	0.11908105330588213	0.07556086705345666	0.24292974195463857	0.15120112538474118	0.04908341404522888	0.05011979759848018	0.13060380240894012
0.04781486555832263	0.031901013163232225	0.07183038821592945	0.2871156156594387	0.1431274130773516	0.13712647448240112	0.07635704991766572	0.041270923248974405	0.051024743471088554	0.11243151320559562
0.060700824980592254	0.031860432792138	0.04082251196960501	0.29969953092174173	0.08253158540506082	0.13995792700424692	0.10240458627264565	0.014420241632943032	0.04120020838557377	0.18640215063545285
0.036512695976075205	0.05452161865077872	0.1854549678893721	0.10957035060568401	0.06738616016728313	0.22231289323345696	0.1507454544827648	0.010916125879596214	0.042202678165756256	0.12037705494923259
0.04497323348516656	0.05299774336202408	0.061571666905256686	0.27491606473843955	0.0845217122173461	0.1300382507468373	0.09405973258727812	0.05687606423406759	0.059681583578601594	0.14036394814498235
0.07361258135867375	0.04609565962320579	0.10019069934458741	0.11301540299023909	0.13864639496239722	0.1802919449801034	0.13747072289691425	0.057291155879184916	0.04210444523844986	0.11128099272624425
0.04981907125223231	0.04920350507113659	0.03849463584960383	0.08464329222965203	0.14151918709816286	0.25212999226267685	0.11216869569559496	0.050613815691509266	0.04634134872973272	0.17506645611969862
0.04984672190186123	0.05724331398296587	0.2192520866678526	0.06150745831168278	0.0854904596314066	0.15458935560257694	0.14106944192599583	0.011150584882778689	0.05576422518482171	0.1640863519080578
0.05680375471965647	0.03923561273024108	0.192541809789124	0.07220613523587986	0.10834845140640263	0.25609493815894974	0.09521595287119371	0.01495264495943835	0.04540039669378735	0.11920030343532674
0.06991072951490429	0.04357608277493915	0.15670698672583028	0.16004960198692697	0.0563583523853236	0.16935438244145035	0.1292572831493669	0.0508732922305259	0.048500960904028445	0.11541232788670411
0.06430556418431328	0.04047886721122124	0.07298908040576646	0.17454590548698973	0.06996132279098306	0.1292663556286332	0.10450233234158902	0.07041982730632868	0.0635250605167974	0.21000568412737786
0.06046510684535595	0.046648798450177394	0.0520579106215266	0.27563825884537513	0.07362965798046803	0.15418778528041832	0.14427942310869615	0.02052318573828596	0.05558858675945846	0.116981286370238
0.032484452464272395	0.05891038701951398	0.05450272782107608	0.19799013190421788	0.11167580201330712	0.1088502509021489	0.155225854496235	0.05259780720509273	0.06692667648828997	0.16083590968584596
0.04240291037578778	0.04402630285433293	0.1539793746260632	0.11910825880017556	0.12108277175069466	0.13451615254963767	0.1296908906694188	0.03622165314301705	0.05501211006624813	0.16395957516462423
0.061044058587410466	0.03923717861112738	0.1677793412015528	0.06337700108159008	0.07615920622566669	0.1404099662795068	0.14883546003695602	0.049787154538245754	0.05066450410662261	0.20270612933132134
0.03702195475932257	0.05658286299715306	0.11038814618137864	0.16338258733002442	0.07499217522020168	0.11438320279751771	0.17024891942406017	0.02844327993779895	0.03950775527693979	0.205049116075603
0.05581463284363519	0.06725085630869593	0.044069815477981424	0.13598058559626572	0.08363144244441892	0.19212928222408776	0.15869783826120892	0.03177533407482536	0.04564237731960842	0.18500783544927235
0.03631346347214598	0.06345101362879121	0.16259832539884211	0.13573592555463088	0.14114427377122468	0.10754142468090121	0.08284081398955445	0.028292979560893605	0.06751743063792211	0.17456434930509376
0.03712444942133808	0.06211058585358092	0.130799617172068	0.06893457710399531	0.07335995226549186	0.20585823020125338	0.13951633644572373	0.055566125971668524	0.03488367834377233	0.19184644722110789
0.0324312235680546	0.04373752814536959	0.10549240178533158	0.09930043935158085	0.09355816617134204	0.13109910832759625	0.16505060093070356	0.05988524244895485	0.04546944196827742	0.2239758473027893
0.0408968856038059	0.06140117395602352	0.10338584664330336	0.20018586291397894	0.08481788349883197	0.15316628237608584	0.11722906575965306	0.044701884276657014	0.06561819469664999	0.1285969202750104
0.03588656831069413	0.03573998986067077	0.09807271195004327	0.1826525406227139	0.13370615434112343	0.10712970839971862	0.12289657597974314	0.07736614004471426	0.03189408811554301	0.17465552237503548
0.05490741671607675	0.03493265860659818	0.1996653266973365	0.11309158573996812	0.0853679695996829	0.24014000141050035	0.08079581623515332	0.014595921431116682	0.06972140295804327	0.10678190060552395
0.0703946876336479	0.05705368261025366	0.17171939662128022	0.17373727141199197	0.060027220533628675	0.1368718550802106	0.1033282010057577	0.011201001790349788	0.06865152242735759	0.14701516088552186
0.03513435941621712	0.031386406976923326	0.18466598396451	0.10452453690821806	0.06138824544049952	0.16182106970929747	0.1057369372131142	0.05012422573075139	0.0599234153027799	0.205294819337689
0.06776039877014467	0.05827730601522661	0.11987669610372767	0.15215691814066595	0.06279499951744348	0.2141425011484544	0.08144568810397393	0.07768606322436125	0.04399479257911784	0.12186463639688415
0.037083982225705844	0.04164844776287982	0.11374634713060615	0.14100557981233233	0.13304866117782688	0.22141352563953506	0.08617422846695338	0.024665266667107194	0.06936625775993319	0.13184770335712015
0.03531847367741174	0.06098873042860427	0.037812443292108186	0.2421853308766609	0.14482425761773565	0.12557476470219914	0.14849500844359476	0.016023105783875613	0.03768759621380776	0.151090288964002
0.06113053362299776	0.041981653690087474	0.05994957103477217	0.15551998222677155	0.07338886919260781	0.2382294537589592	0.10902872580385979	0.04408791772712372	0.06315567706265449	0.153527615880166
0.04647668595005475	0.05923562090060584	0.07476975886748512	0.13357159350459644	0.09797762148497036	0.1470274397559475	0.14556408426872677	0.0308862288136892	0.03964170381445319	0.2248492626394708
0.05957841003728755	0.0334139445852029	0.01631577595209792	0.15365553408299476	0.14675926587095894	0.2190623919482677	0.10456760961623589	0.04622313221633628	0.043579043838863275	0.17684489185175473
0.055640589803720636	0.05989948683068885	0.07968720532719892	0.1647152172384092	0.10674978439156994	0.13802347289593989	0.10008275869423024	0.035285699258654504	0.05027920506207953	0.20963658049750827
0.06237189818733324	0.05028208485926788	0.12452304351913729	0.1564630719681505	0.10434974079969064	0.10739441010536603	0.09618150612038272	0.0686673131529105	0.06999498415673577	0.15977194713102538
0.05022776781740019	0.053819500115641544	0.019541939341738424	0.2049671470732642	0.10320960868427562	0.11003444471316125	0.1529145714996698	0.04100232256660276	0.05582748294775356	0.20845521524049263
0.05800841687783485	0.04438615567777347	0.070034933981069	0.21661367977849327	0.07779009549811641	0.20841670041574617	0.09617642617048944	0.05693928596814465	0.03450064380047137	0.13713366183186138
0.03377687838977807	0.0374245479924368	0.06627029420144748	0.1323824545752296	0.1084147151079902	0.21029904811212566	0.1491362978506915	0.017339944661224585	0.049533534915711365	0.1954222841933648
0.0484355135352494	0.04221134992038875	0.09727750198358291	0.2651608114532537	0.13100940193540006	0.1150930141468463	0.08091851058231744	0.014749499207128827	0.05230643749878108	0.15283795973705158
0.07131098491534639	0.04523755033418965	0.028334691784243457	0.06182248583256883	0.10833292047149479	0.2213162779422993	0.12889769734758585	0.0683263501989933	0.06455717791959853	0.20186386325367991
0.06472475441603093	0.03707301984379614	0.016314817965486297	0.18700246987948396	0.11084426461149624	0.22949283337637283	0.08802230960839534	0.068347558999612	0.05410391152736341	0.1440740597719629
0.059841681767799436	0.06589368902782444	0.15755932810847978	0.10777297480843098	0.11961347201157053	0.12010077819259744	0.13917453605766067	0.054839106917335345	0.06913769304628335	0.10606674006201798
0.07501067776174333	0.03179279474577769	0.11655756002549647	0.06940947424323414	0.08331863260915694	0.2354363522945725	0.09455916184721247	0.022329854088192755	0.04971738403297057	0.2218681083516431
0.06981944809783738	0.043361257523504115	0.07760380706342498	0.22146582630458836	0.10399407017772952	0.14719747906066533	0.08343765420527113	0.04327744317304849	0.06570211846952545	0.14414089592440515
0.05362927044979883	0.03213282621623796	0.07012137563339625	0.21191596444153832	0.12881199413668443	0.17521605269587776	0.10271060738515267	0.015894376730923324	0.05886939788687643	0.150698134423514
0.03434414053405174	0.039579668481487425	0.052718606600328614	0.23637005310011017	0.09926044452428302	0.13521840918627553	0.13155788585851924	0.0556526258083634	0.0536954512517237	0.1616027146548572
0.06282579397439998	0.060836430869437436	0.12928168947239194	0.17965184525438505	0.08565835100088498	0.14700760346686292	0.12805842607026605	0.032036857314406905	0.056252852995490266	0.1183901495814745
0.058835802583592056	0.06360560071767761	0.13355930685753714	0.1593456322146138	0.06351138981280166	0.10198282393313582	0.14897943810711983	0.07014902043419363	0.0659614421355742	0.1340695432037542
0.04518263334702298	0.06326936951022896	0.14548930962148085	0.1796793890291088	0.06439310908108148	0.11628268263438518	0.14102714030919508	0.024552581341053606	0.06757733601214103	0.15254644911430207
0.04947814187434188	0.032954820438385615	0.1324554523249302	0.05547093950752109	0.12268239796200392	0.18824571311512034	0.15821052894195603	0.07824603220196182	0.0510570389478742	0.13119893468590488
0.052848841523356685	0.04720941554001838	0.11954410125373388	0.05816364746637952	0.13901131898550514	0.23728902620287	0.07733328953866216	0.06897173716234863	0.06339006418526275	0.13623855814186284
0.06515427466322433	0.03437075929081404	0.07400063474369065	0.2082114491732987	0.14133107840058878	0.12936718524835802	0.10696985974471623	0.051693884677345675	0.03718135683765504	0.15171951722030855
0.046295278331065906	0.037301386010418894	0.18362168063334594	0.10640569779250882	0.05883880818656939	0.1599170448655628	0.10842331999325303	0.02909294853353854	0.04500965775681972	0.225094177896917
0.0648439233934554	0.030528817369440617	0.03524904483393053	0.26858141786188217	0.13804039589981348	0.1115785798104104	0.12207487346505988	0.03986744339730847	0.036314126429456806	0.15292137753924218
0.06990842469889971	0.06822710595126394	0.12328798085788671	0.1304097649453766	0.07503268419333275	0.17632246629576215	0.1039670486282663	0.046716402403660776	0.04979797307324389	0.15633014895230715
0.048571618018072776	0.06572295257293298	0.12553293220891099	0.17193806123767152	0.08240516770786915	0.20746791072599216	0.10163277368654841	0.022613155002642563	0.042660111110917893	0.13145531772844155
0.06930212684762918	0.038936360191379714	0.0568924517189015	0.16001428181626554	0.06746273061232327	0.22913848095064165	0.10537426090800121	0.05443275933918396	0.057641909585042436	0.16080463803063158
0.04071739633367722	0.029334352738790606	0.22385269040041245	0.13324879586560107	0.07082095642613193	0.10786520161766383	0.12042982525614125	0.024042297774145932	0.04807464021894935	0.2016138433684863
0.056804105609341744	0.05510592989829909	0.1794130419902541	0.17740685818203566	0.06969363929490752	0.11415844225821259	0.11426244998339034	0.024617352336955778	0.06134242290942498	0.14719575753717823
0.048246302702819016	0.03921245741288078	0.10680313687198707	0.1307186074365605	0.11953973640012668	0.12242067300509565	0.13312332703579827	0.03869538012005455	0.06279096017507083	0.19844941883960665
0.06394823613242517	0.062594196104348	0.16457125159148023	0.06348412855591522	0.10184895323152662	0.24098555366553703	0.09675698679767146	0.023431784806684355	0.03138236129386676	0.15099654782054517
0.05795185407317725	0.06489176405447418	0.1517415616022307	0.0503540037843012	0.13868414975526894	0.16489915876151784	0.13769874438554655	0.04819288710456245	0.05189711211567717	0.13368876436324373
0.0321804537916328	0.055399349486959355	0.06512084487878314	0.1680746808111217	0.08005324655374382	0.2295578252480826	0.09889273867182526	0.013021256684512386	0.06900839913962373	0.1886912047337152
0.06550925103187501	0.03734914978279824	0.12184223189593585	0.09543952689210239	0.09663663326649341	0.11093492890788054	0.1446389953186761	0.07750449650451408	0.04266379471496534	0.20748099168475903
0.07447552446595657	0.055060062619151674	0.09277161282799022	0.05236485917213255	0.10841734651865698	0.18913253551290454	0.13987295666102859	0.028385691699316373	0.06122599154685659	0.1982934189760059
0.0650827872583438	0.04854309667196456	0.024087858908026977	0.3572226326716752	0.07529873715788243	0.15723258442098417	0.10846172123259487	0.01474956482925334	0.034726664097048	0.11459435275222664
0.044145713782089736	0.06548554112877228	0.09950286408128506	0.19841089490126185	0.09117660915782981	0.11202304619743411	0.09854128623925697	0.0320855936052539	0.05184784446370805	0.20678060644310825
0.05629684181527011	0.07007713227402351	0.031853305903786586	0.2480371551379842	0.059949347355080077	0.2322082193463495	0.08719341488656937	0.04409515367020502	0.035867481021367484	0.13442194858936413
0.07015100817128553	0.039970717581821386	0.16469795524468595	0.26875523277093405	0.07525084757351679	0.10342017532918014	0.08677840689178394	0.015901119655057666	0.061359653523348205	0.11371488325838637
0.0408062230764184	0.041224766211933384	0.20419244975590795	0.06112788443193801	0.07180254600091765	0.1952242044144894	0.16255806722016447	0.0326309972189872	0.056350479718197996	0.1340823819510456
0.05368899624660148	0.03142252881779138	0.0628186419109702	0.29592268231273133	0.069260650706279	0.14143132833770172	0.12295105255744254	0.019394099239044005	0.04226429990042449	0.16084571997101377
0.07577152401589116	0.04370828276560746	0.04439350354376343	0.18189193166287537	0.10569140957020007	0.16037542662525567	0.14056421321392848	0.025843345340197957	0.05198373487287483	0.16977662838940555
0.04663461383265585	0.031750889423995815	0.17485849431239642	0.07128143380112709	0.07509533124097542	0.15380729892065037	0.14782519388000775	0.04452555357499191	0.05275881748461578	0.2014623735285836
0.05540290245726897	0.06722880305900064	0.15547191415816924	0.14034569000655134	0.06622670857107987	0.10290431846910324	0.15739352944229495	0.01561332648896814	0.04713097329745003	0.19228183405011356
0.03194831450679929	0.04946800422707182	0.042064233974684215	0.27684287447762734	0.08800967909791785	0.20573769368014774	0.12164225712445985	0.011584507337086047	0.0470680676582837	0.12563436791592222
0.058957116512862194	0.05978734333226466	0.03305893619952828	0.17073905674707376	0.11522971074232902	0.12424430603856354	0.1441972841756598	0.02455285503919591	0.05063338955279889	0.21860000165972393
0.04051464922846612	0.06545071760213939	0.05545662621196587	0.14207789324136644	0.07672781324585581	0.25864558211762567	0.07680093723552438	0.04597592186325228	0.04715978015580964	0.1911900790979944
0.07450492146640407	0.04023961588533462	0.21535435666738612	0.09855055837137136	0.0929108185594731	0.16906083372524794	0.12871494658030547	0.010896848299956546	0.04154018869782686	0.12822691174669393
0.052056211900844196	0.06015428801196579	0.05875671548284263	0.17083332810847585	0.12541595399151478	0.23772002637807121	0.09209423885998323	0.014637087956075823	0.06564414183009837	0.12268800748012815
0.044065704334394426	0.06759718222045313	0.06420930718088083	0.20435698162892652	0.1397860629764198	0.10320865274302864	0.16862148668056087	0.03362039677615998	0.06857760517835242	0.1059566202808234
0.06215522982062926	0.05805534894061822	0.04692930398216592	0.10390484498768753	0.08773169142730004	0.2509135791112366	0.11521793023248807	0.01333519953478804	0.05849474273754514	0.2032621292255412
