0.08859196667317683	0.08869070300777017	0.1257821759165215	0.17778386452404465	0.5191512898784867
0.08852426759525431	0.08861808211612368	0.1257428640308031	0.1779127697988329	0.5192020164589859
0.0887109946314897	0.08862278995580336	0.12559735276502815	0.17776232050426757	0.5193065421434111
0.08892214864666742	0.08862090967622785	0.125583415625883	0.17770920900503664	0.519164317046185
0.0885857997919725	0.08884413296814785	0.12549190129543994	0.17794465987487906	0.5191335060695605
0.08874498411040077	0.08869161649267004	0.12561482595665296	0.17777897158835168	0.5191696018519244
0.08871726217618683	0.08870139128983585	0.12547644854100695	0.17795794596935857	0.5191469520236116
0.08879746814132389	0.08858902116918715	0.1257885649947048	0.17771335898687138	0.5191115867079126
0.08873464472208456	0.08874294198155677	0.1256006175115288	0.1777839387204491	0.5191378570643806
0.0885883298832634	0.08885083523151105	0.12547093017058214	0.17786544519688913	0.5192244595177542
0.08866045996879394	0.08878413998574343	0.12550911255967517	0.1778035720867382	0.5192427153990491
0.08879089343091683	0.08867481380911565	0.1255263995562314	0.17776509312528388	0.5192428000784521
0.08862145067574644	0.08855748358306116	0.12581981338261833	0.17786430851030538	0.5191369438482686
0.08852146211486328	0.08864584240053874	0.12580321035140374	0.1779042403668507	0.5191252447663434
0.08856466966723804	0.08879918237375954	0.12560228301835286	0.17792423935805768	0.5191096255825918
0.08860512465123507	0.088738666778698	0.12583374094799726	0.17770750046759032	0.5191149671544792
0.08881492203887333	0.08882853200469273	0.12546912854099368	0.17777036068868457	0.5191170567267556
0.08866748623744122	0.08868844727810446	0.12549121917136438	0.1778979268969434	0.5192549204161464
0.0885833471998916	0.08889347652774804	0.12553538634876948	0.1777785016439847	0.519209288279606
0.0886778425136798	0.08866076911655305	0.1256004499793682	0.17775955722489944	0.5193013811654994
0.08857442461759489	0.08876351174326023	0.12550734086434012	0.17787226405509465	0.5192824587197099
0.08861171704910148	0.08883147184679405	0.12553309540084304	0.17778324352717806	0.5192404721760833
0.08861844267952548	0.08870670522758478	0.1258204926683661	0.1777412699287987	0.5191130894957248
0.08867512174687933	0.08883786589493561	0.1254662270072076	0.17787359047577855	0.5191471948751987
0.08879873052709672	0.08863899884624185	0.12563608097748918	0.17774948287612227	0.5191767067730498
0.08860265162332064	0.08871170100647771	0.125679976467517	0.17780645353509628	0.5191992173675882
0.08875860114946155	0.08864802453552431	0.1256360090538915	0.17780718751010505	0.5191501777510175
0.08873211506995918	0.08865916431814169	0.1257493166648775	0.17772423128458623	0.5191351726624353
0.08865794943451208	0.08860881234132541	0.12558285217406434	0.1778227102716795	0.5193276757784185
0.08855030548849101	0.08875138503296814	0.12569856210056687	0.17777128371562362	0.5192284636623501
0.0885619500674911	0.08892460636315988	0.12566332268615804	0.17772026967909788	0.5191298512040929
0.08875155569460026	0.08882448613701194	0.12546560600850082	0.17782391137847603	0.5191344407814108
0.0887779804041266	0.08857300377594753	0.12565524276463064	0.17773044196831111	0.5192633310869841
0.08862127595291275	0.08857808653998742	0.12553808151376536	0.17791088198757732	0.5193516740057571
0.08889030824356028	0.0885537818291838	0.12547222197030805	0.1777416716834286	0.5193420162735191
0.08851408253286117	0.08862612441154805	0.12581882813852063	0.17781743487138538	0.5192235300456846
0.08863803126676557	0.08860563098155616	0.12548709908110994	0.1778833162896754	0.5193859223808928
0.08857595230333454	0.08881205066284777	0.12563820468019327	0.17777626470850336	0.519197527645121
0.08871588061384339	0.08868744587804071	0.1255332367438497	0.17784269536739308	0.519220741396873
0.08859847924227444	0.08856927884796023	0.1258607209973571	0.17784870450300377	0.5191228164094043
0.08861445834761594	0.08862286194968076	0.12576649583701716	0.17786853206014622	0.5191276518055397
0.08878829768175497	0.08859147045921632	0.12549021673651894	0.1779429510173337	0.5191870641051759
0.08876267700950323	0.08871698447784909	0.12546159960542858	0.17790571325308152	0.5191530256541375
0.08867387547702235	0.08860610671787778	0.12576750916283216	0.177837498708826	0.5191150099334415
0.08861667011604499	0.08876765090693883	0.12563196937124776	0.1777675059641523	0.5192162036416159
0.0885733320589514	0.08888816706084747	0.1255453004445621	0.1778432940749306	0.5191499063607082
0.08866390957928738	0.08860688116755669	0.12558693930106307	0.1779450489436388	0.5191972210084539
0.08882305864987111	0.08867216041870876	0.12567980849708782	0.17772269747619743	0.5191022749581347
0.08876655736708691	0.08855943080025762	0.12553804252311385	0.17784106716063883	0.5192949021489026
0.08892208409575292	0.08861535190411579	0.12555978418445443	0.17779918550172846	0.5191035943139483
0.08853564607272282	0.08872197921701482	0.12572482016348674	0.17790286477332257	0.5191146897734529
0.08865396208467366	0.08859414985920569	0.12570947120104195	0.1778617968373811	0.5191806200176974
0.08855962601008689	0.08871719783437657	0.12563669620117218	0.17785471719989437	0.5192317627544698
0.08867549657916275	0.08866276173144377	0.12552449918140146	0.1778966714376382	0.5192405710703536
0.088516326210658	0.0887055559512154	0.12566919461151466	0.17785748014658467	0.5192514430800271
0.08857797039254789	0.08860107921571271	0.1258711031816682	0.17772305213206896	0.5192267950780021
0.08860304410601175	0.08872735306001919	0.1255767447549191	0.1779588397710644	0.5191340183079853
0.0887187188988881	0.0885801789463495	0.12587169363952694	0.17772121759841225	0.519108190916823
0.08872134832990516	0.08879451503473523	0.12547694338460358	0.17774155474879494	0.519265638501961
0.08851777798409523	0.08886114119427344	0.1255604079230295	0.17782868667122756	0.5192319862273741
0.08879311202536791	0.0886641163908484	0.12559781922960883	0.17778841703158693	0.5191565353225878
0.0885709824581356	0.0887346634630275	0.1257247601341532	0.1777879279123747	0.5191816660323089
0.08855393390224092	0.08878801781508659	0.12561456857658035	0.17775650239342827	0.5192869773126637
0.08851307122968796	0.08860170763726732	0.1258480069443751	0.17787359859550173	0.5191636155931678
0.08868799943463629	0.0886893541679456	0.1256172857866522	0.17790515609232732	0.5191002045184384
0.08873006082881907	0.08869577059480316	0.12546084584018843	0.17783384678240635	0.5192794759537829
0.08884168977812633	0.08856320472447037	0.12560183948233503	0.17778419565224549	0.5192090703628227
0.08862438829348315	0.08863385844203817	0.12580862607658425	0.17784300816362555	0.5190901190242687
0.08883805494932603	0.08858269585825373	0.12559172764887291	0.17787349492709015	0.5191140266164571
0.088718085594479	0.08880857344247439	0.12552797022597612	0.17773115980272325	0.5192142109343472
0.08880516709010423	0.08863852105216613	0.12566525357180416	0.1777773668806952	0.5191136914052301
0.08868158426066938	0.08888999001981643	0.12551689782562836	0.17773741836357382	0.5191741095303118
0.08861690023656205	0.08889268171447742	0.12555997561113524	0.17774010457094794	0.5191903378668772
0.08852584204356627	0.08881056430253728	0.1256213443670794	0.17775049985798466	0.5192917494288323
0.08853794619885784	0.08870259687680554	0.1258287514959838	0.17778151297604755	0.5191491924523051
0.08873372348607722	0.08865630952659007	0.12571111889391545	0.17778542625436314	0.5191134218390541
0.08861069451022348	0.08874647634131527	0.12550776384566192	0.1778903605488466	0.5192447047539526
0.08882972605231662	0.08856080205407474	0.125686561293338	0.1777348755910429	0.5191880350092275
0.08861296900129367	0.08879443110065371	0.12552701156918689	0.1777938612280108	0.5192717271008547
0.08886150796237749	0.08870758707547491	0.12554045491830107	0.1777445422699885	0.5191459077738578
0.08859971736226671	0.08888622982029747	0.12554676543712195	0.17773027682223352	0.5192370105580801
0.08864346006083573	0.08871665764275659	0.1256819567402079	0.17773034091417955	0.51922758464202
0.08857397934548747	0.0888552744219907	0.12565584527406487	0.17782313302797476	0.5190917679304821
0.0885084887405203	0.08878474987582616	0.12567858179695285	0.17786556283002894	0.5191626167566716
0.08859219437456173	0.0887136781970774	0.12566735951868996	0.1777573413578744	0.5192694265517963
0.08850944553918963	0.0888786073366756	0.12565304652580583	0.1778693439487966	0.5190895566495322
0.08864186445352963	0.08872683509782421	0.1255773427420677	0.17787570242494793	0.5191782552816304
0.08861017873713341	0.08889467265139613	0.12551896511009736	0.17777957970759206	0.519196603793781
0.08859286433883046	0.08873251896506863	0.12559422148598012	0.17788315873752214	0.5191972364725985
0.08865204290381695	0.08865220609301777	0.12546060579388646	0.17792863251947538	0.5193065126898033
0.08872408127258709	0.08868375429711631	0.12557417548035357	0.1779013677807817	0.5191166211691611
0.08888922441257735	0.08859655987737455	0.12554587284734953	0.17772922158695253	0.5192391212757459
0.08879350850597496	0.08883845034308169	0.12550681576687242	0.17771972085557486	0.519141504528496
0.08868353654382921	0.08857593305246714	0.12568393688895363	0.17796546382794665	0.5190911296868033
0.08877502057374542	0.0888040953007819	0.1255057194484587	0.17778924086269027	0.5191259238143235
0.0885997676316814	0.08868709814616059	0.12569800539072973	0.177922018244305	0.5190931105871232
0.08855384882753434	0.08892589820675659	0.12560723827459258	0.1777675643467353	0.5191454503443811
0.0885836284211565	0.08857064178596016	0.1256170231610097	0.17794125034269884	0.5192874562891747
0.08882713595498569	0.08861243498872651	0.12563336471333228	0.17773817807721298	0.5191888862657423
0.08850927732987146	0.08882282181283341	0.12553333216593843	0.17775163866281796	0.5193829300285386
0.08854462132656742	0.08880353629280696	0.12548438887235613	0.17779834177930656	0.5193691117289627
0.08871018659267285	0.08880051473891362	0.1254595165751951	0.17792090940817676	0.5191088726850415
0.08854896768975587	0.08874114988041595	0.12556389847877403	0.17795148662414834	0.5191944973269056
0.08862056343799282	0.088569225024206	0.1255556729578038	0.17785512023179786	0.5193994183481994
0.08856275339907112	0.08868193408907851	0.12555327660399626	0.1778016522829976	0.5194003836248564
0.08870583472844513	0.08861189201420172	0.12568724653750943	0.17781977411947614	0.5191752526003675
0.08870573597700966	0.08885491113280608	0.12560025216873277	0.17775024203460243	0.519088858686849
0.08852314616630982	0.08867495729365224	0.12586807261124333	0.17773412569782365	0.5191996982309708
0.08852768783151037	0.08870562328453395	0.12558685633335245	0.17794291974044524	0.5192369128101578
0.08854399431145743	0.08867052829261107	0.12553666682520676	0.17790215844759413	0.5193466521231305
0.08865607355171523	0.0887697233792829	0.1255547265001396	0.17780888206220774	0.5192105945066544
0.08865675083651046	0.08888624845874972	0.1254857710383236	0.17778944801095073	0.5191817816554654
0.08862028902443465	0.08874813769425227	0.12575002462624174	0.17770716595205743	0.5191743827030137
0.08868423452257179	0.08857715398500517	0.12558277450366118	0.177886200019495	0.5192696369692666
0.08878767136552776	0.08868361028983546	0.12552189988005005	0.1778586404103516	0.5191481780542351
0.08853926807769319	0.08878539091835405	0.12580800132553835	0.1777561783454859	0.5191111613329285
0.08870113300016463	0.08856570316958653	0.1254917334344883	0.17795893683082753	0.5192824935649328
0.08852972225267691	0.08859197884829861	0.12577642879380513	0.17796920723027823	0.5191326628749409
0.088546248699895	0.08881020143909502	0.12560648208978686	0.17776930950441805	0.5192677582668048
0.0885380154655698	0.08890003395201694	0.125473349571118	0.1778505550396204	0.5192380459716748
0.08853290525940981	0.08879468053285153	0.12555064607283478	0.1777196028344008	0.519402165300503
0.08886432379932933	0.08866577410961451	0.12545995098075619	0.1779071855608384	0.5191027655494613
0.08854348064217804	0.0887758741047057	0.12558997510954278	0.17788155078610873	0.5192091193574646
0.08887682492867749	0.08867835933636124	0.125631549873497	0.17772198695135402	0.5190912789101101
0.08854532560491175	0.08879909485296077	0.1254652167707015	0.17791488302482766	0.5192754797465982
0.0888177835853493	0.08866211008957547	0.12563792649887032	0.17776099212747684	0.519121187698728
0.08857786254176547	0.08872946887991284	0.12559432493061606	0.17779463927755573	0.5193037043701497
0.08865308433189142	0.08884051382234107	0.1255226483497383	0.17786078899241017	0.5191229645036188
0.08864659702039145	0.08873920088399546	0.12552449877676278	0.17795995936957276	0.5191297439492775
0.08868888667767758	0.08859884403991383	0.12564107400942942	0.1779533857113343	0.5191178095616448
0.08891248733612031	0.08869531830011368	0.12547391559756904	0.17780265546519308	0.5191156233010037
0.08885978797525679	0.0887081298429694	0.12547041268471865	0.17773929341518957	0.5192223760818654
0.08862271613924061	0.08890530738850018	0.12550122305106406	0.17779181579695766	0.5191789376242373
0.08877652572852594	0.08879097717784275	0.12550718347048823	0.1778203050711862	0.5191050085519566
0.0886006034917259	0.0889168841357991	0.12559604515217965	0.17779685364917622	0.5190896135711189
0.08854301972592735	0.08867909732877764	0.12581900704030435	0.17785573225497917	0.5191031436500113
0.08876025059781541	0.0885612905459997	0.12556430883314162	0.1777690617801294	0.5193450882429138
0.08873948644074114	0.08867207859753404	0.12565191417403312	0.17772767950903642	0.5192088412786551
0.0886693898844899	0.08874573962924356	0.1256326787617123	0.1778512065293283	0.5191009851952259
0.0887723314357937	0.08861093278169112	0.1256371960831129	0.177859044440909	0.5191204952584931
0.0887303548555197	0.0888582213284285	0.1255321986870974	0.17774613311772625	0.519133092011228
0.08872844976939259	0.08880449288712428	0.12549820882700458	0.1777276443567501	0.5192412041597283
0.08859370218967977	0.08871152712955022	0.12551187551625298	0.17781774282709936	0.5193651523374175
0.08852567148244504	0.0885503611490836	0.125757552860144	0.17786510241164294	0.5193013120966843
0.08868083926081705	0.08878883709514745	0.1256557185544785	0.177746736431136	0.5191278686584209
0.08856113361675794	0.08880774408688033	0.12558308142687694	0.17786667144651516	0.5191813694229694
0.08869256735087278	0.08864212516932052	0.12566851787412558	0.17780522237002028	0.5191915672356607
0.0887939852591296	0.08855433735668493	0.12553813273054254	0.17781255886917519	0.5193009857844676
0.08884845702290613	0.08864925589299466	0.12547517494018406	0.17780432766868676	0.5192227844752283
0.08879169193448377	0.08859575293930819	0.12550014007862387	0.17783881347999664	0.5192736015675874
0.08857269505404898	0.08856857116762182	0.12583037142903417	0.17792564247884432	0.5191027198704505
0.08857539086290225	0.08877093069311912	0.12566885717763698	0.1777734285133956	0.5192113927529458
0.08883517608392122	0.08864895535569886	0.12563397553386713	0.17777036313700045	0.5191115298895121
0.08867841025648131	0.08873246764926336	0.12554806921110084	0.17779931195081505	0.5192417409323393
0.08853852872601936	0.08878342240052897	0.125626874452831	0.17770833366990302	0.5193428407507175
0.0888336245915241	0.0886253474395338	0.12560158883110809	0.17774050024954746	0.5191989388882865
0.08856327944350134	0.08866778036363984	0.12579531129736202	0.17774583049650072	0.5192277983989959
0.08871068122306042	0.08863537061825108	0.12581740388824042	0.17770987255663886	0.519126671713809
0.08866616934577476	0.08879676770920292	0.1256742422297364	0.17771731019307369	0.5191455105222121
0.08858627519281452	0.08861362873126566	0.12560463730638266	0.17790551894633366	0.5192899398232034
0.08863980039667872	0.0886588372395402	0.12561803349009282	0.17786930850000388	0.5192140203736842
0.08865054344045628	0.08855974863534849	0.12558732947283394	0.1779054246671005	0.5192969537842607
0.0888718547090559	0.08857497923909952	0.12563054258004272	0.17774842360958576	0.5191741998622159
0.08876257465246168	0.08860731148159265	0.12566452156570196	0.1778764939091664	0.5190890983910772
0.08878089713836176	0.08866458503025579	0.12554203252480126	0.177812350714603	0.5192001345919781
0.08850805875916082	0.08878287355027531	0.1255882447283552	0.17785375647854446	0.519267066483664
0.08890117227055783	0.08855225552592494	0.12547796881890871	0.17781664992773155	0.5192519534568768
0.08873078731089201	0.08869077578164045	0.12566281434603266	0.17777983242755047	0.5191357901338842
0.08864426026950327	0.08857728066731685	0.12574507879858052	0.17774191545996396	0.5192914648046352
0.08861051635183914	0.08891438326167575	0.1254594941311918	0.17771978387334686	0.5192958223819463
0.08881750035271321	0.08861232080563612	0.12552386386654457	0.17771780614434934	0.5193285088307567
0.08876967025470969	0.08866749165905383	0.12561087934784698	0.1777373618755323	0.519214596862857
0.08865009732758107	0.0889050323953264	0.12556344339426104	0.17778391347887662	0.5190975134039547
0.08860449962065656	0.08876091033068	0.12566109843862305	0.1778410949708698	0.5191323966391705
0.0885263768533701	0.0886873938342099	0.12564105547643278	0.17783465254149444	0.5193105212944926
0.08866472484126828	0.08877202866747842	0.12551530657890103	0.17793065411928052	0.5191172857930716
0.08869203084531208	0.08864531833984841	0.12558248151380746	0.17783997895089737	0.5192401903501345
0.088688013220101	0.08864466273382797	0.12564702518779935	0.17779897873747946	0.519221320120792
0.0885097517425874	0.08862311684778061	0.1257634106184662	0.1777239988097261	0.5193797219814396
0.08869063983215927	0.08856991716541722	0.12570735689958354	0.17784912155813778	0.519182964544702
0.08856339013876238	0.08876386180325008	0.12556648066464735	0.17776272363720813	0.5193435437561319
0.0885088463478588	0.08866573538605496	0.12582082021157262	0.1777891685645766	0.5192154294899368
0.08859912287791129	0.08873395531547845	0.12558431563641032	0.17789506739930128	0.5191875387708985
0.0888298165506907	0.0885606360851198	0.1255076966712642	0.17792475285880155	0.5191770978341236
0.08854116223547023	0.08863109703188345	0.12576497398391379	0.17783657669995598	0.5192261900487763
0.08851013057006873	0.08891297868275536	0.12561917590720023	0.17773464924996119	0.5192230655900143
0.08864528587117264	0.08866100699108606	0.12553954998072878	0.17779843083911984	0.5193557263178925
0.08867477905492618	0.08857383757882366	0.12572242901854033	0.17779788178485645	0.5192310725628532
0.08863802271078386	0.0887359270253365	0.12562470100668036	0.17776335612712163	0.5192379931300775
0.08851959452270766	0.08863770796539033	0.12580278808632517	0.17789135231461245	0.5191485571109642
0.08884427468478845	0.08865122073603834	0.12547761926520656	0.17793215216902322	0.5190947331449433
0.0888102904413591	0.08862793056346896	0.12563054809880064	0.17781284353342025	0.5191183873629509
0.08861048308883092	0.08877626327287244	0.12555814488470635	0.177837361849605	0.5192177469039851
0.08869032121610085	0.08884520347649413	0.12546334584537222	0.17775333132981572	0.5192477981322169
0.08860396165722867	0.08863200285334345	0.12571842198889016	0.17775673052757338	0.5192888829729642
0.08858594443352263	0.08869845949876543	0.12548327643865864	0.17783130968317998	0.5194010099458731
0.08887519787639327	0.08861484368182115	0.12565725049314808	0.17772966528415274	0.5191230426644846
0.08882632113801917	0.08857926162931404	0.12557916210995407	0.1778869563717247	0.519128298750988
0.08870870172694054	0.08857339032882881	0.12582869747932945	0.1777896677392098	0.5190995427256913
0.08858512596233471	0.0888008913406205	0.12573804654719745	0.17771317170099118	0.519162764448856
0.0885344092244563	0.08882780593231566	0.12578085760726293	0.1777501890939723	0.5191067381419927
0.08865383169456476	0.08873662837426613	0.1254899749125279	0.17792004910950074	0.5191995159091403
0.08864703891388592	0.08866170999005371	0.1255646444057883	0.17790928438335896	0.519217322306913
0.0885535614068728	0.0886326839584422	0.1258510080845103	0.17786404972255712	0.5190986968276174
0.08855618595018758	0.08855437022288075	0.1257693587368242	0.17788538193040593	0.5192347031597013
0.08851731133015138	0.08892468050909845	0.1257059991610428	0.17773227792306165	0.5191197310766456
0.0885690844921601	0.08877178224209922	0.12560366131932843	0.17776171698325915	0.519293754963153
0.08859499798166727	0.08856504695778775	0.1257894586219835	0.17778274846783576	0.5192677479707255
0.0886498615652383	0.08885501454438466	0.12553589952960886	0.17780927575115277	0.5191499486096153
0.08875460401514228	0.08863106464738585	0.12565933343918506	0.1777606779052032	0.5191943199930835
0.08875779893744848	0.08869379266803508	0.12567434054735607	0.17773742651352908	0.5191366413336311
0.08852461445394738	0.08872633559643184	0.125677077993758	0.17778141997486213	0.5192905519810005
0.08882319843570582	0.08858490206960487	0.12558798966628124	0.1777542139188022	0.5192496959096057
0.08870768401357172	0.08855033183225963	0.1258103165393986	0.17770914481047914	0.5192225228042908
0.08875002950852187	0.08860691236155764	0.12557913406329285	0.17795977934315352	0.519104144723474
0.08866110783236811	0.08872967933056686	0.12548255778693576	0.177737576974453	0.519389078075676
0.08870150147381212	0.08858326697269527	0.1256090188763989	0.17789466039847696	0.5192115522786166
0.08852873859630173	0.08878274440997763	0.12564078525385708	0.17778394200588155	0.5192637897339818
0.0885461919643957	0.08883241656233767	0.12548019020694803	0.1778804835088013	0.5192607177575171
0.08860487544652704	0.08885755713600449	0.12554256619811327	0.17786370630504925	0.5191312949143058
0.08862545468045163	0.088870830933519	0.12550327322827537	0.17772363107157296	0.5192768100861809
0.08855425027613244	0.08859741893946774	0.12580564192834295	0.17776335798377152	0.5192793308722852
0.08857645189342092	0.08866886575555125	0.12580903935021243	0.1778025952284769	0.5191430477723383
0.08863306646531913	0.08868961253646886	0.12573854741412216	0.17783489120685722	0.5191038823772325
0.08852974826400128	0.0885645089051397	0.12577611113641313	0.17773683554545697	0.5193927961489888
0.08869934057131773	0.08878383419207943	0.1255980241526503	0.17778282686583208	0.5191359742181203
0.08855508418088404	0.08858876143219659	0.12583223872398053	0.177822590187709	0.5192013254752297
0.08874509153975181	0.0885537847085665	0.12566550403351784	0.17787990037039786	0.5191557193477658
0.08861170092592217	0.0888288761899213	0.12554674541867772	0.17779098511684321	0.5192216923486355
0.08855262445178114	0.08884759010049356	0.12546816142318867	0.17795075801147756	0.5191808660130589
0.08871129002873585	0.08869387532019019	0.12561951552768658	0.1777321865739998	0.5192431325493874
0.08878606405039116	0.08864969211893028	0.12555284774146497	0.17785346850018416	0.5191579275890292
0.08884233371021166	0.08862509139033371	0.12551898016882923	0.1779070360186343	0.519106558711991
0.0886734245601538	0.0885878230959043	0.1256983512569862	0.17776412099004507	0.5192762800969105
0.08878069636529831	0.0886906913432518	0.12546084589978068	0.17795274683539258	0.5191150195562766
0.08876218294805166	0.08856807815669825	0.1256937648324302	0.17773903336404126	0.5192369406987785
0.08876655522973181	0.08878985916681265	0.12552076665673967	0.17779652393717052	0.5191262950095452
0.08875401692458204	0.08866806652655014	0.1255349864251144	0.17794852134978228	0.5190944087739711
0.08870216662685833	0.08882139646929883	0.12546644554197323	0.17774546252038512	0.5192645288414843
0.08865674299193643	0.08855675491447546	0.12562566990133836	0.17783809378238438	0.5193227384098652
0.08873119562635536	0.08886710536695144	0.12546363428632024	0.1777853815162046	0.5191526832041682
0.08870331050949912	0.08877057304555871	0.12563513880112667	0.1777054776800437	0.5191854999637717
0.08854115969342047	0.08883140902907102	0.12574970009063358	0.17776462775593607	0.5191131034309387
0.0887220338074646	0.08858421487109101	0.1258091091884166	0.1777856663529171	0.5190989757801105
0.0888771991052129	0.08862847445740024	0.12550147049698163	0.17776614040287222	0.5192267155375329
0.08863582226817021	0.08880821910058084	0.12551601377221241	0.17791759689447528	0.5191223479645611
0.08859584655569387	0.08880099013742417	0.12557498985600793	0.17780601821266356	0.5192221552382104
0.08890096012074365	0.08861023020372	0.12546350572073728	0.17774388913399594	0.5192814148208029
0.08879334383869847	0.0888455749522894	0.12549369602470906	0.17775751441055335	0.5191098707737496
0.08862187959196671	0.08856993350597432	0.12574751457818478	0.1779543312348186	0.5191063410890554
0.08868708364591965	0.08857963188328467	0.1257744143605964	0.1778177626837006	0.5191411074264985
0.0887037180725784	0.08874342011270217	0.1256460079291499	0.17775240414329485	0.5191544497422745
0.08871762689432383	0.08870201767626357	0.12548293286532725	0.17775943581893858	0.5193379867451466
0.0886225563458855	0.0887773872722902	0.1255286209949044	0.1777233573030556	0.5193480780838642
0.08867062937438912	0.08888653544488176	0.1254846173879334	0.17775739696052292	0.5192008208322727
0.08882254283322524	0.08879733943381703	0.12547433233999408	0.17770744634624727	0.5191983390467163
0.0889176672565504	0.08858017025009177	0.12552646467563913	0.17781458701542688	0.5191611108022918
0.08866041733617905	0.08856772775895419	0.12568386095051504	0.17771914051701457	0.5193688534373371
0.08874508857875861	0.08861261605019086	0.12565026124741224	0.17779236810186577	0.5191996660217724
0.08857707589701935	0.08884639152054971	0.12549592991528696	0.17781632311703768	0.5192642795501061
0.08869058676634572	0.08862990048614258	0.12576933868969697	0.17777386268447498	0.5191363113733396
0.08886648868703918	0.08855031266184538	0.12562750597549813	0.17778353195141752	0.5191721607241997
0.08853319025430331	0.08882308072323444	0.12550047720584406	0.17784730715347108	0.5192959446631469
0.0886071811195216	0.08863224616646848	0.12559234615083606	0.17782955598116024	0.5193386705820136
0.08859017941788291	0.08872529437003548	0.1257311286190485	0.17785413793725213	0.5190992596557809
0.08881852392364856	0.08855221182193336	0.1254637490479443	0.1779330322638462	0.5192324829426275
0.08877651058632155	0.08876826865628767	0.12548658878272234	0.17775750750219071	0.5192111244724775
0.08858199908118072	0.08889101287669206	0.12570348039055754	0.17772855383459818	0.5190949538169713
0.08865974005408098	0.08877165573935378	0.12573633503643572	0.17771809755058945	0.51911417161954
0.08865693788037446	0.08874524437925714	0.12569805948511684	0.1777184074456567	0.5191813508095947
0.08861630195139725	0.0887909319972244	0.1255591994772745	0.1777112942770822	0.5193222722970214
0.08877149070328649	0.08862194690739905	0.12549771015337102	0.1778457311484256	0.5192631210875177
0.0885358798059051	0.08856107230822219	0.12577029407838045	0.17781238291010998	0.5193203708973821
0.0885895708474509	0.08879699928728328	0.12570308880005182	0.17777865139871923	0.5191316896664946
0.08856903259246256	0.08883163935261207	0.1256063231112303	0.17787956950598055	0.5191134354377144
0.0889165729087921	0.08869408882139113	0.12545708307080333	0.1777247790020926	0.5192074761969208
0.08882766386475738	0.08862890491574675	0.12569807448588166	0.1777499525805541	0.51909540415306
0.08859771556354985	0.08882680732441878	0.12550104012358204	0.17783340190018437	0.5192410350882648
0.08859307499216479	0.0887730336303471	0.12572035026473047	0.1777304793610579	0.5191830617516996
0.0888120364549985	0.088711510910357	0.125486087218658	0.17786189725504709	0.5191284681609393
0.08852898109335071	0.08877934282609883	0.12562843001673157	0.17771659936534456	0.5193466466984742
0.0886305974500297	0.08862312470273134	0.12552316599492852	0.17782458908589455	0.5193985227664157
0.08882938641935023	0.08855928991463233	0.12546070038861967	0.17774907088445993	0.5194015523929376
0.08883434543370998	0.08885572385844077	0.12546619008993712	0.17775079418008535	0.5190929464378267
0.08855029172756367	0.08870687175870651	0.12556733886471522	0.17785538279905633	0.5193201148499581
0.08879948370494532	0.08877702227438719	0.12551596674732812	0.17770636860501104	0.5192011586683282
0.08866360642168516	0.08864690936817671	0.1256730124680132	0.17788579872198998	0.5191306730201348
0.0885915189866206	0.08881812720093125	0.12563435744377383	0.17786120334271663	0.5190947930259575
0.08875788360536158	0.08861908940548735	0.12548918858704658	0.17774374200125437	0.51939009640085
0.08882613020963825	0.08855540896258557	0.12552062426197147	0.17784494331781758	0.519252893247987
0.0888158416150788	0.08856643557694896	0.12563556134780285	0.1777451241597763	0.519237037300393
0.08858174201819519	0.08880234254396333	0.12550043103218939	0.17778419649645955	0.5193312879091924
0.08876053134885288	0.0885641146684976	0.12569322258180315	0.17788206937967077	0.5191000620211754
0.08868029234595941	0.08874943175299957	0.12560024180473847	0.177832504184526	0.5191375299117764
0.08872027180929401	0.08868961518529692	0.12546722756707246	0.17789362202866357	0.5192292634096729
0.08867532581519286	0.08885526879314809	0.12546762028290437	0.17784014663454903	0.5191616384742055
0.0887942051940657	0.08861576491611299	0.12557394458791638	0.17778287282598199	0.5192332124759228
0.0885495193749618	0.0886262756408674	0.12575492407988914	0.17778756168106954	0.519281719223212
0.08863895884716291	0.08869726901715258	0.1254825904940114	0.17782521506278864	0.5193559665788843
0.08877739258846484	0.08856412657903819	0.1256637968664992	0.1777949775125995	0.5191997064533981
0.08867104420219275	0.0885508883045323	0.125863507342249	0.17777314270567862	0.5191414174453473
0.08875066251735904	0.08864370708342117	0.12571854571703298	0.17770782597158344	0.5191792587106032
0.08871422957847849	0.0885540133651644	0.12572795301850923	0.17789051882046655	0.5191132852173812
0.0887663419460375	0.0885550891305403	0.12564374069581946	0.17770574108355217	0.5193290871440503
0.08857893601441325	0.0886338290261959	0.1255254061148544	0.17786833689886478	0.5193934919456715
0.08874439870782778	0.08868095287312389	0.12552309375795184	0.17782694239278074	0.5192246122683156
0.08876056782039152	0.08880547655211876	0.12552519656521682	0.17770572835221238	0.5192030307100604
0.08861607192810513	0.08874211944050295	0.12556315911846477	0.17796087339764732	0.5191177761152796
0.08867859660769634	0.08868181538393621	0.12559000285368035	0.1778001542236339	0.519249430931053
0.08854457862058807	0.08883903200360299	0.12548664051269962	0.17788825594967136	0.5192414929134378
0.08862032221784955	0.08892139800844187	0.12552753578083078	0.17774986276248972	0.5191808812303879
0.08868912273192864	0.08873193720624524	0.1256114353650143	0.17786450120193245	0.5191030034948791
0.08863569324438147	0.08882160600265337	0.12550631658407402	0.17794371100750198	0.519092673161389
0.08851933376008969	0.08857160505856575	0.12571026260248427	0.17794591000873838	0.5192528885701218
0.0888786756175603	0.0886140619026834	0.12552138136653046	0.17777157410978148	0.5192143070034443
0.08880788384159548	0.08865143998729404	0.1255829315825046	0.17776363344397209	0.5191941111446337
0.08859897147710641	0.08880343797877638	0.12548340169280703	0.17792693801455392	0.5191872508367561
0.08877013054181804	0.08855765148772754	0.12557206346869287	0.17793666593137342	0.519163488570388
0.08857042626932249	0.08882317544846764	0.12546697313177865	0.1779485769956929	0.5191908481547381
0.08871223096607476	0.08861250584055541	0.12547276148045672	0.17781328280756586	0.5193892189053471
0.08855148735071802	0.08866508984498181	0.12573326750577418	0.17791595830096912	0.5191341969975567
0.08860514458035333	0.08870811510839276	0.1255813895148515	0.17790563292567127	0.519199717870731
0.08861162405296208	0.08857277761366478	0.12580490119514215	0.1778817653923728	0.5191289317458581
0.08873217361838892	0.08866697117495484	0.12556402264853583	0.17781894816098048	0.5192178843971398
0.08859012003077243	0.0885969560052994	0.12584311580169832	0.17788152438719934	0.5190882837750304
0.08873701860384745	0.08870835681211457	0.12558389323945707	0.17785526614539776	0.5191154651991831
0.08870278505339989	0.08882880941646219	0.12546984286170748	0.17787114557570333	0.519127417092727
0.08887265385114529	0.08855531984897226	0.12551448432109155	0.17784400631240393	0.5192135356663868
0.08863366989983501	0.08869580569669602	0.12575187676940142	0.1777328519775581	0.5191857956565094
0.08874150329065553	0.08861446714883686	0.1254707884341279	0.17781070280146288	0.5193625383249167
0.08854102654882326	0.08873455735059604	0.12548636567568616	0.17784716353755314	0.5193908868873413
0.08851498373413522	0.0886189439035258	0.12578322576082263	0.17779638749891824	0.519286459102598
0.08852869786615392	0.08886687766728087	0.1256162447696761	0.17776320024259173	0.5192249794542972
0.08855767772974744	0.08872531900336261	0.12564640730086082	0.17779093204855556	0.5192796639174734
0.08875777762902531	0.08883077993324213	0.12550043628151608	0.1778187564753861	0.5190922496808301
0.0885710526218427	0.08864648971228736	0.12561206885241377	0.1779102532632132	0.5192601355502429
0.08859157329238665	0.08888669864016166	0.12562444546384405	0.1777470067685801	0.5191502758350274
0.08868662227044442	0.08869172549003947	0.12559362170181723	0.17793426984194266	0.5190937606957561
0.08876524983404262	0.08864691187319071	0.1255437387716034	0.17775476824257785	0.5192893312785852
0.08868930751146764	0.08879639217345414	0.12555472710041715	0.17782587763706476	0.5191336955775963
0.08852436750940931	0.08888294584750017	0.12562865702661613	0.1777981242980406	0.5191659053184337
0.08861836646937846	0.08866973757111575	0.1256198728013675	0.17792242900543484	0.5191695941527033
0.0888964760914796	0.08856462637862327	0.12551598046654697	0.17780976318368913	0.5192131538796609
0.08873514520479672	0.08856862442643526	0.12565694971352387	0.17773707397255012	0.5193022066826939
0.08866352910173295	0.08875644288084888	0.1255902072147267	0.17771848422814296	0.5192713365745484
0.08852214741141828	0.08862222836746941	0.12564418788274856	0.17781578475663792	0.5193956515817257
0.08854766600609723	0.08886203457684982	0.12547173737588294	0.1777208080908899	0.5193977539502799
0.0887499403441625	0.0887377538010582	0.12546354924847886	0.1779224790457128	0.5191262775605875
0.08856744888139995	0.08890639028367624	0.12559260944768846	0.1777590087589954	0.5191745426282398
0.08877080307991254	0.0885619057497267	0.12556839325811622	0.1779682589914131	0.5191306389208312
0.08860556533208509	0.08871819079311188	0.12577102558516473	0.17780675773764273	0.5190984605519955
0.08875620235515258	0.08871677368604118	0.12551493067676558	0.1778415290235172	0.5191705642585234
0.08862567812047664	0.08871397181281715	0.12547903926938164	0.1779585966129538	0.5192227141843706
0.08875452749794804	0.0885989553020961	0.12570923934763018	0.17782761780514836	0.5191096600471772
0.08883995502267501	0.08868008452144802	0.12551043278991253	0.17783155967600645	0.5191379679899579
0.08878000814295256	0.08860867615302867	0.12554387843889164	0.17771084909477763	0.5193565881703494
0.08852158988241296	0.08884975138962958	0.1256744814212281	0.17782195444248755	0.5191322228642417
0.08871294452037484	0.0887835434429308	0.12557640452280322	0.1777632262657066	0.5191638812481845
0.08854414437915498	0.08870748948606753	0.12553955971117614	0.17788015537194432	0.5193286510516568
0.08875910048204211	0.08867861934844887	0.12549622511415826	0.1777198555099164	0.5193461995454343
0.08867362719287841	0.08869061131126638	0.12551833577180854	0.1778693372563805	0.519248088467666
0.08881094467090107	0.088585433434014	0.12565377642975226	0.17772050047655352	0.519229344988779
0.08874079159529186	0.08862152611564957	0.125550658924158	0.17782917818741398	0.5192578451774865
0.08876532274308566	0.08863110733726756	0.12555227530865287	0.17787062675694038	0.5191806678540534
0.08875684187100509	0.08878351638948975	0.12563121950065637	0.17773652216791277	0.5190919000709359
0.08876336589426814	0.08865756154617913	0.12568845539008192	0.17773800192234157	0.5191526152471291
0.08883803122769271	0.08856420855038577	0.12559552887078013	0.1777498197527448	0.5192524115983965
0.08857037973289836	0.08868379915035729	0.12575455063181562	0.1778241717271825	0.5191670987577461
0.08857366328199427	0.08857964713252794	0.1256646560903173	0.17782331559870068	0.5193587178964596
0.08859506555150028	0.08876125962766955	0.12564914812016661	0.17781118898584056	0.5191833377148228
0.0888323647121374	0.08863529637897538	0.12553226721556227	0.17776691703683908	0.5192331546564857
0.08872410718835473	0.08868061190944491	0.12564867867540813	0.17778358914803694	0.5191630130787551
0.0885136827906445	0.08879192716490578	0.12584820950423017	0.1777413073765442	0.5191048731636752
0.08862483258199237	0.08878820599687384	0.1256381444524734	0.1778383944218909	0.5191104225467693
0.08866001672546928	0.08873381326035817	0.12550118573833866	0.17785590952040842	0.5192490747554253
0.08864847324540395	0.08868445987230317	0.1255421983495077	0.1778937477796925	0.5192311207530925
0.08860515827866688	0.08881708624950602	0.12546533109390864	0.17775506921393755	0.5193573551639807
0.08855173677686551	0.08885054993650124	0.12557839833352394	0.17772119365363176	0.5192981212994774
0.08866355790483252	0.08867621800494255	0.12551844751555913	0.17791210584275782	0.5192296707319078
0.08881650755693823	0.08855039718087923	0.12551056050187262	0.17773324914216218	0.5193892856181476
0.0888616458724508	0.08866452287591417	0.12547923444284573	0.17772798481775168	0.5192666119910375
0.08873826763162201	0.08861469084010745	0.1257389166389168	0.17770653997831098	0.5192015849110426
0.08851568637603226	0.08876362423675582	0.12564303124457352	0.17791045865268523	0.5191671994899529
0.08874386147406957	0.08867940319980404	0.12550902189417465	0.17781532563604888	0.5192523877959028
0.08885911017542587	0.08859787304540362	0.12567356893896386	0.1777636928744061	0.5191057549658004
0.08851762729883556	0.08869400273612328	0.1254804357682643	0.17791209876089678	0.5193958354358799
0.08858196358308881	0.08869958706693923	0.1255613723144519	0.17784757097692955	0.5193095060585904
0.08857832116420725	0.08868551228178138	0.12545808882564963	0.1778863511964671	0.5193917265318945
0.08860887129334627	0.08879799422233683	0.12547507808531194	0.1779193899551792	0.5191986664438256
0.08861089874895191	0.08855932361381266	0.1256128811424625	0.1778202162264791	0.5193966802682937
0.08868545600027972	0.08859556414527857	0.12550438903303618	0.17793397831297605	0.5192806125084293
0.08872312895980039	0.08882278208051328	0.12548112903931907	0.1777053109401	0.5192676489802671
0.0886783459115405	0.08875542793005145	0.1257278541800056	0.1777120971978342	0.5191262747805682
0.08852338476619429	0.088880972502686	0.12556255710389636	0.1777235307866126	0.5193095548406106
0.0888238051840557	0.08860407312167551	0.12564767119820566	0.17780224875211914	0.5191222017439439
0.0889219619824757	0.08857345841975807	0.12550663576039822	0.17778721484726479	0.5192107289901031
0.08890368321548947	0.08860822199997984	0.12549318970363743	0.1779010099562431	0.51909389512465
0.08853460666191035	0.08877391679070559	0.1257225944633782	0.17787599313777228	0.5190928889462334
0.08852802712360341	0.0888908183234873	0.12553337696085518	0.17787888965322218	0.5191688879388318
0.08872072994139067	0.08885381222204662	0.12553763403701018	0.17771732451088545	0.5191704992886669
0.08863746258431676	0.08863644983423744	0.12569866159840576	0.17777287556105612	0.5192545504219838
0.08866539499502615	0.08870191170011596	0.12551520268951943	0.17778842086832775	0.5193290697470105
0.08864848493226965	0.08855521475838266	0.12564093172939642	0.1779680519347221	0.519187316645229
0.08886062909800815	0.08868243691768421	0.12555656973155904	0.17774881331370196	0.5191515509390465
0.08857594561974723	0.08874032444838281	0.12568402459269012	0.17776463214952692	0.5192350731896527
0.08877826396772696	0.08867280824564996	0.12548550198969763	0.17785598245075207	0.5192074433461732
0.08870801997659128	0.08863059461889372	0.12565054250377589	0.17780304877075934	0.5192077941299796
0.08860946930695306	0.08876940280395351	0.12570862649295755	0.17780361363751343	0.5191088877586223
