0.12098651606781916	0.3779997730216026	0.5010137109105783
0.18728066667556423	0.314229668639412	0.4984896646850239
0.19249018874559962	0.3423867126654885	0.46512309858891204
0.16952924829759863	0.45766112413352816	0.37280962756887326
0.13366564258211164	0.5945426352580734	0.2717917221598152
0.17123924589864428	0.5161783286176247	0.3125824254837311
0.1374135787744482	0.5983894250392454	0.26419699618630654
0.10703873897107491	0.3196899361683182	0.5732713248606071
0.15129699852700593	0.3816622359348459	0.46704076553814833
0.16840152052465696	0.30766491711524135	0.5239335623601018
0.16467948059825854	0.3055680112233038	0.5297525081784378
0.15654198985362713	0.4731405613157974	0.3703174488305756
0.18797628736002825	0.4030073558943795	0.40901635674559234
0.14478477614026222	0.301978354894186	0.5532368689655519
0.08488051882102735	0.37809745333669315	0.5370220278422796
0.1398559420968745	0.3151720609135783	0.5449719969895473
0.13661420927072665	0.5599660109609677	0.30341977976830575
0.1265851312127938	0.6224817707876766	0.25093309799952973
0.11332373215609237	0.4423654698770327	0.44431079796687506
0.09273486906367504	0.5306157069827785	0.37664942395354656
0.19370492083550647	0.4829266142372475	0.3233684649272462
0.08276165346327824	0.3495607108831986	0.5676776356535231
0.16684663694263177	0.3353536170357651	0.4977997460216032
0.12094413198212961	0.3175756622342377	0.5614802057836328
0.08986022217505918	0.61097637220818	0.29916340561676097
0.09417874182805097	0.4925313928760504	0.4132898652958988
0.10204548787766449	0.5189086211489666	0.37904589097336894
0.1719509585248616	0.5652687279843782	0.26278031349076025
0.1559112734478153	0.3878219095540126	0.4562668169981723
0.18992308582834816	0.2896063075270599	0.5204706066445921
0.19217663477904182	0.3378630781714175	0.46996028704954085
0.1657729328180547	0.45336130099388533	0.38086576618806006
0.08926941264905508	0.5454625926463994	0.36526799470454563
0.1099288743745003	0.606500594523581	0.2835705311019188
0.1796775252955245	0.4720741878898148	0.34824828681466086
0.1479635367319645	0.48458660450410923	0.36744985876392644
0.12257606608569885	0.6222413590412186	0.25518257487308266
0.09822207319310716	0.5302677266282116	0.3715102001786813
0.10825898281150437	0.38161790049360667	0.5101231166948891
0.10685889354587819	0.3477858601000529	0.545355246354069
0.18684030890152187	0.4501418445766392	0.36301784652183905
0.18795775301597406	0.4272595515450887	0.38478269543893734
0.08886639868239876	0.5879287649362313	0.3232048363813701
0.08862187130640459	0.5671142781441219	0.3442638505494736
0.1177771862341056	0.5833617330568455	0.2988610807090491
0.19595825197751265	0.456154057776515	0.34788769024597244
0.13966505587045328	0.5759635136946639	0.28437143043488294
0.11370422652319906	0.6118590248011258	0.27443674867567536
0.10078918411318982	0.4473232680225376	0.4518875478642727
0.15273356904403337	0.47721920647855565	0.37004722447741106
0.18963934624432946	0.5295172032066653	0.2808434505490053
0.16642065912284826	0.33306662810231974	0.5005127127748321
0.14178095935439858	0.35676334746778593	0.5014556931778156
0.10986140552236542	0.5096545032837367	0.3804840911938979
0.12693207024767983	0.3553373931097962	0.5177305366425241
0.11369452062585753	0.4308081658345985	0.4554973135395441
0.08546027874433343	0.5555920676827669	0.3589476535728998
0.1832134500953696	0.5244913257404369	0.29229522416419357
0.1846701354436834	0.46254071553996606	0.35278914901635067
0.10555522272810053	0.5312246064817181	0.36322017079018154
0.1497282429125772	0.47094847783219573	0.37932327925522713
0.09474786086816975	0.40940538326164466	0.4958467558701857
0.14407160494667307	0.5064850738215225	0.3494433212318045
0.1070740599819541	0.5455288047942974	0.34739713522374854
0.14530742772204366	0.3876650768974663	0.46702749538049015
0.08209618591214074	0.41387959416372755	0.5040242199241318
0.18939836010990144	0.3227101231594383	0.48789151673066034
0.13475162448687125	0.3663761270268844	0.49887224848624445
0.1521552085990488	0.5224519294286223	0.32539286197232903
0.16023034002133985	0.43081712000654254	0.4089525399721177
0.09503320823725142	0.4528973703404169	0.45206942142233175
0.08647181357785577	0.5115597504386964	0.4019684359834479
0.1409107638432143	0.3066306046714077	0.5524586314853781
0.126544869103691	0.3345776759337223	0.5388774549625868
0.15370953216097555	0.2747868703303723	0.5715035975086523
0.1089219647707188	0.5485143553056939	0.34256367992358744
0.08674243819655941	0.5117703750935612	0.40148718670987954
0.18499010260543627	0.37664552189856293	0.4383643754960009
0.11872133899573117	0.29861521054941415	0.5826634504548548
0.16589324750697954	0.34853673209319125	0.4855700203998293
0.11084765468938168	0.6007140780281784	0.28843826728244004
0.13276873173594508	0.3260210570532095	0.5412102112108456
0.15668315432753463	0.33646743806462553	0.5068494076078399
0.18403149685615708	0.30985531549963813	0.5061131876442049
0.14595885519789936	0.5763554688268084	0.2776856759752923
0.19201696289282505	0.4641619427244927	0.3438210943826824
0.12420752717674793	0.5541985150201911	0.32159395780306105
0.09717287023164378	0.5054509021015969	0.3973762276667594
0.1324875561242373	0.4264844568255526	0.44102798705021024
0.13400068617918257	0.6146001044562077	0.25139920936460985
0.17981766274314118	0.42705980018904155	0.39312253706781736
0.10266396566489908	0.5302286900131181	0.36710734432198294
0.1577062026528976	0.3556698574483654	0.48662393989873715
0.15662522617967092	0.25737236830698046	0.5860024055133487
0.1646690577046712	0.3523528393175067	0.4829781029778222
0.19417391616664226	0.4875592546267252	0.31826682920663263
0.10865435042525323	0.5839192817782565	0.30742636779649046
0.1602313481801314	0.49096202511279574	0.34880662670707296
0.1655283570884102	0.5224359510098638	0.3120356919017261
0.08337288816401395	0.49344643456269727	0.4231806772732889
0.18062944707993406	0.3713631694151425	0.44800738350492353
0.10149609003459195	0.40847050456494194	0.49003340540046625
0.1828191084815309	0.3832490960632435	0.4339317954552257
0.09773013966159788	0.42239553658845685	0.47987432374994543
0.19278959333796578	0.4487275494025329	0.35848285725950146
0.11249353724864958	0.6058815378066554	0.2816249249446951
0.11160783651243372	0.575195438054238	0.31319672543332844
0.17129996032067552	0.5096731638178458	0.31902687586147893
0.14527018645586226	0.4042591822634818	0.45047063128065606
0.12646121695890522	0.36327777431087244	0.5102610087302224
0.1937371350993567	0.3212605837743473	0.4850022811262962
0.18391821657615082	0.32138411449067533	0.494697668933174
0.19377883012490657	0.5144675344620564	0.2917536354130372
0.13658563777828764	0.4902570458595042	0.3731573163622083
0.13144562701964108	0.4560566392264561	0.41249773375390286
0.15317122379248857	0.5933101891133103	0.25351858709420116
0.15491548572594183	0.3639444210501405	0.4811400932239178
0.12131587073501249	0.5477870516244453	0.3308970776405423
0.08613487446231471	0.5407668890723689	0.3730982364653164
0.18845029133525248	0.5278017156910755	0.2837479929736722
0.12366149738635951	0.5288591386097035	0.3474793640039372
0.19291038619694525	0.22118611375672337	0.5859035000463315
0.1864824637534332	0.4731205282036527	0.3403970080429143
0.12570681140851392	0.3130895525208714	0.5612036360706149
0.1262453563953866	0.3521746208767101	0.5215800227279034
0.13982253447104875	0.40646359602952475	0.4537138694994266
0.09677104253137425	0.43737894737116206	0.4658500100974638
0.14387616060127087	0.3761442649013168	0.47997957449741246
0.08656067114794516	0.516007705809813	0.3974316230422419
0.11072065163358838	0.3527448816596434	0.5365344667067684
0.10091702887553569	0.5694138181954495	0.329669152929015
0.1489873519684456	0.4888950476421654	0.3621176003893891
0.14979936465507743	0.5678750567210703	0.2823255786238523
0.11039429863533001	0.31683781975013414	0.572767881614536
0.16159963213808992	0.3897981007652218	0.4486022670966884
0.10258592420672574	0.3637909512407678	0.5336231245525065
0.12289869980739793	0.43272045146174015	0.44438084873086203
0.10628987025720393	0.46019585482679465	0.4335142749160016
0.18807213481716195	0.2812250049868877	0.5307028601959505
0.08587653115412894	0.535072150991112	0.37905131785475904
0.08424492053940918	0.6592228821284964	0.2565321973320945
0.1728177417391515	0.3565399971432941	0.47064226111755453
0.11751695113262325	0.6355947184164483	0.24688833045092862
0.12547735787377748	0.48841868874060157	0.3861039533856211
0.14288119529377946	0.48634073456475824	0.37077807014146247
0.09719891582034151	0.43048408053360127	0.47231700364605733
0.12093767338518552	0.4161488477963127	0.46291347881850187
0.10882301492272034	0.4547947934301872	0.4363821916470926
0.08307668775233296	0.5927895000307777	0.3241338122168894
0.17634709959677936	0.48426276821571673	0.339390132187504
0.08938367486769339	0.5480943193955735	0.3625220057367332
0.11554917660932981	0.5422863794710546	0.34216444391961565
0.08692629074854885	0.6552583924634781	0.25781531678797315
0.1688856035127516	0.5667208863664778	0.26439351012077084
0.1058449979354466	0.42323374785937456	0.47092125420517894
0.09817167407977997	0.6241448083238221	0.2776835175963981
0.18131736179305283	0.3705708190638396	0.4481118191431077
0.1373680362083197	0.611622888032245	0.25100907575943543
0.16740834112081948	0.40208464224257856	0.43050701663660207
0.10692719823002503	0.3495155534343248	0.5435572483356503
0.15577521636643468	0.48316501936804807	0.3610597642655174
0.16548277321052265	0.5632330053929941	0.27128422139648334
0.09563689059483788	0.4240085127107551	0.48035459669440717
0.1353505847116083	0.4698339612488261	0.39481545403956575
0.09628949809421461	0.38699142045128854	0.516719081454497
0.1231934250052239	0.2997042242982711	0.5771023506965052
0.10145609381564294	0.4043700391531408	0.4941738670312164
0.0839604123421796	0.5991664735284373	0.3168731141293832
0.1446484165122573	0.5878170584610303	0.2675345250267126
0.16729871509104763	0.507253958707393	0.3254473262015595
0.15799825763292832	0.5693064129459704	0.27269532942110136
0.11313715608953415	0.5275611584469525	0.35930168546351343
0.1013533221072373	0.3515111746525857	0.5471355032401771
0.16680647806755824	0.5117340186489895	0.3214595032834524
0.18258006885791908	0.5303107000514613	0.2871092310906197
0.1841838277262281	0.2754671885067065	0.5403489837670655
0.17267060963139663	0.27891126127939836	0.5484181290892052
0.163823999753958	0.36511902134144664	0.4710569789045955
0.0947054571725266	0.42606846686165806	0.47922607596581546
0.12579354047187286	0.5615322700422294	0.312674189485898
0.1303089610782213	0.5059306812752286	0.3637603576465503
0.176878194649957	0.39611596054324005	0.4270058448068031
0.09463792039844462	0.36988437468386637	0.5354777049176891
0.15098568372254528	0.3160031349989407	0.5330111812785141
0.17745154059698104	0.469004311212984	0.35354414819003505
0.1402533770262014	0.41494206113858484	0.4448045618352139
0.1449018848359772	0.5714320047847602	0.28366611037926265
0.0938593798055275	0.570708376819907	0.33543224337456556
0.13484321105475866	0.30701107141135087	0.5581457175338906
0.18662273260681428	0.2755838757917877	0.5377933916013982
0.15105376838356685	0.5494654968300042	0.299480734786429
0.0967659939046405	0.4917891843449995	0.4114448217503601
0.08580406439781568	0.5605437854723843	0.3536521501298002
0.17693701528069544	0.5250438288435696	0.29801915587573513
0.18064528738387953	0.42827038253694616	0.3910843300791744
0.08974832951118228	0.5594706213053809	0.35078104918343694
0.1779574303122161	0.5772037934767494	0.24483877621103461
0.1408893492992938	0.46311809529750936	0.395992555403197
0.10252444399388722	0.6511271964517199	0.246348359554393
0.15411690169981443	0.5227943748217433	0.32308872347844236
0.12426041567051091	0.5375196096562574	0.3382199746732318
0.08478181625102016	0.5807929558865059	0.334425227862474
0.1677632215743358	0.5142963801436659	0.3179403982819985
0.19204353591474108	0.42348501063702204	0.38447145344823697
0.0867824604591696	0.6678184496859327	0.24539908985489778
0.16350620638853827	0.324631817243998	0.5118619763674639
0.16280994972020119	0.5688159198207041	0.2683741304590949
0.13953173247323702	0.3595688762762045	0.5008993912505586
0.08638456052868049	0.4295756085611442	0.48403983091017544
0.08308383362380561	0.3996113092942933	0.5173048570819012
0.09639971551819887	0.595217217992777	0.30838306648902414
0.12971218774492868	0.47803537144886765	0.3922524408062038
0.1615190803854125	0.5675680591552278	0.27091286045935986
0.1587853342662573	0.5046567324687211	0.3365579332650217
0.16014362490918416	0.5456040438934437	0.29425233119737226
0.18808960193430718	0.46809931333039567	0.34381108473529726
0.10452147795855793	0.3181806180972169	0.5772979039442252
0.19010057488363838	0.23766687468139475	0.572232550434967
0.1553666086878681	0.47102044873255366	0.37361294257957833
0.1758639368545355	0.5769178265982953	0.24721823654716932
0.11184026825006876	0.4958130821607727	0.39234664958915866
0.1215679044968156	0.30279846608182076	0.5756336294213638
0.13664202656161445	0.49639933173095535	0.3669586417074303
0.12678898847353884	0.397389492416935	0.4758215191095263
0.13040823191174605	0.5217788739691458	0.34781289411910826
0.09363365619735181	0.38173642719390055	0.5246299166087478
0.09768884043597709	0.5127017998481486	0.38960935971587446
0.14774713535247397	0.3080489202788396	0.5442039443686866
0.1375192240963253	0.292937226445155	0.5695435494585198
0.09874319456596048	0.3908142520419384	0.5104425533921012
0.08446889119377105	0.5356389301549491	0.37989217865127994
0.1928356221541124	0.32441170584268386	0.4827526720032038
0.12328457083409897	0.34049480692251516	0.536220622243386
0.1245780626012972	0.4252983178660729	0.45012361953263
0.15260707621372063	0.5713700557349186	0.2760228680513609
0.1765454240568293	0.5324396141157682	0.29101496182740255
0.18603471148663409	0.24255017292580627	0.5714151155875598
0.15073264779228654	0.3457337469855267	0.5035336052221868
0.15511701073735756	0.5316459787881525	0.3132370104744901
0.1434252058456083	0.5920863620211757	0.2644884321332161
0.18873841266702238	0.41296346261948835	0.3982981247134894
0.1742176143711574	0.2846476392918451	0.5411347463369977
0.15055891470606786	0.449680886176402	0.39976019911753025
0.1261703711994662	0.5407719109042985	0.3330577178962354
0.11642429195764831	0.5324925851642635	0.35108312287808835
0.1704798679667162	0.5531687509332404	0.2763513811000436
0.09067495659282077	0.612115872557864	0.2972091708493153
0.10579625933515929	0.4796899938905652	0.41451374677427566
0.1505572224849266	0.33803804912518975	0.5114047283898837
0.08726727163868997	0.3685756227518572	0.544157105609453
0.1755728262094763	0.42906936933385037	0.39535780445667346
0.17943287131621558	0.3253518458605576	0.49521528282322697
0.1786403440882116	0.24389735879978997	0.5774622971119986
0.15720833085936178	0.5670932433857115	0.2756984257549268
0.1255118742968782	0.572584031619451	0.30190409408367086
0.13221241211313728	0.343298444385004	0.5244891435018588
0.18759944540599044	0.4406104367243618	0.3717901178696479
0.16244668939589185	0.47036828307330836	0.3671850275307999
0.121904606521961	0.5501128991398787	0.3279824943381604
0.15719455863867265	0.4042380462165433	0.43856739514478416
0.13903208290909785	0.5041724239092019	0.35679549318170034
0.18962644509555704	0.5338840034319963	0.2764895514724468
0.10305953038266075	0.31036565105869096	0.5865748185586483
0.16792781298329706	0.416982161602824	0.41509002541387907
0.18190165666579577	0.2666668439985518	0.5514314993356526
0.08481063344425527	0.3569123502549741	0.5582770163007708
0.14194577051881402	0.2762759609269357	0.5817782685542505
0.09885750382163405	0.441021875513801	0.46012062066456505
0.18979558533758117	0.31254572214920573	0.4976586925132132
0.09003631028240466	0.4487011400552248	0.4612625496623706
0.15240002789561016	0.47437604116870463	0.3732239309356853
0.08649755947542212	0.4967776586920344	0.41672478183254363
0.09982844584381353	0.6312175723326477	0.2689539818235388
0.10339558590357628	0.5012722277623339	0.39533218633408995
0.11792299500423414	0.48010878427428827	0.4019682207214777
0.17116729748818768	0.5545241649050819	0.2743085376067305
0.09474428266607968	0.37320056066980895	0.5320551566641115
0.08265959053824612	0.5635209771277779	0.35381943233397606
0.17835165218668608	0.5044918147094636	0.31715653310385045
0.16693056033341963	0.4273570387743088	0.4057124008922717
0.09964315542965835	0.4598953684596242	0.4404614761107175
0.1343737140963071	0.3957930493000029	0.46983323660369003
0.10578754946356902	0.6200678760169396	0.2741445745194916
0.1125539842360489	0.358042969302411	0.5294030464615402
0.15094481197584947	0.3999765998924574	0.4490785881316933
0.19098667219563045	0.4017530804986283	0.4072602473057414
0.08560878831709373	0.4583239134088848	0.4560672982740216
0.09867782178153334	0.6145909136864021	0.28673126453206466
0.11922291705211768	0.4671826495712316	0.4135944333766508
0.18444876520465098	0.4768331008784703	0.3387181339168788
0.12015322764114814	0.5061155545923257	0.37373121776652635
0.08165796816121562	0.6599930517138521	0.25834898012493235
0.09247269042207304	0.6216144263017909	0.2859128832761363
0.1264778256334204	0.4767911386231676	0.3967310357434122
0.14247388498777755	0.6030329100761327	0.25449320493608996
0.09159658521822378	0.6587662751836875	0.24963713959808886
0.14685961843000003	0.6040494331980804	0.24909094837191978
0.1677166011550168	0.5606248953418831	0.2716585035031002
0.13894605565765278	0.44749542219503796	0.41355852214730937
0.13150581449289908	0.48346358916768306	0.385030596339418
0.13098943213571784	0.3337580940020702	0.5352524738622121
0.1520722074597449	0.5019083435225578	0.3460194490176974
0.10279074568726082	0.4041305495453167	0.49307870476742255
0.09439839175564804	0.34726555139044707	0.5583360568539051
0.17668431700190323	0.5360938020857576	0.2872218809123393
0.17073355086612105	0.2664065928103494	0.5628598563235298
0.17546140166213176	0.339676239809208	0.48486235852866033
0.11769759698274967	0.4071201340502156	0.47518226896703486
0.15113074727444067	0.2705374571256437	0.5783317955999158
0.08273231753050991	0.6352660675434492	0.2820016149260411
0.12271254412763294	0.3776757754799895	0.4996116803923777
0.10363454275145181	0.5309308673871534	0.3654345898613949
0.12430277124512498	0.5300587278257702	0.34563850092910486
0.10165396948317024	0.5173143818556044	0.3810316486612255
0.15237539467862976	0.46497193535435455	0.38265266996701586
0.10357659775841832	0.556856957335946	0.33956644490563576
0.08445646422920405	0.3310113899609326	0.5845321458098636
0.1203529598139409	0.547244502539675	0.3324025376463842
0.18620232028703992	0.2732673209251296	0.5405303587878305
0.1512944392570103	0.34457909083465627	0.5041264699083335
0.1273691657793568	0.46940812623171146	0.4032227079889319
0.15258209152894228	0.2693595577674866	0.5780583507035713
0.16807538222368715	0.2947740004056897	0.5371506173706233
0.14378545359014167	0.606389545540005	0.24982500086985354
0.093133981668103	0.3369604858823754	0.5699055324495217
0.14075474999063822	0.2818344780535027	0.5774107719558592
0.08512615701531717	0.5781505591566719	0.3367232838280111
0.10390556469443729	0.3312152195662602	0.5648792157393027
0.12779256234595313	0.31039251712044996	0.5618149205335969
0.1897628497753251	0.4095245805655525	0.4007125696591225
0.14542143337302899	0.3965621263845974	0.45801644024237376
0.14115996549155052	0.4269692375956185	0.43187079691283115
0.09505724149109285	0.4064839166010001	0.4984588419079072
0.156716422610166	0.51933321728211	0.3239503601077241
0.18427551812719117	0.5689148726668263	0.24680960920598266
0.1822044842021684	0.3388117935195225	0.4789837222783092
0.08419298675694217	0.39188149386539206	0.5239255193776658
0.19233383368448792	0.3944276919884994	0.4132384743270128
0.11879241393131346	0.5749757669445457	0.30623181912414094
0.11735407767569453	0.6212782489944135	0.2613676733298922
0.10709236077794826	0.48373003178213764	0.40917760743991416
0.1909191223618258	0.47002521109438117	0.33905566654379315
0.14512029083898814	0.3692732836851762	0.48560642547583577
0.10241991140135548	0.3345449772339876	0.5630351113646571
0.11534060204120083	0.453616006453442	0.43104339150535725
0.17230393183080497	0.31068642077782793	0.5170096473913672
0.17709580566851849	0.3470668841302023	0.47583731020127934
0.10041035218431893	0.541173242812545	0.3584164050031362
0.13409619844063417	0.5721424551536789	0.293761346405687
0.16530798197371868	0.2582704624817125	0.576421555544569
0.16112948708352906	0.27183267743212164	0.5670378354843495
0.11206126079373802	0.5495985374069132	0.3383402017993488
0.0863789614914561	0.34487265758579244	0.5687483809227516
0.1308246726475968	0.3331797358070444	0.5359955915453589
0.09177127729046167	0.33680589959805296	0.5714228231114855
0.16724540923706946	0.2850950535974862	0.5476595371654445
0.08294541023020041	0.6043443602355782	0.3127102295342215
0.13086595364773337	0.5999533131900312	0.26918073316223556
0.08688298996746502	0.33151451715832725	0.5816024928742078
0.1102179090621544	0.6026345172686994	0.2871475736691463
0.10247821694619169	0.5288355078230247	0.3686862752307837
0.12352222691680806	0.3178366928286051	0.5586410802545869
0.1471876962843368	0.44158928031036826	0.41122302340529504
0.09722535858005127	0.4503161303925909	0.45245851102735796
0.14890990241539492	0.46637033415246065	0.3847197634321445
0.13978964932660565	0.5472866971630672	0.3129236535103273
0.19529863175345188	0.4242034848467081	0.38049788339984014
0.17145486977743737	0.345874769598637	0.48267036062392576
0.08900319278994542	0.35181172599543825	0.5591850812146164
0.11936628531172483	0.3053841859811675	0.5752495287071078
0.19395649888047367	0.28968415298187494	0.5163593481376515
0.09160768165164596	0.48313886221318164	0.42525345613517257
0.170264635068347	0.42964089940670186	0.4000944655249512
0.1664058429636523	0.3856032522260427	0.4479909048103051
0.1789166404306664	0.4030775697334538	0.4180057898358799
0.12356690380200613	0.4079984993673821	0.4684345968306119
0.18123720381861388	0.5616433194927134	0.25711947668867285
0.18354487030846373	0.5197827547666307	0.2966723749249057
0.10096334437783994	0.3864506609343074	0.5125859946878528
0.1058874045618565	0.5137959648086589	0.38031663062948473
0.17691921814686495	0.49577669616090303	0.3273040856922322
0.1942921975122549	0.2307961908626631	0.5749116116250821
0.17137951804896231	0.4109134258916361	0.4177070560594017
0.1018164239072833	0.3712903678669522	0.5268932082257647
0.19488838259244315	0.23848427343384718	0.5666273439737097
0.14468447152365357	0.4169225321648591	0.4383929963114874
0.14273633396890958	0.5577331809192848	0.2995304851118057
0.12830245489629263	0.30418602318501287	0.5675115219186946
0.11713048956067781	0.6137344628740429	0.26913504756527945
0.08295749610865089	0.45152903740626543	0.4655134664850838
0.11445864540095121	0.5088381899759646	0.37670316462308423
0.17107078401004172	0.3572891895875251	0.4716400264024333
0.10922923111821653	0.5882976818087933	0.3024730870729903
0.12294085352291909	0.35665113501029827	0.5204080114667827
0.15877278711217763	0.31655359475129635	0.5246736181365261
0.15137967223409152	0.3491322330469635	0.4994880947189451
0.1458762793342226	0.5744038618998923	0.2797198587658852
0.14957364474520893	0.27182766763249827	0.5785986876222929
0.12397787839229035	0.6001859774300073	0.27583614417770236
0.12154180361732972	0.514929107054916	0.36352908932775435
0.10847295503724233	0.6175728171871668	0.273954227775591
0.12329326100293667	0.38937230922923266	0.4873344297678308
0.12379985780032499	0.41489456355421894	0.4613055786454562
0.13783119199334615	0.4802743719588566	0.3818944360477974
0.1852114991574675	0.5400188307801776	0.274769670062355
0.13697245954715181	0.4987216217284867	0.3643059187243616
0.18699687894059658	0.5428120026003164	0.27019111845908717
0.14341181286301902	0.5702690810369802	0.2863191061000009
0.08714293039173754	0.5712277825485224	0.34162928705974027
0.08899639919166497	0.4500052384775115	0.4609983623308237
0.12930731463305475	0.28403840077206477	0.5866542845948806
0.13958097246117007	0.3952293209625719	0.46518970657625813
0.09391711751574722	0.4231461655774282	0.4829367169068247
0.16991104025514667	0.2531750723090565	0.576913887435797
0.15133044555115643	0.5218610334450989	0.3268085210037447
0.09843131695972585	0.46564899212039385	0.4359196909198805
0.1399156508928453	0.37312892598356595	0.48695542312358886
0.15062811769893786	0.5064405322069956	0.3429313500940667
0.1459784774687415	0.41843370726972384	0.4355878152615348
0.1697328632134873	0.4880447607229831	0.3422223760635298
0.10393073477675907	0.4337140573286523	0.4623552078945887
0.17343757009973648	0.38584561353415137	0.44071681636611226
0.138202130380988	0.6151294697575129	0.24666839986149927
0.08717627924820398	0.46524122847644894	0.4475824922753472
0.13079735315716384	0.4032961718715776	0.4659064749712587
0.1451724253248233	0.5620881973100811	0.2927393773650957
0.08898565461944846	0.5470500630001236	0.363964282380428
0.14608031812442657	0.4791797581561892	0.37473992371938436
0.0990301790477969	0.4460129843212982	0.454956836630905
0.14816848005134037	0.4692554526852787	0.38257606726338106
0.16751432710639724	0.3710656677275874	0.46142000516601545
0.1665621358376927	0.5635422571441084	0.26989560701819904
0.1393980292811625	0.589725997226469	0.2708759734923686
0.1946382899233146	0.4710870022666029	0.3342747078100826
0.12843446853182208	0.3817100421235142	0.48985548934466383
0.10166111755602225	0.42014183838978403	0.47819704405419383
0.18758776797296214	0.3289353650958392	0.48347686693119873
0.14936195947956019	0.5082753217210438	0.34236271879939606
0.12878203365246793	0.48642418944988347	0.38479377689764876
0.15055403638074555	0.4700451069942252	0.3794008566250294
0.19104167198684122	0.5402808743210921	0.2686774536920669
0.12187127327517766	0.5964791331825525	0.28164959354226987
0.0906875132094124	0.5371541200282217	0.372158366762366
0.1816453733521285	0.3069671723238075	0.5113874543240642
0.19531672268410474	0.45163393735431	0.3530493399615854
0.1908660429939923	0.4205643655469485	0.38856959145905934
0.19178326824227188	0.5102638346638593	0.297952897093869
0.1906504733170088	0.40200646013514996	0.40734306654784136
0.17057506711295992	0.27771593072573203	0.5517090021613081
0.14082139181490133	0.6132867606390187	0.24589184754608018
0.16991482786023196	0.251062951377941	0.5790222207618272
0.12214823142088266	0.5045971714597611	0.3732545971193564
0.18136508744257218	0.48958158589587375	0.3290533266615542
0.09142899963594733	0.5022371466863347	0.406333853677718
0.1278580475411746	0.6141026640968589	0.2580392883619666
0.19221900531412348	0.5255495493024107	0.2822314453834659
0.1344808495792325	0.5729311060923252	0.2925880443284424
0.18300356039354426	0.3623694546675928	0.454626984938863
0.14460259494064404	0.5794024965790051	0.275994908480351
0.1583535708602301	0.388770617195736	0.4528758119440339
0.17626578192200812	0.4715741981323196	0.3521600199456724
0.102663629662476	0.39710353811462634	0.5002328322228977
0.1336871750266414	0.5145624354490871	0.3517503895242716
0.1483634401483161	0.5857936407584503	0.2658429190932337
0.1292186223606462	0.544909201722708	0.325872175916646
0.1610838347229234	0.27835978783545784	0.5605563774416189
0.1751462838022786	0.26924324048500187	0.5556104757127197
0.11530694996277208	0.39026199634667313	0.4944310536905549
0.08883874198219643	0.41539536384789355	0.4957658941699101
0.16184284462583798	0.5859356960039845	0.25222145937017765
0.19545739907705695	0.49173620292087095	0.3128063980020723
0.12135675556863315	0.6145580060124457	0.2640852384189213
0.15730129819490415	0.5056010336205676	0.33709766818452835
0.09257413628985417	0.5589770024898433	0.3484488612203026
0.1144505841974838	0.33851116261676656	0.5470382531857497
0.17961319065958783	0.5677263388469282	0.25266047049348395
0.11211308401692346	0.5474667435669561	0.34042017241612055
0.09539935045398817	0.4561537532737119	0.4484468962723
0.1514864033365529	0.31608804450909433	0.5324255521543528
0.11256984647734541	0.5350031861241353	0.3524269673985193
0.18516538673798075	0.5099356122106002	0.3048990010514191
0.10088161750131	0.33144714751807813	0.567671234980612
0.1719098888457222	0.5510357746822053	0.27705433647207256
0.09428905337279317	0.4863878562762908	0.4193230903509162
0.16756387446427778	0.30509282014480693	0.5273433053909153
0.19233889164716908	0.5232243763638273	0.28443673198900365
0.13698532541943031	0.39633830038794277	0.466676374192627
0.13723470854985556	0.3499553817883886	0.512809909661756
0.08739916011637366	0.44213527220068116	0.4704655676829453
0.11585381723055571	0.33270085979146446	0.55144532297798
0.14402231211821015	0.28485092478574414	0.5711267630960458
0.1400268113791185	0.4816918850918025	0.3782813035290792
0.12226849457402453	0.3309206681307141	0.5468108372952615
0.16616109698033393	0.2517085133274138	0.5821303896922524
0.18245660924597396	0.3055342416916974	0.5120091490623288
0.11162144637702487	0.6432500538548954	0.24512849976807988
0.18852366561438014	0.3796530023821472	0.4318233320034728
0.09186227230953281	0.6553055711327274	0.25283215655774005
0.1581440204117937	0.37383061823635216	0.46802536135185424
0.12627912401989894	0.4587883508768934	0.41493252510320777
0.153908424775633	0.4840169641893123	0.36207461103505484
0.17975195813438655	0.49316457391223106	0.3270834679533825
0.18778779783173288	0.38861205016822686	0.42360015200004036
0.13668540131350115	0.3340343538805041	0.5292802448059948
0.1565362721116444	0.37229035338339506	0.47117337450496066
0.09189874883693214	0.3643962582728696	0.5437049928901984
0.09781667750366435	0.44875038341774015	0.4534329390785956
0.10052402720374615	0.4837702064679468	0.41570576632830714
0.14459107244942532	0.5173421634178001	0.33806676413277464
0.1605711188297453	0.45728087682753665	0.3821480043427182
0.18411953820850685	0.5042297501132368	0.3116507116782565
0.15147073213622378	0.5671166389031338	0.28141262896064256
0.08871129817397799	0.47087401964461206	0.44041468218141006
0.19152327740921388	0.34437311502250384	0.4641036075682824
0.170915374264528	0.5343329351746909	0.2947516905607812
0.19143668809834574	0.42606101796899565	0.3825022939326587
0.16092459148818408	0.5225808107139234	0.31649459779789263
0.1665941296910094	0.4748844175710575	0.35852145273793323
0.12244224235808548	0.46405801907824656	0.41349973856366806
0.18971210314138895	0.24943196764847383	0.5608559292101374
0.14466596556543138	0.3384404290058797	0.5168936054286891
0.09632528075983418	0.4640886124904894	0.4395861067496766
0.11819432805513516	0.617638138927089	0.264167533017776
0.14731259700739155	0.45275900452246903	0.3999283984701395
0.12050817342406595	0.5932826266451062	0.28620919993082794
0.14386286322080807	0.5093326204988815	0.3468045162803105
0.16840261990610378	0.5345239650565032	0.29707341503739315
0.08537089789137137	0.3764864405238896	0.5381426615847392
0.18596530845050677	0.35267740190351893	0.46135728964597444
0.11184529633067214	0.45540406279057094	0.43275064087875703
0.1144823696939058	0.35029341191247076	0.5352242183936236
0.16465220772418085	0.2620556706408127	0.5732921216350065
0.18394627519959514	0.306435137111028	0.509618587689377
0.137314513988271	0.34443328118696936	0.5182522048247598
0.11128917482457376	0.4510671280288605	0.4376436971465658
0.09421950668207602	0.5081297228603932	0.39765077045753094
0.13211375532713043	0.32866438489593497	0.5392218597769347
0.17363913435009515	0.4764257155064471	0.3499351501434579
0.09019750876355603	0.49660296530149367	0.41319952593495046
0.1412027918440532	0.5501385383803503	0.30865866977559653
0.11378349686477496	0.5795062144449894	0.3067102886902358
0.11727497496222888	0.5969156219591151	0.2858094030786561
0.12083525973444631	0.3401238890980869	0.5390408511674669
0.09067677138881935	0.3391691136007514	0.5701541150104293
0.09593807090794781	0.35572561886778814	0.5483363102242642
0.0915640364544727	0.4456378665114851	0.4627980970340423
0.19403517010883667	0.4178221190204211	0.3881427108707423
0.16965766182327735	0.3551764180066589	0.47516592017006387
0.1559207412204367	0.29010224693265907	0.5539770118469044
0.1184605288568823	0.4914833552707393	0.3900561158723786
0.17707770198149592	0.43500953312419827	0.38791276489430593
0.1295363058280922	0.5456856223679762	0.32477807180393164
0.09036680011628517	0.6318988145685244	0.27773438531519057
0.13281922186840872	0.3832962917486566	0.4838844863829348
0.12588960810489724	0.4787919128365018	0.3953184790586011
0.13152485832005534	0.5905439624587416	0.27793117922120303
0.1257288288823604	0.5223297687454096	0.35194140237223015
0.09956814931614061	0.5898694002576514	0.31056245042620806
0.09722689016209413	0.3453977765118386	0.5573753333260674
0.11330150760640673	0.5283238424381992	0.3583746499553942
0.1794188317555487	0.5494683334315943	0.27111283481285714
0.10443873718205457	0.3273832963124877	0.5681779665054578
0.16881646084413027	0.5248707042430051	0.3063128349128647
0.1411114393847922	0.5614877851510188	0.29740077546418914
0.18342377024978668	0.5374250529302927	0.2791511768199207
0.18409737254229347	0.46527120303433944	0.35063142442336714
0.10751434948267316	0.3286905940447792	0.5637950564725478
0.11447576882366964	0.5301992205868963	0.3553250105894342
0.15515444067416995	0.469414013316937	0.3754315460088932
0.15448314967379112	0.49759971875630576	0.3479171315699032
0.138263644892554	0.5635101961231295	0.29822615898431665
0.18758967016306605	0.3965690457251757	0.41584128411175836
0.12713134771957807	0.40850639063017435	0.4643622616502477
0.11622079629168702	0.36252012233039693	0.5212590813779162
0.1253284489575974	0.5410494999261988	0.33362205111620397
0.19061757659107278	0.2291758944675302	0.5802065289413971
0.14408201155664846	0.4446474027849726	0.41127058565837904
0.09879792391390768	0.48420904634428635	0.4169930297418061
0.17266284329143555	0.40282938709634236	0.4245077696122222
0.1491962702452689	0.2944984532392042	0.556305276515527
0.10163562995754635	0.6062853193473812	0.2920790506950727
0.13767940212048102	0.44344175970013583	0.41887883817938326
0.10209644013625807	0.35657417771351363	0.5413293821502284
0.15027986571976362	0.5308282717806277	0.31889186249960877
0.1298931010413221	0.3883758986743388	0.48173100028433924
0.11069814320938515	0.5051516833459072	0.38415017344470775
0.12906652776817748	0.2865472428753962	0.5843862293564264
0.08910496595950623	0.5810689820341457	0.3298260520063482
0.19503727861199988	0.5095278015354237	0.29543491985257664
0.1567507961540996	0.43595640699579286	0.40729279685010766
0.09977746225422665	0.41565144464388604	0.48457109310188745
0.14891499553017867	0.4703152925406706	0.3807697119291508
0.1779203269467711	0.23934266755905612	0.582737005494173
0.12098437017899327	0.5813424655559605	0.29767316426504636
0.15707337354310671	0.5561582428586455	0.2867683835982479
0.10679505142689172	0.625638070125577	0.26756687844753146
0.1445603807003207	0.5475107424490522	0.30792887685062725
0.1355403836674649	0.5279749956224038	0.3364846207101314
0.19040878661127716	0.3158158276457253	0.4937753857429977
0.10464191209561435	0.5014510097772503	0.39390707812713555
0.15274624274978876	0.428916967261024	0.41833678998918733
0.08222531286912488	0.4492748831443777	0.46849980398649754
0.17212050023361525	0.4022660036287807	0.42561349613760424
0.1146857178780889	0.396803802650736	0.4885104794711752
0.18224381924227587	0.4875760975913523	0.330180083166372
0.15234735114033862	0.5404401556736738	0.3072124931859877
0.19036471479247108	0.3702550058266438	0.43938027938088525
0.101508871872104	0.4119793385069753	0.4865117896209208
0.1691890696740435	0.3562899988994288	0.47452093142652785
0.1462370392306684	0.3982123428538657	0.455550617915466
0.17951517252312432	0.4855592518928513	0.33492557558402447
0.13633318671102881	0.45505760344586066	0.40860920984311067
0.15345740994665538	0.4960386704309172	0.35050391962242755
0.16332169658835527	0.38425211706371276	0.4524261863479321
0.09626237622788986	0.5284021168433709	0.37533550692873935
0.16778938522840953	0.24683317846760375	0.5853774363039868
0.17660408202859057	0.36161790954468354	0.46177800842672595
0.08169031017816414	0.5222609054054618	0.39604878441637426
0.1800701028881243	0.4648665131661655	0.3550633839457103
0.17507764557706898	0.29720685093111515	0.527715503491816
0.1325307350989153	0.5539791921080305	0.31349007279305435
0.17049223315816708	0.39360649741760045	0.43590126942423263
0.185035755013626	0.39818403326750895	0.41678021171886515
0.12199672218950067	0.29202316424560065	0.5859801135648988
0.13878771174384852	0.6133156460239135	0.24789664223223812
0.08992120158158695	0.4726403100211412	0.43743848839727195
0.10968171705066743	0.31133287386852065	0.578985409080812
0.0976791053873538	0.36165456351127945	0.5406663311013669
0.09302662444129836	0.34030623074125504	0.5666671448174467
0.15776962927585148	0.4014907943743794	0.44073957634976924
0.10594162935523799	0.3858403344285709	0.5082180362161912
0.12547904073540533	0.33134425828015207	0.5431767009844427
0.1128154577888445	0.3285465046535375	0.5586380375576181
0.15657843125084875	0.45067695763995164	0.39274461110919967
0.19572189050597244	0.22285024836198158	0.5814278611320461
0.13341211818995763	0.2839478173130611	0.5826400644969814
0.1190426332032235	0.3902920762639151	0.4906652905328615
0.18658955376269398	0.4382528475678582	0.375157598669448
0.161954450873211	0.4395986543905474	0.39844689473624173
0.11766365558893138	0.4435678384955757	0.438768505915493
0.161548078956799	0.32408841287142737	0.5143635081717738
0.08839323579549585	0.37081470386929505	0.5407920603352092
0.15703085503794073	0.4616585773411531	0.3813105676209062
0.1668838020276225	0.5703528916452469	0.26276330632713063
0.1798489177197336	0.3165027975720592	0.5036482847082073
0.09740160748591731	0.5350991438297498	0.3674992486843331
0.1270560314058885	0.4359588569600508	0.4369851116340608
0.14700479065097377	0.42409628728919574	0.4288989220598306
0.10874777392158522	0.6163943904814864	0.2748578355969285
0.11173867674943311	0.5616459846661247	0.32661533858444236
0.1542580293229331	0.4579305559595239	0.38781141471754316
0.1250308208849888	0.42880385989877623	0.4461653192162351
0.18039148103182623	0.41780338836110065	0.40180513060707324
0.18578732580831467	0.28935619191149914	0.5248564822801863
0.13876638864272728	0.3623345257684337	0.4988990855888391
0.1722890301554456	0.3194140914744041	0.5082968783701505
0.19334676065557654	0.2360708101932114	0.5705824291512122
0.11148821165455292	0.30674487859879884	0.5817669097466484
0.15740380933822912	0.32341607965671565	0.5191801110050553
0.12267556097925833	0.4520843915898234	0.42524004743091837
0.18240445768207392	0.38652390967653183	0.43107163264139436
0.13941462132301358	0.5972450771445751	0.2633403015324115
0.1450524771898966	0.37982476678352783	0.4751227560265756
0.08558613099809959	0.5578513209759107	0.35656254802598975
0.09204324704639821	0.3685456976661623	0.5394110552874396
0.11213126451783267	0.36139826841586065	0.5264704670663067
0.10934370063335491	0.5187961951986948	0.3718601041679503
0.13081160812448597	0.4234056979601913	0.4457826939153229
0.11319893006237586	0.3559886357016988	0.5308124342359255
0.14075639426766207	0.4436678254747261	0.415575780257612
0.10727495404565798	0.33625268731215135	0.5564723586421908
0.19320996561723847	0.31501948991012113	0.4917705444726405
0.13887661733426437	0.4890151686680949	0.3721082139976409
0.14142259125717876	0.4993323248828889	0.3592450838599324
0.12508735803290413	0.6022093224082592	0.27270331955883675
0.08664858891561622	0.46249118712356174	0.4508602239608222
0.15222762683600852	0.5488305733289831	0.2989417998350085
0.12176305959658479	0.5342538167513563	0.343983123652059
0.19470207542900245	0.35170306462155726	0.45359485994944043
0.10087196933588052	0.48496797228380023	0.41416005838031944
0.16396202300739385	0.3018364418644024	0.5342015351282039
0.1560851079272303	0.40965759513426975	0.43425729693850007
0.09648682207698403	0.3280392825973024	0.5754738953257137
0.16020815797334628	0.28475785007806725	0.5550339919485866
0.19203890247003938	0.3295633457321979	0.47839775179776284
0.18859573027308632	0.2784254937104825	0.5329787760164313
