0.16872040022709064	0.05627257017096854	0.22841047705063022	0.1703828745491449	0.3762136780021655
0.24005880367631827	0.05125088564788796	0.20088733499311473	0.13523426363759905	0.3725687120450798
0.2106344062711722	0.042003834104232196	0.16788348572352024	0.10300392357899527	0.47647435032207985
0.21076376281813994	0.05332384499232248	0.1878529184172453	0.16809901773734695	0.37996045603494505
0.26641031275525534	0.08658416142034013	0.26574283127569737	0.1620274218240269	0.21923527272468002
0.26416076603179994	0.04783553988690745	0.2989681283634481	0.18028898779005026	0.208746577927794
0.17661618408256982	0.0548784829071301	0.1573293352503655	0.1661910126873898	0.4449849850725446
0.12640145771393957	0.05845857562763557	0.28372154669820093	0.07902400378990018	0.4523944161703235
0.2436995810381454	0.08606437939911653	0.26121119524738867	0.1767256733278384	0.2322991709875108
0.2695330867210066	0.08284783135581696	0.29625770663813217	0.09618673026135717	0.25517464502368686
0.2598353589076845	0.0417484502946118	0.3459105738523981	0.13401280971485707	0.21849280723044828
0.15788312145964922	0.05857299396834864	0.22932065612467717	0.11609578849478372	0.43812743995254105
0.16608111952427868	0.08837224953194266	0.286239707300291	0.1575593892669694	0.301747534376518
0.16898915445753027	0.038664817447969124	0.3326395770427857	0.13398339781874982	0.3257230532329649
0.16002494452185106	0.08997989644490602	0.2331555030519498	0.1626649934648049	0.354174662516488
0.1658619125507047	0.06903256635957872	0.2617506827765801	0.19125184612631083	0.31210299218682547
0.20840453075503637	0.08434569858347989	0.1861706603003955	0.11232935772487476	0.40874975263621327
0.22443145219436164	0.0578302118912806	0.1556510208844992	0.13562283192101257	0.42646448310884577
0.24545250952718475	0.07356866668281908	0.3021073104167063	0.11552107284072151	0.2633504405325681
0.21626827759820658	0.04933051249415907	0.28539263125534553	0.1354768939812564	0.31353168467103215
0.1668837594993326	0.08798889751566533	0.3276193720361137	0.1672165321978868	0.2502914387510014
0.28940970599933985	0.04826397777727881	0.3188601253209671	0.16151744584219288	0.18194874506022107
0.12435934452827571	0.06158286959774037	0.343325401845268	0.18969922241849074	0.281033161610225
0.2733957672088718	0.07557367778874614	0.349043245816206	0.15235160517023283	0.14963570401594295
0.2699568121830971	0.08341719408303828	0.20398117290251025	0.16725197466674394	0.2753928461646102
0.16954648490821833	0.04098752497105165	0.3535754057342845	0.11967056414311636	0.316220020243329
0.25375880240318893	0.05720289310215715	0.33869781807513344	0.19477837894900946	0.15556210747051072
0.28322767884634953	0.08381745884255543	0.36395115920593185	0.16172149429774121	0.1072822088074217
0.25730898919953293	0.06440572106148648	0.347642270010831	0.1299775755018029	0.20066544422634644
0.25235288812880263	0.04577871501745279	0.19501474231417673	0.0996427341843479	0.4072109203552198
0.2748230448469313	0.07784824411834754	0.33993147476788066	0.12483409160869652	0.18256314465814366
0.13592854405976856	0.08808707987950559	0.15526617963330158	0.13976388093732794	0.48095431549009615
0.22371302546302496	0.0595789621637256	0.18831324829521676	0.09092604351775677	0.43746872056027564
0.2837970476253973	0.08904201266392983	0.3168903479052813	0.08334852642337173	0.2269220653820196
0.12977998929408158	0.0899731342766172	0.2081149447768892	0.0836942916233382	0.48843764002907364
0.26210760590311977	0.05878497605928795	0.3099354660830457	0.17910845078827337	0.19006350116627296
0.27283095643751776	0.07991796615556276	0.27726238575400786	0.11388792201015353	0.2561007696427578
0.22651768063048555	0.06763802655319692	0.15595599815725072	0.10785854136389028	0.44202975329517635
0.19045290471245657	0.08626321702211996	0.3058240904507676	0.19483146025163617	0.2226283275630195
0.1575176583584073	0.045343219234111304	0.2510506291747545	0.08624358651075065	0.45984490672197603
0.26187672309339316	0.08724419677140938	0.31318084527663154	0.14935564717914285	0.18834258767942277
0.17007559137280645	0.08940390067049857	0.21489667524875428	0.11268720482874814	0.4129366278791924
0.18268451461740734	0.0386095108111244	0.24165475209868328	0.1044741714526955	0.4325770510200893
0.20326046717871432	0.05481719454509007	0.3282259034162449	0.1256243855995421	0.2880720492604084
0.165464561116909	0.06334173294899084	0.23567926247741777	0.12732700301344127	0.4081874404432409
0.16307897701780394	0.039654591172203185	0.17009161709577542	0.11797611640955827	0.509198698304659
0.18898750588332702	0.07314299142326619	0.27779639960086283	0.12212133081127965	0.33795177228126416
0.19006665388520794	0.041722313143028766	0.3469292272667769	0.14060987484110068	0.2806719308638855
0.1832751535374753	0.037965248006735564	0.22842664476016017	0.1577014899712809	0.3926314637243479
0.22521616784941106	0.0632999931537146	0.2092019614722974	0.19045180312547982	0.3118300743990968
0.22835028030393106	0.06882759860324314	0.30764890838274284	0.18533327814414507	0.20983993456593764
0.19338347066309433	0.048802250255891744	0.37303764775857307	0.16972659968044004	0.2150500316420006
0.2422366755457582	0.07478611762077822	0.21975958522208816	0.08857044843052236	0.37464717318085283
0.168470665203705	0.0443400069712315	0.15838456183942945	0.10609315387858559	0.5227116121070483
0.28833724677042377	0.0934767367267649	0.2380595795595484	0.15782709713696455	0.2222993398062981
0.2553304454195982	0.055033400332672455	0.25898274806415195	0.13580373809971402	0.29484966808386315
0.28925772632360064	0.056980084902378186	0.18774893126709002	0.18630454265049373	0.2797087148564371
0.21343399948541303	0.09324235564388147	0.3684589815636813	0.11036655820003956	0.21449810510698442
0.254923494052372	0.08330172546871076	0.31336588236352975	0.11412169409546197	0.2342872040199252
0.1165945865118973	0.03969477604496313	0.2143673190545328	0.1725455133163663	0.45679780507224027
0.20770648090132826	0.08301496299542838	0.2068734084857216	0.10450105010881054	0.39790409750871103
0.2832021328171014	0.06917784970909649	0.2885701083807969	0.12027681617048226	0.2387730929225227
0.17115886230922916	0.04732056238148427	0.19824990347516264	0.09692076143825748	0.4863499103958662
0.2099526701428816	0.03941351736442536	0.3074339329098287	0.13495626072236028	0.3082436188605039
0.13131427805842744	0.06690377234197148	0.2189220273384753	0.09075227173546475	0.4921076505256609
0.23824746598387117	0.04827131348306604	0.24076021658577257	0.10542483844592608	0.3672961655013639
0.23265137814609738	0.0679076225982519	0.2726158707252085	0.14540248738535821	0.28142264114508375
0.13284022005520987	0.07140854360724758	0.31100691713192796	0.14437092533861137	0.34037339386700305
0.23993807587120608	0.07549397879635462	0.1791027618588517	0.10927483676792198	0.39619034670566533
0.24219823706978427	0.0759132526125047	0.2623532311499399	0.08122459695953547	0.33831068220823535
0.17314425608107667	0.04727276758655535	0.27709230932402945	0.1723226792286002	0.3301679877797381
0.13394813184383844	0.09233037869487859	0.2595629118247736	0.13336649934143852	0.3807920782950707
0.11195187434945394	0.08930811370348672	0.38530188388371	0.1420597621523373	0.27137836591101183
0.140349618882798	0.05232919587417753	0.38034021679482966	0.1891093623577207	0.23787160609047384
0.23791421855006076	0.08651225057633483	0.16221435314973898	0.15469842519235938	0.35866075253150587
0.11493342071316166	0.09076239616834095	0.37058794611781093	0.18666389183413878	0.23705234516654755
0.1533009648381508	0.07052413919949829	0.3086620294925433	0.14246152828781683	0.3250513381819906
0.19837044400580453	0.06176238852791979	0.1639231331423755	0.10353364695217912	0.4724103873717208
0.1843525327176509	0.08479367744694079	0.1796256761609048	0.09218448787707784	0.4590436257974254
0.12882871621789727	0.0757479590218351	0.29321673066398846	0.11517174613689339	0.3870348479593856
0.23326724729271603	0.08390630582731405	0.3486552588221835	0.10823488719596115	0.22593630086182498
0.27723920309798217	0.039353327493747925	0.35590656751411975	0.17819291131158788	0.14930799058256194
0.11319935705116968	0.06808870590654165	0.33043173294717	0.08365316064638852	0.40462704344873
0.22015394297898	0.09171400086276703	0.2870496847669408	0.19313416258636198	0.20794820880494996
0.19361747272682286	0.08945960638510052	0.33372155795166625	0.1674667810002825	0.21573458193612766
0.2551436266300597	0.0643629363685532	0.3490034297071041	0.1614198501887871	0.17007015710549572
0.17969496493415085	0.048010474395123126	0.2816489759040962	0.18909105745780583	0.3015545273088238
0.1725179483045097	0.04030234434506175	0.1840266851224551	0.11192066602747267	0.4912323562005006
0.2194792738886199	0.07265602533616763	0.3338396221111358	0.1554523128726112	0.21857276579146526
0.2823950874827468	0.04607251723489875	0.2508532086159702	0.11804221866471522	0.30263696800166884
0.2453897313342661	0.0898818899810796	0.2085040064907267	0.12965517946814117	0.3265691927257862
0.2481439463207658	0.08849848390683454	0.26187137501645885	0.14037453751428983	0.26111165724165075
0.13299002948501373	0.08037474726462585	0.29337155802460113	0.10548320920786469	0.3877804560178944
0.18484932096173814	0.04251351970649023	0.19637178665010308	0.08040935956352838	0.49585601311814
0.13413881458590166	0.07811564615779569	0.300634636457575	0.16858705011055686	0.31852385268817063
0.20004614599056447	0.06765356176746848	0.3387229826367575	0.1758735827949566	0.21770372681025274
0.25428215567619417	0.07132381703653715	0.1553787919568833	0.1948034364026084	0.32421179892777674
0.17286700796587612	0.04522599224880622	0.27863697972197105	0.1772002072969302	0.3260698127664162
0.18129225996174922	0.04307351680836627	0.3762294696090176	0.09746554267844043	0.30193921094242626
0.16206685992588127	0.07650302573745735	0.334371919449981	0.16906614410679838	0.2579920507798818
0.11937235834781379	0.04382116221502838	0.32961078447278314	0.17293528947413225	0.3342604054902423
0.16009214954753748	0.04724884010390057	0.27946605131388147	0.08725325782357812	0.42593970121110214
0.11462579373055717	0.08296797068213026	0.3458774831745445	0.15343786067096718	0.30309089174180076
0.2626527653758017	0.07372996862066317	0.3120906535091022	0.12602652653896143	0.22550008595547127
0.21349976499041612	0.06479266442635928	0.2449329603107752	0.19477398346682512	0.28200062680562404
0.24455542861477053	0.05518398693575827	0.3445156655916493	0.1261524404433468	0.22959247841447483
0.277402427158816	0.09218114864724755	0.3840411970150666	0.09651594547230055	0.14985928170656898
0.14233667124638877	0.06439303426368762	0.30908111028555896	0.14398809386580724	0.34020109033855717
0.27180978958934576	0.09380380362972104	0.1881206054384803	0.09166175729476109	0.3546040440476916
0.23730135553583276	0.06123767365691815	0.17795641643222684	0.14905753993687415	0.3744470144381479
0.22469178894958364	0.0628501471104621	0.26156017886241634	0.09128445170403494	0.3596134333735027
0.14446042782430604	0.06855509522523517	0.2611438758101987	0.14263022287164379	0.38321037826861615
0.22729145009518814	0.059478244364865596	0.3054630390387217	0.13130917877184325	0.2764580877293811
0.12906740077174056	0.040680616725388946	0.16039475383594023	0.1440028843024378	0.5258543443644923
0.2795747485625898	0.06717903735881273	0.2956626872108017	0.0996400719845392	0.2579434548832563
0.2364219242969532	0.08100038249645955	0.18551970539761278	0.16248130192427712	0.33457668588469713
0.26868800459051556	0.06365549116208946	0.3452854463816634	0.1789275716253656	0.1434434862403657
0.25279657949521456	0.088510897156759	0.1584988460214331	0.1699698705908786	0.3302238067357145
0.25448846408700976	0.08699043864669179	0.33532628415284293	0.19160948281432713	0.1315853302991282
0.24298124459488768	0.04787640955849065	0.1927693683383098	0.17257709289071146	0.3437958846176002
0.23001238172934974	0.06259399354266898	0.25355180974950475	0.1545915381186561	0.2992502768598202
0.23705116637215934	0.08653661355735941	0.3605609824246445	0.09074923445442466	0.22510200319141188
0.2863399762207314	0.04721502616535772	0.34915739158327075	0.10649688491832528	0.21079072111231462
0.1889505197849391	0.03809515924548895	0.32839687751068214	0.16270011398655831	0.2818573294723312
0.1871294849203834	0.07644755931028069	0.34396736155602026	0.08127547860221826	0.31118011561109715
0.22028109452694877	0.05397364031946503	0.25081650180012705	0.16025172891014908	0.3146770344433099
0.27712658322234435	0.07379749089905227	0.2904606971082348	0.08719005993768737	0.271425168832681
0.2908278192617277	0.07280200644389997	0.3651863065232314	0.11821643043751107	0.1529674373336295
0.24267117870028077	0.06406070017336013	0.25768925501578877	0.09389462801862941	0.34168423809194065
0.2683927937093643	0.038959761427349915	0.16056706136733645	0.1285040272420815	0.4035763562538676
0.1783100620648279	0.053025467029476775	0.3066359749697859	0.1875923464968548	0.2744361494390545
0.19656591066630824	0.0809313277246717	0.3535178145083945	0.12751400213271108	0.24147094496791427
0.23468587021029685	0.050592412514561896	0.2773867258409709	0.14518288616233374	0.2921521052718364
0.1910604071659707	0.04914697473979268	0.17127359578072718	0.14421422096711942	0.44430480134638983
0.17078632963940082	0.07414801811704869	0.24417357522365207	0.11194881186037214	0.39894326515952605
0.28400754974127157	0.06523667247595921	0.35362040646740245	0.10695318193196363	0.19018218938340284
0.15981847028167198	0.08594209470465186	0.23866919687559546	0.16730250499426902	0.34826773314381154
0.16805447267993628	0.0910705377838554	0.22857738687889514	0.09917191965722535	0.41312568300008756
0.19860983474825658	0.0787986823934859	0.3257693827225515	0.1342612077105715	0.26256089242513425
0.15380819071690938	0.06647718579352027	0.18310210363659585	0.14237430535555695	0.4542382144974174
0.220125374568049	0.08039213642938323	0.20871837172025215	0.15504205570095164	0.3357220615813637
0.18022426666195146	0.03808880413493598	0.26230189520596275	0.13338073565663194	0.38600429834051764
0.2594116339713951	0.0934537486771835	0.21352198333926897	0.08707611184713844	0.34653652216501374
0.25591731741922474	0.07400709416327267	0.2213147736545864	0.16860372059340129	0.2801570941695147
0.11975798702876998	0.06447370456113746	0.19926415898064045	0.11503821179416904	0.5014659376352828
0.12546607586970793	0.0901567255212376	0.19925645027843478	0.14521357956859837	0.4399071687620212
0.2756113156112602	0.052329568173970026	0.27431299529014896	0.1105758071957085	0.2871703137289121
0.14442161020109942	0.05633444839012278	0.29211845840907374	0.07832633737553193	0.428799145624172
0.2598801521662786	0.07540420641537986	0.35280598836545674	0.19017670535651784	0.12173294769636676
0.17527162910677063	0.08169796074059611	0.29259241878565057	0.1376862883858936	0.31275170298108884
0.16057452864892813	0.09061064686504926	0.3149059351221911	0.16344508674507296	0.27046380261875835
0.13373312127705467	0.08083708242377577	0.20978091312956454	0.12432396571281656	0.45132491745678827
0.15996107183204625	0.050541233833649085	0.3208624092588691	0.16529445484951708	0.3033408302259183
0.22824717141345188	0.0854599117172797	0.2465113452242477	0.19276657249844859	0.2470149991465719
0.26210468354697164	0.06422519397389687	0.2308563624672912	0.12916567199545143	0.3136480880163886
0.2884316389395934	0.08132355855550624	0.27485213606150394	0.10430035254534813	0.25109231389804804
0.22295554803729412	0.03840821889865195	0.3284295669912042	0.09861350158964813	0.3115931644832014
0.12704591430679146	0.05866772631497108	0.33649631284103454	0.13373618531683829	0.34405386122036447
0.12419980132240818	0.05164884410446552	0.3299072023687385	0.180451632101582	0.31379252010280567
0.26038529071263117	0.053274238477826974	0.20177720677403377	0.09520876249740914	0.3893545015380987
0.2767430113469839	0.05312847168115126	0.21802561905348133	0.16260062236602424	0.28950227555235897
0.20505559137301244	0.04268461329184997	0.36040018775360183	0.11380642714023678	0.27805318044129873
0.20510358102233003	0.08309630258889837	0.23413466520322845	0.16293957719446572	0.31472587399107715
0.11373740918823465	0.05384891648796625	0.34330541397668696	0.11638794586211507	0.3727203144849969
0.2885453408672919	0.056314863826003536	0.2684174671902387	0.09758671058146658	0.289135617534999
0.12605419950397223	0.08453334982702024	0.25031415733575235	0.14030402661475355	0.3987942667185015
0.15002266381654814	0.05550055055592268	0.3388711926312739	0.1684967173137561	0.287108875682499
0.19650653712805027	0.04423992019701106	0.16874832083730704	0.12285082714571677	0.46765439469191467
0.23932321203786322	0.0639313515009243	0.2340216184450989	0.18993748424110768	0.27278633377500566
0.11156753878494552	0.044906802032514265	0.3639305991828447	0.18459427075547258	0.2950007892442228
0.28511002995410756	0.057141621819893657	0.26531623240852753	0.18821683563640917	0.20421528018106178
0.13276930493630024	0.09093828000023735	0.1681240866453304	0.17857722969111242	0.4295910987270194
0.2901618412390645	0.050670724452113736	0.39097189164831603	0.15299706026432808	0.11519848239617742
0.13750929178454774	0.0657036137657574	0.3037589648440587	0.17397199721643342	0.3190561323892026
0.12279072659955131	0.055792570950511544	0.2001261015496938	0.12725785347254825	0.49403274742769493
0.15764472066443364	0.08789309215611535	0.22120488381321363	0.15851124106039688	0.3747460623058403
0.20194806821738384	0.06929295914994751	0.2932170031833931	0.13442888891480456	0.3011130805344708
0.25716802983773474	0.041120817845524626	0.2608688984265567	0.18248258764848513	0.2583596662416986
0.2514579146060789	0.089064953680522	0.17070848284810186	0.1374630933302255	0.3513055555350715
0.1943805020809937	0.07159156313548501	0.2960682242883767	0.17360054977701167	0.2643591607181327
0.11326134939915274	0.05698037842391018	0.1622101034263637	0.11656358899233686	0.5509845797582364
0.262025489165386	0.053036855713302994	0.2785150030876799	0.16261622603502518	0.2438064259986057
0.20058106817411162	0.057177887819578305	0.27330383784281503	0.18104285727340486	0.28789434889008997
0.2819412923610971	0.048462036171295186	0.25688117062293536	0.08003476568565784	0.3326807351590142
0.12452000283272413	0.07939650649625864	0.20770101363054974	0.10971316143683042	0.4786693156036369
0.23476570189500473	0.05201620608044394	0.24955559613175832	0.14628784327576755	0.31737465261702524
0.15607482202767822	0.04857136730203174	0.2619890548734418	0.17398397011756342	0.3593807856792846
0.28083590262238134	0.09366893085705168	0.2847142200462298	0.1468241043785649	0.193956842095772
0.1576756578858085	0.04716912082897651	0.33183406022770856	0.1510104612081185	0.31231069984938775
0.27402343831143894	0.04609165248017891	0.2548137696964156	0.19086179284652474	0.23420934666544152
0.23737669493727745	0.09246307644080239	0.2585788917435712	0.1374098692133952	0.2741714676649536
0.21491464701127355	0.05804273552796224	0.2636993302444367	0.19424008834942172	0.2691031988669056
0.18240725799181906	0.07597815559052792	0.22206608313894682	0.10657600573555077	0.41297249754315524
0.16552405844137294	0.04620019693940672	0.2828579124997058	0.08597928630906912	0.41943854581044526
0.28132579944224495	0.05512366059171778	0.33161775465377014	0.19211312754306567	0.1398196577692012
0.15767119126244278	0.052691909274635795	0.1670647051966664	0.15949669908080819	0.46307549518544666
0.12582435678565576	0.06366087209714211	0.2161432475982831	0.11940575597747513	0.4749657675414437
0.21746307532165385	0.08785656672026623	0.16483919579702885	0.19213583456476263	0.33770532759628824
0.11414521503775601	0.04785653467274559	0.2434857328758607	0.14796968721292975	0.4465428302007078
0.11247034765662861	0.04578342699758506	0.17988679102910476	0.11841765232761402	0.5434417819890673
0.22153786081267773	0.056893904472262724	0.2852939695971918	0.15188306279563885	0.2843912023222287
0.26062550948270763	0.053885894748182145	0.2786688817101418	0.12637379707269641	0.28044591698627175
0.1818806632327687	0.07234129240436624	0.3257981044070102	0.16748384036154584	0.25249609959430885
0.1931359363680847	0.055186195092657375	0.23848449935624633	0.13987598453913458	0.37331738464387676
0.27599892140716353	0.0806341220418979	0.33296827596886724	0.1661954723896304	0.14420320819244065
0.21387959743396312	0.0916883038977921	0.3715234470871588	0.09446845028251444	0.22844020129857137
0.15375424282913214	0.08596070260209596	0.21918755537027076	0.17528659573490052	0.36581090346360046
0.19913526591137598	0.03914953553347611	0.2247692295221758	0.10268633193408769	0.43425963709888427
0.21627873435559328	0.0635279666077917	0.3113711128495226	0.1905017716497788	0.21832041453731335
0.18820754494329733	0.03874031254773555	0.2823578566864675	0.15747956391825707	0.3332147219042424
0.20947802055103126	0.04127652278998678	0.18560471575922158	0.12382687030944296	0.4398138705903172
0.173901120980988	0.07334735003897794	0.3633703113402197	0.0910135943454923	0.2983676232943219
0.14405071822432397	0.08940051316420498	0.3251717833438026	0.16180246532937798	0.2795745199382903
0.2275971530875724	0.081052260043386	0.2111993402718804	0.1634846595116113	0.3166665870855496
0.24672374595606866	0.06423422459308298	0.3409736362810468	0.12492661585232737	0.2231417773174739
0.2748648381298833	0.0862342596555306	0.36762963755644384	0.17336497274106671	0.09790629191707524
0.19116257141698498	0.06831096090653682	0.1967447362987104	0.1257837276817729	0.4179980036959947
0.27261305770279814	0.04998192157635123	0.3197418696583032	0.1677600675605568	0.18990308350199034
0.1559996968035742	0.0606639820964639	0.16815042023535165	0.08820815093104607	0.5269777499335639
0.28270077412100425	0.04867626180688564	0.3663200574114524	0.08319633183732093	0.21910657482333656
0.23421968973898605	0.041148871860455294	0.25317756069651326	0.16358725205410687	0.3078666256499383
0.2450136726331719	0.06360994687920168	0.3473141169868147	0.09660534973802384	0.2474569137627876
0.18874514405141563	0.07574141198980144	0.33401451710750985	0.11746681762008013	0.28403210923119276
0.2607338085975599	0.08049407181788394	0.3809206250106048	0.15231326720848712	0.12553822736546394
0.19704389523438595	0.07659795060813063	0.26192156210907314	0.12894278266467102	0.33549380938373907
0.19350408810555925	0.0749736590550591	0.3668450326591659	0.1456283786530928	0.21904884152712278
0.1491644010924607	0.048905923433875814	0.257658794169226	0.16023860726893988	0.38403227403549745
0.16572098898889154	0.05385401942003323	0.2959623501443545	0.13356098744106673	0.35090165400565376
0.22887324416423546	0.0732171798274408	0.38902347483405425	0.12247765663309196	0.18640844454117728
0.25411454921705284	0.08198338032916865	0.16776206661532408	0.1853587121636893	0.31078129167476487
0.2535125049603427	0.08223572868649265	0.17682445530111895	0.07744927211502392	0.4099780389370215
0.2196917712603506	0.06897418568009805	0.3784669840902255	0.15446525018985238	0.17840180877947323
0.22342453182501765	0.08028860531890845	0.3822391180892618	0.16568769482345863	0.14836004994335322
0.12014800544797404	0.08716144146786241	0.25080843732387265	0.16912996578342882	0.3727521499768619
0.22418109203028616	0.06540222595078954	0.23817351001124984	0.12555869833107053	0.3466844736766037
0.17928671387881417	0.057938184862309394	0.2285395134390297	0.14636404118552213	0.38787154663432444
0.21853790369737916	0.056654455934906145	0.2801676272800528	0.15078962581686434	0.2938503872707973
0.2592864401335907	0.04221206988559789	0.350329601984476	0.09077789480598555	0.2573939931903496
0.26134774737664535	0.08080309563692951	0.29513427126097963	0.1831227635454089	0.17959212218003634
0.19226276759577207	0.05503607668860086	0.3068931846393813	0.17250571851067142	0.2733022525655741
0.14785272846347558	0.040078402325229634	0.2904487833144053	0.12474285655407177	0.3968772293428175
0.11840331891289846	0.09242507315712498	0.1765661531746311	0.13449143331796032	0.47811402143738496
0.19322107487111062	0.04837084036089789	0.17835147589666	0.10214719851281663	0.47790941035851464
0.16125576324214927	0.08444810665582093	0.19410587072621185	0.0788304560998187	0.48135980327599903
0.22170107170709158	0.07399820905587934	0.20897337312638342	0.19063992514757813	0.3046874209630673
0.2609547546169053	0.09321900574110172	0.31336197009441774	0.15821332254026976	0.1742509470073052
0.18564522439005082	0.07190079246327699	0.277387540330342	0.08743090885390215	0.37763553396242777
0.26203217995738154	0.06744563281643284	0.3828629490910781	0.12527710212091747	0.16238213601418985
0.21338798275934728	0.039559757331190354	0.2085630460315159	0.12408238602793599	0.41440682785001026
0.20383434045325224	0.054866348149882005	0.294040501806102	0.1297989525007055	0.3174598570900581
0.22142399789182407	0.05672405061923119	0.38901623360669524	0.16171307283007058	0.1711226450521787
0.14893502438613054	0.040960587633750684	0.286026713188307	0.15518426569399263	0.368893409097819
0.2863758246292394	0.040003441102715837	0.24298427453583032	0.11623675245307805	0.31439970727913613
0.22947068297960194	0.04695369140781075	0.29898546227753414	0.14704126132391257	0.27754890201114035
0.27263682409362056	0.05561192734045403	0.38804424661062087	0.09919154745192782	0.18451545450337647
0.23339318787043165	0.06368549968918558	0.2502991113126486	0.17226585588368964	0.2803563452440443
0.12407843028259553	0.09157319400644945	0.24777197667870093	0.18944603806752036	0.3471303609647336
0.1652178534882559	0.06236896601048578	0.32895177415863575	0.11298150238575785	0.3304799039568645
0.1998145554612452	0.08263198137257582	0.2741385229405856	0.16883011685961402	0.27458482336597917
0.12229543350733466	0.04499950007541231	0.2695132875809072	0.09018519925540609	0.47300657958093956
0.11877293735695175	0.06915330426454869	0.35386122651474056	0.08438604286922038	0.37382648899453846
0.22042807285079768	0.08868537353502554	0.3164827890547417	0.09078393043938647	0.2836198341200484
0.2136029910400407	0.060829648433885636	0.38098850706874315	0.11921382573634748	0.22536502772098282
0.22210890325074856	0.0905530867119117	0.19872134618354753	0.13593695826674565	0.3526797055870463
0.1823802332497826	0.09203232103512256	0.38038507442581926	0.1834648036348166	0.16173756765445874
0.25850523006987225	0.0658056024939456	0.33005899538721706	0.15032138010594853	0.1953087919430163
0.2774867452273725	0.06710161095289063	0.38430415181541366	0.10135562217133802	0.16975186983298496
0.13556299570667127	0.06469723196865579	0.32838081594418944	0.08155753577040503	0.3898014206100783
0.19522951842088596	0.057449352986173235	0.34917534755839125	0.16082064894085304	0.2373251320936963
0.2020799555339582	0.05192877971302606	0.23408005855331934	0.1570633531476162	0.35484785305208
0.13128123130479663	0.0898454778247929	0.3576916393187347	0.1588385029763636	0.262343148575312
0.23452606718419688	0.05001284837483774	0.385873708512129	0.08948677398107396	0.24010060194776217
0.20774617067750384	0.08829867564899015	0.16551493421673302	0.16376567865290798	0.37467454080386475
0.2894156438244909	0.0617180143699006	0.3496777207205284	0.08432774166522136	0.21486087941985837
0.2104233746717064	0.07812767574851676	0.17298324550608707	0.10753175261406725	0.43093395145962227
0.1821806682637592	0.07113121717779824	0.19526786579000346	0.13813258681494597	0.41328766195349287
0.24803281484381107	0.07167870569398596	0.2130040522757733	0.1370170646501943	0.3302673625362351
0.18267331241193938	0.06410002987816393	0.3707637023118793	0.13827246601233711	0.24419048938568005
0.16515489471487654	0.055169028675584764	0.2685980502791585	0.1465723072146185	0.3645057191157615
0.26735343971517406	0.06274570417229258	0.24040046994509282	0.1606777438001559	0.26882264236728437
0.1630259148179518	0.05380867837587347	0.23943569865378259	0.15768052017128004	0.3860491879811119
0.18042650702770788	0.04432169823593782	0.30277780489715883	0.19178169131216816	0.2806922985270271
0.20220264350015066	0.07456141357575408	0.1637269055633664	0.1345258002596365	0.4249832371010921
0.23904831767938853	0.05500489612395931	0.2742935530019587	0.12731326874390947	0.30433996445078376
0.282372641449635	0.04581386527620668	0.18802607624957385	0.12313077891862402	0.3606566381059602
0.1617643442962291	0.09125695478079428	0.2237706248298036	0.15719427331194458	0.36601380278122825
0.1573833175793412	0.0746160179226292	0.33977319995167776	0.08636593210206914	0.3418615324442825
0.11231483099747308	0.07384537193960869	0.15725279279944215	0.1012860505294425	0.5553009537340334
0.22791570928478228	0.05993174601143578	0.3133550264027581	0.14991358776613986	0.24888393053488375
0.1129780813060101	0.05826655151693566	0.2915247892834969	0.12515523789147576	0.41207534000208146
0.18850097884862405	0.07195030535768421	0.21559684434728663	0.18742045895363585	0.3365314124927691
0.18274272784563855	0.040969036099423844	0.37260359839412205	0.10215518143649482	0.3015294562243206
0.26075860058300987	0.07222470240161838	0.37884158004342106	0.09704774800313574	0.1911273689688147
0.23487826394139094	0.07561504862048077	0.3849062290772322	0.17087073198717165	0.1337297263737242
0.22831403413390497	0.06701377950623805	0.3396943430024305	0.14973598226708648	0.2152418610903397
0.13375263826539674	0.07839467523892443	0.3354633980983056	0.1815198557282029	0.2708694326691702
0.19358220889865813	0.044929596330888194	0.29731292725226643	0.16178549246404395	0.3023897750541431
0.2024707569510764	0.08169657821990216	0.28655269446302273	0.13704415485870833	0.29223581550729016
0.2891196467818652	0.05245739009877712	0.35800516479109606	0.09447671588272723	0.2059410824455342
0.1408809955967102	0.04453823786741015	0.374693893424732	0.1823911169951619	0.2574957561159856
0.17737385787569615	0.08861632541279102	0.26628106624691594	0.09379475962647973	0.3739339908381169
0.11538262871964422	0.08932091969882952	0.15835877849503016	0.15606040479568267	0.48087726829081323
0.23221084852590512	0.08970099797278586	0.19399249675366284	0.19477987315920203	0.2893157835884439
0.2676591447565168	0.03793536512157519	0.19409571081655688	0.12338118889217707	0.37692859041317384
0.11292828202841679	0.048696307563967034	0.27927771148471037	0.15680072271728468	0.402296976205621
0.15960974138472242	0.06824780253234719	0.16812026808573957	0.13484406006303565	0.469178127934155
0.19093743047152367	0.09267841846885713	0.3614400024250818	0.15129271159700197	0.20365143703753527
0.2369360331532145	0.0653925087550469	0.2686531400013893	0.16295732684505132	0.26606099124529775
0.2046168550180822	0.0796238733099333	0.25366298001148335	0.1509531646519891	0.31114312700851177
0.22553015807926644	0.056542162851036526	0.2619015409266662	0.10242211426989181	0.35360402387313883
0.2870282988188546	0.0658522868125577	0.28030391514764863	0.15558763201494089	0.2112278672059979
0.15547405797979263	0.07578782425420916	0.2175351800160366	0.14426877560067203	0.40693416214928935
0.11193791539582883	0.08956714414239839	0.25421468793719854	0.18091684999191504	0.36336340253265903
0.17029813837956548	0.040898402665784095	0.3774861221798454	0.14465375521181348	0.26666358156299136
0.12637987175849458	0.07356007937973569	0.2235439968786583	0.10848484004108083	0.46803121194203046
0.1561834285787057	0.05402285135763765	0.1908193660093164	0.16575222138485612	0.43322213266948395
0.11331807641200663	0.0716312901730628	0.26974231399669113	0.12449316468398267	0.4208151547342566
0.11462085787079256	0.05852425452250015	0.1791478897372488	0.1948013328278191	0.45290566504163926
0.22053291253009366	0.04635498606310701	0.3483547854770378	0.16841656242638375	0.21634075350337756
0.2420227164484801	0.05867481032065752	0.1746571906135171	0.1677312724703312	0.3569140101470138
0.21907585808891103	0.0810875898467429	0.2517302088533868	0.16061632564838263	0.2874900175625764
0.19023195245523605	0.05508600488887119	0.20573387679313954	0.13320559622599976	0.4157425696367532
0.23236762487202922	0.05383187815036089	0.3004077316136802	0.12761914801155488	0.2857736173523746
0.14377643427068856	0.06760674620738294	0.3844480742972022	0.12409280974671122	0.2800759354780149
0.11306400158328508	0.05178445920629107	0.38369937914694585	0.0852808577756693	0.36617130228780853
0.22130834357502138	0.08126451437124402	0.24853018240391733	0.08332276811267031	0.3655741915371467
0.12301509250338863	0.05793752353734383	0.2527699047338291	0.14191226749433888	0.4243652117310994
0.2879889591990973	0.0732065455649333	0.16340118143298704	0.14104162476343007	0.334361689039552
0.27929923321868866	0.06377247586339091	0.23676162758244015	0.16139003707577723	0.25877662625970277
0.14753174914226452	0.0575329749056272	0.16189802087204452	0.18812077896463714	0.44491647611542645
0.24277455402330905	0.040572767519684916	0.2800819801400216	0.08014835221331024	0.35642234610367396
0.2583463349725379	0.08672200844983229	0.23088234290125162	0.1788543406279902	0.24519497304838778
0.24812124823526963	0.05764686897378715	0.3344374326947454	0.16941663483315061	0.19037781526304695
0.19613306818363072	0.08220671934820051	0.34360356759964017	0.09387298263863277	0.28418366222989566
0.2070105310334509	0.06731962255249707	0.2019101258784475	0.11480954710230085	0.4089501734333035
0.29156103930133154	0.06457768641893677	0.1889094825568177	0.08185654431955566	0.3730952474033581
0.1293556268532604	0.040412471172839526	0.2513919489514703	0.17761725847482193	0.4012226945476076
0.19224893379730792	0.05775792079499381	0.3289804999073118	0.13946904110578498	0.28154360439460124
0.16144616013703267	0.09336621195288608	0.3701606204186477	0.12149185911701535	0.25353514837441793
0.1477772480802601	0.09082967836924577	0.3699681508310673	0.1568379657661482	0.23458695695327847
0.11851982045096358	0.06482461297246792	0.24641437972639693	0.15943672942589676	0.4108044574242746
0.18177191869219073	0.07202802629614768	0.30907193669758604	0.12416876586970704	0.3129593524443683
0.15463101593039102	0.06859624410565468	0.37476512244947446	0.1043768706730629	0.2976307468414167
0.12310299779615852	0.08371424653714182	0.3167033206957913	0.14007853591997482	0.3364008990509333
0.18497304408507984	0.08263402627489948	0.3741259944561832	0.18184832631679268	0.17641860886704458
0.20393378587703326	0.06966064754713089	0.32773536620419286	0.13895878372626436	0.2597114166453784
0.20989764666157332	0.04223475665762569	0.2474172928073091	0.08140769497906043	0.41904260889443123
0.255080395570235	0.08824013559118112	0.3488005724964157	0.08653622553370881	0.22134267080845915
0.21646818046975003	0.08179404965413745	0.23843319120413745	0.11835597263354422	0.34494860603843064
0.25283546054903505	0.05357194096647366	0.21327938151609357	0.16328918864211925	0.3170240283262782
0.16337314648553514	0.06589066942976257	0.2943526680997155	0.15880921706077078	0.3175742989242158
0.2595072512329396	0.05738991458455267	0.2647567719000803	0.1334792270486871	0.28486683523374007
0.12970613502453682	0.09077633092250578	0.16429049692129435	0.17541457249874776	0.4398124646329151
0.13916296899513603	0.0778966730330687	0.24060447241321742	0.11354742726146466	0.428788458297113
0.20668307653667287	0.0678371672502194	0.2777147607943442	0.17902969502370447	0.26873530039505883
0.2604355105420034	0.044818444297910404	0.3388829096253866	0.1752914920684001	0.1805716434662992
0.11576002445222736	0.06319541261511039	0.2984015999573803	0.14540860381770282	0.37723435915757897
0.2780517104399877	0.06415613081416449	0.18367179514563753	0.19183526330465972	0.2822851002955502
0.15364561270164445	0.0872140710434014	0.16644734205379091	0.134866943835495	0.45782603036566805
0.25288042715499837	0.040898757355021326	0.28895043086516564	0.15682029578384854	0.2604500888409659
0.11867858892608801	0.08315879874087474	0.22829144379431138	0.13834604608099138	0.43152512245773433
0.15522913853624337	0.0817822607920465	0.3292293975860219	0.17441287961273072	0.2593463234729573
0.28570767807026054	0.08843340766841852	0.2427168859496354	0.10804367344084288	0.27509835487084244
0.2021513365040329	0.04515319257374986	0.35442913612663063	0.11955589717285788	0.2787104376227284
0.24542544117392923	0.05088830102031733	0.27177978496954397	0.12480144642768119	0.30710502640852805
0.12367822814776633	0.03776045035814682	0.275803664306094	0.1688487758975577	0.393908881290435
0.20803012606530452	0.06596226869528271	0.29944589127855203	0.17319930216888949	0.25336241179197105
0.28631289515240743	0.06877539568957672	0.2126215697943397	0.15667606747992432	0.27561407188375153
0.2861422492529509	0.058439782658220946	0.3739388030437048	0.1523415632893073	0.1291376017558158
0.2590107181315916	0.0424572787261904	0.2644172338308193	0.17465025445185564	0.2594645148595428
0.26933926262739916	0.0909621191004659	0.2594863167615916	0.18921798751650917	0.1909943139940339
0.20296247225474434	0.06628358143566895	0.37584669813449145	0.07940116593257823	0.2755060822425168
0.1989616975610577	0.07014550291342111	0.34173277008645025	0.11225741512702271	0.27690261431204805
0.24580227965355403	0.0543781471766242	0.208633393643229	0.1933667069695868	0.29781947255700575
0.14238032558961156	0.037669503605685106	0.18123017413516204	0.1772888114136031	0.461431185255938
0.138721897920475	0.0471199368121433	0.17056397993457206	0.16095841722875348	0.48263576810405595
0.199655892190564	0.046190278692170295	0.2600471998757441	0.13058967965774904	0.36351694958377234
0.2644209769152629	0.03850268315909178	0.18895971010778762	0.1835485702526392	0.3245680595652182
0.12243929693740714	0.07953078710184491	0.2110677951923928	0.16923407611396385	0.4177280446543912
0.29130165681432163	0.056829166113020996	0.26972806973978014	0.10041619767989904	0.281724909652978
0.15185098809850583	0.06412420632250873	0.19163276445985222	0.11320491682726723	0.4791871242918658
0.2735084395328765	0.07081714713939008	0.36278176110474175	0.13015398045997514	0.16273867176301623
0.1965930136289284	0.04257961609643779	0.2354709132281485	0.10713272824479692	0.4182237288016881
0.2268551924600813	0.044470363461350276	0.3167317347198132	0.13992367174525577	0.27201903761349927
0.2505437866361028	0.04705520411829195	0.16319067500683646	0.19272013912372982	0.3464901951150387
0.1826562065922946	0.061803368400454806	0.18602432253051293	0.1252852872912718	0.4442308151854657
0.2622865254623403	0.037814832881579274	0.33611359417437514	0.08734765901836698	0.2764373884633381
0.23432804986920602	0.03817018173950154	0.16390532981442804	0.1545060270419511	0.40909041153491305
0.15849272852178664	0.09106872518713162	0.3545066095492584	0.183413204410032	0.21251873233179114
0.13644272038516758	0.058364669244474754	0.34509219066648483	0.11128960226718912	0.3488108174366835
0.2321592677306692	0.05510158366057047	0.3327837161793741	0.11332312556091995	0.2666323068684661
0.23533327024148895	0.07556875440536741	0.34451702619997937	0.10594795981819265	0.23863298933497135
0.26443751654031944	0.05921102813466714	0.2607511062888068	0.11439376446239749	0.30120658457380883
0.14628008056542652	0.06087976161167258	0.17844104406474548	0.17582762197319027	0.43857149178496496
0.11717794725204563	0.04081023783426879	0.28944533154235946	0.1818117494655046	0.37075473390582137
0.27259917455913607	0.03984426906275293	0.29772243306155804	0.15401638922750305	0.23581773408904966
0.17731891388472035	0.06857754716696973	0.2892079569007525	0.1784462679797019	0.28644931406785534
0.13743899640727053	0.0718375612298992	0.21132326598010404	0.08061460288318606	0.49878557349954
0.2665870393131805	0.08168911594362052	0.34855321629384395	0.16737032053327383	0.1358003079160809
0.2632569252634962	0.04288295977049178	0.2039570939925494	0.18618501260733664	0.30371800836612567
0.18185050346196963	0.08760960869238305	0.38400113214939463	0.17973297087653758	0.16680578481971492
0.24957271367650846	0.08923343635589566	0.15690286984325058	0.14647837219074933	0.3578126079335957
0.17177993838907463	0.04378916117168663	0.23641621847831004	0.0943859247921201	0.4536287571688084
0.16979757307623436	0.05381213255026929	0.2570584818875212	0.1182578202121861	0.40107399227378887
0.24212297089750537	0.061602269808029936	0.38278432018010783	0.19046745260062653	0.12302298651373007
0.24913275280212044	0.06763581632420526	0.307153744995767	0.19020145533310462	0.18587623054480243
