0.131720498531739	0.17794366448370977	0.10911603960525582	0.12930331339429268	0.10101341338276058	0.10435259318198276	0.06154399959940081	0.18500647782085836
0.13161776790985985	0.1639401161212219	0.11423241196713774	0.13455373425866302	0.09753676763232524	0.11000342299033568	0.0627634223983688	0.18535235672208758
0.11893743216492426	0.18662473311353764	0.11860841475358806	0.12879896013312592	0.09913859516694047	0.10311859310408661	0.0604432965077806	0.18432997505601623
0.13144928316297885	0.16720734630338102	0.11991414927202071	0.13426999210852772	0.09364047822099517	0.10525764598854229	0.06162768179892644	0.1866334231446276
0.14070226100787783	0.14987778652401354	0.11368646298688831	0.14156265063448648	0.10112122484187402	0.11243260954143251	0.05994432635630659	0.18067267810712048
0.1327699090839137	0.17076896377240106	0.11545619790783344	0.13776246268292133	0.10243408998395362	0.09806438014068906	0.06212510922341155	0.180618887204876
0.13845336614816517	0.17648635076314034	0.1138906799419871	0.13083986078478793	0.0969211974566827	0.09522921467137582	0.0626694009051206	0.1855099293287401
0.1208998730024434	0.17848162866905964	0.11570411742442568	0.1369492602775404	0.0979265936405724	0.10556595218874398	0.06287077133742104	0.18160180345979324
0.14417526910113948	0.1538755190805064	0.10967541613429965	0.13799690361341255	0.09873662809044789	0.10872835104152151	0.06070252212848984	0.18610939081018246
0.14404061606161103	0.16999293027865076	0.10798033989877484	0.14255344601829342	0.09139066802347641	0.09915522757017776	0.06207086330751113	0.1828159088415044
0.1309410916154272	0.18827278333114655	0.11269694913613833	0.1314031614668269	0.09493608099413262	0.09786983702402985	0.06233029269212165	0.1815498037401767
0.1416315207217117	0.1639239509636674	0.11739541878584445	0.12737216450680502	0.104657208751444	0.10382023421711163	0.06057221112496562	0.18062729092844992
0.13357932867996167	0.17222240115919968	0.11652411269770915	0.13346266992155276	0.09409587373348337	0.09974344961371256	0.061156648678014125	0.1892155155163665
0.14163400165277076	0.16785524462086124	0.11027319032374361	0.13507713864905685	0.10038641344446002	0.10079691964323442	0.061391700394624465	0.18258539127124843
0.1343800642419825	0.14546885163548684	0.11923104065564238	0.13902580685391924	0.10481070197604804	0.10925961328630626	0.06161521556053032	0.1862087057900842
0.12421486659932389	0.17457597374136485	0.11500485488771729	0.13890696013256093	0.10074544154555228	0.0959863182257555	0.061161330258926616	0.18940425460879845
0.1288847234968197	0.18110518180902413	0.11176406037358151	0.1303859389149245	0.09367278688927752	0.10758999174862799	0.06251033739001872	0.1840869793777257
0.12462960041083312	0.17774332336524318	0.10965614403034907	0.1361414683562589	0.10557826052999109	0.10036325736071469	0.06302419869434557	0.18286374725226417
0.13668913317227208	0.1639041140490623	0.1155572861024564	0.13482859610771988	0.09997155917910988	0.09716965467737702	0.06209342586255395	0.1897862308494483
0.14417180437541663	0.15652653970712269	0.116081740826348	0.13977225702879562	0.09170770294938407	0.10274905928931202	0.06149090986588343	0.1874999859577373
0.12513968268847464	0.15537298698285917	0.11380462789226056	0.1419119511735774	0.1031027129219928	0.10988468205675614	0.061397045836778144	0.1893863104473009
0.12887848731041843	0.18033165655932432	0.10882082272196167	0.13216062388099795	0.09077482417401533	0.11316344006839656	0.06287778264995358	0.18299236263493193
0.13741784061547366	0.16707973823702107	0.11155798898480948	0.13905409823406203	0.1023009938428809	0.09927190090184948	0.06090203733270569	0.18241540185119745
0.14243943952725344	0.16276648609859973	0.1194668653571429	0.12451907375389898	0.1041223844976943	0.09770927478953177	0.0610001232820549	0.1879763526938238
0.11716826519430651	0.1803358741362759	0.11566047262094171	0.1385980132681418	0.10132779753787254	0.09779222107223812	0.06223847740852069	0.1868788787617025
0.13612107973395424	0.1548708258499624	0.11731470791854366	0.13814881547626065	0.09971023141370818	0.1104501891030763	0.06014971408386263	0.18323443642063175
0.11843110387251332	0.18520525759397666	0.1079890964313136	0.14137080389499976	0.10320948503810255	0.09667023832228205	0.062186923256930246	0.18493709158988159
0.1195803680029596	0.18333171107874074	0.11747967239248608	0.13414658774858798	0.09672737096398809	0.10427163747671392	0.06068764443880134	0.183775007897722
0.1255503153948855	0.17321723702082759	0.10836700353460366	0.13935458153582347	0.09929015794651512	0.10743555588276588	0.06120560830556804	0.18557954037901053
0.14437961733114157	0.1627597515297556	0.11740565252787163	0.12515007441965567	0.099191454442334	0.1079483428906661	0.06066803917638297	0.1824970676821922
0.14366676534455894	0.15427588748040433	0.11754834318262453	0.13494431431269527	0.10178235590662293	0.1043224182903397	0.06170747342583019	0.18175244205692387
0.12568020765609642	0.19512167323875268	0.11089165736118436	0.1258840647743435	0.09345001010605371	0.09690160427626407	0.06255597730260787	0.18951480528469716
0.13878205778805988	0.18722488210249644	0.11519726542381013	0.1271385584664538	0.09197005672863698	0.09605139506868382	0.061221105307435505	0.18241467911442322
0.14587843485002627	0.16362973069552306	0.10685888829061756	0.13132780930574126	0.10398762251110652	0.0967399648292655	0.06203079510343294	0.18954675441428667
0.12223881724426355	0.19314428593563987	0.11114590898644947	0.1259353678794094	0.10178752046577477	0.09848187406700049	0.06225035553230804	0.1850158698891542
0.13947343186221844	0.17945495496606884	0.10762481847525063	0.12425081164165616	0.0984368281953283	0.10355015128225017	0.06002098075322261	0.18718802282400465
0.13673207081164782	0.1489418196535383	0.11918498092511842	0.14176885064387243	0.09966718971730884	0.10900564883237746	0.061787519890290285	0.18291191952584623
0.13838465201350664	0.16592006310806515	0.10864491817942916	0.13754029063884934	0.09443121140979567	0.10875535642677887	0.0619615796779322	0.1843619285456427
0.13280109179484317	0.17079898955543305	0.11088493527582352	0.13522425686884962	0.09741640316935399	0.10678204178225234	0.06225130860939622	0.18384097294404791
0.1399669442390844	0.15753114908490734	0.11977038601981348	0.13350099521539138	0.09443308694654755	0.11273989693571777	0.061282271007374	0.18077527055116382
0.12484813356167315	0.17485330773833685	0.109452726675884	0.1394054784236263	0.10010511235419012	0.10804480765467822	0.0628866989466374	0.18040373464497372
0.11742650092473358	0.17735193190459275	0.119804290102312	0.13677253092088199	0.10570601674976635	0.09818572740960423	0.062125035879309704	0.18262796610879917
0.12656869300456902	0.16414691419540087	0.11726200738808763	0.1392321653946963	0.0986470026231813	0.10517288221098167	0.06018552365829728	0.1887848115247857
0.1381662405456217	0.16407803121441436	0.11127414682132997	0.13854340064292708	0.09073988698747275	0.10449032898957612	0.06264884034586718	0.1900591244527906
0.1358839789908275	0.15486242772629527	0.10770808812339304	0.13245802312735028	0.1057845691663653	0.11167742404223296	0.06165625879211148	0.1899692300314239
0.13036020694613187	0.15537499655103937	0.11983405284744636	0.13533168895522063	0.1031141448824911	0.10961097705285959	0.061009470474029076	0.1853644622907818
0.12277483875696593	0.17701160403834887	0.11081811531670327	0.13632119430348047	0.10153143863856427	0.10872053336550139	0.060817560101560586	0.182004715478875
0.13129596845842245	0.1845672362231872	0.10651140301918531	0.13735375839031574	0.0937058243255861	0.10261056767840435	0.06144638930849598	0.18250885259640265
0.14090459117221177	0.1705355442712383	0.1152289221799224	0.13082940171136712	0.1027030242664426	0.09816625821007592	0.06010086366890369	0.18153139451983802
0.14541336669000027	0.15915239227182681	0.11408800205067095	0.13610882257247708	0.09310006698057582	0.10444326286119746	0.06046347082694983	0.18723061574630157
0.13425822568391357	0.17611425219879323	0.10649394201324279	0.13381960137284263	0.10412519761266856	0.1009826930000985	0.06004064251455275	0.1841654456038877
0.13145521421849812	0.18592436475238	0.10977311780025513	0.13793887403531285	0.09273474503512243	0.09804349720770664	0.06150433925598392	0.1826258476947407
0.12421703863924302	0.17974346322892265	0.10726705350019763	0.13062814829885055	0.09705979204218675	0.11152737389974186	0.06064326259013221	0.1889138678007251
0.13255763355608516	0.17618548256531302	0.11541089504653874	0.13455148592838365	0.09547063671936847	0.09731918693107483	0.06241670244059698	0.18608797681263897
0.14297882594306574	0.16150010167218307	0.11347218194587973	0.13581638318061456	0.1007887908218673	0.09793242765750185	0.06254498569660374	0.1849663030822838
0.11679993662039877	0.17912253941338552	0.11518913148502026	0.1374562564145195	0.09267502517241134	0.11329311270445483	0.06284346622660467	0.1826205319632049
0.12721205427629112	0.1684490931265803	0.12016406339664085	0.14033763077639438	0.09631450788190937	0.10666049854168935	0.060470240582306975	0.18039191141818742
0.1367039722131675	0.15786911257990036	0.11426191787994568	0.1307664572045067	0.10557961817126418	0.10252976243032183	0.062443011384172034	0.18984614813672152
0.14066567635476773	0.14851611490135827	0.11540434493228077	0.14030041465844115	0.10200819548266923	0.1106579391915601	0.06048490414490526	0.18196241033401728
0.11690013526339087	0.1818737745898193	0.10962260557963902	0.1429787957003377	0.10531670879293942	0.09734698785039433	0.06307726626081125	0.18288372596266791
0.1183073096609916	0.17542009941053574	0.11619453777933364	0.14191099452559583	0.09008011753822978	0.1074055369677793	0.061977878539166975	0.18870352557836695
0.12322605879380923	0.1858814334237987	0.11550264933345762	0.1278181970068977	0.09108130627694534	0.1047555760522988	0.0620681599396095	0.1896666191731829
0.12606802157166783	0.18518176028734368	0.10842787326826439	0.13660793720321107	0.09792873412406292	0.09982494853293394	0.060947753548091566	0.18501297146442441
0.12823485921567296	0.18781285964013206	0.11033238797011212	0.12695205085865016	0.092730362685644	0.11154234324688951	0.059967852901181146	0.18242728348171783
0.1294022859071409	0.16950734270613593	0.11859489426587017	0.12814889199167273	0.09976145325842893	0.10670085384357111	0.06310487299831301	0.18477940502886697
0.12756213674778877	0.17400715559368862	0.12027222662989077	0.12852112542795502	0.10245169802027912	0.09628053947402343	0.06294559522938294	0.18795952287699116
0.1403411871821346	0.16357739113527864	0.10778825215767318	0.12419979940769943	0.10504441052767438	0.11182914625378612	0.06067142067761605	0.18654839265813739
0.1322556340345134	0.17305942365624957	0.10818477236164298	0.13417954989938768	0.1005209619710487	0.10053989548759307	0.06302532976309899	0.1882344328264654
0.1441226358265758	0.16601369765865862	0.11412115309860109	0.1288570243373417	0.09913893244625616	0.10528294203505748	0.06191633417990709	0.18054728041760185
0.13036397812928097	0.18466799732149655	0.10826385500309135	0.1257192497431601	0.10197092172558574	0.10576477284732543	0.06283700334310768	0.18041222188695194
0.14132133739119587	0.16464196985175633	0.11985985189429957	0.12988854359668867	0.09078196512589441	0.10896961267711035	0.06282434578420806	0.18171237367884652
0.1245280453837091	0.1757037502668944	0.11677452375420322	0.13853411413351455	0.10391172566377321	0.09535032628803168	0.06057662495371981	0.18462088955615386
0.11927972781021501	0.17942386591780551	0.11957338063100148	0.14045738423531887	0.09448608568788966	0.09783748614647135	0.061858980259951	0.1870830893113469
0.14152579321028463	0.16243569261952726	0.10881983672268894	0.13266746030061385	0.09924880592190954	0.11181777642738436	0.06217652557273978	0.1813081092248514
0.13934529311623342	0.16377192885575806	0.1123799887843846	0.13808360240492495	0.09196742549703613	0.10712412466280317	0.06233603568468571	0.18499160099417372
0.14091588257780385	0.17387925114792704	0.11614014475743667	0.12938290530515897	0.09545579682131583	0.09735717083798173	0.060128199027025014	0.18674064952535066
0.13960506348919183	0.1691743694332953	0.11741831487740492	0.12617414412471403	0.10481917018792246	0.10055827318958188	0.06006263984420482	0.18218802485368454
0.12533422746079942	0.18859954107106042	0.10650129284546538	0.1277379003340028	0.09368755680527993	0.11125691979149765	0.062031374627711314	0.18485118706418285
0.1330827187053679	0.17574863800342463	0.10720511108981498	0.1322010101241481	0.0972772188161338	0.1057035301347289	0.06148574222443855	0.18729603090194297
0.13751135676788998	0.15317834302439237	0.11825640819008913	0.13962502722384132	0.09897121018574079	0.10698196240849897	0.06058278111099401	0.1848929110885532
0.13442340636160072	0.16351560544869784	0.11320883646274828	0.13012871715049187	0.10247736183343656	0.10503799148013485	0.06246887375458399	0.1887392075083057
0.12792217715923704	0.19450553060892825	0.10936738021021891	0.13119834293789073	0.0959777001710252	0.09723917601809567	0.0626619532859796	0.18112773960862438
0.14177904361727525	0.1439786012279211	0.11067157896759112	0.14179179277024515	0.10463108869040305	0.11313412160951183	0.06310706016825499	0.18090671294879726
0.12249333695888653	0.1761984249068082	0.11434852930231648	0.12636602029610305	0.1023886457556563	0.11256427035085292	0.06226915790945957	0.1833716145199167
0.13379147238666622	0.1749750691675837	0.11321457693151099	0.13380548307367465	0.09960136690338492	0.0997904358845727	0.06003005656969061	0.18479153908291598
0.11850221595508825	0.18945608870888297	0.11327678443370653	0.12820690926338538	0.10383822092442882	0.1016576961684402	0.060944204301143834	0.18411788024492381
0.13230826854101604	0.18524220644107986	0.11332460681457457	0.12889720081637887	0.09055967750534478	0.10230606323128891	0.0623468895043731	0.18501508714594364
0.13178012126745495	0.1626481045909861	0.11003118402275347	0.1422600000013206	0.10403840893708684	0.10124765898203711	0.06210549381594195	0.18588902838241875
0.1321623014981001	0.1686127665699379	0.11715513941769311	0.1257288393991247	0.0994786821775929	0.11270072305296341	0.06285457789730758	0.18130696998728005
0.13178385961261443	0.18039914266258392	0.11192167432690693	0.1412988768809973	0.093077207247622	0.09806685187538797	0.06147809177907801	0.1819742956148092
0.14336966725915307	0.16783639222786018	0.10890524302397606	0.13137850217770655	0.1005492654524698	0.09945253518034586	0.05997356956799413	0.18853482511049413
0.13054121533316487	0.16838335306624735	0.11340959586854268	0.13729022213743833	0.10261991259500443	0.10479980018323101	0.061906027610309805	0.1810498732060613
0.14583021988777692	0.1489962152611636	0.11813837947211941	0.1423913091926989	0.09021452754462006	0.11040706638422268	0.06212262738317305	0.1818996548742251
0.12620530024167356	0.17172872310504572	0.11551154987594552	0.12422733165629295	0.10340357570968395	0.1095080269380712	0.06256117358615294	0.18685431888713394
0.13795781932711637	0.1748271652343284	0.1199876221402134	0.13055449218115148	0.09139149650068715	0.10004400533107377	0.06169777449951844	0.18353962478591077
0.14141010878634663	0.15701465070261683	0.11171491613862186	0.13472793202825456	0.1033087257597123	0.10408180283969289	0.0604734104874142	0.18726845325734046
0.12678922035670784	0.19122126879269746	0.1097522717669956	0.1248005242296937	0.09789049862098662	0.10043619365994921	0.06120860341965001	0.18790141915331932
0.12913276579699284	0.17724829590124402	0.11375969132504622	0.13241105749787757	0.10190560319941763	0.09932162420139959	0.06315366886588045	0.18306729321214144
0.12672773129529868	0.17541159902569142	0.11136081257376948	0.12919141785032487	0.10309495240120836	0.10675477558822537	0.06315582261337434	0.18430288865210726
0.12458414685138422	0.17602569397780224	0.11690192511946768	0.13083234491513573	0.10392823103824504	0.0975287213973229	0.06024415332908685	0.1899547833715551
0.14529946898531282	0.16383537094664252	0.10721538320478394	0.14221964492050226	0.09326177833026125	0.10238155301169731	0.06219103933352246	0.18359576126727722
0.13127414294823514	0.1709197226618053	0.11205486057221177	0.12981632437879995	0.09901352132238875	0.10737627814184217	0.0612373997883309	0.1883077501863858
0.13705437842693258	0.157832857081497	0.11934796541589465	0.133658143504457	0.1021840592048675	0.10726622474363456	0.05998889249660676	0.18266747912610973
0.12996257062320568	0.18382079077705063	0.11149859939424342	0.13367802144112964	0.09264504032902672	0.10315041260580081	0.06130986165619087	0.18393470317335198
0.12528624511700634	0.18329762700522104	0.11128826612929132	0.1263900176811204	0.10477392572166498	0.09712208515079436	0.061768751197305044	0.19007308199759626
0.14009570065573293	0.16808395549551344	0.11424096530558436	0.13280962023932608	0.0913434730227887	0.11094335660116215	0.061106255611542454	0.18137667306834965
0.1432361494641055	0.15769780170683886	0.11358906269213487	0.1357551406423924	0.09485762435887912	0.10826499961354591	0.06051120347549517	0.18608801804660793
0.134976513735322	0.179901811577787	0.11961870642551861	0.124254042633519	0.09161806460115476	0.09878690556221516	0.06264212288248326	0.18820183258200002
0.13819544863059388	0.16160825529147865	0.11178449214612894	0.13838098604417726	0.0955264206922519	0.10506677107923182	0.06310246908236226	0.18633515703377504
0.13361925295707883	0.17141780504937137	0.11216384572716476	0.13080007013222147	0.09893638619784448	0.1048330011540065	0.060914245312266635	0.18731539347004572
0.12893695249159168	0.1578084961524609	0.11632422905608149	0.14120908492886514	0.10527383736803242	0.10276674246306815	0.06219190361173657	0.1854887539281635
0.13401336953830822	0.14603592217766997	0.11576383441821228	0.1424011776939007	0.10278200856347937	0.11023275590193532	0.06308708002025089	0.18568385168624305
0.13983579186734427	0.17311204719789233	0.11358715990271787	0.12768218116638136	0.09173169540778559	0.10422898961044798	0.06133560867008214	0.18848652617734823
0.13809969890428925	0.1596281152888123	0.11078995242856281	0.1399598670092678	0.09478586956930261	0.1093369939528236	0.06265731154599057	0.18474219130095088
0.13855603898597077	0.1699840531504539	0.10796357205391853	0.1348305890812737	0.1028905967762834	0.10144071014448039	0.06133957922822757	0.18299486057939152
0.12219136908308514	0.15866458002379463	0.11783906959261936	0.142715385914086	0.1025005189669643	0.10775760923268723	0.06040122481557661	0.1879302423711865
0.14504664185520688	0.17213337555644326	0.11203051337195499	0.13613481622520684	0.09483791213560532	0.09782038058932124	0.060348415295027824	0.1816479449712334
0.14557778658684484	0.16037146814888775	0.11065893829969593	0.13626891975333266	0.0911983453260411	0.10442711386928284	0.06314070123692445	0.1883567267789902
0.14357729523394652	0.14986034520484756	0.1123931013892093	0.13919633914121052	0.10274195288815058	0.10910922213849095	0.06191046356041069	0.18121128044373366
0.13503996076094504	0.17513367438287236	0.11441755143169893	0.13487024524623697	0.09002834996846487	0.10159527519988852	0.060314405182957054	0.188600537826936
0.12295398697986967	0.19336215233416904	0.10853342910512478	0.12875857256701895	0.0975826716123043	0.1065826570945839	0.06148158582597141	0.18074494448095774
0.11808359004889621	0.1769284371850462	0.11853141273797113	0.12639829011388953	0.10043384940942546	0.11105665562805266	0.06270011515154114	0.18586764972517744
0.11939155144790062	0.1752480092675856	0.11884025269957169	0.13458397281937357	0.1004617383231503	0.10060275609035826	0.06166798287595926	0.1892037364761005
0.12283848050442672	0.18600890984565227	0.11295935579493377	0.13848275518282582	0.09433915744390708	0.1013873615181958	0.06022422608252004	0.18375975362753827
0.1339450305415768	0.1883222517361163	0.11027894714288292	0.12810666102813162	0.08991077865848837	0.10656163025801145	0.06186495548453773	0.18100974515025461
0.12707328776722865	0.17917864202463377	0.11461779905638551	0.12508603432595497	0.10037714657597141	0.10767959555303491	0.061276695256219135	0.18471079944057145
0.1279706876697456	0.1849413805347073	0.10751214208823894	0.12480779915456153	0.10389464957198083	0.10923015493228443	0.06033124085278564	0.18131194519569552
0.1349830976955559	0.18997426122738104	0.11205934251551516	0.12764150639244817	0.0925784219377816	0.09731060982085966	0.062994552506723	0.18245820790373526
0.11749097000190202	0.17128207465406609	0.11215153853254742	0.14200726505162736	0.10429882898415169	0.10307955642348235	0.0609315726831198	0.18875819366910307
0.14073061355446415	0.1664692937310922	0.10856800267349256	0.13544115266466633	0.09262299754489933	0.1056154658669404	0.06083322789173151	0.1897192460727133
0.13796325091270892	0.16637604948390178	0.12023335076908807	0.1309098407993867	0.0935158001732401	0.10338245396011134	0.06298540312887463	0.18463385077268826
0.13070746871719105	0.18768459404224358	0.10811681804779459	0.12436920139609896	0.09329993216019707	0.1070634589721878	0.060364934576472795	0.18839359208781392
0.1308323487407905	0.1759590194570243	0.1144807586295775	0.13417424273031994	0.09232520468599593	0.10518341365328535	0.06276003153525812	0.18428498056774814
0.12950112050309331	0.16971275072236616	0.11267101549942242	0.13181204262314056	0.10272976353049704	0.10406802389157133	0.06312232946364561	0.18638295376626335
0.14345974667698536	0.16620695711816788	0.10905197285891816	0.13206865847664392	0.09261988563749748	0.10595543339156888	0.06123959365839948	0.18939775218181862
0.1280836943503965	0.18445461582816622	0.1195381652493618	0.1275333900808856	0.09548175340403842	0.09874278163386983	0.0627596796194397	0.1834059198338417
0.12765366664213673	0.1798469400170865	0.10709920596613055	0.12617932201190024	0.10303447878297682	0.10726125467270461	0.061626028180902334	0.187299103726162
0.12464710740679594	0.1732921100635882	0.11269727481360903	0.13436064005203296	0.10081977830588146	0.10152926325899261	0.06298871377158671	0.18966511232751287
0.12688806850631087	0.1818285505356451	0.10961035280136891	0.13951865572427105	0.09622204456876744	0.10044951110432947	0.06239371382288249	0.18308910293642447
0.12770825856635318	0.1742363375409156	0.11801155334960031	0.12880639896125176	0.09677015541465998	0.10964937293083757	0.0626933972871039	0.18212452594927747
0.14031701506740615	0.1499921208377454	0.11500007954322793	0.1300624613301057	0.10583561735358289	0.10988191979501574	0.060592843219172354	0.1883179428537436
0.1286065341602546	0.17217626956221546	0.11984086448928064	0.12645028523540064	0.10373081700876968	0.10055593115180551	0.060818752618837624	0.18782054577343563
0.1174530702750531	0.18771171994386526	0.1074398146528611	0.13196287566736456	0.103830623503321	0.10606026031905046	0.06275735672565218	0.18278427891283214
0.12180195759040621	0.16782031110885576	0.11374771745278678	0.12980738069619116	0.10561157756310288	0.11162595943739399	0.0611371238455779	0.18844797230568508
0.13150912027912087	0.1814870907416099	0.11203315203619699	0.12692895433450319	0.09498465454388624	0.10454879875997672	0.061092718491369366	0.18741551081333652
0.12124139446210304	0.1908141315168908	0.11571132255187401	0.1252765368149803	0.09886784068608584	0.09949896101216389	0.060364778476032	0.18822503447986982
0.12649196720312983	0.175927529794739	0.11534257387538568	0.1301038668711411	0.10225829544548923	0.10562707668573221	0.06005571050464757	0.1841929796197352
0.14257655833358734	0.17249295577048399	0.11602001350339103	0.12735179641072034	0.09112568819388361	0.10795571759274825	0.06075604222727568	0.18172122796790954
0.13180056046027688	0.1796279699469566	0.1099435053505386	0.13574900503589452	0.10076317673608019	0.09863376000179971	0.06152019442820865	0.18196182804024463
0.1436615161400349	0.15706949422169036	0.11872093676971135	0.13781789952722398	0.08984638954677382	0.10704780423632773	0.0631168188821605	0.18271914067607717
0.13173465611617663	0.1676352364855952	0.11468229267339779	0.13872404736566263	0.0942745718197725	0.10912984034012307	0.060539406100185156	0.1832799490990868
0.14247220499983615	0.15216797376475724	0.11017838922677384	0.14150192845775256	0.10283928112586342	0.1007215969591738	0.06167336924771043	0.1884452562181323
0.13944068702063353	0.1661308074058361	0.113570637292593	0.12959855906954623	0.10239093775219295	0.10667137003325858	0.060478238695692854	0.18171876273024654
0.14099454862754537	0.15468023392070818	0.11900623892662666	0.1380997891791338	0.090332848369854	0.10771612179679758	0.06056497146524589	0.1886052477140883
0.12454000732317633	0.1812398458905925	0.11810151950747018	0.13687824431442033	0.09788723334826949	0.0969234909154496	0.06127666210498338	0.18315299659563797
0.13929967143093192	0.18282616614092428	0.11833843024160114	0.12544326782378568	0.09247001373883897	0.09662940488457437	0.061788405601920296	0.18320464013742313
0.14300902669761897	0.15884046173300048	0.11568684748039171	0.13293911533315764	0.09252992021442452	0.10752002836536975	0.06275012139312663	0.18672447878291004
0.13796386766442248	0.1532560393885778	0.11588783662804228	0.14297578791830381	0.09335464487555645	0.10432681097909687	0.062322249409461516	0.1899127631365386
0.14593627148817556	0.1602196802796984	0.11350236973624186	0.13116228353416856	0.1000469324757929	0.1002533474603774	0.06181277023300813	0.18706634479253698
0.14329631774296941	0.17341464209739396	0.11408551046812468	0.13438673655811817	0.09073427111768265	0.096423513457505	0.06270087283499298	0.18495813572321296
0.1418866997946438	0.16119416512550733	0.11610507904935287	0.12861290026418712	0.10377914489159773	0.10203800860211579	0.06252163312417978	0.1838623691484153
0.1195976536753536	0.18195799942475505	0.11554512808752442	0.13871005427597607	0.09657089072976449	0.10164828425196412	0.06282176580498228	0.18314822374967976
0.14293905370001836	0.14744559572777366	0.11847518932276672	0.13637740593099024	0.10479704044226203	0.10670955373561164	0.06086638804103149	0.1823897730995456
0.12154850830236097	0.18364148249198625	0.11158503202323385	0.13746266116949066	0.10285750755209572	0.10030594568198196	0.06134114958086946	0.1812577131979809
0.12981052114441655	0.17603407421102135	0.11303968751930969	0.1280960264518533	0.10009053489471559	0.10733246034573901	0.06309933108473367	0.18249736434821062
0.12594416132370267	0.19304282596126646	0.10838183398394541	0.12942135294338417	0.096190785802402	0.09547522598085942	0.06310384123118393	0.18843997277325572
0.11688441356567886	0.19474172456536232	0.11819238275865993	0.13434698784402488	0.09150026204684032	0.09764719080643232	0.06016855141288881	0.18651848700011237
0.1240727894380387	0.17920345911998992	0.11452013753213396	0.1346617849736901	0.10220490249844026	0.10064002396682172	0.06076970004654973	0.1839272024243354
0.13741681126663047	0.17822066873797388	0.11050588794127848	0.13130977981758257	0.09890836107526471	0.10096182685550037	0.0617048277963652	0.18097183650940407
0.12719352446840443	0.184659824692904	0.11161254467595924	0.1341605635467814	0.09929660508673578	0.0971123612347953	0.062075256370758586	0.18388931992366106
0.1205460518271379	0.18024336442001399	0.11817670120659989	0.1245569788578458	0.09315951725565798	0.11265019329953038	0.061226568973043585	0.18944062416017024
0.12037243377738613	0.17621903730827437	0.11632715173986884	0.13681979902387562	0.09472390267498358	0.11048191293866348	0.06256407524662712	0.18249168729032064
0.13196696982873646	0.18196562542877973	0.10888375793853453	0.1386273325775272	0.09662243180565472	0.09801076000726774	0.061873832390463984	0.18204929002303538
0.12648759933182102	0.17319622532011195	0.10898473535273166	0.1364128587897182	0.09686499579480284	0.10595513797299248	0.06257775349581225	0.18952069394200932
0.1181662368336545	0.17672033485751745	0.11797318177442154	0.1419980661035395	0.09734905977063599	0.09938029938864198	0.06039262232957643	0.1880201989420124
0.13682956112554903	0.16686254258781222	0.10980341519577282	0.12807597637487422	0.10246686443493458	0.10755408056276167	0.061456955787051154	0.18695060393124407
0.14065137737132374	0.17835410194444096	0.106690913802503	0.12766372819755598	0.10431284563250576	0.09917602577014553	0.06119785939909267	0.18195314788243216
0.14290400476814144	0.1728214455479126	0.11421042573838949	0.13704738797652904	0.09050328161813707	0.09714740707975375	0.06277337178169559	0.1825926754894408
0.12263775585000877	0.1922529890556804	0.11386357908213077	0.12750540079052386	0.09007072646910633	0.10885694597954035	0.06287370241574836	0.18193890035726093
0.12537413656755414	0.17237665525824167	0.11621876921401039	0.13160609933360168	0.09746286771648517	0.11121829631191102	0.06296129630441868	0.18278187929377698
0.12234842425716243	0.17868202557031873	0.11758429928001722	0.1295892434576781	0.09806025952700247	0.10341476548467829	0.06195766923802247	0.18836331318512006
0.12104742899837241	0.18532847690940435	0.11134087058400255	0.13935533732964953	0.10141079409626869	0.09883239528217255	0.06160403245524211	0.18108066434488762
0.1266224566225151	0.18144586380726935	0.11380491553781102	0.13157859049158555	0.09564739913880713	0.09956878610217705	0.06209075533116683	0.18924123296866774
0.14201015739569736	0.16064682101828037	0.11154664609934778	0.13142858410486302	0.10189339991870545	0.10960295550097966	0.06241170638155674	0.18045972958056936
0.1362201744817149	0.16806208718965837	0.10923917426235769	0.14323264552451648	0.091130122669206	0.09949641519714997	0.06300455480319661	0.1896148258721998
0.126037482228048	0.1843303304117681	0.11701560551554249	0.12844308115525552	0.09121931707761274	0.1015064760881613	0.06201335451784172	0.18943435300576988
0.13310162733777725	0.163864236199113	0.11808293184407026	0.1311198447573951	0.09862988603661196	0.111905801770493	0.06154478297360276	0.18175088908093645
0.1382743197739205	0.15032075879416748	0.11543554820212384	0.13311271065490404	0.10055501048276959	0.11138521989390415	0.06308949613938528	0.1878269360588249
0.142814213782178	0.16819889878773953	0.1127189604210037	0.14009631496052175	0.09013643596170783	0.10278119555691981	0.06116459230006335	0.18208938822986578
0.13329994911396714	0.17414489741847433	0.11992279594554286	0.12419107313663227	0.097592690852946	0.10660449032612486	0.0629375080296044	0.1813065951767079
0.1267164976029205	0.1803034880895476	0.10813242572887072	0.13174664236399525	0.09629271306571696	0.10595886872476862	0.06151739188948126	0.18933197253469886
0.1280653537968531	0.17382915061334037	0.11656535519756929	0.1349512344510252	0.09643974927850785	0.10652112514095238	0.060795352317537105	0.18283267920421453
0.126968596683856	0.150380831011267	0.11520737637687598	0.14159490180172565	0.10550935358004804	0.11268121724082669	0.06083346206254131	0.18682426124285909
0.13142027005142498	0.17668419351885786	0.11873005361453143	0.13255581120862817	0.09658660988204301	0.09621659822479064	0.06266483563360842	0.18514162786611527
0.12257815454195303	0.1850313819741108	0.1067953979297245	0.1337623884050771	0.09031067569070203	0.11274232652254598	0.061469413311124974	0.18731026162476136
0.12171519157866677	0.19161292400656071	0.11670359122275994	0.13081202907632963	0.09627140210803725	0.09820990807655929	0.06056036171324662	0.18411459221783957
0.14173216566788893	0.15486198627691658	0.11964313915570475	0.13129868366788774	0.09742979594952439	0.10655965293511377	0.06065257949660324	0.18782199685036038
0.12736731459510733	0.18440143058161557	0.11130938764170142	0.13288601394978444	0.09492113729692955	0.10027119343991564	0.06006666731404897	0.18877685518089682
0.13817500164287108	0.15113557462838514	0.11716285870304338	0.13735678766502543	0.0965157271066787	0.10985021801496186	0.06075808321796955	0.18904574902106464
0.13740627982050732	0.14510825774911248	0.12030115978756545	0.14154042265942768	0.09825251469107744	0.11163289277726796	0.060174230593271996	0.18558424192176942
0.1436831132609809	0.17501442597269387	0.10819090250301586	0.13652446564735363	0.09043177850637624	0.10505641503603189	0.06062261253537721	0.1804762865381702
0.13987803008837427	0.16652385668077505	0.11533129054643963	0.13065809519919572	0.09604643306400784	0.10451457268606554	0.06027038225836544	0.1867773394767763
0.12502202050932004	0.19320763600609592	0.11240408964650836	0.12485648948172379	0.09725904057914711	0.10234878322816734	0.061846497152690555	0.18305544339634666
0.13937340866313214	0.17770166389332676	0.1065962342398078	0.13508955814226492	0.0900797009619232	0.10835835283899728	0.06005994691808546	0.18274113434246225
0.14012671717937125	0.17365889048763233	0.11138412011335323	0.12701200203459817	0.09371190981386368	0.10810220042515573	0.06024688595184255	0.18575727399418285
0.12061044858083261	0.18489959689150456	0.10816236206978763	0.13824950635796387	0.09480235495682754	0.10159635670607435	0.06244626464075591	0.1892331097962533
0.13850156125191623	0.16417739892515387	0.10649326677964899	0.13448067136164993	0.10461572899801272	0.10418017092264859	0.06000058103540831	0.1875506207255611
0.1335380826420084	0.18699221488444434	0.11093882510890749	0.12454995547398147	0.10101746527360574	0.09736996642530357	0.06181045139849986	0.18378303879324892
0.12249226498432568	0.1674075585775915	0.11052903833698705	0.13538792462042268	0.10498863693406585	0.11244301471719309	0.06082387662215853	0.18592768520725542
0.13144437597360292	0.17298482428092957	0.1133087086526374	0.13735284273381732	0.10011246083370133	0.09763788405851132	0.06069636428532474	0.18646253918147515
0.1454321459147005	0.15781078806778048	0.11747044392288165	0.127759863503221	0.1004738430087154	0.10309781144026968	0.06298993068621556	0.1849651734562155
0.11829581426843074	0.17540602046199988	0.1203005533718544	0.13570925161532188	0.10287502296798487	0.10305848352701166	0.06256672692582604	0.18178812686157034
0.141973117094296	0.17071244517201511	0.11661118813266648	0.13445616842263283	0.09002557104448251	0.09525922918228949	0.06090539834447721	0.19005688260714015
0.13062634703798381	0.17538489926613357	0.10782261382716272	0.1382328824222458	0.10382651930789419	0.09682541048975245	0.06285882306191143	0.18442250458691578
0.14313921199864177	0.1739260080610356	0.10998178538940838	0.1333599753509003	0.10087425446869497	0.0954098615926775	0.060586836466149055	0.1827220666724922
0.13005087355094486	0.18677215221025362	0.11439243103177851	0.12493776858977104	0.09234947775145316	0.10074278374331525	0.060932891175160625	0.18982162194732266
0.13295308587738677	0.1865358746154009	0.11002182186435552	0.1273271709714015	0.10073860012238464	0.09761136038655642	0.06179830906767557	0.1830137770948385
0.14538679331562723	0.17079845560957962	0.11190253406686727	0.12678164700127656	0.09619897748599666	0.10382874270171495	0.06099089581588786	0.18411195400304958
0.144002066581531	0.1636030568164792	0.11042925348626714	0.13359187635614067	0.09455738605476974	0.10847286028980088	0.06283192543289043	0.18251157498212073
0.13615055390007194	0.16801750413294775	0.11190831217298863	0.12520418369155478	0.09495420928291444	0.11236918229461973	0.06164882711828937	0.18974722740661315
0.13845781868883586	0.16715153224909357	0.1152223647210665	0.13179417099865262	0.09645301446604646	0.1072594171810059	0.06191077473213592	0.18175090696316293
0.11916219417360101	0.19412608068904558	0.11756638856788512	0.12806211721617913	0.0914349283798155	0.10562612435271707	0.06243474669317135	0.181587419927585
0.1173688765997335	0.18479681822440805	0.11580518670289933	0.13011792214078696	0.10560719127180625	0.10240555514451635	0.06193835249070079	0.18196009742514851
0.1398723472677456	0.1654706713488366	0.11488467315147059	0.1339855560057001	0.09758313256539033	0.09819384158473074	0.06254520110101214	0.18746457697511362
0.13100614118014597	0.18016120447502534	0.11030106162713704	0.137788424454892	0.09143609542244352	0.10248249382713093	0.06304674126907063	0.18377783774415435
0.14141571383679297	0.15851477213677423	0.11591099999689461	0.14158731294385973	0.09976333906031976	0.09760568271056241	0.06283217013114008	0.182370009183656
0.14124449938185454	0.15502245435533293	0.11459521295795116	0.14246264441776502	0.0960016687273768	0.10299390025369932	0.06055456989736549	0.1871250500086545
0.12108661585874454	0.18751820120887586	0.10866270112083619	0.12743488272301506	0.09341405153862607	0.1117894437446999	0.06240165966220326	0.18769244414299888
0.13139374239573587	0.18182342594170015	0.11403581831763195	0.13913119894539244	0.09163421352937176	0.0974844914563893	0.06205591957655586	0.1824411898372224
0.12553481496118657	0.18425576835925564	0.11459370493709631	0.1324987195525474	0.0925985564918021	0.10765749053768475	0.061960158906454524	0.1809007862539725
0.12289365686778121	0.18208636546168844	0.1103666517153036	0.12916562290092096	0.09676210923324652	0.10670697110043789	0.06286123670962879	0.18915738601099238
0.12929945808541998	0.18259489708544877	0.10712034739940451	0.14192247512356532	0.09929020076083511	0.09703971289458264	0.06073990713285743	0.18199300151788603
0.12975854609346366	0.1695925321622987	0.11549057681955643	0.128040001638537	0.10533917659249359	0.10138266215365764	0.06068076496590784	0.1897157395740849
0.13540476810017144	0.16610792332102664	0.11822528045000016	0.12736389689962252	0.10308463597352609	0.0986497118321186	0.06289383206287316	0.18826995136066116
0.14531519635298404	0.15140169188342087	0.10863402955591668	0.1369401293736288	0.10420683065844177	0.10852199111893414	0.06310236204568391	0.18187776901098957
0.13286378588389267	0.1680809965803307	0.11494762780755967	0.14139534661422332	0.09300324186336337	0.10134633713339469	0.06030327436866684	0.1880593897485685
0.12389754653656883	0.1899685216110344	0.11054989575413247	0.14011917211454636	0.09726609822040203	0.0951668377183146	0.06148330034624358	0.18154862769875754
0.1401946144052405	0.17219221373063692	0.10746162180491545	0.12781008849394385	0.10508338993597288	0.09925645580285138	0.061129604265115295	0.1868720115613235
0.1282204812325831	0.16856567209014772	0.11948286190175036	0.13748094209548775	0.09551140720516602	0.10618049917760408	0.0610226590827183	0.18353547721454244
0.12399886050149546	0.1878047955884821	0.11110993436746261	0.13575536427891483	0.09655578606462695	0.09821572188454152	0.06048858420854583	0.1860709531059305
0.12724896254823115	0.18166495425586043	0.11796200683170523	0.1296493868546609	0.10432091539228423	0.09524631650341175	0.06310635253414786	0.1808011050796982
0.13301746852074753	0.18735307727507142	0.11015632155132338	0.12865613042385748	0.090684787111674	0.1034465120610043	0.06292637576242398	0.1837593272938977
0.12821919704603654	0.1751972108313252	0.11251651428571796	0.12446830430943152	0.09694334279313005	0.11079790166830937	0.06249833469027155	0.18935919437577756
0.14076333020505222	0.181565152589659	0.10713996109727744	0.12855158093515148	0.09651933170863575	0.09749331152515933	0.06128225768577725	0.18668507425328734
0.12681749189436958	0.17572883259627686	0.11912994587064389	0.14036061619457074	0.09259565564749318	0.10452495053811639	0.05997721923994265	0.18086528801858645
0.12809000256903774	0.17604630319254885	0.11831997456274186	0.12706952639158986	0.10401620810037063	0.10164937518669782	0.06199506018609788	0.18281354981091513
0.13029298424319508	0.17930226268821922	0.11615466004899616	0.1287406868393591	0.09238853750372678	0.10247977029094205	0.061566524408242645	0.1890745739773187
0.1376710597924869	0.18626768391288065	0.11488984036592101	0.12607359742893998	0.09232722994190887	0.09583115137981525	0.061582804589362425	0.18535663258868468
0.1412187395655556	0.17060862011743894	0.10996883358099059	0.13704284378630494	0.09379793070420178	0.10353291062899837	0.06165466113125638	0.18217546048525315
0.11983018935458421	0.19541415272907334	0.11022875855729376	0.1246312245816683	0.09499352282606481	0.10666899273119239	0.06068265296670759	0.18755050625341538
0.12170305382252904	0.1717586790980903	0.11400132474162358	0.13986479529322657	0.0912302252792628	0.11248828056342089	0.06070327857458742	0.18825036262725914
0.1232302774244826	0.18873384763745638	0.11109158456916192	0.13067971228225214	0.10090461710552197	0.0966618953578291	0.06151552886791632	0.18718253675537933
