0.24141948085635737	0.20695056840440096	0.10352966002390583	0.27580910468585595	0.17229118602947963
0.2414468871376732	0.2069468717939793	0.10348737198720452	0.27582652791977796	0.17229234116136477
0.24142129181184174	0.20691909162166755	0.10353681122474127	0.2758182088704506	0.1723045964712986
0.2413990189104454	0.20691664327890047	0.10350512990390148	0.27585448620259434	0.17232472170415802
0.24144804362381275	0.20689774959211923	0.10352312947273473	0.27580983819256066	0.17232123911877242
0.24142875035592226	0.20694953930855461	0.10346477676739459	0.27585348856841774	0.1723034449997105
0.2414146077206117	0.20692459489037304	0.1035653541433001	0.275794656361742	0.17230078688397288
0.24140600938081608	0.20694678463368507	0.10347394100484103	0.27584355432053476	0.17232971066012281
0.24140334408391573	0.20691531132438473	0.10357787296990811	0.2757992363946624	0.1723042352271287
0.24141530004082068	0.20694318729762837	0.10351014453363369	0.27580416314278633	0.17232720498513066
0.2414030723357269	0.2069161232603829	0.10352768977553498	0.2758276025594061	0.1723255120689489
0.2413993471675584	0.20689789520937302	0.10356376467165052	0.27584893684131806	0.17229005611009973
0.24140894565342091	0.20694174781846925	0.10349751701254123	0.27583312879418387	0.17231866072138446
0.24140849149342408	0.20691770152829836	0.10354823466625972	0.2757938341017042	0.17233173821031336
0.24141712462405165	0.206951280224753	0.10352286565880703	0.27579265073001763	0.1723160787623704
0.2414314224714119	0.2069296730068271	0.10346489923937327	0.27584987635049224	0.17232412893189525
0.24142389039500678	0.20689835344842308	0.10356145365370903	0.2758258584966089	0.17229044400625196
0.24141231349603967	0.20690035504774196	0.10354195289492842	0.27584670809220196	0.17229867046908773
0.24141628085788677	0.20692553627387444	0.10354911290904714	0.27581089608711407	0.17229817387207733
0.2414048001349695	0.20693046429288267	0.1035259656498749	0.2758380648263244	0.17230070509594828
0.2414253726675345	0.20691749448715674	0.1035155604467969	0.27581018848352973	0.1723313839149819
0.24145337116765941	0.20692016620176565	0.10352108032725191	0.2757956560636807	0.17230972623964208
0.24143044074800288	0.2068964038381608	0.10354357273987182	0.27580489366577376	0.1723246890081905
0.24144878524681784	0.20694041127824053	0.10344695277518955	0.2758322955272487	0.17233155517250315
0.24140279250183772	0.2069001293029757	0.10357164856019717	0.2758073613335281	0.17231806830146104
0.24144722615503056	0.20694843078562183	0.10344422600868385	0.2758357179203346	0.17232439913032888
0.2414430807294791	0.20692827515490744	0.10353333352029825	0.2758030809236697	0.17229222967164526
0.2414162094074982	0.2069053838855377	0.10356427822974099	0.2757910994629529	0.17232302901426996
0.2414395663546734	0.20693972194063642	0.10347334569581298	0.275846656650919	0.17230070935795797
0.24141953610513397	0.20692905245798252	0.10349805418149899	0.27584802962384963	0.17230532763153464
0.24140473359699632	0.20691727396256723	0.10355573579844078	0.27581732404905795	0.17230493259293744
0.24140498574529998	0.20693758279733715	0.10353561209869162	0.2757996849380511	0.1723221344206199
0.24145462660946124	0.20689539924991324	0.10351142110837379	0.27583021475005953	0.17230833828219197
0.24144558268763117	0.20694853988833695	0.10346670896513269	0.2758315249338683	0.17230764352503067
0.24142617200787886	0.20694643079282046	0.10348861208315561	0.2758285762475098	0.17231020886863505
0.24144335890329705	0.20694229530877994	0.10347164455644943	0.27584539671995145	0.17229730451152192
0.24145177534368434	0.20689871903759774	0.10349665732317395	0.27583343553877304	0.1723194127567707
0.2414520905404473	0.20689499488071525	0.10348979549519396	0.2758519111064127	0.1723112079772305
0.24142752351953853	0.20693125246572572	0.10350915395253138	0.2758306602127757	0.17230140984942843
0.2414009994532767	0.20690388986240843	0.10351474336765434	0.27585915786807286	0.17232120944858742
0.24141997693758985	0.2069447626059028	0.1035045877756087	0.2757994567494773	0.17233121593142112
0.2414274621832385	0.20692736550308824	0.10351395287796139	0.275805279879858	0.17232593955585365
0.24143912261369646	0.2069404890579107	0.10346936196544382	0.2758535249899904	0.17229750137295838
0.24143872928476778	0.20691215530715187	0.10353060642145329	0.2758258894138412	0.17229261957278566
0.24142628366497182	0.20692651055587696	0.10346846874953708	0.27585425114215834	0.17232448588745553
0.24145620145135355	0.20694392550043159	0.10341248488740167	0.2758568372351346	0.17233055092567837
0.2414563573321019	0.20692418095087764	0.10348770658218891	0.27582703648639384	0.17230471864843747
0.241441933750596	0.20690798739676078	0.10350924140566901	0.27582989507968003	0.17231094236729397
0.2414417032833918	0.20692000021966617	0.1035275579965479	0.2758099012184113	0.1723008372819826
0.2414561928419728	0.2069267915553754	0.10344490845851498	0.2758601074710658	0.1723119996730707
0.24145507806127736	0.20693909467179175	0.10350715785203697	0.27579513570359593	0.17230353371129775
0.24140523807683326	0.20690602555652765	0.10353278851710908	0.2758258982043895	0.17233004964514023
0.2414380525513566	0.20690365363462163	0.10354101081429647	0.27579228237718	0.17232500062254502
0.2414076693138828	0.20692758457376523	0.10355316033718837	0.2757913856919123	0.17232020008325105
0.241438500447535	0.20692493103235798	0.10349137337746056	0.2758329697753322	0.172312225367314
0.24141787040566437	0.206896895432328	0.10351764618445869	0.27585841786750764	0.17230917011004102
0.2414250655204579	0.2069036324636445	0.10350689186855086	0.27585969516057013	0.17230471498677638
0.2414569023029262	0.2069385616764851	0.1034790820570936	0.2757944973511266	0.17233095661236827
0.2414024193878425	0.20695022466706564	0.10351771684115663	0.27583933131122884	0.17229030779270618
0.2413975039292091	0.20689513920325325	0.10353511993001858	0.27583959431454924	0.17233264262296955
0.24144445006105153	0.206896248633194	0.10348072765671186	0.2758493510622919	0.17232922258675049
0.24141064316408767	0.20689847789161742	0.10353235209027574	0.2758601785531635	0.1722983483008554
0.241422201628476	0.20691274151672082	0.10353540079566016	0.27583143351559974	0.172298222543543
0.24145039851392538	0.20693156385132822	0.1034419639993487	0.27585761470402226	0.1723184589313752
0.24144691168856114	0.20690259230567823	0.10351498153895393	0.27582664873325746	0.17230886573354892
0.24140942599673784	0.2068995379490504	0.10357181633829453	0.2757921672007175	0.17232705251519953
0.2414268795784016	0.20689764744260633	0.10353442433182469	0.27581380493863317	0.17232724370853397
0.2414286950918304	0.2069266743554553	0.1034933413931707	0.2758313136480949	0.17231997551144843
0.2414269912097133	0.20691619046211351	0.10347570830005264	0.27585066809501735	0.17233044193310293
0.24140744514622606	0.20693897509583847	0.10354820453465852	0.2758014097071303	0.1723039655161464
0.24144391149249106	0.20690715287398817	0.10354690899006389	0.2757923653960339	0.17230966124742275
0.24143570167541162	0.20690285859018756	0.10350402895187086	0.27583534163234813	0.1723220691501816
0.2414251974880789	0.20694595208740577	0.10352923647105543	0.2757932134137726	0.17230640053968707
0.2414361178446425	0.2069348525732081	0.10348539261727642	0.27583388479992677	0.17230975216494596
0.24143993596629623	0.206919655342761	0.10347507662827145	0.2758371662321584	0.1723281658305127
0.24144350659973485	0.2068982443356648	0.10351108531382434	0.2758186245161841	0.17232853923459163
0.24139802613724903	0.20689608682124785	0.1035383513921438	0.27584265951131437	0.17232487613804465
0.24145662881891505	0.20691320563442195	0.10346365658624013	0.2758363556562519	0.1723301533041707
0.24142797294987475	0.20692541321730934	0.10349931693557982	0.2758368765100693	0.17231042038716657
0.24143295330988754	0.20691007617680365	0.10350201648304853	0.275836325760884	0.17231862826937602
0.24141100250942793	0.20693951812409522	0.10347764435009567	0.27584793781434513	0.17232389720203578
0.24139887050916556	0.2069447879477739	0.1035143190025196	0.27582343857783853	0.1723185839627022
0.2413993122570994	0.20693810122243425	0.10351408788907092	0.2758548864027486	0.17229361222864656
0.2414189850415262	0.2069006853552588	0.10359370170432788	0.2757960935136459	0.17229053438524092
0.24139983648395782	0.20694599280461654	0.10349656553976765	0.2758592823125728	0.17229832285908495
0.24142176068279222	0.20694470297741777	0.10347843429967776	0.2758473731193092	0.17230772892080282
0.24144214570837275	0.20690427780053539	0.10352769260947882	0.2758267372636517	0.17229914661796109
0.24140619175543465	0.20690698668502153	0.10356633197656426	0.27580831876088524	0.17231217082209407
0.24141037333123022	0.20692459464937535	0.10354489193098351	0.2757986208461026	0.172321519242308
0.24141795198659172	0.2069250438721258	0.10352546370143395	0.27582539329532985	0.17230614714451842
0.24141396186967942	0.20693230885114675	0.10353494277088449	0.2758257879140162	0.1722929985942729
0.2414449369105371	0.20690125736186477	0.10352586303945424	0.2758340715072068	0.17229387118093686
0.24142205697932023	0.2069489466200784	0.10349881916232356	0.27582051686688874	0.17230966037138878
0.24141192034815556	0.20692832661438013	0.1034808684317989	0.2758516782433907	0.1723272063622745
0.24141262219633614	0.20694705557762932	0.10346207794809367	0.27584621990717384	0.1723320243707668
0.24142612691261361	0.20693347143359725	0.10350303856582996	0.27581104385994815	0.17232631922801075
0.24144236569307237	0.20692375263323767	0.10348641311700178	0.27585036642927685	0.17229710212741106
0.2414059904614408	0.20690692824142465	0.10355845044676548	0.27580321774910144	0.17232541310126737
0.24140309544237176	0.20692258870260555	0.10349603032600999	0.2758489580740568	0.17232932745495566
0.24140596494430777	0.20694805352259246	0.10353651487399032	0.2758094085989724	0.17230005806013682
0.2414207445990827	0.20690430099758064	0.10357043513195775	0.2758107647553739	0.1722937545160047
0.24139767731920272	0.20690499717731434	0.10351937646131008	0.2758521893685659	0.17232575967360672
0.24144253435861898	0.2069277594840539	0.10351762829596231	0.2757952137110291	0.1723168641503354
0.2414131654046323	0.20692169242635824	0.10349173047476307	0.2758451986630004	0.1723282130312457
0.24141889701003827	0.20691673242855732	0.1035481225326102	0.27582419081579157	0.1722920572130024
0.24141604750271747	0.20691664974073465	0.10352283151564955	0.2758256417636978	0.17231882947720034
0.24140529094791396	0.20693987044232354	0.10353008335496454	0.27580493201802925	0.1723198232367685
0.24143221205962787	0.20693928098700584	0.1035247725131192	0.2758094940513443	0.17229424038890254
0.24142263036761885	0.20694769333878904	0.1035136776213761	0.27580652569517966	0.1723094729770361
0.24143436742206026	0.20692312284286338	0.10353094385625201	0.27581461724563683	0.1722969486331873
0.24142088412120538	0.20689632595034677	0.10351843816137357	0.2758323031195342	0.1723320486475398
0.24141301075441807	0.20694018082052906	0.10349177938248008	0.27586047960642934	0.1722945494361432
0.2414195882046749	0.20692709301873985	0.10353137848658536	0.2758007440705832	0.17232119621941644
0.24145318784438136	0.2069175825570034	0.10350871367392042	0.2758149977978937	0.17230551812680087
0.2414445655376485	0.20694989322379792	0.10349751326802194	0.2757912111476399	0.17231681682289152
0.24144208248090362	0.20690807477662557	0.10349259025275521	0.27584206082319707	0.17231519166651826
0.24140221452283034	0.20692471457962036	0.10355506833060885	0.27582434959399543	0.17229365297294483
0.2414399565170878	0.2069404787152312	0.10353374382640426	0.2757928676168739	0.17229295332440264
0.24141491017556574	0.2069355553690592	0.10347256678819387	0.2758461213395377	0.17233084632764326
0.24143769573788382	0.20694901952978287	0.10348170396454509	0.2758353852677382	0.17229619550004974
0.24145139326460419	0.20693030577534743	0.10344154614277092	0.27586030861839217	0.17231644619888503
0.24143484443649116	0.2069299627508795	0.10348634065810453	0.27585190225881	0.17229694989571454
0.24145214806639537	0.20692951009358582	0.10349893995969575	0.27581287878665567	0.17230652309366712
0.24141590787771258	0.2069255745398819	0.10352865967087152	0.2757987253154762	0.17233113259605756
0.2414014569440987	0.20693220972613355	0.10357233173808836	0.27579499630348236	0.17229900528819678
0.24145680803282094	0.2069473063731841	0.10344656997264777	0.27585922495711485	0.17229009066423207
0.24142129831637485	0.2069062484455041	0.10352643258609648	0.2758258006916603	0.17232021996036406
0.24140272780024927	0.2069279950563421	0.103546115155315	0.27581621915545074	0.1723069428326426
0.24144012267628867	0.20692161055749278	0.10352437394270295	0.27579108081602427	0.17232281200749106
0.24140894588323453	0.206929602867088	0.103554770025426	0.27579236278131425	0.17231431844293696
0.24143797198035355	0.20692804378484078	0.10353574488331208	0.27579807174077176	0.17230016761072156
0.24142448053502802	0.20689680684195036	0.10354085044082285	0.27580910426961897	0.17232875791257954
0.24143538957464122	0.206913487615008	0.10352218300017606	0.2758179740487663	0.1723109657614082
0.24145787571321342	0.2069057614221552	0.103498124508722	0.27581090239445016	0.17232733596145897
0.24141468438845526	0.20691302747060772	0.1035112142302036	0.2758378240038707	0.17232324990686249
0.24144037941758192	0.20690381329491003	0.1035244767841608	0.275825302076547	0.17230602842679998
0.24145064956983062	0.2069211949395026	0.10347014534600779	0.27585834451340074	0.17229966563125804
0.24139979001697853	0.20692961780032842	0.10352628655159467	0.2758267824167008	0.17231752321439736
0.24143535040309066	0.20694064481188287	0.10350200631557592	0.27580874527048804	0.1723132531989622
0.2414338158507575	0.20695138889884812	0.1034908801342509	0.27582812793179157	0.17229578718435165
0.2414170882037417	0.20694374363291232	0.10348685231824978	0.2758512258058893	0.17230109003920668
0.2414055906131848	0.20692245631932785	0.10351224330122359	0.2758323214285215	0.17232738833774203
0.24143222666079006	0.206937589445334	0.10347455085670951	0.2758343123139238	0.17232132072324238
0.2414081777758578	0.20693016336531608	0.10350277744101392	0.2758480738391862	0.1723108075786257
0.24140531837744855	0.20692029594428732	0.10357020395268829	0.27581087830510653	0.17229330342046903
0.24140963045454406	0.20692544494267734	0.10350333420999372	0.2758396326675243	0.17232195772526035
0.24142360244324035	0.20695150975979779	0.10346316451355902	0.275837304859763	0.17232441842363963
0.24143986368998316	0.2069068502781562	0.10349349898920487	0.2758572803540621	0.17230250668859343
0.2414159663194841	0.206915588971548	0.10350164305916164	0.2758542590464364	0.17231254260336962
0.24141574416557304	0.2069204101622595	0.10354951262059263	0.27581288694883377	0.1723014461027408
0.2414184727287692	0.20693445896179904	0.10350821639469734	0.27582073491697445	0.17231811699775967
0.2414307909396629	0.20689593885948365	0.10354798956563616	0.27582463319121436	0.1723006474440027
0.24141115801417368	0.2069170988297206	0.10355422419056973	0.2758080548995725	0.17230946406596323
0.24141345430554437	0.2069139935092141	0.10349132189522448	0.27585443551193534	0.1723267947780815
0.2414157471480904	0.2068940066892775	0.10355099708680197	0.27583385613931566	0.17230539293651426
0.24139861536178658	0.20690636149356678	0.10356324072938868	0.275818876899837	0.17231290551542072
0.24144111416318478	0.20694935047212418	0.10342343199326018	0.2758599725864335	0.1723261307849971
0.24143960701240674	0.20691847857204096	0.10349470299643042	0.2758188545657369	0.1723283568533847
0.241402666859596	0.20693305497619036	0.10348805030995376	0.27584418537127087	0.17233204248298875
0.24141633726295966	0.20694999250861085	0.10344642216872607	0.2758544704128066	0.17233277764689656
0.24143553253227262	0.20690288695594167	0.10351964413788486	0.2758429907950253	0.17229894557887535
0.24142962699409098	0.20692331492922544	0.10354189712219587	0.2757924569711576	0.17231270398332982
0.24145302289071507	0.20690235632074425	0.10347425352938719	0.2758537399997697	0.17231662725938354
0.241419575295041	0.2068948843324753	0.103573555773122	0.27579667484283155	0.17231530975653
0.2413990704583477	0.20689953940634356	0.10354853083529596	0.2758290805133578	0.17232377878665475
0.24143153059264813	0.20694697889780891	0.10353427780782962	0.27579151200181845	0.1722957006998946
0.24140033529552105	0.2069244547573101	0.10354179663637875	0.2758152411515477	0.1723181721592421
0.24142687754143008	0.20691634209952667	0.10356370820524538	0.275794479576117	0.17229859257768063
0.241454461466456	0.20692481791932868	0.10346087551511378	0.275832163877661	0.17232768122144027
0.2414338390998177	0.20692132545384104	0.10351687078431951	0.2758023256974361	0.17232563896458541
0.24141301120698652	0.2069481518846648	0.10352583467464255	0.275795369376326	0.17231763285737986
0.2414048738976511	0.20689779813444953	0.1035722585725819	0.27580352578928624	0.172321543606031
0.24141197530229463	0.20691514171264644	0.10355579256193358	0.2758128890422555	0.17230420138086963
0.24142142617767326	0.20694334464080427	0.10348029834452638	0.27585517542893656	0.17229975540805925
0.24140124600338547	0.20691823519706426	0.10351274953438856	0.2758504485568365	0.17231732070832498
0.24143875171773005	0.2069011539022083	0.10352506741123711	0.27582263607154084	0.17231239089728345
0.24141214357724228	0.2069493219554369	0.1035207184472375	0.27580793773498613	0.17230987828509692
0.24145388912374033	0.2069051160816493	0.10349176587410815	0.2758299861361966	0.17231924278430538
0.24142183985984603	0.20693261321320136	0.10348017526718424	0.2758441093087044	0.17232126235106374
0.2414038026912146	0.20689900247253362	0.10354340528330411	0.2758310041868832	0.17232278536606424
0.241426379169498	0.20694682203327502	0.1035090815572472	0.2758173409345227	0.1723003763054568
0.24141788880662288	0.20690975013031407	0.10354457292410187	0.2758238061389863	0.17230398199997463
0.24143959414099297	0.2069433240342568	0.10345442522158592	0.27584858321144107	0.172314073391723
0.24142826109653379	0.2069479669603577	0.10348889396759531	0.27581122139697956	0.17232365657853344
0.24140741640742017	0.20690034198560814	0.1035797127721387	0.27580591346337524	0.17230661537145753
0.24143955310030643	0.20691444222994612	0.10351249682651328	0.27583432000394237	0.17229918783929155
0.2414345096896295	0.20689710364693495	0.10351526093055957	0.2758274206287881	0.17232570510408757
0.24141182597332977	0.20694460146545188	0.10349520478385121	0.27584107605567654	0.17230729172169035
0.24145241453024363	0.2069099853063298	0.10350389120072381	0.2758315562026762	0.17230215276002636
0.2414112339544761	0.2069255581208163	0.1035409228208882	0.2758063211263354	0.17231596397748375
0.24144430303427655	0.20692162646568482	0.10350296157281282	0.2758148246759958	0.17231628425122977
0.24140329284445464	0.20694216857984468	0.10352279383399521	0.2758169181811641	0.17231482656054112
0.2414406099950375	0.2069129676748944	0.10355557683194792	0.2757989706048817	0.17229187489323822
0.24142687973363197	0.20693677142368827	0.10353948712842478	0.2757998869391522	0.1722969747751025
0.2414472794964665	0.20690174763804167	0.10349952957731806	0.2758532594141808	0.1722981838739927
0.24141545044776846	0.20689425594898617	0.10352380658438137	0.2758608640791398	0.17230562293972396
0.2413974586079133	0.20691782840234324	0.10354711833128445	0.27581818955333126	0.17231940510512753
0.2414233673489699	0.20693149224924148	0.10355568870897264	0.2757959113090196	0.1722935403837961
0.24142906207509474	0.20689469957583356	0.10351741549656379	0.27584434164075033	0.17231448121175735
0.2414023443374686	0.2069067546533849	0.10357975659405856	0.27580916528883653	0.17230197912625117
0.2414024897163155	0.20694479335900867	0.10355383814449079	0.2757912050697189	0.17230767371046585
0.24145429160935988	0.2069044545878224	0.10351052961078144	0.2758208247027928	0.17230989948924327
0.2414385911732963	0.2069286984283179	0.10348672718603655	0.2758183717744058	0.1723276114379432
0.24144516732228732	0.20694270494074452	0.10350117921549343	0.27580932620246695	0.17230162231900753
0.24140787001994884	0.20690576852550285	0.10356826568035495	0.2758154676198718	0.17230262815432124
0.24145110719265184	0.20690582095270174	0.1035229952996702	0.2757956274425295	0.17232444911244643
0.24145460740692373	0.20692258200916844	0.10348767667864847	0.2758241190055396	0.17231101489971948
0.24140534380774753	0.20694642329437343	0.10350327363493575	0.2758130824913164	0.17233187677162667
0.2414535374262631	0.2069353192783899	0.10347302878264612	0.27583753746533357	0.17230057704736704
0.24144220221430754	0.20693872085486603	0.103512202981721	0.2757952279543244	0.17231164599478083
0.2414149531377284	0.20691716803955526	0.10355605668577628	0.2757939636008464	0.1723178585360934
0.24140912289741728	0.20692932103630296	0.10351024310400507	0.2758515769825239	0.17229973597975057
0.24143186174017547	0.20689706406840208	0.10350038455063552	0.27584017514832815	0.1723305144924585
0.24140286118336016	0.2069281317533222	0.10357681404957209	0.2757972830257129	0.17229490998803243
0.24145350192355908	0.2069107499257604	0.10349222094895798	0.2758113193227812	0.1723322078789411
0.24140725087085246	0.20690814807002536	0.10358089649676261	0.27580013308101115	0.17230357148134814
0.24140028079454684	0.2069434446014337	0.10352048905245481	0.2758073092994638	0.17232847625210063
0.24142576387662798	0.20691041515686798	0.10355489235973382	0.27579662376650044	0.17231230484026955
0.24143767860643198	0.206897161726367	0.10353608482885411	0.27583422334246926	0.1722948514958774
0.24141002018859542	0.20694072310024347	0.1035203069050241	0.2758047230375016	0.17232422676863518
0.24141172170725428	0.20690983329634244	0.10357814866624408	0.2757915869390479	0.1723087093911111
0.24143585231656567	0.20693587712525519	0.10347755726935944	0.2758217012503933	0.17232901203842615
0.24139965480093026	0.2069460201680414	0.10351653364593374	0.2758192645350942	0.17231852685000013
0.24144530357544958	0.20690154151012408	0.10349727551932633	0.27582968510025235	0.17232619429484738
0.2414419060279641	0.20690974008682397	0.10352577992089955	0.27580853903955593	0.17231403492475622
0.24141782065251594	0.20693573103554164	0.10353161700401929	0.27581127814473044	0.17230355316319249
0.24144507453248587	0.20694295755076822	0.10347400750079448	0.27581648141094683	0.17232147900500439
0.24143602007152024	0.20691881892199343	0.10353007342644963	0.2757997552402916	0.1723153323397449
0.24140167264758172	0.2069116723256942	0.10357185817654446	0.27580185473662633	0.17231294211355302
0.2414408093349507	0.20692482342004778	0.10351013735841864	0.27581200711863696	0.17231222276794567
0.2414104412208432	0.20693544105317915	0.10350842948150821	0.2758523296166621	0.17229335862780706
0.2414526748462006	0.20690689514608465	0.1035244137788006	0.2758013487538931	0.17231466747502078
0.24142872601357912	0.20691936124077032	0.1034865906793226	0.2758415798473064	0.1723237422190213
0.24144704780186796	0.20691466350086554	0.10350528729874674	0.27582708056592303	0.1723059208325965
0.24140969258013478	0.20691442891655937	0.10352149967662327	0.27583410199878866	0.1723202768278937
0.24140004208076088	0.20692272374786463	0.10352585840492885	0.2758286175059971	0.17232275826044832
0.24140092331729177	0.20695024618917765	0.10348876608491245	0.27583247384725906	0.17232759056135882
0.24143992515848994	0.20690319540933022	0.10352935954764261	0.2758359937625998	0.17229152612193716
0.24144565997864023	0.20691790131900434	0.1034742358517162	0.2758455216746037	0.1723166811760353
0.2414542368322842	0.2069264456207769	0.10347739616971208	0.27581089169394946	0.17233102968327713
0.24141593454688068	0.20690653194122124	0.10355263378013604	0.27579659116388877	0.17232830856787298
0.24142913521768872	0.2069487739113948	0.1034585040917661	0.2758582711089995	0.17230531567015056
0.24144451751886084	0.20693893404153757	0.10349959248392913	0.2758090925985982	0.172307863357074
0.2414178243415796	0.20690184744326479	0.10354011568569192	0.2758143418267762	0.1723258707026872
0.24142662043376806	0.20694322046694613	0.10346385448790035	0.2758546262645495	0.1723116783468357
0.24141889531308688	0.20689702855025444	0.10356765511308678	0.2757953017961905	0.17232111922738116
0.24145047830923286	0.20695116035306133	0.1034965001620943	0.2757940141912606	0.17230784698435064
0.24139986328443166	0.20689982449407854	0.1035254744013344	0.2758542798222237	0.17232055799793145
0.24139999718484167	0.20689631082938717	0.10357825069358073	0.275797356704777	0.1723280845874132
0.2414221654765961	0.20694561203165207	0.10353385381980976	0.2757973170215584	0.17230105165038345
0.2414185972408666	0.206946270108264	0.10347697397069254	0.2758268529294208	0.17233130575075584
0.2414157294869107	0.206932392451696	0.10353184038678469	0.27582155589489427	0.1722984817797141
0.2414205130397074	0.20690249958126808	0.10356428339208117	0.27581317596306265	0.1722995280238804
0.24142108642171953	0.20693088647926797	0.10355702190754375	0.2757933984072156	0.17229760678425288
0.2414096217469974	0.2069182778458333	0.10353841476163166	0.2758025946041967	0.1723310910413407
0.24144578255964316	0.20695119506031753	0.10345222319482647	0.2758382060138054	0.1723125931714072
0.24143325628353288	0.2069060122588498	0.10352245805678	0.27582056786576714	0.1723177055350699
0.24144470657995826	0.20695050522285213	0.10349021848669392	0.27581031231771197	0.17230425739278343
0.24141206372021334	0.20689564569416158	0.1035503195570579	0.2758417029510162	0.17230026807755075
0.24142455841533916	0.20690497758114476	0.1035037678609158	0.27584302164145214	0.17232367450114788
0.24142279430094873	0.20689827616935402	0.10357260819901312	0.27580443803300353	0.17230188329768034
0.24141867660387079	0.20692878871446016	0.10351667663384828	0.27581274033419223	0.17232311771362835
0.2414194073360019	0.2069069909736342	0.10351595166580636	0.275834153829332	0.1723234961952253
0.2414152971700586	0.20689742075939954	0.1035591524232405	0.27582652159713544	0.17230160805016564
0.2414172638617869	0.20691443345882185	0.10350259766696224	0.2758439643640071	0.17232174064842168
0.24141779618388146	0.20692576148680442	0.10353437983745506	0.27580669874435293	0.17231536374750595
0.241443208085388	0.20694649827292225	0.10345788881127121	0.27582718775552634	0.17232521707489196
0.24145772124865783	0.20691148002877432	0.10353507078887944	0.275804304238257	0.17229142369543113
0.24144736855028964	0.20690066272038055	0.10349870333237804	0.27585337355383865	0.1722998918431129
0.24143098804605984	0.20692751272267407	0.10348939520805686	0.27585539203066933	0.17229671199253965
0.24139848767961838	0.20693040065747842	0.1035125265388018	0.27584837431153153	0.17231021081256961
0.2414313086005237	0.20692932584123394	0.1035362658275589	0.27580830031468023	0.17229479941600298
0.24144365710699794	0.2069418748734233	0.10350339309963587	0.2758053156039623	0.1723057593159803
0.2414560295288013	0.20691965760304326	0.10349853292330273	0.27579564962905895	0.1723301303157935
0.24140471582025302	0.20693913183968016	0.10349797426020838	0.2758564051248734	0.1723017729549848
0.24140817490147987	0.20692131973947564	0.10350871916431235	0.27583317387937634	0.1723286123153556
0.2414416216034323	0.20693765592799043	0.10353357705862798	0.27579624252794943	0.17229090288199964
0.24140897626348717	0.20694055682048731	0.1035005628279492	0.2758449944256733	0.17230490966240275
0.24143005999308056	0.20692451649624227	0.1035146651164788	0.2758259035723306	0.17230485482186753
0.2413976878819528	0.20690246092842957	0.10355832269734729	0.2758470476241687	0.17229448086810148
0.24143383346326616	0.20690574227343436	0.10354583243578867	0.2758163337556756	0.1722982580718349
0.2414478844974059	0.20693086976825198	0.10352074113817604	0.2757953790455078	0.172305125550658
0.24143487014452514	0.20694695323522863	0.10347075275564523	0.2758303956927025	0.17231702817189828
0.24145328464541732	0.2069235009208931	0.1034860837493703	0.2758317865727039	0.1723053441116151
0.241405803084868	0.20690866904762983	0.1035580947207466	0.2757957612728384	0.17233167187391693
0.24145215111290286	0.20690787917032252	0.10351684131579804	0.27579220592451	0.1723309224764663
0.2414094815531746	0.20694312315307803	0.1035188214567204	0.2758084213160321	0.1723201525209946
0.2413990496571852	0.20692335236356685	0.10354894741864307	0.2758315059684483	0.17229714459215636
0.24144613966545125	0.2068970248050016	0.10347503738099306	0.2758505794376202	0.17233121871093365
0.2414370537113143	0.20693160400883442	0.10350849588352039	0.2758098286492667	0.17231301774706392
0.2414534336285204	0.2069036342079081	0.10353081063634555	0.2758110788867443	0.17230104264048143
0.24145404682763327	0.20691800853041603	0.10348279029903724	0.27584938615599464	0.17229576818691858
0.24143784999882256	0.2069380895871002	0.10348688030503171	0.2758442874672574	0.1722928926417879
0.24142627939074043	0.2069458856665204	0.10353148175970442	0.2757969301953862	0.17229942298764828
0.2414006751404261	0.20693624954812376	0.10353131432692694	0.27580898119619857	0.1723227797883244
0.24142655161465054	0.20689839566319612	0.10352310922350222	0.2758202025558358	0.1723317409428151
0.2414525356996533	0.20692182030810896	0.10349803736678227	0.27581054481036393	0.17231706181509124
0.24141628471570722	0.20690309786985445	0.1035302986477987	0.27584285643023565	0.17230746233640376
0.24141540603838818	0.20691695049301292	0.10347831699081694	0.2758574291598515	0.1723318973179302
0.24143197907969888	0.20694978690338986	0.10348075456352299	0.27581329906072394	0.17232418039266406
0.2414327257497021	0.20692221559945548	0.10348480309314081	0.2758277356891078	0.1723325198685936
0.24143646783442468	0.20691074218914915	0.10356112840504914	0.2757957876557606	0.17229587391561615
0.24140317307354742	0.20691831669263336	0.10352528922322775	0.2758394858011373	0.17231373520945392
0.24144511161484175	0.2069316861647266	0.10347902027603097	0.2758240256623616	0.17232015628203887
0.24140279035040701	0.2069224770850373	0.10355533789623622	0.27579845060910413	0.1723209440592151
0.24139942577564255	0.20690790548176066	0.10357141596346969	0.2757968576328611	0.17232439514626574
0.24141021016002917	0.206943920639709	0.10349021226380667	0.27583296119893996	0.17232269573751496
0.24143862607737007	0.20690139400451737	0.10351738879745508	0.27585023186370405	0.17229235925695313
0.24140417272895526	0.20690527890935678	0.10354433898788852	0.27582088125394316	0.172325328119856
0.241400107043204	0.2069272524716491	0.10352885498294655	0.275820077819848	0.1723237076823521
0.24139701025665633	0.2069321771979296	0.10351839475591851	0.2758325077787585	0.17231991001073682
0.24144314116822707	0.2069058855439714	0.1035144789027037	0.27583877465601225	0.17229771972908534
0.24142361818876615	0.20689521725381801	0.10351898251549169	0.27585354017052305	0.17230864187140088
0.24142774213845997	0.20694658009515848	0.10349366846389425	0.275832208061894	0.17229980124059305
0.2414294488658265	0.2069218387209225	0.10349825171709569	0.2758345975874955	0.17231586310865954
0.24142363144334755	0.20690437606900972	0.10357203060831324	0.2757910097119039	0.17230895216742534
0.24144090591262443	0.20694346695778607	0.10346689932836434	0.27584737647478347	0.17230135132644148
0.24139915641035053	0.20690075265075725	0.10351342124534192	0.2758609410759634	0.17232572861758666
0.24141418755269833	0.20690388321804618	0.10353880426438547	0.2758327037719006	0.17231042119296916
0.24140532146952715	0.20694592072676732	0.10352849728451971	0.2758196819269752	0.17230057859221037
0.2414194331110903	0.20694669562556958	0.1035147679203823	0.27581412677085915	0.17230497657209845
0.24144765384666195	0.20692468375323386	0.10346896279135852	0.2758504315760733	0.1723082680326721
0.24145142905066397	0.20690624014583434	0.103517349772378	0.27582386365868494	0.17230111737243847
0.2414498406348709	0.20694841221413365	0.10349358465595951	0.2758016613337266	0.17230650116130908
0.2413986633555845	0.20693636099049487	0.10353321226280332	0.27581412937416816	0.1723176340169489
0.24139986667625002	0.20690979659915698	0.10353545892944704	0.275832457564104	0.1723224202310417
0.24141782670613995	0.2069048261657328	0.10352149087460474	0.2758429338398992	0.17231292241362306
0.24145131316042048	0.20695080032937938	0.10346063222832325	0.27582906079691366	0.172308193484963
0.24141361998449143	0.20692387872732412	0.1035068375576155	0.27585502889006647	0.17230063484050223
0.24143821670450497	0.20690505686495592	0.10351899346275847	0.2758390313491077	0.1722987016186727
0.24141677321588964	0.20692563286657836	0.10352903048717223	0.27583587617157623	0.1722926872587833
0.24141824099960432	0.20692568518449098	0.10348989569197961	0.2758542406222593	0.17231193750166557
0.24144219070615505	0.2069357855295584	0.10347732159628881	0.27584283319573	0.17230186897226746
0.2414447547397612	0.20691560099690415	0.10350439831906347	0.27583478841302367	0.17230045753124726
0.24142627091643715	0.20692481637942375	0.10350140179591617	0.27583248270690397	0.17231502820131872
0.24143543894468317	0.2069321402988585	0.10351520633699249	0.2758226936671905	0.17229452075227508
0.24141349425600098	0.20693777238291375	0.10349487146196629	0.2758528002478118	0.17230106165130696
0.2414571619283218	0.2069303337440034	0.1034682869742962	0.2758511510457419	0.17229306630763638
0.2414031519483108	0.20692508460464107	0.10354388587154043	0.2758215800517128	0.17230629752379467
0.2414516740446087	0.20692747416813737	0.10347237309906375	0.2758475992299002	0.17230087945828973
0.24143093755056333	0.20690601137945056	0.103556194491726	0.27579706743096144	0.17230978914729844
0.24143092261673538	0.20691302990958585	0.10352004223865857	0.27584319677759384	0.17229280845742614
0.2414489508088627	0.20693360520747203	0.10349316210893571	0.27580236385679024	0.17232191801793903
0.24140379940503143	0.2069474589161356	0.10348670744188297	0.27584996176788834	0.17231207246906138
0.24142184360670665	0.20694233010609922	0.10351223219718012	0.27583193185129307	0.1722916622387207
0.24142607504468577	0.20693840931225416	0.1034633583490627	0.27584837614837043	0.1723237811456267
0.241409659757289	0.20691340547888767	0.10356292262837682	0.2758036226186892	0.1723103895167571
0.24141690507004526	0.20691150242354575	0.10351005098923138	0.2758286541307497	0.17233288738642766
0.24142803097525	0.206907172950389	0.10356905320127249	0.27580206891709746	0.17229367395599074
0.2414545352686058	0.20693150927210224	0.10344757240283017	0.27585477104184863	0.1723116120146129
0.24142730069410467	0.2069176843147652	0.10355097615942506	0.27580490007973446	0.1722991387519703
0.2414168353637133	0.2068958583481993	0.10354873486655365	0.2758297389800208	0.17230883244151274
0.24144040738561778	0.20694341629649346	0.1034713225056805	0.2758540008713338	0.17229085294087418
0.24145018359328588	0.20691471905155906	0.10350713193388943	0.2758029595213852	0.17232500589988015
0.24145408298759768	0.20693137863784794	0.10347336366683554	0.2758498529196526	0.17229132178806603
0.24139972551946898	0.20694531337713806	0.10354213683574061	0.27579905730159143	0.17231376696606066
0.24141350255303315	0.2069487428837087	0.10349359705586228	0.27585259828497816	0.17229155922241746
0.24145755793261134	0.20694144760833277	0.10346370890978349	0.2758420623771888	0.17229522317208337
0.2414155355522638	0.206903950630271	0.10355592135082976	0.2758147924488256	0.17230980001780957
0.2414474164413294	0.2068995907654096	0.10352735873218401	0.27580857090975275	0.17231706315132406
0.2414514632804935	0.2069388531325596	0.10345945447252465	0.2758544836280719	0.17229574548635007
0.2413984143540328	0.20693861367106853	0.10350044470048415	0.27584554083272184	0.1723169864416924
0.24140459446638737	0.2069026681790248	0.10356622819335048	0.27583514954591387	0.17229135961532321
0.24142064615835754	0.20691497630124975	0.10353711649928128	0.2758112295548072	0.17231603148630398
0.2414157554182441	0.20694073543520677	0.10350899665283077	0.2758224582892472	0.172312054204471
0.24143622168223602	0.20691756229759167	0.10351742928476199	0.275806412988042	0.1723223737473681
0.2414348624163876	0.20692271873816692	0.10347986882399494	0.27585233251130753	0.1723102175101428
0.24145101983780093	0.2069324139627636	0.10346593933153184	0.2758273168744221	0.17232330999348125
0.24145544142503295	0.2068999250289115	0.10348184649319066	0.27583734984290265	0.172325437209962
0.24140513235860436	0.2069484917546978	0.10354069125113896	0.27580589855692067	0.17229978607863797
0.24144294021507773	0.20693764227445982	0.10349064140053099	0.2757960027289391	0.1723327733809921
0.24142349370190996	0.2069316321886782	0.1034812559712675	0.27584748170746104	0.17231613643068305
0.24145722914450235	0.20695067665800873	0.10344177907491912	0.2758201697522974	0.17233014537027216
0.24140972008921718	0.20693347748682014	0.1034894918129443	0.27585686794844777	0.17231044266257037
0.24142988747217886	0.20692054901301876	0.10347316467867103	0.27585739132707154	0.17231900750905954
0.2414384310123675	0.20691356041302775	0.10345954482144429	0.27585963242107514	0.17232883133208504
0.24144808135920487	0.20693715651203629	0.10346431807120211	0.27585992309490687	0.17229052096264963
0.24144594859551624	0.20690961056912438	0.10345803181395055	0.2758591005356165	0.17232730848579206
0.24142822357421417	0.20694298492999408	0.10347046599627115	0.2758543169247546	0.17230400857476577
0.24142638651138248	0.20689796715674205	0.10355374651146215	0.2758205517178862	0.17230134810252684
0.24141486493953684	0.20694842105991124	0.10347097204449648	0.2758396256674446	0.17232611628861058
0.2414121395559078	0.20693965158955885	0.10352177183208423	0.27580977141418594	0.17231666560826295
0.24140932240106253	0.20692669526697946	0.10350196300144507	0.2758393424345106	0.1723226768960021
0.24144600985516923	0.20691669490135228	0.10347174587725791	0.2758597569855812	0.17230579238063914
0.24140992834479155	0.20691627537274626	0.10354586335737592	0.27580549408372307	0.17232243884136295
0.24141135465981872	0.20693452159968478	0.10350234583274295	0.275839374252306	0.1723124036554473
0.2414187659739766	0.20694342362757878	0.10349504340859994	0.27581327767841995	0.17232948931142453
0.24144395963573848	0.20689940570011625	0.10348767888121449	0.27584783057638157	0.17232112520654896
0.2413991635954213	0.2069026971387501	0.10355577010086647	0.27583011094799864	0.17231225821696325
0.2414258663645802	0.20692051770930045	0.10351515332252732	0.27582200079942826	0.1723164618041635
0.24144399607145312	0.20690908647736675	0.10353756136735545	0.27580183857307095	0.17230751751075352
0.24145689523767772	0.2069214155604437	0.10349776858687479	0.2757982437184323	0.17232567689657124
0.24144228613222293	0.2069310551825097	0.10353252026320507	0.27579775911031645	0.17229637931174557
0.2414572535554933	0.20690415557276495	0.1035353464073019	0.27580335288076296	0.1722998915836766
0.24143182875904795	0.2069389791554729	0.10353926384542056	0.27579739249946567	0.17229253574059267
0.24144103496788274	0.20693325998343443	0.10344595847823039	0.2758588842807817	0.1723208622896705
0.2414339451088328	0.20692689613777837	0.10346105051619506	0.2758514556919741	0.17232665254521945
0.24141517436421234	0.20692104774805486	0.10354290442536405	0.2758106870167367	0.17231018644563179
0.24143497722753482	0.20692298643739632	0.10349080146389986	0.2758264280435415	0.17232480682762732
0.24144915851433116	0.2069161580827085	0.10350477769170587	0.2757987405450708	0.1723311651661834
0.2414402625259354	0.20692676595319737	0.10350395368871695	0.27581220085524294	0.17231681697690712
0.2414123455127677	0.20694765676671756	0.10348967474063604	0.2758403324871809	0.1723099904926976
0.24145773217064445	0.20692565107076183	0.10350981570417914	0.2758151633957119	0.1722916376587025
0.2414134818062425	0.20692025733877642	0.10352652012003645	0.27582559795400874	0.17231414278093565
0.24144628379627353	0.20694762028243194	0.10345504757102658	0.27585634982213664	0.17229469852813106
0.2414049250789047	0.20694801715740624	0.1034639931536994	0.27585998881903095	0.1723230757909585
0.2414237877937866	0.20690086686240686	0.10356557595538232	0.27581267574560975	0.17229709364281423
