0.15476329892229163	0.051637764805804995	0.2202051788203655	0.13908635146127946	0.057387826580605344	0.08607744551583438	0.17878234991701433	0.11205978397680415
0.15717651079828893	0.05460037468667192	0.22143560120421638	0.14052750259922442	0.047959104997928825	0.07172211348104407	0.18885149466803475	0.11772729756459048
0.1576111771143525	0.049348009581669655	0.21467832490361932	0.13677053782159335	0.05744185087029695	0.07361319485204437	0.1897869331118475	0.12074997174457615
0.14082230673846108	0.04934955221994644	0.2286221535028553	0.14944441364861233	0.055076995285276764	0.0914878148015324	0.18062654520794422	0.10457021859537126
0.15133236098896097	0.04828543952281718	0.23246622568578312	0.13730522442776041	0.05346429078097292	0.0749816784207438	0.18135429400428504	0.12081048616867635
0.14940360801791147	0.05521845682867452	0.22806490968853055	0.14068341933097267	0.04881596952549694	0.08122255793360775	0.19305543483142928	0.10353564384337655
0.15134606279986784	0.04943934531322422	0.21043131181620753	0.14740245186566275	0.05711222221759463	0.08913895379736844	0.18421721072559838	0.11091244146447599
0.14325199185545312	0.048331364663401724	0.2386072008156037	0.14948760445074927	0.04743914644150085	0.07818719786997405	0.18683813970621643	0.10785735419710069
0.1569922308973985	0.05394948992001687	0.22729559717306164	0.13869520652217152	0.06005278566425208	0.07723383844059031	0.1753240449507179	0.11045680643179094
0.14577059198500883	0.0528544559228271	0.22189914212453526	0.1423423596517718	0.05230405370579	0.08151019242889307	0.19243625301187156	0.11088295116930214
0.14156114977814874	0.05402672243051418	0.22742965890160532	0.15058373875677894	0.0473847406027246	0.07313808786463741	0.18512308451982765	0.12075281714576291
0.14420858841135964	0.053794316302845646	0.22865601534221644	0.14929172846097305	0.05087735180302347	0.07548442156637326	0.18057746068789243	0.11711011742531585
0.14953690637208092	0.05543057397051748	0.21043520580437583	0.14043268084272353	0.06003381314239989	0.07315758005437228	0.19327408475234395	0.1176991550611859
0.15300166502302576	0.05069416232921958	0.22613849999168448	0.13979244324076776	0.059652028287359285	0.08817825004844523	0.17534035303234735	0.10720259804715034
0.14138144064723285	0.05515489320558298	0.2236913615875805	0.13780785181819077	0.0543048717018938	0.08569592105259796	0.19197955787241727	0.10998410211450366
0.15093538711375454	0.05390686013966617	0.22641914805860483	0.1462506760209846	0.04631552980213531	0.0855119283795975	0.18495730611899808	0.10570316436625876
0.1573684092397254	0.04768920391416624	0.23286292551844173	0.13581808064138143	0.05699777276530246	0.08020907806938912	0.18219070225130157	0.10686382760029181
0.14892792401871788	0.05296801275570588	0.22986634676574408	0.14045476476938937	0.05286913720680632	0.07283856435660946	0.18365870432055922	0.1184165458064676
0.1439050464271064	0.05249198401081946	0.22458177418261505	0.14520705296361414	0.05059066565291745	0.09442762045362921	0.17620883745096858	0.11258701885832957
0.14844944285091694	0.04914267748505402	0.21660742779913172	0.14796923887698946	0.05793021534157165	0.0886076163094435	0.1835681027982882	0.10772527853860427
0.14721350309922437	0.05451465310337787	0.20965468358412925	0.15118288304741773	0.05767455924714711	0.09124389492248436	0.17221923126963612	0.11629659172658292
0.15347060495788922	0.05036742431273725	0.22221843676123648	0.1428860432075956	0.04705535106486179	0.0877732950450702	0.19039130224974754	0.10583754240086163
0.1565650542211002	0.0551205760403731	0.22678980025049159	0.13723032311738573	0.051890470342972145	0.07295002268792948	0.1939281632407102	0.10552559009903731
0.15438709536852607	0.049284992483494036	0.22079934269505497	0.14644524417917856	0.054640389777700846	0.07427565202578543	0.19526268346230347	0.10490460000795643
0.14524828208217938	0.053495974822299924	0.23392221721560186	0.13989748841231323	0.05028814269166097	0.07675539349436813	0.1830026922820027	0.11738980899957352
0.14037806550736198	0.04766162572768272	0.2284065664263675	0.14712985668013792	0.05208421289546539	0.09512391968334091	0.18235430252904566	0.10686145055059768
0.1516952622817116	0.04803692933462797	0.22684905329739574	0.14892962301647014	0.04824379300313289	0.07845808818970831	0.18092143502326496	0.11686581585368817
0.15478888889916562	0.05218557813803472	0.21781194381105423	0.13921514000995955	0.04929513452358922	0.08311313428790301	0.18270458664894373	0.12088559368134968
0.1504720519900243	0.05127369637011675	0.21445305082491678	0.14101123136225843	0.05015006250227623	0.09468348443672625	0.1779183424425173	0.12003808007116377
0.14636597932372283	0.055138123960163904	0.22333818430031654	0.14153362033480113	0.04646149145297	0.07697106399390231	0.1952913312017882	0.11490020543233481
0.15688088534070882	0.0521134175904774	0.2243966027042973	0.14046585321713287	0.058494514864028166	0.0881548856235857	0.17329880243417572	0.10619503822559377
0.1407512185164003	0.05079693008782389	0.22396151810862222	0.1434103079922586	0.050044454962987456	0.09084201890455026	0.19085430907384743	0.10933924235350967
0.14256013616463206	0.051473484758640956	0.22510972988889882	0.14116644656462493	0.048823016767839816	0.08390281272363888	0.1961759278016209	0.11078844533010343
0.15013549923990793	0.05484749879613182	0.23005946213326778	0.14893696252810534	0.049526276004065145	0.0815058520159213	0.17230272241458439	0.11268572686801603
0.15432943957806464	0.05507986178792024	0.2135194163997591	0.15080807411178557	0.04830472517034795	0.08212860557164758	0.18640249201397557	0.10942738536649914
0.14551645509510086	0.05453121986771253	0.22387113098337003	0.1458152787175614	0.04708693241667522	0.0842379312996983	0.1907338490969499	0.10820720252293156
0.1559757228792536	0.05330373040402195	0.21496074683307978	0.14670173944717976	0.048883410692245555	0.0727305354235604	0.1952272449640251	0.11221686935663355
0.14829501935440317	0.050323637216236575	0.2143952834615142	0.14676187402876417	0.050511433724263644	0.08870265355102253	0.1863419511101261	0.11466814755366934
0.15705452500166037	0.04994001672020941	0.22399688341194604	0.14219894771964478	0.04711112039516431	0.09355015254951261	0.17376948858454017	0.11237886561732208
0.15536326547105175	0.05364034633579835	0.21600100296617977	0.14151503752896583	0.0533126887605956	0.08858837672784901	0.18498051178484115	0.10659877042471833
0.15319887148366373	0.0516015098120418	0.21036683910281534	0.1395892096031712	0.05154091832162472	0.08800449675465294	0.19535151143027601	0.11034664349175406
0.14836968982798943	0.05194614577086647	0.21728255865336277	0.14486035478766154	0.05846359806189097	0.08383828636351504	0.1794812156720481	0.1157581508626655
0.14600164400314078	0.04813324884687857	0.22878156974747282	0.138641653942087	0.05690484124871199	0.0877529045169216	0.18527968496223607	0.10850445273255091
0.15654366134828743	0.05377954541293936	0.21802427005275804	0.14057469175814244	0.04713149135068108	0.09536487826082847	0.17948405574859888	0.10909740606776411
0.1556013563008903	0.048780417248426355	0.23495137996089946	0.14446813382193224	0.05411697799982593	0.07474166286817237	0.17859383706296006	0.10874623473689307
0.15248710681477548	0.05056574469191498	0.2126455218666496	0.15162281293991292	0.05138423866687178	0.0780340076415924	0.18968974883579545	0.11357081854248714
0.14164359219518696	0.056011632627226735	0.21587359552009466	0.1510927863803525	0.05238672931446975	0.08135871000083882	0.18599269437876356	0.1156402595830668
0.1526233731255575	0.048126561885389274	0.22440937360457913	0.1405700787446157	0.05910505240151187	0.0923631743523547	0.1761946807232853	0.10660770516270635
0.15317224982952604	0.05274811725785235	0.22631801125584167	0.14210064526467026	0.05908730908178238	0.0714314613318244	0.19038639496775056	0.10475581101075211
0.1488048552488297	0.04835343807631745	0.22244334335547764	0.13985012994754498	0.05019568596653125	0.08828792788701081	0.1883629461514234	0.11370167336686453
0.15072561548620372	0.050564925574159744	0.21629434563473493	0.1421357464818857	0.057028981196634826	0.08882007319530554	0.18279528860570962	0.11163502382536568
0.1521762933207848	0.04975140674546824	0.21235006560607864	0.14916722994216225	0.04665126963645835	0.08366079939236754	0.19387224315791524	0.11237069219876471
0.14650878917549548	0.048991901505951424	0.22267208256493126	0.14247150264851177	0.05911016683185817	0.08163038424002939	0.17891970317976186	0.11969546985346048
0.14509020717153467	0.0540349322936258	0.21912865313369898	0.14218356628181936	0.05671403743160677	0.08710350370057718	0.1771832018183233	0.11856189816881361
0.1557623881827151	0.050404711925405396	0.20870793277187577	0.13650717985136293	0.05957308446747228	0.09426174092072229	0.17527426215006345	0.11950869973038258
0.15250367161391215	0.05178849632934873	0.22286876726555427	0.1357185964188524	0.05517598154638101	0.08794805291255858	0.17333118707581002	0.12066524683758263
0.15093655998164585	0.05200915274798351	0.2173019345941598	0.1412728619237311	0.0479394452887031	0.08181492690435659	0.19421732198371344	0.1145077965757064
0.1547337435128496	0.04946401841099031	0.21425563600871106	0.14940893019961488	0.050660612666813515	0.08582107919881066	0.19148132587447453	0.10417465412773522
0.1534727248448708	0.053959849303775925	0.2231073208402225	0.13887428489224826	0.05440574973755019	0.0853302475347559	0.1748992639867033	0.11595055885987286
0.15397685100219693	0.05405990123827702	0.22154856593287348	0.14485706517399158	0.05899513207958691	0.07566649269268759	0.17815659627425715	0.11273939560612906
0.15749557959984306	0.05139775912165734	0.23656227554607717	0.14187880268984923	0.05327919244560547	0.07859689615836737	0.1771105806506629	0.1036789137879372
0.1496865439067375	0.04894845053008598	0.2097497719743885	0.15160202269584283	0.05155182272989112	0.09403066581709454	0.18312385746919896	0.11130686487676038
0.1482983499271117	0.05574290284195754	0.23190984057207012	0.14532985356509878	0.047750282112627856	0.08555570219870481	0.17927206423824507	0.10614100454418388
0.14712450686309633	0.04865756116834628	0.2209329799781057	0.15055216526289422	0.055135937604649965	0.07885916676788213	0.1819017167605968	0.11683596559442828
0.14852126443915883	0.05433592861443433	0.21840794172243788	0.147913023776691	0.056096146547277376	0.07346884390670977	0.1887562593346741	0.11250059165861648
0.15212948380982397	0.051916936537971706	0.21252330551167184	0.14068883035389892	0.048267330273168166	0.08343883812210477	0.19153885470377602	0.11949642068758434
0.14863428230590475	0.05293501414966793	0.23789734833723578	0.13609755193629552	0.04874232420931167	0.08201090469573452	0.17231178522779722	0.12137078913805247
0.14430056448792522	0.05449339471227724	0.21474511740381885	0.15020971199474686	0.047530398055970605	0.08653292781282655	0.1807571036984013	0.12143078183403314
0.15551296487993949	0.05583985500871713	0.23631140638448428	0.14103351138867992	0.055092205116725884	0.07355362104881882	0.1734165646965979	0.10923987147603634
0.14977938929288687	0.051251016578304665	0.2337127034633406	0.13525206138015472	0.05790605370044756	0.07401475036914479	0.17767028070092594	0.12041374451479459
0.14461525457587487	0.05352513111840561	0.23807509396302362	0.1403593413697389	0.05070765458503147	0.07173788147404991	0.19401166735510772	0.10696797555876765
0.14401456299261656	0.053787404295256525	0.21876255903879632	0.14464713489309017	0.05844903926460976	0.08534258236111353	0.1833784083676942	0.11161830878682269
0.14367748089926552	0.05171828610479651	0.21217265668905327	0.14867729738933214	0.05186048448653108	0.09294867121809602	0.17889846846818344	0.12004665474474174
0.14476748669182404	0.05487725935114672	0.21223178107755808	0.145412489088351	0.0594054463066334	0.08649188325953196	0.19037047038331928	0.10644318384163524
0.14873202237340943	0.051497431244484845	0.21286186025445042	0.14072532200065546	0.05325948259351096	0.08465226880562415	0.18834083606797317	0.11993077665989134
0.14163419863142615	0.05466503094383261	0.2146052001066454	0.13897611845083693	0.04806814875613266	0.09494757269272514	0.1896629707732834	0.11744075964511744
0.14974918138629967	0.055261497499328543	0.21654253406498872	0.147794157911645	0.052210628805834755	0.0813851984117783	0.18964277323832146	0.10741402868180333
0.15072176179613178	0.050681728113529	0.21948541833395832	0.14354146546418073	0.05464821957260847	0.0854390008240695	0.17776727122198077	0.11771513467354124
0.14157736477276778	0.05251427683243991	0.22841029352163605	0.14514298899637557	0.05754686846583705	0.0846273844519527	0.1848549369655183	0.10532588599347242
0.1489132930152134	0.05403919479940024	0.21879618626887037	0.13629699705247225	0.05808375721686211	0.09006793900841834	0.18432812828268236	0.1094745043560807
0.15175988773147875	0.049657996121950695	0.21946572637582212	0.14558824659136577	0.057327423049801304	0.08083205278422459	0.1839646568249851	0.11140401052037144
0.14668987182533866	0.049241402837965936	0.2318058205373722	0.13586839622445965	0.05040848641990839	0.0832801710116289	0.19360662261870032	0.10909922852462571
0.141375649599504	0.05348466333836603	0.22690193545611842	0.14455752232771005	0.05137615897777692	0.09098740687741322	0.17396319097184215	0.11735347245126894
0.14821154027223868	0.050910489688382535	0.21116012717303123	0.13812913864416906	0.0553434080664504	0.09180612123442466	0.18463437141630887	0.11980480350499428
0.1460404651597117	0.05600946205580315	0.2282770020194684	0.13701527971151034	0.04645123804209453	0.07308348624529695	0.1936769947836155	0.11944607198249915
0.1438462822500478	0.047679596992671644	0.22330629536983118	0.14731383244788587	0.047191684146501656	0.09167907717535302	0.19085360419258166	0.10812962742512697
0.14417166662383848	0.0479075415741627	0.22969495378602173	0.14846909053045654	0.04943794662643132	0.09095420106495461	0.17545653354243357	0.11390806625170083
0.15015627352898617	0.04841150079621738	0.22952964631421852	0.14906809165553314	0.04765865465816409	0.09461528054104554	0.17357388545790317	0.10698666704793178
0.14533093945203307	0.05181196098613676	0.22931848137996497	0.13997258983606947	0.05372871100360438	0.08735759536515514	0.1806092568910256	0.11187046508601041
0.1463714268091845	0.04956358292284878	0.23461838096607324	0.15040127304006742	0.05827376292697613	0.07329639397095686	0.17610246215823347	0.11137271720565942
0.14115460442301567	0.05419778407919176	0.22195478458310114	0.14185022620871765	0.049398968661614764	0.08592174538042543	0.19622526980822283	0.10929661685571053
0.151612232944005	0.05213097741952896	0.21835634619723024	0.14879538124915936	0.05668431483031404	0.07518967594395565	0.18683514900738488	0.11039592240842167
0.14330555123935376	0.050943553866212785	0.22247327381666734	0.13859845299319	0.047944678831700255	0.09437215006750048	0.1928374981320255	0.10952484105334961
0.1537508923398452	0.05466395752247384	0.22010785543279932	0.14668205034666934	0.05319305918465572	0.0804724418949944	0.17940462085162517	0.11172512242693675
0.15236887741594737	0.05242196935524952	0.2145990834652393	0.15018349608909956	0.04983893835512469	0.0932350618959265	0.17554876718316179	0.11180380624025105
0.14491292875243347	0.04904268388539536	0.2254333771097758	0.14909052574177975	0.05683875879382419	0.08117251201314388	0.17857764056467818	0.11493157313896918
0.15132641760257184	0.0559950679706637	0.23320673278306492	0.14170416315846	0.05386115173294706	0.08337379684813712	0.1726009379203875	0.10793173198376763
0.14270586641095437	0.05221982934979713	0.22046706184020967	0.14409979048238752	0.05767305251834798	0.0793796816804093	0.19329856873662388	0.11015614898126988
0.151950419072036	0.05146518098777919	0.22098383736455832	0.13981899377212467	0.058962136710867655	0.08575365819533293	0.17741657697297716	0.11364919692432382
0.1566381364718405	0.05181682016040094	0.2388475495097319	0.13801754521074816	0.04723286751571033	0.07189169888121952	0.18633454277560224	0.1092208394747462
0.15399525784874507	0.049117328976634095	0.22483754241346599	0.13488605611143262	0.04932921345629837	0.08883312724743805	0.19375847392701195	0.10524300001897366
0.14458543114898662	0.05278100590933482	0.22350296031453826	0.148669442577176	0.04930442996355079	0.08112437182786386	0.17958510447320142	0.12044725378534803
0.1443196680321664	0.049960450855818156	0.2341367327775316	0.145114839566903	0.05666264655340997	0.07406543560795786	0.17975348820740158	0.11598673839881123
0.15180233414461317	0.05002633432285279	0.22179752588688473	0.1438581274567232	0.05124619868248978	0.07298003581943921	0.18938311912913025	0.11890632455786664
0.15400896081616036	0.04769476019908046	0.22704297807679624	0.14201565218021917	0.05025791591952307	0.08658967788930319	0.17867240468614592	0.11371765023277139
0.14693255948434172	0.055906051946950905	0.21289326352894805	0.14771891263734513	0.054759771154305914	0.09144076115098146	0.17381086673343257	0.11653781336369406
0.15683113102413493	0.05051995602222786	0.21512406768163927	0.14580291549118174	0.054660019797098974	0.07847864312923916	0.18771992196273946	0.11086334489173837
0.1519731963130562	0.05183001920294329	0.21426089070401722	0.14450374900992588	0.050994842957421	0.09374893376757139	0.180428400841051	0.1122599672040138
0.15727919809527258	0.05511995355492848	0.21184974030467246	0.13928130497640206	0.050494574143772966	0.08958785667501291	0.1871923129727409	0.10919505927719741
0.1514390180510695	0.04822214783469701	0.22301652157785692	0.13996419447290845	0.05372786245432372	0.08900693127756956	0.17949814510506346	0.11512517922651118
0.15054558060123	0.050040514653445875	0.22579934244180838	0.1404324332418819	0.05231397013814447	0.0795026365255149	0.18174289531863133	0.1196226270793429
0.15415916173364708	0.05158417849964125	0.21045066129593848	0.1487861686106626	0.046324753704975574	0.09154812074129003	0.19045575692275385	0.10669119849109093
0.14658247035035366	0.052155695984118344	0.2368845288178683	0.13859257948801662	0.047652044305293156	0.08624801109132357	0.17691435775930534	0.11497031220372075
0.1574387926507949	0.05440071682257773	0.21262384159523418	0.14610100719001584	0.0552503547189276	0.0783204075114276	0.18999244838512908	0.10587243112589288
0.15617689969866674	0.05492442171368983	0.2187034039928971	0.15101559988932914	0.04624764397051233	0.0785166381361755	0.18412530417307138	0.11029008842565777
0.1521962160060469	0.054299799998850456	0.2240791587490983	0.14125250694803937	0.05868816569300778	0.07143984479631066	0.18387403963026544	0.11417026817838082
0.1422861293764623	0.051737577969405535	0.22209528199719458	0.14490221213519758	0.05545416004662343	0.07896430428450874	0.18899670519974898	0.1155636289908586
0.156605818336302	0.0532217204141331	0.21421683091404253	0.14961792577401103	0.05641301033928063	0.08627264877306101	0.17900287267766143	0.10464917277150806
0.15609794730702467	0.0512689843665564	0.21450449617879894	0.15012087961862827	0.046376439461307095	0.0799774594124529	0.1813306654508422	0.1203231282043893
0.14751900771159127	0.054632548877867615	0.21056244937978943	0.14413378972376395	0.05478466606673643	0.09539468507936914	0.18400851513763544	0.10896433802324651
0.1572939270693124	0.050955099646470284	0.2155820996086938	0.13700460713727938	0.04669297223864126	0.08598893703278349	0.19336937331202228	0.11311298395479684
0.14993533673888992	0.053091372921152444	0.2233002297015802	0.1432107604954118	0.04706997029274185	0.07254744289825762	0.19327090457126225	0.11757398238070367
0.15620720913095626	0.05214611061498048	0.2124417331895443	0.14549004857965547	0.05807759275507872	0.07798691631201757	0.1818103778545535	0.1158400115632135
0.1512470476783777	0.05297127552004091	0.21193381202634	0.14820711257125868	0.04873215830141829	0.09123534362169826	0.1759474450367586	0.11972580524410732
0.15287914617834553	0.05031955131481308	0.21316804715801857	0.14943117452079857	0.054358174963375264	0.07795277234403884	0.1908498905073855	0.11104124301322445
0.1505786721609177	0.0493041693196653	0.23461887564530187	0.13504185114757633	0.05492863968277177	0.08939254560096274	0.17982181865532607	0.10631342778747804
0.14610247543606691	0.047925791049122604	0.23823008394396816	0.14000713065024967	0.05595220164494816	0.07420265121527131	0.1879576487800455	0.10962201728032743
0.14665594982878394	0.04823746328502897	0.22090377275160766	0.15127763409539943	0.05235147032448044	0.08058078347001668	0.1788666749316955	0.12112625131298713
0.14488328829177805	0.0538453649854386	0.2124326633553479	0.1509199187863763	0.05406071127509961	0.08629289614344637	0.1772596513665008	0.1203055057960121
0.14524933577409146	0.05003189992414589	0.21390646808584138	0.14315183993627714	0.05393326254416153	0.08303445618296529	0.19589997042234225	0.11479276713017482
0.1405609561783017	0.05115391021268144	0.22307326454029003	0.1479081734435545	0.05659544115500022	0.09366601485185774	0.18213425490063612	0.10490798471767801
0.15697306589018942	0.05129065920661312	0.21028184978726697	0.14479516119954544	0.046531721539767854	0.08892048841695774	0.18145144172761635	0.11975561223204287
0.14142373868739883	0.051819021068133214	0.2228612165292132	0.14601129399052382	0.05270091422659949	0.08294058559134182	0.1869223953395751	0.11532083456721429
0.1453423841062514	0.05031641340457002	0.23615447280125962	0.13809667997273803	0.056292890117384725	0.0793995593215302	0.17286787286117303	0.1215297274150927
0.1494055754066104	0.053980921180246944	0.22320491258136685	0.13807803866225649	0.05510297775257009	0.08100215729443795	0.18034218794215426	0.11888322918035679
0.14585777920134244	0.05322033516582374	0.22573233615386368	0.14710491346876378	0.055386570039509586	0.07711290578870356	0.18222712043391592	0.11335803974807708
0.14397339900009665	0.0515177365777945	0.23663916339596786	0.14831704088644904	0.05461727987300559	0.07384682263910321	0.18438954978080319	0.10669900784677977
0.15344543680346412	0.05067331213543605	0.21683047721479515	0.14314331412358444	0.059359237128898915	0.08003422287759716	0.17847519041628845	0.11803880929993552
0.14493460838179698	0.055603375567118224	0.23501535141491378	0.13827903124435792	0.05393368089258235	0.09073877739300348	0.1780132329234262	0.10348194218280089
0.1448435513457249	0.05144161797699659	0.2311331032558983	0.14898476589706716	0.05074201645006793	0.07536554000257518	0.1831631775852467	0.11432622748642302
0.14928548681098666	0.05082927249415489	0.2212683988166948	0.13532510579790097	0.05658075607801441	0.09499859604168451	0.1739884264380794	0.11772395752248414
0.14441533762955283	0.05407003773062778	0.21662101794534544	0.14343818484556164	0.05959496120797812	0.08937331358296491	0.1734101064753691	0.11907704058259992
0.15205937630173968	0.050122334142029545	0.21030996532049914	0.14055728393774475	0.04637671689066128	0.08533528232236144	0.19471983047138774	0.1205192106135762
0.15750516994110283	0.052954566455546886	0.21682737426144083	0.13498856903817472	0.050278682846345596	0.084911581245965	0.18397041873470893	0.11856363747671494
0.15034712466280004	0.05525828131690509	0.2155755652205253	0.14253512692661374	0.050451055341732706	0.09010762704514216	0.18558452128215497	0.11014069820412582
0.1543265306586554	0.055530083773874445	0.22867341376031933	0.1483499203047417	0.05229113251664476	0.08138084235880144	0.17315463734847453	0.1062934392784882
0.14075653307299713	0.05018499505468177	0.21651566831322205	0.13658948417885403	0.05970741855638108	0.09379827318933134	0.18925778186973088	0.11318984576480146
0.14112625388889366	0.05574279291283811	0.21608227410846964	0.14225762238180392	0.04895696664844289	0.08096552985599104	0.19394020995411873	0.12092835024944178
0.15249960067256751	0.050952653707446685	0.21865576728976305	0.13869999460960925	0.05676564306862593	0.0865207240253747	0.17613308489739302	0.1197725317292196
0.14251136454901256	0.05277831421559284	0.22078747773391388	0.15074231886270956	0.05356710666534974	0.08883693730041187	0.1871114199918727	0.10366506068113665
0.1515055133191405	0.05076953367225166	0.21840211056292935	0.14750272394759184	0.049503789449690264	0.0843516681916531	0.18643382568712646	0.11153083516961657
0.14097308212090368	0.05163861812819616	0.22678640217502657	0.14410173866278528	0.05029350211782729	0.09152863723839277	0.18806813233209801	0.10660988722477002
0.14733997201119609	0.04808731280265287	0.22896159241581604	0.13557185622066434	0.05456382255303327	0.08841077047023246	0.1804497049642701	0.11661496856213464
0.14505363246747247	0.05063938777108279	0.2253446415056634	0.1403599099476465	0.05094588994113673	0.08200245265789641	0.18734961562684682	0.11830447008225466
0.1519037217781888	0.052423962673138896	0.23116024654110395	0.1388258175437772	0.05514848391090246	0.08258714987813298	0.1777542734609048	0.11019634421385066
0.15247420237190473	0.05051647224092985	0.2202766829202799	0.14750906051884335	0.047830829100649605	0.07242834762177504	0.19567140383056675	0.11329300139505045
0.14055929099252243	0.0513268149850698	0.23409148577093297	0.13654860193509735	0.04899246303727137	0.08869538397900587	0.18389353905568023	0.1158924202444197
0.15629771844017015	0.05120352593547689	0.21090082039365762	0.13711276519141577	0.057084538968108	0.08240517300792587	0.19194958693521366	0.11304587112803183
0.1553578623414389	0.05357746670485533	0.21775772087768386	0.14296246697230025	0.05959662170953493	0.09206561344859351	0.1737094430942595	0.10497280485133345
0.14439807919115838	0.04870627708927491	0.21757674568099644	0.15159690321695143	0.05587348964638773	0.08597819525557018	0.18400968331379958	0.11186062660586107
0.14379543020466223	0.04956658864627572	0.2177621102509173	0.1516826560413267	0.056378122172749914	0.08022146787694127	0.18007119575103403	0.12052242905609262
0.14746197493547336	0.055132093751812494	0.2231872354872565	0.14540621122941771	0.0476040172104944	0.08486959543802425	0.17642013763816655	0.11991873430935455
0.15047212911080227	0.054540533638348945	0.2203676650324674	0.14478919671589685	0.05558735811297921	0.0884417794350773	0.17764047767660018	0.10816086027782754
0.1574325832922665	0.04956069717243622	0.22848540222833458	0.1423917231148183	0.0554517706051237	0.07370122875027396	0.18364254607558347	0.10933404876116301
0.15422359465594948	0.055362712784974025	0.2273790660383061	0.13856303278847912	0.04643260381981254	0.08236610510505395	0.17994208932666414	0.11573079548076047
0.15031732495949868	0.05142862230033836	0.21036631263874797	0.14659014911606524	0.05094892967790328	0.09140217630808348	0.19506870334492138	0.1038777816544414
0.15556329189554768	0.04810857835973807	0.222173411117086	0.15104824159387395	0.048085007545888	0.08588068941335222	0.1805618018203822	0.1085789782541317
0.14706185508981404	0.04815337098757659	0.23121359384440812	0.1410866398321729	0.049355886456582426	0.0902449873233338	0.17564976747466798	0.11723389899144396
0.1558602202011984	0.05560361570138142	0.21156191882679118	0.14249025397524823	0.04636076063624381	0.08472021329453722	0.18933818271363606	0.11406483465096347
0.14114338920492195	0.05023142287078401	0.23615351259978845	0.14602234742238165	0.05129441034419213	0.08539949767192966	0.17607850752871454	0.11367691235728739
0.15589198109543484	0.05324209366972664	0.23856056076690896	0.13503016428469103	0.04840273555832597	0.08477105170167203	0.17639506634454064	0.10770634657869971
0.1418158071829457	0.0519879890920268	0.22230558682186086	0.15064582818851993	0.058010172690703396	0.08874401140676505	0.17974139192104366	0.10674921269613435
0.14553525799243866	0.04809106323695447	0.22246906008108258	0.13892004296221602	0.046490144698614635	0.09351013735442339	0.18499520893112512	0.11998908474314493
0.1412024634551522	0.04843409296395067	0.22898214591554855	0.14432899519236697	0.046721382450213	0.08717636087666036	0.18420972771628494	0.1189448314298231
0.1486931525256481	0.053080171213784846	0.22304499599364436	0.14770095079182521	0.047440281430248574	0.0881360124581745	0.18600353042141177	0.10590090516526246
0.15491665763464255	0.052516874546918654	0.22254990682147835	0.13496493522433978	0.05235136387322756	0.08387186642483549	0.18380643125355947	0.1150219642209979
0.14538740863644886	0.055158486805520074	0.21833612169398933	0.1482269648642415	0.05235396517418958	0.08269514522396795	0.18287162775544896	0.11497027984619348
0.14363575169406317	0.048388606783728694	0.22425428543530518	0.1513377540662835	0.058439384452480925	0.08473912217047061	0.17252318396543231	0.11668191143223536
0.14944875818560266	0.05570982632449581	0.22318590952244494	0.15163668938829125	0.04681150148788023	0.08525605742854608	0.17431063238415528	0.11364062527858351
0.1407286533338168	0.05519640907891979	0.22018142087739218	0.14010014744798568	0.049083558317465484	0.0948862641856686	0.18053492461426296	0.11928862214448832
0.14339742975624648	0.052434395618364216	0.2231349692617955	0.14971833272971297	0.05396688764526897	0.0869922286325239	0.17631340943057264	0.1140423469255152
0.154360103755276	0.05437840662332433	0.22893863024663735	0.1350513024657152	0.054578890794966806	0.07231853731490646	0.19159916629479634	0.10877496250437726
0.14898506191583294	0.05003608837647859	0.22308409168017307	0.1502437097446437	0.05301274510410779	0.09510148765025563	0.17516625691139542	0.10437055861711253
0.14128588174631346	0.05014527959438825	0.225436781963223	0.1510081701660096	0.054774882905413894	0.07858554954163541	0.19401961941114668	0.10474383467186951
0.14798474648728355	0.05023047580367285	0.22625998151608925	0.13490972092446804	0.04651218058500904	0.09553250073392171	0.17893879889896483	0.11963159505059047
0.1497800909226069	0.04863336757590263	0.22294449227562668	0.13489555670999157	0.054412503760134484	0.0769633918549438	0.1922137419629047	0.12015685493788898
0.1575045590779124	0.050054847423981155	0.23118961006612992	0.1368534839517895	0.049128686070146754	0.07835790538996819	0.18614750398688376	0.11076340403318807
0.14979999895712903	0.052146775564768946	0.2134620819968681	0.1489709721438426	0.05876208082411913	0.08915108422460025	0.1828226346808123	0.10488437160785942
0.14175207772138682	0.048111281232358444	0.2287875721059772	0.14186012617662494	0.05223518921592521	0.09434981218832933	0.18175042039893027	0.11115352096046756
0.1509929577734413	0.05538727663115922	0.22426213201127498	0.1376169163177824	0.05625747503033071	0.0808321512570285	0.18966383912416307	0.10498725185481958
0.14549480114633545	0.05093919252281895	0.21418662647687248	0.1482133854255026	0.06005458326255697	0.08517482688647846	0.18465728613261245	0.11127929814682234
0.14581085109350939	0.04872835123365993	0.21463901089897752	0.14361641030946476	0.04780767114451906	0.08635238678958479	0.19527997513732737	0.11776534339295698
0.14241825383163723	0.056039825400127044	0.2152745215976355	0.14872973484889757	0.054735837894465456	0.09154123709926597	0.17480955044307783	0.11645103888489317
0.15163014171219	0.05170156078048185	0.22415846807988207	0.15009222247919313	0.05453838086941666	0.08267413295886972	0.17557620074141284	0.10962889237855347
0.15296445290345675	0.048222988789594676	0.21514565272524983	0.14627776114834842	0.05302294091338201	0.08527193485534168	0.17950153303387864	0.11959273563074777
0.15520320562445836	0.051184046617582135	0.22339418181918275	0.14185226968706077	0.05637334697961402	0.07219663124502185	0.19156232370884518	0.10823399431823474
0.14382303531322901	0.05508438636738952	0.22243967509848764	0.14733304780332585	0.04799348983205805	0.08128761510835344	0.191037934643465	0.11100081583369127
0.14478960252541034	0.04935602481930183	0.23640907721719157	0.1479947805573608	0.053058373892070465	0.08983479461706775	0.17372780308774488	0.10482954328385212
0.1496514890072516	0.053065198211037085	0.23834735186080314	0.15102828330359197	0.05232776863218157	0.07176755746324198	0.1795559338329005	0.10425641768899195
0.1563947551677163	0.04919942862318599	0.22144519578696975	0.14543615213626787	0.05726667309627498	0.08208312221888966	0.17254224037784013	0.11563243259285509
0.15525070905495472	0.05190197777760472	0.22270691120813566	0.13557147350054854	0.05953522528226485	0.08799691253577448	0.1766470800769101	0.11038971056380673
0.14047700770532176	0.04952464355838611	0.21486344650152536	0.14674654042881782	0.053249362229038213	0.0849439480562936	0.19234076112507703	0.11785429039553989
0.1420840536767261	0.05430626892368953	0.21049329741418937	0.14384622885060105	0.05910996835798074	0.09409523553570591	0.18980442340372844	0.10626052383737856
0.14949313964203192	0.050794109080679495	0.2173183932118269	0.1411801959648898	0.05966789330944465	0.07607410889959068	0.18503894215325167	0.12043321773828462
0.14432295790084734	0.05086161994183061	0.23560891461525024	0.13647099182511488	0.051995142423122184	0.0731378544757284	0.1877308753689227	0.11987164344918338
0.14577939612076768	0.047796789375639276	0.20918464363367817	0.14095652180199017	0.05802940241026175	0.08909436576763516	0.1894640861148696	0.11969479477515793
0.15141294829982965	0.05085454749083736	0.229272247456573	0.14990904871345134	0.051080748160063916	0.07948041576879397	0.17598373392276345	0.1120063101876871
0.14486548679625263	0.053018269773766905	0.22170256032500169	0.14651915917224664	0.05601957277397042	0.0845901810844994	0.18696170605512832	0.10632306401913377
0.14902691063274473	0.05178429806540501	0.22367915415403022	0.15066058798316637	0.05085103341203173	0.0899329624163055	0.1739648968875252	0.11010015644879101
0.15475104608947188	0.05408400828377398	0.21830325831312497	0.1383794313860346	0.047952821950533714	0.07758931754903381	0.1903680468167404	0.11857206961128643
0.1438124611723383	0.053069901211939274	0.2198754654926076	0.14682795324294617	0.055340842544818594	0.09460252762026654	0.1794826501260582	0.10698819858902504
0.15222692437587457	0.05108170295107346	0.2113978195011742	0.1475113953905837	0.05418665086290174	0.08024936201327647	0.1824202777264253	0.12092586717869036
0.15550118354295425	0.05294974196803544	0.21419805632326433	0.1466762978515783	0.051947721923762374	0.08523291868660492	0.17803303833269823	0.11546104137110198
0.14975373068016368	0.05590530806381072	0.21901782537374004	0.14208256086110355	0.05457711748377407	0.07409464829452674	0.18795790105559596	0.11661090818728503
0.15251480793434322	0.055233198904702366	0.22352439204488816	0.13650484172712238	0.053393017485436206	0.08852725025424797	0.1729719918645886	0.11733049978467087
0.14150299031583577	0.05369091907995824	0.22485865689255685	0.14592426999518773	0.04842649448405775	0.08943724196692243	0.18805568297459477	0.1081037442908862
0.14439326340799885	0.05413024202628022	0.2232562854556761	0.15028342352861507	0.04932171613990449	0.08860032774818968	0.17747425337355122	0.11254048831978417
0.15479770000686155	0.053528173626940345	0.2277703856811569	0.1427207647185546	0.04689239345729751	0.07673371386281615	0.18810729882230995	0.10944956982406279
0.14216212903321063	0.05224480336199763	0.23273226647909778	0.14389450241482532	0.057872763553711556	0.08266933159996548	0.17904817360691658	0.1093760299502748
0.14268572674003574	0.04842066515324436	0.22950898154364424	0.1379750709654051	0.0510942563285742	0.08179166461837023	0.19168736280270904	0.11683627184801688
0.15106951055394077	0.04966067250256641	0.21653281358104062	0.13603448827170372	0.04774251689376459	0.08788505155102247	0.19568023503414822	0.11539471161181289
0.15749625604045697	0.04805615211127057	0.21078358541552056	0.14773570327160107	0.04987000953982912	0.09132372173557594	0.18762767596815375	0.10710689591759177
0.15317978050921682	0.05099711292411731	0.22251254120205738	0.14696591634190012	0.04636961237622243	0.08052086467455763	0.18786148173120915	0.11159269024071894
0.15224796924000314	0.05168980642141199	0.23281232012035452	0.1409342881762471	0.05170121884452537	0.0744741208108315	0.1763065330468756	0.11983374333975053
0.1523247797572354	0.05143268464413034	0.22030270886403103	0.14219436352973658	0.056182695367066146	0.07422017930828233	0.1821866552094152	0.1211559333201027
0.15567941836713775	0.05415802617105217	0.2349895578761652	0.14464928672377864	0.05314493021627553	0.07574415392458464	0.17752007432213432	0.10411455239887152
0.15091607267399365	0.04869033772457847	0.21207609879195838	0.14005929090846359	0.050701709565283234	0.08488250867291951	0.19321318958549824	0.11946079207730469
0.1487929965669971	0.049827771649891134	0.23481640219187289	0.1415142046225763	0.059300487868959625	0.07331986934224427	0.1753959014085498	0.11703236634890864
0.15770373111521652	0.053583263287833166	0.22811578050819387	0.13674264402287262	0.05953105115535057	0.07279144879487053	0.18409076369567573	0.10744131741998675
0.14560521533915444	0.05153566303041801	0.21225062327751362	0.144775361486857	0.05613058446765122	0.0908457868819982	0.17762657195321663	0.12123019356319074
0.15175641524293498	0.04965519340894792	0.2230684705640904	0.1452842049038123	0.059119932535755135	0.08027557529138693	0.18072165112094785	0.11011855693212422
0.15519057700587183	0.054996535803306504	0.2222366151719986	0.14953050799910853	0.050676079529232046	0.07694580394509766	0.17948221660569597	0.11094166393968861
0.14990115727343467	0.055669018667169876	0.2241956537272705	0.1408068905871363	0.04992186467800147	0.07677786773062828	0.18287287736092606	0.11985466997543263
0.14673443036925735	0.054236705725563744	0.21457184459586942	0.14411203036765083	0.051597793492011865	0.09398622892899368	0.1843494654975621	0.11041150102309077
0.1538897463743402	0.05017898702412876	0.2196167282519956	0.14514601129884352	0.05317504450620668	0.07677335266486592	0.18749917983475223	0.11372095004486685
0.14319694948198025	0.04908099619662766	0.22642169032828702	0.1476431977389408	0.05274382466385115	0.08134561769974993	0.1925514842360938	0.10701623965446914
0.15216153789425876	0.0523031074555462	0.22405302498384183	0.1447405589595946	0.05892286212410211	0.07607402566395334	0.17805116499659068	0.11369371792211222
0.1532045820926903	0.050430135181714075	0.2253733602389875	0.1468049066464408	0.047430898718517925	0.08447547760257212	0.18805551624161665	0.1042251232774604
0.14145933333728378	0.051791076404713546	0.2172482882093871	0.1500960832044992	0.057855189242574837	0.0856480442917659	0.1821885109000147	0.11371347440976072
0.1486922926201822	0.04918429486787067	0.2350997906830426	0.1400540519436319	0.04932262002518026	0.07280799072121427	0.18434055195901397	0.12049840717986392
0.1520575241965556	0.048550894614630094	0.21814642693036712	0.14061259907338894	0.04703964689263486	0.081503017935877	0.19530328284303844	0.11678660751350775
0.15086707019468884	0.05493911136860191	0.2195402864269935	0.14681316582631376	0.053528941606364316	0.07680628400399281	0.18751067343057665	0.10999446714246797
0.14354230195555068	0.05227630399893558	0.2279113884882229	0.13712511354587248	0.05004988356121466	0.08424834574204804	0.1852865692976721	0.11956009341048332
0.1484001794496476	0.04985934105510188	0.2338909712097405	0.14796899681902373	0.049640667632124796	0.07540941701735948	0.18077921438898045	0.11405121242802135
0.15556794040654548	0.048365571035559884	0.21075782114166686	0.13996759917043983	0.05711759016979953	0.08466291675453172	0.18553291073822456	0.11802765058323184
0.1504744529495055	0.054755501205578844	0.2374064019443028	0.14726302351727677	0.04689207704329751	0.07243926899759347	0.17733679842922376	0.11343247591322113
0.14162461549689048	0.04914430623561375	0.2373394956957459	0.13629257753571328	0.053952515209192836	0.08197479725924829	0.1918753398265169	0.10779635274107831
0.154713204623862	0.05274498722160749	0.23650338308370739	0.1390541982070951	0.0465310523559682	0.07226133186589137	0.19140847434906175	0.10678336829280644
0.15440466953886212	0.04947917429892576	0.2264298288360646	0.14861903777908897	0.05615301702490999	0.08277208994059533	0.1749035454541792	0.10723863712737386
0.15238691370737828	0.048466784127837406	0.22297216958335103	0.14636559949555586	0.04913817120727572	0.07656960770374613	0.19444284215137997	0.10965791202347536
0.1433502490628403	0.05279339668081952	0.221882324332645	0.145372787745356	0.05547135856388735	0.09102447274320527	0.17968023325897423	0.11042517761227215
