0.3468067695544365	0.4032107221760799	0.24998250826948368
0.3458879473171649	0.40614450793862034	0.24796754474421487
0.34861638438889747	0.4022479039868721	0.24913571162423054
0.3476233685418383	0.4045739603123071	0.2478026711458548
0.3470270778054986	0.40578234219848763	0.24719057999601396
0.3470835029770618	0.401771371980839	0.2511451250420993
0.3486802323500277	0.4004255584346559	0.2508942092153165
0.34733999038738594	0.4022260684852421	0.250433941127372
0.34869132937360003	0.4014812761077487	0.24982739451865138
0.3500915781450201	0.39939920626857706	0.25050921558640293
0.3497869415752372	0.40133257980373527	0.2488804786210277
0.3476631379251695	0.4018722669016639	0.2504645951731667
0.35168479685325427	0.3978131340889216	0.25050206905782424
0.34833630294988865	0.4037357047205805	0.24792799232953097
0.3475091466544092	0.40577041727114216	0.2467204360744488
0.346619209837472	0.4066317143157977	0.2467490758467304
0.3455713481811446	0.4063015221267937	0.2481271296920618
0.35108887601658706	0.4007215914746949	0.24818953250871817
0.3476367235696674	0.40072155623142547	0.25164172019890724
0.34629046564129384	0.4041468539586479	0.24956268040005836
0.34853471548989995	0.40199725023825245	0.24946803427184766
0.34692784302701984	0.40233959947478265	0.2507325574981977
0.34919665461887806	0.40397408889730485	0.2468292564838172
0.35055759003781817	0.3981467356686217	0.25129567429356026
0.34668979196132443	0.4068001679670104	0.24651004007166524
0.34983687866461854	0.4007743834457842	0.24938873788959737
0.348066672315566	0.40434292817098133	0.2475903995134528
0.34822284204047915	0.40190304247619363	0.24987411548332736
0.34948628643792073	0.4019464999074776	0.24856721365460177
0.3459312864305152	0.4033958894203028	0.2506728241491821
0.35096211267445887	0.3993242943196439	0.24971359300589735
0.34851500161616344	0.4032835957960063	0.24820140258783036
0.3487387373664554	0.40213148941226784	0.24912977322127683
0.3511276172333267	0.39815988646404754	0.2507124963026259
0.3477844411484501	0.40489477417348674	0.24732078467806334
0.347480270267942	0.4020731631675012	0.250446566564557
0.3487755507299159	0.4044874250283	0.24673702424178423
0.34590821711609754	0.4042117809983211	0.24988000188558146
0.34894502889068263	0.4017881197920593	0.24926685131725818
0.34601282568627106	0.40474163060064183	0.24924554371308716
0.3510066400896831	0.3984129275200323	0.2505804323902847
0.3508447093994185	0.39974085837597323	0.24941443222460838
0.349503075982854	0.40342447205455256	0.24707245196259353
0.3472485252798003	0.402975025980894	0.24977644873930577
0.3470907319844242	0.4039513577307363	0.24895791028483955
0.34626014524399146	0.4044712812544773	0.24926857350153142
0.3488685879034903	0.40184171379141453	0.24928969830509523
0.3479382185728093	0.40601598870021915	0.24604579272697158
0.3509639507475007	0.4027005306092145	0.24633551864328496
0.3514346320056438	0.39917211132915004	0.24939325666520631
0.3514708636524539	0.40111815046606897	0.24741098588147722
0.34654787321830793	0.40391174013019215	0.24954038665150008
0.3491496293469758	0.40175115607606426	0.24909921457696
0.3482578105633852	0.4037064587097903	0.2480357307268247
0.3504544582091967	0.4011361130650608	0.24840942872574262
0.34969803044718595	0.40024576099453957	0.2500562085582746
0.3455365080097297	0.4059229922564735	0.248540499733797
0.3481506744366318	0.4052660346457193	0.24658329091764902
0.3462676497733792	0.4053833020103649	0.248349048216256
0.3501026466669889	0.4038401140649014	0.24605723926810982
0.3473559256927932	0.4017816435915669	0.2508624307156401
0.34562809925861376	0.4060720774227726	0.24829982331861367
0.34966573484898006	0.40183967662595904	0.24849458852506096
0.3507853691028119	0.4017281558232524	0.24748647507393587
0.3515342307321465	0.4013715211909369	0.2470942480769167
0.3493952183732126	0.3999077284278252	0.2506970531989624
0.3506860266125871	0.39990431312811586	0.24940966025929717
0.3510559327959153	0.3991813474565212	0.24976271974756364
0.34668694152683655	0.4065838062954974	0.24672925217766614
0.3475605042795038	0.4048730059649869	0.2475664897555094
0.3467651296585709	0.4041986212536872	0.24903624908774197
0.34960360147834046	0.3993009417975811	0.25109545672407857
0.34656944047322646	0.4067924021366546	0.24663815739011913
0.3499334256574366	0.3991371002519434	0.25092947409062016
0.34557239315947397	0.405342395626466	0.2490852112140602
0.3493604416070825	0.3992590752498645	0.25138048314305306
0.3455994773814925	0.4041786122578147	0.2502219103606929
0.35136519674853267	0.39847408915694493	0.25016071409452256
0.3478940846693022	0.4014693892725957	0.25063652605810227
0.34618319017112964	0.40627623047922506	0.2475405793496454
0.34694139861955137	0.4040846396664576	0.24897396171399117
0.35036588174249617	0.4012663931171715	0.24836772514033245
0.35160848391903765	0.3984094896661991	0.24998202641476336
0.3478925810701302	0.404613968452515	0.24749345047735485
0.347808784065717	0.40318269156851083	0.24900852436577225
0.3516896573555963	0.3984464291777951	0.24986391346660866
0.34668467677431175	0.4047606232133612	0.24855470001232713
0.3512882410069517	0.3989779237645993	0.24973383522844908
0.3499598916367236	0.40382613653587296	0.24621397182740362
0.3515652044124515	0.4008317641529782	0.2476030314345704
0.347501205682809	0.4016382270332165	0.2508605672839746
0.3494457997952277	0.4011394319784512	0.2494147682263212
0.3463986667876994	0.4022028436346159	0.2513984895776848
0.3509753517115912	0.4020633560150855	0.24696129227332334
0.3488046983847874	0.4015510016746447	0.249644299940568
0.34883278784603644	0.40100977878788485	0.2501574333660789
0.35000598846548775	0.40373959208095056	0.2462544194535618
0.35104914755574346	0.39867649545526346	0.2502743569889932
0.35164477164041236	0.39809724838305727	0.2502579799765305
0.3472871539944185	0.4014358542509733	0.2512769917546083
0.3502876741427805	0.4017469598502459	0.24796536600697375
0.34915603498247627	0.4024129162559631	0.2484310487615608
0.34870279527341413	0.40421369932022505	0.24708350540636093
0.3503552765799748	0.4012922232217445	0.24835250019828084
0.34643897295151294	0.40677345915790647	0.2467875678905807
0.34885607915236166	0.3998754181673985	0.2512685026802399
0.3472311917831311	0.4037966069715134	0.24897220124535557
0.35176288484519624	0.4007387522729016	0.2474983628819022
0.3480116879591188	0.40107319117956175	0.25091512086131956
0.3463866868385419	0.40411763325250116	0.24949567990895705
0.3458839502741062	0.4063991906280124	0.24771685909788152
0.3511112196044248	0.4006204311140352	0.24826834928154007
0.34919993514219994	0.4001995371550827	0.25060052770271746
0.3511351797552308	0.4026314283325025	0.24623339191226684
0.351731908990793	0.3979809643036929	0.25028712670551423
0.34684287267143266	0.40676763021992024	0.2463894971086472
0.34882856949897384	0.40501411178408275	0.2461573187169435
0.3497474678136421	0.3991717015218744	0.25108083066448367
0.34875669769680484	0.4044212234295197	0.24682207887367552
0.3494124918582492	0.40378581245802736	0.24680169568372354
0.3472808895996935	0.4032167902152687	0.24950232018503796
0.34881007291952	0.4007526560239791	0.25043727105650104
0.3457846628586573	0.40710778168731343	0.2471075554540294
0.3476438165969082	0.4050236318957215	0.24733255150737044
0.35168749945613	0.39984845099758837	0.24846404954628176
0.3499788504024175	0.40288226501319024	0.24713888458439237
0.3507650394968498	0.40192922906791473	0.24730573143523563
0.34747660856687373	0.40496604754733156	0.24755734388579478
0.3475927934473946	0.404913173732395	0.24749403282021054
0.3492365356219023	0.4015795841955054	0.2491838801825924
0.3486591636065115	0.4042407227826257	0.2471001136108629
0.34573311890045544	0.4070966151798173	0.24717026591972735
0.3501485067112323	0.39933816754779367	0.2505133257409741
0.34594040862578224	0.4054310723040666	0.24862851907015132
0.34772557220259054	0.4038236598549912	0.24845076794241835
0.3516348622192668	0.39966076287699936	0.24870437490373393
0.35129899711139684	0.4012000346579933	0.24750096823061
0.3482353644939202	0.4026554644841188	0.24910917102196112
0.35146092111461147	0.3981771601811699	0.25036191870421876
0.3486058658064344	0.40506687508494055	0.2463272591086252
0.3467854553304236	0.40400235646841465	0.24921218820116187
0.34792794362650775	0.4049064043902338	0.24716565198325857
0.3498906910182091	0.399678361632113	0.250430947349678
0.34705141087526703	0.4031934040062669	0.24975518511846623
0.3498513080049651	0.4014785651679211	0.24867012682711398
0.34792173915008484	0.40237485786434407	0.2497034029855712
0.34948020378489586	0.4003523686987902	0.25016742751631404
0.3470278274686343	0.4055081917279265	0.24746398080343932
0.3484730357044593	0.40288387602749537	0.24864308826804543
0.3457684939269301	0.4065579981107633	0.24767350796230667
0.3487266618166353	0.4037573610558055	0.2475159771275593
0.34991556915689137	0.40222293131291365	0.24786149953019504
0.3468070814412389	0.4060280396157881	0.24716487894297312
0.3498930416032007	0.40310094722491163	0.24700601117188778
0.3496322741876409	0.40185443136799853	0.24851329444436066
0.3465658369113911	0.4050793515527403	0.24835481153586875
0.3493554337320671	0.40164461562760606	0.24899995064032693
0.35166377317841035	0.40116276523037375	0.24717346159121598
0.3489606978282437	0.39939571172231886	0.2516435904494376
0.3502341059542581	0.4017384995828159	0.24802739446292618
0.351062976056171	0.4002319649638654	0.24870505897996367
0.3480321276778696	0.40579468436118704	0.24617318796094345
0.3458187472234857	0.4032974271710351	0.25088382560547934
0.34974375195914514	0.4020041530877976	0.2482520949530574
0.3470290721328553	0.40201460905466535	0.2509563188124795
0.35113818527458895	0.40206937692154354	0.24679243780386761
0.34556068382720695	0.40566847705211606	0.2487708391206771
0.35008697561982977	0.4023096226070699	0.24760340177310042
0.3482055623597058	0.4049731013484227	0.24682133629187164
0.3468981779582708	0.4021470416768739	0.2509547803648554
0.3495403030391346	0.4039664587809016	0.24649323817996396
0.35095945325479383	0.3993599468380462	0.24968059990716007
0.34696930446295843	0.40619899828523254	0.24683169725180917
0.3508775083008156	0.3990171612078357	0.2501053304913488
0.3466396868126345	0.403554763942147	0.2498055492452186
0.34565640157503413	0.4064406547513842	0.2479029436735818
0.3480542467110453	0.40202416108446504	0.24992159220448978
0.3515445762866883	0.40176249328061886	0.24669293043269297
0.35005528553595505	0.40370940487532625	0.24623530958871875
0.3468322872948125	0.401635699408592	0.2515320132965956
0.3494988670027076	0.4022076735512486	0.24829345944604395
0.3514138826714558	0.3991310032113	0.24945511411724428
0.3464012359384218	0.40700360927440005	0.24659515478717825
0.34713727839104125	0.4051175750500807	0.2477451465588781
0.3517561842648076	0.397979145189056	0.25026467054613644
0.35107950010973876	0.40153843023190416	0.24738206965835716
0.3477183996008352	0.40173984020848474	0.2505417601906801
0.35155812110743245	0.39992101918686157	0.2485208597057061
0.3493877255416595	0.4042691430906917	0.24634313136764896
0.3483555399853767	0.4025337137498741	0.24911074626474927
0.34682016069337784	0.40506421669614207	0.24811562261048023
0.34840968140119144	0.40218700306532096	0.2494033155334877
0.3460134675097287	0.40466087779931637	0.24932565469095505
0.3494864735958515	0.4003833571600175	0.2501301692441311
0.34791355956374437	0.4029177990449248	0.24916864139133094
0.35037814390016325	0.40304294172484	0.24657891437499685
0.3513510783886133	0.3993250368655753	0.2493238847458115
0.34681838078202787	0.4044823478703814	0.24869927134759084
0.34658697049382614	0.4048381607957714	0.24857486871040257
0.35080002602467697	0.3980459850223118	0.25115398895301133
0.3484738092986992	0.40088401124788553	0.2506421794534154
0.34643038341820037	0.4030724564089406	0.2504971601728591
0.34804743166924507	0.4051814596517003	0.24677110867905477
0.3497884443274729	0.4030742952541003	0.24713726041842682
0.35134787570929193	0.4014407006402181	0.24721142365049012
0.348273285555853	0.40330113670008894	0.24842557774405816
0.34565317828072717	0.40589661671771576	0.24845020500155718
0.3480468599365636	0.4012504027553803	0.25070273730805614
0.3462303463351027	0.4056864311135265	0.24808322255137094
0.3496036260901677	0.40243360736196065	0.2479627665478717
0.3463456142140558	0.40231290438632483	0.25134148139961954
0.3499087524226977	0.40215658276404714	0.24793466481325527
0.35098714702650985	0.4021541481084935	0.24685870486499678
0.34657596169094107	0.40222027090363577	0.2512037674054233
0.3493000268884632	0.39922157139914705	0.2514784017123899
0.34717927701310813	0.40338584870861627	0.2494348742782757
0.34600674578856694	0.40587833258851985	0.24811492162291332
0.34648617154875805	0.4022780544176398	0.2512357740336022
0.3504919035813322	0.39915509552428863	0.2503530008943793
0.3516587056681816	0.3999372063117237	0.24840408802009484
0.34809398110560047	0.40535419222293634	0.24655182667146333
0.3465601597696866	0.405767764215174	0.24767207601513946
0.35147124481443875	0.3997288169286841	0.24879993825687724
0.34901514192192573	0.40411121927835786	0.24687363879971652
0.3476495516209242	0.4058643626595313	0.2464860857195446
0.35114149328296257	0.40233414738765666	0.24652435932938088
0.3485722446326276	0.40109506308379644	0.2503326922835761
0.3501244299745183	0.398517630916399	0.2513579391090828
0.3497481172864517	0.4032930413574665	0.24695884135608187
0.35016303195710075	0.4011181592422477	0.2487188088006517
0.3482196984752323	0.4029022780641153	0.24887802346065244
0.351698632604488	0.40206358890428756	0.24623777849122452
0.34911595527058875	0.39930344402883067	0.25158060070058075
0.3503642114484768	0.3982200294818282	0.2514157590696951
0.35069326450449134	0.3978027757460613	0.2515039597494475
0.34631255084278634	0.4035952917858379	0.25009215737137586
0.3483251567052141	0.4040871238055326	0.24758771948925345
0.350911173368956	0.3981032272949993	0.25098559933604475
0.34672338392788543	0.40402942189342683	0.2492471941786879
0.3465149059801029	0.4032198639283837	0.2502652300915134
0.3503610073528566	0.3999126801389482	0.24972631250819527
0.3496567188346243	0.40279908992425595	0.24754419124111987
0.35083739813625897	0.40032246364165275	0.24884013822208836
0.34599840137783355	0.40362397817352713	0.2503776204486394
0.3480408235688467	0.40068836195413615	0.25127081447701727
0.34705446137075185	0.40337626189188563	0.24956927673736265
0.3475579111666515	0.4010439523893705	0.25139813644397807
0.35007591377581737	0.39889086174339783	0.25103322448078486
0.3464639000141406	0.4067668898727141	0.2467692101131454
0.3456371631748536	0.4045811223210826	0.24978171450406386
0.3503166514286301	0.40124488880172005	0.24843845976965
0.3485116850666357	0.40469373945430315	0.24679457547906125
0.3504102701581831	0.4028685954089593	0.2467211344328577
0.35053656037963477	0.4001388833768833	0.24932455624348207
0.351362210274634	0.4008940678200923	0.24774372190527383
0.34571822367154875	0.4054533588348075	0.24882841749364387
0.34788171665111767	0.40498131352327055	0.24713696982561192
0.3513401093239066	0.40216971978339555	0.24649017089269798
0.34797386481973497	0.40142892570248945	0.25059720947777564
0.3495789976796992	0.40241726474230577	0.24800373757799515
0.34686206677612064	0.4025975244765202	0.2505404087473593
0.3474656808521911	0.4060192968211688	0.24651502232664027
0.3475831298118104	0.40303901744090453	0.24937785274728522
0.35061849236720877	0.40329932044623173	0.2460821871865596
0.34716334623411993	0.4032978229297615	0.24953883083611866
0.3476038894740574	0.40454581982082755	0.24785029070511516
0.3483610787935696	0.4054750199929038	0.24616390121352671
0.3514247501815864	0.39873374921187504	0.24984150060653865
0.35084841372190656	0.4012672721355713	0.2478843141425222
0.34669707297525465	0.4064622574277259	0.24684066959701959
0.35003340124626664	0.3986346739817692	0.2513319247719642
0.3482083017120696	0.40236848619768845	0.24942321209024204
0.3461083330616353	0.4040998862163418	0.24979178072202304
0.35013116803905714	0.3992532294491531	0.2506156025117899
0.3473201270993141	0.40527626473176404	0.24740360816892198
0.3510967953323705	0.4000130005335974	0.2488902041340322
0.3496550539139727	0.39961161416017527	0.2507333319258521
0.34721538351688275	0.4011508529036338	0.2516337635794836
0.34857174177865957	0.4023739905955754	0.24905426762576516
0.35108908788743526	0.39871800047575334	0.2501929116368115
0.35152823393743377	0.4008405723993984	0.24763119366316794
0.3501644302795316	0.40225501676855624	0.24758055295191228
0.34660342171673764	0.40267170984375805	0.2507248684395044
0.3501627253809152	0.4030978758760592	0.2467393987430257
0.3482815128625081	0.4024943308952824	0.24922415624220962
0.3473704277211743	0.40312613370325	0.24950343857557572
0.35157912361497046	0.3988421698629885	0.24957870652204117
0.34629581764690615	0.4035272700468667	0.2501769123062272
0.3467916823089437	0.4042113215007102	0.2489969961903462
0.3514311788802388	0.4007176287393453	0.24785119238041603
0.34866908901443	0.40181380609203415	0.24951710489353598
0.3507310782915269	0.40139765559900975	0.24787126610946342
0.3478212261991236	0.4058219541200343	0.24635681968084228
0.34633492098819796	0.40437512363515077	0.24928995537665138
0.3513589956078745	0.3980389373346324	0.2506020670574932
0.3488365988437024	0.40287916360043574	0.248284237555862
0.35172222730717284	0.4005720145384951	0.24770575815433216
0.3475838957231878	0.403679643423157	0.2487364608536553
0.350972269912849	0.39927471522563873	0.24975301486151233
0.3463913353799557	0.40238570299868237	0.25122296162136204
0.34572919917068246	0.4057719049446751	0.24849889588464258
0.3516043291299025	0.4002676376412835	0.2481280332288141
0.3480255122454065	0.40447799304027915	0.24749649471431445
0.3487170954428085	0.4046085979690538	0.24667430658813783
0.34714830056475576	0.40185769699692353	0.2509940024383209
0.3514384959949489	0.4017918318446407	0.24676967216041049
0.35048662239057693	0.3988543291074881	0.2506590485019351
0.3505119932563673	0.4026534452444836	0.24683456149914923
0.34707590000712196	0.4066068430873681	0.24631725690551004
0.34716959777613066	0.40244887959895526	0.2503815226249142
0.3465286083857462	0.40210812429420945	0.2513632673200445
0.35149648819298956	0.4002558053718251	0.24824770643518546
0.3472533086215453	0.40448901367038725	0.24825767770806753
0.3477112826006979	0.40263702637144294	0.24965169102785933
0.3478061234565734	0.40096497605523745	0.25122890048818924
0.34926376801485287	0.40415420583775363	0.24658202614739363
0.3457626798260818	0.405557162678041	0.24868015749587732
0.34950266318335	0.40305978664589714	0.24743755017075297
0.34970436980930597	0.39994413583237454	0.2503514943583196
0.3494647325190821	0.3994246936600402	0.25111057382087787
0.3483964662040545	0.4027088985248225	0.24889463527112304
0.3493565187364738	0.40402340735200737	0.24662007391151897
0.3507972479542023	0.4026276588460906	0.2465750931997072
0.3508586234709905	0.3979902258432759	0.25115115068573374
0.3507969604931148	0.40315491503619977	0.2460481244706855
0.34939329954006887	0.40324216729583373	0.24736453316409757
0.3493054347033628	0.4010067314883624	0.24968783380827492
0.34612449178089366	0.4042205940729071	0.2496549141461994
0.3511176688458089	0.4000070809434141	0.2488752502107771
0.34901044913110196	0.3998268943953872	0.25116265647351094
0.3474103823164832	0.4042882234337096	0.24830139424980735
0.35043607587196585	0.4001802764549818	0.2493836476730525
0.3469110761821754	0.40252462147849327	0.2505643023393314
0.34648636536109667	0.4039604606076195	0.24955317403128402
0.3459684732405279	0.403033134584708	0.2509983921747642
0.347635131384256	0.40626683907939815	0.246098029536346
0.34629360310546664	0.40238775712242836	0.2513186397721051
0.3457278099756201	0.403628031444935	0.25064415857944505
0.34853311636373774	0.40453723568276834	0.24692964795349404
0.3497608375764729	0.39930206408037133	0.2509370983431558
0.3466423625894881	0.40553067881131166	0.24782695859920034
0.3486060028074228	0.40104981057906	0.2503441866135173
0.3462018900323666	0.4024090257054441	0.25138908426218937
0.3489732390307959	0.4008897824255202	0.250136978543684
0.35069558193118916	0.4020610286421365	0.24724338942667443
0.3495257983631109	0.4026579057241827	0.2478162959127065
0.3517589936843051	0.39828599470728393	0.2499550116084111
0.3487284689074542	0.40303949912001874	0.2482320319725272
0.3463707133738125	0.40220379902235404	0.25142548760383365
0.3484996645433325	0.40313528520928243	0.24836505024738514
0.35151043639815366	0.3994894601995914	0.24900010340225504
0.3473062973167904	0.40658184903791184	0.24611185364529786
0.3483404995582076	0.4034255484025659	0.24823395203922663
0.34709565265049935	0.4055391435682786	0.24736520378122218
0.34768831461307304	0.4012977244109126	0.2510139609760145
0.3499908292069102	0.39990638085405006	0.2501027899390399
0.3510025862418866	0.3994738935318322	0.24952352022628127
0.34583301184227483	0.40632165448390567	0.2478453336738196
0.35035395187926655	0.39816902513240704	0.2514770229883265
0.3473749696191396	0.4047076413523164	0.24791738902854413
0.3480288644010405	0.4005883257855722	0.2513828098133874
0.350808990114249	0.39937573446259433	0.24981527542315676
0.3489216914137275	0.40224930890451754	0.24882899968175506
0.3476937964071609	0.4042799612777188	0.24802624231512033
0.34696514395005823	0.40591515641733567	0.24711969963260622
0.3486192416210666	0.4010626236927479	0.2503181346861856
0.3478458330411638	0.40086918786916725	0.25128497908966907
0.3469858334027429	0.40541910605562564	0.24759506054163155
0.3460725978655617	0.40643136719057643	0.24749603494386196
0.35083652608966875	0.39937475395190786	0.2497887199584235
0.3477425912000662	0.4060968283580536	0.2461605804418803
0.3486309172902503	0.4039711975586202	0.2473978851511296
0.35080191780956554	0.39821255288344964	0.2509855293069849
0.34815088834734637	0.4044082533945621	0.24744085825809164
0.34782900449532717	0.4034528555316642	0.24871813997300873
0.34945663769714863	0.3990606632657638	0.2514826990370877
0.34586558756371394	0.4056812004114493	0.24845321202483692
0.35028027810117845	0.4007196083677351	0.2490001135310866
0.350290429740727	0.4001498335600998	0.24955973669917333
0.3482314493457994	0.4010088568766419	0.25075969377755886
0.3471511883832227	0.40541210806996925	0.24743670354680816
0.3470017900600869	0.4015309233384552	0.251467286601458
0.3511915395233791	0.4016426336033784	0.24716582687324262
0.34907672378334526	0.4001569547763168	0.25076632144033806
0.3515374448226031	0.4012666184034439	0.2471959367739531
0.3485689267941638	0.40415564324396014	0.24727542996187618
0.34848171329486893	0.404712774660355	0.24680551204477616
0.34891150533933035	0.40190395301762494	0.24918454164304482
0.3497076833390129	0.40367597357248486	0.24661634308850236
0.3510009135646608	0.4028662114662224	0.2461328749691169
0.3515786300725054	0.40203667371401103	0.2463846962134837
0.3460624329278049	0.40666378492306454	0.24727378214913065
0.34772196786921133	0.4033132473070636	0.2489647848237252
0.3455674138516186	0.40696091430260173	0.24747167184577973
0.3490959812411152	0.4012702775342415	0.24963374122464344
0.3501656921554837	0.4012646583098938	0.24856964953462263
0.3512927800982048	0.3992489815287219	0.2494582383730734
0.3482574375693942	0.4009913773053224	0.2507511851252835
0.3507542270605233	0.4014162611356668	0.24782951180381005
0.3513184356137383	0.4012526037851771	0.2474289606010847
0.34997837522406755	0.4030736993188113	0.24694792545712124
0.346760483363887	0.4068673469560183	0.24637216968009482
0.3478991752033833	0.4014072757598566	0.25069354903676017
0.34946208924436317	0.39987366561056603	0.2506642451450709
0.3492741284579537	0.40366149860240985	0.24706437293963657
0.3494021996177891	0.3995480390063079	0.25104976137590307
0.3481121933826799	0.4032953723121561	0.24859243430516406
0.34809850653781127	0.40312057869031925	0.2487809147718696
0.34959815599102034	0.40051932790568134	0.24988251610329848
0.3509016355429493	0.4029154853104008	0.2461828791466501
0.34752223794083836	0.402468457290021	0.25000930476914074
0.3484841434254737	0.40235469942020113	0.24916115715432527
0.34741509745276633	0.40557041589003395	0.24701448665719986
0.3497238127459883	0.40363471689928476	0.24664147035472705
0.34626600180485445	0.40257148146791677	0.2511625167272289
0.34804435207046325	0.40297490879298636	0.24898073913655056
0.3461001961277174	0.4026407929065911	0.2512590109656916
0.35006508662020314	0.3983046316161594	0.25163028176363755
0.3508475772070029	0.4003510051343474	0.2488014176586498
0.3511063724401341	0.39953903608669916	0.24935459147316683
0.3490770003449816	0.4005175418082543	0.25040545784676427
0.35108830254078194	0.3995511187655719	0.24936057869364625
0.34730802151829815	0.40387784423955353	0.2488141342421484
0.3476027673430201	0.40509975372436025	0.24729747893261972
0.34931977464119857	0.39961454258467327	0.2510656827741283
0.3508992815982459	0.40135473662606624	0.24774598177568793
0.3489457494458523	0.4003756657106547	0.25067858484349315
0.3462548820072757	0.4056017110820597	0.24814340691066467
0.34926342039046215	0.40405145419450944	0.24668512541502852
0.34783065690378007	0.4012660486160967	0.2509032944801233
0.34852995731248837	0.4051851084473601	0.2462849342401517
0.3484631360979386	0.4008904453293457	0.2506464185727158
0.3460699719916955	0.4035534458774981	0.2503765821308066
0.3472955857509997	0.40545834306646356	0.2472460711825368
0.3459251428868222	0.4035919164964879	0.2504829406166901
0.3499603311567393	0.40137597290349086	0.24866369593976995
0.34827282528983533	0.40049185213769056	0.2512353225724742
0.34612581373977436	0.4036411231185548	0.250233063141671
0.3486033198963757	0.4038154456578482	0.24758123444577618
0.34785305985408366	0.40264608457583617	0.24950085557008028
0.34688627124214955	0.40704670603856585	0.2460670227192847
0.34681168313035654	0.4050081502454375	0.24818016662420606
0.3468706101399985	0.4066861491396109	0.24644324072039075
0.3460376056508195	0.4057080505312729	0.24825434381790773
0.3482568101782716	0.40515269778357743	0.2465904920381511
0.3456921383199767	0.40425407356045073	0.2500537881195727
0.3494064008639402	0.4021738098766321	0.24841978925942781
0.34580487237575686	0.4070617875419198	0.24713334008232346
0.3489054768650687	0.40357549993717395	0.24751902319775748
0.34610407696781287	0.4034420624320624	0.25045386060012487
0.347264348080554	0.4057117996104965	0.24702385230894958
0.3459894862223561	0.4055481416534725	0.2484623721241715
0.3463143500130371	0.40401812220995614	0.24966752777700685
0.3465023802354025	0.40595922143865454	0.2475383983259431
0.3465552044531911	0.4026124569622421	0.2508323385845669
0.35065508924621036	0.40109885635942144	0.24824605439436828
0.348627884497042	0.40441242505088965	0.24695969045206845
0.3503543535629285	0.39872049421427863	0.250925152222793
0.34762890769911453	0.4042840535799726	0.24808703872091298
0.35080543519337576	0.39909690675732146	0.2500976580493029
0.3493483014812325	0.4045062664535746	0.24614543206519296
0.3474624130460604	0.40141209988977805	0.25112548706416166
0.3515264492053505	0.39898564072698883	0.24948791006766086
0.34976610797228314	0.4036529077384515	0.24658098428926548
0.34725873814322306	0.406412828962648	0.246328432894129
0.35134955933268863	0.39952640681841317	0.24912403384889834
0.35128105081886285	0.3994998831297415	0.24921906605139577
0.349436580166559	0.3997230932982049	0.25084032653523625
0.351744923001845	0.39789884051861657	0.2503562364795386
0.3468561569694996	0.40316813412665486	0.2499757089038456
0.3500948585020151	0.4009420105328712	0.24896313096511383
0.3486287176963607	0.40337685901684184	0.2479944232867975
0.3467981194167244	0.4019129295165165	0.2512889510667592
0.34569047562010174	0.4030253392835771	0.2512841850963212
0.34941329450296266	0.40403258380097384	0.24655412169606356
0.34730238793181006	0.40377388516595464	0.2489237269022354
0.348577809453927	0.4014801654145195	0.2499420251315536
0.347876796139073	0.40169162068937325	0.25043158317155384
0.3485063395162352	0.4023740630342077	0.24911959744955717
0.351062451072277	0.40133246285702073	0.24760508607070236
0.35079122484565306	0.40240601010730953	0.24680276504703752
0.3483957784193153	0.4007872545611804	0.2508169670195044
0.3494768966797176	0.40160429963954547	0.24891880368073702
0.34693298796629507	0.4068716080207057	0.24619540401299939
0.35057043524168946	0.401148358874734	0.24828120588357666
0.3492611279258402	0.40355785899642527	0.24718101307773466
0.3473252616604604	0.40454637232610346	0.24812836601343624
0.34902135435591347	0.4031732863395668	0.24780535930451988
0.34590723921468997	0.4066870319680305	0.24740572881727965
0.3487085548944602	0.4049179560222323	0.24637348908330767
0.34589578714029784	0.4047892999938678	0.24931491286583451
0.3464174693793906	0.4068345428432738	0.2467479877773357
0.3480343925561059	0.4013729364338965	0.2505926710099977
0.34899659805401984	0.4028228061655356	0.2481805957804446
0.34854479907545155	0.4023264879124772	0.24912871301207137
0.3456094469563368	0.40487314209423264	0.24951741094943067
0.3465907696857619	0.4044328695940237	0.2489763607202145
0.35035649585738093	0.4008470902035042	0.248796413939115
0.34617345934350713	0.4038040496665072	0.2500224909899858
0.3506861153554283	0.3995573888630388	0.249756495781533
0.35076264106408817	0.401820096457821	0.24741726247809087
0.3488470956154184	0.4007777445153314	0.2503751598692503
0.3484503007705288	0.4006735711046879	0.25087612812478344
0.35100778831228313	0.4013195817922398	0.24767262989547723
0.35160359429316035	0.399611903573056	0.2487845021337838
0.3477880151724368	0.4014902682234419	0.2507217166041214
0.34593472189278096	0.4037710664587868	0.2502942116484323
0.34742948176596833	0.4009909475449457	0.25157957068908604
0.3484384752778761	0.4022405617458298	0.24932096297629425
0.3471214940621396	0.40357279967177695	0.24930570626608353
0.3459215338595413	0.4040892036597721	0.24998926248068676
0.3466314437671212	0.4046539951457892	0.24871456108708972
0.3493818473717678	0.40204422653769256	0.24857392609053977
0.3475210992149385	0.4029324878132675	0.2495464129717941
0.34935084110694903	0.401653409949692	0.24899574894335907
0.34950987195234096	0.40275378978038034	0.2477363382672788
0.34992838697519596	0.40079205860846123	0.24927955441634295
0.3479862469884683	0.4009905246049502	0.2510232284065816
0.34868010965572976	0.4035086547786384	0.24781123556563195
0.3490555707579153	0.40235126236509033	0.24859316687699443
0.3486157847421263	0.4047968002761252	0.24658741498174866
0.3498637951497909	0.4015264834670915	0.24860972138311774
0.34846118843730883	0.40235565348268004	0.24918315808001124
0.34600600718923674	0.4066979782544192	0.24729601455634417
0.351296440260199	0.4022605311428064	0.24644302859699468
0.3514510751082088	0.400354670378233	0.24819425451355828
0.3508231479668214	0.3984950310387862	0.2506818209943925
0.347440519625193	0.4063333128093572	0.2462261675654499
0.3492510371378854	0.4032025406046111	0.24754642225750362
0.3504001135633411	0.4007733911739034	0.24882649526275558
0.35073811752975853	0.39888903655043817	0.2503728459198034
0.3505962616302982	0.3990398128356447	0.2503639255340572
0.35029896581071823	0.402816319362161	0.24688471482712088
0.35102048147137843	0.39830877594924874	0.2506707425793729
0.3512253994451131	0.3985130352839395	0.2502615652709475
0.3491312856590933	0.4031058695419067	0.24776284479900013
0.34969550991370035	0.40346198471487743	0.24684250537142233
0.34672179075038406	0.4018578957900175	0.25142031345959853
0.34681255743823586	0.4071436845659313	0.24604375799583295
0.34728106532608644	0.4022344665454048	0.2504844681285089
0.3486842115381691	0.40033989500635925	0.2509758934554718
0.3478374184399609	0.4018233895721797	0.2503391919878595
0.3500906154498491	0.3994472013604061	0.2504621831897449
0.348066944443775	0.40283776080110667	0.24909529475511843
0.34964869072104854	0.40254952688826356	0.247801782390688
0.34709340955343543	0.4028496852650691	0.2500569051814956
0.34671203562597297	0.404532074008903	0.24875589036512413
0.3467775915749898	0.40353757622135644	0.24968483220365384
0.3507799326477372	0.3995713629260983	0.24964870442616463
0.34798158694004133	0.40073558899482453	0.2512828240651343
0.3479263257881925	0.4050334331244254	0.2470402410873822
0.35112436511206774	0.402318968843346	0.24655666604458637
0.34696159849296915	0.4046923579998176	0.24834604350721332
0.35038281855826003	0.4022024018141068	0.24741477962763325
0.35077535062985693	0.40043317374827825	0.24879147562186493
0.3517571556410598	0.3998909020956176	0.2483519422633227
0.3465020536569985	0.40320164950688253	0.2502962968361191
0.3466649083717195	0.40317705002034865	0.250158041607932
0.3481694726262159	0.4044127781880361	0.2474177491857481
0.34676284641483324	0.40624736158361413	0.24698979200155274
0.34820749963753517	0.40122099295656904	0.2505715074058959
0.3486583381148282	0.4010514893665476	0.2502901725186243
0.3506694099615772	0.39897755033257476	0.2503530397058481
0.3492753773365166	0.4035027792276343	0.24722184343584924
0.34681769873261403	0.40157726165365965	0.2516050396137265
0.34737797630974765	0.4017178031779561	0.2509042205122964
0.3509633593242134	0.4019748624762094	0.24706177819957728
0.3502442390781535	0.40028326886156024	0.24947249206028638
0.3485504368813996	0.4051378345375378	0.2463117285810627
0.34649008611309523	0.4022585792612064	0.2512513346256985
0.3517636987163615	0.4002455024037585	0.24799079887988013
0.351109287766119	0.40241445256716	0.2464762596667211
0.34818740238173124	0.40332145335540337	0.24849114426286548
0.3469951913283386	0.4035731466993116	0.2494316619723499
0.3499635348184827	0.39978598833175427	0.25025047684976315
0.35037218409070264	0.4019300799553947	0.24769773595390276
0.34980067483454075	0.3987440884655335	0.2514552366999258
0.3497130354572724	0.40102183856137513	0.24926512598135253
0.3500119372468259	0.40047401370189895	0.24951404905127533
0.34577629354370665	0.40457047845840344	0.24965322799789005
0.34939613397613156	0.3994687758058926	0.251135090217976
0.3479708426545408	0.40303619773941135	0.24899295960604792
0.34850842596363557	0.40523850691761926	0.24625306711874528
0.349136495925552	0.401062088291425	0.2498014157830231
0.34904797863447073	0.4021244203306844	0.24882760103484497
0.3475822968036836	0.40100038690417905	0.2514173162921375
0.3511540108765604	0.40037214260197296	0.2484738465214668
0.3485370775457541	0.4025796106003915	0.24888331185385448
0.3484408720718183	0.402272675527528	0.24928645240065384
0.34799422808335884	0.40536153099429145	0.2466442409223498
0.3466862816000703	0.405777365255631	0.2475363531442988
0.3506966395943639	0.40150881158893215	0.2477945488167041
0.34947644686350726	0.3999201304023771	0.2506034227341157
0.3492761811597215	0.40169830933186745	0.24902550950841118
0.3490119593057386	0.40234081109947006	0.2486472295947915
0.35131185294726924	0.4000237821232713	0.24866436492945956
0.3491304748597756	0.4032975900511123	0.24757193508911224
0.3515379670620289	0.40076512669267694	0.24769690624529428
0.34911203795797086	0.40116155402523196	0.24972640801679727
0.3456168004564863	0.4041957040837435	0.2501874954597703
0.3504396827954957	0.4004023451414426	0.24915797206306184
0.34973378013636797	0.40028013594755923	0.24998608391607288
0.3473936581794309	0.4012158568817179	0.2513904849388513
0.3500742379594844	0.39910938943308666	0.25081637260742906
0.35041788625722414	0.40232522911208946	0.2472568846306865
0.3517772908618378	0.3980177752072683	0.25020493393089405
0.35071955774541247	0.4026798520718116	0.24660059018277602
0.3478740259926578	0.4044978825842753	0.24762809142306696
0.34835934980736516	0.4046468800135317	0.24699377017910318
0.3464617580164747	0.40228148257478535	0.2512567594087401
0.34668253647930397	0.4062854700655812	0.24703199345511495
0.3503470407510921	0.400504342288971	0.249148616959937
0.3481371294040735	0.4057018396766877	0.2461610309192389
0.34741494410518137	0.401218927465693	0.2513661284291257
0.34983861276005623	0.40058143172623645	0.24957995551370743
0.3517210868867429	0.40142044488333095	0.24685846822992621
0.349251223978835	0.4005460512628522	0.25020272475831284
0.349975558326041	0.39916802632001924	0.2508564153539399
0.3497996006645129	0.39989440876419524	0.250305990571292
0.3479864620833589	0.4024879447412272	0.249525593175414
0.351687856360019	0.40222227538438077	0.24608986825560036
0.34844692116947973	0.40161220556947796	0.24994087326104245
0.35025849681492177	0.39954581773197967	0.25019568545309867
0.3505013905785767	0.40277966224593753	0.24671894717548581
0.34865930984043014	0.4005536060837839	0.2507870840757861
0.34932064759872455	0.40201896064323533	0.24866039175804025
0.34996041566515795	0.4022423254363817	0.24779725889846044
0.34840472103410536	0.40409872955891896	0.2474965494069758
0.3492702521076627	0.40082553350485073	0.24990421438748667
0.34825497803070987	0.40384885425964645	0.24789616770964384
0.34702925687586034	0.40413446009732507	0.2488362830268147
0.34923754736329166	0.40451149907070816	0.24625095356600024
0.3467971362588386	0.4029819425934659	0.25022092114769556
0.34754346399927005	0.4009328506608023	0.25152368533992775
0.3457638339717214	0.40394119031854075	0.250294975709738
0.34658791882130113	0.4035346850879858	0.2498773960907132
0.34598420392633744	0.40548876996158384	0.24852702611207886
0.3484150373952886	0.40317338854360185	0.24841157406110964
0.3479734783600101	0.4042366851447769	0.24778983649521313
0.34603028356206483	0.4025691412174528	0.2514005752204824
0.3514740900242614	0.39890151389761574	0.24962439607812298
0.3505908947717331	0.4026217281514258	0.24678737707684123
0.3493023183402721	0.40462522121032274	0.24607246044940528
0.3473963522036092	0.40191926762630775	0.2506843801700831
0.351439017897065	0.39819440625707203	0.2503665758458631
0.3507758127391659	0.40190633779492047	0.24731784946591368
0.34808392709371766	0.4005473487279738	0.2513687241783086
0.34573202009935056	0.4068366880718872	0.24743129182876233
0.34600554663367306	0.4041058536192371	0.24988859974708993
0.3500733759190126	0.39995293803967435	0.24997368604131315
0.3506800554035586	0.3989191300457956	0.2504008145506459
0.35161744581414195	0.4022032302063654	0.24617932397949271
0.3499355989104527	0.40133256776159865	0.2487318333279487
0.3496918036360731	0.4010573455565115	0.2492508508074155
0.3505626149239811	0.4024146090124644	0.24702277606355466
0.3458635398788074	0.4038544716154187	0.250281988505774
0.34726226824816736	0.40480743507525657	0.24793029667657615
0.3513355637257071	0.4009137378726326	0.24775069840166036
0.34811624750674175	0.4025986005784228	0.24928515191483552
0.35102391122521226	0.4006797652586044	0.24829632351618353
0.35009986335288507	0.4016864563186759	0.24821368032843916
0.3475923317296997	0.4017819666648361	0.25062570160546427
0.35074561293798917	0.3983273197628927	0.25092706729911823
0.3486533195268561	0.40315827258147974	0.24818840789166424
0.3496759742024282	0.40282626053836723	0.2474977652592047
0.3457845028071209	0.404942280853482	0.24927321633939714
0.35114260086440996	0.4004165251657377	0.24844087396985243
0.3500625933950865	0.40169919718023944	0.24823820942467417
0.34868369981691194	0.40328875876450676	0.24802754141858144
0.34828021033440704	0.40245164062397876	0.24926814904161432
0.3488065484447644	0.4035268398427468	0.2476666117124889
0.34815127969696735	0.4052547409034465	0.24659397939958627
0.3490196972707744	0.4008127626537371	0.2501675400754886
0.35010193725973215	0.4029312688247887	0.24696679391547932
0.35021598786905517	0.3999078809583795	0.24987613117256544
0.3460691020880388	0.404013652706087	0.2499172452058743
0.35167447737200735	0.40175413693378975	0.246571385694203
0.34896133320896594	0.40202556595348726	0.2490131008375469
0.34700934355246726	0.4057148127881396	0.24727584365939326
0.3484330250976828	0.40290941147927084	0.24865756342304646
0.3480014632636823	0.4043513657620871	0.24764717097423078
0.347376941776693	0.40162943937339807	0.25099361884990906
0.34853144256740487	0.4053571284670461	0.24611142896554916
0.35110338851324296	0.39835219482599815	0.250544416660759
0.3482152778756006	0.4043666026744881	0.24741811944991143
0.3468437367352978	0.4066345192877671	0.24652174397693521
