0.17354402772002223	0.050101771944282475	0.1846194816039148	0.08783627316687068	0.06312361987219904	0.0735660054951336	0.23382839601544267	0.1333804241821343
0.1651594778267854	0.06005099574360108	0.1789343104033346	0.11891030973016466	0.047405592284486944	0.07520073174878533	0.21614441518325977	0.13819416707958196
0.1710935490997869	0.04067198027306719	0.18389976441516964	0.09373243041840038	0.06919817687166846	0.0681680316247153	0.2363637294494107	0.13687233784778124
0.16622054241973888	0.05016570667657999	0.18978854176538126	0.07438039067023773	0.062022989455294386	0.09354661480394721	0.22754267290443564	0.13633254130438466
0.16826215985201334	0.06007508664796704	0.20425877449641816	0.07556397220328498	0.06279474315090035	0.06737829799996459	0.2269303586128501	0.13473660703660123
0.17228607819598843	0.04106493984132829	0.18946683358676342	0.08819111992245957	0.05961806703945703	0.10428949403424813	0.2162009035902902	0.1288825637894647
0.17244874074032882	0.043253452595912	0.17966072474986947	0.0667599333724061	0.06809839469109946	0.10428748295743534	0.22753880145942548	0.13795246943352305
0.16622915596483379	0.042431456137921736	0.19542491532780717	0.09550765934761267	0.05304477120813553	0.058832945002959214	0.24352127589855022	0.14500782111217947
0.16585791465482957	0.036832461931861446	0.1970275059428702	0.09069662780348184	0.06381229633628077	0.08365501380298782	0.23583477302026173	0.12628340650742645
0.15471031535133212	0.04130213128792	0.2030192182904129	0.10115617938111285	0.04180900039073525	0.09224575089808341	0.23371460059515525	0.132042803805248
0.1618124993006908	0.055565738270518555	0.1819764301572728	0.10571831008444563	0.05658786775378935	0.06375370469612616	0.23942776221011253	0.13515768752704393
0.15397188900422734	0.05116199271885642	0.20265967545209335	0.10515317000031864	0.06828008590560015	0.06987236104173429	0.2178812591889859	0.13101956668818368
0.16362886496696288	0.04794514874899766	0.2147188447910428	0.07003319760060704	0.0561734123437059	0.08837664603878606	0.21634761457737056	0.14277627093252687
0.16198755546555033	0.05326991305544569	0.2144375761001001	0.07984511629738891	0.05299909660347543	0.05822993001120509	0.24394230476705592	0.13528850769977827
0.15389356527098305	0.06245400400288628	0.2145754621999909	0.10188539462943293	0.05635043476793515	0.06231085297591067	0.21443736213490003	0.13409292401796075
0.17627633443448573	0.07238007078447525	0.20409276451336533	0.06721760543811559	0.039589197359626294	0.07242275386226875	0.2278290416090925	0.1401922319985703
0.1731609652290809	0.048447443410813695	0.19166354617438947	0.11473865299063066	0.05179560593732836	0.05281936495962425	0.2259054731578961	0.14146894814023636
0.1579013676494541	0.0656044645071625	0.1875183969080929	0.07961694440751232	0.04720195763547576	0.10117528353680158	0.2267855613502564	0.13419602400524422
0.15384948837039789	0.050573531914830966	0.18286837454145874	0.11355194295733438	0.047041015201145925	0.07633191141666452	0.23580929608872167	0.1399744395094457
0.1595372678990866	0.04617815903318369	0.18341673774796624	0.11832342114967163	0.0638089919110947	0.07562540901475719	0.22636573461441728	0.12674427862982243
0.16196370234027732	0.056442388368256394	0.20505626412325953	0.07844666324067079	0.0501665429698334	0.08368097397226167	0.21438615267229832	0.14985731231314237
0.153642507799336	0.05089075910354267	0.2003583003881137	0.10661488651467557	0.06122443038674255	0.05192359507311374	0.24441618608506252	0.13092933464941306
0.15773519571448424	0.05889077334820279	0.19916523442763684	0.08543876661925215	0.05182042862280689	0.10265630970939867	0.2096468970734201	0.13464639448479812
0.16381930235563952	0.05291952812213263	0.19079378245932652	0.06712873536167559	0.07048800858338995	0.08944105117246812	0.22431499945270583	0.14109459249266165
0.15431971692023383	0.04996679768999075	0.21416561001636547	0.0875803705306899	0.05463775397878508	0.0535071588131842	0.24281847794574635	0.14300411410500413
0.1651196720346166	0.03341141389807431	0.1892650144837483	0.11080687761390058	0.037075617093150146	0.10032393678282892	0.2311066414638274	0.1328908266298535
0.1578812062982617	0.038645048844687474	0.2039100581718812	0.07192337890341988	0.05386489128397015	0.10225037638279949	0.22325708430200558	0.1482679558129743
0.16953379831680085	0.058751846582450945	0.196520291884492	0.10697522341982606	0.03640756087760422	0.0828000914752347	0.22201496197712903	0.12699622546646192
0.17217599962305863	0.06274431556619735	0.20740133585526793	0.06735586704637082	0.06661086240840179	0.06330958880453182	0.22909576547157715	0.13130626522459424
0.16980333607242323	0.04134722908793978	0.1795032216750379	0.0763542914652358	0.0613482684393946	0.09784188400921959	0.23464982658389616	0.13915194266685268
0.15735906813774472	0.03487811310481484	0.21530611372235386	0.0783908541173737	0.058902780543221	0.09781926044676717	0.22214329146608253	0.13520051846164197
0.15431139499728952	0.05504712498233914	0.20615190026852992	0.12227024474761225	0.05159444340745145	0.06930560951201864	0.21402354504937043	0.12729573703538838
0.16507751177309615	0.053219085481360714	0.19365825042021503	0.09577586288320891	0.04372935572994133	0.06411181943670491	0.2374778691810818	0.14695024509439086
0.16665353466225735	0.06663425428343141	0.18484176862299928	0.07187231425716241	0.05080609302067708	0.1006725619941015	0.22339689799549511	0.13512257516387563
0.17639546392897765	0.0562168036073621	0.17941454454785508	0.08217684782269567	0.053320025559006695	0.09225003238261008	0.2332325853229294	0.12699369682856315
0.1673065852474462	0.059341421882751835	0.21187664330361716	0.06973246267745707	0.03806098780983298	0.08791079843530336	0.2240598478541507	0.14171125278944044
0.16308232915194704	0.052124091633876574	0.21574429888099655	0.07217167606303448	0.05801655278713995	0.08316073242902927	0.22864375522988503	0.12705656382409095
0.15308898474780916	0.05303086241488443	0.21609668783445224	0.10680107024038478	0.04528890640049134	0.06152907804972911	0.21996995844900874	0.14419445186324
0.1696114402063777	0.06681031694764175	0.1842888208711975	0.06699896546922915	0.05453725827865408	0.09003521832161046	0.24104924995477572	0.12666872995051343
0.15989131761669878	0.05463641302860005	0.19560870112858947	0.0829204323553479	0.06601622300315974	0.0644031357962321	0.2352356757489849	0.1412881013223868
0.1678537746369554	0.06419234127623472	0.197660400861553	0.09249922913475231	0.055017686696994875	0.0763681314520427	0.22055239468030058	0.12585604126116617
0.15856506242692242	0.036913235665811936	0.19879026940462574	0.11357925532298177	0.0384113039795647	0.08295084835520526	0.23679944112739876	0.1339905837174892
0.16574946049883393	0.05307585421983811	0.18690094028132476	0.0997862141482075	0.037432573571799424	0.08020509677528218	0.23448584799803343	0.1423640125066804
0.1573785370952099	0.06372311235843445	0.19389366137588532	0.0921945661299419	0.06179438471352966	0.07721016832965749	0.21316438529779097	0.14064118469955011
0.16264788263193714	0.06810779741820888	0.18515566884223694	0.08576527719518783	0.05425402504374055	0.10469206729451279	0.2121731197555033	0.12720416181867233
0.17220000869951568	0.059101928628388464	0.19548291153996777	0.08258668599576297	0.038488021810508644	0.08634142687001689	0.2273401123427506	0.13845890411308875
0.15976739304244103	0.046088556470211844	0.20249640074394865	0.09813220535447237	0.06714832610866289	0.07967491392067173	0.21293825843449715	0.13375394592509413
0.16436172936413562	0.06845458125375503	0.2040064891074902	0.09125280169761296	0.04102956641609734	0.0721537542552084	0.21479535453263376	0.1439457233730665
0.16950329561147306	0.07111308739324493	0.19449266715037164	0.07610505369728685	0.06432426484024084	0.07871502005766115	0.21214401061455593	0.13360260063516535
0.1692855494004647	0.04421939992720329	0.1856714722808448	0.09869266702498293	0.046047765714137864	0.09900474719734238	0.21815766418566646	0.13892073426935736
0.15814441903131143	0.05839248492459752	0.18607243050598826	0.1116835614416117	0.04369817173875434	0.08241946098583564	0.22820904070553988	0.13138043066636101
0.1611457215106595	0.05638042659640251	0.20251334646614866	0.07558019099767958	0.06101692530365334	0.08733341413065203	0.22388130510481724	0.13214866988998686
0.17111214233689165	0.04582099266804669	0.20523769854176352	0.07928412223225434	0.06055056507682134	0.07445066771101244	0.22038856687775457	0.1431552445554552
0.15861433107337444	0.040737248865301834	0.20067702195415005	0.11192387953185726	0.06387172451879555	0.0756937346632142	0.20970624300645213	0.13877581638685432
0.17658938963126894	0.040888365634708615	0.1925704821286104	0.09406777241979528	0.04390647547766434	0.07770252712762796	0.22645669571573374	0.1478182918645905
0.15311826801773026	0.03404087863055753	0.21097695387743465	0.1170853163603756	0.048126992502291396	0.08750654528564612	0.21612878683163717	0.13301625849432708
0.1536534407476453	0.04810696767652026	0.20854992226364594	0.0844848591815207	0.06829615555274426	0.07773443424877133	0.2228188773260178	0.1363553430031342
0.15990434790577382	0.04271623124167541	0.21309307664035365	0.09719237283152733	0.05277611020960034	0.0808710528186248	0.20943710552843897	0.14400970282400544
0.17631364251906212	0.07061871952692547	0.20241422348218402	0.08966894136443884	0.04606191654021034	0.05376612933954272	0.23360920465680254	0.12754722257083365
0.17132234563040388	0.062097224171280704	0.19234156905622263	0.10845450429804307	0.047403755932662064	0.054530057815501534	0.23568206713064246	0.12816847596524344
0.15862416485182684	0.05521043167021909	0.2120286329013788	0.06556313377327821	0.06229852112382814	0.09013358807713037	0.21019926012417556	0.14594226747816272
0.15175232634826052	0.06845551291339645	0.2065999812337817	0.0769964227173977	0.0526960268202816	0.06405705604346415	0.24394948988782963	0.135493184035588
0.17441157739608112	0.062119192152057856	0.21385416787800524	0.07494496766439954	0.049736394878856546	0.08341728637180668	0.21193352978604452	0.12958288387274824
0.1608195555067733	0.05708954075389645	0.20706794422562924	0.09781780338063086	0.05783948209339655	0.07230976749454193	0.21735530898599964	0.12970059755913188
0.16566652454830594	0.049059457616948174	0.18436916143143622	0.10989332998652278	0.037805619009166125	0.06639295918776017	0.23742323886385663	0.14938970935600365
0.16071281360114592	0.054171673267216225	0.1849285726250986	0.12061121657856105	0.03664170269830816	0.07334501083376967	0.22885853282478255	0.14073047757111762
0.16484465691565223	0.03535035604559117	0.2083054287645372	0.10725880372990004	0.055882062141658057	0.06641652187309066	0.21427063601211893	0.14767153451745146
0.1580982053443855	0.05017925956097628	0.19526272754508794	0.10314157505756334	0.050769798064604146	0.09674026386018646	0.21472311903888464	0.1310850515283114
0.17213417118536234	0.05791155677594158	0.1899146620743961	0.10005049760347613	0.04586333463100571	0.07346164886263673	0.22954834377256672	0.1311157850946144
0.1626114937630451	0.053777212013711786	0.2117270853148399	0.07115573069044896	0.07011948272287435	0.07623916263595325	0.2194507851266358	0.13491904773249058
0.17476273963384492	0.07011137314596216	0.18317590714724305	0.09530379383156443	0.05649189012403878	0.06901936723445959	0.22511606434377968	0.12601886453910713
0.16215017481014768	0.044851991126979254	0.1890163408990714	0.09814548678555364	0.05961147552314648	0.09978253929691634	0.2090813827692128	0.13736060878897213
0.16167264668338704	0.042625537467468444	0.20142402445704988	0.09126324278190712	0.039244738497131185	0.09741018879824598	0.2316747107169287	0.13468491059788149
0.1694928611324198	0.06626782700730818	0.19745026699133347	0.08114736935728699	0.05339957652215202	0.09070772910054037	0.2103761999305372	0.13115816995842183
0.17351940205043212	0.05407698894180578	0.2088700080951515	0.09933709740888169	0.04595858841543253	0.07215818837979751	0.2136621190543585	0.13241760765414015
0.15282881727199937	0.036125117134422485	0.20357426996287128	0.06843053076310399	0.06677755695220226	0.08685933495267464	0.239234456756012	0.1461699162067138
0.16750803244508664	0.05666898678655062	0.18164114879679583	0.12142321117898396	0.05100006178845197	0.05692225507941673	0.23374773376837205	0.13108857015634195
0.15870440871800626	0.03831093518743804	0.21140375493133073	0.09783005633617797	0.042809556481735817	0.06684390098312334	0.24427798170330572	0.13981940565888185
0.16091761895962733	0.06411535650765922	0.19629967580690322	0.06658872281311136	0.05999397330950816	0.07264156921298873	0.23582268882925694	0.14362039456094483
0.1677185177029093	0.04628031596339738	0.20666368105598942	0.09264767655746517	0.054915777146473985	0.05665841856711169	0.22944174075279355	0.1456738722538593
0.16768203662557304	0.04421831713044233	0.19007591249176986	0.09918071835019282	0.0435335347877811	0.09743461420651751	0.22570192446077098	0.1321729419469521
0.1683314063254901	0.0419091362943559	0.20761604471038475	0.1063234291305921	0.045837891527700056	0.05739582512365185	0.2235592667982934	0.1490270000895316
0.16764160810216855	0.04663193804963954	0.19374658870015982	0.10264336279537507	0.05690791060330243	0.08478647569834495	0.21286439199206925	0.13477772405894023
0.16365126801425273	0.035618343923634374	0.20268739120587942	0.10828707635514202	0.052507713200355605	0.08407071798515933	0.21392553529651898	0.13925195401905735
0.15309728517520493	0.05540196045672216	0.20523468076900903	0.07130823698080518	0.06679754179622106	0.08968523715097607	0.23054722772757988	0.12792782994348145
0.16765866480968528	0.06217698829694568	0.1821074431580364	0.10833085842147361	0.052950549558340276	0.06822928304457407	0.22641477355727385	0.13213143915367065
0.17202470485790378	0.05146027015275298	0.1873015497902926	0.07554096238577217	0.03919173885686379	0.09550393044474229	0.2305777778694756	0.14839906564219665
0.15528101187375878	0.04967501420962914	0.1852167603434122	0.10115741646209073	0.06953717464076073	0.06650086053814047	0.2249931206351481	0.14763864129705961
0.1750014163315293	0.03583412176719539	0.21373969440597435	0.0843223306350235	0.043002086014879856	0.08790629105349806	0.2159750585745842	0.14421900121731512
0.1745302739107272	0.0688409912982883	0.1934497162119908	0.10529963505673762	0.0490134089955324	0.05995689311799983	0.22221645442687116	0.1266926269818524
0.16268812920976713	0.03557958816853607	0.18905155745101665	0.11113572922560583	0.045117391501494006	0.08999258808533232	0.23251406146750403	0.13392095489074374
0.16264723686277288	0.04877239668901502	0.20130491599523692	0.09808692322010751	0.04942850199562858	0.07497553045623231	0.23115257415095258	0.13363192063005397
0.16021423125921408	0.06649514733006606	0.18638669012202302	0.08912854101582018	0.057485310675356144	0.07409692197670908	0.22339719312435674	0.14279596449645446
0.1677994460942802	0.0553015841704106	0.18070023840403127	0.12223892722348575	0.0628772127059113	0.06511504275951477	0.21067435474326898	0.1352931938990969
0.16669266493947207	0.03340797553367866	0.18063748587535644	0.10685945746012258	0.06702479703021452	0.08242981714658028	0.2156161967466106	0.14733160526796457
0.16482588520809055	0.05293719283814724	0.2035997570753314	0.0937827475865864	0.041989983444651865	0.06569735418095624	0.23732515053469153	0.13984192913154458
0.15752766184917635	0.07139366789086979	0.2155562518958919	0.08534447853638996	0.0433247304150544	0.07712116146520888	0.21558424529547626	0.1341478026519322
0.1614553719384115	0.07139595402622567	0.1819392206063133	0.0928586824475588	0.055273864111493445	0.0713978180602676	0.2178631919572996	0.14781589685242985
0.17022094545906133	0.05035620516369882	0.18020043979625427	0.06674250327560469	0.05260309990452794	0.10513192176939229	0.23521466903679455	0.13953021559466586
0.1739368388460621	0.040081763927980615	0.19333790289170263	0.08188563260634121	0.057036684886362196	0.09535151863134024	0.22242033124839006	0.1359493269618207
0.1714283605631241	0.06877857166796934	0.18578718778990128	0.06674804316305394	0.043584588292603976	0.07257907590216775	0.24212869822075364	0.14896547440042576
0.15955512637146974	0.03927821719693181	0.21414095604864533	0.08316782994172295	0.0645673826843283	0.07795889336473562	0.22430678275165444	0.13702481164051158
0.17377385483901153	0.04862920381468655	0.2017500168610652	0.07110567714637697	0.063967331429791	0.05702603387109614	0.2424362576923968	0.14131162434557556
0.1714647050878207	0.04985984092883894	0.21037186600631602	0.09014385736972269	0.04112250774941273	0.06919635173418445	0.24108534971823414	0.1267555214054701
0.1543147835645227	0.059178663488216765	0.20257542393303465	0.06601482808224506	0.06806708619153186	0.08106481296933238	0.22929209928484956	0.13949230248626684
0.16409104636300623	0.05573770658562885	0.21462101489624483	0.10545842843131437	0.043824183885494486	0.0711190028633158	0.2134801036966988	0.13166851327829646
0.1621362353266652	0.06670543395629164	0.18918196410924776	0.08771459907657536	0.04898953632696332	0.08351477988464658	0.22717060521906737	0.13458684610054253
0.17478723775449245	0.03585638923925884	0.20026263528337934	0.12005115851843713	0.06371036778514311	0.061037777470654725	0.21635035440706427	0.1279440795415699
0.1575709646147445	0.048064430966269694	0.18509331174756471	0.11943923756972177	0.036258139040265494	0.09816797470193417	0.21778522800565359	0.1376207133538458
0.16183240246899	0.06962391884517258	0.1841916315772994	0.12067231643479637	0.05058605899322695	0.06957748522431348	0.20979907299615524	0.13371711346004575
0.1634464812472405	0.060390673204202855	0.17970553952308677	0.12003993402282956	0.05395765580608508	0.0526677579721799	0.22029037521885975	0.14950158300551533
0.16022306570580858	0.056019619753885946	0.1988915750365294	0.07914008770185527	0.058932673915149655	0.08831343668720844	0.22567572563730198	0.1328038155622605
0.16203817707192186	0.064987173757343	0.18549481096023338	0.08616853057935357	0.05989581570932995	0.06754648207462127	0.23415440137314658	0.13971460847405015
0.15703142955454436	0.03949787829569629	0.2049147030424346	0.10425724977870202	0.05987399104607141	0.051174492209259154	0.23462510691373947	0.14862514915955247
0.16702390220766386	0.040242514562785284	0.207504852767052	0.08175143922473523	0.04495543575689037	0.08531338277857758	0.22792452112958106	0.14528395157271437
0.16397734575287237	0.05152077798355498	0.19858782412394863	0.10705233983510504	0.047090067699657456	0.08671189679167823	0.21617048833554542	0.12888925947763769
0.1674423280252931	0.05886358915509908	0.21059310984573382	0.109887963530809	0.03967904538063585	0.05066189181637161	0.23011958494385054	0.13275248730220676
0.170282585836373	0.03436991676681049	0.19046795398558514	0.10518664767784343	0.037214187760986575	0.09007646059479936	0.22417504992442777	0.14822719745317403
0.16161359977284667	0.04689017588157211	0.19271750632927886	0.07506965084728631	0.0587418059679637	0.07375882670726672	0.24388069911600704	0.1473277353777783
0.16444379428863387	0.062767532277959	0.19579849695281593	0.09394120310890194	0.04152413960100204	0.07153346873987176	0.23501851413988384	0.13497285089093142
0.1661211950332419	0.07063768336426482	0.19809074118075093	0.09696702153184425	0.05234939839477967	0.05198766650834058	0.2300521604542654	0.13379413353251224
0.16595321911855382	0.03534936237140525	0.21143751072614403	0.10955768539693182	0.03980401431994671	0.061779662248357875	0.23689467416703924	0.13922387165162103
0.1553275572158524	0.040364251985587796	0.18658513148075262	0.11348981663584638	0.039364232256642984	0.07997193016649246	0.23849250849527773	0.14640457176354746
0.16489729507833933	0.03663453833979516	0.2105625746661821	0.07656582490387802	0.060298840017873806	0.07013246584415758	0.24123873667407006	0.13966972447570372
0.1603075830612778	0.06862715116783114	0.1915615538708555	0.08414329905807602	0.053031709037700395	0.06861494634975193	0.23062379570211827	0.1430899617523888
0.17199060050480447	0.0404634019985594	0.1871940884323393	0.12101661258472315	0.04013174412831372	0.09597987431278286	0.21418920379499878	0.12903447424347805
0.1533825006825273	0.04638721576621449	0.19499386765044605	0.09971820708196813	0.06658933979270582	0.07102678869242883	0.2334972444371176	0.13440483589659158
0.15268511969177503	0.05623365197422754	0.18730231082321308	0.08245617536432708	0.04971315477745926	0.10057634064973243	0.2229119184883442	0.14812132823092108
0.1633277795192559	0.034938639386632026	0.17822803055944372	0.11535148997556245	0.06880083901338085	0.07759230972788145	0.21842502981518652	0.1433358820026569
0.15410357685412351	0.04298407214286755	0.20656888790335876	0.09554563084189313	0.05041727763894546	0.09353581739999944	0.22899566115571468	0.12784907606309726
0.1597856851854569	0.05874963150183446	0.18155860432393328	0.09432071619173227	0.06790918989306505	0.0667962601804741	0.22841897384434115	0.14246093887916256
0.17128222398300236	0.04502470253750997	0.18846623109149996	0.10110950365316007	0.04754366031765063	0.07776837889539043	0.23557355609161407	0.13323174343017233
0.1662572606717852	0.04082360203702466	0.18460280131981682	0.08653761974327018	0.05097005054731936	0.08429425088745361	0.24014007802979656	0.14637433676353337
0.1549398622333131	0.04592353895726728	0.18526222889849864	0.11344183807308839	0.06775279758259953	0.06127576992415515	0.2432779320275667	0.128126032303511
0.1720188230322482	0.05858537836025003	0.19345236421226092	0.08537506829955108	0.055944720363824654	0.060474442116915175	0.23763376809195103	0.1365154355229987
0.1701113953349525	0.0569701952992506	0.20591934364580483	0.07689117513614319	0.048779412659794075	0.07455906892217301	0.2331879957025585	0.1335814132993231
0.16718104138466766	0.06024943923596873	0.19226345949174467	0.10297436468499219	0.039832803442498635	0.08509092644631895	0.21282365328758884	0.13958431202622007
0.1751822092875726	0.045790544685603854	0.19838636397167098	0.0858220531159086	0.0544795208154604	0.07602042268795386	0.231371812039631	0.13294707339619843
0.15855671066898688	0.05765596215762113	0.18311454445263786	0.08269111865204652	0.06348847640561221	0.08029773270939357	0.23538177619376444	0.13881367875993714
0.16286977359110494	0.033548396853306586	0.18693799509411704	0.09869657355869649	0.059739496323001864	0.08107313832375687	0.2391813548740915	0.1379532713819245
0.16072137497753947	0.047791491388297566	0.1860012037362872	0.08967934122040017	0.050425335655493744	0.10071684602544047	0.22871218751406175	0.13595221948247943
0.17290061881056776	0.06420444869336783	0.19878235515473347	0.07931947685864706	0.0631574132586329	0.06828403165797585	0.22261464491473518	0.13073701065133975
0.15754050567923789	0.06528466122496333	0.19489903788331261	0.0713764537404823	0.06377071195222525	0.09185200848627836	0.22306361569725786	0.13221300533624214
0.1606098375486506	0.07216393389974736	0.215710872289362	0.07885830100543892	0.0505190244204944	0.059260860437416935	0.22164170621051538	0.14123546418837413
0.17358748420339618	0.07017482622162205	0.183309702236242	0.10371852746546956	0.04486633328846186	0.06541618564300727	0.21717210053226976	0.1417548404095311
0.17244044894826416	0.05064643316245977	0.20260346661066264	0.0963178886934069	0.03762991963725343	0.07506830572433831	0.22196328535345072	0.14333025187016377
0.17105231761885994	0.04765372392137865	0.1982439900253105	0.1048218744254732	0.05890069112085966	0.05709449893986342	0.22729912095661686	0.13493378299163752
0.17085621791658634	0.05774404345457307	0.1800737672504347	0.06940520024020186	0.06651907602153775	0.06424294425160093	0.24538476016593191	0.1457739906991332
0.17470726820993882	0.03874228632940982	0.18437929711751175	0.10491313207469112	0.0505658393542785	0.07906588840931461	0.2229808548511417	0.1446454336537135
0.162378796077059	0.053359586177372464	0.1894181090152663	0.08111754580134604	0.06870193295882562	0.08173446776002272	0.21600413243280442	0.14728542977730322
0.17473673206360052	0.06655966105699371	0.18776547102995175	0.0777132948009639	0.05627475110909526	0.08051429686893552	0.21170646579565308	0.144729327274806
0.16523732700504995	0.0586866084580288	0.20591405778847321	0.09479694998692957	0.0685896548857505	0.06210342910838837	0.2129170301368822	0.13175494263049717
0.16767505130447619	0.04525958460179477	0.1917441320903352	0.09874868691750449	0.05297127341265172	0.09132392820336127	0.2143634822981235	0.13791386117175267
0.1703029604250506	0.07291738594441352	0.18380168292320662	0.08642173962294	0.0606459317589004	0.07942374728107215	0.21139142894291	0.13509512310150648
0.17276050995052053	0.03767758710901421	0.1905996911550302	0.10505366485019457	0.05913517946727927	0.0680184122308499	0.21911627586640128	0.14763867937070982
0.16943554951017625	0.04930933537864983	0.19069980614921955	0.0793986848604531	0.0540098644445917	0.08897529079396746	0.23561180442090435	0.1325596644420375
0.16477674803257525	0.036794383521836366	0.1825714752149436	0.10888337958578423	0.05726150482069234	0.08406263167008643	0.2319773545821062	0.13367252257197537
0.16453700398122184	0.0595367479639974	0.206363368179026	0.06741947221640197	0.03942596580901987	0.10242973407404447	0.22414302609008796	0.1361446816862002
0.16029745507894502	0.033681076011208316	0.21570300987649332	0.10229956565548282	0.05332239789443059	0.0896997584953668	0.21027769025595877	0.13471904673211418
0.17095104190220428	0.05260546796635637	0.19709076338114853	0.08011214644141706	0.03979234089752759	0.09513981074369099	0.22617054504209175	0.13813788362556317
0.17096217033866615	0.0692299549475817	0.18964630818612702	0.11793295054050314	0.03709128242023435	0.06467022077077698	0.2138078587068684	0.13665925408924204
0.15382057330959092	0.04898391820993514	0.18445633645666298	0.08643020153616959	0.047667983829333266	0.09315437652333255	0.24119314106884288	0.14429346906613238
0.15710922729274748	0.034647550571339156	0.2101834343764286	0.09313783890054131	0.0560343014044692	0.06941743842447391	0.239897793617305	0.13957241541269508
0.17607166104329092	0.04738247171012011	0.2030163454172953	0.10112995200274874	0.03627561495496327	0.05260994082868224	0.2350600957309804	0.1484539183119188
0.1699224434413145	0.06843622135220712	0.2063709944973122	0.06689048745683819	0.062052507652737524	0.05384350805588907	0.23646830536087327	0.13601553218282791
0.1702932064399349	0.051148346502102496	0.19025321422925084	0.10340774464302759	0.0474055401751487	0.07710641326025378	0.21055617281920141	0.1498293619310801
0.17163166224966578	0.06200755948659553	0.18609442938033324	0.11787154693432123	0.04036810618044895	0.07758576209432008	0.21519490365094185	0.12924603002337312
0.16504590892979576	0.057338612216305096	0.19664917185252828	0.06815598803435212	0.06935522149094014	0.0725241107744812	0.2240220901437059	0.1469088965578913
0.1605938853019598	0.03837069774492509	0.21055129145655682	0.09464644560650175	0.049726780501243836	0.08748614323509596	0.2285470693688042	0.1300776867849123
0.16272022456966737	0.040863055268391985	0.2062772295525625	0.11328321316273894	0.03834986438496961	0.0545603079492928	0.24295618282782713	0.14098992228454943
0.17627792023892885	0.041075686503017586	0.20095115272707087	0.07586551010607773	0.05404575266724264	0.07947416539126542	0.2295875989122733	0.1427222134541234
0.15939852061002513	0.038281845423819044	0.19158460558902696	0.10018482540601754	0.04174665283058637	0.09125432638072414	0.24227813191124623	0.13527109184855426
0.16988212086593474	0.051606731959246074	0.21369179636840346	0.09282965704574611	0.05299684226505025	0.07436555199008868	0.21542376362571491	0.1292035358798155
0.15213674389769688	0.045238288998487836	0.18834637043746452	0.11790925112358717	0.05418266600015523	0.075775238595883	0.22230120942888212	0.14411023151784297
0.15504798528029093	0.047574276091148615	0.17922412892818834	0.07374983365221821	0.06142942529183222	0.0902441805041562	0.24502810484023843	0.14770206541192682
0.15819455090762252	0.06057276233092125	0.20582162910152624	0.06917518619131725	0.05648518854032582	0.08794543136588182	0.2126075492013197	0.1491977023610852
0.1534392983793525	0.04447891528398262	0.20798043749870165	0.1147257349974329	0.04228910782082397	0.0704207434620562	0.22568012474711774	0.1409856378105322
0.1586890552875881	0.0713703632011789	0.211882735286337	0.10841443282899532	0.036259242200589153	0.05410049967082951	0.2091402849356146	0.15014338658886725
0.16192548332992568	0.06411227997478144	0.2086937927483688	0.09936835947939134	0.036834690612610924	0.05529097477772951	0.2334267354499202	0.14034768362727185
0.15426283449379372	0.059766603682116184	0.18156247347136933	0.09562122281672775	0.06605971010649021	0.06944345790267789	0.22961768786044356	0.1436660096663811
0.17289908170856774	0.03598447713770249	0.18296293522240803	0.1117383141274751	0.04434042748977825	0.0951642665987606	0.21624571323138658	0.14066478448392095
0.16547799602992608	0.05451886591816933	0.21185122696086933	0.07799905286134767	0.044127104203103576	0.0835240441873508	0.23241868171894997	0.13008302812028302
0.17268140099670554	0.036860659972013474	0.21018719028676155	0.07879129993781386	0.037328919264509305	0.08970070183507539	0.23633789925885443	0.13811192844826617
0.172922504939524	0.03722275632834114	0.21171501119348332	0.07580269035051274	0.051483962519820875	0.08782072960191276	0.2288160372804094	0.13421630778599555
0.15774472682346416	0.04450267331675162	0.19315134871480283	0.12225451646095915	0.042122338668777334	0.07408852252920334	0.21603675287958163	0.15009912060645975
0.15812024757288123	0.05818454119273177	0.18558387244761684	0.11914531353035315	0.04978859502749934	0.06404681787886596	0.23280555941750897	0.13232505293254254
0.15772067463252282	0.05393100211385213	0.19222242074127027	0.06865491413730929	0.05690905947305429	0.10327781391371936	0.22604965504746483	0.14123445994080677
0.16496927442067577	0.04419720101196102	0.20258323701683467	0.09257126600127862	0.06802755927306563	0.08273321748671156	0.21884684669655596	0.12607139809291656
0.16157872133440826	0.0636747181350519	0.2053303795570009	0.10408282776356197	0.03901428448323925	0.05384379005353776	0.23988126342319713	0.13259401525000256
0.15276699320986964	0.057371203904837326	0.19114839238928633	0.09904393949933896	0.05464376115075613	0.06123269766913865	0.24555566453581118	0.13823734764096152
0.16213204300798123	0.05134431722942451	0.18388802289785405	0.09192835159557897	0.05565154434976406	0.09945813857585278	0.2236581829527098	0.13193939939083432
0.15548564018730404	0.044281956922978094	0.1922876647389435	0.09970078091982015	0.06814557033899277	0.09461154005428896	0.21319892414629515	0.1322879226913771
0.16151179566503335	0.04711308055795302	0.20194978155025117	0.0746854299192295	0.05823190712947596	0.08034376869596921	0.22700057505041682	0.14916366143167076
0.15454588633286098	0.04203345317528155	0.20525052505446487	0.0965034645269592	0.057347612518708166	0.0865050139217892	0.21138161287549162	0.14643243159444413
0.1636410706501467	0.036472930207239934	0.20000319252266213	0.07981554921981539	0.045872177396186584	0.09404513709945721	0.2391424862388212	0.1410074566656706
0.16248590580894717	0.060461159111642904	0.21193679604823767	0.08237394646105714	0.04635629537764904	0.06713670224738252	0.22446062154437907	0.14478857340070428
0.16541225849207025	0.05897433508895053	0.19659803204926288	0.11138195796030406	0.06522450129378271	0.05597107775084724	0.21247661291324024	0.13396122445154185
0.1701063153810442	0.05396233655066199	0.18236220899833283	0.11723025028778658	0.058496894991725806	0.06773251804496536	0.21883507153094112	0.13127440421454198
0.15783677046598601	0.05546514215582987	0.1842072402681939	0.08075532871011401	0.04769913040351105	0.09364383970895906	0.24489396763091997	0.1354985806564859
0.17177233615576754	0.034284094813035015	0.21080794907682354	0.0840036991188288	0.045449880901083706	0.07837889289490377	0.23471372104151003	0.14058942599804736
0.15678185693997804	0.040691834736792123	0.20957525036122768	0.11256079689377975	0.0404439484535664	0.08871181189705601	0.2222268515672651	0.12900764915033464
0.162402739737048	0.044741750720186144	0.2109348700007075	0.09280622927606372	0.05875824824865282	0.07410105845057574	0.21693847498581448	0.13931662858095142
0.15392686445709827	0.04387170573879695	0.20561425114727094	0.09213424125081464	0.055369597475094234	0.06789225780957855	0.24130997874549232	0.13988110337585388
0.17207432810441767	0.047860301866124264	0.18438614695516092	0.06744030399351075	0.044724794607200524	0.09872020479510234	0.2357573072010214	0.1490366124774619
0.15598473154343062	0.04775921065484197	0.2044537121169709	0.11699960042817728	0.06254654101339796	0.05656140041369745	0.21298811147203567	0.14270669235744798
0.1669197287159192	0.046713805145027806	0.20558572736434172	0.10755805002057185	0.0631255420873757	0.050709079918193845	0.21403670989101736	0.14535135685755224
0.1556732707244621	0.04461119780612856	0.18439938018526164	0.09725612852195642	0.06618656300583112	0.060467128126119776	0.24177681929865363	0.14962951233158653
0.16011828965047772	0.06260945587467205	0.17816356395029437	0.10030420831856252	0.05321788446210175	0.0780893213466407	0.23250613573633902	0.13499114066091164
0.1699897237787562	0.03799489875263738	0.19350329875440575	0.11845465891550311	0.054099870817716667	0.05839627691228853	0.21744237232012661	0.15011889974856552
0.16367171163018124	0.04032835624979528	0.19308363312060461	0.09307639861176425	0.0410566518481873	0.10541657272580959	0.2320609911962508	0.13130568461740666
0.170992647948764	0.04451550625587054	0.1817133891236266	0.08717090535331498	0.062344547347140136	0.10352525590937012	0.21705969289155622	0.13267805517035713
0.1755903361479486	0.035006866204117124	0.20592122345309133	0.08142511897450778	0.040969938563791	0.09109145436902809	0.22825417090629593	0.14174089138121992
0.16788107104613262	0.046377886714479205	0.19504704661144456	0.0838528159632787	0.05491527958504104	0.09032428998851312	0.23096577143948227	0.13063583865162826
0.1594388172691654	0.03531332486275507	0.2139263372421613	0.07950867080985703	0.044016181392854736	0.09776003632063758	0.23204655252811754	0.13799007957445114
0.17202990753082884	0.06976074473735043	0.2062365938394689	0.06887441359239767	0.05825617134544288	0.08174418588129026	0.21103021734810123	0.13206776572511952
0.15884391684414584	0.05777999735210229	0.1841561477523778	0.10753882784941815	0.043835012959957675	0.10549102860198548	0.21176968353232184	0.1305853851076907
0.16708822056704856	0.06842456024848627	0.20509123802393592	0.09493902879227478	0.054701485240864295	0.05059876606791551	0.22510554495770882	0.13405115610176563
0.17376737268492226	0.05650766225717048	0.21382998670604264	0.07111456528360488	0.051785155420680476	0.0812945044158824	0.20952460060032685	0.14217615263136976
0.17361696072352234	0.04930655865404898	0.2057772980232975	0.07871787031883953	0.043510202883991406	0.08854101478789936	0.2193090744675631	0.14122102014083757
0.17072586983920385	0.059626248987459385	0.18096124987682952	0.11174555567089825	0.06795863776668312	0.05850662320863771	0.2170647038255697	0.1334111108247182
0.1730449547559696	0.05559523800006182	0.18507468280005746	0.06675102760298726	0.03828598551444111	0.09700836922423361	0.23453541631471242	0.14970432578753654
0.1713523700956269	0.05458049636551569	0.1842958907113222	0.09729479973151986	0.03826699366087431	0.07254484229067779	0.23259052957419388	0.1490740775702691
0.1540293636914414	0.07131575746188258	0.19433135480393338	0.09646211431746855	0.05197347270262699	0.072186403226387	0.22239460121583987	0.13730693258041995
0.17052431397808077	0.05976141347019538	0.18327083731494417	0.06772526421186487	0.047631827259508486	0.09297976794621987	0.22998584832692695	0.14812072749225924
0.17035603200671762	0.04233440668483503	0.19429486365870802	0.11286767741300924	0.06106210993207771	0.059852159868085716	0.22142455374153702	0.13780819669502942
0.16416578448183095	0.06971752508568632	0.19200554047194995	0.08606447744954995	0.05459189997533272	0.07239737487340026	0.23416899915600753	0.12688839850624212
0.17171384823656843	0.06611395888635514	0.18025114220849048	0.08601215646788749	0.058555200134762245	0.09449495171258851	0.21684157168425586	0.12601717066909163
0.1545436494003886	0.07219677587135134	0.18327824538737802	0.07259023125745773	0.06860502621774255	0.07166347728061262	0.23426472009187288	0.14285787449319604
0.15313573802290462	0.045924041862277415	0.19786683706669722	0.07785861775509023	0.059744704570411436	0.08973787316922947	0.24401663730949863	0.1317155502438907
0.174488882326632	0.04558404815162602	0.20656638148215023	0.09805565948275158	0.037009149998402796	0.08086739559292896	0.2252140288546577	0.13221445411085045
0.1760162092640039	0.04349652029333334	0.1977977894711105	0.08947899495254621	0.05093331555736906	0.07950616756303135	0.23619016118881286	0.12658084170979247
0.15386538090279211	0.06859444888835237	0.17922880100939032	0.09106370380969074	0.05630258511934691	0.07348447377828213	0.24426725402298297	0.13319335246916225
0.15702258005164385	0.04492519429291017	0.18079128296393854	0.0852896431432723	0.06901109108856328	0.10513013025442743	0.22882478306652726	0.12900529513871697
0.15538986966899818	0.04759917421996987	0.19893411443702058	0.09369728625030452	0.06089685712332302	0.06840512414711178	0.23735792145748708	0.13771965269578473
0.1573835003095072	0.03629586903082031	0.213548079453623	0.11409732595782807	0.03971810757203523	0.07689102552197247	0.232918760514088	0.12914733164012554
0.15703691788825383	0.06750128625944324	0.21093855302591252	0.07779037210542251	0.05588114357541253	0.07816025226889159	0.21208412947963645	0.14060734539702713
0.16628553144062191	0.03635960234750729	0.1940289974686348	0.11747839754593609	0.0476003486332927	0.08009734439736355	0.2289009913791162	0.12924878678752721
0.1705370713629636	0.03923330598987067	0.19429748333066854	0.1118028809783567	0.04147730695147894	0.09805517245500756	0.2113679219975827	0.13322885693407102
0.16017829585235754	0.07241109362460074	0.1834526878227629	0.10430224998711304	0.06495551736346544	0.06297097445848251	0.21608752569060463	0.13564165520061297
0.15544414331629802	0.04170966342669773	0.19072872728830176	0.10173287593420609	0.047103071158184726	0.07914024052554823	0.2402957201285116	0.1438455582222516
0.16529393248307883	0.07243859530447527	0.20962870536860223	0.07926774323389651	0.043147623598532706	0.08259320069260709	0.21558045473468052	0.1320497445841266
0.16150739119029212	0.06577473757657781	0.19672358244969412	0.09039579027693073	0.03821136563558537	0.0647582563578678	0.2392220456435479	0.14340683086950387
0.17026420326390332	0.04414595213562768	0.21005107857468852	0.07772789371060812	0.04383578254323939	0.1023191035841251	0.2255919836338145	0.12606400255399314
0.17274221744007995	0.05153308635353071	0.21542717888792834	0.09918258581784527	0.045776645205719044	0.06772404214791342	0.21625502265681962	0.13135922149016346
0.16896042438584152	0.06678197921045985	0.19182573410781228	0.0906742018202371	0.0534915273612946	0.058625647213201154	0.2392562663705185	0.13038421953063475
0.16535715636893994	0.041847450621681354	0.20905226979427402	0.06607264822591338	0.05125807712417882	0.09314769413911253	0.22739779692786055	0.14586690679803913
0.15355497021194509	0.05597447129654323	0.1832772404921963	0.07716736853205405	0.04876066701432759	0.10420963742800088	0.23051243360382534	0.14654321142110732
0.16354284009247208	0.05953992729996385	0.18789996427280656	0.07170304139160244	0.05026173998537209	0.08787452436505452	0.23934374773094055	0.13983421486178774
0.1726916724371459	0.04169535848223867	0.1847633406116391	0.099210521865085	0.056328975686313135	0.07637974032212237	0.21892568931091064	0.1500047012845449
0.15484188752695796	0.054713315011130165	0.21346767688220175	0.09074194333655797	0.06247032312418378	0.06980041661017997	0.22761454328447184	0.1263498942243163
0.16823623542731436	0.049808220056546074	0.1971763568154154	0.08251997143115682	0.051514777122557226	0.1043521977401425	0.21263246300181576	0.13375977840505165
