0.153633976220189	0.38508764294366765	0.4612783808361435
0.15392695613309848	0.38478329269398115	0.4612897511729205
0.15386741471354098	0.3846067005686802	0.46152588471777894
0.15374594871231897	0.38557017951925393	0.4606838717684272
0.15362928706431905	0.38582486705553654	0.4605458458801446
0.15363743185785694	0.38578363763014045	0.4605789305120027
0.15384400190478847	0.3845745116152029	0.46158148648000874
0.15362516573982	0.38543277180679436	0.46094206245338576
0.1538129903767742	0.3849544067486807	0.4612326028745452
0.15398419418701642	0.3844138677793838	0.4616019380335999
0.15367245331822904	0.38464024689371706	0.461687299788054
0.15394643937918573	0.3847693143437473	0.4612842462770671
0.15412437979820814	0.3843375989060197	0.4615380212957723
0.1535755603036431	0.3849707374018505	0.4614537022945065
0.15407827495976092	0.3844792897619592	0.46144243527828
0.15393707250602562	0.3845289073862668	0.46153402010770767
0.15360830897209174	0.38480026814817786	0.46159142287973054
0.15361584349131283	0.3846872605656045	0.46169689594308283
0.15361606322188445	0.3858631783351013	0.4605207584430143
0.1536244396039683	0.38442340043359924	0.46195215996243255
0.1541059260186901	0.38479123041880037	0.46110284356250963
0.15369753998436025	0.38499096628177676	0.46131149373386304
0.15403326653834906	0.3844926176471596	0.4614741158144915
0.15399289484789475	0.3855256761617022	0.46048142899040323
0.15388647472961287	0.38443192390008596	0.46168160137030134
0.15366439254770728	0.3852663477137924	0.46106925973850044
0.15392722144802307	0.3850328141362218	0.4610399644157552
0.15385685295348084	0.38513620427863093	0.46100694276788834
0.1535791928469911	0.38491171027791266	0.46150909687509634
0.1538764834525078	0.38424933327030686	0.4618741832771855
0.15366228182709935	0.3853971760450779	0.4609405421278229
0.15396306585964672	0.3853030120308288	0.4607339221095246
0.15367124473522603	0.38584753701483143	0.46048121824994265
0.1539044481871351	0.38409031262145477	0.46200523919141023
0.15366427274277464	0.38454790275281286	0.46178782450441264
0.15403403956774364	0.3840045708270996	0.46196138960515687
0.15383758300113612	0.3842550667921899	0.46190735020667406
0.1535257646570065	0.3857133644832173	0.4607608708597763
0.15382962495992408	0.38568952304671744	0.4604808519933586
0.15381045395851234	0.3855961601320323	0.4605933859094555
0.1535628597454608	0.3855002795521928	0.4609368607023465
0.1535171080989114	0.38519216971368625	0.4612907221874024
0.15404328650537152	0.38529525289859756	0.460661460596031
0.15403469439254364	0.3852216356069162	0.4607436700005403
0.15374649390542644	0.38566928460259486	0.4605842214919788
0.15386635053676237	0.3851492739808682	0.4609843754823696
0.15403729312559777	0.38432925971388754	0.4616334471605148
0.1540573474211263	0.38506097892073826	0.46088167365813554
0.15412649473646803	0.38514485968888224	0.4607286455746499
0.15345590165231487	0.3850552418288958	0.46148885651878946
0.15356019909240443	0.3846156130742401	0.46182418783335566
0.1536417416866381	0.38439616834820467	0.46196208996515736
0.15410236418603293	0.3853430336827378	0.46055460213122945
0.15366184834716162	0.3845344672412042	0.46180368441163433
0.1538943270191063	0.38424170968211685	0.461863963298777
0.1537015936043704	0.38551122861336296	0.46078717778226674
0.1536766557862137	0.38586098213522424	0.46046236207856217
0.15386128345664668	0.384325672164414	0.46181304437893944
0.15406507006861953	0.3847206122611609	0.4612143176702197
0.15387434788510673	0.3854520369257807	0.46067361518911265
0.1538103772240682	0.38456494028216714	0.46162468249376476
0.15346584220606208	0.38549718101912644	0.46103697677481165
0.1539009658779105	0.38482108718765506	0.4612779469344346
0.153890926386129	0.3850747636992308	0.4610343099146403
0.15361583353308256	0.3843499196207993	0.46203424684611827
0.153899087983496	0.38402672125606674	0.4620741907604373
0.15372488547144625	0.3848795521201216	0.46139556240843227
0.15358116167279168	0.3852527124331116	0.4611661258940969
0.1539746790583935	0.38415395332517	0.46187136761643666
0.15389165837961818	0.385039637153173	0.46106870446720893
0.15360012599866857	0.38493720799434694	0.4614626660069846
0.1540158506993346	0.38434911691188933	0.46163503238877623
0.15397378491383076	0.3843340509713965	0.4616921641147729
0.15358902119176282	0.3853901527351052	0.46102082607313216
0.15405668283441287	0.38463797750230233	0.4613053396632849
0.1538855719858121	0.3848720901242991	0.46124233788988894
0.1537758139056673	0.3845743827686304	0.4616498033257025
0.1534873123763377	0.38550603586545185	0.46100665175821054
0.15358665816751654	0.38436532457206407	0.4620480172604195
0.15368880208231334	0.3849512654162596	0.46135993250142715
0.15388931605425554	0.38437460745636215	0.4617360764893824
0.1539225829048101	0.384095908150063	0.461981508945127
0.15390199658589954	0.38481344418921987	0.4612845592248807
0.1539015494241141	0.3851795626091432	0.46091888796674274
0.15382095070940427	0.38547976758993285	0.460699281700663
0.15371836529982252	0.38574524506116653	0.46053638963901106
0.1538994148641686	0.3850950549032362	0.4610055302325953
0.15372909250898278	0.38422256646145975	0.4620483410295576
0.15350078775991682	0.3853620956887945	0.4611371165512888
0.15362074900570888	0.3854228815667399	0.46095636942755136
0.1541341206834944	0.3843126733916431	0.46155320592486265
0.15364534862108903	0.3856129983536425	0.4607416530252686
0.15380924486867437	0.3843250863930606	0.4618656687382651
0.15371339334820822	0.3854001470055076	0.4608864596462843
0.15358174736982572	0.3844359139491034	0.46198233868107097
0.15407390521190079	0.38404353595380064	0.46188255883429863
0.15410111158131365	0.3853680196204411	0.4605308687982454
0.1536383741851504	0.38493700002829184	0.46142462578655785
0.15352912236801863	0.38514532030379844	0.46132555732818303
0.15357412488140848	0.38517576237472334	0.4612501127438683
0.15378968109943075	0.3846121924612704	0.46159812643929904
0.15361491864831806	0.38534717669162977	0.4610379046600523
0.1534757831223294	0.38574312008567535	0.46078109679199536
0.1534920654991429	0.3851369044900353	0.4613710300108219
0.15406441442665048	0.38428751260308525	0.4616480729702644
0.1535617510516939	0.38449744054707946	0.46194080840122675
0.1537264323332282	0.38569995754739417	0.46057361011937775
0.1540732699642156	0.38543346829943187	0.46049326173635263
0.15366960933915652	0.3857260096608828	0.46060438099996087
0.15377183425646773	0.38562717070860186	0.46060099503493057
0.1536734533101818	0.3854226561648343	0.46090389052498404
0.15376035476938216	0.38542441734182387	0.46081522788879403
0.15360737267457758	0.38459089001509256	0.46180173731033003
0.15360086770128364	0.38573648449522024	0.4606626478034962
0.15405219786253166	0.38509197951361945	0.46085582262384894
0.15412158145723753	0.38458548476691645	0.4612929337758461
0.15357275590974634	0.3850926731752769	0.46133457091497687
0.1538708815194789	0.38493394362693484	0.4611951748535864
0.15351639922924237	0.3848656984626214	0.46161790230813626
0.1535944246945503	0.38467601783392047	0.4617295574715294
0.15402272175206244	0.38444667237152497	0.4615306058764127
0.15405245405374846	0.38412309039858206	0.4618244555476696
0.15384240729519413	0.38535551537927215	0.46080207732553385
0.15374737286152135	0.38578805988475945	0.4604645672537193
0.1537064791952201	0.38497539107232676	0.46131812973245323
0.1540751281717545	0.3848248952448413	0.4610999765834043
0.153789108895718	0.385315949404497	0.4608949416997852
0.15376169394317707	0.3856288907628821	0.46060941529394095
0.15410274433007692	0.3854253764621346	0.4604718792077886
0.15377480909753355	0.38554225968723205	0.46068293121523457
0.1540241794115603	0.3853850823229828	0.46059073826545704
0.1539085780063075	0.38520457302527167	0.460886848968421
0.15350625515337427	0.3853718584407888	0.461121886405837
0.15347810449345548	0.38449945061451835	0.46202244489202626
0.15358988466799423	0.3847771218169318	0.4616329935150741
0.15377475595104073	0.3853489312762344	0.460876312772725
0.15367884654718797	0.38585034284843417	0.460470810604378
0.15385422824447298	0.38486453160462997	0.4612812401508972
0.1538162436823659	0.3851832010216298	0.46100055529600437
0.1537773136529863	0.38560100365876815	0.46062168268824566
0.15355936038884482	0.38479018861067876	0.4616504510004765
0.1534524286440171	0.385301921831698	0.46124564952428504
0.15383698533297124	0.3850737012092041	0.46108931345782483
0.1536497765123228	0.38478107461597505	0.4615691488717023
0.15394766149145217	0.38425339372705086	0.4617989447814971
0.15409583870641227	0.3843050175625681	0.4615991437310198
0.15375680467131303	0.38465737658660737	0.4615858187420797
0.1540457570982314	0.3849994257705234	0.46095481713124536
0.15388220348865758	0.3840600135227282	0.46205778298861433
0.15363160831859987	0.38480879908218574	0.46155959259921453
0.1538516923709578	0.38436784185856454	0.46178046577047777
0.1539720740780493	0.3842060253077653	0.4618219006141855
0.1536355995539934	0.3846638309719019	0.46170056947410487
0.1541203865832907	0.3842425073920576	0.4616371060246518
0.15382841076247056	0.3847347624710754	0.46143682676645414
0.15404398755377263	0.3841754748009525	0.461780537645275
0.15368005575978616	0.38433327964421066	0.46198666459600335
0.1537171621905447	0.384469231134995	0.4618136066744605
0.15393725960487956	0.38507119792664235	0.46099154246847823
0.1538222750855199	0.3843544283265144	0.46182329658796584
0.15382813276936141	0.3846719935955892	0.4614998736350495
0.1537249522540316	0.3847129819438569	0.4615620658021116
0.15375769354194985	0.3851873544275879	0.4610549520304624
0.15410455063086012	0.3840383307725655	0.4618571185965745
0.15397451032797682	0.384754294432777	0.4612711952392463
0.15379200639694457	0.38566865530935324	0.4605393382937023
0.1535745156013004	0.38468718166999805	0.46173830272870164
0.15345646199798868	0.38508566870381455	0.4614578692981969
0.1537546693649861	0.3844949767159539	0.46175035391906016
0.15399101283868843	0.3852395165406743	0.46076947062063744
0.15394149613104355	0.38448026245373224	0.4615782414152243
0.15359943584402683	0.38489182975472	0.4615087344012533
0.15396694123295437	0.3841079271373677	0.4619251316296781
0.15389051733141068	0.38557964456382593	0.46052983810476356
0.15379953890208503	0.3856082125435536	0.4605922485543615
0.15355405372525655	0.38455933996841857	0.461886606306325
0.15386226872047104	0.3842357901465276	0.4619019411330015
0.15374364031143628	0.38449472024928893	0.46176163943927495
0.15396913786230565	0.3843707066913385	0.46166015544635597
0.15383749138044087	0.38548379178965486	0.4606787168299044
0.15365675817639118	0.38517236379101694	0.461170878032592
0.15379507786758606	0.3849287067827812	0.4612762153496328
0.15391616280649634	0.38439721387728387	0.4616866233162199
0.1537295781293201	0.38436183745373936	0.46190858441694066
0.15350110426754804	0.38511865797525324	0.46138023775719883
0.15380549526127463	0.38495218673555076	0.4612423180031747
0.15360450191561323	0.38569828879896706	0.46069720928541985
0.15393757782835413	0.3853820572619945	0.4606803649096516
0.1536634994825692	0.3846850331631657	0.4616514673542652
0.15403942059585146	0.3841230176240934	0.46183756178005525
0.15395982232735916	0.38472866560378527	0.4613115120688557
0.15388807650270506	0.38543560119129744	0.46067632230599764
0.15377130499838443	0.384913039574625	0.4613156554269907
0.1537793575940773	0.38444908908245445	0.46177155332346836
0.1535221492922615	0.38550415474682925	0.46097369596090937
0.1538606039934616	0.3854729069650575	0.46066648904148105
0.15360117795477796	0.38529936004490295	0.46109946200031915
0.1536849689996619	0.3847654830335135	0.46154954796682474
0.1535909008260946	0.3855001829320711	0.4609089162418344
0.15406603910279018	0.38494707175897197	0.46098688913823793
0.15369845511459337	0.3850778434480181	0.46122370143738867
0.15371213185412835	0.38500281944166753	0.4612850487042043
0.15405496100987426	0.38460956390200696	0.4613354750881189
0.15383342142298617	0.38451255855097943	0.4616540200260345
0.15355438294222223	0.3848913206229468	0.46155429643483115
0.15404888844038717	0.38470416695419224	0.4612469446054207
0.15355592541759844	0.3854367721550114	0.4610073024273903
0.1536585717005324	0.38507191276420394	0.46126951553526374
0.15360952013115475	0.38530211370633993	0.4610883661625054
0.1535472895628056	0.3853486431048215	0.4611040673323731
0.15364979430649656	0.3850238776111739	0.46132632808232965
0.15355710100355527	0.38540300474113176	0.4610398942553131
0.15354658503052387	0.38441632503769696	0.4620370899317793
0.1541009539889464	0.3841868679186552	0.4617121780923985
0.15347776390996581	0.3845638106094121	0.46195842548062227
0.1539167436219625	0.3850078358987311	0.4610754204793065
0.1535862782921799	0.38486494195814697	0.46154877974967323
0.15386109978423632	0.38416528464600413	0.4619736155697597
0.15412891152772784	0.38412020542583636	0.4617508830464359
0.153565325545023	0.3846869867991676	0.46174768765580954
0.15367275360120647	0.38550123852902407	0.46082600786976957
0.15354896289265776	0.38532335858114275	0.4611276785261996
0.15391203799676995	0.3851333581302175	0.4609546038730127
0.1537903153433577	0.3853933972418325	0.4608162874148099
0.15369970539971933	0.38554871878336217	0.4607515758169186
0.1539938224555946	0.38435118171887456	0.461654995825531
0.15391715502922831	0.38420611154625667	0.46187673342451513
0.15372169392465385	0.38474159903286886	0.4615367070424774
0.15410386966115003	0.3847292777634908	0.4611668525753593
0.1541281769334753	0.38472313525067453	0.4611486878158503
0.1535109946271119	0.3850058599007519	0.4614831454721363
0.15389605641577364	0.3854506220660386	0.46065332151818794
0.15345356277195937	0.3853880386217349	0.46115839860630586
0.15366742475315623	0.38508598003600164	0.46124659521084227
0.15399140088855945	0.3842162745676827	0.46179232454375796
0.1535235931405105	0.3847359195196313	0.4617404873398583
0.15410183644285896	0.3849951926046546	0.46090297095248656
0.1540247622869811	0.3843865527945935	0.46158868491842553
0.15389953969369963	0.3847516563867691	0.4613488039195314
0.15354270796747221	0.38523636407478795	0.46122092795773995
0.15353281465495533	0.38464181858553403	0.46182536675951075
0.1537838934786131	0.3855043582178384	0.4607117483035486
0.15402673526587102	0.3847245273981408	0.46124873733598837
0.15389161265263895	0.3855359896383997	0.46057239770896147
0.15378037896260788	0.38484697765473463	0.4613726433826576
0.15383958138589976	0.3854396915143135	0.46072072709978684
0.1537998719856929	0.3844711595413457	0.4617289684729615
0.1535293104055669	0.3845869851798864	0.46188370441454685
0.15390048890660651	0.3847571024301176	0.46134240866327597
0.15355317776970012	0.3850933924480251	0.4613534297822749
0.1534923037439645	0.38563606352498675	0.4608716327310489
0.15410599799528393	0.3849064923087499	0.46098750969596625
0.15409076097882718	0.3854278789119159	0.46048136010925705
0.15354515535128385	0.3846880900891251	0.46176675455959115
0.1538422387043232	0.3840806646921031	0.4620770966035738
0.15353015834831757	0.3850436882442426	0.46142615340744
0.1538882732694841	0.3841343211366475	0.46197740559386846
0.15384235678835181	0.3849199009447271	0.46123774226692116
0.15377174527612003	0.38459252376538444	0.46163573095849564
0.15371677154309926	0.38530382653914325	0.46097940191775755
0.15375369455375956	0.38571140876228993	0.46053489668395065
0.15394099965654107	0.38522337192467604	0.460835628418783
0.15409494794114265	0.3851503479645268	0.4607547040943307
0.15379009108493807	0.38539074510278504	0.46081916381227706
0.15377367127830355	0.3844801582588787	0.46174617046281785
0.1540230048663122	0.3844711633781679	0.46150583175552
0.15403108640135454	0.3845357881963645	0.461433125402281
0.15351530852980177	0.38564035632847615	0.4608443351417222
0.1535051651834163	0.38502682272270766	0.4614680120938761
0.15352610114377355	0.38574941963044007	0.46072447922578647
0.1536501989384158	0.3850964520647504	0.4612533489968339
0.15402575669754945	0.38449099654900604	0.46148324675344465
0.15367018624478213	0.3853696685343364	0.4609601452208816
0.15389891268460434	0.3842837592601819	0.4618173280552139
0.15352811055125687	0.3845765164612783	0.46189537298746497
0.15409303519693607	0.3851615212243691	0.46074544357869496
0.15383341980530604	0.38540435062747647	0.4607622295672176
0.1538238366404323	0.38418804138330087	0.46198812197626693
0.15380730917974833	0.38550185636531664	0.4606908344549351
0.15379213611968465	0.38540200594873475	0.4608058579315808
0.1541283039685194	0.3848672967982267	0.46100439923325404
0.15381875276306234	0.38468455296064985	0.4614966942762879
0.15355397090620077	0.3855536164038741	0.46089241268992526
0.1539580881156058	0.38542930920566343	0.46061260267873083
0.15393160006237916	0.3853023924969615	0.46076600744065943
0.1540434288548274	0.3852521837070948	0.4607043874380779
0.1538353475020948	0.385380838900472	0.46078381359743337
0.15406084917352797	0.3852382026434786	0.46070094818299356
0.15405680662499494	0.3851381362362105	0.4608050571387947
0.15363393940052694	0.3856804930587442	0.460685567540729
0.1538298516807923	0.38558836662244145	0.46058178169676633
0.1536892348887432	0.38433147892379926	0.46197928618745765
0.15366425521754024	0.38429114894670247	0.4620445958357574
0.15376332795120756	0.3855580986173539	0.46067857343143864
0.1536691088507003	0.385844505270039	0.46048638587926083
0.15368384442412936	0.3846285661103084	0.46168758946556243
0.15388613579609525	0.38418721666554795	0.46192664753835694
0.1535934381167774	0.3843626595915086	0.4620439022917141
0.15345296666812636	0.3846447587911405	0.46190227454073324
0.1540608756625771	0.3840745891604473	0.4618645351769757
0.15370000080790203	0.3855198734737037	0.46078012571839444
0.15394716514261694	0.38505376026578664	0.46099907459159656
0.15368577493831187	0.38478827514903846	0.4615259499126497
0.15371367571057112	0.3853193296520624	0.46096699463736657
0.15392236570935314	0.3840813538030252	0.46199628048762176
0.15364128075300582	0.3851128574082745	0.46124586183871985
0.15352545731830258	0.3847835804499504	0.4616909622317471
0.15410647875289918	0.38465542195556895	0.46123809929153203
0.1537221954747775	0.38480874915922586	0.4614690553659968
0.15380580440900388	0.3850642363906395	0.4611299592003567
0.15346421458240211	0.38569487563657856	0.46084090978101944
0.15402070875632534	0.38545492360053024	0.4605243676431445
0.15355333809932661	0.3854309327388213	0.4610157291618522
0.15398325573463978	0.384047911775456	0.4619688324899044
0.15397159704101437	0.38518362528025996	0.4608447776787258
0.15400018773388444	0.38530914764146984	0.4606906646246458
0.15355030606876463	0.38499449524813273	0.4614551986831028
0.1537628102860828	0.3850453336912219	0.4611918560226954
0.15357544249893929	0.38453090071969004	0.46189365678137084
0.15382311568430534	0.3843895085867024	0.4617873757289924
0.1541219012906323	0.38433406917643886	0.46154402953292895
0.15406921582502356	0.38467537514829914	0.4612554090266774
0.15363576439521195	0.3850018917080403	0.46136234389674785
0.15379860371992876	0.38453118221049504	0.4616702140695763
0.1537174613409092	0.3851276355693947	0.4611549030896962
0.15373071586569015	0.384402073597758	0.46186721053655194
0.1539136007566141	0.38536780262072406	0.460718596622662
0.15397510957313937	0.38507153209990386	0.46095335832695694
0.15401350823093063	0.3850020416720124	0.4609844500970571
0.15369291678960195	0.3853226641031497	0.46098441910724847
0.1535810903429271	0.38513932850225435	0.4612795811548186
0.1539742819856875	0.38449558860163036	0.46153012941268223
0.1537396175598022	0.3853443260499616	0.4609160563902363
0.15385531496318244	0.3844709365229672	0.46167374851385046
0.15402693155431824	0.38489562160034396	0.4610774468453379
0.15346332676347266	0.38483688103436886	0.4616997922021586
0.15353575482841395	0.3846864454123414	0.46177779975924477
0.15400656816109912	0.38439638500770423	0.46159704683119673
0.1538244682589036	0.38558610975657176	0.46058942198452474
0.15345330686220893	0.38559717456498777	0.4609495185728034
0.15355408213413985	0.3856441617067852	0.46080175615907504
0.15394491144979594	0.38404257599864744	0.46201251255155673
0.15394765779321262	0.3854987860623954	0.46055355614439214
0.15385465542220425	0.3845598861770192	0.4615854584007767
0.15358855528174975	0.3843537197644694	0.46205772495378095
0.1538537876707231	0.38431926275689515	0.46182694957238185
0.15395900506559154	0.3848607720346858	0.46118022289972277
0.1538550393873851	0.3848069706855949	0.46133798992702013
0.15394534410840893	0.3845190355830688	0.4615356203085224
0.15357535471913886	0.3846784741640835	0.46174617111677774
0.15406145083681194	0.3846481005210261	0.46129044864216207
0.1537091685122211	0.3850947800257739	0.46119605146200504
0.15397373958255844	0.38424537694258776	0.4617808834748539
0.15365498988817955	0.38468553084749224	0.46165947926432827
0.15361723046141346	0.38513946933002985	0.4612433002085568
0.15366427579073905	0.3857901108150373	0.4605456133942238
0.15356331513317537	0.38575016137029094	0.46068652349653383
0.15392372110520383	0.38442879698393606	0.46164748191086025
0.1538099875789824	0.3852733250370336	0.46091668738398406
0.15373018596191496	0.3858059980485196	0.46046381598956554
0.1537368700945942	0.38568005620928947	0.46058307369611645
0.1538243875949628	0.3843129768077339	0.4618626355973034
0.1536642508907896	0.38477132022976535	0.46156442887944515
0.15399138664103817	0.3854931493735343	0.46051546398542764
0.15353677507187038	0.38565148504728	0.4608117398808498
0.15396621737046734	0.3840223866847246	0.4620113959448082
0.15396109818214493	0.3851682573919844	0.4608706444258708
0.15356106754745452	0.385399284068647	0.46103964838389866
0.15348245604030214	0.3857202048119175	0.4607973391477805
0.15370563395349524	0.3850201912860594	0.4612741747604455
0.1539732408236695	0.38452119396985524	0.46150556520647534
0.15395343419710739	0.38475102338298345	0.4612955424199092
0.1536827485950495	0.3844259908256053	0.4618912605793454
0.15356302000400018	0.3844507335419153	0.4619862464540847
0.15400580626469992	0.38465161516140794	0.46134257857389227
0.15361639652936782	0.38566025669603077	0.4607233467746016
0.15353844473296727	0.3854507744421557	0.4610107808248771
0.15410064107246702	0.3848219649255468	0.46107739400198633
0.15400248206157077	0.3848881406405459	0.4611093772978834
0.15385288264747793	0.38417373117989523	0.46197338617262695
0.15355130838309766	0.3846969286913944	0.4617517629255081
0.15408124535349324	0.38434845359695324	0.4615703010495536
0.15404078377820482	0.38526885428985475	0.4606903619319406
0.15406859054070238	0.3843435347166606	0.4615878747426372
0.15394203783964228	0.3853301209766649	0.4607278411836929
0.15393842985928813	0.38528890737150917	0.4607726627692028
0.15397465841038876	0.38548561111223706	0.4605397304773743
0.15346314785568732	0.3856553178321636	0.4608815343121492
0.1536923479792072	0.3849178947334681	0.4613897572873248
0.1539643392131041	0.3844080020109283	0.46162765877596773
0.1540058244345639	0.38506953928080856	0.46092463628462765
0.15378477134685706	0.3849845561350618	0.4612306725180813
0.15348200987112542	0.38552689546078595	0.46099109466808874
0.1537204445059263	0.3857294161758741	0.4605501393181997
0.15380777562810655	0.3845107981063506	0.461681426265543
0.15370400906440707	0.38535984566967135	0.46093614526592164
0.15364346105213267	0.38495628017179806	0.4614002587760694
0.15351145217365497	0.385682996090582	0.4608055517357632
0.15376361966516733	0.38563486403692304	0.4606015162979098
0.15403545056089607	0.3850459392279916	0.46091861021111247
0.15386789094084297	0.38461199454254597	0.4615201145166112
0.15397364140181316	0.384353232934093	0.46167312566409396
0.15372991897993646	0.38549244686697126	0.46077763415309236
0.15366907742098906	0.3855432261223278	0.46078769645668327
0.1537074024883279	0.38569479830795245	0.4605977992037198
0.15413498440268705	0.38532477638900414	0.4605402392083089
0.15387785664882364	0.3852986658389245	0.46082347751225194
0.15376092853545054	0.38532041655331384	0.46091865491123574
0.15372493354508274	0.385446206463254	0.4608288599916634
0.15355796129395088	0.38522171029148244	0.46122032841456684
0.15379822534045684	0.3841822666444901	0.46201950801505315
0.1538540244992772	0.3843598257528614	0.46178614974786153
0.15364506792907107	0.3842739199628449	0.46208101210808417
0.15398059372588552	0.38439706367702553	0.46162234259708906
0.15353011205043235	0.38485300817640455	0.46161687977316324
0.15362727519163993	0.38511253525691336	0.4612601895514468
0.1539281934852097	0.38518106050725986	0.46089074600753055
0.15383794034619142	0.38434697916096106	0.46181508049284764
0.15388495641134048	0.3843120109028459	0.46180303268581374
0.15390111914181254	0.38551419824298416	0.46058468261520347
0.1541313024725981	0.3853594975167154	0.4605092000106867
0.15396886764654488	0.38427793247341785	0.4617531998800374
0.15370542182754926	0.38530525688472966	0.46098932128772124
0.1537447154670081	0.38520591654238495	0.46104936799060703
0.15369013264579867	0.38485727866697855	0.46145258868722294
0.1536750745707727	0.3851665202636358	0.46115840516559164
0.15403379229386555	0.3854188781970254	0.46054732950910915
0.15359817713619067	0.3844024818483647	0.4619993410154447
0.1539039769604726	0.3846893793546752	0.46140664368485235
0.15401209033887775	0.3840993665673373	0.4618885430937851
0.15375787419151302	0.3843412874193402	0.46190083838914686
0.15375008301200496	0.38463992745516884	0.4616099895328263
0.15400290425697877	0.3848078192186527	0.4611892765243687
0.15351726951593953	0.3845934666780092	0.4618892638060514
0.1538096511802705	0.38544490395533343	0.46074544486439617
0.15360604436898823	0.3854282982497059	0.4609656573813059
0.1534567829879505	0.38502839918894227	0.4615148178231073
0.1539059427664102	0.3851297696295097	0.4609642876040802
0.15374882359033332	0.3852939748970744	0.46095720151259234
0.1538391788329867	0.38487795241671174	0.46128286875030167
0.15409758737968565	0.3842698514877425	0.46163256113257195
0.15395260774038028	0.3848258208830254	0.4612215713765944
0.15386372678057222	0.3851504808971196	0.4609857923223083
0.15402918360445678	0.38544754306221013	0.46052327333333326
0.1539968229378006	0.3853229643884457	0.4606802126737538
0.1536471326475281	0.3850933598212694	0.4612595075312026
0.153929083976739	0.3847741621927999	0.4612967538304612
0.15388784792949023	0.3850659004002908	0.46104625167021906
0.1536065745141562	0.38491640019345175	0.4614770252923922
0.15351118102821582	0.38460500372145884	0.4618838152503255
0.15399028220574712	0.3842126253929952	0.46179709240125777
0.15391201511244113	0.38519975740466567	0.4608882274828933
0.1537400334669519	0.3849419686014046	0.46131799793164363
0.15396285842718102	0.38477068264708897	0.46126645892573015
0.15396160913146795	0.3842706236203902	0.46176776724814195
0.15395344695303417	0.38413762891164976	0.4619089241353162
0.1540495204407826	0.38497609203175853	0.460974387527459
0.15390571319390534	0.3844952274944869	0.4615990593116079
0.15396176640188566	0.38463616826162345	0.461402065336491
0.15388667942537237	0.3846409989001975	0.4614723216744302
0.1535604523691671	0.38542189156038054	0.46101765607045253
0.15370471134539676	0.3852374038449444	0.4610578848096589
0.15349732299136193	0.3857279640715894	0.46077471293704886
0.15379665910157683	0.3841972194745995	0.46200612142382375
0.15375481929796042	0.3848170265332096	0.4614281541688301
0.15407679955488812	0.38442710002070835	0.46149610042440364
0.15348954641679868	0.3858521509257191	0.46065830265748237
0.15374043554255323	0.38547517264851794	0.46078439180892894
0.1534937709936003	0.3847116318947281	0.4617945971116717
0.1538322115673774	0.3851401782349763	0.46102761019764643
0.15398241460432838	0.38440912149731554	0.4616084638983562
0.1537890966075125	0.3846699421541256	0.46154096123836197
0.1538297099461674	0.3854599737000322	0.46071031635380044
0.15372102981953278	0.3853459966177788	0.4609329735626885
0.1538664610023378	0.38476174522654577	0.4613717937711165
0.15392342153359712	0.38420551416957516	0.4618710642968279
0.15392795463463538	0.3846715838422121	0.4614004615231526
0.1538163603957314	0.38534964388164983	0.4608339957226189
0.15353966991599075	0.3844779869212351	0.4619823431627743
0.15376167852526992	0.384269206460412	0.46196911501431814
0.1540322012214302	0.3841085768849199	0.46185922189365003
0.1538044488694868	0.38565360114705305	0.46054194998346026
0.153581715330108	0.38454288475984455	0.46187539991004756
0.1539167957024252	0.3849531445828761	0.46113005971469884
0.1536901363022788	0.3856908431678342	0.4606190205298871
0.1539451907642077	0.38428038243963797	0.46177442679615444
0.1535013324332521	0.3853968658007547	0.46110180176599325
0.1537304408648371	0.38443926313433185	0.46183029600083114
0.15397527414588918	0.38497128183992296	0.46105344401418796
0.15352968270029355	0.3856973345410858	0.4607729827586207
0.15402090552165645	0.38468103553869415	0.46129805893964954
0.15346596762394893	0.3848828253686848	0.4616512070073664
0.15379032712139615	0.3853450740386725	0.46086459883993147
0.1534679408627186	0.3851757097827509	0.4613563493545306
0.15346732031731325	0.38524443705746686	0.46128824262522
0.1537634521282647	0.3857581882597951	0.46047835961194034
0.15371585758340534	0.3849426730567656	0.4613414693598292
0.15363894744836842	0.38433352395958625	0.46202752859204543
0.15397012733316365	0.38474049115766934	0.4612893815091671
0.15385452450472076	0.38553938201324106	0.4606060934820383
0.153563753011157	0.3857801059078964	0.4606561410809467
0.15391052080958223	0.3855316922605039	0.460557786929914
0.15389535405573607	0.38506087590153776	0.4610437700427263
0.15392880232511358	0.3843684780963026	0.46170271957858394
0.1539385010093236	0.3854048926034096	0.4606566063872669
0.15377850563415463	0.3842659817912115	0.46195551257463396
0.15404780397501544	0.38493734814310715	0.4610148478818775
0.153773525755096	0.3853600626884336	0.46086641155647057
0.15379471779989506	0.3850159127058261	0.461189369494279
0.1538462395665166	0.38507621619163385	0.46107754424184966
0.15356201063457922	0.3852236736798699	0.461214315685551
0.15354484477079583	0.38557174132444993	0.46088341390475435
0.15369375316174802	0.38516200685418983	0.4611442399840623
0.1537729746377428	0.3845634410490523	0.461663584313205
0.1540046192761929	0.3844687194288313	0.4615266612949759
0.15383261285831898	0.38540000549897596	0.46076738164270514
0.1539625138853219	0.385331964196903	0.46070552191777525
0.15393811827079168	0.384026424289442	0.4620354574397665
0.15354296207691898	0.385273451422645	0.4611835865004361
0.1537038589049107	0.3852505832284623	0.46104555786662715
0.1538459278785716	0.38454769361147556	0.461606378509953
0.15353429047888273	0.3847901648680844	0.46167554465303307
0.15346331482068992	0.3852957867386676	0.4612408984406426
0.15405754515154324	0.3853118923836135	0.4606305624648434
0.15385890428796062	0.3847434728225096	0.4613976228895299
0.15383919101855015	0.3840936546441332	0.46206715433731677
0.1537102465387818	0.3848681228364324	0.4614216306247859
0.15381808319549117	0.38572184295059486	0.4604600738539141
0.15408457764539574	0.3843778417698454	0.4615375805847589
0.15399213064193307	0.38404546562909053	0.4619624037289765
0.15403715412559965	0.3852265423494704	0.46073630352493
0.15368412106805096	0.38581515041888526	0.4605007285130639
0.15352055638757278	0.38556185523043357	0.46091758838199376
0.15394612540493705	0.38517581204977397	0.46087806254528907
0.15345501771899284	0.3855396767894296	0.46100530549157775
0.15378342874860979	0.385439902459115	0.4607766687922753
0.15358740495110604	0.3855946709736024	0.46081792407529165
0.15365650450423612	0.3851813807377707	0.46116211475799335
0.1538642573481031	0.3854876548612553	0.4606480877906417
0.15396650050147898	0.3842297775668183	0.4618037219317028
0.15345431025441256	0.38467001048015126	0.46187567926543627
0.15359037848255808	0.3850811457293216	0.4613284757881204
0.15411320268028963	0.38506249294318873	0.4608243043765218
0.15353002042910174	0.38556773485522655	0.4609022447156718
0.15407114470283823	0.3853849628999131	0.4605438923972488
0.15370852520807127	0.3843627883852917	0.46192868640663715
0.15394007182524527	0.38479421237935224	0.46126571579540265
0.15413736145609308	0.38425119252331447	0.4616114460205926
0.1535630008342425	0.3856277609325185	0.4608092382332391
0.15373313221740126	0.3850027771362719	0.46126409064632695
0.15382431110079492	0.3852246404993005	0.46095104839990475
0.1540574261987182	0.3850699589813152	0.4608726148199667
0.15382022811881574	0.38438181497389456	0.46179795690728986
0.1538595493535338	0.3854873803566578	0.4606530702898085
0.15356523999634447	0.3847965303040669	0.4616382296995888
0.1536121161068355	0.38543809876498303	0.46094978512818163
0.15399419249502694	0.38494230899834747	0.4610634985066257
0.15407648001793284	0.3850495301421267	0.4608739898399406
0.1540737314943244	0.38452195403054096	0.46140431447513475
0.1540146482080303	0.38427694985700944	0.46170840193496043
0.1539454793417502	0.3843920195806333	0.46166250107761664
0.15409620871830876	0.38414191166967115	0.4617618796120202
0.15382247187591208	0.3850179707307187	0.46115955739336933
0.15357837382420608	0.3847616629982898	0.46165996317750424
0.15347397144895436	0.38526638920355494	0.4612596393474908
0.15394241389688101	0.3841695648742844	0.4618880212288347
0.15406795665861717	0.38429763004030537	0.4616344133010776
0.15350739523779447	0.3855970151024051	0.4608955896598005
0.15401443776449775	0.38505327100294046	0.4609322912325619
0.15367958027939216	0.3843794291654857	0.4619409905551223
0.1537739164303793	0.3841728765092134	0.4620532070604074
0.1538061100276898	0.38484565642735685	0.46134823354495347
0.1540098757437095	0.38514734055591465	0.46084278370037596
0.15373956940620864	0.3846026837058075	0.46165774688798394
0.15379893902826927	0.3844830423597697	0.46171801861196116
0.1536183615660301	0.3845007821618489	0.4618808562721211
0.1540000422784893	0.3842173906891824	0.46178256703232845
0.1537558795959968	0.3851535464596339	0.4610905739443695
0.15347849244066464	0.3850194884716771	0.46150201908765837
0.15368065287424176	0.3845351209170117	0.4617842262087467
0.1538947574793028	0.38513515956184363	0.46097008295885367
0.15376533513417057	0.3849423914400488	0.4612922734257807
0.1535389713034126	0.3857912194372645	0.460669809259323
0.15391073321189763	0.3852065594471259	0.4608827073409766
0.15408842599418962	0.3852480631761841	0.4606635108296264
0.1536391945186206	0.38556484620062526	0.46079595928075423
0.15385389248703252	0.3840724597196739	0.46207364779329374
0.15392448167060072	0.3842537232407555	0.46182179508864385
0.15375009253529023	0.3842197681085138	0.4620301393561961
0.15367773155839476	0.3847372291439274	0.461585039297678
0.15412528783072982	0.3852963389773296	0.46057837319194067
0.15358048067454888	0.38563791935746494	0.4607815999679863
0.15346995969195554	0.3846589533136761	0.46187108699436846
0.15394230819907065	0.3845766579466081	0.4614810338543214
0.15406077037783528	0.384910282503214	0.4610289471189508
0.15387919267436745	0.3845771892100201	0.4615436181156126
0.15350430774980436	0.3848152755395239	0.46168041671067195
0.15396880068184737	0.3854438889391423	0.46058731037901046
0.15391353377470426	0.38506254927449607	0.4610239169507998
0.15365929430393016	0.38504083763680325	0.4612998680592667
0.15372644289135143	0.3853007483214037	0.460972808787245
0.15365497129599281	0.38555214596961385	0.46079288273439345
0.15385424864758188	0.38437618926110634	0.4617695620913119
0.15346525876183564	0.3846951219726231	0.46183961926554135
0.1538033450267692	0.384435614968005	0.46176104000522594
0.15351547416987366	0.38444611003866785	0.4620384157914586
0.15384333977111403	0.3849224875120813	0.4612341727168048
0.15369913809946983	0.38488663321305383	0.46141422868747645
0.15347035018861285	0.3853442365432021	0.4611854132681852
0.15374813084222194	0.38525347450303093	0.46099839465474723
0.15397913657965126	0.38472149330933214	0.46129937011101674
0.15389627970574415	0.38499705325381095	0.461106667040445
0.15392388467286788	0.38417152359234535	0.46190459173478693
0.15395524813907235	0.38488045701153684	0.4611642948493909
0.15376808141182713	0.38499769018738605	0.4612342284007869
0.15391930613021204	0.3845726795655609	0.46150801430422717
0.15358047204435776	0.38550058308158797	0.4609189448740544
0.15350899260827167	0.3846401789204826	0.4618508284712459
0.15411730381098732	0.3850859888161101	0.46079670737290274
0.1539564550184993	0.38554370593334986	0.46049983904815095
0.15402694816851797	0.3850981580368499	0.46087489379463226
0.1537635931607896	0.38568022334245783	0.4605561834967527
0.15346326530699966	0.38568903934485615	0.4608476953481443
0.15356443723192206	0.3846620380758296	0.4617735246922484
0.15393121707793048	0.3851759768008262	0.46089280612124345
0.15373577253064277	0.38495937431171473	0.46130485315764264
0.15376649692533276	0.3848616335831055	0.4613718694915619
0.1538354091032208	0.3847732975890558	0.46139129330772355
0.15367595969576037	0.3853790593975855	0.46094498090665426
0.15347469816871978	0.3857676504976965	0.4607576513335838
0.1536339808352165	0.384755220314647	0.46161079885013667
0.15386090926195142	0.38556537109401395	0.4605737196440347
0.1541373233621247	0.38408705720023795	0.46177561943763745
0.15391389441536807	0.38441940754716425	0.4616666980374678
0.15390555430181296	0.38464000027186435	0.46145444542632286
0.1536071240530521	0.38515862926897926	0.46123424667796875
0.15353437456362878	0.3853435312312005	0.4611220942051708
0.1540846811509881	0.38510128108578984	0.46081403776322216
0.15399515861784227	0.38404500204980574	0.4619598393323521
0.15386500324846764	0.3844416413306069	0.4616933554209256
0.15390652164069166	0.38536096284503946	0.46073251551426897
0.15382980535633953	0.385034262298635	0.4611359323450256
0.1534775803489985	0.38512304191307284	0.46139937773792883
0.15373978524880555	0.38449426970840317	0.4617659450427914
0.1539605502723806	0.3841527650556317	0.4618866846719878
0.15395225536303758	0.3840941924017314	0.4619535522352311
0.15394936237017665	0.38495568214002973	0.46109495548979373
0.15351443627973327	0.38474590198727027	0.4617396617329966
0.15392080602809666	0.38401222291492493	0.4620669710569786
0.1535111261373096	0.38531625598690783	0.4611726178757827
0.15356946835251628	0.3857983619775268	0.46063216966995707
0.15353531702959788	0.38556706693498505	0.4608976160354172
0.15403233137532657	0.38527345603712837	0.46069421258754517
0.1539531542874674	0.38421585187706764	0.4618309938354651
0.15411555505371272	0.3846668352534772	0.46121760969281017
0.15364905422001918	0.38497222390885216	0.46137872187112877
0.15355654579889233	0.3855247358575123	0.46091871834359543
0.15350552065908046	0.3856238992324381	0.4608705801084815
0.1536898182995335	0.3855181190652151	0.4607920626352515
0.1541012654008087	0.38495280364345486	0.46094593095573655
0.15386146919106206	0.3848938529327606	0.4612446778761774
0.15353137963933985	0.38439315379382366	0.4620754665668366
0.15355649299288215	0.38585791186223833	0.4605855951448796
0.1537778481425529	0.38552587538018784	0.46069627647725936
0.1538427326960607	0.3840799650755121	0.46207730222842736
0.15375236847542875	0.38469361144915265	0.46155402007541874
0.1535623078462171	0.3849361075880215	0.4615015845657615
0.15359493311480749	0.3844124149253957	0.46199265195979694
0.15412494250260694	0.38539774185168874	0.46047731564570443
0.15369102175630442	0.3851067921596938	0.4612021860840019
0.15369269934658614	0.3855820166522193	0.46072528400119467
0.1535168571409401	0.3850462096877923	0.4614369331712677
0.153627656508787	0.3856540837917376	0.46071825969947555
0.15374265589961522	0.38570496044279723	0.46055238365758766
0.15365187958785137	0.3854549550951969	0.46089316531695185
0.15370874830761755	0.38529572363599196	0.46099552805639055
0.1536467310174023	0.3844019247180071	0.4619513442645907
0.15373697304654524	0.384321627875432	0.46194139907802284
0.1536852064356552	0.3856177094655348	0.46069708409881016
0.15410536050463886	0.3845327519047008	0.46136188759066044
0.15348286140241799	0.38451656207146234	0.4620005765261198
0.15401684066534127	0.3846574325418677	0.4613257267927912
0.15358786994088963	0.3849351733716606	0.4614769566874499
