0.13770446863064498	0.16650973469575067	0.17801601534503456	0.16415375593767295	0.0304989135382515	0.04500249030449885	0.09483377705951647	0.18328084448862977
0.13782588087284903	0.16646272760758504	0.1781669821120479	0.16400084193644263	0.030479518416957535	0.04499554191881333	0.09464441679136895	0.18342409034393534
0.13782034276927918	0.16656119958607654	0.17833919775016943	0.16368735852128588	0.03046039769921985	0.04499384220885931	0.09479647004228776	0.18334119142282176
0.1378428337434258	0.16641663484277416	0.17840790115647337	0.16401551157905517	0.030500323514075167	0.04498789427547692	0.09462603072484038	0.18320287016387882
0.13706916503146732	0.16648334377319382	0.17881165732501964	0.16427346936244164	0.03048627157141777	0.04499162553302172	0.09463298166986868	0.18325148573356922
0.13704501832867885	0.16645743418649428	0.17878596180181772	0.16422479890519298	0.030453960774576586	0.04499150694929312	0.09463246007819709	0.18340885897574916
0.13682732777473144	0.16651166688263003	0.17907766474014347	0.16409475285873976	0.03050009068433851	0.044992789851742265	0.09466984057477726	0.18332586663289707
0.1372046756368465	0.16652757543556934	0.17844522305219973	0.16417399927366894	0.03049119572751567	0.044990171195544576	0.09468603258985879	0.18348112708879627
0.13722236554003076	0.16640802124269324	0.17866352239260316	0.16414270462096114	0.030492652821735508	0.04498753096865664	0.0947489893919606	0.18333421302135872
0.13745348854568834	0.16643107213526517	0.17841833019508208	0.1641033521670499	0.030468196148366766	0.04498406425578884	0.09471845882912022	0.18342303772363844
0.1374129793259279	0.16643412138045052	0.17876851721888387	0.16398599825663338	0.030462146154621603	0.0450033367263504	0.09466142169838128	0.18327147923875084
0.13734996302710428	0.16645616988866727	0.1790012536831435	0.16389260182991103	0.030491646808953082	0.04499160745562221	0.09462006722437116	0.18319669008222722
0.13688512410188292	0.16656292050044363	0.178742621635822	0.16411919533233466	0.030459275334836722	0.044982270834307114	0.09477112232473878	0.1834774699356339
0.1368426876862103	0.16654588235091544	0.1791216792939893	0.16384981077668526	0.030483348547124284	0.044988331854221214	0.09480108631952854	0.1833671731713255
0.13729974528114106	0.16653201406200846	0.17882455725575203	0.16395484182341433	0.030485646326227883	0.04499010176199511	0.09471645264665879	0.18319664084280218
0.13717742994128723	0.1665443713184183	0.1784493713253979	0.16423766585253574	0.030451608200465663	0.04498403147781571	0.09472116261649247	0.18343435926758678
0.13777660994916374	0.16645339493543443	0.17815088451915778	0.16422478499847612	0.030493445469814306	0.044999432955544	0.09467152908366362	0.18322991808874575
0.13792947951687035	0.16644880360741435	0.1781538538659565	0.1641840476315214	0.030465655866888486	0.044994571689010165	0.09461486884276121	0.18320871897957736
0.13814197753059507	0.16653888629950844	0.17806752032124706	0.16370032488776073	0.030493428928595856	0.04498841422990918	0.09470488742430089	0.18336456037808252
0.13794209262652785	0.1664097051036565	0.17837149331022656	0.1638233018482874	0.030502347558163903	0.044998201607169566	0.094634945676811	0.18331791226915703
0.13804416831507782	0.1664992919297234	0.17861064088357825	0.16350074832057876	0.030467921984048213	0.04500262904337604	0.09466817911173865	0.18320642041187862
0.137821693159732	0.16650684499502852	0.17877038781210974	0.16359809981412876	0.030504201324534755	0.044988014083108	0.0945991497943429	0.1832116090170151
0.13786295240575558	0.16651339498023515	0.17898198312876296	0.16335465531166146	0.03046697396649814	0.04499445195884105	0.09464492214056638	0.18318066610767905
0.1379090055905153	0.16645062535201377	0.1785090458890545	0.16368738029205193	0.0304828584397788	0.045002856897985055	0.09475992845893268	0.18319829907966775
0.13776281553197675	0.1663843591284758	0.17887863134802245	0.16356481239798532	0.030493391115864632	0.044984126438927574	0.09467116964726423	0.183260694391483
0.13789883974159584	0.1665251446134609	0.1784824075741374	0.16372611950135776	0.03047390692123196	0.0449878745547158	0.09469082075780419	0.1832148863356959
0.13814265024091987	0.1665027122476174	0.17836989906109801	0.16341564041111464	0.030456593236007273	0.04499661555571323	0.09471826850286795	0.18339762074466143
0.13799182536376733	0.16653349971250486	0.17842365344062638	0.16344602592368046	0.03047857592295121	0.04499816120358026	0.09465421576898145	0.1834740426639078
0.13761264113922705	0.16656267008415918	0.1785572499760587	0.16368041738473807	0.030449738962119846	0.044986996739911356	0.09465350105999108	0.18349678465379446
0.1378315834739763	0.16646118971298324	0.1788021628392735	0.1634589962825507	0.03046791603549316	0.044999890229241335	0.09471559140097915	0.18326267002550234
0.13745504077770304	0.16644134822684065	0.17862731314901772	0.16372210324037642	0.030494169424985146	0.0449821290337037	0.09478951580903484	0.18348838033833825
0.13750747195999585	0.1664651475669044	0.1790708622017953	0.16347319519068626	0.03046811562586073	0.04500105720558814	0.09459510895012031	0.1834190412990488
0.13747939928685246	0.16642862695165064	0.17876810830428297	0.1638344046215353	0.0305043891623009	0.04499107236519259	0.09474049239281332	0.1832535069153716
0.13743257927556052	0.16650705171657423	0.1786949226440918	0.1638144050417986	0.030453513230092516	0.045002134796512744	0.09479429398786347	0.18330109930750582
0.1380168999688079	0.16650284934385057	0.17850934645170158	0.16364349480306484	0.030463547348229453	0.04498423831709167	0.09469428999446312	0.18318533377279067
0.13783718428188924	0.16651610190354588	0.17863396579674778	0.16349066158868386	0.03048434106982291	0.0449885998205245	0.09483551671925693	0.1832136288195287
0.13778249130914907	0.16648583776145778	0.17880457304940633	0.1634318737246232	0.030492554543652822	0.044996365277956266	0.0948203946608963	0.18318590967285803
0.13783049864982383	0.1664132732093868	0.1786874000151095	0.1634588759957661	0.03046967001022774	0.04498445550731818	0.09480345566266399	0.18335237094970364
0.13771310108967338	0.16645526796830507	0.17884482759035514	0.16350769654811748	0.030451121056881136	0.04499786835147411	0.09471827630078312	0.18331184109441032
0.13815356880230276	0.16649992440544806	0.17832981855500407	0.16365322321793638	0.030499339076904428	0.044984703127575826	0.09461113640731847	0.18326828640750975
0.13791301029954262	0.16650271036750897	0.1781336930697048	0.16380990295996567	0.03048900042714063	0.04499708095662097	0.09480135049864516	0.18335325142087094
0.1377954024701631	0.16655110876587406	0.17875276352367075	0.16364212032704534	0.030466406842791505	0.04499498229316254	0.09461915585618816	0.18317805992110428
0.13723310500898156	0.16642577544091916	0.17855042657292694	0.16424928043520481	0.03049031888443421	0.04498861037645577	0.09473168985674008	0.18333079342433725
0.13781676534991005	0.16638500374410345	0.17818014575691563	0.1641518429760519	0.030461596390874424	0.045002189130902454	0.09468125620653214	0.18332120044470968
0.1377779408798112	0.16646767544022734	0.17786080786416586	0.1642359022399999	0.030449270281694266	0.04498255282001097	0.09483730857887288	0.18338854189521736
0.13771335878244045	0.16653576095573425	0.17803520589678531	0.1641395607319006	0.03047225535956112	0.04499026802330944	0.09461663891373036	0.1834969513365382
0.13785006698059296	0.1664481397025961	0.17783123225823028	0.16413008981949442	0.030455042000954766	0.04498455576945376	0.0948388095372517	0.1834620639314258
0.1378457794094762	0.16655210882797683	0.1778647910709825	0.16416226104268195	0.030502239121794478	0.04498211694431495	0.09477044516478447	0.18332025841798835
0.13810311309300657	0.1664514830889878	0.17792835464332865	0.16420290084135486	0.03045275873952967	0.04499327221225681	0.09462639867443351	0.18324171870710187
0.13764008845684395	0.1664298485678243	0.1783162814856326	0.16408904762387552	0.030470603315877517	0.04498289400472584	0.0946502713132308	0.18342096523198925
0.13734629949460325	0.1665231724924936	0.17867060812520302	0.16377225358270736	0.03049121867381989	0.04500218834060547	0.09473470343004553	0.18345955586052165
0.13735021027726924	0.16648313918747354	0.17908824919239277	0.16346801974190686	0.030460018850291648	0.04499132848732401	0.09482059514648508	0.18333843911685663
0.13749965926785573	0.16653728460055808	0.17897779608272987	0.16351609810280968	0.030495331932166483	0.04499522170119907	0.09470871518667934	0.1832698931260015
0.13741417346615903	0.16645464780391073	0.17896594047631095	0.16353401347649463	0.03049866279816768	0.04498551513656636	0.0948254489993422	0.1833215978430482
0.13710091096251903	0.1663906820846853	0.17956280240228023	0.1633966322143118	0.03045684068065202	0.045002465896738175	0.09467332023055386	0.18341634552825936
0.13699811615642354	0.16646460289035517	0.17944720049138008	0.16337774391277846	0.030456834692171572	0.045002183044805466	0.09478062743023649	0.18347269138184902
0.1368583189378123	0.16649556652082279	0.1796799225215524	0.16340301325652126	0.03045243819659628	0.04500309474105016	0.09464040706800986	0.18346723875763468
0.137514924302902	0.16643566738354748	0.17921301868666992	0.16346835258048692	0.03044819640505443	0.045000542290129925	0.09463975476381772	0.18327954358739137
0.13722809587509313	0.16644255461214777	0.17935163145148525	0.1634179112103328	0.030493944719374555	0.04498314916361716	0.09478341892810663	0.1832992940398425
0.13746839330504515	0.1664048266846494	0.1790755182183495	0.16347511668266357	0.03049202162523841	0.04500287632674596	0.09467013829699408	0.1834111088603137
0.1377013686030783	0.16641150463672422	0.17919412009984578	0.1634022475669304	0.030457854294771797	0.04498392145426819	0.09467641813901968	0.18317256520536146
0.13744069846712878	0.16651954082116974	0.17909133236178643	0.1635704915509121	0.030468798121396037	0.04499916724650223	0.09461537761647076	0.1832945938146337
0.1378110100972877	0.16639987454394886	0.1785920320612686	0.16369086287490306	0.030470911683040725	0.04498699377911988	0.09469921587184502	0.18334909908858593
0.13762365389349124	0.1663927365541643	0.17835525397035662	0.16411355961667734	0.03047856285973305	0.044981942031125766	0.094826837552422	0.18322745352202946
0.13790623763563475	0.16638794306075627	0.178270990761637	0.16380918839517652	0.03047987237716769	0.044991691931480504	0.09475738416732898	0.18339669167081807
0.13802063984106425	0.1665114018860469	0.1787165133393195	0.16338096154001897	0.030501122072867648	0.044999906648766824	0.09468423290074594	0.18318522177116975
0.13798532936533375	0.16652291949902448	0.1783203166082876	0.16342918184927313	0.030491617332006976	0.04499297573099105	0.09481737494135951	0.1834402846737233
0.1381464080956442	0.16649739833575744	0.17834144640513405	0.16364045624002393	0.03046393825361675	0.04499216403040243	0.09460831376534272	0.18330987487407824
0.1376411626990449	0.1665366931871742	0.1788283792061257	0.16358196931709293	0.030481345018278802	0.044982332090841834	0.09460231622195517	0.18334580225948624
0.13762151247517249	0.16647829670733816	0.1787230082777304	0.16363137697849656	0.030493880544210872	0.04498404133776396	0.09463396645035886	0.18343391722892846
0.13814638577276842	0.16639161502025546	0.17833249540816162	0.16354595961525253	0.030497436108591874	0.04498522679904941	0.09477344215544749	0.183327439120473
0.13803639536056841	0.1665417649429258	0.17839147807157468	0.1634451934437624	0.03050034470732596	0.04498156407202131	0.09476429406206224	0.18333896533975896
0.13812528188123113	0.1663824598919037	0.17841198369899697	0.16354614853570207	0.03049690973271911	0.04499842942823805	0.09471695075315936	0.18332183607804942
0.13776065089670866	0.16649414940111948	0.17855341212359213	0.16361940453931353	0.030476022780879505	0.04499647097968644	0.09462059431288354	0.18347929496581647
0.1374696378498015	0.16641754339971462	0.17886170545770091	0.1635758888105796	0.03045662325481588	0.04499144057854357	0.09477628374291755	0.18345087690592612
0.13778641961594687	0.16646776102882188	0.1788697492741058	0.16341536006344945	0.030501490910279247	0.04499280133556076	0.09468635516245727	0.18328006260937849
0.13757135525361208	0.166454929312905	0.17874562348456177	0.16358976670080405	0.03046139830024741	0.04499126600827641	0.09468484264495913	0.18350081829463394
0.13756971009488453	0.16648937351954213	0.1786210085123594	0.1636895671956385	0.03047268684932783	0.04499053826877672	0.09471331046249792	0.1834538050969728
0.13759409205504464	0.16645510887622508	0.1787017974732951	0.1636709292344723	0.030465933902816433	0.04498283267021874	0.09462656006065553	0.1835027457272719
0.13739084844616178	0.1665596126679566	0.17885093125455936	0.16391019308786753	0.030456969427821792	0.04498513361805065	0.09462143863225489	0.18322487286532715
0.13756547020310544	0.16654217061805518	0.17889549641425434	0.16361799320705944	0.030494047960807097	0.04498699362118286	0.09460395869761079	0.18329386927792463
0.1373582204985973	0.16655046313093413	0.17899635864774083	0.16343552800955857	0.03047034777700995	0.045001895746098766	0.09478194395110986	0.18340524223895033
0.13766815760492987	0.16643501013121118	0.1789617703307311	0.16344691372803943	0.03049273744272757	0.04498571273815841	0.09481520066802922	0.18319449735617296
0.13736413785147214	0.1665213185382901	0.17905828321506617	0.16359327236472007	0.030455358224842313	0.044994503527654106	0.0946499084617593	0.18336321781619563
0.1376412355174208	0.16644510329849166	0.1789334906278851	0.16342119769574848	0.03047955692577123	0.04499941360978288	0.09479443399185015	0.18328556833304943
0.1378605607569734	0.166407192712351	0.17837891845594922	0.16390926221572008	0.030481673828205894	0.04498325435686894	0.09469344441088293	0.18328569326304828
0.1375653239710763	0.16644598791047585	0.17876632637932482	0.16363959260871963	0.030448616182870064	0.044992575565333176	0.09482163704365054	0.18331994033854943
0.1375001523959557	0.16650990539793287	0.17874130428917825	0.16355758682180263	0.03047955979012515	0.04498700519730266	0.09475549533031916	0.18346899077738335
0.13691458362664014	0.16639178291678777	0.17946202286848595	0.16398524770848993	0.030481221929617316	0.04498973655667217	0.09459604776381367	0.18317935662949283
0.13681334869317147	0.16639661160510652	0.1794905256326388	0.16367947019363333	0.03048708136659256	0.04500120719518577	0.09464965159130902	0.18348210372236232
0.13693809254157197	0.16642148957465985	0.17948639949428247	0.16352527740129258	0.030502521166738947	0.045002498913821284	0.09473183495216214	0.18339188595547057
0.13684459918649436	0.16648836247550097	0.17933320596722796	0.1636690315878378	0.030493888297004584	0.04498843531998643	0.09472410958203617	0.18345836758391149
0.1370997359877526	0.16648615384281534	0.1793599232871183	0.16352741496037668	0.030464400421328863	0.0449840323601782	0.09472756065072882	0.18335077848970102
0.1366942107841921	0.16640582937078738	0.1796058316314137	0.16368649672983018	0.030475231921054724	0.04498790397491202	0.09480494911281204	0.18333954647499762
0.1367777982616574	0.16645406966254334	0.1790267705713545	0.16412817165619642	0.030497453152616608	0.04499829836688671	0.09472043892534208	0.18339699940340276
0.1371934160755262	0.16638329693660692	0.17878242571403755	0.16417780228107223	0.030495700410929652	0.04499435200091764	0.09461164234208569	0.18336136423882388
0.13712836945483886	0.16641605237489354	0.1786449055613237	0.16411610950294953	0.030476315035577156	0.04499911942540559	0.09483773963632434	0.18338138900868703
0.13733417074708393	0.16655613398084523	0.17859577026748846	0.16408869984792138	0.030454916899631757	0.04500181366265789	0.09468371408225829	0.18328478051211286
0.1372418253138695	0.16648274113385217	0.17840740249485212	0.16425408821125076	0.03048356321702228	0.04499816513925728	0.0946945563993801	0.1834376580905156
0.13722170198758762	0.1663898460326004	0.17846949912950555	0.16425193510368272	0.030490588625737294	0.044999746776384644	0.09471680223225051	0.18345988011225103
0.1370665486485966	0.16645189364167373	0.17884191335295888	0.16421242839283273	0.030467211010118317	0.044982115795033084	0.09469768057950495	0.18328020857928148
0.13687501498159982	0.16642788292584942	0.1792206249948519	0.1639727779533126	0.030478749450014053	0.044990784688951416	0.09476924424140823	0.18326492076401235
0.13675766212695986	0.16647939477747206	0.17905213826313537	0.16419397553714607	0.030496192015802753	0.04500134659524983	0.09464247895665548	0.18337681172757836
0.13685832509682205	0.16647483938310387	0.179104037232023	0.16407262372076792	0.030483260319952216	0.044999515407158644	0.0948148330568577	0.18319256578331444
0.13675183991040563	0.16649825539757226	0.17905171512200435	0.16415030177694898	0.03049171014528937	0.04498312278738534	0.0947799514293827	0.18329310343101113
0.13713805223510672	0.16639643441541188	0.17959529192319562	0.16338270869787158	0.030483604194815092	0.045003084394737713	0.09465023488744677	0.1833505892514144
0.13715553358672272	0.16638419593958312	0.1789295020664209	0.16395707580419572	0.030493419136194702	0.045001149352031575	0.0946834920048679	0.18339563210998316
0.13723516599550195	0.16641947670268886	0.17906830176743027	0.16383639811019196	0.030451994146673836	0.04499355895729139	0.094632275930907	0.18336282838931448
0.13701518452484865	0.1665518204277321	0.17902862486568055	0.16398403317242455	0.030483202782963417	0.04499728718090344	0.09474335885014579	0.1831964881953013
0.13703315556241816	0.16649488069555032	0.17914391413140035	0.16376502429508208	0.03046909746584707	0.04499399713468641	0.09481713402724107	0.18328279668777434
0.13721020113183674	0.16655090247413734	0.1788496199869664	0.1638097203606688	0.03049552156919988	0.044987553823599105	0.0947570369108778	0.18333944374271371
0.1373801655461735	0.16644017965804936	0.17907290727639247	0.16358356694318377	0.030465120364831177	0.04499067360760749	0.09467790326016651	0.1833894833435955
0.1371176347402911	0.16639332692389058	0.1792727419417941	0.16370033389234698	0.03048913329914285	0.04498306343674571	0.09483287052517808	0.18321089524061043
0.1371446807898122	0.16638860129386157	0.17875974520606536	0.16423881518737327	0.0304520478284937	0.04499300577926958	0.09470346319714255	0.18331964071798157
0.13715055208166374	0.16644612003464915	0.17917701798862012	0.16386994599520632	0.0304958420866637	0.044984728060865675	0.09460566209977009	0.183270131652561
0.13672489297471957	0.16651091303102217	0.17890144794353877	0.16426454267485638	0.030457706144112168	0.044983332188373956	0.09479307135100845	0.18336409369236834
0.1369612002210396	0.16650431090288725	0.17866795828103177	0.1642283606213823	0.03050200640254261	0.044983828931816225	0.09466040007256153	0.1834919345667385
0.13732788280482555	0.16645244905417167	0.1785015218736694	0.16407089679509385	0.030487847546481137	0.04499343714777085	0.09467715032653547	0.18348881445145188
0.13757983619388528	0.1664496664730652	0.17839091782600017	0.16408747034159454	0.03049898789073552	0.044985077142375166	0.09479631891746579	0.1832117252148781
0.13758810085290782	0.16651110894092447	0.1785186677707082	0.16400330838998933	0.030451512536055672	0.0449837304210684	0.09474701424352601	0.1831965568448199
0.13765498056927009	0.16639313782990064	0.17890105306200507	0.1638226701006426	0.030447104042207365	0.04500131824864349	0.0946016543458233	0.18317808180150721
0.13746600825712738	0.1665534513340744	0.1789440579143346	0.16354800422628696	0.03045190867846778	0.04498706691762125	0.09476269901402057	0.18328680365806682
0.1376909567178549	0.16651942213461565	0.17869586699780005	0.16355306385420632	0.030449001470916018	0.04498402019205408	0.09478969809377019	0.18331797053878257
0.1376753718842488	0.16649996312292537	0.17866281971436007	0.16386020339644855	0.030481216606728492	0.044984418533064674	0.09461478260067804	0.1832212241415458
0.13767562829208674	0.16640889561127842	0.17867457008925952	0.16390529928952635	0.030498700218862154	0.044993760304879934	0.09468004052365683	0.1831631056704498
0.1373539764618296	0.1665233592891342	0.178656883908762	0.16407945549148692	0.030471520648658254	0.04499641873486998	0.09470500280140556	0.18321338266385329
0.13729551266793708	0.16650169327180298	0.17859412874824193	0.16414044818611917	0.030492154825107587	0.04499506732653269	0.09474002387448259	0.18324097109977575
0.13698424137002607	0.1665382049343886	0.17875764124427435	0.16414934288434102	0.03045166699811032	0.04499680654712861	0.09466037709034421	0.18346171893138655
0.1371377415494971	0.1665043299913401	0.17872638054714662	0.16419725443548694	0.03047320123923422	0.0449824871363311	0.09459430942132227	0.1833842956796414
0.13740201519088863	0.16640066093320827	0.17886077329183825	0.16407220705330722	0.030465556109207037	0.04498297247794608	0.09462620999590163	0.18318960494770267
0.13744183646000618	0.16639232807021298	0.17869363646955136	0.16379913228324278	0.030450386463501317	0.04498464519045499	0.09474956983020952	0.18348846523282064
0.13746727241456924	0.1665252938949089	0.17901559482113485	0.1633695100530821	0.03049609968942385	0.0449828754878215	0.09475719199164864	0.18338616164741067
0.13733613515265441	0.16647340317572296	0.17881927972200462	0.16371283995791985	0.030498202939166233	0.044989689239646566	0.09477615671780638	0.1833942930950788
0.1371137424309269	0.16640799854884888	0.1789623081611335	0.16398247858507503	0.030450000937535318	0.04498775870243496	0.0948140482182421	0.18328166441580307
0.13675323432436598	0.16642883490803814	0.17902937811068997	0.16413886607326336	0.030476166504222538	0.0450003136384714	0.09470197268885494	0.18347123375209343
0.13691305536133533	0.16647165416794174	0.17922633848684674	0.1638876772219369	0.03046224242768003	0.04499532953172067	0.0946635962821564	0.183380106520382
0.13712104531959268	0.16640356120586447	0.17892081354495437	0.16385697703337526	0.030448757977966867	0.045002623570521164	0.0947936968756621	0.18345252447206287
0.1373204949957696	0.1665112612799005	0.1788977935275458	0.1639331513236629	0.030480828023754722	0.04498269621707526	0.094681093705265	0.18319268092702595
0.13721909822927497	0.16641713785345827	0.17882664727310832	0.163931938079161	0.03045434650409351	0.044995791999883655	0.09478410455347691	0.18337093550754313
0.13714988993969118	0.16647918720185223	0.1790075691931942	0.16392218364815572	0.030458957509091333	0.04498753582277318	0.09465071488158998	0.18334396180365198
0.13667738796804332	0.16642688349992013	0.17934996640581038	0.16413842925080474	0.030448543303728023	0.044989532510748	0.09466465413321652	0.18330460292772865
0.13633021210680213	0.16646908726116544	0.179268604962074	0.1642349455870749	0.030494599087903307	0.04498727090614975	0.09480407737715424	0.183411202711676
0.13682358950375598	0.16651613214378158	0.17930651926390628	0.16393772572509993	0.030472660806413074	0.04498338569503184	0.0946638009917381	0.183296185870273
0.13685417943953868	0.1663999543564529	0.17904600906662405	0.16395945162782039	0.030503897496472865	0.045000062929400994	0.09474646758586916	0.18348997749782076
0.13702955582116036	0.16648089505103603	0.17917436434627299	0.16388166714745445	0.030499586379541824	0.04498706157602615	0.09478834365029995	0.18315852602820806
0.13665960485901038	0.1664568283033033	0.17931118353721134	0.16408298353005238	0.030494814425470432	0.04500316312948294	0.09461153442224868	0.1833798877932203
0.13620320780501785	0.166454347339615	0.17953208845497176	0.16425045878411668	0.03049205965788529	0.04499714576628237	0.09475305059791203	0.18331764159419878
0.13614337055616713	0.16652589365236525	0.17959599850382685	0.1641861293053361	0.03048543991240707	0.044984078455180015	0.09481165506525567	0.18326743454946165
0.13625916764256443	0.16654249816410693	0.17960475430732337	0.16399483139488424	0.03049510335654726	0.04498283942446574	0.09472593988701433	0.18339486582309344
0.1363145284720851	0.16638920992105857	0.17968861948784565	0.16398492416304908	0.03048580802345803	0.04499664471815405	0.09476731421529394	0.18337295099905537
0.13627336426395925	0.1665099917151408	0.17972247257323534	0.16391425783352798	0.03046769447001496	0.044999105034061695	0.09469188494819698	0.18342122916186274
0.1362076050717232	0.16638773872349372	0.17993644317359725	0.1640315994371328	0.03045269622519106	0.04499794007605068	0.0948074530078955	0.18317852428491552
0.13615674975564787	0.16650597606237325	0.18007030547569	0.1638402924866131	0.03047010885808621	0.044996722891629745	0.0948002304499621	0.18315961401999753
0.13633798184730983	0.1664313221592061	0.18021760039552623	0.16352927594033176	0.03050300879765061	0.0449825062163544	0.09483085128425298	0.18316745335936788
0.1367157032385702	0.1664976740457357	0.17988008993984184	0.16348802225071343	0.030476298342093297	0.04498382140719108	0.09467131005940946	0.18328708071644473
0.13683816475076932	0.1665327289178826	0.17977706754511577	0.16348614534283645	0.03047140350912439	0.0449949604470076	0.09459726993674085	0.1833022595505228
0.13636367004811192	0.16651744786451678	0.17950375028684773	0.16392884566853172	0.030500751247718658	0.044992429200355635	0.09483467170973194	0.1833584339741854
0.13617461937205733	0.16641878122081333	0.18001324686957082	0.16406677878728387	0.03049487992164511	0.04498354928097566	0.09466235515284718	0.1831857893948065
0.1361640057171919	0.16651600102996006	0.1801057285604715	0.16384457265594177	0.030459698394531373	0.04499780359125491	0.0947238125594359	0.18318837749121236
0.13646943367168046	0.16639848334753626	0.17992519229321305	0.16375996338291746	0.030483802280187364	0.04498228816852666	0.09478167101393775	0.18319916584200072
0.13636755953027122	0.16644561187663676	0.17980921969830538	0.1638270532910595	0.0304822449189074	0.044999332187952865	0.09477140678368713	0.18329757171317948
0.13682679579478166	0.16656357937397842	0.1797041086805248	0.16340214093760458	0.030472588229980183	0.04499596095864969	0.09475351360600409	0.18328131241847637
0.13692708540744872	0.1664933315729644	0.1790195012700058	0.16404769323263085	0.030498903637337177	0.04499902696154243	0.09466257946776083	0.18335187845030962
0.13746335405963994	0.16653303800531105	0.17894967591664374	0.1636395244367754	0.03046947694599776	0.04500173527361495	0.09466182934848026	0.18328136601353665
0.13751549920986805	0.16640920814647356	0.17921342415264419	0.1634166395154256	0.030485200767526893	0.044996205775031564	0.09473510051848047	0.18322872191454945
0.13757545037087363	0.16638540926535905	0.17890427216481514	0.16355377763008802	0.03048991621749679	0.04499671548129196	0.09478875023169925	0.18330570863837592
0.13775684514745992	0.16643585640909359	0.17876397600584593	0.16345340068839978	0.030486361617313426	0.044981620982123396	0.09476050927583074	0.183361429873933
0.13774243300573336	0.16643738735764313	0.17884367449545804	0.16338312270178426	0.0304938978425405	0.04499306499208547	0.09475755715344165	0.18334886245131335
0.1373504402667594	0.1665091504493203	0.17901216026541003	0.16373353288074008	0.030469668702986855	0.04499648824090621	0.09475313436399815	0.18317542482987875
0.137143367624761	0.16655477831621274	0.17905991250691344	0.1638092897773918	0.030478872213342237	0.04499498824569838	0.09466500045863221	0.18329379085704794
0.1377753739056193	0.16641531276378968	0.17864006277342265	0.16355878934110873	0.03046615158308981	0.044982967957384795	0.09466701213959819	0.18349432953598666
0.1378237300952758	0.16644079465484463	0.17829569173367837	0.1639467963232915	0.03047753736209738	0.04499173975076144	0.09469250854654271	0.18333120153350793
0.13790629805932594	0.16640151104050835	0.17814914858123362	0.16402003981794083	0.030449075239653164	0.044988682558658205	0.09479356975015066	0.18329167495252902
0.13784205438110914	0.16638898008090214	0.17804934061569858	0.16400700868045107	0.03049749030451504	0.044998887814115915	0.09472919296551105	0.18348704515769687
0.13807783392383477	0.16647211581223742	0.1781792747451868	0.16369532234578896	0.030487405058508832	0.045003568570753064	0.09459638824957528	0.18348809129411467
0.13789080597669026	0.16649356553827324	0.1780482798980212	0.16423649730711604	0.03049241342474951	0.044999038619508755	0.0946422368753725	0.18319716236026828
0.13784047288303092	0.1665011058388352	0.17825347854683773	0.163940101416383	0.030465849342095702	0.044995053109749716	0.09460136175296943	0.18340257711009808
0.13800876773371776	0.1665365055006118	0.17791533842215465	0.1640984347173826	0.03045452581377231	0.04498958895063669	0.09481290070625653	0.18318393815546744
0.137724393618861	0.16646044830699724	0.17810768051681025	0.16407055995212805	0.03047947302282214	0.044983094825390174	0.09473470695658126	0.18343964280040967
0.13777179264138972	0.16645659966395998	0.17833912174361916	0.16403664093281722	0.030450357723070642	0.04498604639602219	0.09465312913120365	0.1833063117679172
0.13727818487429072	0.16654748170052985	0.17878170300148732	0.163830695849607	0.030492656942865223	0.04500161160110987	0.094653276062233	0.18341438996787685
0.13771540025067294	0.16641588707560862	0.17867246919938606	0.16373036620683978	0.03048975572129932	0.04499510780772281	0.09466584145423271	0.18331517228423747
0.13752225446028182	0.1665615190605572	0.1783905397206756	0.16419349648646253	0.030462041224487965	0.04499962516190251	0.09461902956553543	0.18325149432009674
0.13726206737245839	0.16642964142616337	0.17869075701627732	0.1642080558596813	0.030502688532408603	0.04498393404212911	0.09462192827538488	0.18330092747549684
0.1371474321441739	0.16644001975884468	0.17891745820839972	0.16410255999917622	0.030453230658575983	0.0450018889162718	0.09466787691198256	0.18326953340257493
0.1376501185393647	0.16642227927023112	0.17872774631509425	0.16396622457155932	0.03045343699057118	0.04500160384794141	0.09460966691609723	0.18316892354914055
0.13761396029891332	0.16653675268078705	0.17830356923035	0.16389008968370777	0.03046569415482228	0.04500188647105355	0.09469643056487406	0.1834916169154917
0.13787034808772047	0.16641700411909655	0.1782038810947154	0.16396770786917955	0.030496118450219295	0.044988782263703606	0.09466515369823418	0.18339100441713074
0.13775699940136477	0.16650599905869168	0.17828553843828043	0.1641460969264264	0.030458524772586426	0.044983050893768486	0.09464641303239177	0.1832173774764898
0.13717736977575207	0.1665616889043473	0.17827190982692492	0.16422765114770102	0.030490568932672463	0.045001901590014964	0.09482590497417859	0.18344300484840842
0.13754762457810255	0.1665115613710189	0.17811045734291864	0.16418732340620623	0.03048948976734772	0.044988365179437745	0.09476390290215153	0.18340127545281645
0.1377837191344015	0.1663883391899711	0.17851591415568874	0.163923225050143	0.03049938349792443	0.044986075283734564	0.09463743006306377	0.1832659136250727
0.13773574906991431	0.16654055816603944	0.17820124407712407	0.16409910278046286	0.030471473100585386	0.04499897029773678	0.09466994078107	0.18328296172706696
0.1374955252093527	0.1664556553502456	0.17829483630797283	0.1642180058118814	0.030466695205454294	0.0449997518051936	0.09479041539355818	0.1832791149163412
0.13729399829277408	0.16645030552947887	0.17862104383035404	0.1642280967105138	0.030490151349352068	0.04498820707841607	0.09474431945048307	0.18318387775862777
0.13743055558158923	0.16645223427485406	0.17845259394183213	0.16423863163314326	0.030466555068847392	0.04498673390350047	0.09473306398360284	0.18323963161263038
0.1373408588166806	0.166390021806591	0.1784098156958458	0.16427689658813888	0.0304546222908066	0.044997220379108374	0.09466593021195789	0.18346463421087061
0.13723042367449062	0.16649353222298074	0.17858817295863347	0.16414227583271396	0.03047112724867576	0.04498613344943736	0.09470122332913522	0.18338711128393265
0.13729370732461832	0.1664959532991378	0.17882717177305196	0.16378712391374473	0.030494293552509308	0.04500154167240247	0.09473821548190271	0.18336199298263245
0.13687729681257077	0.1665105966353079	0.1789354520009438	0.16418086873293444	0.030450492777266525	0.04499135982638047	0.094595650701898	0.1834582825126979
0.13666054200737282	0.16646158212475023	0.17896717331239398	0.16424968963635744	0.030471649829860795	0.044988783645119476	0.09478646270407404	0.18341411674007096
0.13686183175363698	0.16642017790786576	0.17930156626353783	0.16402437119184865	0.030503454178572323	0.045002040654505804	0.09461047699026469	0.18327608105976773
0.13660484045601995	0.16655021493882116	0.17943391346888463	0.16387685853986403	0.03044824498869461	0.04499429825897096	0.09462857410143517	0.18346305524730927
0.13713377598292067	0.1665426480799373	0.17928913363283575	0.16376966757337663	0.030470070701127047	0.04499917723893833	0.09462052905306761	0.18317499773779644
0.13732956241371017	0.1664328268159552	0.17884772690386774	0.16382191198174137	0.03046667805790404	0.04498395728293024	0.09471772285354867	0.1833996136903423
0.13767175868924242	0.16650079317776487	0.17873958862541878	0.16358671935539307	0.030458671805447632	0.045000200556814	0.0947708465905416	0.18327142119937745
0.13801134920819363	0.16642141270138877	0.17821553027155973	0.16380413154907794	0.03046403196612736	0.04499745094113422	0.09473413896063249	0.18335195440188562
0.13769477857834614	0.1665420983686035	0.17844947040695466	0.16381573786875717	0.030503740570170884	0.04498164163849898	0.094623327672134	0.18338920489653446
0.13803428324532463	0.1663858487151122	0.1785798452098501	0.16351152011843906	0.030470064735755767	0.04498476064721574	0.09476635064622524	0.1832673266820771
0.13790041241668285	0.16641140908222002	0.1785696036908495	0.16362036401335137	0.03046236762332233	0.04499542151641135	0.0947962048003046	0.1832442168568578
0.13763448724443048	0.16654983693040698	0.17835207239270717	0.16377953572649318	0.030502758723576925	0.04499320549806078	0.09470563620760622	0.18348246727671805
0.13717195344425967	0.16653153857179817	0.17843955363451966	0.16422168851569996	0.030488154620545493	0.04498767742816026	0.09469080971598132	0.1834686240690352
0.1373076843620897	0.1664954516966335	0.17858250818780091	0.1639815124421859	0.030453602232040744	0.04498536976526504	0.09483600586294617	0.18335786545103777
0.13716338431721903	0.16644163396249093	0.17888223718334803	0.16373192183124008	0.030489469119973217	0.044998262967262254	0.09480760646520062	0.18348548415326563
0.13644412758414534	0.1664440593961865	0.17951322704880132	0.1639898923232756	0.030499909275693293	0.0449936945903945	0.09480190917102937	0.18331318061047383
0.13679589462192515	0.1664700852673192	0.17959021968882843	0.16363078595773503	0.0305025109202111	0.04499521052778627	0.09476430262113507	0.18325099039505952
0.1367289079941134	0.16649950844879746	0.17967300698953897	0.16345253050801756	0.030473105745234444	0.04499843704712675	0.09482435019126992	0.18335015307590125
0.13674757825126538	0.1665424377671784	0.17961767271966247	0.16344477763861828	0.030486236694054203	0.04498795420678239	0.09483897866822388	0.18333436405421477
0.13676481441280786	0.16639776942567536	0.17977119047651957	0.1636127758121768	0.030462852575666	0.04498759692524164	0.09473406609860503	0.1832689342733075
0.13667001389910596	0.16645076987772287	0.1799057871735248	0.16350580827760025	0.030460086063666056	0.04498574771008797	0.09463941041372369	0.18338237658456819
0.137164966405017	0.16645243499051188	0.17946201134107032	0.1634570437964868	0.030500851219133387	0.04499967243546078	0.09472600654498706	0.18323701326733258
0.13743776712897557	0.1665100353371984	0.17883811032986346	0.163647160477772	0.03046216912726807	0.04499540754482373	0.09470260940927576	0.18340674064482274
0.13764106274027513	0.1665553980917066	0.17884554550302095	0.16341448019166777	0.03049523206573504	0.04499931237075644	0.09483348199398305	0.18321548704285484
0.13732791629271068	0.16655585700347994	0.17857831284685569	0.16390285463287282	0.030460183995333345	0.04498333108147663	0.09481556659257358	0.18337597755469706
0.13715935628008694	0.1664857151914657	0.17910650849482673	0.16371392486619815	0.030501643019945623	0.04499875740392724	0.09471452676787208	0.1833195679756773
0.1373101727460815	0.16648154487521166	0.17921784429421303	0.1636059355922432	0.030459400122013064	0.04499902963835471	0.09469748391395069	0.1832285888179319
0.13742975411765618	0.1664387181945239	0.17918804509527364	0.16339911609723745	0.030490889730775336	0.04498357819708819	0.094804212602844	0.18326568596460105
0.13717126366999427	0.1664690215850331	0.17948147785988297	0.16352638397984984	0.030472777837402848	0.04498984874700618	0.09468836879677411	0.18320085752405646
0.13689619216423513	0.16642125773545186	0.1796490515218817	0.1635220086498001	0.030466824075516027	0.0449883838171761	0.09481902883451129	0.18323725320142759
0.13693914023457152	0.16653213031162853	0.17956493736831167	0.16347136282716118	0.030456519489918288	0.04498961586417481	0.09466612122236179	0.183380172681872
0.13686623428515654	0.16648469740472074	0.17958719549204727	0.16362547337027128	0.03047305211930583	0.044983069199412626	0.09467233855977453	0.18330793956931096
0.1370411505754383	0.16642479410873837	0.17958676663373987	0.16354191180244573	0.03046136025347447	0.04498192915887203	0.09468963301499045	0.18327245445230056
0.13690526089715402	0.16653861078246224	0.17927860679727156	0.16380590685086485	0.03046365601943038	0.04499762359137485	0.09468512593546584	0.183325209125976
0.1371745191780143	0.16642931749333212	0.17940350474028482	0.163412826096375	0.030452520841066408	0.0450020602669384	0.09473754568563977	0.18338770569834895
0.13676866596522053	0.1664287648811114	0.17946593970391764	0.16373056853610896	0.030496537349505207	0.044990321399111605	0.09463787640011526	0.18348132576490916
0.1366530520176995	0.16639165991242363	0.1797439549101935	0.1637043443022005	0.030501250872546737	0.044993339237948723	0.09468891554629133	0.18332348320069586
0.13668765540270142	0.1665118958383263	0.17974153237891385	0.16358305624229752	0.030447164173026828	0.04498449789268909	0.09481712083835535	0.18322707723368942
0.13668365747548228	0.16654164589907655	0.17976894312925365	0.1635112416351203	0.03050148664133455	0.04498460156302411	0.09470013768577251	0.1833082859709358
0.13688986535667433	0.16647089018408798	0.17965153138748774	0.1634292855203481	0.03048256456802821	0.044991369363115805	0.09472601141352734	0.18335848220673026
0.13646363012620075	0.16652154630835087	0.18008963222794835	0.16339658060556533	0.03045199197126207	0.04500014882256667	0.09471895304638556	0.1833575168917202
0.13635959711952517	0.1664079985127353	0.18007292585673143	0.16358773389673648	0.03048650982949022	0.044999726717914024	0.09476712469096843	0.18331838337589867
0.13642263977350713	0.16644651929371174	0.18010519770277833	0.16335312374108643	0.03046451814992618	0.044998552861221675	0.09471797355261084	0.1834914749251574
0.13687512167984608	0.16642719545759496	0.17985290844941745	0.16342516586824882	0.03046575544919855	0.04498915043396892	0.09476671556881688	0.1831979870929081
0.1368151938180767	0.16640375556426393	0.17985689906452948	0.16353578821262538	0.030450105785972334	0.04499775159434921	0.09465715065742969	0.18328335530275305
0.1366009326137161	0.16641518909548852	0.18003141208238332	0.1635846234238511	0.030457034106266795	0.04499978607416252	0.09474607708066933	0.18316494552346213
0.13634268707192626	0.1665591702699021	0.18000878038287088	0.16372912588290556	0.030487818362507996	0.044987268240325534	0.09459808965339916	0.18328706013616228
0.13653042439672705	0.16645422645999036	0.1798236047866256	0.16360851815113103	0.030462290245755433	0.04499692096139943	0.09482489370645095	0.18329912129191994
0.1368637525254119	0.166413604278083	0.17917000818155754	0.16387658799941124	0.030489756556641837	0.04500171941958045	0.0947732932885728	0.18341127775074098
0.13695338318039763	0.1665299132763252	0.17906957638268275	0.16391005479869805	0.03044925251927326	0.044989967615931506	0.09468944048931764	0.18340841173737377
0.13721708999405988	0.16650884752960068	0.17899912764676137	0.16398217394088183	0.030490454983283427	0.0449816525588138	0.09461415443025992	0.18320649891633883
0.13687226279932313	0.16649129434308702	0.17894752985915835	0.16420867767559733	0.030487596861766303	0.04499455494855922	0.09464506123979574	0.1833530222727127
