0.37566922046143636	0.3746406071348643	0.24969017240369945
0.37564623927949775	0.3746349680422187	0.24971879267828365
0.37560174710193384	0.37466110828184285	0.24973714461622343
0.37558746970752	0.3746484009453184	0.2497641293471617
0.375643183818658	0.3746345104896438	0.2497223056916983
0.37562567862382545	0.37466430727277533	0.24971001410339932
0.37558456993880374	0.37467411835574344	0.24974131170545297
0.37561027628097193	0.3746594885983255	0.24973023512070266
0.3756250505946324	0.37464779257994724	0.24972715682542046
0.37568162305177555	0.3746197881843187	0.24969858876390585
0.37566053246180564	0.3746240921669512	0.24971537537124328
0.3756178203557042	0.37467398179706823	0.2497081978472277
0.37567370041642817	0.3746286060692573	0.24969769351431467
0.3756341988495339	0.3746523498162786	0.2497134513341876
0.3756138241213547	0.37466916122476723	0.2497170146538782
0.37563955360471146	0.3746692611572104	0.24969118523807826
0.3756478661489937	0.37463902932940485	0.2497131045216016
0.37564461924743797	0.3746249297241757	0.24973045102838642
0.3756688198253376	0.37464241034507745	0.24968876982958504
0.37557570453294487	0.3746403856209314	0.24978390984612384
0.3756012305636088	0.3746489756177382	0.24974979381865314
0.3756093448717267	0.3746247046699129	0.24976595045836053
0.37565522793783057	0.37465808482227275	0.2496866872398968
0.3756401040645267	0.37463773093976743	0.249722164995706
0.375667045708066	0.37462834896350117	0.24970460532843294
0.3755891550427166	0.3746494318239882	0.2497614131332953
0.37566239818557945	0.3746509025212831	0.24968669929313758
0.37565473464738464	0.3746378598462471	0.24970740550636833
0.37562301867422354	0.3746212139717342	0.24975576735404234
0.37560771024630035	0.37463294732130176	0.24975934243239795
0.3755985907795086	0.37463533493803614	0.24976607428245537
0.37560378278122536	0.3746562263229053	0.24973999089586946
0.37561297387204323	0.37467283881037994	0.24971418731757694
0.3756100950646312	0.3746179802709102	0.2497719246644587
0.37563862638464746	0.3746736458236577	0.24968772779169496
0.37566227139707054	0.37464897523142926	0.24968875337150032
0.3756177534541276	0.37466802723369114	0.24971421931218135
0.37562292675888753	0.3746648328419673	0.2497122403991453
0.3756705754307173	0.37462778859861806	0.24970163597066475
0.37564516425408345	0.3746308248957742	0.24972401085014242
0.37563490706241187	0.37467480380905455	0.2496902891285337
0.37567771758480356	0.374623839193916	0.24969844322128054
0.3755876803593132	0.37466748021526686	0.24974483942542003
0.3755937971652418	0.3746394831724948	0.2497667196622635
0.37566633522133713	0.3746172456045405	0.2497164191741225
0.37561010853042187	0.3746189899068709	0.24977090156270734
0.3756181342968878	0.37462413078687745	0.24975773491623487
0.37565628710247806	0.3746296566099311	0.24971405628759097
0.3756058692106833	0.3746658133515711	0.2497283174377457
0.3756063276148231	0.37465793582995344	0.24973573655522355
0.3756354270850051	0.37462449879418686	0.24974007412080815
0.37565983404947245	0.3746193304737409	0.24972083547678675
0.3756052988400362	0.37462066607622435	0.24977403508373958
0.3756101876557745	0.37464124716941444	0.24974856517481125
0.3755934681462072	0.37462074035689974	0.24978579149689317
0.3756167890157661	0.37463307130389717	0.24975013968033682
0.37566779133933836	0.37464187998653853	0.24969032867412322
0.3756469762644571	0.37462622750880614	0.24972679622673688
0.3755712455955447	0.3746712316371781	0.2497575227672773
0.3756073818934459	0.3746268693027932	0.249765748803761
0.3755740112697693	0.37464400694204963	0.2497819817881812
0.3755765846402326	0.37464416607256756	0.24977924928719997
0.3756106216010563	0.37463988697928596	0.24974949141965785
0.37562164707145757	0.37464541921983413	0.2497329337087084
0.37560108054342933	0.374646578434278	0.24975234102229277
0.3755744246400284	0.3746469422699451	0.24977863309002662
0.3756173628178904	0.3746465112122939	0.24973612596981576
0.37558690869989014	0.37466596171164346	0.24974712958846648
0.3756421922180978	0.3746610656236576	0.24969674215824472
0.37561499244987107	0.3746753960766079	0.24970961147352116
0.37567428145461373	0.3746222762998979	0.24970344224548846
0.3755822102692206	0.37463459127531923	0.24978319845546032
0.37561972840087293	0.3746256335081217	0.24975463809100545
0.3756586064964617	0.3746407611372398	0.24970063236629858
0.37561029594137757	0.3746198078714955	0.24976989618712703
0.3755944269794699	0.37463250928637937	0.24977306373415087
0.3756610493321711	0.3746490940849736	0.24968985658285542
0.3755772383619554	0.3746611426147701	0.2497616190232746
0.37559197887426143	0.37465115230764623	0.24975686881809245
0.37559559620619987	0.37465734642547954	0.2497470573683207
0.37562408327520375	0.37463530559179403	0.24974061113300233
0.3756040131840976	0.37464647476829077	0.24974951204761175
0.3756128512415407	0.3746736353978992	0.24971351336056016
0.37563453710497047	0.37465642819062145	0.24970903470440817
0.3756251540676837	0.37462761180283044	0.2497472341294859
0.3756269684248148	0.3746568860866377	0.2497161454885476
0.375620535506025	0.37465002697610494	0.2497294375178702
0.3756013225468538	0.3746423982485881	0.24975627920455823
0.37563510246023557	0.3746303489933849	0.2497345485463796
0.37557596351017747	0.37465610539692334	0.2497679310928993
0.3755706010937988	0.3746519981827092	0.24977740072349208
0.3756416943868571	0.3746268330913365	0.24973147252180655
0.37565492876716366	0.37461762480665883	0.24972744642617756
0.3756203588940068	0.37466066612236465	0.24971897498362866
0.37557713896803135	0.3746573847729986	0.24976547625897016
0.3756276028999209	0.37464170980451256	0.24973068729556666
0.37568329640178477	0.3746224765150942	0.2496942270831211
0.37558716719132246	0.3746486935353144	0.24976413927336327
0.3755933253281574	0.374660620110271	0.24974605456157167
0.3756022995238173	0.3746524071377769	0.2497452933384059
0.37562850309442775	0.3746294993419953	0.24974199756357707
0.3755743795631886	0.3746669961783976	0.24975862425841394
0.37559528702216005	0.3746450864057566	0.2497596265720834
0.3755916678189029	0.3746641783610043	0.2497441538200929
0.37561431105005566	0.3746602897510039	0.24972539919894055
0.37568394181763337	0.37462943369453927	0.24968662448782747
0.37560762065504344	0.37465712475235724	0.24973525459259938
0.37560612829326245	0.37466451581834914	0.24972935588838852
0.3756229201853301	0.3746539521016887	0.24972312771298133
0.37559556470207456	0.3746263234040076	0.2497781118939179
0.3756144984306635	0.3746537910226107	0.24973171054672588
0.3756370328256436	0.374624350937533	0.24973861623682353
0.37557404077378476	0.3746518238305191	0.24977413539569626
0.3755721539595747	0.3746743411730188	0.24975350486740663
0.3756336950568973	0.3746203230816896	0.2497459818614132
0.3756039482227587	0.3746683209205697	0.24972773085667171
0.3756204796180925	0.3746462155509758	0.2497333048309318
0.37563958629723143	0.37462509931050175	0.24973531439226693
0.37559675230644063	0.3746355283781767	0.24976771931538272
0.37558311068800365	0.3746480521165532	0.2497688371954432
0.3756685137120659	0.37462947269938074	0.24970201358855348
0.37562889593181426	0.3746701215517965	0.24970098251638928
0.37565618928450034	0.37464073602684106	0.2497030746886587
0.3756186439775184	0.3746559108045213	0.24972544521796047
0.37564833275384213	0.37462791548000174	0.24972375176615624
0.375604422325813	0.37461972530475973	0.2497758523694274
0.3756851585681936	0.3746274059641324	0.24968743546767402
0.3756503186640825	0.37463063042848405	0.24971905090743352
0.375578410320143	0.3746449735500222	0.24977661612983493
0.375638621006971	0.37462840846440953	0.24973297052861954
0.37556955769563877	0.3746547939048996	0.24977564839946179
0.3756026941229336	0.37466748681871215	0.2497298190583544
0.37560915320797705	0.37463534144168686	0.2497555053503362
0.37564798586491366	0.3746555177324648	0.24969649640262165
0.3756047435631993	0.37466911193283436	0.2497261445039665
0.3755993836259622	0.3746218746489369	0.24977874172510103
0.37562363143537164	0.37465453562570544	0.24972183293892306
0.3755738141569527	0.3746661342276467	0.24976005161540074
0.3756517231827652	0.3746263289196235	0.24972194789761143
0.3756649369908881	0.37463115534056973	0.24970390766854228
0.3755861457366021	0.3746465354759484	0.24976731878744962
0.375683179338318	0.37461720777769714	0.24969961288398493
0.37568516261463186	0.3746176121852348	0.24969722520013346
0.3756046663335006	0.3746719960669819	0.24972333759951756
0.3756428811041016	0.3746210424352178	0.24973607646068063
0.3756324756221707	0.3746677596881951	0.24969976468963423
0.3755759905768985	0.3746379661113201	0.24978604331178147
0.37562592924349564	0.3746663669531296	0.24970770380337487
0.3756475581571688	0.3746314507111225	0.24972099113170879
0.3756350465393259	0.3746268372343753	0.24973811622629893
0.37562401095837944	0.37462836711860603	0.24974762192301464
0.3755791137895676	0.3746365738641024	0.2497843123463302
0.37561650677080377	0.37463583962344515	0.24974765360575119
0.37565443120826536	0.3746361834395461	0.24970938535218867
0.3756780793000568	0.37462773941260064	0.24969418128734264
0.3755859303117282	0.374647304173105	0.2497667655151669
0.37560625993553765	0.3746479476764195	0.24974579238804298
0.3755962638515511	0.3746439104491806	0.2497598256992684
0.3756294736871579	0.3746531529748082	0.249717373338034
0.3755977463377982	0.3746320470253181	0.24977020663688382
0.37560821276042156	0.3746628223294655	0.24972896491011304
0.37559429854966475	0.37465810509804487	0.24974759635229052
0.37563854671490965	0.37466356054009237	0.2496978927449981
0.375574683135466	0.3746686436595393	0.24975667320499484
0.37567156732535106	0.3746388292144229	0.24968960346022617
0.3756061699880842	0.3746640690223001	0.24972976098961575
0.37563417431413515	0.3746688155057975	0.24969701018006746
0.3755793913621921	0.3746575343690536	0.2497630742687544
0.375659377243306	0.37463160067520934	0.24970902208148477
0.3756666889538673	0.374623060322356	0.24971025072377684
0.3756467804629293	0.37465719046453333	0.2496960290725375
0.375596644273659	0.37466960085467066	0.24973375487167043
0.37559471852027276	0.3746177852975673	0.2497874961821601
0.3756183628766454	0.37462196482619	0.24975967229716473
0.3756101941528326	0.3746425265583452	0.24974727928882237
0.3756732605861969	0.3746204334598986	0.24970630595390458
0.37565122690361336	0.37461817931788993	0.2497305937784968
0.3756390279500375	0.37465073050242875	0.24971024154753385
0.3756657922517686	0.3746238499347798	0.2497103578134517
0.37565841602162736	0.37463562300799164	0.2497059609703811
0.375644513143995	0.3746672271232321	0.24968825973277298
0.3755957233481779	0.3746617874405879	0.24974248921123426
0.37562437013131705	0.37465610252378595	0.2497195273448971
0.3756796173071459	0.37462833000394474	0.24969205268890948
0.3756231499151569	0.37464211079823273	0.2497347392866105
0.37560489119115864	0.3746340388901924	0.249761069918649
0.3756523905692638	0.3746551557227454	0.24969245370799087
0.3755761992177424	0.37467586559858745	0.24974793518367028
0.37559338928758934	0.3746416262311337	0.2497649844812771
0.3756792834262558	0.374630718099292	0.24968999847445233
0.3756245526429387	0.3746273350339074	0.249748112323154
0.3755851584019692	0.3746686311307848	0.2497462104672461
0.3756131440756231	0.3746309114475625	0.24975594447681454
0.3755948012803124	0.3746369348845856	0.2497682638351021
0.37561260146598685	0.374662984660657	0.24972441387335625
0.37560695074931544	0.3746717292258036	0.2497213200248811
0.37563285388858614	0.3746714063950391	0.2496957397163749
0.3755977064481598	0.37464532224189373	0.24975697130994656
0.3755908311452452	0.374654444013382	0.24975472484137293
0.3756195060761458	0.3746384776873301	0.24974201623652414
0.3756216149130083	0.37464872634900204	0.2497296587379898
0.3755928459556282	0.3746472967084957	0.24975985733587613
0.37564100569509673	0.3746268341158832	0.2497321601890202
0.37562088929225357	0.37466079878700037	0.24971831192074617
0.37563056699396735	0.3746319221850895	0.24973751082094325
0.3756119333373856	0.374640422872613	0.24974764379000147
0.37560682781913735	0.37463128332352147	0.2497618888573413
0.3755907113984825	0.37466056633576744	0.24974872226575018
0.37562225586970577	0.3746501782826271	0.2497275658476672
0.37564149088464005	0.37463506363349564	0.24972344548186443
0.37560523637523446	0.37462632102130805	0.2497684426034576
0.37558218752831896	0.3746463637952916	0.24977144867638956
0.37568050667482333	0.3746186066447754	0.24970088668040133
0.37567626510499763	0.3746300977602692	0.24969363713473328
0.3756200445762228	0.3746249090193998	0.2497550464043775
0.3756118346834591	0.37464992873867564	0.24973823657786537
0.37560843147416306	0.37464172692526376	0.24974984160057323
0.3755970533191733	0.3746204767010913	0.24978246997973552
0.3755928879338206	0.3746507978680602	0.24975631419811928
0.37559999735946253	0.3746342325176416	0.2497657701228959
0.3756169236037828	0.3746242759579982	0.24975880043821916
0.3756378661171621	0.3746447967545319	0.24971733712830613
0.3756173906303551	0.3746751053222855	0.24970750404735953
0.3756163098166998	0.3746669797281842	0.24971671045511618
0.3756215147083629	0.37465665136493387	0.24972183392670333
0.3755853404189216	0.37467484705029874	0.24973981253077976
0.37557465766974896	0.3746582896888624	0.2497670526413887
0.375612787264596	0.3746593229723744	0.24972788976302968
0.3756621926687358	0.3746368397072692	0.24970096762399513
0.37561838181029267	0.3746212994594868	0.24976031873022064
0.3756506251474121	0.3746378909718567	0.24971148388073133
0.3756519713157069	0.3746259856892432	0.24972204299505002
0.3756110698655419	0.3746340544699727	0.24975487566448545
0.375630546505474	0.37462164573945905	0.24974780775506705
0.3755915141741469	0.37466846874431053	0.24974001708154273
0.3755803829203243	0.3746604319933709	0.2497591850863049
0.37566558694838786	0.37463633102280414	0.24969808202880808
0.37568498340003803	0.37462435476808936	0.2496906618318727
0.3755962656341362	0.3746319433612561	0.24977179100460783
0.3756347202015066	0.3746311032394049	0.24973417655908858
0.3756426971810086	0.3746580798766273	0.24969922294236419
0.3756508939538858	0.3746294862704881	0.24971961977562623
0.3756387549713093	0.3746246218469503	0.24973662318174056
0.3755886019779713	0.3746615408715363	0.24974985715049253
0.3756934632093936	0.37461969865677136	0.2496868381338351
0.37568946022714356	0.3746202617885667	0.2496902779842898
0.37560591209623156	0.3746636361328791	0.24973045177088943
0.37558625231245846	0.3746271158005305	0.24978663188701117
0.37568416712811736	0.37462480519435737	0.24969102767752532
0.37561829938002766	0.3746560047734649	0.2497256958465075
0.3755705819063479	0.37464178522473957	0.24978763286891267
0.37562014842556907	0.3746453029985879	0.24973454857584315
0.3756605104693188	0.3746214542624229	0.24971803526825842
0.375586751279861	0.3746616903154723	0.24975155840466673
0.3756189243554618	0.3746679607861759	0.24971311485836234
0.3756103841469714	0.3746401050671613	0.24974951078586743
0.3756193301214723	0.3746262817412967	0.2497543881372311
0.37560511858670187	0.37461868736432086	0.24977619404897736
0.3756489794480848	0.3746360932154807	0.24971492733643458
0.37560986680576436	0.3746627319180694	0.24972740127616627
0.37557867348074414	0.37467099060599435	0.2497503359132616
0.37558254132817703	0.37463753129142807	0.249779927380395
0.37566675543280437	0.3746406926584874	0.24969255190870837
0.37564433543024967	0.37464344326340354	0.2497122213063469
0.3756497433053683	0.3746364671242076	0.24971378957042417
0.3756650025705051	0.3746385640004647	0.24969643342903028
0.3756136446317821	0.374667390983156	0.24971896438506203
0.37564366611268674	0.37463119156121105	0.24972514232610232
0.3756450771618481	0.37462210480865005	0.24973281802950198
0.37560051128913663	0.37467458453674357	0.2497249041741199
0.37560580802451526	0.37463665865328183	0.24975753332220296
0.3756196796310188	0.3746595546330094	0.24972076573597196
0.3755726434250514	0.37465891049281824	0.24976844608213045
0.3755748654089788	0.3746512316522178	0.24977390293880358
0.37564932853908045	0.3746544082406529	0.24969626322026678
0.37563086190863443	0.37467353865866987	0.24969559943269581
0.3756913442508655	0.3746222367102792	0.2496864190388554
0.3755967079997131	0.37462898061869665	0.24977431138159034
0.3755872477175652	0.3746615232279237	0.24975122905451128
0.3756362008799815	0.37466962604213344	0.2496941730778852
0.3756353348663684	0.3746484129060517	0.24971625222757998
0.37566194598455765	0.37462896367892945	0.249709090336513
0.37564187405332483	0.37462339159998204	0.24973473434669324
0.3755827280734088	0.37463205870411587	0.24978521322247543
0.3755813222586699	0.37466210357230434	0.24975657416902583
0.3755717926194875	0.3746628828194727	0.24976532456103995
0.3756363009702807	0.37464210747788995	0.24972159155182944
0.3756215687750879	0.37465396174996307	0.24972446947494914
0.3755939128904774	0.3746567004757587	0.249749386633764
0.3756097291807832	0.37462077651387	0.24976949430534687
0.3756382191957413	0.3746181452875187	0.24974363551674011
0.37563936985478175	0.3746447776843584	0.24971585246085998
0.37562352582548	0.37461794830826434	0.24975852586625574
0.37557991773394606	0.3746318640993794	0.24978821816667465
0.37562119641873914	0.374653903570801	0.24972490001046
0.3755755975303692	0.3746662625979974	0.24975813987163353
0.3755980969969297	0.3746433435705444	0.24975855943252598
0.3756368892304385	0.37465424411497794	0.24970886665458375
0.3756346187722063	0.37467083455595895	0.24969454667183488
0.37562297771096703	0.3746286213237155	0.24974840096531759
0.37566424805584586	0.37462152223794903	0.2497142297062052
0.3756168309765995	0.37466792812747357	0.24971524089592706
0.3755844660825273	0.37467181384309145	0.2497437200743813
0.3755717293735384	0.37466223198655957	0.24976603863990215
0.37556907538576445	0.3746429478013257	0.24978797681291004
0.37567792921303966	0.37463103830608635	0.2496910324808741
0.3755725981006216	0.3746746041928689	0.24975279770650954
0.3756539929150988	0.3746418034038558	0.2497042036810455
0.3755969981038592	0.3746569265222882	0.2497460753738527
0.3756408647227452	0.37466261698468956	0.24969651829256537
0.37563057457417165	0.3746735312742575	0.24969589415157092
0.37559189976069385	0.37463428126762344	0.24977381897168288
0.3756277676911039	0.37465196277640345	0.24972026953249277
0.37564097695013293	0.3746253017688334	0.24973372128103377
0.37560507125897435	0.3746698239055748	0.24972510483545096
0.3756619176588899	0.3746346524556259	0.24970342988548433
0.3756820535719381	0.374626562431287	0.24969138399677496
0.37557069305246277	0.37465893581073906	0.24977037113679826
0.37564026575438836	0.3746646585812992	0.24969507566431254
0.3755875842607975	0.3746727688570288	0.24973964688217376
0.3756623028536591	0.3746402915783679	0.24969740556797312
0.3755759453206753	0.3746408056347231	0.24978324904460175
0.3756180738658778	0.37467145263392715	0.24971047350019515
0.37559153224106306	0.3746441220096957	0.24976434574924133
0.3756215549955444	0.37466674459556637	0.24971170040888938
0.3756446296719674	0.37462679649850117	0.24972857382953156
0.37567521220726496	0.3746236425278958	0.24970114526483927
0.3756271206470902	0.3746582293764482	0.2497146499764617
0.37559694799095705	0.3746554159924579	0.24974763601658517
0.3756166039936372	0.3746504290206517	0.24973296698571118
0.3756372517813852	0.3746516920058157	0.2497110562127992
0.37565727899641144	0.3746318999736199	0.24971082102996878
0.37565964730467616	0.37463684707578404	0.2497035056195399
0.375680148823291	0.3746283852666536	0.24969146591005553
0.3756317295608663	0.3746188794320048	0.249749391007129
0.37558856036932	0.37466349904929075	0.24974794058138935
0.37556808475154446	0.37465365529188	0.24977825995657568
0.37557473133880703	0.37466977908122656	0.24975548957996654
0.3755844385083094	0.3746573154761782	0.24975824601551255
0.3755933117202717	0.37467382208977834	0.24973286618995005
0.37558818243172987	0.37464202112837974	0.2497697964398905
0.37561149643620273	0.3746637217264396	0.2497247818373578
0.37559440166216396	0.37465001733148395	0.24975558100635215
0.3756611180351715	0.37462667481248346	0.24971220715234516
0.3756377783045194	0.37464307667968033	0.2497191450158004
0.37565970175186364	0.3746398108431836	0.24970048740495288
0.37562368190428286	0.3746300812416452	0.24974623685407205
0.37566480167401495	0.37463007498101214	0.24970512334497305
0.3755854422363728	0.3746272167004465	0.2497873410631808
0.375613282635255	0.37461749017089957	0.24976922719384556
0.37568328681545593	0.37462522961951017	0.249691483565034
0.375580481632544	0.37465240379008036	0.24976711457737583
0.3756346183712856	0.37466781606741556	0.24969756556129896
0.3755764531163318	0.3746718506286879	0.24975169625498042
0.37560312567690646	0.3746691887007716	0.24972768562232206
0.37564391844263906	0.37466883141318696	0.24968725014417403
0.3755976959144797	0.37463233541664936	0.24976996866887102
0.3756779241621727	0.3746206491207984	0.24970142671702894
0.37558169552131937	0.374650591908847	0.2497677125698338
0.3756479692959082	0.37461769872806494	0.24973433197602696
0.3756354440015513	0.3746707226141863	0.24969383338426246
0.37565342763364173	0.3746544222107755	0.24969215015558288
0.3756256714426951	0.3746364902713094	0.24973783828599558
0.3756456923911591	0.3746374682178076	0.24971683939103348
0.3756501316565676	0.37462286393687205	0.24972700440656048
0.37560665176943314	0.37465780115445313	0.24973554707611384
0.3755830878436406	0.3746739506856203	0.2497429614707392
0.37559345032957625	0.3746579555305498	0.24974859413987405
0.3756510940278919	0.3746287027168092	0.24972020325529903
0.3756007712662991	0.3746385271929736	0.24976070154072744
0.37559450439240155	0.37464312734977484	0.24976236825782372
0.3756622372415847	0.3746436269004501	0.2496941358579653
0.37563092215511784	0.3746687515682239	0.24970032627665842
0.3756151535272234	0.37461896326418465	0.249765883208592
0.375654211678035	0.3746380753276717	0.24970771299429345
0.3756282518188116	0.37462026600137827	0.24975148217981025
0.3756306871873407	0.37461867774254143	0.24975063507011797
0.3755818961577344	0.37463632033095967	0.24978178351130603
0.3756172331503804	0.37464938230463596	0.24973338454498373
0.37564115385786856	0.3746448741746607	0.24971397196747086
0.375626417579824	0.374621780976506	0.2497518014436701
0.37563670471524524	0.37467353202471065	0.24968976326004422
0.37559859207873153	0.374634834251007	0.2497665736702616
0.37558549678509434	0.37466946798271633	0.24974503523218944
0.3755824059759769	0.37464177401580645	0.24977582000821674
0.37561691239126593	0.3746675228070053	0.2497155648017289
0.37566200429282653	0.37464535474803173	0.24969264095914184
0.3756022876464309	0.3746496612326891	0.2497480511208801
0.3756023293109362	0.3746532665924145	0.2497444040966494
0.37561870758955346	0.37467225790923553	0.24970903450121112
0.3755771770713755	0.3746750106412563	0.2497478122873683
0.3756658912093055	0.37462036701434476	0.24971374177634986
0.3756447256785007	0.3746323552049916	0.24972291911650776
0.3756366136888054	0.3746507251560697	0.24971266115512503
0.3756099969272326	0.37462657404613775	0.2497634290266297
0.3755917158008589	0.3746210337299587	0.2497872504691825
0.37557291165314327	0.37465029202224953	0.2497767963246073
0.3756377979613746	0.37466643334075017	0.2496957686978753
0.37561004859510927	0.3746281362280505	0.2497618151768403
0.3756703498919152	0.37462905017896253	0.24970059992912236
0.37559794203307234	0.3746275735204689	0.2497744844464589
0.3755953138559128	0.3746410477740272	0.2497636383700601
0.37557829290500916	0.3746481699879928	0.2497735371069982
0.37563575106933494	0.3746178917944331	0.24974635713623206
0.3755881667193488	0.37464939285114435	0.249762440429507
0.375649343220054	0.3746544359362813	0.24969622084366483
0.37557851626605054	0.37465191220828975	0.24976957152565987
0.3755891091199149	0.3746564613566458	0.2497544295234394
0.3756082886277205	0.3746360771213602	0.2497556342509194
0.37565487230928823	0.37462202891203245	0.2497230987786795
0.3756477233874973	0.37466449862666373	0.2496877779858391
0.3756498496563971	0.37465561144358417	0.24969453890001886
0.3755821297421638	0.37464594650807564	0.24977192374976065
0.3756767624556049	0.3746288597751396	0.24969437776925563
0.3756140977486075	0.37461715775657856	0.24976874449481407
0.3756126530902308	0.3746667793430096	0.24972056756675973
0.3755873324566318	0.3746759224713917	0.24973674507197663
0.37567732440434287	0.3746324397572805	0.24969023583837674
0.3756298286850491	0.37466677399164394	0.24970339732330704
0.37564002381727724	0.37462433438483844	0.24973564179788443
0.37560962089452565	0.374625227524328	0.24976515158114643
0.37561257481306803	0.37466847055139846	0.24971895463553362
0.3756477930231871	0.37462295408908136	0.24972925288773162
0.3756598441739527	0.37465299147129716	0.24968716435475022
0.3756036800244733	0.3746448529020037	0.24975146707352308
0.3756591414177333	0.37463371590966843	0.24970714267259841
0.3756245807699836	0.37466970027860536	0.24970571895141114
0.3755958143817044	0.37467189495829745	0.24973229065999825
0.3756718077204359	0.37462689302320734	0.24970129925635687
0.37559028423356866	0.3746249018427749	0.2497848139236565
0.37557754922447906	0.37464270409356853	0.24977974668195255
0.3756663606858603	0.37461805550094157	0.24971558381319825
0.3755950451544471	0.3746630397903	0.249741915055253
0.37565321442653526	0.3746285727672851	0.24971821280617973
0.37566138902824386	0.3746479913869988	0.24969061958475744
0.37563502130060217	0.3746304803702246	0.24973449832917335
0.37569183356371233	0.37462076826562085	0.2496873981706669
0.37563973596859784	0.37464049899887525	0.24971976503252702
0.3756058250897368	0.37466278022554167	0.24973139468472166
0.37560113870222944	0.3746566201793174	0.24974224111845325
0.37565412088766986	0.37463770063704915	0.2497081784752811
0.37563238311935243	0.37462139129544586	0.24974622558520188
0.3755864999483136	0.3746311963393044	0.24978230371238208
0.37562205791967773	0.3746242672907126	0.2497536747896098
0.375591560496019	0.3746484768758717	0.24975996262810937
0.375637983782187	0.3746616881529902	0.2497003280648229
0.37562783283867146	0.37466827298701955	0.2497038941743091
0.3756041933606324	0.37464439902603264	0.24975140761333509
0.3756299776578025	0.3746548359612177	0.24971518638097992
0.37562432067591855	0.37463747601112984	0.24973820331295177
0.375598821444152	0.3746442388096514	0.24975693974619662
0.37562955174635637	0.37467319505771157	0.24969725319593217
0.37558784081443075	0.3746354803078378	0.24977667887773158
0.3756151759549528	0.3746390836556225	0.2497457403894248
0.3756449494735854	0.3746530476551507	0.24970200287126407
0.37563138439759086	0.3746522444222218	0.24971637118018747
0.3756103681146118	0.374634592339642	0.24975503954574624
0.3755771469129725	0.3746631182360477	0.2497597348509799
0.37557459870385873	0.3746652721508103	0.24976012914533108
0.3755857596120355	0.3746749203973165	0.24973931999064808
0.37558630934405624	0.3746521058038985	0.2497615848520453
0.3756541404624076	0.37463635465151957	0.24970950488607296
0.3756036777814959	0.3746211601513452	0.249775162067159
0.37556918962318486	0.37467100592711455	0.24975980444970072
0.3756112079092422	0.3746174572605757	0.24977133483018227
0.3756572405106189	0.37464847003597035	0.24969428945341085
0.37560569257048704	0.37466600702417036	0.24972830040534275
0.3756505024916361	0.37464313042149355	0.24970636708687044
0.3756044418834029	0.3746451515911095	0.24975040652548766
0.3755691548108406	0.3746732358769427	0.2497576093122168
0.37559813089815564	0.37464034768767895	0.2497615214141655
0.3756029745803299	0.374661183420866	0.24973584199880428
0.3756288706860182	0.3746270299060835	0.24974409940789843
0.3755881434224511	0.374673275297685	0.24973858127986404
0.3756568912748079	0.374654942824222	0.2496881659009702
0.3756192788052755	0.37465719389235763	0.24972352730236697
0.3756375320377508	0.3746360811493049	0.24972638681294437
0.37559046105434213	0.3746659481199015	0.24974359082575648
0.375579467694119	0.3746683912932013	0.24975214101267984
0.3756388175158867	0.3746182631417353	0.24974291934237808
0.37559370435842715	0.37466103577458976	0.2497452598669832
0.37561687373794356	0.37465514640811837	0.2497279798539382
0.37565811935420684	0.374649362118169	0.24969251852762425
0.37568549112543104	0.37461770858435306	0.24969680029021596
0.37567111473897885	0.3746221422857033	0.24970674297531797
0.37558794835000087	0.374638449229043	0.24977360242095625
0.3756531459033252	0.37463741442182635	0.24970943967484854
0.37560818001110075	0.37465606834627646	0.24973575164262288
0.3756559392902124	0.3746367529487057	0.24970730776108196
0.37565866452961383	0.37465083068726196	0.24969050478312435
0.37559605987447764	0.3746430699607176	0.24976087016480486
0.37565197549414603	0.37462266838814606	0.24972535611770802
0.37562397150595567	0.3746713083099866	0.24970472018405787
0.3756188102378615	0.37462769672463914	0.2497534930374995
0.37564704768703816	0.3746364095337474	0.24971654277921457
0.3756633480065763	0.37464381427717636	0.24969283771624748
0.3755880454113484	0.374657081052672	0.24975487353597975
0.3756395543314991	0.3746295267597405	0.24973091890876054
0.3755980351507563	0.3746459666655395	0.24975599818370436
0.3756428279853036	0.37465224721056245	0.2497049248041341
0.3756256712428013	0.3746182958957113	0.2497560328614875
0.3755823283268665	0.37466567188879785	0.24975199978433577
0.3756663207111816	0.3746467875642113	0.24968689172460717
0.3755958558509988	0.37462999852646295	0.24977414562253833
0.37562917923405537	0.3746550044069123	0.24971581635903245
0.3756121407411525	0.37462204757814355	0.24976581168070403
0.3756034809320615	0.3746461941405924	0.2497503249273462
0.375634843735679	0.37461899060854753	0.24974616565577357
0.37559032032533	0.37462822380012506	0.2497814558745451
0.37562384724207004	0.37464447599551864	0.24973167676241143
0.3756546628837897	0.37464430699065343	0.249701030125557
0.37559774565179355	0.37463553925507065	0.2497667150931359
0.3756768700818942	0.3746326344000218	0.24969049551808403
0.3756205550934958	0.3746195366043553	0.249759908302149
0.3756295255444218	0.3746271752654687	0.24974329919010968
0.3756210298442808	0.3746590036847762	0.24971996647094302
0.3756127113190738	0.37467132879233545	0.2497159598885908
0.3756631927642717	0.3746268141491107	0.2497099930866177
0.3755955252364987	0.37467329147048883	0.2497311832930126
0.3755891643112212	0.37466228256795747	0.24974855312082148
0.3755857509019734	0.37466224709637075	0.24975200200165598
0.37560963308022133	0.3746315513562598	0.24975881556351903
0.3756805563062369	0.3746207089319999	0.24969873476176332
0.37558059508242825	0.3746633011816639	0.24975610373590795
0.3755711195893301	0.37465482583138565	0.2497740545792843
0.37559528015536203	0.37463476978690113	0.249769950057737
0.37565461758850205	0.3746484754378395	0.24969690697365848
0.37562131637062623	0.374649609534356	0.24972907409501788
0.3756381410036969	0.3746734004512655	0.24968845854503766
0.3756616026661771	0.37464513490102597	0.24969326243279702
0.3756784318788448	0.3746295645842473	0.249692003536908
0.37562333038793755	0.37462400233308996	0.2497526672789726
0.37562425166048546	0.3746422599309908	0.24973348840852383
0.37561866653309045	0.3746306937968251	0.24975063967008457
0.375572203889349	0.3746712026959706	0.24975659341468057
0.37565333315493493	0.3746354438991798	0.24971122294588535
0.3756093819535114	0.37466236073210346	0.24972825731438525
0.37559572551653325	0.374665153909287	0.24973912057417985
0.37557415221036144	0.3746559649122363	0.24976988287740237
0.3756105855015217	0.37466994712878243	0.24971946736969597
0.37559227035716214	0.37463277600792017	0.2497749536349178
0.3756042591554922	0.3746435115669093	0.24975222927759863
0.37566778374854	0.3746426261600279	0.24968959009143218
0.3756694086822559	0.37463819619301103	0.2496923951247332
0.3756477394402775	0.3746609859444003	0.24969127461532234
0.37565527217655065	0.37462979554891446	0.249714932274535
0.375621901276237	0.3746273776959075	0.24975072102785562
0.3756145952402311	0.37464143952244167	0.24974396523732728
0.3755972403689835	0.3746270382265096	0.24977572140450696
0.37559595800924733	0.37463550699838216	0.24976853499237062
0.3755802271188694	0.374664112742175	0.24975566013895573
0.37559454469027875	0.3746401709290337	0.24976528438068762
0.3756233282162529	0.37464788032488766	0.24972879145885957
0.3755964904721344	0.3746574769077871	0.24974603262007855
0.37566341825750443	0.37462243620783575	0.2497141455346599
0.37557333683753713	0.37466390484685375	0.24976275831560918
0.37564140662668766	0.374665491554881	0.24969310181843146
0.3756759544615938	0.374632078914707	0.24969196662369925
0.37567062031460025	0.37464024715906236	0.24968913252633756
0.3756470887435756	0.3746170565322452	0.24973585472417933
0.37564745722682824	0.37462414828765733	0.24972839448551457
0.37558241158126837	0.3746717331585086	0.24974585526022314
0.3755711787110106	0.374665029150528	0.2497637921384615
0.3755899800793815	0.3746514498137184	0.2497585701069002
0.37559517794519026	0.37464334982207204	0.24976147223273779
0.3756489797748716	0.37465844392679115	0.2496925762983374
0.37560274841212865	0.3746710783887087	0.2497261731991627
0.37560196483054953	0.3746526248047864	0.2497454103646642
0.3756573191421953	0.3746356363145883	0.2497070445432165
0.37562904204340564	0.374661187527884	0.2497097704287104
0.37561033407553734	0.3746378723665186	0.24975179355794425
0.37563337472789093	0.3746687156899252	0.24969790958218396
0.3756258589305588	0.3746682681976927	0.2497058728717486
0.37567580776955956	0.37463590663958346	0.24968828559085712
0.3756008773286361	0.37465084291382666	0.24974827975753733
0.375583946692844	0.37464374773864634	0.24977230556850977
0.37558985781700893	0.3746640947206404	0.2497460474623508
0.3755749388400245	0.374644949667314	0.2497801114926616
0.37558218536270843	0.3746622762597877	0.24975553837750397
0.3756314295226805	0.37465554070455187	0.24971302977276766
0.3756605707833653	0.374651803075012	0.24968762614162282
0.37558730181949623	0.37462785599111575	0.2497848421893881
0.3755822362301874	0.3746680561066211	0.24974970766319166
0.3756446172690959	0.37465535553236484	0.24970002719853931
0.3756516240722404	0.37462732854906106	0.24972104737869866
0.37567933155199507	0.3746308890716009	0.24968977937640413
0.3756089288439894	0.37467581201149747	0.2497152591445133
0.37556900082597	0.3746601648770673	0.24977083429696278
0.37566710717101787	0.37464431339343096	0.24968857943555123
0.3755882609808806	0.37462627459875497	0.24978546442036448
0.37560741258072533	0.3746193108238395	0.24977327659543527
0.37561474412256035	0.37467164582553275	0.24971361005190698
0.37563416497398905	0.3746662445933805	0.24969959043263057
0.37560780730676363	0.3746606780703541	0.2497315146228824
0.3755918226584878	0.37465728378061547	0.24975089356089686
0.3755762897255789	0.37464488199780577	0.24977882827661552
0.3755950310049366	0.37466468816454823	0.24974028083051528
0.37563058691770485	0.37462511026806	0.24974430281423532
0.3756186938334643	0.37464848661100725	0.2497328195555285
0.37563915773794426	0.3746501884871333	0.24971065377492255
0.37562919931948774	0.37465138344084153	0.24971941723967084
0.3756506708326875	0.37464563091360614	0.24970369825370647
0.3756719308147447	0.3746302932225595	0.24969777596269593
0.37560684381107395	0.37465259298168374	0.24974056320724242
0.3756219714868847	0.37463044230807907	0.24974758620503631
0.37562747276519165	0.3746226189188826	0.24974990831592586
0.3756505149263293	0.37464990097765916	0.24969958409601162
0.37564331996338807	0.37462190067798296	0.2497347793586291
0.37562475763902636	0.37464151974232174	0.24973372261865204
0.375637812256425	0.37465385458021117	0.2497083331633639
0.3756335194556517	0.37466536951366164	0.24970111103068676
0.3755865909580047	0.3746437464214756	0.24976966262051986
0.3756401922036574	0.3746632092279353	0.24969659856840742
0.3756548869969842	0.37463943419850043	0.2497056788045155
0.37560646862954755	0.3746602745959455	0.24973325677450708
0.37566192741271537	0.37463135809981574	0.249706714487469
0.37560893863551326	0.37467385581435175	0.2497172055501351
0.37560094769037905	0.37463151954165774	0.24976753276796332
0.375657523487559	0.3746368393968501	0.24970563711559102
0.3756188781724459	0.37461707915198955	0.24976404267556465
0.3755985615441565	0.37466112418074515	0.24974031427509852
0.37562681699911993	0.3746711865628363	0.24970199643804386
0.3756648204833798	0.37464403990181055	0.24969113961480977
0.3756412678665721	0.3746622719254833	0.2496964602079447
0.3755923755712688	0.3746723761342198	0.2497352482945116
0.37566095823839424	0.3746515281083976	0.24968751365320832
0.37565099549463776	0.37465257225294357	0.24969643225241878
0.3756105371672959	0.3746678277414309	0.24972163509127324
0.375661453816427	0.3746267731026728	0.24971177308090028
0.3756776338052223	0.3746344860239124	0.2496878801708654
0.3756491000308956	0.3746596915045017	0.24969120846460288
0.37565852831837376	0.3746254946714424	0.24971597701018394
0.37562928276116453	0.374654836957069	0.24971588028176658
0.3756126945024627	0.3746597337514228	0.2497275717461146
0.375582698599093	0.37466355067488466	0.24975375072602246
0.3756279233931726	0.3746346114431674	0.24973746516366013
0.37564072323199543	0.37466345872576823	0.2496958180422365
0.3756153712509973	0.3746410967188287	0.24974353203017408
0.3756049140341229	0.3746496491619235	0.24974543680395372
0.3756157825648961	0.37465832329837734	0.24972589413672672
0.37564588667935894	0.3746386893061965	0.24971542401444463
0.37560571668800236	0.37465203790384705	0.2497422454081507
0.37560214797606156	0.37462513436953065	0.2497727176544079
0.37557879858297566	0.3746446257985447	0.24977657561847977
0.37559767350379264	0.3746273918581143	0.2497749346380932
0.37560382640764706	0.37462753581933256	0.2497686377730205
0.375663153967814	0.37464170310691314	0.24969514292527292
0.37560925792726607	0.37463081448999824	0.2497599275827358
0.3755863852030237	0.3746750894298566	0.24973852536711982
0.3756432863736959	0.37465990069988275	0.2496968129264215
0.37563846903583126	0.37465342954169023	0.24970810142247865
0.3756175359607893	0.37464542766083275	0.24973703637837807
0.37561547822059976	0.3746330384461586	0.2497514833332418
0.37557305739703195	0.3746598820199341	0.24976706058303405
0.37564743616731605	0.37465371526997465	0.24969884856270938
0.37558059433899166	0.37465305833754386	0.24976634732346453
0.37559834258832264	0.3746604710616657	0.24974118635001175
0.3755731893653947	0.3746385876656281	0.24978822296897735
0.3756607015843213	0.37462556790436985	0.24971373051130896
0.37562809115348805	0.3746562042400004	0.24971570460651166
0.3756313815335294	0.37463972639402515	0.24972889207244556
0.37563883259148934	0.374663292942909	0.24969787446560177
0.3756342155035937	0.3746550199552799	0.2497107645411265
0.3756617718673795	0.3746237795552657	0.24971444857735486
0.37562293492143284	0.37463537880645	0.2497416862721173
0.3756004140008376	0.3746738755299362	0.2497257104692263
0.3756401402330111	0.3746594802034225	0.2497003795635665
0.3756791375920975	0.37462110463741705	0.24969975777048553
0.37564962176319516	0.37462153651428964	0.24972884172251536
0.37558836128585393	0.37465604278541503	0.2497555959287311
0.3756460914329057	0.37464319331435003	0.24971071525274438
0.3756443476545115	0.37463012930607664	0.24972552303941195
0.3756477161929589	0.37463780410763614	0.24971447969940505
0.3755888516657256	0.3746337858899139	0.2497773624443606
0.375601869113349	0.37465277082946996	0.2497453600571812
0.37567596348637045	0.3746178683322097	0.24970616818141994
0.3756782346556625	0.3746183783745523	0.24970338696978528
0.3756716344538811	0.3746329674138309	0.2496953981322882
0.37564419895539836	0.3746292488723023	0.24972655217229942
0.37560021895997037	0.37466434926759334	0.2497354317724364
0.3756073999466612	0.37466134258452266	0.24973125746881625
0.3755705648332146	0.3746581920672918	0.24977124309949375
0.37558428089749407	0.3746398169569989	0.24977590214550718
0.37559732539640417	0.3746322141322966	0.2497704604712994
0.3756609006278094	0.3746521486052164	0.24968695076697436
