0.09327931752465926	0.14134375788132544	0.1729005053233928	0.21818775292401982	0.14463388937129135	0.049987594359941476	0.04478711216021711	0.13488007045515252
0.09385649760267947	0.14153498141017418	0.17159831496885475	0.21765397161914785	0.14409381897945933	0.052465808708365216	0.0445835485120331	0.13421305819928595
0.09602956376104538	0.14195201261903667	0.17137665159792806	0.2172889138262813	0.14320213323312783	0.051540825223309675	0.04451869582249085	0.1340912039167801
0.09525563363302715	0.13772953044191721	0.17277303818698714	0.2187183529814189	0.14379982530498428	0.05268244817003424	0.044831362293125426	0.13420980898850537
0.09203911582052353	0.14622373120167148	0.17140385669261216	0.21949144793358816	0.1401763989247242	0.05226433550341408	0.0447149161165588	0.13368619780690738
0.09235303371537135	0.14051089520935872	0.1727290443607099	0.22216542108764353	0.1421864388527548	0.05065872889798402	0.04453490234177317	0.1348615355344043
0.09297526735990576	0.1454238200536465	0.17131734145400573	0.21667364238647904	0.1436314631885992	0.05081252893904306	0.04441352582373974	0.13475241079458075
0.09643581936756004	0.14563322804318526	0.1716031509621621	0.2181460944793897	0.13974184860495292	0.049722456988766706	0.04454664107997555	0.13417076047400747
0.09308275461457341	0.14114197556418703	0.1719788522814253	0.21988745269222792	0.14430789445733888	0.05095186463708973	0.044444630341211336	0.13420457541194616
0.09506632251736104	0.13751769052892132	0.17207174281529244	0.22486032925222152	0.1409581423177394	0.05093132520070008	0.044715848916574874	0.13387859845118913
0.09278447753300434	0.14115839427323215	0.17215456546769006	0.22093253036535546	0.1441253265953999	0.04982056946884929	0.044521263192319305	0.1345028731041493
0.09460522208452479	0.1414072292811107	0.17282077510013177	0.2176054129845752	0.14544965420151512	0.04893634471795283	0.044817214007533135	0.13435814762265627
0.09680153705523428	0.14017266920934865	0.17100122558078767	0.2174565132849922	0.1445477908700513	0.05106640892380197	0.044709275722922937	0.13424457935286083
0.09641876502214597	0.14337050468805962	0.17020309156851626	0.21740023712803858	0.1424012899037136	0.05119163848050541	0.04464237081225575	0.13437210239676461
0.09272835174359305	0.13977291641362363	0.16993406827982394	0.22497538557670735	0.14226288432767265	0.051516488521951925	0.04469396707761342	0.1341159380590138
0.09480478095080679	0.13975948107531214	0.17228720299920294	0.22096409771064257	0.14314785030569055	0.05060894927541808	0.04460224552604697	0.13382539215687977
0.09286617671683618	0.13626136498667313	0.17011575455796807	0.22447790338514295	0.14462112790920426	0.05239664349724564	0.04483383909399696	0.13442718985293256
0.09328256873326482	0.13853957508674433	0.17315265963110046	0.2243677175576912	0.14142304612984358	0.05093350076357324	0.04457474011037217	0.13372619198740998
0.09305907879772073	0.13658733066001702	0.17097806161672136	0.2227152298736586	0.14505347277504543	0.05207399284794073	0.04473481100939421	0.1347980224195017
0.09605757390037983	0.14282893454861426	0.17127448048096505	0.22000068083721752	0.1397853780218412	0.05109511044391726	0.04460228120486223	0.13435556056220244
0.09695008281746678	0.14457122408672754	0.1711908326991052	0.21706786255575738	0.14015526276222315	0.051228186314967936	0.04454651194110716	0.13429003682264468
0.0935849748256542	0.14172871882220306	0.1704112000813943	0.2229931096473528	0.14050281527585262	0.05171979710486019	0.044415983121456254	0.13464340112122639
0.09300892700561067	0.14535939948524887	0.17312609903056353	0.21758017323378304	0.14012037595536417	0.051318836935877715	0.04456388252084635	0.13492230583270542
0.0961312846627469	0.1399861022695208	0.16995617279404301	0.2220731970903737	0.14214414236829984	0.050043823898285114	0.04473501151013318	0.1349302654065972
0.09717711137514817	0.14261014535582248	0.17278642780756742	0.21665223583506343	0.14022675589088593	0.051412996716988735	0.04474966323013939	0.13438466378838432
0.09740373410442107	0.1435970693474151	0.17010363822849223	0.21919196719790313	0.1413702338333862	0.04900518952659379	0.04460806411756682	0.13472010364422143
0.09248265812649381	0.14001292310323527	0.17286855203178242	0.22297696606376363	0.1434583281985437	0.04925370826565864	0.04476387061201503	0.13418299359850727
0.0926381945321775	0.13858366409215161	0.1732428649842053	0.2210288184936231	0.14289789276353737	0.05307748321129678	0.04483527513830744	0.13369580678470067
0.09486752016417573	0.1374834910325793	0.1712289139215089	0.22266569335344508	0.14514546116769056	0.049834233603896994	0.044786635427182184	0.13398805132952105
0.09333836393059844	0.13926486022733509	0.17281858534693126	0.22307727177110975	0.14034998527283232	0.05175993772515912	0.04459952858514572	0.13479146714088808
0.09145642154985187	0.1392900670763374	0.17188032774996245	0.22284640749055967	0.14521360998682753	0.05090554339750693	0.04465572927274662	0.13375189347620733
0.09541060523656221	0.1382599140526297	0.17249745712104614	0.2219847138535302	0.14414107541764262	0.049234467948998856	0.04478057965371471	0.13369118671587532
0.09177489895296877	0.13852987739132455	0.1725879029307681	0.22315624976001985	0.14396773030194138	0.0513400523620309	0.04480053263200756	0.13384275566893872
0.09394221077996184	0.142580274111771	0.17314055735460826	0.2161713664702574	0.14515982266585822	0.05064177243906709	0.04453855114033027	0.1338254450381457
0.09419970617718021	0.13923538707326386	0.1719230343930402	0.22285928684166573	0.1429140394179877	0.04947412230748277	0.044765431217753976	0.13462899257162536
0.09252735112362034	0.14493774403536352	0.17235326640840773	0.21845019020263456	0.14023259289531673	0.05243219133467181	0.044611478910269925	0.13445518508971513
0.0923719939302255	0.14373277535321216	0.17326133520101256	0.21633596664299976	0.14337902631692948	0.05259300938090192	0.044417943219325254	0.13390794995539312
0.09501547915653874	0.14031181265842774	0.17149568812669502	0.219605967116856	0.14170622621421594	0.05253488912137559	0.04446428723744035	0.13486565036845044
0.09606041941287033	0.13736723767857592	0.17019162416594702	0.22157200098520996	0.14467231200779979	0.050709562152880125	0.04453139632531432	0.1348954472714023
0.09401317583573746	0.141684293833178	0.17251860666723456	0.22032804944102682	0.14306084299627875	0.05006986092333415	0.0444213270377216	0.1339038432654885
0.09513227603888333	0.1374563670359949	0.17296806918868146	0.22441044205293753	0.14068099127905098	0.050385636044514695	0.044459895084855	0.13450632327508188
0.09702215096655639	0.13611986685000368	0.17100560625784977	0.21996963924432655	0.1453628291102161	0.05199892625629399	0.04478407800922396	0.1337369033055293
0.09204859042987948	0.14299170417400184	0.17126452912857795	0.22158951548295855	0.14261743341995303	0.049919402857894465	0.044827466312150094	0.13474135819458438
0.09567358381843424	0.14216990781108596	0.1714924164423626	0.22121226673984123	0.1398958354123719	0.049851775108632757	0.044842905899751234	0.13486130876751992
0.0947651645341387	0.13715133610738117	0.17311831583580697	0.21938298281476445	0.14556634472275548	0.0505971275804426	0.04467994605637372	0.13473878234833667
0.09676145701100433	0.13765336627147862	0.16990276379535155	0.22561514979194996	0.1410336488761279	0.049674324334138126	0.044824526838806694	0.13453476308114257
0.09272218576580764	0.14140410515759969	0.1712526924454428	0.2201595338914615	0.14482332129348494	0.051201213041167246	0.04454327302851199	0.13389367537652402
0.09717386750760582	0.14280703885101392	0.17068709965563914	0.2165540416339965	0.1451855570338759	0.04929320491075151	0.04457607019756357	0.13372312020955346
0.09455992412657964	0.13966625997940574	0.17001085731809185	0.22493274562005844	0.14147336607771296	0.04999591492890838	0.04484661133412812	0.1345143206151147
0.09430907320237118	0.1455983726088228	0.17087730535633275	0.22036147981119025	0.1403871899307724	0.04917349756627086	0.04481141916759836	0.1344816623566412
0.09209384287040369	0.14535740169291647	0.16994123998200827	0.22374539117861025	0.14034681670851487	0.05024430381509287	0.04450105431508965	0.1337699494373637
0.09636650478753431	0.1373236585598021	0.17201513887461922	0.2211835016770383	0.142618823453071	0.05229096205061223	0.04443975996460439	0.13376165063271822
0.09225701709332551	0.1438239787274383	0.1699426856337419	0.22456111364653233	0.14240868804347942	0.0489391094692047	0.04440444535614253	0.13366296203013506
0.09607732121616804	0.13827264937666056	0.1708234609558898	0.22507118922369856	0.14061167450363357	0.05023391498846687	0.044468868773389014	0.13444092096209342
0.09366881685988823	0.14051420203122977	0.17321347585188857	0.21871603677996887	0.14136788892495217	0.05301363260611254	0.04469520743131171	0.13481073951464792
0.09478953279536895	0.14648604338903135	0.17189992221086908	0.21732672198502873	0.13988694548606284	0.051473171737819096	0.044496813731449356	0.13364084866437037
0.09234700828391856	0.14133459629947237	0.17128769218208828	0.2219686359111382	0.14253709906612483	0.05196755237683173	0.04453247122963602	0.13402494465078982
0.09319808792880233	0.1374889685148963	0.1715770470498517	0.2214382777023855	0.14487552871790801	0.052364740584579086	0.04447490039935263	0.13458244910222422
0.09572527591473581	0.13658146041964522	0.1707658504753209	0.22195829231237324	0.14384098200386958	0.052516749919444924	0.04454676647208056	0.13406462248252957
0.09476085575483544	0.1388161192730295	0.17318166174134697	0.2225489299183992	0.14265427998686364	0.04969377733415502	0.0447218360042419	0.13362253998712814
0.09625721053167854	0.1387266579303896	0.17175223749285795	0.21830172058872352	0.14428217837579826	0.05147068268357921	0.044512873839778616	0.1346964385571941
0.09248101650211031	0.13628850159226116	0.17077886066948142	0.22552838208782683	0.14531332728263432	0.050201692077077364	0.04448212925914266	0.1349260905294657
0.0915568860460109	0.14463483964309645	0.1704644163009748	0.22185902761578838	0.13971699766250475	0.0524233333268643	0.04447786142139683	0.13486663798336337
0.09538543550588442	0.1377053457767754	0.17251348414228335	0.22155984821208802	0.1431145422309481	0.05064000144183545	0.044628602062249695	0.13445274062793533
0.09583350299223839	0.14060807722028631	0.17217482020379135	0.21835324431668468	0.14363237354433087	0.04982456428947378	0.044786204530307586	0.1347872129028868
0.096168592107397	0.14357550289062873	0.17058561788332802	0.22065034229406966	0.1418068451376438	0.04904806893795882	0.044553870004473875	0.13361116074449989
0.09586865466550834	0.13668269777858588	0.17055734205863593	0.22300109684301359	0.14198342928280946	0.05258850016818194	0.0447247164260267	0.13459356277723794
0.0921872945089924	0.14059750959911602	0.1715077005790041	0.2210779161396593	0.14387943539473408	0.05255160921326538	0.0444284911715373	0.13377004339369117
0.09755710765708081	0.14072339728637184	0.1707031732380819	0.22256030473945854	0.14016693813128203	0.04993211454007489	0.044467202492913915	0.13388976191473584
0.09622145598393139	0.1379404766843506	0.17047351710131914	0.22249716693150307	0.14219530591465387	0.051851473697179906	0.04468385227717615	0.13413675140988562
0.0971047790267264	0.14097595565202944	0.17158243776111853	0.21994506882756887	0.14248459274295963	0.049345744812248654	0.044758252201269305	0.13380316897607888
0.09154185000160504	0.14290997009661524	0.1725674722978798	0.220711949931082	0.14385348247000085	0.04942518788747671	0.04445077785274967	0.1345393094625904
0.09289545676644342	0.1437311958360168	0.1728990259908648	0.22206067114723912	0.14030326939722979	0.049452124524377514	0.04482981195191085	0.1338284443859175
0.09441304694979442	0.13992867935867925	0.1705869441412231	0.22073335477252876	0.14505640360194194	0.05055065419127426	0.04468639872697924	0.1340445182575788
0.09325229560192722	0.13947116580101543	0.1709137334904197	0.21945942467910434	0.14484067916088159	0.05279454041595932	0.044406282344500295	0.1348618785061919
0.09695971736595935	0.14182645941485067	0.17213341599217263	0.21804406877847002	0.1406822143506636	0.05179294575448072	0.04478812475415843	0.13377305358924432
0.09375820308267943	0.1367643855873814	0.1700954649235993	0.22342102419998286	0.14493038540591924	0.052249666420580265	0.04478383590356809	0.13399703447628922
0.0949529348319145	0.14258901756318432	0.17075583822371088	0.22076305823765807	0.14172011371564774	0.050775220984997635	0.04483030239580041	0.13361351404708627
0.09383535673096285	0.1379499177478477	0.17315772650079514	0.2227763771533346	0.14152183087736053	0.05223040202107963	0.04483540853942061	0.13369298042919875
0.09693432192063467	0.13817548904839655	0.17080451606680722	0.21974235452795252	0.1425724870881269	0.05258170687222595	0.04448574450567018	0.1347033799701858
0.0961396676400694	0.13857747583792923	0.17016881081431282	0.2255555039997641	0.14193057548469132	0.04889327745115543	0.04440830346065468	0.13432638531142288
0.09491618779176986	0.14540406225554725	0.1715413510499592	0.21696039789564464	0.1427131785152315	0.05005177684259002	0.04449970079185339	0.13391334485740397
0.09601586998853533	0.13888549995416893	0.17271547174447643	0.2219889176482944	0.13988377529901563	0.05110183515645998	0.04475178793651738	0.13465684227253175
0.09749604307270524	0.13682175617793274	0.17241592054956278	0.22101357216280154	0.14263079168604148	0.05100477537812717	0.04446474018281113	0.13415240079001772
0.09316615457497432	0.1423284663349719	0.16990188760830305	0.22405532247956267	0.14257577724647835	0.04898167419222779	0.0444646379625962	0.13452607960088545
0.09203330545971139	0.1396457242745236	0.17158891377977076	0.21951624560743502	0.1451148529989089	0.052812003999948426	0.044640238215652606	0.1346487156640491
0.09328914358630351	0.1377007841815867	0.1723774853097888	0.2230426149390835	0.14427543692610204	0.04961992974886903	0.04478503625694269	0.1349095690513235
0.09370247818054599	0.13852597373873565	0.17132172510081412	0.2206468058520884	0.1450139594856361	0.05154336402309316	0.044653012673741624	0.13459268094534474
0.09335322045192926	0.14540256718782113	0.17332110959330616	0.21669487273713722	0.14061211526775716	0.051431928283025466	0.04469720560911855	0.1344869808699048
0.09543026062622101	0.14494013823866128	0.17205460583945756	0.21694357802263387	0.1413290700261579	0.05088412782960912	0.04444870113817112	0.13396951827908785
0.0968538944758583	0.13704101165251367	0.17327946901002192	0.21837095849195878	0.14304797448748002	0.0522643761760023	0.044454287133636736	0.1346880285725281
0.09165238601944808	0.13836710722582868	0.17095185803286284	0.2234537178199782	0.14484277677308138	0.05205806519114567	0.044446308362827466	0.13422778057482748
0.09479888864032168	0.1396436700171259	0.1726806576833454	0.2177851218333003	0.1436408535479329	0.05189267457065522	0.04470852507886863	0.13484960862844975
0.09368878098763966	0.1413227223678299	0.16992747457107846	0.22515963928242205	0.1402381596297608	0.05098672264319974	0.044586273810173216	0.13409022670789594
0.09624290366975613	0.13691059562087526	0.17311865766272785	0.22151314081299636	0.1430485016145213	0.05034394775774775	0.04443894894710328	0.13438330391427183
0.09160556327242805	0.13881462015477802	0.17032949113716106	0.22358533716890844	0.14550535926594485	0.05120517207287384	0.04456366187664518	0.13439079505126036
0.09608097885711281	0.13884397699046563	0.16987967587333558	0.2230901628292156	0.14127627025703685	0.05233391755298736	0.04456911049776735	0.1339259071420786
0.09457173001035091	0.13760289565538686	0.17270607406413682	0.22068877207589205	0.1440349701074101	0.05189206331178996	0.0444382618558859	0.13406523291914724
0.09722113045722698	0.13648052243593867	0.17068193560030873	0.22200534242699882	0.1445091028989447	0.050025183344651517	0.04469029877496808	0.13438648406096232
0.09297436214600735	0.13990307280940345	0.16997179798688922	0.22236844430807146	0.14471333278811516	0.05099936847631378	0.04465704750851798	0.13441257397668138
0.09387764777983436	0.13869127524337174	0.1710398663668157	0.22590457933107913	0.14227908244190074	0.050026863344765915	0.04444291457177206	0.13373777092046013
0.09328237183475993	0.14276538143983272	0.17077252161296103	0.22074343599823126	0.14103157076009662	0.05236912498084337	0.04466089115693542	0.1343747022163395
0.09577525110327068	0.14076088498500494	0.17244624788111768	0.21807181088445682	0.1425474463574442	0.05103400443064836	0.044624564645017656	0.1347397897130395
0.0915446574047808	0.13836668948314804	0.1699486401063945	0.2245927865493044	0.1441069494121501	0.052763989116262414	0.04472654344454667	0.1339497444834129
0.09411879787057092	0.1390295589149609	0.1721205122898073	0.2212879537920809	0.1410506654332634	0.052937698765751634	0.044809407630082926	0.13464540530348182
0.095357345766321	0.13763440380057498	0.17251150096800444	0.22180026019228602	0.1410501003737703	0.052974761984833044	0.04443767738554465	0.13423394952866535
0.09696198455536403	0.13974106918951495	0.17210300233459055	0.22122713314172943	0.14174745078704376	0.04906324937030021	0.04462804522256844	0.1345280653988884
0.09528914441728253	0.1441171809026556	0.17307344030059757	0.216225471312471	0.14376545884026706	0.04905344285845907	0.044430439296029856	0.13404542207223707
0.09343236913382562	0.1422810155774222	0.17305484652861564	0.2227672394811283	0.1405672233687509	0.048984497920376485	0.04458118575951166	0.134331622230369
0.09539075179440468	0.14260871210574616	0.1732508630786953	0.21805384215178553	0.1403989485688284	0.05143688148310627	0.044547535413661535	0.13431246540377192
0.09257435306692792	0.14525518263587275	0.17071687680278586	0.2180255576325091	0.1416612276159092	0.05312145513523149	0.044510589687198523	0.13413475742356487
0.09738234209023151	0.14004953508246365	0.17124765564231043	0.21864593806592797	0.14118629973804458	0.05267065099304066	0.044817228339415	0.134000350048566
0.09505109866252166	0.1398089475794236	0.17048406672775493	0.22341335789668415	0.1440524928650309	0.049007453294021966	0.044551199404928826	0.13363138356963378
0.09304248011280006	0.14036228395989575	0.1705590430471609	0.22297682391915882	0.14197417179925254	0.05265179937788726	0.04459787963052207	0.1338355181533224
0.09665787153319363	0.13729758945197562	0.17172075974060205	0.224312249076631	0.14033643822177172	0.050876626760675434	0.044783288221895964	0.1340151769932544
0.09401069527353115	0.1376153994910501	0.17269170181316196	0.22195640382947773	0.14506369180559783	0.04917727566242358	0.04470596591867096	0.13477886620608648
0.0927344022019857	0.13669361731619584	0.17238650534812267	0.22451906481599992	0.14178526692913895	0.05290270858975549	0.04470617603967132	0.1342722587591299
0.09367553961786818	0.139683670947951	0.17054121514760986	0.22523111387915457	0.1432431223374554	0.04942039647956001	0.04457652436033428	0.13362841723006647
0.0914280623204658	0.14042313479286075	0.17033159829427763	0.2252818794265548	0.14350588804709608	0.050384752306118885	0.04468287363728088	0.13396181117534495
0.09258470128110055	0.13848047088103888	0.17044008946296052	0.22484388837945796	0.1428055671662683	0.05138695427169587	0.04453084286018283	0.13492748569729485
0.09544890233256081	0.13894233372945863	0.1702872924519972	0.22041021207603845	0.1455212349325394	0.051051059717633934	0.04442950536509106	0.13390945939468032
0.09157164439490356	0.13785950422616053	0.17201783357395195	0.2239858873899314	0.14268220058820102	0.05299038461207366	0.04455698764722775	0.13433555756754995
0.09234975253976077	0.13854395420694476	0.16997436300127577	0.22241634266277477	0.14525516909409922	0.05281721728780821	0.0444691582355308	0.13417404297180552
0.09595313796137635	0.1446313341486105	0.17020114127231045	0.216543582952628	0.14385557117286726	0.05035408556799614	0.04447275475091904	0.13398839217329206
0.09161763648277438	0.14208407299673428	0.17167625874631134	0.22141271038200339	0.14490189454160846	0.04937177416001072	0.044755002616553685	0.1341806500740035
0.09306195766865098	0.14564817281297948	0.17012625046287855	0.21898783784010012	0.14030767175359088	0.052595600296839976	0.04455584174840073	0.13471666741655908
0.09646187766374553	0.1360917193957175	0.1719133558744509	0.2241657735087173	0.14092475849569186	0.05113979962274692	0.04450330231232734	0.13479941312660249
0.09484734301833181	0.1441295052887205	0.17079122785320303	0.2177125539387259	0.14190000978832862	0.05118807674944072	0.04479011047578328	0.13464117288746594
0.09607775882083797	0.13643507061165122	0.171330250490803	0.22497913998900063	0.14227429606329872	0.049906580158038796	0.04446634172568055	0.13453056214068893
0.09249035285956608	0.14086767615523832	0.1714893743002357	0.22312314066936914	0.14195933101603586	0.051067269444807245	0.044728508302133485	0.13427434725261397
0.09219325937336083	0.1436899551305848	0.1720953142004722	0.2179076539341061	0.14364156645142395	0.05126910675694925	0.04450284773180935	0.13470029642129333
0.09700132830723976	0.14300824682830088	0.1715777395418418	0.21646454751111818	0.14386984083279053	0.04913919702063367	0.0444997119464646	0.1344393880116104
0.09276005249826508	0.13851517388309859	0.17277224734812535	0.2225979250633931	0.14408506565909263	0.050402056466309464	0.04464164621909261	0.134225832862623
0.0935382190451565	0.14378899494375638	0.1708293594062865	0.22021785844600592	0.1404131844949688	0.05263282917045589	0.04477477441049452	0.13380478008287527
0.09223541926574967	0.14504045530511234	0.17010086600490493	0.21935855343289262	0.14131069311811623	0.053090011075369814	0.044496908143882796	0.13436709365397143
0.09194932986408441	0.14580375198299286	0.17130938462240933	0.21698380825301833	0.14421144687448842	0.05040002574080461	0.044637010779829414	0.13470524188237243
0.09315462582244771	0.13952915698003393	0.17006158701202514	0.22405219524992392	0.14405568859714013	0.05068869665279692	0.04481175124178803	0.13364629844384399
0.09198362797551571	0.13952896687260638	0.17320017627007983	0.22586601630099162	0.14081117638687957	0.04968704187305449	0.044617811735952626	0.13430518258491952
0.09657510684291568	0.13838568565486972	0.1726385810389955	0.22142338441566756	0.1396629285763969	0.05181788768794933	0.044558193587029116	0.13493823219617607
0.09553298853805892	0.13654033146976688	0.17011335045833936	0.22236186295039306	0.14517093536139647	0.050764127470565065	0.0446939748573322	0.13482242889414783
0.09407581797006084	0.14138023078558365	0.17143010196966796	0.22441518162092894	0.1403075097392766	0.05002468717516251	0.044551683871903405	0.1338147868674159
0.09361578474217672	0.13621595472460085	0.17267726195806046	0.22561422583257154	0.14329915893775935	0.04922343470812081	0.04460753516764296	0.13474664392906713
0.09401784297580155	0.1370366677715659	0.1729362912653141	0.22550397048568724	0.14095057097562794	0.05105591727955658	0.044827480034502	0.13367125921194448
0.09504305870671552	0.1442957173968682	0.1708858888131511	0.21716807236455274	0.14275330085296806	0.05047652709297125	0.04462452492767101	0.13475290984510194
0.09368960303363896	0.14140705807201429	0.17156170169032203	0.2200115445898192	0.1421965246165533	0.052770266205600505	0.04457462836581666	0.13378867342623482
0.097442337083779	0.13978259223238346	0.17321432551805058	0.22124580637391167	0.13973506955918874	0.049702986471447635	0.044756268330317525	0.13412061443092116
0.09514555609399192	0.14058646069045982	0.17029735257904033	0.21876993987896812	0.14349362590200837	0.052875036042258766	0.04480535708666153	0.13402667172661087
0.091764564467131	0.1372966149611602	0.1719816089435098	0.22342661111344078	0.14399474674722373	0.05255118254694793	0.044571944338999636	0.13441272688158673
0.09258598356918811	0.14460309937376759	0.1723209165521905	0.2215879334136298	0.1405206177998495	0.049797204926233116	0.04481538617187891	0.13376885819326223
0.09615027957961612	0.13672085434046236	0.17072232261896028	0.22074774196328412	0.14499276214559115	0.0520736357120951	0.04478716044080808	0.13380524319918255
0.09370177196591462	0.14140437904573094	0.17005052504995485	0.22074872607752863	0.1427106511692303	0.05269715705619177	0.04445655546989663	0.13423023416555202
0.09735967677994967	0.13846452918935204	0.17324441979433314	0.2221116438386633	0.1399307104272529	0.050412892709761264	0.044841017003767275	0.13363511025692015
0.09174134272196213	0.14282214629868134	0.1722572288139053	0.21988931280127288	0.14483434624701738	0.05011139383943486	0.0445583734687693	0.13378585580895663
0.09468222991171349	0.14457825797919555	0.17175467573701608	0.2161771446428911	0.1434408718760444	0.05058170049852545	0.04457858398504433	0.13420653536956942
0.0966353128858139	0.14522715994682792	0.1719204048813793	0.21731795808836063	0.14051851910628205	0.049685559500150536	0.04463025262983736	0.1340648329613481
0.0920851312768872	0.13785408227309212	0.17272161831908084	0.22442052127069023	0.14500386951726457	0.04924746317792654	0.04476370912959815	0.13390360503546012
0.09228869375249775	0.1407109958337543	0.17322711105772767	0.222527670731276	0.14356742818950854	0.049278629979188554	0.04475894979358844	0.13364052066245852
0.09249582607367007	0.141388526076729	0.17276112849187972	0.22031058711106793	0.14119044968881403	0.05261000927322132	0.04472213045788846	0.13452134282672917
0.09744385129118568	0.14447974582065617	0.17028765659891473	0.21793291485192745	0.1397043037431661	0.05107859041356411	0.04472482916075918	0.13434810811982636
0.09346864490925036	0.14512342890227412	0.17244089663766735	0.21647329677650193	0.1433620715475613	0.04975976845180831	0.044838060691944376	0.13453383208299205
0.09752728835482218	0.14302348450027397	0.17217946622253189	0.21686713875131236	0.14155060536805608	0.05036807176181153	0.044441352638580664	0.13404259240261113
0.09639476811523726	0.14532439832204358	0.17052416344869847	0.21847816054265168	0.1407409715760306	0.049897791352711496	0.04442977583950278	0.13420997080312394
0.09761911520857482	0.13882038599907537	0.170891123739341	0.22202785764049915	0.14291866032419887	0.04921418038780127	0.04440981391850023	0.134098862782009
0.0962689132765524	0.14528368345398854	0.170302079664616	0.2167979917905746	0.14233275427899347	0.04999317194423264	0.04464220377105839	0.13437920181998378
0.09520254253541878	0.1444815548801328	0.1720019671162983	0.21645706167773054	0.14175706360783819	0.051663040292234313	0.044731366751428636	0.13370540313891824
0.09434987508846626	0.14061770926789718	0.1709353134299288	0.22211164930573765	0.14141138133059686	0.05227052978249719	0.0446728533688939	0.133630688425982
0.09688784850967966	0.137338258254242	0.1726648130633573	0.22189150943758457	0.14103842319250398	0.051133440956382725	0.044836549840959056	0.1342091567452905
0.09320662097541117	0.14258392403137832	0.1707661681215047	0.219967776224874	0.14382630540219526	0.05105141984703705	0.04479324721610167	0.1338045381814976
0.09696357732732475	0.14031329962902314	0.1727157590846618	0.21944491569658786	0.14105608332054476	0.05072676901602308	0.044510530945291824	0.13426906498054259
0.0966864336951942	0.14349224319905785	0.17020232565833054	0.21919445175175614	0.14262142243296902	0.04930351600802883	0.04475579753800113	0.13374380971666205
0.09487357809270898	0.14615096704618613	0.16986984570433045	0.2162543315981184	0.14162283042518184	0.05209352998008737	0.04443625204482192	0.13469866510856474
0.0973769111919488	0.14040914541051064	0.1702842745626923	0.22005628083127582	0.14304076463800877	0.05027623064098169	0.044770213719557625	0.13378617900502413
0.091454431698269	0.14217670072396443	0.171904001983793	0.22297060224830134	0.13987804315852165	0.05278772705881295	0.044461997964140146	0.13436649516419727
0.09296577273105042	0.14491884017947576	0.1709216426145369	0.21988519873905324	0.14112995466888384	0.05084448304134072	0.04445294716662326	0.13488116085903565
0.09338788904484976	0.14335643654549962	0.17040164647469394	0.21770593134084842	0.14336003215720428	0.05241218822519392	0.044634833633954984	0.13474104257775485
0.09285819729883935	0.14320574765805222	0.17207810546883318	0.21673153313171922	0.14338182881879633	0.052350463047619325	0.04451485355303002	0.13487927102311015
0.09458267142721544	0.13786603703113748	0.17058322724446096	0.22596823190617904	0.14109100646475647	0.05145838026250063	0.044636699758475035	0.1338137459052747
0.092369201582654	0.1432294489430108	0.17199901022055536	0.223552722337539	0.1406729240410664	0.048986990471481626	0.044594880755617655	0.13459482164807496
0.09365774007939992	0.13834090675824204	0.17242395496324764	0.22266197342659383	0.1441306832880827	0.04969883666195503	0.04480597898845254	0.13427992583402604
0.09382654593416104	0.1366472065568486	0.17020542196409066	0.2236763516724426	0.14467599477514353	0.051769978784079684	0.044631010731904175	0.13456748958132952
0.0971203528858748	0.13765305522056484	0.17238452001581966	0.21963204370167994	0.14412796881308468	0.0498938335427358	0.044464870110603544	0.1347233557096365
0.09566565220186579	0.13755812385902252	0.17334971190502485	0.21881379647205695	0.1429151997979822	0.052786281151836784	0.04475101768373159	0.13416021692847913
0.09340181602937565	0.1381410841775108	0.17062013472731527	0.22390321375675604	0.14282999554833176	0.052682597674135856	0.04449685309629371	0.1339243049902807
0.09196083130974923	0.14094005193919848	0.17164129218078694	0.22376443475287602	0.14241003987602446	0.05097691601612671	0.04451065610971475	0.1337957778155232
0.09197267081332125	0.14447274441963906	0.1714217729438728	0.22035166952258423	0.14037266553906286	0.05235397349870399	0.04475756098630698	0.1342969422765086
0.09293742719890799	0.13900751255118096	0.17162768165464523	0.22333458514292057	0.14313916624792686	0.05102384594408335	0.04444839332888566	0.1344813879314492
0.09447993888126852	0.13809803567097195	0.17127400701931444	0.2238349701777087	0.14454183123034606	0.04897289977514191	0.04470667392283448	0.13409164332241372
0.09467645750998256	0.1391972462570416	0.17100451290961544	0.22279134611276724	0.14279259281000112	0.05044676529540233	0.04457515248444584	0.13451592662074363
0.0922607927090941	0.14479368171956777	0.16994723564973455	0.22121029264329675	0.1416954546983095	0.050698101009178154	0.04459598398090163	0.13479845758991732
0.09270949270030918	0.1433139727327066	0.17251709713146687	0.21817415838391863	0.14099674281789648	0.05272155464014176	0.04480761059612541	0.13475937099743485
0.09621600785645487	0.14207754065839212	0.17291885558961068	0.22146446798560793	0.14000571887920113	0.04923287277862838	0.04443928322704496	0.13364525302505972
0.09162629986384803	0.14278496937642998	0.17191056536624233	0.22009209883709133	0.1447131400555195	0.04967509027477103	0.044458651488062634	0.13473918473803492
0.09667326794928399	0.14256143705324278	0.1705648762561258	0.21773406722679325	0.13995864556093196	0.052906184323993244	0.044668655245837574	0.1349328663837912
0.09756806086261988	0.14627734351299623	0.1712415463404855	0.2173417619501694	0.13972643459166142	0.04913163279044959	0.044638026186044344	0.1340751937655734
0.09315905148689596	0.1406422278610362	0.17319582718952956	0.22018476382254368	0.14261670937408813	0.05147020559150815	0.04481852063934841	0.1339126940350497
0.09710437651599266	0.14319280444507695	0.17340140725729336	0.21680410572367304	0.14102049000060105	0.04999655040742765	0.044445072613963035	0.134035193035972
0.09212680667602627	0.14639469526873	0.1700185809131068	0.2175977763589642	0.14299576748006587	0.051727347671883764	0.04468185620441206	0.13445716942681085
0.0930715262155527	0.14420482137301663	0.17056808736044432	0.21777533074900562	0.14258440315131438	0.052564637395944094	0.04465072515511134	0.13458046859961076
0.09182909863681876	0.1364779784489356	0.17283695242872812	0.22472343084034613	0.14316703434169653	0.05199806812993721	0.04473089896320381	0.13423653821033366
0.0948024099528771	0.13947982807145884	0.17246795086941147	0.22013195289420934	0.14258973146713005	0.05118770805925878	0.04448522820290367	0.13485519048275055
0.09454719693549968	0.14383151435985003	0.1703406479187765	0.21940894520361123	0.14221277034927038	0.05100353879883941	0.04474640373565433	0.1339089826984982
0.09368860215128749	0.14391769246501088	0.1717944253768878	0.2204895233841595	0.13992693103629317	0.05108885565081363	0.04469091613911644	0.13440305379643092
0.0973728704683523	0.14278049077716598	0.17165212125138496	0.21630914143677976	0.14267859901301955	0.05029348740943071	0.04442801305882671	0.13448527658503984
0.09176474886797709	0.1416362187579579	0.16988863341553145	0.22108805104952425	0.1440773395936177	0.052929717308698845	0.04449346532699726	0.13412182567969527
0.09158920162281979	0.14476640891755244	0.17075885159518317	0.22121246028594188	0.14050337185894732	0.05292674427483936	0.04460736949191012	0.13363559195280567
0.09191877057002906	0.1402767295404354	0.1706259216830712	0.2236188833155227	0.14243370100681504	0.05194460863224731	0.04471908906021402	0.13446229619166505
0.09502662945766849	0.14321688119772552	0.16996426728113023	0.2200736624468469	0.14147370238361112	0.05151857107973641	0.04477597096613557	0.13395031518714554
0.097397019592903	0.1386794652510202	0.17046965181172502	0.21679177371079839	0.14551521292142972	0.051809748558487426	0.044722993588278345	0.13461413456535762
0.09532012330507889	0.14521242490436623	0.17178815678417453	0.21646453713032318	0.14196030972818008	0.050531311614378904	0.04472141082074453	0.13400172571275343
0.0928960369840559	0.13998888561349396	0.17131567408048726	0.22243849955888173	0.14198669680021342	0.05169854044967086	0.04473974201314468	0.13493592450005198
0.09278943858804488	0.14220829951279748	0.1713169266428768	0.22217178720444086	0.13977214841088761	0.053127014677388826	0.04451394690222059	0.13410043806134272
0.0966707850091741	0.13826561936431833	0.171181306574761	0.22056499564696141	0.14243460165550786	0.05185212852414628	0.044416957143255914	0.13461360608187492
0.09231617703262016	0.14183051953625622	0.17270393863600075	0.21857805588020907	0.14353239202368084	0.05136562567255412	0.04477310155876467	0.13490018965991388
0.09325883448667174	0.13649967075237288	0.17142567764242228	0.22593169279817935	0.1435271998928628	0.050490936330148894	0.044465435530679914	0.13440055256666195
0.09224480391074667	0.14083704758144167	0.17239231467214666	0.22158850316333684	0.14110804620855474	0.052698136748271354	0.04456205594723753	0.13456909176826432
0.09601868900908905	0.14487185946033013	0.17164906289774626	0.21820626637855065	0.14062705538747677	0.049449712623370584	0.04461183183098505	0.13456552241245132
0.09548572975756225	0.14365465137780087	0.17072988142635584	0.21953053254484825	0.14158575701434217	0.05041543932896944	0.044733181854569065	0.13386482669555186
0.09637169133607774	0.1458080282840213	0.1701953568358624	0.21704421187679163	0.14059752508666676	0.051830298269128244	0.04444471148278109	0.13370817682867064
0.0959016083872962	0.14439443643296526	0.17254467632710344	0.21941868055128527	0.13967102065897433	0.048894074773106214	0.04444919210105845	0.1347263107682106
0.09409044454099717	0.1437546973894034	0.17057225371530393	0.22171078162577626	0.14232926444655974	0.049208775753623896	0.04441117694598759	0.1339226055823478
0.09459172790750131	0.14321758133231202	0.17147677671637618	0.22094796901331076	0.13982830948919786	0.05134146183613769	0.04472989787294038	0.13386627583222357
0.09270304965234735	0.14250988113479812	0.1713106449755341	0.21913240558246044	0.1430674772669272	0.052857486167429635	0.04469966986758035	0.13371938535292258
0.0959873272932957	0.13771806048962365	0.17027755901659222	0.22340673951338924	0.14041972388328644	0.053018397106808085	0.044730812377707665	0.13444138031929675
0.096177055061707	0.13621851280879835	0.1705168323102691	0.22459814630159264	0.14218128052454557	0.0516793869251367	0.0445962129907949	0.13403257307715555
0.09726312396023627	0.14076815131734632	0.17211318595413547	0.2162515484986164	0.14248133738871985	0.05304310852870979	0.044458151974095056	0.13362139237814064
0.09744178904142856	0.13741746816847794	0.17047295420316277	0.22171308490954433	0.14374236395375656	0.05037477075871892	0.044624516588367885	0.1342130523765428
0.0958716169710998	0.13714992157537603	0.17270552709695014	0.22487927285067638	0.14039082454211144	0.049453178156887864	0.04467805580993839	0.13487160299695977
0.09419535586770797	0.13717466232483957	0.17107410295487016	0.2244550085149017	0.14454825159553433	0.04900373437968594	0.04469879143090741	0.13485009293155267
0.09646472801857955	0.13974152707622908	0.17136220694930218	0.22326142301702256	0.1414045498801588	0.04968744208911355	0.044465535845349874	0.13361258712424418
0.0938642025524127	0.13910284368798445	0.17052678427841042	0.225169223991682	0.14235964664808448	0.0499012902184985	0.0447711223788306	0.13430488624409667
0.09607580745604792	0.14620308695724812	0.17085916017445288	0.2189376290942877	0.13994535236855174	0.04907205747375458	0.04444460602421907	0.1344623004514377
0.09720604359791331	0.1438060489308162	0.17042394768246394	0.21747029087389547	0.1398408310493105	0.051980564926227754	0.04475772475580593	0.1345145481835667
0.09151407527810135	0.14009467376839366	0.17197982160252923	0.22491433847603362	0.14365657284665273	0.049377149405999465	0.04441670386148967	0.13404666476080004
0.09542912574318937	0.13873567934465558	0.1723002901929897	0.22327106953023007	0.14129260134471794	0.04977983685513772	0.04450300446463547	0.13468839252444387
0.09610307314992814	0.13929231146775833	0.17195195042845618	0.22123685018008957	0.14324136612542693	0.04891268009740078	0.044448175908756216	0.13481359264218362
0.09279762393996999	0.13638512427331637	0.17338612755199573	0.22412471503224468	0.14463707462304576	0.049970338905647546	0.04478558581452635	0.1339134098592534
0.09673214073978127	0.14013649982418033	0.16986730401834854	0.22509550415398233	0.1408310507207213	0.04892494980254955	0.04453439292276416	0.13387815781767226
0.09511777687792328	0.14071798671853872	0.1706240273971769	0.21880222068668914	0.1443085511799042	0.050982756009036845	0.044567861317678786	0.13487881981305197
0.09401685865587384	0.14026078700665523	0.17321187563066193	0.21919384799276373	0.1417849303194148	0.05291504336456529	0.04471801811398013	0.13389863891608486
0.09271590256529891	0.14312726231148054	0.17245775626715532	0.21970299032666674	0.14113317046757326	0.05116568579470479	0.044838981124555505	0.1348582511425647
0.0917838773686727	0.13970428679441604	0.1709196461882156	0.22142941157306759	0.14532150453393627	0.05211661034873458	0.04469523833399966	0.13402942485895736
0.09329949233786192	0.13973606962069848	0.17081345051510094	0.2218078612753136	0.14467224567708833	0.05122987413615855	0.04448026564394543	0.13396074079383258
0.09259878856786088	0.14420268318390667	0.17034169498697738	0.22377832852350527	0.14164961798507555	0.04924747473272201	0.04445484255741684	0.13372656946253525
0.09578643914878582	0.14164535884136892	0.1726375234396862	0.21839863138145493	0.14378980572150535	0.049439903892314396	0.04443295405581009	0.13386938351907413
0.09315836270847674	0.1428488319752052	0.17281456795877637	0.22176795868126792	0.14047233993211933	0.050389369448303745	0.04461949673064193	0.1339290725652085
0.09680767611075067	0.14394885617170852	0.17207707190762866	0.21715649561339195	0.14136891992735848	0.04965640911021017	0.04449782480503138	0.13448674635391988
0.0969081941975869	0.13868010219257504	0.1716289515229232	0.21934352699026693	0.14151465478141803	0.052884409915388675	0.04481503684157756	0.1342251235582634
0.09693909025076423	0.14343184828635244	0.17060267020530506	0.21760411937896312	0.13980576576231657	0.052836122813802705	0.044486170033710914	0.1342942132687848
0.09306363310607832	0.14599428417347288	0.17005010889297217	0.21860281999990144	0.14314557600647596	0.0500391087501796	0.04475628193022116	0.13434818714069832
0.09276672791775127	0.14631594590372687	0.17317243287641265	0.2173329684944885	0.14047753047567452	0.050745859690659145	0.04471009574865677	0.1344784388926301
0.09396464074865726	0.13893738492054442	0.1713892384295282	0.22380266175555164	0.14146015284423336	0.05198556634588976	0.04447280641085842	0.1339875485447367
