0.047993775754506245	0.02107335865420565	0.11911972183698144	0.17883050275289	0.07998750275872347	0.163306432497141	0.11061091464018806	0.051871012838825885	0.04714735413843123	0.18005942412810705
0.03862115859518689	0.019086781259772617	0.14007268163029174	0.1797448002338042	0.0855496159996777	0.16300263132032755	0.10792187685845674	0.044467659022585565	0.043558579521271665	0.17797421555862533
0.03552050247922876	0.020700694885286877	0.1263053801380423	0.17971507201808612	0.08515875553501095	0.17373814632112689	0.10436649074780244	0.05235438908260695	0.042188823731515133	0.17995174506129358
0.06727804676502709	0.024669330950227053	0.11559182764300122	0.16580974484809133	0.08122458777706687	0.16860169349120813	0.11300121122388992	0.04482066781442818	0.03700798308162194	0.18199490640543825
0.047841196129160074	0.024048192547164948	0.11947541962256876	0.17158000938218415	0.09015382800018318	0.16820235956763246	0.1082248284435673	0.04728434442067467	0.0459150273851478	0.17727479450171665
0.03572490458098872	0.023502569439096524	0.12839657658876355	0.183246096802391	0.07718411683305136	0.17494172890250115	0.10282570051206565	0.05236797589700653	0.03833418073299854	0.183476149711137
0.04917613971041355	0.022547984171649355	0.1392022043026443	0.17055735131167057	0.07647380097739404	0.16332212008744196	0.1097768884776317	0.04218984943457639	0.046307959840090715	0.18044570168648744
0.03822567768556841	0.019646851668290652	0.12364624239491019	0.179005119790484	0.09614455989603998	0.16811383697074828	0.10620856718595348	0.05296848619754878	0.0414350708028374	0.17460558740761883
0.04451388271063048	0.019697991387594274	0.12844445751503747	0.17732671365973018	0.0864796800657936	0.16645893124517266	0.10464494087183211	0.052466935539526624	0.039241248396446146	0.18072521860823643
0.05869979770400037	0.022252118864103734	0.1290554522499713	0.16377284423719862	0.09558166590847911	0.166639184526924	0.09901231301439957	0.04525930809485702	0.03761590202936108	0.18211141337070524
0.04126363298397208	0.017865472340984498	0.1255150557066262	0.17968959599807208	0.09278461602110846	0.16519684578262145	0.10598610729951802	0.041494849095763675	0.03966326267836358	0.19054056209297
0.04566680145064156	0.022668132043074274	0.11520517450632771	0.17585167114613687	0.09782037201571554	0.17006413834545475	0.10245521423153463	0.046582280885243375	0.03889189799707091	0.1847943173788004
0.035880832306561555	0.020620364799477778	0.11619912474676787	0.18293123030234926	0.0863359303216728	0.173648614866621	0.1061090555886666	0.046643417878008256	0.04141324362757978	0.19021818556229508
0.0530995131016972	0.022658793454267953	0.11967111246317397	0.17312060011715436	0.08220580449537988	0.16611010502735618	0.10327030284480854	0.053863755342477004	0.039090417021321266	0.1869095961323637
0.03687882393979422	0.02435757440248991	0.13594195181601476	0.1781183418408231	0.09029240800401747	0.16386721393839837	0.10153297781951783	0.04653241566158151	0.03687829834282806	0.18559999423453483
0.05404136700265176	0.01960351636559632	0.11705609701703418	0.17902340610889464	0.09381401509679534	0.17238794683350805	0.10720947931350629	0.040226149483515584	0.037380346943218054	0.17925767583527974
0.05530555805338505	0.02388704131152279	0.12354614879184733	0.166652898223779	0.09912448814947922	0.1661260273837201	0.101851981493702	0.04231552858474513	0.03674198638536948	0.18444834162244994
0.0692685919818033	0.01885917920518969	0.11875643186029215	0.18113255489106284	0.07502858412384895	0.17283648534013885	0.10664493992010467	0.04657121140396067	0.043119557840307986	0.1677824634332909
0.057582830025138615	0.017633591973447035	0.11530474633343571	0.18244974238854567	0.07713818037807355	0.1717249031905481	0.09693008725877929	0.05303627283557731	0.04663305777344321	0.18156658784301155
0.04001314831943199	0.021618495253273307	0.1411150019880239	0.178743968060671	0.07485069360647686	0.1649537072506828	0.10654354423630948	0.048042471683848745	0.03703183251455604	0.18708713708672586
0.03519413921437406	0.018856644708914877	0.12550582734595148	0.17264550884342303	0.10061424009269064	0.17297864786007472	0.11249890993968063	0.052616633617389254	0.03735969301374546	0.17172975536375581
0.04733424965900472	0.023405673588493436	0.1254346160349778	0.1786566716275133	0.09670374236093027	0.16402451617344044	0.10119377128307608	0.048749387536327356	0.04721329733881653	0.16728407439742005
0.05043831472564084	0.024434529297320207	0.13289459402731962	0.17967628073996114	0.07616394940606104	0.16348046146381512	0.11232177792029538	0.050727582392448185	0.044964098655350795	0.1648984113717877
0.04647746844027911	0.023451456565890955	0.1261439754027186	0.16940189215038653	0.07992554116105574	0.1664711642088079	0.11135805239143087	0.047815904214161084	0.04143407363230535	0.18752047183296383
0.03744804373136594	0.022853777547493875	0.14097132602308343	0.16645075655520225	0.09608034094732601	0.165769333642289	0.11297871528287742	0.042081723955984834	0.041725748086282946	0.17364023422809433
0.03495519647458166	0.02333154559763112	0.13317114283062775	0.1808607152731264	0.0964564178171836	0.16784295291533335	0.09721261152295525	0.04083438785731223	0.04499894166131262	0.180336088049936
0.054757704960826596	0.01905105669226459	0.14092840609741406	0.16574646782813446	0.08798295597368468	0.1715907457270331	0.09859081662962188	0.05116724831916214	0.03870043740428987	0.1714841603675687
0.03485890296620736	0.024573580831782862	0.1389190349713586	0.16457081328604775	0.0986738279515888	0.16660967380930974	0.09745087913137788	0.05331841406741835	0.04842764932809042	0.17259722365681823
0.06759027237483481	0.019785520705991946	0.1250765919748574	0.16666286265516686	0.07940176480892053	0.16923480882291353	0.10833322269347573	0.05319902285371692	0.038514388830195825	0.1722015442799264
0.048921321828314365	0.024463616777014197	0.13220751998393776	0.1674861330545669	0.09100709756363616	0.16994760387259863	0.10240723921447256	0.05169750722699189	0.04095349539012275	0.17090846508834479
0.05079165948684762	0.019892170283475244	0.13277505314963464	0.1691300054991528	0.08636466983882052	0.17341855425278746	0.10946907827375188	0.04729127892577019	0.042998704970898124	0.16786882531886155
0.047884715455142564	0.024950396408239886	0.12290991095577365	0.17034233553039052	0.08855402209379967	0.16447092637721472	0.09864502247838604	0.054188592636662834	0.041795127336873905	0.1862589507275162
0.05191104106073578	0.02035148818520982	0.12782055490759944	0.17648481783883102	0.08177730265954622	0.17424043892514568	0.10671800451463069	0.04326908949395656	0.04563437849364645	0.17179288392069836
0.04983206956857557	0.023232465718795434	0.12882900403932376	0.16959009570622055	0.08178262763842627	0.16307467247695903	0.10546696432979775	0.05289812706488927	0.03846086713418963	0.18683310632282274
0.06450806476770954	0.021210081723406285	0.11571920162274144	0.1782283367705263	0.08015052112381303	0.1721082043460742	0.10544452835193482	0.04848063092189057	0.04716259949548858	0.16698783087641525
0.03932430841176393	0.025068989611157055	0.12439576094219038	0.16666025602265797	0.09055458910501815	0.17585460849449813	0.10872661802587992	0.04500088578512652	0.039509059010119654	0.1849049245915883
0.05900033737542563	0.023573140100147993	0.12455205750577672	0.16718168389768423	0.07488194379872429	0.17327547219119505	0.09873472239139561	0.04788855785559638	0.041714166456199485	0.18919791842785458
0.06825442764580024	0.0236055215980205	0.11458566360593285	0.17319158617916647	0.08013558304551263	0.16728106328466258	0.10437393633245197	0.04929440573964668	0.04632351755074485	0.1729542950180612
0.04538832358374166	0.020455301570224044	0.1265833812303181	0.1645902510621166	0.07782051427026886	0.1719206548230055	0.11048276584101936	0.04753689406141831	0.044877713865756286	0.19034419969213123
0.06213941246850682	0.020685564989544228	0.12977232247192072	0.16621163981937834	0.07665025705985262	0.16868108528462364	0.10894636685550303	0.04130234903742123	0.03957796098475486	0.1860330410284945
0.04398426872413694	0.018381042766788327	0.12450499551149936	0.16708410241456587	0.09523102446540935	0.16696399619684305	0.10717991239137	0.043507626619554825	0.047027631077239715	0.18613539983259256
0.053718667530423786	0.02269589640112092	0.1339859865661826	0.16518676075250846	0.08931233476645656	0.16684944382139089	0.1057494875724739	0.04753979564770579	0.042306624966538656	0.1726550019751984
0.041568314012003074	0.02398799121717085	0.1300125323230451	0.1786833517421517	0.09165309173115428	0.1714304679309025	0.10029489062698141	0.05167558631447644	0.043408223603432584	0.1672855504986821
0.04861932404985706	0.020747967176867013	0.12115216767265469	0.1821505052089819	0.09282322484426542	0.1708017266053547	0.09736873372254422	0.05211168016704806	0.0424928170593879	0.17173185349303904
0.0546212530620649	0.021115010570785478	0.1219590955934336	0.17048427086703263	0.09555703985120134	0.1710074552015861	0.11258929028039774	0.044316251084965154	0.039956406340437185	0.1683939271480958
0.040890741228553615	0.01804628549641707	0.13833541369227415	0.1796274591332255	0.07796709784392014	0.16463291083996548	0.09794504984545711	0.051295402962561625	0.04625874939913816	0.18500088955848715
0.06953113655938975	0.01822708970683265	0.11459029988870592	0.17345099107626855	0.08309435159362635	0.16499441431176276	0.1093910978039685	0.04741113081129052	0.03864719355775749	0.18066229469039752
0.04434811797440945	0.024757241945951733	0.11879994314099912	0.16691140178113834	0.09210223786487612	0.16714992308964682	0.10670225526476002	0.04571750837676479	0.044896333692889784	0.1886150368685639
0.055013951883697454	0.024998056348821823	0.13901291372451535	0.17004027743418548	0.08267442335975572	0.17296503803444468	0.10627407050680314	0.04349978638458208	0.039919849640893644	0.16560163268230063
0.06374646040720508	0.018109881282955376	0.1267357239583678	0.16828993677279053	0.08941021817768142	0.1660192259424996	0.10872697241488069	0.04026401045991108	0.0393700575037465	0.17932751307996186
0.0501650973366394	0.019712187518226024	0.13960509669879154	0.16426970360984905	0.09634469144260917	0.17093941386256678	0.10854608762863795	0.0412578336853877	0.04095588516176141	0.16820400305553096
0.06715967031335929	0.01843942880811049	0.12558823845240868	0.16944673005309557	0.08574444307959589	0.16494107598394492	0.10714482278123352	0.04326255430985939	0.040572928484728155	0.17770010773366404
0.05227370989887484	0.02365869524427662	0.13193885361019603	0.17874145838014546	0.07472203935204184	0.1678813046282739	0.10738881429130986	0.05441247508969266	0.042249790652383296	0.16673285885280553
0.041882609069048726	0.020757299574395496	0.12737311681492644	0.18343409443425468	0.09600309446236253	0.17140343996150298	0.10128492803201279	0.05135412595978754	0.040635784215166754	0.1658715074765421
0.056987380442527664	0.018208968280902654	0.1266855095702019	0.1817461176543424	0.0817772441332465	0.16815196183024628	0.10239817234748906	0.049460082031820146	0.03904816911215507	0.17553639459706835
0.035207921057323524	0.01889950958452423	0.1408706372827552	0.17094104104813973	0.09999849846959415	0.16344424256530682	0.09938745330412686	0.04707704186409278	0.03864037465960686	0.1855332801645299
0.03985411047032722	0.019832062068996098	0.1304167334570516	0.18200355524664646	0.07825021549340724	0.17355105082597722	0.10970737540909054	0.04752438182124301	0.03773632187429956	0.18112419333296106
0.061892649158091576	0.02087221545321298	0.11546749422539593	0.1710225664304233	0.08263194418916132	0.16434517140328658	0.09977388900404924	0.04832042948712707	0.04528783585498068	0.19038580479427128
0.06033672478843503	0.024776814091015217	0.1199764911411088	0.18221996419541653	0.08475412629309569	0.16436817588845054	0.10148093015273746	0.05200020599538186	0.03698999620456851	0.17309657124979028
0.04417866429087243	0.02092662019323631	0.13240815639330838	0.17521882426409247	0.07771999036276452	0.1727020426804462	0.10416521795176885	0.04828767557963195	0.04583890558808505	0.17855390269579385
0.04505646814056652	0.020202592824858367	0.13880428597590855	0.17663778388157453	0.0789358165609359	0.16508960005250567	0.10630677219760248	0.05022749507769442	0.04401750461665014	0.1747216806717034
0.0682514732411989	0.02084038061948032	0.11800320316446831	0.16536121543911714	0.08559795295411975	0.17048235032666548	0.10171501435324276	0.04297660984467354	0.040920648059884684	0.18585115199714913
0.05160319710122937	0.019733383759691275	0.13069283600108664	0.1737556438602703	0.08156520731394518	0.1652268717658458	0.09959055394826109	0.04596706184694711	0.04305071323798133	0.1888145311647419
0.03699209821514965	0.019183184956090088	0.11898115430348197	0.18269299676389428	0.09113661906646056	0.17545916455351881	0.10470715631063969	0.04465315441735308	0.04223231839185582	0.183962153021556
0.04275128265201607	0.022879226758891452	0.12800245495191717	0.17150626236737615	0.09005275346360991	0.1707586778116701	0.10578026616124052	0.04849854505045746	0.04027982600668866	0.1794907047761325
0.05419761116697232	0.021168484314810332	0.12371804180823898	0.1773853190349808	0.08341419737214625	0.17089216811954963	0.09827298766273625	0.041926320952702455	0.038733808873767615	0.19029106069409538
0.0690459068244842	0.021792954258387398	0.11990306845386732	0.17028233935893583	0.08078134923131017	0.1654355653452534	0.09740790522690027	0.053937807309841004	0.03980393108487364	0.18160917290614675
0.06159180768426063	0.02293420462206283	0.11885161087540276	0.16839408439881037	0.07962778457929476	0.17400029053217247	0.10291650435898717	0.04578371267404975	0.04751155894683991	0.17838844132811937
0.03914194486175379	0.018968574107532804	0.14029728141750272	0.17957727964665204	0.07484586249530734	0.1704800137678485	0.1029292680830821	0.045748683308827	0.03955509564466236	0.18845599666683138
0.053508123841938135	0.02138837241283821	0.12807931419703017	0.17945872780478378	0.08323068427848161	0.16819869324977044	0.1026876402609218	0.0403212769247727	0.0471091397101876	0.17601802731927557
0.06773206011426412	0.02080806950189515	0.11506096751082134	0.17304484848235657	0.07488232579852105	0.17604073675965204	0.10377769658222673	0.04327811383208162	0.0373970886933182	0.1879780927248631
0.0599325800894025	0.020734292890340386	0.12748297591606514	0.17376959339366504	0.0855806436535353	0.16599485590947632	0.10629052169038633	0.0488215304966924	0.036486858897616145	0.17490614706282043
0.04982192187049118	0.021391601667441584	0.14018233803206998	0.16634507975051477	0.09697852215843937	0.17279961475910594	0.10091655238448961	0.04412396058435148	0.04184106473066007	0.16559934406243598
0.04078399193301227	0.019971045561772552	0.1272818144076472	0.1734217136380637	0.09643462158932675	0.1702485667494832	0.11052527626908269	0.042872786675819625	0.04036258076884315	0.17809760240694889
0.04815861111249688	0.021214665619821244	0.1276644627159027	0.17531276834474407	0.08938383293954034	0.16650232853745678	0.10019044921691586	0.05289737478735821	0.04809216061123352	0.17058334611453033
0.05209056537153821	0.018579237879189678	0.12043561751696652	0.16803666112079144	0.09948083736213703	0.16953506853776534	0.10918791154426558	0.04778985779076547	0.03776291900208856	0.17710132387449218
0.039839345311909066	0.0179320371027267	0.12563879288916063	0.1771805537987913	0.0835685739190372	0.17115510910547416	0.10135396088632374	0.052229598154966236	0.04396784074346359	0.18713418808814736
0.061009413966116255	0.02246088140739419	0.13485191311325748	0.16532077964614034	0.08583815270849698	0.16869594658302914	0.10244449978125333	0.04746423404195303	0.04695609350880429	0.16495808524355493
0.04035724136049666	0.021177976970566642	0.13838959378578752	0.17759397276096278	0.09145511916180263	0.16745400400579946	0.10489482430078834	0.04871829357545768	0.040152988937874085	0.16980598514046422
0.03177108904486277	0.024526963623150363	0.1308299225981872	0.16563514709050126	0.07566368927823541	0.1736597076971947	0.11215999014871705	0.05129397946699968	0.047599372953270394	0.18686013809888122
0.03527512014454802	0.01771166786808645	0.13622721043697372	0.16873546329336245	0.09190968974801259	0.16835560043060097	0.10439955266813551	0.050735276601130995	0.0365059507758992	0.19014446803325002
0.04940597466181304	0.024786493236397186	0.1255760378673107	0.18056787073150868	0.07608615396532542	0.16365733769664054	0.10228513791439897	0.051248606613281046	0.0452839721041345	0.18110241520918985
0.049355956273451664	0.025175922414956434	0.12714293978669539	0.17292226281137027	0.0979473555016543	0.16612707365539003	0.09804300290769874	0.046964052267729095	0.04038064446649811	0.17594078991455597
0.035240423018654154	0.02096377885923767	0.1352531212400649	0.18261638722256168	0.0891948445512476	0.16572460587621562	0.1068615922053178	0.04940949440052901	0.03767290429686093	0.17706284832931068
0.06607467696725808	0.020324010415329316	0.1155999235421788	0.17426233326948276	0.07860575368003038	0.17387443555288418	0.10993542840833806	0.04919639467860546	0.04435272537516278	0.16777431811073013
0.04251768576468809	0.019414831725288698	0.14072015812755073	0.17456869410759565	0.08053823749990835	0.16765026359852794	0.10281706188886865	0.04439940962828282	0.04293572551426279	0.18443793214502624
0.05092457994385984	0.023779707233658243	0.11542334304769707	0.1641371542614617	0.09302687869776612	0.1754645218274163	0.10700381083070476	0.04427432441324086	0.04708673217015632	0.1788789475740388
0.05786858429397193	0.02496911948212098	0.11995622835574593	0.17681120359454516	0.09478429008804919	0.1731352414565086	0.09800349800148406	0.04349447376225853	0.039931678866777454	0.17104568209853807
0.03939402497309145	0.023761605082908255	0.1252417049183865	0.16783774778068128	0.09229583129646181	0.17527524353690566	0.10258490270614598	0.047247376323636264	0.04005212279308277	0.1863094405887001
0.04315388321306032	0.020666188491074114	0.14025032457089154	0.163898193265317	0.08958447539039031	0.16450100826637717	0.10233719678965507	0.04253823207660229	0.04482966970978459	0.18824082822684762
0.04865004190870996	0.02207641799738809	0.12189952986865378	0.18007605631652573	0.08537795748067603	0.1712527771759298	0.10593284294137886	0.04348821650161787	0.0408516218594131	0.1803945379497068
0.04671886485554086	0.01894765887786383	0.11783435044217254	0.16837182173036436	0.09905393894025974	0.1691011075036467	0.09829092492028262	0.04388742017356501	0.04771364357827906	0.19008026897802527
0.0387133175447731	0.020020925507162085	0.12619266242175659	0.1809303079622655	0.08817200272904571	0.16947625908849992	0.10063667262728664	0.04655477585774156	0.04740334910365558	0.18189972715781333
0.05473365563269844	0.020618615366977247	0.12506050795459905	0.1751802428736008	0.08750724598215015	0.17151043825746135	0.1113010175131779	0.04584389386277186	0.04207355565145898	0.16617082690510415
0.0463842555012529	0.022504781742200955	0.12452651479625867	0.16545096939880316	0.10098304303249302	0.16793394728151273	0.1018854238911196	0.04169390020791949	0.04546630560031206	0.18317085854812742
0.032880565356887534	0.01871348386390545	0.13715576317292827	0.18154287714396963	0.09921074408987826	0.16716422624890684	0.10213711233034167	0.04477807763378772	0.041176161403022195	0.17524098875637245
0.03809940704636833	0.01799058914671192	0.14091250695890642	0.17048277029207143	0.0973593915631672	0.16349696228703872	0.0985265344923186	0.05361479682452496	0.041679690698653335	0.1778373506902391
0.07030174644534622	0.018595374078478222	0.12238570994014793	0.17621747967247625	0.07581855071198244	0.16638343019022267	0.10698104583250058	0.04927830979088199	0.040573208079563626	0.17346514525840007
0.03348809649928043	0.019430308703597562	0.13823913871488253	0.17684562094245446	0.07822621590032333	0.17105675109119273	0.10362639298703766	0.05451046343665173	0.044208788741067644	0.180368222983512
0.05006724847221432	0.0238787920864372	0.12916752972442433	0.17532010979874058	0.09956478869352786	0.16735594244324098	0.10706360658761002	0.04023982134468396	0.03692631599531207	0.1704158448538087
0.07011744569429156	0.021770364133211664	0.11964376593634843	0.17536215662610566	0.07966574545708452	0.16473081487188118	0.10266985012613984	0.05443310869631544	0.04690959900593978	0.16469714945268193
0.03969660636925933	0.01922994539574191	0.12488174045104283	0.17345712007961034	0.09442064182697023	0.1686577561357629	0.10449287116327091	0.05081777390546297	0.047961299378330324	0.17638424529454827
0.03334826833096473	0.02034141598067489	0.13622839831603678	0.1835391233627558	0.08269948930633948	0.17502534036033612	0.09846826981730791	0.04488576599086107	0.03838642073141618	0.18707750780330706
0.05932323294885422	0.02094022015223443	0.11646336547461514	0.17435503373030986	0.07639966926278419	0.17079913187352358	0.10557130865186291	0.04769583086628275	0.042146305573164546	0.18630590146636838
0.05996872652831877	0.018219582668660167	0.1174125880485418	0.17440243960542678	0.08943230843184724	0.1647578496552474	0.10565931102104648	0.05400542706048498	0.03693525851321777	0.1792065084672086
0.053647717993143634	0.017706445135715093	0.13118180173165994	0.18056590021092264	0.0846485994624627	0.17400282947224988	0.10416551877420331	0.0411840800663998	0.04330465924755572	0.16959244790568728
0.05007245791592166	0.020647398024554467	0.12237267958628416	0.18079093034756089	0.078587875034421	0.16618802182101733	0.11269492980841522	0.04398661824112098	0.044558465085931157	0.18010062413477318
0.046230140815869306	0.018790202677895995	0.13220518007223148	0.17715251688112715	0.08139620993618153	0.16968472413522762	0.11189392359269557	0.046742806126319786	0.039040272745641334	0.17686402301681026
0.05090006943655677	0.017747802717966707	0.13124877416601125	0.17459335555575844	0.0940968422717601	0.16489235010226214	0.10461915889222351	0.04387589911659976	0.048582995914259824	0.1694427518266015
0.06712348056560169	0.023736779560361326	0.12005401688015609	0.1681746734652494	0.09022404467214898	0.17059820222280492	0.09864063106219301	0.04587831675000814	0.03626446621370839	0.17930538860776807
0.03336420908861372	0.02063194489199574	0.13452629699765495	0.1801309272059211	0.09804141664252929	0.16347228328272492	0.10173254623908697	0.048830031807846286	0.0456108444275651	0.1736594994160619
0.051449161297547646	0.021662172724300627	0.11913810835983973	0.17449285957915325	0.08084876747935121	0.16958451182025092	0.1066381957992979	0.05200542127703066	0.04379292552594794	0.18038787613728008
0.04508496666538901	0.02461198963374628	0.1379377719920442	0.1641049825347468	0.09360749650929767	0.17356592222278583	0.11208853811908014	0.040801763656852896	0.038125424345500744	0.1700711443205564
0.045828459659805525	0.019376750673189655	0.12103503255142292	0.17460109379494337	0.08963328863748317	0.1712555460899267	0.11113637042498302	0.04475037813539863	0.04589314166319999	0.17648993836964708
0.05244557215478853	0.0222675465406819	0.12245656584275214	0.1729855968371139	0.07470283155051688	0.17280141048548348	0.09810979225517538	0.050987855464573954	0.04514560418313417	0.18809722468577966
0.038207763066848914	0.024781809589297085	0.12528132632558528	0.17907012034724795	0.08287266135130178	0.1631513692166749	0.10714211289164033	0.0538894338964688	0.03618728896464926	0.18941611435028577
0.061330950379063824	0.018794080576591543	0.11471769353633221	0.16599159563153282	0.09069942300604383	0.16856451938208483	0.11066869295465788	0.0477106658248107	0.045786597374093775	0.1757357813347885
0.03853040151778447	0.020372971056842853	0.1404909508435176	0.17364971270144597	0.0938099266283729	0.16486576814736748	0.09990920875636662	0.049603996156127095	0.04087738657762812	0.17788967761454694
0.06617048791592628	0.021061865890652162	0.1343470848480403	0.1662669758801421	0.07683871426602319	0.1644176320802626	0.11054319804674982	0.05096896770325688	0.04382228980870869	0.16556278356023788
0.047057080735213176	0.02163043866507773	0.12319289524603022	0.165497275345594	0.09924836567833524	0.17296424897586424	0.10056326734206356	0.05136124817457857	0.04303501113873626	0.17545016869850705
0.06650299261903267	0.017709028570176158	0.13225199193665912	0.17072459322674216	0.08461271073014848	0.17098445939626306	0.10679879964091991	0.044412063257023536	0.039757341168970145	0.16624601945406473
0.0411579848359578	0.02403654132376805	0.12706142932021078	0.1833056541244717	0.07805603735333522	0.17481138659802464	0.10622421668236279	0.04274669096127699	0.03703610618898412	0.18556395261160785
0.061595456535420416	0.02138843106279162	0.1258782638878587	0.17196197875516556	0.07680154765613711	0.16288044213992092	0.11280359077762594	0.048085843830110976	0.04516417296650331	0.17344027238846543
0.059160940950853835	0.022540951541913504	0.11997289341433909	0.16978925562452624	0.0977977295029227	0.17323995146198834	0.10610097579466023	0.04599409113949357	0.03685239261917485	0.16855081795012766
0.03320569324542906	0.02189852323442963	0.13006378874292182	0.17005256049499567	0.08908123825411343	0.17307937771183407	0.11129841136282909	0.05076234439195114	0.042402674467328566	0.17815538809416753
0.06664949933203779	0.021079132552207724	0.12531128254384072	0.168723515822566	0.0941944722841434	0.1638643078155646	0.09721533042197283	0.04049548072129888	0.03734508007147426	0.1851218984348938
0.050877977968508264	0.018980696916147705	0.12539136940491416	0.16899387244704922	0.09733212704557265	0.1726183416471667	0.11300792006642597	0.045383107212287416	0.037116199056889454	0.17029838823503848
0.05993465395832437	0.02151993755791061	0.13496153668103447	0.18263513706025553	0.07468899382976432	0.165468136855646	0.10343478437741065	0.04592948897568259	0.038497727981833436	0.172929602722138
0.05128717877015658	0.02259618506560092	0.11513621506387545	0.17932635944624647	0.07712646167590217	0.17293094224414068	0.10210982902533441	0.054514899119720364	0.043103978781912126	0.18186795080711077
0.05319466071558645	0.01872573467577779	0.12740194617259792	0.17234515844885379	0.08024546880715373	0.1665885785965687	0.10528364726681144	0.048788066549324854	0.0395613240923966	0.18786541467492873
0.050570387776651814	0.020336654218231637	0.116686969390221	0.18099662606859507	0.09923085265954373	0.16854357401093378	0.10549376274217123	0.05307440321058619	0.03728245985120733	0.16778431007185823
0.05060354073319922	0.018977925764514306	0.13760905896904482	0.17837362616682173	0.08579724740593711	0.16470017423234212	0.11111039661878873	0.04289912010718002	0.03808171876779397	0.171847191234378
0.04564636042158136	0.019614811959558442	0.13418347433160016	0.17158037897205886	0.08298979644531553	0.17531783878469914	0.10233895346840022	0.040140646476076194	0.0378059360370987	0.1903818031036114
0.054147891050217785	0.023808582727584376	0.12959830610443035	0.17885227445387156	0.07500711611443539	0.16846508436590593	0.11117415098658819	0.044063241047943444	0.03858204193777729	0.17630131121124565
0.03968988776468461	0.02099068654930626	0.12686712521049184	0.1754550937772588	0.09223831389696444	0.1758265451906484	0.09759044869806674	0.04882888135922457	0.03809649591015163	0.1844165216432027
0.03911234017364535	0.021593305817650607	0.14050920855874663	0.16645624593644598	0.0907698141050855	0.16695843691751042	0.10174174354371866	0.05014009870741243	0.04706253739260019	0.17565626884718422
0.042685859781889254	0.024233092936220557	0.11564860058961711	0.17489406258257056	0.08935057330147869	0.16877477143680264	0.10494547347589492	0.046767536370279646	0.0440693522784427	0.188630677246804
0.03639252854410187	0.0212792073570557	0.14061125130933938	0.16748419827674005	0.08180341597236308	0.16625005829631007	0.11114419208108318	0.05206317167278375	0.039541916925893414	0.1834300595643295
0.033128211388507925	0.02447790968003151	0.12395781425981642	0.18346109031138763	0.10029717044051016	0.1716514791460668	0.10266182915736291	0.042979098270842994	0.042308564460911746	0.17507683288456188
0.05908605968813242	0.020688167348592454	0.13618488257122568	0.17749576504696551	0.07946562547400049	0.1694255845974622	0.1009014809519425	0.04284145623342715	0.046162149494101995	0.16774882859414955
0.05158665736407377	0.022906287451068083	0.12842733763934094	0.1709850691161529	0.10110762447858553	0.1648339184442979	0.10049171889321483	0.04217906901035767	0.03924570357931409	0.1782366140235942
0.041110053179424545	0.0179096772845342	0.13771839635096497	0.1668602261634859	0.09016368962436541	0.17482701365000808	0.10527007030005783	0.043732317648635693	0.04737425889664113	0.17503429690188227
0.05228797543513328	0.018720688184247908	0.13071301739910884	0.17238876508646667	0.08060150285264975	0.1675702030051721	0.10992909804028426	0.05154992812461455	0.04155279892488228	0.17468602294744034
0.05353043053672567	0.02042069933049026	0.13034954523588388	0.1772755818602444	0.08066976202453312	0.17288574521168837	0.10656067232317984	0.041759217045287414	0.04523226340170297	0.17131608303026408
0.049155261545905105	0.02121593873511987	0.1327512503236657	0.17199141336710555	0.0925538590810728	0.16773082752204402	0.10124513046712491	0.04598431730052064	0.048289761205666894	0.1690822404517745
0.04949699119743618	0.017695383563013728	0.13037436700295407	0.17848568095741218	0.08667899629495548	0.16479290398394714	0.10941036373933849	0.053447239270616786	0.04325875721321751	0.1663593167771084
0.062485991617386126	0.019954476296595483	0.1368270610598566	0.16626374200569782	0.08067606447915662	0.16988084473280832	0.10479166911845189	0.05169377592554481	0.03747373585621344	0.16995263890828888
0.05123958863500863	0.01792851553635884	0.13755742384141076	0.18249002820506594	0.08132503065040451	0.16467845279158771	0.11306659853092282	0.043666980223472145	0.04062105748385813	0.16742632410191055
0.04854089593296069	0.02464763298929666	0.1281366115305357	0.16772028835846475	0.08889967696925113	0.16447890198878373	0.10836676687141017	0.046717483350053796	0.04140164690605184	0.18109009510319152
0.06283466212790043	0.022440756510897497	0.13512726498200567	0.17127275970710656	0.09225597890832951	0.1669440364552357	0.09790834869768263	0.04322803575412355	0.040451509967265625	0.1675366468894528
0.0691812418489624	0.022443554489093534	0.12145083684096501	0.17104231982833537	0.08263092689936369	0.17525831732306507	0.0991641629343008	0.04278935425571717	0.045042172654260595	0.17099711292593633
0.058920530362168905	0.02501597863617297	0.11471066189887195	0.16672483618299774	0.09394203490146537	0.17240243517001236	0.09707101389427743	0.05056802996209796	0.036644386434348045	0.18400009255758723
0.0440857923445884	0.020111885320650724	0.11517426921005783	0.1752938294483669	0.09949808207446212	0.17412971385679898	0.10941983389323107	0.048437113956557296	0.041181199950515265	0.17266827994477138
0.04500837699092218	0.02321747175487117	0.13322397692451618	0.17697160198379902	0.09046896617191164	0.16833543049807104	0.09927190730727578	0.05065867676766841	0.04612277661174842	0.16672081498921623
0.054624782900043974	0.02237536714300857	0.1274891179070935	0.18065942321376716	0.09494116231864326	0.1657494643686792	0.10453698881160754	0.04043462585604103	0.04350100986932309	0.16568805761179267
0.04392081752823962	0.020415247793929225	0.1389205604036462	0.16833308912224942	0.0936562218370239	0.17591958651480802	0.10616465979690501	0.0454874498266451	0.03724456054583769	0.16993780663071584
0.03620552761745692	0.022854398774995385	0.14031829224664585	0.17150094036117525	0.08340074078075276	0.1675283023790214	0.10757736298373514	0.047408857073830635	0.037318521893650175	0.18588705588873652
0.03933169696885258	0.024061014472761336	0.13354388461098798	0.1713890328596613	0.0981845634240837	0.16988972304557196	0.10902993447457149	0.044787293385722654	0.03843778007304742	0.17134507668473964
0.05445083308344894	0.018715208068050868	0.1190718435739314	0.17139643556834971	0.09246482165270473	0.17092064725782313	0.1116445130520899	0.0471092764914378	0.043649349304178686	0.17057707194798483
0.044210829757640985	0.020659945367978244	0.12224342362258202	0.18009287302533958	0.09477147520610056	0.1689199546532198	0.10129590115325658	0.04643427526366285	0.04442159077736181	0.17694973117285762
0.05490655290334569	0.0185424476034093	0.1345454023326124	0.17197567526118124	0.07819222575508632	0.17139848060892288	0.10944104509813854	0.040991149518216856	0.04614362873162934	0.17386339218745744
0.03929782397468906	0.024404320148480513	0.12504616378286815	0.18213727792780787	0.08071786815823205	0.16288207030218665	0.11229371500396743	0.04665236477502005	0.041132926833960026	0.18543546909278819
0.04621936221735353	0.02515364879868276	0.11653833085032708	0.1799893664554853	0.09462617592243559	0.16623277028519415	0.09714980672229596	0.041597014416391485	0.04858987352466483	0.1839036508071692
0.05698071175383425	0.023485129620616302	0.13328526568518315	0.18303976930477497	0.08612263066627764	0.1681703722631196	0.10245533250994895	0.04056004005125786	0.03637790898302101	0.1695228391619662
0.04224650868247136	0.022369437295582717	0.12574823815012612	0.18216436659238688	0.08128251003659369	0.16822762388984314	0.10059180634243385	0.05260357253089428	0.046283986140990906	0.17848195033867703
0.053542604005473206	0.020962854968668412	0.1197790996796319	0.17699665346090215	0.07770676715836389	0.17019704729890878	0.10199354476972303	0.048309415459983907	0.04763637704804488	0.18287563615029984
0.037399919601826606	0.024511190463516463	0.1234516938907271	0.18191775424806722	0.08493719216580076	0.16400457978696603	0.10303159531336424	0.04233575867162826	0.0479156904329039	0.19049462542519946
0.04784635880689269	0.01869953370645061	0.11843157349115677	0.18136255680837143	0.08361089795398494	0.17351154481916548	0.11082448148936445	0.04318716844609465	0.047645449380239686	0.1748804350982793
0.03497721851566443	0.021404089529999587	0.13395141310388048	0.16945370282722924	0.09955899168989348	0.17186218308675733	0.10710267112108422	0.04691277212535569	0.04725542548622288	0.16752153251391266
0.048973177407176334	0.01885403710014301	0.12699147932926919	0.1763207733901455	0.0907738985885489	0.17316959814432717	0.10072937046233423	0.04588396631195245	0.043136719436597616	0.17516697982950566
0.06395903093293569	0.02124287177768737	0.12269443657634314	0.1668585796089394	0.07706243846825198	0.16531589817616796	0.10808870760293171	0.05235949078003207	0.041888642056245255	0.1805299040204654
0.055277060490302996	0.024057669696724474	0.12438214503653706	0.16880083725149467	0.08302183346050197	0.17210812663697023	0.09944479050125404	0.04577695659974976	0.040815445017361965	0.1863151353091028
0.06203953012104644	0.023339421185959858	0.11817053201126793	0.17236979833311983	0.08938588249384923	0.1690220278740806	0.0983512789586276	0.04154587536751987	0.03921567819316295	0.18655997546136566
0.06141763733041916	0.021423810534720908	0.12092182097682633	0.17775968655385466	0.07520579095776164	0.16675740039608605	0.10348106155989222	0.04884502748620408	0.04445470487108215	0.17973305933315287
0.06302712557253169	0.019219373377488636	0.11898902945022198	0.17366939923893454	0.08059453987061803	0.16563850645896527	0.1055663201986854	0.04953276464744404	0.038401995739965805	0.18536094544514456
0.04883612562103162	0.02466102047222067	0.12260387362385933	0.17414664246840972	0.08465426997611257	0.1761990945159195	0.11317126629667083	0.042166247635500226	0.036376355048319486	0.17718510434195606
0.04966546103656526	0.01974874295274917	0.1275273496519457	0.16684758354268237	0.07910277187275784	0.17497630683893664	0.10515498076214447	0.054333709343543604	0.039290076914476016	0.18335301708419888
0.07031274801594663	0.018748238835263817	0.12295146471982102	0.16846070492772297	0.0962104843598548	0.16478361851357098	0.09715445476720139	0.05366296685975574	0.04035028492881764	0.16736503407204495
0.038934781936258045	0.020158641053271864	0.12434181665274657	0.1771664382036352	0.09990564735223105	0.16776118285628866	0.09703638006416648	0.05319680258069721	0.047294782609996346	0.1742035266907086
0.055452146647869086	0.019994079217334496	0.1171558074106079	0.17074457328971404	0.09875095040797008	0.1657230331814854	0.09953807622773068	0.040132084698762394	0.04373894971069499	0.1887702992078309
0.050903007363359676	0.023305119719444337	0.13740686507158367	0.16493219967518447	0.09045156302229074	0.16468749994120652	0.11230871842355114	0.042587814482037925	0.04183522947833911	0.1715819828230024
0.05666450048992085	0.021881630805203334	0.11704700231524753	0.1744303865768242	0.09380907310586699	0.1700967235084519	0.10471649841606255	0.05200323019781919	0.043429278038149624	0.1659216765464539
0.039340393210675256	0.024693649558994835	0.12690203721452203	0.1709861447440456	0.093521889522562	0.17316036958937528	0.11171135414445597	0.05015050303963234	0.042249891091218	0.16728376788451865
0.06378367200792766	0.020253790114452372	0.12220399191617348	0.18273469008330373	0.08875573115091329	0.17036883054498636	0.0976005034232766	0.04076086626173192	0.04204925262834035	0.17148867186889416
0.055845818816408765	0.02337916409939987	0.12045930763414933	0.17411483761691132	0.07807106799736174	0.17626025730782413	0.10335488585492927	0.040439232945093675	0.048639544867322144	0.17943588286059972
0.03334379928865627	0.02110872852238141	0.1361766105750079	0.17407155959440224	0.09833635866552835	0.16459469404594673	0.0971356030713356	0.04946328444703503	0.03707988921785224	0.18868947257185428
0.05771284637187707	0.02173729901646869	0.13166637634561396	0.1827651533557496	0.07819176601744325	0.16435893361947773	0.09888571963527143	0.04680888438134228	0.03635549086929986	0.18151753038745616
0.06180442468106057	0.020076315290982083	0.1259985828083876	0.16511010665657566	0.08854873027438755	0.17456407432332835	0.10111436288375965	0.04461057793829521	0.03827100306612902	0.17990182207709426
0.05556635006335239	0.021845183811543448	0.11902763676131861	0.17707518136178987	0.09180858061586991	0.16829780277950995	0.10280895911237753	0.0418809573611844	0.046813336696808164	0.1748760114362457
0.04161230991025367	0.02384376976188947	0.1294609278301822	0.16600828519705174	0.09314899282172047	0.16359682469506678	0.11267504376020586	0.04597185280740849	0.03657310085398145	0.18710889236223988
0.044951425111923515	0.020461757978028863	0.14092638333465474	0.18190882427741495	0.07706872600056942	0.17495988813837932	0.10090927224427312	0.04058275779120075	0.03928506673135667	0.17894589839219863
0.03635667599597252	0.018239760272709432	0.13469654664607403	0.16900533815839291	0.0859175718362528	0.17286533706476212	0.11054093576845489	0.04827690310383404	0.04586527032918039	0.17823566082436687
0.03609799990921221	0.019387948598674584	0.13695021968402254	0.17850754611615738	0.08700056789979861	0.1658969059835886	0.10583547684670926	0.04967914644118458	0.048023104617949175	0.1726210839027031
0.03345199868090569	0.02040759803807657	0.13456499192943355	0.17025884640572098	0.08177757694834203	0.17620566395803017	0.10005103012032386	0.051963696812317335	0.04707881301041108	0.18423978409643874
0.05093465883085415	0.02359174178863857	0.12123709613016159	0.1712071004195576	0.08505224157814358	0.17080668351416178	0.10334508791996293	0.05114101258224619	0.04853488160438803	0.17414949563188564
0.06140960445412713	0.019293328509484717	0.12829296524156933	0.1661714151450524	0.09295532552033077	0.17593276496800758	0.09974617902832676	0.04210020363212051	0.04299429420744813	0.17110391929353264
0.05223804339382415	0.022455864006137707	0.11980844643886938	0.16907196294907256	0.09380299531375799	0.1682209776524874	0.1099558642507808	0.05222972727900567	0.04094820255698898	0.17126791615907533
0.03514847178067261	0.018384092264344815	0.13955378966746707	0.16753175295644637	0.08551155973286899	0.168768866666978	0.10841508297705768	0.04505987726268943	0.046867657697766414	0.1847588489937087
0.040954760334915324	0.023870257445074886	0.11844263659317697	0.18233639988038075	0.10038278150545835	0.16464421598845785	0.10644522822377102	0.0534021119973269	0.04001720137291407	0.16950440665852395
0.03659969007748727	0.023729726874185827	0.11602090095081269	0.16795559877266453	0.08872555964700497	0.17561269965988036	0.11009436870549764	0.04955322762251903	0.04733350217243263	0.18437472551751508
