0.09180464757701105	0.05828332222277065	0.041294749680993656	1.1608881985925024E-5	0.07902211345904775	0.10599368141497206	0.08448689936031466	0.07733695410199691	0.12887310280608857	0.3328929204948187
0.09180232416479167	0.058289072931268206	0.04129308719283659	1.160730313402858E-5	0.07902467028460214	0.10599385956291715	0.0844879271772126	0.07733737328995705	0.1288708498001324	0.33288922829314815
0.09179980259910724	0.05829056349755267	0.04129601631980957	1.1617382415729516E-5	0.07902333640343628	0.1059946713606595	0.08448588234788783	0.07733877603165767	0.12887432983315214	0.3328850042243213
0.0917984141203135	0.05829338684701684	0.041295092704017794	1.1610615729171214E-5	0.07902509218706108	0.10599284760585719	0.08448796151413723	0.07733868124713171	0.1288734377214879	0.33288347543724756
0.09179981396751548	0.05829577493331963	0.04129440051268455	1.1614648465232968E-5	0.07902263936675107	0.10599261295176916	0.08448708893846041	0.07734064077707441	0.12887268900710092	0.3328827248968591
0.09179702765082928	0.0582988527650178	0.04129551580959775	1.1620046259888661E-5	0.0790232514404682	0.10599846950586134	0.08448552969105977	0.07734342832646617	0.12886552459156303	0.3328807801728767
0.09180046692066753	0.05829958168700805	0.041292868326722076	1.1603720745573254E-5	0.07902887222296576	0.1059999194831686	0.0844837879779706	0.07734456238113156	0.1288610848649106	0.3328772524147096
0.09180520577926454	0.058301005391298885	0.041292362749646705	1.1612801921453975E-5	0.07902366531210717	0.1060014180038483	0.08448442344251306	0.07734530688683308	0.12885536249265858	0.3328796371399082
0.09180230462635135	0.05829756941694682	0.04129979265665416	1.1607897468110528E-5	0.07902930615749607	0.10599289661095541	0.0844798499840329	0.07734570118232288	0.12885957840581685	0.3328813930619554
0.09180519917820018	0.05829020627624119	0.041304645182651326	1.1623262172605342E-5	0.07902164803309365	0.10599145214616248	0.08447865206331963	0.07734297770327636	0.12886873549480565	0.3328848606600769
0.09180302725748299	0.058300842404117995	0.0413073005697211	1.161956772301187E-5	0.07902366586906646	0.1059942524781722	0.08446672397687242	0.07734435605565707	0.12887238956455827	0.33287582225662843
0.09179839098964362	0.05830664702220535	0.04130690750194613	1.1608217705530444E-5	0.07902796133366634	0.10599217768341568	0.08446767131246881	0.07734449643671994	0.12887116719331534	0.3328729723089132
0.09179430824567225	0.05830988711779689	0.04130766432297546	1.1624036971288887E-5	0.07902531197432774	0.10599349704127692	0.08446327312575817	0.07735301531249202	0.12887195472171614	0.33286946410101304
0.09179314999363826	0.05831118235440522	0.04130880611022489	1.1606066489061595E-5	0.07902725824617934	0.10599457228658317	0.08446400377949714	0.07735102115418246	0.12886842453464106	0.33286997547415936
0.09179463494084744	0.058323707766797545	0.04129598401935791	1.161767912324918E-5	0.07903739055801623	0.10599726036729669	0.08447736531605317	0.07736516056746512	0.1288432011455759	0.3328536776394667
0.091792578874813	0.05832623009131164	0.041296393771230136	1.1621874586559278E-5	0.0790383931911675	0.10599421462001604	0.08447819297199843	0.07736596423145872	0.1288472787473418	0.3328491316260761
0.09179053954947583	0.058325108912499965	0.04129724306909805	1.1621764088393105E-5	0.07903912801325445	0.10599531800221343	0.08447889095640188	0.0773663051665694	0.1288450226452349	0.3328508219211637
0.09179342566361177	0.05833373774993507	0.04131042604996843	1.1623556953790914E-5	0.0790327183540972	0.10599657479452092	0.08447453454717627	0.07735136247923156	0.1288409838197372	0.33285461298476776
0.09179183090914533	0.058335776081362756	0.04130300416162122	1.160999837304666E-5	0.07903250557987615	0.10599485618675393	0.08448486311542447	0.07734859969167518	0.12884089554037917	0.3328560587353887
0.0917945563777816	0.058332985065355045	0.041302011860933865	1.1603756440117796E-5	0.0790340862894035	0.10599538371477953	0.08448801730940923	0.0773502581671577	0.12883809766940632	0.3328529997893331
0.09179140529820116	0.05833466149567326	0.041295012399496143	1.1613035621874102E-5	0.07903493621968762	0.10600315515703698	0.08448369265411383	0.0773546136047631	0.12883541884111685	0.33285549129428915
0.09178171097640016	0.05833007400532456	0.041297932544456545	1.161507396683914E-5	0.0790362447359079	0.1060145427319245	0.08448081802147564	0.07734878793925053	0.12884472466549846	0.3328535493057948
0.09178001382516045	0.058329486681776954	0.04130186317336032	1.1622187750248703E-5	0.07903878633039244	0.10601044055308012	0.08448663609188642	0.07734667575540542	0.12884581443026633	0.3328486609709213
0.0918032411151583	0.05831786654365462	0.041312176669673906	1.1606390244514597E-5	0.07903083334938159	0.10602160988194363	0.08445537169824875	0.07733841685239913	0.12884031562610493	0.33286856187319064
0.09180227808914583	0.05831640939872794	0.04131824095241124	1.1611289536306302E-5	0.07903095299788446	0.10601745607417692	0.08445174487598946	0.07734089125138363	0.12884451310596873	0.3328659019647754
0.09180271614039683	0.058317241045525214	0.04131796773334538	1.1606703470251611E-5	0.07902755548958311	0.10602128434325099	0.08445387426704973	0.07733958251048043	0.12883507437838831	0.3328730973885097
0.09180183990345205	0.058317545498557166	0.041313430050256145	1.1606541775108226E-5	0.07903371446874037	0.10601639766168053	0.08445190642848621	0.07734138226969628	0.1288367555922853	0.3328754215850708
0.09180310473598496	0.05831058315029306	0.041317069936103054	1.1619964506784375E-5	0.07903235941997921	0.10602364055260992	0.0844527001511134	0.07734078190359006	0.12883754490399715	0.3328705952818224
0.09180494888908486	0.05831693319062915	0.041315202149027994	1.1605249257876094E-5	0.07903120320197773	0.10602080883627901	0.08445541754389876	0.07734165867725876	0.12883828125723193	0.3328639410053539
0.09180163733068879	0.058323891754981344	0.041309020436045035	1.160606895990457E-5	0.07903024060088684	0.10602380422200879	0.08446260638462835	0.07733860335391662	0.1288317029283114	0.33286688691957284
0.09179858605528174	0.058311799056695944	0.04130352309340951	1.1615841765302837E-5	0.07904191201820551	0.106033450444913	0.08446505285911914	0.07734390234872465	0.12882950742231183	0.3328606508595733
0.09180559640922518	0.05831151540975739	0.041299816505034545	1.1618236784832758E-5	0.0790461333605706	0.10602669389122016	0.08445405663481143	0.07734117318988895	0.1288444160499705	0.33285898031273636
0.09180374668197322	0.05831575381022111	0.04130405077309036	1.1604827223912761E-5	0.07904765939890765	0.10602385367090623	0.08444950930470452	0.07734318226179736	0.12884230683155679	0.3328583324396188
0.09178704679899823	0.05833312212708217	0.04129559409802634	1.161448809371135E-5	0.07904822745973249	0.10600335716314752	0.08444348166260089	0.07735309689537279	0.12885357701392483	0.3328708822930209
0.09178334712319183	0.05833554932618562	0.04129245437851181	1.1609070689880263E-5	0.07904583853759695	0.10600252591509361	0.08444105852112224	0.07735900609049814	0.12885790969652183	0.33287070134058805
0.09177994267498357	0.05833677646123282	0.041295578101675806	1.1616860787544425E-5	0.07904244875799199	0.10601241101256467	0.08444619406420573	0.07736385951347576	0.12885559594813326	0.33285557660494886
0.09178372536693662	0.05833955312762247	0.041294837805128076	1.1615849700927217E-5	0.07903220370542988	0.10601302389816111	0.08444182869330938	0.07737063952444148	0.1288553347142065	0.3328572373150635
0.09177975016568822	0.05836303123192179	0.04129954480226517	1.16112254418127E-5	0.07903050675916803	0.10600592797940647	0.08441629433992387	0.07737268642012499	0.12885483270161088	0.33286581437444873
0.09177359683226025	0.05836676333977116	0.04129477932685596	1.1616376132297934E-5	0.07903282730088933	0.10600110962096054	0.08441524263466849	0.07737788671337674	0.1288536506854572	0.332872527169628
0.09177131779073465	0.05839360691650636	0.04130992057694499	1.1615011610954795E-5	0.07903736366053948	0.10600518778726631	0.08440350933384158	0.07736872966068972	0.1288358618672525	0.33286288739461345
0.09178920739066476	0.058426812953938756	0.04139615869399926	1.1616730704544498E-5	0.0791291353299137	0.10609242294280397	0.0842172766351	0.07737115832572196	0.1287281589212238	0.3328380520759292
0.09178867473066982	0.05842868054838203	0.041399448964755226	1.1616958422056012E-5	0.07912987282421947	0.10609305167704686	0.08421687611982515	0.07736820450218598	0.12872386368406022	0.33283970999043316
0.0917904153854997	0.058416285205036195	0.04139742873382906	1.161219131103064E-5	0.07912304125138502	0.10608890778732535	0.08421086551424999	0.07739770101797502	0.12873649559950687	0.33282724731388175
0.09179089991410362	0.058426042399922884	0.041390315119664026	1.1611434629688056E-5	0.07912319386896034	0.10607807092865107	0.08421426967792037	0.0773889654614063	0.12874203694934483	0.3328345942453968
0.09179433507028383	0.058424748891988926	0.04137386033502822	1.1616170226977363E-5	0.0790904990512025	0.10610741296822476	0.08417608841723692	0.07740669378933066	0.12876859003970026	0.3328461552667769
0.0918012487950431	0.05842611990387911	0.04137049697698346	1.1622885535286787E-5	0.07907183263675903	0.10609630680379326	0.08419529539873993	0.07738610278222635	0.12876717844126603	0.3328737953757744
0.09179869986754642	0.058429266390336215	0.041374770056596136	1.1609640106338692E-5	0.07906852402589007	0.10609519806885452	0.0841982224090234	0.07738378875145388	0.12877143680564293	0.33286848398455
0.09179801523165983	0.05842750261314447	0.04138548878509685	1.1604396067690925E-5	0.07907529602370855	0.10608564428094516	0.08419356116955323	0.07737451869923528	0.1287791270361255	0.33286924176446336
0.09180046613033682	0.05842775780833373	0.041353806871113424	1.1605239055176297E-5	0.07905664810134604	0.10613904567275094	0.08418452654196719	0.07738967119929219	0.12876175318193428	0.3328747192538702
0.091787390135203	0.05843581255130195	0.0413825377921324	1.16082310827742E-5	0.07905643689463118	0.10613817881919999	0.0841220262969019	0.07750484164004236	0.12876674162537344	0.332794426014131
0.09174427994528832	0.05841593121996564	0.041404958116008535	1.1612051526013745E-5	0.07903868440224919	0.1061682952219902	0.08414167168533969	0.07753779639938307	0.12874236555583718	0.33279440540241206
0.09172374652144401	0.0584240496339023	0.041409219176493026	1.1617127793017712E-5	0.07903625798911942	0.10618409628896376	0.08414755403089666	0.07753989219371435	0.12874053802390417	0.33278302901376927
0.09173331737098597	0.05841002341687944	0.04140895759737581	1.1605550496215922E-5	0.07902908851356036	0.10617228067366566	0.0841465105158089	0.0775410434339128	0.1287590717097406	0.33278810121757413
0.09173481896162108	0.05841191035222085	0.04141456555692549	1.162194233174374E-5	0.07903074625753098	0.10615879298982361	0.08414868292007596	0.077539244709845	0.12875877756540097	0.33279083874422427
0.09172612276526027	0.058414471799894785	0.04142111208219896	1.160503550438896E-5	0.07902975728994753	0.10616108041892078	0.08414573830959053	0.07753785257507846	0.12876320574148697	0.3327890539821173
0.09172428135872324	0.058414443851231165	0.041422066850391896	1.1608302023083383E-5	0.07902742350265843	0.10616061449314486	0.08414718462145324	0.07753479551595636	0.12876140107388934	0.3327961804305284
0.0917233302055289	0.05841103354951817	0.04141545795248006	1.1613137249830152E-5	0.07903393529302444	0.10617380567120435	0.08414064922094303	0.07753343462324015	0.12876476042949486	0.3327919799173161
0.09171588035495565	0.058415585986029445	0.041411131268478965	1.1604412283108823E-5	0.07903770734020474	0.10617277727838288	0.08413537970247678	0.07754387296989933	0.12876534034500473	0.33279072034228435
0.09171674329853478	0.05841232214094945	0.041408460884827164	1.1614835835047077E-5	0.07904163935847328	0.10617465877155305	0.08413063858372327	0.0775472323859009	0.12876795504897204	0.33278873469123094
0.09171587087371923	0.05841501488888143	0.0414134425613316	1.162261855164326E-5	0.07904314585112344	0.10616951054982725	0.08413308568546655	0.07754647790774777	0.12876176874551873	0.3327900603178323
0.09170894366771418	0.058419366478544045	0.041419508424905285	1.1620945348581047E-5	0.07904655738185415	0.10617000402563706	0.08413148747483724	0.07754484459839418	0.12875972350512993	0.3327879434976353
0.09171367503714951	0.05842385834882131	0.04141659103207072	1.161338859627381E-5	0.07904035447598554	0.10616692589637991	0.08412751277394867	0.07755225079425934	0.1287513306341954	0.3327958876185933
0.09171116032696207	0.05841864661252909	0.04141099306225289	1.161901817221811E-5	0.07904619264105309	0.10617205892140857	0.08414367847055144	0.0775503798627184	0.12874334388194733	0.33279192720240486
0.09170775103060043	0.05841109656072045	0.041412351491883034	1.1614255252312411E-5	0.07904741320388985	0.10618216807752079	0.08414873832681335	0.07754446491350489	0.12874814041455618	0.3327862617252587
0.09170617295283849	0.05841190748865131	0.04141959335772369	1.1622116835488527E-5	0.07904692525636892	0.10618005420685109	0.08415159053531104	0.07754110751549016	0.12874318575011187	0.33278784081981794
0.09171150225918903	0.05842378566109095	0.04141811037965784	1.1608122364031859E-5	0.07904834039829367	0.1061768923364392	0.08415229690028349	0.07753349771217809	0.12874164052926895	0.33278232570123467
0.09170720746964511	0.05843075372088227	0.04142352523838043	1.1604046994698192E-5	0.07904432316129033	0.10617482038073792	0.0841482243118241	0.07753547142692462	0.1287429830247076	0.3327810872186129
0.0917083498913801	0.058431946148939304	0.04141439232874798	1.1615327966021938E-5	0.07904510875071526	0.10617581787899277	0.08414029797252993	0.07753783603113082	0.12874581243458516	0.3327888232350126
0.09171291586989136	0.058422114128538656	0.041412246791379295	1.1605045527926516E-5	0.07904999685985924	0.1061673718683359	0.08413623630846698	0.07753917554734757	0.12875424893135054	0.3327940886493025
0.09171587299152964	0.05842071073095937	0.041415093882879075	1.1615573216994246E-5	0.07904665291294866	0.10617404836166527	0.08413252503481217	0.07754309988445737	0.12874915502266093	0.33279122560487046
0.09172036044510544	0.05842783160631754	0.041412945362258265	1.1622523912083182E-5	0.07903181124218601	0.10617265436871388	0.0841312451871277	0.07755259556680968	0.1287534339771231	0.3327854997204462
0.09173010017422357	0.05843034519673702	0.04140275082664448	1.1614185135538913E-5	0.0790367989654795	0.10616430924045137	0.08412325303807298	0.07755580535810547	0.128755311486735	0.33278971152841497
0.09173414535431812	0.05842242591647637	0.041407324033766554	1.1606083968496161E-5	0.07903728571751596	0.10616095114490902	0.08413433924894487	0.07754346486357688	0.1287563467975207	0.33279211083900295
0.09173399708087465	0.05842757858876464	0.041403267025423025	1.1614478780050397E-5	0.07902988823836299	0.1061608643276682	0.08413760747811053	0.07754071436910792	0.12875993453274312	0.33279453388016483
0.09173644229858804	0.058414188814128215	0.04141071924544955	1.1617244882730637E-5	0.07903801436637739	0.1061458528521046	0.08412677653058909	0.07755969654098682	0.12875610365675047	0.33280058845014304
0.09173695379530619	0.058415304317738045	0.04141566583880556	1.160382053987108E-5	0.07903737632923474	0.10614846158503029	0.08412513366182747	0.07755657497213525	0.128758236034525	0.33279468964485753
0.09173766893020595	0.05841589852192927	0.041414213580145395	1.1623026251100788E-5	0.07903946971344007	0.1061460186142074	0.08412429364866901	0.07755344870809831	0.1287620046868	0.33279536057025344
0.09174054161275523	0.05841293434884598	0.041415355300277096	1.1609000633003297E-5	0.07903677932246975	0.10614748809994912	0.084120449131074	0.07755914456714592	0.12875905177565172	0.33279664684119814
0.09175110399235437	0.05841781935431997	0.041428220614701305	1.162145901063838E-5	0.07903403284062874	0.10615004429565958	0.08410964307736092	0.07754867101664878	0.1287545521512313	0.3327942911980844
0.09175046503734578	0.058397618656863846	0.04143289982838867	1.161984609578115E-5	0.07902995036620052	0.10613133731521371	0.08412988556825873	0.07755555738354096	0.12875716567380746	0.33280350032428446
0.09173370880960846	0.05840090471983045	0.04142523697139998	1.1604096735839953E-5	0.07904844419834613	0.10613007163501526	0.08411566156413652	0.07756864352891947	0.12875232225560218	0.3328134022204057
0.09171928176342674	0.058403681480682694	0.041425568564081805	1.1618425372700303E-5	0.07904850725497416	0.10612917181819434	0.08411796615893011	0.0775749950039521	0.12875270695201083	0.3328165025783745
0.09171323669480924	0.058402149914960816	0.041421412934184	1.1613233222421138E-5	0.07905057410812277	0.10612782819907993	0.08411885280447873	0.0775834766650988	0.1287582164553632	0.3328126389906801
0.09174302793980563	0.05836584867109553	0.041448991991120045	1.1623666030080582E-5	0.07903596239616645	0.10613310888205839	0.0841111638520535	0.0775362729757675	0.1288396034609759	0.33277439616492693
0.09174407720444475	0.05836185215399306	0.04144705897610354	1.161150288719881E-5	0.07903258718115573	0.106135654649449	0.08411401825416356	0.07754008356170677	0.12883641919079955	0.33277663732529683
0.09168843279646151	0.058306560926744536	0.041467815534427764	1.1623601897978175E-5	0.07904637523097577	0.10610234687951474	0.0841206184043277	0.07757268373846377	0.1288063203937645	0.33287722249342167
0.09168930309425546	0.05831295659171071	0.04146819880800695	1.1611429884691993E-5	0.07904653703345817	0.106100608668309	0.08411824274765443	0.07757236670152061	0.1288068046331337	0.3328733702920662
0.09168941911042244	0.058316230721164264	0.041466004417360106	1.1620727745229043E-5	0.0790568503912119	0.10609829525902553	0.0841207914931007	0.07756491228687373	0.12880525978786725	0.3328706158052288
0.09169035562129338	0.05831872139351308	0.04147453362145564	1.1607153891909916E-5	0.07905238340581121	0.10607964073938222	0.08412255155886861	0.07755169741705836	0.12882626863724617	0.33287224045147934
0.09167938945048185	0.05833077758193114	0.04148769358769966	1.1606271301381477E-5	0.07905291781244257	0.10607509707448766	0.08411733527467197	0.07755690342952995	0.12881396029510506	0.3328743192223487
0.09167734742395692	0.05834729359955983	0.04148626428888592	1.1604320471411689E-5	0.07905423347949136	0.1060796982159592	0.08409887465799627	0.0775559753801355	0.1288191208122289	0.3328695878213146
0.09168540671415554	0.05834997082251514	0.04148551077164278	1.1617463784655002E-5	0.07905410125362508	0.10607663640817738	0.08409561421357725	0.07755687477200582	0.128815088875628	0.3328691787048883
0.09169112541992708	0.05834766994770209	0.0414825406602959	1.1621493831617813E-5	0.07906655328650264	0.1060575572588961	0.08408922234549675	0.07755629365412124	0.12882613974516977	0.33287127618805673
0.09169798322415176	0.058350758798327185	0.041479413429762885	1.1620184739949413E-5	0.07906518795553737	0.10606455350623098	0.08408864508150887	0.07755659316454358	0.12881722292864867	0.3328680217265487
0.09169638624262921	0.05834764866236185	0.04147879561851309	1.1608388955169913E-5	0.07906765005048824	0.10606115130346905	0.08409290672422227	0.07755499301454809	0.12881899255337365	0.3328698674414393
0.09168375363922937	0.05836405949159476	0.0414698959972872	1.160476562099555E-5	0.07906414507140201	0.10607034783070814	0.08409516086535683	0.07756810612036603	0.12881599145443542	0.3328569347639992
0.09168794308323687	0.05836098888833488	0.041472514560614716	1.1617182011716687E-5	0.07906066696018312	0.10607673741343682	0.08409503055135428	0.07756503201237895	0.12881231606636498	0.33285715328208365
0.09170626283732673	0.05833598115626414	0.04148985265831476	1.1603818789465703E-5	0.07906410895436258	0.10608531830206863	0.08410349755200304	0.07754416934066154	0.12883097424134674	0.3328282311388623
0.09170513941535778	0.058339077350129644	0.04148759348810227	1.1617588266107925E-5	0.07906643045378851	0.10608354209847837	0.08410152090088976	0.0775459817235856	0.12882904461985853	0.3328300523615434
0.09171546815150627	0.058340161981775975	0.04148187556277462	1.1622658341328695E-5	0.07906043675514243	0.10607852473661916	0.08410528593100951	0.07755497135765968	0.1288253360880079	0.33282631677716307
0.09172717974764436	0.058318532190049344	0.04152910661676662	1.1621139077447329E-5	0.07906579908266949	0.10606505291272146	0.08408888903379282	0.07753149468181236	0.1288358181789647	0.33282650641650136
0.09173413662106422	0.05830837667983042	0.04153960159290786	1.1615663086952943E-5	0.07906413363105086	0.10605893134675184	0.08409431056880881	0.07753425438889355	0.12882990435981392	0.33282473514779154
0.09172432167065561	0.058308113006911896	0.041545975811802915	1.1622795317481338E-5	0.07906603236779343	0.10607025181233533	0.08408932887816356	0.07752451207192611	0.12883802399440442	0.3328218175906892
0.09174892649560974	0.058324446867176624	0.0415135157225195	1.1608785703096092E-5	0.07909036414247733	0.10603565971584533	0.08405993927643463	0.07751639966893457	0.1288696737266242	0.3328294655986749
0.09173976813983328	0.05832731672111644	0.041508079606093054	1.1613748002653468E-5	0.07909340153328925	0.1060456925767621	0.08406452169385673	0.0775085877663954	0.12886719587906767	0.3328338223355834
0.09174586339177633	0.05832277080179759	0.041503358051450764	1.1608441291069416E-5	0.07910107467409619	0.10604845276301275	0.08405762769893792	0.07750711321676439	0.12886610009568952	0.33283603086518343
0.09173653144152553	0.05831904263666203	0.04151273844999824	1.1616977612108337E-5	0.07910138926030723	0.10604972247282621	0.08404627497262043	0.0774947127181134	0.12887312641057513	0.3328548446597596
0.09175238990859697	0.05832940718036502	0.04149997932248577	1.1605551682628001E-5	0.07910396545552278	0.10604767134347237	0.08404730956655478	0.07747770906701236	0.1288654911188661	0.3328644714854412
0.09174619085578391	0.05831325058633317	0.04149928224464696	1.1614600259515773E-5	0.07909039216341357	0.10608670390028659	0.08405292077551546	0.07748148765049426	0.12884845684504237	0.33286970037822416
0.0917442184137134	0.05831410218245058	0.04150453525924884	1.1605986957222147E-5	0.07909811029330488	0.10609001955780209	0.08405101145414592	0.07747401585996838	0.12884383009385525	0.3328685508985534
0.09176204246249657	0.058345744494049515	0.041486829130349914	1.160939513493442E-5	0.07912220759238396	0.10605211053523213	0.08403543744843281	0.07745281745649754	0.12886488141074182	0.33286632007468075
0.09176434896175013	0.0583486219908996	0.04148650374214187	1.1622923751314351E-5	0.07912781571870184	0.10605066727294282	0.08403202933427625	0.07744966255489205	0.12886298284866227	0.33286574465198177
0.09176484179944921	0.058349664007900794	0.04148764696621811	1.1615947283910577E-5	0.0791244094462652	0.10604572329926222	0.08403016527978596	0.07745696375457443	0.12886258113934337	0.3328663883599167
0.09176770494555787	0.05834954234071357	0.041482237921525326	1.1621724581453718E-5	0.07912506912263036	0.1060545401699969	0.08402545008213558	0.0774667524801699	0.12883995143920468	0.33287712977348427
0.09176427362413664	0.058350675879791036	0.041482383272653446	1.1620570868023372E-5	0.07911781414115016	0.10606003490604542	0.08402359348442047	0.07746888806027437	0.12884381698431155	0.3328768990763488
0.09176104549796701	0.058351786573684394	0.04148431477960371	1.1622704140665241E-5	0.07911899563567382	0.10606097374572974	0.08402556109205858	0.07746496425468863	0.12884448375585214	0.3328762519606012
0.0917614830860416	0.05833907643864668	0.04147889213809755	1.1624083408934283E-5	0.07912565294033096	0.10607431352820382	0.08403265843630067	0.07746629164576233	0.12884085827987646	0.33286914942333096
0.0917189804082332	0.058357480659518166	0.041497943370828835	1.1617156152790575E-5	0.07913645555846194	0.10605646124362017	0.0840505448639558	0.07748374855692815	0.1288093687742491	0.33287739940805183
0.09171641293931612	0.058358087622502046	0.04149424109684701	1.1618382268346883E-5	0.07913211435431498	0.10605949068550785	0.08404581923084227	0.07748441612215565	0.12881841827829132	0.33287938128795436
0.0917076529609821	0.05834671550879962	0.041492667598264754	1.1603887299732607E-5	0.07913992718438327	0.10605767277394555	0.0840566331945874	0.07748386679322672	0.1288214650121456	0.33288179508636523
0.09170629437276825	0.05835421500101237	0.041497857031988966	1.1617888013834565E-5	0.07913310562551035	0.10605526301168021	0.08405778212279486	0.07748531498231165	0.12881607088002778	0.3328824790838917
0.09172475710199836	0.05842402123684082	0.04156549180240992	1.1611212101650392E-5	0.07915450120029105	0.10605681667322309	0.08403086289426318	0.07741031509374503	0.1287686772956502	0.33285294548947664
0.09171948933844454	0.05841111311105372	0.04156370834405276	1.1619565584847225E-5	0.07916309203816767	0.106054012236881	0.08403278874477352	0.07743105065984923	0.12876391970805356	0.3328492062531391
0.09178534413504659	0.05842752988860944	0.0414870137467209	1.1605516885018763E-5	0.0791170530127981	0.1061090508738087	0.08404021342803683	0.07741499134363244	0.12876239344191406	0.33284480461254784
0.09178831412917421	0.05842864954531099	0.041484239661822866	1.1611908964606621E-5	0.07911577356782512	0.1061107032323251	0.08403966926314985	0.07741307711901545	0.12876291882676158	0.33284504274565013
0.09179637449430512	0.05842213148541963	0.04148344009863126	1.1611481764595144E-5	0.07912368130370082	0.10610184835205984	0.08404163284814119	0.07740575854625077	0.1287619510506488	0.3328515703390779
0.09178677018291945	0.0584269264638526	0.041471436524317395	1.1623560726398141E-5	0.07912091208932069	0.10611349468057937	0.08405050732104877	0.07741055431512325	0.1287672385589737	0.33284053630313826
0.09180384587063299	0.05841941853997049	0.04145977344656825	1.1605566907393894E-5	0.0791410289393977	0.10611714517497402	0.08404206482754101	0.07741261497766726	0.12877099134905487	0.332821511307286
0.09180411820182473	0.05842304309986618	0.041470106462825916	1.1623449804029629E-5	0.07913301025920384	0.10611919632474094	0.08404328638634333	0.07741860518062284	0.12876228610807144	0.3328147245266967
0.09179976805492177	0.05842567941179187	0.04146740928534342	1.1609262874884285E-5	0.07913184144735315	0.1061152869209527	0.08403712636385281	0.07742123379867658	0.12877573228750527	0.3328143131667275
0.09180042626377125	0.058421623820619384	0.04147126177006765	1.1620141288429253E-5	0.07913500220136799	0.10611946373440836	0.0840329429362893	0.07742243874640925	0.12877548788828394	0.3328097324974944
0.09180135045950388	0.058425680476327686	0.04147082698593293	1.1615594378497351E-5	0.07913780101013052	0.10611341972421975	0.08403259008257348	0.0774202206535371	0.12878027644771164	0.33280621856568443
0.091795894951916	0.05842004153506617	0.041484761377452814	1.1612253748530255E-5	0.07913637889125127	0.10611643789062483	0.08402522246492208	0.07742740830425053	0.1287800170395824	0.3328022252911853
0.09180142043689857	0.058418738651433516	0.04145520468275946	1.1606698895272327E-5	0.07916275276802497	0.10613061190940162	0.08404737948037372	0.07740275433913517	0.12878797768394726	0.3327815533491304
0.09179690353710364	0.05840828394733013	0.04146041874482068	1.1604544803742178E-5	0.07916807377289788	0.10613096849885964	0.08402707169427903	0.07741647725287441	0.12878839851659774	0.3327917994904331
0.09179256780338575	0.05840727235805575	0.041463974010902876	1.1604465359804639E-5	0.07916649701026698	0.10612895455781138	0.08402858942944907	0.07741828859543158	0.12878854944606016	0.33279370232327654
0.09178375972542194	0.05841329688608909	0.04146181502628683	1.1616042229975476E-5	0.07916528428494392	0.10612579203175762	0.08402895502249272	0.07741999449538954	0.12879349400241188	0.3327959924829764
0.09179858363776562	0.05841238192660363	0.041453109467009766	1.1620500125208988E-5	0.07917670201551025	0.10612959878884522	0.0840299455831697	0.07740811549747008	0.1287881138734551	0.3327918287100454
0.09180205259426935	0.05842037364646806	0.041448632305743964	1.1615511702381398E-5	0.07917288169578074	0.10613032348407506	0.0840255702259474	0.07740934561496329	0.12878875671388404	0.3327904482071657
0.09167289354130606	0.058369557228328164	0.04143291575261474	1.161286780651527E-5	0.07926702544895131	0.10622606088938252	0.0840711838245316	0.0773908698827606	0.12870133775671663	0.3328565428076018
0.09167268710467201	0.058370287641906125	0.04143313693008442	1.1612921081899374E-5	0.0792705230240118	0.10621806604323675	0.08407400825446888	0.07739192662463336	0.12869572544981736	0.3328620260060874
0.09167484566997139	0.05836926195301387	0.041430076398283416	1.1623790853329541E-5	0.07927261869009225	0.10621545215644555	0.08407134267017612	0.077391236290874	0.12870229626916901	0.332861246111121
0.09167438938766581	0.058373835256819814	0.04142740625914568	1.1616560290653166E-5	0.0792701218893949	0.10622199259206672	0.08408203047827803	0.07738703351423207	0.1287048580816637	0.3328467159804426
0.09167408987115967	0.058347476775594466	0.04144029413541815	1.1615473175172197E-5	0.0792604496093149	0.10622993775028565	0.08411389585833165	0.07738330318897854	0.12869200924066396	0.3328469280970777
0.09166409268005689	0.05835977947189517	0.04144095193687529	1.1607790005460639E-5	0.07925033768180478	0.10623342466593642	0.08411272941665268	0.07739525529051776	0.12868751959119987	0.3328443014750556
0.09163475074349166	0.05836235487503222	0.041420704492480934	1.161629844548262E-5	0.0792428973817968	0.10622407704628588	0.08413326320573267	0.07742290622780773	0.1286865502369123	0.33286087949201426
0.0916363779586414	0.05836602515168329	0.04141910272187882	1.161366401913888E-5	0.07924174183087239	0.10622187718403375	0.0841361989697321	0.07741891574637728	0.1286879701887362	0.33286017658402556
0.09163099479818484	0.05836382735523506	0.04142717003611754	1.1613295790260936E-5	0.07924684597628287	0.10621923811001943	0.08413870837133021	0.07742519642691911	0.1286821226476813	0.3328542829824393
0.09162849175635934	0.058350411711849556	0.04143131222704932	1.1605994004473819E-5	0.07925521556859694	0.10621892893431234	0.08414552307515352	0.07742724058682672	0.12867674022267014	0.3328545299231776
0.09163182142613553	0.05835007918387736	0.041440555174970126	1.1616619978838116E-5	0.07923806872448487	0.10622697122506962	0.08415114773055173	0.07742685987412731	0.128670762023617	0.3328521180171876
0.09164901533681391	0.05835046669669286	0.041431079968158604	1.1615956182084441E-5	0.07925448730162113	0.10621273981398491	0.08413653925649278	0.07742579934801606	0.1286757074477045	0.33285254887433313
0.09164482751148724	0.05835851124504712	0.0414368075817412	1.1622202046104868E-5	0.07924305219171433	0.1062074673509381	0.08413830637869135	0.07742116727144442	0.12867118661010957	0.33286705165678054
0.09164725128187007	0.05835702661754465	0.041454790743393845	1.1613492424053518E-5	0.07924625717579883	0.1061982538957824	0.08414554717795225	0.07743168332980327	0.12864603124227975	0.33286154504315085
0.09165148771735265	0.058358051067708874	0.04145257996796901	1.1614847007831997E-5	0.07925289237307166	0.10618983690538969	0.08414127493823001	0.07743222117032231	0.12865078632136595	0.33285925469158195
0.09165448043698249	0.05835926575774353	0.04145528929213261	1.1607600210530866E-5	0.07925144818130711	0.10618844281023171	0.08414224181784583	0.07742883237148745	0.12865269842819185	0.33285569330386683
0.09164682946347164	0.058365386229519825	0.04145087961191896	1.1609099658985156E-5	0.07925452066427108	0.10618399695586259	0.08413770075568637	0.0774333326328308	0.12865502173281665	0.3328607228539631
0.09165926939442134	0.05835718035789425	0.04146564998623134	1.1622900669541747E-5	0.07923745100176866	0.10618839763281646	0.08413430689230768	0.07743380808134757	0.12865627500969806	0.332856038742845
0.09165971421735969	0.05834698229356598	0.0414553060461851	1.1605309462273117E-5	0.079260674468566	0.10618502313137534	0.08414223621095575	0.07743381011095667	0.12866494327722244	0.3328397049343507
0.09165901124521404	0.05834382944170893	0.04146294447893151	1.1618675870864181E-5	0.07925779556382932	0.10618114783519939	0.08413872624236658	0.07744282029459212	0.12866222415785594	0.3328398820644312
0.09165266129337596	0.05835097725803805	0.0414648471226938	1.1607194853061054E-5	0.07926643791031723	0.10617706067981089	0.08414528271982696	0.07743622244030895	0.12866096061537435	0.3328339427654007
0.09164905252666881	0.05835036528824011	0.0414680201827506	1.1621753937610113E-5	0.07926971207064035	0.1061775179076494	0.08414356355140767	0.07743290001413929	0.12866221991140905	0.3328350267931571
0.09165431277060519	0.058355740865314976	0.04146187191825886	1.1611641282091578E-5	0.07926875432790678	0.10617051908537961	0.08414714622281576	0.07743649923116462	0.12866197518697967	0.3328315687502924
0.09165487195045373	0.058360486318194904	0.04146436914378958	1.160788279543079E-5	0.07926845703329033	0.10616633881658673	0.08414075493217196	0.07744142170681034	0.12865758145160788	0.3328341107642991
0.09165133127929595	0.05835824803262443	0.04146615149895314	1.1605176653675664E-5	0.07927117462837453	0.1061640236185974	0.08414207473380861	0.07744363947330093	0.1286616196974125	0.33283013186097876
0.09165015872387255	0.05836213951171458	0.04146467844005526	1.1611392323723768E-5	0.07927429122994153	0.10616681297398689	0.08414084664815072	0.07743519690327647	0.1286599465229087	0.33283431765376953
0.09164184672713152	0.058366857883334525	0.04146913744815692	1.160632102531478E-5	0.07926528405082779	0.1061765456987259	0.08413986522999264	0.07744394416124765	0.1286643652747388	0.33282054720481885
0.09164344446467838	0.05836270386627348	0.041473159163659436	1.161739540793405E-5	0.07926708464268238	0.10617583267478131	0.08413994010850237	0.07744506108677598	0.128665561399651	0.3328155951975877
0.09164798165272371	0.058360870297005714	0.04147152919662277	1.1617387005058433E-5	0.079264050707086	0.10617888952132927	0.08413697755978528	0.07744266992660624	0.1286678829165629	0.33281753083527305
0.09165169553980136	0.0583628228299162	0.04146290531609308	1.1620055972147436E-5	0.07926117224671898	0.10618568810463201	0.08413874798550482	0.07744355210212417	0.12866755014610248	0.3328142456731347
0.09166240276582066	0.058349433393777614	0.04146021352668291	1.1613079115097014E-5	0.07925949417080283	0.10617070049125313	0.08413875302535806	0.07745965278388761	0.12866872752290023	0.33281900924040175
0.09166489082324214	0.0583468745330442	0.04147081281382287	1.161584146912309E-5	0.0792723760834363	0.1061718015293427	0.08413599306276487	0.07743821528355661	0.12867212797500388	0.3328152920543172
0.0916525670771364	0.058333636378072054	0.041461945285685906	1.1619333694729006E-5	0.0792848167102854	0.1061846031099477	0.08413060730530403	0.07742953683923308	0.1286779204862771	0.33283274747436353
0.09165528384455374	0.05829817829706678	0.0414155884379226	1.1615983051840861E-5	0.07930300017562249	0.10621958502059196	0.08412625292472299	0.07744453698141412	0.12869678996070336	0.3328291683743501
0.09167462180325385	0.058297638469041915	0.041432691799853774	1.1624036230492574E-5	0.07929415479658311	0.1062334966434215	0.0840534400322557	0.07746711441918702	0.12865651240080855	0.33287870559936406
0.09167330488320179	0.0582977238044365	0.041433725871198465	1.161368449707767E-5	0.07929265390148342	0.106237100624121	0.0840538089706028	0.07746498615767747	0.12865652482996193	0.33287855727281945
0.091659172549059	0.05829637589274356	0.041435615611396484	1.161603951604917E-5	0.07929256394374976	0.10623850318329121	0.08406289219086133	0.07746844591392398	0.1286616404722982	0.33287317420316037
0.09166102174304137	0.05830564692785603	0.041430667654333966	1.1621217276033824E-5	0.0792887471562983	0.10624433831055467	0.08406479540606485	0.07746312598585017	0.1286584432950915	0.33287159230363306
0.09170934013229193	0.058372687302661805	0.04143924973580096	1.1612918266540317E-5	0.07924751191832433	0.10621794670456235	0.08402970076342871	0.0774536487270169	0.1286430479810875	0.3328752538165589
0.09172692368008212	0.05835943110026931	0.041429325978261364	1.1615000484993532E-5	0.07925385542170937	0.10623556393850062	0.0840291529145809	0.07744460744911696	0.12864038930288235	0.332869135214112
0.09173258229114152	0.05835829283058353	0.041425679759175375	1.1615834674197356E-5	0.07926724755298381	0.10622998211509288	0.08403465486228144	0.07744058343978155	0.1286485040687154	0.3328508572455703
0.09172887576101363	0.05835491244751304	0.04143872687347492	1.1617826159729394E-5	0.07925823321459463	0.10623169295618645	0.08403787984095143	0.07743906672026608	0.128643481576568	0.33285551278327197
0.09172921045479035	0.05835366072443336	0.04143615043606004	1.1605249498378156E-5	0.07926042322582884	0.10623032787865039	0.08402810479715694	0.07744456389520346	0.1286412830299668	0.3328646703084114
0.091735902621962	0.05835126965160111	0.041433142054144736	1.1608761688361446E-5	0.0792520026019709	0.10623614703059354	0.08403181238396171	0.07745117303842824	0.12863419175753563	0.3328627500981137
0.0917430257431806	0.058348832260425386	0.04143488936758786	1.160396133159658E-5	0.07925606919221777	0.1062396929679025	0.08403256702737494	0.07744521007941954	0.1286254305119955	0.33286267888856425
0.0917650284427922	0.05832995445092959	0.041425441882630476	1.1613751127834138E-5	0.07925777566457193	0.10621790145209484	0.08402518224774846	0.07743388670732158	0.12864126541106846	0.33289194998971455
0.0917654398055905	0.05833508416861083	0.04142140272529621	1.1622535521518818E-5	0.07926333762542823	0.10621738874513284	0.08402562808193982	0.07743231314803631	0.12864573021103276	0.33288205295341095
0.09177324936340422	0.0583201310025032	0.041419640379599026	1.1609842021254035E-5	0.07926424620094775	0.10622937200442073	0.08402475871054305	0.07744015963882227	0.1286409411907592	0.33287589166697923
0.09176142408666817	0.05832207657466837	0.04141237161309444	1.1611834417682432E-5	0.07926082017875162	0.10623778376493294	0.0840569298604246	0.07743960359903652	0.12861671170476582	0.3328806667832398
0.09176158743177937	0.05831919081055208	0.04143650317340035	1.1609945546192657E-5	0.07925037069910154	0.10621966155470698	0.08407099729818808	0.07742256432684147	0.12861703009226635	0.33289048466761756
0.09176178078292244	0.058341525652167554	0.04144840305825043	1.1609933358205926E-5	0.07922110297031282	0.10622422782240554	0.0840875222682874	0.07745411570737717	0.12857959162566018	0.33287012017925816
0.0917485936689982	0.05833799145139998	0.041463190777995526	1.162411081764847E-5	0.07921836347614608	0.10621829291141477	0.08408758808396244	0.0774646048179515	0.12858237420603735	0.3328673764952765
0.09174863183408496	0.05833052519002177	0.04146621686057045	1.1621593853011758E-5	0.0792211237762957	0.1062279811966445	0.0840805099075547	0.07745933266466958	0.12857804091716593	0.33287601605913936
0.09175085854279312	0.05832918173960336	0.04147299088764109	1.1616784773543776E-5	0.0792188298226817	0.1062296663268997	0.08407191489558782	0.07746029434206415	0.12858500603399753	0.33286964062395796
0.09175231678459071	0.058327486050320614	0.04147525315850932	1.1608265226392689E-5	0.07922159471332207	0.10623123008587265	0.08406840852933604	0.07745965125188198	0.12858566663480145	0.33286678452613866
0.09174672469766842	0.058311820094833364	0.0414788452557516	1.161132400488707E-5	0.0792330819257364	0.1062226044031632	0.08406977587676459	0.07747154784433388	0.12858876014679174	0.33286522843095184
0.09174330107370422	0.058281523233654806	0.04146662515194127	1.1616138832770684E-5	0.07922344147075293	0.10622045264242164	0.08408794118943276	0.07748434272963395	0.12862350648445214	0.33285724988517346
0.09168439291651403	0.058306564537809066	0.04145219864597544	1.1623027140500453E-5	0.07920617633187557	0.1062909611123589	0.08409095399623773	0.07746199812013804	0.12863069152519252	0.3328644397867581
0.0916661086799837	0.05823779055005874	0.041444500910406086	1.160876580814929E-5	0.07923055488435686	0.10635494891892092	0.0840702085043872	0.07748574573224115	0.1286446796698032	0.3328538533840339
0.09166838494147653	0.05823040336262882	0.0414594215716662	1.1620641113305186E-5	0.07921265759829191	0.10636855893092209	0.08405024259595631	0.0775017927133145	0.1286339302648994	0.3328629873797309
