0.15826674969064064	0.38477044798976595	0.4569628023195935
0.15879004887905834	0.3831163607556864	0.4580935903652554
0.16095793181853651	0.3794736155209864	0.4595684526604772
0.15705677547950403	0.3802890695223928	0.46265415499810325
0.1678433196172528	0.3799058092735378	0.45225087110920953
0.1650672818431843	0.3823126111966787	0.4526201069601371
0.15856246030240945	0.3851142944974388	0.4563232452001519
0.15832800200466857	0.37969149466010693	0.4619805033352246
0.1506506728331839	0.3851122956758614	0.46423703149095485
0.16126505334291186	0.37947227104666753	0.4592626756104207
0.15961293650662667	0.38080465065680014	0.45958241283657336
0.15536029521559602	0.3849601242878678	0.4596795804965363
0.16416918632969332	0.381479305026022	0.4543515086442848
0.15420775827112482	0.383275501199869	0.4625167405290064
0.15636782181973774	0.3783379708808611	0.46529420729940135
0.16296075007291516	0.37828987768865735	0.4587493722384276
0.16096921819795115	0.3806021190044811	0.4584286627975679
0.16191661811677072	0.3813556982790999	0.4567276836041295
0.16306578957118856	0.3845108956267783	0.45242331480203324
0.15248449711642054	0.3827393319216702	0.4647761709619094
0.16398421887391773	0.38076787576489257	0.45524790536118986
0.15353675121388755	0.38255379393875216	0.4639094548473604
0.1548369384936376	0.3829450585339015	0.462218002972461
0.15866364539157746	0.3831601283347158	0.45817622627370685
0.16396393076960936	0.3821877822949199	0.4538482869354708
0.15411196636663077	0.3816959563507464	0.46419207728262296
0.16598485845637378	0.3795287339636459	0.4544864075799805
0.16188221610208484	0.3836612393275894	0.4544565445703259
0.16066882579158526	0.3839430364152198	0.4553881377931951
0.16363992556536883	0.37774011853760325	0.4586199558970281
0.16752087256185114	0.37772056617596494	0.454758561262184
0.16039967091968396	0.3820075554244135	0.4575927736559027
0.16292017510781653	0.383358220825562	0.45372160406662165
0.16382055793349587	0.3808850210470088	0.45529442101949547
0.16734800560272423	0.3787791154993339	0.453872878897942
0.16653101572721524	0.3773223864546131	0.4561465978181718
0.16625215018467218	0.3795728261763256	0.45417502363900236
0.16758879871991816	0.3791643833254554	0.4532468179546265
0.15864816035336904	0.3844121190249436	0.4569397206216875
0.15590555020783517	0.38547533402699885	0.45861911576516606
0.15960169855312706	0.38165713235687543	0.4587411690899976
0.16198449764563147	0.38259540035497913	0.45542010199938954
0.15303881311870265	0.3839989123690359	0.4629622745122616
0.15698224163659905	0.3777671853018546	0.46525057306154644
0.15065106674976536	0.3850903761320448	0.46425855711819
0.15545631311681654	0.38335348836052474	0.46119019852265886
0.15317070084546552	0.37906963870013005	0.46775966045440454
0.15908646630414142	0.38552284642448165	0.45539068727137705
0.15799277950473042	0.38306163426479223	0.45894558623047743
0.16846322412069142	0.37879694448474643	0.45273983139456225
0.15419192085787298	0.3853905122540633	0.4604175668880639
0.16170782380086873	0.3774422505010235	0.46084992569810795
0.15381503226073384	0.3815087584576788	0.4646762092815875
0.16201297099383183	0.3809916954654837	0.45699533354068456
0.16344975780937165	0.37894468818814014	0.4576055540024883
0.16252324091927636	0.3811088989758907	0.4563678601048331
0.1517721680895829	0.38081782025127625	0.467410011659141
0.15746789768797037	0.37933897994136195	0.46319312237066784
0.15087538798256206	0.3822799187082391	0.466844693309199
0.15952834780724473	0.37779652200200387	0.4626751301907515
0.16804388515577873	0.379226646840457	0.4527294680037644
0.16144539620891157	0.3806154682346855	0.4579391355564031
0.1682841996225155	0.3773313986707773	0.4543844017067073
0.15800232289061536	0.3790894878381671	0.4629081892712177
0.15351365747660284	0.38291173786296095	0.4635746046604364
0.15258116879682457	0.3810246786274659	0.46639415257570965
0.15511053371479655	0.380718550852601	0.4641709154326026
0.16871096437351105	0.37795716418736663	0.45333187143912246
0.15528541254469236	0.38053045109180256	0.4641841363635052
0.1692271471923844	0.37797608447700726	0.45279676833060845
0.15471289644438035	0.38038932752282695	0.4648977760327928
0.1596824833005476	0.3854847097906144	0.4548328069088381
0.15601862352686177	0.37738709044065927	0.4665942860324791
0.15760142956313805	0.38098997201055	0.4614085984263121
0.1610293953641912	0.3842390445303341	0.45473156010547483
0.15554120952415865	0.37893284643775416	0.46552594403808734
0.15681655542113992	0.38184696441130717	0.461336480167553
0.16549225029715908	0.3773596124083263	0.45714813729451476
0.16261743913161952	0.3787001119817085	0.4586824488866721
0.1597022637235082	0.3791214577135371	0.46117627856295484
0.15557634405360746	0.37834836901073127	0.46607528693566136
0.16431664335661986	0.3778931557954462	0.4577902008479341
0.1605939891382456	0.37882427370413563	0.46058173715761885
0.1525377364078946	0.38432558662242733	0.4631366769696782
0.15409247954693572	0.38193777616161373	0.46396974429145066
0.16149395681569462	0.3853458019003821	0.4531602412839234
0.16199063699469995	0.38099229212981156	0.4570170708754886
0.15681954046895313	0.38318038904768287	0.4600000704833641
0.15105694627715477	0.3815573111363071	0.46738574258653826
0.16344487829163537	0.3820657239502124	0.45448939775815234
0.15857323301340284	0.37843367242380166	0.4629930945627956
0.15655666780818395	0.3780581907902313	0.46538514140158493
0.1537085053916482	0.38483982255367216	0.46145167205467974
0.15446004975517508	0.3851925286136058	0.4603474216312192
0.15432563824037032	0.3856635738246001	0.46001078793502975
0.16578185703284326	0.3806104702962881	0.45360767267086877
0.15185105890090211	0.38016360249858216	0.46798533860051583
0.15171026382391334	0.38515246082920007	0.46313727534688676
0.16712816001273373	0.37732769345134204	0.45554414653592434
0.15316222757706316	0.3785315627780378	0.4683062096448991
0.15899072826012917	0.38203280425438807	0.4589764674854829
0.15479437553450856	0.38202804567630944	0.46317757878918214
0.15836127339699868	0.38475922650948413	0.4568795000935173
0.1513377797962278	0.38082405807610636	0.46783816212766594
0.16511219352161974	0.37786380997048324	0.4570239965078971
0.15672618322406145	0.38119394058767786	0.4620798761882608
0.1545239159410254	0.37898813527352787	0.46648794878544686
0.15767093529943438	0.38041302213480177	0.461916042565764
0.15319431560906632	0.37899546043199855	0.46781022395893523
0.1521576494343274	0.38149961349984773	0.46634273706582496
0.15259353805171522	0.3793040442870698	0.4681024176612151
0.15120385186519153	0.3835976402580694	0.4651985078767391
0.1541614957218933	0.3827178061053669	0.46312069817273993
0.16028373312997798	0.37923632711910393	0.46047993975091817
0.16400738792638486	0.38038125916160276	0.4556113529120125
0.16035309997717045	0.3822858961304385	0.45736100389239115
0.15191201413718947	0.3840713900678006	0.4640165957950101
0.15099848809515745	0.3840296212574709	0.46497189064737177
0.159676995741024	0.38417565284388927	0.45614735141508683
0.1627728833792101	0.37846705467187974	0.4587600619489103
0.15656348205554407	0.38497548517070646	0.4584610327737496
0.1509946815918315	0.3832096694288896	0.46579564897927905
0.1571951755529187	0.37910796553183046	0.4636968589152509
0.1654938683041352	0.37949686162395246	0.45500927007191244
0.1602138636337903	0.38106353663746695	0.45872259972874285
0.15991338833145397	0.38245250550032056	0.45763410616822564
0.16164009479267366	0.3790560758009065	0.4593038294064199
0.156537362243134	0.3817255728166669	0.46173706494019917
0.1593933787213835	0.3852285253019157	0.45537809597670087
0.15306107120985596	0.3828747134559486	0.4640642153341955
0.16030540718435599	0.3784178407831666	0.46127675203247753
0.1587436130894037	0.38201543996576337	0.45924094694483303
0.16544241062300064	0.3819474551730493	0.4526101342039502
0.15575524077877684	0.38463970432332256	0.4596050548979007
0.1596256079417928	0.3842314459921395	0.45614294606606787
0.15299593813458745	0.38336858672610713	0.46363547513930553
0.15717717499427464	0.38485521810780515	0.4579676068979204
0.16021510040212986	0.38301816093048136	0.4567667386673889
0.1584557101391598	0.3839557684729379	0.4575885213879024
0.1550803606032883	0.3852902641313323	0.4596293752653795
0.15414237851660284	0.3810437609003271	0.46481386058307017
0.15976370067083262	0.3799156429011177	0.4603206564280498
0.15737483189294765	0.38149611839833514	0.46112904970871726
0.1507037592427803	0.38092353168704546	0.46837270907017436
0.15746480490719056	0.3830835912693027	0.45945160382350686
0.1610131125405869	0.3810051220919771	0.4579817653674361
0.15466769675585246	0.3852518372677255	0.46008046597642216
0.1588312524459318	0.37770984010964403	0.46345890744442425
0.16246153751409237	0.38197600638614326	0.4555624560997644
0.1621955064833348	0.3792813894269449	0.4585231040897204
0.16184142740781343	0.3817471371742655	0.4564114354179212
0.15687803334541378	0.38097939231368155	0.4621425743409048
0.16195247943256913	0.381809449890925	0.45623807067650596
0.15640340999617314	0.38556712156570583	0.45802946843812115
0.15270935473123315	0.38381661753768187	0.46347402773108515
0.15794235948042532	0.3792709281997027	0.4627867123198721
0.16321694881134313	0.37793274178477565	0.4588503094038814
0.16432512807961608	0.37896169866099183	0.4567131732593922
0.16300191214583504	0.3812843598572469	0.4557137279969182
0.16326012912010682	0.3813049822093766	0.45543488867051674
0.1537628751755424	0.38020593494101224	0.4660311898834455
0.15427921414939377	0.3819420626459309	0.46377872320467545
0.16052224985047686	0.3784257430126614	0.46105200713686184
0.1678659161372739	0.37837748495454687	0.4537565989081793
0.16093642909769035	0.37819711470301287	0.4608664561992969
0.15960874798383312	0.3853469649018224	0.4550442871143445
0.1594181831322942	0.3801500003827065	0.4604318164849994
0.15069145413874624	0.38370255243783713	0.46560599342341674
0.15363997194516543	0.3778951238017063	0.46846490425312837
0.1545781944662536	0.3853410296160813	0.4600807759176652
0.1525473407024983	0.3793690506731738	0.468083608624328
0.16387750325555955	0.3787526130198726	0.45736988372456794
0.15169448354060386	0.3817426464504747	0.4665628700089216
0.16304148580608555	0.3816573186655676	0.4553011955283469
0.1548204595993785	0.38442277002245917	0.46075677037816243
0.1544269551800304	0.37925241985857816	0.4663206249613916
0.16227489092946318	0.3779707770111139	0.45975433205942295
0.15640695036265853	0.37800513557590226	0.4655879140614393
0.15794292279859806	0.37887124433563046	0.4631858328657716
0.16421052431392905	0.3785430812669087	0.4572463944191623
0.15067595173695839	0.3844517396704628	0.46487230859257894
0.15950070483667966	0.3813209666527008	0.4591783285106196
0.1603091551507956	0.3799017310658812	0.4597891137833233
0.1589029617657206	0.3809851082317585	0.46011193000252093
0.155601873580975	0.3826233844769308	0.46177474194209434
0.15510383030563205	0.3827561049443755	0.4621400647499926
0.16382871835880886	0.37787811470604377	0.45829316693514743
0.16260535011592475	0.3840364132148766	0.45335823666919883
0.1534343308665826	0.38166710307211094	0.46489856606130664
0.1644336046939698	0.37999053310407105	0.4555758622019593
0.15904445947018778	0.38177789926354816	0.45917764126626415
0.15080240143374368	0.3833765724179861	0.4658210261482703
0.15179265655318652	0.38330470681391116	0.4649026366329025
0.1582797000498125	0.38047013896826387	0.46125016098192373
0.1655220968224546	0.3800489396406368	0.4544289635369087
0.1647414208311387	0.38285314442605317	0.45240543474280825
0.16091840690073667	0.3818466154299134	0.45723497766935006
0.1523700526914209	0.3794404992286926	0.4681894480798866
0.15456673875007237	0.378918606990198	0.46651465425972977
0.16780149264245886	0.3791467489851106	0.4530517583724306
0.15273848468927756	0.3817145754773609	0.4655469398333617
0.15170855521683063	0.383483636226978	0.4648078085561915
0.1688756324623112	0.3778530809803823	0.45327128655730664
0.15871514668907932	0.3781763411308363	0.46310851218008453
0.16025218512093264	0.38456085625631353	0.45518695862275393
0.16025910697771906	0.3844713490352538	0.45526954398702724
0.15807134082227797	0.3773257314262528	0.46460292775146933
0.15204651145549433	0.38058109933966566	0.46737238920484014
0.15867211208117313	0.38387989757046775	0.45744799034835926
0.1611390783380438	0.38439075813743073	0.4544701635245256
0.16536146678817085	0.3805680623665119	0.4540704708453174
0.15589841580505448	0.3795107457884181	0.46459083840652754
0.1658587527678736	0.3793686228479292	0.4547726243841973
0.15415861710714635	0.3796659158238837	0.46617546706897006
0.16346279887047455	0.37874558884506204	0.4577916122844635
0.15975799077336383	0.38116082339441104	0.45908118583222524
0.15607235216510107	0.37964030281672256	0.4642873450181765
0.15594035740083811	0.38007705720087426	0.4639825853982877
0.16362401841116708	0.3789333124557748	0.4574426691330583
0.15381679276574314	0.3795365920434121	0.4666466151908449
0.1568425847910132	0.3773806833521402	0.4657767318568467
0.16241776070043543	0.37823996320793624	0.4593422760916285
0.16220164732982	0.3841699539870103	0.4536283986831698
0.15286531042711243	0.38112030550833403	0.46601438406455364
0.15608972601444615	0.3797054125064873	0.46420486147906664
0.16538982573460353	0.3776215958102577	0.4569885784551389
0.15382974717967812	0.38138684354436797	0.464783409275954
0.15496239693103014	0.3802366274233332	0.4648009756456368
0.1640245300474823	0.3812305934469871	0.4547448765055307
0.15647382614661343	0.3774081207938158	0.4661180530595709
0.15797255703581892	0.3816726037421913	0.4603548392219899
0.1570493780517715	0.37831833134149606	0.4646322906067326
0.16214952992554016	0.3839629821155672	0.4538874879588928
0.16835699258678782	0.3791435722000227	0.4524994352131896
0.15732140637403536	0.37946131254629717	0.46321728107966753
0.15945627195829234	0.3810112927227069	0.4595324353190009
0.15227390222365872	0.3820698807082565	0.46565621706808497
0.1518735212539748	0.38242599554108675	0.4657004832049386
0.15541308068657173	0.38418304307836193	0.46040387623506646
0.16916642512782376	0.37799206082725456	0.4528415140449218
0.15214430285057184	0.3833234737448935	0.4645322234045348
0.16602637270384074	0.3777554959355905	0.4562181313605689
0.16072650209693118	0.3853451204287659	0.45392837747430304
0.16205220760890932	0.3837182427484507	0.4542295496426401
0.15237027227913416	0.38405117187118376	0.4635785558496822
0.1540484846652442	0.38107759155045784	0.46487392378429815
0.15776249507534376	0.3784943616010023	0.4637431433236541
0.16803958959589504	0.3786358939462606	0.45332451645784444
0.151878545491406	0.381786526672918	0.4663349278356761
0.15402178667059832	0.38472639580601886	0.46125181752338296
0.16129419435790598	0.38254188617040485	0.45616391947168927
0.15559877380395887	0.38407129562647857	0.46032993056956273
0.16566617243161064	0.37796498270379153	0.45636884486459794
0.16367049615580753	0.3822478772592587	0.4540816265849339
0.15388228891841965	0.37995954049882147	0.46615817058275905
0.16606582778020482	0.378939450355979	0.45499472186381634
0.15216752531422822	0.3829562054142961	0.4648762692714758
0.151586588828323	0.3836143694074019	0.4647990417642752
0.15283251880163412	0.37891881925162685	0.46824866194673914
0.1594406136282197	0.3806618776926212	0.45989750867915924
0.16530760418599266	0.38233084550130014	0.45236155031270736
0.15294536431306932	0.3805235952352735	0.4665310404516573
0.15525574581711693	0.37894572601236065	0.4657985281705225
0.16254692289617642	0.38034165432400907	0.45711142277981465
0.1621267850435257	0.38366096739925293	0.45421224755722145
0.15210986391029335	0.3842385499015166	0.46365158618819013
0.1637377915351792	0.3819566189776388	0.45430558948718214
0.16003910675258143	0.3803128191610101	0.4596480740864086
0.1618217536044254	0.378805769006783	0.4593724773887918
0.15410942241997028	0.38238396586570883	0.463506611714321
0.1669427589498974	0.3804315298940773	0.45262571115602546
0.15097440320908434	0.38393563520078344	0.4650899615901323
0.16154588692651117	0.38099289911319734	0.4574612139602916
0.1658853286928364	0.3783473495538866	0.45576732175327717
0.15462049778810172	0.3794425846915358	0.4659369175203626
0.15798001597721867	0.385370364591597	0.45664961943118443
0.16622516587428038	0.3814021754599864	0.45237265866573334
0.15756720593925655	0.3852773331712481	0.45715546088949544
0.1568669252682902	0.37743734368367726	0.4656957310480327
0.16476811711044603	0.38230036987942967	0.45293151301012446
0.15618057738896843	0.3773572315136199	0.4664621910974118
0.15432599540018904	0.3833442018400701	0.46232980275974095
0.15583512753191864	0.38570239581470395	0.4584624766533775
0.16783525135418262	0.3776550264690103	0.45450972217680724
0.15727966903705665	0.38571269293494	0.4570076380280035
0.15326597727751862	0.3837928330351833	0.4629411896872982
0.16275198141733016	0.3821823628788769	0.4550656557037931
0.15358122098326632	0.3792873609066677	0.4671314181100661
0.15902200502363456	0.38406351490748386	0.4569144800688817
0.15090643816790128	0.38377922895644295	0.46531433287565593
0.16308918211714465	0.38015789832845	0.45675291955440545
0.1586912906511549	0.37934044824847285	0.46196826110037237
0.16241146117258082	0.3833986494000859	0.4541898894273334
0.16734657096440345	0.3800772121966096	0.4525762168389871
0.15243435401325478	0.37912686889680325	0.4684387770899421
0.15432621412887193	0.3837426545012278	0.4619311313699004
0.15558275864211088	0.3819469271584689	0.46247031419942036
0.15869318393856385	0.3838811255447877	0.45742569051664855
0.1519204813680532	0.38447930496267513	0.46360021366927184
0.152602571591935	0.383398852923682	0.46399857548438317
0.15740825104062245	0.38325270010917784	0.4593390488501998
0.16093875122563095	0.3802306030267242	0.458830645747645
0.15721303582025575	0.37757610100435524	0.4652108631753891
0.1588793292163692	0.38535072910635737	0.4557699416772735
0.15154871993676633	0.3826430561069825	0.4658082239562513
0.1578010230051021	0.3812292056624137	0.46096977133248435
0.16575003185856887	0.38190801327061114	0.45234195487082013
0.15667114276072386	0.38200560746648454	0.4613232497727917
0.15544979377550344	0.38220100381353733	0.46234920241095934
0.1565713651285946	0.38370710786500895	0.45972152700639657
0.1523850191956979	0.3814901642913511	0.4661248165129511
0.1629256942692045	0.38119422686722626	0.4558800788635694
0.151626593505167	0.3827301205644859	0.4656432859303472
0.16299622434465927	0.3827055238459916	0.45429825180934924
0.1621065200673501	0.38320838822729936	0.45468509170535065
0.15977175880442074	0.38542093111092596	0.4548073100846534
0.15316376245190522	0.38257937898320343	0.4642568585648915
0.15758450448370442	0.3797669816680756	0.4626485138482201
0.16395553571792704	0.3803913705182979	0.45565309376377516
0.16391538708800327	0.3796421029358963	0.4564425099761006
0.1661186919058225	0.38105558621259655	0.45282572188158104
0.16089548937151044	0.3778913819821464	0.4612131286463433
0.1581941051791239	0.38447630458347215	0.45732959023740405
0.16452713379469197	0.3818980461701752	0.45357482003513294
0.15352745331946016	0.37913883558731126	0.4673337110932287
0.15922665957104631	0.38473498389060456	0.45603835653834923
0.16731326965214505	0.37984039224741273	0.4528463381004423
0.15405484379832485	0.3830974195365066	0.46284773666516865
0.16072208416258962	0.3830401310225775	0.456237784814833
0.15871855495567644	0.3799192588108407	0.4613621862334829
0.16268792905290358	0.37855066719182573	0.45876140375527086
0.1592551457922617	0.385027461302119	0.4557173929056194
0.15173441154364234	0.38262040933910346	0.46564517911725434
0.16498337310180772	0.3806365655742645	0.45438006132392794
0.16487950986875413	0.3780732332170886	0.4570472569141574
0.15618128707465825	0.38266430465225015	0.4611544082730917
0.15878823167521305	0.384478691529121	0.45673307679566605
0.1631327742105511	0.37926544934830214	0.45760177644114686
0.1628896401194707	0.382842715939801	0.4542676439407284
0.16028532672418233	0.3849158992949095	0.4547987739809083
0.16782859667167718	0.3791646432170404	0.45300676011128255
0.1636550331213448	0.3782295765583594	0.4581153903202959
0.16000509428840787	0.3804866362590429	0.4595082694525493
0.16904062349175414	0.3787164469297402	0.4522429295785058
0.16619179002790493	0.3774184775560566	0.4563897324160386
0.15110735921495097	0.3842073673150673	0.46468527346998184
0.15611119922666988	0.37864214635224464	0.4652466544210856
0.15627835712211094	0.3830735601086914	0.4606480827691977
0.16070912239448898	0.381565561132608	0.45772531647290315
0.1568140897318058	0.3783259014784733	0.46486000878972106
0.152182762967201	0.3854604177086674	0.46235681932413175
0.1541222015954978	0.37948167618269046	0.4663961222218118
0.15335144616163138	0.38285026759535296	0.4637982862430158
0.16765995686430044	0.3775250869023897	0.45481495623331003
0.15605746756309408	0.3829505039936948	0.46099202844321124
0.150623274763995	0.38205072075934293	0.4673260044766622
0.16474147570951084	0.38229145912422463	0.4529670651662646
0.1566090164020747	0.37955637434781314	0.4638346092501123
0.15731844348283414	0.377417498837733	0.46526405767943296
0.1610294706785813	0.37846176088521394	0.4605087684362049
0.15437755014266086	0.38135575442647435	0.46426669543086496
0.15715725773870953	0.38109130564461735	0.4617514366166732
0.15176723929164038	0.3803314047563387	0.4679013559520211
0.15795976066022407	0.37736490488422253	0.4646753344555535
0.15407255522564933	0.38094414483934497	0.4649832999350058
0.15583940617175268	0.3845994922774401	0.4595611015508073
0.1586759902234025	0.37978427492312067	0.46153973485347694
0.15800516370038403	0.3829156450221441	0.459079191277472
0.16031858391045792	0.381658317854684	0.4580230982348582
0.1594744992963557	0.38501093058964975	0.45551457011399465
0.1660183076853729	0.37842344039190356	0.4555582519227236
0.15236615168845064	0.38269930070483765	0.4649345476067118
0.15425990056176742	0.3855864799158085	0.4601536195224242
0.16407229738928164	0.3818857068796739	0.4540419957310446
0.161035227314624	0.38166058043589984	0.45730419224947627
0.15920768054838683	0.38565240979105136	0.45513990966056195
0.15796346107903353	0.3856487605832715	0.45638777833769506
0.15321884596228305	0.3835921146475916	0.4631890393901255
0.15405060243964133	0.3782443034067091	0.4677050941536497
0.1563800979350685	0.3840020627228056	0.45961783934212597
0.1642643239158563	0.37774053599874224	0.45799514008540154
0.15934759459391862	0.38386748544660687	0.4567849199594746
0.1569069557878905	0.3806409319718781	0.4624521122402315
0.16890112714573416	0.37836269363034436	0.45273617922392156
0.16946117789749113	0.37763513317008496	0.45290368893242405
0.16031324230834249	0.3832282536177544	0.4564585040739032
0.16177259694978297	0.38398436783754436	0.45424303521267273
0.15479749900031345	0.381971215244447	0.4632312857552397
0.15388084736260627	0.382623721927908	0.46349543070948585
0.15939622184093133	0.3846418672113282	0.4559619109477406
0.15921149961609748	0.3809670405606607	0.4598214598232419
0.1630200722384399	0.3821690204217563	0.4548109073398039
0.15380806362582108	0.38571118232851725	0.4604807540456618
0.15463798038135473	0.3785901289262362	0.4667718906924091
0.15739428255193985	0.37762472400521707	0.4649809934428432
0.16171449615772956	0.38261609499212523	0.45566940885014534
0.15928098386000855	0.3801091486657558	0.4606098674742357
0.1599638082991565	0.38533855629815017	0.4546976354026935
0.15497475934996874	0.378035856550271	0.46698938409976043
0.15937632871777435	0.3859169603345137	0.4547067109477121
0.15635192671029824	0.3780139917574052	0.4656340815322967
0.1644004182482519	0.37879566635826883	0.4568039153934793
0.15243385949792554	0.38396006017148565	0.4636060803305889
0.16498574542449584	0.3820547461887911	0.45295950838671317
0.159363794418603	0.38007604563019654	0.4605601599512006
0.1655290743390713	0.37830099833490927	0.4561699273260196
0.15266389444105066	0.38449621900034403	0.4628398865586054
0.1559001714564877	0.3854540077659973	0.4586458207775151
0.16120185706923013	0.380409625620796	0.458388517309974
0.16035762757424796	0.38483764317625085	0.4548047292495013
0.1526073151756907	0.3856383170161484	0.461754367808161
0.15374554987119948	0.3805509544611066	0.46570349566769403
0.15917981500615558	0.38424460782139047	0.4565755771724541
0.15443083819803594	0.378444193302134	0.46712496849983015
0.15385471479045948	0.3852547206153531	0.46089056459418754
0.15433674832582217	0.37954793437957335	0.46611531729460454
0.1524544046654322	0.38069359151721144	0.4668520038173565
0.15986097705208174	0.377341791616993	0.46279723133092543
0.1630920002799412	0.3807628052854413	0.4561451944346176
0.15150135688905067	0.38242184415095676	0.4660767989599927
0.16638692367758967	0.3803337835216956	0.45327929280071483
0.15424587092764314	0.38281285681474353	0.4629412722576135
0.16299941755325978	0.37866428633552707	0.4583362961112133
0.1608240718086094	0.3857170842061078	0.45345884398528297
0.1595704286642528	0.3852507491830537	0.4551788221526937
0.15913213664405756	0.38413645302109756	0.456731410334845
0.16532614191380998	0.38014242244757956	0.4545314356386106
0.16358047018161886	0.3792935098080056	0.45712602001037567
0.16182716377996892	0.37871571715108693	0.45945711906894426
0.15797029989988176	0.38487026550305625	0.4571594345970621
0.16514176800984248	0.3781736748564063	0.4566845571337514
0.16456199272965033	0.3788826463785415	0.45655536089180826
0.15629309878986625	0.38438444885692835	0.4593224523532055
0.1543870804862548	0.3846210372291824	0.4609918822845629
0.1561229201387656	0.38489704290202337	0.45898003695921114
0.15364497633161384	0.378225176685024	0.4681298469833623
0.15517538825213537	0.379739438002733	0.4650851737451317
0.16090332591281822	0.37882641548717366	0.46027025860000825
0.15314419756542855	0.38100562440007485	0.46585017803449674
0.15852012430956927	0.3823324864641926	0.4591473892262382
0.16730285159150454	0.3775320700955014	0.45516507831299424
0.1625138810694609	0.38342183907672406	0.45406427985381514
0.16654357982069148	0.3782248770188475	0.45523154316046116
0.15946992327963616	0.3814247410425375	0.4591053356778265
0.1571580066158892	0.3817610363460464	0.46108095703806445
0.16045846646538406	0.38293191000390236	0.4566096235307137
0.15902886741127287	0.3856973933618817	0.4552737392268455
0.15959146475816188	0.3788101605080413	0.46159837473379695
0.1549381174770953	0.3814216025886988	0.46364027993420603
0.16371653287013832	0.37738300206833353	0.45890046506152826
0.1545185196128392	0.3833099950561944	0.4621714853309665
0.15187240854341594	0.38475156115755604	0.46337603029902813
0.16418105400928312	0.37774897353318687	0.4580699724575301
0.15164960028605093	0.38083444264702965	0.46751595706691956
0.16223100197842097	0.37745615055423937	0.4603128474673398
0.16151156277089604	0.38420383743662245	0.45428459979248165
0.1555695453675503	0.3807791210683637	0.46365133356408617
0.16112016324993525	0.3782841166298048	0.46059572012026007
0.15445378684534122	0.37731382463563085	0.46823238851902804
0.15143833028128864	0.3803564550627554	0.46820521465595605
0.15078058400351452	0.3829815271822046	0.4662378888142811
0.1530432739524543	0.38070220686583456	0.46625451918171124
0.15285854263508292	0.383418273779241	0.4637231835856762
0.16619352416302718	0.37951066024753644	0.4542958155894365
0.15580489905291603	0.38246857928483585	0.46172652166224826
0.15159695792296962	0.3799836024324974	0.46841943964453303
0.15252029252425625	0.3798171137297987	0.4676625937459452
0.15611266635281745	0.3809681260178197	0.46291920762936295
0.165830189894811	0.37961278411318944	0.4545570259919997
0.15688533785230024	0.3850430582290431	0.45807160391865676
0.15210292647503604	0.38054229962815356	0.46735477389681046
0.15605986804700633	0.3811708986808549	0.4627692332721389
0.1543603347561942	0.382088498626832	0.46355116661697393
0.1560770506587265	0.3814643028088489	0.46245864653242474
0.1645558945073376	0.38193698176913865	0.4535071237235239
0.15890678334855868	0.37978560828146973	0.4613076083699717
0.16183547464539338	0.3802775625372254	0.4578869628173814
0.16013545066483797	0.37768628684249755	0.4621782624926646
0.15872339619865156	0.38543724477675495	0.4558393590245936
0.16347039281985648	0.37862851096472316	0.4579010962154205
0.16218254825359812	0.3848222036494662	0.4529952480969358
0.15359190935074427	0.379447637865979	0.46696045278327686
0.15621436480648337	0.38404255333815374	0.45974308185536306
0.15966553886869628	0.3831524981705887	0.4571819629607151
0.1567974769975919	0.37748123700775066	0.46572128599465756
0.16083148494505392	0.3798645063142376	0.45930400874070854
0.15806350555594917	0.38564586071458506	0.4562906337294659
0.1566001360003138	0.38323343222231193	0.46016643177737443
0.15740212878979093	0.37923366507335593	0.46336420613685325
0.15691969536033124	0.38388664860108807	0.4591936560385808
0.16047430010188973	0.3845089869888629	0.4550167129092475
0.15462349284491694	0.3788872574484457	0.4664892497066375
0.1535362887372615	0.3856552152636916	0.46080849599904694
0.15547200733947658	0.382515585822418	0.4620124068381055
0.1570352061661471	0.3815708094490372	0.4613939843848158
0.15297289471795805	0.3832780852878137	0.46374901999422835
0.16444540065330907	0.3824038722707227	0.4531507270759684
0.16167135649553405	0.38301738370928784	0.4553112597951782
0.16254048304582153	0.3784634608830002	0.4589960560711783
0.16205132258439225	0.37956381354641433	0.4583848638691935
0.15447342429114636	0.38269387827994206	0.4628326974289117
0.16968544077896908	0.3778903130171904	0.45242424620384064
0.15489259925750404	0.3814267736029919	0.4636806271395042
0.15518503426123237	0.3848151215584323	0.45999984418033546
0.1593675284768415	0.38090091152977595	0.45973155999338267
0.15143863792047557	0.38411542307736446	0.46444593900216
0.15594436344675608	0.3851423143713351	0.45891332218190894
0.1576998162887242	0.3849204131701994	0.4573797705410765
0.15879636339486392	0.3813671581335239	0.4598364784716123
0.1614471702361971	0.38260643482187273	0.4559463949419303
0.15407980200980725	0.3794165342709718	0.46650366371922103
0.15937786281005833	0.3788486928946706	0.46177344429527123
0.16413407938742425	0.3835918434475989	0.452274077164977
0.15813527205661104	0.38097013461797113	0.460894593325418
0.15908960687084375	0.3847692293924352	0.45614116373672114
0.16307725936730666	0.37818132994071074	0.4587414106919827
0.15734606354842917	0.381187123614132	0.46146681283743896
0.15925138500094338	0.3774848164525566	0.4632637985465001
0.1509283943133619	0.38540211379902867	0.4636694918876096
0.15171478529630367	0.38528176805515635	0.4630034466485401
0.15667322565562397	0.38053133572728703	0.4627954386170891
0.16003830584644824	0.38006235621834467	0.4598993379352072
0.15488236438325215	0.3859464152395768	0.4591712203771712
0.16632699619071847	0.37885350370709	0.4548195001021917
0.15845370121874414	0.38000408313091133	0.46154221565034464
0.16377584523146343	0.3776753237429498	0.45854883102558686
0.15195841417880143	0.37973400294088355	0.46830758288031515
0.15620051724354242	0.38204883740367424	0.46175064535278343
0.16011652531576043	0.3786553184037768	0.4612281562804629
0.15818455604170586	0.37987932844863526	0.46193611550965896
0.1573763554376606	0.37903949140466137	0.4635841531576782
0.15575410324075398	0.3809985832729744	0.4632473134862717
0.1615357311236002	0.3828198285095703	0.4556444403668296
0.16103547072834407	0.38383370515549936	0.4551308241161567
0.15969799961618808	0.3826418735391196	0.4576601268446924
0.15066489476111525	0.38488058284242466	0.46445452239646023
0.15723167118769077	0.383208535363581	0.4595597934487283
0.16577142210148005	0.37992638394677414	0.4543021939517459
0.16124869534155364	0.38092557119106774	0.4578257334673787
0.16608338976252457	0.3780176713139359	0.45589893892353966
0.15324936584725943	0.3834118609789465	0.46333877317379424
0.16413779989617994	0.3775398336606214	0.45832236644319874
0.1621924026680374	0.37864918236494294	0.4591584149670198
0.15248412262358021	0.3832063602401942	0.4643095171362257
0.16748622046856304	0.37758290034674136	0.45493087918469577
0.15930895793109964	0.38255476362823576	0.45813627844066473
0.1510957075872677	0.3805051899118438	0.4683991025008886
0.1565104011361828	0.38294931302320273	0.46054028584061457
0.15920130926242132	0.3818474144560722	0.4589512762815066
0.15498544653975033	0.3830571796625959	0.4619573737976539
0.15604959319495854	0.38448140089188715	0.4594690059131544
0.15855836354526517	0.3836220324315744	0.4578196040231606
0.16788431639609203	0.3778898184122456	0.45422586519166247
0.16094879655586103	0.3826929164768101	0.45635828696732905
0.16584690401371147	0.3796379260167413	0.45451516996954733
0.15344489099665604	0.3826776090078347	0.46387749999550937
0.15982445082847246	0.3850000221889172	0.45517552698261043
0.15338354233357987	0.3825830698197753	0.46403338784664494
0.16312112414250385	0.38415072219201896	0.45272815366547736
0.15711789555219444	0.3822020103278768	0.4606800941199289
0.1518103001336104	0.3843604333557448	0.46382926651064493
0.16164534468187158	0.38276089317377016	0.45559376214435837
0.1514705992465781	0.38452631202555215	0.4640030887278699
0.15568566601758155	0.3822885047342584	0.46202582924816016
0.1568368348204909	0.37989107367942376	0.46327209150008547
0.15165795746285848	0.38591548279215204	0.4624265597449896
0.16686037725846048	0.3776088723082307	0.45553075043330893
0.16467948613174638	0.3821037988780915	0.45321671499016225
0.1599444581588178	0.3841599924189861	0.45589554942219623
0.15683556330838658	0.3775781784536659	0.4655862582379476
0.15342021427733882	0.3856143699759577	0.4609654157467036
0.15678619158701354	0.377821209157921	0.4653925992550656
0.15257608477204115	0.38389902302008694	0.463524892207872
0.15148454728224614	0.3827245051379478	0.46579094757980616
0.15892141721704595	0.37748313867137107	0.4635954441115831
0.1553640752638233	0.38184631393697394	0.4627896107992029
0.15582120165068894	0.3822490720325252	0.461929726316786
0.15077441503453667	0.3843878170833816	0.46483776788208186
0.15321379059727128	0.3821197990753881	0.4646664103273407
0.16330781978644815	0.38179859773090163	0.4548935824826503
0.15456932040736224	0.3776989467666702	0.4677317328259677
0.15527775264416774	0.38098215215224335	0.46374009520358905
0.1518307907189736	0.3843666648474723	0.46380254443355423
0.15613648769167288	0.38521530289792394	0.45864820941040335
0.16348882792181024	0.3810649763149737	0.45544619576321616
0.15740747268308736	0.38064618517745846	0.4619463421394543
0.15519883818463576	0.38131049971962644	0.46349066209573797
0.16325405105311364	0.38034587219688987	0.4564000767499966
0.15774915228990893	0.3825185723600923	0.45973227534999894
0.1599959975770615	0.37889524807743835	0.4611087543455003
0.15258621843050613	0.381461028639132	0.465952752930362
0.1581364095190732	0.38447369911530166	0.45738989136562525
0.15475300382682594	0.3787821033223287	0.46646489285084547
0.1510011121901667	0.3836155828017172	0.4653833050081162
0.1571314801878859	0.37827812179647907	0.4645903980156351
0.15368641811658587	0.38028061329879925	0.46603296858461496
0.1603456195056132	0.3808804558404564	0.4587739246539305
0.15512082673193028	0.38025339284417964	0.46462578042389013
0.1612140474873564	0.3802824799684995	0.45850347254414425
0.1643833368543847	0.3785367426425767	0.4570799205030387
0.1524717449783949	0.3794719715605336	0.46805628346107164
0.1661454775800524	0.37752952559529374	0.456324996824654
0.1578893848176826	0.3778019650429646	0.46430865013935296
0.1592180260891201	0.3798548914041707	0.46092708250670933
0.16548870424449674	0.382050760446299	0.4524605353092044
0.1568754380822184	0.382847405993228	0.4602771559245537
0.15711683782233754	0.38275966840155756	0.46012349377610506
0.15454242130885754	0.381797618031594	0.46365996065954856
0.1549575086211219	0.3852469740504566	0.4597955173284216
0.15121327938792878	0.3842361115531028	0.46455060905896856
0.15345845060987362	0.38566596814116894	0.46087558124895756
0.16755114198481444	0.3779969477261718	0.4544519102890139
0.16241410992616429	0.3775229973422903	0.4600628927315456
0.1563246496907722	0.3785775169053955	0.46509783340383243
0.15918318974146667	0.3814887998208677	0.45932801043766575
0.16086674077926766	0.3844806700203091	0.45465258920042334
0.1525036296083353	0.3811646854213034	0.4663316849703615
0.16139906698778728	0.3794727711568852	0.4591281618553277
0.1602392071995899	0.3780421527988388	0.4617186400015714
0.15822968380647878	0.38327556766744303	0.4584947485260783
0.16149952549163812	0.38412510137434813	0.4543753731340139
0.15767992814228865	0.37896767176663193	0.46335240009107953
0.15062373675729065	0.3849765126604446	0.4643997505822649
0.15074434796416195	0.38543190927144433	0.46382374276439386
0.153616355920621	0.3857330466225763	0.4606505974568028
0.15613352781022294	0.3848597205769696	0.4590067516128076
0.16196999282902974	0.3808919777070504	0.4571380294639199
0.1677860325896463	0.3773665883033182	0.45484737910703565
0.16613678227278877	0.3794782532929672	0.45438496443424414
0.15341591218103973	0.37882069554395137	0.46776339227500907
0.1616388458853344	0.3792689271482571	0.4590922269664086
0.16336166370624222	0.38192871853532184	0.4547096177584361
0.15308406982582598	0.38075690118151473	0.4661590289926594
0.1596002647615659	0.37991544208014705	0.46048429315828715
0.16147574740838674	0.3780360701411845	0.4604881824504289
0.15829610249816795	0.3776151674140434	0.4640887300877888
0.15440581590117997	0.380267800016992	0.46532638408182814
0.15700718586168688	0.37865027819682456	0.46434253594148867
0.15078161967909096	0.38151727693883725	0.46770110338207194
0.15714863341879187	0.3814633206667176	0.4613880459144907
0.16883671018768384	0.3774088384596988	0.45375445135261744
0.15869244516023745	0.38564482917007087	0.4556627256696918
0.15268110006434676	0.3817147081884032	0.4656041917472502
0.15746695494293944	0.38134889175167014	0.46118415330539053
0.1630525459582913	0.3846835416969592	0.4522639123447496
0.15334293598570092	0.3791145143209136	0.4675425496933856
0.1506394705174079	0.38187165046188615	0.467488879020706
0.16105025971724463	0.37774115863302754	0.461208581649728
0.16136713625013305	0.3853942700986777	0.45323859365118935
0.16682227478909561	0.3782497990797474	0.45492792613115707
0.15483219723932296	0.3834921516354606	0.4616756511252166
0.15192785442515022	0.38381666250197677	0.4642554830728731
0.16198402668028952	0.3786840301323732	0.4593319431873375
0.16048209162022897	0.385408440474109	0.45410946790566215
0.1572671181842884	0.38352025198007145	0.45921262983564026
0.1590822614323717	0.38100217511988815	0.4599155634477402
0.16491563995440672	0.38263814872290636	0.45244621132268703
0.16190348860141512	0.38344413239558506	0.454652379003
0.15387660307937973	0.38304560300217255	0.46307779391844783
0.15489207278799524	0.37883460756547105	0.46627331964653385
0.15268301366849507	0.380333289150943	0.4669836971805621
0.15767863778370156	0.3778873038382292	0.4644340583780693
0.16208398571850308	0.38139778919210665	0.4565182250893904
0.1584303172719968	0.3822679302840169	0.4593017524439864
0.16701989832187142	0.3795421681696771	0.4534379335084516
0.1646097165497274	0.381459460338072	0.45393082311220073
0.16374467076794616	0.37763361007690965	0.4586217191551443
0.16349242097594008	0.37856348423326136	0.4579440947907987
0.15540834814066945	0.38447814372751005	0.4601135081318206
0.15916859592519594	0.3857822692604088	0.45504913481439535
0.15169729787003455	0.3848810416360175	0.46342166049394806
0.15472843284449864	0.3799773941532025	0.46529417300229897
0.15791733319499796	0.38475815880093467	0.4573245080040675
0.16460841041001129	0.3811508309507801	0.4542407586392087
0.16761915754360812	0.3787916108795249	0.4535892315768671
0.16377562562558667	0.382598724856235	0.4536256495181785
0.16234781932365702	0.3821464654179122	0.4555057152584309
0.1535161227267405	0.3780649839581885	0.46841889331507114
0.16267082443250133	0.37832980154832	0.4589993740191788
0.1552274328276081	0.38428760647399135	0.4604849606984007
0.15639265517861056	0.38439487866173033	0.45921246615965927
0.15303465222194007	0.3814054292669304	0.46555991851112966
0.15514188275747562	0.3824203345642663	0.4624377826782582
