0.15447765748753603	0.3828443338540854	0.4626780086583787
0.15315842268126023	0.38419604531157653	0.46264553200716335
0.15594107278507957	0.38306984194620136	0.4609890852687192
0.15284214689511183	0.3833283583412182	0.4638294947636701
0.1549235283305522	0.38169490360558433	0.4633815680638636
0.15453183568245882	0.38171959549638357	0.4637485688211577
0.15490064806078058	0.3831197918166666	0.4619795601225529
0.1542711738473046	0.3824380645344469	0.46329076161824856
0.1531202672538443	0.3833529562055236	0.4635267765406322
0.15545182463353993	0.3832934342983656	0.4612547410680946
0.15444500358375884	0.382122146375527	0.46343285004071433
0.15545382070253344	0.3824508507300754	0.4620953285673913
0.15502178002251787	0.38346795835446673	0.46151026162301556
0.15558260421515865	0.3818560035936087	0.4625613921912327
0.15498914258919957	0.3831748409546889	0.4618360164561116
0.15416716349153609	0.382562883564948	0.46326995294351603
0.15331421458784267	0.3842329440111689	0.4624528414009885
0.15589638826614	0.3825274768401062	0.46157613489375393
0.15363424846445084	0.38305456513212455	0.4633111864034247
0.15560359350629216	0.3826106495717883	0.46178575692191964
0.15574008843090362	0.38313562646144994	0.4611242851076466
0.1556549577726005	0.3833940825224753	0.46095095970492433
0.15460903135018644	0.38328611573691046	0.46210485291290326
0.15416615559787342	0.3834333689093972	0.4624004754927295
0.15607730875856524	0.38243232781240427	0.4614903634290306
0.1549766173924721	0.38297285254179014	0.46205053006573793
0.15414054637572275	0.38296353148954715	0.46289592213473024
0.15507578186131793	0.3826367389460063	0.4622874791926759
0.1545938697961756	0.38314305725743125	0.46226307294639324
0.15616393199032544	0.38166065838598306	0.4621754096236916
0.15475290613556902	0.38323864517729395	0.46200844868713714
0.15333586747828937	0.3836605034671671	0.4630036290545436
0.15286063940351022	0.3832545290570674	0.46388483153942245
0.15283657377319895	0.38407263069370057	0.4630907955331006
0.15379184947446478	0.3823777808792627	0.46383036964627256
0.1545757743919592	0.383384274950987	0.46203995065705394
0.15421841464251523	0.382626471417463	0.46315511394002185
0.15345140265102752	0.384607934741049	0.46194066260792366
0.1543442236866882	0.3840482757189056	0.4616075005944063
0.1542655703675995	0.3835743027184668	0.4621601269139338
0.15473500674441953	0.3827335064203178	0.4625314868352628
0.1543343808830249	0.3820253400099425	0.46364027910703276
0.15434981186120939	0.38327612259370447	0.4623740655450863
0.15547214291671274	0.3816937358963644	0.462834121186923
0.15501429384762716	0.38288624837777147	0.4620994577746015
0.15400731393136669	0.38434765910225305	0.4616450269663804
0.15361636100833975	0.3840315181163595	0.46235212087530086
0.15399476473910279	0.3826237719603697	0.4633814633005277
0.15479375939469836	0.3837994038087569	0.4614068367965449
0.15454628284301963	0.3821388997554675	0.463314817401513
0.15450369956558166	0.382412620649916	0.4630836797845025
0.15452698206370152	0.3820865601920074	0.46338645774429127
0.1536126429682303	0.38324101724719994	0.46314633978456987
0.1534866033051058	0.3831961590757639	0.46331723761913046
0.15481432331890072	0.3824091945613342	0.4627764821197652
0.1552292368454891	0.3833666670300652	0.4614040961244458
0.1531879762802249	0.3847558345428961	0.46205618917687913
0.15325708332324772	0.38442971894748085	0.4623131977292715
0.1547369550591633	0.38411214801953736	0.4611508969212995
0.15385082862935417	0.38392533383385025	0.46222383753679575
0.15342604840603596	0.38384979568299304	0.4627241559109711
0.1544798601532874	0.38220609242614884	0.4633140474205639
0.15534710649138483	0.3835533634842301	0.4610995300243852
0.15490529283725937	0.3834024871998148	0.461692219962926
0.15447725482781216	0.3823257507133459	0.4631969944588421
0.15322848212668538	0.38479890263544775	0.46197261523786703
0.15617649510819803	0.38304707234465296	0.4607764325471491
0.1549622669192991	0.3821975783891297	0.46284015469157125
0.1535285017537852	0.3843807207753499	0.462090777470865
0.15473524632761682	0.3842264613618126	0.4610382923105707
0.15507741974037365	0.38405932526781394	0.4608632549918125
0.1559262343836745	0.3826547653895623	0.4614190002267633
0.15323818936496433	0.3844272987060539	0.4623345119289819
0.15348381027805624	0.3828191547867612	0.4636970349351827
0.15467979745615074	0.38204833122217857	0.4632718713216708
0.15474411209436084	0.3828701553757809	0.4623857325298584
0.15599885543253478	0.3830885865199478	0.4609125580475175
0.1539608861577958	0.3840749313824394	0.4619641824597649
0.15433679399065375	0.38169781716100226	0.4639653888483441
0.15521663215013914	0.3830798620093126	0.4617035058405484
0.1542182459199407	0.38227295951055795	0.46350879456950145
0.15292822099180953	0.38479102472898097	0.46228075427920967
0.15367470953544865	0.38329277673669226	0.4630325137278592
0.1541210999156526	0.38263625249963995	0.46324264758470757
0.15284790885529134	0.384453102135846	0.4626989890088628
0.1547996763116023	0.3835346327455264	0.46166569094287147
0.15335802592693787	0.38489427097844625	0.461747703094616
0.15337446268178645	0.38338253479803397	0.4632430025201797
0.15570170820436224	0.38253320336889524	0.46176508842674263
0.15455026628620466	0.3824735984882792	0.4629761352255163
0.1537950563083404	0.38463124504406687	0.46157369864759284
0.1540360957771252	0.3826374652563875	0.4633264389664874
0.15334166304458943	0.38492965444414706	0.46172868251126364
0.15373478031106702	0.38366806811131127	0.4625971515776218
0.15290029373741088	0.38349699853557706	0.4636027077270122
0.15375776012480807	0.3842135082631577	0.4620287316120344
0.15388014685171725	0.384170570965326	0.4619492821829569
0.15576078113845315	0.38307665572745525	0.46116256313409165
0.15529731425855303	0.3821817178884197	0.4625209678530273
0.1538061699331074	0.38430690394867034	0.4618869261182224
0.15406172291875286	0.384561562369432	0.4613767147118153
0.15502952618895993	0.38393499959431276	0.4610354742167274
0.15494113985639557	0.38291382775559896	0.46214503238800553
0.15408207564585258	0.3848484616846434	0.4610694626695042
0.15359306262558794	0.38461398651508644	0.4617929508593257
0.15561933244824666	0.38189444216452767	0.4624862253872258
0.15614098884052932	0.3825318594065076	0.46132715175296324
0.15359274835141357	0.3827789724121856	0.46362827923640093
0.15385140426605665	0.38348240826739216	0.4626661874665513
0.15415245831317798	0.38245445951181367	0.46339308217500846
0.15591093993616026	0.38333560983316634	0.46075345023067354
0.15524275890850214	0.3823893807042653	0.46236786038723265
0.15576308932159022	0.38243010581342296	0.46180680486498693
0.15469664386441645	0.3829705228108495	0.4623328333247342
0.15436357509174997	0.382573032605963	0.4630633923022872
0.15397261130725806	0.3835167836725398	0.4625106050202023
0.15613670842291033	0.3821750812515609	0.46168821032552887
0.15535480700810683	0.3820520687712454	0.46259312422064786
0.15308656774323104	0.38305008942073887	0.46386334283603026
0.15521329361566497	0.38309102999639616	0.46169567638793896
0.15519407779919958	0.38193234580970326	0.4628735763910973
0.15553705650706007	0.38341755259312965	0.46104539089981045
0.15355275047165756	0.38363941107287236	0.46280783845547024
0.15458967312156094	0.38415104645181036	0.46125928042662884
0.15534894411459804	0.38205041067013074	0.46260064521527133
0.15399797879589736	0.38218635061475875	0.46381567058934403
0.15443199246561956	0.3826924098920146	0.462875597642366
0.1558099096767417	0.3822414101637873	0.4619486801594711
0.1529577227800576	0.3839476731509026	0.4630946040690399
0.1549933192989787	0.3836230167103221	0.4613836639906993
0.15492892084535592	0.3841331247193569	0.4609379544352873
0.15383186793194734	0.3829701401464984	0.4631979919215544
0.1556871270856223	0.38192177867958255	0.4623910942347953
0.1560906222521289	0.38264404112911105	0.4612653366187602
0.1535533860811302	0.3828995049826042	0.4635471089362657
0.15454465649241628	0.3821689454451505	0.4632863980624333
0.1553740283935758	0.3838480711077049	0.46077790049871936
0.15302726292660612	0.3838068718900256	0.46316586518336844
0.15431768842086638	0.38169158551822174	0.46399072606091196
0.15412090145100799	0.3847454877334853	0.4611336108155068
0.15361018872974264	0.38447206171010245	0.461917749560155
0.15459360214933143	0.38439389321548667	0.461012504635182
0.15373982926541535	0.3828539404935842	0.4634062302410006
0.15480649387420475	0.38364089459906	0.4615526115267354
0.15303031056905203	0.38482023850380687	0.4621494509271412
0.15415388289962909	0.38387076461121067	0.4619753524891604
0.15433443539610076	0.38335136622537813	0.46231419837852117
0.15333820700368653	0.3842628514966423	0.46239894149967126
0.15327418153873676	0.3844517225716811	0.46227409588958224
0.15559579291953535	0.3819181549554803	0.4624860521249845
0.1543023654590846	0.3829582033365234	0.4627394312043921
0.15392823418694973	0.3822400501956411	0.46383171561740927
0.15343239172247294	0.38336631921266273	0.46320128906486446
0.1558750830127542	0.382450054571881	0.4616748624153649
0.15447782932226123	0.38399090329996616	0.4615312673777727
0.15473236446119226	0.38374401073031117	0.4615236248084966
0.1530713118913682	0.3833326960129915	0.4635959920956404
0.1555602453982446	0.38327836471860666	0.4611613898831489
0.15526603526050764	0.38242211824934574	0.4623118464901467
0.15380960395404353	0.383638363015034	0.46255203303092257
0.1535001181556972	0.38320781848391283	0.4632920633603901
0.15606062538463533	0.3818376673516934	0.4621017072636714
0.15337549720091903	0.38365384519223605	0.462970657606845
0.15448136250147165	0.38168332596698307	0.46383531153154545
0.15391036840509995	0.38447355308250547	0.4616160785123947
0.1545998735104223	0.38220376715729526	0.46319635933228254
0.1560725793084311	0.38218718955078146	0.46174023114078755
0.1552765214747105	0.38172646278210376	0.4629970157431859
0.15412044431564925	0.38204784478282977	0.4638317109015211
0.15353738371909723	0.38477010802157224	0.46169250825933067
0.15326936819876338	0.3846799593891899	0.46205067241204684
0.15363641717325466	0.38280713951666806	0.4635564433100774
0.1558481662791077	0.3823466699914906	0.46180516372940184
0.15557019443133135	0.3827962361358127	0.46163356943285605
0.15459774710342084	0.3838986754001662	0.46150357749641313
0.15406148954990861	0.38248523812633434	0.46345327232375716
0.15395123690731405	0.38334636826178287	0.46270239483090325
0.15357635004696477	0.3844501997892984	0.46197345016373703
0.15415028470309416	0.38454233877726773	0.4613073765196382
0.15353185170715178	0.3844611806319993	0.46200696766084903
0.1540101209296914	0.3820975861607513	0.4638922929095574
0.15487277044725856	0.38191575919373794	0.46321147035900356
0.15503615506268792	0.3817455402146203	0.4632183047226919
0.1560676969820245	0.3821337082894314	0.46179859472854423
0.154051030938787	0.38284823195023165	0.4631007371109815
0.15444339912331423	0.38285357170610934	0.46270302917057654
0.15447345620079755	0.3835995497710951	0.46192699402810744
0.15559913027003208	0.3821577406149912	0.4622431291149768
0.1549567224325127	0.38316258309206286	0.4618806944754245
0.15493942437733502	0.38256709566860375	0.4624934799540613
0.15499631401904487	0.38312833066748775	0.4618753553134675
0.15483761866471307	0.3826019952683477	0.4625603860669394
0.15455735964640363	0.38162094360753407	0.46382169674606244
0.1544764953416027	0.3841888251757724	0.461334679482625
0.15438014823978669	0.38251471746523674	0.4631051342949767
0.15417290320586494	0.3836180859346579	0.4622090108594773
0.15438265770225879	0.38319339878434117	0.46242394351340016
0.15495838676579343	0.38295186266943604	0.46208975056477064
0.15412253107425278	0.3825266724653207	0.46335079646042665
0.15467550098009952	0.38402700080044	0.46129749821946064
0.1542752846745025	0.3840342162706447	0.46169049905485293
0.1537046360431125	0.3830023973272992	0.4632929666295884
0.1537243713853975	0.38453693827471813	0.46173869033988446
0.15377948604423236	0.3833940584119714	0.4628264555437963
0.1558417309282549	0.38273125040068323	0.46142701867106195
0.15545964180248992	0.38321957651206273	0.4613207816854475
0.15588475540605298	0.3820775231388578	0.4620377214550893
0.15495008163850352	0.38204884243399984	0.4630010759274968
0.1533346724307022	0.3841209520963079	0.46254437547299
0.1548848873978319	0.381621061134119	0.46349405146804923
0.1531494874688886	0.3838970500633645	0.46295346246774705
0.15345119318972256	0.3837961356301131	0.4627526711801644
0.15543727457018824	0.3818124464710864	0.46275027895872545
0.15463700020709537	0.3836916748423178	0.46167132495058694
0.15330037688505022	0.38341333572102465	0.4632862873939253
0.15452466467601808	0.3844926628385104	0.46098267248547165
0.1552450869105958	0.381862726138573	0.46289218695083134
0.15388667374734405	0.3845956645517658	0.46151766170089026
0.15309339519009915	0.38370913939781714	0.46319746541208384
0.15476432341324903	0.3837461469669715	0.4614895296197796
0.15385888651361324	0.3828481276315849	0.46329298585480205
0.15441193974623837	0.38374728814215975	0.461840772111602
0.15525632827973743	0.38233453187922645	0.4624091398410362
0.15576588442773548	0.38325917458869296	0.4609749409835716
0.15537941655644302	0.3817249405587237	0.4628956428848334
0.1535389841486463	0.3846985378383136	0.46176247801304016
0.15592726945239183	0.38239294001207486	0.46167979053553343
0.15458438471900904	0.38285944365090185	0.4625561716300892
0.15356850562215765	0.38326023283868094	0.46317126153916155
0.15320278483136096	0.3837067784410011	0.46309043672763806
0.15426465019416935	0.38365377440103643	0.46208157540479433
0.15610218890869149	0.3827244321018004	0.46117337898950816
0.15318138396902917	0.38344233852807547	0.4633762775028955
0.1536949716415162	0.38431534469532536	0.4619896836631586
0.15545096539363507	0.38213094577258483	0.4624180888337802
0.1547215141266821	0.38293983370546264	0.4623386521678554
0.15491575644327749	0.38330763881031626	0.46177660474640636
0.15410421905314725	0.38434983954671476	0.46154594140013816
0.15410660890310668	0.3828913032758857	0.4630020878210077
0.15444749012244313	0.3843167704650046	0.46123573941255236
0.15409783014897893	0.3849034033492868	0.4609987665017344
0.15452202571531354	0.38347732711739035	0.4620006471672962
0.15329233339296475	0.3844295675774176	0.4622780990296178
0.15362961218044124	0.38456843665089885	0.46180195116866
0.15547905985643462	0.38343751372715906	0.46108342641640643
0.15461176987905062	0.3823507222063372	0.4630375079146123
0.15350812450036028	0.38452581638995686	0.4619660591096829
0.15340651213818107	0.384352337851949	0.46224115000987004
0.15596775008085562	0.3823350293684243	0.4616972205507202
0.15443490797027856	0.38341470984699877	0.46215038218272275
0.15397782893714723	0.3838068730249275	0.4622152980379254
0.1553813353088055	0.3818591388639701	0.46275952582722457
0.15531616479402144	0.383350426154379	0.4613334090515997
0.15605096033589033	0.3831265805183197	0.46082245914579006
0.1547373471835039	0.38353548758745015	0.46172716522904605
0.15510628200518206	0.3838189837852305	0.46107473420958756
0.15440120758136794	0.38386351593629997	0.46173527648233226
0.15590432784362424	0.3831926663771165	0.46090300577925936
0.15562964264655954	0.38200705985773104	0.46236329749570954
0.15578900962407505	0.3825877736739537	0.4616232167019714
0.15447009367053974	0.3817331000341674	0.463796806295293
0.15388374433708207	0.38404796817475734	0.46206828748816065
0.15534489319784012	0.3825272450257611	0.462127861776399
0.1541755575343143	0.38333490621290794	0.4624895362527779
0.15564584861876657	0.3817643402415013	0.46258981113973224
0.15589290500682979	0.38245434001645834	0.461652754976712
0.15283199918865797	0.3832593673732215	0.4639086334381206
0.1541678701342671	0.38244916848197075	0.4633829613837622
0.15289859929964983	0.38311067120425857	0.4639907294960917
0.1561812011763296	0.38269017855586107	0.46112862026780943
0.15622993678058925	0.38185437848285364	0.46191568473655725
0.15328877645647287	0.3843571857529858	0.4623540377905414
0.1538726382140907	0.38263883056060893	0.4634885312253004
0.1548954630963631	0.3827734284891333	0.4623311084145037
0.15320627839210077	0.3851670236099	0.4616266979979994
0.15388889492809482	0.3821387887073357	0.4639723163645696
0.15416105394812085	0.3835357044483154	0.46230324160356384
0.15312853419061911	0.38505487851112147	0.46181658729825953
0.1550742248542319	0.3822788926095398	0.46264688253622843
0.15419746739784446	0.3843481625964985	0.46145437000565714
0.15449977430652212	0.3821723753206825	0.4633278503727955
0.1558570185405275	0.38252920192374384	0.4616137795357288
0.15431522108776974	0.38410042216796547	0.4615843567442649
0.15379778801623173	0.3845015014174157	0.46170071056635276
0.15289804226617745	0.38428837912448033	0.46281357860934236
0.15432841321298957	0.3831907915809058	0.46248079520610474
0.153115937059495	0.3849739978952188	0.4619100650452863
0.1542544932314106	0.38351304543485204	0.4622324613337374
0.1540390017268934	0.38216709910619107	0.46379389916691566
0.15615841087884003	0.3822244937153363	0.4616170954058238
0.15420301038365242	0.38381845258902475	0.46197853702732294
0.15331152475879906	0.3842837968905265	0.46240467835067456
0.15457372241690231	0.38337103582913457	0.46205524175396323
0.15582105724177076	0.38305027156991556	0.4611286711883138
0.1560361311842991	0.38227898108342184	0.4616848877322792
0.1544550420069531	0.3847151763379829	0.4608297816550641
0.155632930129242	0.3832667415093529	0.46110032836140524
0.15562839082482516	0.3818428101963153	0.4625287989788597
0.15504560939004752	0.38178513257652114	0.46316925803343145
0.1528419825096286	0.38497670220396496	0.4621813152864065
0.1551788828987209	0.38221731013603333	0.46260380696524595
0.1556172938952269	0.38179152062979305	0.4625911854749801
0.1537209911264141	0.38306244088875735	0.4632165679848287
0.15597968327942138	0.3822386378767611	0.4617816788438176
0.15372479240460785	0.38479834263208135	0.4614768649633109
0.15295929494762234	0.38411075301258846	0.4629299520397893
0.15519742722687221	0.38214116784918173	0.46266140492394614
0.15435442994993565	0.38238644294316926	0.4632591271068952
0.15465155331870953	0.38427022624567825	0.4610782204356123
0.15400903564842683	0.382868558844621	0.4631224055069523
0.1542142205129874	0.38406281631396794	0.46172296317304484
0.15358580267163946	0.3830939743542757	0.4633202229740849
0.15509456670080415	0.3826371201560225	0.46226831314317346
0.15315912065333664	0.38513772698323806	0.4617031523634254
0.1543272387499997	0.38465955477090696	0.46101320647909344
0.15397458792402532	0.3839880045011235	0.46203740757485123
0.15298515262754997	0.38494042518122007	0.46207442219123007
0.15338783652229773	0.38282729369388907	0.4637848697838133
0.15532938291549667	0.38291282131317717	0.4617577957713263
0.1540735841178334	0.3828096234503535	0.4631167924318132
0.15422198023968792	0.3846742794928354	0.46110374026747686
0.15397600205593825	0.38258242206884796	0.46344157587521395
0.15417678118088818	0.3829118363691774	0.4629113824499345
0.15430471507940402	0.3845595917669119	0.4611356931536842
0.15333010529062607	0.38318053883948894	0.4634893558698851
0.15337704548887338	0.3829155689714881	0.46370738553963864
0.15412153763091488	0.3820214235194857	0.4638570388495995
0.15368381527269773	0.383340191943611	0.4629759927836914
0.15430472027552694	0.3830333475865108	0.46266193213796236
0.15362164490214925	0.3828878516290577	0.46349050346879317
0.1546029612330116	0.38352279744954737	0.46187424131744115
0.1554288204146732	0.3826525031001465	0.4619186764851804
0.15511310354634775	0.38339794224237966	0.46148895421127273
0.15335597518477728	0.38476794419504845	0.4618760806201744
0.15287969823620096	0.38427590030315917	0.46284440146064
0.1558640226249396	0.3820946457214581	0.4620413316536024
0.15475295199131517	0.3829919946312336	0.4622550533774513
0.15334535317976522	0.3834560604805016	0.46319858633973326
0.15395002520149303	0.3838744036094329	0.4621755711890742
0.15358691412224917	0.38253922036233456	0.4638738655154164
0.152905961948341	0.3838124930001544	0.46328154505150476
0.15532330768447544	0.38372998794725194	0.4609467043682728
0.15522770059730184	0.3817814259474987	0.46299087345519957
0.15550155854927467	0.3823878129525664	0.46211062849815904
0.15295492597818344	0.385118304942574	0.4619267690792427
0.1543295612621515	0.38200753801725096	0.4636629007205977
0.15545042421146438	0.38341341719292044	0.4611361585956153
0.1550946090461624	0.3835985927364546	0.4613067982173832
0.15477562516209178	0.38305458626916394	0.46216978856874436
0.15522068250873577	0.38371042721299925	0.46106889027826503
0.15438490696121965	0.38211755927910596	0.4634975337596745
0.15310168594794032	0.38404068864693025	0.46285762540512954
0.15481023723378715	0.3830467897155853	0.4621429730506277
0.1530725375046549	0.38458503762063734	0.4623424248747079
0.15309605228976791	0.3830321004599634	0.46387184725026887
0.1544238269733988	0.3821261015323445	0.4634500714942569
0.1552055107714364	0.38396480034304387	0.46082968888551984
0.15426828427795392	0.38400342945303445	0.4617282862690118
0.15481296152609197	0.3817210468973231	0.4634659915765851
0.15508104576990422	0.3826437087181431	0.46227524551195276
0.15441750113642	0.3831637311799888	0.46241876768359136
0.1546619775780351	0.3841680828220043	0.46116993959996067
0.1542050748082981	0.38385124763708095	0.46194367755462107
0.15573124611421113	0.3825236017658309	0.46174515211995804
0.15436465359521706	0.38438203353500455	0.46125331286977844
0.1554211236669198	0.3830585657195217	0.46152031061355864
0.1547250954850421	0.38258578194927045	0.46268912256568756
0.15615009906115868	0.38194224558479306	0.46190765535404843
0.1554129070926779	0.3837982819701688	0.4607888109371534
0.15390664094788942	0.3846962008597518	0.46139715819235894
0.15486024017663802	0.38282527563918306	0.46231448418417903
0.1543381616710105	0.3831797644370656	0.46248207389192403
0.15410346321028023	0.38222012050806986	0.46367641628165
0.1541705131106948	0.3834211120131436	0.4624083748761617
0.15402405362967347	0.38470723266846346	0.4612687137018632
0.15383903733472737	0.38418111700162283	0.4619798456636499
0.1546498476517687	0.38253623529606695	0.46281391705216446
0.15426828796440292	0.38487104260831745	0.46086066942727977
0.15570849153403982	0.3826946716119693	0.461596836853991
0.1548951600534743	0.38432442876229206	0.4607804111842337
0.15374089128934407	0.38460789054077865	0.4616512181698774
0.15388708282072658	0.384693839750925	0.46141907742834853
0.15600980709001205	0.3823162606292965	0.4616739322806916
0.15383589802093578	0.3849585172489635	0.46120558473010076
0.15594508304515858	0.38277436247962554	0.461280554475216
0.1530621230931336	0.383544776650961	0.4633931002559055
0.1546722576102429	0.384033773224033	0.4612939691657243
0.15395259622293778	0.3841330082648293	0.461914395512233
0.1547522233491045	0.3827796514106011	0.4624681252402945
0.1546977102190827	0.3840294526872091	0.4612728370937083
0.1550670182469927	0.3827936469671634	0.462139334785844
0.15385839419459804	0.3832005303833283	0.4629410754220738
0.15285792721240976	0.3850405611672316	0.4621015116203587
0.15410762447869603	0.3850215312606288	0.46087084426067526
0.1558149256315517	0.38240572066977685	0.46177935369867157
0.15525951621251394	0.3818076142718615	0.4629328695156246
0.15481354735092154	0.38360477779117175	0.4615816748579068
0.15446927825398224	0.38355401441531917	0.46197670733069873
0.15470978184905562	0.3839255394876575	0.461364678663287
0.15440337692401207	0.38420584608151553	0.4613907769944725
0.15403680064623967	0.3843966212503166	0.4615665781034439
0.15558585762729132	0.38286441732488324	0.4615497250478256
0.15499450452069732	0.3839470498366112	0.4610584456426916
0.15319021494354204	0.3847046282557456	0.4621051568007125
0.1544687215599832	0.3817324204581005	0.46379885798191645
0.1537969998476434	0.38441200305046236	0.4617909971018944
0.15538376564143824	0.38303404176510525	0.4615821925934567
0.15413156175750825	0.3827886085182685	0.46307982972422335
0.15410130742951425	0.383708004784382	0.4621906877861039
0.15504968204971464	0.38198788247830207	0.46296243547198335
0.15395589015634126	0.38262484695043303	0.4634192628932258
0.15459647448377756	0.3837888492573285	0.4616146762588941
0.15508115619195467	0.3839474473554207	0.46097139645262475
0.15444602561120888	0.3835329723964996	0.4620210019922917
0.1550989375106264	0.3822936721593266	0.46260739033004716
0.15383306991200474	0.3822507170070433	0.4639162130809521
0.15419861160495946	0.384230511506896	0.46157087688814463
0.1542956264188799	0.38301038956671163	0.4626939840144086
0.1549540531592494	0.3834066484983875	0.46163929834236317
0.1533026940326257	0.3847551457829681	0.4619421601844063
0.15323226749845836	0.3838601780729918	0.46290755442854997
0.1539189428446313	0.3822105075484056	0.4638705496069632
0.15449628531117504	0.3816694883011385	0.46383422638768657
0.15587179298629994	0.38184266938079436	0.4622855376329058
0.15340226925847714	0.38493289015589305	0.46166484058562995
0.15359501831779687	0.3827343279701756	0.4636706537120277
0.1543228954013076	0.38428329913971865	0.4613938054589738
0.15301915916390982	0.38413795685679486	0.4628428839792954
0.15439825434357066	0.3845002917814344	0.46110145387499507
0.15413246645294176	0.38366754876261777	0.4621999847844406
0.1548100975098401	0.38332547100781156	0.46186443148234846
0.15358657442505827	0.38447306583537133	0.4619403597395705
0.15350525975187884	0.3843472310500675	0.46214750919805375
0.1532644354672112	0.38276539781539765	0.4639701667173912
0.1536985679598466	0.38264384831909104	0.46365758372106247
0.155387947521149	0.38320082720962517	0.46141122526922596
0.15482024833408867	0.3842684246798671	0.4609113269860443
0.15377275149799519	0.383844084891829	0.46238316361017595
0.1543805372588619	0.38163634706804966	0.4639831156730886
0.155602475777726	0.383496844823597	0.46090067939867707
0.154425688120421	0.3846148093970434	0.4609595024825357
0.15441454225951398	0.38359820551452894	0.4619872522259572
0.15534747073574257	0.3830013176198235	0.46165121164443407
0.15304443132749068	0.3833260687657205	0.4636294999067889
0.1550806091781544	0.38201172495954433	0.4629076658623014
0.15450029572158813	0.3819719716665333	0.46352773261187863
0.15488157970904368	0.3831603795706543	0.46195804072030217
0.1556803448689122	0.3831872739379714	0.4611323811931165
0.15442994537159016	0.38306583685342377	0.4625042177749862
0.1542931736060909	0.3830233842503823	0.4626834421435269
0.1528356865864873	0.3841776437979046	0.46298666961560825
0.15296698812512405	0.38471251194125394	0.4623204999336221
0.15294840611746957	0.384822525480261	0.4622290684022695
0.15291410422581617	0.3846532377140247	0.46243265806015926
0.1530451023515595	0.3847341387553299	0.46222075889311076
0.15360668891884838	0.3833737037271512	0.4630196073540006
0.15477331741784478	0.383369200731373	0.46185748185078235
0.15611533209478617	0.38233063192434	0.46155403598087386
0.1545877679008087	0.38212511596564147	0.46328711613355
0.1548428335227145	0.38284029869433617	0.46231686778294945
0.15381063926477523	0.38258052664644293	0.46360883408878195
0.1536125029360377	0.38458906207040305	0.4617984349935593
0.1529978844490134	0.3847164930766628	0.4622856224743239
0.1551790117376266	0.3826321615697076	0.4621888266926659
0.15289128685906433	0.38345769243734307	0.4636510207035927
0.15414693797762435	0.38277913063243846	0.46307393138993724
0.15471524132602854	0.3819743097874087	0.46331044888656286
0.1547050705108705	0.3842928167767772	0.4610021127123525
0.1536472093896451	0.3835209729688582	0.46283181764149683
0.15543686131711043	0.38302994995244805	0.4615331887304417
0.15426725847726575	0.3826117870789471	0.4631209544437873
0.1553829159454844	0.38214895879616406	0.4624681252583517
0.15427218800397202	0.38356759338469376	0.4621602186113344
0.1548523593333439	0.38258550103270755	0.46256213963394865
0.15436937492894554	0.3848012658922029	0.46082935917885165
0.15416571894609707	0.3819936953690639	0.46384058568483916
0.15503370601026323	0.38341201160301736	0.4615542823867195
0.15418050053780047	0.3844120624822267	0.4614074369799729
0.1544317863528334	0.3833236492205632	0.4622445644266035
0.15495143709766607	0.38397093489310996	0.461077628009224
0.1535789156508688	0.38306659046570446	0.4633544938834268
0.1530660693544602	0.38393912832647115	0.4629948023190687
0.15570705550814723	0.3832905359948394	0.46100240849701346
0.15590154370416404	0.3821897473962653	0.46190870889957075
0.15348904599324315	0.38405024240442553	0.4624607116023314
0.15345489056922776	0.3830217427291736	0.4635233667015987
0.1531928637494986	0.3841832273851684	0.4626239088653331
0.1540404090976034	0.3822539587557746	0.46370563214662214
0.15541195147751777	0.3818687479927243	0.46271930052975807
0.15496410943806815	0.38327441447551447	0.4617614760864175
0.15447644044115355	0.3843729387060969	0.4611506208527497
0.15346014474823727	0.3830821591487903	0.46345769610297255
0.1536172135210608	0.3835967167329801	0.46278606974595915
0.15532580397227455	0.38343146632900577	0.4612427296987198
0.1543294829386794	0.3817735434914979	0.46389697356982285
0.15539888219864045	0.3820205664804247	0.46258055132093495
0.15297100527244367	0.38412061537562636	0.4629083793519301
0.15340305777155894	0.383406226424552	0.4631907158038892
0.15471814190019953	0.3823554691836716	0.462926388916129
0.15300636176947635	0.3847984933194065	0.46219514491111724
0.15490813113917323	0.3826705174718644	0.46242135138896245
0.15501719801231795	0.38212687349642954	0.4628559284912526
0.15311218009812055	0.3845773738393045	0.4623104460625751
0.15554284038670774	0.3819914610851052	0.4624656985281872
0.15475169199708216	0.38258810127191023	0.4626602067310077
0.1554424127652749	0.38302780136539943	0.4615297858693258
0.1544399121931669	0.3843267957490398	0.4612332920577934
0.1554731610630824	0.3817403812118082	0.4627864577251095
0.1557287015433325	0.38322528201761025	0.4610460164390574
0.1541568152144065	0.3848745944851972	0.46096859030039644
0.15484923858206984	0.3835130161541377	0.4616377452637926
0.15609020293985917	0.3823107128076147	0.46159908425252627
0.1530855880100837	0.3842691919230292	0.46264522006688724
0.15462053192367975	0.38185672633683426	0.4635227417394861
0.15600561903455032	0.38235798873682636	0.4616363922286234
0.15355585318198045	0.3844232042957349	0.46202094252228476
0.15397275523701381	0.3843329917540054	0.4616942530089809
0.15510085947250885	0.38186861857753057	0.4630305219499607
0.15389262146340393	0.38316649392636426	0.4629408846102319
0.15623331864534423	0.38187820945739087	0.461888471897265
0.15500087891018116	0.38265362879786396	0.462345492291955
0.15436506120982627	0.38396777551323125	0.4616671632769426
0.1542408665019973	0.3843119672587875	0.46144716623921533
0.15366482266030487	0.38426783868534076	0.4620673386543545
0.1543729842361551	0.3842817866947439	0.46134522906910114
0.15292274495009697	0.38423497638478094	0.46284227866512223
0.15382526496041732	0.3822342996650063	0.4639404353745764
0.1557330357503492	0.3829879752750378	0.4612789889746131
0.15441906176343095	0.38309815680950615	0.462482781427063
0.15301188348861902	0.384909513765475	0.46207860274590606
0.15433692351818074	0.38468035093946357	0.46098272554235586
0.15486162991365005	0.38177072016854624	0.4633676499178039
0.15377583428498343	0.3832019024579393	0.4630222632570774
0.1551831860527324	0.38178418801751063	0.46303262592975714
0.154815752436778	0.38327326080218677	0.46191098676103537
0.1536326546197127	0.3849029283029094	0.461464417077378
0.15286882154761708	0.38374336326608477	0.4633878151862983
0.15444967710688873	0.3816525274547666	0.46389779543834486
0.15399816273759687	0.3849013984946034	0.4611004387677998
0.15590064253638264	0.38266046230386536	0.4614388951597521
0.15320359297284925	0.38363218862035026	0.46316421840680067
0.15422719937628837	0.38405996095305656	0.46171283967065513
0.15510615065465028	0.3820038652224649	0.46288998412288496
0.15340818506892046	0.3848469136077175	0.4617449013233622
0.15502248464754	0.3824593148987911	0.46251820045366904
0.15425435591054965	0.3848970475702803	0.46084859651917015
0.1547820615871252	0.38187839547609487	0.46333954293678004
0.15388809160675265	0.38291533070774786	0.4631965776854996
0.15467305300224546	0.38197261513316483	0.46335433186458985
0.153213912360877	0.3830393315159769	0.46374675612314614
0.15486762697667106	0.3825276394705705	0.46260473355275855
0.15597950486145412	0.3820866613202919	0.4619338338182541
0.15586912404111777	0.38316629119999845	0.4609645847588839
0.15457286213887206	0.3830577941567963	0.4623693437043318
0.15437241034965926	0.38305533781955586	0.462572251830785
0.1538059324448126	0.3843134598766968	0.4618806076784907
0.15362344596509847	0.3848534065953079	0.4615231474395937
0.15424119874196704	0.3839882945549071	0.461770506703126
0.15600621456994163	0.38200570472411044	0.46198808070594805
0.15454757397820185	0.3839607862946729	0.46149163972712537
0.15453111863349722	0.38306297105293813	0.46240591031356476
0.15573127013317345	0.38222348379816135	0.46204524606866537
0.15413173914124761	0.3849890339715062	0.4608792268872463
0.15299038314581434	0.38423648097544283	0.46277313587874297
0.15341026528000604	0.3846593699105867	0.4619303648094074
0.1539365248255679	0.38516945104011774	0.46089402413431446
0.15430055539693333	0.38200584981686103	0.46369359478620575
0.15419014932953565	0.38403235275430464	0.46177749791615985
0.15298666502098437	0.3843557436618322	0.4626575913171835
0.15613257618824677	0.3822684240748149	0.4615989997369384
0.15395222131534025	0.383509773518547	0.4625380051661129
0.15530380093346713	0.38340400126530555	0.46129219780122743
0.15284097337395636	0.3834754830411098	0.4636835435849339
0.15369778321320293	0.38351016904679397	0.4627920477400032
0.15433504735406	0.38219315804635373	0.46347179459958643
0.15382828353697597	0.38510522456465646	0.4610664918983677
0.15412835021721283	0.38204301105986477	0.46382863872292257
0.15397784060214073	0.3841720967637202	0.4618500626341392
0.15367534333094873	0.38341663075263216	0.4629080259164192
0.15382143927311034	0.383180317132642	0.4629982435942478
0.15384420940112936	0.38329086082251856	0.4628649297763522
0.15289630183141198	0.38379516981916845	0.4633085283494197
0.15489221331487688	0.38168057367977826	0.46342721300534495
0.15422244929287351	0.3829279978175075	0.46284955288961904
0.15432316965986081	0.38245072938899227	0.463226100951147
0.15427677486259297	0.3827327005783159	0.4629905245590913
0.15370259488927962	0.38399500511946205	0.46230239999125844
0.15364507400585636	0.38315234770269263	0.4632025782914512
0.15436217253232454	0.38349321448805535	0.4621446129796203
0.1533236900886407	0.38410825997307757	0.4625680499382818
0.15429327393915096	0.38312591499759474	0.46258081106325444
0.15363631254168109	0.3846771061174802	0.46168658134083884
0.1546943376187797	0.3840104104145455	0.4612952519666749
0.15602818651384873	0.3816448139503617	0.4623269995357897
0.1537993146850337	0.3840202912441255	0.4621803940708409
0.15370888426743728	0.38507778034661	0.4612133353859529
0.15572664652048812	0.38271424430749096	0.46155910917202103
0.15598173102790924	0.38253500911782296	0.4614832598542679
0.1546846301161145	0.38434233330548967	0.46097303657839594
0.15458529399817933	0.38245775411460764	0.46295695188721314
0.1556251066935196	0.38259135775264197	0.46178353555383855
0.1529874497181686	0.38319058334833456	0.463821966933497
0.1538665816426229	0.3848522532800629	0.4612811650773143
0.15346502045616886	0.38505636687193534	0.46147861267189594
0.154779688784234	0.3826528032744569	0.46256750794130924
0.1560529604160042	0.38239669814854904	0.46155034143544693
0.15353608652651907	0.38418827064219274	0.4622756428312883
0.1552206238478554	0.3838389500367191	0.4609404261154256
0.15385810461304772	0.3830232681131405	0.46311862727381187
0.15524124655987923	0.38301234491821917	0.46174640852190174
0.15333662274929732	0.3843261023845153	0.4623372748661875
0.15426506786926364	0.38341800602287945	0.462316926107857
0.1555283792564381	0.382972005659772	0.46149961508379
0.15458817570209787	0.3840551231882091	0.4613567011096931
0.1551293152415968	0.3829190910611654	0.461951593697238
0.15407509517548207	0.38491967055928866	0.46100523426522944
0.1538386100625286	0.38440679382775156	0.46175459610972
0.15498613159147656	0.38417379883190206	0.4608400695766215
0.15490609944943015	0.38231038926456606	0.4627835112860039
0.15536344762008697	0.38247129117270107	0.462165261207212
0.15511975737610623	0.38182771088132234	0.46305253174257155
0.1541778510324282	0.3820261075981719	0.4637960413694
0.15571040462419616	0.38273880210627315	0.4615507932695308
0.15473110673945312	0.3834865637231215	0.4617823295374255
0.1552411139481214	0.38205583227539436	0.46270305377648435
0.15399934561877193	0.3844069696069785	0.4615936847742497
0.1552227583161797	0.38302554891108215	0.4617516927727382
0.15336962664486992	0.3834557375543465	0.4631746358007838
0.1551013689990906	0.38261199334983464	0.4622866376510749
0.15518139313276524	0.3820625853758717	0.4627560214913632
0.1532343733975421	0.38459744518391104	0.462168181418547
0.1529403756503609	0.38345345624948796	0.46360616810015126
0.15392675683042006	0.3835572858119138	0.46251595735766626
0.15372642551336174	0.38465045644630774	0.4616231180403306
0.1543887821753702	0.3842421462312064	0.4613690715934235
0.15331315144447255	0.3830390534167062	0.4636477951388214
0.15313429011574503	0.38497856326990676	0.4618871466143483
0.15493599528223068	0.38297494413355204	0.4620890605842174
0.15347938669595457	0.38441452168454027	0.4621060916195053
0.15468361267875552	0.3843280138856321	0.4609883734356125
0.15440245164961736	0.38213384578282894	0.4634637025675538
0.1546213158467583	0.38380387273601113	0.46157481141723067
0.15565043238699017	0.3818600441235636	0.4624895234894464
0.15483191893491588	0.3836625156094383	0.4615055654556459
0.15334142464764783	0.385008032647686	0.46165054270466627
0.15502969759136914	0.3822167341074219	0.46275356830120906
0.1545564302837764	0.38230751289850956	0.46313605681771414
0.15535066525175406	0.3828358596814307	0.46181347506681536
0.1543573007615053	0.38199356022721576	0.4636491390112791
0.1546102443810493	0.38355227795555447	0.46183747766339633
0.15481477726691695	0.38221403591283504	0.4629711868202481
0.15471835066599587	0.384308115867619	0.46097353346638525
0.15593010974708554	0.3818086951306672	0.4622611951222474
0.1539001966270792	0.38249017326492035	0.46360963010800055
0.1561425499356217	0.3825095645598796	0.46134788550449884
0.1545844256871064	0.3834155482503772	0.4620000260625165
0.1534298271404327	0.3846758268264736	0.46189434603309376
0.15344301011259404	0.38350961572861525	0.4630473741587908
0.15442477701592067	0.38225774178166316	0.4633174812024163
0.15611010979042306	0.38235548182072804	0.461534408388849
0.15413515263305888	0.38244501196091346	0.4634198354060277
0.15316591619816772	0.3830461188746802	0.4637879649271522
0.15481120539153703	0.3835285116872987	0.4616602829211644
0.15523505049948988	0.3838700362571986	0.46089491324331167
0.1542824467218723	0.3848043776532799	0.46091317562484796
0.15454834519484417	0.3841655446576898	0.4612861101474661
0.15458712239299158	0.3828980923425191	0.4625147852644894
0.1532086772509424	0.3845381856828662	0.46225313706619153
0.15581025365421097	0.3816292518071377	0.46256049453865145
0.1540983740669596	0.38412112106161395	0.4617805048714266
0.15515338161836906	0.3837782920889493	0.46106832629268174
0.1545146165019165	0.38297722247280164	0.462508161025282
0.15380331462860325	0.38303775321632716	0.4631589321550697
0.15405025262529523	0.38441878598473755	0.46153096138996735
0.15513041872825495	0.38202803776861666	0.46284154350312856
0.15341406400852214	0.38369952858008105	0.46288640741139686
0.1544731640666261	0.383087738456539	0.46243909747683504
0.1540873393669999	0.3819279920908269	0.46398466854217335
0.154543094336652	0.3825439295166873	0.4629129761466608
0.154827336974043	0.38275221621887895	0.46242044680707817
0.154195154778712	0.38453526079846334	0.46126958442282484
0.1555660889461843	0.38166598573153876	0.46276792532227706
0.15345040330433535	0.38385823300349264	0.4626913636921721
0.1548397719440236	0.3838147946083568	0.4613454334476197
