0.15150451517019303	0.02737069279703669	0.057966981170323506	5.802858921004628E-4	0.17667144402585955	0.0035298189039014854	0.07695481480802904	0.05808416509399422	0.03392800061692364	0.41340928152163825
0.1514994630841981	0.02737875815488275	0.057966146385324324	5.802677917901705E-4	0.17666646592484375	0.0035271890948030543	0.07695466763084431	0.05807939176067653	0.03393227600021943	0.41341537417241747
0.15149005747076533	0.027379713875308728	0.05798611188855147	5.80242572046405E-4	0.17666006170074555	0.003529405807349034	0.07695008819663966	0.05807078064097432	0.033934105669992845	0.41341943217762656
0.15150646196684808	0.027375396949423494	0.05797748736664779	5.802448660353343E-4	0.17664307953476016	0.003533986599421751	0.07696270448116599	0.058075011815636304	0.033934392106504396	0.41341123431355664
0.1514990953629741	0.027373653509467785	0.057988059193060174	5.802569106594796E-4	0.17664735695738304	0.0035258843120711397	0.07695969805531974	0.058075139596281376	0.03393910984520142	0.41341174625758165
0.15149467828679597	0.02737133924030627	0.05797934541501526	5.802480382369468E-4	0.17665018647010147	0.0035269267848465624	0.07695733943993822	0.058081987109647744	0.03393918327482409	0.4134187659402873
0.15149512328746745	0.027396070082521026	0.057970960529658014	5.802357859176349E-4	0.17664383005137663	0.003536766200330055	0.07695771634003504	0.05807044322184883	0.03393909118158098	0.4134097633192642
0.1515034618929403	0.02739658618492473	0.05797303824985624	5.802075733782192E-4	0.176637765455104	0.0035292907012673264	0.0769529101785649	0.05807581494570909	0.03393549153479487	0.41341543328346025
0.15149144050419364	0.027387417956448612	0.057992628907458973	5.802555900869949E-4	0.1766332769055775	0.0035370191900699205	0.07695317060427848	0.05807436481504215	0.033938327781446884	0.4134120977453967
0.15149727810205643	0.027375400042183362	0.05799970059272941	5.802424609267776E-4	0.17662403464890786	0.0035365578890260013	0.07695723826105433	0.05805610355540247	0.03395121823954912	0.41342222620816416
0.15150853979054693	0.027378357830395675	0.0579932646106899	5.803122181789605E-4	0.17662148664050223	0.0035335031210577406	0.07696950535924718	0.05805070994675432	0.03394798856062432	0.4134163319220026
0.1514894071302476	0.027375655601194912	0.05796985920502969	5.803135640755491E-4	0.17664131494444557	0.003540961462458317	0.07695557842023196	0.05805531018515023	0.03397056685393589	0.41342103263323016
0.15147589678992252	0.02737900831675001	0.05797470113773699	5.802675618311604E-4	0.17664899833133743	0.0035616460999068345	0.07695009621820782	0.058047822691328965	0.033968050442654385	0.41341351241032376
0.15145796943139012	0.027385369770352247	0.05799630920480038	5.802057852849068E-4	0.17661355816090468	0.0035809800060394997	0.07697726292477354	0.058044304788948724	0.033933889609648174	0.4134301503178576
0.1514547476619299	0.027381219539350632	0.057995273791826535	5.802497460023759E-4	0.17657741217493256	0.00356730734239899	0.07698165798475576	0.05807013954238461	0.033955562480731546	0.41343642973568695
0.15146363741343005	0.027380479696521715	0.057990182150000694	5.802594234324693E-4	0.17656245446836016	0.003585649232105817	0.07701866417581894	0.058005147865019424	0.0339783669206417	0.4134351586546689
0.15145454879742704	0.027382954661694034	0.057997277153415905	5.80278641136675E-4	0.1765698332398979	0.003583430078149652	0.07701891917825204	0.058012564871348524	0.033973903709791725	0.4134262896688864
0.15144526782743067	0.027397441585306923	0.057987097453477424	5.802645897525355E-4	0.17658248023499246	0.003599393621091837	0.07697368501407201	0.05800702940035292	0.03398694337461648	0.41344039689890655
0.1514597220832657	0.027417350259262757	0.0579974987393522	5.80257659908559E-4	0.1765513127306713	0.00356232772432169	0.07695796690254975	0.05802579971677896	0.03400212791427261	0.41344563626961645
0.15144391210439578	0.027412119234564783	0.058006297214536436	5.802880128357307E-4	0.17655921483710313	0.0035570850342850763	0.0769538559046945	0.05800564724574346	0.03402463868599255	0.41345694172584846
0.1514443940939572	0.027371567912143624	0.057993251093647114	5.802291943599602E-4	0.1765386503352704	0.003569040743394508	0.07699565132941424	0.05799997762218198	0.034006457343765964	0.4135007803318648
0.1514092735018915	0.02739764843668939	0.05796982110306271	5.802179190775442E-4	0.1765541457997018	0.0035518044499871643	0.07697625823324085	0.058052025235218546	0.03400611299594457	0.4135026923251858
0.15141239932874292	0.027397248449437264	0.05797658318878722	5.802794754978385E-4	0.1765329756934822	0.0035561526479293143	0.07697032166355797	0.05806023217643401	0.03401312393871829	0.4135006834374128
0.151413639051554	0.02740561626897063	0.05798284481460695	5.802677688469676E-4	0.1765400908138552	0.003562227800284909	0.07696522777474489	0.05802844569720651	0.034019559300088126	0.4135020807098417
0.15140661648806314	0.027413438625438963	0.05797870637666633	5.803133758217754E-4	0.17655615731483087	0.0035610658589605576	0.07697945583333071	0.057977203472321576	0.03403979328489351	0.4135072493696724
0.15139939645078204	0.027465144274574818	0.058023318943277724	5.802913081653371E-4	0.1765457340229239	0.0035824483546438857	0.0769681954751335	0.057964154704363294	0.03401353262455549	0.4134577838415799
0.15143814450594767	0.027460462340353722	0.05799608680696414	5.802196624687672E-4	0.17654854029570716	0.0035554744106130187	0.07695200197014114	0.05798191393321647	0.034008696502020735	0.41347845957256707
0.15142997100922806	0.027511723031122537	0.0579751152327474	5.802047483238759E-4	0.17654746076990768	0.0035375961075038848	0.07695485672596582	0.05799262694988086	0.0340029893596452	0.41346745606567453
0.15140306196281728	0.02750010594714271	0.05799345668489232	5.802916868552083E-4	0.1765266486698424	0.003530175376427261	0.07696262744397311	0.0579906131394451	0.03401002914640497	0.4135029899421995
0.15137904560551319	0.027494193380420043	0.05799250263413577	5.80284517785995E-4	0.17645505803660877	0.0035644074317182917	0.07699390539849303	0.05799679842748486	0.034039507390885695	0.41350429717695425
0.15132772188695331	0.027440972192813648	0.058052719030575295	5.802468362683527E-4	0.17642223466518547	0.003600330118216935	0.07696960511645125	0.0580413820180368	0.034033833791428644	0.41353095434407017
0.15130062024207291	0.02745186153047524	0.0580727609486181	5.802771370762433E-4	0.1764235713207758	0.0035436274053594202	0.07698580868473673	0.05807901097206827	0.03404212757150868	0.4135203341873085
0.15130898865036083	0.027385343819877672	0.05806763347713806	5.803083400189452E-4	0.17645603023631817	0.0035855809220393525	0.07699137119309238	0.05804196446162485	0.0340512753188906	0.41353150358063906
0.15134249198091634	0.02741213689859877	0.05807303211927097	5.802991124660706E-4	0.1764391982124377	0.0035420810485114473	0.07697121292661338	0.05802297626084485	0.034090682082614995	0.41352588935772533
0.1513221029581303	0.02741845231979323	0.05806816627679686	5.802222873748514E-4	0.1764640287795839	0.0035344866474942005	0.07697637616941222	0.05800834440802473	0.03410180076701892	0.4135260193863707
0.1513340931396137	0.027404604123152473	0.05806332543008484	5.802853809054181E-4	0.17646552691834383	0.0035439600481490946	0.07698269131329215	0.058004075388501025	0.03409226869022504	0.4135291695677323
0.15138389856528056	0.02738026211720107	0.058061928225817364	5.802213575369641E-4	0.176492195934447	0.0035334828959645292	0.07699310474107646	0.057987408880542754	0.03406025816607404	0.41352723911605915
0.1513743193330769	0.027391139870369646	0.058062561481117894	5.802918054900325E-4	0.1764968316078512	0.003544739331263508	0.07698364805034597	0.05798429342002631	0.034059696540407844	0.41352247856005053
0.15138390699855636	0.027429179195360143	0.058078835230701766	5.802363929301585E-4	0.17647326978403627	0.0035287031455024515	0.07695172007407458	0.05796960201018369	0.03407406380912635	0.41353048335952813
0.15113444973701795	0.02749390976351508	0.05826137399450901	5.802514464269687E-4	0.17644477213988435	0.0035908226088770395	0.07708869639898289	0.05794577030315139	0.03403887324927078	0.4134210803583644
0.15111437362837932	0.02754124220303704	0.058149981356945234	5.802124506910783E-4	0.1764001177946209	0.003592450292482327	0.07716259973694528	0.057979232833248205	0.03406972653725261	0.41341006316639783
0.15113550591636654	0.027516404403808523	0.05813968457226103	5.802553135252769E-4	0.17640451342670538	0.0035950021322462694	0.07715945645575693	0.0579976270320592	0.034044876482706	0.4134266742645647
0.15112847144443992	0.027523485381668905	0.058075039799235464	5.802684026531696E-4	0.17637796551944263	0.0035458401497916875	0.07730323280329193	0.05805112384537353	0.03400284036474727	0.4134117322893554
0.15111748802698655	0.027521420848703446	0.058067950360122134	5.802864906734179E-4	0.17638059497507408	0.0035508194352935757	0.07727269144518416	0.05807407973017919	0.03400703634731701	0.41342763234046637
0.15114326413968332	0.027496083392727105	0.05810169203528347	5.803149358901971E-4	0.17635525600081212	0.003553635254134907	0.0772476773387243	0.05804067010844406	0.03403038868670458	0.4134510181075958
0.1510458209170461	0.027511567222574293	0.05808977940462344	5.80253275773851E-4	0.17634108073804408	0.003565043239131177	0.07728849863805541	0.05805762562698891	0.034091398193073	0.4134289327446896
0.15102737817048412	0.027515038986621637	0.05807369252916755	5.802328433916759E-4	0.1763679832992483	0.003530902007786718	0.07727912877116352	0.05807036439638288	0.03413009742299265	0.4134251815727609
0.15095475269699798	0.02749003422361232	0.05804552991030314	5.803148876143555E-4	0.1764079940873949	0.003602905002896853	0.07730041393705714	0.0580291095759736	0.03413069111114367	0.41345825456700586
0.15098802020902397	0.02749650891238714	0.058028225475782375	5.802361493760511E-4	0.17636748377408307	0.00355792187911122	0.07737309914201519	0.05803476012315886	0.034160315917144704	0.41341342841791734
0.1509568805857684	0.02745153536246263	0.05805797550003133	5.802670135493793E-4	0.17634235724067227	0.0035678024365536354	0.07739556239685874	0.05807452283396261	0.034155937285934065	0.41341715934420675
0.15095662894302236	0.02744993821092219	0.05809260066854608	5.802840403178883E-4	0.17629517160121916	0.0035860545319641862	0.07740991969446748	0.05808456078478653	0.034129779500103416	0.4134150620246506
0.15094691236688024	0.027460345545902112	0.058092362623685445	5.802486810362745E-4	0.17628911929741842	0.003577747351381458	0.07741359290617864	0.058070616991658455	0.03413548283013253	0.41343357140572623
0.1510968721589403	0.02744549979827239	0.0580729585136465	5.802130580798287E-4	0.1761662324652144	0.0035598696287324066	0.07758418014228805	0.057862023274401535	0.03413266694414875	0.4134994840162758
0.15111303384157365	0.027459686066904312	0.058044850789758615	5.802068354183038E-4	0.17618300836723533	0.0035565882426861622	0.07758195776363801	0.05784755388438602	0.03413326207666305	0.4134998521317364
0.15107331666127732	0.027383782439395363	0.058098288306503154	5.802513715250784E-4	0.1762177370907187	0.003533999869122631	0.07741208268955475	0.05794211368106188	0.03424582680966286	0.41351260108117815
0.15108857030340905	0.027375576745456015	0.05810646733343895	5.802679276976502E-4	0.17620969475617598	0.0035294433708559086	0.07740394178438764	0.057951088694734296	0.0342646565425183	0.413490292541326
0.15108695627033136	0.02737556220635208	0.05812460327107902	5.802185581741254E-4	0.17620255466182283	0.0035312554027670112	0.07737127413993143	0.0579674390565043	0.03426751998371741	0.4134926164493202
0.15107054587327706	0.027383951254461122	0.05814201854816937	5.802579674459157E-4	0.17619715559185922	0.0035724649224532085	0.07737445448777466	0.0579669799568306	0.034232851426370295	0.41347931997135834
0.1510677176280838	0.027400239428037945	0.05813732753893962	5.802360916581234E-4	0.17619751356162644	0.0035489047034822224	0.07736725036551144	0.057985412684892976	0.034188656838038	0.41352674115972937
0.15105847858702207	0.02738585411110074	0.058113562268396125	5.80237626701105E-4	0.17621060915553072	0.003579052013603798	0.07736252753204587	0.057984393014345686	0.03420471702509724	0.41352056866615655
0.15109475527765634	0.027380789537081174	0.058124223260309214	5.802988435130302E-4	0.17620568418720672	0.0035960317308100648	0.07739700593643159	0.057960340025026896	0.034185084055101164	0.41347578714686367
0.1510993797620626	0.027382693769327296	0.05810839122397032	5.802366145529758E-4	0.17618531964534734	0.0035997262346277037	0.0774274187058303	0.057972358189761666	0.03419101164880081	0.4134534642057188
0.15111907212974252	0.02737084587857426	0.058114550711822754	5.802062182975742E-4	0.17618655433513414	0.0036056578975251774	0.07742444719327608	0.057958943523043135	0.03417823033022356	0.41346149178236075
0.1510623230014284	0.02750978824404822	0.05808858749231187	5.802287610506968E-4	0.17620630185003977	0.003556712740547821	0.07733743890858061	0.058068739912403106	0.03412477956136291	0.41346509952822647
0.15106307690350623	0.027511419321026437	0.05808832487590882	5.802176102500389E-4	0.17619832034672778	0.0035612670488021497	0.07734240892232123	0.058058253836024504	0.03413260983975734	0.41346410129567535
0.15111590021430665	0.027534529485744988	0.05805795557066559	5.802534863205006E-4	0.17617750312091301	0.003527866061034793	0.07726211714830933	0.0580802521399061	0.034163163579387174	0.4135004591934118
0.1511079539127606	0.02753108001405398	0.05804942597687131	5.802704873428405E-4	0.17617153386598072	0.0035272954401346784	0.07727972543357235	0.05808108411725629	0.03415772882621189	0.4135139019258153
0.15111294678968584	0.02752733411755061	0.05801236772814172	5.802830825464983E-4	0.17617338629079587	0.003558160475647998	0.07728851088630677	0.058071161114070374	0.034168437408564	0.41350741210669023
0.1511035467829217	0.027494075012405153	0.05801980269319483	5.80232144011858E-4	0.1762072975596723	0.0035278165063446776	0.07733084468028102	0.05808472970860937	0.034127408114159596	0.41352424679839944
0.15113579840366015	0.02749933502232689	0.05802200779878046	5.802407706404084E-4	0.17619457563874008	0.003564246365631199	0.0773120305042398	0.05807269892609948	0.034117096301197705	0.4135019702686837
0.1510636679922454	0.027532628327629025	0.05805029222221415	5.802758865858654E-4	0.17615535721107095	0.0035726748964738514	0.07735719354601728	0.05808077171276691	0.034096134054165575	0.41351100415083075
0.15107678002275693	0.027511739686369968	0.05811038181455949	5.80243391003224E-4	0.17614559524249554	0.003551120734020183	0.07735742618664113	0.05808336223828879	0.03409539754524224	0.4134879531386224
0.15107850650796342	0.02752312355066	0.05809720607202086	5.802998516678676E-4	0.17615735331044088	0.003548999578060208	0.07733552740790806	0.058079561599059464	0.034118014677812225	0.4134814074444068
0.15103973004813007	0.027508872886358962	0.05813124142573399	5.802756176073454E-4	0.17616752258217316	0.0035258979407135904	0.077341197132272	0.058082495981027535	0.0340993577432577	0.4135234086427256
0.15103933245886042	0.02752138963413693	0.05813933154168048	5.802539022132097E-4	0.17618263352707714	0.0035340761572001805	0.07735563945781246	0.05807279315832269	0.034100114016826374	0.41347443614587004
0.1509967836317337	0.027542971984488282	0.05814032132679174	5.802240317909352E-4	0.17619086455690675	0.0035789055806146747	0.07736009953950074	0.058017489323844706	0.03409369975299875	0.4134986402713296
0.15098741471371963	0.027537310814970004	0.05815598653334343	5.802583139850881E-4	0.1761856311773079	0.0035777622911671303	0.07734721739254412	0.058034943258191085	0.03407681550254016	0.41351666000223125
0.15096452653124606	0.02752975873917622	0.058157573974109214	5.802990575537875E-4	0.17621009243461327	0.0035869836001262284	0.07734228643894978	0.05803932409924539	0.03409002400047402	0.4134991311245059
0.1509412556736397	0.027495219974530735	0.05814847216365526	5.802368194437607E-4	0.17621770152829697	0.0036022662226202345	0.077333155471923	0.05807680007350316	0.03409334348174932	0.4135115485906377
0.15095975413473037	0.02751715602666574	0.05817987839050563	5.8021592684733E-4	0.1761463944002109	0.0035630784183492276	0.0774138912522215	0.058032464981871174	0.034085500030764576	0.4135216664378335
0.15097931474218074	0.027606806411290596	0.05822115272805882	5.802296289909997E-4	0.17607541464042004	0.003553524596640864	0.07743557483141433	0.05806748655751375	0.034004927389464326	0.41347556847402545
0.15093216430191542	0.027654133888670926	0.058233540205868115	5.802579957215337E-4	0.17606934609156666	0.0036031430591896285	0.07744157532256866	0.05804530499202741	0.03398605105968913	0.41345448308278243
0.1509303889673127	0.027677702095464496	0.058231597478159376	5.80247916403015E-4	0.1760822232837903	0.003589410728508699	0.07744315430984725	0.05805095719005666	0.03395339133167603	0.4134609266987814
0.15095358978881468	0.0276298955461894	0.058215107651211156	5.802186663637493E-4	0.17610855871689302	0.0036072813152887434	0.07744272395210866	0.05805140012741454	0.03393732971983708	0.41347389451587885
0.15095725798040077	0.02763397524044224	0.05818132736845368	5.802574654250464E-4	0.17608986193960452	0.0035988533722819266	0.07748683108276844	0.05806983884087475	0.033881089074460566	0.4135207076352879
0.15093939569931625	0.027637807543769904	0.058204722294521824	5.802819206828375E-4	0.17606903872664803	0.003601354066791823	0.07751671884973357	0.05805304260156373	0.03388710340916888	0.4135105348878031
0.150913834070074	0.027601268782708757	0.05822325557833449	5.802951104886683E-4	0.17614239036096851	0.003586062311135882	0.07753517499294488	0.05804489295506832	0.03387444355925505	0.41349838227902136
0.15089373857697724	0.02761380433083492	0.058252207847435414	5.802196544184568E-4	0.17612020040054646	0.0035431633036009103	0.07753298701008088	0.05805303129605226	0.03390124775310889	0.41350939982694446
0.1509216423623035	0.027647492231482856	0.05826536596869775	5.802282942521525E-4	0.17612599533170364	0.0035277760206482295	0.07759065080789398	0.05800799426762589	0.03383879995481266	0.41349405476057915
0.15091221759749196	0.027667438180919615	0.05829519908078202	5.802755339471138E-4	0.17611565807630708	0.0035354007491616435	0.077570058431222	0.057986159682226694	0.03385513593792583	0.413482456730016
0.15088678396565317	0.02764542586056505	0.058321666647938857	5.802243143223085E-4	0.17612138142798978	0.0036044161659387064	0.07757125608500111	0.05795838374552444	0.033869715805653844	0.4134407459814126
0.15089656347540825	0.027633588675865087	0.05836140554356767	5.802382126066236E-4	0.17610802945722603	0.003578377973363925	0.0775842741732403	0.05795551880755763	0.03385929787637938	0.4134427058047849
0.15090897721175092	0.02766473932961401	0.058350083238114935	5.803140324041056E-4	0.17609006818040623	0.0035834885041511333	0.07758561355286335	0.05794696998710206	0.033877521875939745	0.4134122240876533
0.1509009022988534	0.0276402779252619	0.05830611432428062	5.803047733586031E-4	0.17612556661441012	0.003582428350969308	0.07758383982194952	0.05797659037426088	0.03388301796897915	0.4134209575476764
0.15093921114251355	0.027625152989300752	0.058354031200101554	5.80249516926673E-4	0.17615395646365378	0.0035377548763515787	0.0775738782449836	0.05797147507844392	0.03384955470492028	0.4134147357828042
0.15093022797815264	0.02763531517734892	0.058351924944601244	5.802489678612133E-4	0.17616441905790886	0.0035297636772303187	0.0775497548642401	0.0579763779294427	0.03383978177031463	0.41344218563289925
0.1509072558018143	0.027656576658218815	0.05839914035615998	5.802171396995515E-4	0.17615080809339834	0.0035333927400552217	0.07753768200593569	0.05794825544614349	0.033830625252295424	0.4134560465062791
0.1509715784724758	0.027624288431774197	0.058410422095040535	5.802686428795223E-4	0.17606901517220738	0.003579849259129242	0.0775344905983824	0.057929286664418225	0.03388537916555184	0.41341542149814064
0.1509658953006935	0.027609736200031654	0.05841655983982463	5.802727126736074E-4	0.17608239479429255	0.0035781610890031207	0.07750818461516414	0.057934950119344096	0.0338901131525495	0.41343373217642315
0.15095908174987768	0.027598473863984216	0.05842509315416318	5.802387882937465E-4	0.17609175734984256	0.0035663097125066684	0.07749878558916976	0.05793839445692853	0.033848599384369654	0.41349326595086383
0.1509847830628096	0.027633716467950695	0.05838169265464903	5.803121974884418E-4	0.1761006595863012	0.003593473009946946	0.07749807553544877	0.05800442182747467	0.03380614747983958	0.4134167181780909
0.15097565461386508	0.027631966271859015	0.05841937601450926	5.802044574858417E-4	0.17607267242254626	0.0035285743793705276	0.07748610145650114	0.057988724757754476	0.033880329668515424	0.4134363959575928
0.1509726604270682	0.027625678781099436	0.05839805919693858	5.802117294609749E-4	0.17610221068895254	0.0035283732458977896	0.07746941771235678	0.057973704224765665	0.03391396676339885	0.413435717230061
0.15096306813237964	0.027646657149273265	0.05836830210144818	5.803147941338821E-4	0.17607345891336923	0.003531960496857542	0.07749818181568838	0.057979895429692195	0.033937090278022664	0.41342107088913493
0.1509707572367533	0.02764095264939699	0.05835436358735714	5.80281260693552E-4	0.17607762770810464	0.003546383984219012	0.07749271558573184	0.057979979815404606	0.0339391762371251	0.4134177619352137
0.1509902584413167	0.027657823262419265	0.0582958641140554	5.802967737322945E-4	0.1760745774583724	0.0035626791437924216	0.07747793391258463	0.057977268211693744	0.03396724979750247	0.41341604888453054
0.1509949398430716	0.02762463043913406	0.05828003240520925	5.802370254458233E-4	0.17609615834859532	0.003559695263554888	0.07746650008055264	0.05797350515505842	0.03398454144262711	0.4134397599967508
0.15097655800717566	0.027630721556751017	0.05827850882639322	5.802193382651172E-4	0.17610614412979983	0.003577294080799903	0.07745078529226457	0.05798853973091946	0.033978750223214615	0.41343247881441647
0.1509974206069304	0.027632487476590972	0.058286605534501656	5.80239502995572E-4	0.1760745232154775	0.0035708270787647156	0.07745065883951974	0.057974188988666304	0.034004196764812075	0.41342885199174095
0.15100089943678935	0.027627154824977115	0.05828532342806109	5.802530296625391E-4	0.17607273362359346	0.0035805920556790383	0.07744469038201668	0.05798228807472194	0.03399437036711432	0.41343169477738434
0.15100810593211972	0.027602670070422552	0.05831721660417784	5.802223678843532E-4	0.17610127881725945	0.003552000339384756	0.07745532469056166	0.057964892764836524	0.03397752277664018	0.41344076563671284
0.15102183150292736	0.02757408752109343	0.058352787681397005	5.802439095674433E-4	0.17609045517925098	0.003533581707317157	0.0774760996133993	0.057969443358615994	0.033918207527419766	0.4134832619990114
0.15095759314161006	0.02760021594829043	0.058345409354836245	5.802658690998302E-4	0.1760767154048679	0.003557771974244131	0.07750679902506963	0.057978870800345986	0.03391972055072269	0.413476637930913
0.15096457188282966	0.027580783128856895	0.05834252361066285	5.80266931216808E-4	0.1760998006292563	0.0035359979107875694	0.07752677170516536	0.05795728132627001	0.0339328366760798	0.41347916619887465
0.15095162739230306	0.02765332668152333	0.05830836696095763	5.802457293183766E-4	0.1761049206511941	0.003542414020076559	0.07752345170547179	0.05795713268213559	0.033903465079514736	0.4134750490975047
0.15096179503729945	0.02766311031715421	0.05834045569897138	5.803144041830327E-4	0.17608431385011625	0.0035387616303730746	0.07750931430032106	0.057959301712273655	0.03387850902666206	0.4134841240226457
0.15096130438120064	0.027656469600278136	0.05835279358333571	5.802106151505393E-4	0.17609623508492928	0.0035423763651223072	0.07748497622930166	0.057943803520257485	0.03388693965214179	0.4134948909682824
0.15094513910631385	0.027664009731177205	0.058325072312415654	5.802395424172879E-4	0.17610703087162388	0.0035771541568935528	0.07746456741291546	0.057935677405757086	0.03389303108118723	0.41350807837929865
0.15094276872982998	0.027642070157246776	0.058323785994573815	5.80270274529962E-4	0.17608367861330965	0.0036047524044232476	0.07745694836691495	0.05793708905968108	0.03389881671036425	0.41352981968912617
0.15092160325156861	0.02763699808354464	0.058321255579960374	5.802314046022272E-4	0.17608805152335943	0.003594203373770366	0.07746707172670372	0.05793353265010756	0.03392589054794341	0.41353116185843947
0.15092571980689018	0.027636120163597552	0.05831577409746254	5.803047422758556E-4	0.17608253519307154	0.0035966485796463388	0.07747105809416632	0.057941636222857036	0.0339236512940234	0.41352655180600906
0.15089398105423457	0.02764404630562224	0.058297709535898815	5.802655448331889E-4	0.17609484521605023	0.0036037898356811177	0.07746381560324404	0.05797043504520042	0.03393924183351195	0.4135118700257233
0.15090507585958762	0.027627025092079927	0.05829990751574197	5.802571271481538E-4	0.17607597378893336	0.0035928268842793376	0.07749643983103913	0.0579883529226603	0.033954982891343535	0.41347915808718655
0.15089473483511323	0.02763081527799323	0.058307145057483384	5.802345460383246E-4	0.1760809923907926	0.003606412188343941	0.07749252859683395	0.057974248943082424	0.03395098668915285	0.41348190147516595
0.15089700509011614	0.027639742307384627	0.05831016383972735	5.802882121289238E-4	0.17607500261523756	0.003604234330045683	0.07750376463242342	0.05799602454681256	0.03392081074330465	0.41347296368281894
0.1509090184700611	0.027633314392243438	0.05831262647061719	5.802984452498577E-4	0.17608698860650462	0.0035894362303831723	0.0775116016004957	0.05796950119508581	0.03394935060811548	0.4134578639812435
0.1508584740317233	0.02764020434437818	0.0583240063944939	5.802495204022678E-4	0.17611916533590133	0.0035509461345955146	0.07750921886774369	0.05796169940443537	0.034007711296589374	0.4134483246697369
0.15085377743843176	0.0276248999795327	0.05833024998662796	5.802954631598939E-4	0.1760713763828866	0.003561063701816039	0.07754782285324396	0.05794517810453363	0.03401423210504352	0.41347110398472375
0.15086353069420286	0.02762677306308703	0.058315505319951735	5.802550539877188E-4	0.17607352379533353	0.003564089455066463	0.07754387352889902	0.05794659271296909	0.034016200294563106	0.4134696560819393
0.15085983001844283	0.027629448269585577	0.05830507030943796	5.803069338637945E-4	0.17606946623556918	0.0035758601170129967	0.07754864213529523	0.05795238086664842	0.03401910773639427	0.41345988737774964
0.1508590621891608	0.027653791728639535	0.058312526979003326	5.802997930783593E-4	0.17609497020179243	0.003570225064157259	0.0775303564942772	0.0579899178024953	0.03396845918760344	0.4134403905597922
0.15084414715202543	0.027652807475802607	0.05829222052889797	5.802310353934526E-4	0.17607438254366461	0.003582760755790282	0.07757319577605828	0.057985435444041854	0.033976362761179935	0.4134384565271455
0.1508160666200495	0.0276378540256189	0.058315403262245435	5.802816101972835E-4	0.17609875980131096	0.00355772621236293	0.0775547841737005	0.057968268190647085	0.034023063400143425	0.41344779270372384
0.15087203961873427	0.027610834627875225	0.05826360642912854	5.802627544436445E-4	0.17610977122622168	0.003550781857316762	0.07753254184506002	0.05797648790034006	0.0340418495471788	0.41346182419370087
0.15094710138585554	0.027589143797166274	0.0582526208753263	5.802774188255339E-4	0.1760775247555741	0.0035503105825529513	0.07753944670447208	0.057983294805115576	0.034049126785233225	0.41343115288987836
0.15094213749081042	0.027577449102367743	0.058261025926014474	5.802813039269133E-4	0.1761193190546425	0.003535976420557252	0.0775200141171925	0.05802506502461006	0.03402651755748397	0.413412214002394
0.15095104233494547	0.02759302708829492	0.058261900611694964	5.802140507008141E-4	0.17611401739256916	0.0035320774199315147	0.07750989693794814	0.058012394049538334	0.03403508382231571	0.41341034629206086
0.15098752379785804	0.027571298620283152	0.05821973268059506	5.802975941816002E-4	0.17608517168818955	0.0035373389048085624	0.07748134925679376	0.057993014375226075	0.03409260868987164	0.4134516643921924
0.15097165666184187	0.027568158388822026	0.05820239478749453	5.802102464003839E-4	0.176087546248473	0.003530956564018986	0.07750734098166659	0.058000038519967434	0.03409524324922519	0.4134564543520899
0.15097357332518632	0.027548452269589116	0.05818316484604402	5.803021471324776E-4	0.1761128313230633	0.0035604248838205232	0.07750531581681196	0.057969431779156214	0.0340986458361774	0.4134678577730186
0.15097848954201842	0.027519204273688314	0.058193639880846	5.80231349117527E-4	0.17609795444719353	0.003564473807211435	0.07752132497130564	0.05796997012178022	0.03410169482038734	0.4134730167864514
0.15097755129342924	0.027529808819317103	0.05818191878515823	5.80311281718815E-4	0.17610491396953418	0.003550710994515649	0.07752119683175425	0.057994154698124786	0.0340761055289925	0.41348332779745517
0.1509567424952692	0.02753859559595971	0.0581917827291325	5.802181025277298E-4	0.17610968826497098	0.0035421770390034885	0.07750989641015894	0.05802440992605144	0.03407412069007157	0.4134723687468542
0.15095185488180657	0.027570742104618698	0.05806072848830677	5.802306319478839E-4	0.17612788781315042	0.0035677696559167776	0.077545014576189	0.058048705281580376	0.034044903898063264	0.4135021626684201
0.15096638718596456	0.02757740457246241	0.05807119492069747	5.802283555140925E-4	0.17611548405379623	0.0035661564894510084	0.07751933213546147	0.05807176044642093	0.03402254502899403	0.4135095068112377
0.15098482453943957	0.027576245430924226	0.058090091221438725	5.802776135612059E-4	0.1761027428801813	0.003530584548787283	0.07750818278892685	0.05807965607505146	0.03402290376103671	0.41352449114065265
0.1509969363378139	0.027586451618772226	0.05809075751059091	5.802213271566686E-4	0.17612231145756635	0.003526380447338426	0.07750498570074858	0.058063560288448945	0.03399690849637611	0.41353148681518775
0.15096992737639506	0.0277064447462831	0.05814231114034813	5.802622186341366E-4	0.17617161787516405	0.003556132890716837	0.0775191918951236	0.05788339347247184	0.03397959363907016	0.4134911247457929
0.15093307521406157	0.027687845525034505	0.05813733303280075	5.802947728043989E-4	0.17620763859748773	0.0035849959264421805	0.07757685232240552	0.05784121830460025	0.033928155985217937	0.41352259031914507
0.15093763178104436	0.02769462191766281	0.058136251339639594	5.803049051100045E-4	0.17621704265772659	0.003604562306764522	0.0775776123171253	0.05783825071193844	0.033903771834238455	0.4135099502287497
0.1509484030824933	0.027696264324370543	0.05812100152502531	5.803010139356773E-4	0.176251735846788	0.0035732255313031674	0.07759176162121259	0.057807703524217276	0.03390317785460843	0.41352642567604564
0.15095842250565444	0.027697915927523534	0.05812105355246026	5.802386630549411E-4	0.17624385914428953	0.003560640462809947	0.07758876231442047	0.05781285871510693	0.03393584402872825	0.4135004046859516
0.15096990023180873	0.027765822564759235	0.05809938593347662	5.802798668848169E-4	0.17623917987367638	0.0035546281325440493	0.07755077290567806	0.05780005332735441	0.03396776398943298	0.4134722131743846
0.1509747320257796	0.027756630863812262	0.0581094190702944	5.802830941851328E-4	0.17624457686347228	0.0035864242043601863	0.0775189085334326	0.05778760542554598	0.03396982523889985	0.4134715946802175
0.15097466144504146	0.02777319425191073	0.058117843308173434	5.802459992887005E-4	0.1762798214378628	0.0035895223680153104	0.07749381266433622	0.057729831943571494	0.033968686768391584	0.4134923798134082
0.15101624796033242	0.02774413895403345	0.05813116317595267	5.803145943548554E-4	0.1763460860411037	0.0035957840251747003	0.07743743361696215	0.05772650145952145	0.033921227546434465	0.41350110262613005
0.1510587125935067	0.027783457054170527	0.058139997672936455	5.803007277335043E-4	0.17630404816200423	0.0035663528551403145	0.07735955248719222	0.057723878809284056	0.03397581107728791	0.41350788856074394
0.15104463291479447	0.027764320935533437	0.058151208096583404	5.802847952434131E-4	0.17632998505617564	0.003587668443144204	0.0773873873594082	0.057697597139943865	0.03396416288938875	0.4134927523697845
0.15100825842498394	0.027798119685379583	0.058102651496312385	5.802030838630706E-4	0.17630892153416405	0.00360117859938848	0.07736354236228603	0.05772328209968823	0.0339954121059961	0.413518430607938
0.15092085084864415	0.027888857160597233	0.058160983836145694	5.802928052648093E-4	0.17626591514408552	0.0035841522253749897	0.0773635570501508	0.05766262011382721	0.03408616345856158	0.4134866073573479
0.1509377023520752	0.027843080403005108	0.058122224645615506	5.80230521230074E-4	0.17627078511059802	0.00359178437725112	0.07734074240531902	0.057742183130491447	0.03410046546891225	0.4134708015855021
0.15096713084209817	0.02786341019557234	0.058108790948027414	5.803028921971543E-4	0.17625992282935637	0.00356475786095925	0.07732837161938398	0.05774914297107332	0.034088700712082975	0.4134894691292489
0.1509958100677971	0.0278642946470415	0.05808158146434833	5.802099308178654E-4	0.17630067709076125	0.0035621646481708014	0.07734138998771015	0.05777332163375577	0.034010011642934004	0.41349053888666315
0.1509708956607981	0.027863871093191175	0.058070754012042966	5.802594057506272E-4	0.1763254005313991	0.0035708654370793375	0.07733046244508208	0.05777408622328011	0.03402604526763281	0.4134873599237436
0.15095757041098462	0.02786036851567529	0.05805639941391687	5.802958334750891E-4	0.17632769960304484	0.0036007213107880492	0.07736813503417528	0.05778187888417406	0.03400448141590598	0.4134624495778597
0.15096015036730387	0.027859771375330578	0.05805672206101144	5.802689147636625E-4	0.17632136895607703	0.003604279537346766	0.07735550641460923	0.05779191388024957	0.03399794298773541	0.41347207550557236
0.1510367017477307	0.02783639330841485	0.05801530472074761	5.802205779356223E-4	0.17620682709410923	0.0036018480718015833	0.07730658529066461	0.05787861413189804	0.03404677932228965	0.4134907257344079
0.1510152022047706	0.02784764235745127	0.05801471003873188	5.803096461296092E-4	0.17619812528522993	0.003601970337620636	0.0773231706871198	0.057884568078916676	0.03403260724834477	0.4135016941156847
0.1510174372076304	0.027937277057684465	0.05801808200694693	5.802463092578619E-4	0.1761998115686543	0.0035585789899908737	0.07732841357038643	0.05788521882762669	0.03403528322161463	0.4134396512402073
0.1510341046173027	0.02791549651025363	0.0580080173158118	5.802734612296023E-4	0.176209528487169	0.0035574204800382925	0.07732706449606955	0.05789210329915835	0.034054744401640163	0.4134212469313268
0.1510709707024277	0.027937986338433793	0.05800530701066882	5.802147644195926E-4	0.17621026895126957	0.0035316770509652567	0.07733386527536996	0.05785704128959436	0.034024603271816375	0.41344806534503453
0.15102199977721714	0.027935877248987426	0.05798087498335955	5.80204275997101E-4	0.1762154068847731	0.00353806112539079	0.07733001523929013	0.05787506395543343	0.034060480584344466	0.41346201592520676
0.15102767794997501	0.02778768560763238	0.058040938276221934	5.802371654107658E-4	0.17624251836276755	0.003558780167445666	0.07748565892628502	0.0578184701572101	0.03403858215616902	0.4134194512308824
0.15104393212020079	0.02777117410189038	0.058016816473206965	5.803013525798595E-4	0.17627675419820812	0.0035838154105783115	0.07744457252710751	0.0577953391593201	0.03406989949614307	0.41341739516076476
0.1510593597094031	0.02775804178376591	0.05800506825775619	5.802780141968417E-4	0.17625672743440504	0.003551430207457254	0.077482083093498	0.05779874266413543	0.034072736476529794	0.4134355323588524
0.151044053219269	0.027774575340802854	0.05801625628635684	5.802726214531317E-4	0.17630856309230364	0.0035367540600229064	0.0774709937295315	0.057832892860024056	0.03400105741716536	0.41343458137307054
0.15105447560104385	0.0277784438700103	0.0580180999900035	5.802036347444667E-4	0.17627588546836725	0.0035266285659536906	0.07746631234888793	0.0578349381621973	0.03401761406647191	0.4134473982923197
0.15103490935712505	0.02780764030502751	0.057998075968412055	5.802094301845528E-4	0.17629780566440656	0.0035326529083205965	0.07749462317805916	0.05781177829417086	0.0340092184547925	0.41343308643950105
0.15101789876372276	0.027803323007443745	0.05799008298847465	5.802927200457553E-4	0.17629649481419085	0.0035625985078966277	0.07750525468883152	0.057816154282517546	0.033994749216428824	0.41343315101044764
0.15108848386350243	0.027765133118124632	0.05802772487407397	5.802307629058506E-4	0.1762634994629787	0.003533676194652377	0.07745354074956566	0.05784050415698632	0.03400528706684584	0.4134419197503641
0.15111245938738566	0.027760688942256778	0.058049085552255575	5.802282403267606E-4	0.17624065276218367	0.0035307273082866714	0.07743890738241274	0.05783326627430452	0.03399394016669363	0.4134600439838939
0.15110839929214218	0.02769119246722361	0.05801854399174993	5.802958203894731E-4	0.17627182171278558	0.0036074276441350056	0.0774482540113186	0.05775301511186289	0.03408132873192474	0.4134397212164679
0.15094636520277502	0.02772009028162227	0.05816261260324508	5.802471546227789E-4	0.17624889785137854	0.0035876369030320293	0.07753657430170602	0.05775313732575721	0.03397559546172514	0.41348884291413585
0.15093608011512039	0.027737874431981682	0.058130281805681874	5.803049289485607E-4	0.17623778990368877	0.00360506419362637	0.0775418702443712	0.057747820886322285	0.03399864058431348	0.41348427290594525
0.15093755772266515	0.027753599433591625	0.058164237058386574	5.802826733867644E-4	0.1762465790495621	0.0035990733262177416	0.0775286726104042	0.05771991007744194	0.0339870038106557	0.41348308423768804
0.15095128469940716	0.027755375798580298	0.0581872602232765	5.803126206223169E-4	0.17625737729196078	0.003580624822365222	0.07752310441524884	0.05770540683483301	0.03398620362103441	0.4134730496726714
0.150930891849175	0.027783080155703785	0.0582140891944517	5.802917048122191E-4	0.1762086888816247	0.0035500846572603245	0.07750123957387539	0.05771083713171066	0.03399694003470122	0.4135238568166849
0.15095615941948143	0.02783306703935616	0.0582740718689784	5.802109827990204E-4	0.17612851845752592	0.0035857186350182896	0.0775046458939921	0.05765506871809281	0.03399916051520409	0.41348337846955174
0.15097218845439053	0.0278236413776307	0.05830701748619958	5.802473322072538E-4	0.17612415470472048	0.0035658799268874913	0.07749830828610409	0.057629591800831936	0.03399479493167416	0.4135041756993536
0.15097253393000626	0.027781963977745405	0.058281323774644414	5.802328458474476E-4	0.17608220587383516	0.0035781108357911817	0.07745774044252542	0.057754651090271426	0.033985988958271526	0.4135252482710617
0.15110955681649763	0.027764705082276603	0.058276750095046743	5.802566045317176E-4	0.1760799866362618	0.0035360400732851877	0.07750789502628964	0.05773527975998081	0.03395597348954414	0.41345355641628556
0.15111709896457257	0.027728078548554413	0.05829054711758472	5.802737342837094E-4	0.1761030316970337	0.003533296065838021	0.0775020560874281	0.05774710544321417	0.03393069704893986	0.4134678152925506
0.15106137539583378	0.027697063783993836	0.05820902229279051	5.802222022269071E-4	0.17613241009590092	0.0035363292213149294	0.07749008573019332	0.05777517227932283	0.03399563209353035	0.41352268690489247
0.15107165749252743	0.027689746976697016	0.05820847720520481	5.803040178198049E-4	0.17613021475140636	0.003547212419890297	0.07750145066236132	0.05777395191987239	0.033989505972490425	0.41350747858173
0.15108787130389717	0.027703836902022536	0.05817884369455309	5.802731909466258E-4	0.17608435159725305	0.003569953928706654	0.0774778425178366	0.05780696546041592	0.034037798403643835	0.4134722630007245
0.1510830244301964	0.02770563712792963	0.058158412134088254	5.802764343961347E-4	0.17614006916842856	0.0035383263047128327	0.07755556230436661	0.05778740348029142	0.034011980970657676	0.41343930764493236
0.15108469132169114	0.027623617492779237	0.05816284988039659	5.802595201629124E-4	0.17619623678955107	0.0035831971763801568	0.07752309774967989	0.05781077504025581	0.034001549004463005	0.41343372602464007
