0.24174974532015042	0.576987063177634	0.18126319150221562
0.33468038671667893	0.351587861546478	0.3137317517368432
0.5078297336259479	0.16557321841131054	0.32659704796274164
0.44374001359007087	0.26050643282868635	0.2957535535812429
0.20052083911576762	0.5906355101895339	0.20884365069469865
0.258306123938716	0.5720172091661767	0.16967666689510744
0.44423494088893145	0.41420689610364236	0.14155816300742627
0.2920513867430715	0.3897245094364352	0.3182241038204934
0.42630661380597545	0.45794377084469146	0.1157496153493332
0.5291378060968855	0.3308249786334354	0.14003721526967913
0.13717766431044343	0.5778828041824793	0.2849395315070774
0.20578526021538662	0.44200440639275757	0.3522103333918559
0.1575894644888908	0.5844444874968656	0.2579660480142437
0.11309203572608456	0.6053741831966123	0.2815337810773033
0.32941785241776544	0.5778801871166439	0.09270196046559079
0.13484513925064456	0.5117570483158427	0.35339781243351287
0.34867357364717166	0.5140898741474379	0.13723655220539058
0.47402568409591633	0.13954718201959557	0.38642713388448824
0.340597590965823	0.5198071333500676	0.13959527568410962
0.43535132207596816	0.31243030169923147	0.2522183762248005
0.39664745202958007	0.326384102695313	0.27696844527510706
0.49373162776152424	0.1362128282625804	0.3700555439758955
0.31406428328578295	0.3093668757936063	0.3765688409206109
0.34414979405701596	0.5911700653599693	0.06468014058301486
0.10058468752978159	0.7567427720947003	0.14267254037551824
0.11588197505756981	0.4925633155568623	0.391554709385568
0.5401177327710114	0.3859981310209829	0.07388413620800582
0.12702233513929836	0.6632300808816123	0.20974758397908944
0.300155303864047	0.5236202721612694	0.17622442397468377
0.1939346226745042	0.5532591821644325	0.25280619516106345
0.329906272568901	0.4703533508401605	0.19974037659093866
0.11648556563755708	0.7379951111966814	0.14551932316576172
0.4643635310051625	0.3716404805633224	0.16399598843151522
0.27915091173415985	0.32758753851776556	0.39326154974807465
0.12767314218557155	0.7698587582918524	0.1024680995225763
0.5581407255167395	0.3405133663910449	0.10134590809221569
0.2969677451693362	0.6311074159849166	0.07192483884574724
0.31235456342580326	0.5276433256654596	0.16000211090873728
0.35014232882829316	0.4968436551517228	0.15301401601998418
0.4537490188261245	0.4750826911080858	0.07116829006578979
0.16947797870217318	0.6992553006718355	0.13126672062599143
0.28837404692072693	0.49696698252458504	0.21465897055468813
0.19849954457464036	0.5851772403288902	0.21632321509646946
0.3911134092708193	0.3399824875562892	0.26890410317289165
0.44837747573962555	0.3706260340272911	0.18099649023308345
0.21656957631433493	0.6682693420112236	0.11516108167444172
0.4131311871902298	0.26363301808196116	0.3232357947278092
0.538471054700081	0.12996149537851823	0.33156744992140075
0.47073183542785146	0.3021079683139308	0.22716019625821787
0.4901694946262194	0.3572843937979664	0.15254611157581435
0.35987026263497024	0.528479244463933	0.11165049290109691
0.5522086946040392	0.2783150069513642	0.16947629844459675
0.29704588970270523	0.49661723092533017	0.2063368793719647
0.18423644163513336	0.6091355622729981	0.2066279960918686
0.24091948601976818	0.5381504539410076	0.22093006003922436
0.47598427139666594	0.1762671340122882	0.34774859459104596
0.2969102138662039	0.32126707965440165	0.38182270647939454
0.3947778788478607	0.21408643229315927	0.39113568885898015
0.5526326586203424	0.3699999640161141	0.0773673773635436
0.12974477967241752	0.6654779485371771	0.20477727179040547
0.4123574539853419	0.23665966811044614	0.35098287790421207
0.27785134139319306	0.3428123932502758	0.3793362653565313
0.4769872095050872	0.13785904385803696	0.3851537466368759
0.22180681877952813	0.5135054966720655	0.2646876845484065
0.3821660625874771	0.481438688760904	0.136395248651619
0.29659024065962863	0.6348065207869831	0.06860323855338835
0.3439656907973596	0.5912523874530393	0.06478192174960123
0.2593911269316222	0.6496358484438477	0.09097302462453022
0.45240039815119437	0.47241637301418343	0.07518322883462225
0.21905151027490852	0.5229084075772501	0.25804008214784147
0.5064173893623506	0.29484865451820413	0.19873395611944542
0.5004006472259883	0.408447495342176	0.09115185743183579
0.23932144788293197	0.39297864405842375	0.36769990805864444
0.3921479798090298	0.5238996340578104	0.08395238613315986
0.41534060309633447	0.41149964142480533	0.17315975547886026
0.48899482467022604	0.13020278963129026	0.38080238569848385
0.13177996736467307	0.5143494984392805	0.3538705341960466
0.5420933834880656	0.19670633802689236	0.2612002784850421
0.33364863804205447	0.5689036480463312	0.09744771391161444
0.10361173851480632	0.8147432743025602	0.08164498718263352
0.1553017614362981	0.6798734705197356	0.16482476804396642
0.3157695836782157	0.5002959963357676	0.1839344199860168
0.2912657027109683	0.45084698238309195	0.25788731490593986
0.09060514612284779	0.8098124750915529	0.0995823787855995
0.33308631467317007	0.5119137873743357	0.15499989795249436
0.2650139313888261	0.4080498268212029	0.32693624178997105
0.2873194321263498	0.6448409304234747	0.06783963745017563
0.23663451257093226	0.5492709559702879	0.21409453145878002
0.5126831083734603	0.1298748554295942	0.35744203619694553
0.3577368218250622	0.4468534164007552	0.19540976177418265
0.40275593611162747	0.42028063236439595	0.17696343152397667
0.17578175642251934	0.587561963997925	0.23665627957955576
0.22738771093694443	0.6586997964436709	0.11391249261938469
0.5121886354184074	0.4064285615497794	0.08138280303181328
0.40495187653585474	0.21799247933098065	0.3770556441331647
0.5021686736031827	0.18257320557503576	0.3152581208217816
0.5224005091347876	0.3022248508376672	0.17537464002754527
0.12851213299077835	0.5728808466531331	0.29860702035608866
0.32437230317396165	0.3008073479077875	0.37482034891825095
0.4739433662372786	0.3139168054479295	0.21213982831479203
0.2663247229902518	0.5653829352358759	0.1682923417738724
0.11061110035056157	0.6640321164179654	0.22535678323147304
0.4967871419355166	0.38433528225246943	0.11887757581201411
0.25526173469451785	0.6112238707073716	0.1335143945981107
0.5018638700119225	0.24234764263355246	0.25578848735452514
0.14181183846590642	0.7925665540891671	0.06562160744492657
0.1538832329487091	0.6661726904894165	0.17994407656187456
0.20060962610713018	0.40755800015028093	0.391832373742589
0.11353611815286199	0.6839549116995551	0.202508970147583
0.20128261527685543	0.4646039525272654	0.3341134321958793
0.10235660763918769	0.6332653921874433	0.26437800017336915
0.5249733383501204	0.18890880307045663	0.28611785857942307
0.419846720437443	0.4364708281240399	0.1436824514385172
0.44603108850679873	0.37988127147630146	0.17408764001689989
0.22645139437730372	0.5843854743462586	0.18916313127643772
0.24454728336109974	0.5093307251372734	0.246121991501627
0.44875259956013014	0.2603494827537427	0.2908979176861273
0.4493990045727706	0.17294388957974235	0.37765710584748713
0.546309837110268	0.2881084828916232	0.16558167999810885
0.10286929327410621	0.7076518607346114	0.18947884599128254
0.28260201499339616	0.521842611244553	0.19555537376205095
0.23638253579580115	0.41623140787115703	0.3473860563330419
0.3295991230948857	0.4852193113626905	0.185181565542424
0.25528284906600124	0.6461019455706567	0.09861520536334215
0.4156791343157973	0.47976878529119915	0.10455208039300368
0.15912283674271996	0.7482234142457487	0.09265374901153145
0.4796286017239447	0.4225594532959469	0.0978119449801085
0.3447074969844006	0.5412797710091592	0.11401273200644019
0.45469902808518253	0.47537744086924666	0.06992353104557092
0.2582916478101984	0.4383713499312408	0.303337002258561
0.4584022134982592	0.46876255952153867	0.07283522698020223
0.41568670128292995	0.38556181668166756	0.19875148203540266
0.2777827493914221	0.4539746264220903	0.2682426241864877
0.26398058992046336	0.5423258570667633	0.1936935530127735
0.4498264185266984	0.17563750749313642	0.3745360739801653
0.43055346685382134	0.26978868839946	0.29965784474671875
0.4812681669805914	0.20628195935407984	0.31244987366532884
0.3670442450257945	0.3513425191674201	0.2816132358067855
0.2715172471234086	0.481352392099924	0.24713036077666756
0.23869185164643056	0.6236145050537996	0.13769364329977
0.5493940680292053	0.3023113346815929	0.14829459728920183
0.20120518294459133	0.6441332057842765	0.15466161127113232
0.4508952990628349	0.441703225811914	0.10740147512525125
0.5534045414547395	0.3077431272483544	0.13885233129690613
0.31508201044982465	0.5066188634387341	0.17829912611144133
0.44581393598188046	0.3468008937983851	0.20738517021973454
0.21653494791312505	0.42602636033496855	0.3574386917519065
0.10223092696258085	0.5594619542059994	0.33830711883141984
0.4260723996492254	0.27473291691140644	0.2991946834393683
0.1610264663550951	0.6296264750138207	0.2093470586310843
0.4225251197487735	0.23050465123381092	0.3469702290174157
0.5377216541531344	0.37016584411165665	0.09211250173520902
0.45053692214004093	0.46808275141588773	0.08138032644407145
0.10906204363136174	0.5926945871719591	0.29824336919667926
0.3809523175791324	0.34600272208711735	0.27304496033375036
0.3698083185797107	0.3180068136134538	0.31218486780683563
0.5408908243555047	0.38543418202473295	0.07367499361976243
0.4741383903427629	0.3116590962672967	0.2142025133899405
0.24566293933640337	0.6222929539066127	0.13204410675698403
0.16594193334978502	0.7562833090117043	0.07777475763851083
0.4645567959806085	0.29815403030582305	0.23728917371356856
0.2484133496948002	0.6064451119647891	0.14514153834041083
0.2057518296293722	0.4663629892922313	0.32788518107839665
0.15624797026584464	0.6381661336578246	0.2055858960763309
0.2543469038474624	0.4485361466146238	0.2971169495379139
0.12678649456941032	0.5045611499449707	0.3686523554856191
0.1674560876518475	0.5335205550665933	0.29902335728155927
0.32388667081804917	0.597748420016463	0.07836490916548794
0.16823148411777256	0.6708711735141488	0.1608973423680788
0.1513568915899591	0.6499588745726943	0.19868423383734662
0.50267658950784	0.35740775805440506	0.139915652437755
0.4080138436802389	0.19033011767643798	0.4016560386433232
0.21903058338410286	0.38627949929993105	0.39468991731596625
0.5387796953232981	0.38914959617725475	0.0720707084994473
0.3983609506363369	0.20309128075639069	0.39854776860727253
0.5606041045643604	0.10518605498170511	0.33420984045393465
0.39100311900284507	0.3009770473928091	0.3080198336043459
0.4722232751692725	0.14400851768616854	0.3837682071445591
0.1914731755527942	0.7188998401983699	0.08962698424883589
0.43204749020883154	0.4765600835007979	0.09139242629037059
0.3597092361885068	0.33060257684390937	0.30968818696758393
0.17823760141340902	0.579927010930914	0.24183538765567708
0.39644034068201417	0.37740398976409334	0.22615566955389255
0.17812012626920737	0.4995594526602323	0.32232042107056047
0.33476402028613417	0.521277363844538	0.14395861586932784
0.24889434770740476	0.38074862880261406	0.3703570234899813
0.3233307821232053	0.6091843459824345	0.06748487189436031
0.353582014860062	0.5678211607462719	0.07859682439366622
0.5452447622939665	0.14874920936437613	0.3060060283416575
0.5276310926172036	0.3242042304407209	0.1481646769420756
0.16338082462544867	0.7666510424721596	0.06996813290239179
0.11605876082811012	0.771612121660233	0.11232911751165708
0.2847520308140507	0.5852246522922692	0.13002331689368024
0.19635344004868593	0.5836400088765408	0.22000655107477335
0.46931475191144145	0.16478577856918042	0.3658994695193782
0.32466925924847967	0.28301065687335425	0.3923200838781662
0.43068861114502205	0.21591053060111534	0.35340085825386275
0.42524028063783553	0.4617539750736034	0.11300574428856122
0.23194688410086908	0.36526954299608855	0.40278357290304245
0.49278441366826475	0.24994212337953572	0.2572734629521996
0.143071871080236	0.7170193388208174	0.13990879009894674
0.2904963217661848	0.32300953330754534	0.38649414492627
0.35381977279685284	0.5083788585806035	0.1378013686225437
0.20778818664341422	0.47714204008309746	0.3150697732734884
0.513398658117767	0.12983592546324085	0.3567654164189922
0.4117057244181471	0.3383888103642137	0.24990546521763926
0.3006142330515149	0.47227601983240325	0.22710974711608192
0.29691193481731315	0.6057819662048296	0.09730609897785733
0.2566472669819208	0.5436382717723117	0.19971446124576758
0.3948247298574572	0.41542475893620273	0.18975051120634015
0.5006352297432579	0.3397896053873541	0.15957516486938803
0.09586828481949325	0.5312951972779862	0.3728365179025207
0.1926016739504431	0.4337472141007068	0.3736511119488502
0.4998322006223598	0.11536610842643877	0.38480169095120154
0.5253793327706331	0.3708254072327132	0.10379525999665384
0.21013472425879787	0.5474552481952588	0.24241002754594346
0.4876599163973261	0.139573277524764	0.37276680607790996
0.44424843924462204	0.21086666223818434	0.3448848985171937
0.3124919475735785	0.46245223658440926	0.22505581584201234
0.42153463372758226	0.48282032392621455	0.0956450423462033
0.5054654671699293	0.3302612253432369	0.16427330748683386
0.37686455459441187	0.4509755420867071	0.17215990331888115
0.4777061575390607	0.14369142551209074	0.37860241694884866
0.25140499226582824	0.36194982173514234	0.38664518599902953
0.3493887587931226	0.43203576848932307	0.21857547271755445
0.4892283880549965	0.3754597396773763	0.13531187226762728
0.34191561442767265	0.3619850705099522	0.29609931506237525
0.13406285789401043	0.47754623032589927	0.3883909117800904
0.3097848128757298	0.36623548335506495	0.32397970376920543
0.18294050097786718	0.6394141555731674	0.1776453434489655
0.2497127010660566	0.49129813229836355	0.2589891666355799
0.5384424388995004	0.11409622259675142	0.3474613385037483
0.28520587170556283	0.6257298962838411	0.0890642320105961
0.1219649672561377	0.5639737028946137	0.31406132984924867
0.5156581359976005	0.2598541461963558	0.22448771780604382
0.32647844245821256	0.487485169384717	0.18603638815707055
0.2190823425387427	0.47882429452401576	0.30209336293724165
0.3567092760422095	0.25609492846108944	0.38719579549670124
0.13426415652321655	0.7717005202051681	0.0940353232716154
0.20311059748502278	0.4603841895341863	0.336505212980791
0.23069232688800806	0.5641116468651614	0.2051960262468307
0.3256647445655291	0.33923124382030684	0.3351040116141642
0.5522085058162238	0.19279542304485336	0.25499607113892286
0.22312561887942592	0.3965872113631566	0.3802871697574176
0.5217343368278132	0.10006883566516547	0.3781968275070214
0.39072400167652827	0.4823826563684979	0.12689334195497387
0.15052137819598915	0.5858578623441548	0.2636207594598562
0.35811588283120593	0.5436098970089617	0.09827422015983248
0.3810954056365864	0.429343902738649	0.18956069162476474
0.29194950535647324	0.5723756734944143	0.1356748211491125
0.14303099935647273	0.6477872708325825	0.2091817298109449
0.48846002664585686	0.43638558118262455	0.0751543921715187
0.29054488178818755	0.3777885466313374	0.3316665715804752
0.49504164573720244	0.12074990098225064	0.3842084532805471
0.31865674526571164	0.6020677688501532	0.07927548588413535
0.10709673315631074	0.7759175313477594	0.11698573549592997
0.5096818918120569	0.2523182595702312	0.23799984861771195
0.4683279925854852	0.3547252041871425	0.1769468032273724
0.10407937587612032	0.7205834865725765	0.17533713755130326
0.4241161103533758	0.18909557961702542	0.3867883100295989
0.10693205256913985	0.724715906819233	0.16835204061162717
0.520341151499806	0.1582805742836059	0.3213782742165883
0.4744373859435913	0.4060402984001432	0.11952231565626559
0.23450424975506406	0.6749133131152336	0.09058243712970246
0.2735397988303276	0.5008958279790359	0.22556437319063669
0.2539695807910968	0.3860079063451742	0.3600225128637291
0.32545826380675535	0.577849091401426	0.09669264479181866
0.37532437923753564	0.5162912577307045	0.10838436303175991
0.4690440676899916	0.43873381314659804	0.0922221191634105
0.2049234946836493	0.41278237275982105	0.3822941325565298
0.31833895856717737	0.6168545876826085	0.06480645375021427
0.15946186179973032	0.7112273570528833	0.1293107811473865
0.3236251129259642	0.3545799282453025	0.32179495882873344
0.17394897842733575	0.4849462946496951	0.3411047269229692
0.36613890494377005	0.5230938233075939	0.1107672717486361
0.37424821787636936	0.47403988602736274	0.151711896096268
0.38523606053252285	0.5112572825541687	0.10350665691330851
0.14547368604769498	0.6272408486862137	0.22728546526609145
0.5044730193633703	0.16893441786904068	0.32659256276758913
0.43277148127729365	0.35761291185266075	0.2096156068700457
0.5513161869515865	0.35695448379740496	0.09172932925100868
0.2018564594195348	0.6135014840985382	0.1846420564819271
0.40056652608060883	0.27100167887913124	0.32843179504026004
0.47795757933912514	0.3726808304090598	0.14936159025181514
0.0952494252243137	0.6881345223943416	0.21661605238134485
0.2929991566339555	0.3151255997917253	0.39187524357431935
0.45461605260601584	0.20338652881293026	0.34199741858105404
0.23836062006390968	0.6316213232464916	0.13001805668959893
0.25331793688036397	0.6347324169486699	0.11194964617096625
0.17505845950849508	0.70196739246335	0.12297414802815498
0.4632061228472476	0.19886483750388087	0.33792903964887167
0.17064698764224528	0.5957924679385223	0.23356054441923263
0.21002466076292708	0.6048318162124338	0.18514352302463924
0.19671253578894093	0.5433614123090185	0.25992605190204077
0.2802060225694725	0.4678000400897677	0.25199393734075987
0.3986657337101683	0.43198835449950207	0.16934591179032973
0.48901015007113013	0.3707498657293903	0.14023998419947964
0.327929730667912	0.4042327748795985	0.2678374944524896
0.2693659302872514	0.6158859480336796	0.11474812167906906
0.3624439956113549	0.2998861534839023	0.3376698509047429
0.3876064198257061	0.33167680368978186	0.28071677648451215
0.16509306981758698	0.7007686548782799	0.13413827530413325
0.5104817657549614	0.28747997237765754	0.20203826186738114
0.1092031808508363	0.7324807179690115	0.15831610118015227
0.12095134849681163	0.6297137315314886	0.2493349199716999
0.30651590737689144	0.5864827136333972	0.10700137898971146
0.17884509470603616	0.6354694615149229	0.18568544377904106
0.4832433944178345	0.3106492377472721	0.20610736783489353
0.41537026667606747	0.41246707013287087	0.17216266319106172
0.12192512738549388	0.6170278484421103	0.2610470241723959
0.4835827795480807	0.33727813285702873	0.17913908759489067
0.5339458317714058	0.2895613572651469	0.17649281096344743
0.19587073870076221	0.4407107129990497	0.36341854830018827
0.4652443779048429	0.301620659390057	0.23313496270510015
0.5406489282298155	0.32932350064539107	0.13002757112479355
0.4413357538681602	0.3329113873187432	0.22575285881309667
0.3260503902491117	0.28936768823033693	0.3845819215205515
0.5309069142953173	0.0922066431208711	0.37688644258381165
0.49065356612869415	0.18607377919691417	0.32327265467439176
0.36081473823320265	0.5274309384628952	0.11175432330390228
0.13489042901146386	0.47898714279366345	0.3861224281948728
0.3107988819966928	0.5943095486768852	0.09489156932642212
0.4513699733796197	0.3529409084061276	0.1956891182142528
0.3993982759776359	0.3593379928401059	0.24126373118225836
0.4178277275129917	0.50684282346944	0.07532944901756838
0.1312889470253131	0.5675418148098601	0.301169238164827
0.19825131665461554	0.553164601911602	0.24858408143378258
0.2364494159128308	0.6941837414184598	0.06936684266870946
0.1630584913479811	0.5935551854611381	0.243386323190881
0.12119210596494093	0.7272978117431872	0.15151008229187196
0.16714517702149062	0.660272212997908	0.1725826099806015
0.459947979279294	0.43911101008081477	0.10094101063989136
0.5143452319847719	0.3525014058745149	0.13315336214071335
0.16129290583616446	0.5997088952798804	0.2389981988839553
0.18453143912520575	0.4882016093036783	0.3272669515711161
0.36011750219746697	0.5348019171384473	0.10508058066408593
0.5579383097992908	0.22651647423240662	0.21554521596830262
0.4911008179216066	0.19040857685209722	0.3184906052262963
0.4189018141893216	0.484969806391171	0.0961283794195075
0.21124030181214137	0.4599786764458672	0.32878102174199153
0.5509538349055081	0.33343996676588866	0.11560619832860336
0.45392407288572034	0.4665969311923948	0.07947899592188495
0.5172356269023148	0.24611637093793778	0.23664800215974746
0.5445009018648989	0.3693837694930205	0.08611532864208077
0.38437907053800136	0.294421918599716	0.3211990108622827
0.20972028861425268	0.47160332411223055	0.3186763872735169
0.21387466244500236	0.6681680961689922	0.11795724138600555
0.3598934326243493	0.2476715885690547	0.3924349788065961
0.28913241670274764	0.3895772484004928	0.32129033489675973
0.5041355241869669	0.29418155948636443	0.20168291632666877
0.42993390367796935	0.4036920801016848	0.16637401622034598
0.49571520287020987	0.24957743175049418	0.25470736537929606
0.30820710847145943	0.5283004617519742	0.16349242977656644
0.2530891249908892	0.5237461586908084	0.22316471631830254
0.5411519001227301	0.15076041472620882	0.30808768515106116
0.3389294871432809	0.4859218049471547	0.1751487079095645
0.10199093836520298	0.5430267168226653	0.3549823448121318
0.3083606621470417	0.450829339638295	0.24080999821466334
0.285850809338074	0.5670138873059148	0.14713530335601122
0.43821912023867293	0.2494184324224637	0.3123624473388635
0.4341018659600508	0.39430070565167324	0.17159742838827607
0.1650342773526886	0.43279066630966934	0.40217505633764217
0.19853442289671408	0.4730840692692277	0.32838150783405834
0.2395763696013835	0.6256351920508225	0.13478843834779414
0.4503198182882304	0.29316239598404714	0.2565177857277225
0.2587761514567476	0.3581319850996174	0.3830918634436351
0.39579825352569675	0.21564032828580326	0.3885614181885001
0.46633521214643336	0.2855442635976294	0.24812052425593728
0.3334498850255596	0.5052551405294422	0.16129497444499824
0.4725386197629712	0.446031542647179	0.0814298375898499
0.12964976410158818	0.7049754340309957	0.1653748018674162
0.3407415316969387	0.5216477782886734	0.137610690014388
0.47689619972294706	0.2866157190467006	0.23648808123035248
0.5639816061422849	0.2969633227415836	0.1390550711161317
0.36714405586530874	0.3826398523197967	0.2502160918148947
0.544554713823527	0.09121934127551973	0.3642259449009534
0.22310950153268339	0.6050772390171402	0.17181325945017661
0.45818705599708226	0.19997481719979748	0.34183812680312037
0.10900826764778393	0.6949285759644693	0.19606315638774685
0.31017282307153116	0.43372363468597847	0.25610354224249043
0.2519889619673884	0.6757252241549035	0.07228581387770816
0.2294607244996948	0.40054635342807193	0.3699929220722334
0.23909252033320846	0.45029154006640865	0.31061593960038303
0.1976558868513675	0.4667925757119885	0.33555153743664407
0.4059857993084561	0.2666689698585225	0.3273452308330216
0.44896288428975717	0.22521205112513848	0.32582506458510446
0.3111809638685617	0.5587343840117434	0.13008465211969505
0.41001295920479	0.44843669720874313	0.14155034358646704
0.5274831611824193	0.3250262828139036	0.14749055600367714
0.3523250128070514	0.3728146545032685	0.2748603326896802
0.168153633221378	0.5797358163699547	0.2521105504086674
0.2783937085582039	0.48809012434069876	0.23351616710109746
0.3770673387814288	0.5109906425373294	0.11194201868124196
0.4269342615166652	0.22044901676771644	0.3526167217156185
0.22123065922451152	0.6924778876730066	0.08629145310248207
0.3826612070072547	0.276463869303134	0.34087492368961136
0.30748208559136525	0.5115341072586821	0.18098380714995282
0.5002330412244678	0.30454181311344447	0.19522514566208782
0.21746266239293768	0.5928943766974596	0.18964296090960286
0.11574029804212721	0.7354026584513997	0.14885704350647305
0.16149469821062262	0.6420157372570743	0.19648956453230318
0.4343129736345791	0.46028627123409294	0.10540075513132804
0.2536221501328485	0.5785519068242406	0.16782594304291104
0.5178739544199686	0.12181231274229085	0.3603137328377406
0.495792813248143	0.13444540376974662	0.3697617829821105
0.5631364470629533	0.18086655644755528	0.25599699648949154
0.3704000145352009	0.5029820893446573	0.126617896120142
0.38356209865591184	0.5200748822767828	0.09636301906730552
0.22235831703154876	0.6837977589327402	0.09384392403571118
0.34067217508874237	0.4827981671706906	0.17652965774056711
0.523129478968124	0.1849776844855122	0.29189283654636383
0.19002059502568802	0.7289122889271559	0.08106711604715622
0.11505348622071632	0.7148890333986828	0.17005748038060103
0.32268656438710713	0.5121065117834134	0.16520692382947963
0.15100364847924042	0.7485747039856399	0.10042164753511984
0.37047997272997635	0.46172855432888027	0.16779147294114347
0.3661138498195256	0.5039355763165938	0.12995057386388076
0.1502497836438826	0.5741904069294717	0.2755598094266458
0.47636283446876804	0.3061123726582931	0.21752479287293897
0.09184155721001994	0.5897880364779001	0.3183704063120801
0.42319268876985655	0.22876086472890356	0.34804644650124
0.10069820134546667	0.5847189101753633	0.31458288847917015
0.14416196385424604	0.4828767693887901	0.37296126675696395
0.3383874543946267	0.37609143981706444	0.285521105788309
0.3532296158544927	0.41637995300907465	0.23039043113643276
0.3025043148099239	0.3983396902384251	0.2991559949516511
0.22618282723833075	0.5669819431513927	0.20683522961027662
0.48611377451633975	0.22665084378101097	0.28723538170264934
0.16792187213302295	0.7118948844587906	0.12018324340818659
0.4360135363104	0.38508770813422744	0.17889875555537263
0.17095563271604464	0.6258879925647105	0.20315637471924491
0.3576642180900836	0.2906195901167074	0.3517161917932092
0.5592765845988528	0.20226723786188897	0.23845617753925835
0.20675566918653315	0.3925342757247968	0.4007100550886702
0.49810161155970334	0.24447125498991074	0.25742713345038604
0.31598722415151864	0.44957412487085835	0.2344386509776231
0.26311344604905884	0.5435596580653083	0.193326895885633
0.46588088034227326	0.2920629259267504	0.2420561937309764
0.09205797154175213	0.5658186767601643	0.3421233516980837
0.24896568661108986	0.3802767234966863	0.37075758989222396
0.14640207589059667	0.45537072658953753	0.3982271975198659
0.1413717480025284	0.6839912153629132	0.17463703663455854
0.5216042481797056	0.08776303972704191	0.3906327120932525
0.23808445014594876	0.6032342623230538	0.15868128753099764
0.2193378400789563	0.4558217401913275	0.32484041972971633
0.5055930275323048	0.13744176739596545	0.35696520507172974
0.5134653999000369	0.26563984103014326	0.22089475906981995
0.2846386443301819	0.5969315968840117	0.11842975878580658
0.1958240795135728	0.4745233468037745	0.3296525736826528
0.1866614368024937	0.6854285971541839	0.1279099660433225
0.25430509594131573	0.4782201644346009	0.26747473962408347
0.3974509328596645	0.41242841060852586	0.19012065653180982
0.10046548499223848	0.5462418416954868	0.3532926733122748
0.14107798948624048	0.4707056964153248	0.3882163140984348
0.32020348727317655	0.3523154251358668	0.3274810875909568
0.541708359176742	0.25447520579929583	0.2038164350239622
0.34274834889119615	0.41692189882652364	0.24032975228228026
0.5510011521677921	0.07224532902246711	0.37675351880974084
0.27144702146255567	0.40075955123284934	0.3277934273045951
0.15376225272717547	0.6941148034677381	0.1521229438050865
0.41503175561978123	0.4259987563825089	0.15896948799771
0.2885131959416588	0.3275274518523924	0.3839593522059489
0.4360234313119355	0.20740419395044243	0.35657237473762216
0.5488891681690223	0.05455545645298693	0.39655537537799085
0.12298535915203179	0.5017424206475365	0.37527222020043194
0.37665169346941735	0.25298206846511556	0.3703662380654672
0.26006520819420975	0.6282127066394725	0.11172208516631782
0.5159895991926978	0.32615737270818096	0.15785302809912133
0.4808968809007834	0.2801771700630528	0.23892594903616385
0.41748115773879274	0.38773412462089685	0.19478471764031052
0.2523832185425648	0.37855717501278485	0.36905960644465047
0.49098311941254935	0.37752218151647304	0.13149469907097772
0.4362359590298022	0.39754768544276703	0.16621635552743086
0.44314303524482507	0.4066824625478578	0.15017450220731726
0.3496255273686916	0.4319322377394186	0.2184422348918899
0.0989295751690635	0.5709141569769164	0.3301562678540202
0.41739459388004774	0.2949094057027131	0.28769600041723925
0.23774505947112226	0.4492334932125954	0.31302144731628245
0.14388024937663635	0.6251954761442378	0.230924274479126
0.4443170924773747	0.3259378808919159	0.22974502663070948
0.4382801249054159	0.2794998324111312	0.282220042683453
0.4100080294115669	0.5013863399126395	0.08860563067579383
0.34855785617476837	0.4857691990656955	0.16567294475953626
0.39051526405403697	0.3227562375746647	0.28672849837129843
0.25359498922821366	0.6759676709990186	0.07043733977276789
0.44189837093534845	0.37141193739682626	0.18668969166782542
0.3914423766022457	0.5011182531791548	0.10743937021859967
0.5176825930668986	0.4070362098521986	0.07528119708090292
0.1927447937245479	0.5766223803289401	0.23063282594651216
0.42500853217016776	0.21576869214569466	0.3592227756841377
0.5200339235543863	0.37247788008594934	0.10748819635966453
0.1616514771600266	0.5154086753748137	0.32293984746515986
0.2786788616159887	0.37571722989129686	0.34560390849271455
0.39862891887588836	0.2727923163267243	0.32857876479738746
0.1730422732733845	0.613858511624922	0.21309921510169358
0.26251268734166433	0.6489806345369498	0.08850667812138596
0.12364776094766974	0.6345108408401001	0.2418413982122303
0.2795306415887601	0.360425089286592	0.36004426912464804
0.1531175420631643	0.6280618461749489	0.21882061176188689
0.13844620036342903	0.6671071220286697	0.19444667760790135
0.5146099668262116	0.21848353835061116	0.26690649482317724
0.4607939479479638	0.25842034905450467	0.28078570299753164
0.46511208572294926	0.2170595151753022	0.31782839910174865
0.18627366293616737	0.4210798940800339	0.39264644298379886
0.3888058547403054	0.5160519765170393	0.09514216874265546
0.20841606918771088	0.6358824821120793	0.1557014487002099
0.3437612383502539	0.3363608086598586	0.3198779529898876
0.33078119087072544	0.43850442273240986	0.23071438639686478
0.36112433320058374	0.3665964033138786	0.27227926348553777
0.1409180479849883	0.47051348074831095	0.38856847126670085
0.33425192467669973	0.497959814158079	0.1677882611652213
0.45868511667584067	0.35394947596797544	0.18736540735618404
0.47106964685417974	0.15222695951705267	0.37670339362876776
0.240110554219988	0.6481815481672419	0.11170789761277022
0.466939076832413	0.1700627027807346	0.36299822038685253
0.11640908495983429	0.7046903196647571	0.17890059537540862
0.3434015287348452	0.2954496724521395	0.3611487988130154
0.18690745239003656	0.6853074733335971	0.12778507427636643
0.42844920031614575	0.353757587648593	0.21779321203526142
0.55475887183691	0.20797733685409653	0.23726379130899355
0.2244555003234412	0.371904710759773	0.4036397889167859
0.17382246096908754	0.6104359457326982	0.21574159329821432
0.09839054967503502	0.6029227101226666	0.2986867402022984
0.48787453713639006	0.44621031735020067	0.06591514551340938
0.46275106550492495	0.3587992849410059	0.17844964955406925
0.348556260712656	0.2823927040348472	0.3690510352524969
0.31734178456701473	0.3417659677018354	0.34089224773114996
0.3036023756480394	0.5820238235415216	0.11437380081043913
0.23668605395098505	0.3990038463145278	0.3643100997344873
0.47579910203729653	0.38653679820847464	0.13766409975422889
0.46723170989812945	0.32370414141158566	0.209064148690285
0.5010496131641275	0.3327724991902502	0.1661778876456223
0.15392096233868896	0.7776486046336559	0.06843043302765517
0.1479689782932111	0.741996361110092	0.11003466059669692
0.14607041833793122	0.5146868794987413	0.33924270216332764
0.5615833993659872	0.048605604538963065	0.38981099609504977
0.37662980328565215	0.37120326560822214	0.25216693110612576
0.22558416577890134	0.7054493370500151	0.06896649717108372
0.15668381139782878	0.4851705025843914	0.35814568601777996
0.20099875433974132	0.44850367765873245	0.3504975680015263
0.21304679704215285	0.43244536202635436	0.35450784093149285
0.3515036052384526	0.37332833262938336	0.27516806213216416
0.2594379479493143	0.3399396842072469	0.4006223678434389
0.18249876465560463	0.7516437393171136	0.0658574960272818
0.17609737139000559	0.44352235722795996	0.38038027138203456
0.24062953307937518	0.6295842785349954	0.1297861883856295
0.5103079650140759	0.26901475683894566	0.22067727814697852
0.27500434727711953	0.5054280672796329	0.21956758544324778
0.2792547102289098	0.3381835235091982	0.3825617662618921
0.20790050104096622	0.478932588426484	0.31316691053254986
0.36694976914388755	0.5188869539248289	0.11416327693128372
0.3060957286981364	0.5228678559942479	0.17103641530761585
0.4604906062392474	0.45715269349242127	0.08235670026833142
0.4535847567990465	0.25648836879016	0.28992687441079357
0.42465938741722714	0.20602049298262062	0.3693201196001524
0.5293172946909981	0.1271370904384908	0.3435456148705112
0.4444693628270996	0.42769136141793396	0.12783927575496656
0.4533081546947093	0.18621301869437315	0.3604788266109176
0.24565410039225005	0.4848484883109838	0.26949741129676624
0.32019393843992877	0.5202254787106626	0.15958058284940874
0.1270732810370788	0.6684973073861228	0.20442941157679853
0.1655588572318657	0.5404877201222447	0.29395342264588975
0.19283637993780608	0.4148774351404575	0.39228618492173656
0.16794471604948236	0.7191915048824551	0.11286377906806266
0.4759744649021626	0.24094658642970945	0.28307894866812805
0.10009151023198462	0.8251829875997394	0.07472550216827617
0.2953830145886961	0.614000773262861	0.09061621214844298
0.2235881635878202	0.4830795374887631	0.29333229892341683
0.12149601467929344	0.6965087842743101	0.1819952010463967
0.1476325442632197	0.4523312898684603	0.40003616586832014
0.4887956110177836	0.32497260077623075	0.1862317882059857
0.4268309399752368	0.21246103271492717	0.36070802730983614
0.3197021545867028	0.4668189757597755	0.2134788696535218
0.28853713902857214	0.4107165520042042	0.3007463089672238
0.10404158300391053	0.5602399509010292	0.33571846609506045
0.10755609392425072	0.5066592283445381	0.38578467773121133
0.14305343609543808	0.6804705142416342	0.17647604966292785
0.40449781408413216	0.492947784075555	0.10255440184031292
0.24520817681392523	0.6053410939395387	0.14945072924653618
0.16714034845519524	0.5150147245978115	0.3178449269469934
0.3376265583202299	0.35797169419496083	0.30440174748480936
0.4168804731453145	0.4844374552725077	0.09868207158217787
0.38957161182200545	0.28040991505801993	0.33001847311997473
0.2201000107622281	0.40002482739784284	0.3798751618399292
0.42666379744577254	0.23842465494437107	0.33491154760985653
0.21367749616670928	0.7102317658018601	0.0760907380314308
0.35356024062725183	0.31963982096981153	0.32679993840293675
0.3150047948857245	0.3899623356485132	0.2950328694657624
0.3264992809626476	0.3368573454660594	0.33664337357129315
0.11937048755275245	0.622991373938983	0.25763813850826467
0.2805999998640025	0.3792677246887689	0.3401322754472287
0.12649093689699534	0.6344527571020899	0.23905630600091482
0.24345967372252014	0.4677812200025787	0.2887591062749012
0.3477962622154779	0.563650909890268	0.08855282789425431
0.1467535846090384	0.5272589404461121	0.32598747494484964
0.3032161122027176	0.6252502089461958	0.07153367885108675
0.1811165526310015	0.5377256900977623	0.2811577572712363
0.5025260295839811	0.36433610915022063	0.13313786126579844
0.4313215564148962	0.4282985405259828	0.14037990305912104
0.5611461267715658	0.04281741613259177	0.3960364570958425
0.3330835969312063	0.36213644671724854	0.30477995635154526
0.34209300866171505	0.4668880089520895	0.1910189823861956
0.4667818792401287	0.1612320960055159	0.3719860247543555
0.5508397001980855	0.3639756448084721	0.08518465499344258
0.5639376813452002	0.3640911807788354	0.07197113787596465
0.23508830603337189	0.673478012363035	0.09143368160359328
0.2884624330947767	0.6070287680564436	0.1045087988487799
0.3932985934750719	0.33893748439872634	0.26776392212620187
0.26692417644291033	0.38617818511094837	0.3468976384461414
0.5635047715105369	0.23541517081362212	0.20108005767584108
0.4622682927239928	0.43279166968531135	0.104940037590696
0.3951408847535114	0.46101438985473525	0.14384472539175344
0.10206842723836052	0.49432921136277447	0.40360236139886513
0.30633464454090087	0.43330338484958547	0.26036197060951377
0.23310848052252692	0.4207045734047441	0.3461869460727291
0.39176148305729	0.46490720119053963	0.14333131575217042
0.5296685736425936	0.3337440697680478	0.13658735658935875
0.27253747249138677	0.34174970875346156	0.3857128187551518
0.4452065346343541	0.26845751629360015	0.28633594907204585
0.2519531004784161	0.6034921186716288	0.1445547808499552
0.3613152778597792	0.3711118439417098	0.2675728781985111
0.5315763988900997	0.1228991163932901	0.34552448471661035
0.1416441834811986	0.6407890058941468	0.21756681062465474
0.3460304188823076	0.45634587343560196	0.19762370768209053
0.20001137088676998	0.6847424781479456	0.11524615096528451
0.20251436572574463	0.6285452786861314	0.1689403555881241
0.26194017436985756	0.5945094878918702	0.14355033773827228
0.560234703534233	0.1954726759836455	0.24429262048212155
0.49445678304992446	0.17832100299419204	0.32722221395588363
0.544825084890254	0.36459686703623234	0.09057804807351369
0.562674978225689	0.19040622582672184	0.24691879594758925
0.34155506417483933	0.5550797325435272	0.10336520328163362
0.48494841286187707	0.17530344310350596	0.3397481440346171
0.23022897842892506	0.47273485856322806	0.29703616300784697
0.1898824489758	0.505548237573702	0.3045693134504981
0.3307471439356535	0.3395356521607851	0.3297172039035615
0.3367746244775296	0.4003993608458176	0.26282601467665295
0.3032961146233717	0.6119429993174448	0.08476088605918364
0.18348003930201995	0.4254871780344753	0.3910327826635049
0.46934262743779886	0.4590128034034956	0.0716445691587056
0.4744364765644776	0.331094903929361	0.19446861950616154
0.507506233787324	0.09870156310185632	0.3937922031108198
0.17968076517974457	0.5908258377121633	0.2294933971080922
0.38785679228128744	0.3726617121858012	0.23948149553291148
0.4396132776476698	0.31299423582286295	0.24739248652946735
0.43754998195013994	0.40744694232110984	0.15500307572875036
0.4360015065989266	0.37883992119145316	0.18515857220962037
0.1241674794622186	0.6304000736343744	0.2454324469034071
0.5007143413274097	0.12377116384610601	0.37551449482648447
0.5353464121108655	0.09782877207390239	0.36682481581523213
0.32144317439887066	0.510889465736903	0.16766735986422646
0.1848533047444003	0.5408078012288289	0.2743388940267709
0.14186260746886037	0.5435666032156876	0.3145707893154521
0.2330818221375554	0.6137538426094675	0.15316433525297724
0.46595057494711795	0.22920267969411817	0.304846745358764
0.36018360160653695	0.5661795934429376	0.07363680495052555
0.4518626158476001	0.14971920304617428	0.39841818110622573
0.3582384850361147	0.252104319696954	0.3896571952669313
0.525265667470426	0.39183335901361194	0.08290097351596215
0.18099221673248425	0.6083943265578734	0.2106134567096425
0.3175509553934707	0.4101569709899813	0.27229207361654806
0.5110294522749634	0.1112793277945632	0.3776912199304734
0.5007997857074631	0.3561290359648992	0.14307117832763783
0.21869778687575525	0.40546396683609087	0.375838246288154
0.2697577262753603	0.531410143940529	0.19883212978411088
0.15128520339979595	0.5214982356650729	0.32721656093513124
0.3196608144811075	0.3993975042131977	0.2809416813056949
0.5221850421652479	0.30005236451052286	0.17776259332422936
0.19689946283436446	0.5802714078863612	0.22282912927927445
0.3328945996641871	0.3775436703222133	0.2895617300135997
0.47618111643651945	0.37062307289216756	0.15319581067131313
0.1474542125802335	0.708911725351395	0.1436340620683716
0.346394327893672	0.29439841809527995	0.35920725401104814
0.3148612541484546	0.5686975086009644	0.11644123725058114
0.09576833950900404	0.6891492806873994	0.21508237980359657
0.5398646071615445	0.3157735629451277	0.14436182989332788
0.3943940031254094	0.4500472432454381	0.15555875362915259
0.3351475649542018	0.30763882189939346	0.3572136131464049
0.12408912120552829	0.5453937107921978	0.3305171680022741
0.5624623759375805	0.1546171484913977	0.2829204755710219
0.5627752655130526	0.13092396653906624	0.3063007679478813
0.3399402180061009	0.40250324878209587	0.2575565332118034
0.30581711802109085	0.5929274972445961	0.10125538473431311
0.45043403802965726	0.4266801930217448	0.12288576894859801
0.5394820415421031	0.23516980996431797	0.22534814849357898
