0.2330706687478335	0.07796319199272256	0.3091385506489927	0.15132349666277903	0.22850409194767196
0.23529751552631029	0.07710247439148975	0.30663692563701045	0.15345095722096597	0.22751212722422332
0.234975395021244	0.07698529758124398	0.3061668963186882	0.15048723624438265	0.2313851748344409
0.23606091368101373	0.07919426038009	0.30262319941923344	0.15270944643116233	0.22941218008850028
0.23493524705683788	0.07818801377597112	0.30074121487185473	0.15222450788186898	0.23391101641346707
0.23405849700457565	0.0785242932885875	0.3028227995642143	0.15051121256653985	0.23408319757608245
0.2342637529670034	0.07721858065914744	0.3029676539345941	0.15185970008950944	0.23369031234974538
0.23745358438335423	0.0772225476642272	0.302997481493791	0.1526136637610204	0.22971272269760695
0.23394254842276602	0.07890468164687708	0.3078690765992621	0.15134423928925264	0.2279394540418419
0.23726282958691491	0.07723024272666115	0.3021428623430673	0.15333887629217346	0.23002518905118285
0.23426185520715304	0.07822141829974263	0.30321561743934744	0.14992776441812028	0.2343733446356363
0.23719420809703057	0.07920892482785852	0.30522745640064575	0.15090801360448103	0.22746139706998386
0.23528982531638817	0.0772045116451073	0.3039058348785395	0.15214278620207025	0.23145704195789452
0.2319905331678474	0.07707262907296511	0.30530674659527535	0.14958762799574876	0.23604246316816313
0.23301761306386493	0.07821145959890842	0.30275963718256266	0.14863303897633323	0.23737825117833053
0.23561241915245673	0.07879126512390201	0.3023458627220556	0.1494900857326431	0.23376036726894234
0.23306220813643364	0.07724585128542462	0.3065191045888118	0.15198479226126868	0.23118804372806098
0.2335194917267671	0.07682109913752251	0.30285005187985536	0.15109742492842115	0.23571193232743362
0.2355891278530866	0.07893669523794349	0.30648051418779765	0.1489336378745191	0.2300600248466529
0.237731984568403	0.07887215944701466	0.30117194733245894	0.15150307574429456	0.23072083290782858
0.23602882070940356	0.07758369863289306	0.30114569048970896	0.15322654716693518	0.23201524300105897
0.2327868099575377	0.07817043388103187	0.3029931378714841	0.1495304737050019	0.23651914458494422
0.23736037547535746	0.07818656114231913	0.3052962234364679	0.1507461222861841	0.22841071765967116
0.23582027232854288	0.078343298591486	0.2998309359202328	0.15261881236738728	0.2333866807923508
0.23804932648198326	0.0773799601425192	0.2991210710313775	0.14987943165747722	0.23557021068664258
0.23469954241908808	0.07709728825460627	0.3042355659151627	0.1529528390999102	0.2310147643112325
0.23491041722676217	0.07736235633887231	0.30513554062062154	0.15240112475651452	0.23019056105722924
0.2347284361965996	0.07879664715514596	0.301230665135795	0.15071373243088693	0.23453051908157224
0.23293609371358892	0.07755390297979797	0.3059019396690437	0.14903299506146528	0.23457506857610386
0.2364847935284777	0.07908687827329626	0.2997763079187288	0.14861678184477273	0.23603523843472426
0.2376036862929276	0.07773444932848896	0.2997347436730558	0.1510811827381292	0.23384593796739817
0.23473599206230802	0.07845665683766681	0.3010477975959333	0.15417646162459703	0.23158309187949455
0.23367735719968247	0.0778689080436649	0.30715763688147424	0.15088440497422878	0.23041169290094934
0.23680956895044294	0.07745929197413648	0.29940663872618806	0.15005762091404384	0.23626687943518843
0.2325967599093098	0.07791888592014302	0.30001457052709113	0.15175254756697884	0.23771723607647693
0.2318580201948468	0.07841371803707613	0.3071525040195652	0.151433261395518	0.23114249635299366
0.23333197250664364	0.07806673108926031	0.30083002530133945	0.1526011208596788	0.23517015024307755
0.2318447306665007	0.07873573467406453	0.30271082072771516	0.153788483678082	0.23292023025363737
0.23511093856309134	0.07733191744741963	0.30613416387723735	0.15264704060832657	0.22877593950392486
0.23374059477161288	0.077811917526033	0.3022261466002168	0.15039593349930813	0.23582540760282894
0.23687634710008237	0.07685228212051701	0.30147512280979466	0.15197024412706778	0.23282600384253796
0.23406579268544692	0.0791971017862253	0.30115868669865575	0.14959932698393424	0.23597909184573757
0.23424852606639485	0.07685837783138774	0.30904695249672237	0.14882568621502767	0.23102045739046712
0.2335484372732643	0.0782587665777178	0.3002163561851049	0.14980641712686407	0.23817002283704874
0.23411579695693727	0.07828751715530656	0.30042628558393225	0.15326087836368088	0.23390952194014278
0.2368817127365596	0.07849013481613254	0.3044686803224735	0.1499476466447845	0.23021182548004962
0.23471426286293062	0.0787669517614723	0.3037777906177954	0.15425053792144702	0.22849045683635438
0.2363937223748677	0.07707000099853083	0.30100807964455706	0.1551742298577288	0.23035396712431533
0.23350296893840694	0.07701929995174941	0.29996007889582277	0.15307637220798967	0.23644128000603098
0.23300697655446345	0.07711234592906671	0.30425446647848153	0.15394711075531742	0.23167910028267064
0.2350856712367733	0.07768854464221557	0.30178292916370525	0.15000608830657883	0.23543676665072677
0.23236391205812454	0.07897474175503476	0.3049435784229305	0.15478874349038918	0.22892902427352074
0.23733895638520547	0.07839140008792227	0.30157095163785447	0.15339927764350836	0.2292994142455092
0.23593496048859539	0.07697615331851111	0.30280862600178016	0.15137510821499006	0.23290515197612305
0.23351840186566625	0.0780852466006789	0.30894246567814726	0.1509982349022394	0.22845565095326792
0.2378692432524147	0.07695899764472662	0.30010283472931587	0.15475987655341036	0.23030904782013223
0.23641611283713732	0.07828765143299929	0.3045909353683844	0.15316660499897947	0.22753869536249932
0.23321141720955957	0.07792022548182725	0.30066990580559777	0.1511696782089333	0.2370287732940819
0.23299009648571156	0.07730384787702504	0.30355821025657564	0.15350919663839685	0.23263864874229062
0.23436979268285274	0.07902739369112505	0.300199920259157	0.1517428187579026	0.2346600746089624
0.23340801529092856	0.07703484328033545	0.3050286663287481	0.15379855357672373	0.23072992152326394
0.23714965725565132	0.07776787095970349	0.3040725920588226	0.1488516178967867	0.2321582618290357
0.23655139880728138	0.07682760952643902	0.30749524630544145	0.1516264205311357	0.22749932482970214
0.23190523870327495	0.07690002565900966	0.30184616038513706	0.15134717139704662	0.23800140385553153
0.23160706824331928	0.07828991223322809	0.307059144055026	0.15144322302730764	0.23160065244111872
0.2354885265493236	0.0774045590315035	0.3011176879271514	0.14980351334083034	0.2361857131511909
0.23434722725453516	0.07800590012543607	0.3021170625295271	0.1527552771552171	0.23277453293528433
0.23148033787926386	0.07832263526712765	0.3101226857892177	0.14878384114219836	0.2312904999221922
0.2378367249477915	0.07690836935599571	0.3013894219786744	0.1497155144751091	0.23414996924242898
0.23196901485654928	0.0771656847708678	0.3008354960920635	0.15532814180087007	0.23470166247964908
0.23246633855542653	0.07908399968582054	0.3008650907375339	0.15188181270742215	0.2357027583137966
0.2374940520963365	0.07705315169865445	0.30056829900844495	0.1530856424702098	0.23179885472635403
0.2331849395818943	0.07849709716373446	0.3106171728590488	0.14919064784810998	0.22851014254721227
0.23706666932159653	0.07803316993247497	0.2992341827327834	0.1547206925975733	0.23094528541557158
0.23486260275580412	0.0771644645169724	0.3035585603684353	0.15267646204168775	0.2317379103171002
0.23722450430875094	0.07845374164450426	0.3040344963541406	0.15308653949380457	0.22720071819879933
0.2359170786608804	0.07710952921309122	0.2993340029863559	0.15054264708517928	0.237096742054493
0.23174658461376907	0.07915882249627255	0.302337863950227	0.14902035148740694	0.2377363774523242
0.2351405777440122	0.07793254891857561	0.31056074592200733	0.14876936845207678	0.2275967589633278
0.2327594263345117	0.07769746905189841	0.30277723226776143	0.15225438135068553	0.2345114909951427
0.23775410315384823	0.07739052120634933	0.30456130119609537	0.15031603002632832	0.2299780444173785
0.23195536970780622	0.07706724901286273	0.30306152822960436	0.1541413460775469	0.23377450697217952
0.23796873750833672	0.07785682945089954	0.30305542348456477	0.15089866446864195	0.2302203450875568
0.23755147288039502	0.07917570307523628	0.3053422438479737	0.14966041657186682	0.22827016362452798
0.2322778641905455	0.07683202260372034	0.30092333483558176	0.1516780054739684	0.23828877289618375
0.23581293788711882	0.07915337120967997	0.30722846183882035	0.14925025629561364	0.2285549727687669
0.23639159494241824	0.0775127856864942	0.29906942496548605	0.15035002474488274	0.23667616966071847
0.23141649632464445	0.07868675668230958	0.29968525822439473	0.15490054881594162	0.23531093995270932
0.2318063973580868	0.07711497851789388	0.306576488475957	0.15118848427975093	0.23331365136831117
0.2368030460392817	0.0772131302455072	0.30587925022781354	0.1527383029187785	0.2273662705686188
0.23158507529294073	0.07752612734250004	0.30160950246813895	0.15519997425799076	0.23407932063842932
0.23384201766541823	0.0786018686514012	0.30068400974251147	0.15145046225235193	0.23542164168831692
0.23236346174696826	0.0791077114351146	0.3036630726334003	0.14904027086488558	0.23582548331963096
0.23696495563785352	0.07813237805029893	0.3002325384311665	0.15171060632220154	0.23295952155847924
0.2318705500205534	0.0775078406102874	0.3105677719607313	0.1490520680665498	0.23100176934187783
0.23556295799934723	0.07901383881043599	0.30112145953398584	0.1490359242260496	0.23526581943018113
0.2365724459239933	0.07824259433067604	0.3007776318557057	0.15225354986101763	0.23215377802860704
0.23817857421972286	0.07846234486659169	0.2998654964134468	0.15423961401374564	0.22925397048649276
0.23668842509491594	0.07823908099490505	0.30012378797618133	0.15321142562829948	0.23173728030569793
0.23585923696460315	0.07818780010293516	0.30516971588374725	0.14994609449969007	0.23083715254902415
0.2333871598111476	0.0789078199295255	0.30627135592242277	0.15126051708516985	0.23017314725173404
0.2325821341659786	0.07817099449482418	0.3016571365638706	0.14937438032237843	0.23821535445294797
0.23522225822828646	0.07786772155577418	0.30599064131310694	0.15106308430481086	0.22985629459802132
0.23380148902512338	0.07704823139767641	0.3079870771210411	0.15064477187118794	0.23051843058497093
0.23146933505440848	0.07750174240100617	0.30360942855794004	0.1520523625977994	0.23536713138884563
0.23136508245960746	0.07720143895716676	0.3037079274752194	0.15304044474297984	0.23468510636502626
0.23353680792812812	0.07820667345716725	0.29936901317096776	0.1532013957777168	0.23568610966601983
0.23776940446567837	0.07716660311367463	0.30171310145759933	0.15225010190619748	0.23110078905684994
0.231818686756406	0.077537259746904	0.3054476367050959	0.15465112225306776	0.2305452945385261
0.23761198980556794	0.07739777856778197	0.30362887825668994	0.15334589887204553	0.22801545449791438
0.23361620856873253	0.07864288317020858	0.30013887351813606	0.149943796462872	0.23765823828005056
0.2382757195518995	0.0769129204984295	0.29981245655605815	0.15235212190658742	0.23264678148702522
0.23257321630552313	0.07756810228330532	0.309322169174193	0.1485452480349373	0.23199126420204108
0.23352777440833603	0.07704531299876695	0.30566224595859126	0.15018074214283061	0.23358392449147486
0.23200933164673576	0.07889196054214172	0.3009116973225403	0.15128503707993668	0.2369019734086453
0.23583136157460627	0.07780860160314541	0.30054651467261506	0.14931325021145034	0.23650027193818265
0.23133826919707284	0.07913292678900044	0.3106004740076822	0.14958903879911012	0.2293392912071342
0.2365383599052687	0.07720352809204463	0.30112997487745424	0.1517927099854393	0.23333542713979286
0.23379944002578157	0.07812294056292694	0.29982001411077286	0.15148958754175423	0.23676801775876413
0.23471164814886425	0.0770227363270239	0.3063103046551229	0.1541622977912468	0.22779301307774194
0.23135558410760745	0.07870934350095939	0.3038155652261027	0.15129035185288456	0.23482915531244566
0.2353499085309631	0.07859922382480408	0.3082392444735657	0.14926686500618064	0.22854475816448624
0.2344486805280836	0.07785773244162539	0.30830903705435886	0.14981783617056954	0.2295667138053624
0.23194222447833002	0.07692309478619094	0.30787617875854734	0.15210788159496486	0.2311506203819666
0.23613777627320254	0.07845783458469113	0.29909969452060325	0.15077673074686	0.23552796387464284
0.23282741097680473	0.0780200648278249	0.3034157363290561	0.15243094445960204	0.23330584340671195
0.23414247876880923	0.07863307156828886	0.30552566657409175	0.1540907024079725	0.22760808068083738
0.23354515481504343	0.07724609954044978	0.30421312383168697	0.15490469876888652	0.23009092304393305
0.2379575327804313	0.07775930361280943	0.3024236931782727	0.15048547127484188	0.2313739991536444
0.23597122301393808	0.07830312049500217	0.3052568166110241	0.1498611877839286	0.23060765209610684
0.23288830484375161	0.0773987415242816	0.29953094744513165	0.15229733951625585	0.23788466667057903
0.23410000706501957	0.07707090391759502	0.3044676918659533	0.15026422809831932	0.23409716905311256
0.23553612870520246	0.07838876682244687	0.30158692825617833	0.15273298912909844	0.23175518708707366
0.23276023456825878	0.07873954394096186	0.30239155896267006	0.15233868815987514	0.2337699743682339
0.23154757987837332	0.07751444131069408	0.30018590460309813	0.15445589765317938	0.23629617655465482
0.23430762727683133	0.07799593063712668	0.30601265637432573	0.1496029902892199	0.23208079542249616
0.234747168503178	0.07743464162652303	0.3088646861564144	0.1514883296396846	0.2274651740741997
0.23381944249244255	0.07778149462934499	0.29989886642717256	0.14984390097669031	0.23865629547434936
0.23203726293480204	0.07805181394991711	0.30665291388870364	0.15169500990524268	0.23156299932133434
0.23383722693296777	0.0782427734487789	0.3048159276525772	0.14995919668070024	0.23314487528497563
0.2359383249662839	0.0781045493610074	0.3080315938251015	0.1501614129986277	0.22776411884897926
0.23594400512449082	0.07716135074825975	0.3046869662582572	0.14898021689020918	0.23322746097878277
0.23647646930181596	0.076911973007264	0.3047772812661578	0.15227415046403675	0.22956012596072525
0.23170822730425672	0.07798428505908704	0.3080773071831037	0.14966705678545839	0.23256312366809387
0.234201242548125	0.0783901453799789	0.30265670055958427	0.15304418432292813	0.23170772718938348
0.23810623822447122	0.0773947563913543	0.30171216931026473	0.15182141967517124	0.23096541639873824
0.23460366385598871	0.0786843824924378	0.3065246144116969	0.15296257672204355	0.22722476251783277
0.23477804447011277	0.07715472913240143	0.30510014000403507	0.1524108387021228	0.23055624769132768
0.23658269772778928	0.07836593432795617	0.3009534466679032	0.15475774828033997	0.22934017299601112
0.232611339067573	0.07756172081790141	0.3052671666372275	0.14857910851054104	0.2359806649667568
0.23147179345662827	0.07894734826288279	0.30601892264661595	0.15239417292599675	0.23116776270787603
0.23164593596647606	0.0789270223219088	0.30895665249213095	0.14899969159119902	0.23147069762828493
0.23295961628197615	0.07907808391264912	0.3053067470682023	0.1499458453468308	0.23270970739034139
0.23498114797528588	0.0776000057554075	0.3047672802631953	0.1492361847768836	0.23341538122922745
0.23807644896581154	0.07839074084893578	0.30405349208670185	0.15062163574271625	0.2288576823558344
0.23292102916740917	0.07759116429217336	0.30187620970749396	0.15163142838237523	0.23598016845054803
0.2368322544797638	0.07854609143446238	0.3018639258850159	0.150056195773609	0.23270153242714864
0.23830464551749064	0.07758771641397956	0.30169003840950737	0.15311898317293987	0.22929861648608232
0.2380636413736364	0.07879452384358816	0.30050338812212707	0.15408444608486782	0.22855400057578032
0.23796274759226976	0.07730473513159536	0.30405275083707606	0.1514433162327108	0.2292364502063478
0.2324087267186753	0.07714160964053228	0.30097368946494085	0.15102597496763007	0.23844999920822124
0.23583620215797932	0.07756182417427743	0.30188343045653265	0.15302375260203893	0.23169479060917145
0.2348876401905816	0.07826150346155168	0.3072643918999342	0.15058314183600377	0.22900332261192852
0.237693902843782	0.07884193330508928	0.29981319095467135	0.1541326151673584	0.2295183577290987
0.2346066694069914	0.07877693250757824	0.3043924431103565	0.14986076369651685	0.23236319127855673
0.2380275068330785	0.07706320527164486	0.30269571552276514	0.15356624552492804	0.2286473268475832
0.23314494044932627	0.07705405257609217	0.30758691799676297	0.15239937964953776	0.2298147093282806
0.23382033992054616	0.07743777017278256	0.30938607519698713	0.1499102032096501	0.22944561150003384
0.2354073869843582	0.07683730073271464	0.3086119687707054	0.1518795628493584	0.22726378066286307
0.23679296745245562	0.07689616074579672	0.30069698101466436	0.14913374705900292	0.23648014372808013
0.23210559112357584	0.07753702876169286	0.2997506421470004	0.15282564936944978	0.2377810885982809
0.23680097639619296	0.07704652687183153	0.30279834015919904	0.1495616832668198	0.2337924733059564
0.2344234695468752	0.07789863411961273	0.30671077625695076	0.1494320135453747	0.23153510653118642
0.23294966342350004	0.07782089842204577	0.30672011808483834	0.1541812408974035	0.22832807917221215
0.2358986940271191	0.07729629995888435	0.3012790718545154	0.1542773250125392	0.23124860914694167
0.23164819681070997	0.07804370580376015	0.30001374527437924	0.1527286812628618	0.2375656708482886
0.23203488145462883	0.07825986951255329	0.30398043720048373	0.1540404531822121	0.2316843586501218
0.23388123491870202	0.07729688577674668	0.30182090503892933	0.14914537406160583	0.23785560020401592
0.23134468632104077	0.07694778613595135	0.30206504617102753	0.1546061646495446	0.2350363167224355
0.23222114757448986	0.07738400960440614	0.3098951264598041	0.1502741212284957	0.230225595132804
0.2334344577738744	0.07713965189776639	0.3069742945985042	0.15137442416742347	0.23107717156243124
0.2346214797313837	0.07822379964253573	0.30330850774490703	0.15199644120382	0.2318497716773533
0.23273539707333213	0.07874909584866638	0.3035378537733519	0.1485833180112517	0.23639433529339762
0.23578903225622727	0.07844160322604252	0.30193002810127917	0.15247355288394007	0.23136578353251072
0.23175065578914783	0.07773994920003338	0.306769274390779	0.1517492311840643	0.2319908894359753
0.2320190386761945	0.0787341344049567	0.3094140561506008	0.14926120653574598	0.23057156423250177
0.23396233189072047	0.07800221922566157	0.30048264695329535	0.15204377222738466	0.23550902970293774
0.23768388907913135	0.07736169219703036	0.3036823804741028	0.1523628431325442	0.22890919511719107
0.23686434946002421	0.07709046988199798	0.30702051442819633	0.1501946099646802	0.228830056265101
0.23236709412768028	0.07726486515137004	0.30171013647794875	0.15186604022332284	0.23679186401967786
0.23774929071732706	0.07805647160260672	0.30558185349623895	0.15150123465746726	0.22711114952635977
0.23547764076531788	0.07813865056009499	0.3058621334557168	0.14950616330241517	0.23101541191645497
0.23144877240963005	0.07865944274255972	0.304133594493392	0.14893170926589935	0.23682648108851864
0.23527427610691928	0.07761277906013828	0.2992357756863699	0.15021372248203013	0.2376634466645422
0.23309440000195786	0.07785290965457392	0.3019319583412098	0.14870050231110518	0.23842022969115306
0.23243920128847506	0.07848918005754664	0.30963996666704613	0.15211318863084822	0.22731846335608372
0.23273390674992994	0.0780705363914059	0.30083712571035415	0.1518123262683559	0.23654610487995387
0.23819917382872063	0.07825766848318058	0.2998613271964742	0.15240379588859465	0.23127803460302973
0.2338108480109667	0.07904720001729797	0.30756345207749874	0.14916137765416343	0.23041712224007294
0.23169880312059377	0.07809256444598237	0.3104261377205294	0.15116587212977353	0.2286166225831207
0.2368538414247907	0.07744811571203819	0.3020527925088684	0.15098808714952378	0.23265716320477867
0.23241138666240507	0.07780488377022404	0.30413413143157997	0.1517176796946327	0.233931918441158
0.23266218844166214	0.0790174448000676	0.30764260377464386	0.15332217651401653	0.22735558646960963
0.23549610821078779	0.07917540211972973	0.306680354622596	0.14967284976453277	0.22897528528235345
0.2351942244958254	0.07684832252020748	0.303481135060432	0.14994222993970555	0.23453408798382938
0.2344097808657651	0.07863925471213502	0.30405054035394563	0.15154045133328253	0.2313599727348714
0.2369172691699693	0.07758480535742197	0.30931079950417134	0.14889315122831603	0.2272939747401211
0.23350814060272213	0.07719666703939933	0.3023387562363383	0.15395578186255865	0.2330006542589813
0.2351306216022334	0.07699321726791944	0.3055745143169093	0.14994603978774346	0.23235560702519417
0.2337417481681502	0.07758452585329838	0.30525476176436783	0.15083314653372815	0.2325858176804552
0.2317511925453719	0.07704036087842968	0.30741782004626583	0.15107571658746471	0.23271490994246763
0.23222000425462727	0.07894374075466691	0.3047338778156856	0.1501200016540501	0.23398237552096984
0.23594438124743206	0.0775902236992535	0.30229326611873963	0.15525597312804917	0.2289161558065254
0.23174301626934846	0.07747573195853531	0.30351153397375386	0.15408574145413936	0.23318397634422283
0.2374676044444956	0.07887779586677435	0.3010303226921661	0.1543777383641774	0.2282465386323863
0.23365297842548463	0.07827753759256845	0.3078902258129949	0.14898966864814273	0.23118958952080904
0.23446581267089656	0.07750443485068795	0.3039309863985582	0.14892234881441138	0.2351764172654457
0.23217906067087402	0.07693765234188883	0.3005037086482107	0.15214717025025704	0.23823240808876917
0.23386685293672912	0.0792004207775723	0.301481044227076	0.15200685127212196	0.23344483078650038
0.23543639433849423	0.07741423577083575	0.2995663338471283	0.15354018658917185	0.23404284945436968
0.2381610142061475	0.07730125605474124	0.3078099833184133	0.14873645832401847	0.22799128809667923
0.2317813604831035	0.07819461142409762	0.3004304522169138	0.15346657437160877	0.23612700150427604
0.23147452392437098	0.07773187177438562	0.3016491671757439	0.1520194784832601	0.23712495864223912
0.23510751487239925	0.07713031220065343	0.30088556336977135	0.15413903204384716	0.23273757751332863
0.23388376474309777	0.07907706886325208	0.30413932139214855	0.1490708526023321	0.2338289923991692
0.23652506437761767	0.07803858126662597	0.30403712624227663	0.1542167038125936	0.22718252430088592
0.2349344407943746	0.07889999874296923	0.3039013043622599	0.15260656583078824	0.22965769026960775
0.23140131485695994	0.0788395356006509	0.3081168274569001	0.15286375630342852	0.22877856578206027
0.23558694363560265	0.07737234223803637	0.30697228902330204	0.14963800767370275	0.23043041742935594
0.23154390158041124	0.07914511729729107	0.30292308911166865	0.15186780135655847	0.23452009065407034
0.23147424092887287	0.0776607521838711	0.3042415432086505	0.14983860679684077	0.23678485688176454
0.2325144961770805	0.0791117106982611	0.30875055417360037	0.15105797975083596	0.2285652592002218
0.2340260583391855	0.07751770313445003	0.30780672074806925	0.15050419660934444	0.23014532116895053
0.23826860406306136	0.07710168973489273	0.3019381159068628	0.14918826289029075	0.2335033274048921
0.2332368794946104	0.07771975813971792	0.3048034964411745	0.15376709245710546	0.23047277346739153
0.232997754452665	0.07727050458574837	0.306603307919524	0.1543363465142393	0.22879208652782307
0.23454823123929533	0.07722961545822558	0.3095457349509363	0.15152036311182546	0.2271560552397171
0.23161197177639956	0.07877009009562468	0.302105654940687	0.153726259423517	0.23378602376377153
0.23514090152893014	0.07901134584824887	0.3051442508662524	0.15120172625388764	0.22950177550268072
0.23232814328334184	0.07838864709163287	0.3004819710666722	0.15188947911450523	0.23691175944384762
0.23167515985839526	0.07740732402985398	0.3003563492368546	0.1525780409236541	0.2379831259512418
0.2344109071881243	0.07739933165909682	0.30492797747081934	0.14994076351954605	0.23332102016241324
0.23334332343648145	0.07776423003086466	0.30258108312157556	0.15024832097376045	0.23606304243731766
0.23472616433804214	0.07768180254283635	0.30024942769373303	0.15422521109128212	0.2331173943341061
0.23345452523668137	0.07751857986777118	0.301742030240704	0.15511413791798834	0.23217072673685488
0.23172476135847286	0.07709221919963047	0.3086851341905962	0.15111611065012612	0.23138177460117407
0.23628428355671555	0.0771388336072611	0.3013425546909868	0.14942960536752328	0.235804722777513
0.23224433487474355	0.0788365229972538	0.3049972767653455	0.15462343898591757	0.22929842637673936
0.2339790966642843	0.07875066485416901	0.3073214581254494	0.14937806335177714	0.23057071700431986
0.23446750699696356	0.07879480105708371	0.3031741815439148	0.15196682902796418	0.23159668137407352
0.23433132555113068	0.07758903229043519	0.302513072380599	0.15085155287929358	0.2347150168985413
0.23428210626797735	0.07723000149239034	0.30153467003922685	0.15336621629654587	0.23358700590385936
0.23641799926414142	0.07828474024458097	0.30614942502861103	0.15186983765699327	0.22727799780567304
0.23504082371227314	0.07715485122122373	0.30409672067552274	0.15043310840064555	0.23327449599033456
0.23773139487258896	0.07825566426273103	0.3018676716899745	0.15327488435812497	0.22887038481658029
0.2320511771748736	0.07765015733864676	0.30533964638236355	0.1526633746288192	0.23229564447529663
0.23373983473025622	0.0774390628700101	0.30065755115750986	0.1496816678319406	0.238481883410283
0.2337686387466286	0.07810279935831617	0.30032436270679097	0.15309351181136235	0.23471068737690165
0.23709387195379017	0.07738833760064996	0.3029428754870016	0.15051813926383786	0.23205677569472014
0.23581596241062774	0.07873068687013744	0.302944002795492	0.15016764293356574	0.23234170499017687
0.23225358964719967	0.07885446049699542	0.304375445086565	0.15293054729423688	0.23158595747500282
0.23260794409557625	0.07870874339100123	0.30428642587446075	0.15327883941376574	0.2311180472251958
0.23803211500355836	0.0786484727530231	0.3004204895554484	0.1498535595213489	0.23304536316662097
0.23333019783584058	0.07852630942897812	0.3096820925111561	0.14893165409352227	0.2295297461305027
0.23519738665991452	0.07904962665512377	0.29982434939305846	0.14926521722256852	0.2366634200693345
0.2322641114488173	0.07733481603886858	0.3023464755580416	0.15189046725932948	0.23616412969494277
0.23318547582358398	0.07828000578471743	0.3088315561248614	0.15082366120431315	0.2288793010625238
0.23699015096246998	0.07707842234053157	0.30532237213937424	0.15167369512757428	0.22893535943004967
0.23526737205403828	0.07867559364498954	0.3002677327553067	0.15087252598584872	0.23491677555981652
0.23171603848388875	0.07727034433955841	0.3068556834342312	0.15508159095331092	0.22907634278901046
0.23347063345105618	0.07694028535845163	0.30875926107454943	0.15212689016988454	0.22870292994605804
0.23780804792805899	0.07815313516787645	0.3037079395168001	0.15151347002783155	0.22881740735943268
0.23547137484332223	0.07720565412247658	0.301813800625864	0.15107945429020747	0.2344297161181295
0.2364645579025408	0.07709101899202643	0.29963273169746146	0.15532795281906717	0.23148373858890392
0.2346515968884084	0.07683689024621765	0.30386014221875557	0.14877159960072245	0.2358797710458957
0.23804145842572333	0.07836964067821052	0.29992977978735036	0.15358854261048355	0.230070578498232
0.2336656484045837	0.07799605911539781	0.3087842164169665	0.148904011853818	0.23065006420923378
0.2356157940243968	0.07900654411755707	0.3042255997794129	0.14964303205240115	0.23150903002623185
0.23615259359512478	0.07682226879679108	0.29914775528768595	0.15248371540024708	0.2353936669201509
0.2340602943646422	0.07902096791002303	0.3012064742793314	0.1535496860088304	0.23216257743717272
0.2353787883358799	0.07885618757173064	0.3002015729356817	0.15316960544489513	0.23239384571181232
0.23456185876598823	0.07823195178828862	0.3079065925440213	0.14983098517336788	0.2294686117283337
0.2370584571291324	0.07772935101741477	0.30724690537968413	0.15076850128629654	0.2271967851874719
0.23694627161190163	0.0786646746905998	0.30168004494756046	0.14925415215137883	0.23345485659855905
0.23133430493026935	0.07820090223122643	0.3035504942881696	0.15034822015000343	0.23656607840033092
0.23384221052930457	0.07889450646754909	0.2999814436302133	0.1530227077201453	0.23425913165278753
0.23303975185395	0.0776737032302225	0.3017546865298776	0.1490819506690287	0.23844990771692096
0.23739598794256478	0.07814745644174333	0.301571069580607	0.15448167185265504	0.22840381418242964
0.2320294570804788	0.07776316379024185	0.31044548628356405	0.1491114510055332	0.23065044184018185
0.23507066319457498	0.07882513758293214	0.3021045748183949	0.1520028256994307	0.23199679870466702
0.23789374409037994	0.07712944658959571	0.30695697824300966	0.14908742814946302	0.2289324029275514
0.23461967053223948	0.07799458580679744	0.3036583197967905	0.15380735728682335	0.22992006657734904
0.23566607563241637	0.07684996596471672	0.30551924774427497	0.14854717195822248	0.23341753870036916
0.23649266117832476	0.07779235539483544	0.30159746230797213	0.151279099246506	0.23283842187236142
0.23287683806380613	0.07765382051287348	0.3016634524078151	0.15342660797322105	0.234379281042284
0.23806010999040667	0.07769259342064415	0.30061518205986815	0.15402421087839896	0.22960790365068184
0.23485417535666686	0.07851378296075368	0.3048953628801138	0.14874670133714304	0.23298997746532235
0.23139954620134578	0.07828279415710733	0.30033576267794937	0.1553041006704816	0.23467779629311572
0.23719014182549986	0.07839674117308613	0.3015698647684289	0.1552317261343963	0.2276115260985886
0.23811858663648655	0.07767996192560737	0.2995128472198846	0.15130663603116434	0.23338196818685686
0.23238266293772425	0.07815307760669707	0.30985955347285604	0.14861808508162924	0.23098662090109315
0.23368167878285495	0.0777242040995519	0.30353295607528674	0.1537574948764054	0.23130366616590076
0.2379262156844498	0.07718165127703959	0.3058403400644508	0.15167535582801414	0.2273764371460454
0.23314663029775212	0.07742703054387072	0.3037926982493724	0.15242996221183028	0.23320367869717426
0.2356955972366308	0.07839055604918663	0.30446217330597714	0.15278458452457183	0.22866708888363335
0.23599618980385245	0.07916615384235555	0.3043172769669441	0.15077135862896834	0.2297490207578793
0.23193516041316886	0.07860845882460263	0.3087822381296311	0.1496072988926062	0.23106684373999095
0.23554072378650034	0.0775082890996819	0.2999003518108743	0.15517937185759095	0.23187126344535225
0.23152798348381198	0.0781304768205664	0.30198756108618025	0.1518522464106637	0.23650173219877746
0.2328953616417207	0.07756668117503053	0.3051932074375507	0.15261520271940088	0.23172954702629697
0.23303127980745075	0.07710593567480553	0.30590455388386956	0.1550863281272781	0.22887190250659584
0.23314173795434656	0.07801331776438193	0.30229479812920945	0.14976130467551335	0.23678884147654844
0.2352918594940043	0.0781199322495564	0.30461979690712176	0.1542912641618739	0.2276771471874434
0.2344061323450939	0.07912704542224025	0.2991576622658684	0.1498563367367931	0.23745282323000422
0.2343940199515486	0.078326429189983	0.3094234245041361	0.15022366729526312	0.2276324590590689
0.2329961321707989	0.07725712216863587	0.3029525275683595	0.15313927640905245	0.2336549416831531
0.23361976809357243	0.07907183114707993	0.30810676712942553	0.1494030669287288	0.22979856670119309
0.23778155411892515	0.07850183185805049	0.303304865608264	0.14864298851121438	0.23176875990354584
0.2377609951247317	0.07846822228429894	0.3019271098308051	0.15072610875289003	0.23111756400727393
0.23340970903378128	0.07765801928445565	0.30586194259096466	0.1524236323750064	0.23064669671579177
0.2334523468635732	0.07909140270608228	0.3008692154784547	0.152449358038966	0.23413767691292364
0.23463613116092172	0.07876563258147411	0.30706095147576784	0.15138036837371258	0.22815691640812352
0.2337901335735756	0.07756561830164187	0.3080134358360006	0.15003236657028435	0.2305984457184973
0.234385422314133	0.07692241225804734	0.30567528960900126	0.15413358950692785	0.2288832863118903
0.23349868642967225	0.0773950835709435	0.3024320887322844	0.14976615570733381	0.23690798555976578
0.23348395230400318	0.07792731336196489	0.3047843825758605	0.15479026200106272	0.22901408975710852
0.23436378913112302	0.07685320729386656	0.30433658325135976	0.15133617291058227	0.23311024741306813
0.2346738407778381	0.07720950719436748	0.3070531499819491	0.14894238403052243	0.2321211180153227
0.23563950544919993	0.07692172874292054	0.3051799224235711	0.1522024987521325	0.23005634463217567
0.23146926357399095	0.07817558038305636	0.30057762923473236	0.15366275887870962	0.23611476792951047
0.2335447008345756	0.07894360432098536	0.30491436063582156	0.1551502815539338	0.22744705265468346
0.23261993629508487	0.07829781399478601	0.3018852389495846	0.15391007060529452	0.2332869401552498
0.23455627675800575	0.07880146566441709	0.302711906679589	0.154573714797442	0.22935663610054588
0.2371447333484572	0.07800869775296802	0.29983120573591854	0.1540440882653368	0.23097127489731922
0.2332580651692151	0.07902852496893165	0.3071929771684897	0.15003180761391002	0.2304886250794533
0.23252936761375392	0.07727926286969099	0.3098861408350635	0.14887448627664052	0.23143074240485081
0.23542803518826938	0.07770219277084205	0.301259115962883	0.1524160002755014	0.23319465580250393
0.2330475904435071	0.07919691872103382	0.3006552304317357	0.15152771170133597	0.2355725487023872
0.2353318904153472	0.07805657081248844	0.3062427630353023	0.15253441849969399	0.22783435723716783
0.23149503811454528	0.07816088563924956	0.3023008635861611	0.1501964561782946	0.23784675648174922
0.23190891652219464	0.07861010239181758	0.30296960361463293	0.1505535654699545	0.23595781200140015
0.23340537469190195	0.07862572943963209	0.30545191779848435	0.15271150728456728	0.22980547078541408
0.23486405421037523	0.07909423259724414	0.3015468091419677	0.15004283267184743	0.23445207137856527
0.23499497764952693	0.07723957535180867	0.3032837045271096	0.1537617915328866	0.23071995093866798
0.2346065247053502	0.07878102373428006	0.3039768868834403	0.14924764427292547	0.23338792040400375
0.23385572290519668	0.07777175959574245	0.2994900712411537	0.15109058111381082	0.23779186514409617
0.23152236080923863	0.07717364042687064	0.304099053188605	0.15120826240129862	0.23599668317398695
0.2373738154306541	0.07798384558809666	0.3014957737783104	0.14861692615164968	0.23452963905128893
0.23630304979343522	0.07804758580361719	0.3042252147693998	0.14892519595581077	0.23249895367773682
0.23494214123260915	0.07831904887832197	0.30559960000662967	0.15121128415903806	0.22992792572340093
0.2331331740436421	0.07730385683668298	0.30560462951146994	0.1532187711374783	0.2307395684707264
0.2340885311551597	0.07753223085189923	0.3014171281346326	0.14982413706117786	0.2371379727971303
0.23400104159154278	0.07825437809225883	0.3012478857246806	0.15280643142173853	0.233690263169779
0.23413998161347166	0.07882134442173021	0.3071388485057959	0.14879708216327775	0.23110274329572422
0.23418100049540289	0.07885158311025706	0.30122176336265494	0.15427169437220623	0.23147395865947862
0.23344089458343587	0.07777661262211372	0.30037458729498473	0.15445454029484723	0.23395336520461826
0.23279552062029313	0.07789392277571526	0.30871951259293134	0.14861964273878647	0.23197140127227353
0.23704663458618053	0.0771671783820105	0.30070056876062445	0.15013216704318277	0.2349534512280015
0.23412266379282762	0.07741403406947961	0.3078306014095791	0.14958218246817692	0.23105051825993655
0.23654842821939473	0.0790675454031869	0.30519983433535397	0.15092794770751836	0.22825624433454578
0.23510977929753374	0.0780404356978239	0.3033906895413293	0.151209723578138	0.23224937188517483
0.2329874319091894	0.07706252105907355	0.3069698322953552	0.15375317982053197	0.22922703491584964
0.23259421246457063	0.07770728874411004	0.3046299546152915	0.14880424126789665	0.23626430290813094
0.23142712108596752	0.07694906079504815	0.30270186276237215	0.15032512640457288	0.23859682895203901
0.2324094999629775	0.0787149633526528	0.3003520725445784	0.15384368127459058	0.23467978286520041
0.23712784013285193	0.0784121504737617	0.30649592306166945	0.14860433789313413	0.22935974843858253
0.2358159029511069	0.07761274757763079	0.30507145970242294	0.15236647757330532	0.22913341219553382
0.23446875182226934	0.07856244938741618	0.30326760140307996	0.1506564819295799	0.2330447154576544
0.23239234471334114	0.07837886956838228	0.3039704179449107	0.15475726144189392	0.23050110633147172
0.2350939979519582	0.07783581704871884	0.3056329625365499	0.14957395360390405	0.23186326885886868
0.2335989280320997	0.0775300130886506	0.30207708244246223	0.15229764206012156	0.23449633437666567
0.23689724713614257	0.07735501150891681	0.300216748627758	0.14863785642232835	0.23689313630485404
0.23301140702036133	0.0779104713259222	0.3022539316734289	0.15205845056695913	0.23476573941332818
0.23823778860622363	0.07736599811923216	0.30161861265068285	0.15445169707104955	0.22832590355281154
0.23585728228794658	0.07715108104869975	0.30003375822448947	0.1551613353061389	0.23179654313272507
0.23670729854827982	0.07765544604199832	0.3028471470153041	0.154150068655947	0.22864003973847058
0.23151935484391467	0.07749212692047751	0.3103179737919581	0.14897740712624036	0.23169313731740912
0.23348778473973783	0.07772610031267949	0.3007390214923501	0.15256560214393827	0.23548149131129406
0.23575573383263349	0.07751644674652025	0.2992618920764756	0.15029029223430732	0.23717563511006307
0.2360565619586405	0.0780517606601325	0.3037067423434884	0.15060409162607202	0.23158084341166635
0.23687631515661256	0.07688036939771611	0.30426004974506576	0.15465453389888079	0.22732873180172453
0.23766061224478238	0.07886992817664902	0.3008730763592961	0.15372862185800376	0.22886776136126846
0.23295611603923888	0.07710497492175863	0.3035209714780912	0.14990253741717513	0.2365154001437359
0.2352835255112342	0.07827745201804862	0.30104992261541363	0.1489752686954115	0.23641383115989184
0.23807319309880393	0.07720971941279783	0.3010992675327977	0.1509004956468357	0.23271732430876463
0.23512551792475825	0.07815767771791521	0.3011466725921035	0.14903772576533728	0.2365324059998855
0.23299872190618454	0.07808735949728604	0.30669511336346017	0.15042374829214217	0.2317950569409269
0.23699445074114506	0.07863237330428144	0.30328804711316265	0.15268901068015028	0.22839611816126032
0.23525806778203495	0.07883094745339245	0.3033526652522719	0.152692957126895	0.22986536238540545
0.2327200620858722	0.0777385593698708	0.3002674155348305	0.1545971762378487	0.23467678677157763
0.23548681923827125	0.07904186369406252	0.305707496754827	0.1513018893477955	0.22846193096504344
0.2332936483166403	0.07792257654581458	0.3082776481876739	0.14970316949214213	0.23080295745772886
0.2366886515463476	0.07732124870719254	0.30025398035099254	0.1490402990970041	0.23669582029846298
0.23635072814581048	0.0789672093546088	0.3054398521531909	0.15023581308607828	0.22900639726031127
0.23778124022864044	0.07689734156038294	0.29910072780823294	0.14880912471315763	0.23741156568958577
0.232422983862114	0.07859183644382442	0.3028983618369413	0.14976187369744015	0.23632494415967994
0.2359651046307783	0.07780731333552093	0.30216960394621917	0.1533307119302321	0.23072726615724926
0.23709036099771083	0.07798110842662437	0.30264088398839717	0.15511199205539578	0.22717565453187166
0.2326010133257935	0.07875396665231606	0.3000413545223851	0.15139382025938047	0.23720984524012462
0.23646470423515312	0.07795687182146195	0.3053968783460093	0.14947684276504158	0.23070470283233374
0.23228595457857415	0.07907435896352878	0.3033363273248014	0.15331396451310592	0.2319893946199895
0.2354784868299049	0.07805224357552631	0.3051832629305162	0.15311182231883078	0.22817418434522158
0.23488472249755937	0.0768851055791085	0.303040475843004	0.15516144721644032	0.23002824886388756
0.23707793560726115	0.07724159070930448	0.30459274638319317	0.1537433783028867	0.22734434899735426
0.23357273510352491	0.07853354444172021	0.29933186365860187	0.1528438177147567	0.2357180390813961
0.23662151310682095	0.07743353366522376	0.3041479436695348	0.15218665755668895	0.22961035200173135
