0.10925302985850538	0.05905027303704331	0.34378211957977745	0.13346546239936632	0.04958339068188092	0.057528017152448346	0.15677163093811225	0.0905660763528659
0.15326997733999229	0.05032413162291108	0.2425286564550545	0.1492346023837253	0.049983502335546104	0.04956691567752532	0.19119148793920177	0.11390072624604342
0.15988254231229826	0.043466370474453536	0.24948026967186038	0.1477963925461631	0.04313139799936119	0.07397814825708984	0.19125234953911946	0.091012529199654
0.11660090822821367	0.059002155391358	0.3812147021882356	0.1026218105707605	0.04825364350211814	0.05875763704943211	0.16625528533141024	0.0672938577384715
0.15819857127616116	0.03542040088817748	0.3423701869834816	0.10136240252724166	0.037502856501810095	0.070221718825076	0.15670534310603373	0.09821851989201807
0.12021308174689657	0.03851912878647333	0.3234458539770111	0.10774570189298797	0.036640958898741194	0.08039162209160637	0.17949858501238894	0.11354506759389434
0.16065347160099763	0.0559373994410831	0.310064636930255	0.11991498585736529	0.04547464731279542	0.058961828006292044	0.1766715423962767	0.07232148845493465
0.1396269862833279	0.049006120267341385	0.31966157833242914	0.13937115569444608	0.054264821792510756	0.05742635314668772	0.15353880327619	0.08710418120706681
0.16258386236179367	0.0418277202434898	0.22116755988011355	0.14195411958446247	0.05240805930713116	0.0737921162122038	0.19414384577464178	0.11212271663616358
0.14489412067934979	0.035433860817212906	0.2969849356105224	0.11340833135680793	0.033929329962077745	0.07350209952514106	0.18489273238695536	0.11695458966193259
0.1269130476655145	0.03446728484324385	0.30335292872794023	0.11743992615960765	0.04236077344889773	0.08013963986360156	0.1961554357582384	0.09917096353295582
0.15596802344347901	0.0530435897154659	0.27527834949759344	0.1326204142085645	0.05056425091913126	0.0449072528849732	0.19016968381144844	0.09744843551934407
0.1260301873741176	0.053884788292823754	0.3135296614986989	0.12586275472832517	0.05416376980380397	0.06444217115901761	0.18827605708117368	0.07381061006203907
0.11986344233385056	0.05477628618427373	0.24162096428272672	0.1407709162819044	0.03340426372505313	0.08480734982215532	0.21365517904330902	0.11110159832672688
0.13218190864596568	0.05104948634136923	0.2678870021870034	0.1429464092454559	0.04708358770327517	0.06683748759809852	0.18683329159921264	0.10518082667961917
0.11353466154955157	0.03306536520733468	0.35812661759735415	0.1008479350068965	0.03829184199267617	0.07457302063065002	0.19935312636211056	0.08220743165342616
0.13985405451356528	0.055772402588586914	0.2961437591232423	0.12315567781824868	0.031168344754994054	0.05956426271614282	0.19083797440344064	0.10350352408177907
0.16271538700783378	0.03228530437638165	0.3225966534452338	0.1259291137723416	0.03349310259600721	0.05022518997423227	0.19151162155481696	0.08124362727315249
0.16568411975162126	0.05748464015775023	0.28480834890298157	0.12638746839372733	0.029438654008539678	0.07576124029973774	0.1706445852113587	0.08979094327428326
0.13118460753148115	0.054590476798674195	0.3060935724078834	0.12892549351232918	0.043706617837803205	0.08141948267747132	0.17307455819711898	0.0810051910372384
0.12328447090530316	0.059680267752561716	0.26749990552164327	0.12839447782996574	0.05033655700051158	0.08508121282454711	0.21325269580220282	0.0724704123632644
0.14942467077147653	0.05139307319597769	0.28751664383263453	0.10884797229262622	0.03365999148799728	0.07548582022756167	0.17357903957748733	0.12009278861423851
0.14800081899900625	0.04494592688234304	0.30965489226978626	0.10119758416780912	0.030867402387933895	0.07730842302910136	0.18731243428740574	0.10071251797661411
0.11286983479091511	0.04908355514924928	0.3653717134274435	0.1356988405516139	0.03967304877431006	0.055203648684624074	0.16442587431851585	0.07767348430332803
0.13551881615987857	0.05116401402451218	0.32726805422424265	0.1003471091378427	0.055334164078176	0.07738347475866458	0.17418364081628956	0.07880072680039356
0.1222875051601829	0.05627804167800511	0.2746671367820209	0.12389618218024322	0.043690260037959644	0.06198393785633155	0.21704174463356807	0.10015519167168842
0.16450401985760754	0.03696918023955649	0.32791826706570215	0.09642946411395033	0.03669474385641343	0.058436425031857725	0.1962514094500185	0.08279649038489356
0.12438882447127902	0.04366468924845328	0.27505863155089194	0.14707249903300948	0.05068161170477281	0.08241239769142587	0.1755663061168997	0.10115504018326767
0.11940576552864425	0.047463404748356586	0.34433158640308126	0.10078169594499542	0.04128482676082389	0.07263402809471474	0.1929875105111981	0.08111118200818548
0.1371656771993272	0.05549617436645654	0.28337337578077704	0.14112758595638442	0.047454203053064845	0.0481232503844406	0.2027511593382063	0.08450857392134291
0.14978300464695962	0.03470936524807275	0.30704245104181854	0.10933699727189652	0.04111404327198295	0.08301604176772717	0.19107311310436503	0.08392498364717718
0.1400435779664133	0.06017045920840201	0.2345002529628994	0.13808496554773744	0.037613934157335424	0.07650422804133203	0.18976518656263658	0.12331739555324361
0.1685283925038532	0.05114491574327985	0.28542555724670915	0.10127708559120711	0.03375739789901275	0.060687904907558196	0.19738109225160783	0.10179765385677159
0.13079038766739526	0.0588635852437913	0.29820900459217703	0.11052935653311341	0.0435480799821113	0.07064274752998309	0.16677996463882358	0.12063687381260478
0.16758835900272873	0.03979619666804596	0.25088893703325266	0.12668143327676773	0.028708324073350167	0.0851249992703723	0.177027631352721	0.12418411932276129
0.1456051901089891	0.03476534467363125	0.3529672328874531	0.09983350463367507	0.04713075049508933	0.05492863662613996	0.1886893410205554	0.07607999955446662
0.12590941900220423	0.04690403017079843	0.27835667938852005	0.12301408212152072	0.05114094462748624	0.06995418841823073	0.1846262140633203	0.12009444220791905
0.1421849956835477	0.051578064840218735	0.3042442815022864	0.14580417602238277	0.03648881529103576	0.046697206242061653	0.1766314829435707	0.09637097747489601
0.146819188235662	0.0346079840763541	0.2658447158795365	0.15076023720789428	0.03739001829073005	0.08421563362209956	0.19261867496721655	0.08774354772050662
0.12258849092062944	0.03400928832831587	0.37148749519127383	0.10985087174855704	0.03239845279063154	0.05160339101482288	0.18450358756254132	0.09355842244322787
0.14386344241669377	0.03525971536160921	0.29553195223483386	0.14102119019767123	0.056184045526077045	0.06915312419188115	0.15475255502372937	0.10423397504750417
0.12133261725062897	0.04031988758549822	0.3063838459593041	0.13750711094968462	0.031680748986771784	0.06983548933420733	0.17958746183043806	0.1133528381034667
0.159402879373337	0.050331680285258834	0.3609256213094638	0.12321132066443867	0.028441460965068138	0.04619843984895031	0.15743987566659462	0.07404872188688832
0.1297647269222183	0.051388000157787675	0.35009006590367653	0.11042708996959626	0.028971893971524457	0.08476448344132989	0.16922229467557487	0.07537144495829182
0.11876494157743285	0.04571142558166627	0.3875608664674549	0.09930080461742513	0.03955097669202744	0.053590507002987495	0.18533315295636238	0.07018732510464323
0.1647252239909721	0.04115474808557691	0.3343436805993003	0.12151841742914461	0.05430231067762174	0.0500715608096689	0.1667640124206663	0.06712004598704888
0.16508952736058913	0.0491211099408429	0.2229525796501317	0.1358809327386827	0.05622546502362444	0.08592516869913566	0.18965201965222933	0.09515319693476385
0.12275467012597409	0.036140856455527365	0.34403949487001595	0.132161896042489	0.02936258946246935	0.08254346104814073	0.1803540518083252	0.07264298018705809
0.15180208432562103	0.04342994511806349	0.28076040087133375	0.15210160958444457	0.03823535258442552	0.045606816031268455	0.16293150914757937	0.12513228233726362
0.14379315538730228	0.04249415209143058	0.3029858211394616	0.12706157431688644	0.05477612820513962	0.05227118711960238	0.19419622178928217	0.0824217599508947
0.14529239717798656	0.05740194760641548	0.3183787107084996	0.12121546354573383	0.04973688795362706	0.05406854807329353	0.18605946233170953	0.06784658260273417
0.1386946967572683	0.03236129825115808	0.36891871067726345	0.10241659462860933	0.0326879321860587	0.06416617271651563	0.1818489588076967	0.07890563597542952
0.11214747646428641	0.03280087260671598	0.31036549290360993	0.11917485316119154	0.04256472604759204	0.0821435843412204	0.1875651685735817	0.11323782590180179
0.10893571601833925	0.04254242802690335	0.27882403367870356	0.1487180779633878	0.05122684715455193	0.08270240668091675	0.20249823252212842	0.08455225795506871
0.12969919467564192	0.05712863853674967	0.3199942247402887	0.1339338553452385	0.03022400666781548	0.08034358301165427	0.1705540789962274	0.07812241802638384
0.11936272172381199	0.04971586623093527	0.3031233258235898	0.14779988542384462	0.033945042429027586	0.06692046366639987	0.15644343942464198	0.12268925527774861
0.11502960477518467	0.05906643175119601	0.25171711685335874	0.12483957936899655	0.05285204840006297	0.07835510638756908	0.19725723909039475	0.12088287337323701
0.1517198767065424	0.046828181315449496	0.3387825504519705	0.10153317594777775	0.03231939030697839	0.08286025355455137	0.17620360249930317	0.06975296921742669
0.16369155058880164	0.038839462544751596	0.2891205240874969	0.13370095336229118	0.03352387206554343	0.05924217276348198	0.1872923299467792	0.09458913464085383
0.12888136355062965	0.05100153692865672	0.3190484949011902	0.14577832084115583	0.03707355964615848	0.06388575892791928	0.15792733743542436	0.09640362776886527
0.16926289479195977	0.0455662067722129	0.3278143854210768	0.1090257307676751	0.03713197315983893	0.052504315860344236	0.1907586395338955	0.06793585369299646
0.14001848089524577	0.0364894505305382	0.28502664116675636	0.12708520295799947	0.05522166886422039	0.04766370254569069	0.20361336515623057	0.10488148788331833
0.16608439834904146	0.05326187303121303	0.2657460742220815	0.13426168217284867	0.03194185068266636	0.06116335605596594	0.20734457892205388	0.08019618656412894
0.11550452114957578	0.05747682612122214	0.3173432238651184	0.1297941045004799	0.04807619716270403	0.06225461483119797	0.16684770834575047	0.10270280402395113
0.1614184726348582	0.06045792956316359	0.28072023491633347	0.09742130909890337	0.0516923229476078	0.06724762464863476	0.21009798887397654	0.07094411731652198
0.1565126711444496	0.055124557189295736	0.3358799957270463	0.11922560095973618	0.04251665085193089	0.05929513823896243	0.157778365607963	0.0736670202806156
0.1347839660219573	0.038423983061493236	0.3501393975577425	0.11614433038289457	0.031499334424039946	0.07980625380956265	0.16409341140217	0.08510932334013974
0.15934424087403043	0.043289507170271024	0.2943189985926163	0.1102460999201321	0.029926157519450547	0.08486473810424683	0.20126991161382093	0.07674034620543166
0.1616606535364499	0.03730143260328374	0.34761876200797687	0.10147017369831954	0.04768479438950586	0.0455247260325322	0.153873640278274	0.10486581745365772
0.1432719126654748	0.04359310180373541	0.2729610368677844	0.13558703297611996	0.03191765281271142	0.05989251498983189	0.20703349334367374	0.10574325454066819
0.11291039123621653	0.052164388868891604	0.30051921730298226	0.1457116023768331	0.03532970917837447	0.06670365317039134	0.1624247969063103	0.12423624096000019
0.16176527637916652	0.044401467964321165	0.3115284615579006	0.14088745367325212	0.04242998102064187	0.045790581855554846	0.16975750793999558	0.08343926960916709
0.1457687163677357	0.06041755573625997	0.2599075496319455	0.1264161210937858	0.04756729589059763	0.049773403765631816	0.2173499905454021	0.09279936696864133
0.12382274271097635	0.04140718848304814	0.33568689522740736	0.12421687517929696	0.037824344191541515	0.07713204429088583	0.17166843668347992	0.08824147323336365
0.11308386601579791	0.06092756465411471	0.31896203509904053	0.1470351882062126	0.0564146614292831	0.0569063242263706	0.15660101082479344	0.09006934954438697
0.15547703047003783	0.055777156027330715	0.300227435979073	0.13054804349621185	0.04439937207923844	0.06717611230257589	0.16968343522263007	0.076711414422902
0.11581977875987767	0.06151790352261616	0.2809782310178781	0.14134526472721065	0.04712288613932818	0.04415871917322996	0.21292799320892794	0.09612922345093107
0.1494305607677589	0.05823120471909582	0.26953575419314657	0.12298166646836736	0.04366000913492214	0.055961750775853455	0.21473572449524458	0.08546332944561094
0.12570144565200256	0.04250117588901996	0.2941454773366524	0.11885387917722284	0.04935688687682058	0.05073838858275896	0.19791132258039978	0.1207914239051226
0.14198633692044824	0.05680459860537175	0.31576103752952045	0.13338112496806367	0.046364177321750535	0.06741571313215157	0.15535364147710085	0.0829333700455927
0.15100156010060203	0.034047699620314925	0.30794718925363523	0.12107289000399578	0.04603585290430863	0.07935673402506478	0.1738794115144688	0.08665866257760962
0.1612512379835472	0.041333006219416255	0.2933321149404827	0.12987225261537388	0.04510619582795955	0.0763021503518839	0.16113448052874135	0.09166856153259488
0.12627899450036875	0.03738676424358478	0.32359940685496275	0.11849361166064173	0.03817126353761044	0.06286435016135508	0.20318264616385534	0.09002296287762092
0.14852806450052347	0.03788752269636661	0.33972673864367753	0.09891878141986353	0.050577822677599776	0.04593518167171255	0.19257851061331366	0.08584737777694264
0.15958324761726567	0.03339503622278163	0.2976505355582465	0.14851119589231487	0.02968082039239857	0.05170909204323594	0.18227914368226092	0.09719092859149568
0.12580841761204378	0.04096557901664609	0.3239501704838608	0.1420600148672261	0.03637738374345248	0.046912582722938426	0.1692248108088933	0.11470104074493884
0.14029413167439533	0.04666884225038752	0.34136649710903444	0.10817832654084397	0.0518797145391276	0.0595665960079034	0.18541508269783152	0.06663080918047598
0.12634490777003757	0.047972118290933494	0.3710659068575722	0.10408311680726078	0.034272485932467664	0.05965285129589376	0.16750850445543025	0.08910010859040413
0.13932111731430066	0.05331220081371116	0.3046790989441597	0.1159087591806487	0.04030986890589401	0.08223559548461525	0.1881458997491373	0.07608745960753305
0.14875305314219583	0.05165311728564263	0.3180033380798157	0.09953734895113014	0.05572465317055496	0.056282164150162586	0.17913064013032465	0.09091568509017335
0.1482360718038492	0.057709246230472355	0.30172806456811785	0.10950624003257847	0.04344876944487973	0.05939401990012885	0.2080905716174169	0.07188701640255644
0.1342978368250562	0.05800365663510222	0.2657370296873631	0.14772845349947794	0.03333613819880443	0.05132750717175476	0.218259083041397	0.09131029494104417
0.14617837683175786	0.03130883355691186	0.36547410548996634	0.11632450675054866	0.03295965979326328	0.07391666991099075	0.16472781149044363	0.06911003617611741
0.12374395345955617	0.057715348146260725	0.29513881676181475	0.15235578169902697	0.05463662645899653	0.07805622572970969	0.1647221490391577	0.0736310987054772
0.12741500635122205	0.05427617594683676	0.316065022102587	0.10331046838706637	0.03798428810526755	0.07649764853996599	0.18982562426949562	0.09462576629755844
0.15039506882523845	0.04372660996287479	0.3006172097147698	0.13461765781807294	0.03463384849140319	0.049513301559757056	0.21348372257092008	0.07301258105696345
0.12705356906453105	0.056769962023818205	0.28855405288746994	0.10533118535638682	0.046644453318493276	0.08535081353632162	0.19372815434675156	0.09656780946622726
0.12346030626220998	0.03918328737964	0.2980580195859359	0.1275922841241405	0.05192185825860626	0.07799360511504784	0.17012141179077458	0.11166922748364465
0.11936211544185452	0.033606723932678884	0.3100155013355418	0.1261841510417791	0.05566789767219871	0.08298574349022543	0.17073293898749675	0.10144492809822464
0.14608826991669113	0.03184866716480786	0.3129200669309915	0.1323961796611604	0.03196167224957365	0.053554718008416616	0.20010252407204765	0.09112790199631093
0.16132515096928546	0.0599090544797016	0.23464877030884004	0.13389247137820368	0.031887849173970154	0.06317053997749894	0.21149126004376362	0.1036749036687363
0.15413116429714124	0.043378547769187814	0.33090055414120206	0.11615557657421142	0.028794071393190457	0.07688286325556569	0.1663498836882787	0.0834073388812224
0.12952245204403828	0.05833354378921081	0.3283075101225086	0.12457199225698969	0.028537291833154677	0.08492267126464564	0.15548959458007441	0.09031494410937768
0.13058505754200989	0.053562647437679065	0.30178000905975677	0.09765580579683457	0.05458051739649178	0.0605875904650265	0.21455537272656705	0.08669299957563414
0.11326638970203742	0.044955189573007454	0.3260576066965469	0.11442152143725656	0.04352858575985351	0.0705412739401043	0.1752921507401699	0.11193728215102376
0.13793591052355975	0.04549936519010722	0.22246074435260235	0.14865276352937934	0.04403135551875609	0.08080266855933256	0.20712526605065687	0.11349192627560559
0.12404866695852662	0.05969200389935064	0.36476105563937217	0.140775961730888	0.030295257851631244	0.048361458170868205	0.1558213106815599	0.07624428506780301
0.15092120991439814	0.05891142783987083	0.35248122862956155	0.09649411717029023	0.04078789114955886	0.05864924695946051	0.16938066206821473	0.0723742162686449
0.14760751641721692	0.05345069994346517	0.31387339704980355	0.13164979511510205	0.02977871357217489	0.04768410351940408	0.20138810871491325	0.07456766566791981
0.16525696821758912	0.053724816218146954	0.2720420114436133	0.1376185861076959	0.05240394794901236	0.06854369074869533	0.17645277153274247	0.07395720778250436
0.14861927320259383	0.03414109553358677	0.28989620543671096	0.10628061120800707	0.03739201217105492	0.08509109318040031	0.19885267262654846	0.09972703664109749
0.12064602606904756	0.04402306727499691	0.34550188142254856	0.13891479598182896	0.04704264781245748	0.044188655063308255	0.17894093427113056	0.08074199210468155
0.12186838526740001	0.04997594820093701	0.31784132057196257	0.12337094476611324	0.05123594927947363	0.08463547558612396	0.18245852507248084	0.06861345125550855
0.15114319304443768	0.059790733917168645	0.3003124232617892	0.14315507601876307	0.03727744607197131	0.08392184399094713	0.15334800965812762	0.07105127403679512
0.167393670765138	0.03830254435107064	0.3136858787176676	0.12108391117692902	0.03384111206167484	0.04454991191165873	0.15871482071577625	0.12242815030008465
0.1416556032663976	0.05869424377949922	0.26554184850320917	0.14779867728989685	0.05316280916041695	0.06964877269897644	0.19181520480455244	0.07168284049705113
0.16623991842557245	0.046452865130835075	0.32217478256264787	0.12810690201408498	0.037940859276272804	0.04413260755593777	0.18740360709230947	0.06754845794233935
0.13440909729799871	0.057660920178690706	0.35445093645425957	0.09987678921025045	0.03611982336689301	0.04417133886438379	0.17205513784535836	0.10125595678216519
0.12885565301269125	0.043685103367239145	0.27844862969988904	0.14111840119572197	0.04402382607204908	0.06905518335035951	0.21318583559619558	0.08162736770585421
0.15918463027867197	0.043754797060523765	0.2906282863513929	0.1463129764239132	0.03240385831898525	0.053930588892989295	0.20769616406218566	0.06608869861133779
0.12269997810097631	0.04939091501677367	0.26975405700294086	0.12215175354215069	0.049193016644335105	0.07919888230604599	0.21223382679212857	0.0953775705946486
0.11857309177263879	0.03222559030834003	0.30686692031762214	0.11098995848897636	0.05568918742099886	0.07605312062675187	0.20350620922325433	0.09609592184141745
0.16332712596237148	0.05574889237118327	0.22531531260573406	0.13563549470799666	0.040135419025678076	0.07521977329071938	0.1819419483811918	0.12267603365512507
0.1311851204239625	0.038131689424129894	0.26080097028202165	0.1275079383926088	0.03346770989442123	0.07290848457063709	0.21080453966447654	0.12519354734774205
0.15459639640570105	0.032905692516594545	0.3258258604661911	0.12276781950242899	0.03402038243420766	0.05841774110979188	0.16811066788001303	0.10335543968507145
0.11288908925558086	0.04753973809520583	0.34463514004468454	0.11179899947359045	0.04026212725522024	0.05618264787537244	0.2006146887863084	0.0860775692140371
0.1408572993050726	0.04720685020845572	0.28567197458820714	0.14028370237471008	0.054751414519186276	0.055564402959922654	0.20781739261339927	0.06784696343104607
0.13211983981795386	0.04813722134641278	0.2903786707739777	0.10645038092737094	0.04122899522277021	0.057586603355245375	0.2158002985935023	0.10829798996276659
0.13565853719041057	0.04207837885446339	0.3332299414826916	0.11177468644261004	0.04500858584414423	0.07792644492727124	0.166518410930649	0.08780501432775967
0.12781158947165072	0.036324069790050456	0.30944862882961366	0.14258370826697822	0.036310437698174436	0.05510993917888059	0.19302338370178712	0.0993882430628646
0.12108737518542204	0.050770606371333474	0.378396600360801	0.10413057731890157	0.03911734968190851	0.052013527055472034	0.18109997647234732	0.07338398755381392
0.11873269901361737	0.03481108977630924	0.36854324530736804	0.12513427515876047	0.03360150249717393	0.05768678802357294	0.15573374808147633	0.1057566521417214
0.11573063169429551	0.06163854041906505	0.32715982033863417	0.09740295471404163	0.036043587560327425	0.07154568921925367	0.17628629262087342	0.11419248343350892
0.1455013379395966	0.04988501756031381	0.23413513353817877	0.1484323471703804	0.055013949802885	0.06063843246846594	0.20448722257765956	0.10190655894251971
0.15072474972768202	0.050741291940876995	0.3201606258861368	0.13424236663265268	0.043514247661879404	0.06476024159666047	0.16910026402182937	0.06675621253228195
0.12900106038317558	0.03891914440233883	0.3853267167283497	0.09703950988605159	0.03397623849870095	0.05564146351952523	0.1589631667263792	0.10113269985547862
0.1259432479672204	0.05731488425236013	0.28323682376014303	0.14461279257616372	0.0289517246404552	0.045409099322911387	0.19435897113401673	0.12017245634672911
0.13785662441722227	0.048327720008401645	0.30191634801634254	0.11006553192629227	0.04112333639685528	0.07941758781631353	0.20593129842407237	0.07536155299449987
0.1534385445255092	0.056300368900667794	0.2882668144289848	0.12545395168080406	0.030162084206785802	0.0819159469776664	0.18025641123356334	0.08420587804601838
0.12609167085589434	0.06218724230732779	0.2977425177240208	0.09963941785755202	0.030650567730639025	0.05453804676229923	0.21202889111088888	0.11712164565137759
0.1629795224333465	0.03223101309345949	0.27839934459599824	0.14534643688162938	0.05489688768973204	0.053525792550335544	0.15849506024132776	0.11412594251417088
0.1411561092007505	0.05714839342557744	0.3484706604233084	0.10335121588502362	0.054960916925476194	0.04384767324534733	0.17771163194323225	0.07335339895128407
0.12735819070724683	0.03960635732358339	0.3205838057537151	0.13239387305024142	0.04888032794377302	0.06366266638915401	0.18837591302833617	0.07913886580394987
0.14804040108871824	0.0314156809943477	0.34892158382947913	0.13580931538323607	0.04272910082771417	0.04554774715561924	0.16630100382629698	0.08123516689458826
0.1373153857250084	0.05258896259559337	0.31288264136958904	0.10453986435544789	0.05491651868631253	0.06369929277311276	0.19982781267154914	0.07422952182338663
0.11005067463585078	0.04236613928270608	0.29172105459159814	0.15100505388751928	0.053815575590157996	0.05535775347759081	0.18153156905168638	0.11415217948289039
0.16692990393177057	0.06005109720173446	0.2737335531541164	0.11545750364867285	0.051115055761066036	0.043791632422710836	0.1642238036906133	0.12469745018931538
0.12262284794203818	0.034412871538899076	0.3290067066886916	0.14553485860551565	0.039083445189860816	0.06389461512328279	0.18519537737670266	0.08024927753500903
0.10988671816826963	0.05575477941207384	0.3919095541960522	0.09762439374499512	0.035597098918262154	0.05984317966305085	0.15849957547545923	0.09088470042183679
0.1223328484580571	0.04909794989361094	0.3852634486294263	0.12590461328883254	0.03388017612813288	0.045135741327092666	0.16346963156775954	0.07491559070708788
0.15951549791548714	0.04174280444023816	0.3513329607789854	0.12535808542969712	0.038680892443185594	0.05934611730403867	0.15559614533349447	0.06842749635487314
0.11382822987406756	0.05338135571470587	0.33388151421146484	0.1470523748553381	0.039351716350598726	0.044775257802124754	0.19871830392857587	0.06901124726312406
0.11834444391883181	0.035345991266002505	0.37229078900882795	0.11255756608208212	0.03732003644925616	0.061080184883415004	0.15991127412606526	0.10314971426551894
0.14925969178626391	0.05558071443411014	0.3060277015110408	0.09834711812083971	0.028813626005234405	0.07128231905262072	0.21554039858685875	0.07514843050303133
0.12478534195662211	0.06090681628567596	0.2678007202819933	0.12425083373315175	0.0486398914403673	0.05267132511769709	0.2115515923099503	0.10939347887454197
0.12052979129898635	0.04448641426583931	0.3288666837141777	0.1160238068575414	0.03150589853670256	0.0666696561897966	0.17761909638221396	0.1142986527547419
0.1185319583466617	0.03795655725994086	0.3415224621874162	0.12124933844302727	0.03077093499715526	0.06684393794993346	0.15789280325178312	0.12523200756408184
0.11768631726635871	0.059831259959549396	0.3361400242845429	0.13656908834614012	0.02918605547293797	0.0838572128727374	0.16642803955325902	0.07030200224447425
0.1630210781842779	0.04187734251742939	0.22231413278885026	0.1421584151956724	0.04892990303932773	0.06796442539207723	0.1975801211371785	0.11615458174518634
0.13643669822017268	0.04242892959504041	0.3119683023850053	0.09861013884194096	0.055462376330053575	0.04798325161961335	0.20902242311153474	0.09808787989663874
0.11659467307812661	0.046961190234740255	0.3251873464446808	0.1497639887428478	0.04492554541967643	0.04583288837144471	0.16301837208834016	0.10771599562014303
0.15291975167640434	0.03578281624928378	0.23595137967657165	0.13473885879182196	0.03915945537586431	0.0728232910667172	0.2080674917045489	0.12055695545878764
0.11521020680703792	0.04300238154934481	0.3408203057560316	0.15089145731916104	0.0456383708008449	0.06438685603354816	0.17198481310237806	0.06806560863165327
0.1085982424321496	0.057771610722001154	0.3469959796305507	0.1427294263902321	0.033741652073600456	0.07326764095760512	0.15974677131593434	0.07714867647792632
0.11982787517936047	0.05583383437583865	0.33782083548642367	0.13825328392151448	0.04089651138709366	0.04381715757843052	0.17703210134718528	0.08651840072415307
0.1326585097158102	0.046795874444646626	0.31768827864613874	0.1245041429159491	0.04507371421527896	0.04831179599232471	0.1766598327718777	0.1083078512979737
0.15433878033734977	0.041562555865064646	0.3230546734371281	0.11476393404538036	0.02854494571422167	0.0730489589023275	0.15599868971437503	0.10868746198415265
0.15958964320983743	0.04733344528948702	0.2801852453147358	0.12673159901950937	0.04553609180737683	0.06422949038138362	0.18850064370529063	0.08789384127237898
0.11604833494311598	0.037777790027875846	0.30249694558180307	0.14714035771145462	0.03302056539663362	0.05847465393420562	0.20578678415002755	0.09925456825488355
0.10932668191988795	0.04876037932977223	0.3058769859482927	0.10418055155915998	0.05448588232946218	0.07458780402419474	0.18488563327376936	0.11789608161546063
0.1375963903790997	0.04984388925075445	0.3434097044824613	0.11933435205708688	0.033716247891714624	0.043940819712195975	0.17193770720613688	0.10022088902055003
0.1274546659973979	0.03305814030889258	0.36887141897892806	0.10530379307186251	0.0541281562687692	0.06492197414572655	0.16050436712293675	0.08575748410548616
0.1384586039958459	0.056578355186005555	0.32092107041095136	0.13647839684301713	0.032113698474536045	0.04433880333879439	0.15975400612113236	0.111357065629717
0.12153731198682821	0.03715799289149191	0.31233022198284577	0.15416660538458274	0.029796330234638083	0.04830821386753974	0.21032253631985282	0.08638078733222052
0.16464893126355418	0.060887498821489194	0.25494234312668396	0.10060907214991749	0.05327142035320928	0.07077221580276044	0.1990357192469595	0.09583279923542568
0.10873716627437366	0.044422854139873943	0.3820734077265099	0.10641597430763806	0.03411051989512348	0.05856937742674892	0.16249985439417675	0.10317084583555514
0.1289594895009555	0.04775282058455976	0.23786256670880235	0.15311597647503378	0.053332604306798745	0.07816261885483172	0.19415759632046914	0.1066563272485487
0.14907570338267134	0.058213027738490006	0.25093271735891265	0.1492157026664971	0.033995058605679127	0.05440819281968276	0.20346823062077643	0.10069136680729038
0.13398400598811708	0.033819664619622214	0.3238994347132788	0.14357257793586928	0.05659628955850432	0.04587313157646215	0.16784905707660053	0.09440583853154538
0.12793712412747535	0.04385887516596447	0.3004184447658448	0.10671674825209157	0.05670675326588627	0.06787822817336586	0.2147290806453037	0.08175474560406776
0.10927680517243951	0.047518086624916134	0.24182564283092697	0.15082830163587949	0.047882294019731805	0.08281694330426118	0.2149906605658193	0.10486126584602536
0.14325868567528383	0.050902077710346896	0.24207227455012026	0.11240870008747192	0.054191509810887495	0.07564804071793371	0.21387896821930955	0.10763974322864613
0.1573128500295863	0.048599569988063154	0.23912944276371642	0.14377402467821881	0.031692506087805744	0.06097454044713577	0.20165062991899477	0.11686643608647888
0.1692900420130634	0.04320775058792253	0.2908188421308705	0.1493322476444234	0.04016754267987052	0.051722178787948395	0.1564582084631186	0.09900318769278246
0.10802077342777297	0.03673027514769603	0.3318103119633978	0.10380675235486281	0.045599141154426856	0.08397225734280041	0.19747866923549878	0.09258181937354423
0.1292118406956902	0.060892027736128035	0.30690436262032905	0.11969383981623291	0.05595324884804155	0.07169491060619423	0.17079252266965617	0.08485724700772754
0.1468968697507097	0.0618607596688852	0.3034550895913213	0.1243462737755772	0.03902564340052472	0.04425217544321658	0.16939199783677947	0.1107711905329856
0.11836490427474529	0.06221542810518191	0.3375812262581157	0.1437656709637345	0.04238767174649731	0.05883405530407469	0.1602769968667549	0.07657404648089546
0.14365271769599922	0.044516709959011885	0.3419291061142613	0.09747359584201368	0.031794907222821786	0.06555954729291447	0.2031352724379059	0.07193814343507152
0.14619589871236632	0.031204592610711	0.3430062502193648	0.1041782166899815	0.028885454299157717	0.05346213737641527	0.19185781717015513	0.101209632921848
0.12896052390963728	0.05271818449142773	0.2758716663488156	0.1266033637004074	0.05507727234202421	0.08482501840290588	0.184042234123734	0.09190173668104773
0.14041203815483344	0.04695389137181204	0.31536304312786123	0.12782288935779534	0.04123856931443727	0.08065624256645448	0.17589755355256081	0.07165577255424513
0.1678373013979993	0.0595914087991329	0.2595938109968074	0.129287213920627	0.029555341852856465	0.0846249724342091	0.18873756680874582	0.08077238378962177
0.12189499541201476	0.045133622027950626	0.36970805186947564	0.11363577981186399	0.028755269149587537	0.04404277198717749	0.17245977341413127	0.10436973632779846
0.11630009988710756	0.034641113291029424	0.3370644086583647	0.11654612232355858	0.04807656404162555	0.05207032772356962	0.17749913149598648	0.11780223257875792
0.15793261505174822	0.03895894485622538	0.27863215553271414	0.14317067598651723	0.02845451898769287	0.06841913756408521	0.19323965703584017	0.09119229498517659
0.14924579119338643	0.05544478124628553	0.23361802954251198	0.14666398156746374	0.04761405301184961	0.04906778693786841	0.21595079256730204	0.10239478393333201
0.10841900066002885	0.042722832186661175	0.3667170339785402	0.098118176705946	0.03556582392658096	0.06732121393963944	0.17464348475623562	0.10649243384636753
0.11226703986393866	0.0531149053861449	0.36431153557132495	0.1229119238015399	0.038572091145632814	0.05428965287288176	0.18852807290771986	0.06600477845081693
0.14446892041644646	0.05233463118601925	0.30555018926317534	0.11377924754804371	0.029716881365759007	0.05207386029811337	0.1978477018617898	0.10422856806065288
0.12429973941366074	0.05618702950225779	0.29738785443922344	0.1062266906289841	0.034576295957257114	0.047245339607336484	0.2178692657390981	0.11620778471218203
0.13248137604632468	0.04871098122855412	0.32944525464842683	0.10475690657727989	0.0381293011723034	0.04930375641474413	0.19915713696458212	0.09801528694778457
0.1648952175676217	0.056273608198909725	0.22982659870105923	0.11910344364149503	0.05515993611527714	0.07191595168337872	0.1882860721941641	0.11453917189809415
0.16650725645952136	0.042019124137045366	0.29554750901052795	0.13128981728923242	0.036734789765208414	0.06148805728229395	0.16150823205588807	0.10490521400028219
0.14221416676893203	0.0579280754232161	0.36228989748150164	0.10911064036401347	0.03715155911423211	0.06711617041823112	0.15801162944389235	0.06617786098598091
0.12572833602198277	0.04724562999899093	0.35824235304046725	0.10112958816233937	0.040156699249334	0.0522785114766582	0.19495484905565497	0.08026403299457233
0.14122178419953968	0.03959841172096008	0.34342143241453604	0.13014550718459184	0.0290051862655073	0.05062674727102458	0.19515138542584842	0.07082954551799187
0.16660172863045758	0.05419801789326699	0.326116345719799	0.12784701198504947	0.028560349346412134	0.05294192059031168	0.1782347163151367	0.06549990951956622
0.1295540128302773	0.03569021416824292	0.3323181177809067	0.10594655165531172	0.053916721797466635	0.056908953339412455	0.20945999959268582	0.07620542883569628
0.11831838478987909	0.05473519152482992	0.30458517845919675	0.119166964571821	0.03806550342722878	0.08106494614026918	0.20062775563345092	0.08343607545332415
0.16340406487811418	0.042252037693520206	0.24617899034924615	0.13357093884447593	0.05103801819074287	0.08162169900336397	0.17322324216891088	0.10871100887162553
0.13662128126674014	0.050250058556123814	0.30501674482952223	0.09600537726911787	0.05074530831095672	0.0735129741662812	0.2044695456440429	0.08337870995721487
0.11629347351021749	0.033169051021720325	0.3324141481796912	0.12580048092104298	0.03243684827238902	0.07649727461336943	0.191761865374	0.09162685810756929
0.13952309389028922	0.05073373479686688	0.2932609703896979	0.11791954093331294	0.049610850602072626	0.06694890659701824	0.2152975690504224	0.06670533374031964
0.13438050747223415	0.05488244555365722	0.29738873195803817	0.13942125309706233	0.04269867989748957	0.0716527581539187	0.1930064896708769	0.06656913419672283
0.16091434904174984	0.0588741246710212	0.2705018878765195	0.11310625506606542	0.0504028891362983	0.07311801286414664	0.17522025244359948	0.09786222890059938
0.12958370501871982	0.04570609703387819	0.27190001702018934	0.15182393503691402	0.045237229469006435	0.07228818992325434	0.19664232860686884	0.0868184978911687
0.10974716979922428	0.05333296887655839	0.32661160642889114	0.13558434319528603	0.04542722465865287	0.07272040362824653	0.16783940072571338	0.08873688268742717
0.14850799035811546	0.0410129193731287	0.3120490726870231	0.1484229823274038	0.03894890067492664	0.05192451241260046	0.16399415354726107	0.09513946861954056
0.11657761330294383	0.03323253573303628	0.32662923359397944	0.14634130563700393	0.028998116762430193	0.04837771089858672	0.17683020215693585	0.12301328191508354
0.15224400014799752	0.04208066984106196	0.32628283819262427	0.12604253990041947	0.03713271623937772	0.062014970916537696	0.18266366462444142	0.07153860013753977
0.1145491303042309	0.04203052400442696	0.2729038971372222	0.13440742256543317	0.03851046730057252	0.08230663957508572	0.20716180384027638	0.10813011527275188
0.16563764066828146	0.043220365998028185	0.28829238793233924	0.100651170679309	0.033320413266954146	0.07748268914078693	0.2168338526256613	0.07456147968863944
0.1609350505587197	0.05620392764056126	0.314263126367504	0.13408461673929664	0.030521046002622995	0.06583165211033701	0.16858657441546515	0.06957400616549303
0.1590050811745377	0.032316481915981396	0.3004700662940727	0.13578386919201985	0.052231962319108566	0.06018688007086137	0.19026863445590847	0.06973702457750977
0.11820127395078858	0.05749468588628852	0.33940697543691484	0.14016795597494447	0.03355687480178983	0.05222916362772444	0.16619227013893262	0.09275080018261643
0.12657544520354236	0.033555846790136595	0.3196321717033358	0.1324828087424605	0.04108738729298031	0.06828634119144653	0.16048577878572126	0.11789422029037647
0.12405786740558614	0.03568677649152957	0.32996574522350386	0.10989041894687344	0.03447079447164551	0.08589023400510785	0.19874954626778885	0.0812886171879646
0.11444752932695162	0.0602662839296038	0.31008188939134185	0.12815030320308818	0.039854167079475034	0.05685865061889933	0.18423322554335964	0.10610795090728031
0.1439673233710708	0.05888009511765652	0.30007419743316965	0.11231464721246376	0.04314560823573639	0.07783299851824027	0.19526734003273927	0.06851779007892304
0.1541163740052821	0.04968547158356898	0.2627688513474761	0.14090340374425664	0.03799173592081731	0.06712861095142161	0.1663937855498068	0.12101176689737028
0.14632741514834524	0.05826540171087259	0.29126230766928896	0.12540623274577567	0.03361509760622376	0.08396436261910704	0.1859241434415359	0.07523503905885064
0.16289945965033537	0.04515947517768952	0.2963976549891373	0.13724074597031558	0.0355623424094413	0.06930512810825404	0.17064714733955208	0.08278804635527465
0.16379920458720937	0.04282138264698493	0.2454896962446027	0.14322214742316455	0.030146710981871286	0.08015539311226234	0.1935219756992001	0.10084348930470444
0.14037226328738983	0.033802120061794574	0.3131508030608038	0.15313455895407357	0.0378073130263015	0.04379853923494893	0.19358712179450902	0.08434728058017851
0.14053961885672978	0.04930371087174609	0.28144020085475574	0.14372918613120292	0.04796684523375842	0.07100794234146285	0.19934623681128272	0.06666625889906122
0.10878258299758162	0.043466088245107726	0.3372273809051852	0.15198844994319954	0.033602922136066665	0.04680111047923917	0.15874653785477508	0.11938492743884478
0.1325970227536672	0.05815950488755893	0.30285421800087353	0.13287010348215111	0.03650821503505798	0.05637150517384237	0.2025294229029958	0.07811000776385278
0.1597046827244361	0.04254502318636877	0.24380986283918063	0.13653973763521102	0.053739306600384784	0.06482155785190277	0.1823112810305578	0.11652854813195787
0.11102845834046648	0.05337830558323936	0.30102817827565553	0.11268955975599644	0.045351004534375405	0.06895934051436725	0.21413509113766083	0.09343006185823845
0.11912462631639677	0.038427631315561345	0.34558453307858483	0.0988425026728115	0.047783429146360856	0.07130276805740779	0.15936777132992763	0.11956673808294908
0.16810624838749239	0.05003239884670041	0.30534851791201845	0.10945397837832442	0.03358897175113906	0.06139171074273127	0.17057065726807363	0.10150751671352018
0.10928695870557407	0.05390441228572415	0.2873721867477007	0.10323081395683592	0.053563037382141354	0.08012128805316081	0.2051835356214356	0.10733776724742716
0.13079140742582543	0.04290418651531737	0.2594390113068451	0.1427948566191457	0.056144395581549	0.08235124333650817	0.218092177840426	0.067482721374383
0.11262476954501463	0.04051957282803745	0.33562706508012036	0.12514212460325508	0.043147886048960096	0.050870285550029926	0.18064302128248574	0.1114252750620966
0.1528159590154526	0.04463100325714549	0.30377305564893364	0.14028993145804072	0.0482702319091777	0.04772845927454315	0.17372638421853226	0.08876497521817421
0.11903552405191815	0.04187199317058604	0.30896373680964556	0.10105125015774931	0.0451833495975614	0.0827604158817504	0.19145118126198493	0.109682549068804
0.13719860034344994	0.03441542363129854	0.35261331602583534	0.11440045626595818	0.04079621514367582	0.0446683006899653	0.1728780297869801	0.10302965811283646
0.1296673453683161	0.0336352019188627	0.3209994360048221	0.12977321460310315	0.030603751038427288	0.05104041139471349	0.2042268469071171	0.10005379276463783
0.1654504550965486	0.05929242045551321	0.29820236796992483	0.09863327790677044	0.04138246475174638	0.050360660369723184	0.1868237344593414	0.09985461899043171
0.13402978260285517	0.03208655508402615	0.34981253020734393	0.11203578629621531	0.03285271766349432	0.05451738454508394	0.19368567196789555	0.09097957163308545
