0.18173499660371176	0.09095811746210485	0.09087164639641608	0.2728343929697422	0.3636008465680249
0.181734086899006	0.09095458236770408	0.09087000249207604	0.2728361455840652	0.3636051826571485
0.18172096422490505	0.0909628210064318	0.0908675003061265	0.27283395924897624	0.3636147552135602
0.1817170668030578	0.09095807800798258	0.09087250883136444	0.27284735482716305	0.3636049915304319
0.18171994175567602	0.09096108516561427	0.0908680985172376	0.27284099675252743	0.3636098778089445
0.18172331084924764	0.09094948824576349	0.09087299834207441	0.2728381276748812	0.3636160748880331
0.1817207508199174	0.09094329059259657	0.09087524345247794	0.2728484177002571	0.3636122974347508
0.18173173285893401	0.09095668624292905	0.09086816441004364	0.2728400350941709	0.36360338139392223
0.18171390498738133	0.0909587004497492	0.09087264572183992	0.27284310694389025	0.36361164189713907
0.1817207851958092	0.09095383737096925	0.09087019377967206	0.27283122382291186	0.36362395983063744
0.1817275438574541	0.0909651439994834	0.09086756654425227	0.2728405407485762	0.3635992048502338
0.18172322736163932	0.09096207055720165	0.09087474418801333	0.27283433847564575	0.3636056194174997
0.18171843312093514	0.09094974981412703	0.09087009414347562	0.2728491003231821	0.36361262259827987
0.18172263976356476	0.09095023797638406	0.09087311665763964	0.2728346150687044	0.36361939053370695
0.1817237750691399	0.09095089920064836	0.09086878593712736	0.27283387453955	0.36362266525353415
0.18172014008944545	0.0909619278726038	0.0908693807703771	0.27283948013032705	0.3636090711372464
0.18173029269052138	0.09095428865600182	0.0908716766592964	0.27283741641097303	0.36360632558320716
0.18172860065693053	0.0909452421957872	0.09086925650130818	0.27284660002022704	0.36361030062574684
0.1817276431857573	0.09096405584457144	0.0908697682495666	0.27283456988169286	0.3636039628384117
0.18173621283247215	0.09094731306581381	0.09086891472958795	0.2728396221389581	0.36360793723316776
0.18172754949540962	0.09096545744248774	0.09087519200564351	0.27283112999346754	0.36360067106299143
0.18172773810485407	0.09095162120728935	0.09086937799706314	0.27284209950087146	0.36360916318992176
0.18172137303083102	0.09096394248932373	0.090873751601143	0.2728413493276154	0.3635995835510866
0.18173071048536216	0.0909488158440385	0.09087377498927118	0.27284105937027153	0.36360563931105644
0.18173092283653855	0.0909606424135575	0.0908687245664628	0.27284068166466835	0.36359902851877257
0.18171506679948599	0.09094338853662509	0.0908725259999507	0.2728509398293825	0.3636180788345555
0.1817211926134143	0.09096510714042234	0.09086935511709232	0.2728392577950704	0.36360508733400043
0.18171555331981437	0.09096330440516089	0.09087078688886652	0.2728405450352974	0.3636098103508606
0.18172939682139833	0.09094437801730051	0.0908730403338051	0.27285162023742404	0.3636015645900718
0.18171467043424733	0.09095377722685649	0.09087092802211262	0.27283796675558114	0.36362265756120227
0.18173296040090947	0.09094389892366023	0.09087381401739406	0.2728325696698955	0.36361675698814055
0.1817170577641819	0.09096311849707155	0.09086701067210208	0.27284376970150626	0.363609043365138
0.18173211731713326	0.090954216344531	0.09087169445293568	0.2728329800912603	0.3636089917941395
0.18171370872012993	0.09096149026158513	0.09087453450639993	0.2728407396956254	0.36360952681625935
0.18171894728746388	0.09095644193256514	0.09087062704790902	0.2728436796637353	0.3636103040683264
0.18173626562908687	0.09095264417471301	0.09086890288863775	0.27284077923863326	0.36360140806892893
0.18172964090852253	0.09096541962111518	0.0908674582904135	0.27283196345979377	0.3636055177201548
0.18172568866287075	0.09094640281116134	0.09086693912526878	0.2728510213238915	0.36360994807680735
0.1817352271642878	0.09094208965422106	0.09087018363525612	0.27284711590873295	0.3636053836375019
0.18171514584389442	0.09094756288968825	0.09087072129438904	0.2728470881174035	0.36361948185462456
0.18172499641333015	0.09094835535219248	0.09087278842347948	0.2728312541888265	0.3636226056221712
0.1817203543233859	0.09096538342790342	0.09087121013001129	0.27284293013880856	0.36360012197989056
0.18172248682498574	0.09094944393987868	0.0908696299198256	0.27284121134390604	0.3636172279714037
0.18172106651625092	0.09095303985230856	0.09087133088144993	0.27284441998494624	0.36361014276504416
0.18171704079585266	0.0909544732098851	0.09086710115306106	0.2728466374278692	0.3636147474133318
0.18173387828066184	0.09094937893975927	0.09087466092704649	0.27283994078083873	0.3636021410716935
0.18173500129353948	0.09095254997896812	0.0908668180131739	0.2728348510084467	0.36361077970587163
0.181725095172909	0.09096260173308059	0.09087064320722044	0.27283289066797844	0.3636087692188113
0.1817155375417228	0.09094916629025208	0.09087292422883272	0.27285199088850404	0.36361038105068816
0.18171862197325003	0.09094820748669598	0.09087044773757061	0.27284100456178184	0.36362171824070133
0.1817369813671982	0.09095367858554806	0.09087346230597369	0.2728364477536327	0.3635994299876471
0.1817296075846263	0.09094388839136718	0.0908732375120467	0.2728323098100782	0.3636209567018813
0.18173596118946667	0.09095077907271161	0.09087229083533055	0.2728314932636409	0.36360947563885004
0.1817283953936882	0.09095497115083859	0.09086740556681866	0.272846219777563	0.3636030081110913
0.18171975871133708	0.09096355306493216	0.09086910428788629	0.2728316580794972	0.363615925856347
0.18171765177856047	0.09095590922707339	0.09086725778161153	0.2728412002339478	0.3636179809788066
0.1817215572976373	0.09094243391157633	0.09087182571180333	0.2728477685211862	0.3636164145577966
0.18171327668510664	0.09096131716670895	0.09087142317606559	0.2728317257638231	0.36362225720829555
0.18171706838559318	0.09094575323277944	0.09087167809374821	0.2728481467269577	0.36361735356092123
0.18171844768599082	0.09095848563090174	0.09087453857295276	0.27284986724242827	0.3635986608677262
0.18173238370727104	0.09095509779404419	0.09087245511648497	0.2728322406711967	0.3636078227110029
0.18172320808895298	0.09094906767573757	0.09086824254754208	0.27284621908041473	0.36361326260735244
0.181735273844141	0.09094953438709083	0.09087347022269449	0.2728360648551774	0.36360565669089606
0.18171450002836775	0.09095494311050135	0.09087406957793782	0.2728347166109961	0.36362177067219675
0.18172759737129862	0.09094995519391554	0.09087509113420421	0.27284607553868684	0.3636012807618946
0.18172048056905954	0.09095371539140444	0.0908718933427342	0.272834522542811	0.3636193881539906
0.18173738838980788	0.0909480562316767	0.09086936415443567	0.27284491090816887	0.36360028031591063
0.18172250095366096	0.09094800816605639	0.09087366847967761	0.27283143718629266	0.3636243852143122
0.18172473236051478	0.09094849845967844	0.09086827624189442	0.2728512284418091	0.36360726449610303
0.18172636038360765	0.09095586612413863	0.09087415552061222	0.2728386168096251	0.3636050011620162
0.18171540807981276	0.0909543878762282	0.09087504807628952	0.27284232761243377	0.36361282835523556
0.1817295408040086	0.09094238302298369	0.09087391528244557	0.2728456527669977	0.36360850812356427
0.1817366750824134	0.0909420068988519	0.0908746881826113	0.27284243344777703	0.3636041963883462
0.18172611988641907	0.09094314626103062	0.09087104772702233	0.27284398791611675	0.36361569820941103
0.18171553453322922	0.09094378274164942	0.09086873848918092	0.2728492823828222	0.3636226618531181
0.18173343086894606	0.09094732243801595	0.09087213179154216	0.2728408834844611	0.3636062314170345
0.18173499352514438	0.0909425539665429	0.09087216040134924	0.2728465691091456	0.3636037229978176
0.1817169506211328	0.0909521154521198	0.09086993171595029	0.27284858753289754	0.3636124146778994
0.18172816161911964	0.09094278340848594	0.09087014284466222	0.2728359056733658	0.3636230064543662
0.18172974584214358	0.09094339779222901	0.09087217995106345	0.2728417169545666	0.36361295945999716
0.18171837392407966	0.09095774432979478	0.0908742376488604	0.2728410924648846	0.3636085516323804
0.18173590028154268	0.09094708266009698	0.09086887034767263	0.27283446930151745	0.36361367740917006
0.18172253030184007	0.09095632855607302	0.09086756795506387	0.2728402844914787	0.3636132886955441
0.18172467963285766	0.0909604655629088	0.0908713450026579	0.2728406748799558	0.3636028349216197
0.1817257211606748	0.09095320992716113	0.09086902248742146	0.27284275874456043	0.36360928768018197
0.18172911934534114	0.09095050020303967	0.09087292183923652	0.27284764653705584	0.3635998120753266
0.18172039523953337	0.0909610822172559	0.09086731418381633	0.27284199800033937	0.3636092103590548
0.18172230721386048	0.09095467121182023	0.09086742422818221	0.27283335449556845	0.36362224285056843
0.1817331297409327	0.09094389488643634	0.09086833784736434	0.2728476653478312	0.3636069721774352
0.18172266680067306	0.09094690309937041	0.0908744151343012	0.2728413307971418	0.3636146841685133
0.18171419286448545	0.09095495972441568	0.09087019739300801	0.2728366507555394	0.3636239992625513
0.18172488354199143	0.09095705301883836	0.09087181949502943	0.27284814389419465	0.3635981000499459
0.18172793244624824	0.09094774253799752	0.09087027926388394	0.27284959032728895	0.36360445542458114
0.1817240220218958	0.09094395167341146	0.09087338394350977	0.27284754954269685	0.3636110928184859
0.18172909299978474	0.09094192672091565	0.09086765526817721	0.27283944730974785	0.36362187770137433
0.18171839434967385	0.09095683976004755	0.09087460481490475	0.27284116746351594	0.36360899361185767
0.18173182834264628	0.09096000694555795	0.09087215252521938	0.2728331526633506	0.3636028595232256
0.18171624191154623	0.09095354695489768	0.09087288518077227	0.2728399024607487	0.36361742349203496
0.18173190888816854	0.0909494138488022	0.0908721001255276	0.272835365113491	0.3636112120240105
0.1817248437803137	0.09095220757367303	0.09086993119557565	0.2728319858392847	0.36362103161115267
0.18173094563740005	0.09095485910504841	0.09087088250466183	0.27284061373958574	0.3636026990133038
0.1817190212126197	0.09094580232767627	0.09087138787795973	0.27284056422562697	0.36362322435611716
0.18171975403222856	0.09095984111060888	0.09086773084161331	0.2728472437527729	0.36360543026277603
0.18173035743058166	0.0909508746082284	0.09086781241395286	0.27283458489807566	0.3636163706491612
0.18171564440682808	0.09094496763662503	0.09087466591070315	0.2728410093462562	0.3636237126995873
0.18171503800486422	0.090958624045251	0.09087392315529569	0.27284333627712537	0.3636090785174635
0.1817258200168821	0.09094733952435173	0.09087301420279445	0.2728310840797967	0.3636227421761748
0.18171297786937074	0.09095283765193661	0.09087060365329765	0.27284701860316557	0.36361656222222916
0.18171781720410352	0.09095348247466858	0.09087146424105712	0.2728494288885528	0.3636078071916178
0.18172935451419914	0.09096171299941637	0.09087144859115744	0.2728386029924541	0.3635988809027727
0.1817355779786732	0.09094390695100465	0.09087109778155622	0.27283576162356626	0.36361365566519943
0.1817127296032678	0.09095560075498776	0.09087491477802381	0.27283989802726627	0.36361685683645417
0.18172169630341448	0.09095076379951444	0.09087187779429164	0.2728420697623391	0.3636135923404401
0.1817257858230492	0.09095226159973796	0.09086784456604954	0.27284072839614404	0.36361337961501905
0.1817231869495772	0.09094224120914314	0.09087275753592487	0.2728516288661522	0.36361018543920237
0.18172079879765562	0.09094772284885994	0.09087481809844124	0.2728503771886265	0.36360628306641646
0.18172724157663084	0.09095451471942954	0.0908696724153888	0.2728331347222766	0.363615436566274
0.18171556354657858	0.09096254310866188	0.09086760477892149	0.2728376881923133	0.36361660037352456
0.18172661223547476	0.09094394663478658	0.09086752819620775	0.2728486928571976	0.36361322007633307
0.18171388332569213	0.09096176050459584	0.0908681564582744	0.2728382111643559	0.3636179885470815
0.18172171994284178	0.0909566008851409	0.09087025831451061	0.2728490567260372	0.3636023641314693
0.1817199285364363	0.09096019981457351	0.09086782169096906	0.27283927863773083	0.36361277132029013
0.1817267367412823	0.09094690922881049	0.09087188974334233	0.2728346515587693	0.3636198127277954
0.1817316689685672	0.09094611135413427	0.09087186246018912	0.27283909295468267	0.3636112642624265
0.1817322264800788	0.09094683542000026	0.09086899519312011	0.2728350631485221	0.3636168797582785
0.1817337071737886	0.09095464743396356	0.09086728197067073	0.2728451105049274	0.3635992529166495
0.18172425689144983	0.09094646569771854	0.0908733066407331	0.27285105523727965	0.3636049155328187
0.18172314584931154	0.09096355166582087	0.09086700786120838	0.27283604477017515	0.36361024985348384
0.18171370287580693	0.09095824201133354	0.09087143250215443	0.2728460188628952	0.3636106037478097
0.18172074102428545	0.09095184137463357	0.09087409281336181	0.2728358337636554	0.3636174910240636
0.18171826384815715	0.09094818203212073	0.09086826013951234	0.2728390107768583	0.3636262832033513
0.18172602438448066	0.09094189876707517	0.09087361813513668	0.27284802816568476	0.36361043054762254
0.18172570900851776	0.09095405665827287	0.09087010548045435	0.27283281147702837	0.36361731737572645
0.18172237810374406	0.09094909318826827	0.09087152008902699	0.27283159904625376	0.3636254095727067
0.1817241747660326	0.09095229843573349	0.0908711025774186	0.27284024046570043	0.3636121837551147
0.18173017265628258	0.09096290543426354	0.09087044834622271	0.27283124567883543	0.36360522788439553
0.18171216588853237	0.09094657534280877	0.09087020759976737	0.27284411841484524	0.363626932754046
0.18171320691518245	0.09095566823555887	0.0908715645990051	0.2728382023494279	0.3636213579008255
0.18172462078647056	0.0909432694493274	0.09087012415821058	0.27283975010468703	0.36362223550130424
0.18171805731237728	0.09095595476809255	0.09086919055677815	0.272848475235649	0.3636083221271028
0.181718933973187	0.09094519137174208	0.09087407017556068	0.2728376869811105	0.36362411749839957
0.1817230187146363	0.09095438761388774	0.09087481917227815	0.2728351238301936	0.36361265066900406
0.18172975633251398	0.09094237366603049	0.09087109945867085	0.27283160620504476	0.3636251643377397
0.18172597706716548	0.09094764361761873	0.09086927360930434	0.2728484910545961	0.36360861465131517
0.1817329295556831	0.09094938766992826	0.09087007685690185	0.27283894716040147	0.3636086587570851
0.18173403140394792	0.09095553304835588	0.09087096543095344	0.27283395521975995	0.3636055148969827
0.18172209425168642	0.09095043870847819	0.09086798932653736	0.27283652138891257	0.36362295632438524
0.1817218716720332	0.0909577747367816	0.09087172502713983	0.2728391660930249	0.3636094624710202
0.18173442473799425	0.09094576554015739	0.0908679323920547	0.27284856501710125	0.36360331231269216
0.18171410787244113	0.09094627327076821	0.09087549695553868	0.27284456019758196	0.3636195617036698
0.18171595591024875	0.0909580902618384	0.09086779437004926	0.2728343566001466	0.3636238028577168
0.18173154030605013	0.0909559298874016	0.09086821056088566	0.27283816901430274	0.36360615023135967
0.18172588475988277	0.09095056345545113	0.09087203389107087	0.2728472221991882	0.3636042956944067
0.18173773109341718	0.090953498480857	0.09087246088317094	0.27283125353564197	0.3636050560069127
0.18172472243675902	0.09094915218228568	0.09087506768426472	0.27284763313061966	0.36360342456607075
0.181714630720882	0.09095243807502353	0.09087460978536857	0.27283310053551374	0.3636252208832119
0.18171881559929082	0.09094360138633575	0.0908745522311157	0.2728518784391512	0.36361115234410635
0.18171412860136382	0.09095452879701134	0.09086931085736175	0.27284059720236586	0.363621434541897
0.1817366316916671	0.0909453477477128	0.09087084268880216	0.27283856414863306	0.36360861372318465
0.18172525566465997	0.09094452450182136	0.09087453158975749	0.2728336678047827	0.3636220204389783
0.1817183184418202	0.09095343852716364	0.09087370662591146	0.2728373168686158	0.3636172195364887
0.18173048157948718	0.0909541239994307	0.0908737358186292	0.2728343004270296	0.36360735817542306
0.18172549353013923	0.09094358014675984	0.09087325275799037	0.27284325833935835	0.363614415225752
0.18172241904858644	0.09094909092414918	0.09087016375101648	0.27283444252800537	0.3636238837482423
0.18172220686854323	0.09094995464518218	0.090871323567454	0.2728394568235244	0.36361705809529593
0.18172698858116026	0.09094858041508327	0.09087409512837989	0.2728367014263065	0.3636136344490698
0.1817175198817504	0.09095673402666954	0.09087142336145237	0.27284827291987	0.36360604981025746
0.18171234830134653	0.09095619908143997	0.09086888676807325	0.2728358862725941	0.36362667957654593
0.18171866214201277	0.0909648771858687	0.09087038175897517	0.2728358428846068	0.36361023602853637
0.18173368811913593	0.09094561656861071	0.09087367867526085	0.2728456086286327	0.3636014080083596
0.18173283616011943	0.09094770154817661	0.09086969993493402	0.27284833562165367	0.3636014267351161
0.18172433000027124	0.09094547399928014	0.09086850587465464	0.2728448620954974	0.3636168280302964
0.18173382028130391	0.09095433704282156	0.09086815736568474	0.272836726120108	0.36360695919008157
0.18173601735635292	0.09096011771173759	0.09086788123118432	0.2728316769543827	0.36360430674634225
0.18173232568861497	0.09095577108329783	0.090870587570995	0.2728376979514235	0.3636036177056685
0.18172255962860323	0.09095759098130057	0.09086930357862666	0.27284183070306656	0.36360871510840276
0.18173507860689758	0.09094637668213139	0.09087415505477796	0.2728350852167432	0.3636093044394497
0.18172669148280746	0.09095245251925442	0.09087371136736717	0.2728356545928148	0.36361149003775606
0.18172153254132153	0.09096463018175856	0.09086691606240506	0.27283890093489543	0.3636080202796192
0.18171917713333768	0.09094642582651578	0.09086762663430877	0.27285156218496254	0.363615208220875
0.18172015779968476	0.09096315578657069	0.09086745928054918	0.27284480843658077	0.36360441869661436
0.1817173770142433	0.09095761047989467	0.09086899556269774	0.2728429484190274	0.36361306852413666
0.18172029778015703	0.09095495622981808	0.09087112267991321	0.2728459096654997	0.36360771364461175
0.18173306335797815	0.09096088562730759	0.09087216371158147	0.2728325450579567	0.36360134224517593
0.18173233777945685	0.09094186549137266	0.09087449637306877	0.27283867607346857	0.36361262428263297
0.1817314674684907	0.09095040335058585	0.09086892403767013	0.27284858509727256	0.36360062004598054
0.18172292369671497	0.09096053395927971	0.09087265564116923	0.2728328459205621	0.3636110407822738
0.18171594791210777	0.09094646878450235	0.09086901834208039	0.27284805411885177	0.36362051084245756
0.181725843660657	0.09095296701796685	0.09087429548221451	0.27284599163382295	0.36360090220533847
0.18171824953357005	0.09096301156187561	0.09086885278729466	0.2728419376218006	0.3636079484954589
0.18173028676911807	0.09095111943665626	0.09086779396567524	0.27284399968297657	0.36360680014557367
0.1817204958950524	0.09096479061842412	0.09087007932990297	0.27283441069698017	0.3636102234596401
0.18171689481164877	0.09095209319988144	0.09087344355352904	0.2728518038670314	0.36360576456790916
0.18172828313538658	0.09095513003851236	0.0908746513588912	0.2728313798288954	0.3636105556383143
0.18173509232150653	0.09094330202967701	0.09087161668653626	0.2728489104812263	0.3636010784810536
0.1817374591833955	0.09095964563849555	0.0908692758757436	0.272831764205598	0.3636018550967671
0.18171365923976282	0.09094682792032349	0.09086718629521387	0.2728516158199246	0.363620710724775
0.18172150374208157	0.09094358952620958	0.09086952455445209	0.27284891958377994	0.36361646259347663
0.1817321966571136	0.09094176631664944	0.09087309429538296	0.27283940588447814	0.36361353684637565
0.18172010788617166	0.09096116690012164	0.09087059046147723	0.27285006130388734	0.36359807344834194
0.18172065352190275	0.09094491532682146	0.09086899271775369	0.2728449046021324	0.3636205338313895
0.18172185604636074	0.09094430993073399	0.09087067396439556	0.27284930026959336	0.36361385978891614
0.18172970127574833	0.09094606950563261	0.09087307555922611	0.27283402462181106	0.3636171290375817
0.18173591318119148	0.09095368192010407	0.09086843213165961	0.2728415134453044	0.36360045932174023
0.18172506697986884	0.09094751593377866	0.09087549508890994	0.27284890217932484	0.3636030198181175
0.18172116820275216	0.09094397800234616	0.09087042444612352	0.2728427233969141	0.3636217059518638
0.18171410266398905	0.09096500356829972	0.09086680852735747	0.27283453077436354	0.36361955446599004
0.18173657420943073	0.09094632243139825	0.09087137273026277	0.27283689027791613	0.3636088403509919
0.18173198418322772	0.09095629910346475	0.09086971075949732	0.27283252474357267	0.3636094812102374
0.181712559674634	0.09094769816630396	0.09087310206531629	0.2728479950568112	0.36361864503693436
0.1817242695854327	0.09095026461293682	0.09087074536593603	0.27283141447399517	0.36362330596169906
0.18171934956613256	0.0909582806213794	0.09087347707912805	0.2728420691454037	0.36360682358795604
0.18171691028303028	0.09096451038269657	0.09087054116333537	0.2728452071771876	0.36360283099375
0.1817131152749935	0.09094313762002286	0.09087493919587046	0.2728498900911954	0.36361891781791755
0.18172107026060313	0.09095355434972013	0.09087164901340579	0.2728317447244558	0.3636219816518149
0.18171330643704928	0.09094910064050142	0.09086798402930078	0.2728515445975665	0.3636180642955818
0.18171575050736055	0.09094961270180832	0.09087156344123222	0.27283673976699147	0.3636263335826072
0.18171340672213993	0.09096423492609519	0.09087461308329288	0.27284122393525573	0.3636065213332161
0.18173569499959313	0.09094695703589117	0.09086714676631358	0.27283347840555694	0.363616722792645
0.18171929929536745	0.09095758765350564	0.09087151276281295	0.2728479625913003	0.3636036376970134
0.1817232685211793	0.09095040821107314	0.0908738473514634	0.2728403483344801	0.36361212758180383
0.1817312464653148	0.09095004133996074	0.09086931184581554	0.2728488863058423	0.36360051404306637
0.1817187733494675	0.09094772603581976	0.09086762516776498	0.27284875165437394	0.3636171237925736
0.1817146394393607	0.09095243236117434	0.09087183508325739	0.2728384280521819	0.36362266506402546
0.18172459662613058	0.09094831638882987	0.09087004686585233	0.2728430023713702	0.36361403774781675
0.18171802164033787	0.09095567515981222	0.09086752446824393	0.2728337714966805	0.3636250072349253
0.18172096547139166	0.09094806791889141	0.09087151987724608	0.272849837400294	0.3636096093321766
0.18173373541133564	0.09095194093030458	0.09086867630044652	0.2728462265827851	0.36359942077512797
0.18173516924925492	0.09094542569468758	0.0908675602862623	0.2728384176841902	0.36361342708560473
0.18172145845348345	0.09095270339866297	0.0908740814809695	0.27284137572050393	0.36361038094638
0.18172593253968664	0.09094326321920135	0.09086801987513418	0.2728370716551131	0.3636257127108645
0.18172238586479914	0.09095580918266384	0.09086822786992665	0.2728419796068614	0.3636115974757488
0.18172776583324193	0.09096555055850823	0.0908691873761818	0.27283372722632054	0.3636037690057473
0.18171693840103326	0.09095903297157235	0.09087221257478192	0.2728463643844504	0.3636054516681618
0.18173168757991506	0.09095600453821753	0.09087235420346565	0.2728388135610301	0.36360114011737144
0.18172810288716046	0.09096276324532844	0.09087508620978446	0.27283219187451235	0.3636018557832141
0.181717984599063	0.090950944903709	0.09087360244894876	0.27283303639501594	0.3636244316532631
0.18172085891125517	0.09095546036281611	0.09086813625674202	0.2728364212848441	0.3636191231843424
0.18171688085323334	0.09095394786187168	0.09087049707362116	0.2728391371404158	0.3636195370708578
0.18172223293107087	0.09096101714545682	0.0908674745678337	0.27284203371370475	0.3636072416419336
0.18171722081356967	0.09094868412898119	0.09087419592765639	0.27284341983820465	0.3636164792915879
0.1817224227372913	0.09094220786969258	0.09087443308821835	0.2728385007863743	0.3636224355184232
0.1817167422291904	0.09094567887755065	0.09087430086097023	0.2728397936353656	0.3636234843969229
0.18173397374017541	0.09095218124227741	0.09086842141479458	0.27283477863116595	0.36361064497158646
0.18171842623366163	0.09095272597504601	0.09086704024755186	0.2728453900338432	0.36361641750989704
0.18171746257848415	0.0909630717864373	0.0908680932013924	0.27284499371149235	0.3636063787221936
0.18173509356314774	0.09094317552923858	0.09087345776616954	0.2728453877254902	0.3636028854159537
0.1817218474916349	0.09096547245117242	0.09087040052442748	0.27284150410993074	0.36360077542283425
0.18171271668452305	0.0909485485451956	0.0908737659482129	0.27284979970717294	0.36361516911489533
0.18173183798609582	0.09095972292431012	0.0908712339756718	0.272838056368669	0.36359914874525306
0.18173206093498667	0.09094583627388633	0.09087540463797505	0.2728446491981807	0.36360204895497106
0.1817200371159311	0.09096469109949938	0.09086804236546807	0.27284413327118084	0.36360309614792036
0.18172634219923584	0.090952681201875	0.09087172770017468	0.27283766719532376	0.3636115817033906
0.18172802497048254	0.09094929308232147	0.09086721988939356	0.2728366226879189	0.3636188393698833
0.1817287873175125	0.09094717125626227	0.09086849645592507	0.2728361600717878	0.3636193848985122
0.1817173335135456	0.09094849077000543	0.09087356270306128	0.2728385745226171	0.36362203849077035
0.18172154862003345	0.09095377225902249	0.09087510091550462	0.27283855715830835	0.3636110210471309
0.18172482372355364	0.09096323484013155	0.09087143970733011	0.2728364548120164	0.363604046916968
0.18171677553567206	0.09096374182847383	0.0908693526399143	0.2728460831015492	0.36360404689439046
0.1817212562605126	0.09095923088169369	0.09087220839670404	0.2728354846376486	0.3636118198234408
0.18172226183351717	0.09095120035487281	0.0908712604419602	0.2728394693703158	0.3636158079993338
0.18171577395800026	0.09096573069059696	0.09086850545059771	0.27283618604659127	0.3636138038542136
0.1817323824400849	0.09096096667870229	0.09087419091665512	0.2728335598903015	0.36359890007425594
0.1817369483102133	0.09095075238521128	0.09087131562985434	0.2728406229189947	0.3636003607557262
0.18173235028869544	0.09094934497386728	0.09087082488543213	0.27283970336904306	0.36360777648296183
0.1817206285875546	0.09094673122320668	0.09087071596782169	0.2728417958753384	0.3636201283460784
0.18173144601786315	0.0909501213691711	0.09086967471324635	0.2728459026781817	0.36360285522153746
0.18171651445961112	0.09095068982488878	0.09087006231357225	0.2728464925837609	0.3636162408181667
0.18172815612702495	0.09094850862091657	0.09087221592374088	0.2728489016103691	0.3636022177179483
0.18173652958809128	0.0909540679699182	0.09087143057946764	0.2728377789860575	0.36360019287646517
0.18172403163040868	0.09095964785018373	0.09087112573867584	0.272843959868762	0.3636012349119696
0.1817336758163275	0.09095345147926426	0.09087033288283658	0.2728397110970503	0.36360282872452115
0.18171224764813534	0.0909649944510994	0.09086979601250125	0.2728473192393751	0.3636056426488887
0.18173172837460932	0.09094567737133508	0.09086837368698769	0.27284953854156113	0.3636046820255065
0.18171599885339765	0.0909654540982192	0.09087454510590093	0.2728355579277619	0.36360844401472014
0.18172227146258066	0.09094693971402545	0.09087199113727551	0.27284525397874976	0.3636135437073684
0.18173266494788443	0.09095155244100711	0.0908707456700287	0.27283425236723646	0.3636107845738431
0.18171901991880632	0.0909542668286951	0.09086697506744658	0.27283788089089006	0.36362185729416174
0.18173778283479244	0.0909526089843669	0.09086868175802443	0.2728397284747013	0.3636011979481148
0.18172177667012668	0.09095441812821528	0.09086879401456646	0.2728441200347551	0.36361089115233625
0.18172744086601988	0.09096447952443312	0.0908729696837979	0.27283442786435025	0.3636006820613986
0.1817139213218053	0.09095470887745484	0.09086793806976312	0.2728446062600438	0.3636188254709327
0.1817130426060824	0.09094222147989425	0.09087028270005983	0.27285155412415113	0.36362289908981216
0.18173771458085572	0.09094617091354931	0.09086761491450276	0.27284397871891475	0.36360452087217726
0.1817121052990947	0.09095572620884512	0.0908750327360818	0.27283840086312683	0.36361873489285135
0.18172483249438856	0.09094719122078292	0.09086778515518036	0.2728341777006555	0.3636260134289925
0.18171814444000317	0.09095265465415388	0.09087242735549687	0.2728510563053997	0.36360571724494617
0.18172317563835114	0.09095559053377844	0.09086904566824264	0.27283659465025956	0.36361559350936806
0.1817288475715931	0.09094835105717275	0.09087128726853988	0.2728423386049883	0.36360917549770577
0.18173114471227098	0.09095352687199548	0.09086822766692701	0.2728425754728122	0.36360452527599413
0.18171670227274658	0.09094951944389884	0.09087141282326971	0.2728450113476188	0.3636173541124659
0.18171819877176165	0.0909513459489125	0.09087285004366588	0.2728499475182888	0.36360765771737097
0.1817242714807536	0.09094920719368071	0.09087150140510622	0.27283658900340035	0.3636184309170589
0.18171839469397008	0.09095555873724306	0.09087164758767284	0.2728345880509583	0.3636198109301555
0.18171575448359648	0.09095980530621026	0.09087353828127304	0.2728338050436581	0.3636170968852619
0.18172414534934483	0.09094534498528795	0.09087290988271783	0.2728480698094914	0.36360952997315776
0.18172303618532074	0.0909470172771055	0.09087539799826153	0.27283212092762915	0.3636224276116829
0.18172834505169458	0.09095154704669105	0.09086976762985993	0.2728485102841158	0.36360182998763846
0.18171737386604733	0.09096460041983234	0.09087022359842312	0.272835738338767	0.36361206377692995
0.18173332898300676	0.0909467705369286	0.09086823322358861	0.2728363644773918	0.36361530277908405
0.18171303867255212	0.09094551409676462	0.09086879161256052	0.272851196263046	0.3636214593550765
0.18172826626807592	0.09094202451411673	0.0908695503915751	0.27283710891517926	0.36362304991105276
0.18171270161734282	0.09096304048236972	0.09087400624840841	0.27285131058296236	0.3635989410689165
0.18172752292735192	0.09096140571599973	0.0908714806587464	0.2728333886568731	0.36360620204102867
0.1817229058350695	0.09096100872302766	0.09086900532921688	0.2728337477267356	0.3636133323859502
0.18172826507028955	0.09095444063755695	0.09086762623499298	0.27283733629160456	0.36361233176555574
0.18172860576270058	0.09095166995016403	0.09086780221466445	0.2728461040058736	0.3636058180665971
0.18173209306697535	0.09096281365454714	0.09086706155586069	0.2728395871826949	0.36359844453992174
0.18171587787208007	0.09095260979903208	0.09087197853215331	0.2728335581086475	0.36362597568808674
0.18173643948563756	0.09095115327223009	0.09086848371799199	0.2728410645486071	0.363602858975533
0.18171617239867413	0.09094813936579509	0.09086935065822431	0.2728489071055623	0.36361743047174394
0.18172755264167748	0.09095240614260867	0.09087517752672518	0.27283675578884015	0.3636081079001483
0.18172233516912661	0.09095810890182658	0.09086980894399262	0.2728344559164863	0.3636152910685677
0.18172171967659945	0.090948510402278	0.09086732468810627	0.27284559762600885	0.36361684760700724
0.1817341137426603	0.09095126954524982	0.09087319265164309	0.2728433663061872	0.3635980577542593
0.18171569820769903	0.09095356612293581	0.09086902014052917	0.27284054280084935	0.36362117272798644
0.1817294120110929	0.09095772783817807	0.09086777072422038	0.27284333605811395	0.36360175336839445
0.18172211562128737	0.0909483763420645	0.09087527955480294	0.27284628045560344	0.3636079480262415
0.1817177819410638	0.09094998819896358	0.09086721481255472	0.27284366679089656	0.36362134825652115
0.18173298379309058	0.0909494450369506	0.09086711532632381	0.27284266602109025	0.36360778982254455
0.18171746591781845	0.09095326081887872	0.09087492453710264	0.2728381410474048	0.3636162076787952
0.1817260490441238	0.09095214064929896	0.09086989552958986	0.27283106924870915	0.363620845528278
0.18171642787256154	0.0909649276111535	0.09086697450792007	0.2728325574076137	0.36361911260075097
0.18173638098250955	0.09094268319269527	0.09086941486705774	0.27284054141220027	0.363610979545537
0.1817286103236412	0.09095323513623417	0.09087348605607579	0.27284207074143585	0.36360259774261283
0.18171379177776353	0.09096173803174816	0.0908721552111931	0.2728482188734421	0.36360409610585287
0.18172103672247525	0.09095671062008999	0.0908727765319622	0.27284153470047	0.36360794142500236
0.18171433159191164	0.09096330448913018	0.09086873693306169	0.27284471929682413	0.3636089076890721
0.1817262971919088	0.09095171515166203	0.09087462924801246	0.27284555537563615	0.36360180303278034
0.18171350834879782	0.09095888270045531	0.09086971763307804	0.27283688954712715	0.36362100177054146
0.18173050106919927	0.09096043543149586	0.0908669955940064	0.27284384049455923	0.363598227410739
0.18173180193179378	0.09094550928527807	0.09087040778072306	0.2728489875619833	0.3636032934402216
0.1817216401747569	0.09096429997317551	0.09087355404956907	0.272837910777125	0.3636025950253734
0.18172593188289432	0.09094384866199662	0.09086880032545927	0.2728476279481432	0.3636137911815064
0.18172171712830032	0.09095340363982157	0.09087116643521762	0.27284629628380797	0.36360741651285233
0.18171596786978422	0.0909554465778881	0.09087006994902523	0.272841789668946	0.36361672593435623
0.18172532545224818	0.09095151589348291	0.09087228804927311	0.2728403142107109	0.36361055639428475
0.18171560253150273	0.09095153222800816	0.09087260620369117	0.2728378469752031	0.3636224120615946
0.1817226831141625	0.0909653089040287	0.09087349122825507	0.2728396027344534	0.36359891401910005
0.18172044877336818	0.09095732168028837	0.09087316947361734	0.27284301356086305	0.36360604651186285
0.18173164723146037	0.0909623304882095	0.09087469663800667	0.2728315322303023	0.363599793412021
0.1817255931663451	0.09096031405308498	0.09086818055787184	0.27284439970643964	0.3636015125162583
0.1817321276703151	0.09095451485200937	0.09086861192425869	0.2728416073381062	0.36360313821531043
0.18173356908474	0.09094443456247724	0.09087481573932836	0.2728427771764182	0.363604403437036
0.18172874148533744	0.09094732859506524	0.09087026081934843	0.27283383304755093	0.36361983605269776
0.18172940267631643	0.09094492222521161	0.09086716165712874	0.2728448020933404	0.36361371134800263
0.18171640793838584	0.09096124691654278	0.09087156390378388	0.2728466310855521	0.3636041501557352
0.18171901829156717	0.09094879529041998	0.09087208863521416	0.2728491728707958	0.36361092491200264
0.18172796780604156	0.09095091080147008	0.09086927163244672	0.2728379597798549	0.36361388998018646
0.18173043949345263	0.09094334018108642	0.09087425469871903	0.27284158501497824	0.3636103806117635
0.18172418916977975	0.09096237869737042	0.09086776964956358	0.2728361054400042	0.3636095570432818
0.1817202225634072	0.09096304895617072	0.09086791254403831	0.2728468047485314	0.3636020111878521
0.1817291028908093	0.09095278838140972	0.09086894290595252	0.27283712278947747	0.36361204303235084
0.18171840925136862	0.09095696898629399	0.09087164939675564	0.2728378051145679	0.3636151672510136
0.18173536676307198	0.09094251909997114	0.0908705813781217	0.272848485924988	0.36360304683384703
0.18172143906263688	0.09095613311619814	0.09087430704287862	0.2728443760489221	0.3636037447293641
0.18172489778965537	0.09094852864109908	0.09086919171789208	0.27284157070962567	0.36361581114172764
0.1817255438772384	0.09094697574587074	0.09086694042273186	0.2728399088185637	0.36362063113559506
0.18172934013173828	0.09094688513088481	0.09086815309982911	0.27283377292662214	0.3636218487109255
0.18172013243530594	0.09096216991741833	0.09087054928132755	0.2728365323250952	0.36361061604085276
0.18171337205537005	0.09095088227319444	0.09087386007867836	0.2728492972889415	0.3636125883038155
0.18171278326831314	0.09095562053070001	0.09087318947787072	0.2728389727050372	0.3636194340180787
0.1817181561929786	0.09095303743410274	0.09087477478888317	0.2728399972455103	0.363614034338525
0.18172131394287597	0.09095447853614316	0.09087438527166439	0.2728404781135476	0.3636093441357687
0.1817246297275465	0.09094505045124421	0.09087340269973426	0.27285075862667557	0.36360615849479927
0.18173241776078308	0.09095588172703137	0.09086890023924749	0.2728445027738067	0.3635982974991312
0.18172424854571903	0.09094937413234133	0.09086694925095187	0.2728481107874893	0.36361131728349827
0.18171747578232306	0.0909523503510583	0.090872632020511	0.27283624125136935	0.3636213005947381
0.1817183699014483	0.09094281195361799	0.0908692001173029	0.2728513843972799	0.3636182336303506
0.18173058485870924	0.09094898591960462	0.09087200325121766	0.2728477691805631	0.36360065678990516
0.181725626514374	0.09094364341321967	0.09087361496916813	0.2728469362793028	0.3636101788239352
0.18172859446954553	0.09094387949589688	0.09086931787639152	0.2728456479679462	0.36361256019021965
0.18171533050931085	0.090964658454144	0.0908746962723452	0.2728420995358009	0.3636032152283988
0.18172955655459982	0.09094284372133243	0.09086854339473395	0.2728475812084238	0.3636114751209098
0.18172228022561837	0.09096355197498068	0.0908753538234478	0.27283337184082035	0.3636054421351326
0.18172545249845834	0.09095721369173812	0.09087125829934915	0.27284237311632903	0.3636037023941252
0.18172447395351127	0.09094259666031458	0.09087055456727368	0.2728471994671346	0.3636151753517657
0.18172754840363142	0.09094595958912385	0.09087130123912866	0.27283494040173595	0.3636202503663799
0.18173235032818524	0.09094497793423732	0.09086864993498556	0.2728450427660493	0.3636089790365423
0.18173471689359313	0.09094442288040853	0.09087148811000603	0.27284375438497405	0.36360561773101807
0.18171556633891467	0.09095216225133262	0.09087143230619521	0.2728365994484613	0.36362423965509605
0.1817128546456323	0.09094552953564183	0.09087047612739417	0.2728510334135549	0.36362010627777663
0.18171498177998788	0.09094794031577637	0.09087417538473753	0.27284645750558656	0.36361644501391144
0.18171254038550314	0.09094682522094664	0.09087285931615349	0.2728469947965914	0.36362078028080513
0.18171581695996203	0.09094964648815101	0.09086840986553898	0.27284843686684873	0.36361768981949905
0.18172254049184122	0.09095218986579058	0.09087004695982726	0.27284895491490113	0.3636062677676396
0.18172331080403026	0.09095737100183154	0.09087433159337598	0.2728395181647234	0.3636054684360386
0.18172036542464634	0.09096417212917898	0.09086998610580661	0.27283295358326776	0.3636125227571001
0.18172924525091308	0.09095217802084293	0.0908741747598493	0.2728399112337746	0.36360449073461987
0.18172058408416675	0.09094865818472114	0.09086839941609519	0.2728463690359626	0.3636159892790541
0.18173056444430913	0.09095363100799918	0.0908737833347264	0.27283108073159335	0.36361094048137166
0.18171208934271782	0.09095577455453338	0.09087250753762029	0.2728478756880046	0.36361175287712366
0.18171713716004556	0.09095436509063035	0.09087007834329527	0.27285180745494486	0.36360661195108374
0.18171597386583146	0.09095831055181725	0.09086968110479254	0.272835923555658	0.36362011092190055
0.1817143468841668	0.09095856674045757	0.09087398568332533	0.2728430945571651	0.3636100061348849
0.18172578368069434	0.09095021666479912	0.09087013717599941	0.2728355943817754	0.3636182680967316
0.1817201701590049	0.0909522572981547	0.09086980345899819	0.27283631263177355	0.36362145645206845
0.1817182130934442	0.09095789705437379	0.09087017261045491	0.2728339213549205	0.3636197958868064
0.18171495488601047	0.09096246548717477	0.09087221976990298	0.2728356053209355	0.36361475453597614
0.18172044919704844	0.09095381735153459	0.09086915006434536	0.2728361315744948	0.3636204518125766
0.18171800558159926	0.0909433173632854	0.0908694828008954	0.2728503358367443	0.36361885841747554
0.18172679073658948	0.09096071072162373	0.0908711516996687	0.27284112827587165	0.36360021856624625
0.1817311667419818	0.09095910109374039	0.09087121096779538	0.272838960733896	0.36359956046258624
0.1817235007505575	0.09094239607378393	0.0908691620923058	0.2728496375193608	0.36361530356399174
0.18173331060041117	0.09096038399183808	0.09087328132781575	0.2728325320711902	0.3636004920087446
0.1817128375137842	0.09095620524944173	0.09087188332292567	0.27283484584337503	0.3636242280704731
0.18171507274221568	0.0909608609225476	0.09087320179195935	0.27284289473444456	0.36360796980883264
