0.04695301880533889	0.20852498650253143	0.22915042853471004	0.2783158786041121	0.23705568755330741
0.03745307942016329	0.14107428093134078	0.29492903563657447	0.29608044124758004	0.23046316276434123
0.04423870305929986	0.24129200519778338	0.2421764889820229	0.2521365080688649	0.2201562946920288
0.04881613133704671	0.21364355488366088	0.2177776749780086	0.25216719281503397	0.26759544598624974
0.048038291196968425	0.19615625118452817	0.21729259654874467	0.26967785470967587	0.26883500636008273
0.040676883996588614	0.2144080945148342	0.22873925707228307	0.2845988651155701	0.23157689930072392
0.03501107256838723	0.18703743228566355	0.292449795459465	0.24246886265081274	0.24303283703567136
0.04749976776565615	0.2442496674521438	0.2399984396489122	0.25182735568445763	0.21642476944883013
0.036227649038164916	0.22063164992515502	0.26355875500305587	0.28410619189933295	0.19547575413429114
0.04274078676273435	0.14734733967396904	0.22962652907462222	0.32924707068062775	0.25103827380804655
0.04282732330764974	0.2101042203729489	0.21388663315572123	0.3286850236257912	0.2044967995378888
0.04076834480676292	0.14182020093422923	0.27897054169874347	0.28736363858971603	0.25107727397054824
0.04329806992951571	0.23466788131170016	0.22950707136857096	0.2921369842890784	0.20038999310113464
0.03358651512359678	0.18805861517339642	0.2348805930677388	0.33176462080974045	0.21170965582552745
0.034086274614025164	0.17919773899164754	0.21938353835582738	0.3376189511482377	0.2297134968902621
0.047025614800505294	0.15193519956961038	0.2564279102653736	0.3041803284865397	0.2404309468779709
0.03526459108803165	0.1682603449640904	0.23039516075811767	0.32301080670365	0.2430690964861102
0.039943485335970974	0.14916478477271372	0.28879432372181024	0.3131203118906647	0.2089770942788402
0.03646117246032535	0.14315325631258422	0.28912291707585175	0.32136430005194905	0.2098983540992895
0.045838674549227076	0.1833681018634701	0.2276930804746335	0.26533037779965657	0.2777697653130127
0.03392841721059253	0.14985266711809683	0.2893060784393489	0.30329841635228033	0.22361442087968125
0.04393496028213981	0.20252287587611942	0.2591635164098001	0.2578994775842718	0.23647916984766873
0.0407367272404012	0.19951298000644815	0.25344060050720496	0.2607899348447299	0.24551975740121562
0.03787331022024357	0.2342031375971765	0.21289841024723158	0.30327053966346734	0.21175460227188092
0.035747575901378975	0.21923342208447044	0.2210135266763698	0.24307969585247002	0.2809257794853106
0.03918493954870872	0.16999260842939048	0.28152562117485297	0.3089137686882937	0.20038306215875404
0.047906425796324204	0.2207388395008333	0.2529554193326874	0.2686414843121	0.20975783105805496
0.046384096878166886	0.1567098352814496	0.2828688645835469	0.2556650543643614	0.2583721488924751
0.043217420517156296	0.20233204940633615	0.23395046903865924	0.2459031579284532	0.274596903109395
0.03466222633513061	0.18252416189817106	0.29587597488720113	0.26577521762397344	0.2211624192555236
0.036146889878357596	0.13694666920448	0.25214356321516296	0.30615872038117964	0.26860415732081966
0.042104546371302204	0.21134137019216162	0.2549605034229251	0.25451198509140255	0.2370815949222084
0.048818024304601165	0.16905300985873892	0.2112402201441659	0.2820840389462661	0.28880470674622777
0.044454551056342745	0.1732739489724161	0.27649561712186876	0.26567494157502775	0.24010094127434453
0.041018811542827216	0.141573106771611	0.2677332210138431	0.3157576687547966	0.23391719191692195
0.048658025728580245	0.1309656424712097	0.29181669833351537	0.25846306613944403	0.2700965673272505
0.038309681978194066	0.19040154947075316	0.23979826832781453	0.3098835713414332	0.22160692888180494
0.04308121908998577	0.16545961972749476	0.2270837022786217	0.3009362818191912	0.26343917708470643
0.046192528413577766	0.17983180762885717	0.25502814240046606	0.265470454663057	0.2534770668940418
0.03708562226056003	0.19431177759715001	0.28631585696735956	0.2847089215189884	0.1975778216559418
0.04352764465797476	0.16386401863622574	0.24037042371006628	0.3156934704246663	0.23654444257106677
0.03471820648361873	0.2017557054477585	0.26598770745061273	0.2938249533018238	0.20371342731618614
0.04467856886734903	0.14112898100321708	0.2603448606369955	0.28900080783137627	0.26484678166106196
0.04835030552375513	0.19480702254118878	0.2193427282311727	0.28423790453019304	0.25326203917369017
0.039340677121698836	0.13692796091338066	0.25700773461404913	0.32496369906184747	0.2417599282890237
0.04947104134891725	0.15297759388308194	0.2761931103267029	0.2645418538637291	0.2568164005775687
0.04368016120390372	0.1941786359507397	0.23554735229790782	0.2862500259020778	0.24034382464537082
0.04019711636904741	0.18754974639368818	0.24175176094945938	0.3046886407219257	0.22581273556587922
0.04309372577200227	0.17208066402327346	0.2941958659984184	0.2671876074802006	0.22344213672610513
0.04193709075768093	0.14562974739140805	0.23004896551087828	0.3346767707381094	0.24770742560192316
0.03517418773084363	0.18483180559610674	0.2737499935737666	0.31098555123508076	0.19525846186420212
0.04361221956936312	0.18179291260929506	0.22226397198124132	0.2873439286297627	0.26498696721033765
0.049270621731380915	0.15624938047830172	0.27090325061181614	0.3167904796570148	0.20678626752148632
0.04832419560188789	0.14171790981949434	0.24631861436680158	0.3209102273060215	0.24272905290579455
0.036457218352360266	0.19562288939239167	0.24178733701393357	0.26547273192524184	0.2606598233160725
0.03345207054821531	0.18793587221821448	0.23226110697888297	0.28097231469044864	0.2653786355642385
0.04118903185309336	0.1557297994246489	0.22527546158086179	0.3351300092910817	0.24267569785031412
0.03507257565728725	0.22466574142949358	0.21203068619957086	0.264404322173834	0.2638266745398142
0.043399675153251493	0.14320706360401841	0.2955191249403321	0.3041358749146359	0.213738261387762
0.035162264813121985	0.15970742307959318	0.28637503424995514	0.2521076569052099	0.26664762095211963
0.047471379861854957	0.1616909830100467	0.28761413215650544	0.27450894876567844	0.22871455620591433
0.035777448673686235	0.1485811215345233	0.2443997404526631	0.2944657569420901	0.2767759323970371
0.038711961524309196	0.1911801714414468	0.2632751772888501	0.2671828976018047	0.23964979214358909
0.044676280570608407	0.14255882978819712	0.24752507795661677	0.32889254640779386	0.23634726527678368
0.034299205088881596	0.17449358464291775	0.2954486499256761	0.2988023933675349	0.19695616697498952
0.04084551044727722	0.14925600138600975	0.29534741816690485	0.31270729467728836	0.20184377532251974
0.04179840810560645	0.14771669916318708	0.26687109922551433	0.2966552559989534	0.2469585375067386
0.03639035445621425	0.135664612929143	0.22583612853639853	0.3126232900182893	0.28948561405995477
0.03863319817141639	0.19843853300067682	0.2727381366848872	0.26891549889919575	0.22127463324382368
0.04564191628052683	0.15739918439241407	0.24485531670507868	0.2671321307489842	0.2849714518729961
0.04745804962588274	0.1769941144035621	0.21478978701308885	0.33450154791278297	0.22625650104468317
0.0354373567992074	0.21434288714170768	0.25196634131497025	0.2577249880526885	0.240528426691426
0.037557321345626005	0.24537986111484184	0.22484679835136528	0.24623224933532487	0.24598376985284187
0.041649321966306885	0.17852062256809226	0.28644742756066716	0.25788919626810597	0.23549343163682757
0.042827023875023684	0.2445805609632935	0.212894499212461	0.2699581627720944	0.2297397531771273
0.047131217224862104	0.13332073136711348	0.26547480374666027	0.2997108373565786	0.2543624103047854
0.040474051019357915	0.19469387346479292	0.2461203345249392	0.2847558461213791	0.23395589486953078
0.04321251052584496	0.13668671881876027	0.28258527174745063	0.319541189787158	0.21797430912078603
0.03834323364158565	0.14832908625444996	0.266982509419461	0.29463087182543746	0.2517142988590658
0.041000273556329625	0.2247952922584013	0.2707743839607285	0.26198410333208366	0.20144594689245682
0.03596558906773237	0.1826742759426786	0.25201465865362804	0.32259742056851903	0.20674805576744182
0.048074017423295756	0.20249967208043348	0.21711695511619497	0.30836003585187455	0.22394931952820105
0.03386437393808317	0.19782495438333977	0.25898618208741414	0.2629698498959531	0.2463546396952097
0.045357218734705496	0.1620337536487051	0.22692974168169425	0.28954651667011966	0.27613276926477537
0.04891637424124806	0.20567316934973132	0.2251962439444137	0.2940616664627703	0.22615254600183643
0.03568670304304808	0.2654628023864439	0.22741369531008832	0.2717955336479343	0.19964126561248535
0.048182202920920986	0.2110195404397716	0.22677641448852498	0.2711280992331603	0.242893742917622
0.04954710706958304	0.1976879513555049	0.2594991533779345	0.2784457848507105	0.214820003346267
0.04429882636962043	0.25746952612521345	0.2116489502684155	0.26259832735463173	0.22398436988211873
0.04736919486828334	0.19806307977357987	0.22550214467273702	0.31572148760933405	0.21334409307606556
0.04333575327006989	0.2053953898461999	0.2563768303699675	0.2630726885505614	0.23181933796320123
0.04021450502076182	0.26548088968759365	0.2096098882344081	0.24864298644664112	0.23605173061059515
0.03377256722924482	0.25417009156144804	0.23406751065269518	0.26897563355221504	0.20901419700439683
0.035930406443362456	0.22474139659337364	0.2616816107594283	0.2542316779251255	0.2234149082787099
0.041970595884634226	0.13538213135508248	0.2654933564775865	0.2674198650641528	0.2897340512185439
0.03802582044959987	0.18845901231008888	0.261388916221416	0.24690285794791228	0.26522339307098275
0.042027960420628535	0.17389534426481007	0.2584302458570177	0.2884257707298915	0.2372206787276521
0.03884631323698387	0.14320824770086088	0.26965165612994546	0.3024003713225511	0.2458934116096585
0.04661505447210873	0.1647112863266535	0.23363755848898862	0.2885989845179638	0.26643711619428523
0.045731201109857095	0.16446645767274964	0.24947045914008872	0.3324038957124138	0.20792798636489063
0.03659881170490073	0.18543300275934504	0.219273729895418	0.28383311069001066	0.27486134495032544
0.04276465831552462	0.20407179649080323	0.22036179420955856	0.24444675298489435	0.2883549979992191
0.045477093769797916	0.19781042265783544	0.22778695185502926	0.2565725044056812	0.2723530273116561
0.04103676065935613	0.1749566972056707	0.27745561190911566	0.2928405249291877	0.2137104052966697
0.042793678444749544	0.17992053413631076	0.22904515486522448	0.2743936118409728	0.2738470207127423
0.036767002677992655	0.16488152764900232	0.2578424166092297	0.32759881953166026	0.21291023353211494
0.033752234139101056	0.1762079949981573	0.26368113299966206	0.3114829116848846	0.21487572617819486
0.03528435905970359	0.23105397993249174	0.2730033470517998	0.26256825396361116	0.19809005999239357
0.03815879997190047	0.1947964501936418	0.24767904736014104	0.2872080939628494	0.2321576085114672
0.04784482508550983	0.2062800972773181	0.24898213843664407	0.2939409392066166	0.20295199999391123
0.03925904695037932	0.1506920337177014	0.24047306576065908	0.31949351286910466	0.2500823407021554
0.03743779257861035	0.17824324045120454	0.26069408151854484	0.2686952758555002	0.25492960959613997
0.048330976063033326	0.1745571112719047	0.22990482454097316	0.3127467976478087	0.23446029047627998
0.04091373958860883	0.22125545106393676	0.2130275585847995	0.25396775687192735	0.2708354938907274
0.034222446749541696	0.1617009192412875	0.21478748781565432	0.3207700167783536	0.26851912941516276
0.045671185181257457	0.20055922414574717	0.21655417898286214	0.24964233460570456	0.28757307708442853
0.040595490011377466	0.19802618403692432	0.2809755005492922	0.2687743174576367	0.21162850794476915
0.04001969981933379	0.22777209634905632	0.25582452321839727	0.2639382405101661	0.21244544010304645
0.03706429983260928	0.20138589115769098	0.2276048332057571	0.2794314269246958	0.2545135488792467
0.04906900853765678	0.1462991555877458	0.2576140555300961	0.31985824054218076	0.2271595398023204
0.03860997988854753	0.18179673604795543	0.2615838724206826	0.3012659877794548	0.21674342386335954
0.04469903566776051	0.17830422992389502	0.24203916669755224	0.27820434791580845	0.25675321979498367
0.037172531853050944	0.14070656821994063	0.28504464709357236	0.2817210556411353	0.2553551971923006
0.04874045630702814	0.19742088795609822	0.28191984320440894	0.2484706727977658	0.2234481397346988
0.040048616250145136	0.1857766442417042	0.25502876902711596	0.2717434884625342	0.24740248201850037
0.04146810050630095	0.20020562662601446	0.2850933552671756	0.2736346608275518	0.19959825677295712
0.036665200187374736	0.19280746592440098	0.27836366539163776	0.26909433169592456	0.22306933680066182
0.036881081733606685	0.19483087884536504	0.26799733445161966	0.2820184825970247	0.21827222237238378
0.046036055401727755	0.23099716509665913	0.21049445619906854	0.28673897256132164	0.22573335074122278
0.047112100392664336	0.1783163802827148	0.2795781921632735	0.2712481153166195	0.22374521184472773
0.03959020093651569	0.2626181539679887	0.23168640001201773	0.24325327364515292	0.22285197143832486
0.04920711776325226	0.1662139161439843	0.2535869593392692	0.31526014854555473	0.21573185820793936
0.04271326537667419	0.1414535937602744	0.2736331073534665	0.3086209254981168	0.233579108011468
0.0456600930750396	0.17048819014690178	0.2167196980156331	0.3322237745204829	0.23490824424194254
0.04618901722387464	0.1835819931462466	0.2540472130590872	0.31109099266924833	0.20509078390154314
0.03807166722771427	0.14106830320543998	0.28607023695149825	0.283579598848154	0.2512101937671934
0.035316938228119626	0.2066095224421125	0.2596463739728975	0.24397353130512753	0.2544536340517427
0.04008260156683585	0.18280939997869242	0.22286642443994392	0.27689874052043717	0.2773428334940905
0.04588630231601798	0.24152532126317675	0.22524875838559277	0.2831173672219012	0.2042222508133112
0.04748627515261056	0.18216408637976456	0.2696720205966971	0.28793258383853493	0.2127450340323927
0.03855928502439149	0.14724023119353236	0.27519219880225	0.3155576053638708	0.22345067961595527
0.03898455741118939	0.14534397502174293	0.2918185497667801	0.26818635387229606	0.25566656392799136
0.04532384877861356	0.22455815307723612	0.2672131144928134	0.249323361668955	0.21358152198238184
0.04139482750011486	0.1459638135258324	0.2387194444027445	0.29896619568107097	0.2749557188902372
0.03422834692932472	0.19483830482776968	0.2787470556516305	0.27357680258216477	0.21860949000911017
0.04138312441898298	0.2025597663343786	0.22545429046202348	0.30500568579281406	0.22559713299180073
0.046859992019187724	0.13678947301577432	0.23855970218041792	0.2915368396971012	0.2862539930875187
0.039722719946688856	0.14843022631684816	0.2747161433834954	0.2842774232818729	0.2528534870710945
0.03625347716096572	0.20869716625241974	0.23714648476339706	0.24936477651979036	0.26853809530342704
0.036555244230938616	0.198807921952755	0.22657101639564362	0.2697819856004257	0.26828383182023696
0.03756097663346358	0.1663875980274312	0.2822347619730905	0.24650455327454268	0.267312110091472
0.045149578915645666	0.13140503896206585	0.2622694403125604	0.3001494509102595	0.26102649089946844
0.03519364953045384	0.24388712227871706	0.22495798362479427	0.2635993250858572	0.23236191948017748
0.04046225737167361	0.20186951921478485	0.2182166456883197	0.26402899737159613	0.27542258035362555
0.044649756291649884	0.19257194518116744	0.22315967730509276	0.2990230480664463	0.24059557315564345
0.035784044731324655	0.21448943369054554	0.2293505356200303	0.3229291274022857	0.19744685855581362
0.04438918512546669	0.16327641821705322	0.2572204416074972	0.2528844703709337	0.2822294846790491
0.038798927662744565	0.1722707846100381	0.26243224566687895	0.2761181144981791	0.2503799275621591
0.041687746654288815	0.2288219903900372	0.22420727090613485	0.2753433897055002	0.22993960234403887
0.04244719286864085	0.2725250249595977	0.20964703445006036	0.26635897811206183	0.20902176960963917
0.03604450194537584	0.16920338706029261	0.28858975337676607	0.2559240827349192	0.2502382748826462
0.044886015043209326	0.2422045423904283	0.2609883785342644	0.24720996857361863	0.2047110954584792
0.035982499659276634	0.2329782466362705	0.24268516864094014	0.26446681661398996	0.22388726844952261
0.04234002724057645	0.199848992595823	0.2674273185981213	0.2874976999396981	0.20288596162578101
0.03344644421193202	0.1353135345049055	0.27787434365524466	0.28567872556954255	0.26768695205837517
0.04464973599311817	0.22962193095377165	0.22186479902320289	0.2538702458669268	0.24999328816298036
0.033496053511724716	0.2667640090731116	0.22028068185419947	0.24767497846893322	0.23178427709203087
0.03578154522830301	0.14286866010030289	0.2715422822430791	0.29016413694995347	0.25964337547836147
0.03818518452308864	0.1743388458952254	0.23605496086280095	0.3115032775399847	0.23991773117890017
0.04775113255164651	0.14122127255163464	0.2863698731995055	0.27908235990309893	0.24557536179411432
0.03396106826769971	0.1630590942782334	0.2568164553838692	0.30404932048260064	0.24211406158759696
0.040633611573769546	0.18878110422782401	0.2855039663641869	0.2821297842890418	0.2029515335451776
0.040022307516655614	0.23581336747812986	0.27889671756002105	0.24581745680950026	0.1994501506356931
0.042921549156534095	0.1597733019694605	0.25328940045670467	0.2599609906226734	0.28405475779462724
0.044961000989617333	0.2216068476728919	0.21956170566858063	0.24310083090577217	0.2707696147631379
0.03768708484218744	0.1419713385697276	0.28529193573744777	0.24586204791924798	0.2891875929313891
0.046654258834870205	0.18950080854065235	0.22433209036592078	0.3180518511468451	0.22146099111171144
0.042423869747775095	0.17323057676266004	0.2570040452712736	0.2667609197967211	0.26058058842157006
0.04899150023656726	0.2441378189496915	0.21154890758103823	0.27462845917668854	0.22069331405601433
0.04090037826632592	0.21180481097346904	0.2974963314577491	0.24455986575876057	0.20523861354369521
0.03655375075196013	0.1818734718878183	0.25179587979087775	0.25603042960270167	0.27374646796664204
0.04298565787111713	0.19449183267408313	0.29147215439500224	0.2463373858500227	0.22471296920977468
0.0340696358569631	0.19857850481913122	0.23402367944182628	0.2896306288403718	0.24369755104170748
0.03608636838756413	0.1863094695194233	0.22953957692659588	0.2750103252440459	0.27305425992237065
0.04896129046505765	0.13296714870923726	0.2572858563059275	0.3327432058136113	0.22804249870616622
0.03665626613252754	0.1862454868124948	0.2754600965719789	0.2679558483565869	0.23368230212641172
0.038806416213018335	0.2099877303808264	0.2297324685321253	0.30972475021580037	0.21174863465822946
0.044013303376109175	0.14694038668850634	0.2673678153770024	0.33686614455817643	0.20481235000020553
0.03625909224524315	0.15044705266303085	0.27648020067653234	0.31412716266644714	0.22268649174874647
0.03543240343508372	0.18476717645855456	0.21182204416466724	0.2835312192829815	0.2844471566587129
0.0469696295739524	0.22409801816504404	0.261024886290995	0.24371029292273247	0.22419717304727596
0.042899273252085535	0.1768727735587387	0.22516365508881053	0.31333832383680565	0.24172597426355946
0.048612431133140316	0.17042580113573214	0.2311599140231806	0.2813622003078662	0.26843965340008064
0.04071581027108226	0.15189547741418086	0.22213866732309318	0.321669533914732	0.2635805110769116
0.04337674629658336	0.15534788715328662	0.28115670975097373	0.2449116590587005	0.27520699774045565
0.039737624246773434	0.21337758905453358	0.2324185547682201	0.27186322492375026	0.2426030070067225
0.034346263046385994	0.17871671860644636	0.25869530537266394	0.29604292381474406	0.23219878915975956
0.040883635418165115	0.1716512538069061	0.2833989735967478	0.2512485118689269	0.25281762530925395
0.04165401650053527	0.15620089865539125	0.26392961226634776	0.25551014120481064	0.282705331372915
0.04077539770239633	0.19190761856963862	0.22630059948646525	0.27992408761683546	0.26109229662466427
0.040420121398718034	0.13354823239065006	0.2602679931301405	0.28966756642107194	0.2760960866594193
0.040098866973067054	0.16417392598528996	0.22878881406203916	0.2887533053575428	0.2781850876220609
0.03730777588661227	0.26719461780723774	0.23530996899903428	0.24678103523557934	0.21340660207153625
0.04450232879110841	0.20602594339432637	0.2590107637510362	0.2926462510631737	0.19781471300035514
0.04425442258335438	0.2591360515258931	0.21082719349491272	0.2632476593180923	0.22253467307774738
0.040311345692156886	0.20069521923210829	0.2817701012198166	0.2658226379173567	0.2114006959385614
0.039594376522149616	0.1724791312269735	0.22424768471197992	0.27795535506272434	0.28572345247617253
0.04143678123276667	0.1313830746213169	0.28396521546004777	0.33301558282259713	0.21019934586327144
0.04106520219980522	0.13027739885371373	0.2719205750216335	0.3133349827340303	0.24340184119081712
0.04334110945450578	0.17409186643597555	0.29594934025319153	0.2410970503471688	0.24552063350915823
0.044606615903588775	0.22386206026207564	0.2722956029821786	0.24871581124157618	0.21051990961058062
0.04909512847751413	0.2268143119684779	0.2404414802920568	0.27185685546332405	0.211792223798627
0.03970424669438122	0.20403719366657935	0.23745435709548413	0.25001507645202653	0.26878912609152866
0.039421301165725675	0.20823771181309764	0.29139974573068583	0.25145159128100475	0.209489650009486
0.04490384911262285	0.21799178934314184	0.21040490313843513	0.28538360323496165	0.2413158551708384
0.036650242595722415	0.15028903182883507	0.24453597856509254	0.30218538640497394	0.2663393606053759
0.04100618231686759	0.1423918373256169	0.28930284853432975	0.2488183205720969	0.2784808112510888
0.036052481122644475	0.17248482110104033	0.2824081246283592	0.27132116786347904	0.23773340528447684
0.044375734423264535	0.17679780614440857	0.2438807714926228	0.32026899263881925	0.21467669530088468
0.03593861968212206	0.22911206862297817	0.23455338589911473	0.2977496928055233	0.2026462329902616
0.04346051092587294	0.16023706400078502	0.24690559576829413	0.2695369301436186	0.2798598991614291
0.046552918720727254	0.2527914529901726	0.21160463275627106	0.25785885516472506	0.23119214036810395
0.04971900086363412	0.2578148224066542	0.21105878242629383	0.24816817532341934	0.23323921897999833
0.04336295050544492	0.1946765132871877	0.23055562307714217	0.26783165765441536	0.26357325547580973
0.0391739937735156	0.23923765109899114	0.21969564217795903	0.24809786476930618	0.2537948481802279
0.04192249912710708	0.17023745134626975	0.2956546467928245	0.27032272306770705	0.22186267966609147
0.04827343085628849	0.19460650607791902	0.2222137646058859	0.26707267691996	0.26783362153994644
0.03379778970796765	0.1951744239936152	0.2552827345705784	0.2929898138308027	0.222755237897036
0.0467784827726071	0.2305893764920863	0.22883640086529491	0.2527874308364184	0.2410083090335932
0.046019076752125965	0.19811637736863313	0.27123673881948007	0.2703671636149774	0.21426064344478332
0.038011917133069145	0.1659167116795913	0.27367606883811313	0.25257928799349816	0.2698160143557282
0.04129014731531122	0.18183789754304422	0.2551388786614924	0.2449210225085446	0.27681205397160746
0.03474262575973869	0.1898749086766242	0.26161666081595353	0.30624275563715786	0.2075230491105256
0.04463316413335022	0.17616784057485987	0.2766214421951942	0.2560935383452624	0.24648401475133322
0.04233270581177262	0.25738350774975904	0.217509020730077	0.2653156701147163	0.2174590955936749
0.03636530176957978	0.19150781772512315	0.2201022355251973	0.3169844228292426	0.23504022215085704
0.04462772398510667	0.22755674540822718	0.21715469651168823	0.2948218902698135	0.21583894382516428
0.04373661026885525	0.15773584065808555	0.21372003956504043	0.32145495780927963	0.26335255169873895
0.042765380419705845	0.23045248777043964	0.22088276068460455	0.25210730762215094	0.25379206350309885
0.03667224391993906	0.174619928271036	0.26118465066310653	0.30638232154675715	0.22114085559916108
0.04793382866790899	0.2152559864895211	0.21433972679037963	0.3154958335085457	0.2069746245436445
0.036432296232225214	0.2711320810324003	0.22947853123728224	0.24522197433237491	0.21773511716571722
0.033742082349434266	0.139453377382389	0.27054379512308513	0.2808575998045001	0.2754031453405914
0.03690055302231851	0.1814391077402162	0.2537409311590913	0.33052853793394177	0.19739087014443213
0.040821700257488436	0.2535661873070899	0.2269195600344148	0.25575864465017234	0.2229339077508344
0.03962788776162829	0.18981764646113855	0.24242577736139825	0.29138516867378805	0.23674351974204674
0.043725523196883914	0.18818304264141797	0.23189421387666787	0.29585976166348105	0.24033745862154907
0.04709176085430272	0.1375095790425695	0.2553545569760382	0.30435029878801495	0.2556938043390745
0.04171662474365245	0.18728616511915827	0.24511335894959002	0.2988599504633762	0.2270239007242229
0.03439128398068508	0.25056256346512695	0.2681015350069358	0.24844495585712334	0.1984996616901287
0.035021450897083056	0.15826973236967382	0.26974261588093124	0.26061992050733046	0.27634628034498127
0.03373635653927953	0.2187796788674872	0.21127166666696517	0.2921863964757473	0.24402590145052072
0.03404170807771012	0.17565059564076785	0.24084236411035456	0.3271851857648316	0.2222801464063358
0.04746075325465629	0.2751479160502087	0.2216669183431923	0.24855837569572728	0.20716603665621527
0.033897721920973206	0.13764662247613868	0.23390039225726628	0.32907111618886253	0.26548414715675916
0.04413930632874821	0.16350915385169174	0.2180354609668094	0.2978968043986746	0.2764192744540759
0.044918529081825476	0.1316491763785856	0.2373982416505561	0.2973576789939058	0.2886763738951269
0.034438387689557176	0.22842376574766382	0.2576168277502849	0.28391642674933243	0.19560459206316158
0.04166046034108112	0.14086767745202267	0.24699473016489262	0.3280664336367176	0.24241069840528584
0.045281848274007774	0.23603966511450736	0.21757177943634604	0.2990468783221266	0.2020598288530121
0.04159762802743888	0.17377353621963004	0.2765682528691481	0.2503273517743067	0.2577332311094761
0.03960334773228438	0.14893549925523705	0.2468694750280486	0.322613780778786	0.24197789720564383
0.03747551942513469	0.1655672435337922	0.2546612010509014	0.2724508805573165	0.2698451554328551
0.04739000353645928	0.1413636907489071	0.2648089111565141	0.3265076999550103	0.21992969460310913
0.033899198153735294	0.18494931120054905	0.28995374842219546	0.2794600711600625	0.21173767106345762
0.03351201781947269	0.22538606968270836	0.27817006319589327	0.24911753595463393	0.21381431334729165
0.03480021255097174	0.20318634939102465	0.2173780266312309	0.28636227095775335	0.2582731404690193
0.038712654192055274	0.15973860290760986	0.2940960914358615	0.2856982368025325	0.22175441466194076
0.033599756001000736	0.19068226563806215	0.28197771509122743	0.2837605983046103	0.2099796649650993
0.03471670068742608	0.2547397466121431	0.2119994398357675	0.26251816919909254	0.23602594366557067
0.03968135636202624	0.19705292121404036	0.27309123162517746	0.25366955216580606	0.23650493863294977
0.04096521414707033	0.21505065742185303	0.2660363533021915	0.2580406516382415	0.21990712349064345
0.03478721673676399	0.16766313184509635	0.24259439255836496	0.2904456183345644	0.2645096405252102
0.0423736515345918	0.14319856843865994	0.2857776226528147	0.24421798699034425	0.28443217038358914
0.0386453716368623	0.13308273423592665	0.24705237355611587	0.32868664074437626	0.25253287982671885
0.03725974945065749	0.21718619787937704	0.22252494131187545	0.2716018150568809	0.25142729630120897
0.047626288339654904	0.1931803554461455	0.25315645629604605	0.2979086035649362	0.20812829635321717
0.03792061947742817	0.18685359858729617	0.29565615068866763	0.2816731562411261	0.1978964750054818
0.03769448160280267	0.24969631777735068	0.25588125397643724	0.25422467564973317	0.2025032709936761
0.046335236558043946	0.15869006844238293	0.22161532336272488	0.28687811736865654	0.2864812542681915
0.037904788565454484	0.16744616774624047	0.29223519021013855	0.2753857082878896	0.2270281451902767
0.04240847057055763	0.2691782702356985	0.21975262192011025	0.24234786801944813	0.22631276925418536
0.04888916174690722	0.21299665723657726	0.26672561931109984	0.24720407291868352	0.22418448878673203
0.03720343790915076	0.24101383908400312	0.250950120132757	0.26074468943081364	0.21008791344327538
0.04777856399518124	0.16074015177229556	0.24361728222864448	0.2911624869633387	0.2567015150405399
0.04618455294423396	0.173090038226994	0.24286678495880484	0.2494481894095329	0.2884104344604342
0.04149492677134081	0.19040830525286154	0.22658087627177886	0.3106938667434717	0.23082202496054696
0.04700173640102928	0.20813223973497733	0.22839065641367653	0.3035232297175251	0.21295213773279165
0.04743309038335211	0.20068229539704152	0.24438566948874413	0.30341305210100655	0.20408589262985558
0.0406551802529542	0.20614844470499044	0.2739931378866867	0.25173474882112823	0.2274684883342403
0.036006151081768745	0.1621051792425897	0.2904215408884005	0.2532768183003573	0.2581903104868836
0.04712075277563266	0.16501563367159802	0.2253523496972528	0.31834605296340107	0.24416521089211535
0.04293439287875117	0.14591943741257427	0.2935503395273354	0.24823613649017623	0.2693596936911628
0.04800668126148211	0.14964303364604892	0.23608397041978085	0.3293933229759263	0.2368729916967617
0.04583227559983008	0.23130370749763138	0.22737142201354546	0.26787041174203585	0.22762218314695715
0.034213813326959525	0.22294798173937963	0.22105850684432504	0.31432144727536887	0.20745825081396682
0.03348067455030021	0.14044185281507587	0.23498571463835538	0.3298830337095169	0.2612087242867515
0.036848511144591034	0.20666190262874695	0.2175057893212427	0.3049010631113769	0.23408273379404232
0.04691611615442426	0.20636381078573596	0.2393859784449947	0.3086220034782807	0.1987120911365642
0.045169530703538435	0.21757554878874286	0.22072531411588137	0.3098089043849541	0.20672070200688308
0.03579859242899741	0.25073227299228634	0.21875128843370184	0.29218650986007816	0.2025313362849361
0.04239901606276786	0.17479204751689342	0.24741890700833566	0.24608081990059866	0.28930920951140426
0.03915579960679885	0.21163390050962483	0.24454956250191812	0.29114947537790736	0.2135112620037507
0.04297031224311726	0.24431465654153525	0.2227257202039531	0.241155610325339	0.24883370068605526
0.033817021830048505	0.1712693093128766	0.254766598363872	0.2869960352005254	0.25315103529267735
0.037229378109859185	0.13508493479691266	0.26767870961171003	0.3160517991938345	0.24395517828768343
0.04139653221079587	0.20332237876088546	0.2409965559158215	0.2763393267959363	0.23794520631656074
0.048883600432475055	0.24298357170484142	0.24769835773068208	0.2463960584986137	0.2140384116333876
0.04676836318432126	0.21275571887801079	0.2525220941889916	0.2772638551669623	0.210689968581714
0.04795406825639886	0.26896701030459375	0.22303505596744844	0.2412089166751495	0.21883494879640933
0.03762869113670239	0.21931944564642175	0.22185928859865098	0.2520469230030024	0.26914565161522236
0.044470665618745325	0.1672922199641027	0.23109004459914076	0.291429117675592	0.26571795214241917
0.04441902958824412	0.24248040764054993	0.2433483760014928	0.2676546259328628	0.2020975608368502
0.04484380556897766	0.14921787958534988	0.24544371676313198	0.33712630075604744	0.22336829732649296
0.03555073794697039	0.1993324483652453	0.2748131441145479	0.2861847831548186	0.20411888641841772
0.04231253418223488	0.20869272598974836	0.22658805892980816	0.2916030924170574	0.23080358848115112
0.03616161658196518	0.14893018285807386	0.29413845427847773	0.2513667867059017	0.26940295957558147
0.03462430308369843	0.19308405131132786	0.2159105254936208	0.3201005084828446	0.23628061162850816
0.04972351339723852	0.16880259309153842	0.24936652561372946	0.335242774765836	0.1968645931316575
0.045074013267768026	0.22721509669877193	0.21628919495851545	0.2549938264312494	0.25642786864369504
0.03834198224771754	0.1914163142055996	0.2532005987998083	0.30203562500209136	0.2150054797447831
0.043848015779729826	0.20293791981336573	0.23618485180023116	0.2912582552477721	0.22577095735890101
0.047766248712787174	0.17190481454072548	0.24865806196181017	0.27391522801848334	0.25775564676619367
0.04328881108909327	0.13028034367834473	0.2557886366017106	0.32259490317973805	0.24804730545111323
0.03532866599986123	0.23281804074532828	0.23045289956093573	0.25380742140927925	0.2475929722845954
0.03496988469267598	0.20435395400999584	0.26255203975478225	0.29672494128305366	0.20139918025949216
0.03654189955539197	0.20068765795643187	0.23512668433535827	0.2825089942602241	0.2451347638925937
0.04802157603578874	0.22232658723550922	0.2596945994567034	0.2502660425502356	0.2196911947217629
0.03688309603723253	0.22235091315314356	0.23782829443143597	0.2619704813450863	0.2409672150331015
0.03550365295862676	0.20629665333214692	0.24516328528924353	0.31632368992986576	0.19671271849011696
0.04746276961622062	0.21357963865634533	0.23972141476705983	0.25021398596774375	0.24902219099263034
0.048393909662319545	0.13663258744788945	0.2801680623186331	0.3345397555907601	0.20026568498039768
0.03989263678415561	0.14138649377861817	0.25415859987726275	0.2981417801951879	0.26642048936477547
0.04327186908057887	0.2544112200172397	0.2116732685869716	0.2791945743425755	0.21144906797263424
0.0385337518779931	0.18529327369223605	0.2611201408810785	0.28491710058252473	0.23013573296616752
0.04338354879068668	0.17612265284870632	0.25171534450817384	0.3253934043130349	0.20338504953939815
0.046348823716105825	0.2476106054640077	0.21659014278736324	0.26427998252210855	0.22517044551041454
0.036274328461824046	0.15157189392621295	0.2410593280508449	0.3252297537751857	0.24586469578593223
0.04692411802737623	0.16365086505020246	0.2378894887782435	0.2853800123806016	0.2661555157635761
0.03941116290196528	0.14204407079868017	0.29759028130299936	0.24268120284574357	0.2782732821506115
0.03584091923065777	0.17249112520436	0.22455505438839388	0.32000048588728974	0.2471124152892985
0.04314285328379097	0.14203822659131574	0.2402015297758707	0.31295095292605424	0.26166643742296825
0.03710714767209489	0.14188490447765414	0.2775455891783795	0.33211889051276483	0.21134346815910648
0.04431717522865955	0.18639417924594942	0.248611932218257	0.2524203598642917	0.26825635344284227
0.0465875965005631	0.1844757422527708	0.24366957804643027	0.2980355800411703	0.22723150315906537
0.03669182866423909	0.1730476517417559	0.24553795765576036	0.3204780863116322	0.22424447562661234
0.044943152139642895	0.20720352568964862	0.2635176996655737	0.2869472751015816	0.1973883474035531
0.04657136220121491	0.19452836755280145	0.22961952867934426	0.26453007696857883	0.26475066459806046
0.046730236782018986	0.13907721211020502	0.24491958289489701	0.29884338475006783	0.27042958346281104
0.04492903658347938	0.14228347783603346	0.25433797045153816	0.33221381428371766	0.22623570084523115
0.04314772366796557	0.13350467869371546	0.25874346727630004	0.2874538153770295	0.27715031498498927
0.03504905509924011	0.18234112756959092	0.2934131320810329	0.2528748662729172	0.2363218189772187
0.03642287543881323	0.18539539212505157	0.24760978640271486	0.33182754033439776	0.19874440569902246
0.04416785851977484	0.13874436462306267	0.2730826858829245	0.2672796868631234	0.2767254041111144
0.037425094748080784	0.21373346754915143	0.22450939350867183	0.3280414395674087	0.19629060462668713
0.0432004715058707	0.16907949903873842	0.22806899464228897	0.3051930417476021	0.2544579930654997
0.04421828473338907	0.19912817421283013	0.24761167975985765	0.2552913416717452	0.2537505196221779
0.03744826930521375	0.1739300326595759	0.25725026694890546	0.3305284035630599	0.2008430275232449
0.04273713501660098	0.1601527309288859	0.28445862115596493	0.2850019975523369	0.22764951534621114
0.04587587352234024	0.16756097576678292	0.2674179428392649	0.3181201195289459	0.2010250883426659
0.03941506463906205	0.18624345690490746	0.2837519895736071	0.2877514109357873	0.20283807794663597
0.03705244775445776	0.2508782881912522	0.21348918411584952	0.28776834837391385	0.21081173156452657
0.03881235300561653	0.20173802900479998	0.2771730114452724	0.260944002566457	0.22133260397785395
0.04172019951146097	0.24371969668390622	0.21327264192966494	0.26801000480721754	0.23327745706775022
0.04049589521237404	0.15052362953859355	0.2586725803524685	0.31992093531009974	0.23038695958646407
0.043245086976339525	0.14917053291504498	0.28816010471150155	0.2955493312776598	0.22387494411945402
0.04131400206202368	0.2318588922438447	0.23727972915548837	0.2428732427866575	0.24667413375198563
0.04692467091042005	0.22117645416084478	0.23228553100995208	0.28720250883660636	0.2124108350821766
0.04174595413891802	0.19941203441050087	0.21054412224135863	0.32813891038324206	0.2201589788259803
0.04886288174730535	0.26428467010882284	0.21955600336401176	0.2501082708602985	0.2171881739195614
0.04697057173795144	0.2629040670532688	0.2213838172302311	0.25943776273437136	0.2093037812441772
0.04359831627457514	0.2068408107714028	0.23463208262535606	0.285695142132211	0.2292336481964549
0.0356858702087908	0.24895968760326362	0.26076492034814486	0.2525650724784061	0.20202444936139446
0.04426364576861935	0.23959702884519718	0.22813882240527805	0.267299069116528	0.2207014338643773
0.0384232007060116	0.1988644898493321	0.2308745911989608	0.3306599603205903	0.20117775792510503
0.03736099043135169	0.17058114022594184	0.22500776006246714	0.31040817253478953	0.25664193674544966
0.04584621300571115	0.2274005355760975	0.22291001004959216	0.25661379721834365	0.2472294441502554
0.04332841795668818	0.1996795947295243	0.26475769874069466	0.2597832876090613	0.23245100096403148
0.039522407030196105	0.14182530539483085	0.2712489896558789	0.28124646250826624	0.2661568354108278
0.04306704730609881	0.161876719757233	0.28108563646494417	0.2421484630911721	0.2718221333805518
0.03500611489385094	0.17418944179954682	0.25936864166493023	0.2629471584398444	0.26848864320182747
0.04671238549138926	0.21069504274523163	0.2922700489620731	0.2470104440003334	0.20331207880097246
0.04454321811283446	0.13421959189060367	0.25667013786145343	0.3047767518321472	0.25979030030296113
0.03710804822432065	0.16276729846113386	0.22103211351494878	0.3120893601514726	0.267003179648124
0.036151015698211275	0.26050136745012836	0.21068810139308936	0.2879821570928472	0.2046773583657237
0.04139596935111334	0.21235730614472004	0.2315019556770674	0.26020618698228803	0.2545385818448111
0.0410060982383843	0.15688572311556104	0.23020412449812916	0.33683755887623745	0.23506649527168794
0.04957016313623416	0.17810104117700687	0.2396148323379941	0.3284747857451414	0.2042391776036233
0.03504772310022569	0.1442492963929897	0.2321422537886281	0.3362280240525721	0.2523327026655843
0.042928890155888466	0.26585990008271604	0.22012353281960656	0.2414792663016023	0.22960841064018656
0.0457092465032046	0.23463639138772716	0.21693140971776648	0.30544586202609175	0.1972770903652099
0.04755310703333018	0.1336291354482083	0.2554940406165761	0.3248002653753411	0.23852345152654408
0.044725357544589006	0.273985610383858	0.2203977752530134	0.2625501283381496	0.19834112848038982
0.04379191460356732	0.15783930253997278	0.27890487249463924	0.3082986339437782	0.21116527641804234
0.03835824453189285	0.1416391019008702	0.2757814941433056	0.31277160702293105	0.23144955240100012
0.04435442309475768	0.2508353781380869	0.21583382543971133	0.28611877546282993	0.2028575978646141
0.04675276980336601	0.15744063811363207	0.2773476402341718	0.2703093897997621	0.24814956204906785
0.033975918355587054	0.17140269582112327	0.23605552803951863	0.33233374611411637	0.22623211166965457
0.03485440933708012	0.1768246023969562	0.23970803740511712	0.2720002669269452	0.27661268393390126
0.046495823735254516	0.19520261256326762	0.2175013919572836	0.26947119897078575	0.2713289727734084
0.037432186844036736	0.17210305309352567	0.2584417292012356	0.27599419016369964	0.25602884069750226
0.04263101714749834	0.17937505140169813	0.22799160468508542	0.32921160018604323	0.22079072657967475
0.036160242783204566	0.26799042601759915	0.24434365800284388	0.25213537970293787	0.19937029349341448
0.038058766460078136	0.18661795408779572	0.24933355527789294	0.32244555536039565	0.2035441688138374
0.04552455544051953	0.24822133294522436	0.24198693124393642	0.258417396222249	0.20584978414807054
