0.17642877104568913	0.15080316713732142	0.311639210702534	0.2633226021854852	0.09780624892897012
0.1693356687263016	0.1530471072612699	0.3193099256382781	0.2636526299450984	0.09465466842905182
0.18589802126621868	0.1615558519338924	0.30785479053851	0.247792217639314	0.0968991186220647
0.1746281789992082	0.1610308697948993	0.3080221654111686	0.2550261414653332	0.10129264432939045
0.17353459805601668	0.1588139296022489	0.3196032209360439	0.24810577106207282	0.0999424803436175
0.17642431334953665	0.15502539730643605	0.32340486215656045	0.2518325839811696	0.09331284320629703
0.17520338288182974	0.16084175110954932	0.3135838229701866	0.2530535505776147	0.09731749246081944
0.1664589548029309	0.1544486118497348	0.3153776935002529	0.2651855746370481	0.09852916521003309
0.1742440574857113	0.1501763562254855	0.32765380507143377	0.2504391981537665	0.09748658306360274
0.17339156052338167	0.1609986799468484	0.3132705757852947	0.2547985383346296	0.09754064540984536
0.15580671802458507	0.15539666615862838	0.3303065566962321	0.26473482344294524	0.09375523567760902
0.17473396289212378	0.16305816187567654	0.3096886648550439	0.25135441047009777	0.1011647999070578
0.15492116147175905	0.15822952979997496	0.32373187762082084	0.26474866215740134	0.09836876895004368
0.16105066747947328	0.15812719277132983	0.3175634753470987	0.26674992516064516	0.09650873924145278
0.17534870010797618	0.1615357323699484	0.30792863673452747	0.25878229330670943	0.09640463748083827
0.17000328773420467	0.15665580673473556	0.31827615588890873	0.25395977048660645	0.10110497915554434
0.16212958348445158	0.15246337172485952	0.3187742908986946	0.26890808686992784	0.09772466702206634
0.17608756662013497	0.15704750037557538	0.32043901719595247	0.2529215865460061	0.09350432926233088
0.16737908457104184	0.15991357411026474	0.3146301990800685	0.2624332073988719	0.09564393483975277
0.17045469121140622	0.15196331289457793	0.3131837558568308	0.2695825552395642	0.09481568479762062
0.15939414984647382	0.1612109981256247	0.31261998576307437	0.2689380297099251	0.09783683655490177
0.16736712549908217	0.15541400180793807	0.32618365404902927	0.25576112730880063	0.09527409133514958
0.16692958062731453	0.15463382520021757	0.31801869462669863	0.26112333216130545	0.09929456738446363
0.17940530698033888	0.15168513526822025	0.30881414547952774	0.2617639160337878	0.09833149623812511
0.16880092586687873	0.15689320251320799	0.31229338160084325	0.2621026995609958	0.09990979045807404
0.17122158687294795	0.1553425403790873	0.3297877719757498	0.24848285754664423	0.09516524322557049
0.16121700218655033	0.16026360918439186	0.31446868500812014	0.26592929756903655	0.09812140605190095
0.18551262272309013	0.1502375957068845	0.31408019825424993	0.25636860676218776	0.09380097655358745
0.17420182412873508	0.15356480419780974	0.31599037065515573	0.26257043100638633	0.09367257001191293
0.17692498957651653	0.1538241499017875	0.3146470696642759	0.2558280814380631	0.09877570941935668
0.16029137372977284	0.1604685618082839	0.3155480444644726	0.2658614800136255	0.09783053998384499
0.16938876671992753	0.1601528765512585	0.3128051793251747	0.2570622491100259	0.10059092829361316
0.1687295073659869	0.1532043962739189	0.32065827926815615	0.26104848203835684	0.096359335053581
0.16361045199185598	0.14945423267678654	0.32688230137204255	0.265534723250292	0.09451829070902278
0.17836395801996593	0.15620751574917868	0.3238843383790502	0.24832691174282123	0.09321727610898378
0.1770226715793075	0.15479176162980612	0.31814672688323664	0.2562422050370556	0.09379663487059396
0.16386691049988367	0.1577833839823689	0.3233729922733103	0.2602450967510626	0.09473161649337428
0.18462358700173034	0.15493365121083763	0.3118897030353194	0.24682091827341363	0.10173214047869882
0.17834524215400357	0.15439978740118188	0.31481385202461504	0.2547459755356447	0.09769514288455455
0.16217197996103266	0.1559692474673383	0.3238910629934951	0.2619350344078403	0.09603267517029344
0.15913795384434587	0.1596267553286962	0.32783324668382186	0.2540169307295908	0.09938511341354507
0.16392244550564444	0.15582851854867757	0.3140111878218008	0.2668287743547515	0.09940907376912544
0.1712968439432147	0.15487911053224362	0.3101232650511758	0.26335494647428026	0.10034583399908531
0.16783869614369054	0.15835115155881838	0.32593133878422975	0.2506696486705443	0.09720916484271688
0.17798380395644373	0.16167271686695123	0.3175291924574365	0.248519789683972	0.09429449703519632
0.1671101528208582	0.1506152481766479	0.3250114721717546	0.25983984986343067	0.09742327696730847
0.1742406666464174	0.15804279331163074	0.3219441640779499	0.25021855023470685	0.09555382572929491
0.18095568250243105	0.15147646661380396	0.31701592682143853	0.24940984638737354	0.1011420776749527
0.17786699137431003	0.16326839254311926	0.3123431801590244	0.25123769216465214	0.09528374375889401
0.1576127485029169	0.15144440377202883	0.32391683777593255	0.2659835483231418	0.10104246162597967
0.16873046735860342	0.1622415220086136	0.31567580585417376	0.25726484708672603	0.09608735769188297
0.15579237557081585	0.15922738664729752	0.32960094359584324	0.25702015611906	0.09835913806698324
0.1785112439902587	0.15037479690888625	0.3221564644566258	0.24926035673358815	0.09969713791064086
0.16213948085709226	0.1636777424425701	0.3103590167253492	0.26646148203667136	0.09736227793831688
0.17435441344148894	0.1514592792369914	0.3289917518063193	0.2507258561627645	0.09446869935243565
0.18024463746487127	0.1508584229226309	0.31206652717293376	0.25648759567798324	0.10034281676158065
0.17036671884944485	0.1524087965568728	0.3240414996495273	0.25869254929754676	0.09449043564660813
0.17295466787059452	0.15003783351467936	0.314843440602162	0.26242228358957836	0.09974177442298555
0.17566269128651954	0.15898672616066323	0.31014638871104633	0.2600744874517373	0.09512970639003343
0.186044201569961	0.1575894314042603	0.31387563596430007	0.24953246567771706	0.09295826538376138
0.17998002198936497	0.15625735729409032	0.3179659046299612	0.24782711945735786	0.09796959662922544
0.17282602793142884	0.15344524686103425	0.3151381582213231	0.2590058407269697	0.0995847262592439
0.18665649432106848	0.1549946633529271	0.3164394032724184	0.24807329743357776	0.09383614162000808
0.1728734304802162	0.16062669478748595	0.32094468769860834	0.25214479259100836	0.09341039444268093
0.18197551186671432	0.16180221916998253	0.30783307436060686	0.24853114569939178	0.09985804890330431
0.15524774366717364	0.1547913937555029	0.32888762204853733	0.26791263251119446	0.09316060801759146
0.1714851053002743	0.15508439280143144	0.3215170460007113	0.253264688858307	0.09864876703927576
0.1770190544773094	0.15554326089103537	0.3250024490495649	0.2472296459759427	0.09520558960614744
0.16587428641016574	0.1517547525935162	0.32312990538796177	0.26172150130465266	0.09751955430370342
0.16546321342575065	0.14879522279964982	0.3158910539249594	0.2683125702824938	0.10153793956714612
0.18222879109409285	0.15642862221130988	0.31844642984073956	0.24842346958914707	0.09447268726471046
0.17022664694304446	0.1554025107813732	0.30736524321823333	0.26630259300823544	0.10070300604911339
0.1625479768630606	0.15609877190085963	0.3270675926314301	0.25901291777443947	0.09527274083021
0.16887271563461867	0.15036844801457921	0.31994302384039425	0.2635938544462883	0.09722195806411936
0.1705473778866154	0.15418282416579082	0.3192723290462478	0.2569949552125451	0.09900251368880064
0.16774398626906026	0.16162357730344026	0.3211367751915115	0.24840448962633796	0.10109117160964978
0.16709253729381143	0.1515266962293686	0.3248612456287453	0.2635387783467184	0.0929807425013561
0.1733978800855388	0.1558340911638748	0.31194162557113764	0.26248523304688504	0.09634117013256352
0.18377314589810947	0.1532556883155528	0.3111422017998019	0.2502176578316797	0.10161130615485583
0.16838982462801216	0.1550985387036644	0.3303744972554123	0.24823599676430388	0.09790114264860707
0.1685092608572658	0.15715756636047898	0.3160183351678254	0.2574019915579684	0.10091284605646116
0.16191065142281957	0.16193672017753966	0.3269757650449622	0.2490564504042534	0.10012041295042501
0.16336448636006443	0.15847931796998285	0.32495674485240067	0.25672887160336705	0.09647057921418481
0.17476042921595702	0.15336977640756794	0.3181696625008469	0.2602493007170452	0.09345083115858271
0.18111610233386571	0.15218154718083848	0.31708599476536714	0.2530115481979337	0.09660480752199471
0.1595750882818154	0.15700208166832375	0.32938875897250447	0.25551817260830384	0.09851589846905233
0.1801187452460209	0.16414019284567943	0.31050319383098846	0.24892792774343903	0.09630994033387201
0.162658414661533	0.15924268401077604	0.3145313529316473	0.26429966955100676	0.09926787884503672
0.16787069895057394	0.15969583412473826	0.32370583398676334	0.2509494047873849	0.09777822815053937
0.17594760449439087	0.15932598295124434	0.31851447604851024	0.24823510785076303	0.09797682865509132
0.16421960172716826	0.15783111277244002	0.32374006364892566	0.25542316357464767	0.09878605827681819
0.18241555951085295	0.14937025221883266	0.30948366483821577	0.26070302449952365	0.09802749893257479
0.17650256651128376	0.15964999713874617	0.30880261980652873	0.26185616233542036	0.0931886542080208
0.16596101709614672	0.163254981782271	0.31669451946576355	0.2564854818107865	0.09760399984503207
0.1667373159395541	0.15640642221975476	0.32527699214976913	0.25487188918408155	0.09670738050684033
0.1785117742390497	0.14912246919417824	0.3119796442635715	0.26204902836313765	0.09833708394006273
0.16819224025795898	0.14885154270043954	0.3258336535442086	0.25624563160990715	0.10087693188748548
0.1773384105410527	0.1564342536526716	0.30963049371637485	0.262762009910647	0.09383483217925358
0.15530712614013412	0.15752887932867587	0.3237429495463286	0.269367014926136	0.09405403005872519
0.1658396059844085	0.15719357508890697	0.3159476909028516	0.26538056686211103	0.09563856116172176
0.18343622582450655	0.16051486485872496	0.3074844613387058	0.25371138526727666	0.09485306271078583
0.17658635995526342	0.15118485740898524	0.32816677746414824	0.249301262297409	0.09476074287419387
0.17618129445952196	0.1547414293514306	0.31056092652929945	0.2591336592246554	0.09938269043509242
0.17540403271385563	0.15688143088662432	0.3091868468905879	0.25778498894275276	0.10074270056617918
0.17961583571838674	0.16137181192081312	0.30798522486858737	0.25468814450129595	0.09633898299091657
0.1729754786650563	0.15696637266957472	0.3090594816607942	0.26227244564480795	0.09872622135976664
0.17120471143890179	0.15157097607598938	0.3093767790253176	0.26639128871313916	0.10145624474665182
0.15877082433248427	0.14877105734138873	0.3226923101922617	0.26955775113628705	0.10020805699757807
0.17972797972067	0.15653803191136534	0.31310399708277625	0.25253399504176116	0.09809599624342703
0.15383943947355666	0.15898707869399373	0.3205076527867982	0.26501815152133057	0.10164767752432068
0.1649879060771441	0.1561877609003025	0.3274963081485016	0.25756728041050025	0.09376074446355132
0.17424950423357075	0.15017913213795353	0.32456996885042055	0.24933822582467058	0.10166316895338437
0.1731569699549072	0.15990952589911023	0.3151432537486175	0.2502236580925259	0.10156659230483901
0.15755910134065002	0.16219411983429005	0.3178304220530114	0.2633469023826282	0.09906945438942014
0.1836077189846238	0.16102965299304103	0.3080566874574156	0.25124987929630943	0.09605606126860992
0.16947651904510147	0.15324122502629675	0.32922001736601725	0.24698029162804794	0.10108194693453636
0.16353782128407648	0.15269749202801738	0.31834515819007225	0.2675037172428028	0.09791581125503088
0.18043915090270538	0.15394484576082434	0.3172432808313802	0.24903624292781473	0.0993364795772751
0.18299393413233858	0.15011546960192398	0.31121097254335195	0.2547771448369033	0.10090247888548201
0.1632608093854545	0.16035156429289532	0.31401672006677755	0.2661970165522704	0.09617388970260202
0.16120579632941806	0.16172610969472015	0.308702121647076	0.2694141844367323	0.09895178789205328
0.1819796034694674	0.150719984900735	0.314619678820008	0.2542243487465257	0.09845638406326368
0.1606854110529033	0.1501273432459706	0.3209213836204031	0.2667152278209812	0.10155063425974156
0.16434071799661276	0.1611113881836155	0.3283604599915919	0.24899289701764826	0.09719453681053142
0.17695006378944567	0.15160621641247557	0.3243365494865479	0.2533926211328586	0.09371454917867211
0.1651753478136353	0.15280910845093276	0.32108309327444806	0.2627545109857061	0.09817793947527757
0.17752957780145415	0.16417176992523624	0.3123253834953284	0.24814644106297112	0.09782682771500983
0.15954744347830485	0.16036480105047976	0.32872094555778963	0.25013777197742215	0.10122903793600342
0.16445308888879287	0.15469959176552045	0.31875500028312037	0.2664497171136269	0.09564260194893918
0.1824860263269454	0.16174646054490022	0.3129172619379866	0.24668628452737967	0.09616396666278791
0.16973089893460042	0.15360332911114244	0.3299479952395266	0.2506115839949338	0.09610619271979651
0.17274156649154696	0.1494504747045524	0.329079179660785	0.2507345174507487	0.09799426169236677
0.16739125133261726	0.15725938520717203	0.3133680361027526	0.2656724080499639	0.09630891930749404
0.17272207758217983	0.1568506959046284	0.31814293033881297	0.257115317395275	0.09516897877910359
0.17073487398806242	0.15103107449942854	0.3231108901523732	0.2613887895955902	0.09373437176454547
0.18496955062876017	0.15335558411339628	0.3074466986984117	0.25848863708405523	0.09573952947537641
0.1694651748072582	0.15195408583673228	0.32406183560675283	0.25503071564159435	0.09948818810766216
0.16924932108330465	0.15680526499884487	0.3180732657543185	0.2589044349734133	0.09696771319011854
0.17426690248670362	0.1497412783352237	0.32606514411397414	0.2569822176979334	0.09294445736616494
0.1751318749427134	0.15761692930673604	0.3198357685821024	0.25318044236240184	0.09423498480604614
0.17137539707422222	0.14965928320333374	0.3147322597174635	0.2652217018703754	0.09901135813460493
0.17244313871935044	0.14980954395619372	0.3280917036588167	0.25390134208562176	0.09575427158001718
0.1665989716355381	0.1567223854622187	0.3172335173903684	0.2664169680436357	0.09302815746823884
0.15754817699615242	0.15435130875973174	0.3258063329881836	0.2645282091691046	0.09776597208682743
0.1645262710076257	0.15950268943501966	0.3283423538597168	0.24785765591615982	0.09977102978147782
0.1624865693783956	0.16341627107379192	0.3147703402134666	0.26048349358380946	0.09884332575053624
0.15839367933551443	0.15904913962428263	0.3240390741261949	0.2620423288209268	0.09647577809308105
0.17362520745542634	0.15275810631523545	0.31634753090947104	0.25978438783559854	0.09748476748426843
0.16822116819170044	0.16122849593195615	0.3162904372074058	0.25428990065302476	0.09996999801591265
0.16202541154751537	0.15198615435590881	0.3238368516161306	0.26376402941803184	0.09838755306241319
0.1632037667789381	0.16387609547421927	0.323517043830706	0.25529448474997646	0.09410860916615993
0.15672657947282748	0.15960321203879077	0.3150429801674589	0.2680507933579771	0.10057643496294555
0.17539426113452766	0.1547485967891112	0.3209016381156259	0.2482740194075108	0.10068148455322423
0.15484242291618958	0.15437943895462794	0.329251895356841	0.2667052152171975	0.09482102755514377
0.186056650912102	0.15265375566155792	0.31159528738097375	0.2539466440621052	0.09574766198326087
0.15627889096127262	0.1616354774875523	0.3196221400732483	0.2621888011135961	0.10027469036433047
0.16935935837626445	0.15177677374204843	0.32339024757834084	0.25563255610289004	0.09984106420045602
0.17415824420535916	0.16170563008638458	0.31587815160204	0.2542085075803452	0.09404946652587087
0.18493603932299826	0.1602075946584263	0.3116600671545807	0.24872452128003059	0.09447177758396388
0.17165583091706121	0.15826669232783375	0.32131255662366426	0.25518437319993714	0.09358054693150339
0.1669830038001387	0.1617902565550401	0.32101512981588276	0.2523690623066222	0.09784254752231608
0.1575266798096245	0.1624258919511846	0.3240924042165087	0.25457054474769836	0.10138447927498359
0.1561649537184901	0.1554426580312724	0.3296296833554433	0.2622435747754327	0.09651913011936131
0.1561840078648893	0.16375851688138052	0.3214465585230596	0.26217143852194297	0.09643947820872743
0.17317101760754727	0.16293318595853012	0.3203852370774509	0.2505063610343465	0.093004198322125
0.16752497654039628	0.16264662800343455	0.3177325072089707	0.25386389827724115	0.0982319899699571
0.1720130092807493	0.1622460698446891	0.31470707483549554	0.2557514053782074	0.09528244066085848
0.15705392265154222	0.15124438478544525	0.32473009729863894	0.2688455562630383	0.09812603900133511
0.17506632213294096	0.1537118674321289	0.30960615396007396	0.26473554177821185	0.09688011469664407
0.17912865479599416	0.15960359586075185	0.31010899724508245	0.25709541473713515	0.0940633373610362
0.15972749077339604	0.16115299085634988	0.3146431954477835	0.2692038757398584	0.09527244718261202
0.17657614730214474	0.15253570342362127	0.32110174789109347	0.2561701094025684	0.09361629198057192
0.15436972098910734	0.16150743620290292	0.32682349325805926	0.2624973201119063	0.09480202943802402
0.1646401548345761	0.15796873281529009	0.31659023809529474	0.26364449488516367	0.09715637936967522
0.16916673343296393	0.15178855745254222	0.31996052445093137	0.26544699944568967	0.0936371852178726
0.15366410965085628	0.16289363129247905	0.3241298007576346	0.265465472391078	0.0938469859079519
0.18649907520408313	0.15007820216229312	0.3088951607441475	0.2530645944117904	0.10146296747768561
0.1561547046567471	0.1590933259478921	0.3302718424434038	0.254585522964235	0.09989460398772175
0.1692887888380344	0.15475991106392958	0.3187171588351896	0.25656019477015396	0.10067394649269226
0.16747386788635132	0.15169022962458417	0.32424599717208424	0.2560850990484592	0.1005048062685209
0.1656045094617168	0.16305899884495262	0.33029225489649905	0.24776526057274384	0.09327897622408753
0.15885541426994593	0.1553978669795254	0.32346970967419947	0.26104817829692767	0.10122883077940133
0.1563399946083099	0.15437086648360718	0.3261389404397434	0.26563348546049564	0.0975167130078437
0.1667039886403256	0.14902992196401182	0.32895552570176434	0.2541130596039897	0.10119750408990834
0.17017459236092242	0.15541068717582357	0.31680195784316445	0.25663618341260036	0.100976579207489
0.17955238177540817	0.1551341211106662	0.3206037419304005	0.24789420095047912	0.0968155542330458
0.17733371416984048	0.16392500190161452	0.3093186159986849	0.24885209529414795	0.10057057263571195
0.18414508077690672	0.16058783197308943	0.30748504655705067	0.24865314316470336	0.09912889752824966
0.17078723612232752	0.15540165582778284	0.3222063458877496	0.25191393698092435	0.09969082518121554
0.17268188156133926	0.15134327238905787	0.321324690837377	0.25925362916832173	0.09539652604390389
0.1641768814430645	0.15818921982102763	0.32297379649142877	0.25797889790948225	0.09668120433499663
0.15781782705625325	0.16363579280066332	0.3302148094846995	0.24953434046024686	0.0987972301981369
0.17902007950063117	0.15070222718923876	0.31980201037045364	0.24951126971077248	0.10096441322890373
0.1746711747698828	0.15687284898652376	0.3142508111020341	0.2599195152071758	0.09428564993438328
0.17312748550637322	0.1541154485137222	0.32008101945193235	0.2514607924624128	0.10121525406555924
0.16087277838048147	0.15808839672215258	0.313296105033983	0.26925323677309365	0.09848948309028915
0.1720423428983975	0.16325328011543594	0.31752098403865336	0.2531953388397896	0.09398805410772339
0.16029651631888436	0.15598248518796498	0.32155668858430786	0.26464795159758414	0.09751635831125843
0.1646800003085856	0.15200220888428193	0.32800763031509683	0.2556811421629646	0.09962901832907077
0.17649097018083093	0.16110754065031707	0.3121765482800564	0.25363706861402646	0.09658787227476887
0.18495352612173996	0.14959085140425188	0.3179290818850574	0.25069804118133493	0.09682849940761554
0.18360536722351167	0.1612968014687452	0.30769244401984763	0.2537317138819987	0.09367367340589658
0.1734946584571467	0.16007959488211376	0.3116225837374579	0.261264626995698	0.09353853592758342
0.16228974295469117	0.1639966553669435	0.3238499923884972	0.24856053964557012	0.10130306964429783
0.16303203580351747	0.15704914116029126	0.31695685371029403	0.2686594712555429	0.09430249807035414
0.17385357381560337	0.15308486886762032	0.31571716220932755	0.26080038420011076	0.09654401090733777
0.16634733768180981	0.1607213413898658	0.3268563667541163	0.2529281283489746	0.09314682582523331
0.17016094534463128	0.16024078878731446	0.3133617722403643	0.25726158066864707	0.09897491295904268
0.17529153349434431	0.15270365835451444	0.3208537229028768	0.2555840241243058	0.09556706112395844
0.162222538390345	0.164128236122271	0.31591097779563443	0.2572961907335949	0.10044205695815443
0.1642283309538944	0.1638965724442868	0.3089625462093659	0.26387761425122574	0.09903493614122691
0.18403706249936042	0.15400445898992277	0.31504959879904093	0.24844796719430506	0.09846091251737057
0.18230688987139612	0.15809385001465	0.3142459809033518	0.2513531662165917	0.09400011299401015
0.18392883754971226	0.14981148856600915	0.32016595593904157	0.25048375596126116	0.09560996198397567
0.18502988912953838	0.15623007468783612	0.313786130154567	0.24981190668527542	0.09514199934278285
0.17507831634454923	0.14926348060440653	0.31991125634444795	0.2619815279293478	0.09376541877724827
0.17184480315462047	0.1602998080070757	0.3203053626206184	0.2470394408100344	0.10051058540765087
0.1692087052167949	0.1556549159925964	0.31942320488527615	0.26275968594063753	0.0929534879646948
0.17263375228153627	0.15492133268495367	0.3249091110754581	0.2520579213946176	0.09547788256343416
0.16732585183120752	0.15981288960968673	0.3239725825612749	0.25134609979350736	0.09754257620432333
0.17514277588852475	0.16014052936900464	0.3120164924360922	0.25152928073069586	0.10117092157568233
0.16995643296519936	0.15920335438141597	0.3132269979241491	0.2638108582859846	0.09380235644325079
0.18237306915513213	0.15163660371419474	0.31948597560549336	0.25213200077000053	0.09437235075517902
0.17191146605384494	0.16079910864722582	0.3132509580618097	0.2562137271019431	0.09782474013517617
0.17944165095724848	0.16164299044154024	0.31355075406576177	0.252407161214959	0.0929574433204903
0.16748722340861896	0.14983325195071653	0.32826221037885306	0.26124182602538387	0.09317548823642738
0.17289219373869127	0.15123789068223498	0.32875988307507115	0.2516271487262116	0.09548288377779081
0.16307416941736472	0.16094915295718382	0.3162792554365018	0.260928109712593	0.09876931247635645
0.1700443403692761	0.15755301238657815	0.32246321951194873	0.2562935589141356	0.09364586881806125
0.1674245116140587	0.15540840473643727	0.31497009880738813	0.2646763869316729	0.09752059791044285
0.16939563865296284	0.1528487116912215	0.3255044875639843	0.25568868360620106	0.0965624784856301
0.1736927162469612	0.15446407765645637	0.32203859551906827	0.25635601916015877	0.09344859141735518
0.1840889198304894	0.15457369477450567	0.31190539932842193	0.25176436806716257	0.09766761799942023
0.15578402172437517	0.1543889330017813	0.32738623870730976	0.26421124969070425	0.0982295568758294
0.17087157357368238	0.16241458389989344	0.3208966098964545	0.24933582596575493	0.09648140666421454
0.16410409272118454	0.15754848323392917	0.32368356781080926	0.2558225243338187	0.09884133190025815
0.15470058971896208	0.15639418069142016	0.31874143929697196	0.2684444594884251	0.10171933080422049
0.1714238858534745	0.1557316118920678	0.32363946699179025	0.24969287232470389	0.09951216293796333
0.16505756548909012	0.16236326156756822	0.313803139715324	0.2597684591305065	0.09900757409751099
0.16087113498198027	0.1544553888482253	0.3282800723183269	0.2554543726898882	0.10093903116157918
0.18347182673256124	0.156976708223216	0.30863299879983913	0.24920331874314877	0.10171514750123468
0.17320127399092078	0.15035496286032324	0.31350413992715975	0.2696933934018264	0.09324622981976956
0.1733007962620381	0.16309747173036965	0.31029738208828067	0.25510425297032724	0.09820009694898416
0.17900352321358953	0.15424049545551607	0.30979856836212516	0.260659663442907	0.09629774952586208
0.1669163928286157	0.14916003090530744	0.3229447613712929	0.2623068281199247	0.09867198677485908
0.16257400053181253	0.16366627918598262	0.31541582854055566	0.2611226825466576	0.09722120919499137
0.1671594634414108	0.15239952808554813	0.3123715395392551	0.2698188217127146	0.09825064722107119
0.1774342976012425	0.1563413849842366	0.32314660088715286	0.24968039183007518	0.09339732469729266
0.18405989298738995	0.16376310419189452	0.3099474207744335	0.24843015113961894	0.09379943090666287
0.1660371980212778	0.15095077405600466	0.3172228834389798	0.2688060429980027	0.09698310148573483
0.16497392677120226	0.16025735229096053	0.32945107776329974	0.25100573560984163	0.09431190756469558
0.1709226934872095	0.1597939454153058	0.31229917783858163	0.26113654171234646	0.0958476415465564
0.16521203782240548	0.15888783480855084	0.3173874817882112	0.2631286574004602	0.09538398818037205
0.1708621380541846	0.16272303843102676	0.3160589855821335	0.24983616203712475	0.10051967589553018
0.1682982263318567	0.16333597781704287	0.31807233860481676	0.25739661032663785	0.09289684691964561
0.16269438057326996	0.15924856824595843	0.32980729390292296	0.2526557882643895	0.09559396901345896
0.16133599454822037	0.16261669797572892	0.3250161837766563	0.2533314725203029	0.09769965117909124
0.18337213201665792	0.15691190878610656	0.31200226614820903	0.24969249464334714	0.09802119840567916
0.1774068518861381	0.1492320161640399	0.3228521926166824	0.25091169896799304	0.09959724036514633
0.18354492884701618	0.15805293780932167	0.3122834378445625	0.2530964596170183	0.09302223588208114
0.16681691074297317	0.14965429887045134	0.3294836927995983	0.2524152329403453	0.10162986464663165
0.1640716785376854	0.1580959338192901	0.3186579416131391	0.2627106251016179	0.09646382092826727
0.16428102647978873	0.16076973804670286	0.3125967429026907	0.263569454774166	0.09878303779665153
0.16854315277917803	0.16094929673328673	0.3217460017696343	0.2508270969450984	0.09793445177280236
0.17415015179899065	0.15226002081064405	0.31389108821314926	0.26089732181275804	0.09880141736445781
0.17134445077485239	0.15140508830401828	0.3169365456978316	0.26412435472169105	0.09618956050160643
0.16667697443014323	0.15299131380521144	0.3237032073886502	0.2637024538121131	0.09292605056388178
0.18141608426599706	0.15249439697559222	0.31863248320229254	0.24797287659663314	0.0994841589594848
0.1667102936473211	0.15363079826712028	0.32145192439551695	0.2564571631550013	0.10174982053504014
0.18363385107942468	0.15614979889398167	0.31810253423945223	0.24842561162634164	0.09368820416079959
0.1550700097801364	0.1586188114413122	0.31602373944549234	0.2689076355562922	0.10137980377676666
0.18158829192173365	0.15366280824380352	0.30883195430132104	0.2540396822189851	0.10187726331415647
0.18071371659350838	0.15253462100041143	0.3082966686390362	0.26190543651473763	0.09654955725230611
0.16052222728407323	0.15793052689335635	0.32486005444877863	0.256132602315939	0.10055458905785263
0.1691221693639387	0.15572033272931357	0.3178845306988982	0.2612565571068838	0.09601641010096558
0.18602150510218612	0.14907116547552943	0.31091417782123343	0.26065819306202453	0.09333495853902621
0.18081539315497522	0.16328613843018128	0.3075961783809623	0.2531853188440254	0.0951169711898556
0.16761310907906707	0.15991480997647087	0.32028163310027724	0.2527348202820116	0.09945562756217302
0.16596649748265696	0.1586120048145524	0.31658529825336396	0.25975216334024775	0.09908403610917872
0.1688240179720037	0.1494146415226234	0.31416441359925185	0.2686906561606366	0.09890627074548422
0.16108497264370222	0.1617153261570643	0.32582800174061427	0.25291877050482503	0.09845292895379398
0.1768826872328523	0.15460854786681352	0.30848441874404364	0.2593710707817994	0.100653275374491
0.1697619264805491	0.15075105039687686	0.32048402535996384	0.26140821139732456	0.09759478636528537
0.17696672501208327	0.152716776109471	0.32636639577725823	0.24873604326966553	0.09521405983152179
0.16629614986430713	0.16153366999713956	0.3230507688124695	0.25274910586884625	0.09637030545723736
0.15743875137588992	0.16220826442293784	0.32498732499276084	0.26090799553231264	0.09445766367609862
0.17497495366406066	0.15615694764471508	0.31859690887295466	0.2504824132574459	0.09978877656082348
0.16506222183768796	0.15177121751546085	0.32262111767472956	0.2617725921309906	0.0987728508411308
0.1626486054705376	0.16103655427230273	0.3142755757742768	0.2633551112416254	0.0986841532412572
0.17174359566660707	0.14883725638523945	0.3257027222134511	0.25273743737737203	0.10097898835733012
0.178548570774647	0.14880619659119892	0.3232272690170351	0.24838408685480473	0.10103387676231408
0.17743959280454213	0.15689780322507724	0.3177209741330317	0.24875843767712005	0.09918319216022864
0.1562794033654295	0.15705752713671506	0.3266432526368646	0.2670147490937383	0.09300506776725237
0.1825342125676895	0.15049380584064334	0.31070485606584813	0.2607631337134099	0.09550399181240889
0.16113008469424106	0.1593222057273544	0.31772396451009666	0.26667758411746656	0.09514616095084108
0.17092142433738722	0.16230436944231094	0.31711124016152326	0.2536141929380386	0.09604877312073976
0.17490352191321584	0.1534841208870718	0.32177600915342375	0.2547600577275155	0.09507629031877293
0.17456450013843286	0.14995429839249397	0.3229244985020224	0.25642326864536424	0.09613343432168633
0.17342982494788808	0.14981348719638643	0.3149642708164346	0.26554160937060417	0.09625080766868649
0.1657838439066593	0.16406910562479085	0.32049031056473487	0.2522296394565018	0.09742710044731298
0.17481409980520574	0.15464236689891003	0.3182305367863085	0.25297184150574237	0.09934115500383311
0.16810135594483086	0.15884176555852236	0.31406409205771124	0.26311513041620843	0.09587765602272695
0.17729806950025773	0.15430601501648952	0.31177395932223156	0.25566840971294336	0.10095354644807761
0.17782552411167213	0.1548921318689366	0.3255379890355521	0.24772583920470204	0.09401851577913695
0.17034977122170106	0.15173944438029469	0.31578776253898766	0.26691848023448855	0.09520454162452788
0.17121454955846424	0.15490006692969627	0.3113138259466507	0.2668576424528415	0.09571391511234706
0.16939714026841982	0.1541475982306652	0.32063388261867565	0.25508284422954297	0.10073853465269617
0.16688502191370416	0.1627185978680987	0.3168297712812794	0.2557172556623229	0.09784935327459462
0.1641817946107791	0.1625753305354777	0.31936444525232954	0.25722870669280323	0.09664972290861021
0.16193524361709397	0.15646801705789037	0.3201754445576843	0.26088641085393804	0.10053488391339312
0.1542738577381724	0.15794648702153208	0.3267610659142149	0.26103956466507844	0.09997902466100203
0.17306038338330693	0.15777167545254983	0.3090308283871659	0.26053713389051647	0.09959997888646066
0.16135921738837364	0.15651140658653714	0.3215557803340744	0.266607689822069	0.09396590586894563
0.16723663479895653	0.16412725905535153	0.3110666065810872	0.2558488219106522	0.10172067765395235
0.1746159861288708	0.15482019491500068	0.32464366232523334	0.249288889798646	0.09663126683224897
0.17328133554550626	0.15132803885093526	0.3272156357659714	0.25005386929315915	0.0981211205444277
0.17979486082122292	0.15662555450688032	0.31409710735761687	0.24983783905068316	0.09964463826359651
0.16030589275469614	0.1488532714600952	0.327137866542139	0.2664759395771945	0.09722702966587496
0.1585271486172488	0.1545717030077668	0.3253906984134324	0.26571620436348037	0.09579424559807145
0.1816017190707642	0.15253748978079246	0.32337356594903954	0.24864587572267424	0.09384134947672935
0.15912924662792738	0.15620801189849748	0.32743818678040193	0.2618444096422163	0.09538014505095678
0.15945934243736265	0.15433089732832628	0.31579813940961887	0.2690119746236635	0.10139964620102851
0.17236683785488982	0.16237492988139243	0.31376489191164025	0.2575171440957083	0.09397619625636897
0.16076677342120357	0.1551181115202998	0.3302338789761544	0.2589938173139726	0.0948874187683694
0.1853611399806448	0.16147153038125941	0.3087236878150583	0.2506236105762295	0.09382003124680774
0.15708643415098894	0.16040297702299733	0.31565518494346473	0.2684876854796799	0.0983677184028689
0.17377957715582648	0.15588983949965393	0.3096250614686172	0.2667487681526003	0.09395675372330192
0.18041847479033107	0.15313607778460223	0.30850264359896806	0.265010319336361	0.09293248448973743
0.160686878537103	0.16130584873248058	0.30965854308897534	0.268608402722799	0.09974032691864188
0.175564147100901	0.15126200685326124	0.316074130968229	0.26365812835789515	0.09344158671971337
0.16746638877127568	0.14971107458235966	0.3300428382770619	0.2526224023399887	0.10015729602931384
0.1753216284622547	0.1580244533095048	0.32011718645642806	0.24929787873504108	0.09723885303677114
0.15839580260170333	0.1528313465948603	0.3263201124483224	0.2678225701850885	0.0946301681700253
0.17388247368941065	0.15664054047578013	0.31706804173342973	0.25597456860089274	0.09643437550048649
0.18659250082364964	0.158815601738104	0.30919950600783086	0.24739740467230548	0.09799498675810982
0.15627185845620845	0.15578674443671278	0.3248869089374139	0.2648173005686583	0.09823718760100633
0.1650988853706297	0.15227638874333632	0.3247885263133494	0.2647350512626869	0.09310114830999744
0.16865951961070352	0.155039816362436	0.329293439285228	0.2508121096361487	0.0961951151054836
0.18462723199404824	0.15630309765137634	0.3101060911049977	0.24899784356735852	0.09996573568221903
0.17855084792130668	0.15974865029506344	0.31625377540921973	0.24934822376779714	0.09609850260661278
0.18310008961507168	0.14978282785534397	0.3111615020963305	0.25446130403180023	0.10149427640145345
0.15722920462290868	0.16184139726161345	0.31086761942178776	0.26975260975268534	0.10030916894100453
0.16551177528618927	0.16306304593879964	0.3195474608366162	0.252224342021441	0.09965337591695364
0.17612065982877184	0.1541905110391229	0.3190680004593551	0.2490850352768355	0.10153579339591443
0.16387392387333594	0.15651568899917243	0.3267262767654745	0.25637116149492806	0.09651294886708887
0.16166508118857859	0.16182636941670028	0.3253678025959795	0.2580419306784973	0.09309881612024407
0.16833048517744292	0.15014839611484737	0.32776497852226305	0.25342899881725645	0.10032714136819
0.1693831852267869	0.14989225082076907	0.31879729835887693	0.26578074941277485	0.09614651618079208
0.161840136442066	0.16055220334816542	0.32131676094873785	0.26200699016793016	0.09428390909310036
0.16751482396837986	0.1498009363149826	0.3224039019514591	0.26411939082634456	0.09616094693883365
0.1800532071688387	0.15843814761261768	0.30741535523404795	0.2554118251063703	0.09868146487812512
0.16172561965077653	0.15462030194942458	0.3207696484757003	0.2662108183555715	0.096673611568527
0.18086588372213722	0.15604762233991476	0.3217933378915096	0.24647373508784945	0.09481942095858875
0.16737110690427576	0.1558135854779167	0.3207245978083086	0.2573482370722939	0.09874247273720488
0.17359842034376366	0.16087812521115846	0.310093234825658	0.2572084357930169	0.09822178382640283
0.1750953994147956	0.15454741548866022	0.3262559324578291	0.24658579234533134	0.0975154602933836
0.16549339308305955	0.15498135982663733	0.31262416387046466	0.2650369048350843	0.10186417838475392
0.18011592397943912	0.15190599358714385	0.3238900309886537	0.24832152809764452	0.09576652334711862
0.177246360373351	0.1578667641901914	0.3185551355214463	0.248570013341903	0.09776172657310803
0.1556317779057896	0.16024817986746437	0.324270144970292	0.26692573874641123	0.09292415851004264
0.17533389368175603	0.1504006512941156	0.32719430666433386	0.25323564628205486	0.09383550207773944
0.16526680512598496	0.1597485418923839	0.32535994904884036	0.24972449574595973	0.09990020818683085
0.17597318495632325	0.1556227658028616	0.31340194099542373	0.2568451673168844	0.0981569409285068
0.16422788514305195	0.14939258998923344	0.3246956759921289	0.26291373214464514	0.09877011673094038
0.1831645676814688	0.16206483250003223	0.3075471240639276	0.2482346072598143	0.09898886849475685
0.1762802550600397	0.15448853913528449	0.31211408911515987	0.2601844912009055	0.09693262548861026
0.18177934958654557	0.16335170596401755	0.30916544569288285	0.2507524058920636	0.09495109286449022
0.16077541625902483	0.14914385603501396	0.3262395111532637	0.26652254647949675	0.09731867007320058
0.17180532622224087	0.1613200538912143	0.32613164369724623	0.2475107532390764	0.093232222950222
0.17573139167231222	0.15296277489827972	0.31615360744188403	0.2571286568024016	0.09802356918512226
0.18663862825466782	0.16035843875647726	0.3105228612787193	0.2495481967990338	0.09293187491110158
0.17968167497031778	0.1521597021698656	0.3102199210828436	0.2576730260311426	0.10026567574583019
0.16098044114540158	0.1551013855143919	0.3215864183240908	0.2685003646762401	0.09383139033987542
0.18433186821488848	0.15219119938887304	0.309341058870971	0.25384402789861804	0.10029184562664917
0.1628048299728937	0.1579605572733847	0.31604979856625276	0.26623628003570887	0.0969485341517598
0.1674447593514492	0.16169212170649636	0.31772716663228945	0.25734986393511705	0.09578608837464775
0.1701670131127637	0.15594738033305236	0.3091252390991447	0.26455071247449735	0.1002096549805417
0.1592395663827259	0.1591298944991682	0.3177850208424998	0.2655796008077189	0.09826591746788699
0.17694800840068342	0.1519729301168505	0.30952721638302566	0.26780912026777226	0.09374272483166798
0.15739772805182373	0.1632915716945872	0.32309699960922833	0.2555490151573427	0.10066468548701789
0.18473895752068797	0.15247033237760305	0.3126947527432113	0.2569219100163087	0.09317404734218876
0.15673568466285098	0.15059059096813895	0.3287547753502136	0.2628427938616987	0.10107615515709756
0.16883767613078454	0.14964816703911982	0.3243665363038394	0.2634821108916513	0.09366550963460478
0.16548523771666623	0.16120018769564004	0.3250256760978445	0.24826826637228502	0.10002063211756403
0.1805051133150825	0.14936005967351668	0.31649640707981236	0.2593581921262953	0.094280227805293
0.1721702608365853	0.15961141504422088	0.31294727098487507	0.2604192196141549	0.0948518335201637
0.1803477674965547	0.15936013452587733	0.3108126032664974	0.2494160285120886	0.10006346619898177
0.17318554128182653	0.16068583545075082	0.3206141517520692	0.24667505957998356	0.09883941193536966
0.16842447076696793	0.14902097801495093	0.3154950815967125	0.26886033712909035	0.09819913249227805
0.17486088733793514	0.15948871612232787	0.30744251689554764	0.258519082589741	0.09968879705444814
0.16034302838283876	0.16163247478396553	0.33050518249391214	0.2546363408446035	0.09288297349467986
0.16903584197129848	0.15954867210885493	0.3081820526438245	0.2625250505337101	0.10070838274231178
0.18004378749316818	0.1607131213226846	0.30993110864262613	0.25172289204215814	0.09758909049936274
0.18725857826333653	0.15359398767016183	0.3105620175465619	0.2522768794550698	0.09630853706486972
0.16684526251679718	0.16326142799077967	0.31292705387313224	0.2563720184337144	0.10059423718557634
0.16442512750279795	0.1637631923537163	0.31474708219782477	0.26141672115844106	0.09564787678721971
0.17842691878454225	0.1494318727087272	0.30828661473419605	0.26462810166391554	0.09922649210861874
0.1607706803700209	0.15488813705441892	0.3233398787169734	0.26123427337384664	0.09976703048473998
0.17082064416568304	0.1570439059982281	0.31878105280418234	0.2535129512418893	0.09984144579001701
0.1683454427349827	0.1633831475356312	0.3153506785759748	0.2600350471409668	0.09288568401244426
0.18369227282450112	0.16149489243693602	0.3109979067527284	0.2467275782951567	0.0970873496906775
0.17678884986416127	0.1550081365557613	0.31147978934506493	0.2580689197111916	0.09865430452382068
0.1700390527805517	0.15815717749853997	0.3207264700678003	0.25064188761871203	0.1004354120343958
0.18110791845659968	0.1541406914738576	0.3085124151781481	0.2559151719788023	0.10032380291259214
0.1709764496488238	0.15122486625416626	0.3182510699608143	0.266255460256965	0.09329215387923039
0.17461305143557102	0.1507936878215888	0.31956369231761494	0.258052814343123	0.09697675408210203
0.17649326970436435	0.15850323944374645	0.3136442186198173	0.2515340428992961	0.09982522933277557
