0.18171259560842778	0.09098692176971779	0.0908198332967959	0.2727532713216718	0.3637273780033865
0.18171158174989627	0.0909462082367598	0.09082018668404249	0.2727914824918056	0.36373054083749556
0.18174189419265277	0.09098986282531285	0.09084370744885714	0.2727456223961509	0.36367891313702616
0.18174321613692146	0.09098287594802021	0.09083779199938782	0.2727401713808506	0.36369594453481974
0.1817176946975052	0.09092955563184596	0.09084629974708111	0.2727854074527073	0.36372104247086023
0.1817915479815565	0.0909513516350582	0.09082968754509212	0.27274184049497496	0.36368557234331805
0.1817839057643546	0.0909537404831142	0.09082274990628489	0.2727490881407458	0.36369051570550026
0.18176525767091195	0.09095465842237312	0.09084579697137375	0.27274989168804487	0.3636843952472961
0.18175083219549998	0.09096176325422582	0.09083363693426574	0.2727742644038369	0.36367950321217135
0.18173460461349175	0.09095347649020367	0.09083959175259847	0.2727552487359022	0.36371707840780376
0.18178946124617396	0.0909257078524054	0.09082044269062368	0.2727803122864338	0.36368407592436297
0.18174157823704779	0.09097643307366278	0.09083843415449779	0.2727581828305533	0.3636853717042381
0.18176039260577298	0.09092556667341042	0.09084135735384735	0.27274179440393576	0.3637308889630333
0.18175137038787403	0.09098710492228199	0.09082163113948435	0.2727395192547028	0.3637003742956566
0.18180972448628674	0.09089530344554086	0.09084424495462509	0.27275782869366055	0.36369289841988656
0.18171228828672292	0.09096433971294172	0.09082590606999492	0.2727889343001815	0.36370853163015876
0.18171679753168096	0.09099986441237587	0.09083603735993354	0.27276417220065696	0.36368312849535245
0.1817297603723474	0.09095893430048643	0.09084520317096076	0.2727501289662113	0.3637159731899938
0.1817676022036775	0.09094683910806772	0.09083024014517155	0.27275227066798724	0.3637030478750958
0.1817998970007106	0.09091249872368773	0.09082029040980832	0.27278366118045233	0.36368365268534086
0.18179970892593858	0.09090075926918557	0.09082308087919475	0.27278845208515434	0.3636879988405265
0.18176133702240196	0.09094169317169953	0.0908366420081938	0.2727775957400663	0.3636827320576381
0.18170203674116675	0.09096033700279361	0.09083957741336962	0.272762186190307	0.3637358626523628
0.1817299785474596	0.09098736615128122	0.09084389038788837	0.2727557901730837	0.3636829747402869
0.18181408454295275	0.09091954065912501	0.09084247588817639	0.27274111992534783	0.36368277898439777
0.18170189826791308	0.0909886545234815	0.09082910666537204	0.2727677222810532	0.36371261826217993
0.1817794057635986	0.09089232987956278	0.09084312908673922	0.27274979195825183	0.36373534331184737
0.18177639886747243	0.09095733558867238	0.09084724051770118	0.27273973097129955	0.36367929405485433
0.18172853527195343	0.09098125582934669	0.0908485733273527	0.27275228691218895	0.36368934865915803
0.18178364243987838	0.09091271001016271	0.09083957684729799	0.2727361558908621	0.36372791481179856
0.18177352531402496	0.09097369670928901	0.0908195924741647	0.2727386006644715	0.3636945848380496
0.1817402180228858	0.09096727339498807	0.09082188977507914	0.27274404480280223	0.3637265740042446
0.18171882380808102	0.09096359295027706	0.09083697412103546	0.2727455898022443	0.36373501931836194
0.18178605330158681	0.09089260279762375	0.09083408670298905	0.2727640546300705	0.36372320256772966
0.1818269515303809	0.09091412405096604	0.09083377227223824	0.2727441564515555	0.3636809956948591
0.18170589742880444	0.09098322997526807	0.09083687357794802	0.2727818084191615	0.3636921905988178
0.1817399422225656	0.09089447026909574	0.0908443442038935	0.2727917179839709	0.3637295253204741
0.18177607367925774	0.09089988298886177	0.09084155725351378	0.2727558531360005	0.36372663294236596
0.18175762033437365	0.09095801851525423	0.09084460780644492	0.2727626021489487	0.3636771511949783
0.18173943181321645	0.09096656429900599	0.09083524925324303	0.2727782457616361	0.36368050887289816
0.18170443208949216	0.090958547394944	0.09084931668891016	0.27275602407259675	0.36373167975405674
0.1817520146923061	0.09093503162016367	0.09084760350102727	0.27278233056006906	0.3636830196264337
0.18175778270221868	0.09090073277335435	0.09082636511370946	0.2727804564637494	0.3637346629469679
0.1817468056500397	0.09096589042126524	0.09083624292707078	0.2727598994412217	0.3636911615604024
0.18176200905839543	0.09089778163627876	0.0908456745463673	0.2727577103766237	0.36373682438233457
0.18172718810548583	0.09093228618322474	0.09084363501729777	0.2727688400646555	0.3637280506293359
0.18177292219551563	0.09094624735807207	0.0908463264962196	0.2727540513348321	0.3636804526153604
0.18182115564792814	0.09089689442579464	0.09084630436759127	0.2727534680782724	0.3636821774804134
0.1817066878233203	0.09100388504217838	0.09082473038016023	0.2727643218356698	0.36370037491867113
0.1817739304132661	0.09091080131217337	0.0908265062654419	0.2727488774396977	0.36373988456942075
0.18175571984642636	0.09091648012807607	0.09084927700015649	0.27275067231289907	0.36372785071244185
0.1817505909622074	0.09095120103302717	0.09083604811600113	0.27276545768103183	0.36369670220773226
0.18174955699421436	0.09096053281289451	0.0908340699799772	0.2727456491091723	0.3637101911037414
0.18179160116354692	0.09093665874123051	0.09082917306857478	0.2727601636296523	0.36368240339699526
0.18175274661054924	0.0909249254466674	0.09083660347138013	0.27274392480064785	0.36374179967075515
0.18170910553627184	0.09100026177550821	0.09082330375807113	0.27277935952218146	0.3636879694079672
0.18171760055206626	0.09096960694426649	0.09084781377835088	0.27275184860638835	0.3637131301189278
0.18173926072977364	0.09094495849120836	0.09084600302378683	0.27274813761115585	0.3637216401440751
0.18172697272157615	0.09097719545404204	0.09084155748968302	0.27276587132937213	0.36368840300532645
0.18179329472036249	0.09091902210273972	0.09083729479134778	0.2727516180627877	0.3636987703227621
0.18171262983492287	0.09101890025623607	0.09083854240184468	0.27274730323245405	0.3636826242745421
0.1817306549066474	0.09096938201409316	0.09084649166444317	0.2727750130605297	0.36367845835428636
0.18171424423455246	0.0909778111132639	0.09082252858689895	0.2727598554359607	0.3637255606293238
0.18170194458389954	0.0909979026343585	0.09083183483920959	0.2727715477497387	0.36369677019279345
0.1817738014827852	0.09090052304580967	0.09083177032980254	0.272779388617113	0.36371451652448944
0.18180744338700403	0.09092108448761214	0.090837022505378	0.27274188115389514	0.3636925684661105
0.18177269758503647	0.09093782873318314	0.090825427080926	0.2727725769650764	0.3636914696357778
0.1817900737623295	0.0909032579164494	0.09084478680513561	0.2727817697406914	0.3636801117753939
0.18171033474667536	0.09095939248099033	0.09083575275311083	0.27277528767763154	0.36371923234159176
0.18180414895180746	0.09092682911244776	0.0908257515622735	0.27273910956735986	0.36370416080611123
0.1817094668590031	0.09103314556913945	0.09083086677635069	0.27273734986593245	0.3636891709295741
0.18170355119788356	0.0910091970673335	0.09084350564871371	0.27275841728879496	0.36368532879727405
0.18170994226083942	0.09096301749365052	0.09083616060953767	0.27275103330902084	0.3637398463269514
0.18172182417991417	0.09100101722308909	0.090843894737081	0.2727557086099448	0.3636775552499707
0.18179145999342894	0.09089718205423898	0.09084541123031925	0.27274590137820226	0.36372004534381036
0.18169868687033128	0.09097708247320817	0.09082098485072912	0.27277667254697335	0.3637265732587579
0.18171544260474456	0.09099286688999755	0.09081932393220626	0.2727459974284864	0.363726369144565
0.18173510531688958	0.09093417356488774	0.09082703463223728	0.2727675615108103	0.3637361249751748
0.18177998381508273	0.09090768831933184	0.09084656448345764	0.2727382020200531	0.36372756136207446
0.1817067525982876	0.09097781340226914	0.09083164776077435	0.27274456874920283	0.3637392174894659
0.18172331010758117	0.09092408327316273	0.09083295956636814	0.27278620016348815	0.36373344688939957
0.18176481994435822	0.0909190256626648	0.09084819776639984	0.27276929042889586	0.36369866619768104
0.1818153725183203	0.09091330531765815	0.09082867959127182	0.27274257680829483	0.3637000657644547
0.1817792322278783	0.09091741931824214	0.09084800242232835	0.272750121859234	0.363705224172317
0.1817872542219785	0.09089206119258851	0.0908486428796197	0.2727850923066793	0.36368694939913376
0.1818073851871621	0.09090970726273259	0.09084452253701535	0.2727416875129454	0.36369669750014433
0.1816990487754739	0.09098049257946461	0.0908226671814788	0.272763932310097	0.36373385915348544
0.18176018665389043	0.09097684870779314	0.09083509084580883	0.2727413413779092	0.3636865324145982
0.18171418261956404	0.09097927172330747	0.09083186362311324	0.27273699923731526	0.36373768279669977
0.181721559743774	0.09101408340820832	0.09082109835368851	0.2727555433891562	0.3636877151051727
0.1817319978892468	0.0909397492584327	0.09084367279796762	0.2727754454522415	0.36370913460211113
0.1817007293205018	0.09095143440848064	0.09084345633182536	0.2727866075812823	0.3637177723579097
0.18173480729400568	0.0909663137206411	0.09082785402975078	0.27278098658781424	0.363690038367788
0.18171584594641838	0.09096381707789342	0.09084139768407137	0.27273987031432256	0.363739068977294
0.1817981987811553	0.09089630667017459	0.09082318147780191	0.2727645483433267	0.36371776472754125
0.18180435354598018	0.09089252294872616	0.09082198888911266	0.2727508455037525	0.36373028911242833
0.18175132196310825	0.09094362880874884	0.09083984699837944	0.2727878527712979	0.3636773494584653
0.18177368797725899	0.09093706399632753	0.09082727901004942	0.2727365730471767	0.3637253959691871
0.18172282265488754	0.09096986081853248	0.09082833300066295	0.2727567000364261	0.36372228348949065
0.18179355869158093	0.09093926299243335	0.09083857577661306	0.2727484106150304	0.36368019192434203
0.1817938375502896	0.09090851454631142	0.0908438410045585	0.27276087873514415	0.36369292816369614
0.1817242704141525	0.0909147763564071	0.09084274295779399	0.27279148378712625	0.36372672648452
0.1817015090589287	0.09095781712050822	0.09083334171866189	0.2727688685676431	0.36373846353425787
0.1817388600196694	0.09097669342995504	0.09084063360671689	0.2727658843818839	0.36367792856177455
0.1817003469798025	0.09098623323348191	0.09083743182596409	0.2727462493649567	0.3637297385957946
0.18176192813871128	0.09093411827621585	0.09083025641561597	0.2727520566785847	0.36372164049087197
0.18179474929762326	0.09089257252595517	0.09082246865635091	0.2727919374978347	0.3636982720222357
0.18174752366128996	0.09090490047908338	0.09083980306417953	0.272784944152348	0.3637228286430989
0.1817436506379266	0.0910015825068531	0.09082626297325602	0.2727416411250539	0.36368686275691015
0.18175639322620205	0.09100102075622414	0.09082575170739235	0.2727401679951506	0.36367666631503065
0.18170627297102848	0.09096744341996807	0.09083153364308648	0.2727551155609246	0.36373963440499224
0.18171597329546726	0.09098274007675196	0.0908322513844794	0.2727497978809094	0.36371923736239176
0.1817957427419215	0.09091048036730531	0.09082301489151508	0.27274158463610504	0.3637291773631529
0.18170257465796685	0.09099482212970347	0.09083723179503722	0.27276245690351486	0.3637029145137774
0.18175007996914372	0.09095301972251174	0.09082604312238243	0.2727640310922812	0.36370682609368077
0.18170410675793808	0.09096436541271426	0.09084915997871564	0.2727867408713003	0.36369562697933155
0.18175241691042204	0.09091703778425941	0.09083174187061009	0.2727710596872667	0.36372774374744155
0.18173801112561966	0.0909420403325058	0.09083512074796368	0.2727753025670631	0.3637095252268475
0.18178318044557276	0.0909317853455977	0.09082780387506888	0.2727655202238485	0.36369171010991197
0.18181622751812165	0.0908955502711096	0.09083109977671505	0.27276578663643597	0.3636913357976175
0.1818091789404009	0.09090159645357017	0.09082494641750465	0.27274010073775967	0.36372417745076435
0.18179315132526486	0.09091314274545928	0.09083386410282182	0.2727649871470169	0.3636948546794369
0.1817305619415604	0.0909767074076556	0.09082335071396216	0.2727498265886052	0.36371955334821643
0.18171962760223653	0.09096731428377118	0.09083410078546991	0.27273777310190195	0.3637411842266202
0.18175292597198903	0.09092385090534776	0.09082749250764052	0.27275682465206974	0.3637389059629528
0.18178702540795139	0.09090115494573724	0.09084374429635109	0.27273893761432866	0.3637291377356314
0.181710723176189	0.09100950755829765	0.09083668285801033	0.27276294436983395	0.36368014203766885
0.18175256560239716	0.09095195308159264	0.09082461143887151	0.2727481249671251	0.3637227449100134
0.1817697535958275	0.09090844782431418	0.09082393468880134	0.27277330129741517	0.3637245625936416
0.18176121604202697	0.09096788709907255	0.09083155580940419	0.27273733775630604	0.36370200329319
0.1818296588394535	0.09089486511879338	0.09082610187665904	0.2727545141882815	0.3636948599768124
0.1817222308019516	0.0909989879732109	0.09084286622462265	0.27274746553627305	0.3636884494639416
0.1817852813580898	0.09090795625949438	0.09082461997632647	0.2727556902680899	0.36372645213799926
0.18176773016439696	0.0909483296981785	0.09084023357953493	0.2727513241948835	0.36369238236300594
0.1817800516582955	0.09092010980027201	0.09083361393123668	0.27273704094127343	0.36372918366892215
0.18171770915688476	0.09096816211498171	0.09082987548466107	0.272773830496382	0.36371042274709026
0.1817669631544313	0.0909210317211009	0.09082585637257425	0.27275955182810896	0.3637265969237844
0.18174603380553084	0.09095238790311858	0.09082842257035242	0.2727372158795748	0.36373593984142316
0.18177584025631996	0.09089624789874419	0.09083260232909426	0.272781063947549	0.36371424556829246
0.18178899925735753	0.09090712984635341	0.09082468625629855	0.2727400793387035	0.36373910530128684
0.18170059699531	0.09095023228595715	0.09083585144876408	0.2727801773320394	0.36373314193792916
0.18176914900997712	0.0909353354692545	0.09083208365150108	0.27274128743225157	0.3637221444370155
0.1817071982932255	0.09098215817503513	0.09082630616390933	0.2727700291116415	0.36371430825618833
0.18180087828040453	0.09090556473149966	0.09083473818530265	0.27275127103064584	0.3637075477721471
0.18175025085700583	0.09098088494859909	0.09084309110415259	0.2727440491804034	0.3636817239098388
0.18175665807633007	0.09094372873175843	0.09084207277405489	0.2727695889490079	0.36368795146884847
0.18171304208735495	0.09096785827939904	0.09084439639751302	0.27274801868297155	0.36372668455276125
0.18177803441901186	0.09091271586854939	0.09083140448285593	0.2727875862670495	0.36369025896253304
0.18173076608134867	0.09098027623067956	0.09082100353865788	0.27277706052573597	0.36369089362357776
0.18181403157052825	0.09092190182140114	0.09082656511766278	0.27274130358712345	0.3636961979032841
0.18177631407731923	0.09090454083099571	0.09084080079762007	0.2727687620619806	0.36370958223208416
0.18178047158298927	0.09090389699282926	0.09084663562353852	0.27277791613166513	0.36369107966897757
0.18174850029412146	0.090960373268402	0.09082233991191893	0.2727659004570585	0.3637028860684989
0.1818116691306286	0.09089371680692346	0.0908232306987378	0.27278466997466944	0.36368671338904046
0.18179487767771055	0.09091996650321482	0.09083820063142391	0.27275401584972586	0.3636929393379247
0.18176721020948028	0.09095353359219985	0.0908296250349667	0.2727714415165655	0.36367818964678744
0.18174954024597148	0.09096074207876739	0.09082741287488272	0.27276415366130724	0.363698151139071
0.1818123379563072	0.09089718338703394	0.09083409423846682	0.2727715542560877	0.3636848301621042
0.1817004535871801	0.09093192959514906	0.09084925044464004	0.27277843782061284	0.36373992855241777
0.18179819836292832	0.09090343996135795	0.09083455898951305	0.27274434671316555	0.3637194559730349
0.18173197157375626	0.09091303042849999	0.09083441288098573	0.2727841207899735	0.36373646432678436
0.1817825509535487	0.09090419587770462	0.0908313162093902	0.2727521298329962	0.3637298071263601
0.18178221568900757	0.09091785064562483	0.09083585073796047	0.2727781674689461	0.3636859154584608
0.18178512713535433	0.0908944374746033	0.09084267512011145	0.2727503674187121	0.36372739285121863
0.1817443831076698	0.09092587335508905	0.09084233974301703	0.2727743827627734	0.36371302103145053
0.1817030922755709	0.09096881878421909	0.0908222310310309	0.2727819671236631	0.36372389078551576
0.18178182638972137	0.09093278836425901	0.09084487567716887	0.2727536359218365	0.363686873647014
0.18177637070025238	0.09092721189351821	0.09084388045539656	0.27274134699089647	0.3637111899599362
0.18172034248208188	0.09096443047524641	0.09083273880002585	0.27275504867711076	0.3637274395655349
0.18170276105728392	0.09102968788449847	0.09082639209963678	0.27275011433473817	0.36369104462384244
0.1817204518509411	0.0909966813265543	0.09081949977797757	0.2727746071358533	0.36368875990867355
0.18170736951137018	0.09096239513001762	0.09084000962166446	0.2727762982280775	0.36371392750887
0.1817046690045458	0.09101222309785229	0.09083485445241583	0.272744341464764	0.3637039119804219
0.18171427055792222	0.09098540644005236	0.09083383110779177	0.2727707860754433	0.3636957058187902
0.18172942716483764	0.09100277358492474	0.09083552600063641	0.2727480951870306	0.36368417806257036
0.18175567854821337	0.09096273013499506	0.09083785876953165	0.27274366035951314	0.3637000721877466
0.1817846247859012	0.09092713313818476	0.09082235687519433	0.2727617310439543	0.3637041541567652
0.1817028974475744	0.09093730344359996	0.09084293547413733	0.27278993122186035	0.3637269324128278
0.18172916968967034	0.09100927486291852	0.0908210103967278	0.2727635048602421	0.36367704019044106
0.18171901293535625	0.09095373737125646	0.09082025044915254	0.27276637982076096	0.3637406194234736
0.1817035300606164	0.09099250392626465	0.09084537264191037	0.2727524681565744	0.36370612521463397
0.18176424284416165	0.09094204422001409	0.09083776335362603	0.27276064554807905	0.363695304034119
0.18172220901823893	0.09098697894987202	0.09084561330135998	0.2727429003584203	0.36370229837210855
0.18173922020410196	0.09090911000328651	0.09084034703843223	0.2727756867261334	0.3637356360280457
0.18180340965532948	0.09090369413224039	0.09083442441242866	0.2727798883054788	0.3636785834945225
0.1817867406460518	0.0909126067125595	0.09082423072644584	0.27275485694972057	0.3637215649652221
0.18179963875187155	0.09089497949897987	0.09083312649619535	0.2727635611326527	0.3637086941203003
0.18171535309668424	0.09098076414965355	0.0908272879661244	0.27273920229752	0.3637373924900176
0.18176091072833925	0.09090706462342386	0.09083651757482895	0.27275502770774307	0.36374047936566467
0.18170884640523566	0.09098078749562612	0.09083023682678912	0.2727497004540123	0.36373042881833656
0.18174158630274628	0.09097206079177676	0.0908355707828641	0.27275689152277377	0.36369389059983886
0.18174283085816126	0.09093941280796716	0.09084394401690822	0.2727889559247467	0.3636848563922165
0.18178112334768323	0.09092350824507023	0.09084146952178104	0.2727374743208317	0.3637164245646336
0.18174259824204378	0.09097808704467064	0.09083855445846228	0.27276191373410896	0.36367884652071414
0.18176133725158317	0.0908984224702312	0.0908451549808074	0.2727885064027764	0.3637065788946016
0.18174833716773278	0.09096250625500632	0.09081980346347135	0.27275748737683103	0.36371186573695835
0.1817954973667759	0.09092446952439417	0.09082652730656723	0.2727738524071508	0.3636796533951117
0.1817627701445182	0.09092605368891851	0.09082923557363998	0.2727776648454495	0.36370427574747366
0.18178292461659096	0.09089209165109918	0.09083447446249487	0.2727508031347346	0.3637397061350802
0.18171831695368237	0.09093284442305344	0.09083442858347435	0.27277773209241274	0.36373667794737685
0.18181725347365887	0.0908935302397593	0.09083031073046458	0.27276660599633595	0.36369229955978105
0.18175506111338677	0.09096110552342432	0.09082346530652682	0.27274600789853337	0.3637143601581285
0.1818020676997527	0.09091214542350229	0.09084559483974836	0.2727482134885327	0.36369197854846375
0.18173787927309182	0.09096071569291769	0.09082339317605788	0.2727776113558217	0.3637004005021107
0.18180824994098466	0.09090417465590303	0.0908287864452932	0.2727386070043932	0.36372018195342576
0.1817583462251119	0.09093415663313642	0.09083879506204331	0.2727590248527019	0.3637096772270062
0.18176176659130538	0.09093571992407298	0.09083896523048793	0.2727400215840482	0.36372352667008523
0.18176483294962786	0.09092930888449943	0.09083391148417178	0.2727900769841016	0.36368186969759914
0.1817831911515662	0.09089691869594563	0.09084527729435522	0.27274618481289026	0.3637284280452424
0.1817096615574259	0.09099664130187586	0.09083343725390461	0.27275047433575755	0.36370978555103584
0.1817087282852484	0.09101731228163029	0.09082224347061077	0.2727521175953661	0.3636995983671443
0.18173787020711302	0.09091989805627454	0.09084860801788555	0.2727656483018545	0.3637279754168722
0.18174256468130534	0.09098060335941527	0.0908204323813134	0.27274379298760604	0.3637126065903597
0.18170940862066756	0.09101379018629574	0.09083013355138862	0.2727371623066927	0.36370950533495516
0.181714946046447	0.09103131302685832	0.0908241337916484	0.27274311569223164	0.3636864914428144
0.18174539659871278	0.09097301820145676	0.0908249131579569	0.2727373248200161	0.3637193472218573
0.18175460900829246	0.0909240433506811	0.09083814045712177	0.27274300392894313	0.36374020325496137
0.18172188452260057	0.09101649604142781	0.09082451471436309	0.27274866330031644	0.3636884414212919
0.18170584054269864	0.09094881450041317	0.09083482851269845	0.27278029986657837	0.3637302165776112
0.1817369880918634	0.09091720998199423	0.0908406961234586	0.27277570420131086	0.3637294016013727
0.1817117645098029	0.09099198646145731	0.09083342925767104	0.27277280198233284	0.3636900177887357
0.18170119048032798	0.09096317517030533	0.09082608491593169	0.2727869269954583	0.3637226224379765
0.18174767346903287	0.09099411270861772	0.09082924192614576	0.272744192208229	0.3636847796879744
0.18177788915035983	0.09089199369429268	0.09084721676050556	0.2727898620199189	0.36369303837492284
0.18171421713156308	0.09096811525747803	0.09084650750476839	0.27275571006201627	0.36371545004417405
0.18176156423974998	0.09095818610388773	0.09083912277854438	0.2727407437928985	0.36370038308491925
0.18172907780775605	0.09098340683084262	0.09083969327432076	0.27274719047142537	0.36370063161565497
0.18177617416650188	0.09093538905590434	0.09084473307917384	0.27274640932741295	0.36369729437100673
0.18173839074503312	0.09093311521357642	0.09084027322872855	0.27277834756561004	0.36370987324705173
0.18176338852797613	0.09091681717435476	0.090839769925978	0.2727916706036583	0.36368835376803255
0.1817730221928377	0.09096701493766873	0.09082271011131156	0.27275104207023765	0.36368621068794416
0.1817818356127328	0.09093813742139212	0.09082005936433837	0.2727576892001264	0.3637022784014101
0.18176634763859112	0.0909377169920279	0.0908377431131392	0.272758077996457	0.36370011425978455
0.1817560468322158	0.09092050266070709	0.09083106793619299	0.2727804426700147	0.3637119399008692
0.1817786450357674	0.09092192100870992	0.0908303345900128	0.2727395714610803	0.36372952790442936
0.18178239930998266	0.09089520931311101	0.09084109773864729	0.27277003274547307	0.36371126089278577
0.18176808123444377	0.09090725398848734	0.09084627762529551	0.27277136904811783	0.36370701810365536
0.181733733790047	0.09096527592422324	0.0908438666855276	0.27273743030882586	0.36371969329137604
0.18182101816789625	0.09089240653145106	0.09082623211217325	0.2727373929037259	0.3637229502847533
0.18175866735364854	0.09095107879131256	0.09083486632202784	0.27276895194434375	0.3636864355886671
0.18180777510174548	0.09089767897095222	0.09083383534625432	0.2727669620483263	0.3636937485327214
0.18178345989236744	0.09091729668945961	0.09083359469607458	0.2727804098030554	0.36368523891904275
0.18174155083585136	0.09092948626662462	0.09083223674949947	0.2727686410057619	0.3637280851422624
0.18170667872716767	0.09100284334799257	0.09084690775218249	0.2727650305226561	0.36367853965000096
0.181762177516487	0.09090902628674365	0.09082532389518921	0.27277938448722505	0.3637240878143549
0.18178112704512092	0.09089967591314199	0.09082846692650874	0.2727568167630459	0.3637339133521822
0.18176115173418447	0.09094597419429305	0.0908236592161853	0.2727876713043454	0.3636815435509916
0.1816999404467811	0.09098250087060218	0.09082518404571133	0.27278369218556364	0.3637086824513415
0.18178540639996937	0.09089654629504546	0.09084528609768325	0.2727820144603329	0.3636907467469688
0.18172228671751237	0.09101796777406518	0.09081987855052423	0.272738423144825	0.36370144381307307
0.18180787017875066	0.09090350770990555	0.09084335326402275	0.2727454570706459	0.3636998117766749
0.18175167478000528	0.09093266349959025	0.09083259893120765	0.2727858128746292	0.36369724991456737
0.1817334055555421	0.09097478553046942	0.09082929008633778	0.27277709624212404	0.36368542258552644
0.1817474772995228	0.09092561373664218	0.09082946869431943	0.2727641774471008	0.3637332628224146
0.1817547680528766	0.09094276649319134	0.09082535508007429	0.27278633262033497	0.3636907777535226
0.18176370929489236	0.09091142955855383	0.09083443189665438	0.27276879242675195	0.3637216368231473
0.18176626211649805	0.09090086190348437	0.09082985975740593	0.27278557427312955	0.3637174419494819
0.18173156255792408	0.09093963766189841	0.09083596762169888	0.27276750029358865	0.36372533186488976
0.18176027475202777	0.09096683500090816	0.09084021837311286	0.27274422391547626	0.36368844795847477
0.1817942768572291	0.09092513994526344	0.09083532411823847	0.27275159121774306	0.3636936678615257
0.1818059103154471	0.09089402864752846	0.0908417300522171	0.27276784585207536	0.36369048513273183
0.18174321058796428	0.09094080197431248	0.0908277804541284	0.2727876464052455	0.36370056057834915
0.18178086016256928	0.09091516653833794	0.09083390845993206	0.27277093822029674	0.3636991266188637
0.1817363281702668	0.09099319344896545	0.09083959838203465	0.27274421432960816	0.3636866656691248
0.18176702947054035	0.09089752283153493	0.09083130822806643	0.2727808801448719	0.36372325932498617
0.18179799722965342	0.09090495838474782	0.09084510216378966	0.2727747410609864	0.3636772011608225
0.18181463148807658	0.09089948274732322	0.09084630573605769	0.2727361124152138	0.36370346761332856
0.1817768419631782	0.09093481071318572	0.09083056628857669	0.272774186971999	0.36368359406306017
0.18172836434137052	0.0909732217147287	0.09083454891753366	0.2727646591002453	0.36369920592612165
0.18175494556274752	0.09095530947239532	0.0908246876245006	0.27274275344252696	0.36372230389782945
0.1817793105483907	0.09091318265622647	0.09083396726320972	0.2727526947789215	0.3637208447532514
0.18172602807893287	0.0909471246376124	0.09084410256880251	0.27275709964457023	0.36372564507008176
0.18179794787666156	0.0909218314509982	0.09082420336747922	0.27277215784897757	0.3636838594558832
0.18177030039109984	0.09090129766533216	0.09084323550557692	0.27278344042211966	0.36370172601587125
0.18172632457733934	0.09098903473806169	0.09082241174858074	0.27275487382273045	0.36370735511328767
0.1817518401881101	0.09095669169698056	0.09082168349159261	0.27277640390901914	0.36369338071429735
0.1817852132353107	0.09093482159486603	0.09082612797114802	0.272747279398599	0.36370655780007605
0.1817783425289487	0.0909141784981711	0.09083188274594275	0.27276361279819816	0.3637119834287391
0.1817434256971942	0.09093754179014388	0.09083649366024349	0.2727630168566161	0.36371952199580215
0.1818039578507909	0.09091766126188824	0.09082898597417126	0.27275012573661317	0.3636992691765362
0.18180014151514076	0.09093697362545222	0.09082056597731875	0.27276360055919574	0.36367871832289234
0.18171343134797133	0.090958401206143	0.09082293460527044	0.2727822399144735	0.3637229929261416
0.1818180043742666	0.09089356331528242	0.09082740017551559	0.27275753033084166	0.36370350180409355
0.18174142949771405	0.09097810460134026	0.09083335386610544	0.2727371506330723	0.3637099614017677
0.18176908561104513	0.09089269013625462	0.09084128069616376	0.27278648819508344	0.36371045536145286
0.18173459710604722	0.09096676290070868	0.09082268266105052	0.27277921762365553	0.3636967397085379
0.18174307398148035	0.09092058875802067	0.09082095489031661	0.2727820328378886	0.3637333495322935
0.18175592076088637	0.09092119218932995	0.09082705678938441	0.2727596349854342	0.36373619527496487
0.18171099416814185	0.09096745261649028	0.0908216450325445	0.27278416262429067	0.36371574555853253
0.18176932364155687	0.0909685592054749	0.09082916556146614	0.27275056142351944	0.36368239016798243
0.1817230381709446	0.09097579407565502	0.09082456202737461	0.27273889294215736	0.36373771278386824
0.1817812791321424	0.09091689479241652	0.09084170665379585	0.27276994376102676	0.3636901756606183
0.18175601662837704	0.09091542626331338	0.09084127683749459	0.2727603331048807	0.36372694716593407
0.1817597260320794	0.090916559659362	0.09083016234027852	0.27276889695358	0.3637246550146999
0.18176187393037213	0.09090561053569239	0.09083583676723254	0.2727758759653699	0.3637208028013329
0.18181220182394567	0.090907332314964	0.0908345092642619	0.27275622899313356	0.36368972760369467
0.18180030084197016	0.09091356295277936	0.09083048311138027	0.27275130282288645	0.3637043502709836
0.181707353223869	0.09101742096071269	0.09082483255867951	0.2727603203660505	0.363690072890688
0.18173391965805313	0.0909154369372912	0.09082155015363896	0.2727894404559308	0.3637396527950857
0.18171976264242162	0.09100391483637577	0.09082159749820001	0.2727480670587469	0.36370665796425555
0.18182219033432717	0.09091341051552346	0.09083313609637347	0.27274262105428565	0.36368864199949
0.18169852723661536	0.090964888739011	0.0908454177751764	0.27275669916344153	0.3637344670857555
0.18173161271438412	0.09098922857928027	0.09082899677395347	0.27274607932488487	0.3637040826074971
0.18175342799026056	0.0909425007685278	0.09082284078700027	0.27278360965853854	0.3636976207956726
0.18173024830862333	0.09096420264265434	0.09082153086269909	0.27275239983908955	0.3637316183469335
0.1817020412288943	0.09101071781886613	0.09082837816706807	0.2727371762065053	0.363721686578666
0.1817064606065731	0.09099537724956244	0.09084899498099881	0.27273666243559197	0.36371250472727346
0.1817294921796812	0.09092269888811622	0.09084603000470723	0.27279148701914735	0.3637102919083478
0.1817053665494916	0.09094254967152636	0.09084597866307546	0.27277733702205287	0.3637287680938535
0.1818281533862217	0.09089885367357996	0.09082313693614383	0.2727646082023881	0.36368524780166617
0.18170452047874025	0.09100447170150629	0.09082701248690038	0.2727702451715772	0.36369375016127564
0.18180793469259335	0.09093083529079352	0.09082490347067995	0.2727541268660446	0.3636821996798884
0.18173771479672984	0.09093371835647104	0.09083618676374614	0.27278732508331327	0.36370505499973954
0.18173838350763333	0.09096766127542036	0.09082114162832708	0.272750089138987	0.36372272444963205
0.1817734104728511	0.09092411166079147	0.09082556838169496	0.2727536047446056	0.3637233047400567
0.1818024287446917	0.09091171309849734	0.09082263187725462	0.2727378878733895	0.3637253384061666
0.18182048410076096	0.09089483323029396	0.09082532022270348	0.27277086774011794	0.3636884947061234
0.1817311150109824	0.09098377290710657	0.09082883087500362	0.27275623026072754	0.36370005094617963
0.18175106641291638	0.09094178443553459	0.09084615843216502	0.2727652358347564	0.36369575488462735
0.1817550111593833	0.09090046782562242	0.09084675462860649	0.2727686852535202	0.3637290811328674
0.18175316631406285	0.09091734212702449	0.09083698352730654	0.27277232378951505	0.36372018424209085
0.18182080912260584	0.09092696321221928	0.09082254997489438	0.27274198799810434	0.3636876896921759
0.18174468250992912	0.0909274823713536	0.0908491193763688	0.27277346480529696	0.3637052509370513
0.18170922821756813	0.09093617561204624	0.09084042473151864	0.2727862577999199	0.36372791363894696
0.18182401680502086	0.09091607520275023	0.09081942590464817	0.2727549974267558	0.36368548466082473
0.18180023359819378	0.09091093148529951	0.09084298705400536	0.272741963118673	0.3637038847438282
0.18171923647528743	0.09096023913892021	0.09082229542445658	0.27277094428899357	0.36372728467234194
0.18177161074954096	0.09092117490243791	0.09083647223264936	0.2727534918992933	0.36371725021607826
0.18176009232963292	0.09093849885626185	0.09083876056681062	0.27277487117202825	0.36368777707526617
0.18171069546059349	0.09097016076621037	0.09082797764416758	0.2727621258812013	0.36372904024782704
0.18178511338449257	0.09095469845468095	0.09083227746508175	0.2727436076481602	0.3636843030475843
0.18172731357668348	0.09096181404270186	0.09082242329667552	0.27275756314168464	0.36373088594225433
0.1817163969506418	0.09101888990782252	0.09082641844745513	0.2727393910498482	0.3636989036442322
0.18179819747947437	0.09092345287636436	0.09083008908800846	0.27276309377829955	0.3636851667778531
0.18172436161546357	0.09097138251108774	0.09084193992618117	0.2727561508186669	0.3637061651286005
0.18171531881966438	0.09098434981648731	0.09084339666424926	0.27277709388902593	0.3636798408105729
0.1816989447366309	0.09101718218556376	0.09082227463471984	0.27275669819616655	0.3637049002469187
0.18170773482889072	0.09093604389293888	0.09083188356937218	0.2727870428116122	0.3637372948971858
0.18171227571561505	0.0910004217547985	0.09083651012215127	0.27276371897548923	0.36368707343194573
0.18172304322331548	0.09101019197378045	0.09082674988728788	0.27274215582929195	0.363697859086324
0.1817091564807054	0.09095878744585478	0.09083125447198605	0.2727602993141233	0.36374050228733024
0.18175929059346177	0.09091730566406513	0.0908319454300206	0.27277253352285147	0.3637189247896008
0.18172560760773102	0.09095519027351553	0.09082251897145706	0.27277209232287003	0.3637245908244262
0.18171289164090537	0.09101745309911476	0.09082987449591474	0.27275247349187154	0.3636873072721934
0.18181100696557895	0.09090565821974923	0.0908405671177137	0.27273893980787195	0.36370382788908595
0.18179086899529934	0.09092330753065539	0.09084265464039268	0.2727629305539965	0.36368023827965584
0.18174885832195117	0.09091575281831378	0.0908339020853516	0.27276921556305694	0.36373227121132634
0.1817749573177288	0.09093405393012026	0.09082307004087461	0.27278030675567544	0.3636876119556007
0.1817443087517946	0.0909516779279165	0.09083615668949592	0.272781536274256	0.36368632035653675
0.18170003600967966	0.0909749353999377	0.09082341940362551	0.27277649738452253	0.3637251118022344
0.18171075135882564	0.0909421675450872	0.09082837009673522	0.27278538149224524	0.3637333295071065
0.1817283203699654	0.0909608006655116	0.09083642628310898	0.2727516542189269	0.36372279846248695
0.1817170405436973	0.09095570743496827	0.09083530465635123	0.27277908309602894	0.363712864268954
0.18175762956514863	0.09094840131751153	0.09084415063605925	0.272758077289651	0.3636917411916294
0.1817542808176292	0.09097523742281027	0.0908221221557436	0.2727696710602468	0.3636786885435699
0.1817579660116175	0.09094577059743494	0.09082149339737922	0.2727454247754668	0.3637293452181013
0.18171226084162634	0.09095789354743448	0.09083300520859375	0.27276815990485215	0.3637286804974931
0.18171712810697588	0.0909587999526243	0.09084766583758035	0.2727809800801902	0.36369542602262905
0.18175836614964383	0.09096672433144919	0.09082590490218832	0.2727713330256473	0.3636776715910711
0.18174199283390263	0.0909525107634997	0.09081956375468238	0.2727663305389125	0.36371960210900256
0.18179580371529822	0.09093160222257672	0.09082833584211802	0.272745019297828	0.36369923892217876
0.18177225876070213	0.09092673208385706	0.09083526107604215	0.27277740575395515	0.36368834232544334
0.18174497029240821	0.09096473970723895	0.09083002451469095	0.27274005019508374	0.3637202152905779
0.18180326172066025	0.09092409241905236	0.09081937680750135	0.2727509109376366	0.3637023581151492
0.18175985286934832	0.09092172108075633	0.09082783552407692	0.2727514924057535	0.3637390981200647
0.18172906154123353	0.09097497831744045	0.09082025153088466	0.27279160503327265	0.3636841035771685
0.18174866170350476	0.09097238972015748	0.09083953454882873	0.2727554423789552	0.3636839716485536
0.1817228468372652	0.09096909637399438	0.09083847725062988	0.2727584175729812	0.36371116196512915
0.1817264327607445	0.0909567624415944	0.09083958498802322	0.27274109982970796	0.3637361199799298
0.18172596986420278	0.09100145527526124	0.09082722236002563	0.27275141944272396	0.36369393305778613
0.18173426262544023	0.09091569871399079	0.09083384359587644	0.27278962039505306	0.3637265746696393
0.18181974944249962	0.09089452043956195	0.09084040995993063	0.2727669434872829	0.36367837667072467
0.18175365795500786	0.09096057401992139	0.09082107191809694	0.272742749026587	0.3637219470803866
0.18174022639911136	0.09093228333996672	0.09084552883495964	0.2727874039414029	0.36369455748455914
0.18170546383611666	0.09094796136516593	0.09082609636474946	0.272779122286136	0.36374135614783176
0.1816991883403955	0.09100678926469451	0.09084110810669108	0.2727637156801773	0.3636891986080414
0.18170596388823113	0.09095577663209116	0.09084881990769597	0.27278921442213616	0.36370022514984546
0.18182607328604256	0.09089365198894687	0.09083882022238095	0.27274140197125235	0.36370005253137705
0.18177234255144073	0.09093349833495473	0.09082796372787857	0.2727553361789544	0.3637108592067713
0.18176092099394642	0.09091979959869884	0.09083540097613249	0.2727756613802225	0.36370821705099954
0.18178473282563393	0.09093503815988131	0.09083297168707082	0.2727677788150364	0.36367947851237736
0.18177073496856763	0.09093067175148693	0.09083394179309069	0.2727378498062982	0.36372680168055627
0.18177621374007852	0.09094681313985711	0.09082256038169884	0.2727715891132686	0.3636828236250967
0.18176504218913878	0.09091738767155094	0.09083172993863438	0.2727520369481653	0.36373380325251037
0.18171238892741587	0.09098289685304997	0.09084419823615555	0.2727788160923174	0.363681699891061
0.1817692085394818	0.09089915633833952	0.09082657339594627	0.2727790821604217	0.36372597956581054
0.18180466134481352	0.09092064059455551	0.09084110974257617	0.272753007463737	0.36368058085431754
0.18170710673765628	0.09102274508297857	0.09083928176054548	0.2727454375021167	0.36368542891670275
0.1817820222960002	0.09091031909587377	0.0908219433932039	0.27276880361107286	0.363716911603849
0.1817517357979922	0.09097767350954628	0.0908359037107434	0.27273831583132513	0.36369637115039277
0.1817639258136418	0.09096606724771966	0.09082696247584057	0.27276680664010555	0.3636762378226922
0.18170868681575794	0.09099700072436703	0.09083480512964233	0.272775007952926	0.3636844993773065
0.18181959181406007	0.09089841831995263	0.09084425262316412	0.272745574909116	0.363692162333707
0.18169990430501734	0.09100131103240575	0.09084145280200606	0.2727407542104444	0.36371657765012627
0.18172129317088132	0.09098580393555686	0.09082537368044705	0.2727577163082108	0.3637098129049038
0.18173847895161552	0.09091814640581687	0.09083538417826698	0.2727866692529867	0.3637213212113137
0.1817652789844685	0.09090295985574597	0.09084382888730726	0.27278514565575257	0.3637027866167255
0.1817056642273843	0.09098448453720395	0.09082670376440052	0.27276406479086324	0.3637190826801478
0.1817203162502133	0.09092120583017711	0.09083879948054961	0.27278973205678164	0.3637299463822781
0.18171612857880037	0.09097836361988725	0.09084503058152057	0.2727371749004814	0.36372330231931016
0.18173299229311735	0.0909104151297721	0.09084822976916329	0.27278785890526613	0.36372050390268096
0.18175364555485532	0.09095028404459755	0.09084164468954715	0.2727489268996722	0.36370549881132763
0.18175186538607097	0.09093211092256821	0.09083458623839767	0.2727477985323868	0.3637336389205762
0.18173481295354266	0.09093006053375216	0.09083779948061463	0.27278272730238756	0.36371459972970277
0.18177071615527435	0.09095567402623052	0.09083092044363383	0.272761908016602	0.3636807813582591
0.18171034366876426	0.09100145821325262	0.09084137134262021	0.27274076113494894	0.3637060656404137
0.18170368297108733	0.09099185058163504	0.09082730521679272	0.2727910220192426	0.3636861392112421
