0.249300410309791	0.5617116439028572	0.1889879457873519
0.2809984117877924	0.4698605308438155	0.24914105736839223
0.15979435926719124	0.6383959783383406	0.20180966239446824
0.2028322392963857	0.4731160561370164	0.32405170456659804
0.2436482700942072	0.31446536468047803	0.4418863652253149
0.11416285830185113	0.5754716482510792	0.31036549344706976
0.24498031727431963	0.27357483560754614	0.4814448471181343
0.14121025810164378	0.4532734370409783	0.4055163048573781
0.21988909463247047	0.6644617006399379	0.11564920472759174
0.28225357359926256	0.46569436710358647	0.2520520592971511
0.11604116552378757	0.42955291517441657	0.45440591930179597
0.27461071701291656	0.22781472183293294	0.4975745611541506
0.20591362289937296	0.3121582041161514	0.48192817298447577
0.09092078424012728	0.6018380960648951	0.3072411196949777
0.1108200922863915	0.6724181035770941	0.21676180413651452
0.07010720189520325	0.15119154538825988	0.778701252716537
0.20271477454066536	0.282844142537521	0.5144410829218138
0.163265419143814	0.6105595427151492	0.22617503814103687
0.17784403980295924	0.2729760955438743	0.5491798646531666
0.20988732781933322	0.13638740511710915	0.6537252670635578
0.0904222248599525	0.5585446668010025	0.3510331083390452
0.1801847700270004	0.2675020337707154	0.5523131962022844
0.1488545092825047	0.7026266046830444	0.14851888603445101
0.26816267812737904	0.5060081808444215	0.22582914102819968
0.2709369720257474	0.4543831970467338	0.2746798309275189
0.08892188620788954	0.3567561501799977	0.554321963612113
0.27511893828486034	0.6581899884111342	0.0666910733040057
0.08144598426681565	0.5824593645634553	0.33609465116972925
0.26510435542631977	0.13960200925822275	0.5952936353154576
0.15173675348540164	0.3976009348403409	0.4506623116742575
0.23333518629369984	0.3886155888734639	0.3780492248328363
0.1555258923139433	0.6373885751160242	0.20708553257003257
0.10237838072909039	0.35172762682506986	0.5458939924458399
0.2126331434200251	0.5823252153530718	0.20504164122690322
0.2774586367295922	0.491588828123773	0.23095253514663489
0.19518429168629858	0.36894508293259887	0.43587062538110266
0.24049690370357962	0.6438973118406991	0.11560578445572142
0.1411707288005837	0.34414668462951015	0.5146825865699063
0.1833120565050039	0.3987839946107988	0.4179039488841974
0.07808861819023372	0.38484105947751485	0.5370703223322515
0.15825488255471715	0.6178076416816334	0.22393747576364964
0.0520140854685085	0.12753858977621213	0.8204473247552795
0.11540347221341715	0.6922496770159605	0.19234685077062255
0.1948016620312672	0.6373809417315861	0.16781739623714675
0.2013288836394842	0.6800697458080727	0.11860137055244324
0.16566179496291228	0.1465691783647386	0.6877690266723493
0.10485789205182061	0.6592668157443108	0.2358752922038687
0.16946418559102533	0.24804384243100053	0.5824919719779742
0.2796227209757177	0.5964676732469185	0.12390960577736385
0.15737432903431442	0.5502493794136648	0.2923762915520209
0.15894551319914146	0.6762741646075083	0.16478032219335031
0.2599477424860658	0.5529481047277562	0.18710415278617812
0.1451565038741911	0.42358079038603347	0.4312627057397755
0.10238271367194574	0.36773539125809496	0.5298818950699594
0.20000927203682972	0.24235645190168584	0.5576342760614845
0.24410432611523813	0.3549560535347175	0.4009396203500445
0.20387910303365747	0.4553328939231064	0.3407880030432362
0.19294743169325296	0.5855045527564653	0.2215480155502818
0.1520195008224182	0.539611229962057	0.3083692692155249
0.0761578954899223	0.2981939602331776	0.6256481442769002
0.15869877420348155	0.35551213393253994	0.4857890918639786
0.14191389292644635	0.4315417742782115	0.4265443327953423
0.05262844245492132	0.23763915865370866	0.7097323988913702
0.21177039927996646	0.6285200070933012	0.15970959362673234
0.15858850980145897	0.58033661835374	0.2610748718448012
0.21550615035844362	0.14986185221741521	0.6346319974241413
0.17948157561201827	0.5311357518169603	0.28938267257102157
0.13630108958936193	0.15080173648204398	0.7128971739285943
0.2148475761985206	0.6981067900151658	0.08704563378631375
0.150118406676584	0.4706612766877398	0.37922031663567635
0.1658682476585494	0.31516206088705323	0.5189696914543975
0.15470253681999876	0.1677403855649771	0.6775570776150243
0.2549340178744468	0.365842998243938	0.3792229838816153
0.23381514809001752	0.5332644639483719	0.23292038796161071
0.20577634894348287	0.5515945571384159	0.24262909391810136
0.06000148666706373	0.46411948806334924	0.47587902526958714
0.2033156958710636	0.6109001122597715	0.18578419186916503
0.15926790705497296	0.3612564549627057	0.4794756379823215
0.22895677998980357	0.449311277510999	0.32173194249919757
0.21423114135493213	0.6755704391333714	0.11019841951169654
0.12210525279913295	0.6301633792151543	0.24773136798571288
0.06898390238078128	0.6738714028127168	0.25714469480650193
0.20093387896583148	0.4694040115849646	0.3296621094492041
0.2685309403739583	0.36124895811080543	0.37022010151523643
0.046376353008568516	0.4622760575273309	0.49134758946410073
0.20859310478621734	0.5146839817854161	0.27672291342836663
0.24523095373207912	0.5166248663202262	0.23814417994769477
0.21939174777456613	0.24545037664523137	0.5351578755802027
0.041150997929286615	0.2219759209599304	0.7368730811107831
0.07517558425942544	0.4663957939938007	0.45842862174677396
0.1674846631704896	0.20413304345727035	0.6283822933722402
0.22171737260271124	0.21330514017903057	0.5649774872182584
0.15326018322078425	0.6080053240899994	0.23873449268921643
0.1219326146209925	0.3834341271801109	0.4946332581988967
0.2509381251068323	0.698473486025704	0.05058838886746375
0.13888267232177587	0.30012747279865204	0.5609898548795722
0.23464447389414356	0.37958800300424833	0.3857675231016083
0.25709555954894797	0.17068242519478488	0.5722220152562673
0.11938114239399528	0.3078293831985674	0.5727894744074374
0.1881232356034617	0.6255233839270415	0.18635338046949698
0.09493786373615892	0.5559709662344842	0.349091170029357
0.24570030140206928	0.5591125014491928	0.19518719714873806
0.21229719497755464	0.6745830304584983	0.11311977456394706
0.17911411573950217	0.6395239688478555	0.1813619154126425
0.21709725466173252	0.5471885973378994	0.23571414800036825
0.21865250627090915	0.5224597956335966	0.2588876980954944
0.09481323350884063	0.6091523490644859	0.2960344174266736
0.13887185283420994	0.6697220121718457	0.19140613499394443
0.08071634675908351	0.3698358114855194	0.5494478417553972
0.22829571660968262	0.5181935860363986	0.25351069735391885
0.2509739009796546	0.400699148276874	0.34832695074347153
0.08064398925131083	0.6322767212283673	0.2870792895203219
0.28396924346094077	0.3857297404816056	0.33030101605745377
0.24907707141039473	0.36061887788837504	0.3903040507012303
0.1555387079030286	0.3255515309290801	0.5189097611678914
0.2561222181828178	0.45978241901887723	0.2840953627983051
0.15417975947678328	0.474615936195876	0.37120430432734086
0.261364252518444	0.7063556395054622	0.032280107976093986
0.2660100930613696	0.5308012712176975	0.203188635720933
0.2781818536140246	0.18644619643933782	0.5353719499466377
0.11208342131807014	0.31255143185624823	0.5753651468256817
0.17495139484970168	0.29193739056898077	0.5331112145813177
0.18867270686926912	0.1740596603646745	0.6372676327660565
0.11091954466068654	0.20496790493139283	0.6841125504079208
0.0659309238355048	0.1029842254937346	0.8310848506707607
0.10596567060030115	0.4180368160803794	0.47599751331931955
0.25222972472787736	0.3778332893621694	0.36993698590995333
0.25183478962458883	0.6514141627930572	0.09675104758235414
0.1319565292837978	0.1547670682427402	0.7132764024734621
0.18251566875866815	0.5331482265283285	0.2843361047130035
0.16523557365817915	0.5121805906733993	0.3225838356684217
0.09951734798540715	0.550021113943309	0.350461538071284
0.22932501488562296	0.24354060289423995	0.5271343822201371
0.16522472733551144	0.46650866502653576	0.36826660763795294
0.12124869529569499	0.3715311109078873	0.5072201937964178
0.23218431164833117	0.1116830721603955	0.6561326161912734
0.07843804096707285	0.6266761924411136	0.29488576659181365
0.12541847985929416	0.47755045114424644	0.3970310689964595
0.20886514213786533	0.3342581235722899	0.45687673428984493
0.22854299052819715	0.356026465291479	0.41543054418032394
0.059909353478874605	0.2870844062115348	0.6530062403095906
0.04915535972155771	0.6454910822174957	0.30535355806094666
0.275869468040035	0.3352125182856773	0.38891801367428785
0.09066654518281059	0.2222497544103827	0.6870837004068068
0.04648478583639315	0.19904516225038135	0.7544700519132257
0.05133863049371851	0.22768208502327225	0.7209792844830094
0.2688985993073296	0.27682380950710034	0.4542775911855702
0.2029156675582332	0.29774999503402383	0.4993343374077431
0.1669091428959134	0.699131643542658	0.1339592135614287
0.1605806714070447	0.14439916573380374	0.6950201628591517
0.2320636077867956	0.45285201611210485	0.3150843761010997
0.27442537574034176	0.6583209762501088	0.06725364800954964
0.28332358143526026	0.4870244221292707	0.2296519964354691
0.1599881607099559	0.40718620316869847	0.4328256361213457
0.24542663922834262	0.6104816718400292	0.14409168893162835
0.16397528491341007	0.5843121701483798	0.25171254493821027
0.26141899503595767	0.4350407344299999	0.30354027053404253
0.24656630808849853	0.4051642006279726	0.34826949128352896
0.12000228003107133	0.4945819232147602	0.3854157967541686
0.07751777043205249	0.558919281381562	0.36356294818638557
0.08177160608000039	0.3430996797135011	0.5751287142064987
0.26708983579549705	0.5726070395650728	0.16030312463943025
0.2305955372035698	0.15195831109820918	0.6174461516982211
0.054147840462404284	0.21022158659891918	0.7356305729386767
0.18091527955798872	0.19324946326084375	0.6258352571811676
0.26204247367821254	0.48629654376161824	0.2516609825601692
0.2453396615267437	0.37633615506154566	0.37832418341171076
0.18966890112400855	0.46286222588061043	0.3474688729953811
0.27694818915528124	0.39340041842716916	0.3296513924175497
0.08900864458565588	0.5260339204809338	0.3849574349334104
0.18498171025321253	0.1156192429436072	0.6993990468031803
0.18288762445961088	0.2053038426322504	0.6118085329081389
0.12322408603601231	0.6524638744642728	0.22431203949971507
0.15724453356790424	0.19107528028394874	0.6516801861481472
0.2820854542180065	0.21282869228253845	0.5050858534994551
0.1916946032086092	0.6011029227225089	0.20720247406888198
0.08106253048320516	0.6145541851293234	0.3043832843874716
0.21245932974785825	0.6859339068323599	0.10160676341978195
0.10381750683817428	0.7059155212613404	0.19026697190048533
0.09411506284465734	0.6267958814157881	0.27908905573955467
0.17968368554268874	0.22211752153075354	0.5981987929265579
0.06507488589662336	0.4389555954187212	0.4959695186846556
0.19192180154673052	0.7091960344145278	0.09888216403874181
0.11473849964378555	0.7092593315233813	0.17600216883283332
0.20766458713586802	0.3135427979801303	0.4787926148840018
0.2783637169642208	0.34393695822930626	0.37769932480647306
0.22009431968115123	0.11695059653732204	0.6629550837815268
0.10281211500477311	0.45440786579429476	0.44278001920093224
0.06342601080609211	0.6160373312049892	0.32053665798891884
0.08851095364416015	0.3882695005998717	0.5232195457559683
0.17056596468521285	0.49138545360008334	0.33804858171470387
0.2730659769653081	0.2197756688378495	0.5071583541968425
0.11142458177209646	0.2291089262829882	0.6594664919449155
0.2460891626733934	0.19395209567003863	0.5599587416565681
0.0800726954765259	0.21773099527810263	0.7021963092453716
0.1128571684506221	0.670680104286833	0.216462727262545
0.22601167467532707	0.24931802280505164	0.5246703025196214
0.06994426231183032	0.6950767956717366	0.23497894201643313
0.23161538664016146	0.5174724658268716	0.2509121475329671
0.22387310889979342	0.4710157492400169	0.3051111418601898
0.06343172995711133	0.6745492338791538	0.2620190361637351
0.26680599479316347	0.18653384505004772	0.5466601601567889
0.04785150484027151	0.2522493023439333	0.6998991928157954
0.18769490590771337	0.1623557355661973	0.6499493585260894
0.11206381364695633	0.48644673960292173	0.401489446750122
0.22348012504694428	0.567641843486646	0.2088780314664098
0.14944851711923307	0.10320228213034707	0.7473492007504199
0.11947220087989749	0.20539689818734905	0.6751309009327535
0.1900059634002291	0.40501348762318934	0.40498054897658164
0.10868790407288256	0.6135459033283527	0.27776619259876484
0.07177281610551345	0.5804533818326432	0.3477738020618435
0.1904375542568796	0.2539814836141612	0.5555809621289594
0.18495379685004512	0.18810298754494476	0.6269432156050103
0.25478683714339373	0.35575500723204373	0.38945815562456265
0.18253268717092028	0.22704048917576675	0.590426823653313
0.05937377924037335	0.1301812406737458	0.810444980085881
0.13210659475206124	0.44903768750420436	0.41885571774373453
0.23853978205931173	0.18467211198308175	0.5767881059576067
0.13633125369109955	0.483063427563436	0.3806053187454645
0.11833372955556079	0.514579465470463	0.36708680497397633
0.25449862504154297	0.39730223143577637	0.34819914352268083
0.2306870056623932	0.36201355662964796	0.40729943770795896
0.07479556886312588	0.3627244471976735	0.5624799839392007
0.09224523008193544	0.4985082835912741	0.4092464863267906
0.07103929900487621	0.26309109195777125	0.6658696090373527
0.2367617180535989	0.18583438030580426	0.577403901640597
0.08432521878877033	0.5714038902434184	0.34427089096781144
0.24407157359960874	0.29890994596149206	0.4570184804388993
0.24243990478637278	0.7035463713685852	0.05401372384504205
0.20641904556540203	0.6219741164644884	0.17160683797010967
0.16418911836573555	0.6411628536454571	0.19464802798880745
0.15320332946191545	0.3888380906991413	0.45795857983894334
0.11719546897882907	0.5997553240310356	0.28304920699013547
0.17071596671875208	0.2996844063582148	0.5295996269230332
0.22464758143112318	0.4094880065183907	0.36586441205048625
0.04408417462551972	0.15376833865940298	0.8021474867150773
0.22468222500989296	0.4746051218082193	0.3007126531818879
0.06506682404143543	0.1508744457653043	0.7840587301932604
0.17180849584149763	0.3489706698824512	0.4792208342760513
0.1709348430712595	0.4299908270125152	0.3990743299162255
0.08546821275871297	0.38376734264094614	0.530764444600341
0.1360873900369745	0.38069852114722696	0.48321408881579864
0.1286365862850501	0.6917983715620242	0.1795650421529259
0.17731255322047454	0.4903346462009577	0.3323528005785679
0.2545785969898369	0.4698546629495902	0.27556674006057297
0.056360459354390546	0.6151050310219965	0.32853450962361297
0.2542906544070954	0.6238550024077262	0.12185434318517849
0.06260763137873815	0.38595786547089395	0.551434503150368
0.08533050199410455	0.2550307137765381	0.6596387842293574
0.0952093940114839	0.2670238291129612	0.637766776875555
0.17789267967223968	0.6140923177336224	0.20801500259413805
0.20189782911146675	0.4444645599606245	0.35363761092790885
0.04806497718744629	0.5981378244061915	0.3537971984063623
0.2259271690024343	0.25250077042124575	0.5215720605763201
0.07884212568111765	0.6457385349595623	0.27541933935932006
0.18355161485040908	0.5584776832383399	0.25797070191125115
0.20626674253153854	0.24576658756379613	0.5479666699046655
0.08237482799473339	0.13293062161300695	0.7846945503922598
0.1140316002494621	0.6621765246965876	0.2237918750539504
0.09951272311082993	0.2947270948608474	0.6057601820283227
0.0947971546693159	0.3968118275665447	0.5083910177641395
0.23240419093459133	0.230046324797878	0.5375494842675308
0.1830796897466583	0.23145496684876854	0.5854653434045732
0.08756468237966902	0.1673187951011009	0.7451165225192302
0.11527894126163568	0.12095397211639788	0.7637670866219666
0.1090256726562058	0.19415660044928124	0.696817726894513
0.2246824131750097	0.5169916381580258	0.25832594866696457
0.20833308729495711	0.6914560362632023	0.10021087644184073
0.06731545751908052	0.6242177208423321	0.3084668216385875
0.19491470547317025	0.4277450334821239	0.377340261044706
0.09159998917975876	0.5016364443424102	0.40676356647783113
0.22390173000526253	0.49213698026260566	0.28396128973213186
0.2588239551151158	0.5898111363515095	0.15136490853337484
0.11942464950695958	0.43868242620641296	0.4418929242866276
0.05979416192613635	0.5978442823186245	0.34236155575523936
0.15313947744896617	0.18886170630859384	0.6579988162424402
0.15349063910800792	0.1983883903108175	0.6481209705811747
0.2733351596299629	0.38883677433142244	0.3378280660386147
0.2787285140852379	0.5089853425727673	0.212286143341995
0.26186571847212486	0.5184856990111126	0.21964858251676264
0.11203533250789699	0.3566335446290653	0.5313311228630379
0.12900460585999932	0.23189089093442697	0.6391045032055738
0.0844059229860592	0.2226462783641312	0.6929477986498098
0.06424192051291655	0.35533883798707694	0.5804192415000067
0.14372056090330051	0.5055383164777427	0.35074112261895685
0.17527931073103697	0.33186993107363266	0.49285075819533053
0.0772817147085042	0.458795711182884	0.46392257410861193
0.13860268136102408	0.48543213165110477	0.37596518698787124
0.04054924879502092	0.5341257136105273	0.42532503759445195
0.2228062652775313	0.4812495421443936	0.2959441925780752
0.10698173624954813	0.28560472792460434	0.6074135358258477
0.2638610432754989	0.22971819872982635	0.5064207579946749
0.20144037113754265	0.5650069112219254	0.2335527176405321
0.0733446574076898	0.43522048849560696	0.49143485409670334
0.2189790056412792	0.11025241239712452	0.6707685819615964
0.15732747454736917	0.23320301150071582	0.6094695139519151
0.26484401715648487	0.6109170341976795	0.12423894864583568
0.24764345677701954	0.6303495468065987	0.12200699641638185
0.2500880536149811	0.6912270216015142	0.05868492478350479
0.2318190408494043	0.4629381369571769	0.3052428221934189
0.043052223014752755	0.298643843247302	0.6583039337379454
0.10786668017408607	0.19154158475686364	0.7005917350690504
0.21511016982249193	0.125824937232257	0.6590648929452512
0.06483456293174805	0.10652353191286362	0.8286419051553884
0.13360905535106696	0.26294553675373167	0.6034454078952014
0.1961182011003715	0.5333785252691788	0.27050327363044974
0.059047164108811945	0.6019749676338304	0.3389778682573577
0.13837206803397747	0.4308941132908748	0.4307338186751478
0.08245596717264037	0.49695108122573917	0.42059295160162063
0.0587167166664343	0.31166259110833905	0.6296206922252268
0.14030465451286514	0.6286779912884449	0.23101735419869002
0.2719584635330373	0.367196542747345	0.3608449937196178
0.21568406084094358	0.3550659295392916	0.42925000961976495
0.20148827641703082	0.6044414700580452	0.1940702535249242
0.19761129553629592	0.10382058975837827	0.698568114705326
0.11737822183100408	0.13540068665217164	0.7472210915168245
0.22965759458928647	0.4165973354377268	0.3537450699729868
0.1030249341650003	0.6183759703230821	0.27859909551191775
0.1452107624094454	0.2987291504542988	0.556060087136256
0.08789473799119452	0.5488357961517811	0.3632694658570244
0.07028192962917834	0.6658490196898442	0.26386905068097755
0.191176511417839	0.6438642789505304	0.16495920963163063
0.19780903700176744	0.32610262681648045	0.4760883361817523
0.06235806825967849	0.4531648832186766	0.484477048521645
0.2755307477241781	0.23493840864638996	0.489530843629432
0.27462853995002984	0.23431419075795154	0.4910572692920187
0.07371366734339374	0.26726428484940956	0.6590220478071969
0.17074386951382642	0.7104959683507338	0.11876016213543988
0.10079114486332774	0.5023250400806335	0.39688381505603887
0.204788150474301	0.2900133822926729	0.5051984672330263
0.1627818545051	0.5531229488706848	0.28409519662421534
0.10833029449779291	0.38691679167448395	0.5047529138277232
0.2263904733295376	0.5889712097955122	0.18463831687495028
0.08974568756027151	0.23903515328711133	0.6712191591526173
0.05479136848314109	0.29450582605047876	0.6507028054663803
0.17933603171775403	0.6471589828674572	0.17350498541478893
0.25609702011426366	0.35524867953308703	0.3886543003526494
0.226733823368149	0.38224838298152575	0.39101779365032535
0.04680722116076097	0.14581102974615193	0.8073817490930872
0.19181573731117307	0.5695001830516967	0.23868407963713037
0.12586677297494137	0.6411481911005708	0.23298503592448797
0.09491084905520333	0.33831848567921347	0.5667706652655833
0.16252406230193084	0.6883188589512629	0.14915707874680645
0.053193469706033725	0.6236988764000262	0.32310765389394014
0.18714952742070493	0.2035616606976532	0.609288811881642
0.13577532037144868	0.47595453796796594	0.38827014166058554
0.047166032881172215	0.5956537687595548	0.3571801983592731
0.2837721648233971	0.5708569821971253	0.14537085297947766
0.1381366688813923	0.2714891751305317	0.590374155988076
0.06451762178453191	0.5880083652168163	0.34747401299865194
0.25527722841928213	0.6128147223509	0.13190804922981808
0.12676870856417294	0.24681877599077032	0.6264125154450568
0.12682417594751325	0.659810455223995	0.21336536882849186
0.2844758027591649	0.6888990526996388	0.026625144541196466
0.09690051028303762	0.6146009315152101	0.28849855820175246
0.07509165789366778	0.4770678222539953	0.44784051985233697
0.27292337805572636	0.44747667135935915	0.2795999505849146
0.13400572333348343	0.6341888888495715	0.23180538781694526
0.275537178292876	0.7062330362472187	0.018229785459905445
0.2219416444530222	0.5538582039110589	0.22420015163591897
0.25126366784566423	0.4383003639195115	0.3104359682348244
0.22612372456312158	0.6926152070985965	0.08126106833828206
0.2460518824332137	0.4699346202347847	0.28401349733200165
0.05351214261435022	0.3192131484833766	0.6272747089022732
0.28154634036280457	0.6049921295894984	0.11346153004769702
0.06722306934366634	0.28417831208963107	0.6485986185667028
0.11408362769288902	0.5432414423865132	0.34267492992059795
0.144229921528083	0.46049884207732095	0.39527123639459616
0.24041973479699236	0.654181762324465	0.10539850287854274
0.22919283481298117	0.6084678023261334	0.16233936286088557
0.2735575061174122	0.28613760386605525	0.4403048900165326
0.11764529175234584	0.50190353643613	0.3804511718115243
0.062067258035486794	0.4457608081042709	0.4921719338602425
0.19329422884415298	0.6826320029368814	0.12407376821896571
0.16744558866352374	0.2142261134504824	0.618328297885994
0.0802327428020227	0.2748148353963734	0.6449524218016041
0.1398850621050296	0.11569822640239741	0.744416711492573
0.27237059042747935	0.3383971357592992	0.38923227381322156
0.08520354909781197	0.370933281357983	0.5438631695442052
0.22513884007105983	0.6542468814724733	0.12061427845646697
0.1538034202586333	0.6192155283337609	0.2269810514076059
0.25854361270040155	0.5591761915434398	0.1822801957561588
0.150527966301876	0.2738501116716337	0.5756219220264904
0.15476508709398612	0.502712197352659	0.34252271555335495
0.2603754404914996	0.4855722354958947	0.25405232401260586
0.21740401794975395	0.27056330852235116	0.512032673527895
0.09230101041971245	0.2955491227282639	0.6121498668520238
0.09886525770875979	0.3729444552845894	0.5281902870066508
0.1256875904226687	0.31183844917007786	0.5624739604072535
0.09081037188934932	0.21963747344457998	0.6895521546660709
0.0574248373934787	0.18775318350995276	0.7548219790965687
0.23862886892066903	0.2723584799036944	0.4890126511756367
0.1631065787431315	0.35650413455920954	0.4803892866976591
0.044794816747931065	0.5740274402295726	0.3811777430224964
0.24841633133063312	0.6186281379642637	0.1329555307051033
0.19849615068341683	0.4338285625222747	0.3676752867943086
0.2625359217484952	0.5294330611504954	0.20803101710100946
0.16347157412322788	0.36795781095246904	0.4685706149243032
0.09212374030212908	0.23644733948151614	0.6714289202163548
0.054406568009788825	0.4116270161937208	0.5339664157964905
0.18053138122573284	0.21635372933490635	0.603114889439361
0.2451653405034896	0.288036412751372	0.4667982467451386
0.2101695797843669	0.5095197817273536	0.28031063848827964
0.11939198791202069	0.27271073180544525	0.6078972802825342
0.23516266924615742	0.32732745229466176	0.4375098784591809
0.15469942645982315	0.26008947056994186	0.585211102970235
0.08272082157746641	0.25703014031236565	0.6602490381101681
0.24505398753512747	0.3531779692582539	0.40176804320661874
0.16605000334943187	0.6378867940592322	0.19606320259133608
0.06184005188808961	0.259408146785504	0.6787518013264066
0.26834521507444287	0.29031727156271314	0.44133751336284405
0.23423840479349134	0.14401619114354508	0.6217454040629637
0.2117118999979461	0.2118195864915694	0.5764685135104847
0.21767102749893993	0.41565258310959563	0.3666763893914645
0.07130783298735033	0.5579713324816409	0.3707208345310089
0.15361366165344623	0.5056371808630691	0.34074915748348483
0.2728081186018258	0.44838736902605836	0.2788045123721159
0.05753798603223009	0.6429824372123298	0.2994795767554401
0.1903439710297679	0.362760885736533	0.4468951432336992
0.2701153781871076	0.24787144165461372	0.48201318015827876
0.24188044136017217	0.1903966353163124	0.5677229233235156
0.13684643991532763	0.5383063502749986	0.32484720980967385
0.0656734036050291	0.18571174176290264	0.7486148546320683
0.1475983107900508	0.1371355068662105	0.7152661823437387
0.24126908398578617	0.6209995666977404	0.13773134931647363
0.2753820696545499	0.4838522362636559	0.24076569408179427
0.22690229714413523	0.10558547864544371	0.6675122242104212
0.0777739743160174	0.4110967721278569	0.5111292535561258
0.08631148449802306	0.48506785283819676	0.4286206626637803
0.19887053790423892	0.5703993624892161	0.23073009960654503
0.09505528038526045	0.7116778071349404	0.19326691247979927
0.263268849337285	0.3106869395943648	0.42604421106835033
0.23411721501676766	0.19258114073453714	0.5733016442486953
0.07348542826930693	0.4213894010728084	0.5051251706578848
0.08697254008634914	0.5058041396672532	0.40722332024639774
0.10751536946367068	0.4943219403721754	0.398162690164154
0.20420006633261195	0.6468945605558709	0.1489053731115172
0.08369587856122884	0.5586783256486393	0.357625795790132
0.26892460175133875	0.5702121999923508	0.16086319825631046
0.04856230656727012	0.6812924129605809	0.27014528047214914
0.24427078027704852	0.19888150817401795	0.5568477115489336
0.2703689232040515	0.3453965700702993	0.38423450672564935
0.19374261448827612	0.2665722947988042	0.5396850907129198
0.21145843185377033	0.11006102013256824	0.6784805480136615
0.23327595205319857	0.46705195649424336	0.29967209145255813
0.11606974460347685	0.20532264961628843	0.6786076057802348
0.18310751173931814	0.5020780274876406	0.3148144607730413
0.2818043773233331	0.3115514633529487	0.40664415932371833
0.17828213339073307	0.12488333228746301	0.6968345343218041
0.27792366783734623	0.19508962535713192	0.526986706805522
0.041708022716808735	0.335788226479469	0.6225037508037224
0.19196517045106187	0.10966753024865233	0.698367299300286
0.1895497136890311	0.49031469878505396	0.3201355875259151
0.08296982317134544	0.3568134780664845	0.5602166987621702
0.0628636389232563	0.4122828611745484	0.5248534999021954
0.1295787846646706	0.3174024818161021	0.5530187335192274
0.17591620564789054	0.18364282549121108	0.6404409688608985
0.27838655709819	0.23648534502548832	0.4851280978763218
0.27425041915843007	0.43605207318537126	0.28969750765619884
0.06519315060891473	0.6158259645691333	0.318980884821952
0.2631327109415259	0.2231207431831829	0.5137465458752913
0.09568381109168253	0.5590762237390534	0.34523996516926425
0.11789685140380263	0.19535132330137644	0.686751825294821
0.062307814157170016	0.1396791931205555	0.7980129927222747
0.04106452779966485	0.5059258700889404	0.45300960211139485
0.2176654232107183	0.6110111874562927	0.17132338933298916
0.17762336581490865	0.695816746470979	0.12655988771411236
0.162791137674125	0.1545868895796319	0.6826219727462433
0.1984881788261085	0.11590860797100086	0.6856032132028907
0.18081141442218054	0.5936114827121093	0.22557710286571034
0.17289419733901287	0.21519841359496078	0.6119073890660265
0.27307639633882885	0.419801104160922	0.3071224995002493
0.05167576946708635	0.13215803620980068	0.8161661943231131
0.04102222219666174	0.16216203124011142	0.7968157465632271
0.13283625448421732	0.6011104036548771	0.26605334186090573
0.09627625923557959	0.15215501657260344	0.7515687241918171
0.05920241902838186	0.7079380712202004	0.23285950975141784
0.19638134187538914	0.5853006607281863	0.2183179973964247
0.2818582267409214	0.35096516265532673	0.36717661060375195
0.2364119635475608	0.4019831645000945	0.36160487195234475
0.06573384825078771	0.5465630013024717	0.3877031504467407
0.2739669468938401	0.27635674381574077	0.44967630929041924
0.237564624268658	0.13778042519922534	0.6246549505321168
0.20634143562999807	0.42801224159479545	0.3656463227752066
0.1437335927915786	0.4456267246513426	0.4106396825570789
0.07692700339555902	0.2687465812382209	0.6543264153662202
0.07371341753017918	0.32765111494699295	0.598635467522828
0.25043322263720313	0.2979097691515048	0.4516570082112922
0.08172532958260137	0.48494400886432176	0.433330661553077
0.07212239530194492	0.7116323939632626	0.21624521073479255
0.23376103426542796	0.3588219942529741	0.40741697148159806
0.24507139606602626	0.18944728088978197	0.565481323044192
0.12493174148957256	0.25537640079640594	0.6196918577140216
0.2004255071325446	0.3999835415604425	0.399590951307013
0.17279314567686516	0.22354465929968276	0.6036621950234522
0.11082239349448	0.16179045329858543	0.7273871532069347
0.2594190815271555	0.19468806877413875	0.5458928496987059
0.10006749528919162	0.612610252093905	0.2873222526169036
0.2709309703590022	0.1380475104298305	0.5910215192111674
0.21395228864847887	0.1151686057149339	0.6708791056365874
0.07969864977254448	0.1656912155540865	0.7546101346733691
0.061623679003808274	0.1096532764769586	0.8287230445192333
0.052068388177176184	0.20666608734779032	0.7412655244750336
0.05870573249034006	0.356690794146288	0.584603473363372
0.2603760115613466	0.35257423073870964	0.3870497576999438
0.1726448432062528	0.33984449063169325	0.4875106661620541
0.17350541796305952	0.44156878684320483	0.38492579519373576
0.20640731453631853	0.2008334238050068	0.5927592616586748
0.26342164251504174	0.20973692245693995	0.5268414350280184
0.1376179860668993	0.3557155709211305	0.5066664430119704
0.10775602091902861	0.21037427669034112	0.6818697023906304
0.11987114073787528	0.6241021120951185	0.25602674716700635
0.11757312577489976	0.43410160896164796	0.4483252652634524
0.24487352916426017	0.4305808823925507	0.3245455884431892
0.12273085891964727	0.23368259000961458	0.6435865510707383
0.14124013443006517	0.3205829251961674	0.5381769403737676
0.18647183143473106	0.1951567901343761	0.6183713784308928
0.15381468760907863	0.5316090930865971	0.31457621930432444
0.22300113615242068	0.1913237739823664	0.585675089865213
0.18557842315766415	0.10256993084743043	0.7118516459949056
0.20990193658339681	0.22081998890851431	0.569278074508089
0.2810669545767074	0.5217791442143214	0.1971539012089714
0.277783912730721	0.4294001055352456	0.2928159817340335
0.2180931023225156	0.6641451444581363	0.11776175321934818
0.12622938468955247	0.5366601285867766	0.33711048672367105
0.22714493143530612	0.30406115117466503	0.46879391739002896
0.09135267578344333	0.11768105377569765	0.7909662704408591
0.10767913553959602	0.11126553942356099	0.781055325036843
0.20492432034198887	0.2563619429693371	0.5387137366886741
0.08709665964104218	0.6373691755789248	0.2755341647800332
0.055662138475416345	0.32628462638494415	0.6180532351396395
0.12267046501777493	0.5713440778880174	0.3059854570942077
0.24221726338489025	0.42838792869008246	0.32939480792502734
0.08539399511411697	0.5775696876134404	0.33703631727244276
0.2707392947990225	0.32521603531633	0.40404466988464766
0.10441473242753438	0.6772733446224594	0.21831192295000643
0.28248048093519473	0.5378620322717301	0.17965748679307525
0.06300558639770704	0.6505469923933831	0.28644742120891
0.23974854564756026	0.23388620911511296	0.5263652452373269
0.2531084758258853	0.13358618941683886	0.6133053347572759
0.1641905986532652	0.2883629681170187	0.5474464332297162
0.22884560245043462	0.5380413656302029	0.2331130319193626
0.1453742586376353	0.32587698074138277	0.5287487606209821
0.21201389383841224	0.4225984070586958	0.3653876991028921
0.13355208155867368	0.5814502295385461	0.2849976889027803
0.0802263356545645	0.1826324326307027	0.7371412317147329
0.05798438056683669	0.4425459823350086	0.49946963709815484
0.14083022510983564	0.2586873567391529	0.6004824181510116
0.0465803625784556	0.30148366439521723	0.6519359730263273
0.24595161429988094	0.3717675218289208	0.38228086387119836
0.19086583790874015	0.6481193587200857	0.16101480337117421
0.2630446000123819	0.4079321289215818	0.3290232710660364
0.2171915661308368	0.6660188807077853	0.11678955316137807
0.22121028138125606	0.2641739742010685	0.5146157444176755
0.1657715210666175	0.22709700006128125	0.6071314788721014
0.1160987264193864	0.7106523056117586	0.1732489679688552
0.09515486971420906	0.20288472228180032	0.7019604080039907
0.16615189814031847	0.5573212174452544	0.2765268844144272
0.08261827851819886	0.12770505925839415	0.789676662223407
0.26925425846056816	0.19173098547476788	0.5390147560646641
0.0507559709363099	0.4423021703111321	0.5069418587525581
0.2511526281069457	0.5773449625967995	0.17150240929625488
0.06695095658322336	0.4401730834319925	0.4928759599847843
0.19017367636689228	0.2925043907993546	0.5173219328337533
0.2621231064305198	0.15203586938593414	0.5858410241835461
0.17894712872327423	0.18708195591246476	0.6339709153642612
0.23130472739131003	0.6897894857862881	0.0789057868224019
0.046546361155166305	0.29421253036212197	0.6592411084827118
0.21305012747184882	0.5848503700707665	0.20209950245738487
0.06646682323753367	0.49163740980314896	0.4418957669593174
0.2257839036100176	0.49950095796193356	0.2747151384280489
0.168662742189861	0.4011726877058583	0.43016457010428083
0.1705691797005913	0.6246433699608879	0.20478745033852097
0.11280373961104062	0.6851815243042744	0.20201473608468512
0.23655745592460375	0.5609996513760955	0.20244289269930085
0.11573444504264183	0.5983257385274996	0.2859398164298588
0.16537302774868148	0.6933791406277992	0.14124783162351945
0.24900988555643783	0.27538455390524913	0.47560556053831315
0.15772542301376835	0.2089924559828959	0.6332821210033359
0.2024164220318832	0.1356499014618216	0.6619336765062953
0.07672632403363394	0.2755708421185216	0.6477028338478446
0.2269681599099192	0.23014332976880345	0.5428885103212775
0.053036922047422275	0.5084791509238819	0.438483927028696
0.14490274396097377	0.635599613436992	0.21949764260203433
0.06446997257862275	0.46684616760996644	0.4686838598114109
0.25373589836019705	0.4422025019358	0.30406159970400304
0.19178238280094828	0.23068612297117846	0.5775314942278734
0.08222220996132856	0.32940218318736236	0.5883756068513092
0.14227404381638914	0.49757431097405463	0.36015164520955634
0.242718378774618	0.6725577499818467	0.08472387124353542
0.16670329410173526	0.24426324501791716	0.5890334608803477
0.15812748700518325	0.41939439156259006	0.4224781214322268
0.13598547848999526	0.7044847954643774	0.15952972604562746
0.11973048873395009	0.3804373278836349	0.49983218338241514
0.07519946010779804	0.4907148848851475	0.4340856550070546
0.24462331975652718	0.2019423091049101	0.5534343711385628
0.16249233375593564	0.47313656586178565	0.3643711003822788
0.21873214698055238	0.30414955423933004	0.4771182987801177
0.17531504995218422	0.4489868032755959	0.37569814677221997
0.21402752873007558	0.30531256093206527	0.48065991033785926
0.21921286191863165	0.31323103069581365	0.46755610738555475
0.05980976739765953	0.554522019377553	0.3856682132247876
0.11183078443229402	0.5662371434830101	0.321932072084696
0.13402020188063823	0.5027202111964071	0.36325958692295485
0.15075047143411413	0.141747568613732	0.7075019599521539
0.2217584765440916	0.2900416095672302	0.48819991388867834
0.2383658927736452	0.32115388476724965	0.44048022245910523
0.24267019005030271	0.23389120839462546	0.5234386015550719
0.042739458550612786	0.242964094199773	0.7142964472496143
0.17858199065964533	0.14662107458502202	0.6747969347553328
0.2192267294334538	0.601039791472106	0.17973347909444046
0.0869743616070428	0.3005617145713835	0.6124639238215739
0.18374076801499326	0.4162675925600345	0.39999163942497235
0.19970224637533074	0.1063572102877024	0.693940543336967
0.2183658794967334	0.25317625990679127	0.5284578605964755
0.17339030839058953	0.4266680932822593	0.3999415983271513
0.06203539086184817	0.27047978563338215	0.6674848235047698
0.23825887066965046	0.1902043999276004	0.5715367294027492
0.18298153494225305	0.10763462962014786	0.7093838354375992
0.04593182408710195	0.6503117447083384	0.30375643120455986
0.22775270820120377	0.2573736706715612	0.5148736211272351
0.19228801498635978	0.23679832293630143	0.570913662077339
0.1324624134288082	0.48375456338274975	0.38378302318844215
0.09726556904708514	0.6306530589862203	0.2720813719666948
0.2524702806132629	0.3557635844239034	0.39176613496283386
0.2284482118520575	0.27266464298329074	0.4988871451646519
0.1114793199056921	0.2717311250547523	0.6167895550395557
0.14151209146141536	0.6348851732375809	0.22360273530100394
0.05369050171855494	0.5578003249552129	0.38850917332623236
0.10051895548603412	0.1789230324201221	0.7205580120938438
0.09615048252749425	0.6362863512030086	0.2675631662694972
0.14811665863580806	0.4918661646079271	0.360017176756265
0.27670133573411876	0.12423607553986471	0.5990625887260166
0.20644297188465557	0.14803259749896003	0.6455244306163845
0.16737638323140308	0.12501490547532365	0.7076087112932734
0.0539003536340511	0.10475528754299268	0.8413443588229564
0.2692119554119904	0.2480734361905821	0.48271460839742764
0.08148112301920396	0.44055366911694577	0.47796520786385044
0.17057850499826624	0.5839735210187789	0.24544797398295504
0.13962727570663258	0.19256372036027242	0.6678090039330951
0.2740829389206232	0.17386025420480816	0.5520568068745688
0.09903815583362485	0.5895783494020812	0.31138349476429406
0.28185911373139405	0.5508165234197763	0.1673243628488298
0.26903786780263517	0.5967419063904358	0.13422022580692916
0.25881318621408744	0.4741629595231895	0.2670238542627231
0.1679303949743126	0.15197948272055706	0.6800901223051304
0.22989083895923573	0.35704708043034694	0.41306208061041744
0.23188798637610317	0.3669394123486913	0.40117260127520565
0.2544315994690773	0.41478812059560216	0.33078027993532066
0.15121067342953604	0.6903244309084022	0.15846489566206182
0.05838981960596773	0.67575200454732	0.2658581758467124
0.06615589411975586	0.21058918994355402	0.7232549159366903
0.088333145927395	0.22891747888208164	0.6827493751905234
0.17961802476158734	0.1682205063380763	0.6521614689003365
0.2844175332953522	0.369296531536476	0.34628593516817185
0.12540075259007455	0.4921570836189486	0.38244216379097695
0.051683505990707035	0.20501935028642462	0.7432971437228685
0.04670020699164096	0.20181966100454485	0.7514801320038142
0.1959717591414512	0.6734719733880005	0.13055626747054838
0.17565747240935697	0.6299141961372074	0.19442833145343574
0.16059875652628033	0.20088526160864714	0.6385159818650726
0.232879760767245	0.6880075312385822	0.07911270799417297
0.22111114103008261	0.5010824872853958	0.27780637168452166
0.22659672963797095	0.556461183255984	0.2169420871060451
0.16385555919864087	0.5030014884078343	0.3331429523935249
0.25336338071898473	0.6890185304495191	0.05761808883149627
0.07962497069653851	0.11933167988656418	0.8010433494168974
0.23823469753127102	0.1590457080093445	0.6027195944593846
0.21261501211610528	0.3963666028007505	0.39101838508314435
0.16015905193301916	0.6247000033957258	0.2151409446712551
0.20531835091466677	0.6248852522153674	0.16979639686996603
0.16072250413960382	0.5802834420045441	0.2589940538558522
0.07316342939346177	0.4562876915755496	0.4705488790309887
0.06969535488648992	0.4550220757959409	0.4752825693175693
0.10049835181729752	0.6397288826311933	0.2597727655515093
0.2290964816242325	0.38304180511175306	0.3878617132640146
0.25650521937835413	0.4117258739676276	0.33176890665401837
0.22341091707060504	0.33614962982920066	0.4404394531001944
0.058407020960822065	0.5458892942911884	0.39570368474798967
0.1578443284188733	0.2938476579602121	0.5483080136209146
0.21821977736037523	0.6916259886864735	0.09015423395315139
0.07136256370328076	0.4888770328734537	0.43976040342326567
0.1835693984658971	0.4349971967670931	0.38143340476700993
0.22705843722383212	0.336772228939979	0.436169333836189
0.1852991313011077	0.377570533476239	0.43713033522265343
0.17363231843848637	0.44187771081951527	0.3844899707419984
