0.34745354198747636	0.394230475047105	0.25831598296541874
0.3469737096522162	0.39607184458145833	0.25695444576632565
0.34991270749429426	0.3964966162721721	0.25359067623353376
0.3511873710996091	0.39428116074502295	0.254531468155368
0.3474330092626947	0.39879686332564535	0.25377012741166005
0.3500393787950662	0.3965743704255981	0.2533862507793358
0.3496124590434031	0.39549771466212447	0.25488982629447254
0.34956463028564055	0.39597833332675714	0.2544570363876024
0.3494363820970856	0.39739624545459196	0.25316737244832255
0.3467993854244489	0.397530612396757	0.2556700021787942
0.3500055501557101	0.3999839841205723	0.2500104657237177
0.34845116903449275	0.39547029200783834	0.256078538957669
0.3481760173333059	0.3974800546416546	0.25434392802503963
0.35000985800829076	0.40024447842111477	0.24974566357059458
0.3505094069128066	0.3972688019542994	0.2522217911328941
0.35022516105823404	0.3984521747380936	0.25132266420367244
0.3493779910832278	0.3970305623530454	0.2535914465637269
0.34801933202171687	0.39903523184472783	0.2529454361335554
0.3496968672429899	0.3995739061965667	0.25072922656044355
0.34634156177568876	0.397966050443897	0.25569238778041437
0.35091300475775533	0.3970225428835256	0.2520644523587192
0.3480764328825166	0.3985082542100534	0.2534153129074301
0.3466476477123212	0.3984352205345517	0.25491713175312725
0.346841679345204	0.39998921791211717	0.25316910274267895
0.34827126902118577	0.3944835365999176	0.25724519437889676
0.350922506950553	0.39923031685662913	0.24984717619281796
0.3508456513317027	0.39936504858120236	0.24978930008709507
0.35012890824446685	0.3943994030122622	0.2554716887432711
0.34786456755045764	0.39738591609661517	0.2547495163529273
0.34793916514997164	0.3946313342133445	0.25742950063668396
0.3486473291661607	0.3959812322084258	0.2553714386254136
0.35053178858326717	0.40008360614198585	0.2493846052747471
0.3506012834949357	0.3994560462012704	0.249942670303794
0.35023124585528015	0.39873605619266506	0.25103269795205485
0.3493812858515685	0.3963583742509798	0.2542603398974518
0.34843768682152804	0.39793668020835876	0.2536256329701133
0.3471819989580771	0.39636614690275473	0.25645185413916827
0.34734701188371697	0.40011670854954895	0.2525362795667342
0.34947241903692033	0.3995852233416453	0.2509423576214344
0.3495106030848625	0.39889861758803835	0.2515907793270992
0.3463557627151267	0.3982804271517757	0.2553638101330977
0.34755344060367266	0.39751877140128544	0.254927787995042
0.3478781386647235	0.39866687837756454	0.25345498295771207
0.34974760825078494	0.39728770800380586	0.25296468374540937
0.34831955816556476	0.39795332928482013	0.2537271125496152
0.34806283500202073	0.3973773753719942	0.25455978962598513
0.35006927080793376	0.39583060702880524	0.25410012216326106
0.35029392186503755	0.3946557529815885	0.2550503251533741
0.3511982389930179	0.3953624425546811	0.25343931845230105
0.34973402829211553	0.39771298165910307	0.2525529900487815
0.34733164533906075	0.3980832116929384	0.25458514296800094
0.3496342226647943	0.3960731572800785	0.25429262005512726
0.35033267528353307	0.39996450574989806	0.24970281896656898
0.3469086649863591	0.3987618680275908	0.2543294669860503
0.3481697628097817	0.3978266599783924	0.25400357721182604
0.34768192602983483	0.3948215245440909	0.25749654942607436
0.35076901859236365	0.39872292273887694	0.2505080586687595
0.35045273163738877	0.3946945042003964	0.2548527641622149
0.3507785110960378	0.39909576848122114	0.25012572042274117
0.35001969900010005	0.40036461429441217	0.24961568670548787
0.35001483212524015	0.39458781449572067	0.25539735337903924
0.3489487688740192	0.3978196495298433	0.2532315815961377
0.3476188492068325	0.3975434070662904	0.25483774372687723
0.35079140651225993	0.3980451331408561	0.2511634603468841
0.3480005669760164	0.39855028172179247	0.25344915130219126
0.3498639455034234	0.3988914905262579	0.2512445639703188
0.34908702940120706	0.3969805063267853	0.2539324642720077
0.3490945248523247	0.3962257464917667	0.2546797286559087
0.3496393337467133	0.39738554423801115	0.2529751220152756
0.35088728123886903	0.3984048313015306	0.2507078874596005
0.34674257126208363	0.3964404542483254	0.25681697448959107
0.35012690645834976	0.3975143756777671	0.25235871786388325
0.34704806274558325	0.3996756182350456	0.2532763190193712
0.3466544792494685	0.39733609231040257	0.256009428440129
0.346931518379131	0.39524407805867	0.2578244035621991
0.3473831098231933	0.3997749799316889	0.2528419102451179
0.3507450595321817	0.39987525739418395	0.2493796830736345
0.34656268245314054	0.39793022688537066	0.2555070906614889
0.3486015385370107	0.39915583181675107	0.25224262964623834
0.35019365045793815	0.39867156212719623	0.2511347874148657
0.35016224586097006	0.3950831088909384	0.25475464524809166
0.34947248137726444	0.398906014764622	0.25162150385811366
0.34794410819727273	0.3943592350672292	0.25769665673549813
0.349570185461951	0.3985789142676651	0.2518509002703839
0.3502491206027106	0.3975144241038206	0.25223645529346894
0.35036389608140417	0.39613048561921926	0.2535056182993767
0.3509051593126584	0.3946623854058172	0.25443245528152447
0.34712194159767246	0.39875180449728187	0.2541262539050458
0.35011087523204815	0.39808215888418175	0.25180696588377016
0.34860783452482924	0.39872206566746904	0.25267009980770183
0.3507772156021963	0.3972878232611177	0.25193496113668606
0.34846000683490536	0.3993538195833757	0.25218617358171913
0.34798478525632753	0.3980023734976772	0.2540128412459953
0.34835784144133036	0.39524926215921574	0.256392896399454
0.3498658392893961	0.3962143106740423	0.2539198500365618
0.34923715927001675	0.39913585064216955	0.2516269900878138
0.3477525118633099	0.39776311386623836	0.2544843742704518
0.3501550285724126	0.3983293125934831	0.2515156588341044
0.3480918207392516	0.39844927766239896	0.25345890159834955
0.34653021420677393	0.40035456492732135	0.2531152208659048
0.34873234479753856	0.3965309625797431	0.25473669262271853
0.3475435281638484	0.40008912426923576	0.2523673475669159
0.3466918317110562	0.3990816594823677	0.2542265088065762
0.348098992440171	0.3941668567176445	0.2577341508421846
0.3503561665935363	0.39642485149845896	0.2532189819080048
0.3492639617446604	0.3958240485940192	0.25491198966132056
0.34993733908093794	0.3981958847432502	0.25186677617581194
0.34749326303314604	0.3956561956648895	0.25685054130196455
0.3499122446154205	0.3950086710585408	0.2550790843260389
0.34667818877768225	0.3983308716228962	0.25499093959942165
0.35037112860882114	0.39474974249712896	0.25487912889405007
0.34940690485476655	0.39791716260400023	0.25267593254123333
0.34931470466663433	0.39688747942613717	0.2537978159072286
0.348306902658891	0.39778017459780113	0.253912922743308
0.3469056977011995	0.3981187685089303	0.2549755337898703
0.3486579290903672	0.39515813731104965	0.2561839335985833
0.3493675055217786	0.399632354045548	0.2510001404326735
0.3501138314315287	0.4002063550095856	0.24967981355888585
0.34650839091435276	0.3949939030380322	0.25849770604761513
0.34865903599859677	0.39634035225343833	0.25500061174796507
0.34916961625762233	0.3966682841287127	0.2541620996136651
0.3477007105843173	0.39893011482145446	0.25336917459422836
0.3512091009030611	0.3978637424614256	0.2509271566355134
0.3501399065363057	0.39551488237417115	0.25434521108952324
0.3492464938196124	0.3977565924458146	0.25299691373457306
0.3480658216928417	0.3994723309217135	0.25246184738544486
0.34813572111390106	0.3957331698629477	0.2561311090231513
0.35062967458645766	0.3978650607223714	0.25150526469117107
0.34995949818027844	0.3974710477425995	0.25256945407712217
0.34713203592031433	0.39994717651722034	0.25292078756246544
0.34777122478124045	0.39820754856863994	0.25402122665011967
0.34763026502734845	0.3948380693907448	0.2575316655819069
0.3499272513632373	0.3946474800178806	0.25542526861888226
0.3476698270475478	0.39508045467224967	0.2572497182802026
0.35107272762640046	0.3943231309516584	0.25460414142194127
0.3465939577730987	0.396736145985382	0.25666989624151937
0.34883160843995425	0.39422159180896144	0.2569467997510844
0.3511218443887112	0.39884351229461484	0.2500346433166741
0.35082653600780944	0.3953709397935999	0.2538025241985908
0.3480526375622562	0.39562489317397653	0.25632246926376734
0.3493131395635108	0.3967340713410983	0.25395278909539104
0.35020890370294844	0.3944771937899075	0.2553139025071442
0.34802291607808433	0.3990480805872462	0.2529290033346695
0.3472778816270138	0.3943905194798613	0.258331598893125
0.35030627233098266	0.3974122146446971	0.25228151302432034
0.34971580769464394	0.40019506054180953	0.25008913176354663
0.3486173634439195	0.3950657415700104	0.25631689498607013
0.35070826514511694	0.39474489094839726	0.25454684390648596
0.34847720758802764	0.3977141981828146	0.25380859422915786
0.3467690651009237	0.4003828857876573	0.2528480491114191
0.35065301014029804	0.39866612991624234	0.2506808599434598
0.3507612631368142	0.39778002369160115	0.2514587131715848
0.34685636113140655	0.3962439448597535	0.25689969400884005
0.3469919787880169	0.3951646148803527	0.2578434063316305
0.34911331027104087	0.3979150330244942	0.25297165670446503
0.3485487167358452	0.39875971838705415	0.2526915648771007
0.34902282844060617	0.3991001953692957	0.25187697619009825
0.350814411987249	0.39627009032644955	0.2529154976863016
0.3464364133095811	0.3986241633503599	0.2549394233400592
0.34898781299867687	0.39883180826816533	0.2521803787331579
0.3500534598095837	0.40030437192657076	0.2496421682638457
0.34806366183938864	0.3998181848091598	0.2521181533514517
0.3481766598328033	0.39826043665112176	0.253562903516075
0.3481201355107928	0.4003194174455704	0.2515604470436369
0.34698081599943387	0.39779281727471666	0.2552263667258496
0.3487013052011192	0.3988767787183754	0.25242191608050546
0.3479258970764961	0.39903728017714357	0.2530368227463604
0.3487454278762413	0.39734889632867065	0.2539056757950882
0.35014959333808376	0.39565915898805937	0.25419124767385703
0.34973335780489606	0.398819942476638	0.251446699718466
0.34778880446985666	0.3979783151714966	0.2542328803586469
0.34681595513904584	0.39828548762203564	0.25489855723891863
0.3499220816907045	0.3979593524344486	0.25211856587484704
0.3496737931561524	0.3974191293971507	0.25290707744669705
0.3507020218614261	0.39726404868806536	0.2520339294505087
0.3475050343370124	0.39658666959754885	0.2559082960654388
0.34995834073600585	0.3944682051085543	0.2555734541554399
0.34915832706446714	0.3972127610786546	0.2536289118568783
0.34865772347197826	0.3959916144758377	0.25535066205218415
0.35043829115994596	0.39747525415762786	0.2520864546824263
0.3463854999840453	0.39608137005121136	0.25753312996474353
0.3467607678353535	0.39473057636218384	0.25850865580246285
0.34682445914655374	0.39480645793355745	0.2583690829198889
0.34647005409897	0.39545505197830044	0.2580748939227297
0.34898832777779143	0.39683980161230753	0.25417187060990115
0.3482430638954067	0.3961259337584725	0.25563100234612085
0.34907088816944853	0.3970173715108499	0.2539117403197017
0.3503130814273914	0.39593320961779016	0.2537537089548185
0.34944431124838876	0.39756682865450627	0.2529888600971051
0.34639165271190114	0.4002552600170208	0.2533530872710782
0.3510119393781819	0.3986907572827153	0.25029730333910283
0.3496152448568509	0.3954570894109195	0.2549276657322297
0.35089537564985585	0.39653354711945416	0.2525710772306901
0.3497598047578648	0.3958199028262139	0.25442029241592146
0.3481194841764126	0.39609148728366933	0.2557890285399182
0.34678099918353267	0.39838354597703884	0.25483545483942854
0.34810160171799653	0.3991413030050348	0.2527570952769687
0.3509619984812504	0.3954746841327279	0.2535633173860218
0.34813973971822676	0.3951763569656096	0.25668390331616375
0.3495292642785766	0.39517128427174186	0.2552994514496816
0.3478680987465382	0.39821929268962986	0.2539126085638321
0.34799429457942516	0.3944021508762976	0.25760355454427736
0.34745919786676	0.39992497870943594	0.2526158234238042
0.3480414718828552	0.3978666909685349	0.25409183714861006
0.35010339825083353	0.39581250764383585	0.2540840941053307
0.34812787642627585	0.39902659389380596	0.25284552967991836
0.3484902312621042	0.396130015053748	0.2553797536841479
0.3505010682156262	0.3991417613879278	0.2503571703964461
0.34790935174315113	0.39651619325480414	0.25557445500204484
0.3497944513167388	0.39986797853532186	0.25033757014793945
0.34895524047908255	0.39793732552563393	0.25310743399528357
0.3477713588557473	0.3991420243874847	0.25308661675676813
0.3475341407409725	0.4000478995529452	0.2524179597060824
0.3476824135820676	0.39545568269416076	0.2568619037237717
0.3507990619231772	0.39842299711990486	0.2507779409569181
0.348501394432053	0.3956187019296093	0.2558799036383378
0.3467673226308574	0.3981259653068036	0.2551067120623391
0.34645302143538376	0.3979968817198671	0.2555500968447493
0.3501189169808382	0.3985711143585223	0.2513099686606396
0.3505387292538428	0.3943775666297069	0.2550837041164504
0.34691971902738067	0.3976633475576977	0.25541693341492167
0.3466653144827852	0.39991271495694486	0.25342197056027005
0.35030503450940753	0.39986623451175507	0.2498287309788375
0.34791822451443677	0.39979586507342435	0.252285910412139
0.3507775379762672	0.3956749131292584	0.2535475488944745
0.34881212173980053	0.39797074765531687	0.2532171306048827
0.35104756642141965	0.3994527178224584	0.24949971575612204
0.3489049407193915	0.3982890921399106	0.25280596714069803
0.34771122273760857	0.3986562351439898	0.25363254211840175
0.3483942817998768	0.3979193260285317	0.2536863921715916
0.34882094105910644	0.3988964921519934	0.25228256678890026
0.3467015640140011	0.3960897379253697	0.2572086980606293
0.35115311919996095	0.39748150279517347	0.2513653780048657
0.35118980849049536	0.39572638881529076	0.25308380269421393
0.34794262288047717	0.397846987469774	0.25421038964974896
0.350025284800578	0.39930253156379547	0.2506721836356267
0.34639147142139093	0.39813294038855773	0.25547558819005145
0.3500108161849399	0.39623936446379926	0.25374981935126095
0.35038363681667833	0.3953096430967181	0.25430672008660365
0.35079640313471955	0.3961288944669774	0.25307470239830315
0.3486900795587841	0.398148229797721	0.25316169064349503
0.34728498736965296	0.39953482552780983	0.2531801871025373
0.35054361254220046	0.3969853405971579	0.25247104686064176
0.3482895261655048	0.39861014334327516	0.25310033049122016
0.34768440119663313	0.3942222590007055	0.25809333980266147
0.34666816955146007	0.39746888729440655	0.25586294315413344
0.3509513079783467	0.3962112894459319	0.25283740257572146
0.3511761598501924	0.39502396008572416	0.25379988006408355
0.3466572339174827	0.4000216162044935	0.25332114987802395
0.3493571496267428	0.3947239657797287	0.2559188845935287
0.3476859732717196	0.3989733589587251	0.25334066776955544
0.3470097605407271	0.3955119714824903	0.2574782679767827
0.3488015077305593	0.39609952088085265	0.25509897138858817
0.3488853048793853	0.39580895504672775	0.255305740073887
0.34809772048483895	0.3958594028662993	0.2560428766488619
0.3470735941869462	0.39717081769587836	0.2557555881171755
0.34707294820407053	0.39476613294485297	0.2581609188510766
0.34660390191571055	0.39975088198470127	0.2536452160995883
0.34688960370939703	0.39687091021180043	0.2562394860788026
0.3463046390627799	0.39778053053830165	0.25591483039891855
0.3481017494827136	0.3961231714252351	0.25577507909205144
0.3486241967644036	0.397781813318437	0.25359398991715953
0.34760853185876134	0.39426541655897407	0.25812605158226476
0.34649879836407244	0.39671038841409045	0.2567908132218372
0.35111718594384655	0.3947764756613255	0.25410633839482805
0.34870735711715184	0.39981554306404704	0.25147709981880123
0.3503713822299982	0.3948263997046248	0.2548022180653772
0.35001709389954205	0.3978578384503772	0.2521250676500809
0.34907714908783904	0.3966257586069912	0.25429709230516984
0.3477620908769912	0.398705586383292	0.2535323227397169
0.3482958380605481	0.397344545746926	0.254359616192526
0.3507439501915324	0.3995407235450265	0.24971532626344115
0.35101357081988904	0.3990436917156567	0.2499427374644544
0.3467669881103344	0.3971283412493267	0.256104670640339
0.3480736963400522	0.3976547993860765	0.25427150427387135
0.34709333962665934	0.39678746806241005	0.2561191923109307
0.35103802719402444	0.3970441118805808	0.25191786092539487
0.34954039762138567	0.39832498547015405	0.2521346169084604
0.3491883765255104	0.398407797171919	0.25240382630257074
0.3472611234679689	0.39705516714654815	0.255683709385483
0.35031642065730667	0.39803081224506204	0.2516527670976314
0.3477637791840917	0.3997136591086785	0.2525225617072299
0.3497231393927472	0.3947556600962292	0.2555212005110237
0.3498308040571523	0.3965298017952327	0.25363939414761516
0.34763315794519434	0.3977821546057808	0.25458468744902496
0.35062224004550235	0.3960306653026569	0.25334709465184085
0.3496212336583025	0.39459961706257884	0.25577914927911877
0.3477832825147958	0.397512825016125	0.2547038924690793
0.3487715219974252	0.39693098789429676	0.2542974901082781
0.3511034318521911	0.3949593670753173	0.25393720107249174
0.34743038825062	0.39718166843700586	0.25538794331237424
0.3503016683474536	0.3954773904022977	0.25422094125024886
0.34898159252844124	0.40028677522398204	0.2507316322475769
0.349858655662494	0.3966442041360084	0.2534971402014976
0.3479730929601484	0.39466775301290963	0.2573591540269421
0.34745469955466335	0.3985000781053265	0.25404522234001026
0.34717411410010235	0.3966185905065376	0.2562072953933602
0.3497653216198953	0.39758143774238724	0.25265324063771755
0.3478468437476601	0.39750899277939017	0.2546441634729498
0.34627222803156504	0.39639161643029713	0.25733615553813793
0.34767604099992955	0.39905604685463797	0.25326791214543254
0.34967125991590353	0.39738860317592617	0.2529401369081704
0.34775802674555345	0.3960615175073776	0.2561804557470691
0.34723961738324377	0.40040910689255443	0.2523512757242019
0.3508730031088305	0.39566469335542165	0.25346230353574795
0.3487777238711311	0.39788706543463265	0.25333521069423637
0.3506033442790258	0.39651308629544085	0.25288356942553347
0.34818462995439037	0.39603030435548914	0.2557850656901206
0.34656374658871314	0.3993536670288704	0.25408258638241654
0.34995343965364684	0.39714056151841326	0.25290599882794
0.3475266235813567	0.39621170604778855	0.2562616703708548
0.3471200715762628	0.39569370587732294	0.2571862225464144
0.34745391243786006	0.3950364421065653	0.25750964545557475
0.34847560163202873	0.3989033249418368	0.2526210734261346
0.3484542387668199	0.3992315270523199	0.2523142341808603
0.34866301110989123	0.39866881175464586	0.252668177135463
0.35121090136880173	0.3991257147141013	0.24966338391709708
0.3498545598856412	0.3959730419968622	0.25417239811749676
0.3470443820805404	0.4003334023080167	0.25262221561144305
0.34906698719804197	0.39662712187341626	0.2543058909285419
0.3470679905681641	0.3951754086402347	0.2577566007916013
0.34973698838065115	0.39637283100961446	0.25389018060973456
0.3496977721287236	0.39868296458122787	0.25161926329004863
0.348299895615012	0.39479093462242754	0.2569091697625605
0.34644678685264174	0.39848131793753877	0.2550718952098196
0.35033318320225604	0.3998315729661631	0.2498352438315809
0.3474481681480668	0.39735079221176817	0.25520103964016516
0.3469759931003626	0.3975311622805097	0.2554928446191278
0.34820279050792546	0.39491134203553213	0.2568858674565425
0.3470691683528352	0.398051574326366	0.2548792573207989
0.3479814481294506	0.39541551963063726	0.25660303223991227
0.34821600010033843	0.3967041155702296	0.25507988432943207
0.34700980181991886	0.3982376856153135	0.25475251256476783
0.3503210729205113	0.3959272387449764	0.25375168833451245
0.34658811756234326	0.3971053756191774	0.25630650681847944
0.3475098772668808	0.39596778433846774	0.25652233839465155
0.34903453543484997	0.39568917119992	0.25527629336523017
0.34874397544563673	0.39901792506593775	0.25223809948842557
0.3494638139935366	0.39556644992259077	0.25496973608387274
0.3487690738774072	0.3969790740877236	0.25425185203486933
0.34687723188218955	0.3967548593685576	0.25636790874925297
0.3492063992953295	0.4000668128735875	0.25072678783108315
0.3509253846385469	0.3988198787963414	0.25025473656511177
0.34646285644327823	0.3976258622127641	0.2559112813439578
0.34895068608567303	0.3972959045239244	0.2537534093904027
0.34855726790080344	0.3996101146549604	0.25183261744423635
0.3503308537913173	0.39477023854000787	0.25489890766867496
0.3465795053465048	0.3971319176482135	0.25628857700528185
0.3495427869732577	0.3972469451132961	0.25321026791344636
0.3483527962504544	0.3989549420358854	0.2526922617136603
0.3503405769551491	0.3953309460273628	0.2543284770174882
0.34953093856171513	0.39594354374124496	0.25452551769704
0.3463077075394887	0.39742927172509623	0.25626302073541524
0.3488987533086608	0.3985208452378418	0.25258040145349747
0.34647735459143786	0.39798126852654697	0.2555413768820153
0.34660863506470724	0.39974175214050867	0.2536496127947842
0.35023609510924214	0.39499116873971946	0.2547727361510385
0.3499381312281423	0.39451749776085215	0.2555443710110056
0.3487403793706525	0.3957371120384997	0.25552250859084785
0.3482490770852999	0.3953553203867611	0.2563956025279391
0.3469657190854661	0.3959393333831702	0.25709494753136386
0.3478059373761985	0.39693963410335914	0.25525442852044244
0.34953166449883727	0.3988105156313775	0.25165781986978536
0.34986562554605877	0.39759817424437605	0.25253620020956535
0.3488574645442791	0.3961027789810173	0.2550397564747038
0.3463206330791825	0.3997894003065706	0.25388996661424706
0.3511254692792826	0.3986609824562516	0.2502135482644659
0.3489149601865731	0.3943750630398564	0.25670997677357066
0.34724298947732013	0.3970929120163974	0.2556640985062826
0.34639209579603764	0.39775142500511984	0.2558564791988426
0.34936372283341194	0.3991565445034666	0.2514797326631215
0.3500332968219308	0.4002185627290274	0.24974814044904192
0.34821679654619453	0.4003800615721206	0.251403141881685
0.34684854001003057	0.39906194747368207	0.25408951251628753
0.34904954402906907	0.3996941103064924	0.25125634566443866
0.34818792293125234	0.3997086087182379	0.2521034683505099
0.349028882572799	0.3958103268933716	0.25516079053382945
0.34790518328448133	0.3990754926614687	0.2530193240540501
0.34636978153097775	0.3999877298611878	0.25364248860783456
0.3511573993010555	0.39858562702020567	0.25025697367873895
0.34699432189214874	0.3983179452417255	0.2546877328661259
0.35090999264931577	0.3949439587061067	0.2541460486445776
0.34704660642168844	0.39445141714618387	0.2585019764321278
0.3469102082142934	0.3974214402256161	0.25566835156009066
0.35080551160586915	0.39451245224739206	0.2546820361467389
0.3468313417671094	0.3962743857223768	0.256894272510514
0.3497539679255752	0.3954630598833706	0.2547829721910543
0.35124742390558106	0.3985147221422468	0.25023785395217224
0.34707860747755054	0.3964859885188509	0.25643540400359865
0.34757420513669884	0.3974954251944681	0.25493036966883315
0.3501649527852039	0.3974871907885938	0.25234785642620244
0.34744815097606435	0.3998391109279732	0.25271273809596256
0.3489245559681279	0.399629867262951	0.2514455767689212
0.34958904143691377	0.3950354984727521	0.2553754600903342
0.349296346371592	0.3968167262281328	0.2538869274002753
0.3474995451651345	0.3957509281243699	0.2567495267104958
0.34965918660913436	0.39649782528710154	0.25384298810376416
0.3490733575265445	0.3983783028441832	0.2525483396292725
0.3475562769674093	0.3981068523303391	0.25433687070225164
0.3489318603861854	0.3982638841302568	0.25280425548355795
0.3492541023515091	0.398555584409338	0.252190313239153
0.3508096416606875	0.39703992969727087	0.25215042864204174
0.3504534012060126	0.39482981273879364	0.25471678605519393
0.34725359301448155	0.3971363297295371	0.2556100772559814
0.35007194319616114	0.3995205355544682	0.25040752124937077
0.3498784029801167	0.3985152879760161	0.2516063090438674
0.3490412514373	0.3982273855267609	0.25273136303593924
0.34898540316100335	0.4004108561782094	0.2506037406607874
0.34700428794400484	0.4000054216822986	0.25299029037369675
0.3484480303114204	0.3995849401996806	0.25196702948889904
0.34723307871104775	0.39946116739942905	0.25330575388952326
0.34714364153712296	0.39673196911826825	0.2561243893446089
0.34717693476974415	0.39866475599251133	0.25415830923774463
0.3501854632129085	0.39627636894010454	0.2535381678469871
0.3473215757062353	0.40020250272555963	0.2524759215682052
0.34822580901355815	0.39657356073588274	0.2552006302505592
0.34988303631567685	0.3981945254400996	0.25192243824422367
0.34685193751966376	0.40015140466824056	0.2529966578120958
0.34644311728543054	0.39941609419359325	0.2541407885209763
0.34858990885854024	0.3962775077172428	0.255132583424217
0.35037860252045455	0.3966389984605369	0.25298239901900865
0.3504772969987423	0.39585449414342483	0.2536682088578329
0.3497179565658221	0.39662085018484805	0.25366119324933
0.34879892914897676	0.3972044290762339	0.2539966417747895
0.3465135284051217	0.3993063008546256	0.25418017074025284
0.34777235421683594	0.3986945387838131	0.25353310699935105
0.3492996734800547	0.40023841844533764	0.2504619080746078
0.348239231088607	0.3991554748973636	0.25260529401402954
0.35064503190576995	0.39659223826110324	0.252762729833127
0.3501126782885964	0.39818578060890936	0.2517015411024944
0.3478003268027696	0.3945528486817925	0.25764682451543797
0.3507542955680704	0.3959931591837521	0.2532525452481776
0.3501307075678554	0.39535036644103405	0.2545189259911107
0.3468706464712343	0.39909965006019343	0.2540297034685724
0.35049274169742206	0.39564084459154436	0.2538664137110337
0.3466100181217863	0.40031226764811484	0.25307771423009895
0.35121997623665085	0.3981908319246681	0.25058919183868117
0.34853256742681743	0.3975507692897497	0.25391666328343293
0.35072547173187646	0.39946545464697625	0.24980907362114743
0.35027351643837673	0.39919526356159163	0.25053122000003175
0.34964824068911476	0.3951373138513656	0.25521444545951977
0.3469092354142876	0.3978461270026279	0.2552446375830846
0.3464125087293152	0.39642022455332515	0.25716726671735973
0.3473489409393157	0.3981851475669026	0.25446591149378184
0.34923631298048174	0.3983826543124198	0.25238103270709855
0.34766376949163036	0.3995914472444299	0.2527447832639399
0.34924123386863914	0.40031730966023626	0.2504414564711247
0.34965145676853887	0.3986375893073938	0.25171095392406745
0.3495305025643193	0.39436323228033265	0.2561062651553482
0.34802451297702597	0.3999222152807185	0.25205327174225567
0.34965725190395036	0.3960474655118611	0.25429528258418865
0.3478006166585637	0.39541512960927994	0.25678425373215646
0.35010304671723047	0.39714116406548405	0.2527557892172856
0.3479788810848	0.39499134471409075	0.2570297742011094
0.3481319739038147	0.39516981496939646	0.256698211126789
0.3467745832413243	0.3988380253599534	0.25438739139872235
0.3503863499589461	0.396791819220219	0.25282183082083504
0.34850514062495197	0.3999403805649556	0.2515544788100925
0.35065597897174444	0.3962869299264199	0.2530570911018358
0.3468229539880566	0.39798824974139235	0.25518879627055113
0.3502505696550387	0.3987483187477766	0.25100111159718475
0.3471251969716448	0.395693455531251	0.2571813474971043
0.34699795826592295	0.3971217530670666	0.25588028866701057
0.34746619271128626	0.4002788086734272	0.25225499861528666
0.34660320906472314	0.39857930507476097	0.254817485860516
0.3483022493258829	0.39871530463633764	0.2529824460377796
0.3507263487301475	0.3992170372624524	0.2500566140074002
0.35060780771365774	0.39944009849672824	0.2499520937896142
0.3469282007611004	0.39629201298124783	0.25677978625765185
0.34835517913054986	0.39482537522868805	0.2568194456407622
0.3501984175090872	0.39847495148430884	0.2513266310066041
0.348293898218332	0.3960633303357239	0.25564277144594416
0.34961033836111216	0.3947325213076462	0.25565714033124176
0.34744281440897	0.3974523737775096	0.2551048118135205
0.3500979237798262	0.3983585754604074	0.2515435007597665
0.34904815549079116	0.3971852898903885	0.25376655461882053
0.3468633816761588	0.39931675444807385	0.2538198638757674
0.34942587220044763	0.40023522469012757	0.2503389031094249
0.3484975025792664	0.3957312156486827	0.25577128177205105
0.350773261943219	0.39637027652084017	0.252856461535941
0.34716400244776136	0.3943724113673957	0.2584635861848431
0.34779369624249	0.3966071559624381	0.255599147795072
0.34753876316218446	0.39936171305647095	0.2530995237813447
0.34998676576283977	0.3969873349156529	0.25302589932150743
0.34954889298146996	0.3995286546174007	0.2509224524011294
0.349823503043016	0.3944154211864539	0.25576107577053014
0.349622126395729	0.3986651794816068	0.2517126941226643
0.34818695287015	0.4002608285225879	0.2515522186072622
0.34726937182690193	0.3964007378704496	0.2563298903026485
0.348919281318703	0.3978981176343944	0.2531826010469027
0.34901042440649366	0.3944388016095037	0.25655077398400283
0.34668951921726776	0.3959839685213848	0.25732651226134756
0.35067289280580066	0.3965333468535165	0.25279376034068296
0.3490586400775462	0.39556175944938393	0.25537960047306996
0.34964334106673	0.394166943573593	0.2561897153596771
0.3467564424068928	0.3969696620908981	0.2562738955022092
0.34716146895579364	0.3982707355711741	0.2545677954730324
0.35110747769323764	0.3960461012216857	0.25284642108507677
0.3511086800586755	0.3953232209865106	0.25356809895481397
0.3474147169089918	0.4001408855757117	0.2524443975152966
0.3479756194183923	0.3964515412013038	0.255572839380304
0.3491793016673903	0.3945224175264662	0.2562982808061436
0.350007193487578	0.39866566672503756	0.2513271397873845
0.35088284252752416	0.3950500567650478	0.2540671007074281
0.34747016529388774	0.3959381448444311	0.2565916898616813
0.34714616335797266	0.3988317411159693	0.25402209552605814
0.3512238305083743	0.396874193425028	0.2519019760665978
0.3504695746857863	0.39565525811005003	0.25387516720416375
0.346491242469031	0.39533945557357414	0.25816930195739496
0.350054157720194	0.3981364572808913	0.2518093849989148
0.3494831731733534	0.39416592823215607	0.2563508985944906
0.3499802200925038	0.3970402604811455	0.25297951942635083
0.3509761140817808	0.39530373496162496	0.25372015095659434
0.3508398868966684	0.3994477612323185	0.24971235187101323
0.3499489787650019	0.39915812623152974	0.25089289500346845
0.3482450484571761	0.39605509121285754	0.2556998603299665
0.3500446326264954	0.39748354312389994	0.2524718242496048
0.34915891934715987	0.4001172875576081	0.2507237930952322
0.34979237346635267	0.3980152612232464	0.2521923653104011
0.34900296051827345	0.3944556365749602	0.25654140290676647
0.34907761734025544	0.39578031499095423	0.25514206766879044
0.34903909229762703	0.39644447787118337	0.2545164298311897
0.34661143911927683	0.39881923297149385	0.2545693279092294
0.34792594545124184	0.39435651090978524	0.25771754363897303
0.3509752344844074	0.39558939308772473	0.253435372427868
0.34692994148314815	0.39454602423687263	0.25852403427997933
0.34958259642244505	0.3975746461709655	0.25284275740658957
0.3467081315865794	0.3982029818812314	0.2550888865321893
0.3495116860856203	0.3949311930659519	0.25555712084842785
0.35012592642685525	0.39970003601197535	0.2501740375611695
0.350692501126714	0.3984863707855917	0.2508211280876944
0.34980600822263064	0.3998703841273362	0.25032360765003325
0.34731121098452494	0.3953942771349799	0.2572945118804953
0.3483828442676042	0.3967477747994749	0.25486938093292105
0.3491045580615155	0.3953730490615477	0.2555223928769369
0.3487599123308496	0.39757716253647535	0.2536629251326752
0.34731503247099077	0.39523175630574825	0.2574532112232611
0.3497872783335146	0.39727461820137955	0.25293810346510603
0.34781621066342927	0.39824814648001794	0.2539356428565529
0.3481312138946955	0.4003997858232909	0.2514690002820138
0.3469892889612304	0.3969974549632288	0.25601325607554093
0.346865232521929	0.3959648167415317	0.25716995073653937
0.3467296571603399	0.3953436829670603	0.2579266598726
0.347184761590875	0.39851807841693043	0.25429715999219465
0.3493159387545432	0.3979997660454527	0.25268429520000424
0.3504876609949415	0.39538905161255533	0.2541232873925033
0.3504867641127955	0.396080809773692	0.25343242611351263
0.3485797583338222	0.4003126611448723	0.2511075805213056
0.34943321626859003	0.39942366818490027	0.25114311554650987
0.3501653187687209	0.396897833912129	0.25293684731915017
0.3507771248563267	0.39547059681610036	0.25375227832757297
0.34722485623474864	0.3946397154474557	0.2581354283177958
0.3496096800474549	0.3979464312538799	0.25244388869866524
0.3501202083581441	0.39795575451222	0.25192403712963607
0.3472694325602325	0.3979246510515066	0.254805916388261
0.35031803042053045	0.39929890506638555	0.2503830645130841
0.34896436768437805	0.39635056594845824	0.2546850663671638
0.34697999130569424	0.398887494510794	0.2541325141835119
0.348186818595625	0.3946666037542866	0.2571465776500885
0.34830987463397395	0.3987552824240145	0.2529348429420117
0.3497809880456005	0.39825230596397554	0.25196670599042403
0.34754691744099514	0.3986176405839982	0.2538354419750068
0.3479238687254305	0.39818151611702546	0.2538946151575441
0.34837855886050834	0.3965389662774639	0.25508247486202795
0.34812410468339905	0.3977203152532185	0.25415558006338257
0.3495073045782922	0.3974572183368134	0.2530354770848945
0.35025567825686815	0.39924855585684954	0.2504957658862824
0.35064419819035103	0.397443962053847	0.251911839755802
0.35096342561521005	0.3983410430258779	0.25069553135891215
0.34836883033255855	0.3945385605462002	0.2570926091212414
0.3462557951284353	0.3959055961796616	0.2578386086919032
0.34906454946248705	0.3977756432972853	0.2531598072402278
0.3502308398257715	0.39648888307206986	0.2532802771021587
0.3501242808067673	0.39493466990025006	0.2549410492929828
0.3504869014617936	0.3955489974200132	0.25396410111819334
0.3500153260708571	0.3958390825657583	0.2541455913633847
0.3482687178104849	0.39786359278011363	0.25386768940940163
0.34964176864612156	0.397598977738604	0.2527592536152746
0.34725261584837824	0.3967404290061158	0.2560069551455061
0.3477033202706052	0.39698896818931895	0.2553077115400759
0.34976112939897314	0.3947897257552267	0.2554491448458003
0.34638279746470574	0.39603321248256274	0.2575839900527317
0.3503123286679368	0.3943649218761305	0.2553227494559328
0.34780964995033126	0.39905259771545265	0.25313775233421615
0.3475401545652337	0.3982597721763927	0.2542000732583738
0.34836419357655135	0.3959882952871529	0.2556475111362958
0.34923156102684494	0.39899040329884117	0.251778035674314
0.3475801018775305	0.39932668531686255	0.25309321280560704
0.3496453408353333	0.39790662760358625	0.2524480315610806
0.3478995083467409	0.39499891131408255	0.2571015803391767
0.3497840973322933	0.39727796547984295	0.25293793718786384
0.34799995146186763	0.39950787523109654	0.25249217330703594
0.3487493705893781	0.3998437038754704	0.2514069255351516
0.34656264370316386	0.3955353067007481	0.2579020495960882
0.34922893627270013	0.3982024796709341	0.2525685840563659
0.3485104415503572	0.3949636473228122	0.25652591112683065
0.3466654873875055	0.39887028125998303	0.25446423135251156
0.3505380421654864	0.395939404869392	0.2535225529651217
0.34877368119387875	0.39881905888872604	0.2524072599173953
0.3462673684502118	0.3953753608954081	0.2583572706543803
0.3477741262990651	0.39833866234837056	0.2538872113525644
0.3471862046078469	0.3959778012425741	0.25683599414957914
0.3463165188735096	0.39674014893224274	0.25694333219424775
0.34990657987429236	0.399710166180254	0.25038325394545374
0.346482131338828	0.3970837877056022	0.25643408095556997
0.3500336089067092	0.3952817588202032	0.2546846322730877
0.3467727184050783	0.3980765928452177	0.25515068874970415
0.3479899771555943	0.39982414353227425	0.25218587931213154
0.34935364971447375	0.3982464411096398	0.25239990917588656
0.347816931331022	0.3947373916949837	0.25744567697399445
0.3508997523909705	0.3954585622283214	0.25364168538070825
0.3507574134401557	0.3964687787614226	0.2527738077984218
0.3468102114230693	0.3976676881512481	0.25552210042568274
0.3504341311269215	0.3999912254131913	0.24957464345988725
0.35040076381568874	0.3972551302118962	0.2523441059724152
0.34775876945422224	0.4003443821827038	0.25189684836307413
0.34777445812288615	0.39949807238620155	0.2527274694909124
0.35010485131716157	0.39847944345025377	0.2514157052325847
0.3487946521153754	0.39981741853180447	0.2513879293528203
0.3498725050245371	0.39810571886052126	0.2520217761149418
0.34794318153453435	0.3971279201335968	0.25492889833186894
0.34796424600819464	0.3968842165495514	0.25515153744225405
0.34677005568678554	0.39983289975312597	0.2533970445600886
0.3495206503727696	0.3967394094108294	0.2537399402164011
0.3488359327696605	0.39674754977776006	0.25441651745257954
0.3464594996920032	0.39839745472169347	0.25514304558630346
0.34655317793492824	0.4004148915985385	0.2530319304665334
0.3507225169912869	0.39620418133164714	0.25307330167706604
0.3497422343288559	0.3995006652957802	0.250757100375364
0.34653971637959324	0.39759412167993813	0.25586616194046874
0.34889881838666165	0.39489852742935816	0.25620265418398036
0.3469981209014528	0.39915961237568043	0.2538422667228669
0.35056722641207444	0.3993473267124423	0.2500854468754834
0.34658592169601105	0.39775057810221043	0.25566350020177864
0.3466701551016056	0.3984034242419351	0.2549264206564594
0.349526767904453	0.3998604314369593	0.2506128006585878
0.3467779277629735	0.3974950783539293	0.25572699388309733
0.34981338528981826	0.39613205082406944	0.25405456388611247
0.3496564361733791	0.3948809037039666	0.2554626601226544
0.3476427831363327	0.3977871105691191	0.25457010629454835
0.35077281898595936	0.39904934076783966	0.25017784024620104
0.3469148597439012	0.3987149862042084	0.25437015405189056
0.3476172918876221	0.39990640376183034	0.2524763043505477
0.34774187789631983	0.3941846118844136	0.25807351021926667
0.35069340849633535	0.39452022212386884	0.2547863693797959
0.3497199849644767	0.3964953871256043	0.2537846279099191
0.3482888627058527	0.39591529141461734	0.2557958458795301
0.35119822217665597	0.39882834913424003	0.24997342868910408
0.34891629263150625	0.39498984695789996	0.2560938604105939
0.3495270430370153	0.3990503380277148	0.25142261893527
0.3495376076242478	0.3999798615651522	0.2504825308106001
0.34695600315921277	0.3981373256078449	0.2549066712329424
0.3470154255789299	0.3992104976138627	0.25377407680720754
0.3485288005194375	0.39466137298100745	0.25680982649955514
0.3496392757693944	0.3958948893189667	0.254465834911639
0.3511434643200874	0.39607014049568456	0.2527863951842281
0.3478238882734542	0.39993409622726567	0.25224201549928027
0.351200503482693	0.3987843213044312	0.2500151752128759
0.34671862124282493	0.3964682545572984	0.25681312419987673
0.3481645727093208	0.39869905534852373	0.2531363719421556
0.3497705687443594	0.3977895641330046	0.2524398671226361
0.3503778305428651	0.40016054653266653	0.24946162292446852
0.3486725931603923	0.39423476405229185	0.257092642787316
0.34735747305739595	0.3948809671999134	0.2577615597426907
0.3510764588096173	0.3967430034160345	0.2521805377743483
0.3495846639970625	0.3948382947322963	0.2555770412706413
0.3476917243948926	0.39510842946428704	0.2571998461408205
0.3463595375012734	0.39726687641725406	0.25637358608147265
0.35044066974426047	0.39813232880314037	0.25142700145259933
0.34792624117957294	0.3996850142252239	0.2523887445952033
0.35090702476684077	0.3944446577526179	0.25464831748054145
0.34736679322395486	0.39947979830284625	0.253153408473199
0.3464067021900405	0.39969831605650075	0.25389498175345887
0.34687989788105933	0.3950377208750132	0.25808238124392757
0.34951021244040353	0.39771879577586	0.2527709917837366
0.3462803742225213	0.3999267576317146	0.2537928681457642
0.35073683746821926	0.39837945958752774	0.25088370294425316
0.3505512261611171	0.3953471747282912	0.2541015991105918
0.3493478167113168	0.39820526464136113	0.25244691864732216
0.3476584053870932	0.39680156488389207	0.25554002972901485
0.3509589466308341	0.3948470011743939	0.2541940521947721
0.34720440543007985	0.3989249681131284	0.25387062645679187
0.3512089661708049	0.3971908133307563	0.251600220498439
0.350149774840877	0.39895994070189406	0.25089028445722905
0.3471791949908073	0.3979026572956053	0.2549181477135875
0.34646984046779333	0.39839360754467124	0.25513655198753554
0.3489626434734334	0.399896099716527	0.25114125681003974
