0.2478703281240186	0.08105066477070168	0.2954077337152551	0.1436475689792177	0.23202370441080666
0.2061969848740016	0.07917591629799836	0.3288103250528238	0.1435151056195678	0.24230166815560816
0.21405575054846157	0.07953696505834415	0.31094139191713865	0.16129943510769176	0.23416645736836364
0.2210041499741417	0.08182321342718897	0.3122237321278468	0.13589596101830287	0.24905294345251938
0.2064579329898134	0.06241923803771096	0.3372084114901941	0.15282153198833215	0.2410928854939491
0.1946938453869729	0.08628954638043554	0.32575577953831314	0.1418044829218053	0.2514563457724729
0.22444147444475665	0.06561447932443676	0.32337842300797204	0.15397923092256835	0.2325863923002659
0.20439121462658835	0.08132648836275161	0.325548713295683	0.1349164543830921	0.2538171293318847
0.2426914289807714	0.06802958946839069	0.3027069172199921	0.14051524487958805	0.24605681945125757
0.24050285299569646	0.07080209048197633	0.314588852132468	0.13958848761847004	0.23451771677138888
0.2192909200803591	0.0665029796960595	0.3225422394071783	0.1547301034758622	0.2369337573405407
0.2030855866766161	0.08149748263454126	0.33101341125130074	0.13719501517060084	0.24720850426694085
0.20930789699661498	0.06217721202459675	0.3368082789219723	0.1612284886168182	0.2304781234399976
0.2399432960269992	0.06363190123008772	0.3261020445914671	0.13579379144855602	0.23452896670288975
0.20910269705026552	0.08350228408189393	0.30560725828829716	0.1432715325519042	0.258516228027639
0.22144683537379106	0.06361484038914766	0.3201932137225276	0.16056217785312327	0.23418293266141013
0.19663384523100058	0.07237969707889114	0.32385996242447335	0.14993044913892642	0.2571960461267083
0.20353912149529554	0.06828949503493603	0.3365140096887748	0.162971412174015	0.22868596160697838
0.24064676097957943	0.06338386008479055	0.32799514533077334	0.13444265442910988	0.23353157917574657
0.2145459456087546	0.06817617442442764	0.3347024629231831	0.13645165612837012	0.24612376091526433
0.20862325801043477	0.06740289456262724	0.32121218342978003	0.16189910933297721	0.24086255466418052
0.21392417209035394	0.06368179421074424	0.33388858695785295	0.15916310072366718	0.22934234601738152
0.20374147550181054	0.07627824893828965	0.3230873972678476	0.14171926420328768	0.2551736140887644
0.23178664353494738	0.0625013281705673	0.3083993618099403	0.13797180158619493	0.25934086489834984
0.20361946068179826	0.08543155831724689	0.29911111773315197	0.16336223229195657	0.24847563097584607
0.24352321751487704	0.0812194801671158	0.3003393527844245	0.1408588201894481	0.23405912934413434
0.19964393120631518	0.07723920845385626	0.3363102647783273	0.15548952420758846	0.23131707135391258
0.22668929281560588	0.06995559515200678	0.3120216497076146	0.13842516955105522	0.25290829277371724
0.22574446151366978	0.08359373992583718	0.29862462239549004	0.14817675089614873	0.24386042526885401
0.21837230491983153	0.06419946537341784	0.33719883170337694	0.1521803795550487	0.22804901844832476
0.22759880744947134	0.062182962996926605	0.31982244770930146	0.14184685931724764	0.24854892252705274
0.22046097947474663	0.07986953985621181	0.3016863031614413	0.16376447228409122	0.23421870522350882
0.22174668528551544	0.08244098903130317	0.2998067101246614	0.16074699202238069	0.23525862353613902
0.21046592914665274	0.07924039557800004	0.3188769115554429	0.14208945414251556	0.24932730957738852
0.2117125908283578	0.06566811859881108	0.31943331153509785	0.1640415339847981	0.23914444505293497
0.23253655781680221	0.07253359038457077	0.31261409422353026	0.1445549601397884	0.2377607974353081
0.21795965908824522	0.07845131969158606	0.3142764082941462	0.1487271935244007	0.2405854194016216
0.2097511675797245	0.0786043602120887	0.3062137243260877	0.15732344572703577	0.24810730215506308
0.23449871945468181	0.06773821214411943	0.2974618762615661	0.1511221753663244	0.249179016773308
0.19983366192576635	0.07163548867675809	0.32034617640356855	0.16075738390832123	0.24742728908558553
0.1954641235691862	0.0839865004544696	0.3258058475603357	0.14911099008350742	0.24563253833250087
0.2236026691719167	0.06132492801595285	0.33396696297043105	0.14301540434193433	0.2380900354997648
0.23024830697672916	0.07803848627504523	0.31319271287832773	0.13450927556407488	0.24401121830582273
0.24113516438642535	0.08173023954906813	0.30545507406735345	0.14086152785585387	0.23081799414129894
0.2067698876409032	0.0713088435998501	0.3251205727623614	0.1531552255802895	0.24364547041659568
0.24082561483786885	0.07661330959665298	0.3104689292040642	0.14009266690268873	0.23199947945872496
0.23309062364933547	0.08433319859036235	0.3147625325975039	0.1404348700732839	0.22737877508951415
0.19399692850662914	0.06647177327775305	0.3349942520907295	0.1467375997779896	0.2577994463468984
0.2339507260954296	0.07093908712064309	0.3101757486027805	0.15769439761930096	0.22724004056184555
0.21743368677087085	0.08136645243449048	0.2951010388192745	0.14794131840629532	0.25815750356906864
0.21688074136422997	0.06246644346532737	0.3241884110997606	0.14922875340136388	0.247235650669318
0.2260152860728931	0.07061897603549727	0.2975666669113076	0.15503927761480543	0.25075979336549636
0.24179856016243176	0.061888342270418756	0.30977194778836814	0.16009389913279784	0.22644725064598326
0.2001064533097115	0.06393120344846287	0.3221964696242626	0.16362841983942944	0.2501374537781333
0.19887494911742024	0.06840923411354716	0.3291455108209202	0.15201100706865373	0.2515592988794585
0.19997194892757464	0.06701963345962558	0.31423003348884604	0.16274649317561718	0.25603189094833634
0.226034750369417	0.06193688009665815	0.3056411348739129	0.15240738768179907	0.25397984697821263
0.2503642717299984	0.06972221938709797	0.3047501336235535	0.14717188326787367	0.22799149199147617
0.23610514330123625	0.06628064852936977	0.32237466418214383	0.14886470566130228	0.22637483832594762
0.20901149624286502	0.08582350571081673	0.3249501256733075	0.1408029240095712	0.23941194836343932
0.20672205299666008	0.06484010904596624	0.33073032054142926	0.15443346236814248	0.2432740550478017
0.2135595369209201	0.08499788369633188	0.31178405007228516	0.15132172382223558	0.238336805488227
0.21745029152459952	0.07927425648145597	0.32802078784570454	0.14416918757192212	0.2310854765763176
0.23394250010879192	0.08443243209737333	0.31909163077349034	0.13490845276446103	0.22762498425588312
0.25058277380035215	0.06925480963774733	0.304886593267619	0.13978094149540732	0.2354948817988739
0.20531659550199227	0.08062585387780156	0.3210811206397284	0.1625868479331743	0.23038958204730325
0.23311399960503015	0.08556418584779912	0.30739578958577773	0.14357934031390474	0.230346684647488
0.22030174409418743	0.0791692463411075	0.31647526864507386	0.14069331313108868	0.2433604277885423
0.23017806483592293	0.06979529319435959	0.33146180558757865	0.14040047799407412	0.22816435838806448
0.23413288537697244	0.06705632933835134	0.3171480357482134	0.13571263136702866	0.2459501181694339
0.21218430456463028	0.08376402805411155	0.310953060936676	0.13728328990927152	0.2558153165353104
0.2148600877248895	0.06044210533825986	0.3279546935523071	0.1480754414154453	0.24866767196909795
0.23763116154304426	0.06028740087311865	0.3306677207391595	0.14272700515175912	0.2286867116929182
0.20532940167785313	0.07339567453762766	0.30538262315523024	0.16213744626202506	0.25375485436726364
0.23361924085439378	0.06901442343869119	0.304676753752078	0.15259745861911972	0.24009212333571714
0.2015164891725496	0.08464458244042466	0.32901044817322456	0.1468329507586117	0.2379955294551892
0.23331492044783883	0.06754978336806161	0.30039078319227974	0.15353153710011208	0.24521297589170754
0.20864531356071775	0.08082836084464803	0.3315075558755878	0.14275030740052114	0.23626846231852502
0.2349501693092131	0.06192309581480174	0.3124550943761369	0.15739825585424777	0.23327338464560024
0.20733180792289357	0.061779709106272035	0.32736269823294484	0.15883470954466297	0.2446910751932263
0.24154898656727927	0.08577151064876425	0.3057632844733364	0.1372085150374895	0.22970770327313036
0.1986474965550526	0.07153120346221328	0.3319029504192022	0.16407193259151726	0.23384641697201447
0.20841749238190008	0.07697677786954953	0.32656374747466976	0.13505563387131492	0.2529863484025655
0.20775132142824262	0.08319438779325744	0.318484758692163	0.14386744472955607	0.24670208735678067
0.20612352737545114	0.08540344075936862	0.3058441997466809	0.1507388560495731	0.25188997606892594
0.1949359653622497	0.07590017457249428	0.3127108181790646	0.16358606094561995	0.2528669809405713
0.20270763104114545	0.08009405431597923	0.32362962437324105	0.1375430272454054	0.25602566302422863
0.21159705779773186	0.08399090859616617	0.32343336339612117	0.14655334874209044	0.23442532146789016
0.22953829214724042	0.07794368382691995	0.29478157758747	0.1435473136722744	0.254189132766095
0.24389263760972163	0.0625057504407048	0.3138038712803022	0.13949872708681377	0.2402990135824574
0.22565322384241052	0.08164687749436744	0.3163391510202078	0.14499752092894305	0.23136322671407095
0.23900468135717629	0.06314195345243642	0.33276322138775705	0.1361797721001587	0.2289103717024713
0.22151549508712381	0.07081072296704985	0.30547542902716995	0.15579539679539584	0.2464029561232603
0.23636680677057412	0.06441402606699814	0.30640969734218443	0.1436026562970772	0.24920681352316584
0.2232153489429783	0.08559594991408483	0.3023911458431043	0.1609905561034633	0.22780699919636904
0.24320526732488112	0.07173332309462652	0.2970462758332354	0.1593788436782934	0.22863629006896333
0.2167429367867833	0.07432666349893038	0.3319212952579381	0.13964318835316142	0.23736591610318653
0.22260563721577953	0.07333029189756199	0.32269276504847827	0.15173997802557998	0.2296313278126
0.239174392178623	0.06410553739452843	0.3158234455878472	0.1472536223775247	0.23364300246147646
0.22677423821068443	0.06852393219260641	0.3088038184583841	0.16158034109640823	0.23431767004191656
0.24681172416466815	0.07568676386158907	0.3029479823003392	0.14035172736693577	0.23420180230646756
0.2345413893770481	0.06819150469406177	0.3152609990001689	0.13614813658347902	0.2458579703452419
0.20456735778975785	0.08637707722889755	0.3035846126661644	0.16409119277250653	0.2413797595426735
0.24167546246559224	0.07479075895704529	0.32000059594052466	0.1368460697713985	0.22668711286543905
0.23946635995980628	0.06966531465390827	0.2964954793652713	0.15573746980234138	0.23863537621867248
0.24447145559876823	0.0627426012854122	0.32676099579073464	0.1378272284358973	0.22819771888918736
0.23577853423322226	0.07533355723246571	0.2948697786846822	0.1423253997368648	0.2516927301127647
0.19971320381364105	0.06323756098068056	0.3194984474664707	0.1599104352804112	0.25764035245879624
0.21575296623745602	0.07083999778870803	0.32603155516730786	0.1472805018983782	0.24009497890814968
0.22980589228509068	0.08631992121903179	0.3100189192092726	0.13759264789791775	0.23626261938868695
0.22593749346282116	0.0718589448509579	0.30022792625294104	0.14644597765589887	0.2555296577773808
0.23906918262580995	0.0635128229948303	0.31046705931246504	0.134820731791447	0.25213020327544744
0.21789769793550984	0.08536330774832272	0.300474599768491	0.16252448094664138	0.2337399136010348
0.22903999783859827	0.08126645654611618	0.2950377910282739	0.1425973614446404	0.25205839314237105
0.20457892378062598	0.07832079832321324	0.30425040031538936	0.15800673395496254	0.2548431436258087
0.24296372796085514	0.06195436239353963	0.3189167697324386	0.1481183524413313	0.2280467874718351
0.22122942288113134	0.07209334643774071	0.3238805310240214	0.13746484437738082	0.24533185527972545
0.20569621416626735	0.08351929838468226	0.3350706125244316	0.13930841429706003	0.23640546062755852
0.2413584633700597	0.061648557570860324	0.2948493429823852	0.14971044943284828	0.2524331866438463
0.2015461263616513	0.06718962110805082	0.3381549639511352	0.15725194455391744	0.23585734402524502
0.2321316143366487	0.0712077352956742	0.30272302194071676	0.16294924109696315	0.23098838732999696
0.23182115365019165	0.06043237429356535	0.30102269150727995	0.15983151470811907	0.24689226584084373
0.20480212240697815	0.08524254518664759	0.295962792693111	0.15703906388235278	0.25695347583091027
0.20567340154088204	0.07853161153321284	0.2943580972538825	0.16310649572661995	0.25833039394540236
0.19460281371673196	0.06739929996906854	0.33778178216415544	0.14153679707742442	0.25867930707261944
0.2051896996800905	0.08000052987548717	0.3118045253252347	0.15762040027764063	0.24538484484154674
0.22593620879455212	0.06118141875823807	0.32044960012887147	0.16265435771930178	0.22977841459903633
0.21722204879834056	0.07443793270639762	0.3297359304083765	0.14138792640550962	0.23721616168137544
0.19834109697244498	0.08112988520567495	0.3304983434979756	0.14081976576060687	0.24921090856329747
0.1947071736236834	0.07904281111436887	0.3355567270174945	0.14236929103560444	0.24832399720884857
0.22030786861517115	0.06888939372611533	0.30950218399073737	0.1560111914070165	0.24528936226095938
0.21635163485036676	0.07064630595102808	0.3154062872893578	0.15896102643670337	0.23863474547254374
0.2289704117942934	0.07652353167686819	0.3139580049997659	0.1437339423251199	0.23681410920395235
0.21620298172680272	0.0690409567686911	0.3202737369034378	0.14447462029614086	0.25000770430492736
0.2239037997921861	0.08195341249932657	0.29984685268884015	0.14088607606774536	0.2534098589519016
0.2052753800306453	0.07008713619439608	0.33166382776681796	0.15536427550093507	0.23760938050720534
0.22871016282791365	0.07622009188044608	0.3044989794505357	0.16130964825207939	0.22926111758902493
0.22351077737268285	0.06778688092468499	0.2960406300355448	0.1566501398307954	0.2560115718362917
0.2343602502031556	0.06026142919022673	0.310142483584499	0.14840761394088314	0.2468282230812353
0.20226641296906783	0.08475462365357915	0.308688178620376	0.15973777811885248	0.24455300663812435
0.20359677618999988	0.060399567655927466	0.33173210635172207	0.16151804598619474	0.24275350381615562
0.21373322170767792	0.07029060197472739	0.3213319033015775	0.13813748594153163	0.2565067870744854
0.21197018439083182	0.07514618552708884	0.3345448497915963	0.14768732134392254	0.23065145894656022
0.23943956749333614	0.06145956515351125	0.296819578015486	0.1577730837007027	0.24450820563696368
0.20223056722891314	0.07379348270232192	0.32339286683210816	0.15120966570287628	0.24937341753378028
0.23679302901725174	0.07881206950219145	0.2977106975855358	0.1363524584103999	0.2503317454846209
0.24883295963584112	0.08436635735773518	0.30395211469495603	0.13472933519435415	0.22811923311711324
0.22688632694075742	0.08494904631675998	0.3106974965483277	0.14525543405470334	0.2322116961394513
0.22372478158791348	0.07600374162757557	0.31082672820391066	0.14158206052897218	0.24786268805162784
0.2230712234406979	0.08069963092809988	0.3145696944446923	0.15106897832610694	0.23059047286040274
0.20001962047786967	0.06766213698334261	0.32160112831968657	0.16363656995680187	0.24708054426229908
0.2268398007826225	0.07049018085456077	0.31388141729325353	0.1607177475994414	0.22807085347012157
0.22043962824847826	0.07410243117684642	0.31360613034711876	0.14589918184300293	0.24595262838455334
0.2012644361373421	0.08663732768049277	0.32861885080940045	0.14215194664782302	0.24132743872494145
0.20802663573489816	0.07175437126637582	0.3254148232033549	0.1421081749709746	0.25269599482439625
0.22370508618104584	0.06458383035730217	0.3133689971010023	0.1410215719786004	0.25732051438204906
0.21645355700762242	0.08282680069449985	0.30249933857748945	0.15527106953322467	0.24294923418716338
0.22804428092312173	0.06924557232891221	0.3123808880925253	0.15080043179605074	0.2395288268593898
0.22645105824136263	0.06408908871653451	0.31491733049025505	0.16152027804599486	0.23302224450585268
0.21727406988561845	0.06647270636746447	0.33484119862699946	0.14807640752998097	0.23333561758993637
0.20336137370024193	0.08530449403007423	0.3214381900050777	0.15684204910543548	0.23305389315917047
0.23045678023313484	0.07658964862379533	0.320885040898406	0.1454872188413227	0.22658131140334087
0.19747967293397464	0.07577092443642643	0.3278869862759748	0.14201439305144636	0.25684802330217754
0.2206753969130221	0.06778942926211037	0.3228787037817944	0.14652977972984238	0.2421266903132305
0.23197376250213836	0.06777489422042618	0.31067903790389184	0.15293711992502507	0.2366351854485183
0.21967715818596148	0.06802513202637395	0.3247962162130225	0.13431120966158236	0.2531902839130595
0.2310203089034579	0.06351717680701305	0.31582069432884874	0.1389738746172858	0.25066794534339426
0.2220385408486505	0.06909149046247468	0.29830494840716726	0.15652584560565344	0.2540391746760539
0.2223376461885606	0.07037245518351523	0.3146471604116297	0.1391000866166639	0.2535426515996303
0.24969454376990247	0.06102193578003673	0.2989292132545865	0.14290323925888554	0.2474510679365885
0.23719646286926782	0.0715078398248746	0.31665413424741373	0.14515852478056834	0.2294830382778753
0.2101127813875877	0.07241099170327361	0.32089488996672744	0.14523424285444536	0.25134709408796563
0.2233343996196575	0.06648993659383765	0.31198624007174214	0.16155504029943218	0.23663438341533027
0.20829395430914024	0.08661984132986394	0.30051532603344816	0.15010036691090203	0.2544705114166454
0.20328598297705597	0.07525686763998499	0.33595599633171863	0.15550514167805896	0.2299960113731813
0.19660023007221042	0.08654452401980803	0.33326560828949264	0.15568348239230115	0.22790615522618754
0.23147723870959752	0.06796612109193143	0.3162758367366245	0.14547221814981404	0.2388085853120323
0.21043806936894888	0.0685046907054061	0.3129326813321763	0.15166232374643734	0.2564622348470312
0.2020621158412511	0.06599960615025721	0.3241177434121129	0.1496782707199834	0.2581422638763951
0.20337675841663205	0.07343022321138776	0.32819473541428373	0.14942308817683703	0.24557519478085926
0.2232716908224827	0.06210527005739716	0.3236842446334756	0.16355174301790745	0.2273870514687369
0.22342526917580258	0.06396157741740527	0.29964055837143355	0.16133961483364867	0.25163298020170966
0.20699010992642564	0.08447168802042025	0.30612698211337186	0.16193410181216356	0.2404771181276185
0.1970597160626636	0.07973987611661346	0.3328097008472204	0.1554976923502138	0.23489301462328852
0.22623454382865388	0.06402774564543456	0.3123009126424553	0.14862962286943454	0.24880717501402147
0.21335161760896587	0.08697354463533273	0.2999699904030039	0.156431450823107	0.24327339652959026
0.23362845979801208	0.0668794324666922	0.32163515100566514	0.14790174938180548	0.22995520734782485
0.2133208940067124	0.07381610811936742	0.3079045529368134	0.1541145215066811	0.25084392343042544
0.19712695595216448	0.07264917928478548	0.3352220224237961	0.14930381152991784	0.24569803080933583
0.21774084151790435	0.07067062349968656	0.312738729385636	0.15181327857580876	0.24703652702096413
0.23349711400980852	0.0866943640575897	0.2967753918391267	0.15065906978655028	0.23237406030692453
0.23736617451521294	0.06703313123345489	0.31939624843069225	0.149278672639721	0.2269257731809187
0.2432844158275285	0.06422408841197161	0.2998580942494355	0.13707556189046433	0.25555783962059986
0.2135306744246428	0.08435630384056009	0.3328816400116392	0.13829962015692054	0.23093176156623707
0.24546563451132103	0.07360541961010442	0.3084783223615078	0.13900275652504027	0.23344786699202627
0.21307531852708303	0.0687610260302364	0.3212289156416782	0.1572196726036382	0.23971506719736396
0.19512442496712662	0.0676436815050327	0.3202139467262718	0.15903350079139725	0.2579844460101714
0.22835753625389324	0.062124897431461185	0.3002775348134509	0.15229551321370421	0.2569445182874903
0.22088748594322813	0.07591093077837802	0.3103911452851051	0.14694610458221127	0.24586433341107725
0.2152208901008937	0.08241100308983988	0.3172899114236651	0.1548308240457445	0.23024737133985662
0.22488086530212137	0.07986478575216774	0.29930619748716397	0.15090908197229602	0.24503906948625065
0.23161573669178964	0.060095283165147256	0.3161015230058931	0.14744998795778727	0.24473746917938244
0.21993037243639804	0.07593033244053389	0.29659346098746436	0.15611815940878782	0.25142767472681565
0.2064080250203903	0.08071366154033789	0.30773660497269617	0.15942816948943045	0.24571353897714493
0.24572243129419324	0.06899758348567803	0.30604321332225787	0.14280876487660146	0.23642800702126915
0.23027211366468467	0.07404218897343232	0.29636443648122035	0.15899650157745043	0.240324759303212
0.24091872748417226	0.0810520114368969	0.29645046335269715	0.14539501897794269	0.23618377874829075
0.19409080858172786	0.08210643252880612	0.3321078719466149	0.16165270590580608	0.23004218103704485
0.2062234346576624	0.0646747498536474	0.3212239354437194	0.1619936887197646	0.24588419132520592
0.19954224663872025	0.07320565099916623	0.33776638484723354	0.1409285802179174	0.24855713729696233
0.21238242265797505	0.07567103738979292	0.32747682151299773	0.13837847888586502	0.24609123955336903
0.22860911640477904	0.07025520863418305	0.31162199950259756	0.1530941368840238	0.23641953857441633
0.22293577283723714	0.08343072987820506	0.3029582521898863	0.15000891031339872	0.24066633478127253
0.21211360296627843	0.06122411418090434	0.31513635363016845	0.1543585167090922	0.2571674125135563
0.21353477426075898	0.07674942310227723	0.33630720292000105	0.14241497286257526	0.2309936268543873
0.23974346767251248	0.07527108516006259	0.29872139147671944	0.14987928063503347	0.2363847750556718
0.2011325553742284	0.06995800147358397	0.3193284195538476	0.15251331349273048	0.25706771010560936
0.23854533411839346	0.06492539915437634	0.3042690454284797	0.14855556131443212	0.24370465998431817
0.216875189832572	0.086506277514892	0.32090232258198603	0.14784627840994408	0.22786993166060565
0.1990946812764132	0.07543922274752868	0.32692754076842556	0.14374255858093923	0.2547959966266931
0.24752130685970375	0.07314510594067208	0.29877935504549247	0.1514509263916389	0.22910330576249255
0.24691801158911014	0.07221474193423341	0.2957922495325126	0.15769532819687093	0.22737966874727267
0.22055786619898998	0.07435072004260149	0.32832184359591743	0.14379651989970982	0.23297305026278103
0.20411080722719013	0.07197803867686409	0.32388352981977625	0.16210576475435978	0.23792185952180953
0.21904591973704804	0.07536522923159032	0.3217207925160064	0.1487138116893246	0.23515424682603042
0.23755504832642282	0.07708951445137259	0.3095460162339186	0.13443576829526083	0.2413736526930249
0.24636904635333556	0.07152810530563325	0.30355273383669457	0.14247724361968345	0.23607287088465295
0.23333765541933713	0.06725859267047138	0.3120077364809416	0.15091006977064814	0.23648594565860148
0.22109053654711186	0.07631308522729006	0.3320578105901876	0.14008668974712185	0.23045187788828844
0.2132752426017714	0.0605305960458645	0.33145793545041047	0.1385607009661925	0.2561755249357609
0.2349167700899278	0.06370587524445914	0.30057121548693955	0.144083619108597	0.2567225200700763
0.20065309333000977	0.07419351087850073	0.3364695011611386	0.1470225488654639	0.24166134576488676
0.21802362087451368	0.06975129942976388	0.32846859528932626	0.1369118913253018	0.24684459308109413
0.1944092728954254	0.08090360371861571	0.33329089953393237	0.1624925992174681	0.22890362463455824
0.2198044333460608	0.0616385312333049	0.32097780282317756	0.15995255085519777	0.23762668174225876
0.21088479179444658	0.08469563268608077	0.3040655271840216	0.15324917230369373	0.24710487603175713
0.1951243673472402	0.0784996814481061	0.3099699315029321	0.15708278024944602	0.2593232394522753
0.21277563441969788	0.06723186445022222	0.32075470083648183	0.14110033683690387	0.25813746345669397
0.20390963268378826	0.08444488462663392	0.32600017171904794	0.14490497219748763	0.24074033877304205
0.24217899532535642	0.06403105733695508	0.3110511590566088	0.14060503211721992	0.24213375616385957
0.22383467753033587	0.08355399744885247	0.2951227149975275	0.15564788600420473	0.2418407240190792
0.22172078860507616	0.07044284181743457	0.3369089351239206	0.1413702559216689	0.2295571785318995
0.21418696654737931	0.08510797600542627	0.32030318666211155	0.14721400101062243	0.23318786977446018
0.23753496202222252	0.061206764033130134	0.30242462716573343	0.1544340574655877	0.24439958931332595
0.20209056954742743	0.0630596753362164	0.33408918473814725	0.14145699037676404	0.2593035800014446
0.22259091212448878	0.06918158786021544	0.2950750090534515	0.15658015191096752	0.25657233905087645
0.20775142322991275	0.06999576996084739	0.33817942579173565	0.1511638924834585	0.2329094885340455
0.2104885516613116	0.06093190958467401	0.3282499502926203	0.1444291685557034	0.25590041990569046
0.21013790563098192	0.07692557298650735	0.33822180873359614	0.14834440104549165	0.22637031160342272
0.19611555473094228	0.07009806735916524	0.3256320423120468	0.16375311122335567	0.24440122437448983
0.2396581626159912	0.081887852918867	0.2996884951985732	0.1385908434080504	0.24017464585851794
0.23481057758708024	0.08267955372602351	0.3037772219666725	0.14931650497718071	0.22941614174304278
0.22977414397410276	0.07259022264282641	0.2963172200092621	0.1514273549710019	0.2498910584028066
0.23207209043982885	0.07972199579045032	0.30867901983808266	0.14402649704991033	0.23550039688172764
0.21850278986210592	0.060140570559985146	0.317229592263123	0.14522125647569376	0.25890579083909193
0.2093040023323569	0.0835229944990148	0.31186376918059455	0.15253653195444505	0.24277270203358847
0.20503333503909293	0.07913182306202146	0.2974507756183399	0.16035045576382473	0.25803361051672075
0.21047551433374243	0.07941471334382058	0.32482696568791397	0.142994972527797	0.2422878341067258
0.22750610540456967	0.06457374498300586	0.31420650149953167	0.13534001110358135	0.2583736370093112
0.21499901503503513	0.06498656028152255	0.3206909644768672	0.16031454569773199	0.23900891450884287
0.21630121530360608	0.06210075218576325	0.3265799095357914	0.15139095916550627	0.24362716380933278
0.207312072621415	0.08279834776988183	0.30067247547616427	0.1623039885328872	0.2469131155996515
0.2105861866721351	0.07652617596833186	0.3280933035968391	0.13774718074279063	0.2470471530199031
0.23500526925234244	0.08536733751068727	0.3090974620912303	0.1358584867254073	0.23467144442033247
0.23684370223700413	0.0749038849456185	0.31076196629811964	0.13869423540826398	0.23879621111099347
0.22684066080823861	0.06795713542680734	0.30837684116986214	0.14287257807806442	0.25395278451702724
0.24935628100025164	0.06214262694572634	0.30227201637886447	0.15518535763148114	0.2310437180436761
0.24034535569691046	0.07248206316790287	0.3090983261196798	0.14968363217712463	0.228390622838382
0.2123221151843218	0.08557566438334063	0.3258369994439957	0.13920831693458185	0.23705690405375976
0.21206019201765872	0.07545136808195875	0.29562609145781427	0.15998778848933	0.25687455995323805
0.2501330653860137	0.08003716842962383	0.29598000695580046	0.13761705274905375	0.23623270647950803
0.2410856615022851	0.06193322433927709	0.318467424377828	0.1450791402102547	0.23343454957035487
0.21148379452704133	0.07722080412598634	0.3192909410378595	0.14383462975431016	0.2481698305548024
0.2349316187774557	0.06456431083478281	0.30333143661622813	0.14604067792815573	0.2511319558433774
0.19695588309113582	0.07816355689459487	0.32669765569068665	0.15818586084303027	0.2399970434805522
0.20917415532618536	0.07579499088386099	0.3233504264113967	0.15031330257782194	0.24136712480073474
0.22068456077531312	0.06634697816639579	0.29871396143744033	0.16058315684003388	0.2536713427808167
0.20321224776013996	0.0799737493880725	0.3261699259385051	0.15442074859802238	0.23622332831525986
0.23141732885496413	0.06415475114202171	0.2986062059804501	0.1635687211562804	0.24225299286628338
0.22377911453189997	0.08326919981187894	0.3207156923311314	0.13821231327863207	0.2340236800464574
0.2363468066862333	0.0602253017743925	0.31779292881638466	0.15801502454887092	0.22761993817411838
0.21818801440844224	0.08663535838510579	0.31476728967468487	0.1477565557255931	0.2326527818061738
0.22695315149278922	0.08701785955265283	0.2975614163004436	0.13875779838317798	0.2497097742709361
0.24075852846980195	0.07652175697220442	0.2956003437215938	0.1539417831408587	0.23317758769554092
0.20599170139405876	0.0848738186936397	0.32280043863918206	0.1399511260682973	0.24638291520482197
0.20099638568354314	0.06386823151887933	0.3380177248255519	0.13968588001959625	0.2574317779524291
0.2226779994466945	0.06283361259053866	0.32489562708699327	0.15987270362686198	0.22972005724891137
0.24085698732439972	0.06171086142107604	0.3026167750706039	0.15031132288852145	0.24450405329539865
0.24910254673180887	0.06269154139139582	0.3149923862446955	0.14376991038549564	0.2294436152466039
0.20513481287516463	0.07170762996332791	0.3226936242649624	0.14285857484268133	0.25760535805386353
0.22881785485319428	0.07462187685966898	0.3312266585063993	0.13719921528842832	0.22813439449230888
0.19529312552325073	0.08600429709200079	0.3028383883677379	0.15919718359565888	0.25666700542135146
0.20021489088751188	0.0825946654908238	0.3149862049065379	0.14584952902420906	0.25635470969091717
0.19878863919404396	0.08058704508636896	0.3298644339634232	0.15792747175902044	0.23283240999714322
0.23784846912060245	0.06827591562864507	0.3043187326090127	0.15689643260378333	0.23266045003795616
0.23375482132922304	0.078157786416665	0.3032046635933065	0.15828299594615905	0.22659973271464617
0.2172395267556375	0.08051534608458594	0.3253641866183762	0.14703450574385546	0.22984643479754466
0.24182562199428076	0.06307987896925663	0.321616203974345	0.14093700877357163	0.23254128628854576
0.2342807391752761	0.06157168325274043	0.33279438078350576	0.1437907499465719	0.2275624468419056
0.22325701432157516	0.07530481364031302	0.3030566194256159	0.1604653583313058	0.23791619428118993
0.22686945627642668	0.06507214103568848	0.3283282556022492	0.15063774636204308	0.2290924007235923
0.19447421985990768	0.08396732192781221	0.3121709334764813	0.15338321102199906	0.2560043137137995
0.20588093175907463	0.07291477981221559	0.3295491649217188	0.1488956737473892	0.24275944975960156
0.21985928664483706	0.06750917508835538	0.32026364277713576	0.15623101107555104	0.23613688441412056
0.21396096510509496	0.07219580106163836	0.322799268878617	0.15386182029870643	0.23718214465594303
0.22606779048792425	0.07480767138527653	0.30737981160501837	0.13674597160912094	0.2549987549126597
0.2304833328791443	0.07022604405807661	0.31910260876574725	0.14581134345513494	0.23437667084189667
0.2393964075346992	0.08106332973215732	0.2978790451210448	0.1493931903296748	0.2322680272824236
0.23613124633089055	0.06596537468297903	0.294627469502041	0.15746124516877807	0.24581466431531107
0.23490173787510613	0.06703189771889786	0.3044765928101114	0.14694683829597377	0.24664293329991052
0.22315411755170866	0.06901507708235055	0.3329359195347778	0.13603422539310192	0.2388606604380608
0.2482227531425201	0.06139003453215744	0.3073551020864361	0.13779353984812948	0.24523857039075667
0.20855742664712795	0.08373498692894527	0.3152449617281213	0.13935543401261088	0.25310719068319437
0.22321213910120136	0.07976814639742018	0.30353268160993296	0.13557079662605176	0.25791623626539356
0.24783496468000504	0.07706603131442509	0.3092269438303838	0.13560648705669925	0.23026557311848658
0.20543930447509579	0.08473836071450157	0.32040630890411237	0.15848500633177975	0.2309310195745103
0.21751076286390175	0.06966660102817801	0.32085430693550626	0.1428569354828606	0.24911139368955315
0.21188262047186857	0.08008288028131393	0.30571273816865907	0.16060455557155948	0.24171720550659875
0.24292335565393672	0.06648128433175246	0.29566959342430343	0.13755405236858503	0.25737171422142213
0.2308545355201976	0.08633613115181771	0.30460887413420024	0.15150326177521842	0.22669719741856575
0.21511468272362536	0.06993855415376357	0.32182649885288	0.1622466799347489	0.2308735843349819
0.2451356099832228	0.07075319255249554	0.3095629774633682	0.136904839602496	0.2376433803984172
0.21189983464631726	0.07862624474742645	0.2989733490836497	0.16335434830727755	0.2471462232153288
0.20360747645537192	0.07508033041822486	0.32461327045937116	0.1480921645762911	0.24860675809074073
0.2333906475733633	0.08518618362443334	0.2982275772473766	0.15175810739970286	0.23143748415512372
0.20783769552242015	0.07855702448121796	0.3056247781089126	0.15796672284233118	0.2500137790451179
0.2329856480237005	0.061430093129864166	0.3024077459383918	0.1514093151674894	0.25176719774055384
0.23342370238125	0.06255576599518062	0.32428754843204816	0.1425303507940382	0.2372026323974828
0.22002655434601384	0.06296762055742	0.3278811866270003	0.14933087667252898	0.23979376179703668
0.20832152870217188	0.06452277826847949	0.33634507720030404	0.13983074465404485	0.25097987117499954
0.22285096938318458	0.08644462232075566	0.31656626724575027	0.1395883685247323	0.23454977252557696
0.2335829052800829	0.0668562971365789	0.3192720179001015	0.14541137453012382	0.23487740515311262
0.22811732696399684	0.0865637312099144	0.31521164825028897	0.1418727324085653	0.22823456116723423
0.21742825851740963	0.0769072602127108	0.32494849432361533	0.15240623038162351	0.22830975656464048
0.24206750306441654	0.0655759921676149	0.2992060393723216	0.1636063300247731	0.2295441353708736
0.19388922505782896	0.08022284479902723	0.3143341606740564	0.1629527474325621	0.24860102203652507
0.21250407763735202	0.07949906058869675	0.3082271231814125	0.14822908758730408	0.25154065100523443
0.19606287265484013	0.06680089444332668	0.32345855449966465	0.15504807037550888	0.25862960802665946
0.19792104418103737	0.07634219600595292	0.3313794924571001	0.15927222047317074	0.23508504688273862
0.23535400205399715	0.07802713463563764	0.3042330665071831	0.15096796097158185	0.2314178358316
0.22067305442226862	0.08566723334219982	0.29780307680800916	0.14547534045048727	0.25038129497703493
0.2041919572551108	0.07189850012995394	0.31933083486596436	0.15703032526146865	0.24754838248750202
0.19936093498694368	0.07536836399893981	0.3182500392916082	0.15844849668496871	0.24857216503753934
0.21797827960789898	0.07973418963801138	0.33693638056166453	0.1352277083120539	0.23012344188037098
0.2079315174064918	0.07067474225054654	0.33023075359583587	0.1618112356670757	0.22935175108004988
0.2065141544820524	0.08701393495237959	0.29681518400092294	0.15359384508883744	0.2560628814758074
0.2297096543933227	0.06138551938921255	0.3368717500553121	0.13532756299914434	0.23670551316300806
0.20549177166741045	0.08542185646420278	0.31450346684677466	0.15478210569438466	0.2398007993272272
0.1945657169827373	0.08153759286994751	0.3181651590562086	0.16320881139756233	0.242522719693544
0.223366769766007	0.0657804994605084	0.3231921619534444	0.1395328491096092	0.2481277197104307
0.19617834389244618	0.06765399995077886	0.32727243331860356	0.15758193582612454	0.2513132870120466
0.2396413233439862	0.06471827625350104	0.3072039553791813	0.15325631082780855	0.23518013419552258
0.24247829027730014	0.08128270913370363	0.29511187412563533	0.14327834369540535	0.23784878276795526
0.21780705358900368	0.08256055984670958	0.3251647234491182	0.14602352287658626	0.2284441402385821
0.24223991973911033	0.061710510738669955	0.29639078292557397	0.15434711161077364	0.2453116749858718
0.22475198531002016	0.062079782954276935	0.3293111689858251	0.13689934495245681	0.24695771779742082
0.23693492906166946	0.06082297218129576	0.3207918669506293	0.13968457079904661	0.24176566100735863
0.19964841389350194	0.06396503321393018	0.32994347030220594	0.1479318676247301	0.2585112149656316
0.210694670402866	0.06593048736643156	0.3154949492734556	0.15681762208065683	0.2510622708765897
0.21948281315343524	0.0690775784107647	0.33056001811999214	0.13728091208351428	0.24359867823229342
0.20077718552684906	0.0862865358010455	0.3272392389214346	0.14978088272945095	0.23591615702121965
0.23337116054095683	0.07443495963100599	0.31647476679588954	0.14317414594649283	0.23254496708565456
0.21778287932195878	0.06615938280559519	0.32480221003687426	0.153632369065973	0.23762315876959852
0.1954288218697667	0.0779939157493823	0.33743744430049183	0.14995595803494358	0.23918386004541534
0.24939407865456276	0.06251145188815355	0.31423907121412803	0.13550916145232705	0.2383462367908284
0.23033319271018005	0.07767467122257306	0.29899805050441647	0.1540470370365855	0.23894704852624463
0.20190222125638746	0.08036659027828447	0.3011204911960287	0.15849550998013903	0.2581151872891601
0.23045455755567243	0.07523127988403262	0.30862892124062535	0.1374460406816984	0.24823920063797095
0.20635668799761042	0.07749657902183218	0.3256901744077372	0.1521482032728985	0.23830835529992145
0.22753024471470418	0.07661027626695562	0.308762483117384	0.14910112644860363	0.23799586945235227
0.2265822244845536	0.06694130248713215	0.3121686240700438	0.15516949459177318	0.23913835436649705
0.22091901131450478	0.07087039479352347	0.3226680747247338	0.1583646186270517	0.22717790054018597
0.19857838076987716	0.07315298296927683	0.3209982210982181	0.16406787948197601	0.2432025356806517
0.20741323146876975	0.07559846170561978	0.3010157492845187	0.15876307044177496	0.25720948709931657
0.21284222054458396	0.07953285038009288	0.31063299903204217	0.1412299894640308	0.25576194057925
0.1935539057314027	0.07653967994972252	0.334648396746501	0.16221430120058322	0.23304371637179036
0.22751732507175984	0.08559411226946917	0.3152173470582103	0.1427138026880539	0.22895741291250657
0.22052513796758533	0.07542738514899637	0.3301081162656213	0.13786698224524757	0.23607237837254916
0.2441172736597199	0.06945086173141862	0.30768336619658526	0.13947405340448923	0.23927444500778672
0.21612353310483115	0.065060085188021	0.3291540506275469	0.13681888127092767	0.25284344980867307
0.22396408951478122	0.06586357578235821	0.33046415894394365	0.1377041187355756	0.2420040570233411
0.22889206174742852	0.06981894557608764	0.3022902026005081	0.16307412347485598	0.23592466660111955
0.21691962684016408	0.07642237441562091	0.30764587406087507	0.1511933284401371	0.24781879624320263
0.20411983121087418	0.07131826220544099	0.33042625960193395	0.14141382164104133	0.2527218253407093
0.2081597268176427	0.0630767346827151	0.33356858841054426	0.14426911177850837	0.25092583831058934
0.22405508139446234	0.0741382679273733	0.2988310152832734	0.14385873632001747	0.25911689907487323
0.21738370200701929	0.07629344604272675	0.33752516806860666	0.13600551326210203	0.23279217061954502
0.2117105461410203	0.08023008602204657	0.3033827275590635	0.1505307001849778	0.2541459400928916
0.22789277095802624	0.07582784568188496	0.3171334828996786	0.1474411901700429	0.2317047102903671
0.22745687465561956	0.06258440386252656	0.32078994724542675	0.15834581836959855	0.23082295586682833
0.22464955076566234	0.0822733836905483	0.3021328832118543	0.160548421094424	0.2303957612375108
0.22534828953667088	0.06363116602024091	0.30387281218552337	0.15391960721028358	0.253228125047281
0.2256499539857028	0.06649222285525211	0.31996973745697455	0.15548708330198105	0.23240100240008926
0.19441056187787104	0.07815705414922407	0.3295383495003169	0.14999735650524254	0.24789667796734524
0.24790026089862816	0.08358635126929374	0.29718736344567825	0.14342451413919277	0.22790151024720684
0.23043931404079004	0.06698527068896579	0.3116400618132725	0.14676966181593779	0.2441656916410337
0.22991282178446967	0.07181697689563721	0.3065085717667317	0.13676932618846732	0.2549923033646939
0.2158715585798578	0.06679914040247881	0.3205660485049543	0.15098308481196238	0.24578016770074645
0.22574498666175635	0.06537189336916258	0.30802470444890007	0.16337940311304278	0.237479012407138
0.22666131675402063	0.0735271047012942	0.3309371351442666	0.14246044318018702	0.22641400022023134
0.20101501449987907	0.08081359011672931	0.3216077957736763	0.1613781542461117	0.23518544536360336
0.22518435232692552	0.06294867847032398	0.33330935589124955	0.1477387673263576	0.23081884598514313
0.2035710779287025	0.06547670394140837	0.33814702352352405	0.147701812613224	0.2451033819931408
0.21276677398178348	0.06891433858936233	0.30895702106133754	0.15326574949511668	0.25609611687239975
0.22010230441468356	0.07909844156397147	0.3073480719120415	0.16306522900973064	0.23038595309957255
0.22466159048076684	0.07854863584480803	0.30220648053934	0.14211946165220246	0.25246383148288243
