0.16615409160753092	0.1668257796613144	0.6670201287311548
0.166315260487622	0.16674060553143621	0.6669441339809419
0.16630631773090085	0.1669588104466106	0.6667348718224887
0.16629749713632724	0.16682558629444005	0.6668769165692328
0.1666948604932352	0.16666990393425962	0.6666352355725053
0.16673802057262405	0.16692369160274012	0.666338287824636
0.1661268251192441	0.16698119131403322	0.6668919835667229
0.16621391740157992	0.16682737015884347	0.6669587124395767
0.16651677065392745	0.166669781723183	0.6668134476228897
0.16674099553414842	0.16681909362445493	0.6664399108413968
0.16637017654308991	0.16699308254530987	0.6666367409116003
0.16639394477756309	0.16671585399108022	0.6668902012313568
0.16641545410888836	0.16692923165021165	0.6666553142409002
0.1666973058289603	0.16693298390052413	0.6663697102705157
0.16668803165474333	0.16688833045524631	0.6664236378900106
0.16630756622767376	0.16689157502449037	0.666800858747836
0.16621923724009496	0.16691943629211015	0.666861326467795
0.16644411297135042	0.16676622371120925	0.6667896633174404
0.16614104251457792	0.16698812687428294	0.6668708306111393
0.1666664739312731	0.16692800009989894	0.6664055259688281
0.16657074689679766	0.16692586753166727	0.6665033855715352
0.16666161118824044	0.16682186958005504	0.6665165192317046
0.16669185370026518	0.16671329362667414	0.6665948526730607
0.16666038085090784	0.16665997935284502	0.6666796397962473
0.1664925494005463	0.1666622601319223	0.6668451904675314
0.1665328836023058	0.1669380783030602	0.666529038094634
0.1665457093456505	0.1667926281001374	0.6666616625542123
0.1666408899857821	0.16673468449593176	0.6666244255182863
0.16649894798860837	0.16688520525516082	0.6666158467562309
0.1666558186149415	0.16698288860517663	0.666361292779882
0.16655412293661737	0.16693336820993393	0.6665125088534488
0.16630309539810934	0.1669479375858649	0.6667489670160258
0.16614169056647293	0.16696750794527393	0.6668908014882533
0.16615788023196307	0.16697649436388282	0.6668656254041543
0.16640818635447702	0.1668048288884204	0.6667869847571026
0.16657654122234294	0.16666411948747417	0.6667593392901829
0.16661908656182636	0.16687646092652536	0.6665044525116484
0.1661232593893716	0.1669671633373841	0.6669095772732444
0.16631093705015584	0.1668667271326475	0.6668223358171967
0.16621890419245175	0.16680319233828333	0.6669779034692651
0.16620863369979816	0.1669171574806459	0.6668742088195561
0.16646177865569475	0.16685259810835537	0.66668562323595
0.16650825357355103	0.16667404104291325	0.6668177053835358
0.1663294043387544	0.1669911898375912	0.6666794058236545
0.16649314000753002	0.16669780738274495	0.6668090526097251
0.1664131264546312	0.16669365306613426	0.6668932204792346
0.1667316746900517	0.16689860039785914	0.6663697249120892
0.16617778421410884	0.1666760334248616	0.6671461823610296
0.1664091640441505	0.1669920665133886	0.666598769442461
0.16625591073976775	0.16696216194451002	0.6667819273157223
0.1663311443053484	0.16666422241947026	0.6670046332751814
0.16632143612192615	0.16676547328640468	0.6669130905916693
0.16671859993486587	0.16694816932718587	0.6663332307379484
0.16640575132429175	0.16670900000532377	0.6668852486703847
0.1664513748841187	0.16673936307045506	0.6668092620454262
0.1663618765634996	0.16679851884768732	0.6668396045888132
0.1665633991591978	0.16698601889939785	0.6664505819414045
0.16667155791023572	0.16680530793089177	0.6665231341588727
0.1662453561861975	0.16667029386737126	0.6670843499464314
0.16640852087400781	0.1669059484826539	0.6666855306433384
0.16670184746582392	0.16669413210149772	0.6666040204326785
0.16666392860410167	0.16695454961426442	0.666381521781634
0.1666087660107311	0.16698537178755957	0.6664058622017095
0.1665504767189977	0.16680323068171088	0.6666462925992915
0.16615037332651908	0.16691275770373531	0.6669368689697457
0.16627614070726085	0.16667349578546145	0.6670503635072778
0.1663214880647029	0.16697882698740232	0.6666996849478949
0.16624768270328083	0.16666805781405175	0.6670842594826676
0.16639945268883907	0.1667313497755638	0.6668691975355973
0.16650960045700036	0.16684178018480023	0.6666486193581995
0.16650815075880088	0.16689028417073512	0.6666015650704642
0.16612110813164027	0.1668466233030982	0.6670322685652617
0.16629032225101353	0.16674165828073234	0.6669680194682543
0.1662044532292513	0.16682193468475995	0.6669736120859889
0.16668223663284518	0.16692744239798635	0.6663903209691686
0.16673219476239343	0.16682642357540362	0.666441381662203
0.16648035494759955	0.16691391663514737	0.6666057284172532
0.16625238306860146	0.16699117601782854	0.6667564409135701
0.16638139263761215	0.16678435813562234	0.6668342492267656
0.16642641164982272	0.1668643704672978	0.6667092178828796
0.166646959270542	0.16692423044004523	0.6664288102894129
0.1665527575994464	0.1667871891791861	0.6666600532213677
0.1665340967127938	0.16677186640187824	0.666694036885328
0.1663994904354641	0.16689645840043452	0.6667040511641016
0.16630095543405377	0.16667938599268006	0.6670196585732664
0.16630335702261437	0.16690442387142604	0.6667922191059596
0.16625245872018307	0.16697273573983246	0.6667748055399847
0.16661033717613394	0.16698794278569856	0.6664017200381676
0.16652607004018927	0.1669130730115007	0.6665608569483101
0.16665314573454	0.16687073558231208	0.666476118683148
0.16626136890518073	0.16689535720225174	0.6668432738925676
0.1662203315675994	0.16683475003363016	0.6669449183987706
0.1666380956761164	0.1669655504339947	0.6663963538898889
0.1665879183485574	0.1669407925197543	0.6664712891316884
0.1663777347312302	0.16669782146978335	0.6669244437989865
0.16638645985015493	0.1669512664461173	0.666662273703728
0.1664229064420511	0.1669927963742537	0.6665842971836953
0.16621177230561487	0.1667596070340982	0.6670286206602871
0.1666693414855992	0.16692331346064712	0.6664073450537538
0.16612172254945726	0.16688763849798355	0.6669906389525593
0.16668546017119776	0.16668347035132616	0.6666310694774762
0.1665427082786129	0.1668123087826132	0.6666449829387741
0.16642244923293942	0.1668439816753587	0.666733569091702
0.16656914005244705	0.16695989310680726	0.6664709668407458
0.16624889032769818	0.16684767008302565	0.6669034395892763
0.16669350729264631	0.1669214445652472	0.6663850481421065
0.1665650019433356	0.16686694400509616	0.6665680540515684
0.1661609473804257	0.16685571551624004	0.6669833371033345
0.1664091874393418	0.16697556433796118	0.6666152482226971
0.166221361521034	0.16696408743693625	0.6668145510420298
0.16625817689417938	0.166885590617317	0.6668562324885037
0.16622759955975058	0.16681180573016602	0.6669605947100835
0.1661232420083122	0.1668142221839956	0.6670625358076923
0.1665346551219591	0.16689232245512375	0.6665730224229173
0.16629598663747233	0.16668188228452235	0.6670221310780055
0.16629010265341695	0.16681718361999226	0.6668927137265909
0.16622100328241457	0.1669495172503378	0.6668294794672478
0.16630912363202505	0.1669417072232741	0.666749169144701
0.1665834131576591	0.16680469729167768	0.6666118895506633
0.16659067320775914	0.16673768522734672	0.6666716415648942
0.16651725095670686	0.1667189190825658	0.6667638299607275
0.16658618917449974	0.16674799922362796	0.6666658116018724
0.1664342394553507	0.16696349445971437	0.666602266084935
0.16632098839020576	0.1668830652775909	0.6667959463322035
0.1662710542548143	0.16681546686736942	0.6669134788778164
0.16631007421557525	0.16669871630485147	0.6669912094795734
0.1667241046985684	0.16683360294615418	0.6664422923552775
0.16654551641373289	0.16696487192057602	0.6664896116656913
0.16626531128903338	0.16672160874565511	0.6670130799653117
0.1663741616712492	0.16669262148699737	0.6669332168417536
0.16646058400786296	0.16687764541086125	0.6666617705812758
0.16663664539505596	0.16694700048158284	0.6664163541233613
0.1662575881703321	0.16687936674872134	0.6668630450809467
0.1667007896492446	0.16697484151604114	0.6663243688347145
0.16631058084668474	0.16669095752935692	0.6669984616239585
0.16630586633017685	0.16668759045940967	0.6670065432104136
0.16618806567270053	0.1667785488952429	0.6670333854320567
0.166416023027314	0.1669791853166292	0.6666047916560569
0.16625800031933205	0.1668828058848258	0.6668591937958424
0.1665408149003135	0.1669629688514777	0.6664962162482089
0.16665463082219506	0.16678328783043395	0.666562081347371
0.1664441631279037	0.1669100191539311	0.6666458177181653
0.16628140893442517	0.16672255806919206	0.6669960329963829
0.16674519661456957	0.16689775519172007	0.6663570481937104
0.16643613916476416	0.16672839094877998	0.666835469886456
0.166286268319078	0.16689126440361612	0.666822467277306
0.16628319373279	0.1668967490100749	0.6668200572571352
0.1664404772901814	0.16679443730481253	0.6667650854050062
0.16651002913370963	0.16682555204233768	0.6666644188239528
0.1666402992958688	0.1668937679589203	0.666465932745211
0.16623425803605527	0.1667096798772968	0.6670560620866481
0.1662326395766329	0.16672795807026802	0.6670394023530992
0.16641784773884638	0.16694088234569043	0.6666412699154634
0.1662099017780898	0.16683273472672788	0.6669573634951824
0.16623706403340374	0.16697988612166426	0.6667830498449321
0.16636575692750347	0.16671189901710715	0.6669223440553895
0.16632205694128965	0.1668531382439264	0.666824804814784
0.16616456109556277	0.16692043704460452	0.6669150018598329
0.16618097892368544	0.16670184466835758	0.6671171764079571
0.16615286510617006	0.1668771985247478	0.6669699363690822
0.16641119524181494	0.1669409256194841	0.666647879138701
0.16658933086629274	0.1668231484711606	0.6665875206625469
0.1663029957088087	0.16691133594085997	0.6667856683503315
0.1664817302670793	0.1666796803562679	0.6668385893766529
0.166746697193229	0.16677879665308434	0.6664745061536868
0.1664616486198539	0.16670491574211835	0.6668334356380279
0.16637615176996445	0.16665996191267723	0.6669638863173585
0.16638906829998348	0.16674600794148609	0.6668649237585306
0.16648445334288897	0.16698567101899087	0.6665298756381203
0.16626514009677584	0.16697522774201795	0.6667596321612064
0.16615331231476668	0.1667600594108085	0.667086628274425
0.16612081560312025	0.16688274068272357	0.6669964437141562
0.16660632104753823	0.1668565972992913	0.6665370816531706
0.16670381126399625	0.16689690846055996	0.6663992802754439
0.1663395572192938	0.16693428371213964	0.6667261590685667
0.16618234841003077	0.1667733383979857	0.6670443131919837
0.16646857064959616	0.16670879143581352	0.6668226379145905
0.16632655336255045	0.16673204401563751	0.6669414026218121
0.16635212559971674	0.1667332070321354	0.6669146673681481
0.16615930069369744	0.16678527248636238	0.6670554268199403
0.16651103126375436	0.16693912878853784	0.6665498399477079
0.1664245110786254	0.1667705634598611	0.6668049254615136
0.16631979000973068	0.1668414126871963	0.6668387973030732
0.16641226423645347	0.16696105458798058	0.666626681175566
0.16634621492300117	0.16672865999960051	0.6669251250773984
0.16662471029117287	0.1667507207253562	0.6666245689834711
0.1665851512951121	0.1668897035308975	0.6665251451739905
0.16659371802755496	0.166984168866209	0.6664221131062362
0.1663725848954351	0.1667474757802418	0.6668799393243232
0.16674188780153093	0.16665975233704122	0.666598359861428
0.1662168025058388	0.16680148527010347	0.6669817122240578
0.16670480563786924	0.16682006240814323	0.6664751319539877
0.16632860027501994	0.16689186143261386	0.6667795382923664
0.1661580822538824	0.16696355487143577	0.6668783628746819
0.16621949209537726	0.16691630135332564	0.6668642065512973
0.16668267814033533	0.1667384718979451	0.6665788499617198
0.16618178525625488	0.16694801805619755	0.6668701966875477
0.1663717113503863	0.16690560332632753	0.6667226853232863
0.16621427975365644	0.16676910481839252	0.6670166154279512
0.16631711247652753	0.16670610821931775	0.6669767793041548
0.16628695279435204	0.16684391563501175	0.6668691315706363
0.16652221410480536	0.16669218460551738	0.6667856012896773
0.16657295020902754	0.16699104120177705	0.6664360085891956
0.16634251206564818	0.1668688248604282	0.6667886630739237
0.16648468825685953	0.16680872076187483	0.6667065909812657
0.1665456961239816	0.16676493444638935	0.6666893694296292
0.16672349302841452	0.1666830835449531	0.6665934234266324
0.16631764907539803	0.1667990807626772	0.6668832701619248
0.16618351785520746	0.1668212069600453	0.6669952751847473
0.16618118971649085	0.16684197613633206	0.6669768341471772
0.16645565956439268	0.1668118103378433	0.666732530097764
0.16656628251692945	0.16699008655365077	0.6664436309294199
0.1664324229595453	0.16680438560925354	0.6667631914312012
0.16634831732278565	0.16672142780628427	0.6669302548709302
0.1665697117605164	0.16666809439948982	0.6667621938399938
0.16617870712822919	0.16685716893556118	0.6669641239362097
0.1666832551193588	0.16686436400086185	0.6664523808797795
0.16638117650479076	0.16676823634011706	0.6668505871550923
0.1664984921506916	0.166862211811589	0.6666392960377195
0.16649996417056823	0.16686917622376743	0.6666308596056645
0.1665509662463323	0.16672256842911298	0.6667264653245548
0.1665558529351391	0.166713391214807	0.666730755850054
0.1664713987776984	0.16669866533928202	0.6668299358830196
0.16641397629712348	0.1668485619450129	0.6667374617578637
0.1666500409888958	0.16687645599000173	0.6664735030211025
0.1666480159601731	0.16680333378149675	0.6665486502583302
0.16618443027920538	0.16670954173600322	0.6671060279847916
0.1662123158876045	0.16669415399219772	0.6670935301201979
0.16624105032615807	0.1667677588924819	0.6669911907813602
0.16670528908215287	0.16676310500968183	0.6665316059081654
0.16650912810101012	0.16687461517076163	0.6666162567282283
0.1661466463245098	0.16675709635394548	0.6670962573215449
0.1666228201359148	0.16678736166702668	0.6665898181970586
0.16613550589946907	0.16690574371892114	0.6669587503816099
0.1663330902028307	0.1666851182409598	0.6669817915562095
0.16652389314473384	0.16677941874128138	0.6666966881139849
0.1666877697843824	0.16697752596638163	0.666334704249236
0.16619962488940018	0.16672155046676684	0.6670788246438331
0.16671278782111718	0.16679415388486057	0.6664930582940223
0.1664066563481904	0.16680979961777773	0.666783544034032
0.16627910798066567	0.16683907329646713	0.6668818187228673
0.16625320640732233	0.16677137121937202	0.6669754223733058
0.16654627672756342	0.1669597829764294	0.6664939402960073
0.16665054227937104	0.16676517811895059	0.6665842796016785
0.16623549491807502	0.1669045518678452	0.66685995321408
0.1662368142777031	0.16684607853118782	0.6669171071911093
0.1662255563443725	0.1669160363004688	0.6668584073551588
0.16650021239987145	0.16678505490905973	0.666714732691069
0.16643094073500372	0.1667142068589595	0.6668548524060369
0.16623727556369328	0.16667794843760525	0.6670847759987016
0.16623080128527373	0.16681371378583804	0.6669554849288883
0.1664267991560906	0.16696342590629354	0.666609774937616
0.16628704611964054	0.16683437171208065	0.666878582168279
0.1664829089550523	0.16691257840533172	0.6666045126396161
0.16674582322499396	0.16676574726483814	0.6664884295101681
0.1667153348219185	0.16693831267526532	0.6663463525028164
0.16626491551658068	0.16687314810467446	0.6668619363787449
0.16642940412423868	0.16672459619711044	0.6668459996786511
0.16639444952686036	0.16676854274494815	0.6668370077281915
0.16651848147549742	0.16685875405173756	0.6666227644727651
0.16649455458227697	0.16671635865485934	0.6667890867628639
0.1666748340797194	0.166787560308032	0.6665376056122487
0.16625848913705601	0.16683275593367758	0.6669087549292665
0.16637762309530912	0.16686436235884602	0.6667580145458449
0.1662265759991105	0.16676570740938224	0.6670077165915074
0.16635912252616641	0.16674422280945636	0.6668966546643773
0.16640190753714376	0.16693550614598837	0.666662586316868
0.16628275939736492	0.16696510392803968	0.6667521366745954
0.16639145073787515	0.16696090899679306	0.6666476402653319
0.16666756300857133	0.16688210473704088	0.6664503322543879
0.16666737977824703	0.16692815907431607	0.666404461147437
0.1662281178288808	0.16676656014689523	0.667005322024224
0.1665740868456376	0.16675269581688665	0.6666732173374759
0.16646522516740103	0.16683460518163476	0.6667001696509643
0.16613606056081032	0.16699271152425657	0.6668712279149333
0.16638045634095705	0.1669232614094242	0.6666962822496189
0.16670496555327685	0.16677799623084544	0.6665170382158778
0.16659103908521905	0.1668843881325648	0.6665245727822162
0.16622697563828412	0.16678648435090188	0.6669865400108141
0.16666123307011757	0.1668496504199873	0.6664891165098952
0.16640473669845163	0.16677472508502217	0.6668205382165263
0.16621622675665262	0.1668047410742683	0.6669790321690792
0.1664772164829566	0.16670794186002386	0.6668148416570197
0.16656606109903985	0.1668379249876337	0.6665960139133266
0.16641701819312768	0.16698111730381365	0.6666018645030587
0.16642591607534885	0.1668479620727347	0.6667261218519165
0.16620728831917295	0.1668659753385296	0.6669267363422976
0.1664039620327345	0.1667563672943657	0.6668396706729
0.16653730176526826	0.16671294260365332	0.6667497556310785
0.16627493840251323	0.16677565396340988	0.666949407634077
0.1663754555945489	0.1669265950355068	0.6666979493699444
0.16612196878428992	0.16690039840410206	0.6669776328116082
0.16670479322297532	0.16685559571229394	0.6664396110647308
0.16614938960879203	0.16698338807576757	0.6668672223154405
0.1666757692074452	0.16668941927002184	0.6666348115225331
0.16654873213383273	0.16685815719709363	0.6665931106690738
0.16644147673311072	0.16687788808456938	0.66668063518232
0.166514225254675	0.16692747072729724	0.6665583040180278
0.16675017379802015	0.16677810143113334	0.6664717247708467
0.16674693070772478	0.16681288090417085	0.6664401883881045
0.16646274410590342	0.16680941212755657	0.6667278437665402
0.1666451032796139	0.1668743233540812	0.6664805733663051
0.16630451536005028	0.1667485800813427	0.6669469045586072
0.16650339100735934	0.16689164283962446	0.6666049661530162
0.16665125420189755	0.16694618005638445	0.6664025657417181
0.16612094638806837	0.16697242832788145	0.6669066252840503
0.1662436163873286	0.16670215070667815	0.6670542329059934
0.1661629467985351	0.16670863819221468	0.6671284150092502
0.16652662829003662	0.16679140973524154	0.666681961974722
0.16669014393876516	0.16689522653876082	0.6664146295224742
0.1663291917681529	0.16693922619815282	0.6667315820336944
0.16666131411115084	0.16698798143961935	0.66635070444923
0.16621585441297837	0.16695499143596426	0.6668291541510576
0.166710003793254	0.16686637328086693	0.6664236229258792
0.16651738692858936	0.1669869967745415	0.6664956162968693
0.1666792514440116	0.16675598988473117	0.6665647586712573
0.16630189057548028	0.1669798658580916	0.6667182435664283
0.1663524664002485	0.1668833908349288	0.6667641427648228
0.16631629935545425	0.16680140680014893	0.666882293844397
0.16624131527187644	0.16693585761140742	0.6668228271167163
0.16637140861935212	0.16667532666617213	0.6669532647144758
0.16624334250286715	0.1668152272527505	0.6669414302443825
0.16630857941379465	0.16685016165120337	0.666841258935002
0.16629163178242784	0.16675614166596844	0.6669522265516038
0.16622593532170166	0.16694310951062757	0.6668309551676709
0.16649500071968631	0.16673783661288122	0.6667671626674325
0.16674414882950503	0.16675833968464585	0.6664975114858492
0.1667072842826026	0.16677593427424492	0.6665167814431525
0.1664031664005802	0.16692206257084272	0.6666747710285772
0.1663798929404562	0.16684164006939461	0.6667784669901493
0.1664541463392767	0.166713642899657	0.6668322107610664
0.16632010493877186	0.16686371022362229	0.666816184837606
0.16629315452314258	0.16667083840085112	0.6670360070760064
0.16649055351089959	0.1667925677553984	0.6667168787337021
0.1663713996354459	0.16683900566980606	0.6667895946947482
0.16667660713652704	0.1667360524762706	0.6665873403872025
0.1661448512973905	0.16685543779631307	0.6669997109062965
0.1662684605118278	0.16681086699358816	0.6669206724945842
0.16639883281437656	0.16687757368469072	0.6667235935009328
0.16616420544724594	0.16669713904542557	0.6671386555073286
0.16625655480927656	0.16671727723447902	0.6670261679562446
0.1665685031686962	0.1668356908691342	0.6665958059621697
0.16635014744092894	0.1668041158189783	0.6668457367400928
0.16634248464530718	0.16674548772303924	0.6669120276316538
0.16652784631268874	0.1667504612414955	0.6667216924458159
0.16635322532139082	0.16674862560247522	0.6668981490761341
0.16666304899430268	0.1667348902115067	0.6666020607941907
0.16644292177079173	0.16690362633932104	0.6666534518898874
0.16615803003665375	0.1667844978716234	0.667057472091723
0.16631350757470273	0.16685550920211356	0.6668309832231838
0.16672691049947913	0.16688313316217987	0.6663899563383411
0.166701111901423	0.16681174612084615	0.666487141977731
0.16631624031841974	0.16688201030055805	0.6668017493810223
0.16627262462548933	0.16693271466650844	0.6667946607080023
0.16643051998650576	0.1666940321238544	0.6668754478896399
0.16670378442873068	0.16669502566274635	0.6666011899085231
0.16621221101124511	0.16672622427388994	0.667061564714865
0.16611732036618188	0.16679009744440093	0.6670925821894174
0.16622877756680685	0.16685059784318124	0.666920624590012
0.16618111206919678	0.16687952560635094	0.6669393623244524
0.16667727575854685	0.16698058061424248	0.6663421436272108
0.1665539456497348	0.16679682727096057	0.6666492270793047
0.1663759365721621	0.1667066710226247	0.6669173924052133
0.16620993447097276	0.16685172795608866	0.6669383375729387
0.16618978789746847	0.16694791816948085	0.6668622939330509
0.1666289809840384	0.16687795577104791	0.6664930632449139
0.16657669017038823	0.16674326850628368	0.6666800413233281
0.16624007513440467	0.16669918563707947	0.6670607392285159
0.16640732907423403	0.16690211540750477	0.6666905555182614
0.16624931685757083	0.16677605308560173	0.6669746300568276
0.16612383865985225	0.16698387661661318	0.6668922847235347
0.1663986938933624	0.1668453120899628	0.666755994016675
0.16664920622331444	0.1669613207094044	0.6663894730672812
0.16643321666549502	0.16670649627769502	0.6668602870568101
0.1663879948855393	0.1667466765703654	0.6668653285440954
0.16651110883211662	0.16682529279890154	0.6666635983689819
0.16641624004815697	0.1669009927088022	0.6666827672430409
0.1664131660945061	0.166971770543922	0.666615063361572
0.1666288641392071	0.16682365562600793	0.666547480234785
0.16662067604151587	0.16692512833790185	0.6664541956205824
0.16638627517334337	0.16688646599522172	0.666727258831435
0.16639056853541173	0.16695137946794952	0.6666580519966389
0.16616810057074485	0.1668545132374764	0.6669773861917788
0.16671290750102058	0.16680358734441283	0.6664835051545668
0.16621229083136724	0.16672021673598986	0.667067492432643
0.1666999117722691	0.1667418132861263	0.6665582749416047
0.16635593199045615	0.1669124314867293	0.6667316365228146
0.16635137170424616	0.16670019905734978	0.6669484292384043
0.16631500526026724	0.1669063382659488	0.6667786564737841
0.1665144741902859	0.16691848306304433	0.6665670427466699
0.16663126609594348	0.16689761380491325	0.6664711200991433
0.16671602697539828	0.16666178627004943	0.6666221867545524
0.16653063654922096	0.1668725259709381	0.666596837479841
0.16616880267162223	0.16694046812539887	0.6668907292029791
0.16656043604786652	0.16697640935841945	0.6664631545937141
0.16634517720755748	0.16668730755764405	0.6669675152347986
0.16620780630926082	0.16669300804174436	0.667099185648995
0.16646952934849935	0.16687382151766753	0.6666566491338333
0.16668936480160382	0.16687074700509447	0.6664398881933018
0.1663501185609899	0.1667929668706896	0.6668569145683205
0.16654843879683853	0.1667404317920992	0.6667111294110624
0.16645196406472726	0.16687272720228763	0.6666753087329853
0.16619842935726362	0.16689787573598286	0.6669036949067537
0.16620118220589786	0.16698566071164966	0.6668131570824526
0.16643796917336	0.16682681093966312	0.6667352198869769
0.16658474196021025	0.16690222809847227	0.6665130299413176
0.16630220028837467	0.1667443699501201	0.6669534297615054
0.16654276670167467	0.16669266342205197	0.6667645698762734
0.1662723500436654	0.16684547508076053	0.6668821748755742
0.16641113076280414	0.1669637299695252	0.6666251392676708
0.16636763592378426	0.16668073709442033	0.6669516269817956
0.16642217766637188	0.16683854215390842	0.6667392801797198
0.1663737411228858	0.16684972850789018	0.6667765303692241
0.1663699900854413	0.16681020194263613	0.6668198079719228
0.16643872604410218	0.16684088432382677	0.6667203896320713
0.16632144767979123	0.1668208829201912	0.6668576694000177
0.16653514990330048	0.16668003930863245	0.6667848107880672
0.16628705122711804	0.1668103941177682	0.6669025546551139
0.16656479320760814	0.1667942821232904	0.6666409246691016
0.16659588250875323	0.16672235508035843	0.6666817624108885
0.16655967797133597	0.16669723690450652	0.6667430851241576
0.16644183642585764	0.1667127634823426	0.6668454000917998
0.16639518277230878	0.16676784697197405	0.6668369702557173
0.16637717076619143	0.16674976737420738	0.6668730618596013
0.16620664830631693	0.16691345543935784	0.6668798962543253
0.1665480728217677	0.16697398653058265	0.6664779406476498
0.16672227540909976	0.16691666045063072	0.6663610641402696
0.1666988372310129	0.16677206743453388	0.6665290953344534
0.1667250391221696	0.16679462542529658	0.6664803354525339
0.16672369512871646	0.16676363261623794	0.6665126722550457
0.16657350548915917	0.16698690295064206	0.6664395915601988
0.1664999245884313	0.16672561043112072	0.6667744649804481
0.16639421477136296	0.16699160428946638	0.6666141809391708
0.16639477523570184	0.1667659955323704	0.6668392292319278
0.1662199981032526	0.16689173978376792	0.6668882621129796
0.1665137388360658	0.16676975620140413	0.6667165049625302
0.16646762424413897	0.16679364641155286	0.6667387293443083
0.16624903739148833	0.16687909657830632	0.6668718660302055
0.16639989639985145	0.16676257859744037	0.6668375250027083
0.16642803246831794	0.1668607891954731	0.6667111783362092
0.16652462446801883	0.16691977756350743	0.6665555979684739
0.16660492849417707	0.1668398696081922	0.6665552018976308
0.16642421205063662	0.16694833985670537	0.6666274480926582
0.16665221714557799	0.16667985035374838	0.6666679325006737
0.1662185804756101	0.16693943487968166	0.6668419846447083
0.16643906638474945	0.16674849633485683	0.6668124372803939
0.16611899444344788	0.16682441245899748	0.6670565930975547
0.1664083886954534	0.16681043806600387	0.6667811732385428
0.16630051347347988	0.16681272506171418	0.6668867614648061
0.1664121257837346	0.166800180919537	0.6667876932967285
0.1662586127263567	0.1666911427874156	0.6670502444862279
0.16624872839561394	0.16685833032644565	0.6668929412779405
0.16615478622229293	0.16690938740918038	0.6669358263685268
0.16662893791157732	0.166910669642234	0.6664603924461888
0.1663635928840361	0.16690005880024572	0.6667363483157183
0.16660504325482473	0.16669868021253964	0.6666962765326357
0.1663530148362145	0.1668151129855604	0.6668318721782253
0.16645635502478864	0.166873616222513	0.6666700287526985
0.16649228634816685	0.16698306994992268	0.6665246437019106
0.16643575105815595	0.16672152940271867	0.6668427195391256
0.1662613954287963	0.16676261019700325	0.6669759943742005
0.1662755934596825	0.16676636527767288	0.6669580412626448
0.1665916495214074	0.1668975522532652	0.6665107982253275
0.16634454742440352	0.166664395759857	0.6669910568157396
0.16639252477104555	0.16675091916524992	0.6668565560637045
0.16611891125269335	0.16698226587111206	0.6668988228761947
0.16631073194172885	0.16698931984755744	0.6666999482107139
0.16612913666206977	0.16677132729600766	0.6670995360419227
0.16659906575225858	0.16669710797461712	0.6667038262731244
0.16629692297853327	0.16672991731445386	0.666973159707013
0.16624434438158142	0.16680558649987903	0.6669500691185397
0.16617327892357248	0.16676499279048693	0.6670617282859408
0.16647083996840836	0.16666810128418624	0.6668610587474055
0.16624674967667144	0.1668496272979989	0.6669036230253298
0.16654787727577725	0.16670966178885827	0.6667424609353647
0.16629234787012998	0.1669242569932519	0.6667833951366182
0.166417786572522	0.16672686919388247	0.6668553442335956
0.16614834658178707	0.16670684789846388	0.6671448055197491
0.16670144205662943	0.16682757983367058	0.6664709781097
0.16626120259391738	0.16678369910418572	0.666955098301897
0.1665304629787638	0.1667237576875774	0.6667457793336589
0.1667059568929501	0.16691017647393103	0.666383866633119
0.16628118490619315	0.16695027081972796	0.666768544274079
0.16646729682387323	0.16677458671259104	0.6667581164635359
0.16664198382912926	0.1667846589371711	0.6665733572336998
0.16668445867252396	0.166922741402955	0.6663927999245212
0.16670697471215146	0.1668372351216349	0.6664557901662138
0.16658639048836554	0.1668335409360024	0.6665800685756322
0.16660990593084798	0.16678773546413006	0.666602358605022
0.16638769468940554	0.16670213203473006	0.6669101732758645
0.1662498408317681	0.16679307793923792	0.666957081228994
0.16633635104761954	0.1668488383621156	0.6668148105902649
0.16646245762245943	0.16691088506238827	0.6666266573151525
0.16632820961777683	0.1667185674062539	0.6669532229759694
0.16617690852102843	0.16693252056638758	0.6668905709125841
0.16650776459973343	0.16666804486964482	0.6668241905306218
0.16641966072279954	0.1669785225222151	0.6666018167549854
0.16613976280631393	0.1669451850500543	0.6669150521436319
0.16621030089697528	0.1668370433039129	0.6669526557991119
0.1662205923965061	0.16697645960607854	0.6668029479974155
0.16613173392385408	0.16694834175873646	0.6669199243174095
0.16640806586047352	0.16677749743882053	0.6668144367007061
0.16663637652643323	0.16668917017215124	0.6666744533014157
0.1663781200387598	0.16681208356517185	0.6668097963960685
0.16612783031234313	0.16674445560570295	0.667127714081954
0.1666078278554038	0.1669082618893501	0.6664839102552462
0.16630127741189124	0.16693090454301485	0.666767818045094
0.16632547484495866	0.1667150480592739	0.6669594770957675
0.16622173166255164	0.16673397259791573	0.6670442957395328
0.16654602576616107	0.16679862034543266	0.6666553538884064
0.16641417464423897	0.16672095533587283	0.6668648700198883
0.1664418503959388	0.16698893541868742	0.6665692141853738
0.1662529636175126	0.1667737645369211	0.6669732718455664
0.16631790694820514	0.1667307336620675	0.6669513593897275
0.16624784885052074	0.16698768687472387	0.6667644642747556
0.16625325643658279	0.16698308261202716	0.6667636609513903
0.1666775292165866	0.16669421115452676	0.6666282596288868
0.16616949360568678	0.16697271285300708	0.6668577935413063
0.16632818826208373	0.16692284894153298	0.6667489627963834
0.16667049447502863	0.16667011185364322	0.6666593936713283
0.1665867055365565	0.16686753126772974	0.6665457631957139
0.1662162292492361	0.16678663013256656	0.6669971406181975
0.16642616957172437	0.16679764510716602	0.6667761853211098
0.1667013310392362	0.1668992999970519	0.666399368963712
0.1664711928127046	0.16683606262773246	0.6666927445595631
0.16628054345616294	0.16690623693458823	0.6668132196092489
0.16672996268292833	0.16689405148768224	0.6663759858293895
0.1666586593836033	0.16679550848929042	0.6665458321271065
0.16635866920390313	0.16690421069612482	0.6667371200999721
0.1663937647192485	0.16679791594936855	0.6668083193313831
0.16637420892009136	0.16697914345673198	0.6666466476231767
0.16657015616865378	0.16679749165983493	0.6666323521715114
0.1665414732770011	0.16688478652220604	0.666573740200793
0.16664704525512888	0.16685735720032538	0.6664955975445459
0.1661455257945531	0.16672864962355854	0.6671258245818884
0.16671946799207438	0.16689301294999734	0.6663875190579285
0.166540485404838	0.16673321749500436	0.6667262971001577
0.16647574425398792	0.16666532815645063	0.6668589275895616
0.1664847094274698	0.16682349080478476	0.6666917997677456
0.16617232414765404	0.16698595769345687	0.6668417181588893
0.16673482239815493	0.1668568224764444	0.6664083551254008
0.1663015263882655	0.16667253091511153	0.6670259426966231
0.16612849962376616	0.16680742050576267	0.6670640798704713
0.16660923540492298	0.16674817029105504	0.6666425943040221
0.1663556416831756	0.16679918906595687	0.6668451692508677
0.16650438268862533	0.16690730410673837	0.6665883132046364
0.16615396810507435	0.16694261142385938	0.6669034204710664
0.16618547819916102	0.1667314574760677	0.6670830643247714
0.16617454555519484	0.16684239750783736	0.6669830569369679
0.16664731987434922	0.16684979791186727	0.6665028822137837
0.1664072709100633	0.1667747469305756	0.6668179821593612
0.16619058955405397	0.16676126990045495	0.6670481405454912
0.16612648437017255	0.16675745199184208	0.6671160636379855
0.16622479568560325	0.16681322307104957	0.6669619812433473
0.16617793904349534	0.1666974898542033	0.6671245711023015
0.16633951009784434	0.1669519088974944	0.6667085810046613
0.1667098466660557	0.16680052480563884	0.6664896285283056
0.16625647625613743	0.16693037025992724	0.6668131534839354
0.16635047664344133	0.1667356412489086	0.6669138821076501
0.16660774696492528	0.166706142458797	0.6666861105762778
0.16657453719728488	0.16680205099064868	0.6666234118120666
0.16672354674925974	0.16675681017925537	0.666519643071485
0.16642315751649395	0.16692809652625484	0.6666487459572513
0.16671747808061543	0.1668878250186428	0.6663946969007418
0.1666486329214566	0.1668022902267244	0.6665490768518191
0.16634985655369283	0.16668284005577805	0.6669673033905292
0.1664509319847672	0.16698011905441063	0.6665689489608224
0.16637322029693585	0.16672907139693482	0.6668977083061294
0.16625868228742147	0.16684587507396154	0.6668954426386171
0.16614069699531786	0.16678158656935715	0.6670777164353251
0.16666985932928505	0.16671985404764977	0.6666102866230652
0.16661723797496536	0.16686467370519836	0.6665180883198364
0.1664498657186824	0.1666677967090111	0.6668823375723066
0.16622956782280654	0.16683307017133048	0.6669373620058631
0.16655371211689796	0.16687501596525828	0.6665712719178439
0.16668540775867088	0.16681260503783124	0.6665019872034981
0.16628715839732638	0.16676598733778708	0.6669468542648866
0.1661655910910989	0.1668237777351781	0.6670106311737231
0.16661193844031408	0.16693899601630546	0.6664490655433806
0.16653948488228343	0.16669909343999	0.6667614216777267
0.1663944057823244	0.16672545792717441	0.6668801362905012
0.16648267464202657	0.16685483488524266	0.666662490472731
0.16669672070420471	0.16686126850715982	0.6664420107886356
0.16635356460107514	0.16673283998952837	0.6669135954093967
0.1666218142124309	0.16693391998389023	0.6664442658036789
0.16627245753140726	0.16695288778412837	0.6667746546844644
0.16633233316429397	0.16673047133026708	0.6669371955054391
0.16620737082695378	0.16698589417868376	0.6668067349943625
0.16652084836929726	0.16698784943962086	0.666491302191082
0.1663305404892369	0.16674492525459128	0.666924534256172
0.16645002161474776	0.16686117942187317	0.6666887989633792
0.16638254377846076	0.16690197708041554	0.6667154791411238
0.166427823180967	0.16671646533260215	0.666855711486431
0.16653953721390413	0.16678908419729116	0.6666713785888048
0.16644527783382645	0.16679583410717258	0.6667588880590011
0.1664509686359832	0.16698566965860598	0.666563361705411
0.1665240670063418	0.16692623487151073	0.6665496981221476
0.16637290216426207	0.16696116316663806	0.6666659346691001
0.16649924070535685	0.16673471952997906	0.6667660397646642
0.16623383889844337	0.16698829370473459	0.6667778673968221
0.16640917617264103	0.16687369239750016	0.666717131429859
0.16647280975935574	0.1667118862705041	0.6668153039701403
0.1666573849525117	0.16692929476632226	0.6664133202811662
0.16621050520017122	0.16693228111254982	0.666857213687279
0.16664571835702993	0.16665921061317213	0.6666950710297981
0.16668242090352653	0.16683531983087646	0.6664822592655971
0.16669617685875365	0.16691803623761192	0.6663857869036345
0.1667367820627333	0.16686482259319235	0.6663983953440744
0.16635012420568634	0.16675594693470136	0.6668939288596125
0.16625970984345115	0.16666290911166556	0.6670773810448833
0.16652556874819655	0.16666920661975893	0.6668052246320446
0.16670014548907228	0.16678821065950367	0.6665116438514243
0.16666807299203756	0.16685418353426185	0.6664777434737008
0.16650172453193163	0.16678882810685042	0.6667094473612181
0.1661630981055307	0.16672699162107127	0.6671099102733982
0.1666803948561281	0.16683485332272358	0.6664847518211484
0.1664668415230124	0.16674068778053647	0.6667924706964513
0.16625847474112745	0.1668582125670199	0.6668833126918527
0.16669186184595602	0.166829571191013	0.6664785669630311
0.1663576023045942	0.1668578635516158	0.6667845341437901
0.1665213809541845	0.1668801595420802	0.6665984595037355
0.16659253537506893	0.1668116277495938	0.6665958368753374
0.166369513418073	0.1669303675332997	0.6667001190486275
0.1662022954927539	0.1667859216246756	0.6670117828825707
0.1663351389514176	0.16672385729835024	0.6669410037502324
0.16628607595128664	0.1668307929235387	0.6668831311251748
0.16657286184212028	0.16682872185694136	0.6665984163009384
0.16651137199889535	0.16666934130831978	0.666819286692785
0.16649231951872784	0.1668637919120135	0.6666438885692587
0.16671333781440117	0.16686721814548822	0.6664194440401108
0.16647886422397995	0.1668445422793746	0.6666765934966457
0.16666030576940383	0.1668637966733354	0.6664758975572609
0.1663838248568608	0.16667774815750408	0.6669384269856353
0.1663510504166201	0.16690777968324236	0.6667411699001377
0.1666620672965868	0.16696596843766523	0.6663719642657481
0.16612245704730158	0.16690517638521357	0.6669723665674849
0.1663172075728793	0.16673365227849837	0.6669491401486225
0.16635712909130118	0.16689416604042426	0.6667487048682748
0.1664154717919307	0.16675748233326623	0.6668270458748031
0.1664057682772987	0.16683622622878166	0.6667580054939197
0.16634199495734522	0.1667239915327322	0.6669340135099227
0.16665532668190655	0.1669004936373689	0.6664441796807247
0.1663672712721982	0.16672084227398482	0.6669118864538172
0.16618121191743282	0.16673253374595665	0.6670862543366107
0.16660060132625618	0.1667316382346249	0.6666677604391191
0.16622488905459862	0.1667425766896256	0.6670325342557759
0.16638738236189157	0.16673590738199678	0.6668767102561117
0.16622462779408229	0.166869773341038	0.6669055988648798
0.16662005570720403	0.1669466369342154	0.6664333073585806
0.16621417731293536	0.16673244199329412	0.6670533806937706
0.166561806863789	0.16683995185697853	0.6665982412792326
0.16646133402371738	0.16684647754051712	0.6666921884357656
0.16670139495980998	0.16665997943499433	0.6666386256051958
0.1664007237535653	0.16670122234031765	0.6668980539061171
0.1664557157246802	0.16693111759534737	0.6666131666799725
0.1664293579752512	0.16676242076748737	0.6668082212572615
0.16673627239493768	0.1668786627152436	0.6663850648898189
0.16633517317108276	0.16698814549956215	0.6666766813293552
0.16632706658196073	0.1669529832833453	0.6667199501346941
0.16635260691166742	0.1666948402693152	0.6669525528190174
0.1661760407176249	0.1668651032564361	0.6669588560259392
0.16657701884295412	0.1668396305394786	0.6665833506175673
0.16631622796207973	0.16686522684075505	0.6668185451971653
0.16670040337782732	0.16674352774405432	0.6665560688781185
0.1665985176226552	0.16670889965418467	0.6666925827231602
0.16663596023345928	0.16683327244552754	0.6665307673210134
0.16625283580107753	0.16673901653185325	0.6670081476670693
0.16656561211420354	0.16698468436830793	0.6664497035174887
0.16632862930166084	0.16677899973272564	0.6668923709656136
0.16651546386471447	0.16698751746704338	0.6664970186682422
0.16631596010797323	0.16685481618438347	0.6668292237076434
0.16652540412543199	0.16697723905641562	0.6664973568181525
0.16641289276186833	0.1669923421085136	0.6665947651296182
0.16627265022812954	0.16678027622923652	0.6669470735426342
0.16662837364542496	0.16670230383757667	0.6666693225169984
0.16639190491224887	0.16689586032697712	0.6667122347607741
0.1662897840078132	0.16681237158137935	0.6668978444108076
0.16640613422208056	0.16685876934821342	0.6667350964297061
0.1662706908678039	0.16691525872624366	0.6668140504059525
0.16617003385526927	0.16690545966290826	0.6669245064818226
0.16616763618242122	0.16698608454099945	0.6668462792765795
0.1664291532847526	0.16692694109980805	0.6666439056154394
0.1661925659575208	0.1669501629209903	0.666857271121489
0.16639921182289047	0.16698100330000076	0.6666197848771089
0.1666103444744169	0.16682607078212075	0.6665635847434626
0.1665314609232642	0.1669787105120061	0.6664898285647298
