0.042690473949943915	0.03802605720342274	0.10658773940336501	0.1878861589434816	0.12226414571199826	0.2501570364481352	0.09235095927756778	0.04852652347827304	0.038667615114881954	0.07284329046893048
0.03595140692561108	0.049338404381536	0.10019268109027736	0.17502857317148054	0.04013685146174278	0.2381925112334466	0.12453834916921178	0.06662782888996506	0.03865224696316334	0.13134114671356545
0.037200666801908505	0.04357868039516168	0.0984163434730182	0.18096307814262835	0.10199812906331503	0.2535747311404349	0.07638328478695663	0.07345809599231479	0.034889021332454875	0.09953796887180708
0.045508401609180196	0.035635848420005084	0.10659473688973203	0.2019834429108323	0.15207054745416337	0.19867346717298234	0.09376314101388306	0.07272843446782082	0.03309064928515619	0.05995133077624462
0.047593006262188445	0.04165068414442835	0.0835103886770641	0.17513885504816823	0.19221006029832866	0.1777924009419442	0.11489804707014259	0.07809256641532922	0.032382309985890284	0.056731681156516
0.03035911673404909	0.03513678035608836	0.08190661122566176	0.17561012141997823	0.15989065166977176	0.25042948047152025	0.09249174590395737	0.06491262570327619	0.035189208391622234	0.07407365812407479
0.047777144436962446	0.03492308265053114	0.10522105770341378	0.16884166542218182	0.1657073319492695	0.19107765037865354	0.11627962780729652	0.06944862982203542	0.03225093808402435	0.06847287174563152
0.0417389031684014	0.030430035869759745	0.11813810489660481	0.12484330837952362	0.24310775828765657	0.1874471081610909	0.07305036101473027	0.04056736815122419	0.03639980750968619	0.10427724456132231
0.04543170368711281	0.04394644531391524	0.10202496383799906	0.1893784998237813	0.09129511854149523	0.2106673162028861	0.11519445617930084	0.04853750330464547	0.04181594047633671	0.11170805263252728
0.030882119942024153	0.039528513244289396	0.11282853433038072	0.20022879148612865	0.13128546571961192	0.1720491086829013	0.09441061141603543	0.06681636959174714	0.04100779513045854	0.11096269045642282
0.03058138705311733	0.04728171912052221	0.11343521908840834	0.19601637729521537	0.2376580295459214	0.14312585434657443	0.08679496966804212	0.07336215572841222	0.03812739381369866	0.033616894340087924
0.04495967460958628	0.031533193314930055	0.1115004286386986	0.13074570570127614	0.2257205932568161	0.1440691049711863	0.07078466660579602	0.06288689237099158	0.03716198568463759	0.14063775484608132
0.045277659578242514	0.044463736465900364	0.10858683509467482	0.17485129481879574	0.15701746786176687	0.15184964572405463	0.08319643219692671	0.05635127493993339	0.03290687492528792	0.14549877839441702
0.032466039206667616	0.028877274577665132	0.10982555944018652	0.11438498691867159	0.13516508624093296	0.2569820404353845	0.12033953927847284	0.06290088937355873	0.03133372382017993	0.10772486070828025
0.030304534354212084	0.03621907033704165	0.07926701421190256	0.17037905604055498	0.17090458731971814	0.1943134858039246	0.09244343602720248	0.05359561780970872	0.030591742393507843	0.14198145570222698
0.03743106083410179	0.03853016982864661	0.08421071145507794	0.1664597990287298	0.20594030392634438	0.21678401425364865	0.09451462524686115	0.05752082593791262	0.03321099285018793	0.0653974966384891
0.03812231224513975	0.03755673329816958	0.10577323488321884	0.12803170822557675	0.20835460185632124	0.25413730835132486	0.08272098071541951	0.07648131106159478	0.034777828738991365	0.03404398062424335
0.032157199823475216	0.04187942027148787	0.10027638885278789	0.192737085080469	0.10452704252053	0.2566932092755812	0.08030248901407137	0.05638841783817117	0.03201048945048322	0.10302825787294306
0.038816227726459644	0.04567869861878411	0.11309554727687193	0.13137788898207936	0.14473490012012777	0.21546887800366754	0.096824752021378	0.06020413776207999	0.032826669644086745	0.12097229984446489
0.046931343388366985	0.03990448380225454	0.1132836119731876	0.18757153715577826	0.15654575007689064	0.1717708475222525	0.09225782304664859	0.055991223272673286	0.03796098478500286	0.09778239497694473
0.03178664340014471	0.03283626151679109	0.09441037382696055	0.19860163866406091	0.14469924469430487	0.19969928397607778	0.07749955993100635	0.0775869716346525	0.038395448368085235	0.10448457398791602
0.034122784541496906	0.03267764141343478	0.0951164577635773	0.1344513688289757	0.2167939127201049	0.22625728099290165	0.0780989925367223	0.05749117020422435	0.03225998707912789	0.09273040391943425
0.046560783377129586	0.04282602913406208	0.08643513011320869	0.1714271641667889	0.06376407020869695	0.25327030273856616	0.09462941204176324	0.07482241294108295	0.03494929264640535	0.13131540263229607
0.04132589747252804	0.04998387126882868	0.11865790659617534	0.18336250275463584	0.08938305444202632	0.20538219799627117	0.10313720791068362	0.05105498416039296	0.03412011568204169	0.12359226171641635
0.0401216859935242	0.0435042358984484	0.09669258602189243	0.1857110525186247	0.05673087655017725	0.2441873844559772	0.09348721673126778	0.0712884337276673	0.041251140861696664	0.12702538724072407
0.03528032297931066	0.04566838710782183	0.0805977462831408	0.16011352523931377	0.11683917361194278	0.24437657911972577	0.1149446861686659	0.06016091547533369	0.03402518892670027	0.10799347508804452
0.03946849096869393	0.029459043832963702	0.08582926020152708	0.172830420622602	0.21177955542882654	0.17331876160670667	0.07577761991978267	0.07472827866572318	0.030017646657719735	0.10679092209545453
0.04623499203448372	0.04663211941885721	0.08214977973551535	0.1327556698034775	0.18717862899357335	0.24836105566063593	0.08492716594303465	0.04094294390311649	0.0354144000399044	0.09540324446740144
0.03939098069962442	0.030970028648595535	0.07995048233889498	0.1974614523791416	0.11606556254342106	0.2092837880240369	0.11921321423815637	0.05825734099934495	0.033219513510291274	0.11618763661849292
0.0469539016185035	0.04002564331478187	0.07258355107242827	0.1947724523909862	0.17919535119751925	0.18384874914876004	0.0783711171464465	0.05950178657410544	0.03022328576174607	0.11452416177472288
0.043051298901635955	0.03669016143212671	0.07580409901863376	0.14522986922045125	0.2644222427571189	0.21743979212444303	0.09971071579335278	0.047218764443707054	0.030533515201825706	0.03989954110670486
0.03180106647730274	0.02791690695014433	0.07744619517523767	0.20406606042003161	0.13983689545679506	0.2536821239066381	0.0962340879730204	0.07766672021082482	0.033048376561713194	0.05830156686829208
0.036484431997683545	0.036524789045387376	0.11451366790684031	0.16067611619137423	0.0819465757268612	0.2610280121953193	0.11794981320084756	0.04275841492627348	0.038996537394607456	0.10912164141480553
0.044872106517833334	0.042334968153604165	0.07209602677218559	0.1995385144828623	0.17341810274132818	0.23185008636606963	0.09331593366611898	0.05495601283296111	0.036169002112880405	0.05144924635415632
0.04124457502071119	0.0495017699030171	0.10191254083516296	0.18676653542942268	0.10228358703837884	0.21299030815783412	0.07894448280713018	0.07603118076079034	0.03210301195605812	0.1182220080914945
0.03996402634147245	0.028130167273136553	0.11017221228427225	0.19955290191246927	0.12230162950397187	0.2628683170913338	0.09240664641672555	0.06893375227131371	0.035811865523494094	0.03985848138181047
0.03261026572455224	0.029669608824460098	0.08009907535312571	0.15416379172149172	0.16813509869743343	0.23862480143329245	0.11274400819873998	0.06443155249811551	0.03300946025421213	0.08651233729457672
0.03429311051904771	0.04651792001222609	0.09350830497821308	0.1328448010064055	0.21323852941891747	0.19399727247003984	0.07617439096671896	0.05707342820931559	0.04204869300328738	0.11030354941582839
0.034260680698681184	0.028723634999406722	0.11862598943113539	0.13132845282806926	0.20327858540010704	0.21488489546159886	0.0692364669579164	0.04586065213303955	0.03148246635824761	0.12231817573179804
0.03958474221860802	0.0392623571205375	0.07267363200563702	0.16795397906892334	0.2704133892504321	0.15710405328601182	0.07498106628384954	0.07426350279225596	0.04161002884018434	0.06215324913356038
0.03115229249285341	0.037703668062383455	0.09303001224895956	0.14153195246713332	0.2893825913003501	0.21620098272841343	0.07396192001452191	0.06045012037489279	0.03567090414074203	0.020915556169750063
0.035330253892465274	0.03747970328149794	0.09264985225179487	0.16825129559880678	0.1480504485679055	0.21289242165686093	0.09689409350633822	0.059243365536717114	0.04055230516106649	0.10865626054654687
0.04011041845809488	0.03255832171502429	0.11593731099573862	0.18673960019759736	0.07801582611929461	0.24418957612948905	0.08012952551100516	0.07782737131697198	0.03369170698139351	0.11080034257539058
0.03615794114873207	0.03611998663226658	0.11832025296026645	0.17344834558570182	0.13370979661135318	0.2369458788318023	0.07176492530166875	0.040315739967419405	0.03129621521773367	0.12192091774305583
0.034502508516799396	0.03253497261781313	0.11188605266866572	0.17400112931932613	0.112687087693573	0.238592656160792	0.09889005468391075	0.059520227357636124	0.036095406208027384	0.10128990477345637
0.03542652459764828	0.03864157645189229	0.10925982055956915	0.1177223813246173	0.19097060523287404	0.2220739704186118	0.12444250969615508	0.06241550826059753	0.029866352677005284	0.0691807507810292
0.033910342210676375	0.030698390560191025	0.11756044721855159	0.16969549294777614	0.20294226239349558	0.20189357797108917	0.10629001580396737	0.04900469408856095	0.03985485517157022	0.04814992163412164
0.03416951249849286	0.02902717430497935	0.09255193840313478	0.1982935422642122	0.13133526410600277	0.2123786546291632	0.0786683372022545	0.06346744781244981	0.039845094241792514	0.12026303453751805
0.04183703366663748	0.04828092761729408	0.1076847407414207	0.12796131798765295	0.16639408394832922	0.23109816115222853	0.11368497561037655	0.07345500633935001	0.04082422793138229	0.0487795250053282
0.040013328950564336	0.04798120291678519	0.09133318444512417	0.12420063334201263	0.32829827169117465	0.15482156434846758	0.09031454916836223	0.040668651954461045	0.03147314872098261	0.05089546446206554
0.03455000993379796	0.0455930248623753	0.11027208405491798	0.12175681086461429	0.25829995341312934	0.1920101464782985	0.09615090799614312	0.06654165521202951	0.03920220569476013	0.03562320148993389
0.04718455329494836	0.04945503343384537	0.11189808734056671	0.13653772583668777	0.04678889971370248	0.25579358679012015	0.10638254072924308	0.06931904591462669	0.04105481329706039	0.13558571364919902
0.03050789559266333	0.04272889652983847	0.09925807322037122	0.20328374229721483	0.10459657208870081	0.26112287927877387	0.1049360123179969	0.05523563371805746	0.031386908237995934	0.06694338671838719
0.0392626043138857	0.03689979005346268	0.11861440497314832	0.17248408885768574	0.125061277604737	0.24689202016635137	0.07503774284808776	0.044168982329211605	0.03988628601467831	0.10169280283875151
0.04283003946373481	0.0294729872743702	0.08296455646725948	0.1887628734561876	0.08745376181355052	0.25785325484305655	0.1187765791143934	0.06327846615150919	0.03848999133350237	0.09011749008243584
0.04496545494695251	0.036709494779153265	0.11025350037254288	0.18599932436587557	0.12281696758119728	0.22373322373165483	0.09737944997745554	0.04385361149013653	0.039751952629325564	0.09453702012570607
0.045476971497875204	0.04698088206693028	0.09933840042098802	0.13681851357308944	0.2577291311104931	0.20099137062014344	0.06897966557898794	0.054269586705287406	0.03517236730581298	0.054243111120392214
0.04847746635823086	0.04203913531388906	0.08983034545110886	0.1506508005748279	0.16248349827242242	0.2560848132549397	0.11767822493758837	0.06755751212344277	0.037355418619518355	0.027842785094031722
0.03267078117668269	0.04719677267758721	0.08984309071572734	0.1552230328406232	0.21853908846479864	0.22568178156538932	0.07058769205782107	0.06432418016536316	0.033130776677824963	0.06280280365818236
0.0402936555487796	0.04113522820453787	0.09708981603181945	0.14988393402837585	0.1974749730561998	0.2627579422578715	0.11021040338331353	0.045748314882967364	0.03459279349451841	0.020812939111616566
0.03419291086292332	0.03426788108381211	0.08775523688327809	0.14374592869719405	0.2557043949560644	0.1641974384227697	0.11190879470884939	0.06924793335052468	0.03904832371441925	0.05993115732016513
0.04462896249899363	0.0342308377372187	0.11834413667880497	0.1758273591135553	0.14654276823847148	0.2436686223145021	0.0993463819964204	0.06309630248744089	0.03602829566782638	0.03828633326676613
0.035840847295472086	0.03329864102957558	0.07593468677266427	0.18396234113280907	0.1901905436178165	0.2531392274951056	0.09503082318627143	0.07012301174240924	0.03773676258568916	0.02474311514218705
0.03380990229689368	0.0494215303883878	0.09237369591483865	0.17947705326433203	0.1500440026634033	0.22108583878831706	0.06689988036877442	0.07175741706545166	0.04122325151547357	0.09390742773412787
0.03162229803137931	0.03658972936615014	0.08450043765485547	0.2044220862345688	0.18570252968891407	0.19901370901815163	0.08897279862285976	0.04049240046876908	0.03434346592945722	0.0943405449848945
0.03084620832056345	0.034947381127443514	0.10772425244925601	0.17349275739932807	0.22107779814796946	0.18708498021205888	0.10980738524750222	0.07362910704288816	0.040135607179827976	0.021254522873162277
0.04081079028989474	0.03976758569411141	0.07274022611412884	0.15320816422330177	0.2773480817510175	0.16293490314449727	0.07588108435790591	0.0762699518718829	0.039068747438692125	0.06197046511456751
0.03702243190715847	0.03733088777702476	0.08175348371818202	0.16666525915992586	0.1974507443642345	0.15885219666869088	0.08938311303296258	0.0651013848417074	0.041828705359535145	0.12461179317057847
0.03778009729534558	0.04396822206899526	0.11081700821227514	0.16658082394304274	0.2369981296647392	0.1862633064001285	0.09504805175127816	0.06450116176934442	0.03173310087498392	0.026310098019867043
0.04326189928681247	0.043459227637322455	0.08393175928362848	0.18992796694906244	0.19129645295968456	0.23433645072067466	0.10709721031358864	0.045282454690468564	0.03803728098234549	0.02336929717641227
0.03352784904417254	0.033373691124863686	0.0847937263659949	0.13652494104239962	0.2526707018556782	0.1787035294604266	0.0953747527370382	0.06563263916726735	0.03201681601630199	0.08738135318585694
0.042159036137319215	0.041197681497963407	0.08379613345673446	0.127454015819804	0.318479649578175	0.16090710957813542	0.07522496353164045	0.05570131276821022	0.035651106512236685	0.059428991119781165
0.04216038443268694	0.03944576870256875	0.07853706453040814	0.1240494917253765	0.28739117049146684	0.23123596703505944	0.06755256540957988	0.06038828810470702	0.041246429517624215	0.02799287005052234
0.04410530084529703	0.04133760261091379	0.07500989694029464	0.1614075115638882	0.19723389812724518	0.232546531827653	0.07993565830766752	0.0416435627301794	0.035750603815219356	0.09102943323164192
0.03351015805397019	0.04598619222212601	0.11832188307196072	0.17444728482664856	0.2087623845458238	0.22192600667072304	0.0677244677049149	0.04977753597748707	0.04132603877776156	0.03821804814858419
0.042924290986534136	0.04629755376595676	0.08873798439780159	0.11492468729061697	0.310791218430866	0.16434623306317017	0.0807154572857752	0.075287606319212	0.03646351729025937	0.039511451169807844
0.0451481252107801	0.03198273242177613	0.0839610872630243	0.18118129951172873	0.17808850916375524	0.15318147632820664	0.08315663153533964	0.06990385489146274	0.03769568247658267	0.13570060119734378
0.037051169534034145	0.032174562854251285	0.09578258798525988	0.14658847965528404	0.17124017164587096	0.21878873524463616	0.0748764130252262	0.04375371800953657	0.03929085714713751	0.1404533048987632
0.04855386309400928	0.03698562826313556	0.0817501485082266	0.18009749480738294	0.1227372740479233	0.2529237446678735	0.09406100718888444	0.07052927502389794	0.037863183806282064	0.07449838059238442
0.03154771916271014	0.034558706078674714	0.11641167822093262	0.17245454396949284	0.12565066250165996	0.2543541372840506	0.11427568125192045	0.07799177086524708	0.029611279383576578	0.04314382128173499
0.04002415127026489	0.04016332350249168	0.08547588375444241	0.17923730179259267	0.10914398346141034	0.24335414152758683	0.07827230986276484	0.07320919128009265	0.03648650228431506	0.11463321126403861
0.03976952406292821	0.04498340649876288	0.10993144980910372	0.15815254057203712	0.17409181645904837	0.18217253564938185	0.12152007827949127	0.05840360496590974	0.03601514050153885	0.07495990320179799
0.043547494899799345	0.03162218132410849	0.07497587630415536	0.17483985077699543	0.28314779839615933	0.16998005586617274	0.09922316413731531	0.06454752380754772	0.037919793384981235	0.020196261102765053
0.041089814895129785	0.02791073423732085	0.08788623985704813	0.11807716023352875	0.33223628790721194	0.15646665691994868	0.0905825129178417	0.07276289460419952	0.034686949677673606	0.03830074875009705
0.04505222799630544	0.0366459303895279	0.08877410811012226	0.11811329568690788	0.35216472715645925	0.15903191988319382	0.08710284657977052	0.05163427284961225	0.040575551622212686	0.02090511972588799
0.04559657032523792	0.03550838149253391	0.10412403273867285	0.14357007410335745	0.07650869207374988	0.2608967749682768	0.1155838347678188	0.05614417006634933	0.02966158403218687	0.1324058854318162
0.04425598292638176	0.04653615446913097	0.09611488778835726	0.1480448561548975	0.177025213537439	0.25893159534414345	0.12152430564642927	0.04294617631865008	0.041715014048114826	0.02290581376645595
0.03474483392169003	0.02943332694674937	0.10353067266952651	0.20466125200020885	0.18744196400802304	0.17168445939444826	0.09238336280225432	0.0705162678501762	0.03934782043484925	0.06625603997207416
0.036694634889451974	0.04862128445782592	0.07737113601525297	0.20127338941764478	0.12001072023511819	0.23058600353513692	0.11933269356431492	0.06840736750269044	0.031867281818439536	0.0658354885641244
0.04806366937130853	0.028836578327614687	0.11419345400283998	0.11563408159126581	0.20434646574574938	0.21544173533967403	0.10677630945068937	0.0695810802057589	0.03985748268061756	0.05726914328448171
0.03575700882553161	0.048738174146558205	0.09911312500753124	0.14045894313635654	0.17635606510932017	0.23568446239489893	0.07455233296553397	0.07050738806974782	0.030080270411941973	0.08875222993257956
0.04803496861319824	0.03845027181693081	0.08836012911953027	0.19274289493539987	0.17421142870769124	0.16131434902360084	0.07178581911277936	0.044815614913405175	0.041008491012896386	0.13927603274456785
0.037673793624563176	0.04240504988742021	0.0930464377350371	0.1634707269705077	0.24956097934481092	0.15231612860874563	0.08030501546718566	0.07140881291266948	0.03491197338972735	0.07490108205933277
0.04040000591719439	0.04548749953905267	0.08110859461937045	0.13868517004943498	0.3153000212116693	0.1506591643766258	0.07722134304964742	0.06133494560513767	0.04155825989544315	0.0482449957364242
0.033414135617637605	0.03580302337852716	0.0953247360293345	0.11518441367977551	0.21358770929828766	0.2357536572081501	0.09501982272105229	0.07464941783342333	0.030856595668558653	0.0704064885652532
0.048602882514971205	0.04724112601560442	0.09276940301951969	0.20331350526855968	0.10968936037235918	0.20366661160775493	0.06910585370882594	0.047426483276612426	0.03537345124015413	0.14281132297563842
0.03431552448994463	0.04099942225988585	0.10928770167254602	0.15912875630843532	0.14480053272976337	0.23629537042976823	0.12207516972678292	0.07783869175449584	0.03770146332417166	0.03755736730420619
0.0394312407067851	0.041390472461265156	0.07905060789765013	0.16405391488779533	0.2081321184180301	0.16620298025753433	0.08124082073797276	0.07195818517076574	0.03330259239488552	0.1152370670673159
0.039731546683526374	0.03077435334019145	0.09447972873585872	0.18071949235953177	0.17404239173926533	0.17804980779344204	0.1116517833481944	0.0717820637470224	0.041345945744338954	0.07742288650862864
0.04677123532325663	0.033696621768654636	0.10451132367498941	0.19773055960626212	0.17124988028868793	0.2024121050827084	0.10881533614266048	0.04733891457797544	0.03308825177714836	0.05438577175765664
0.04626268995100728	0.04871404636075351	0.11109667110341866	0.155350217440463	0.13864138345240143	0.26055096273872363	0.11572289441471251	0.06523730328664351	0.03139913905805958	0.027024692193816882
0.044940676988565006	0.040212626942734905	0.10152365392658723	0.14053424644019957	0.2642159346199714	0.17830130929661414	0.11207508716610654	0.06143656839641082	0.03603330851931419	0.020726587703496238
0.045691608042670376	0.03954968203016176	0.07630436723330165	0.1330480686166154	0.28057850085221075	0.16670131126766963	0.09155126785158739	0.06270285750864796	0.039286315096036584	0.0645860215010985
0.040737977392274555	0.04637988277346553	0.10707610847570831	0.13443131794529317	0.22951905124011734	0.17678174580624084	0.08826720785794694	0.05600711964010908	0.03535500137931313	0.08544458748953114
0.04267931605618548	0.04976954876561006	0.11843613274440404	0.11656035685095119	0.20412195263260824	0.1659435314519273	0.0948273834840104	0.04616906497935633	0.03872949705345982	0.12276321598148715
0.04893816099958063	0.03376106035136485	0.11973653298388579	0.20508926285300344	0.18900548638613493	0.1990250237801705	0.08222706027145579	0.04020047475464903	0.04125272275323479	0.04076421486652024
0.03819971990580026	0.03389276422299932	0.11785621528870734	0.12200213641469998	0.2901490997195982	0.1903569076202456	0.11730097632611894	0.04021584278385681	0.029229160950391367	0.020797176767582193
0.03513854039424029	0.028000409780970043	0.100701726292888	0.125481848984908	0.31050076830818457	0.14745550896973608	0.07350278539179282	0.048378393277803196	0.035719729675705345	0.0951202889237717
0.036829636122308204	0.033605432621521325	0.07951579589192537	0.13130710952623684	0.32822248913463603	0.1997239955390379	0.07267306068844359	0.05815215061030658	0.03119386455715073	0.02877646530843342
0.03858000464560175	0.03820891243697956	0.09225408706430417	0.11980508354699705	0.16569190999691275	0.20890998339118552	0.11830532712818484	0.04753572999092377	0.031964306522891825	0.13874465527601876
0.040805251620596714	0.04235765096898475	0.1084250554289615	0.17889924186112394	0.07863666800762213	0.255039318878736	0.09197722688262774	0.06587988996280503	0.03510804545606035	0.10287165093248188
0.03611390896138329	0.030193050086142162	0.10011190242747385	0.1482001411221532	0.15178607847506942	0.19667896077081914	0.1188656310687857	0.04666424426999382	0.03260062236001983	0.1387854604581596
0.03557466114336083	0.03068564032416375	0.07505659006351147	0.17684263825633134	0.14173350411768124	0.25029871686378924	0.07560918308982144	0.07279056513520638	0.03364511880700538	0.10776338219912901
0.04429389176060547	0.0418926159494336	0.10367409503326054	0.14431232582210615	0.06475166138556653	0.23053904650780588	0.12349842153329443	0.06294317990385073	0.0412806112725884	0.1428141508314882
0.038290180737282686	0.03166640178148164	0.0916429668260055	0.13569411939113474	0.0821564520328891	0.2500604031443669	0.12150690201227525	0.07736032381113006	0.033668269739891635	0.13795398052354246
0.04836864136363192	0.046817318409157344	0.07195477368337946	0.12268443392662728	0.2326993840488904	0.24795197961762921	0.07352712734541518	0.06531419110982224	0.03686548611211893	0.053816664383327995
0.04503834542370107	0.04469843783184052	0.0974240343797133	0.20004569392594343	0.1291923503115171	0.1775138800634514	0.11741421810695438	0.05750865983551274	0.03261046734404202	0.09855391277732406
0.03967231757038539	0.045245829638333686	0.08958616603907511	0.17671762707264874	0.11851692365578989	0.21491550377220187	0.09265165124213245	0.0641955170411409	0.03551179133089202	0.12298667263739996
0.03904029901743862	0.044902148835995706	0.0831925347112492	0.17582315457385994	0.21162048641447342	0.2395710418493992	0.0674585877933066	0.0705859741825764	0.04175566868466728	0.026050103937033678
0.03901585323669777	0.047357483196901695	0.08775359122023635	0.14414476093054934	0.24605357595656568	0.1769589081432643	0.06660842976312431	0.06182512800066292	0.03946704933440443	0.0908152202175932
0.03946069371836131	0.03656578205514335	0.11661204974961205	0.18482699097534988	0.21353918207550182	0.17524860605050147	0.08559878897736524	0.047713363313703884	0.04029695190577492	0.06013759117868612
0.03550155030122533	0.046143100782285826	0.07504867501428884	0.15268034261783187	0.31066538601843696	0.18903675941459114	0.0788281052117479	0.0468579275081254	0.03805176249691165	0.02718639063455508
0.03560348062051623	0.03150999484428091	0.1181038304430555	0.17606974632167507	0.08912506683614535	0.20121218147643186	0.11904157840245196	0.06445148391016861	0.03405802276854651	0.13082461437672804
0.04219526018444607	0.032246661801220586	0.1101307162295754	0.18075457065170275	0.14772325902460684	0.17262659686879958	0.107205034942971	0.05148338128824516	0.0417178615085591	0.11391665749987354
0.03661073713578532	0.041033907405313465	0.09171122968026227	0.20000378297959104	0.15683537600695358	0.24874225964714408	0.091908028102466	0.07170234122826599	0.03650641142781104	0.024945926386407177
0.047147785750712295	0.039529605542093685	0.07965255179319576	0.1673933102729523	0.23837400587371493	0.21974321533462327	0.07785894512006446	0.051712072213168314	0.03568093603866215	0.04290757206081287
0.048631688173761775	0.038411425282718924	0.10981231287524898	0.12438623005129426	0.1512280567442105	0.2212290953623677	0.10305108793371093	0.07305929314375995	0.03535381448437398	0.09483699594855298
0.0390612371259501	0.04177495781960639	0.07852507007338602	0.13873307504018625	0.11480694036493073	0.2523356013467404	0.08025831496307026	0.06801031362751842	0.041986793965123684	0.1445076956734878
0.04792266517420753	0.04198752379214907	0.07973820725322174	0.19288665238112435	0.1231155998117934	0.2336442720946008	0.08762191740311262	0.04613388388661554	0.03574984431919527	0.11119943388397965
0.04009814048182428	0.04373953643819863	0.07913824628017353	0.1292233264332885	0.23123506698818946	0.1677477774072057	0.0840259967063706	0.06136801229037791	0.03297838254764332	0.13044551442672805
0.04107777648891407	0.040383385759723715	0.09386185664185077	0.20460894142523478	0.19963278173885357	0.18632068864325996	0.07080449752839553	0.04745486115577	0.03864177133195291	0.07721343928604468
0.03775127245597668	0.041407095186196126	0.08853278650146086	0.17263666896471608	0.22746212489409368	0.1755401484034783	0.11290619972092607	0.0693247192604225	0.03753602768385823	0.03690295692887151
0.03262440654508951	0.03609394825946778	0.0890443931583262	0.15715916428938514	0.15539895711885998	0.24528595351388893	0.09631504277375967	0.0654519665351471	0.03085326998391176	0.09177289782216391
0.03028942326950454	0.050716542997572465	0.07273149657347408	0.16780665568417022	0.24615296833109834	0.19400022092214514	0.10001690789940926	0.06977380731665371	0.04042428603143532	0.028087690974536936
0.04011186301509733	0.04526516032497503	0.11974989151130448	0.18493078344742947	0.15337991376947852	0.21987535537271885	0.10270761143131432	0.06967774876026492	0.033669676386797937	0.030631995980619192
0.037833732084719726	0.045526416305024645	0.1135030233372385	0.20335755112123896	0.15382474338458252	0.14774464983854269	0.07292434923684207	0.05999539589297904	0.03301289117476136	0.13227724762407048
0.03704841775403886	0.03353207356210258	0.08535426109493215	0.12328762455806905	0.1488428484814788	0.23695678127313086	0.0918193827231682	0.06263038301839957	0.038978576797964064	0.14154965073671594
0.04470396038563204	0.04572665842028787	0.1080738124546739	0.20249399737699836	0.12926270125614037	0.2286326484445671	0.116073533897417	0.04671465849117632	0.029730262689420875	0.04858776658368612
0.03539183135934225	0.040222047602683136	0.1040011542601473	0.16720937422944315	0.20745489062143072	0.19032578405146544	0.10772589147330659	0.06008177883372194	0.034681533759200175	0.05290571380925933
0.04829522692550485	0.04531032551157819	0.07551538482644089	0.175304638041207	0.2953154785604785	0.1734333139995668	0.06894022192954956	0.04588431235185542	0.032094228498300306	0.039906869355518494
0.03610809180419332	0.04359750638349249	0.11551100668873313	0.1256296008860499	0.2433231663077589	0.21735183704107147	0.09406458483219773	0.05256572136352649	0.03240184183160695	0.039446642861369695
0.036705628187936226	0.0370156249448768	0.11326107888402848	0.20043906275146278	0.11442710294255642	0.25678566901331173	0.0727559321978722	0.05582552585225517	0.029746520819847133	0.08303785440585303
0.04477537830989383	0.03518936689142722	0.0788823051455931	0.19846580096974636	0.11291793955775081	0.21048316730722583	0.11189848056179279	0.04470161127574185	0.0386069807587152	0.124078969222113
0.03211084535280438	0.04051261996716556	0.09021129292491746	0.19457939654717052	0.14388135170294314	0.20469044265992958	0.1015734094082109	0.060798629221108735	0.030231425281757207	0.10141058693399249
0.036752463935940144	0.032483361100790045	0.09246277968724664	0.13978535340126902	0.20255734067215653	0.2260485143504224	0.11438910775045079	0.05205310077590973	0.036410120411663166	0.06705785791415153
0.043188875902936644	0.031430585112938406	0.10538491848980626	0.132466705089749	0.2840216204295018	0.1738681769863327	0.08169295039390939	0.04721175005602008	0.03457763602541704	0.06615678151338866
0.048708037090483644	0.03580713621059124	0.11807521671760404	0.14527705522996337	0.15333047125526275	0.22509520919589832	0.07951668097412558	0.06039685299480849	0.038844820155108095	0.09494852017615449
0.04590494502358697	0.04257047602251151	0.10722866674580231	0.13681832152261383	0.1377830515311435	0.25722782970951463	0.08980944274247504	0.06389928465880396	0.03432673183739063	0.08443125020615755
0.03553090120918238	0.04578053000038861	0.08698031468557602	0.1320262797502051	0.2746966363151843	0.2068427582546833	0.1074894211949432	0.048276825233072446	0.0419378357716537	0.020438497585110973
0.03491524643466741	0.03989698695590176	0.10085200000257967	0.15014741031415763	0.2923896508903434	0.17480133484878355	0.07215270060009059	0.06195846115402708	0.038684733363325764	0.0342014754361232
0.030714171498533685	0.048878725339835186	0.11095789053113614	0.14073216650695408	0.24611829944215347	0.14793894071017827	0.087456841969036	0.07550018754352808	0.041489191107708503	0.07021358535093655
0.039704895416919114	0.04094381608925356	0.10977666890395081	0.18519129055440733	0.04228149619630192	0.2538451270325192	0.08456009691480168	0.06093450630046596	0.03670866138958041	0.14605344120180003
0.04397248110726579	0.03256349373322122	0.10951949503526362	0.19539729417249874	0.13727827167724815	0.24938229489512898	0.08866841756551587	0.07728358678796673	0.032141980268375614	0.03379268475751533
0.0317887519468439	0.04853198148606011	0.07570938909041791	0.153965999941793	0.2059084914553801	0.151252174033908	0.1178131795360478	0.062297035077731	0.032900141107172806	0.11983285632464541
0.04386043912877443	0.04233105014292115	0.11834457336184064	0.18689487951238581	0.1783618051428476	0.16639382194547697	0.0945053206449271	0.06436197266662344	0.036716966327690045	0.06822917112651283
0.03244296089389702	0.04450625278857544	0.09901806021101606	0.20090485781296147	0.1276891642419659	0.16753744042085134	0.12170061380800194	0.06860248692423512	0.039053293332025465	0.09854486956647023
0.036113709195505786	0.047239348729283856	0.11333150327600536	0.20143581434580715	0.10200023496655539	0.2607349490808075	0.08391683622445652	0.06711385822425404	0.036993896347290556	0.05111984961003389
0.03164786915411878	0.04109901615651112	0.10334170784892042	0.16537182796918587	0.2353436549018757	0.16136984803822257	0.09418961930301378	0.05894317755315042	0.03877843726823717	0.06991484180676422
0.04713396059430837	0.034195072647328184	0.11731559368227903	0.1876986611325987	0.1716294038402219	0.1471293082270676	0.06869505645436319	0.05584023604309421	0.03950923346040443	0.1308534739183344
0.03648642721184571	0.03966473223926044	0.07426532808211321	0.1530499056539973	0.20315187929443151	0.18208384608196193	0.12142090672605603	0.045720862936784845	0.03236580952859573	0.1117903022449533
0.04548856370051042	0.032371509218518585	0.10701935597842667	0.12510714282154844	0.19011979853720973	0.22508580849406284	0.11088050394166592	0.06503289693482588	0.03221766878592568	0.06667675158730584
0.04191031284778803	0.04391759362058937	0.10487719612776487	0.12474464601883063	0.21124728165992984	0.14691358634426205	0.0987373992432803	0.05552790271022094	0.0354514317413363	0.13667264968599765
0.04035816996402776	0.03136022867588038	0.08944254221638533	0.1243050297339258	0.30599717033458235	0.15083097588594527	0.11225054009566333	0.07341114510068386	0.030528784345178722	0.041515413647727234
0.03241911688198648	0.03956509946401573	0.0749514976984401	0.20489883153579114	0.1261855269372451	0.24717881299884503	0.08792621362670945	0.04653343468101621	0.03635050024877494	0.10399096592717584
0.041965240585808965	0.04515162662328967	0.09545957933973655	0.20372000890860753	0.13322093464329374	0.2531634474456004	0.12126473818142502	0.042107052727155855	0.037035545188130486	0.02691182635695183
0.03704018391023832	0.03411801304400858	0.11865921635472318	0.15413771850062688	0.1756374844686632	0.2370425068526295	0.11687718245816006	0.058556194495903637	0.030162181679941474	0.037769318235105195
0.03425867661909125	0.048506741083836756	0.1073567320464766	0.1689459293166259	0.2168978435706641	0.18517757741103863	0.11177993043663134	0.04623012308487717	0.03258703694219793	0.048259409488560355
0.03534085557167965	0.03759253671835314	0.11232901883284649	0.152446257540246	0.22243811525439522	0.18106737865707914	0.09381392241096438	0.050520643562339776	0.03410636383828104	0.0803449076138152
0.03521235717967759	0.03263278765259896	0.0718350189292911	0.17837711216427815	0.30696982576852516	0.18364728491808474	0.0761363041675602	0.04407828872392616	0.03592027207930204	0.03519074841675589
0.03722510089160705	0.0378266736123724	0.08717337705564825	0.18004668386143124	0.19982723204181269	0.1662980028720826	0.11732081579273601	0.050617777952676225	0.03568352287685257	0.08798081304278105
0.047462795045356235	0.04784885801430674	0.08653221077556791	0.11762320997902312	0.14621137509111404	0.261657650284185	0.07401959039351119	0.07503448918777245	0.03835855412207509	0.10525126710708826
0.03830763146260529	0.04178578944475309	0.1180405780544184	0.1742138802986472	0.16769844721090243	0.19945555002262952	0.11831104556479088	0.05384530791686759	0.036017582878850124	0.052324187145535536
0.04096911102629684	0.03793422559503873	0.11449890250198595	0.1458738515397045	0.08778140977793183	0.2489752221614907	0.11595807653811396	0.04013034205259073	0.033921174161341355	0.1339576846455054
0.03515474664853642	0.027964139058748894	0.10852416864227873	0.16069865518731657	0.0951506066835932	0.23132546503734513	0.09391721950907957	0.06832715159517797	0.03670385568438379	0.1422339919535398
0.03711755719789439	0.048701347903120785	0.11052162665516732	0.18015199924246725	0.052569096312105025	0.2616643134539355	0.08669788142799818	0.06666045411953389	0.03793548566390367	0.11798023802387406
0.03264544372961632	0.041800502095401336	0.10237571929045515	0.16938337636650103	0.22812583314316992	0.20631152480760895	0.08640806033195528	0.04503646786221712	0.030456811275568638	0.057456261097506275
0.03575609490600416	0.03358652271781565	0.07735364520784874	0.1746429723479212	0.3017795206821147	0.16321437485969717	0.07686269767028545	0.0445527622721744	0.0370860481528425	0.05516536118329608
0.048676779303181615	0.03042954924331509	0.0820773531170211	0.13385005492569635	0.3034535982498931	0.1803228873684241	0.07396049246598982	0.06538441996932692	0.03833070019899809	0.04351416515815385
0.040161896960129624	0.03405943391466071	0.11630885514613018	0.1379978755418134	0.21211176218274458	0.21824981049507347	0.0918361886303439	0.06201720386772171	0.03423607815331493	0.053020895108067526
0.03731218532637025	0.028381647907275084	0.07490260740653513	0.17472469389342293	0.20794495627955434	0.19241808868217425	0.11741305602381297	0.05122246072623526	0.031420435950449396	0.08425986780417044
0.042121306713486795	0.0483141607062683	0.0871222476233087	0.19782247702279246	0.06861345566702906	0.2613858077089644	0.08799613168808479	0.07513179309558547	0.03632689278364841	0.09516572699083156
0.03171455228931032	0.027820428751704096	0.08064055639056525	0.1767573756042647	0.15823416119599046	0.25295546027863686	0.09560143904594046	0.07336180187653292	0.0338031001926741	0.06911112437438091
0.04834699966053525	0.028964116948325208	0.10453005263454661	0.14086177823076448	0.1613201229689021	0.23261385802792534	0.12218632604934287	0.07088460023064456	0.030596717416826458	0.059695427832187134
0.04679919050931143	0.03297470832359864	0.07677428139368105	0.16483626789999795	0.24692497969400506	0.20774662784964404	0.09144411900994036	0.0766465642275759	0.031151777215116486	0.024701483877129046
0.0419754298401158	0.046277610966309064	0.08316689827666954	0.14014413591205827	0.2063580941350143	0.17470055581421412	0.0898148947441565	0.06434532150341082	0.037436784757293784	0.11578027405075782
0.041033092524365	0.037581124249350534	0.08445713397407156	0.18603654934130032	0.07968965067761677	0.26181998496484654	0.08567447113536202	0.04753767202529746	0.031008191965457052	0.14516212914233276
0.03913536912587224	0.050680869065478494	0.07200097647896397	0.18914508821946194	0.13137913835426396	0.2373073555617916	0.11923877916163186	0.06594625132662119	0.03841543585721892	0.05675073684869579
0.03893310874505194	0.038050798900116034	0.09954192494545312	0.12517321363521255	0.2280840827960708	0.18796348905538812	0.08338637358204534	0.05978338912652641	0.03995466033611315	0.09912895887802252
0.030513499592099036	0.029578515742086184	0.09459665583403583	0.12959067961112822	0.29160687899874244	0.23162602225320078	0.06985821735803324	0.060244612354573894	0.03464530756734745	0.02773961068875301
0.03126719539907771	0.0444874534636629	0.09244639294497223	0.12135321768204663	0.20279362970893441	0.2233781430855706	0.11347008618838125	0.06210773981035535	0.039989970625564676	0.06870617109143425
0.042943435507753897	0.041411040269727174	0.08520957153842694	0.16798541198327777	0.08522506698711246	0.2526002029739522	0.12397119441252903	0.04728446544745112	0.03502755393185435	0.11834205694791514
0.03111609810922976	0.029473244012552316	0.08994767729641402	0.17292151002373957	0.10737520631394487	0.23993324389625043	0.10674365010720953	0.042308520987449645	0.03979306946610411	0.14038777978710582
0.037500209779662355	0.028859578778554495	0.10981795144472642	0.1716625011688068	0.19223871285417235	0.1761803735404892	0.09183777339880847	0.0492203288172999	0.0336372421337926	0.10904532808368733
0.034978974648605096	0.029836277240683412	0.10308886489563424	0.17379287737409635	0.10502474500440417	0.2596820184758824	0.08153134427855603	0.04165181775046295	0.0301569615881062	0.14025611874356925
0.045184054452671554	0.046617670189012396	0.11437217705219767	0.14666756901271175	0.15393453235085863	0.24359637030512266	0.06855270445512965	0.06610839591753007	0.029846274692704094	0.0851202515720615
0.04414359193066444	0.03587755845502559	0.09747863732933816	0.17577873074839429	0.11994799412197753	0.23336766383228025	0.09703366670921182	0.060027061720521094	0.03944664646383602	0.09689844868875086
0.039971990087046765	0.029040170086131717	0.1129414778666627	0.19545490353407127	0.1843443965147764	0.16000297395951069	0.08906105044132694	0.05887978164768026	0.03940818659116778	0.0908950692716255
0.031238259938370025	0.03923363089095635	0.08794296748733403	0.15696656537186007	0.1431511742176494	0.25678570201093087	0.07176589693684823	0.058516562063687855	0.0309569050904267	0.12344233599193648
0.03975612546456095	0.04925521258041192	0.09847174382999545	0.125794420228624	0.15451708450616536	0.2423529524738623	0.08037808548349246	0.067248223314192	0.029210026826148233	0.1130161252925473
0.036544657167405556	0.03986670411752995	0.11076795770792683	0.15872178037366477	0.23801080981683348	0.2298749070947811	0.07425233396406702	0.05578443106542595	0.03235788896925991	0.02381852972310547
