0.15710521920750742	0.4090294038425727	0.11009526212247552	0.07763671965787555	0.24613339516956867
0.1731289687965321	0.41100365546307416	0.11023729400944819	0.08230560951885554	0.22332447221208976
0.176978590105533	0.4101347145719719	0.11039681769491391	0.07914898382210424	0.22334089380547673
0.1675683079649104	0.41256221980373253	0.10881893367320063	0.08332720478349726	0.22772333377465895
0.1679347702057222	0.4099313537682265	0.10874713410876305	0.08414997292749397	0.2292367689897941
0.17910131927883788	0.4091696143314528	0.11120844929874288	0.07806406483672779	0.22245655225423844
0.17053028886357557	0.41299497131201846	0.1092246823391925	0.07990656537546015	0.2273434921097532
0.17322480012022387	0.40973323588357935	0.10875149537235763	0.07986774895468762	0.22842271966915134
0.15657166972965741	0.4106342721706773	0.11124723375696786	0.0825766388936527	0.23897018544904458
0.1658610319757261	0.4106460087565468	0.10838169137260073	0.08397024875430134	0.23114101914082485
0.14918226426936126	0.41251655239840557	0.11161543961730518	0.08371055389547445	0.24297518981945337
0.16488660611344386	0.40990314666426775	0.1108109342789985	0.08197481796374258	0.23242449497954715
0.16632533781774128	0.41084682692392027	0.10896498917166912	0.08425033165112386	0.2296125144355452
0.17727997057008166	0.41335905046345434	0.10880998707903922	0.07740131477827403	0.2231496771091505
0.1658390011341354	0.4132743269165482	0.10904458549999843	0.08366549593763943	0.22817659051167832
0.16592548623132533	0.4079126773105209	0.1110346045271957	0.08007649905632766	0.23505073287463019
0.1679438011781783	0.411290281265839	0.11140296641759209	0.07723657388552255	0.2321263772528679
0.17730182896893895	0.41068471209985735	0.11088829664350038	0.07728531583941209	0.22383984644829102
0.16528129348327994	0.41221194455995774	0.10962362720352094	0.078109183124962	0.23477395162827916
0.16693946953512884	0.4090688785864704	0.11137788652384296	0.07809795167039225	0.23451581368416535
0.16417529613507134	0.41102781412408174	0.10860033275594964	0.08339635210657377	0.23280020487832337
0.15155261024979347	0.4101023458875953	0.10986596388559479	0.0821032423339755	0.24637583764304072
0.1551733926642114	0.40990881076080105	0.11123773927828741	0.08355319608622509	0.24012686121047486
0.1490555131330778	0.41263809289602205	0.1113835721030087	0.08215409131606022	0.24476873055183113
0.1557868214274462	0.4113637032611182	0.11120968473033431	0.08383682335572192	0.2378029672253792
0.1599791624612744	0.4119978129745207	0.11102624868561786	0.07930471646447317	0.23769205941411367
0.15117502540229555	0.40932898556936426	0.10951414644203256	0.0846459511568396	0.2453358914294678
0.1537061530038126	0.41163511170317546	0.11019735557978322	0.07956259355871248	0.24489878615451605
0.16784465577210372	0.41130153784272505	0.10881012115902314	0.07670429622337557	0.2353393890027723
0.17369671896710742	0.40834814494684446	0.10975433672646914	0.08191892146101282	0.22628187789856596
0.1746802082991506	0.41279838689016757	0.10954328770835937	0.08116479875656962	0.22181331834575266
0.1683078093809811	0.41129525615948703	0.11039140403102683	0.08335164008508332	0.22665389034342154
0.17556228373953164	0.40897574751613563	0.10987649734400667	0.07705591877181009	0.2285295526285157
0.16942140045903187	0.41268265577482555	0.11104710091251722	0.07614301662507719	0.23070582622854802
0.1681386463543562	0.4093123541311582	0.10932865845367723	0.07719685720040005	0.23602348386040808
0.170240679600505	0.40810556473719156	0.11034262638688706	0.08293395579361248	0.22837717348180364
0.15462981036357715	0.41277515327370123	0.10986616179738778	0.08247877227214512	0.24025010229318855
0.1576820658996209	0.4111484522271749	0.11027832611346602	0.07890803059501686	0.2419831251647212
0.16290608010415153	0.41235785996077734	0.1108658391965212	0.08153724626916944	0.2323329744693803
0.1609237556657639	0.4099458308128451	0.11066442251360262	0.08095355736895508	0.23751243363883312
0.17125235692316754	0.4080995669583517	0.1096799938920167	0.08101201861747684	0.22995606360898702
0.17233441964003768	0.4094802769736624	0.10977993170011868	0.07659243472755947	0.23181293695862154
0.16439440041874748	0.4117589468190723	0.11159727778263442	0.08133967295509155	0.230909702024454
0.16539191493289465	0.4111253915526524	0.11008007477511428	0.07673689688181852	0.23666572185751994
0.16796381180586561	0.4130979815814088	0.11101418470243737	0.07656201927040275	0.2313620026398852
0.17240024484141697	0.41019690773656803	0.10891166582530534	0.07684808748515388	0.2316430941115556
0.1668851364287252	0.40839873423592493	0.10873840022203578	0.07757839713825353	0.2383993319750603
0.16976392337731439	0.40814838223571004	0.10942979193236567	0.08286892410522864	0.22978897834938108
0.16257715880044388	0.4116747946819036	0.11132747376212629	0.08280238553440877	0.23161818722111724
0.17507555729703767	0.4124775201627974	0.10942457176940135	0.08011717046271281	0.22290518030805062
0.1710216588072917	0.4116267636164342	0.11103091018833738	0.082878299748348	0.2234423676395885
0.1639950156280554	0.41224344479374636	0.11104697753694041	0.08355085599623635	0.22916370604502123
0.15271694680574469	0.4079008014445953	0.11079179110237491	0.08241387523156038	0.24617658541572454
0.17480475787723113	0.4090438468365051	0.11052122318598005	0.07722152035403852	0.22840865174624503
0.17538274184268635	0.4128120352128952	0.1095666893659183	0.07983077592794206	0.22240775765055784
0.16885359242300063	0.4125136369177293	0.1097904124844869	0.07932104569788496	0.22952131247689803
0.16223118783954127	0.4092727806560572	0.11122404729290197	0.08343373203278533	0.233838252178714
0.1691143879644083	0.4118461191801051	0.11172314475523776	0.0835188051425198	0.22379754295772883
0.16408920480683126	0.4102360932334064	0.10947523381341583	0.08028198895608842	0.2359174791902579
0.16826806479167228	0.4080879996364742	0.10875831497418142	0.08329503852379344	0.23159058207387848
0.16815918113015593	0.41198051275890446	0.10947173456222416	0.0769856781450465	0.23340289340366877
0.17321886468942213	0.4118903833825135	0.1111192647288505	0.07881350584679654	0.22495798135241715
0.1623263220638743	0.4129851842575176	0.11079876403740227	0.07995031421808449	0.23393941542312113
0.1677874602156794	0.41245295344555427	0.11035161266198874	0.08216754899708861	0.2272404246796888
0.15863073843553588	0.4132477546140503	0.10953233321038443	0.0790580251184162	0.23953114862161307
0.15336488894890715	0.41159308533533867	0.11117444094992568	0.08335905623122933	0.24050852853459898
0.15606873033769111	0.41168056669370234	0.10995878130948232	0.08427188524781999	0.23802003641130406
0.17170794290641425	0.41293486969433546	0.10917069777887821	0.07888751216010233	0.22729897746026956
0.17582940589741824	0.4118342604822384	0.1097559699480231	0.08062130220059902	0.22195906147172104
0.16693607481269057	0.40810446849243365	0.10855639853549938	0.08320233335647911	0.23320072480289705
0.16386286306110537	0.41129894564887604	0.1096297493287771	0.07766869419502741	0.23753974776621395
0.15429449751815077	0.4114732279186851	0.11027719362704658	0.08057234972556837	0.24338273121054893
0.17299096953149637	0.4129955832154398	0.10896971712652903	0.07885936551807401	0.2261843646084606
0.17938166410114975	0.4080709580051235	0.10845292922060484	0.08170267937055949	0.22239176930256227
0.17777334130230388	0.40941373396525343	0.10911015149149596	0.07899236170619692	0.22471041153474963
0.17514565902674528	0.41013462531381417	0.10917096647770577	0.08111573211989384	0.22443301706184077
0.17742497467405452	0.40821021344550945	0.11053440622918251	0.08003555450098952	0.2237948511502638
0.16272535713967748	0.40857735850523785	0.10993188263086237	0.08419548052385255	0.2345699212003695
0.15877791628149396	0.41086530733314897	0.11000185381881354	0.08313937939834773	0.23721554316819568
0.16928071253858443	0.40798304421700715	0.10877724699658621	0.08181556062992744	0.2321434356178946
0.1745927995048309	0.40913338981330116	0.11012374902364609	0.08087953585014948	0.2252705258080721
0.16248140958891785	0.4100826923536932	0.11085301743407809	0.07792887792933474	0.2386540026939759
0.15609216039973833	0.4132247365324134	0.1105204518575288	0.07852458076770734	0.24163807044261199
0.15625064420444862	0.4121611634602765	0.11025593905310087	0.08265552767337916	0.23867672560879466
0.15834378049377398	0.4083578956010291	0.10994188832388316	0.0774540803702515	0.2459023552110621
0.16709856183051106	0.41013145152100694	0.1110865502262018	0.084749971176697	0.226933465245583
0.16827375746984496	0.40803484895400965	0.11059597812366878	0.07765430845849733	0.23544110699397902
0.16145005419075276	0.40990615706004063	0.11089455009251496	0.07712032257213686	0.24062891608455458
0.1573914897892002	0.41150210882518823	0.1106686919625405	0.07868730909117559	0.2417504003318952
0.15881179785988145	0.4127096595020169	0.11029130206323386	0.07660306191231475	0.24158417866255288
0.166133885384383	0.4103695226362182	0.10916148406673416	0.08100409860345634	0.23333100930920805
0.15499069811850938	0.41002337422548846	0.10974585042184204	0.078671353943335	0.2465687232908249
0.16176378537269093	0.41095025428158627	0.10883030021035624	0.07764437329481531	0.24081128684055103
0.17145988607449877	0.4131314722167001	0.10861855730105811	0.0846363783765279	0.22215370603121493
0.178132251163519	0.40784634682137066	0.11104722065661177	0.07971069706570942	0.22326348429278897
0.17808372536324993	0.4081490240882877	0.10946368882382629	0.07758279864551712	0.22672076307911876
0.18059311321594965	0.40982184845564673	0.1088700843966103	0.07852919337813255	0.22218576055366054
0.17078130570988267	0.4132837225709445	0.10890607382548316	0.08440912184618295	0.22261977604750652
0.16812265808376786	0.4099793248426889	0.11126009033895555	0.07912500622055782	0.23151292051402966
0.17214153427859247	0.409663213678231	0.11161379459685236	0.08214491329916783	0.2244365441471562
0.1635641560137565	0.40797381502272356	0.10918723520556466	0.08220894418173977	0.2370658495762153
0.154704856268992	0.41162113675631656	0.1085818880562096	0.08348796796496347	0.24160415095351823
0.15930532835128602	0.4129301421198168	0.10990060258857881	0.08114511108743408	0.23671881585288407
0.15908048385394424	0.412873922611558	0.10848287494126284	0.07872461257408425	0.2408381060191505
0.15329818914574794	0.4124497635574291	0.10988951803810318	0.07725163423408779	0.2471108950246318
0.1580304337613607	0.41091574076420934	0.10984698475574556	0.08400751495631184	0.23719932576237246
0.17582405407132665	0.4098642735988481	0.10838020268012319	0.0810688822568755	0.22486258739282636
0.1717334952025333	0.40991090517481543	0.1092924654596991	0.07916962012472692	0.22989351403822506
0.16920261701844228	0.4118369308140354	0.11035223669882469	0.0792776929751666	0.22933052249353086
0.16691702820995247	0.4113858433241913	0.1100454660892007	0.08070427687586285	0.23094738550079247
0.16162391063431059	0.4124479803000315	0.1112533483141452	0.08133843517717075	0.2333363255743418
0.16578809095557967	0.4113142290951989	0.10936948327912674	0.08008089279082065	0.23344730387927382
0.1719825503661471	0.40967794549322833	0.10848632265717054	0.08434205827835983	0.225511123205094
0.17746232458402933	0.41089750592678825	0.10911158778388655	0.080578323546294	0.22195025815900166
0.16038067596836741	0.4122018689216195	0.11145519306809032	0.07962199054835709	0.23634027149356546
0.17711632757027615	0.4099621653888433	0.10939747049000172	0.07972285519132709	0.22380118135955154
0.16010934976223085	0.4117940681397003	0.110262046678428	0.08358652413482884	0.23424801128481182
0.15604364529118264	0.41084092666015026	0.10920979654181272	0.07681316585617992	0.24709246565067428
0.16512142102210986	0.4124426253813267	0.10912771230049328	0.08419563231396589	0.2291126089821041
0.15452492195850717	0.408724827394001	0.11086969589143154	0.07888307625262084	0.24699747850343923
0.15478062332087072	0.41167252694495665	0.11129324009585552	0.08395379977948961	0.23829980985882732
0.15193637491006473	0.4129827977749818	0.11067994200785362	0.08344300519595908	0.24095788011114055
0.1671067695354117	0.41037734261232406	0.10896063800361694	0.08028982189909391	0.23326542794955316
0.16180381856905696	0.40824399990897964	0.10976577003277432	0.0814643637609258	0.23872204772826303
0.15301935194562988	0.4082073896446249	0.10975344558203502	0.08409695743684412	0.24492285539086586
0.157446709998276	0.4111537218176715	0.10941110637134847	0.0777623908768452	0.2442260709358586
0.15070515822264777	0.41251337459060067	0.11064476514053058	0.08313242799456995	0.24300427405165087
0.16365753513184247	0.41314685086250863	0.11040759839840221	0.08327476765699432	0.22951324795025219
0.1547414095108443	0.41306453462530246	0.10986169337208089	0.07874842663852662	0.24358393585324556
0.15445695598149503	0.40901959153650125	0.10860401897116127	0.08210988221757676	0.2458095512932655
0.16630749669722084	0.41120118056663263	0.1093296492829331	0.08422138958759415	0.2289402838656191
0.15971349377548477	0.4119421722327079	0.10918244536534094	0.07607271658787829	0.2430891720385879
0.1604206671036463	0.40886475528052957	0.10897409032014219	0.07808621484225212	0.2436542724534297
0.1492323521893125	0.4084054112476996	0.11148044765344355	0.0836815334783245	0.2472002554312197
0.1569534160630474	0.4125195860422527	0.11035886528774524	0.07652020428270388	0.24364792832425058
0.1581508650782404	0.4095073098707772	0.10851955083581602	0.07972536672075609	0.2440969074944101
0.159739873467789	0.4126173015661212	0.11124404770323383	0.08317661295076507	0.2332221643120907
0.16745164835263832	0.40802792101595664	0.11113428324200157	0.07886768774251632	0.234518459646887
0.15041975547886544	0.4115530410475598	0.10902732221421091	0.08389067935577062	0.24510920190359303
0.15399092090017416	0.4107963613642409	0.11119301515301408	0.07910164991831056	0.24491805266426012
0.15758369168199665	0.41099690984987575	0.10911066051909143	0.07919921324675139	0.24310952470228459
0.17198892021964587	0.413305591091404	0.11143458739055716	0.08146102503641252	0.22180987626198023
0.17210903415975135	0.41209003259475635	0.10962008139816216	0.0812054247438278	0.2249754271035021
0.1661209042953619	0.4106725523449918	0.11108393013957787	0.08238638519441377	0.22973622802565444
0.1535500607734995	0.4109438802117271	0.11057034458757611	0.08384847574262612	0.24108723868457096
0.15705547079161364	0.41135679100586825	0.10901626756261405	0.080435783573864	0.2421356870660399
0.17550424566711792	0.41009490793113323	0.10885091791751866	0.08298845214907258	0.22256147633515744
0.15150794170032433	0.4130062816843155	0.11058359858596772	0.07961211172376922	0.24529006630562306
0.15523902276627127	0.4117485920358558	0.10944152953898781	0.08107610639114969	0.24249474926773523
0.15059051185089609	0.41326130489608526	0.10876121468747918	0.08157953992011151	0.24580742864542782
0.16571498212926816	0.40806580001385884	0.10882883018306014	0.0839117023989018	0.2334786852749109
0.16947630802464772	0.40791165716204786	0.10977328263107515	0.08112679892779129	0.23171195325443783
0.16470462873903585	0.4109559878246761	0.11083459495681826	0.07749342191079696	0.2360113665686726
0.16924505267669543	0.40945937092637436	0.10919366952278117	0.08002819290251427	0.23207371397163457
0.16088112082883826	0.41267945059616234	0.10950077335738813	0.08468069410340849	0.2322579611142025
0.15016632113325906	0.409563241343867	0.1110023008506521	0.0825481544069774	0.24671998226524422
0.1581805244095239	0.4089559099276614	0.11145827887277031	0.07597804020105862	0.24542724658898557
0.16340532069367505	0.41042433432217423	0.10933021879299407	0.07799701450612101	0.23884311168503541
0.16254965247201128	0.412843338573996	0.10859372711784057	0.07621315485081222	0.2398001269853397
0.15024849342673788	0.41294112746278755	0.1093000397272683	0.08193241548450948	0.2455779238986966
0.16229276758124056	0.40924928791751847	0.11112390894830254	0.08090389684423938	0.23643013870869878
0.15453254937358174	0.40968130482406695	0.11156602241804509	0.07966944216340328	0.2445506812209028
0.17513584179458525	0.40976554377230334	0.11076028517995894	0.08096549406773952	0.22337283518541273
0.1667772825547736	0.4128804525402556	0.11011100935281178	0.07960408082942493	0.23062717472273386
0.17173923035015815	0.4086702770549585	0.10859897142987222	0.07602952208030593	0.23496199908470497
0.154107347071437	0.4125055037115177	0.10908778752416314	0.07922612883024688	0.2450732328626351
0.15680820338696005	0.41331392204363415	0.11107763339525549	0.0763573703600485	0.24244287081410162
0.15277152911657044	0.41214618451781426	0.11050295933979808	0.07772937450499197	0.24684995252082506
0.17685028618303897	0.4091714990369708	0.11065777494265797	0.07836553034814517	0.2249549094891869
0.16587143326277437	0.4088783142938044	0.11027896360800565	0.08328491673815291	0.2316863720972624
0.175074908245807	0.40852151138644843	0.10943936376069502	0.08416887939247399	0.22279533721457537
0.17244791196908224	0.4100847510706428	0.11086441655656007	0.07691102384624192	0.22969189655747274
0.1674143232544674	0.4113576087443921	0.10842742069724448	0.07770457445426224	0.23509607284963357
0.17961547567103314	0.4077973527690253	0.10844221164128762	0.07655713858568901	0.22758782133296473
0.16994558584376748	0.41047860474316	0.11159047619399573	0.08237652504495861	0.22560880817411802
0.17775557762510866	0.40786945932193885	0.10841311515225502	0.08255619903532964	0.22340564886536762
0.1615524607197193	0.41052630565151155	0.10900071912619866	0.08274595239530176	0.2361745621072686
0.15677042537784053	0.40778583538411045	0.10844215869460236	0.08049239073866818	0.2465091898047783
0.15339413823968112	0.41246111037472466	0.10886872242509198	0.08273871945540844	0.24253730950509364
0.15839203964096663	0.41314353447511154	0.11084171970493649	0.07905962678757088	0.2385630793914143
0.1585490013251729	0.40943333411238647	0.10882943453500354	0.08333468740864364	0.23985354261879324
0.17007581014945836	0.40980666034556407	0.10893539061367698	0.08046594769954606	0.23071619119175432
0.16794007894562524	0.41036383166287943	0.10869338860402387	0.08427266987024662	0.22873003091722469
0.15880557458429684	0.41017711624495173	0.10940250141292157	0.07974535556615409	0.24186945219167555
0.16151854131822196	0.41113631502045156	0.11095379357766585	0.076235233790349	0.24015611629331146
0.15672366678712524	0.40864236689530586	0.10915614923215604	0.07867224563462707	0.24680557145078558
0.1748069881838652	0.4082290725772193	0.10858474845880718	0.08214527536736299	0.22623391541274523
0.17684166055713227	0.4091113711679464	0.11076580476601547	0.08126188518561259	0.22201927832329307
0.16896269446573337	0.4089848747429583	0.10971952191497705	0.08122276080533221	0.23111014807099883
0.17243595618918667	0.41076397443428647	0.10981665186509883	0.07931163223731708	0.22767178527411075
0.1766953409636537	0.4088988227211928	0.10929097623525533	0.0794332958834498	0.22568156419644814
0.1711565905050353	0.4097422104035238	0.11054574723204819	0.08479948950241857	0.22375596235697395
0.175348169105074	0.4080066545055332	0.11111699389430027	0.07974808068304111	0.22578010181205121
0.1626807679224625	0.41111862063407417	0.11113169897807239	0.08335005446334658	0.23171885800204417
0.16405090744112755	0.4102426869550775	0.10938846413593348	0.08235651317620565	0.23396142829165567
0.17636728847229244	0.4095967554657991	0.11024722860959972	0.0787488653862549	0.22503986206605364
0.1743002620007619	0.4097055289794438	0.11089120489503525	0.08272342226626844	0.22237958185849038
0.16804962009379215	0.4096340265155901	0.10847590829200283	0.0802497878879581	0.23359065721065655
0.17108660329336794	0.4098289554257156	0.10908547791220569	0.07718578923756123	0.23281317413114935
0.16264331249506167	0.4127829392121137	0.11117316556102146	0.08205822186410283	0.23134236086770016
0.15600252758345307	0.4107216757356791	0.10889927878036579	0.08208996978707961	0.24228654811342226
0.15757912181905723	0.40854999802054126	0.10847357142638976	0.08216921251014622	0.24322809622386532
0.1634001735023739	0.4133210226912112	0.11141880235191451	0.07609155578374051	0.23576844567075975
0.1769956246245329	0.40861715845217894	0.11048120769833719	0.07818352055978514	0.2257224886651656
0.17460830119767826	0.4087687681712705	0.1113994735819805	0.08091692864475675	0.2243065284043138
0.1652174536071621	0.41263219454377076	0.11088140809174693	0.08224672308569296	0.22902222067162703
0.14823995970560083	0.4095915833781639	0.11149925310021674	0.08326167915914923	0.2474075246568691
0.1621017645183892	0.40813730376026686	0.11173983982721725	0.07994642999090015	0.23807466190322635
0.15950120668633766	0.41258547026125225	0.11023892946020179	0.08162790309080924	0.23604649050139892
0.16882943084489907	0.41164899043434067	0.11122801464098571	0.07783790206677843	0.23045566201299594
0.15993150334102654	0.4096660945688064	0.11153141619270837	0.08047481613875018	0.2383961697587083
0.17685324256112944	0.4100954366112252	0.10899608822667398	0.07619210801617775	0.2278631245847934
0.16442161713940165	0.41206875333374043	0.1112281695260993	0.07977497127151523	0.23250648872924318
0.1736964425250371	0.40813389552821755	0.11058396114122616	0.0794395850387944	0.22814611576672456
0.16297019120945483	0.4122242718015544	0.10861167787567612	0.08058719918563309	0.2356066599276814
0.17156009495498165	0.4119702783312812	0.11026923236695339	0.08160332302828645	0.2245970713184971
0.16003903295495647	0.41184291614065094	0.11035352774374914	0.08079941656421681	0.2369651065964265
0.15388840668417778	0.41258648720317126	0.11140507215054965	0.08351012252351366	0.23860991143858745
0.17378723530738238	0.40838186095170537	0.1103915347484999	0.08333611552699599	0.22410325346541612
0.1680790041092201	0.4082913270092068	0.11156111571213176	0.08447799425362311	0.22759055891581806
0.17175770467672477	0.40832513004905824	0.10954358283095754	0.08041733490481061	0.22995624753844862
0.17262133298929005	0.4097813488568859	0.10941614586163419	0.0782565979183766	0.2299245743738131
0.16596919931569382	0.41116867610927377	0.10858467762989377	0.08301158258916841	0.2312658643559701
0.16579662335035725	0.41048648535216264	0.1108911834828546	0.07764948230324664	0.23517622551137868
0.17040001076904146	0.4096849111610935	0.1099071060620373	0.08116826451400651	0.228839707493821
0.16611770823347505	0.4109015216653469	0.10876890371814836	0.08097564825821946	0.2332362181248101
0.1578093107299131	0.41154048726859493	0.10948261704329912	0.08026872961838129	0.24089885533981142
0.15644467018859007	0.4096566404425095	0.11068240277610213	0.0817491106554904	0.2414671759373077
0.16941224962899312	0.41195045349917186	0.10950953885762182	0.07687025101666438	0.2322575069975486
0.16819879816819186	0.41208142223538535	0.11052016383541467	0.07811822478756278	0.2310813909734451
0.17349546215464554	0.411823755446186	0.11119753689650941	0.07709759406720597	0.22638565143545286
0.18235706935256174	0.408267521028184	0.10926109501972946	0.07744508936486065	0.22266922523466395
0.17967349867580584	0.4095224610464119	0.11005137126025175	0.07690925231954568	0.22384341669798466
0.15641514040253846	0.410821334293749	0.10898687380671875	0.08430931944464108	0.23946733205235252
0.15854402744484342	0.4128420560824754	0.10906553943561663	0.08327643326713667	0.23627194376992772
0.15758911632800499	0.4103131636489269	0.11009655288191371	0.0779278734389484	0.24407329370220582
0.15263756635895895	0.408588016496147	0.10944126446646585	0.08355757563035926	0.24577557704806874
0.16283980249003388	0.41302901084604837	0.1093906875614943	0.08154154414886296	0.2331989549535603
0.16070283521043408	0.4119976985715858	0.11043739139855731	0.08002127323645916	0.23684080158296342
0.17682524112129072	0.4126084686573654	0.10904512689415954	0.07703093589061288	0.22449022743657127
0.16762894741317763	0.4087923603832089	0.11037811989328057	0.0808069278488345	0.23239364446149818
0.17192874339450911	0.410601487089989	0.11048237112008391	0.0805563677342308	0.226431030661187
0.15813467228851652	0.4131610476291776	0.11140751353817133	0.07748022158333948	0.23981654496079485
0.15684618322559774	0.4094856344327833	0.11139728141166519	0.08140953664197978	0.24086136428797386
0.16816798894094187	0.41151555869623524	0.10945786060838296	0.08260197359114756	0.22825661816329218
0.15816642018448251	0.41305094556035515	0.10954348508011333	0.08210620081850287	0.23713294835654591
0.15368839995540318	0.40778761507766226	0.11016292448756605	0.08366478920176583	0.24469627127760246
0.16874000682063858	0.4133784630181711	0.11145367666629123	0.08337244556729048	0.22305540792760836
0.1725763264263071	0.4118704674278268	0.10925378477521525	0.08379236879105983	0.22250705257959083
0.15310551719108012	0.4127207469368864	0.11093580575019096	0.07845585128976061	0.24478207883208172
0.15514525227868523	0.4117898158187199	0.11049158046374426	0.08144848946775887	0.24112486197109162
0.1607916867796073	0.4116930072604475	0.11014607659339244	0.08117692935374454	0.236192300012808
0.16766792357227328	0.41091968740304763	0.10843416810772687	0.08131511718299084	0.2316631037339612
0.1692230424803333	0.409899935418467	0.11069205599658886	0.07687269678722905	0.2333122693173816
0.15927984727105643	0.4093446432271738	0.1106258426359073	0.0791293327195451	0.2416203341463172
0.1779321653671631	0.4088780152893493	0.10931554982815991	0.08214878686585916	0.22172548264946834
0.16308048477618764	0.4088967573360497	0.10959268656699116	0.0848236275568735	0.2336064437638978
0.16257570979945485	0.40856144789468457	0.10932807098068519	0.08289348223815547	0.23664128908701976
0.1529991480056149	0.41133395997779165	0.11061779361031294	0.08378749776309924	0.2412616006431811
0.16761729665505876	0.4128822639921309	0.11012547221239122	0.08197252281343834	0.22740244432698056
0.18053518214393818	0.4089601127572886	0.10927435607140477	0.07918544034514159	0.22204490868222665
0.16885854195396982	0.4082399161998158	0.10869897619774371	0.0770262973169717	0.23717626833149877
0.1755806166728187	0.410556071874666	0.11054645524526921	0.07622161079123907	0.22709524541600687
0.1708324517872817	0.40883654917798806	0.10982916442952952	0.0829171551798617	0.22758467942533883
0.15873337648686506	0.41087578958675586	0.1116344693342072	0.07822741999532157	0.2405289445968501
0.1634997001978436	0.40998369464530154	0.11148163237848271	0.08097212682139426	0.23406284595697768
0.1668411491035814	0.4080759439091567	0.11101315019555223	0.07650584893116556	0.2375639078605439
0.15301573853986883	0.41276257413980644	0.11107262272093714	0.07962213508883335	0.24352692951055405
0.16666279956428853	0.4120191057647504	0.10976800019376858	0.08034267260097619	0.23120742187621607
0.16003659751007387	0.41154080963645956	0.11041900618402799	0.08480023652832798	0.23320335014111043
0.163626167466277	0.4118389007839656	0.11057976270587794	0.07920586945247617	0.2347492995914031
0.1631222112004882	0.40794468975393916	0.11047875672887085	0.08411089271620815	0.23434344960049344
0.16385379582884754	0.4105525165462561	0.11014131965287334	0.0760129210270046	0.23943944694501823
0.15707121417781475	0.4088306276598739	0.10995450401939257	0.08150080380350377	0.2426428503394148
0.15813903960399256	0.41012930309232176	0.11041221602113956	0.08407096658953908	0.23724847469300686
0.1593063787144811	0.4110006647751891	0.1111249192616136	0.07835096890975331	0.2402170683389627
0.16223245204657605	0.40926741885309814	0.11120384897869942	0.07687597442581914	0.24042030569580713
0.17090645531234658	0.4088541506547001	0.10920742203429405	0.08107520414997481	0.22995676784868424
0.15967322919265392	0.4094256802307632	0.11085595049987111	0.07821325211604885	0.2418318879606627
0.15728932074786534	0.4122709134759507	0.10982245569726361	0.07927943224749169	0.2413378778314285
0.15107386391126149	0.4116823789543666	0.11160995178509756	0.07954408391448742	0.24608972143478675
0.1673171461136027	0.40803242510117577	0.11170364111864904	0.07916129842199467	0.23378548924457765
0.15768805131265598	0.41092266759023827	0.1094759348987293	0.08108251977328362	0.24083082642509263
0.1655467563171252	0.40991205727143676	0.11082933238756158	0.07990749099956242	0.2338043630243139
0.169904572398189	0.40917590103191703	0.10948976122090606	0.07968086825210656	0.2317488970968811
0.15982602700143272	0.41202821314414717	0.10863246715545329	0.08369604952574668	0.23581724317321995
0.17015354264951846	0.4082726115713141	0.11074201408743344	0.07866335991337547	0.23216847177835837
0.16372525742619556	0.40821970766112914	0.10843192008358192	0.07866287946089094	0.2409602353682022
0.15049436809599576	0.41083731916711097	0.11173487339512211	0.08376455369435115	0.2431688856474198
0.16042732893575867	0.40906585849278954	0.11124332293005684	0.08352862817136687	0.2357348614700279
0.16543996845889233	0.413026610923541	0.11072664499774962	0.08446279972895565	0.2263439758908612
0.17570202664992926	0.4095552011733728	0.1109946805041335	0.0765343091267428	0.22721378254582145
0.1614493466988221	0.40971043248612016	0.10945875861624102	0.07921374735479965	0.2401677148440169
0.17484736077314092	0.41007913944150187	0.11122133404025628	0.08107930668312305	0.2227728590619777
0.17417298803767134	0.41080619780307237	0.11169686522187354	0.08091240906741541	0.22241153986996715
0.17250932527492788	0.4109659202256123	0.10954566304851797	0.07830594674547375	0.2286731447054679
0.17176101559821538	0.41045414474766984	0.11114933039240642	0.08239374031567151	0.22424176894603667
0.16520854001818963	0.4090507491750527	0.11168816272657203	0.07800510513550697	0.23604744294467855
0.15717510479027874	0.4085689940126973	0.1099311487058694	0.07770276710149614	0.24662198538965818
0.16625564575418283	0.41277779841013995	0.10932084510895124	0.07702534355744739	0.23462036716927837
0.17488967436515274	0.410660022986196	0.10893264619371544	0.076215707724312	0.22930194873062357
0.16234011576529644	0.4091222054418739	0.11092208340525772	0.0806149989782817	0.23700059640929005
0.15583262836189016	0.40847584127324177	0.11070511776401641	0.08267640544947015	0.2423100071513813
0.15144933484888135	0.41201740289250377	0.11066594588259662	0.08179247089399724	0.2440748454820208
0.16321539288939768	0.4122584421608513	0.10979692172943634	0.07917611733591148	0.23555312588440303
0.15898493833960337	0.410800251447599	0.10857592605286895	0.08462413521824987	0.23701474894167862
0.16431305379992844	0.4079824626407681	0.11127516404433607	0.07796250377967111	0.23846681573529616
0.15716295429903052	0.41008943351705374	0.11149726069614835	0.08411285319357717	0.23713749829419004
0.17213266375830596	0.40951820835170794	0.11003933055067354	0.08060764768521643	0.22770214965409588
0.16649404572748366	0.4130605124417551	0.11107972808810332	0.08366995748355378	0.22569575625910387
0.17456489177728526	0.4097402673433863	0.11132712837669154	0.08257325659152799	0.22179445591110866
0.15544663252735658	0.4104918048442523	0.10993033735280397	0.07722918570962013	0.24690203956596682
0.1515569427705789	0.409885420905546	0.11059689111744062	0.08229793549850047	0.24566280970793383
0.17623537390042157	0.4107157990566531	0.10932939770557827	0.07967443502177889	0.22404499431556796
0.18054185505836784	0.4081017890798969	0.1114711430962202	0.07612577449375334	0.2237594382717615
0.17370382232983744	0.41119234572304264	0.10916545748266507	0.07991334962728391	0.22602502483717074
0.16240265929560802	0.4130288092808536	0.11029187058194502	0.08103071919195072	0.23324594164964238
0.16209259519277458	0.40922069716952125	0.11000370359374616	0.0824237999456917	0.23625920409826606
0.1540843678808175	0.4086103890196795	0.1094495049201012	0.08171033624628682	0.24614540193311474
0.16815045495890046	0.41015922609262095	0.10901352264897486	0.08045875069790406	0.23221804560159945
0.17806115172563908	0.4107141638371127	0.11013611420828305	0.07875821089434255	0.22233035933462245
0.16157667706700635	0.41112722785732336	0.11081110609239327	0.0772716742793967	0.23921331470388013
0.16408853251586109	0.40836956413545206	0.11149335039684771	0.0764301973995127	0.23961835555232625
0.1703959574449041	0.41008049715226147	0.10946262885167074	0.0790867044391633	0.2309742121120002
0.18301546505558988	0.4093160272015987	0.10884471611747998	0.07619253608635541	0.22263125553897584
0.1706625917232995	0.4119252048635599	0.11165359374170869	0.08331820291773084	0.22244040675370086
0.16700321150744263	0.4087966846182107	0.10954415425492028	0.07776935768658588	0.23688659193284023
0.17968853905583937	0.40848054247413895	0.10859054267139515	0.07919694928827083	0.22404342651035553
0.17275743021808582	0.4096116350088982	0.10936761424795649	0.08293457342740648	0.22532874709765283
0.16586091250244892	0.41333007652637216	0.10837537735808768	0.08176840230781277	0.23066523130527827
0.18005895420134704	0.4084847994202717	0.11006447275292248	0.07599833091361	0.22539344271184855
0.15277692763240988	0.41013648531235086	0.11066669173350144	0.08360297743842243	0.2428169178833152
0.15924235744844625	0.41284982932315584	0.11114060364625669	0.07938661266722821	0.23738059691491284
0.15087737313986654	0.41281326017341524	0.10867034946897379	0.08398871269897795	0.2436503045187663
0.17931162987044302	0.40990317024691164	0.11159516075228909	0.0769217775034606	0.22226826162689545
0.1697858025496181	0.4091734054478129	0.11022540364130592	0.07910587231942756	0.23170951604183535
0.15812641857390644	0.40831769660623224	0.11018757897515921	0.07782958182451429	0.24553872402018762
0.1562880064410455	0.4097077627465185	0.10883941898759981	0.0841147662038466	0.24105004562098936
0.15787756884352389	0.4112069864777569	0.11058460807455421	0.0823821269522385	0.23794870965192624
0.1609687109662431	0.40959001266805695	0.11138169106087316	0.08176649166732163	0.236293093637505
0.16085977925070416	0.41106818122723304	0.11098876093021601	0.0836967280230777	0.2333865505687689
0.18083810179492119	0.41079582332266706	0.10861965189164101	0.07800141646285892	0.22174500652791163
0.15807855595988252	0.4123239678901559	0.10868759687099866	0.0763233425760461	0.24458653670291658
0.14948443022906227	0.4101958548596937	0.10893299779811678	0.08452660666791363	0.2468601104452135
0.16816654441793571	0.40939725967528895	0.11109008095542566	0.08009598048375455	0.23125013446759493
0.15714440735315513	0.40786115810578666	0.11168009742229512	0.0777829473526453	0.24553138976611755
0.16877447007748603	0.4127905587972902	0.10909290331864367	0.07684140520767095	0.2325006625989089
0.15635768065740574	0.41203495384228084	0.10972826342019275	0.0762840487408765	0.24559505333924397
0.1576327605469222	0.4084720812358795	0.11118804890772353	0.07999548328334165	0.2427116260261329
0.17156816332700273	0.40898089657327397	0.10990455659202647	0.07613183207838223	0.2334145514293144
0.15878450273038047	0.41001916405271427	0.10872068510872998	0.08147477075686745	0.24100087735130765
0.1598658311298441	0.4103401780486052	0.11113809295518061	0.0803214315458933	0.23833446632047667
0.1624620620706233	0.4120129268857133	0.10876118360195865	0.07785088698630357	0.238912940455401
0.17071697118942813	0.4114160981900545	0.10922206440187421	0.07885038197723035	0.2297944842414126
0.16473596756986275	0.40962937592305554	0.1098296097426213	0.07682890800980832	0.2389761387546519
0.16361731408288782	0.40943796354257744	0.11088609296378561	0.08191445148844893	0.23414417792229997
0.17137659816061568	0.41301138039966706	0.1089305754960973	0.08405576324257562	0.22262568270104413
0.15669938024961888	0.41068438282755276	0.10941825544397497	0.0801572048081274	0.2430407766707258
0.16200662313804087	0.4130688302315013	0.10983039681832192	0.07900946354801312	0.2360846862641226
0.16855888358040194	0.41336235855495274	0.10902697835550555	0.07710999181552798	0.2319417876936116
0.17081708683478292	0.40920309980010566	0.10950885627005554	0.08136240723531717	0.22910854985973855
0.17097623031763	0.40787055220394564	0.1097529968932663	0.07750227643775867	0.23389794414739923
0.15802514510202653	0.4126983445216894	0.11023745621898916	0.08109717270595085	0.23794188145134387
0.1489552411829001	0.40912986575582955	0.11025257633445312	0.08474644859538027	0.24691586813143673
0.1617933392588904	0.4131397311287538	0.11157167400409095	0.08198054428321518	0.23151471132504947
0.16498832880814684	0.4132629082502383	0.11035297939686783	0.07989138462081852	0.2315043989239283
0.17396488426251241	0.4108555177176275	0.10853315306555034	0.07959725580228083	0.22704918915202865
0.1781817442698679	0.4077826393470164	0.10879816456743878	0.08180597339145139	0.22343147842422534
0.15518903717284255	0.4129229141803875	0.10996400566772106	0.07872186510315228	0.24320217787589643
0.1752036414067784	0.4098014249018115	0.10911772294396141	0.08295865463937774	0.22291855610807076
0.1758336461392782	0.4081969144448064	0.10914662375062202	0.08193614853824079	0.22488666712705235
0.15240510369011573	0.4130775075683174	0.11066836794604326	0.07666998119301952	0.24717903960250392
0.16363572041747998	0.40829309044096684	0.10938589798015552	0.08427171980080161	0.23441357136059585
0.17314565998561535	0.40888267933645384	0.10981476815688279	0.07791539174270912	0.23024150077833871
0.17823525069176682	0.4080842683530188	0.10877953205780984	0.07929315112483874	0.22560779777256562
0.17108962666426616	0.4092602086088113	0.10956716483022176	0.08289317338648801	0.22718982651021258
0.15669559542636735	0.40833455164314475	0.10928178900074606	0.08276313698942285	0.2429249269403188
0.1629000900002446	0.40873937310302566	0.11156366802714503	0.07709872515112115	0.23969814371846332
0.16919347279885044	0.41016261553800015	0.11053570814948807	0.08292281169518528	0.22718539181847583
0.17886466680409574	0.41271926736068565	0.10984901825245975	0.07613865880286161	0.22242838877989707
0.1776892365123614	0.41137508430434266	0.10963142149336567	0.07886748837859997	0.22243676931133002
0.1738396466628805	0.4125935208672603	0.10910170205836978	0.07704372690204503	0.22742140350944412
0.17480645176302684	0.40782836477215234	0.11162511014581408	0.0768233706765587	0.2289167026424478
0.16110844172573419	0.41029848471443797	0.1095545791123253	0.0822005421082235	0.2368379523392789
0.1521097615194758	0.41217893310018494	0.10938234886428222	0.07928317511279413	0.24704578140326272
0.154652035935528	0.40954064884442265	0.11068473793252054	0.08100725768608119	0.2441153196014474
0.1497836996686276	0.4122446356236489	0.11081434038930914	0.08264595065469105	0.24451137366372316
0.17244343048997451	0.40880175755100134	0.10856987312666125	0.08370508674867802	0.2264798520836847
0.15567347339369292	0.40937885876669733	0.11113676521259654	0.08136722704047696	0.24244367558653607
0.16150865345287746	0.41099533048261505	0.11159343348700124	0.07733903899818338	0.23856354357932263
0.1575197058338505	0.4120094507105818	0.1100470929596157	0.08209833795247408	0.2383254125434777
0.15887790280308162	0.4112128854155218	0.10960004882851748	0.08204191882366847	0.23826724412921035
0.1639110446474768	0.4118376909602347	0.11154222837300636	0.0832486452444514	0.22946039077483063
0.17021898620090817	0.412914220151938	0.11154576824588779	0.07825182672322709	0.2270691986780387
0.16195655016819446	0.41306578274806044	0.10884223414512845	0.07916650259949293	0.23696893033912356
0.15927977369972957	0.4128488050087753	0.11021125466458259	0.08251321864246597	0.23514694798444635
0.17222527971332913	0.41164317089339164	0.10975750929301291	0.07853463251889498	0.22783940758137117
0.16290973515960427	0.4123797688404948	0.1090322663134086	0.07994583891781826	0.23573239076867386
0.16242579806647617	0.41055333896163393	0.10917753786531811	0.07882200728846474	0.23902131781810693
0.1774178299408538	0.4082464230331119	0.109696361364366	0.07630375299080616	0.22833563267086188
0.16531336182606715	0.4120389774758457	0.10892475826692812	0.08431867327584489	0.22940422915531392
0.1776339473020706	0.40943342158078055	0.10847746629760194	0.0826877161544809	0.2217674486650658
0.17497783842997292	0.40868409245070486	0.11093720098409035	0.07704256368971699	0.2283583044455147
0.1627002460844741	0.4082853907494751	0.10937948916381124	0.07885273893490391	0.24078213506733542
0.16948614643716586	0.41249322608908134	0.11042181521496384	0.07963865002747564	0.22796016223131307
0.166705576787343	0.4114850933821892	0.11138677594711231	0.07924769079537525	0.23117486308798005
