0.350339141451425	0.3997566625447181	0.24990419600385708
0.3502050209458168	0.39996022100909295	0.24983475804509034
0.3497510855378187	0.4004326132313328	0.24981630123084864
0.34956988520519716	0.40064616558668625	0.2497839492081167
0.35003126897926995	0.4004029791340221	0.24956575188670807
0.35031445550759677	0.3997274098995847	0.2499581345928186
0.3496331882270858	0.40036399790970895	0.25000281386320544
0.34992402137281264	0.4000985166333729	0.24997746199381454
0.35034274317380365	0.3999112152741673	0.24974604155202917
0.3503192399381442	0.39993197297474375	0.24974878708711218
0.3494463936875759	0.40056733477679196	0.24998627153563224
0.3501847197573579	0.3998047745638732	0.25001050567876903
0.3497781823310013	0.4006197162809871	0.24960210138801175
0.3495488457360018	0.4006481933163295	0.2498029609476688
0.35027116656314916	0.3997872364838939	0.249941596952957
0.3497453955098863	0.40016510370983616	0.2500895007802776
0.35000781354760124	0.39984082433926016	0.2501513621131387
0.3499883118696012	0.3999505167784555	0.2500611713519434
0.3495297522705	0.40028366003223603	0.25018658769726404
0.34945238068183543	0.40059925545220093	0.24994836386596375
0.34958439877281694	0.40071475189276967	0.2497008493344135
0.35004416713672193	0.3997754436858738	0.25018038917740437
0.34980779209015495	0.3999489284963341	0.25024327941351104
0.3499620903056996	0.4001623680959945	0.24987554159830602
0.3494577600269414	0.4002190686186213	0.25032317135443743
0.3502090796014808	0.399766732221019	0.2500241881775004
0.3497104533619367	0.4005831486004653	0.24970639803759814
0.3503177188639723	0.40008037400570995	0.2496019071303179
0.34993150731297884	0.4001714279951948	0.24989706469182651
0.3494959637632137	0.4006388114652239	0.2498652247715626
0.35012183942134023	0.399900671211469	0.24997748936719089
0.35003414110306746	0.4003163411835414	0.24964951771339122
0.3498525032235875	0.4003831919344338	0.24976430484197878
0.35000404016277287	0.40040942793094014	0.2495865319062871
0.34964881771527445	0.4000581992019352	0.25029298308279047
0.3503107706103391	0.39999180260637973	0.24969742678328122
0.3497688306927737	0.4001630870818654	0.25006808222536103
0.3502263897780381	0.40003739620519985	0.24973621401676213
0.34980859851839075	0.40010447317052666	0.2500869283110827
0.3500874325895138	0.39993891300077394	0.24997365440971236
0.34972842258018666	0.40017502848075825	0.2500965489390552
0.3497591089445796	0.40025038336398955	0.2499905076914309
0.34997668061417786	0.40019882611024377	0.24982449327557849
0.3502926383323117	0.400092657408753	0.24961470425893542
0.350192958209398	0.3996951910933176	0.25011185069728453
0.3499929163679372	0.4001379295812261	0.24986915405083673
0.34976113430002237	0.4005681859259663	0.24967067977401142
0.3500837646403337	0.39999878871154537	0.24991744664812104
0.3500999050255577	0.39986776813228814	0.25003232684215426
0.3494911913548315	0.40058974111444223	0.2499190675307264
0.35031542042086106	0.39980074473954497	0.2498838348395941
0.34958553929411207	0.4005879548418224	0.24982650586406563
0.34988874459959773	0.4000778584515561	0.25003339694884635
0.34987470700847806	0.4003211909861445	0.24980410200537762
0.34996885293736735	0.3997066487047675	0.25032449835786524
0.34975932901250917	0.39998266120096615	0.2502580097865248
0.34990558636693814	0.4001676325505839	0.24992678108247807
0.3493889886843064	0.40053579759550617	0.2500752137201875
0.3501209715763607	0.4003194777455489	0.24955955067809055
0.3499196680427908	0.40027871538426585	0.24980161657294347
0.34984868363686594	0.3999008979441969	0.25025041841893725
0.3494796521426739	0.4006237874470093	0.24989656041031688
0.3495845656303004	0.40041130894077204	0.2500041254289277
0.3495453080626477	0.40057590810623767	0.24987878383111473
0.34983060848224634	0.40030627896111726	0.2498631125566365
0.3499320420157144	0.4003513651150622	0.24971659286922349
0.3496609136705291	0.40052980352534007	0.24980928280413095
0.3501463099822502	0.40007724845709214	0.24977644156065776
0.3499926410565577	0.4001019336606817	0.24990542528276075
0.34975758060550965	0.40022192492628217	0.2500204944682083
0.3498497250745845	0.40057378922391584	0.24957648570149976
0.34977694005683013	0.4000570360322591	0.2501660239109109
0.3498913143569927	0.3998543078504553	0.25025437779255205
0.34980764319319074	0.4002563371919634	0.24993601961484596
0.34989392302976835	0.4003217759995479	0.24978430097068385
0.3494898869732803	0.4005823090892826	0.24992780393743722
0.35008775563918765	0.39992827807847486	0.2499839662823376
0.34949118630477227	0.40053045937381254	0.2499783543214153
0.3500703916854054	0.40031599226688686	0.24961361604770793
0.35003700244735647	0.3998991971394632	0.25006380041318044
0.3502964459847888	0.39979675570437073	0.24990679831084056
0.3498620728521036	0.4002361176903448	0.24990180945755175
0.3494989544028094	0.4007117953491879	0.24978925024800275
0.34979645711179	0.40036894918776733	0.24983459370044273
0.34937066280387086	0.40056297812567276	0.2500663590704565
0.3500595198530559	0.40022882012521527	0.24971166002172895
0.34965101597510445	0.4003258292333035	0.25002315479159215
0.34987978178015877	0.400418085344477	0.2497021328753643
0.3500234138194666	0.40025626142744664	0.24972032475308686
0.34972642248338714	0.4004114293427167	0.2498621481738963
0.3500093098920619	0.39999435298292946	0.24999633712500874
0.35022120056467065	0.40022959855567863	0.24954920087965082
0.34960742409944046	0.4003314362573934	0.25006113964316623
0.34959901254768716	0.40014269005032566	0.25025829740198724
0.3498024870274004	0.40008142332492636	0.2501160896476734
0.35018976102971355	0.399745643546358	0.25006459542392856
0.34939424266847263	0.40027859974013413	0.25032715759139335
0.3496542209054564	0.40057760806667286	0.24976817102787088
0.3496098727863679	0.4005444878642783	0.24984563934935383
0.3495793205858588	0.40052637341691893	0.2498943059972224
0.3495764908829059	0.40067293617000854	0.2497505729470857
0.34948078680548456	0.40063457198103525	0.24988464121348028
0.34954222563526877	0.4004426011552368	0.2500151732094945
0.3494000089295276	0.40062286611159026	0.24997712495888225
0.3499527400861338	0.40045357547010774	0.24959368444375857
0.3497670641632482	0.4004139188786357	0.24981901695811623
0.3496382435166676	0.400235924201636	0.2501258322816965
0.3497756712178728	0.3999742817748339	0.25025004700729336
0.3501274896858924	0.39971636492201107	0.25015614539209663
0.3496742419720979	0.40048350897011703	0.2498422490577852
0.3496195774507907	0.4006509054503673	0.2497295170988421
0.34991380418335216	0.40046966495974123	0.24961653085690674
0.3494113396033462	0.4003248526161046	0.25026380778054924
0.34978953418969355	0.4005880669866479	0.24962239882365864
0.35001042423128725	0.40004784884586175	0.2499417269228511
0.35028462585494535	0.39991156270523565	0.24980381143981914
0.3499566274015098	0.40014371064356885	0.2498996619549215
0.349693085660178	0.4000079282225699	0.2502989861172522
0.350171169137772	0.39989363722182303	0.24993519364040506
0.35022160925991147	0.39969625885948157	0.2500821318806071
0.3501402803626092	0.3998114643626435	0.2500482552747475
0.349800334162882	0.4001673901471512	0.25003227568996694
0.34950402252547735	0.4004966929860891	0.24999928448843367
0.3499262736345069	0.4001246689203529	0.24994905744514034
0.34980130207172444	0.40035009899478935	0.24984859893348627
0.3503533011962882	0.3998887356428943	0.2497579631608176
0.3501075699753646	0.3997594286550883	0.2501330013695472
0.3496347381299339	0.40020964454469576	0.2501556173253705
0.349707523006174	0.4002411023681546	0.2500513746256715
0.3494862828049851	0.4004999285884053	0.2500137886066097
0.34960999398447745	0.40055776253111686	0.24983224348440577
0.35001727896819806	0.4003880964198506	0.24959462461195142
0.3499543968209996	0.3997688949708633	0.25027670820813713
0.34952667353572897	0.40023132889139984	0.2502419975728713
0.34969536603322937	0.40014997165044536	0.2501546623163254
0.3497344055648749	0.4000160632735241	0.25024953116160104
0.3497424716189469	0.40070344013345877	0.24955408824759448
0.3498951846763199	0.4001635797781262	0.24994123554555397
0.3501664381549973	0.40012949444103724	0.24970406740396556
0.35028310735308366	0.3999588326198914	0.24975806002702503
0.34964843371112014	0.40037193755277145	0.24997962873610852
0.35008912267860604	0.400110894521038	0.24979998280035606
0.34982328429098847	0.4005433171253925	0.2496333985836192
0.3497198906005233	0.39999513072480647	0.25028497867467037
0.3497564206606862	0.3999340020529209	0.250309577286393
0.349851592709535	0.4003602546854629	0.24978815260500226
0.35017393740725034	0.3999322177484895	0.24989384484426028
0.3499171570206276	0.4003477834037024	0.24973505957567013
0.35004724389017194	0.40002075416538346	0.2499320019444447
0.35000189532128356	0.3999324254074976	0.2500656792712189
0.3497995019802543	0.4005078087841346	0.24969268923561122
0.3496471427776952	0.4003489933800507	0.2500038638422542
0.34961617810067874	0.40069316396770893	0.24969065793161244
0.34943317362941245	0.40033567152669747	0.25023115484389025
0.3502875161165768	0.3997773955534894	0.2499350883299339
0.34969420735211504	0.40046306615301014	0.2498427264948749
0.35010551104294796	0.4002485250751951	0.24964596388185706
0.3499905983606769	0.40024696801266135	0.24976243362666184
0.3495692658246728	0.4003474611764626	0.2500832729988648
0.34979697626813167	0.40056605365063225	0.2496369700812362
0.35009632764908766	0.4003560052782797	0.24954766707263276
0.34990655753639055	0.40022791233493565	0.2498655301286739
0.3500446208524728	0.4003435569921724	0.24961182215535493
0.3503566600733519	0.40007300930548906	0.24957033062115913
0.34981859283674416	0.4005015896509778	0.24967981751227808
0.3494417945018385	0.40053841425257175	0.2500197912455899
0.3500531235694551	0.4003211497649909	0.24962572666555416
0.34945521459306755	0.4006944309189853	0.24985035448794723
0.3496618472421007	0.4005711154905216	0.2497670372673778
0.3498295141578272	0.40023603409108577	0.24993445175108714
0.3501681406331433	0.39991606646572586	0.24991579290113095
0.3502939173809142	0.3997433427942468	0.24996273982483908
0.34943467565370706	0.40070856129706045	0.24985676304923254
0.34999059236871666	0.4001826142496192	0.2498267933816643
0.3493686434597229	0.40049761901407194	0.25013373752620527
0.3501372171427878	0.39972450556378086	0.25013827729343147
0.35020363932974136	0.3999243204717673	0.24987204019849146
0.3496331458414361	0.40070918787250254	0.24965766628606145
0.35015437346883493	0.4002140748602273	0.24963155167093787
0.3500511684327344	0.39988738930978374	0.25006144225748195
0.3500556561035652	0.39998658071615284	0.24995776318028207
0.3494604193933613	0.40067310584638094	0.2498664747602578
0.3497397850447206	0.40013015305927047	0.25013006189600906
0.34984648869694945	0.40050156051114216	0.2496519507919085
0.3503475078290883	0.39978145227920653	0.24987103989170528
0.35009415389665965	0.40030093914051934	0.24960490696282112
0.35026277740123407	0.400027644832896	0.24970957776587005
0.34994985122961536	0.39972814856563543	0.2503220002047493
0.35002403612966954	0.3997610588006183	0.2502149050697123
0.35004074043720884	0.4001240116545528	0.24983524790823847
0.35018203886108845	0.3996837427653662	0.25013421837354544
0.35023951315481733	0.40008707239749	0.2496734144476928
0.3499205890350746	0.4002351737480436	0.24984423721688187
0.35012011920913266	0.3997446469885372	0.25013523380233027
0.3502300919949129	0.39991734421206354	0.24985256379302367
0.3502653745385617	0.3999952776416542	0.24973934781978419
0.34963331041229506	0.40054842923740663	0.24981826035029847
0.3495055164036578	0.4004803606031217	0.2500141229932206
0.34972439741672195	0.40001531451838473	0.2502602880648934
0.34944079866054756	0.4004966189224373	0.2500625824170152
0.3499985764143771	0.40017381856511564	0.24982760502050738
0.34995639605587503	0.4000228400070928	0.25002076393703226
0.3500029588685075	0.40034617443827825	0.2496508666932143
0.3502534593280555	0.3998846624356234	0.24986187823632122
0.35013053408771055	0.39979752692640796	0.2500719389858816
0.3498996608327574	0.4003406439234802	0.2497596952437625
0.3495163226250205	0.40036293993016403	0.25012073744481556
0.34945848678397745	0.4006484443822991	0.24989306883372356
0.3501027904279754	0.40005305083439674	0.249844158737628
0.3494164817426376	0.40032237667131343	0.25026114158604906
0.3497400411246498	0.4006497380671427	0.2496102208082076
0.34961680768488	0.400117432541525	0.2502657597735951
0.3503438639431716	0.39975827285208604	0.2498978632047425
0.35005526653218894	0.3997121684935773	0.25023256497423385
0.3503140973384425	0.4000080310901376	0.24967787157142007
0.3494602689631679	0.40070953948026966	0.24983019155656255
0.35025949332874334	0.3997981943311586	0.24994231234009817
0.34990146062782435	0.4000662491238307	0.25003229024834506
0.34999445933496376	0.4004220208007206	0.2495835198643158
0.3502972358442291	0.3999464374015696	0.2497563267542014
0.34939796216430363	0.4004640053135017	0.2501380325221948
0.3495894659183316	0.4004691489808424	0.24994138510082609
0.3496892683870144	0.4005732323361713	0.24973749927681438
0.3501273237914032	0.40025216287221815	0.24962051333637875
0.34973672095782316	0.40001601150445065	0.2502472675377263
0.3502855031318534	0.39982595427510836	0.2498885425930383
0.3497004000129701	0.4002682714956346	0.2500313284913954
0.3502848668654494	0.39984919702039906	0.24986593611415164
0.34979891319781886	0.40002948130330207	0.2501716054988792
0.349479089387299	0.40019718258452563	0.2503237280281755
0.35004661527293923	0.4001041447623516	0.24984923996470926
0.34964491388757235	0.40022395083830814	0.2501311352741197
0.35026286576884585	0.3997855745044569	0.24995155972669736
0.3495420498519569	0.40034207493501667	0.25011587521302653
0.3501724119602242	0.39991139722746794	0.249916190812308
0.3500751418830309	0.40014307655316955	0.24978178156379965
0.35021130800775535	0.4001855895771943	0.24960310241505046
0.3496846129143485	0.40070436629475303	0.2496110207908986
0.3498532460568321	0.4003248138164244	0.2498219401267436
0.3501305215842399	0.4001965321143266	0.24967294630143363
0.3502099708485663	0.40010844455051375	0.2496815846009201
0.35018435529814806	0.40021623399311945	0.24959941070873262
0.34970103089499627	0.40064765955997705	0.24965130954502676
0.3495659807257736	0.4005864899363618	0.24984752933786475
0.3498659156100065	0.4003683707728451	0.2497657136171485
0.3500042335969536	0.40024498492909566	0.24975078147395083
0.35020775829395145	0.4002257715215165	0.24956647018453218
0.3496248536649609	0.4005149111240677	0.2498602352109715
0.3496191866158686	0.40054693830401156	0.24983387508012
0.3498567652642713	0.3999671343090137	0.2501761004267151
0.35025197956387016	0.40003247958476074	0.24971554085136918
0.3499383853496863	0.4003444852290348	0.249717129421279
0.34961206138901296	0.4000774305269143	0.25031050808407285
0.350169701657318	0.4001261547489182	0.24970414359376386
0.34944707377905404	0.4007052015791521	0.24984772464179397
0.3499928617270398	0.4004358699855379	0.24957126828742246
0.35025602956584007	0.40011075433002485	0.24963321610413516
0.34983972022239135	0.40044518126756024	0.24971509851004853
0.3496592987641577	0.4004196262971469	0.24992107493869553
0.34986465669996925	0.40034591467595015	0.24978942862408077
0.349619072173761	0.4003275235505257	0.25005340427571343
0.34975429447161255	0.40033480375059577	0.2499109017777918
0.34989992122233216	0.4000204043701081	0.2500796744075598
0.34975778158157317	0.4006508423330297	0.24959137608539722
0.3495331908441214	0.40027665151300457	0.25019015764287417
0.3499626602291045	0.39985659414260805	0.25018074562828757
0.3494583724559275	0.4005618544686468	0.24997977307542588
0.3496106449532836	0.4002595549508023	0.25012980009591423
0.34949830681224237	0.4002639267160132	0.25023776647174456
0.3500298371481915	0.4001294465446541	0.2498407163071545
0.3497304975647749	0.4000204748986641	0.2502490275365611
0.3497288173653707	0.40067336922193597	0.2495978134126935
0.3499791855107655	0.4001561786780261	0.2498646358112085
0.34967508463735086	0.4001830656150327	0.2501418497476166
0.35003767469699787	0.40023165805990746	0.24973066724309478
0.3499546596642857	0.40018492172411424	0.24986041861160013
0.3499021077815724	0.4004620884597949	0.24963580375863278
0.3499524335947608	0.40025540477932164	0.24979216162591766
0.34957398736555056	0.40040607457035327	0.2500199380640963
0.3497809134098379	0.4000037437720955	0.2502153428180667
0.34951329157445993	0.40042306889548196	0.2500636395300582
0.3498637706285948	0.39999421613631536	0.2501420132350899
0.34957873413514756	0.4002976094695859	0.2501236563952667
0.3499940930414837	0.4004046652904453	0.24960124166807107
0.34978671913157405	0.39996916285402107	0.25024411801440494
0.34997694122608486	0.40045858298186116	0.24956447579205407
0.349988793640544	0.400122133524828	0.24988907283462805
0.34960011968374893	0.40040859492718295	0.2499912853890682
0.34997378828219455	0.4000725115404844	0.24995370017732113
0.34979839504199517	0.40044369483324305	0.2497579101247619
0.3500569375089936	0.40015086860084387	0.24979219389016263
0.35000849222355285	0.40025272884056234	0.24973877893588492
0.3498932369676818	0.4003952840642969	0.24971147896802137
0.3500475509817792	0.4002129811451641	0.2497394678730568
0.3497422268134263	0.4001856648831725	0.2500721083034013
0.34963997206726427	0.40004456695846147	0.2503154609742744
0.3502583709128621	0.39980797093728127	0.24993365814985674
0.35019886530618466	0.40010986849721486	0.24969126619660054
0.3501829886987009	0.3996919485703677	0.2501250627309315
0.3502143327172813	0.40020719006891015	0.24957847721380866
0.3496227685848935	0.400462031421847	0.24991519999325962
0.3501726199737914	0.39993042498471854	0.24989695504149023
0.3497715306428613	0.4002108188460108	0.250017650511128
0.3503166611334317	0.3997088495634491	0.24997448930311933
0.34996910583335017	0.3998566290840243	0.25017426508262564
0.34999996254780474	0.3999947419574132	0.2500052954947822
0.3499689791731896	0.3999239392388535	0.250107081587957
0.34979720240353773	0.40064368055343325	0.2495591170430291
0.35000136004254323	0.4003314352829181	0.24966720467453876
0.34964150034545866	0.4006167477951286	0.24974175185941283
0.34941856477104766	0.4005686584327421	0.25001277679621037
0.3500489401341577	0.4003441766466331	0.24960688321920932
0.3497759727261111	0.3999461544765484	0.2502778727973406
0.34994915958287615	0.4000158892668371	0.25003495115028684
0.35026419184938257	0.3999238330476709	0.24981197510294667
0.3501824132609305	0.3999799648432736	0.24983762189579603
0.3502989797608189	0.40013958829659924	0.24956143194258193
0.34968433215119177	0.40062351941683205	0.2496921484319763
0.35009150625694413	0.40026233036379	0.24964616337926598
0.3496860503679072	0.4006424199015416	0.24967152973055132
0.3496106165625929	0.400266546593154	0.2501228368442531
0.3495690322128925	0.4003141345458139	0.2501168332412937
0.3494800720837508	0.40060094302150356	0.24991898489474573
0.3496437327566726	0.4002063426157089	0.2501499246276186
0.3503500336071103	0.3998226010610058	0.249827365331884
0.3501772094931482	0.3997058271615574	0.2501169633452945
0.3503210583109986	0.40011006497690466	0.24956887671209688
0.34959994600613103	0.4005415114712041	0.24985854252266498
0.3500590500783568	0.3999953527761484	0.24994559714549486
0.35026876843876315	0.40000859287425333	0.24972263868698363
0.34995154807908835	0.40003829881641273	0.25001015310449903
0.3495660911133892	0.4003100363363491	0.25012387255026175
0.34983226537601597	0.399935670306214	0.25023206431777006
0.3500934675383386	0.40010823864983325	0.24979829381182833
0.3501086872141675	0.3998096024636358	0.25008171032219684
0.34988233245788414	0.40016969461977603	0.2499479729223399
0.34996012116046066	0.4004177706436085	0.24962210819593095
0.3498860028868292	0.400430912845326	0.2496830842678449
0.3502166506811439	0.39982223625434166	0.24996111306451457
0.34985191873240223	0.40014217063419916	0.2500059106333987
0.3496995656718128	0.4003126709486149	0.24998776337957235
0.3495135598106072	0.4003212842512278	0.25016515593816513
0.35017651470556566	0.39976003022072387	0.2500634550737106
0.34978858812388797	0.40054247581956437	0.24966893605654777
0.3493729865847939	0.4006387061435898	0.2499883072716164
0.3501950984658678	0.3997416744558652	0.25006322707826706
0.3502719982398538	0.39996049402013895	0.2497675077400074
0.3493626687516187	0.4004794120528573	0.2501579191955241
0.34952450052391204	0.400648452426928	0.24982704704916014
0.349571378744982	0.4003160384314014	0.25011258282361665
0.3499187602894518	0.40010717567171145	0.2499740640388369
0.3498450469945948	0.3998628660656899	0.25029208693971544
0.35021801950446974	0.3997197328237486	0.25006224767178176
0.34999291998272786	0.3999979208461239	0.2500091591711483
0.349800948538801	0.4003916108477864	0.2498074406134127
0.34952991811705	0.400601566188268	0.24986851569468216
0.3498534784878594	0.4004234802619874	0.24972304125015332
0.35018196687694214	0.39987979161186193	0.24993824151119604
0.34986996431832595	0.39995692194344873	0.25017311373822537
0.34978689626763326	0.40049679587782	0.24971630785454688
0.34954830293086114	0.40044701534931726	0.2500046817198217
0.34988661237694346	0.4002233913953132	0.24988999622774344
0.3502908143099382	0.39982349325561983	0.24988569243444209
0.34984403266996955	0.4004187355257147	0.2497372318043158
0.3495502672837324	0.400388063233202	0.25006166948306574
0.3499157130211355	0.4001535611472571	0.24993072583160753
0.35025643070123824	0.39995952437227533	0.24978404492648654
0.3500122133354199	0.3999452682739725	0.2500425183906078
0.3500156363329041	0.400372461020677	0.249611902646419
0.34995429782520093	0.39983769584197076	0.2502080063328284
0.3501867532210853	0.39968456030866917	0.2501286864702457
0.3499570579117643	0.40023490621874724	0.24980803586948855
0.350067123396629	0.4002062249291392	0.24972665167423191
0.34974610846800025	0.40017102883504596	0.25008286269695384
0.35026226877433714	0.4000751502546119	0.2496625809710511
0.34970791837636017	0.40030440264900946	0.24998767897463048
0.34979847631429006	0.4003993202816537	0.24980220340405632
0.34953652473309826	0.40058877623428846	0.2498746990326134
0.34938496200528135	0.40029192901330346	0.2503231089814153
0.3503557515393194	0.4000239358052408	0.24962031265543988
0.3498675751337526	0.3998618293678281	0.2502705954984194
0.3494964442620408	0.4004047017047227	0.2500988540332366
0.35004294409973347	0.39994499456396837	0.2500120613362982
0.34937594369348995	0.40031624485924383	0.2503078114472663
0.3497439062823818	0.4002403627524968	0.25001573096512153
0.34950211677451765	0.4003676717896386	0.2501302114358439
0.3494737175578458	0.4004607181870251	0.2500655642551292
0.3494460505939716	0.4003111866277347	0.2502427627782938
0.34970958764546956	0.40049487217771784	0.24979554017681269
0.34945689072837127	0.40027581602437	0.2502672932472588
0.3497831335592313	0.4005056596478522	0.2497112067929167
0.349749595230445	0.40053281556574105	0.24971758920381404
0.34956149159030914	0.4005527479658455	0.24988576044384553
0.35012236520187795	0.4001341700210696	0.24974346477705256
0.34980861674616215	0.4003450347738313	0.24984634848000664
0.35000197050298837	0.4002268447170043	0.24977118478000743
0.3495835436499402	0.40026552794300363	0.2501509284070562
0.34990653974670066	0.39986407871355945	0.25022938153974006
0.34985965739689934	0.40057456987008944	0.24956577273301134
0.3499343677137062	0.40006486408357567	0.25000076820271827
0.3500379213555597	0.3998254673739204	0.25013661127052
0.349564206527039	0.4004433902597785	0.24999240321318258
0.3497228132695407	0.4000156933006501	0.2502614934298093
0.350094838205123	0.40021342540223487	0.24969173639264225
0.3502276008922864	0.40009421686674496	0.24967818224096877
0.35015734373402807	0.40006533884819506	0.24977731741777698
0.34941059980372335	0.4003991024566594	0.25019029773961743
0.34983859206358037	0.400159529165879	0.2500018787705407
0.34950063196022296	0.4002349768437814	0.25026439119599575
0.35019383241084634	0.39986161904546913	0.2499445485436846
0.3498463827948693	0.3999393640685489	0.2502142531365819
0.35030730868748117	0.399771026771199	0.24992166454131992
0.3499236624647342	0.4000004254328794	0.2500759121023865
0.3496195741349788	0.40026320854967906	0.2501172173153422
0.349829157777434	0.400187652794581	0.24998318942798514
0.34953560793633626	0.4003419683822728	0.25012242368139104
0.3497145565679355	0.3999726775243224	0.2503127659077422
0.3500171883391493	0.40013543253264167	0.24984737912820915
0.34987918249836675	0.3999656155359603	0.2501552019656731
0.3494066107404624	0.4005989542292216	0.24999443503031615
0.3503159516947246	0.399706013737372	0.24997803456790346
0.35023390997559545	0.3999617231221398	0.24980436690226487
0.3498036406533761	0.4004799788301294	0.24971638051649456
0.35034585702025833	0.3998049622435005	0.24984918073624132
0.3499505110517566	0.40023499711629446	0.24981449183194904
0.35014644188358157	0.4000238746307456	0.24982968348567292
0.3501439261513436	0.40005439621565675	0.24980167763299976
0.3499581609627379	0.4003327025844571	0.24970913645280512
0.34963201808525096	0.4001321800871221	0.25023580182762706
0.3501115168475629	0.4001012265368278	0.24978725661560938
0.3498350002230251	0.40041526415906953	0.24974973561790545
0.3497541370084438	0.4004313258378659	0.2498145371536904
0.3498135389659488	0.3999548182189933	0.250231642815058
0.3496233764594393	0.4002672084433222	0.2501094150972386
0.34983699732863477	0.40039770694193455	0.24976529572943082
0.3494333028170112	0.40064780360453994	0.249918893578449
0.35006594731302004	0.39990068541231893	0.25003336727466113
0.3503363887057604	0.39981451707098553	0.24984909422325421
0.3494324350977189	0.400589827007568	0.24997773789471323
0.3503118820981983	0.40004532276677335	0.2496427951350285
0.3495475412599437	0.40027751681303897	0.25017494192701745
0.350248663408918	0.3998061655400242	0.2499451710510579
0.34990713795256245	0.40046711581351213	0.24962574623392547
0.34967830606463657	0.40045462073007354	0.24986707320529006
0.349702173920285	0.40019004036023825	0.25010778571947684
0.3501727211432585	0.4002718588550809	0.2495554200016607
0.34972548448018875	0.3999810739787308	0.2502934415410806
0.3501472759299134	0.39986855903374613	0.24998416503634052
0.35002174147934184	0.4002594983127098	0.24971876020794853
0.3498591649349667	0.40026733975767415	0.24987349530735925
0.3495773685855138	0.40048953744322086	0.24993309397126545
0.35020576817055116	0.39988614364897307	0.24990808818047588
0.35014031402170537	0.40005109958732576	0.24980858639096895
0.3495144910764705	0.40026880099797757	0.2502167079255521
0.35005186914415604	0.39992004390353847	0.2500280869523056
0.3497731270332758	0.39992207802067886	0.25030479494604546
0.3498117933957995	0.400273268633557	0.2499149379706436
0.34986085514740023	0.39992116323049787	0.250217981622102
0.3501224123730889	0.3999142290507277	0.24996335857618351
0.3502421321980525	0.4001777633703245	0.2495801044316231
0.3498102266021397	0.4006237069034906	0.24956606649436988
0.3495871060793443	0.4002550834099503	0.2501578105107055
0.35003782860545807	0.3996810504659159	0.25028112092862614
0.3497710237539231	0.40020480080763077	0.25002417543844624
0.3499529664689662	0.3999439330112825	0.2501031005197514
0.34942746843185796	0.400337821078789	0.25023471048935314
0.34984194324525664	0.40046765914244775	0.24969039761229572
0.34971586875066074	0.4002430480475484	0.25004108320179097
0.34977775545003875	0.4001585099791247	0.2500637345708366
0.34978287282288756	0.3999354467677714	0.2502816804093412
0.34942342906443397	0.40054521830717466	0.2500313526283915
0.3495536175481854	0.4002090307632734	0.25023735168854133
0.34987179841351823	0.40004460848436696	0.250083593102115
0.3498020834207006	0.40060318571799775	0.24959473086130174
0.35006924683765006	0.3996847918781405	0.25024596128420956
0.35018730735870407	0.3997048328564824	0.25010785978481365
0.3498803871651452	0.400338455376368	0.24978115745848695
0.349850051610773	0.3998893426171968	0.25026060577203035
0.34984415110776784	0.400605963958948	0.2495498849332843
0.3497022568327188	0.40070622970976444	0.24959151345751687
0.34965770542318747	0.4004040251987314	0.24993826937808128
0.3502718106032784	0.39972174769430135	0.25000644170242037
0.34982940519487615	0.399976504474837	0.25019409033028694
0.35001772509363627	0.39999670469777115	0.2499855702085927
0.349681798195153	0.40014740050727327	0.25017080129757385
0.35005460182589665	0.3999445310722506	0.25000086710185293
0.34936926431774684	0.40034628944420886	0.2502844462380444
0.3498604903970507	0.39984270229398666	0.25029680730896275
0.3501372241472243	0.4000440007352529	0.2498187751175229
0.3500296681646519	0.39986577174041393	0.25010456009493426
0.35002915213432767	0.39992646283622146	0.250044385029451
0.3502635979789352	0.40001130324407125	0.24972509877699367
0.34964097731949917	0.4002145038175229	0.2501445188629781
0.349876645215861	0.4004592696784055	0.24966408510573365
0.3502033894545173	0.39988225251659576	0.24991435802888706
0.3501211448633921	0.4001657217114837	0.24971313342512436
0.35036219344920705	0.3997682140463573	0.2498695925044357
0.34940510281321074	0.40057540367687827	0.2500194935099111
0.34938650588837805	0.4005585610596636	0.2500549330519585
0.3501560237487249	0.40025294821750257	0.24959102803377264
0.3494467540432885	0.4003676645632618	0.2501855813934498
0.34982386064739796	0.400053841430353	0.25012229792224916
0.3495512305327736	0.40059706111116244	0.24985170835606407
0.35014170747216944	0.4002179309616533	0.24964036156617742
0.35001843296859847	0.40002177881562023	0.24995978821578138
0.34992198803921626	0.3999600343665162	0.2501179775942676
0.34959852416306025	0.40041555971998144	0.24998591611695845
0.3493797354942779	0.4005406188144325	0.2500796456912897
0.3496552280501084	0.4004327414434236	0.24991203050646807
0.34960001389217865	0.4005174198234764	0.24988256628434508
0.3500711647640059	0.40014142719537515	0.24978740804061908
0.3500481183900092	0.4002302304191633	0.24972165119082762
0.3498646801794273	0.4004319834799044	0.24970333634066844
0.350334985393439	0.39991695562960133	0.24974805897695979
0.3496689861825183	0.4005536487759447	0.2497773650415372
0.3501135594024378	0.39984610502676976	0.2500403355707925
0.34994751023859405	0.39990028839631075	0.2501522013650953
0.34943739992415784	0.4004538888690432	0.25010871120679906
0.34984135398775795	0.4000967163722787	0.25006192963996343
0.3498212465934967	0.4000673128583598	0.2501114405481436
0.3503173713242477	0.3998392674403536	0.24984336123539885
0.35001151288461885	0.4004219391897254	0.24956654792565586
0.3501185956902636	0.39979697036580264	0.2500844339439338
0.3499816313687988	0.4002887426287908	0.24972962600241055
0.34958489995598235	0.4002795721621681	0.2501355278818497
0.3494146914791898	0.40029029198801375	0.25029501653279657
0.3499770190978971	0.40039062437351214	0.24963235652859092
0.3498151080358838	0.40024682697510516	0.2499380649890112
0.34963849393632296	0.4004294669051256	0.24993203915855156
0.34983378220826405	0.4000204808526593	0.25014573693907677
0.35022505944906723	0.4001801791403249	0.249594761410608
0.3497843241485012	0.39995468898139475	0.2502609868701041
0.34958177096805715	0.4003400451480287	0.25007818388391434
0.3495100761771369	0.4004726247523703	0.2500172990704929
0.34993824719857886	0.4000077878142766	0.2500539649871446
0.349655282834917	0.4006821768250988	0.2496625403399843
0.35005138410129893	0.3998518973553027	0.2500967185433985
0.3499673701700139	0.4001666574922944	0.24986597233769184
0.34996101474183233	0.3999603320173979	0.25007865324076994
0.34984496796200537	0.40016508121564076	0.24998995082235398
0.3497732716050772	0.4003692324597644	0.2498574959351585
0.34939567831635343	0.4003071249721718	0.2502971967114749
0.3498397336255904	0.399915149323131	0.25024511705127866
0.3498105245045653	0.3999190972417308	0.250270378253704
0.3495526849246674	0.4001766349394557	0.250270680135877
0.3498474152609523	0.40046722349382624	0.24968536124522162
0.3497941994113322	0.39993864915740573	0.25026715143126216
0.3495758516214922	0.4001111259145139	0.25031302246399406
0.349399372176815	0.4004803068688198	0.2501203209543653
0.3501811187264646	0.3998080941078239	0.2500107871657115
0.34945060243143183	0.40068790429493595	0.24986149327363238
0.349959015025617	0.3999752967857846	0.25006568818859853
0.34997172890419753	0.3997676699009005	0.25026060119490207
0.3499473909275701	0.4003332367186102	0.24971937235381977
0.3499871363820533	0.40012861799692884	0.24988424562101796
0.3498250832853932	0.40013447469389873	0.2500404420207082
0.3493730678665186	0.40051226766777914	0.2501146644657023
0.35027595309431475	0.3999617449206986	0.2497623019849868
0.3493643198243981	0.40032947835316457	0.25030620182243746
0.3497123337969279	0.40004348263408984	0.25024418356898237
0.34961734836218966	0.4003124721424802	0.2500701794953303
0.3501241948631248	0.40021265716532745	0.24966314797154787
0.3497693409195958	0.40063437438453636	0.24959628469586798
0.34999558680147425	0.4003296828482652	0.24967473035026064
0.3496151557032834	0.4004318270864727	0.24995301721024407
0.35015217501155416	0.39969863029537467	0.2501491946930713
0.3499127438412907	0.3999401707409651	0.2501470854177444
0.3501246654436473	0.40014544773225885	0.24972988682409392
0.34992444792633914	0.39982561274877376	0.25024993932488726
0.3496445326882259	0.40019781376824926	0.25015765354352504
0.35032372932512945	0.40002932235970623	0.24964694831516443
0.3494646371089647	0.40071370155692404	0.24982166133411135
0.3502693876533685	0.39995312735010025	0.24977748499653138
0.35013673061760064	0.3998426888675647	0.2500205805148348
0.3495600685923184	0.40019303482802326	0.2502468965796585
0.3498451836587359	0.39998999298964066	0.2501648233516235
0.35008447923599323	0.40033777461883446	0.2495777461451724
0.35001568557516494	0.39989268393227323	0.2500916304925619
0.3497541331109418	0.40001265719277435	0.250233209696284
0.34966948517586727	0.40025015724215185	0.250080357581981
0.3500455962946059	0.3998902148249844	0.2500641888804098
0.34990532228460536	0.3999399077923306	0.2501547699230642
0.34995369040828667	0.40021283696242377	0.24983347262928968
0.34987473722121487	0.3999256323703192	0.25019963040846604
0.34985287824332745	0.4002793080907079	0.24986781366596478
0.3500177055328145	0.39981567826870335	0.25016661619848224
0.3503371361924912	0.3998902912681702	0.24977257253933868
0.34950173224588005	0.40044325259312485	0.25005501516099526
0.3503132656096308	0.40006814269591895	0.2496185916944504
0.34997591563566893	0.40022500558862395	0.24979907877570728
0.3494763300056006	0.40028911270675543	0.25023455728764404
0.3500787170799128	0.40006647216799074	0.2498548107520966
0.35031498972034486	0.3998786431709117	0.24980636710874354
0.3503204195652647	0.4001110842458278	0.24956849618890758
0.3501558211832049	0.39990642657882436	0.24993775223797088
0.3503016218051802	0.3997337955965575	0.24996458259826237
0.3501823194239634	0.3998244973154247	0.2499931832606121
0.3500264423574968	0.4003799701168547	0.24959358752564856
0.34954126428336335	0.4006823260872335	0.24977640962940326
0.34939307547746995	0.400324531191306	0.25028239333122415
0.34993064049020584	0.40000053136769875	0.2500688281420956
0.34993309426711194	0.39993492937760755	0.2501319763552806
0.3494648682825082	0.4005139680346861	0.2500211636828058
0.3497934376852414	0.40053511993384644	0.24967144238091227
0.35007969180019116	0.40033829112992436	0.2495820170698846
0.34984542020535553	0.40022905141438536	0.24992552838025925
0.3495724150159059	0.40045416451360516	0.24997342047048904
0.34968826631140504	0.40007256375617534	0.25023916993241974
0.35034660053697186	0.4000548163855876	0.2495985830774406
0.3494565943521734	0.40071223049645943	0.2498311751513673
0.3498243754816189	0.4001968767991251	0.24997874771925616
0.3495901237687182	0.4004707133708068	0.24993916286047513
0.34991910611945165	0.40045570601960134	0.24962518786094712
0.3499180271280097	0.3998330625799952	0.25024891029199525
0.35034285715807223	0.39981810533420215	0.2498390375077258
0.34972910256481743	0.40035942188494617	0.24991147555023652
0.3498095925762406	0.40037787763365723	0.24981252979010227
0.3495195905767771	0.4002827824624504	0.2501976269607726
0.3500587139367963	0.4000829881528289	0.24985829791037495
0.34998733208233435	0.3998892392144647	0.2501234287032011
0.34977825895098386	0.4002093013336047	0.25001243971541154
0.34975455226471724	0.3999421891185394	0.2503032586167435
0.34984268333703017	0.39990860176781906	0.2502487148951508
0.3494662659608763	0.4006748823547317	0.2498588516843921
0.3502017657703085	0.3998020866671488	0.24999614756254285
0.3502549410315821	0.4000291561766971	0.2497159027917209
0.350220618751026	0.40007262125519166	0.24970675999378245
0.3501426289567372	0.4002438294435577	0.24961354159970525
0.349744629459829	0.4004082357269925	0.24984713481317858
0.35012615016455373	0.4003190882860462	0.24955476154940023
0.3500157572698519	0.39970572712859576	0.25027851560155245
0.34963305084038937	0.40034186792062587	0.25002508123898487
0.349610928628064	0.4005311941079245	0.24985787726401162
0.350005996828766	0.40043710780777453	0.24955689536345962
0.34970864102039867	0.40007199740183663	0.2502193615777648
0.35000232751056776	0.3997203818017589	0.25027729068767346
0.34971625238481424	0.40034333286362045	0.24994041475156545
0.3494597976243518	0.40036625962511335	0.25017394275053495
0.3503008209095919	0.39977822404262386	0.24992095504778436
0.3495101244069244	0.40065142175364316	0.24983845383943254
0.34968879796708896	0.40032480813881993	0.24998639389409125
0.349936316938574	0.39993310002935634	0.2501305830320697
0.34956255728893826	0.40011061278400967	0.2503268299270522
0.3499152075782699	0.4003206091509863	0.24976418327074396
0.34979933867141183	0.40013775541565055	0.2500629059129377
0.349366813232255	0.4005399656044728	0.2500932211632724
0.35024227044935136	0.4000212573235844	0.2497364722270644
0.3499976364502829	0.400017317038668	0.24998504651104925
0.34980728836654973	0.40011205142947226	0.2500806602039781
0.34963546078311525	0.40021120339493205	0.25015333582195276
0.34970070647562573	0.4001130537686386	0.2501862397557358
0.3493687846457523	0.40046288645487027	0.25016832889937757
0.34978066359843907	0.4006323735201567	0.2495869628814044
0.34960459584802467	0.4006139036133129	0.24978150053866255
0.3495065521053007	0.40034048490791674	0.2501529629867827
0.35004074493986415	0.4002925183317104	0.24966673672842554
0.3496871200245388	0.40034511282954527	0.24996776714591606
0.3499409634729932	0.40012418666740074	0.24993484985960623
0.34968141876741893	0.4000631655813539	0.2502554156512273
0.3496231285460965	0.4003656305392349	0.25001124091466864
0.3500313690214535	0.4002094048285968	0.24975922614994978
0.3496178750814186	0.40066062119050705	0.24972150372807445
0.3497779386570269	0.4001202493443323	0.25010181199864084
0.34958082900337045	0.40036450718256456	0.2500546638140651
0.3503095506549154	0.3999035751416468	0.24978687420343787
0.35017643635748125	0.40026889075182853	0.24955467289069033
0.3500221683784711	0.4002135803510276	0.2497642512705014
0.35020119088394536	0.39970818591728774	0.250090623198767
0.3499156246599758	0.40004342421468997	0.2500409511253343
0.34986007807845615	0.3998795729849276	0.25026034893661636
0.3498539803914758	0.40056936163380946	0.24957665797471484
0.3498424721439094	0.39985954830142223	0.2502979795546685
0.34945640805584566	0.4003062026067348	0.2502373893374197
0.3496220012839727	0.4003064986717814	0.25007150004424594
0.3500458879525808	0.400206876969733	0.24974723507768626
0.3497327977480483	0.3999796404696621	0.2502875617822897
0.34965457386709764	0.4004072199440095	0.24993820618889295
0.3497351001979647	0.4003838370739714	0.24988106272806399
0.35009788402395536	0.4001643731325041	0.2497377428435407
0.3495174661003161	0.40045354066346245	0.2500289932362216
0.3497416181393641	0.40018986729956346	0.25006851456107254
0.3499930163874825	0.40036144556746456	0.24964553804505307
0.3500296813215971	0.4003157833869255	0.24965453529147755
0.34971119429578434	0.4004595724151382	0.24982923328907758
0.3502145990703829	0.4000073355778592	0.249778065351758
