0.14974774076046182	0.1199057135797739	0.2750787169624979	0.11925038320615423	0.33601744549111195
0.13602430517145653	0.13134961943602497	0.30999458960304127	0.11517421272588442	0.3074572730635926
0.14390507450935147	0.1413579236464319	0.30099181149227705	0.10046321789640048	0.3132819724555389
0.13442948748361558	0.15057432292479986	0.28035555752793495	0.10123515654683918	0.3334054755168103
0.13602248981497267	0.18464357618098395	0.2616696814911336	0.10245805725498369	0.3152061952579259
0.1488364622609586	0.11644470811835234	0.3065056935134038	0.10739149981235771	0.32082163629492744
0.1508193455170851	0.169969521786632	0.2656071601399584	0.11284567425736866	0.3007582982989557
0.13564803835424194	0.1591705252450245	0.2716516774205416	0.10347132006465126	0.33005843891554054
0.16143190877439467	0.11901025273891398	0.26122617521268937	0.11152257765636857	0.3468090856176332
0.14118246953411126	0.15887060378911938	0.279773172469207	0.11378833496735707	0.30638541924020507
0.14505195195936021	0.14533969649947898	0.29105774578446064	0.10843676522112991	0.31011384053557006
0.15218434647362356	0.12746759321452866	0.30136197034848233	0.11002809443512467	0.3089579955282406
0.13481994337014375	0.13877182279568526	0.2833419658253922	0.11813209235642448	0.32493417565235416
0.15427533297301965	0.1296028799996938	0.2956321642819778	0.09963143669784971	0.3208581860474589
0.1550641692281578	0.14074521495471276	0.2782253123559389	0.1176824713618536	0.3082828320993367
0.15295138766721253	0.11887356697121232	0.2792744297379015	0.1179356152022831	0.3309650004213903
0.1305087059272451	0.1466281459014594	0.2941906946476979	0.11934039445534743	0.30933205906825
0.14849097865340882	0.13676383733312414	0.3016281348726467	0.11154494455972977	0.3015721045810904
0.13459639543331423	0.11681291610202268	0.31501288365002955	0.10607827832755862	0.3274995264870747
0.15528636479423324	0.15537512530437214	0.2717567478022568	0.10386097244235656	0.3137207896567811
0.15088800429057403	0.16875039754364451	0.27861640577032093	0.10952504872500264	0.2922201436704577
0.1560992306784153	0.12813132599539329	0.2620780939651609	0.1135399088273441	0.3401514405336862
0.13265526375979034	0.1495248002015839	0.27809808639987954	0.10860685894199464	0.33111499069675143
0.14533250217632357	0.13142836923971715	0.3054950373328865	0.10861801144712645	0.3091260798039461
0.1464175429423122	0.1589063988504934	0.30135387278097575	0.10088162990528937	0.29244055552092907
0.13512458469633165	0.15567333741911893	0.29900808181290744	0.10852064405138666	0.30167335202025514
0.13180784835833254	0.1537336099567704	0.2785249294578168	0.10196617238221761	0.33396743984486243
0.15246581345565202	0.11062151153116016	0.2809734700216727	0.1180972969375339	0.33784190805398095
0.1547059268492128	0.12297054123425122	0.319196368415002	0.11052126078766986	0.2926059027138639
0.1301606185375154	0.15279418717204218	0.2709005495788414	0.10880856984000724	0.33733607487159356
0.14024800940600393	0.1504699622328798	0.2648244949982963	0.11765023268700837	0.32680730067581143
0.1354267850922434	0.16315263449470463	0.25795585771817287	0.10821894913587586	0.3352457735590031
0.15689821060674503	0.15584367461347454	0.26149970876898054	0.10358457455924377	0.3221738314515559
0.14802329415927215	0.12534173779173347	0.271907368836152	0.10612233957985058	0.3486052596329916
0.1604025656882782	0.11775896680898229	0.28420817292074146	0.11308870883318607	0.32454158574881176
0.1318134132324004	0.1213255516315158	0.3231778150452216	0.10226314894713295	0.32142007114372906
0.1406585847923021	0.14350784382112525	0.30807785999408543	0.11403089052802312	0.29372482086446394
0.14798899740573107	0.10730641826744672	0.31787208073344175	0.11591288398291326	0.310919619610467
0.15499823959939707	0.17829380891363922	0.2706984509581257	0.10094366712040177	0.29506583340843595
0.14297502519955207	0.13036352011183938	0.31482435845986695	0.11774230613561897	0.2940947900931225
0.14778691928162485	0.11211052216965675	0.3033513287234817	0.10105608926014392	0.3356951405650926
0.1348961344550317	0.12259406361247265	0.3084367302781087	0.11100251184212444	0.3230705598122624
0.14277205909135274	0.13464085728423442	0.2844704842181598	0.1014663311461741	0.3366502682600788
0.15324813570312562	0.12184120723033603	0.29424242552137536	0.11296479400376391	0.3177034375413989
0.13558432055417047	0.16675887262809225	0.25769701440713827	0.10991957941280964	0.3300402129977892
0.14381256137528278	0.12860529942669782	0.3088750169719149	0.11413987201567502	0.3045672502104293
0.13285604067282944	0.12906465462079883	0.29385149923347975	0.11340601767347099	0.33082178779942084
0.1497430309635889	0.1496366447093177	0.2996235725818052	0.10372001454896464	0.2972767371963233
0.14562602253812157	0.1120662831412722	0.2991669059424592	0.09987683971403138	0.3432639486641154
0.1329942894136806	0.14785798694346955	0.2794459378869179	0.10126009471154636	0.33844169104438543
0.15992041378247	0.13855499829275544	0.2637085748421177	0.10230100147485308	0.3355150116078036
0.15497978587845565	0.14919677054977826	0.29058290757943317	0.11071905068449689	0.29452148530783584
0.1565106600826946	0.16095354802259879	0.2668321054648235	0.10672122840380308	0.3089824580260798
0.145221745110866	0.1555718792098012	0.2867658067473684	0.1142447113905499	0.2981958575414143
0.16115804349574564	0.13269155384553818	0.300655691035994	0.10617041990264638	0.2993242917200756
0.15840206238131932	0.1467138462584257	0.2783625613425625	0.11768277414054885	0.2988387558771434
0.13759500941070657	0.17441565926380156	0.2800759851852585	0.10954127624993966	0.2983720698902935
0.14448002062188894	0.12566430746612278	0.2933847360780801	0.10870023258837572	0.32777070324553226
0.15258665933818089	0.150780135696854	0.2779126825303333	0.10042400158387872	0.31829652085075294
0.1528139379031243	0.11436508913371313	0.27319160353604455	0.11623447250825368	0.34339489691886416
0.13257492008248212	0.13055427005477838	0.3117522994047467	0.09950827988706298	0.32561023057092964
0.13180806841662315	0.1528676132388645	0.2849097412329156	0.10695812883650213	0.32345644827509445
0.13878659167564628	0.1832220552220728	0.2706950039825345	0.10634931349000702	0.30094703562973923
0.14697626616340376	0.11951203869919261	0.30656376734981955	0.1017640188838178	0.32518390890376614
0.13325884386229542	0.10759764743290483	0.32260589718704663	0.11912064618639033	0.3174169653313626
0.135943773546302	0.1465073498262735	0.31724398951737215	0.11306473639337436	0.28724015071667786
0.139371167852043	0.15714139811853825	0.29651341309546897	0.10590817130819075	0.3010658496257588
0.15889981120473942	0.13140647186455764	0.295673673614785	0.11755097250495787	0.2964690708109598
0.16227891078827628	0.1590853360375257	0.2889590945660337	0.10155532601262694	0.28812133259553724
0.14627654919052452	0.13367295399193974	0.30232681587907345	0.10073913007282193	0.3169845508656402
0.1476236950289822	0.1263479436584286	0.2930643797250681	0.10926341279274877	0.3237005687947721
0.14298531864985853	0.13494957462271756	0.30670066798992246	0.09895446402264733	0.31640997471485394
0.1377718727364458	0.13912162343306084	0.31628869450895897	0.10388565358565255	0.3029321557358816
0.13634882741262305	0.11018816179511935	0.32072308416870965	0.10643108851863413	0.3263088381049136
0.16186893619508377	0.15338212296596973	0.27619842644290693	0.108591028576192	0.2999594858198473
0.16235000196622604	0.12448904977728453	0.2686093696773896	0.10452350762742896	0.34002807095167076
0.14244554257005854	0.17860092881412717	0.27736869880380444	0.10336493465076102	0.2982198951612487
0.15580940961261902	0.11379553114867874	0.30659822258957714	0.11344129834883382	0.31035553830029117
0.14084476116500133	0.1156176293845755	0.32129147186902074	0.1199272460685282	0.30231889151287406
0.13425702851523735	0.15366443655776718	0.27048208968388154	0.108752400024486	0.33284404521862776
0.15905147224595903	0.13437117245782704	0.29645607524117623	0.11454920527845064	0.29557207477658687
0.13694989647373246	0.16650470370684636	0.2840407138400121	0.11957914198073744	0.29292554399867143
0.14319560497383033	0.15985028881972774	0.2876600247027531	0.10960591128387398	0.2996881702198147
0.16107099012300857	0.16270794527665877	0.2696863672135146	0.11223183656054983	0.29430286082626805
0.14389387456344194	0.11465191578723403	0.31476220634177904	0.11968654660521172	0.30700545670233315
0.1404060130846969	0.14995492282684678	0.315543468736179	0.1061836964055245	0.2879118989467526
0.15066820361262862	0.15695774061529733	0.28384559697093975	0.11367117654310381	0.2948572822580303
0.16017867637909072	0.10984438629158344	0.28030482745073254	0.10255674045647974	0.34711536942211335
0.14237861695737936	0.1681597466284141	0.272078151996186	0.10793107706704247	0.3094524073509779
0.14660325246602798	0.11121228970711915	0.320015870742592	0.10668662153465903	0.3154819655496016
0.14338660444236484	0.1142030667842965	0.31663249150998507	0.11897544892903986	0.30680238833431356
0.1318525979006147	0.13994320275479902	0.2637055117819195	0.11543017842698662	0.34906850913568
0.1618094836257003	0.13239171224675966	0.27301431411941246	0.11532033422291263	0.3174641557852147
0.1561891587022566	0.17640107510820016	0.2590558067080466	0.10851427724919331	0.29983968223230306
0.13420631352281576	0.11024172449549147	0.3229953958719028	0.1030223500024926	0.32953421610729716
0.13350514159223875	0.16816930976885036	0.2577864210860707	0.10553029692149186	0.3350088306313481
0.1333407710918157	0.15793358820554235	0.2946774788111027	0.09959871015335983	0.3144494517381793
0.13365238312399486	0.1241921379746325	0.29097061247830425	0.10755029864819324	0.34363456777487505
0.13260454336020955	0.16870669294280555	0.27152971569307893	0.10919256605198924	0.3179664819519165
0.13729711135608164	0.17232706145905602	0.26178491958574507	0.11590560490606364	0.3126853026930535
0.13427373586355085	0.11265649919411677	0.29655037191153066	0.11682089021474518	0.3396985028160564
0.13821077754579292	0.11051641427814789	0.30515294519803404	0.11965573561142931	0.3264641273665957
0.16080671520628426	0.11774969533862945	0.3205835495668028	0.11251293348295935	0.2883471064053239
0.1464272096412484	0.14744137150364356	0.3018194007838089	0.100248310910314	0.30406370716098496
0.1399995229114901	0.17787283974423307	0.2742473998413701	0.10116182073711658	0.30671841676579004
0.16166498893579617	0.1302791947186255	0.31887781942565663	0.1001218010528089	0.28905619586711256
0.1349895540670905	0.11230566510668685	0.32139620069832464	0.1108795769877048	0.32042900314019296
0.1318986813059263	0.16356194787045647	0.28952854218023255	0.10895067889030081	0.3060601497530837
0.14676380389658297	0.1140620612797823	0.299064848816914	0.11442349580511682	0.3256857902016037
0.14785232982340854	0.15871289091077956	0.27969376598355405	0.10344173105189085	0.31029928223036685
0.1314909903389408	0.15968082829837307	0.2718633615756194	0.10888650764700553	0.32807831214006106
0.1331449832748728	0.16078270761159702	0.2864781932006676	0.10399140785751602	0.31560270805534635
0.15138823580998667	0.17426797690435342	0.2676664591222591	0.09998492419094587	0.30669240397245473
0.14750070114661673	0.18003572429252676	0.2641748293289502	0.10270884825855792	0.3055798969733482
0.15822477391606085	0.11472189194949184	0.2985554815318152	0.1104032965665139	0.318094556036118
0.1379449892819375	0.10931308384396014	0.291817768243267	0.11888258582024443	0.3420415728105908
0.13300593504314984	0.18413834098060503	0.2706524149501149	0.11588223430668511	0.2963210747194449
0.1489892860342112	0.17375020100620225	0.27206849573809533	0.11142152531659165	0.29377049190489934
0.1448973380824139	0.11467505524006655	0.3242130301647457	0.1124696506936084	0.3037449258191653
0.13517454220111935	0.16344381283226128	0.27110603171987957	0.11770084281131447	0.31257477043542514
0.15315637695434986	0.13632894254301856	0.27076628433690375	0.09960167610386317	0.3401467200618645
0.15840033165183998	0.12191685222935081	0.270396255410825	0.11394987719774058	0.33533668351024337
0.14160677560348342	0.13227212371954666	0.30372801246772557	0.10645568251271084	0.3159374056965333
0.13237638112847697	0.14927989450083604	0.2682263561107142	0.11868329857002191	0.3314340696899507
0.15624098656851157	0.13534106693528675	0.2599729139650993	0.10682626911440292	0.3416187634166993
0.14001436601846062	0.12323493823218637	0.2799941533076404	0.10756758964745983	0.3491889527942526
0.1483464116884181	0.14419471201777453	0.2969453705133746	0.1096967486762655	0.300816757104167
0.13395539450569174	0.14186213909453166	0.2657117308906384	0.10959056989297694	0.34888016561616114
0.14152154945813242	0.14149443596021974	0.28329466449064045	0.10526516319044332	0.32842418690056396
0.13323259710915586	0.15016134873781783	0.27214518103443847	0.11338814129603857	0.3310727318225491
0.14855808051202513	0.13731499580561052	0.2701546057538044	0.10005646062102105	0.3439158573075387
0.15006203197431334	0.16744637172539262	0.27262031909090834	0.11826430144302601	0.2916069757663595
0.13834004077137524	0.1598791293168605	0.2880026747932015	0.10803709163629518	0.3057410634822674
0.13957043198041336	0.15406774189347974	0.2801671157886112	0.10430719812685349	0.32188751221064205
0.15587594620074274	0.1569099835039919	0.29165520190494204	0.10265000394738813	0.292908864442935
0.155443731796565	0.1371133906396364	0.2860240496412001	0.1077825313182105	0.3136362966043878
0.13431621613495948	0.14823988190376863	0.28763412544901734	0.1001628624920652	0.32964691402018914
0.14023809311819874	0.17772170362203643	0.2650160119420473	0.10793961402027896	0.3090845772974383
0.13554543426579005	0.14397518659607933	0.3220767582863204	0.10109602687638011	0.2973065939754299
0.13381446411036613	0.14180784630062568	0.2815704791454244	0.11405414570690955	0.3287530647366741
0.1434010569140554	0.16645253896451503	0.26068545106688945	0.10683133148619543	0.32262962156834446
0.14494132501708853	0.13676017328972512	0.29950559970547347	0.10537934834161898	0.3134135536460937
0.15193307648049614	0.1609050884892304	0.262806235889378	0.10328132294645011	0.3210742761944452
0.14581170883680045	0.12846140042633147	0.2808932919730568	0.1177837883553613	0.3270498104084497
0.15350771598841045	0.13663028489300966	0.29381472524168784	0.10887126967584958	0.3071760042010423
0.1481737305565916	0.10765678986104298	0.30438594120582546	0.10999016567529758	0.3297933727012422
0.14990948370976426	0.11740551746681431	0.30497048802287413	0.10391023199855881	0.32380427880198825
0.14699720347830353	0.12133921807202606	0.27527713084812094	0.11615082814768689	0.3402356194538624
0.13706681814446686	0.16241985256032795	0.27418359399520453	0.11882492597396868	0.30750480932603175
0.15329152847758842	0.10947403168761327	0.32274609815364597	0.10759311546627628	0.30689522621487586
0.13535594780159532	0.11471614812381732	0.2929258869336863	0.11965699091204589	0.337345026228855
0.14097765893029018	0.13634348774867783	0.2872347549152925	0.10139555807327565	0.3340485403324637
0.14847085745719601	0.16591717534451397	0.2668886576372904	0.11680291749654649	0.3019203920644529
0.15521809436250172	0.15577018983231913	0.2722742107011419	0.11759626691571777	0.2991412381883193
0.15268987636797227	0.17771782679145615	0.272681345422499	0.10310636426376692	0.29380458715430546
0.15623078930103512	0.11857445042739977	0.3006555498651731	0.10377480480026958	0.32076440560612224
0.14358421125006743	0.1696831496739502	0.25804566491439995	0.11572885169517597	0.31295812246640625
0.14982389639340868	0.14257716898121087	0.27244872682762056	0.11567499473518761	0.3194752130625721
0.15614698165358076	0.1434172484754183	0.28133067775281984	0.10775316958593376	0.3113519225322471
0.14355081446726686	0.1395860059680006	0.3006420882050954	0.1072019358874839	0.30901915547215303
0.1581063294806666	0.15428251968369128	0.25831473669142074	0.10552170597226884	0.3237747081719523
0.1337153914665094	0.14736988326033976	0.28072775325221916	0.10413535850975539	0.33405161351117607
0.13129721563076835	0.1765910862882646	0.29586018379471923	0.1057132122754514	0.2905383020107963
0.16151699196585992	0.11790533062498593	0.29495739731726606	0.10814575446701555	0.31747452562487233
0.14783913560995374	0.17086980879791974	0.2679689388238629	0.10608463973969602	0.3072374770285674
0.14488053680103136	0.1174701395417633	0.28325201606026174	0.11220359510256214	0.34219371249438124
0.1516809792429391	0.11295871338032916	0.3167430015800969	0.11123657317917984	0.3073807326174548
0.13265459468119123	0.11116705385613618	0.3193639390745974	0.10737497314267859	0.3294394392453964
0.15242294569610843	0.173289117503313	0.2747685887903564	0.10558470882960724	0.2939346391806147
0.14290760921724982	0.1237602646432789	0.2677392445659523	0.11725576953339684	0.348337112040122
0.14685641814387768	0.1549883380649003	0.28725018009725023	0.10961039648063906	0.30129466721333253
0.1468588103782823	0.11816781719190748	0.2777965976317265	0.11349522216304762	0.3436815526350359
0.14850391108307404	0.13826036835942426	0.2669808308036386	0.10852422458567104	0.3377306651681919
0.15448171222359142	0.1299948291382548	0.32401903660633874	0.10002449518129576	0.2914799268505191
0.13836515853138107	0.12277109094764277	0.3011987203517245	0.10282920082407797	0.3348358293451735
0.13828733779194366	0.1580286859128215	0.28841081700320426	0.10825981967030135	0.30701333962172905
0.13281108666975014	0.1348289853465814	0.30729981911621623	0.11220594683097275	0.3128541620364793
0.13676504222450225	0.13866752654721265	0.324610343983803	0.10576487660669477	0.2941922106377871
0.14008683779106185	0.15561209091767464	0.28757758710051273	0.10801458197127511	0.30870890221947545
0.13829884140423654	0.1844412739213979	0.2600933516266806	0.10567304168434584	0.3114934913633389
0.15422680211044737	0.1547651880422362	0.2730453160905827	0.11010346360823758	0.307859230148496
0.1309695320462237	0.13991795146226665	0.2706485567632407	0.11214369261331848	0.34632026711495034
0.15847469422935648	0.11350934163185852	0.2701950421259053	0.10964884500738609	0.34817207700549346
0.14499616112659025	0.11133394138212505	0.30460463008638905	0.11723213702696283	0.32183313037793265
0.13699389417108968	0.12206221782060478	0.2955426576070482	0.11000413088725007	0.33539709951400715
0.1559269713451655	0.14836586108726738	0.2895179830235337	0.11847124959313446	0.28771793495089876
0.14378004799915095	0.12857688933463748	0.302734880456917	0.11347710148576508	0.3114310807235293
0.14996062778850666	0.12994397147025277	0.30370666936817164	0.10993576455220605	0.30645296682086265
0.13795728150135217	0.14361457471673206	0.2756425733246592	0.10392397159670716	0.33886159886054923
0.1449926247700029	0.13797016977049814	0.2826746684652649	0.10560261125348948	0.3287599257407444
0.1597518935319509	0.14276996901602249	0.2642256963742119	0.11380567094186324	0.31944677013595124
0.13325911552839811	0.1547741125266337	0.27839668304886855	0.10235726729251118	0.33121282160358834
0.15512062253292563	0.13807001429171759	0.2965917361694653	0.1181845562970495	0.29203307070884177
0.13042098540238872	0.16005120930017333	0.2773787187832377	0.11054033913601188	0.3216087473781882
0.16173621591368292	0.1582979271196447	0.2659428600439502	0.11043863452356176	0.30358436239916026
0.14980740407532495	0.16037942216218368	0.26154892020435194	0.10890829822322323	0.319355955334916
0.15324837835933058	0.1482498090028554	0.30940977862158486	0.09987025476774647	0.28922177924848247
0.1574021198952016	0.14847910931546934	0.27285766470070694	0.11704147821353238	0.3042196278750896
0.1610833930870626	0.1278744786676468	0.2700903038903695	0.11041649666099941	0.3305353276939215
0.15761961352340123	0.11744628559220374	0.3177530177400068	0.11533366433274701	0.291847418811641
0.15798237832607664	0.16575655749916637	0.2596207094765192	0.10359181675969455	0.31304853793854304
0.15059150688065384	0.12459122279471914	0.3070176134584566	0.11548807255437268	0.30231158431179755
0.16200776716620263	0.14723351917785227	0.2915134227932157	0.10711279634345	0.29213249451927925
0.1331503977898602	0.13431527834132842	0.3121891578075353	0.10711290592219427	0.31323226013908156
0.1583095177337106	0.1634145784152879	0.28031499997069825	0.1024148560924253	0.29554604778787774
0.13518183537666384	0.1498956853049498	0.3001595533501229	0.10572079083772656	0.30904213513053674
0.1599881514639705	0.11131456474402937	0.2797142664343524	0.11146506532966613	0.33751795202798146
0.1425869197813036	0.17270955435063204	0.2775169036336332	0.10975474352117877	0.2974318787132522
0.1457386120427196	0.17420696226171486	0.28620331348373945	0.09982147790863373	0.2940296343031922
0.13190269683337313	0.15547507983555955	0.2631620748960706	0.11588434349638735	0.33357580493860917
0.1411649313976432	0.15679383037471334	0.2879310508479414	0.10353540624711464	0.31057478113258724
0.13373026417568074	0.11783717726559542	0.2974813158795958	0.11518346804916187	0.335767774629966
0.1362514229198174	0.13738914813301037	0.31369121141499373	0.10275865883407213	0.30990955869810616
0.15604547490544765	0.1629224544988398	0.25902752532434953	0.10680546024690027	0.3151990850244626
0.13779308518555214	0.15594412600444318	0.3019475076451008	0.11221780428891887	0.29209747687598486
0.15982247656494086	0.11793032010916846	0.292825747578208	0.1145268461193848	0.31489460962829763
0.13914978750494322	0.12420510108855475	0.28333952286826397	0.11548169080556445	0.3378238977326734
0.15679143296816395	0.17427334194531904	0.27821154332481074	0.0992560713910839	0.2914676103706222
0.14989939550150144	0.12690382495351737	0.3201658650439652	0.09925956865939736	0.30377134584161847
0.1607720260070481	0.1179161873567244	0.2750838439857969	0.11525755391815458	0.3309703887322758
0.13548837161302718	0.15239443454716067	0.2904845027243939	0.09940795249750195	0.3222247386179161
0.15318017455096916	0.14187361412760016	0.30547556342236165	0.10162794445239226	0.2978427034466765
0.14917419452340192	0.1080551013723728	0.3158428473250072	0.11836873993347562	0.3085591168457423
0.15253994514529534	0.10987802905048573	0.30062480318646556	0.10771019709073801	0.3292470255270151
0.15896686577729116	0.11903471434225403	0.3063264233653285	0.10417308098193542	0.3114989155331907
0.14691620380394096	0.155485229942535	0.27773365251272686	0.11887120540886648	0.3009937083319305
0.14441381021712552	0.1487473886189129	0.29722390883364336	0.10658076577619197	0.3030341265541261
0.13312255986978416	0.1213787443188665	0.3221699413841559	0.09920704727711173	0.32412170715008154
0.1606541420183571	0.1276463032506225	0.2841560749653944	0.11951203449480599	0.3080314452708198
0.14152973269763197	0.18175754934399363	0.2671577981816181	0.10780743011621807	0.301747489660538
0.1413752313141417	0.1627444902917518	0.2943476138699055	0.10289354960957299	0.2986391149146278
0.15083297138952212	0.13943156005107293	0.2945034431514374	0.10558378386854217	0.30964824153942516
0.150886964963659	0.1096211069236749	0.2718734268244175	0.11943106565758618	0.34818743563066223
0.13821638391987912	0.1329200858518307	0.28078898814293496	0.11792171666803754	0.3301528254173175
0.13937974850498988	0.1309501633042832	0.30285543989977226	0.11213416573742965	0.3146804825535249
0.14538300015276617	0.16843937104610127	0.2676290283612672	0.09967881179509677	0.31886978864476845
0.1509575841754826	0.10786186258644236	0.324368358394327	0.10089362146184108	0.31591857338190676
0.13347440367608515	0.11484312464252908	0.3132094628198334	0.1128306079783313	0.32564240088322083
0.14240139154105882	0.1396113942470031	0.2660056346213663	0.11732500454606955	0.3346565750445021
0.14111525786665466	0.15686164670325622	0.27202079535309165	0.1079752412009389	0.3220270588760583
0.14451597421151247	0.17383406747144778	0.267671296209664	0.11347194854353337	0.3005067135638422
0.1433828910788859	0.16698554747746697	0.261528320009534	0.11687095765747457	0.3112322837766383
0.14968705544799513	0.13410181488781014	0.2605697764027448	0.1190254773461086	0.33661587591534115
0.13422367198598995	0.11415127875642375	0.30947774160709773	0.11489585557253267	0.32725145207795575
0.14651579029702047	0.18269869065485542	0.2665898394522211	0.11192443514828472	0.2922712444476181
0.15712024227453375	0.13185515534330952	0.29120640836577233	0.11507228022682299	0.30474591378956123
0.1580578133206787	0.12105585632468713	0.2998687378727837	0.1169962615966802	0.30402133088517014
0.1538044490490192	0.17619388180567797	0.2622744000212034	0.11170468381853235	0.2960225853055669
0.14180068846178112	0.12917767683125086	0.3036525392539301	0.1173842060576431	0.3079848893953946
0.14039837635096636	0.17608951082963883	0.2843618054513732	0.10830700287770051	0.2908433044903209
0.1568412328551136	0.13139185326212338	0.2919867014114674	0.10552734203551165	0.3142528704357838
0.13151553689137027	0.1861856548926528	0.2632882265705824	0.10785885157201713	0.31115173007337726
0.1392723782072905	0.13975159589460756	0.28882407869133714	0.10110186812446739	0.3310500790822972
0.15421976364541906	0.12150327187971259	0.28571128496395093	0.10678498973831865	0.33178068977259856
0.15600947634927664	0.15763425706638495	0.283025432385297	0.10297737481455263	0.30035345938448854
0.1540185338734853	0.16739492362365987	0.2634115654886108	0.10357543702807906	0.3115995399861648
0.158571889647104	0.13004177112435794	0.26252793704101757	0.10802765113553518	0.3408307510519851
0.144678467456887	0.17058892237231993	0.2609891078906041	0.11132013066920113	0.3124233716109877
0.14675801388364693	0.11095795334941112	0.3062644023692527	0.10297747515335694	0.3330421552443321
0.1546374915961644	0.18599767547814564	0.2620483008379203	0.10422674010270555	0.2930897919850639
0.1574578177777312	0.11815264760678278	0.2855023783883141	0.10586171182779355	0.3330254443993782
0.1530872291456643	0.1686666415641191	0.27484716734839076	0.10098440362612401	0.30241455831570163
0.15578309221829462	0.1317205134575986	0.27005684736543845	0.11230854911884744	0.3301309978398207
0.13594878304884955	0.16460857665283518	0.2915405557658022	0.10487214432932013	0.30302994020319274
0.137891673292792	0.1426869602682891	0.3199037196463939	0.10711375550216332	0.2924038912903615
0.1473319804493952	0.11514589793095502	0.3106257927664043	0.10994219173674868	0.31695413711649667
0.1436537659189908	0.14978331208802947	0.3068108672347816	0.10661867422243684	0.29313338053576105
0.13412006785179015	0.15095504845347804	0.29230739999476923	0.11518144725083469	0.3074360364491277
0.1360790914480599	0.17795098226576003	0.27592930065644816	0.10806446989911811	0.3019761557306136
0.14325031506374922	0.1451047476652483	0.2703175821794533	0.11440492731469826	0.3269224277768507
0.13741744543086926	0.14759873483999494	0.2900190913202303	0.10598180850255595	0.3189829199063494
0.14827557348568554	0.15333878619471483	0.2937332061257889	0.10492914324903073	0.29972329094477984
0.14314793636191092	0.186768656879683	0.27045394756567165	0.11209591222391702	0.2875335469688172
0.14915629005678646	0.12887324602549433	0.274851646784226	0.10109741339650116	0.3460214037369918
0.13516440509825847	0.1478956323713759	0.27294059592820075	0.10478088118383756	0.33921848541832716
0.14141486541182935	0.13129571483606367	0.3232313560059721	0.10772088640492611	0.2963371773412086
0.1327509863201069	0.1753315703509944	0.2836726063114241	0.1150301264526642	0.29321471056481024
0.15471467192912958	0.15128214630391135	0.29415223232353044	0.10935593854128477	0.2904950109021437
0.14400984589190924	0.18060722455228181	0.28231417200079234	0.09910696425026647	0.29396179330475003
0.15136092528530262	0.15586199712695295	0.26201731096360453	0.11214030240410568	0.318619464220034
0.14876605785044578	0.12443907527156958	0.316271093461765	0.10488940648043564	0.3056343669357837
0.13637529845928886	0.16146509657617625	0.29091264957710233	0.10926961599899791	0.3019773393884344
0.1325071636601126	0.17865763667939583	0.2676532886091813	0.10522754121471145	0.31595436983659864
0.13637298558938366	0.14003453951615757	0.3230601342690359	0.10509346169752885	0.29543887892789383
0.13591076386353193	0.1491117892345269	0.2694150384147856	0.1060668240378849	0.3394955844492705
0.15917954443301013	0.1081723254871382	0.32508774018159925	0.09892401197194009	0.3086363779263121
0.15365273282353004	0.16024976618029832	0.26383818582768603	0.10165188994037323	0.3206074252281122
0.13773944154592999	0.1849512293057233	0.2625023839992985	0.11985764015575259	0.29494930499329547
0.15229604857374718	0.13416170693961488	0.3008448566885473	0.11092478589631745	0.301772601901773
0.155757161112893	0.14785278329543328	0.2582353183049885	0.11863445113907964	0.3195202861476053
0.15985729878854757	0.14469535955060472	0.29399475089711163	0.11277634738912498	0.2886762433746109
0.14128203504638537	0.16351178277839773	0.26826939342226264	0.11649385603766192	0.3104429327152922
0.13452177195416518	0.17745497009522307	0.2715919762796214	0.1095491614035654	0.3068821202674248
0.13754860210531655	0.1616947526718184	0.29364232026177994	0.11342925811456125	0.2936850668465236
0.15707084454616388	0.12201471237868453	0.2821983488728714	0.11867988569637719	0.32003620850590286
0.1351197279313401	0.10716946206981573	0.30476279770903003	0.11268143823510032	0.3402665740547136
0.15369627735276065	0.15828427666035325	0.2629563313452179	0.11505243955446684	0.3100106750872012
0.16139731420898423	0.1517446748619648	0.27102846346194337	0.11689861334965272	0.2989309341174547
0.15268408033893133	0.1534095367029224	0.2609277558527168	0.1187662643690366	0.3142123627363927
0.14808812060205773	0.15874667601570938	0.27699352569382135	0.11908294703173472	0.2970887306566766
0.1329534941772066	0.15252699791062538	0.28239547327250597	0.10044027005975281	0.33168376457990906
0.13265403978815837	0.12858640334661817	0.3150670928919376	0.11978750821945533	0.30390495575383036
0.1521218784131954	0.14182318426512858	0.26302172764377	0.09939921935208511	0.3436339903258207
0.1487531654574944	0.12532903525606987	0.2796136371602514	0.1189668070898136	0.32733735503637057
0.14044032825217675	0.15021964465159443	0.3005223704580168	0.11625416491757024	0.29256349172064167
0.16040193821343507	0.15708884684680163	0.27669856313724506	0.10117878740660247	0.30463186439591555
0.1387979843307441	0.1691007535854209	0.2960465822992897	0.10068579142211767	0.2953688883624275
0.15622534644106176	0.13647519093339447	0.3121382215691913	0.10787098673293379	0.2872902543234185
0.134919120196191	0.14664986078661263	0.28530636711546403	0.10370554836287509	0.3294191035388571
0.13204243719551062	0.15266586174292332	0.2845735429549552	0.11314882550128993	0.3175693326053208
0.1598870325701944	0.1647940527026522	0.284602495242938	0.10152686668515896	0.2891895527990563
0.15423778889975825	0.15811073095318479	0.2637555522727822	0.10010855455725853	0.323787373317016
0.15985209560653402	0.12474701202317069	0.27524643399417237	0.11453812889908611	0.3256163294770366
0.1403376741786581	0.14641408242581533	0.30298660027601376	0.10029111675490762	0.309970526364605
0.13384204818136775	0.17212333369281776	0.2623161842648991	0.10479315026618752	0.3269252835947277
0.1530249690198624	0.13350865286029856	0.27918713002144013	0.10296242234302869	0.33131682575537
0.15413945923483074	0.13252119449356026	0.28727181058149887	0.11020803484840982	0.3158595008417001
0.14579223744073738	0.12207630572512482	0.3095543828953447	0.1131555220423078	0.3094215518964851
0.1499435232380415	0.11739633185537264	0.3221771533188347	0.09907496827577991	0.31140802331197104
0.13116099824313818	0.16627041774921666	0.28750346137219196	0.10267842297200308	0.31238669966344995
0.1327434781573073	0.12530784332958778	0.31893884896198005	0.09899028463020218	0.3240195449209225
0.13016968343095753	0.17416452378950648	0.293177382105075	0.10219787567957887	0.3002905349948819
0.14375189325652515	0.16669956086174323	0.2695849776708491	0.11553824519801623	0.30442532301286607
0.14638557230717358	0.1404577073293098	0.28558916366329695	0.10472583244139863	0.32284172425882085
0.14789722193349464	0.1755882082236078	0.26137875173518277	0.11311468874019744	0.3020211293675171
0.13645714057754005	0.18325439882347336	0.26729162772854026	0.11416830733723018	0.2988285255332159
0.1371686040010766	0.15612893202843142	0.30615979758059314	0.10011009031837124	0.3004325760715274
0.1313296582388051	0.1838059194021794	0.27777482711810614	0.09866263058269763	0.3084269646582115
0.142033376002641	0.1851171129063599	0.27789406196960387	0.09870702226542878	0.29624842685596625
0.14654077352438477	0.10929639259011054	0.29742365095943213	0.11154909115656989	0.3351900917695025
0.13979190666343133	0.12631469719795246	0.28383881428576324	0.11939595873013165	0.3306586231227211
0.13659024698360933	0.14029575148158485	0.2759780024921441	0.10683196782215972	0.3403040312205018
0.13539259729239142	0.16360135302813927	0.2720253256569606	0.10224544543863301	0.3267352785838755
0.14543874534178924	0.13386793836574723	0.32368815773369924	0.10017991423919416	0.2968252443195699
0.14965144584796497	0.1491988167681958	0.2938799541680574	0.11830004378968893	0.28896973942609266
0.15402633484678174	0.14410664207552298	0.28671625433899867	0.11929117383709067	0.29585959490160574
0.13587955957425674	0.1549382021275456	0.28151261817257106	0.11018994213089874	0.31747967799472765
0.15797310653801977	0.18038058808319032	0.2582417306943007	0.09870082796100342	0.30470374672348566
0.13743765559784527	0.18080007405806978	0.25982298842124085	0.11944884520840059	0.30249043671444337
0.1434418403542522	0.1516387593959079	0.2847445284335093	0.10862738647014317	0.31154748534618726
0.15744667099083168	0.14305372006479686	0.28494928659396096	0.11414378225494454	0.30040654009546575
0.15354141810531374	0.12353808020078491	0.2990273207759117	0.11040911253033646	0.313484068387653
0.13216310606069342	0.15420853606433368	0.26729846626252995	0.10644240499536602	0.3398874866170767
0.1306353479495826	0.11534911055954258	0.2867143031791823	0.11871234115968145	0.3485888971520109
0.13374607103100056	0.15495072831453477	0.30208813173406	0.11961318602117424	0.2896018828992303
0.15044294818409515	0.1176261434612792	0.2770297746464091	0.10619965857960977	0.3487014751286066
0.13735923544767906	0.1830645014276029	0.2811565585167518	0.10648380088862928	0.29193590371933675
0.13252593650598432	0.10851696967754429	0.3127470448697563	0.11463495942531603	0.3315750895213989
0.1449259246665054	0.11540297202250527	0.29476617269137645	0.10478551852512631	0.3401194120944864
0.13262141141745304	0.12094392134844731	0.29514563311457476	0.11542413507131677	0.33586489904820793
0.14920419221143927	0.1252105200386487	0.31748560594882785	0.11430684789351277	0.29379283390757127
0.1333638563553604	0.1137099790690951	0.2959169898809409	0.11144728225148602	0.3455618924431174
0.13593591601493799	0.13690310933230287	0.3066979634814688	0.1070974684669592	0.3133655427043309
0.14151155257238734	0.159994281492631	0.28302534597153695	0.11668262192703771	0.2987861980364068
0.13751938557981824	0.10849298724566137	0.3153824927793925	0.0986092957982519	0.33999583859687577
0.1554273054070297	0.16623576855727942	0.28252630202737905	0.10164974511177931	0.29416087889653236
0.15314122133073255	0.1568762488119361	0.26225070244365345	0.10924529112514778	0.31848653628852996
0.14787025999979558	0.13895658582544818	0.32205531359731393	0.09987072990522021	0.29124711067222187
0.13570503905131773	0.12827191756958295	0.2962867756203753	0.11711815232505252	0.3226181154336713
0.15533898378281003	0.16715977455117767	0.2579902774260621	0.10577560502987637	0.31373535921007367
0.15098039454030804	0.18307851825296123	0.2596050668719454	0.10867353811905264	0.2976624822157325
0.14686405247191553	0.13040061741013131	0.3185049304402814	0.11519804812081855	0.28903235155685303
0.14355052536404558	0.1542964116919197	0.2840282810908734	0.1158354078462803	0.30228937400688083
0.13890512130023686	0.10713353405910854	0.3223775037497012	0.10854098076678538	0.32304286012416783
0.15594797678429317	0.11815214204833656	0.2979457220068589	0.10998367583580489	0.31797048332470623
0.13187224071843553	0.13887978177364854	0.29781608911476265	0.11570573529516147	0.3157261530979916
0.16095924366930148	0.15236192229893994	0.28218908875340004	0.10143118332797237	0.303058561950386
0.14256326489006532	0.10726795439063952	0.3250871952794396	0.10544584912073407	0.3196357363191213
0.15624515971122382	0.14799764905449914	0.29748047868335337	0.10189141606207947	0.296385296488844
0.13275988578292386	0.12120654257654571	0.31748683993856414	0.10368136113225256	0.3248653705697136
0.14605574634722784	0.13722209013888947	0.26921634974806113	0.10676820693902997	0.34073760682679144
0.15883444519505074	0.18411969889160223	0.25736766641339315	0.1067589660819938	0.29291922341795995
0.13519609234985913	0.1455501154178485	0.3132367552005674	0.09879855999557713	0.30721847703614763
0.1338558261011023	0.1783736900678329	0.26001297233315845	0.11543240103379608	0.31232511046411005
0.14243419870098006	0.11189493539921437	0.30075938602555324	0.1187696906336366	0.3261417892406155
0.1479327618838851	0.1456658086643625	0.2646643396669651	0.11160804370421075	0.33012904608057636
0.1371636307783859	0.11210663907218377	0.3190648419748024	0.11622216998296718	0.3154427181916606
0.13738071584206485	0.15897793338243987	0.28617323681436374	0.11827433964938897	0.29919377431174243
0.15977330149743083	0.13201373155932697	0.27505824156921577	0.1057201719069307	0.3274345534670956
0.15100062105545248	0.1157422790854648	0.3196942881679634	0.11232426032338488	0.30123855136773425
0.13902631527323503	0.13904638372870765	0.3198480621942291	0.1130367965360794	0.28904244226774867
0.13054679588602464	0.15288534930400313	0.305563440830738	0.11643105044954671	0.2945733635296873
0.13324702118408277	0.1383737591926566	0.3015823050322101	0.11366827080534773	0.3131286437857026
0.14707308800854574	0.11731363643787324	0.31994178013181135	0.11107116686068656	0.30460032856108293
0.13347901883876656	0.16839328138811507	0.2977968979537218	0.1031155833370065	0.29721521848238985
0.1595996845735776	0.14603902580441971	0.25724898519769385	0.11868673102870013	0.31842557339560856
0.13271995062347836	0.17827996915861713	0.2685329624579013	0.1150327196452964	0.30543439811470663
0.14399551854146925	0.18507082682302198	0.25786915012633144	0.11522675986549713	0.29783774464368007
0.14277424211021486	0.1673075000769166	0.2706317351007567	0.11890333266624542	0.3003831900458662
0.15613190828698262	0.11545039338867386	0.31370253081403265	0.10754657047255196	0.3071685970377587
0.1385211957513407	0.15800893849056796	0.26842439713188015	0.10915803124604803	0.325887437380163
0.15252141283643803	0.17417054458055298	0.2677945099355383	0.10211453932867076	0.3033989933187997
0.15055417330020593	0.17899615624129567	0.26568052553893234	0.10837528674705466	0.29639385817251124
0.13517368195873877	0.16002334927140766	0.29521364179053866	0.11205483725831461	0.2975344897210001
0.1381840695304094	0.15833176747751737	0.2994211561714754	0.10077950606920595	0.3032835007513917
0.14159280429333507	0.10833919195369197	0.30588353628682274	0.10664509240300671	0.3375393750631433
0.151098809301548	0.13767335836514535	0.26263103269523264	0.11164245982953605	0.33695433980853773
0.15094207912204272	0.16587636139220024	0.27209792412144174	0.11422546397897856	0.29685817138533654
0.13624584488479252	0.17542774848152923	0.28619352241898777	0.10270795022595294	0.2994249339887373
0.14808054779400048	0.14422688514769555	0.2954244213599863	0.11297101159771927	0.29929713410059816
0.13371883567412757	0.13555038252305268	0.2901229939783492	0.10331746007968703	0.3372903277447834
0.13081961193536742	0.12765651382243262	0.3205109077378374	0.10887026547745413	0.3121427010269083
0.13422116734077	0.16074594951533522	0.3120285279826919	0.1031466428146524	0.28985771234655033
0.1582673895243653	0.13394952886282685	0.2665547898189959	0.11053829063216065	0.3306900011616511
0.1364568609760683	0.12243197590163159	0.3141152163371567	0.1044837308659531	0.32251221591919016
0.13108846288008136	0.13837418028121554	0.30048250931654763	0.11414806467837597	0.3159067828437793
0.14075899994158653	0.12116832243461499	0.296682464221469	0.11004460922573088	0.3313456041765985
0.1460311586846597	0.15636737833123193	0.2930749533766141	0.10881651339939905	0.295709996208095
