0.1555770980382875	0.048016927646533786	0.21702111703257462	0.11966986287729972	0.047637077944809994	0.05623417050879012	0.24320308873212892	0.11264065721957509
0.1485365999470817	0.04879691848629217	0.21722476554457396	0.1207438364975448	0.0496541303937936	0.062059780976424256	0.23809905406204526	0.11488491409224402
0.1532873236997795	0.05366396863216108	0.22228480872473022	0.11388812236389441	0.049186574362567625	0.05942396052570102	0.23533281929027927	0.11293242240088655
0.14138301862726474	0.04858934022001454	0.22624519128398696	0.12592333487648258	0.04588337837082648	0.06736643605482298	0.23908213551764546	0.10552716504895601
0.1367749795045327	0.05024570040229892	0.22731111589157413	0.13035974841293568	0.04926848318025212	0.05563391129293127	0.2418555123370928	0.10855054897838218
0.15913338307667813	0.04557157452260539	0.22854007189112568	0.11420210411283968	0.04498269219023289	0.05683508279055176	0.2421625666519279	0.1085725247640384
0.1358550055292081	0.058031991255030724	0.22775341466357402	0.12178518221813495	0.04669519077327325	0.0579709089884977	0.24068178821113273	0.11122651836114836
0.13781711054011	0.0566008541166345	0.2279852843165629	0.11701888434343631	0.045110287057666704	0.06125740294200119	0.23898931401934168	0.11522086266424644
0.13608503219213472	0.05159983457822727	0.23473096009567096	0.11379856952732866	0.051876648714937315	0.06552667799222706	0.2415322024848552	0.10485007441461852
0.14895706165953265	0.056593684604792305	0.22703198502799085	0.11110149721031705	0.049740354143781085	0.05724851600937075	0.24499555824748473	0.10433134309673034
0.15429237788969943	0.055047725783034296	0.23255883646840847	0.11401707117965715	0.04645976466312776	0.055830378364724806	0.23476419544997712	0.10702965020137069
0.14703277490966715	0.047984876723106	0.23060314514286667	0.11747700394633777	0.05100792609654328	0.05731888213380132	0.23798234097790633	0.11059305006977126
0.13958849455133318	0.048335195263391834	0.23164994328371957	0.12390390864542775	0.05205262584152813	0.05842846581963457	0.24053505249590262	0.10550631409906208
0.13611829286477695	0.05631319255967192	0.23094254389283292	0.12571073079523618	0.051278051288322815	0.056821564035519925	0.23529038053008056	0.10752524403355858
0.1480533218415348	0.047658765159534766	0.2170133837969916	0.1309251601183268	0.04848411076733797	0.05748553657317147	0.2419537431140396	0.10842597862906271
0.14223746177606972	0.05588792331265195	0.22235718355745693	0.11902583990032417	0.04744886049590415	0.06607538862579393	0.23727669007008634	0.10969065226171264
0.13762487656116174	0.055122951610963755	0.23583669018360093	0.11088904948590726	0.044120182907718325	0.06482555741493401	0.24479357110183664	0.10678712073387708
0.14727713324933892	0.053109635773097894	0.22058933967921177	0.13028020810212046	0.0501555796830635	0.055806471000166766	0.23709048702834545	0.10569114548465502
0.15217601038611675	0.045371582450454445	0.21775872039058347	0.12774245036371135	0.04484504412628197	0.05835462135083634	0.24094954442135502	0.11280202651066043
0.13729148923049533	0.04519333313646767	0.23991577961074667	0.11477706110702939	0.051933773571578135	0.06833728964599492	0.23818600942797652	0.1043652642697111
0.1381366516851583	0.05350590014101622	0.23713822065124077	0.12053584344090743	0.044759987331236234	0.05651189699954995	0.2371118856723275	0.11229961407856336
0.14629865671006342	0.049611520836285894	0.23787073667385675	0.11640422494376598	0.04488393734100257	0.058309761266589946	0.23656035986302826	0.11006080236540698
0.14323258202206327	0.04661917824075701	0.23076937181470386	0.11961999349117347	0.046056214248827804	0.06818957791155829	0.23754609076472805	0.10796699150618805
0.1533238355989485	0.0509166095295734	0.23061349681781299	0.11553220708486847	0.05204777712856991	0.055558743294518584	0.23524877420620843	0.10675855633949947
0.1412389885361577	0.046126995868271195	0.22590491509925126	0.12741058940227273	0.05005277537195013	0.05678516835349384	0.2414809241656042	0.11099964320299868
0.14127665956051422	0.0571866351849412	0.22345163860091555	0.11843927770293007	0.05183979901947007	0.06601890222352619	0.23649467656165768	0.10529241114604482
0.14734905401456283	0.050897805176340655	0.22759039087459704	0.1176550331138258	0.0457630928198155	0.06104331588880796	0.24083747799613836	0.10886383011591168
0.14118355467204097	0.05454407722866089	0.2169513940826669	0.1297211016873745	0.048864746655474925	0.06348784386790862	0.23990851240785224	0.1053387693980207
0.13867174034693325	0.05510409869480998	0.23158558531507256	0.11157805751694194	0.04739846793741513	0.0651782827690357	0.2386992929379734	0.1117844744818178
0.15970539908380976	0.04849510527409581	0.2176546031820452	0.11726882151588569	0.04410891342602924	0.05954541318054486	0.2463699419779769	0.10685180235961236
0.15082959948041325	0.047378759092270184	0.22703529147684162	0.11985771240848982	0.04968717701184132	0.05672647248384988	0.24332383089669746	0.10516115714959623
0.15222732213715337	0.05050212095008412	0.2179267484724554	0.12037928643926624	0.04899605528044282	0.0602727489374946	0.23536099973568864	0.11433471804741459
0.14219225587506212	0.05934133808537376	0.2198820408146518	0.1234579612621855	0.04535437303278786	0.05983185352747962	0.2365624967054241	0.11337768069703501
0.140197152555925	0.04991368507258814	0.22966977944264458	0.12012793931152299	0.052450071098602266	0.055868432151103986	0.24580258916332537	0.10597035120428744
0.14574010792296696	0.04719338928071788	0.2272688426399077	0.12359354361794576	0.04629147301259402	0.055890020573535704	0.24113811027931464	0.11288451267301712
0.15419713680599703	0.0486946266533554	0.22281306583007943	0.12794494149326188	0.044307039514780655	0.056753708739344544	0.23525306080225433	0.11003642016092652
0.15197658633856467	0.04978296677821814	0.2178596990548464	0.11665968487574291	0.05135066391014764	0.06314845013254725	0.2413169429602286	0.10790500594970412
0.13619748480887606	0.051757998519418924	0.21872091118011122	0.11647865749846113	0.05246513155057281	0.06816935262257331	0.24487719461973306	0.1113332692002532
0.14730405180966688	0.04737135492548579	0.22111545511420172	0.1240227971909603	0.05258113400515156	0.0637973433962353	0.23892857708169296	0.10487928647660529
0.13850711252386802	0.04697914584287133	0.23406255854246094	0.11475752424442483	0.04992262014951013	0.062372440456137865	0.24102385166227264	0.11237474657845403
0.14277528308190274	0.05078364572751766	0.2264850780374204	0.1187771735098762	0.04779962423695751	0.06185748110675601	0.23721091998115584	0.11431079431841341
0.1484837183846546	0.0491353414755996	0.23263599514082495	0.1134003423280808	0.050543781766699034	0.059539149993782264	0.23736406649502254	0.10889760441533602
0.13864766464491524	0.054803476247206884	0.2228066977466165	0.12045268004262287	0.052530329425245104	0.06596552896496125	0.23823307325533744	0.1065605496730945
0.1458996494148783	0.05070303807143821	0.24236121472962935	0.11324551652034809	0.04746731219184862	0.059258850646167496	0.23602462193552476	0.10503979649016494
0.13876713356110043	0.05762216103792123	0.22296340748998808	0.12255100463704825	0.04744852293302705	0.0591055217989645	0.2414823892965286	0.11005985924542161
0.14072584432775162	0.0531250565697966	0.23005428877314094	0.1178630693011105	0.05146739851405574	0.06428919290829213	0.2359823816582265	0.10649276794762569
0.1467083845538207	0.04560862281101172	0.22527983042967553	0.12757890171971153	0.04951039158614484	0.05834898126039262	0.23810966389828525	0.10885522374095757
0.1383922280458089	0.05736657952277108	0.23056109501814265	0.11551077488538199	0.0476518777476721	0.056991194719525545	0.24212086320223553	0.11140538685846195
0.13613977617599862	0.05648884138130672	0.2409627205376993	0.1137890226644328	0.04467896946166211	0.06522269595944005	0.23759127057341414	0.10512670324604606
0.14867507015617984	0.04608092397300276	0.2240159632693468	0.11781554119671463	0.0445273154806646	0.06451005915319885	0.24147801266807575	0.11289711410281654
0.13586159911882736	0.05670597965149583	0.22486429894524068	0.12613330486041116	0.04871904431877848	0.06705540534747717	0.23628861234279694	0.10437175541497222
0.14825628706110716	0.055523812001303685	0.2207878409110999	0.11714316710190756	0.05115698914626826	0.05769928069238284	0.24319097373681128	0.10624164934911914
0.15090798665741753	0.047206275275483836	0.22995761146193766	0.11267490492004643	0.04792108767983708	0.061195816631648386	0.2414204064804602	0.1087159108931686
0.13758484457464393	0.05714198527663143	0.2306703875286391	0.11488956150765135	0.04824127805537923	0.06063524648412248	0.24652289874784844	0.10431379782508378
0.1443134275488199	0.04553768422508915	0.23154324806209528	0.11083816400815587	0.04956869719123161	0.06773028570748724	0.24050809048049598	0.10996040277662475
0.14509744087034895	0.05918776222757066	0.22830643175147675	0.1236467302729873	0.045599733705098636	0.05568557410416493	0.2369405235654003	0.10553580350295216
0.14713107259484956	0.04502354393012743	0.22271173450242393	0.11792447851658236	0.05361298336820386	0.06502913952549595	0.23917957691997704	0.10938747064233965
0.13687077239589585	0.050159077545746625	0.234718373092774	0.1130921115733939	0.04996946488142935	0.05791610012017799	0.2462800677369539	0.11099403265362823
0.15354989739004882	0.050111968925767345	0.22280368027738515	0.11131427069297595	0.04577377203415403	0.06711529593298002	0.24423633692735314	0.10509477781933535
0.13635051023595735	0.05596255373313709	0.22151002822162014	0.12519762993503175	0.04917806968361406	0.06529729813360294	0.23519470454191194	0.11130920551512444
0.1511771370510718	0.049243149734055316	0.22261160030233726	0.11878316187336134	0.04486133789456276	0.06289766460119954	0.24549303747928353	0.10493291106412828
0.14850445922406702	0.05202260411192487	0.23557983484875314	0.11088414946782643	0.05068116418796437	0.05794051650790995	0.2377945513709007	0.10659272028065324
0.14931716770361503	0.05235549561544249	0.21989292351327122	0.1285377547266849	0.04597233479402307	0.0636391568581478	0.23560431745964394	0.1046808493291713
0.1357579368348005	0.05043516056336826	0.21820567711409894	0.12785847096783068	0.04725126221185692	0.06698836819390372	0.2419742243426653	0.11152889977147543
0.14614006783935218	0.04906899762133404	0.22124360922571182	0.12615852825095716	0.04493033086119613	0.059883001855791	0.24063496920720218	0.11194049513845523
0.13993274606879993	0.05185632551880322	0.23174771463516947	0.11230169735363373	0.04667614577194429	0.06678416225213851	0.24233786188317402	0.10836334651633664
0.1425175521017009	0.048030834694368696	0.23907093186078374	0.11707141389932388	0.04461292616647802	0.059509530757053786	0.24050880533186708	0.10867800518842376
0.13808819229686098	0.047441029658783065	0.23967700845260104	0.11613671911343365	0.05297533071992458	0.055704435749829334	0.2432899532625432	0.1066873307460239
0.14149557701848844	0.05192680813964158	0.23071203371686616	0.11340929829890509	0.047272817058707714	0.06353595361331024	0.2422970364919212	0.10935047566215933
0.13744509060810803	0.051252932402894025	0.22440070841901183	0.1224235292577351	0.05200766834719807	0.06413017176185401	0.23611592007998766	0.11222397912321107
0.14496446067350893	0.056034166848171835	0.22260574248793805	0.12050520801519671	0.04473949950448533	0.06741028840149141	0.2374644992074084	0.10627613486179913
0.13915253183784532	0.04630690111828663	0.23518643348951157	0.11768761637309252	0.05253871398013901	0.05518509359529744	0.24017369394103646	0.11376901566479075
0.14077770003043322	0.05685841573728402	0.23355913673373244	0.1262145162583393	0.044489979581414554	0.05784045552020654	0.234941507809437	0.1053182883291527
0.14488726448252273	0.056085999458921024	0.2309031133445387	0.11304846019927339	0.04722724199197567	0.0555717907381654	0.24222386419606842	0.1100522655885345
0.13941991461200995	0.048822498495264585	0.2266227572336898	0.12464557418637738	0.04513296726417827	0.05882956165955362	0.2453318522172639	0.1111948743316623
0.1459616539849554	0.05397577046079316	0.2275363981159872	0.11377327928900452	0.046150170615077785	0.057605310894238676	0.24001303410443864	0.11498438253550437
0.15986725544194813	0.04568417333297936	0.21869387884701977	0.11860601595333733	0.04907173060540057	0.06682241829778995	0.23589468620400714	0.1053598413175175
0.14229348020140564	0.060001081184170135	0.22555699015264216	0.11890138595635019	0.045464617395196055	0.05979583681347314	0.2425446232729409	0.10544198502382152
0.15632653687345363	0.054718898213848774	0.22286904214682812	0.11582058009131839	0.04831575098615805	0.05823035796172134	0.2388356621059397	0.10488317162073174
0.14112451615379779	0.05055474886433593	0.23870731901957018	0.11515778917516813	0.04523806829283025	0.06584663598722829	0.23704713351763135	0.1063237889894379
0.15264871334126925	0.046647674384251686	0.22279429848960536	0.11302679475762786	0.05369593948871598	0.060244751863468324	0.2444091854177119	0.10653264225734944
0.14433444381891122	0.04796866308636881	0.22051514179923232	0.12717501364137446	0.0455230837716256	0.06059238468575327	0.2390180885569273	0.11487318063980688
0.14937939195482602	0.045858631638116876	0.22955355420249607	0.11668409983151028	0.04449830206832353	0.06589082098817733	0.243948860011944	0.10418633930460566
0.14298839552252052	0.047324718953936015	0.2298373811518735	0.13117198624331272	0.04484364068996288	0.05887079337769521	0.23878895982109336	0.10617412423960557
0.14658508712525245	0.046055207306212625	0.229207186744028	0.11991951038001329	0.04474058346219428	0.06364375090952556	0.2397306324326553	0.11011804164011826
0.1381210645731292	0.048997124085065194	0.2278813846792242	0.12100601285982264	0.050411889818032685	0.062166428322321055	0.2418265733267419	0.1095895223356629
0.14941771220409866	0.04826737567247898	0.22031710880517658	0.12017879301101325	0.04684011453208227	0.06669618741850485	0.2348078659441017	0.1134748424125435
0.13657690673559547	0.05657824824684543	0.2275106516939444	0.12598658042334906	0.048975009962203345	0.05920869408411669	0.23695504944698553	0.10820885940695982
0.1382638799400184	0.04873196546879292	0.22311412891288807	0.12136670015146073	0.048315970317498014	0.0655924605381631	0.2433183341373448	0.11129656053383373
0.14356516387007834	0.0554799605550937	0.22772631423709894	0.11891650484213746	0.047271282021599456	0.06409843401325623	0.23582088953821045	0.10712145092252517
0.1470584325234941	0.051225006097947126	0.218765375933073	0.12748734843258988	0.05260365525884536	0.058800519786322544	0.23883916009455894	0.10522050187316884
0.13724407547796774	0.0535681216482895	0.22310405461141708	0.1259931003810067	0.05203157124428649	0.063830211245029	0.23699517802217301	0.10723368736983019
0.15027264746636143	0.04951723142162617	0.21734147863960523	0.11506623169923613	0.05283098638835679	0.06598786695290912	0.23718893570134778	0.1117946217305571
0.15611434224946663	0.04970572483973652	0.22581554365494377	0.12274967900945258	0.045785656795213445	0.05736793713200171	0.23788527628187967	0.10457584003730543
0.14306813955243733	0.04627375340141496	0.22440824094005288	0.12131824620719826	0.04970338433899932	0.060250953794615716	0.24448576218057289	0.1104915195847084
0.14369855732442932	0.04810043117332896	0.22771206126032903	0.12439823792029865	0.049860937041852696	0.05645425791651151	0.24049447142953173	0.10928104593371792
0.15919671120606527	0.04845736197766337	0.2184035645173937	0.11640491415995721	0.04808614568474509	0.05677582882210763	0.24033009863184795	0.11234537500021957
0.1377931787855714	0.04681262472733004	0.22888166705949858	0.11674700781756021	0.05297701706473905	0.060503656261016656	0.24390923844165174	0.11237560984263205
0.14099604129028065	0.05056780767087786	0.21941463591764118	0.1177654723117784	0.05137025218890891	0.06635734575544774	0.2387835596007724	0.1147448852642926
0.1402826451123651	0.0531111191032	0.21888582863476866	0.12280082921752233	0.04740531971600216	0.060100111839266335	0.2459660283278835	0.11144811804899166
0.14338478846807745	0.058442529384149844	0.2181816682873734	0.1132722591634656	0.051526962019024375	0.06177802858085356	0.2461784382764063	0.1072353258206493
0.13762680715124878	0.058173159907092015	0.2188268208516711	0.1235867391692448	0.050899219395220796	0.06283014415979833	0.2410903192206979	0.10696679014502608
0.13993394991394617	0.045083511355368394	0.23726068100470216	0.11679285944272341	0.05031490389076004	0.061693368396043724	0.23808216121865222	0.11083856477780368
0.1409887540592049	0.04775144821268085	0.22030159373733907	0.12734258864854262	0.04999085667482531	0.06504834773388124	0.23933538672937682	0.10924102420414893
0.15551717255694872	0.045220802754332295	0.2320655765498563	0.12052243458447642	0.04456637802339519	0.055740132616186044	0.23622861516773902	0.11013888774706573
0.1390260213732382	0.05818328132761999	0.22425601500060632	0.12306111970184255	0.04510280040051298	0.05881127121565041	0.24631232469573858	0.10524716628479072
0.14395592277830538	0.05649566820765979	0.22820310480058453	0.12209879016946476	0.04814441676286088	0.05972211659563495	0.23537012373838284	0.10600985694710666
0.14423371513404673	0.055746391736243184	0.22206759303900944	0.11312885349028431	0.05326820117944342	0.06339940416664167	0.24143387771917313	0.10672196353515788
0.1448465103421923	0.056507246003371855	0.2192539123762297	0.12269163799101407	0.04555453409687077	0.06504658703168638	0.23486435428314942	0.11123521787548529
0.13891944302992792	0.05870473676813823	0.2190024599179785	0.11736984316246883	0.04510729060476487	0.06294621340369835	0.2463924242130441	0.11155758889997894
0.14027201535934172	0.04838280768732836	0.2359291118336771	0.11336137629818051	0.05186827217575572	0.06167509575184946	0.23559299543172577	0.11291832546214117
0.14591840724426083	0.05603595499173265	0.22997416302507845	0.11800452724362318	0.047744250594545026	0.05866289631304883	0.23793019671185744	0.10572960387585338
0.14250067500366628	0.05210943819762587	0.2210737015870554	0.1285909298053486	0.048572642125283505	0.05769116786718623	0.23851488905892715	0.11094655635490673
0.14951181093235733	0.04755004570640638	0.2395996895407319	0.11107165600081971	0.04802248020430054	0.05663837596957627	0.23807041930716127	0.10953552233864641
0.13842863434283698	0.054488741036639005	0.23196285351776902	0.11869942624000909	0.04836611329402159	0.06211857075124205	0.2375151413489166	0.10842051946856546
0.15841592370329582	0.04630443130973265	0.2280257245948527	0.11121679472860023	0.05217278265175225	0.0562773380168234	0.23962012139693495	0.10796688359800773
0.13587475248633948	0.047342474201426635	0.23034316638481633	0.11503826380188825	0.0515007524695104	0.06821420453136674	0.2458144494621779	0.10587193666247405
0.15094436197083344	0.052124241501184526	0.2233967623461146	0.1188907325063387	0.04561241511792641	0.06677563728264221	0.23640642232697934	0.1058494269479805
0.15490493969995434	0.04797379026002076	0.2174348768719206	0.12829776102821175	0.04599231360703797	0.058729348700793285	0.2358543423275907	0.11081262750447045
0.1383944609652806	0.057984730241632074	0.22684378273346006	0.11957738387502972	0.05048132116166221	0.058377975646011715	0.24079613475524575	0.10754421062167763
0.14824849960611183	0.05341722286478748	0.21709948008307123	0.12009029348638181	0.04994717169231047	0.05764885514686448	0.24000841682351098	0.11354006029696151
0.14428756586659525	0.059006683462734896	0.22522779174386814	0.12017743658165529	0.04937169131452877	0.0569222276621979	0.23796426301185297	0.10704234035656651
0.1461832502840636	0.05695345446149912	0.21812882329317673	0.11680869421987135	0.04924112646671183	0.059856931522638476	0.2396965300105653	0.11313118974147347
0.1589474291186488	0.05250891494781956	0.22714329853984722	0.11350525241522749	0.045894754468262494	0.05512880796175035	0.23587072578067694	0.11100081676776691
0.14927563847366127	0.04614697343047458	0.2272983176087644	0.12211525027742808	0.047204607356922154	0.059324181554947245	0.24193681932209393	0.10669821197570814
0.15027732178562253	0.049363607683868604	0.23358532134369758	0.11614031975992485	0.04821747080826114	0.055447525489502686	0.23498093954542537	0.11198749358369693
0.1531235351505109	0.05518517997278605	0.2188087215506624	0.11120388006837272	0.04899517769906399	0.05687883411517987	0.24103638392988652	0.11476828751353733
0.13897248539096482	0.04547795260328669	0.233941407189618	0.11561181258311146	0.04923852427004585	0.06694555508689243	0.2413682699339123	0.1084439929421682
0.13576628825265608	0.04514444312666846	0.23130684836381693	0.12693404804296163	0.04908101719999726	0.056109544231175895	0.24239659491114915	0.11326121587157441
0.14716849114554797	0.046455928354594875	0.22932008309750032	0.11563510311416692	0.05327542145191455	0.059684661799228086	0.241715753933803	0.106744557103244
0.13683052956333494	0.05497369864446623	0.22455172073606616	0.11887457421723256	0.04895833654318606	0.05642626051687179	0.2462545502584504	0.11313032952039163
0.139808529976476	0.05420114008859557	0.2288466215331903	0.11756788763610228	0.04825470508365323	0.06233516624584291	0.23536984312649528	0.11361610630964417
0.13625019896083096	0.0589202000306711	0.2172862146625864	0.1288887764005538	0.04612015178974971	0.055397776147940184	0.24318682287058835	0.1139498591370793
0.13675626486643913	0.05755748614970549	0.23981341011779306	0.11224681186567527	0.04619683864284983	0.06560940505633334	0.2347065881539564	0.10711319514724732
0.14167083058947372	0.0458214627843702	0.22064459661456226	0.11940685493723213	0.04953443264071926	0.06673290393569883	0.2409967685112569	0.1151921499866865
0.13851196676728383	0.045977849668401974	0.2205124476078579	0.12561724096325624	0.04747484335520159	0.06559252721996589	0.2428514128636205	0.11346171155441186
0.14310574961174377	0.049560334258107464	0.22874067542834678	0.11814718601393126	0.04755039780081609	0.0620959478683792	0.24493559907550166	0.10586410994317358
0.13731199837667238	0.05746559967800571	0.23275111376568858	0.11408039012694451	0.04978216519774524	0.05657808070661363	0.23820715604069043	0.1138234961076393
0.14332829505646175	0.046903241495087206	0.21715542314461325	0.1233326240324317	0.047633991493562844	0.06727149036546287	0.2406169537346416	0.11375798067773862
0.15217948068112527	0.05502439739627374	0.2266254724672039	0.11211930014795067	0.04846424832219309	0.05580654434295586	0.23669969769646473	0.1130808589458325
0.15350519649866554	0.048257404295705145	0.2181504725710839	0.1141633832294558	0.050483499614545194	0.05962281550408914	0.24408663585571316	0.11173059243074192
0.1405309863442039	0.049853408552835446	0.23047035022821472	0.12695342785043237	0.04533330082559589	0.05950459240320137	0.24083920461323716	0.10651472918227889
0.14946069692039726	0.05077155108576649	0.21696935804494522	0.1292430687439961	0.04765721848142099	0.05548940425907427	0.23553307320833677	0.11487562925606261
0.13866274880369345	0.05065606562476907	0.23592084187176182	0.11462420147699097	0.049035492311449186	0.05520555122672452	0.24326683074948158	0.11262826793512919
0.14197505031002955	0.04537608991895331	0.23592259193107248	0.11794411449443429	0.047959253801859225	0.05711401799393455	0.24056309088598243	0.11314579066373394
0.15631885620072244	0.04630150945938434	0.2188542171204746	0.12309635471584324	0.05084313312350498	0.058747169017730985	0.2352703423658985	0.11056841799644063
0.14299552715560984	0.04875666878387415	0.2192451271226418	0.12555257919472393	0.052803947743843754	0.06387173516980332	0.2347998817137952	0.11197453311570775
0.14811278865388433	0.05808533990880213	0.22457538800672855	0.11752828401084686	0.049318609921360126	0.06040270651165988	0.23690875284017104	0.10506813014654684
0.14495721943409615	0.04798673996560786	0.22746731191795871	0.11940501324998248	0.0531927001508707	0.061703121588913945	0.2349930090854238	0.11029488460714619
0.14917693423878525	0.055854983483390394	0.22025387911576283	0.11191818982076407	0.05302825051729289	0.0609695133103311	0.24228536459534444	0.1065128849183288
0.14037410919554205	0.049782554230280926	0.23305405595243278	0.11120999879528708	0.05162027131692623	0.06616668760925837	0.23491919244295784	0.11287313045731455
0.14233623460787784	0.05237302246318104	0.23703508148954597	0.12377020023020475	0.04649329836227012	0.057659302248783004	0.23469434977646347	0.10563851082167353
0.13881654731672333	0.05007678768981645	0.21980637549860046	0.13104119722654844	0.05309627256773099	0.06413504282110888	0.23830729804824044	0.10472047883123076
0.1493919378664168	0.05052989023895492	0.22008825674735974	0.1275749573152738	0.04648000185522162	0.05625711361417826	0.24048821642068735	0.10918962594190729
0.14542915146768	0.04842737084174839	0.21997575626575688	0.1289111740919282	0.04899379680468695	0.057574243559803326	0.2436398400480736	0.10704866692032239
0.15002175366859516	0.05310777076269865	0.21902275710893054	0.11484865723818745	0.050178716335997645	0.0640440212948997	0.23879269912724893	0.10998362446344169
0.14023167911678844	0.04633343269411053	0.2395465291603965	0.11821212218830934	0.05213905167585796	0.05792761442636167	0.23682120515127425	0.10878836558690112
0.15245756549362258	0.05852280597013253	0.21718039855683602	0.11232212782227054	0.05342247138707788	0.057090386070175594	0.24029504547653535	0.10870919922334922
0.14438600984448172	0.057648857852644786	0.21770539517085363	0.12214059662383846	0.046457345211602344	0.06312184365009889	0.24201330786218198	0.10652664378429791
0.15591541830639644	0.04868209348667833	0.2288541321081381	0.11094192760643713	0.048537535242720115	0.05805775973091985	0.24011183652194462	0.10889929699676522
0.14148231011356682	0.05491602692547036	0.23315422321029156	0.11530736783235973	0.04759111119815779	0.06342084543453687	0.2366703533439917	0.10745776194162492
0.1414994880002185	0.05457826057419711	0.21878659429757194	0.13059188130208407	0.047855496333992165	0.05875898464607579	0.23687732521169877	0.11105196963416135
0.15016689735234645	0.05378963598751228	0.22616369853519822	0.11951290276018553	0.04522766938197288	0.060193128758364065	0.23727056122743184	0.10767550599698851
0.14030325868924423	0.04696624224184105	0.2376160440900747	0.12254848200287713	0.04466704328017103	0.060626578759395755	0.2353407641101984	0.11193158682619744
0.1499676536506885	0.046250677908931906	0.22252148853976195	0.11880304366984584	0.046280692972297935	0.06187004987493211	0.2394457184533415	0.11486067493020005
0.13661838702561468	0.05560291623313568	0.22643385774315555	0.12004622092662055	0.05081744832683588	0.06285323842667107	0.24198793313213374	0.10563999818583271
0.1373377688173353	0.054817018719903896	0.22489924580903004	0.11976796046321218	0.048926549509734685	0.06596919981939069	0.2409495390096011	0.10733271785179191
0.1358009672445641	0.058496094833181383	0.23424297640364639	0.12012523290226201	0.044347849044150636	0.05693203460444683	0.24328567797171244	0.10676916699603592
0.15321836699739977	0.04898964227858586	0.22549315591737928	0.11530510678925533	0.045647490839785684	0.06670012604862177	0.23655444115342755	0.10809166997554451
0.14798673635085968	0.046211819147806976	0.22559933479088212	0.11274579335065137	0.046088316469673374	0.06802504321170712	0.23916752737642882	0.11417542930199029
0.14235647494097642	0.04929089462983301	0.22242666879170694	0.13062710230453273	0.04445139391322937	0.06211996327226915	0.23682551968827098	0.11190198245918115
0.14574921898343807	0.049892975130975556	0.2300986894757953	0.12342373163006651	0.04797803584216656	0.056724560909888394	0.2360777229150167	0.11005506511265264
0.15888366486315314	0.047876729080479505	0.2265638700643347	0.11321250999097482	0.047579367109132326	0.05649008685809233	0.2408300312884037	0.1085637407454293
0.1483290149862319	0.053050273161538306	0.22653762482949436	0.11859659026261019	0.04505258608963597	0.058770934724810334	0.2440742762717369	0.10558869967394184
0.1560060508613766	0.0454636823963841	0.21707447471289745	0.11343794499002556	0.04452263730333138	0.06779352899084698	0.24417205055406344	0.11152963019107431
0.13921121085412788	0.05244926384945073	0.2217425597975119	0.12429699023771168	0.04790736619711776	0.05738194144293311	0.24592849328841918	0.11108217433272752
0.13609333755332206	0.05799799130012179	0.22851973277447238	0.11652064885988078	0.04607274409794504	0.06696150404815898	0.2436349416834848	0.104199099682614
0.1402174319617896	0.04746578275749183	0.2317677369934668	0.1199205266912887	0.04472455454547988	0.06018164941325453	0.2438529453465761	0.11186937229065222
0.14290260993204518	0.05772136262151466	0.2275802115813065	0.11413778404961984	0.04615762049896607	0.06577821073395207	0.23702645770068206	0.10869574288191339
0.13774103457851164	0.04916585186222891	0.24033654632511312	0.12464720013846317	0.049000247684881565	0.05713003878528991	0.23531332465438326	0.1066657559711282
0.14121635409173983	0.05561003314769415	0.2257528619439828	0.11709858404294274	0.04844746054864964	0.060620417040327834	0.23694200243498445	0.11431228674967828
0.15227971915010602	0.045078752253247006	0.21830695122325933	0.128959163686455	0.051938120300475066	0.05858441639555287	0.23462668980822582	0.11022618718267871
0.14112316380614495	0.04982500364149933	0.23425360897899902	0.11840272589409255	0.052386311044834724	0.0580744905286909	0.23681663005213882	0.10911806605359942
0.14572666808043103	0.05617285555041415	0.21950451893150064	0.11380754376126118	0.04563952466030989	0.06280301448032016	0.24160043478076734	0.11474543975499536
0.14550634045946642	0.054745249603986856	0.23194637773125804	0.11764031983083081	0.04926778500891865	0.05713951430867202	0.23659610824464983	0.10715830481221719
0.15277281525925968	0.04525120077424333	0.23069724308501022	0.11217677349164598	0.050727070716901454	0.06201598844021583	0.23493128679056902	0.1114276214421543
0.13790874236592265	0.04905083308715	0.2259972851104224	0.12528324484565465	0.04890832687725748	0.05612896312812134	0.24587773426931123	0.11084487031615997
0.14604403751920506	0.04901615125966735	0.23112638010371495	0.12356801390650711	0.050477088468978235	0.05543069451536843	0.2396568785247794	0.10468075570177926
0.1420222672314173	0.0506076875119983	0.24036502820731942	0.11284660971448264	0.047723226207617805	0.06017895317813185	0.2419761415863267	0.10428008636270569
0.14696649025260436	0.04781484599350182	0.2179637810882497	0.12039691395451768	0.048828579841721204	0.061662499980885965	0.24351405418075073	0.11285283470776832
0.13824274287804486	0.047331288759032863	0.2362256637528407	0.11697778159436914	0.05211958154386255	0.06141216872140258	0.23530805628823404	0.1123827164622131
0.13693619826282327	0.055134575326171026	0.23186750303795703	0.11350898658265943	0.05052370340410403	0.05511180281261095	0.2416941776309089	0.11522305294276515
0.13640843739535455	0.05079423067276494	0.23188721808846158	0.11979351830038289	0.048045500110192305	0.0596065582301982	0.24641546411454499	0.1070490730881003
0.13931273906717542	0.055017337678229195	0.22304864235005467	0.12056400042846321	0.051396476076420866	0.06164612358339057	0.2423321099741651	0.10668257084210071
0.1428879742902516	0.05234813035326252	0.2284522715951316	0.1185659253054946	0.05013991609407227	0.059598596069974905	0.2427396040300312	0.10526758226178098
0.14538728567373313	0.056594423106631445	0.21680003752853177	0.11909568461008081	0.04533540664045119	0.06603156026435873	0.23898933927527	0.11176626290094271
0.14525610110824885	0.05469678938147425	0.23740547132942919	0.11198000662404266	0.050180139546322874	0.0586972087830341	0.2345282311109454	0.10725605211650248
0.1398202474530428	0.05824642770225866	0.21848709568995417	0.11629758233690934	0.04577255056466921	0.06684338842034257	0.24316524995395467	0.11136745787886837
0.14018632266886222	0.05169606437941933	0.2307700734298179	0.11853819902642557	0.052933524481469235	0.05515547423965046	0.23824608906767136	0.11247425270668367
0.14769895413990802	0.05234246858405829	0.22000003116982836	0.11550049765557281	0.05046234696136334	0.06752296524336157	0.23820330153115843	0.10826943471474894
0.15532422969009016	0.047923903792712094	0.21901734390795508	0.12084027557352432	0.04659277692877967	0.06655023382371807	0.23580351241064687	0.10794772387257354
0.14819703015761487	0.04754864093097762	0.21967510951107921	0.12158687600989061	0.04841707319422098	0.06817040108496136	0.23814266526086109	0.10826220385039403
0.15754708159982245	0.05283749429056829	0.21922904089921474	0.11129485686961349	0.0499340269974754	0.06005499445793619	0.23518035369449292	0.11392215119087619
0.1455803241869962	0.0563279156146472	0.22621008570576528	0.11755897661437605	0.047158235887281755	0.06109654450338321	0.2378745266216015	0.10819339086594858
0.14137239143359484	0.04806613990258224	0.22060058281441317	0.12511060869064783	0.04940687014285318	0.06246325932356722	0.2444198371837073	0.10856031050863398
0.13971019493575784	0.05362775746792925	0.22900659454299063	0.11577962617331468	0.05060146732239579	0.06132054964858841	0.2450307880516681	0.10492302185735514
0.1460513434880611	0.051640077388924024	0.23270274921966638	0.11389163891372175	0.04559839791133739	0.06009985769144002	0.23680995722320974	0.11320597816363945
0.14029245044600056	0.05926752684277503	0.2196670513095454	0.12326018381361589	0.04443305322604797	0.058603750677069175	0.23961975129502153	0.1148562323899242
0.14026892666410418	0.05909172899327102	0.2175778347471374	0.11537963863153237	0.05071747418006152	0.06608389547149077	0.24663626875926276	0.10424423255313975
0.1364801139706247	0.047330701720056684	0.23019630607940667	0.13063734815301567	0.04598915391599348	0.05846744673178651	0.24474944843967134	0.10614948098944474
0.14238489658786901	0.047432921652775406	0.2281784972617322	0.12442154959928924	0.04858047277363696	0.059508619531929416	0.23534049798587978	0.11415254460688776
0.15279967023782803	0.04517878509952143	0.2277304132325897	0.11220261969284819	0.04847860707220347	0.05977936968290806	0.24105993363414116	0.11277060134795973
0.13993544656210252	0.049906428057849214	0.22154238621246697	0.12933695717484428	0.04864905501960877	0.06400281697785143	0.24147177557803343	0.10515513441724311
0.1488644299123823	0.0458408762183192	0.2280614123508269	0.12084135399457666	0.046170504490265135	0.056838278428924804	0.24247203892989483	0.11091110567480991
0.14885815256447496	0.04929073644122371	0.24051982746518358	0.11204127322382541	0.04445731272721781	0.0565242528440921	0.24326786514398127	0.10504057959000088
0.15363075572634113	0.04534242670876881	0.23452485740360582	0.11089915660570113	0.051877300217200994	0.05537722711137155	0.24263583144631345	0.10571244478069686
0.1489981756022297	0.04972609641278804	0.21759008571075403	0.12251752474791631	0.044251005574910796	0.060882922787484015	0.2461088248544214	0.10992536430949551
0.13935254931645405	0.056613563339428796	0.2325395387296659	0.11202613933738761	0.04538996792269942	0.06261387756223388	0.2399145402204109	0.1115498235717192
0.148963995994149	0.04639609911248248	0.23638175056868538	0.11278855171084091	0.053693878825455024	0.056661789916235716	0.23970236606087275	0.10541156781127856
0.142433377060482	0.054580748900173615	0.22177653775247574	0.1248009533688813	0.05035039636816793	0.06091214689057535	0.23734448399434638	0.10780135566489754
0.14582491634366254	0.050436554781613366	0.24096894641083	0.11277018778130862	0.04642366021292765	0.0595632818890572	0.23454814236227822	0.10946431021832223
0.14097805274234623	0.05819019696391717	0.21690195422217395	0.1225081367602129	0.045722744727998046	0.0638492438235187	0.24488472475835107	0.10696494600148171
0.13832387709642388	0.05818393052091393	0.22257838992340456	0.1215375322412417	0.04779944138029352	0.06526651366975117	0.24073769728747024	0.10557261788050079
0.13773994099498504	0.04826512618077557	0.23001501877480535	0.13089156183512166	0.04488578328804553	0.055001111355232696	0.24229022839069647	0.11091122918033744
0.13823191035112	0.059709887983402696	0.21692306707343184	0.11755605334621654	0.04491696102232168	0.06686983360980596	0.2412341355072306	0.11455815110647044
0.15294735395359096	0.04774281226268988	0.2219061061556513	0.11284031653859049	0.050798653776094854	0.06417674457161726	0.24489421993477758	0.1046937928069874
0.15610003977221248	0.0469338044057116	0.22220384555752315	0.11080904150379485	0.05112937582867695	0.06453641008653914	0.23556290594177742	0.11272457690376417
0.13629180726312487	0.04949300391109521	0.22121693569808215	0.12984140622121254	0.051717406565083765	0.06122758046398731	0.2396410763928143	0.11057078348459969
0.1370701302076655	0.048183249479607254	0.23154494689247604	0.11749503739940274	0.05255477102471362	0.06707214777603895	0.24180936157355684	0.10427035564653885
0.1417657729374781	0.05290566720609163	0.22690472090560637	0.11398478245930396	0.049292769010385096	0.06049831348469638	0.24545626496320416	0.10919170903323402
0.15261323315030012	0.04911345229544513	0.2238502478613398	0.11180568466871296	0.05317820736606459	0.06195867822666293	0.23487817765257563	0.11260231877889854
0.14055540021018303	0.04801111329324678	0.22287092555803115	0.13039816637866858	0.05249114791893918	0.05511368160961408	0.24374201672532972	0.10681754830598725
0.14896906969819973	0.05099259304214031	0.22654297589159345	0.11357470492098296	0.04506008328433429	0.06460151729078184	0.24410027394036832	0.10615878193159886
0.14367865580287503	0.04796589236544689	0.22568273155397606	0.1257388345474114	0.04521495367286292	0.06784079435413597	0.23975913713917024	0.10411900056412134
0.14855218227259134	0.04775913854436099	0.22751072378197568	0.11533780819578243	0.053322673061094214	0.06350304520375044	0.23649655801034247	0.10751787093010226
0.15761520137738855	0.05421786419112988	0.21939962459352957	0.11242555599750123	0.04985755003106386	0.06071315888347409	0.2400822127789201	0.10568883214699243
0.14777714870275843	0.05363543677420671	0.22099190974802252	0.12276815491250621	0.04607021860796681	0.05762648430797736	0.24547522333236738	0.10565542361419428
0.136260721887152	0.04703560557086656	0.23074263111793591	0.12202523370525548	0.05018398219587826	0.05585079109749633	0.24383936801706607	0.11406166640834922
0.14098256754282085	0.054288758255597896	0.222907703245395	0.12604683250989038	0.05072509778417031	0.05558476536161637	0.24197999846711385	0.10748427683339518
0.13754141532938033	0.04946506412214115	0.23813782630152552	0.111727663999605	0.04870937954240705	0.06705570549604165	0.2424550284193183	0.10490791678958078
0.1428962602820907	0.046405770280235695	0.22299523862427556	0.12307013709480973	0.04872544057857099	0.06587008368793262	0.2396808894458849	0.11035618000619961
0.15131045693706605	0.04607844133981201	0.2366569660559397	0.11320149964858167	0.048408372787523996	0.05655729973330978	0.24248863201720092	0.10529833148056561
0.13732806518235044	0.05456117203693801	0.21928773737753463	0.11814235985388395	0.05112822529979147	0.060733332483236285	0.24379771464289574	0.1150213931233693
0.1388351205677314	0.060006116228904366	0.23081608432023415	0.11712768875921128	0.04611619080465669	0.05711733974863244	0.24572501575928304	0.10425644381134642
0.14155369444977117	0.04646634752570325	0.223601981117983	0.1201474150208056	0.05149840841898001	0.06410125882391868	0.24623923536814118	0.10639165927469685
0.14675335074670304	0.049000930433152845	0.23112512158390053	0.11084609663209416	0.047524738893017934	0.06740129200338152	0.2354979544968405	0.11185051521090925
0.158446402587945	0.05311674805786448	0.2168003894010601	0.12523225571471486	0.04476312705085969	0.05777852340144142	0.23811740647871416	0.10574514730739998
0.13927355674069566	0.055209668513294674	0.23572044408673423	0.11787840708968898	0.04483658537265839	0.06313433149984868	0.23669895710893066	0.10724804958814851
0.14535018749431014	0.05299653223617659	0.220331755607872	0.11796851672936348	0.05305440026541336	0.06742619333619118	0.23457421568575926	0.10829819864491377
0.14446265628025468	0.055437224006368385	0.22707276011157118	0.11814387811470677	0.04821388085072616	0.058174711696180784	0.24001267356088263	0.10848221537930919
0.14035429527720966	0.05042216212590382	0.22407612940810534	0.13049501656615192	0.050822599053988324	0.05607703414438611	0.2421296733529621	0.10562309007129245
