0.045408668128218144	0.12685942686870527	0.14964506792387255	0.212417811185429	0.05424973573136638	0.11970228701481135	0.06892986224859385	0.056243870012297734	0.054931539644407716	0.11161173124229802
0.06367158318267008	0.025799420879654422	0.07748744083088213	0.15679522032348908	0.09760578988529978	0.25030768164750516	0.10603195299869467	0.08077179276114396	0.019209776273209897	0.1223193412174508
0.05044139505894525	0.04368074884376062	0.11842645782551445	0.18551693524661902	0.09199792089577005	0.13399424347509736	0.07587838759790658	0.0764425995701192	0.048116464332312384	0.17550484715395506
0.06624942806102826	0.12405129464176884	0.016282092469646084	0.18835244440390292	0.10571112653003754	0.22103147151545077	0.06847949538788792	0.04388028003254906	0.0564767161448649	0.10948565081286372
0.0229135218364956	0.049290500917087116	0.08599543163561287	0.1649149401916094	0.1073504315574483	0.16071786798646343	0.13582487536038612	0.09059767105203753	0.03853420291489411	0.14386055654796553
0.04850772644174282	0.25984756233282313	0.005321942544210284	0.14516707531735218	0.046666802717967235	0.1442866192014316	0.10790759905225829	0.08893782391008478	0.044789189155727646	0.10856765932640206
0.02919817614045353	0.06954446573142693	0.2840663770038004	0.16603568088077425	0.06907534941682342	0.10609973748517705	0.0922006894837701	0.049316841607708724	0.024313458999023457	0.11014922325104218
0.05227874523645119	0.12115894934198038	0.22040876104547924	0.09493850760779562	0.059915984253188614	0.08937567717800525	0.08646305590367906	0.08707634305059012	0.01480195441342047	0.17358202196941003
0.030638533979533714	0.048570968426471205	0.016407905806370873	0.14737259084597268	0.12243103845489083	0.2791339519417234	0.09067888786395496	0.04630755989701197	0.04502083731734731	0.17343772546672315
0.03230728305250133	0.05637245717427246	0.05464952326897411	0.2186491576845723	0.09076790170969298	0.197867910103534	0.13423563228768176	0.053767485623733215	0.01711168410637391	0.14427096498866393
0.03529931393264708	0.18316643207225713	0.0870074176043848	0.10541160518033278	0.10786633600911034	0.07557364133930228	0.07700419053002255	0.06354415775294282	0.04411590825539307	0.22101099732360713
0.06380856797307805	0.21608790688616053	0.08647537351908922	0.1724564217339462	0.10209563817140814	0.009326922747273536	0.0955132105434966	0.04642125320443632	0.045480175816574236	0.16233452940453713
0.06594067461183277	0.11339312348430027	0.23355988984576764	0.13074116971335628	0.11945415709898141	0.02955179382226089	0.07403317461203565	0.06077192274656534	0.020377574002145446	0.15217652006275428
0.026364434412199073	0.23149046835326487	0.015595671186258736	0.10894085590797697	0.12138052520952171	0.16763140542960955	0.08741583412983195	0.03637365637294998	0.04852697737003303	0.15628017162835414
0.04591995163434957	0.10185141227690926	0.040876705209250595	0.11865787228821134	0.07638990680011619	0.19971213537612387	0.08907234327177338	0.05281122422461029	0.05060082084418755	0.224107628074468
0.05215615830513012	0.056690954534787494	0.22138817655276977	0.20287944235976063	0.1141747897271218	0.04670041276370207	0.06985313229026197	0.05103869353844344	0.044024119151199574	0.14109412077682312
0.03163140815129052	0.19112285248261515	0.09409071361095647	0.15762819785779889	0.09983187921594582	0.10815275001352545	0.11797867158798854	0.04011159975646048	0.040102436923374896	0.11934949040004383
0.03317318554984372	0.03285437287113134	0.1354678107182451	0.17138344503334985	0.07939463533640856	0.2136777856670235	0.09984797235993238	0.04285575223973685	0.01768184128059569	0.17366319894373305
0.033349604582000245	0.05529698905574421	0.10148940334119208	0.16318265905040835	0.08906744972950642	0.24774863390237112	0.08451657295308132	0.05362476606840707	0.038702741349997585	0.13302117996729163
0.03688164463552275	0.15280860451481404	0.21088193850534948	0.1222560147141479	0.1064545775587843	0.029295023399734624	0.06352466513297242	0.0877208640776879	0.020468948328112538	0.16970771913287408
0.05868126747830464	0.05112341895017881	0.08119471207003054	0.16039000920456536	0.11572113473992582	0.18963098518094385	0.11550597964896007	0.051074857953897226	0.02151548173919067	0.155162153034003
0.06679198442872247	0.044871213733826035	0.2178384907088204	0.1961706635477577	0.04726482681237852	0.04712767834136482	0.09718571407294115	0.05035953511392616	0.021546146524898432	0.2108437467153643
0.031127334450617078	0.022269659150218765	0.10785716845859972	0.10224810759256889	0.08433588283552343	0.29884293225615594	0.09172971110922627	0.06191924662459246	0.027561660763539428	0.17210829675895806
0.04677596003234284	0.1409078481109443	0.17964979247596086	0.0982838015470978	0.059514853048629184	0.1609066755291021	0.08125504965044836	0.059595067520344214	0.025036658151388738	0.1480742939337416
0.024677295248944506	0.008431083546366722	0.24818504323892204	0.10021994867719763	0.05754364503103777	0.1977304243712652	0.11887606869697318	0.03650589852188428	0.009004923174457613	0.19882566949295113
0.04914118770508496	0.13126016734120308	0.19722877226687335	0.18687219508289354	0.054346630245037914	0.015242865073424927	0.1076063624012457	0.08209193630895245	0.05627918103473968	0.11993070254054435
0.025580503388476283	0.0929667648189473	0.2438586484865255	0.19702876788753468	0.0920320571945901	0.01185710145244967	0.08927177792159466	0.07916765037294476	0.03781175649269604	0.13042497198424105
0.05603272139699317	0.0157821146176004	0.2928306665228595	0.1119998008067867	0.11102732182870612	0.10633516081664611	0.07307360916141632	0.08922869063793791	0.009690027264133996	0.1339998869469198
0.05196666889292955	0.08921454083162333	0.26560785258597214	0.16228873241879194	0.08796304039899569	0.027676154412665813	0.10439002943511386	0.06537804553688294	0.025101534838188527	0.1204134006488362
0.023095616931759225	0.009528312106331718	0.21798948239610505	0.14080604404395403	0.04976000419450895	0.21462139921764956	0.11167106035731422	0.04742291282954286	0.025653884008532343	0.1594512839143021
0.0628840932665066	0.24677908667471593	0.0602408923245473	0.2239347572205994	0.10147111538202519	0.01551418745142763	0.11394655592503546	0.04262752966577987	0.008093337190885716	0.12450844489847687
0.039753394729200094	0.14095534531722523	0.12782346241591155	0.14611836724283508	0.08460292558061334	0.1808245716272776	0.06531723544095483	0.05707100966711047	0.052963267203777684	0.10457042077509406
0.02997221616565761	0.006246010912612829	0.11832213270532548	0.111825121374848	0.12258405650914395	0.18747958891717803	0.09877858224105246	0.07562015701089893	0.02311779778475892	0.22605433637852385
0.026166132696632677	0.06160368460746203	0.2806941384598433	0.10010078604985166	0.05519716874368655	0.07809568338563051	0.11272891472428107	0.0708403835649557	0.015535825762806266	0.1990372820048502
0.06536795250969105	0.05733044964721652	0.07941701024146727	0.1022763303934613	0.12211676776643496	0.2250066457205343	0.0714755456491092	0.07476595451840393	0.04693261133112913	0.15531073222255232
0.04125258704752084	0.02064556156481387	0.12113603875565626	0.17676891045924303	0.05296687428365064	0.2019329712399519	0.1269727403022411	0.05303241694540026	0.0479866399047251	0.15730525949679697
0.04728137657111152	0.2084263804444117	0.051672982298154174	0.1608840670626588	0.056153995448842434	0.07922050598596621	0.12123978576020045	0.06738374431209365	0.0380612845039655	0.16967587761259556
0.04544040986146486	0.2889358882101263	0.017751179099067663	0.13153132293295478	0.07066949360258969	0.09432443134236111	0.06283621017055249	0.06519549036368055	0.052621993105317524	0.17069358131188506
0.02513371443414135	0.062219944996292034	0.11766285959869409	0.12870353840636395	0.10042232228535902	0.1663794772859231	0.12844176363480167	0.05178708396892294	0.009241098979923576	0.2100081964095783
0.04563353156662075	0.026644160389116142	0.33705941761918934	0.1659546927305703	0.08503915344711141	0.025855739110997825	0.08233614428893155	0.08915104744831073	0.04214262562692785	0.10018348777222401
0.02755437400612791	0.15015032457400826	0.006429553080457409	0.10770967704664948	0.09531751910688953	0.2193518325710964	0.07464082116402668	0.07021391623531476	0.055250356172284236	0.19338162604314538
0.059832357153716056	0.08200750344818593	0.06053849489048702	0.13556315972311325	0.10839518637678988	0.15452717189995496	0.08163396121808764	0.08095237684271085	0.04539555661389037	0.19115423183306401
0.06804296600372065	0.03760938241424038	0.01888523751643742	0.18446018244444476	0.08965771176157247	0.241213418015517	0.07890956541882731	0.059191039425412637	0.03520690695202071	0.18682359004780663
0.04811912799651069	0.19449266834014164	0.06347204729904937	0.19647341771409949	0.05027885738719754	0.10505203833202802	0.11261275815280002	0.06471938241708092	0.031182998432330036	0.13359670392876224
0.057298569547678736	0.010494916018611133	0.14455912555986655	0.11764704930221206	0.10502663377722168	0.12977133562267223	0.13848006177587713	0.06335902669703675	0.02840782901662972	0.204955452682194
0.06610572284711774	0.18071212221088973	0.007783603824452673	0.09168440653622607	0.10702116746827064	0.13243750947340827	0.1362054000432668	0.08068221595760315	0.03222004938956584	0.16514780224919903
0.03542165242084902	0.03459748432115835	0.3454643079437529	0.18230733351908035	0.06433008613240927	0.03552810386068789	0.11780319687987273	0.045903830831594855	0.022087779594540127	0.11655622449605453
0.03663871437038936	0.10273819056625814	0.23927842523263998	0.14275255582708368	0.08660634787756527	0.03063830879004402	0.07259690215653214	0.039007217098994254	0.02420671975434234	0.22553661832615074
0.02539993891937646	0.13624573279428764	0.0523338446719533	0.08979389982776143	0.05637629198657437	0.14777364685036393	0.12497518547038929	0.08783299436528341	0.03694243472243	0.24232603039158013
0.026947383219798296	0.1294017091198477	0.04049520004290953	0.1259881703417263	0.08240719598633912	0.19193426898162336	0.1139118404316328	0.05025885709552608	0.009349235644865048	0.22930613913573183
0.029204585384717194	0.11603534664787728	0.11394550580237148	0.11070895804477832	0.0883874546705753	0.13166464038011552	0.08534631375428814	0.0826184125360602	0.02321093647678879	0.2188778463024278
0.05564855300417902	0.2210261633133731	0.026554387161786416	0.0927892506339079	0.11823100795561314	0.17318490121663216	0.11973106104134859	0.056933116164286396	0.02731243056321847	0.10858912894565483
0.048685031399367994	0.20309442039518633	0.0735657003229186	0.23007904993595568	0.07639348009661223	0.015894434557289144	0.08717417750010763	0.07636148956433036	0.0218987357385146	0.1668534804897175
0.04402384434156535	0.07537160564756237	0.22224897166722352	0.15845481578626508	0.0809612504440615	0.05257791501431461	0.07020553442928312	0.07931773763796739	0.014259791021794588	0.20257853400996245
0.06292817513313576	0.0732700495471037	0.04770629042595289	0.1414763481871122	0.11476950223632745	0.3265753301332256	0.06606261671712735	0.04121098497017211	0.033315129950539035	0.09268557269930394
0.04053537691239309	0.2246740887103355	0.11694440215118523	0.13754468456656507	0.07299832986853272	0.03663626771588781	0.13173619555588773	0.03989549874838155	0.023314250308083317	0.17572090546274793
0.06598273691515813	0.007671955561884117	0.01393552726709242	0.1901535728049027	0.06497096366253094	0.26925583757798605	0.1361172386191687	0.06175037745104594	0.033554870420573826	0.15660691971965718
0.06733627611862493	0.04457088808407461	0.3468849270231551	0.09675692345296846	0.06570600559196753	0.02362467097286869	0.06899040298053635	0.05877969473719556	0.02795416965183513	0.19939604138677364
0.05076111260762363	0.07403028804790848	0.26513874323134196	0.11855551842852158	0.09067499169450596	0.026945882736945148	0.07576418713996602	0.04487003643401939	0.04684895496072586	0.20641028471844197
0.04668144855153956	0.2052565778090239	0.04873798564212437	0.10677693998356676	0.07407469419646742	0.06636871843217267	0.08395805897981305	0.0855457166542139	0.05237823727946302	0.23022162247161532
0.031000932061390304	0.25266710554974015	0.06021178551479493	0.13586689878015168	0.11399214262029264	0.10997978174561256	0.07090615415123609	0.0962468988019732	0.029551767579231253	0.09957653319557715
0.03989700223581449	0.13056854880771784	0.2891162438467368	0.12389393760392059	0.08644121453397749	0.04245504370981735	0.08019019161680065	0.03667836723597617	0.047612375135772746	0.1231470752734659
0.023012622128914847	0.28374295096615343	0.09435598286166104	0.22248128475791207	0.055753820697985026	0.01508378598553993	0.08236049285298778	0.055218297845438996	0.018421361051701404	0.14956940085170545
0.06873369028209464	0.20893718566437092	0.07464749929565524	0.09117084452047364	0.07374430138103502	0.18998378630069737	0.10077437432595729	0.08214502964042948	0.017255677826435195	0.09260761076285116
0.03596025944743715	0.13093998082219135	0.1684071912383287	0.09475842313314245	0.10829618124871553	0.031199581641638482	0.09657501047221392	0.0924623675486171	0.03966598347946815	0.2017350209682472
0.05188660421020544	0.21005070389068364	0.056056281930324275	0.2131013956224716	0.1018525856436323	0.038722058495504155	0.06899836413253672	0.050684853579054015	0.049081340616153185	0.1595658118794346
0.0634973763042973	0.20091725875100636	0.13415609891260885	0.1653723518975228	0.0956098774972387	0.015998171567094183	0.06756746061021252	0.08762656069943645	0.021464046777585996	0.1477907969829968
0.06670740809177861	0.1251284492781216	0.20359955993443074	0.09118811472507586	0.07251571670695293	0.10048098563412007	0.07078347288266237	0.045522250516985316	0.05454253019790126	0.16953151203197117
0.05070822771532583	0.15915135161431626	0.08708821832915639	0.19745195490175654	0.1005817304187226	0.014217146641184356	0.07816843294936468	0.057331686441540686	0.04068524085840155	0.21461601013023107
0.031548167203251806	0.03144559996406661	0.056511420510760205	0.20685565966450703	0.1073065732788877	0.1702720206378816	0.06540859481547634	0.09026017221885399	0.05061116491571653	0.18978062679059815
0.061500332539264624	0.11304020531732556	0.03867745990589573	0.12486279030354808	0.10220843074308773	0.26682284238952775	0.069636770830867	0.046296826672952075	0.013594523543363948	0.16335981775416747
0.03318741564522466	0.006223082696449056	0.172481440663662	0.16642860494167852	0.08447159714690324	0.1824371702707133	0.08596005694228659	0.09685053954261073	0.00977850565715302	0.16218158649331887
0.036846444552588134	0.007837403880575258	0.3346516326459985	0.10653399172832419	0.06600846558426846	0.0816029924510886	0.11172991578940882	0.055997542206940705	0.015295229404140867	0.1834963817566665
0.03607611588895311	0.10046578536194925	0.09907718837381219	0.17024930899054463	0.10546377911922124	0.1026411790531049	0.08040956354221855	0.08008760042457669	0.03219827600517794	0.19333120324044156
0.04450418372714445	0.10958090930298306	0.015587063122982997	0.13223326530878063	0.08460870218631594	0.23021265416409598	0.124796628663784	0.04549796518975932	0.043528395946418115	0.1694502323877355
0.04302084360240168	0.28812774710281014	0.13570512390688572	0.1831268087360265	0.056337260129364214	0.016847667270402933	0.065003162897051	0.050153871738380776	0.030473084397406702	0.1312044302192703
0.04787535673620219	0.1294347107783996	0.06854519449157434	0.09655297466217012	0.08759230787576304	0.24767708510530106	0.09289134150111157	0.0471477729690218	0.01530104834119353	0.16698220753926274
0.025103314223712384	0.06163687749583065	0.13198631444128148	0.17889579562776384	0.056818320075710735	0.06913786354106187	0.1383244864584553	0.08086533696821363	0.04667857701100078	0.21055311415696937
0.055710828704626694	0.10345669559834607	0.1975713308532729	0.09739702984925973	0.1068670474449017	0.10665685544789695	0.09794348548286708	0.09111107192773345	0.01026426843545021	0.13302138625564522
0.0463648474537893	0.04080954612714439	0.2465206432811844	0.13597952957063517	0.06613264715617706	0.12370919658876238	0.06782417856301404	0.04862038485097762	0.0465259524227808	0.17751307398553484
0.056538136399195776	0.14690465158143165	0.021018548361689413	0.0914049960395361	0.09510494658084406	0.17465839361375146	0.07242130838340757	0.07602833572006387	0.03693125552052097	0.2289894277995591
0.059513169011848735	0.06536384456948163	0.12119425580536534	0.19966638626849764	0.114093833573091	0.14908667511170118	0.10380537902019277	0.03857436901753825	0.0152079186319702	0.13349416899031324
0.02993720945864145	0.00678077584816747	0.1055592089949517	0.18406767557199694	0.05871659164060084	0.26403832332956356	0.1395050119981353	0.058481537984933996	0.016345971156506947	0.13656769401650187
0.06762992838527374	0.052867510491251477	0.21750217905215874	0.1458555707188298	0.05589444424711385	0.18530504195724992	0.0749334655503552	0.07680808726158243	0.017958969289824267	0.10524480304636058
0.02602031760679964	0.17999826234049798	0.05674089415563721	0.0920756360698561	0.0946661002517679	0.21907338616002078	0.09851753372310404	0.058366441211541886	0.05327853945750361	0.12126288902327087
0.055122160931158834	0.06992445350067841	0.2537221483837384	0.1506989009049664	0.07420971539288727	0.06488904947453708	0.09846689687755163	0.04991985014023216	0.04451279979151284	0.13853402460273698
0.05126547764345564	0.03803913860490926	0.12521767257762506	0.10662928598395861	0.08157789008586568	0.3203583735150964	0.08530169784444949	0.06836012503326933	0.02651900364981981	0.09673133506155075
0.0661049147798323	0.0880677578657161	0.24524430163459993	0.10298596733580985	0.10263376281496407	0.014814547754368357	0.13482062208565979	0.07161651970794547	0.017658416472245392	0.15605318954885866
0.029337528030489154	0.06958256552533973	0.17677143401854403	0.15907220412611434	0.10137358369911671	0.06831887565007053	0.10780721557774622	0.056035429015105664	0.03473456147188485	0.1969666028855888
0.06083536184812395	0.09071170687646476	0.1790258758943068	0.12584129429339985	0.0706271984520629	0.17331667281322666	0.062285662429254145	0.08940266500292242	0.051857439710353545	0.09609612267988496
0.036772853855981516	0.05684094983902391	0.1636061116241001	0.1834091485084225	0.04767824288895196	0.10264245215951227	0.09882569116039243	0.08090323203654746	0.013509065665213135	0.2158122522618547
0.05018094250333871	0.007597682875501624	0.20054231056187455	0.18558747410419174	0.07776012990524245	0.07661578634570308	0.09473221313277852	0.0965971052246625	0.016426228038107935	0.1939601273085989
0.025393878241446025	0.26322197393287505	0.0360906620871804	0.15568263324703505	0.08841601911901263	0.01131448233075863	0.09731825079980783	0.0808435848195371	0.0351196318224823	0.20659888359986506
0.03556862092408994	0.03619586644410183	0.32757417965987756	0.11671536494736001	0.11465405226315475	0.02181797315137532	0.10318509051820399	0.08755069602999094	0.025130155753802924	0.1316080003080427
0.03140213759036066	0.10347346886352521	0.2144242237322861	0.10723632810740062	0.10274441289928714	0.05858819971870147	0.09022268171498173	0.05893966073215344	0.03350479485553336	0.19946409178577024
0.04146966826944573	0.014340192528945958	0.12128624315214116	0.17742679106722042	0.11789847622857873	0.1727343911645521	0.09290879708779433	0.0559577904620339	0.016299838572881198	0.1896778114664065
0.03895881253461733	0.28536646065678045	0.08450608708422266	0.09278731010089446	0.05040289875870377	0.12373445944383393	0.12454944373082759	0.04646986247318858	0.039228687270275946	0.11399597794665534
0.024378758479966497	0.13866050863768006	0.06674267975654699	0.16508842353056374	0.07605227778527146	0.29083132106664217	0.08647954897529624	0.04303357109860474	0.017720199548893548	0.09101271112053454
0.03549324526893252	0.2196610283038844	0.03361605966015398	0.21434769843268986	0.07981650134974408	0.04912339798966553	0.13092063256872077	0.08163087853624686	0.05050880502399363	0.10488175286596833
0.06368795079148734	0.05873144175655688	0.11874537430205626	0.23568278710546603	0.10375746655570962	0.0846451495593125	0.07676634638084345	0.05876790118323274	0.0335512963462232	0.165664286019112
0.058079382586952194	0.1002926630224884	0.1667721390765502	0.13519953019775377	0.05197972595814257	0.06492309951054633	0.1312667507727512	0.07903841688556199	0.018521402895148822	0.19392688909410452
0.025123758220641043	0.08636772947042519	0.1851670870430186	0.1595965268602456	0.06007828650378888	0.1948167302365621	0.0666566288877036	0.044489733851561596	0.0342340023002702	0.14346951662578325
0.02372775936684432	0.012262442125479875	0.2967803744974677	0.1309168684868114	0.06696482555164271	0.12191993708248901	0.13845716994745386	0.040709958481059454	0.05317202723363738	0.11508863722711435
0.06141481451027896	0.07730154489009894	0.19748979942467376	0.12885739778278105	0.09194296033664733	0.08289243973382178	0.09912246261961101	0.09265511426223705	0.040385135003732614	0.12793833143611746
0.025354157377826023	0.15422172836154163	0.08539471036345994	0.10171392360553358	0.05051348142867499	0.24706919898959495	0.06468273110401854	0.07186216737051834	0.016121752499711914	0.1830661488991201
0.027421205351987096	0.10099620043572921	0.07295131541691247	0.1538599987298552	0.06512206124353362	0.24969024714600652	0.1009911585831201	0.07278983199198624	0.031525070354988596	0.12465291074588099
0.06775662691904429	0.15525256510498578	0.022609281005755433	0.12300295658941654	0.1195607342243435	0.08804003855191578	0.07231219784427775	0.07897297204255792	0.046325317945392235	0.22616730977231075
0.03896364645396983	0.1105440311477395	0.029494341033438634	0.11528713540804907	0.07678480625686304	0.24808420533856373	0.07340341138115203	0.06452585123780658	0.025950066237775488	0.21696250550464213
0.038777851671202714	0.009825102165057026	0.14296930639450048	0.19031405786817054	0.049502456954099286	0.22980706786480176	0.1383932820373776	0.06028766630814996	0.01700493836026981	0.12311827037637077
0.042735997271646876	0.22009104937485793	0.02213625713987802	0.09716703302870801	0.07631913493538446	0.24334691206476416	0.08913633797378584	0.04421202520281099	0.0495467211475077	0.11530853186065607
0.038585055871255686	0.06365448070968865	0.037843471590942965	0.10948338106591933	0.053722953611864466	0.30571687560654176	0.0913903740523144	0.06285880575344073	0.052662551800259645	0.18408204993777244
0.02787421970343766	0.22425902492937794	0.03406892233891319	0.12276970083416919	0.12200893172141371	0.15342533162587163	0.10233727998873819	0.06715645917366685	0.049638619226323816	0.09646151045808787
0.046954875140926305	0.057449453905306515	0.04069917623909885	0.08749110422218825	0.08466319758428364	0.32083653313912935	0.13146443363402854	0.06186688211111261	0.04461046302278298	0.12396388100114292
0.03474351858814213	0.009574408922386243	0.0478013159118279	0.20590397941001565	0.10006839192543979	0.1948032482605614	0.13590043749268518	0.0796832307979892	0.04207688813695538	0.14944458055399712
0.037389496493793056	0.21744991616410927	0.07443173243297686	0.19052152764793623	0.09344104367511084	0.10324405821277789	0.07014785374471898	0.07072428239956563	0.034926279816225744	0.10772380941278556
0.025389439900936367	0.16782064348113368	0.1673992616855967	0.1424259137860718	0.07000332022800855	0.01567400838399989	0.10724976091399116	0.07572993962406958	0.03612568171657897	0.19218203027961334
0.040344640182522165	0.06303946933125522	0.194069169423491	0.21416696187284545	0.11737799884794073	0.013630895367717263	0.07810979232622102	0.059031434487656916	0.03200246196104588	0.1882271761993044
0.03271298132133717	0.14072146701374208	0.09191601079412157	0.1366539911124614	0.11959476234866248	0.15078336563335643	0.06200311523887083	0.037842963080657675	0.05333698042289039	0.17443436303389998
0.02303572188105854	0.16406687037670487	0.1609659931577524	0.10614160758305174	0.0878770923905913	0.05602035515598181	0.11406805967799574	0.05918882317524475	0.048021784819421556	0.18061369178219727
0.035222470007889264	0.061022777892243196	0.09851565790121045	0.11068819504327593	0.054385367176272056	0.2677987842236714	0.0658617281373857	0.0466412724573972	0.04628388175051035	0.2135798654101444
0.05635345081867832	0.09372042891586944	0.12795142062491696	0.20101406976748404	0.09418458230076737	0.10139466132236105	0.0709645140667892	0.037540828519873684	0.026873676188878468	0.1900023674743815
0.06445620987252518	0.2436282654255269	0.09068891026140469	0.12357617414455802	0.10071720704789029	0.07238109668489853	0.0892654940496864	0.08158149922856067	0.01429314591440635	0.11941199737054299
0.05281491644447145	0.24664758501992196	0.15029676054320965	0.12103473693344186	0.0561503712487438	0.03315829070571519	0.0931865712955925	0.060025930176880876	0.04832930047082686	0.13835553716119586
0.03782564559861758	0.25278350523629356	0.078952196872827	0.14765096375512288	0.10657244642247711	0.03668262387504083	0.09348737156595396	0.037200216436293815	0.024521804537093406	0.18432322570027992
0.023373958839499512	0.2267876437500863	0.011786209013823296	0.1780118500395823	0.0942068514464052	0.14470874720650337	0.1338036510008302	0.0649731223379538	0.013285608836503107	0.10906235752881292
0.05920888213435845	0.06469145915364187	0.023131009058149646	0.15973542233393007	0.11322640737877536	0.16972534758897356	0.08733822153867088	0.0710695042335259	0.019232772401035728	0.23264097417893853
0.042542058825118786	0.2619150534825424	0.058141726027864674	0.16449012809016433	0.056394891980422204	0.08049126291694787	0.13219635245005912	0.061126337732610746	0.01419623407958931	0.12850595441468052
0.04926290436824195	0.3225830890647988	0.10917140648639667	0.09795728472925902	0.07738349303259212	0.03347237594061392	0.08695407055129818	0.08022802437790626	0.021220858711461926	0.12176649273743109
0.027779551088686294	0.079900971723599	0.0636042207116274	0.13981503514317417	0.10368437001247674	0.2767320771991481	0.07858241860037612	0.04413458515391835	0.03086105743086409	0.15490571293612976
0.05593787524200455	0.1999176361343048	0.027404997299407208	0.12484356626005161	0.057063919404247765	0.11616970261109612	0.11380005762458875	0.05972907823244489	0.04403896367100223	0.20109420352085206
0.037881173897018526	0.009904837752015588	0.17835233578240905	0.17356695479627682	0.09055469155753107	0.16875519591835453	0.08338806001762267	0.09474291165283277	0.055143252742451264	0.10771058588348774
0.027230196787645752	0.07274563638704235	0.09424477409172742	0.12086748235289742	0.05888949865582155	0.29951136569951786	0.06706919977504786	0.0479957030794511	0.009254981751239538	0.2021911614196092
0.06730926132341422	0.06563082986739643	0.14155571078427948	0.20330751581096396	0.0672641270314149	0.1239495129316775	0.06424054327232528	0.07315376588817343	0.0356235590003135	0.15796517409004135
0.05730155744869059	0.1122905878318292	0.07922941460630348	0.21468616383832848	0.11458972676872756	0.10220382812581158	0.07841181470481459	0.056227601831143344	0.039419089538367084	0.1456402153059841
0.06166356611903667	0.07103552369296642	0.05822752429090795	0.20846212593449548	0.06962943746727059	0.17220651844921742	0.08185362388350269	0.06994941522078905	0.013485361720741038	0.19348690322107268
0.05108635736993876	0.13284916780463507	0.08407622143592561	0.20365932967329625	0.0807883246594883	0.0661270074962244	0.06881475384984839	0.04503337140516581	0.05586888021843419	0.21169658608704323
0.044159978565619845	0.028850018340044123	0.20218227689531176	0.196501499554541	0.08704092115223891	0.11706077385866792	0.08644952413550724	0.06180677671777669	0.009165746537879271	0.1667824842424132
0.034434174076413485	0.20691224058659524	0.15215435760129234	0.10522065706549258	0.049672406879829836	0.055795517722239125	0.12152905726687964	0.07091274030210903	0.02874580364566101	0.1746230448534877
0.03826741421332696	0.14629635682412098	0.07598295756250945	0.09054231699809268	0.11752785343585989	0.13131340371740902	0.07607233497062148	0.06792080329920572	0.020367310862913324	0.23570924811594057
0.03777924920342262	0.08176246012321729	0.2649896093065567	0.1600997284710694	0.11323223421945658	0.045908132673023426	0.10033806984083607	0.0818294759093653	0.013926212468573299	0.10013482778447935
0.06079313781512918	0.046889717822604725	0.27364326444601633	0.15016801694372528	0.07139520554386398	0.0358468683686278	0.11464521007904409	0.06300435956252462	0.0264691756207618	0.15714504379770214
0.02614432364142412	0.06031861225810269	0.3444307042278613	0.08867777838833679	0.09402275300723165	0.01835442554310046	0.06984730438143297	0.09629320047587024	0.010529276380929542	0.19138162169571027
0.0440299463805857	0.06563080387953027	0.25940017034927665	0.1721935360252762	0.08482106307871222	0.026771904253282366	0.13776867790064184	0.03762886909736558	0.03297831643471025	0.1387767126006189
0.04425097292413035	0.026071220742584028	0.15623465013119248	0.16524616146891818	0.11426828991369806	0.12347460102762409	0.07835378578844868	0.07809234750084897	0.027463785090720033	0.18654418541183515
0.05300970327482095	0.06265457191045581	0.15193699591786108	0.18374285309937094	0.06662390266464571	0.10786127066876258	0.07807906547412197	0.0580648694686201	0.04758945434488527	0.19043731317645557
0.043578375906945035	0.0877994257834064	0.12692602599286457	0.13683439874215805	0.058083425562429764	0.14249701545167948	0.11312859916935897	0.05222809928447203	0.04875853542930508	0.19016609867738066
0.04136182620102163	0.03612321392054198	0.25878573170563784	0.1147991272092039	0.10751185384665074	0.07952109041394953	0.06703494012606889	0.08217315918320185	0.04901831403743338	0.1636707433562903
0.04289452085262574	0.10791328043677037	0.16185086799608722	0.09150127141358019	0.0653509803587333	0.17133866392130487	0.09676913103735481	0.06130654352180091	0.028439332270759343	0.17263540819098327
0.05190702023487316	0.12197824457863965	0.02818946575125053	0.17651849407983922	0.06927695693092838	0.255606991906038	0.07341996576429682	0.050037616249472366	0.03202686531906364	0.1410383791855983
0.02991779977920532	0.11330266080369807	0.21414018001724283	0.1684745968109041	0.10916828232840825	0.10523890717405919	0.06799599863703916	0.050071257266325685	0.024812071358528795	0.11687824582458861
0.04178247074391943	0.26705217885849525	0.01944244986604131	0.1859759268787755	0.05658073772446544	0.030409735186242362	0.07168207684459715	0.08538550662999018	0.024729117113525545	0.21695980015394778
0.05903179593359285	0.19613369246549148	0.04187992275672366	0.13612401210706376	0.055540344880059274	0.11017161294272697	0.13877158944757284	0.037371324185132795	0.0524600127945161	0.17251569248712018
0.022364314251485065	0.15204402858770183	0.008939680056664193	0.17724285453079236	0.09952111049443547	0.16690111736279772	0.12841756063418058	0.03776699342452816	0.020512614253043	0.18628972640437166
0.06291262393609158	0.08622821046116541	0.05611624823906053	0.11726537952929167	0.12114745773855437	0.06754912691005188	0.1339845330341929	0.07474171148399456	0.04409555526737738	0.23595915340021972
0.02781384917418929	0.32806801546139686	0.07433645028829716	0.19271432597783184	0.05776199269930306	0.023789853067617786	0.12859100264359366	0.046588843169406896	0.014056267704418257	0.10627939981394521
0.05988675517865386	0.2224972492608886	0.1602698415270674	0.09462618812874307	0.05440143205591932	0.020381125735297156	0.08100877536567136	0.04770756151622719	0.042422202654401955	0.21679886857713004
0.056541257186441624	0.19428781819462165	0.21321938101542737	0.0914262246356058	0.12209257350149147	0.06031105161119749	0.07032757517102303	0.05833190268012963	0.008231783671390894	0.125230432332671
0.04077729236584231	0.15891905102033932	0.13266790111856924	0.13648575414216202	0.12273684543489606	0.08583458635957715	0.08739164531862437	0.0899240561620887	0.04380432630132193	0.10145854177657891
0.04955535390205357	0.10586558331489758	0.25690409939496894	0.12732137898619525	0.09526514452799051	0.016657458617244256	0.11809621784942534	0.09032430897255528	0.04412798633644115	0.09588246809822816
0.04049213873527345	0.321051118120126	0.033686923334383126	0.10625730004394005	0.09242019471111593	0.0437952632445823	0.09070279107123283	0.08479779261355128	0.008414778272848103	0.178381699852947
0.0625339633941381	0.06501246432908138	0.05917285800671939	0.15883254620635798	0.10861261417543297	0.1896996518150847	0.10478687014058982	0.08180855734407722	0.015246520227275809	0.15429395436124266
0.05737806865548491	0.1456580526675581	0.06663161067242646	0.18498198790901313	0.0841608188213524	0.04558495799680706	0.11522254447289178	0.07380702437952363	0.055257584568752814	0.17131734985618974
0.05830861697256882	0.1273603680256312	0.02235028082264294	0.16304858805655892	0.05160591844404918	0.16702966395698893	0.06511002373802287	0.06681765514270592	0.04022278857965584	0.23814609626117528
0.06834208471962057	0.043919004979816205	0.2087181287988738	0.15891082075133028	0.0815374919596633	0.08143400183822887	0.13598780685372908	0.05829066554741254	0.03741479627852684	0.1254451982727985
0.05051723134987099	0.09595164807732039	0.03684761350491671	0.16521476126208906	0.08909215338004906	0.14616192478319512	0.12056278821201538	0.08971162491027665	0.04047344605997252	0.16546680846029416
0.06667509621286281	0.33051374753874957	0.03724484738615383	0.17997083771347488	0.060989108511011865	0.01709813815991812	0.09776835596886302	0.08742634922853092	0.028197303816596325	0.09411621546383864
0.023291828971933853	0.010158835070078046	0.2516966014635123	0.19107914635531842	0.04650540927878558	0.1837694235048563	0.07170648986467554	0.05990638936573671	0.030046020530635528	0.13183985559446762
0.05767338912573551	0.03580477178959357	0.19338929951826328	0.17052725299005958	0.05521785004623111	0.045194602934793375	0.12457603136665976	0.06957105195034614	0.023313886533359154	0.22473186374495852
0.0653936727435423	0.10820192092789421	0.11553491150649928	0.11034722573558818	0.048651147726999806	0.19511094287752273	0.09524785991927537	0.09503614072887322	0.017305642816846614	0.1491705350169583
0.029459410632217173	0.21723456669975855	0.06315099505149828	0.16417426323991255	0.05503636229549152	0.19841781167570943	0.06545841110524356	0.08467514912218334	0.009192822561621919	0.11320020761636375
0.05839203371560771	0.063247314084459	0.27754177523398	0.18853758586712693	0.09556445973827757	0.012084930443367378	0.11070958338153859	0.055094864311811244	0.010127198919401448	0.12870025430443013
0.041393001461770926	0.2799254052737916	0.10008974657836506	0.10228044169067758	0.04886096221528123	0.061764763564170856	0.10387834478689564	0.08340062471479637	0.019667502050916927	0.15873920766333374
0.03764515460704822	0.07752270417262491	0.008244053933313705	0.20033406286678213	0.09254310055311415	0.21886383513689314	0.06637089952135924	0.06527542092904999	0.029713898867303593	0.20348686941251096
0.032159458694424284	0.2741686007601816	0.057749770710304425	0.13613771332088545	0.05256069711442738	0.08412796588583721	0.07024589509295566	0.0919226005538423	0.04653050199160024	0.15439679587554145
0.06838379477254707	0.13684876688423148	0.06180299931900335	0.08666355145078951	0.09060225463392368	0.16544427448624244	0.1380022581917638	0.041653233858706284	0.021786663417633967	0.1888122029851584
0.05426670567756168	0.12508976834225743	0.14186547349418993	0.19233244640461283	0.08118142495638263	0.15008098880899928	0.08566328523656266	0.05575370924772689	0.01184653200206065	0.101919665829646
0.028936819251057302	0.05626199718348092	0.2368796886883251	0.1326528298254727	0.11667369235271638	0.1347267737294513	0.09504114035146367	0.06624892876548182	0.031837125975737166	0.10074100387681366
0.030817652281143637	0.21021460396617903	0.1334197184678152	0.196455337450205	0.09697955109828238	0.02432340089943097	0.110727547313501	0.03743836870717372	0.04523217617826693	0.11439164363800224
0.027825956618946324	0.19320781016359467	0.1643186780810424	0.15407290528747852	0.05025966677917387	0.028493618120279715	0.13029829392815329	0.06204273828171633	0.010668288140515	0.17881204459909988
0.02649401024795303	0.02981353817228051	0.13097853447696284	0.1069600254441836	0.12081245352718283	0.28865819721908426	0.10016653351680428	0.04884657366472437	0.020704306666452038	0.12656582706437222
0.05982637444262401	0.12772345031312476	0.31762034842837217	0.09009921697494394	0.05388115014295532	0.0683222240482605	0.11230287720327468	0.03827062868915378	0.031248437582760635	0.10070529217453017
0.034581881529083466	0.16407202391318382	0.027388229752051574	0.21068548665146872	0.09756457362981874	0.07259528395617929	0.08262639056227333	0.05123783114231754	0.0498072017972743	0.20944109706634917
0.06637218828515026	0.1667030983136344	0.01799955716068541	0.17055893058919122	0.05467360216745691	0.14698544426370955	0.10141920958579169	0.06977918550441323	0.044354559152096795	0.16115422497787052
0.06956098151550702	0.13794939337377865	0.04868481501200762	0.16019482641859395	0.08516061878504523	0.11010800177104942	0.12413086441074975	0.06414779901773948	0.019211506737623812	0.18085119295790503
0.021935940061629744	0.10956355556157261	0.2728952645555785	0.2092095610512817	0.04628847340788528	0.031077342946996073	0.10621354215472449	0.04816971635992515	0.023613466673372524	0.13103313722703397
0.03160899726787984	0.22517884546898959	0.011992945764275648	0.08954119498698357	0.1123340368877076	0.2410432497621201	0.07920177818068413	0.03673374511765613	0.034481283476177224	0.13788392308752617
0.05009710579407084	0.10477626522187411	0.16714893015413906	0.13704876774720093	0.11989022039043032	0.02404883552633212	0.10997718160834725	0.05546843808053183	0.023854742736572093	0.20768951274050138
0.028121502222513875	0.2020266833570239	0.16922822660966036	0.11698632660364472	0.09005573847054181	0.029476550027550646	0.12904653536769262	0.09673566002765441	0.035421368331641515	0.1029014089820762
0.06453503197658245	0.03485460610038239	0.12630655853710457	0.23179678476122223	0.08140522931822254	0.07530024549452613	0.11106030235132974	0.06539723488613161	0.04543974631148474	0.16390426026301352
0.06324080440918822	0.17071261346757446	0.15109212451635382	0.1690480638877677	0.07244312149424068	0.0510562087740009	0.09262862951655088	0.08328785109728193	0.0497929125606378	0.09669767027640362
0.0629040811829502	0.12534084612889046	0.11511471737033988	0.13397987899189448	0.07131743424940266	0.20216868272216865	0.09009092692083251	0.055090568661771526	0.05190489922183463	0.09208796454991498
0.03625151432559319	0.04139708417917696	0.1347830546468301	0.19114828117985525	0.1216989260560167	0.0334477807214697	0.1123089616286673	0.05400426900720567	0.03239001719885433	0.2425701110563308
0.04604766602903769	0.04493361055368938	0.13878650747236576	0.14176952928458836	0.09971323550358296	0.13499476016906123	0.12319676747433973	0.07467785146561007	0.04404856815832239	0.15183150388940242
0.025080240036057314	0.13974859757410085	0.06889747004085867	0.137238102630789	0.08581204053179575	0.12986399378302743	0.08589308505493928	0.08913487420299189	0.010171574524849167	0.22816002162059068
0.05609614615865304	0.025631557893551718	0.1590395141226952	0.1285805461431172	0.051818938900517364	0.22230747099686865	0.09931170697599094	0.09344867241138366	0.017136243747450555	0.14662920264977164
0.05873645084568884	0.03383632538492534	0.22699539310894534	0.23187637685721335	0.06012682260127226	0.018002324203641965	0.09792565143391643	0.03713770692394436	0.024758939732507715	0.2106040089079445
0.06287300529098293	0.16224826788815763	0.015017275546392372	0.16804041260412597	0.11535882662637474	0.05561514291399802	0.13432900901648523	0.08233833842702883	0.034784294473289165	0.16939542721316503
0.030993004322271492	0.04522083226470524	0.12856413004824693	0.21379074036943727	0.09697095207215194	0.19252825941683957	0.08219671888658706	0.056997474161268186	0.014233608152637856	0.1385042803058545
0.026442159512192892	0.07561111467925732	0.3275859085715059	0.10840403841762034	0.08386320219549152	0.009514353833224673	0.07255387943404171	0.09119812933820091	0.01595782614169891	0.18886938787676585
0.06536677639417138	0.06917602827195812	0.21457711336686483	0.20495987781721842	0.05460066107389022	0.040930923207076864	0.10949854462800514	0.03668069662043595	0.010982693328062301	0.1932266852923168
