0.06935229663150444	0.023542425380472215	0.09640693737197646	0.1450309111925171	0.07485751390415342	0.2561133230424965	0.10121114055912746	0.05857036398689587	0.04568358297371229	0.12923150495714422
0.06529683575216219	0.03902391431600115	0.09824796721865804	0.10763434182736345	0.08448714033409023	0.23098057493653962	0.0927760547420042	0.06714453521953546	0.0438835879238096	0.17052504772983607
0.06706304315184416	0.046460159780262675	0.13573204066228534	0.15074877674385376	0.08084055965368654	0.1686936458576071	0.11751222728255269	0.051696056321407155	0.044299655492158134	0.13695383505434244
0.056741889730087085	0.022663056402068116	0.15260720322589996	0.10387588004952827	0.07699823684943469	0.2064395059622664	0.09453034945482965	0.04779037473656511	0.042587517258894196	0.19576598633042652
0.06625463122202327	0.019037253291903533	0.14059338324881762	0.139933616296272	0.08697599193718328	0.163664878679599	0.10312157251205394	0.06131750207964503	0.03992746421314941	0.17917370651935288
0.07448539718482411	0.02228820397395255	0.13745183709002584	0.10416619076630167	0.09399045691919722	0.18732068478154607	0.10532342448666115	0.05492233203130112	0.045584228414240695	0.17446724435194955
0.05435512187451412	0.026982697361191646	0.05609089347372423	0.13396715408948331	0.08134032854812354	0.2518424983062209	0.10851140699427482	0.0645947056730172	0.040516128724512226	0.18179906495493797
0.08483141256862076	0.03255737424484757	0.07411588074648003	0.10366047137201113	0.08575670631761391	0.23002901146810173	0.10542283950505539	0.06802063615127729	0.03891284957693609	0.17669281804905604
0.0706278903683135	0.019871370217231482	0.14309404744060164	0.10118704917155781	0.08070827155210633	0.23741584002856164	0.11427663003959898	0.06373735731133015	0.04590030763342409	0.1231812362372744
0.08241455101363004	0.03542216858517491	0.12043435095030414	0.13435089064374525	0.0897176636543505	0.16914914679593435	0.09970798198567637	0.06064690778054959	0.04296082569191995	0.1651955128987149
0.0555310514149351	0.042152494041168644	0.10438386494427931	0.1311085358067558	0.09521759256388534	0.2216722042305295	0.09574499114437007	0.0637193429305653	0.04087956558729377	0.14959035733621712
0.07199603620896645	0.027935881279433028	0.15118944845357937	0.13806474909015776	0.08497109468322862	0.18320725044907266	0.1035523838328733	0.058484202831961	0.042871042336914494	0.13772791083381333
0.0791859480857431	0.032915575951139836	0.12225486323533799	0.10488011722682739	0.09303950078416018	0.21405880481238998	0.09684238643700441	0.06302311750930899	0.0456731298044114	0.14812655615367673
0.060173025652643555	0.043557899456460006	0.17368763784289828	0.12875309848915492	0.08763985987145304	0.17487902386360613	0.10471317380446765	0.058285273352926596	0.044944864899581	0.12336614276680877
0.0575161450283478	0.03150454508689826	0.11463213066701858	0.10015531680153766	0.07650097380083504	0.25217665825475094	0.09817490221763016	0.05873147249959601	0.04283705778060434	0.16777079786278115
0.06511695232487949	0.021554623784650048	0.11403185944626976	0.14554423584154366	0.09195740565334512	0.2230140392092505	0.09479207274034639	0.061993732695827204	0.04377431275839723	0.13822076554549056
0.076164745428431	0.043227699438602066	0.1059106745458667	0.0986353482906514	0.08932637171448896	0.2458759739379947	0.09605778709630801	0.06419454730199373	0.045308757354439726	0.13529809489122374
0.057228586493486125	0.021725964851570648	0.14908165675211305	0.14804135708669133	0.07317970652581048	0.17625660904461482	0.10778121633035699	0.04911356713470691	0.041007613568292904	0.17658372221235671
0.08274398492258152	0.024361343789336173	0.221691572031336	0.10589388042636211	0.07264290699381708	0.18056032051451126	0.09588730339135602	0.05134529351776759	0.04278395646809193	0.12208943794484027
0.05942777774964637	0.04373503489929324	0.11575798592978406	0.12501741646428463	0.0957214297058663	0.21127018425634028	0.09231374811340508	0.06790124379795057	0.04187326132309705	0.1469819177603324
0.07685697798247629	0.04770437170277802	0.1023722515003504	0.12437689410612188	0.07872565031330153	0.2373115089909033	0.09987606236253133	0.06598844486564684	0.04546356838898886	0.12132426978690154
0.06995527309379097	0.026392544272586	0.12800603594113127	0.11451580860320063	0.09575814425134435	0.1989314693428402	0.09681362761909842	0.047786268781140825	0.039052252182585345	0.18278857591228198
0.04964089241145857	0.05045951452243073	0.09570115493648479	0.11729663784521524	0.08982909994955855	0.20634206721752366	0.1236143547867166	0.049968250358275575	0.042995166424008385	0.17415286154832788
0.06972718817967552	0.03135878287178083	0.1746944911780407	0.11175087011857746	0.09107033630373258	0.1820022910810507	0.11486538936583612	0.0567329360358796	0.04118224847644849	0.12661546638897794
0.07343498948792572	0.044559672241963666	0.048580774937034193	0.13515415518263765	0.09529485863032829	0.25149223670434534	0.1078795314219485	0.05371947564577161	0.04106618854311442	0.14881811720493063
0.05952037921857436	0.021751463412885017	0.15169785049180273	0.10974803813588185	0.0877165277162889	0.2418100875451597	0.0974920830593256	0.05652111139968066	0.044151474534541255	0.1295909844858599
0.050167137101700274	0.03920104747327167	0.06863991851632216	0.13336208057797716	0.09311553152134404	0.22086706069121687	0.10675206484107896	0.0501628946856104	0.04291435122170951	0.19481791336976895
0.050460335449489364	0.04059137218878814	0.12061185701688375	0.11607577872088969	0.09619453110152468	0.24107530025254187	0.09533683768342194	0.04978305196401636	0.04782620780348555	0.14204472781895866
0.068398799369517	0.021462927509019625	0.1131884133953458	0.12510979398045433	0.07586027080525305	0.1981897515419393	0.117347416064099	0.05538492552489762	0.04210841729922482	0.1829492845102494
0.06386224148403666	0.040354475067329885	0.11324156379613025	0.09528002305457954	0.08588433128619788	0.25044371269540533	0.10784822289902407	0.04782570647931793	0.04111128254533587	0.15414844069264252
0.07734621821303256	0.0498586322266283	0.04797681672159963	0.10438715073218655	0.08415597826425227	0.23533641920218418	0.12246069844567219	0.05619332809120946	0.0414285393526457	0.1808562187505891
0.0741288971916467	0.05082395902776718	0.09464455330030659	0.13647742240289962	0.08186784965643874	0.21466206823406292	0.11106028299419335	0.06384854625943978	0.04264978885242152	0.12983663208082358
0.054932734342868585	0.019884217015205582	0.06763395998424937	0.136573687608382	0.08665313169043422	0.2466885128171043	0.09197486854379361	0.054327153323153306	0.04741984787026155	0.1939118868045474
0.06366349536728602	0.02777131743661032	0.09467478447757442	0.14304795062025225	0.09121826458184253	0.2268273695856345	0.11765021357861546	0.04702305240882535	0.04531094718896256	0.1428126047543966
0.07281453794037687	0.048156207744863636	0.08642049589092168	0.12456689489535465	0.08171924169043707	0.19773155826235517	0.09544915279510785	0.06058881676804835	0.047847516429010625	0.18470557758352407
0.08184012759457654	0.023455347754866768	0.12787435864464883	0.13086346645631533	0.07589679102828777	0.17832984935087354	0.0955136208768429	0.06702270469083998	0.048355292339973065	0.17084844126277526
0.08131300995269855	0.03307194774199029	0.08164257067200838	0.09974949247656505	0.0879289401460972	0.24784536538189667	0.1127988244430622	0.0575814908285842	0.043023489980863555	0.15504486837623385
0.07565253242673403	0.02881695860231294	0.17801487541897154	0.09310211212349218	0.08271025081209396	0.16326995341836786	0.09897856377635345	0.050735895006726255	0.04022132980273156	0.1884975286122162
0.05638594463386483	0.02524083050175306	0.04677488388914414	0.1390427810330787	0.0965488066829916	0.22576300473240668	0.12181910940179325	0.05625311474978319	0.045641862206736813	0.1865296621684477
0.08116011194042849	0.0476337461185392	0.08059953377133075	0.1360878342749066	0.09667182365723981	0.16406746456827098	0.09438003246550873	0.06170152313842234	0.0410043371604758	0.19669359290487726
0.05301829372674666	0.043584834711169224	0.1835132565705177	0.10751331878097764	0.08975918428632054	0.17582719615268383	0.09887722023152201	0.04685665857659843	0.044288916674478075	0.15676112028898587
0.08472790027286214	0.021943131728183934	0.1233465389582857	0.12572718652151388	0.08912235451773151	0.1724991217367011	0.09736533309618949	0.05459709731825428	0.03958357747738711	0.19108775837289083
0.06016255061719456	0.02464354119289895	0.1421546275110071	0.1517726643852632	0.08051126090717703	0.18998316050915143	0.11152699470921969	0.04905963069332363	0.04152138931750991	0.14866418015725438
0.06296126902784589	0.04117695651844448	0.05000415127168974	0.11475050412121263	0.07981103731221983	0.25037277060101276	0.10690928539381411	0.05740815345825467	0.041824091125356226	0.1947817811701496
0.07335923818196848	0.04063305246603221	0.06674725602251229	0.1384413588197872	0.0789994063352037	0.2537059720775834	0.1012094713626717	0.04977007261712678	0.04147613515177844	0.15565803696533578
0.07737106800888621	0.04134176701555911	0.10536453099644877	0.11672083590718522	0.07479759587807255	0.1665201145631352	0.11991187974594056	0.0670120720052391	0.04739248226041329	0.18356765361911992
0.06278890990338958	0.04431723856020255	0.10463691677479363	0.14909713152987586	0.07752364251827415	0.2318021201325513	0.10054050220534666	0.05365047301292585	0.04319281784384315	0.13245024751879725
0.08078550838580148	0.04361993252388475	0.08104849421516366	0.1305654998640469	0.09416293937586262	0.1861440904076272	0.11310156152419959	0.05889263739265063	0.04752754538039772	0.16415179093036544
0.06386762959858631	0.02809733859705643	0.04620414883907298	0.1441470665301493	0.08652343145997331	0.23388389934597403	0.10761156352133	0.06389918297338476	0.040384174498080266	0.18538156463639258
0.07584117747367691	0.050475351417058605	0.16178495605647333	0.10160030328799083	0.08906755096186701	0.16293238322127482	0.11467370385610956	0.06434971954071145	0.04298622811136837	0.1362886260734691
0.05399883449375723	0.0375435987040102	0.1662519628524724	0.13435687604731014	0.0779418779658955	0.19215098872830189	0.11253396354232122	0.047997469798738285	0.045817169699654	0.13140725816753912
0.06929593671489219	0.032410736180856284	0.09532837405230601	0.14221589695409742	0.08951560709246502	0.1721189869110949	0.1024091605578013	0.0545183964147881	0.042448737006820975	0.19973816811487777
0.06488019020303315	0.03492035839499316	0.09523670806351058	0.10692103655218564	0.07782104631587014	0.23273511622932652	0.11522856550135349	0.057960572663530635	0.043123976685178936	0.17117242939101768
0.05693478815492524	0.04710494858203122	0.12225448487630201	0.12671014294679644	0.0760205376759469	0.2114562454957719	0.11740963638886351	0.04855883362810515	0.045013178096663	0.1485372041545946
0.05446357037328958	0.029255094387630187	0.12329807482679987	0.13110124323867664	0.0834878191345317	0.21248811382845958	0.11233187946605865	0.06728419756833616	0.0469074097620774	0.13938259741414022
0.0678982214351043	0.03286910072371324	0.0817915189034846	0.1389173501873537	0.09325020268839625	0.2001128640688673	0.0951194085364858	0.05066356826072594	0.04415104444380378	0.19522672075206504
0.057455441530181846	0.030259604264270615	0.1479186520406443	0.11999328916700804	0.07516018166893758	0.18430960058275103	0.12152974711264233	0.05826921124830045	0.04625549312435687	0.15884877926090687
0.05672338937611432	0.030048823558253446	0.15906005847344024	0.10444448723185075	0.09545146911502213	0.2369672563423877	0.09322230491957975	0.05084512632263792	0.04518878787149663	0.1280482967892171
0.07620416011651313	0.023397902891187858	0.17012625146916238	0.11311188541571858	0.08589390732833238	0.20028678344907525	0.10641017140241199	0.05727175200782567	0.046114689219508016	0.1211824967002647
0.0679755924476089	0.04296116244663648	0.15351379484660116	0.12157082560867455	0.09029205901042076	0.18010067087945247	0.0954118477627833	0.05724423117915143	0.04095614649533888	0.14997366932333206
0.08160385767503207	0.03721175246231563	0.1171015858019012	0.12419966096768846	0.09109741352986535	0.19868698371542853	0.10530130212867028	0.05397861429014776	0.04347310048658677	0.14734572894236386
0.05120033776453187	0.025830557325305134	0.10306067857323603	0.12821556388321842	0.08651535195386778	0.21650774562388203	0.12374609452802221	0.04868684298623949	0.04575857194732515	0.17047825541437192
0.07092476054654821	0.04950300581895663	0.08387063774379269	0.10584998036034202	0.07795779779886566	0.23235595186773805	0.11241806199216273	0.058084699769808415	0.03879040723818499	0.1702446968636006
0.05005349293104824	0.038628670465309774	0.13967990270599148	0.11289383730586061	0.095582339976056	0.18413418507289342	0.10840005719834551	0.053826710146703025	0.04462555306286581	0.1721752511349261
0.06922851479920084	0.041650647753603214	0.16908738255702166	0.10228647909053333	0.09568133422656497	0.18892214599453633	0.10777376048796614	0.05285839050489898	0.04375591533757684	0.12875542924809769
0.0736296104465044	0.03785562437788395	0.0680906262691364	0.13359026745618374	0.08236531773590236	0.18845495207160962	0.11512284366535608	0.06631468752238988	0.043890791647348236	0.19068527880768527
0.054889584554545984	0.02935122457510146	0.16990741863904996	0.09851066788176677	0.09711775525176754	0.16428591289393288	0.09854909196529076	0.06048050702149319	0.04557656106350229	0.18133127615354921
0.07653235126392985	0.04100864862512436	0.11777840596660921	0.12296528421642336	0.09255745793178244	0.18960178580964276	0.097912441373364	0.062844937419776	0.04087570591227371	0.15792298148107434
0.08156156074131293	0.037434723009481946	0.05198325395995705	0.1093881350763424	0.09569442045562336	0.24964963519616068	0.09536108301223205	0.05114365489560712	0.045104644370560026	0.18267888928272236
0.07726558964224889	0.034986339437771255	0.14152819733292737	0.11997464285024803	0.07907736096866189	0.16935040762021755	0.09203390601492709	0.06241221658655868	0.04702773510516141	0.1763436044412778
0.05915479355554136	0.050692315362168894	0.08120648952689151	0.1349266943757481	0.08283733637520226	0.2385935892940702	0.1194591089472863	0.047819988548099275	0.04730730530173327	0.13800237871325877
0.05814705146268186	0.045369361624510114	0.04046515852821092	0.12472751406650606	0.08260812079764521	0.2311777923640027	0.1120862100464751	0.06765571882683939	0.04375953536404709	0.19400353691908157
0.04896205753710137	0.0257200107112055	0.12057385856622162	0.14854833531928452	0.07398548058665844	0.2182278239600175	0.09086311000370381	0.05455894327941627	0.0430552324795685	0.17550514755682245
0.05127975105905119	0.04521287478061936	0.08812416843175665	0.14819353979287936	0.09631752831859504	0.18647958575334392	0.09432225126110927	0.053744715802276743	0.04190244929072335	0.19442313550964513
0.06901320960507595	0.039074216370318146	0.12228154882607709	0.1048828981672737	0.08318255156050545	0.20520316253681914	0.1114257055432305	0.0559283722747027	0.04894806363172846	0.1600602714842689
0.049804252682115524	0.03186180289948769	0.18400379616280593	0.09293145989908651	0.08327027329970846	0.19117955055345248	0.10882923075366313	0.04683307316718564	0.0473814942582535	0.16390506632424112
0.07552094212330385	0.034096351137309286	0.12291785458133861	0.09291455211432241	0.08875605855677796	0.25362218962253297	0.1065874961409949	0.05082685903636584	0.04161821861065768	0.13313947807639645
0.07699189124742559	0.038290283435306924	0.11708047494415143	0.10320262991701548	0.07644464448293163	0.21424453853983785	0.11174785333371927	0.05157469856439516	0.04301141277976883	0.16741157275544782
0.08296764653058679	0.03517839447519537	0.06622279473955746	0.1316227882673535	0.08476847134511958	0.23904408035082175	0.10879844855604598	0.04806802244899062	0.04484376133346236	0.1584855919528666
0.08372166623505352	0.04571898325040678	0.09256530400160311	0.13489832924000897	0.08297590714361634	0.17517454331457671	0.1195860931007836	0.05007068718603138	0.048728131487350085	0.16656035504056949
0.04797429419526625	0.04092422120841535	0.11184018690242392	0.13503091617920956	0.09479934058297748	0.21128114830915662	0.0992179116470781	0.0551295814162624	0.0410855584817546	0.1627168410774557
0.07613695551580611	0.04134869482679028	0.04853175177096936	0.11851405576436992	0.08338098917024842	0.24576417074505896	0.09315722055500124	0.0520959566610796	0.04742176217859419	0.19364844281208193
0.07185333746031577	0.02987377229554858	0.1210565160953708	0.11762278072216156	0.07581538409333662	0.23443988688169964	0.1053207239297252	0.06320862216519967	0.04083768809472482	0.1399712882619173
0.06863477472291496	0.046070087799019825	0.08363366931330535	0.14500244039931665	0.07581150551705247	0.20506883752603408	0.10460758376709288	0.053788627121644755	0.03920459432421896	0.17817787950940006
0.08148844304052869	0.032240309791572996	0.1121186957044603	0.11370138497411654	0.09713212189921797	0.2426971516932362	0.0957314065544855	0.06132317771382504	0.0431467750140205	0.12042053361453622
0.0779585778450583	0.031976004951663486	0.13925813280657698	0.1033674804100377	0.08601920431534182	0.21818689536040153	0.10446688261445133	0.05079497486173458	0.0433135339982374	0.14465831283649683
0.05159469885636153	0.03579699934369619	0.14194304243752154	0.09444813704298231	0.09074884870042758	0.1737146592789781	0.12123840646810853	0.050547448713042994	0.04489346072682809	0.1950742984320531
0.0759160437101717	0.027988100225205245	0.07891746873046171	0.1059971061162754	0.09719622964968866	0.2334659423636909	0.10806996662792043	0.05617540177639683	0.044381069606712883	0.17189267119347618
0.0520334765865467	0.043833783572632706	0.18528105724902919	0.12605290915858772	0.07810279283591953	0.17848865073402878	0.1162371919964561	0.049135872195619115	0.04530478287973179	0.12552948279144835
0.04957879738447564	0.04901469183916097	0.060588985258068676	0.13680330657345047	0.07851747089796465	0.24992758889650268	0.1088493687581322	0.06840590733408448	0.04003897487700473	0.15827490818115553
0.05288795129912777	0.022935163195175412	0.16069147394144287	0.10775118096284056	0.0841964057386967	0.17519377631241578	0.10478188806861012	0.06523945299943393	0.043605888957650864	0.18271681852460603
0.06444484667618713	0.021682236417891826	0.15686977397866742	0.11570822874575466	0.09582144650617654	0.18735639867283854	0.12003602325541055	0.05872679290441153	0.0391948642169172	0.14015938862574462
0.08270892154501165	0.0488359889122091	0.11811393768465331	0.0920128013344754	0.09489389381229689	0.22168526831502144	0.09452449236024289	0.05360017492807839	0.03986882650245682	0.15375569460555405
0.07984468812701735	0.031761585491385205	0.14441148055997055	0.11318729492490853	0.08551247268756963	0.17775204545952983	0.12050968435869377	0.04908255704940836	0.04894009899321916	0.14899809234829758
0.06617274858671643	0.05030381553662085	0.15307806240347482	0.09481154424504933	0.0974715852629275	0.19246888971286275	0.1058233210830989	0.0652915421649721	0.048267624354981255	0.12631086664929608
0.0718784249991769	0.03704644160370829	0.07334602212875813	0.13795089642794267	0.09816640652521263	0.20050812758875428	0.11710756723407845	0.05291015071632563	0.046989306547911225	0.16409665622813174
0.07855066679904943	0.02428162410805043	0.06633385998662035	0.12012345677249185	0.09408355914786572	0.214469359669937	0.11381896928318368	0.0523651189862842	0.043861304223046814	0.19211208102347047
0.070656979943963	0.04260198556813646	0.12650306085337257	0.11040139253198743	0.07776954066239596	0.16673976392405207	0.09717178434472502	0.06440268373514577	0.044637847324232066	0.19911496111198965
0.07552806389165834	0.03764264034380814	0.10387118915791681	0.13105824801169763	0.09691010954316776	0.2135489204771397	0.1092961449827374	0.06005051706332557	0.044720633703110364	0.12737353282543823
0.08444343689369734	0.028925316861599867	0.1351569244158619	0.12379275448959681	0.08000649462287263	0.20447632860965967	0.09784582908967186	0.06743478516409777	0.04323460949161015	0.13468352036133194
0.07431380394645981	0.04357331209701394	0.0960046201901869	0.13363936988481473	0.08712345132695352	0.20957535930407437	0.09198675555945263	0.05426159239602206	0.03928603530545112	0.1702356999895709
0.06078473206831844	0.019975460065067285	0.17587216358360291	0.12671690235002941	0.08960282374668858	0.1743556197149541	0.12154412208625903	0.059043303197174365	0.04500068521016258	0.12710418797774323
0.08130352906023242	0.03446115189993981	0.1770425180311926	0.10201646122082826	0.08805675765742382	0.16587343337864113	0.10087596973845288	0.06258039944453775	0.04420143456550327	0.14358834500324807
0.0720369066662303	0.04682488938852239	0.12733014145923946	0.11073155697720907	0.07316121106478925	0.18090826972237098	0.10787082192349917	0.058724304088952656	0.04613974505766083	0.17627215365152588
0.07651093078249618	0.03905431305809244	0.12189024077226576	0.15385652857188623	0.08583934296080334	0.16335831383876506	0.12337400522559822	0.06563248264944628	0.04358195901173354	0.12690188312891293
0.058268962430919634	0.03839822810305403	0.14579945465625516	0.10632905556162371	0.09443067525381739	0.16751008430488573	0.10234568717290653	0.056354326414802834	0.04755314055662372	0.1830103855451113
0.0706637273017274	0.04450496816422974	0.16427482178018393	0.10138205439187117	0.08086582343578907	0.17281533032377014	0.09404020493315994	0.06545675672069597	0.04867893272086048	0.15731738022771213
0.0690961079445085	0.030404810857621936	0.1644405171265665	0.11785586679840696	0.08109470374659987	0.2082812965763639	0.0953183115097943	0.05377474025979896	0.04350884550019661	0.13622479968014245
0.05057228627713212	0.04967256288741155	0.10205522248467852	0.14135326426511474	0.09055864954841952	0.17459199478635862	0.11443707633688821	0.062467987135824174	0.0446343887431859	0.16965656753498665
0.05142743746002684	0.0500659471798396	0.18595286477943282	0.10066952638898798	0.07562415650843489	0.2156297794395065	0.09749904017368916	0.06284563068339083	0.03911860641371256	0.1211670109729788
0.08297067632186457	0.025606078584622008	0.06258601206415898	0.10247818152504819	0.09318922386536993	0.2461386060178693	0.09706524337785802	0.05489809604905402	0.039908868894794884	0.19515901329936014
0.0809739347808529	0.02416065877423057	0.09517548269634273	0.1524018279465969	0.0857127079844329	0.21868169909109939	0.1098726653476167	0.062388582560038396	0.04837690754893364	0.12225553326985583
0.07771684985082518	0.03219233192391516	0.13080672489083575	0.12863621681731255	0.08241428164444173	0.22670035509708458	0.09800949981264058	0.059508096265006395	0.04320679288581494	0.12080885081212309
0.05697964472364747	0.039928936622597395	0.15173579410764484	0.1091708820908724	0.07646835771049626	0.2151815074007577	0.10729982373141794	0.06655248872152092	0.043029131050587505	0.13365343384045753
0.07814523117134635	0.04542519716865688	0.06628321048023025	0.10598380702835641	0.072629008133025	0.2552602976523582	0.11941211938711646	0.06519563380828988	0.03987498806481861	0.1517905071058019
0.06244998195235048	0.03416161829637174	0.09158625862177619	0.12232975624260138	0.09657600663009266	0.23324035217392786	0.1188207109743688	0.06250645384694667	0.04027267065796466	0.13805619060359958
0.04859756487177687	0.04968753610209096	0.09849377547420886	0.11576285580547212	0.09545780432966716	0.23825797299671436	0.11073690205545202	0.05715959205208642	0.04369430934346782	0.14215168696906344
0.0746804276066795	0.03470811635799824	0.08881616523716465	0.1467440940251201	0.0748541047441478	0.17552496905650566	0.12101887486355162	0.05161854126050449	0.04013721535723937	0.19189749149108853
0.06040260274735812	0.03440981045607325	0.10608082925497621	0.0950145914109988	0.07313697542727743	0.21331103595909034	0.12204212419531678	0.060907272657104675	0.04738088339104992	0.18731387450075443
0.05445249276903875	0.03165062769523862	0.16042747564282717	0.1392132957325886	0.08545881002618289	0.19181380090426825	0.09744432798058746	0.05979378301567396	0.04782609070974451	0.13191929552384982
0.05011053174681187	0.025025658878395862	0.15110201270623438	0.13680903875364714	0.08393222098688746	0.21578479902908715	0.09751300011537486	0.0481209323312459	0.040109645519185555	0.15149215993312984
0.07061385741730539	0.02245084615848411	0.10338567037964765	0.1359999123835044	0.07357264085010792	0.19691804022386086	0.11096762851449946	0.05266495741404504	0.0467548326839927	0.1866716139745525
0.07567781025104615	0.03483789273928928	0.04506406752628589	0.13661991500709764	0.07516248873812145	0.22674573264013187	0.10509106609777136	0.05980325930195303	0.048417113145681916	0.19258065455262136
0.048569126889543665	0.03620725512582752	0.12487794971556111	0.11686633272417772	0.08206894445675715	0.21331621040852747	0.10742582872934801	0.06204422716631844	0.04868257427187072	0.1599415505120682
0.064870144207126	0.01961159924245312	0.1367340726699844	0.12603624803431224	0.0982474599851908	0.1730195329364588	0.12323271458229595	0.06423695661470112	0.04449886867514129	0.14951240305233623
0.06019624188821719	0.024460473905475302	0.09988602444525077	0.10888028359554458	0.09152890890916054	0.2457445250144759	0.12282768401691442	0.062122966606066025	0.04844706600422235	0.1359058256146729
0.06264502230856732	0.032355157797324216	0.12252739343127758	0.09376788888358614	0.09197291859957214	0.18272239068255755	0.11649957635436167	0.05069677947900665	0.04880544512013631	0.19800742734361038
0.0669538764163129	0.03855718718693696	0.05753530143504289	0.15421788211837517	0.09230661434613413	0.19739161780262537	0.10231731646346914	0.059787264058015065	0.048644065232616635	0.1822888749404717
0.07685209300254506	0.02513482953236991	0.0879633969970003	0.1266966415912334	0.08599435252250058	0.2409797564508797	0.09813664571412999	0.048877015554247734	0.04246726287184997	0.16689800576324332
0.07709291804916887	0.0328309088707123	0.13485576188082588	0.10873966991964457	0.0774192843307051	0.23675473393179042	0.0992914134422416	0.05373471855442204	0.040873276906613736	0.13840731411387547
0.04978374677476319	0.02425427001978074	0.1095596466421597	0.14556898133051877	0.09621548767304915	0.22913150497066959	0.11953818509594272	0.057746453900258794	0.04782196005643338	0.12037976353642396
0.06345964429089734	0.023435542678037963	0.07780969158026727	0.09909230153441852	0.09300108792963194	0.25295354875287973	0.10689620199626698	0.06710982642165261	0.046308486068511706	0.1699336687474359
0.07432801225607835	0.038840706911794275	0.10335514003525001	0.11789396110542816	0.08487047881855174	0.19122453177331883	0.120567831938583	0.06434359058488749	0.048278601165058346	0.15629714541104978
0.07706681412716429	0.022780117465887748	0.10886965558711459	0.11891560338701133	0.08582545374197083	0.2078521322172951	0.1236930234143386	0.0547877270263075	0.04695333429688869	0.15325613873602129
0.07187810708584286	0.026676788224560946	0.10424358904120914	0.1251043458156133	0.08553182235116742	0.2067810346447656	0.11986978638366763	0.06389140038339074	0.042957398240784275	0.15306572782899802
0.07822621071289386	0.023282500213355456	0.12879878328384026	0.0976221772918621	0.09605284434417138	0.1888650657423131	0.1212197741395534	0.059488576641087136	0.04479589359649948	0.1616481740344238
0.06402311148086035	0.04796768558717258	0.05206654210224185	0.11417165825415547	0.08173630068399104	0.25266384083966914	0.10626264448191163	0.056519781376099316	0.04048018409825092	0.18410825109564766
0.07832708537292428	0.022608058136714543	0.03430675269404601	0.15252821734328575	0.08358698361546808	0.21370762110139116	0.12282987582136266	0.058420054125674595	0.04835036916548706	0.18533498262364578
0.057800788417012264	0.04975017810905408	0.06310069637276114	0.13802513992740878	0.09490971749461526	0.23135335510894284	0.12389899437966767	0.05211901577412263	0.04045982360052676	0.14858229081588856
0.05165028463384609	0.04028137872895523	0.11080152522411199	0.09339539603447569	0.08918180813778295	0.22282165191598913	0.10886246637696678	0.050270686442575534	0.046849869710197334	0.18588493279509927
0.08342528678920832	0.048050891667589093	0.12675327947778675	0.11528549824185748	0.0843676833107175	0.21185704204895323	0.10023487521976124	0.04818170590972028	0.046460362912221095	0.135383374422185
0.06984697799308688	0.031331067411902516	0.09756492239784459	0.1110226972659245	0.07743705908693721	0.23972679339481467	0.09101296826961623	0.05352295983646569	0.04188395597585753	0.18665059836755016
0.06348658599939594	0.03280381514977511	0.1827621482383494	0.1050575509423543	0.08571129078576223	0.212699492228696	0.09796804330034434	0.05067501823085342	0.04741401935733971	0.12142203576712951
0.05578807077434159	0.042629944312627226	0.09080550922617919	0.11546505501099552	0.09672219476978718	0.21021893623562118	0.10980545415721094	0.0488417632044389	0.045763039151741944	0.1839600331570563
0.0648819285325913	0.028242461074275388	0.1356807649941269	0.09299935782617191	0.0824549281339246	0.24583648979386252	0.09964356497333947	0.04828096556035693	0.048236285839052255	0.15374325327229874
0.08010090333957079	0.02640291777984896	0.15701550788979243	0.09966966534752233	0.08129263105659132	0.20016375059028604	0.11976561170733921	0.06046392800901035	0.04463249091049901	0.1304925933695395
0.05131809811288685	0.030057749521070876	0.10847796808503787	0.13286493604524494	0.0882907688290909	0.20037598069369417	0.10430092167450285	0.06419354476562764	0.043666270916086054	0.1764537613567578
0.07609204576597806	0.04128055319864305	0.1347431992273327	0.13348254454251862	0.0768592169906056	0.16524921359289518	0.10702411205978876	0.053400070705384696	0.04071053828281939	0.17115850563403395
0.07902641525138554	0.039817624523406064	0.11061503847526168	0.13486427330691753	0.07784958861569546	0.19516002081267989	0.11048469390603192	0.047671710251289655	0.04168450868055886	0.1628261261767734
0.08227090382095668	0.01884888856096195	0.1560056501826744	0.12902290097605246	0.09049275773246772	0.19189862583195652	0.0994323166293249	0.06797323780583739	0.04378468970682435	0.12027002875294356
0.08184478696703702	0.04249473441302182	0.10356215807216901	0.12257210829537644	0.08571961760335017	0.2201749877622705	0.10602641845867068	0.049697441307570624	0.047443857884157656	0.14046388923637604
0.07395518918017636	0.046818197708579486	0.09618489128579762	0.10317327338045446	0.09158392237261793	0.21466410553076642	0.11163120645906352	0.05275377742314383	0.04414457409458565	0.1650908625648147
0.06936721155170023	0.025192578726237674	0.13994852164947247	0.1331765384635927	0.09791564645735196	0.179145719721092	0.1187367846895166	0.061307384517804465	0.04159522335423352	0.13361439086899837
0.05975154058107944	0.02769166241562894	0.07758544840692773	0.12198930185559376	0.0982517744342658	0.20813859509959062	0.11115653193207431	0.05483348326776787	0.03960391827154087	0.20099774373553064
0.07594751888396568	0.0304774537656973	0.03931383177520495	0.10117866775341808	0.08960798854090804	0.25528664248653904	0.12088268991178977	0.06515055706115776	0.04614209002138567	0.1760125597999337
0.07490771586662727	0.027376305439516066	0.05789647541423685	0.14543693892576756	0.09384956249725551	0.20635966724110055	0.10077354734384816	0.059039826319864645	0.046563005368955745	0.1877969555828276
0.05416083300032759	0.049724108790194	0.08506895010162556	0.13669674132903376	0.07650804859633642	0.22831771741028473	0.09664586301706259	0.057733962259579226	0.04431196851264093	0.17083180698291522
0.0690868886849108	0.04973636599306814	0.10012539609766256	0.1315992515697717	0.07881585094491714	0.17585181847958012	0.1224876255612003	0.06543055443670921	0.04653499415602511	0.1603312540761549
0.055021082358758425	0.04834923987612714	0.10684739080949589	0.13647950391665997	0.08923873604744194	0.21114885376683384	0.10029821890326505	0.06721736537797258	0.03985121272190528	0.1455483962215399
0.053987594330608714	0.05070817619153919	0.13723112868081677	0.11025777849040666	0.0849415966447314	0.20999658256249015	0.1217037442645452	0.04978908227187611	0.039144542630793915	0.1422397739321919
0.06198870556412982	0.045117458309326904	0.12927181016174746	0.12000183492025537	0.0867210600365762	0.23158993517806464	0.0921156037092207	0.05210884727372486	0.03900747365330555	0.14207727119364846
0.04846154507311626	0.05056803084578853	0.16879376862573126	0.12430230264094827	0.07612146923038737	0.20486175567731668	0.09321216734491858	0.05134267302399768	0.04548565861196686	0.1368506289258285
0.06002695350663241	0.0251671941088792	0.15461478131088327	0.10220634314465338	0.09493259642759042	0.17864786060461052	0.11992960454414635	0.05140681115880777	0.04709779874635645	0.16597005644744023
0.08160485490398654	0.04596341534182195	0.06406328719802586	0.13061094396748762	0.09825095840938639	0.18624534583106223	0.12103312983148454	0.06296356142190854	0.048287995816435905	0.1609765072784004
0.054544007425434166	0.020173674956247112	0.17378936257642935	0.09602453984250232	0.08518898352199478	0.23113293521551642	0.12333245333269305	0.04843041616245003	0.041041895563545684	0.12634173140318705
0.07562092878685464	0.026297409466184418	0.10407295580368389	0.09808944484249486	0.07415930532313345	0.23829181865468946	0.09522622225706988	0.06257960092629573	0.0485383198971296	0.1771239940424641
0.07151899521364058	0.02188273226338422	0.11216256284424854	0.11443595582225453	0.08557463554625991	0.19988825506248425	0.11862677279278465	0.05466458836603316	0.043033525771657116	0.178211976317253
0.08287488030537893	0.048638235267367276	0.13951772906167897	0.1177913823178521	0.07533416379693836	0.21156602238077166	0.10085050241063642	0.051222619603200105	0.04335481167971521	0.12884965317646094
0.051166316346994624	0.04497763311932631	0.14063107177218384	0.1378472135140612	0.09584976194204033	0.1658042684691437	0.11651061521715425	0.06675223238840747	0.04725307075233068	0.13320781647835758
0.0792560999761568	0.03191728565462221	0.13354492779008476	0.14500052572448047	0.07321675080999884	0.17641554460983214	0.12119015073542085	0.06762801920194725	0.039125774707574945	0.1327049207898817
0.05058705027201157	0.05084490577662828	0.13827762387263018	0.1529107853084003	0.07886773956455112	0.1771255245968551	0.12168180283257145	0.04760092557927531	0.04577623188444587	0.13632741031263082
0.06901234996155683	0.020901447638151396	0.12228054871337615	0.11929154344592738	0.08351629963350715	0.23170548095263055	0.12283544616079514	0.049164296132840374	0.040623996072868665	0.14066859128834633
0.05302890420954203	0.02868690909096712	0.12990770936097912	0.15111798956412426	0.09688458741177793	0.19648218678411733	0.11561005411167223	0.04888830974112748	0.044877336324783405	0.1345160134009091
0.08042596369892045	0.03655044452247366	0.140475864243822	0.15185637567876176	0.08035827005534449	0.17618776612980946	0.10120780204995238	0.05393597731312491	0.04415605506920004	0.1348454812385908
0.05196255017026616	0.02193135481135805	0.143006784684982	0.13600123374477777	0.09234982893430888	0.17171124140599964	0.10523126974070561	0.06216584855218721	0.04113517574934826	0.1745047122060664
0.0556003189159773	0.048056776658726014	0.07893465298245302	0.10262208315578014	0.08770972180042239	0.2082502719242926	0.12057463682761889	0.05845895067882251	0.04240671154537847	0.19738587551052866
0.07018441221136426	0.041253228236876015	0.16160311024886415	0.13192303060753932	0.09510767264605091	0.16809879919800919	0.0920049418746987	0.06883679864057979	0.040405483826776924	0.1305825225092407
0.06102850156861767	0.04893498042318166	0.04933892164189516	0.09253700340698005	0.07861641237255657	0.25603384444816685	0.12247262015889715	0.06084787560647483	0.04446169095348479	0.18572814941974525
0.06480803254831638	0.04179132112320205	0.10865538646646217	0.116342028293518	0.0980474174671454	0.16572316347866622	0.11637539790639564	0.05858626357126653	0.03965929626299879	0.19001169288202882
0.0554799410931832	0.04842463337740349	0.06524664291538054	0.10651189590962384	0.08619138334153138	0.21806948358924774	0.12058281184410237	0.06654205901498211	0.04894252679032552	0.18400862212421976
0.05255244906659339	0.04017178827066443	0.20853500969199426	0.10785181704797324	0.07524054469431554	0.16896688203641935	0.10319633153896585	0.052485187289011914	0.042977018007377056	0.14802297235668496
0.05873962062209678	0.03383873868130477	0.09848140868448688	0.12391196963355723	0.09121623173971277	0.24022643844068847	0.10652897060275927	0.06246473316729473	0.04203498222680207	0.142556906201297
0.052548725489248355	0.029045943187995707	0.1999310356002545	0.10648170935906155	0.07383839017091431	0.196058166770405	0.10792057087785957	0.06071479585578254	0.04886357604438366	0.1245970866440948
0.07332215018098513	0.0276941271964362	0.10059583016223107	0.12468577523114194	0.08735103820493649	0.2564580449171213	0.10344684375613859	0.056610591098395904	0.03991909448008135	0.129916504772532
0.0809747436860145	0.02205157549060792	0.14074027379785742	0.12244016790670437	0.0812536521642446	0.1963111989446631	0.09726294190012748	0.06377025392676319	0.04042053722959779	0.1547746549534196
0.05020447584052804	0.02265232091767784	0.10294524927441029	0.1380273964922717	0.07304312435233924	0.19861540413900958	0.12335569776328323	0.06362885655949524	0.04409035937519228	0.18343711528579254
0.08279649104457593	0.03430258446040217	0.06372185524325491	0.0919351201722041	0.09247596592257526	0.24255551533611291	0.10133095821605971	0.0498612998381364	0.04266969851515143	0.19835051125152714
0.08413977154266694	0.02243759694940295	0.11425299331105582	0.10233610172761558	0.09656205106332996	0.20903091905111867	0.10115830276795738	0.05457216254035969	0.048573138988388186	0.16693696205810482
0.07864752621412287	0.021713004705254307	0.187660637967684	0.10486135106889274	0.08534681409064494	0.18852697276070832	0.10189065018908701	0.06395664851601246	0.046248544726719666	0.12114784976087367
0.06695282601948611	0.022670360020269772	0.12406477260991848	0.13810772387961973	0.09326544108319144	0.2009337381829993	0.10928346446594528	0.0672498436970507	0.043300905173708604	0.13417092486781057
0.07559252733407358	0.021864320957384595	0.1551512982774606	0.11059297377025172	0.07264229962804533	0.1701461351450554	0.12291405782632916	0.05609511109244526	0.04246132727422136	0.172539948694733
0.07706323996078501	0.03493014762255062	0.10721217837208773	0.14976930111932124	0.0730276824304833	0.21882152332265717	0.09777648378282444	0.06814855844882131	0.042560148683761644	0.1306907362567075
0.048813490516703174	0.036720561828385415	0.1369004432494518	0.1021022929736719	0.0890192742774951	0.1956436340362634	0.12078275166430938	0.0624047111360281	0.0450126543550071	0.16260018596268455
0.07135538407252898	0.03152235673973465	0.07874269827470551	0.14193389248158333	0.09694882834971347	0.1830371192948209	0.11493732808360758	0.04691458173880849	0.04563612781561067	0.1889716831488864
0.08322853905713637	0.03230843065932443	0.09189341924337688	0.09246008778382492	0.09164662981282493	0.24024353197588244	0.1044124795355411	0.05198358864304122	0.04583656913624646	0.16598672415280125
0.06896200254607612	0.047243290724447884	0.054950071257926246	0.13208533686112128	0.08650792850293615	0.2486077336275258	0.09942786967482506	0.05666603229859904	0.04613431033866541	0.15941542416787696
0.08291348471141025	0.020222337799299175	0.07090627992008218	0.0925170733318393	0.09424622440184839	0.2511754633970432	0.11588440046150325	0.05237522234532939	0.03871244213178884	0.18104707149985594
0.08286803348648285	0.040137090220902664	0.06493507760370351	0.14164427315229206	0.08808663775262698	0.19465166541419726	0.10240959095323598	0.050740176707958023	0.046590257873796274	0.18793719683480437
0.04989437365263054	0.03907413610609971	0.06778044903257821	0.14286914821890184	0.07787057989604415	0.22599926100899126	0.10437183831715634	0.051548066298906986	0.046265738340994934	0.19432640912769605
0.056792998057407895	0.045200105013259856	0.18840693513334933	0.09227317458389081	0.07474548338893282	0.1805199672329244	0.09380852315363605	0.057956550380382686	0.04707224984730629	0.1632240132089098
