0.15477976586617978	0.3825535626071128	0.4626666715267075
0.15528720540231516	0.3839727516060326	0.46074004299165233
0.15472587553216577	0.3853832003824861	0.45989092408534826
0.15723558268073204	0.38067631735075447	0.46208809996851363
0.15513414718953575	0.38235795712101894	0.46250789568944545
0.15688818822251221	0.38216483187214256	0.46094697990534533
0.15392078589917718	0.38740848804165817	0.45867072605916476
0.15535297193916858	0.38092812438129375	0.46371890367953783
0.15573326156305978	0.3831345528283229	0.4611321856086174
0.1566399749214311	0.38465711470726616	0.45870291037130284
0.15283785251821225	0.3843528513798919	0.462809296101896
0.15643988520231256	0.3832336768147764	0.4603264379829112
0.153910084426029	0.3804769741666571	0.465612941407314
0.1559879624808164	0.3842055245860869	0.4598065129330968
0.15389770897293403	0.3861746962213213	0.4599275948057448
0.15466509083718696	0.3873479105484095	0.4579869986144036
0.1548374876383301	0.38179500006831407	0.46336751229335593
0.15386909790891157	0.3844714349967704	0.46165946709431815
0.1550723387622273	0.3796868293797603	0.46524083185801257
0.15291837302198524	0.384989478657251	0.46209214832076384
0.15656651627471574	0.3831829791161794	0.460250504609105
0.15466792667574758	0.3826478882967411	0.4626841850275114
0.15482174304938906	0.38232882824071784	0.4628494287098932
0.1572215235527341	0.3818441181761175	0.4609343582711485
0.15364312645521852	0.38615446309330237	0.46020241045147925
0.1556726694070026	0.38562205186684323	0.4587052787261543
0.1564846428377028	0.38362754595349696	0.4598878112088004
0.1557456031287702	0.382454682113854	0.4617997147573759
0.1535493422497633	0.3810103276045778	0.465440330145659
0.15590116101767443	0.383883757748774	0.4602150812335517
0.1559266953699644	0.37968317575618393	0.4643901288738518
0.15470106086935134	0.38191568119020436	0.46338325794044444
0.1553802818650482	0.3793468072434117	0.4652729108915402
0.15469105547577255	0.38169756545150235	0.4636113790727252
0.15420439781963258	0.38558655585908236	0.4602090463212852
0.15297618921954992	0.3824364176688796	0.4645873931115706
0.15212988644748174	0.3831997572650272	0.4646703562874912
0.15278247887895952	0.3871531802162719	0.46006434090476866
0.15325432810777948	0.3865040590770721	0.4602416128151485
0.15604825062449418	0.38379672110118046	0.4601550282743255
0.15701901556150005	0.38279431918892315	0.46018666524957696
0.15224091451755403	0.3869513986777332	0.46080768680471285
0.1522613719670367	0.3843947656232162	0.46334386240974723
0.15537470016608984	0.38490771061987905	0.4597175892140312
0.15500762279686098	0.38668906785877966	0.4583033093443595
0.15468230613300504	0.3852049460804988	0.46011274778649625
0.1562270278603977	0.3808282878224171	0.46294468431718533
0.15455805082758195	0.38078640760526183	0.4646555415671563
0.15723521147652575	0.38419195367976494	0.4585728348437095
0.15422855354909376	0.38692792305035245	0.4588435234005539
0.15684017664212943	0.38458747435381246	0.45857234900405824
0.15451233083883292	0.3828193392568968	0.46266832990427037
0.15269045316584334	0.3814405599647111	0.46586898686944567
0.15184644870216596	0.3830997344847694	0.46505381681306474
0.15716934256872883	0.38073682877482407	0.4620938286564472
0.15162521749566799	0.3862711199062133	0.4621036625981188
0.15343525188583232	0.37986569493257627	0.46669905318159155
0.15433363774702075	0.3843296198958995	0.4613367423570799
0.15476551241350472	0.3845560669751556	0.4606784206113398
0.15286502259668555	0.3812586387596068	0.4658763386437078
0.15463754769567095	0.38067672033175004	0.4646857319725791
0.15274949729174997	0.3848407595814787	0.4624097431267715
0.15214184848086165	0.3859914255688858	0.4618667259502527
0.15689180033545097	0.38203198542304856	0.4610762142415006
0.15571642501305955	0.3795884589744785	0.46469511601246205
0.15689079954951035	0.38431348395299597	0.4587957164974938
0.15716653128474178	0.38286986493609076	0.45996360377916756
0.15443158326666537	0.3841781757577694	0.46139024097556536
0.1539067983328386	0.38349349415360356	0.46259970751355795
0.15569854681480338	0.38535077521226146	0.45895067797293526
0.15267283800397896	0.38350716853284905	0.4638199934631721
0.15600455632807536	0.37961093990573413	0.4643845037661906
0.1533818707221065	0.3868922383242066	0.45972589095368704
0.15490520232846622	0.38453347846083674	0.4605613192106972
0.1556566695220839	0.3800519537605547	0.46429137671736154
0.15384768041799585	0.3874461415866298	0.45870617799537444
0.1541333910159126	0.3827372876938462	0.4631293212902413
0.15258213641426932	0.3845763906599645	0.46284147292576633
0.1559995022447724	0.3860599711092898	0.4579405266459379
0.15694593949366364	0.3834930306207256	0.45956102988561087
0.15711638677921036	0.3809194526171345	0.46196416060365525
0.1532240312111538	0.38119116857960555	0.46558480020924076
0.15529319055630258	0.38176563396553387	0.46294117547816366
0.15621637403126482	0.3795388614386951	0.4642447645300402
0.15418002075119436	0.38064160471101344	0.4651783745377923
0.15590440136316353	0.38175365826866686	0.4623419403681697
0.15440126663319897	0.38249036566437644	0.4631083677024247
0.15165729487962964	0.38161381523764415	0.4667288898827263
0.1539906503044604	0.3803661088577931	0.46564324083774666
0.15231293748208174	0.3841665973336253	0.4635204651842931
0.1533769302747206	0.3859808845863303	0.4606421851389492
0.15557322716091687	0.3824423791910141	0.4619843936480691
0.15295932474549137	0.3855928767000062	0.4614477985545026
0.15708981049973092	0.3808080820401655	0.4621021074601037
0.15657225742884737	0.3854491334869099	0.4579786090842428
0.1539202115876651	0.3861228508191641	0.4599569375931709
0.1533560719894076	0.3859698665038705	0.46067406150672197
0.1520638528709992	0.3846382621844927	0.4632978849445082
0.15282684872906424	0.38714486732765224	0.46002828394328366
0.15309483267326834	0.38692940381212765	0.4599757635146041
0.15218172910940223	0.38494109979328167	0.46287717109731624
0.1537981707446497	0.38522296865589384	0.4609788605994566
0.15419585687137402	0.38165548079221423	0.46414866233641183
0.1555097751783932	0.3823166689023503	0.4621735559192567
0.15321865504644688	0.3850815961865013	0.4616997487670519
0.15567571490872134	0.38296098984361887	0.4613632952476599
0.15314647193313985	0.38381542600921864	0.4630381020576416
0.15162140236334348	0.38564409324062654	0.4627345043960301
0.15272327281740133	0.38548260516697946	0.4617941220156193
0.1562675401864449	0.38050502229077093	0.4632274375227843
0.1533595015915289	0.3815284304047655	0.46511206800370575
0.15347586742239738	0.38652225603442186	0.4600018765431808
0.15576345864903296	0.37994502767295474	0.46429151367801247
0.153774468049187	0.3864575997335744	0.45976793221723866
0.15459899880872918	0.38527613898787805	0.46012486220339294
0.15541700099686095	0.38431315159221446	0.46026984741092475
0.15390133831701358	0.3807532648428375	0.465345396840149
0.15488277580647763	0.3801070413658101	0.4650101828277124
0.15436475591381538	0.3874784488710991	0.45815679521508557
0.1536819328880458	0.3854140805713683	0.46090398654058606
0.15363823942715044	0.3863784722325569	0.4599832883402928
0.1564290885211993	0.384854213234833	0.4587166982439678
0.1521888098228894	0.3827217463081424	0.46508944386896833
0.1557306270821237	0.381914945649928	0.46235442726794845
0.15470950125809585	0.3846123595772643	0.46067813916463995
0.1547615059881904	0.38411782384178383	0.4611206701700259
0.15455836791654312	0.3816776083231307	0.46376402376032627
0.15346373282377931	0.3811030163311899	0.46543325084503084
0.1528125298083563	0.3845788533084155	0.4626086168832283
0.15483788329404174	0.38314039297807573	0.46202172372788264
0.15499168438976552	0.3812257611065175	0.4637825545037171
0.15176184679388624	0.38650662911642003	0.4617315240896938
0.15614716091272335	0.384016993932499	0.4598358451547778
0.1569580528009816	0.38217708570134695	0.4608648614976716
0.15444361273066806	0.38614668246649575	0.45940970480283627
0.1563592570613452	0.3847819679776513	0.4588587749610036
0.15195590959355554	0.38378904494575816	0.4642550454606864
0.15295877413749864	0.38361211276044244	0.46342911310205903
0.15328735940360622	0.3866791925031132	0.4600334480932807
0.15578983561474247	0.38373408657803065	0.46047607780722705
0.15465296904385012	0.38020162078205927	0.4651454101740907
0.153790281906701	0.3822894535524682	0.4639202645408309
0.1525725805530942	0.38413528038920997	0.46329213905769595
0.15547846890747072	0.380572021512744	0.4639495095797854
0.15376850701838446	0.3823696584394643	0.46386183454215135
0.15372504056783898	0.3825087853789992	0.4637661740531619
0.15461887098962657	0.3794837561682489	0.4658973728421246
0.15208314913398313	0.38537468935770036	0.4625421615083167
0.15474807158652343	0.38122647020449624	0.46402545820898045
0.15398772486176104	0.3802421419169554	0.4657701332212837
0.15291147514329043	0.3854166910961178	0.4616718337605919
0.15370682889817777	0.38254106032907775	0.4637521107727446
0.15413953024106664	0.38373998385913954	0.46212048589979393
0.15670352885875027	0.3834677979434559	0.4598286731977939
0.15602928613232994	0.3798476562547188	0.4641230576129514
0.1519764971725608	0.3822795205662624	0.4657439822611769
0.15663585997003018	0.3853113963017163	0.4580527437282536
0.15213773313290047	0.3821553166455909	0.46570695022150876
0.1529247296070974	0.382839667010336	0.4642356033825667
0.15613337168449432	0.38240208095246536	0.4614645473630405
0.1525701475947144	0.38271408043048255	0.4647157719748032
0.1546183787587418	0.3829884532909944	0.462393167950264
0.15195141888388186	0.38664468572662314	0.4614038953894951
0.1516663986493048	0.38165286040419577	0.46668074094649953
0.1520822611746846	0.3818019026994863	0.4661158361258292
0.15483698318755437	0.3837837467671679	0.4613792700452778
0.15613657126329528	0.3839015201912075	0.45996190854549734
0.1523816653411448	0.38067177918561584	0.4669465554732395
0.15184302792832455	0.3862759483877647	0.4618810236839109
0.15484853842466545	0.3870972020313752	0.4580542595439595
0.15256060948015773	0.3869908620683854	0.460448528451457
0.1556768520523232	0.3819047385339044	0.4624184094137725
0.15526915292217267	0.3816694005376677	0.4630614465401598
0.15717608526827365	0.3849522563280382	0.45787165840368826
0.154059376597867	0.3874635666859516	0.45847705671618144
0.15219654527110604	0.3848889817983079	0.4629144729305862
0.15664088535015702	0.3827904886360444	0.46056862601379867
0.157162576857945	0.3803535110294863	0.46248391211256884
0.15593111179487373	0.38119758146084387	0.46287130674428245
0.1522310117052018	0.3838096430650292	0.4639593452297691
0.1524892613466931	0.3812638181893143	0.46624692046399274
0.1565701786803719	0.38108963114407407	0.46234019017555417
0.15210083492519424	0.3841102991169077	0.4637888659578982
0.1568012147605064	0.38055194070666554	0.4626468445328281
0.15593716539973196	0.3808736948539662	0.46318913974630194
0.1546758841314929	0.3823714946517389	0.4629526212167683
0.15644240945115456	0.3798730294808812	0.4636845610679643
0.15395497176598527	0.3848894148751361	0.4611556133588787
0.15528406492631902	0.3826995262307606	0.4620164088429205
0.1520742431916066	0.3846089275865511	0.4633168292218425
0.15284507631439526	0.3803449913980124	0.46680993228759243
0.15577339486895375	0.38278035536170063	0.46144624976934573
0.15688372070633314	0.38128255728929966	0.46183372200436734
0.15462888587218204	0.38337867791058106	0.461992436217237
0.15375370041780587	0.37965352278476194	0.4665927767974323
0.153000577336602	0.384550237055403	0.46244918560799514
0.15438895090067672	0.3851969864488753	0.4604140626504481
0.15255258767760294	0.3844521167456312	0.462995295576766
0.1555133681365189	0.3865444051157439	0.4579422267477373
0.15165801487373068	0.3828421360923406	0.4654998490339288
0.15386554777822709	0.3824671899487495	0.4636672622730235
0.15348240200007757	0.3800824842856774	0.4664351137142451
0.15340606551378383	0.38744767174052136	0.4591462627456949
0.15401592906370284	0.38671956996310924	0.45926450097318805
0.15435416982553055	0.38274777518842446	0.4628980549860451
0.15345877514016812	0.3859018106481614	0.4606394142116706
0.15239788679142507	0.3863542357360531	0.46124787747252194
0.15713449433116744	0.3847815167751195	0.45808398889371316
0.1541328669581899	0.38147138635278177	0.4643957466890285
0.1533208335305019	0.38058705090282	0.4660921155666782
0.15516201080483338	0.38199074607064293	0.4628472431245238
0.15509541346763972	0.3843395534763722	0.46056503305598817
0.15553300269064504	0.38607951538206575	0.45838748192728934
0.15439637183584745	0.38748284893811175	0.45812077922604094
0.1542005010898878	0.38452185298654284	0.46127764592356946
0.15358507118745804	0.3844794482473142	0.4619354805652279
0.15243041405544655	0.38210224083301275	0.4654673451115408
0.15413623258481363	0.3858977686275973	0.45996599878758915
0.1533463068096704	0.3850172249519337	0.461636468238396
0.15422945301674626	0.3822197397616415	0.4635508072216124
0.15354100873285786	0.3819016315846613	0.464557359682481
0.15256248278215634	0.38680683046751013	0.46063068675033364
0.15300756900049153	0.3825081688251244	0.4644842621743842
0.15486615905456863	0.38373750123180184	0.4613963397136297
0.15572604736891102	0.38199372702739065	0.4622802256036984
0.1535268280669752	0.3872499373175498	0.4592232346154751
0.15267027820984203	0.38213903331910193	0.4651906884710562
0.15368737858901094	0.382429973035226	0.4638826483757632
0.15526568633699817	0.38667158218744924	0.45806273147555265
0.15652287558691688	0.3833754463615935	0.4601016780514897
0.15520820067860439	0.38297263152621613	0.4618191677951796
0.1551658260529562	0.385756070884135	0.45907810306290897
0.15252064041872043	0.38500684806349256	0.4624725115177872
0.15517870878307677	0.38671941782861824	0.4581018733883051
0.153944305289132	0.38688769342730633	0.4591680012835617
0.15485244877256166	0.38408392229699473	0.4610636289304437
0.15492679993362501	0.3835161795530936	0.4615570205132815
0.15208435256712086	0.3854774213689598	0.4624382260639195
0.15358046387964303	0.3816815971266374	0.4647379389937197
0.15460703133628823	0.3843087038628589	0.46108426480085296
0.15211299861411925	0.38243465614630257	0.46545234523957835
0.15282843098943272	0.38165838661295315	0.46551318239761424
0.15510545761518338	0.38557942644516174	0.459315115939655
0.15344374529985005	0.38641276831515226	0.4601434863849978
0.15501469010485458	0.37964214775400584	0.4653431621411397
0.15380659675245567	0.3844735331992543	0.4617198700482901
0.152753656997002	0.3863951869560983	0.46085115604689986
0.1549320282908014	0.38526732420810944	0.4598006475010893
0.15698318163941355	0.3832169136068203	0.4597999047537663
0.15293781009984259	0.3865798886810575	0.46048230121909994
0.15663137812743227	0.38129769945230074	0.4620709224202671
0.15659117842175493	0.38311160855840654	0.46029721301983867
0.15684429701416253	0.3810870889829182	0.4620686140029193
0.15360719974088172	0.3851648491484429	0.46122795111067555
0.15376061598472818	0.37975902418502705	0.4664803598302449
0.15637067979653996	0.380635859340539	0.4629934608629212
0.15181042226383729	0.3839507118246469	0.4642388659115159
0.15428658014213525	0.38301667585798016	0.4626967439998847
0.15601144352754773	0.38575926622710915	0.45822929024534326
0.15370553348271565	0.3851783077040439	0.46111615881324064
0.15688781993894935	0.3795289083601463	0.4635832717009045
0.15262561712169667	0.3820171264675619	0.4653572564107415
0.15425279721824486	0.3838688353822871	0.46187836739946814
0.15466395349157264	0.38606150549627705	0.45927454101215043
0.1541944648243328	0.38308645755993564	0.4627190776157317
0.15670827190339354	0.38347230535497173	0.45981942274163484
0.1538089654068019	0.38285920928368633	0.4633318253095119
0.15598858436287333	0.3861329190731933	0.45787849656393353
0.15202040350037904	0.38369954329637573	0.46428005320324534
0.15304624525980903	0.3806549040953291	0.466298850644862
0.15319513265935236	0.38515164745497477	0.461653219885673
0.15715655271344164	0.3820376127856716	0.46080583450088686
0.1564596241164135	0.38536198549547795	0.45817839038810865
0.15531988962095938	0.3817810648427299	0.46289904553631084
0.1542939370376285	0.38709115887712486	0.45861490408524674
0.15439887214342868	0.3806674386753255	0.46493368918124595
0.15429363032540294	0.38134486062908796	0.4643615090455092
0.15400368275154863	0.38046659566801005	0.4655297215804414
0.15190545190126903	0.3859099260501493	0.4621846220485818
0.15302793846283674	0.38640101461733684	0.46057104691982653
0.15375460144495517	0.38176904052783933	0.4644763580272056
0.156425909021627	0.38251832393403296	0.46105576704434015
0.15646375288127967	0.38464195878616875	0.4588942883325517
0.15648608003708847	0.3819513548155913	0.46156256514732036
0.15256025106807736	0.3836292778375712	0.4638104710943516
0.15479612634375337	0.38334312759315203	0.4618607460630947
0.15176830012157505	0.38321692728583656	0.4650147725925885
0.15692728811334036	0.38373604202183603	0.4593366698648237
0.15415884627816495	0.384206452574667	0.46163470114716815
0.15573666024839905	0.38241369235306877	0.4618496473985323
0.15694451707474172	0.3843569628779583	0.4586985200473001
0.15690336993921167	0.38172415772220303	0.4613724723385854
0.1559116533114075	0.386169537373371	0.45791880931522166
0.15708747103120568	0.3794589116097996	0.4634536173589948
0.15365104305527033	0.3793164632202127	0.46703249372451716
0.1565626504359675	0.3834133716706235	0.4600239778934091
0.1555672767697628	0.3820676740265854	0.46236504920365185
0.15277986930352255	0.38530748750255456	0.461912643193923
0.1552645592589766	0.38224706528146724	0.46248837545955623
0.15490285757949213	0.3835308086693683	0.4615663337511397
0.15382671666787934	0.38121792376751146	0.4649553595646093
0.15587782780214599	0.383015163592808	0.4611070086050461
0.15406066211621317	0.3833670561802929	0.46257228170349407
0.15355104410747156	0.38487503966183545	0.4615739162306931
0.15462435446509687	0.38732035624106137	0.45805528929384187
0.15294948833739747	0.3806537764113671	0.46639673525123554
0.15637846813598083	0.3820981514649387	0.4615233803990806
0.15265619799578778	0.38162031384306505	0.4657234881611473
0.1536651082732512	0.38506550405862816	0.46126938766812076
0.15380555030006665	0.3800807921513272	0.4661136575486063
0.15711671363371907	0.38080834198204094	0.4620749443842401
0.1563358142182013	0.3794762594466213	0.4641879263351775
0.15691715482145152	0.3793463227041841	0.4637365224743645
0.1532223739148828	0.3839166557759062	0.46286097030921103
0.1518650666864601	0.38512374368285385	0.46301118963068616
0.15468007752520943	0.38108774669150103	0.4642321757832897
0.15476246513392122	0.3797813338421732	0.4654562010239057
0.15581362061939702	0.38252525496308637	0.4616611244175167
0.153635659760963	0.3872558362703069	0.45910850396873026
0.15398937243881416	0.3822764925013613	0.46373413505982464
0.1528701000605784	0.38441960365902883	0.46271029628039284
0.1539451580762091	0.3834444320288977	0.4626104098948933
0.15385359334046533	0.38285843542030495	0.4632879712392298
0.1542966018391125	0.3825996839803377	0.4631037141805499
0.15530635870668555	0.38398316756218753	0.46071047373112706
0.15650575635310182	0.3800417570054764	0.4634524866414219
0.15605041276076653	0.38437112689976444	0.4595784603394691
0.15365604331075788	0.3847662232118102	0.46157773347743203
0.15230957326137023	0.3812944062922135	0.46639602044641637
0.15435760433040827	0.38340992651270694	0.4622324691568849
0.15402963102576978	0.38557861156859596	0.46039175740563437
0.15547269980070694	0.383580806177206	0.4609464940220872
0.15174705651863954	0.385373909179992	0.46287903430136856
0.15244075347394787	0.38205651034596405	0.4655027361800882
0.1530186327860183	0.3805030034139031	0.4664783638000788
0.15181470660012883	0.3872802144580379	0.4609050789418334
0.15572673259288278	0.3823299804467427	0.46194328696037457
0.1519231262744883	0.381812383549993	0.46626449017551885
0.15639111428978403	0.38214356934451305	0.4614653163657031
0.15585513308225393	0.38526874089281427	0.45887612602493194
0.1532111352720516	0.38707045961112435	0.4597184051168242
0.1552749934261902	0.384875516733008	0.4598494898408019
0.15373976794660182	0.3873466142355839	0.45891361781781437
0.15163201859989328	0.3857010277345009	0.46266695366560595
0.15653373421561959	0.38233836279918887	0.4611279029851917
0.15629456801950456	0.38337117843668994	0.46033425354380564
0.1551658467142963	0.3801879129604622	0.4646462403252416
0.1527549469022091	0.3835430390993927	0.46370201399839833
0.1521898644885848	0.3874341028569059	0.46037603265450944
0.1520951443751608	0.38690051004997755	0.4610043455748618
0.15390645075904272	0.3829709765814459	0.4631225726595115
0.15430280064019086	0.3837744136626114	0.46192278569719786
0.1548565590518533	0.3799787972227833	0.4651646437253635
0.1532606579711609	0.3829649038649591	0.4637744381638801
0.1556078585380992	0.3854915649365224	0.4589005765253785
0.15311354445033865	0.38596727274051135	0.4609191828091501
0.15465576842244994	0.38375058496887887	0.4615936466086713
0.1539841170769921	0.381805758563585	0.464210124359423
0.15260655197375123	0.38093287958998423	0.46646056843626466
0.15546794681197668	0.3800734606042251	0.46445859258379835
0.15197021068856825	0.3822355518951961	0.4657942374162358
0.15303474734665334	0.38672835780629067	0.4602368948470561
0.15342605669262305	0.3833163641295542	0.46325757917782284
0.1516903158175425	0.38262195641282226	0.46568772776963535
0.15339670434854555	0.37989554325177577	0.4667077523996788
0.1525826647917068	0.3874004212283625	0.4600169139799309
0.15378413006059988	0.38581746332834194	0.4603984066110583
0.15372395854478366	0.3808906768765233	0.4653853645786932
0.15534535579260883	0.38362949990071515	0.4610251443066762
0.1516807917044397	0.3818931434145874	0.46642606488097305
0.1529213407234617	0.3854944482523619	0.46158421102417657
0.15619153372684366	0.38590446344559426	0.4579040028275622
0.1570609049764382	0.38351297127998046	0.4594261237435815
0.15483548180476736	0.3850907771524019	0.46007374104283083
0.15585397948635726	0.38540999809686644	0.4587360224167764
0.1522259112382039	0.38159318707033857	0.46618090169145765
0.1520370181860322	0.382729319097193	0.4652336627167749
0.1523237292463217	0.3864771128585822	0.46119915789509625
0.15443673552131348	0.38141653899044037	0.4641467254882463
0.15577807727117543	0.3816660758309346	0.4625558468978901
0.154220309006949	0.3856331451782261	0.460146545814825
0.15416229815323415	0.3807229671157741	0.4651147347309919
0.15172618276520355	0.3856829765431273	0.4625908406916693
0.15655492356202122	0.38189763547034306	0.4615474409676359
0.15463915742735368	0.38454992975597263	0.4608109128166738
0.15651179815436572	0.38189621887337616	0.46159198297225823
0.1552238475273265	0.3814694336791568	0.4633067187935168
0.1537470028257794	0.3841117674020267	0.46214122977219396
0.15546179230026813	0.37972594649910446	0.4648122612006276
0.1528318905743588	0.38337701880242103	0.4637910906232203
0.15391920657548824	0.37941859367059	0.46666219975392187
0.1568680043655377	0.3800084870780878	0.4631235085563746
0.15579790003235555	0.38420918882543187	0.45999291114221263
0.15258025780400347	0.38247572081121367	0.46494402138478297
0.15508403441309376	0.3827368907975953	0.4621790747893111
0.1521855906105392	0.38488840612850156	0.46292600326095934
0.15346923569972876	0.3872178502142071	0.45931291408606423
0.1524528782841299	0.3865851934637803	0.4609619282520899
0.15691344078342293	0.38219033099258437	0.4608962282239928
0.1559565337648232	0.3808631742850114	0.4631802919501656
0.15719211322467946	0.3844123843641713	0.45839550241114935
0.15203273621765057	0.3829167682862418	0.46505049549610766
0.15634610739859267	0.3813120694494225	0.4623418231519849
0.15618617897387377	0.3836050660735476	0.46020875495257874
0.1524338870422724	0.38647778476820366	0.46108832818952405
0.1524183240295958	0.38101101446461894	0.46657066150578536
0.15161370410380895	0.384936048967831	0.4634502469283601
0.15480066366382067	0.3849281797613821	0.46027115657479734
0.15428194812296656	0.3874998815727667	0.45821817030426687
0.1537922353578912	0.38330468054430056	0.4629030840978084
0.15371359570378737	0.382061592992449	0.4642248113037637
0.15515130765830093	0.38584113966823663	0.45900755267346255
0.15361497512959724	0.3795267466484221	0.4668582782219808
0.15182537934000417	0.3822750801864669	0.46589954047352905
0.1546432371770332	0.3816569382479433	0.4636998245750236
0.1517136684140894	0.38748837578998896	0.46079795579592175
0.15343347369249175	0.379989305318795	0.4665772209887134
0.15637123281555732	0.38051885162574417	0.4631099155586986
0.15706709675523356	0.3829945110635441	0.45993839218122246
0.1543735082615767	0.38519336122313164	0.4604331305152918
0.1562005467853	0.3793055177968264	0.46449393541787376
0.15611471891215434	0.3799249444153543	0.4639603366724915
0.15445391057735297	0.3855495670462762	0.45999652237637095
0.15712138285331528	0.3849047736648499	0.457973843481835
0.15534645550615378	0.38631413746822085	0.4583394070256255
0.15678709573430574	0.3820826113682158	0.46113029289747853
0.15444955204364139	0.3816905043538336	0.46385994360252514
0.15206464603045283	0.3857021651589874	0.46223318881055986
0.15599023992353434	0.38579127667146945	0.45821848340499627
0.15565104845719738	0.3839654304966757	0.46038352104612706
0.1549428601038046	0.3793314995172666	0.465725640378929
0.15202749468091592	0.3818965978387798	0.46607590748030436
0.15335727009982159	0.38202730741510776	0.46461542248507076
0.15177768330961938	0.38118013255489047	0.46704218413549026
0.15685467928944458	0.3799884040064084	0.46315691670414716
0.15196546233756814	0.3850406138516196	0.4629939238108124
0.15660401094970694	0.3802640690867433	0.46313191996354985
0.15554860040953417	0.3829801338437123	0.4614712657467536
0.15477605139519215	0.38143057249751977	0.46379337610728816
0.15497922545642184	0.37956129036410235	0.4654594841794759
0.1568131450907036	0.3820298468212382	0.4611570080880584
0.1532898719939009	0.3849929922321363	0.4617171357739629
0.152666472562632	0.3818760561242676	0.46545747131310056
0.15360686699829917	0.37998416324358814	0.46640896975811286
0.15612455464518268	0.3846961216998683	0.4591793236549492
0.15188307847268684	0.3841839176720138	0.46393300385529945
0.15190042332365966	0.3835792179574941	0.46452035871884634
0.15214432284066193	0.38153647199339674	0.46631920516594144
0.1542026010066011	0.3796204788948889	0.4661769200985101
0.15510420677048314	0.3853775440912498	0.45951824913826717
0.15581922882662694	0.38031984816778397	0.46386092300558923
0.15392992950024176	0.38133028062528573	0.46473978987447256
0.15448473867782003	0.38204185250840883	0.4634734088137712
0.15675011026032215	0.3843814396620161	0.4588684500776619
0.15346674565135857	0.38304086578737623	0.46349238856126534
0.15438491832960824	0.38171764830844446	0.46389743336194744
0.15318928203206644	0.38487742869669156	0.4619332892712421
0.15383081650052532	0.3814965995861772	0.4646725839132976
0.1553665412293202	0.3864409404674344	0.45819251830324553
0.1570174488846429	0.3817209119862083	0.4612616391291489
0.15442349920313392	0.3826938104729069	0.46288269032395934
0.15482244940177886	0.38724221953630084	0.4579353310619204
0.15379570560815364	0.3858684884441653	0.4603358059476812
0.156776462727172	0.38387945253893685	0.4593440847338913
0.155331959546651	0.37965364889391556	0.4650143915594336
0.15640348119530548	0.37952845033778604	0.4640680684669086
0.1557239717579983	0.38560748672828726	0.45866854151371456
0.1536593152106025	0.3828404314115475	0.4635002533778501
0.15315605541892735	0.38089169935363437	0.4659522452274384
0.15342145981106656	0.37992383931788654	0.466654700871047
0.15274907918642508	0.3848790984816646	0.46237182233191043
0.15392789991693873	0.38248027613593116	0.4635918239471303
0.15636302771645044	0.381669679365719	0.4619672929178307
0.1531653044713862	0.38455610049670286	0.46227859503191104
0.15536717900086938	0.3824638543763386	0.46216896662279217
0.1528242784320422	0.3834959953708632	0.46367972619709474
0.15184467590222234	0.38538966243699757	0.4627656616607802
0.15485151455614915	0.3799833473825398	0.46516513806131116
0.1551073034133914	0.3859061974379283	0.4589864991486804
0.1532096608201971	0.382751276916489	0.464039062263314
0.15450965288977925	0.3819127821990492	0.46357756491117164
0.15357983560490474	0.3840122668284265	0.4624078975666689
0.15181386568997773	0.38363103866604525	0.4645550956439771
0.15197621602800934	0.3827353231447518	0.46528846082723896
0.15632338078548202	0.38432221170685776	0.4593544075076603
0.15372644088549903	0.3868475762622184	0.45942598285228275
0.1546285149291145	0.3854262581372905	0.45994522693359513
0.15515054401634612	0.38672474332384943	0.4581247126598046
0.1536790494170333	0.3850554524087716	0.46126549817419527
0.15529614924574692	0.38621705140581153	0.4584867993484417
0.15610957114437432	0.3811836960473886	0.4627067328082372
0.1537496434643527	0.38557860032650465	0.4606717562091428
0.1532699214579532	0.38130327635981764	0.4654268021822293
0.15359615859529457	0.3850588740080644	0.46134496739664116
0.1516296615014905	0.38587004991014323	0.46250028858836645
0.15347754183337314	0.3854353806160077	0.4610870775506193
0.15398212552664917	0.38094698138916594	0.46507089308418503
0.15256745208499073	0.38049432591232873	0.46693822200268065
0.15541331365843958	0.3820637308194116	0.46252295552214895
0.15337415465405757	0.38531708606084103	0.4613087592851015
0.1539067788368273	0.3804581300277569	0.4656350911354159
0.15349195986339603	0.3797153936907515	0.46679264644585255
0.15317007332029636	0.38273996310851643	0.46408996357118737
0.1522182213228287	0.3820404925366289	0.4657412861405425
0.15212093714335223	0.38169225132220636	0.4661868115344415
0.1522715667491692	0.38679851437294066	0.46092991887789025
0.15713863431558744	0.3830687743757443	0.45979259130866834
0.1537560355816245	0.3836058767392726	0.46263808767910297
0.1525875244470407	0.3875313088538157	0.4598811666991437
0.15427986842716943	0.38432801438742636	0.46139211718540435
0.15420325222556536	0.3797674665539502	0.4660292812204846
0.15457826873606872	0.3811361871619981	0.46428554410193335
0.1541110105338972	0.38581350081301435	0.4600754886530886
0.15521549529587014	0.38196163904869074	0.46282286565543923
0.1546260782543573	0.38248218890402275	0.46289173284162005
0.15212145617219583	0.38207972188387135	0.4657988219439329
0.1530648157820136	0.3840091519531985	0.462926032264788
0.15388871468935555	0.38365810824511737	0.46245317706552724
0.15334530501322424	0.3812774155457341	0.4653772794410418
0.15600625333019724	0.38261184412550164	0.4613819025443012
0.15537218625977567	0.3794591018808677	0.46516871185935676
0.1524666941438561	0.3853676114382396	0.4621656944179044
0.15240567893971613	0.384589328624775	0.46300499243550897
0.1567866367493792	0.3796869697254267	0.46352639352519426
0.15395301050847307	0.3854433179188036	0.4606036715727234
0.15682633794709855	0.3797317000012354	0.46344196205166616
0.15272780714731063	0.38693536169744186	0.4603368311552476
0.15628140954145428	0.3823968947862586	0.4613216956722872
0.1534355358339003	0.3869248902547968	0.45963957391130306
0.1549727250613755	0.38140535994993513	0.46362191498868954
0.15250408365662518	0.3845818337462455	0.4629140825971294
0.15718563987484335	0.3820526943271431	0.4607616657980137
0.15705549641379624	0.38221354378905353	0.46073095979715034
0.15445943928962752	0.3870897251240348	0.4584508355863378
0.1556237739162707	0.385584671493116	0.45879155459061344
0.15416544561718412	0.3874257781588424	0.4584087762239736
0.15245395120274086	0.38543742681170773	0.4621086219855516
0.15522507447169892	0.3849415215322236	0.4598334039960776
0.15570696501981107	0.38395091996046604	0.460342115019723
0.15453736784462418	0.38526300942343705	0.4601996227319389
0.15186169702700603	0.3868055612676751	0.461332741705319
0.15497238553848822	0.3862921919678491	0.45873542249366284
0.15273705578427593	0.3828522473866063	0.46441069682911795
0.15610433444963037	0.3826324029928516	0.46126326255751815
0.15673991673263798	0.38522871670880393	0.4580313665585582
0.15228254260577878	0.38522374513120167	0.4624937122630197
0.15596939187842734	0.3793533814441989	0.4646772266773739
0.1532987942463512	0.38227762299588586	0.4644235827577631
0.15364594915981755	0.38460041234440756	0.461753638495775
0.15164486874445837	0.3819029235142909	0.46645220774125085
0.15403553756946023	0.3844899810733103	0.46147448135722957
0.15393812291365525	0.38438971932159033	0.4616721577647545
0.15578498053998846	0.38582464957636387	0.4583903698836478
0.15315209718601247	0.3841829323710126	0.46266497044297505
0.15648729359979785	0.38260481746478264	0.46090788893541956
0.15341398632248604	0.38223965766793244	0.46434635600958163
0.15296063890885903	0.3819824043141459	0.4650569567769952
0.15661589057529252	0.3811091871919462	0.46227492223276134
0.1571292256403231	0.3848825584567905	0.4579882159028865
0.15317761473107303	0.38542309824643817	0.4613992870224889
0.15691460589007425	0.3802827105132495	0.46280268359667637
0.15287257102464646	0.38224863635879014	0.4648787926165635
0.1534955048075931	0.3835444592169681	0.4629600359754389
0.1535317465593433	0.3868778643627128	0.45959038907794403
0.15288097541176116	0.38216610480118535	0.46495291978705355
0.1538201295543618	0.383137180518211	0.4630426899274273
0.15636308944489472	0.3843271703516351	0.45930974020347026
0.15558272593333394	0.38159302342286006	0.46282425064380606
0.15593008045891327	0.3845416451787169	0.4595282743623699
0.15445086204535002	0.3855288682551017	0.46002026969954846
0.1539144306812405	0.38478089986162234	0.46130466945713733
0.15456561469942903	0.3844074623713804	0.4610269229291907
0.1567926081660117	0.37976310909180927	0.46344428274217914
0.15616183325973604	0.38347247856650907	0.460365688173755
0.15290509574938885	0.38463345277249394	0.46246145147811735
0.15589417581157253	0.3803862281403472	0.46371959604808033
0.15227717661097792	0.3873283116754478	0.4603945117135744
0.15421897217806302	0.3849877119256393	0.4607933158962978
0.15213686236322835	0.3863067646109232	0.4615563730258485
0.15263409494129535	0.3842012519287899	0.46316465312991484
0.15227331418378864	0.38275538526151565	0.4649713005546959
0.15253200934889105	0.38466583476642363	0.46280215588468543
0.15380709007326837	0.38410758806678597	0.46208532185994583
0.15618738668554455	0.3799005879022748	0.46391202541218074
0.15570984611836597	0.3817695923059401	0.46252056157569404
0.15373458915088967	0.38526939083357103	0.4609960200155394
0.1546113387609816	0.38572898447802184	0.4596596767609967
0.1552669966371324	0.38299824030543017	0.46173476305743755
0.1569822098989553	0.3832506323229644	0.4597671577780804
0.15407395531403836	0.382481964462468	0.4634440802234937
0.15722174707636283	0.38103643936199855	0.46174181356163874
0.15633593066216492	0.3807294943383377	0.46293457499949753
0.15400812186660928	0.38201748672626357	0.46397439140712726
0.1539383971331157	0.381012095590513	0.4650495072763714
0.1552368102525401	0.38040088112978304	0.46436230861767697
0.15455119335223066	0.38718218877278393	0.4582666178749855
0.15533939412029452	0.3855652282882116	0.459095377591494
0.15576774628018483	0.3820040210191275	0.4622282327006878
0.15307015860009549	0.3860676168407696	0.46086222455913506
0.15414890927990393	0.3810076030148787	0.4648434877052175
0.1560769624874851	0.38594950158851343	0.4579735359240016
0.15395596870091294	0.3839590134492067	0.46208501784988054
0.1556585585408724	0.38016200601397376	0.46417943544515394
0.15586302205461494	0.38161769907580884	0.46251927886957633
0.1545170017986546	0.38527510381380764	0.4602078943875379
0.15471776162353534	0.3848106345653352	0.4604716038111296
0.152034963377785	0.38465222432659457	0.46331281229562055
0.15267304301760165	0.38737961303782176	0.4599473439445767
0.1519003966897781	0.3816772347333742	0.46642236857684777
0.153528434418258	0.38712802249220835	0.45934354308953373
0.1556443952023777	0.38326884873128686	0.46108675606633553
0.15352024650629073	0.38117809718706985	0.46530165630663956
0.15387494317653697	0.38368565166475466	0.46243940515870846
0.1543616419873289	0.385896004939177	0.45974235307349426
0.15304221428978232	0.38378368666678486	0.463174099043433
0.15416731183620552	0.38731173034186056	0.458520957821934
0.15690226274597338	0.38072166571762417	0.4623760715364026
0.15235880755175946	0.38495929540014306	0.46268189704809765
0.1533489091030819	0.3870294006253818	0.4596216902715364
0.15189600953075663	0.38680806834024806	0.4612959221289954
0.1535151521491449	0.38060189858864224	0.46588294926221296
0.15206736141351618	0.38652879661528966	0.4614038419711943
0.15353634399447966	0.38743800404293993	0.45902565196258055
0.15562084732434667	0.38026147322515036	0.4641176794505031
0.1519337210364769	0.3831885669146716	0.46487771204885153
0.1519318113083284	0.38405641213654046	0.46401177655513126
0.1529427950489689	0.3830373498440939	0.46401985510693733
0.15580833031475821	0.3843146092048921	0.4598770604803498
0.154872401056372	0.3831297440600093	0.4619978548836188
0.1542376540611105	0.38685007821866413	0.4589122677202255
0.15303768181732494	0.37992846784950096	0.4670338503331742
0.152023563569749	0.3855834755613079	0.46239296086894316
0.1567499877879407	0.3816094343380373	0.46164057787402213
0.15610816680244566	0.38267549997943834	0.46121633321811617
0.1534990296066886	0.3835740434968728	0.4629269268964388
0.15278620540459434	0.3869580652622428	0.46025572933316294
0.15192468819880195	0.38388023380869996	0.46419507799249826
0.15471436549365075	0.3817564371883712	0.46352919731797815
0.1526395778945003	0.38256493651742424	0.4647954855880756
0.15223660628877886	0.38215506661617	0.4656083270950513
0.15283173356660762	0.38490488300042164	0.46226338343297085
0.15269627322082602	0.38366011028712155	0.46364361649205255
0.15595384432771647	0.3812993143842249	0.4627468412880588
0.153680127584316	0.38664680827432907	0.45967306414135506
0.15649758889092008	0.38458982598927566	0.4589125851198044
0.15666296214921044	0.3823615326600643	0.4609755051907254
0.15587518906419434	0.3814963542474691	0.4626284566883367
0.15299613632262338	0.3812417340005241	0.4657621296768527
0.15172497814523112	0.38693360603012894	0.46134141582464006
0.15702408764627376	0.37995511603396925	0.4630207963197571
0.1521599626855379	0.386164373422993	0.4616756638914693
0.15350669802335737	0.3872756576409458	0.45921764433569695
0.15520823314304416	0.38093961751638916	0.46385214934056684
0.15609242475201607	0.38243117905020313	0.4614763961977809
0.15358017622107087	0.38580129971629307	0.4606185240626362
0.15485199936116378	0.38509589896597923	0.46005210167285715
0.1531930444105768	0.38516184741342313	0.4616451081760002
0.15219394321688817	0.3839952828277535	0.4638107739553584
0.15169248418011022	0.38701742188771004	0.4612900939321799
0.15313912700567173	0.3818524293406178	0.4650084436537105
0.15600926718748065	0.3822012989397547	0.4617894338727648
0.15165395320311156	0.3841996246895478	0.4641464221073407
0.15276580236886306	0.38723967919207797	0.45999451843905914
0.15200975134321165	0.38335550387480966	0.46463474478197875
0.15610273160189364	0.38465899250613383	0.45923827589197264
0.15234982161081212	0.3819431468195517	0.46570703156963633
0.1519649053591557	0.3866622430609306	0.4613728515799138
0.15302957538255146	0.38078614855666165	0.466184276060787
0.15233125774727851	0.38673908786137223	0.4609296543913494
0.15561802811989178	0.38313324716973035	0.461248724710378
0.15183326169234934	0.385335614818885	0.46283112348876576
0.15448657598373494	0.3830097748777447	0.4625036491385205
0.15354191801927514	0.3806719206024451	0.4657861613782799
0.155121810389559	0.38636823212181753	0.45850995748862355
0.1525733101863937	0.38374921192264794	0.4636774778909585
0.1560346161661926	0.3803901053034116	0.46357527853039593
0.1567073515771137	0.3841873905911524	0.459105257831734
0.1560124648349711	0.3841368815840285	0.4598506535810005
0.15636646906568175	0.3794936832915646	0.4641398476427538
0.15510857280240192	0.38633756143152376	0.45855386576607443
0.1555040128760297	0.38136787618494217	0.4631281109390283
0.15319019028834208	0.38593041037035664	0.4608793993413014
0.15644628107467548	0.3798504175713585	0.4637033013539661
0.15253044974459448	0.38697249134169615	0.4604970589137095
