0.057314783758600274	0.0901432681385815	0.09307465878857255	0.05061110759444123	0.09820460850908547	0.19222390538500952	0.05134576657262612	0.021019625277835435	0.275207131052439	0.07085514492280887
0.04799857477104422	0.0963765748800019	0.09270115433769562	0.04719587804371063	0.10365297100549088	0.19641057775123194	0.06239067612946858	0.025163293501238734	0.25133103833825776	0.07677926124185974
0.023120543295359702	0.06865063594224735	0.17119751794692123	0.04803034351714589	0.10191082163692702	0.19153900326018364	0.06613714868928097	0.030631504100682536	0.24621057672219399	0.05257190488905764
0.020892580462344032	0.0964699460160877	0.10491337124943621	0.05527826255709307	0.09892885735332564	0.19469599767619916	0.06234158353963531	0.020851932635148854	0.3003517103972501	0.04527575811347992
0.029619766927356656	0.09557413393817664	0.11635324689244245	0.056853182598832264	0.09785602777232026	0.17416862447483708	0.059781418639638276	0.03246727345173682	0.2689238026571112	0.06840252264754837
0.03249886342482504	0.07935462566332822	0.1386348134564611	0.05480460312528479	0.09574211762840543	0.1870478426004903	0.06067892989555442	0.02801987871907094	0.2687009357803393	0.054517389706240496
0.03846102722029883	0.07308566936639461	0.10532341886504584	0.05696513866714695	0.10075839934146257	0.1969897524164319	0.059389924836647574	0.023098839633133583	0.2767336046695399	0.06919422498389824
0.051833667365418765	0.06826097987661722	0.11850467438381021	0.045783091906893655	0.12091149738371904	0.17488467093157792	0.06530303369398242	0.023645846190318565	0.2774148196971535	0.0534577185705087
0.025825254734827746	0.09382474103423158	0.14043811943316448	0.0467498504939689	0.10653757295675335	0.18992315318980665	0.05449888208246489	0.019330228272348704	0.24588654919013797	0.07698564861229576
0.05286175864330814	0.07335630896019749	0.11307202667165202	0.06034742233320098	0.11781186973772456	0.16946889673204713	0.06069830317821923	0.03206603009405205	0.2488809287029829	0.07143645494661553
0.060431872877100654	0.0717244024659118	0.12818385955679254	0.04817672208356961	0.10461448930943171	0.17751794128618864	0.05657913921222962	0.03258313784330906	0.2463634058009223	0.07382502956454404
0.0511570081387218	0.08625906835250292	0.1230641781196181	0.054138101723563	0.09781778889214589	0.17231198407254023	0.0561748108082924	0.025107393949886717	0.26118003400716955	0.07278963193555942
0.06207357248776544	0.0885939885054047	0.14351676746110315	0.05125229701682261	0.1035663148011407	0.16634856985983093	0.05731723701626592	0.019006952924404186	0.263636652419556	0.044687647507706346
0.054604339422518175	0.0712707902314146	0.1363221726954815	0.05211999164160107	0.11268780943092553	0.16584890275095476	0.05877035534729024	0.03256795223918811	0.2703870810857879	0.04542060515483811
0.05262242160007241	0.08410821366115646	0.10110538481657003	0.054320362560697735	0.10583136101571755	0.16959748543328568	0.05380764031434141	0.032429343919518155	0.2953700932013908	0.05080769347724974
0.02290267291798656	0.08061522463416351	0.11331043452077472	0.05221876828358875	0.10785892825977543	0.19013438432246577	0.055227559565903306	0.026122343028484027	0.2929740151825932	0.05863566928426474
0.04130903227756954	0.07002454309530612	0.13947430154963272	0.05926950447426468	0.1142563765532726	0.1708934419089784	0.05993085128327858	0.020576233904946728	0.2721162220325495	0.05214949292020116
0.025746506880364034	0.09515706820786936	0.15292327528605865	0.06036979196263652	0.11093251072822788	0.17180176698420524	0.0640390627547719	0.016561316550611965	0.24841176277227667	0.0540569378729778
0.02861003957876318	0.08050892383629481	0.11748639582385358	0.048038235971288416	0.11362242442946334	0.18455636292902683	0.055510652587682334	0.020784189864259006	0.2794694129587587	0.07141336202060983
0.02210463599407471	0.08943441035778614	0.1434118250598684	0.060468039078079384	0.09918941120868131	0.17086593042509735	0.06449855976748398	0.015861747920421165	0.2719159164276954	0.06224952376081218
0.02403904144907848	0.08063621385069096	0.13369719424422555	0.04968746849658816	0.12588944452708098	0.17883715006212142	0.0654930140375604	0.02318663264406405	0.2598221154756147	0.05871172521297535
0.05547171274890052	0.0748266641281907	0.13369379631889128	0.05958530784215206	0.10174346663243068	0.1713781383215042	0.0584267023586969	0.024572342273746065	0.26720807258491935	0.05309379679056822
0.043371137900133194	0.09112458831791515	0.13583258097671302	0.051532369418384495	0.11274461493772753	0.17756215306101747	0.05239064861372654	0.020811238733598705	0.26753160339014503	0.04709906465063886
0.06259611611286484	0.06785174367113382	0.10246151248843853	0.053092437618867554	0.101439071474408	0.17695849308410794	0.06950428609545478	0.022071255116816027	0.27579615730783835	0.06822892703007014
0.046506685947096754	0.09342249869832342	0.13318805383187832	0.046023851681932265	0.10727043698378938	0.1733298865148775	0.057333144743462974	0.015772009412785865	0.2733309218968355	0.053822510289018036
0.04137328960061559	0.06967063503213461	0.13136145800744792	0.045520504681713606	0.12187499184818798	0.17805620568194547	0.058601709877864616	0.01503743928742253	0.270529003055004	0.06797476292766372
0.02593826677210008	0.07548866200553661	0.10535514926763495	0.04947339172455859	0.11480200823482672	0.18706682957117082	0.053023246379496784	0.01684228059207611	0.29876462329549575	0.07324554215710356
0.02371047109019503	0.07171418769555558	0.13444201375054826	0.05549529848926685	0.11518207509497427	0.1744675758973666	0.06950997886106398	0.01868167886146964	0.25756583683925394	0.07923088342030582
0.04424113013050848	0.09422361259991	0.1370462239276362	0.04845618612852312	0.09746186497562892	0.18279301021826053	0.061335031366259785	0.014410316494950393	0.25111612798741245	0.06891649617091015
0.04654499936666006	0.08542303880100288	0.10427133503875899	0.04568693129670828	0.09729081830461549	0.17354426511881504	0.05551235903209048	0.01958347846609934	0.29914468454531684	0.07299809002993263
0.029260509696571083	0.09130036756847479	0.10798262727377017	0.054822383074284324	0.10713448968151089	0.1866859992584443	0.06083338536247053	0.014016258158379674	0.2863613968901358	0.06160258303595843
0.03513482803483181	0.0841274106763086	0.13311114317337858	0.058563185584417976	0.10965602600688232	0.1858579323770374	0.06591752687952401	0.01584231730109309	0.24728840800238333	0.06450122196414287
0.04318342153393376	0.06903667070420141	0.09112102476125357	0.06045173771595833	0.11338569567664797	0.1945570254048064	0.06548982223731008	0.03211345629314334	0.26750905864466445	0.06315208702808067
0.061865794024416804	0.06790964987955189	0.08686043494544927	0.0541647155886756	0.11725763716484255	0.18509682221843318	0.06160866380666068	0.02847431659423405	0.2606858544304009	0.07607611134733508
0.04007379030971448	0.09570177733105735	0.09344011107918378	0.04955582984844401	0.1199471083749736	0.189316380923564	0.06101698787871814	0.03055455091663739	0.27545276986966916	0.04494069346803805
0.031377916395941396	0.0964342787315441	0.10044757054159326	0.0584515111743366	0.1153519009626766	0.18443941402820818	0.06294234474423963	0.027166395643833427	0.2551657364681874	0.06822293130943946
0.03113316980622856	0.08000874599473684	0.09560673264872187	0.052108933136964394	0.11093532995560836	0.1950906712623014	0.0641531705002765	0.01973248601310769	0.30109616295857433	0.05013459772348006
0.060924720584973245	0.07714525385634964	0.09031467052303926	0.05431104577623411	0.11144296768120447	0.16768683000741155	0.0680294926624612	0.027041250115436094	0.27707598135714373	0.0660277874357467
0.029086659458003705	0.08735191969492413	0.11331216684722487	0.0558700659337817	0.10675611260806778	0.18001892661419713	0.052538283823174006	0.03275395766400413	0.2814570245116984	0.06085488284492413
0.05090466489717799	0.09329687618732542	0.1442741376332614	0.05300354566664335	0.11044980629146606	0.16642181113378457	0.05670497357907807	0.026865494754957545	0.2458946204961896	0.05218406936011592
0.03490748801926434	0.08274206834145857	0.08760578716922975	0.0578332737246871	0.10800961451284372	0.1917514294336473	0.05769984180405167	0.018477658016676834	0.28294968591417935	0.07802315306396138
0.04105088681599282	0.06773455864848041	0.17050804279810663	0.05225640725843754	0.10442452495904309	0.1707283179533366	0.054193358477915544	0.02015764744932569	0.27346157998616727	0.04548467565319442
0.054790235918296	0.09127441991648594	0.08740535421563679	0.055166003886879166	0.12233213797949542	0.16554132395044013	0.05874861329292603	0.030252327282279085	0.27110669061934645	0.063382892938215
0.037475661965299834	0.09631857584812338	0.08576531124428552	0.056261748841866174	0.10104415846785637	0.19001697867480827	0.05400739464948367	0.0286573125804592	0.28722988814305866	0.06322296958475893
0.03397103836845164	0.0751190408901623	0.15926979092712878	0.057169612356756244	0.12203824125285892	0.179715354481974	0.05317957581014694	0.016150749549342244	0.2484707144778378	0.054915881885341127
0.03499695062248512	0.08625128833905973	0.10608948605712828	0.0501282128533647	0.12183269812696168	0.1920489314622824	0.0639357595291947	0.021623455712127745	0.26446906636680645	0.05862415093058923
0.043780181193625374	0.09444089826424114	0.10644719169948844	0.05599655340216074	0.09956001979735037	0.1916433777030076	0.05464297339176996	0.017489247943221792	0.27329582464692964	0.06270373195820494
0.02968764894748968	0.09755223974906096	0.12855375147832293	0.05680812560939786	0.10177980807693382	0.19120473179368197	0.05851259245106274	0.02012220182397323	0.2668002299380723	0.04897867013200457
0.0206543186760057	0.084303322290573	0.11354922477241605	0.05847966120105383	0.11391336419431636	0.18951351653329518	0.054370665852684186	0.020740864194023545	0.2972451845580746	0.04722987772755763
0.052282584547218805	0.07275451362572223	0.08522242335686189	0.0602253915764302	0.11454119716991351	0.18572408415789415	0.06093587203228963	0.01670325048421155	0.30088809574904063	0.050722587300417364
0.038571036292123	0.08508737028430607	0.08800521013332945	0.05431066828672021	0.12434521387371392	0.19757096326123497	0.05433662511645558	0.030472748343175385	0.24727154689804548	0.08002861751089593
0.027221520932907486	0.07957863951291776	0.12430554632055824	0.04708491596760858	0.11530472474615798	0.18026138960672905	0.0678621509339789	0.026281238115382785	0.2534749105144096	0.07862496334934965
0.038300509367859975	0.07825847109877251	0.11776437678336205	0.059957499717625484	0.1187817796592419	0.18802945931962659	0.0638318784574979	0.027442780102312492	0.250840183249178	0.05679306224452313
0.02868026365288058	0.07779217244996825	0.10033782689495102	0.05159937552358423	0.11552823251692274	0.1876162084884509	0.06504053344253012	0.025105718216253986	0.29575058368687346	0.05254908512758472
0.0366771946586172	0.08355469930350545	0.13454880075044348	0.059958307764036725	0.10097192927195131	0.18178847934008335	0.052716540469410655	0.019912521349210136	0.2748625078368368	0.055009019255904845
0.058983473193502105	0.07698686647706449	0.09759049497264127	0.05886770315677225	0.1067455616909156	0.1813144324925386	0.05081280335660726	0.03041415402042308	0.25950473361413157	0.07877977702540377
0.045107500656359725	0.08031475732903899	0.10355144710185842	0.058387244085656625	0.11776141751970529	0.16648733179596997	0.06945770628512371	0.01443242871476598	0.29097220336304164	0.05352796314847963
0.022383940242148764	0.07859410725137017	0.10684939144726849	0.05375179186166722	0.12010756580650502	0.16910473376363022	0.058901052600133924	0.029830539389889374	0.28892227393467007	0.07155460370271678
0.03615260917535652	0.07512795340433892	0.10972559250480192	0.05328910811631443	0.11347615448556814	0.19065898115843244	0.05971859400521722	0.02871722075528875	0.2614220139346604	0.07171177246002124
0.023745945512467323	0.06917796495893952	0.16140258512942326	0.04814755974126142	0.11742476548316744	0.1840413328299618	0.055951734044948895	0.014730289962043314	0.26807852992879644	0.05729929240899061
0.03350110598729844	0.08397341450141493	0.10274422423303509	0.052287741750302805	0.10109006173741879	0.17336488856113613	0.06763907158502841	0.030715000252344082	0.28525856928067755	0.0694259221113438
0.055673380252936916	0.06823510851977657	0.14018187207692356	0.05259129832211821	0.1057239322506891	0.1813964208563898	0.05590227634345337	0.030923064288329805	0.26070873160161456	0.048663915487768085
0.024331243298738953	0.07195994830623034	0.15179005473857074	0.048082170719062366	0.12052784621310197	0.16625931042564257	0.06897892727116794	0.02667804583524469	0.25819684169812	0.06319561149412042
0.05535131739237812	0.07017703391629171	0.14978308526770018	0.047987188088773905	0.1092713333957502	0.16665891303035804	0.05276664377557728	0.024401952460703077	0.26403492580363314	0.05956760686883439
0.053889404573282396	0.07811624404749994	0.10534750101650499	0.05623711711981728	0.09895990763196362	0.19512143924698516	0.06446945333099097	0.015480468241687778	0.25876517929938203	0.07361328549188582
0.02476368766338373	0.07502466150149714	0.158551280406126	0.04931102144831615	0.11605488716207994	0.17467416420720516	0.0625111485203098	0.0286607530545714	0.2580243429616085	0.05242405307490221
0.05488061999963257	0.08612695564548045	0.09783705837862111	0.05954137911988918	0.112125440521466	0.1820970343146982	0.06328623916907586	0.027230554261905446	0.2514564920725729	0.06541822651665827
0.03440093643315008	0.09513028772530313	0.11956817975720034	0.05340984984582846	0.09550399112279662	0.16918496279945816	0.05361682809107016	0.015675299146915123	0.2854992030677248	0.07801046201055314
0.04917704815016967	0.09383672497661534	0.09139755610368203	0.057219234565116385	0.10783889827316652	0.1774486370785237	0.06788416852559001	0.015920684206981464	0.2661528494949891	0.07312419862516577
0.024694202377886193	0.07931745930610629	0.15151401500444056	0.04594790150868954	0.09688981332978366	0.1761666576717608	0.0648989038678125	0.021504959044131355	0.28527072081899263	0.053795367070396456
0.02526571929797647	0.07558897200685982	0.10627322771592684	0.053126022041598074	0.12563090150709819	0.17970872935834842	0.06258648400720918	0.02435622260277072	0.30114162033740055	0.04632210112481178
0.05671538899966777	0.08659430885638249	0.09576735052426417	0.054130492810280706	0.11997738552920154	0.17827164161246847	0.06735636182352155	0.022448458944233737	0.25796001564133764	0.06077859525864193
0.03712682460624371	0.07462109136237029	0.0829538936024461	0.05189343082375228	0.12407370118382004	0.17353648333267496	0.061829529236049084	0.026976047281330934	0.28651284681186656	0.08047615175944607
0.028347555271591593	0.08162096976798583	0.10714231988564998	0.05967396389205675	0.10255475711004676	0.19100401481466214	0.05364232587401652	0.028989381631725417	0.2835009498847755	0.06352376186748954
0.02401194624804924	0.08643510042510347	0.13508667292469012	0.05038158458928403	0.09641715598746918	0.1660969214246416	0.059624919331017046	0.03283790594806445	0.28827504469133025	0.060832748430350685
0.035165327899116236	0.09663296543093844	0.08992167579428376	0.05080943814759848	0.101077096201448	0.1867319202116744	0.05254714930895952	0.027768134768233074	0.3026210281580904	0.056725264079657764
0.05805091183005037	0.09345180996374662	0.09358389252258838	0.050288866216311304	0.1086628931488886	0.18165418017569784	0.057291051769389076	0.0275836208272235	0.253833932546416	0.07559884099968825
0.05584358868543744	0.0837895266373134	0.10609267543715095	0.046306545675675166	0.11316504765780921	0.16517047203325724	0.05447582666838539	0.018802707581525982	0.2927346052910717	0.0636190043323735
0.037412708373585304	0.07163753457718408	0.14565900335582685	0.04830217330421218	0.10657014396403189	0.1731193698435231	0.06886657090050986	0.0329938719034986	0.26712274673435993	0.048315877043268216
0.03205590695696188	0.09025640105759888	0.09673639641822228	0.047016552924348747	0.11435315303765975	0.19634830560186092	0.06030731206629902	0.02538837219099005	0.2844009103182164	0.0531366894278421
0.05965441211822905	0.08604833578505951	0.09917221053769254	0.060155723644658946	0.11390457595437622	0.17472843100211322	0.06257119122151922	0.027766091528657763	0.2671275017837496	0.04887152642394395
0.042521967869077894	0.08240854901594728	0.12660541364358063	0.05959413911879455	0.1019420869434004	0.17577431951311842	0.06276126468285653	0.02593828982591323	0.2732157343027456	0.04923823508456546
0.045719250672891024	0.08570454584966893	0.11668577237240826	0.0533451776105929	0.1224249313014569	0.18529699051645285	0.05975463328709071	0.018643992097705772	0.25224600016484333	0.06017870612688933
0.02723256329307827	0.06805338410716147	0.1495773436200125	0.053729257430197255	0.1099753146990744	0.17571511158919959	0.05190203153584337	0.032451060867128526	0.2778642999776459	0.05349963288065881
0.043608205624247345	0.08986774182865184	0.09562333095858815	0.05461763388433695	0.12636630044444963	0.17910026646924707	0.0677452202294599	0.024955678352207536	0.2659632962140873	0.05215232599472428
0.03558150845036817	0.09625514377112976	0.08320433201986469	0.04689178104446899	0.10679836641944851	0.19838646528674347	0.06208221516894938	0.02175894694516116	0.27185659749196067	0.0771846434019052
0.023530786870417444	0.06942847727516636	0.17216570842092133	0.04570663024820776	0.11306023396352254	0.1743118000961743	0.06006081920346081	0.021455017607992524	0.24893741303001032	0.0713431132841266
0.0582279845177463	0.09207969931387948	0.12787949176493482	0.05585988281882311	0.09731711666715238	0.18905717295417115	0.050847870869821926	0.03214504005968136	0.24861992282081358	0.04796581821297584
0.031209244692452162	0.08770452490753546	0.15455903611423563	0.04927667925909675	0.10563824009120378	0.1698053605227578	0.05913068508923105	0.031966032528004576	0.2616348995111053	0.04907529728437757
0.03340679921274363	0.0784273631590841	0.1327611151867824	0.053756197048035706	0.10977860042897065	0.17780639809899587	0.0560200865572055	0.03021426964580544	0.2731287856124365	0.05470038504994018
0.040717833666896706	0.07547502491054293	0.09988842281987591	0.04830727234164923	0.10905123355867515	0.1730186386630515	0.06548507698911987	0.015910509306699475	0.303282971786244	0.0688630159572452
0.026826243537138222	0.08325026003310593	0.12972060278252212	0.05137958384186663	0.11911983692890393	0.16682148778642586	0.05534548646619627	0.02021615473331008	0.28056301016144297	0.06675733372908808
0.05385422616936558	0.08404614296606516	0.13433444512895715	0.052714560642333916	0.09896895412019023	0.16813465865142607	0.06629441216278091	0.027988434954426697	0.2533681517208268	0.06029601348362748
0.05091750156299008	0.07940342507408424	0.14038564023762903	0.05026587829546244	0.12368006339224906	0.16615858699536695	0.05227011675595085	0.029293806588220936	0.25654357281395374	0.05108140828409266
0.027608361597345574	0.09620545951247325	0.08229958042240061	0.056290820004428206	0.10913661400021721	0.18702272946029808	0.06362296957755953	0.024474790788509573	0.28037059477399806	0.07296807986276994
0.043639323219068715	0.08151880082105921	0.12134650068832133	0.053990333937101224	0.1176243058526017	0.18374995800556349	0.06853492076123473	0.014046016848666062	0.26052278069575463	0.05502705917062895
0.04128592252402437	0.08419825937551047	0.11519705459169832	0.059131920038646375	0.1220712831361159	0.19783446294414186	0.06626215308552706	0.015239029667404841	0.25393861322796907	0.04484130140896175
0.047034649799513134	0.07036895753553021	0.12471205051055913	0.05770296657882967	0.10866505847513988	0.1815445191440541	0.05110943977990165	0.02594554261481387	0.28035667107645557	0.05256014448520285
0.025225694208474272	0.07879046084738497	0.12867933699457956	0.05617917003260492	0.10894367866503114	0.17266107700842243	0.06541005069338682	0.024054043186559904	0.2591133790947832	0.08094310926877278
0.03765575700914903	0.07768024111607166	0.1137876132182623	0.050300376808509725	0.11219108191982319	0.19675865501169115	0.06828062635221671	0.027308479612545428	0.24834142911000834	0.06769573984172242
0.04339819091023375	0.08715960096317167	0.11295912799917215	0.0533523768973255	0.0972865816389332	0.1778593293892658	0.05092897270319388	0.030142048014043507	0.2668763552872746	0.08003741619738595
0.04071322577903408	0.07804047034649111	0.10400677791523227	0.04781643182526204	0.11366121683665897	0.1766320715068141	0.05469204689290413	0.03072122731817059	0.2773429100691555	0.07637362151027724
0.03146913687096206	0.0838440375191211	0.13459360066757586	0.04756865839290993	0.10448558361403383	0.18368628892533959	0.05700726765751869	0.03285118519032247	0.27753707815445816	0.04695716300775832
0.025161049830379367	0.0931061789396346	0.13942654494432433	0.053907478710240174	0.10169994291297525	0.17811337538342797	0.05945347502174842	0.018889373257547193	0.2775499086484748	0.05269267235124793
0.04016102604433633	0.08635462241708106	0.09707708988629396	0.05749940145911587	0.09774457276159723	0.19842288658461277	0.05180988717100278	0.021375886414651157	0.27723659187241956	0.0723180353888893
0.04969297622163925	0.07284996936423643	0.1402697561262567	0.049814848215470345	0.10718477982915028	0.1947896312316434	0.06101362403806353	0.02002255996396078	0.25118173770815283	0.053180117301426515
0.04926395106539325	0.08970782795232607	0.09361585346677065	0.046493034348813064	0.10335294105065107	0.16939624229828326	0.06489318794893864	0.027766080901746065	0.27724366402315515	0.0782672169439228
0.04286939395830053	0.07783810676925869	0.0879859123570073	0.06035415395153335	0.11847085667130786	0.16993546288935807	0.058038079797297616	0.023983953818163414	0.27961202288551495	0.08091205690225825
0.04456129281223653	0.09243577198027908	0.10016230425089623	0.04907492532416584	0.10854538985545713	0.19027931749074084	0.06057943736506852	0.014541778135846187	0.271396913805548	0.0684228689797617
0.04451579400174301	0.0741641092539404	0.10304483163861211	0.052449977218382106	0.09839707367715818	0.18079244186914373	0.0568816275882844	0.023277809665002105	0.287889803198332	0.07858653188940196
0.040347252695238534	0.0726462938593371	0.15262810114869851	0.05411547859893366	0.09819352553053137	0.1721661347513188	0.05943774827346075	0.027022527637687227	0.26507087720871314	0.05837206029608089
0.04607730108479982	0.0936688199183934	0.08337727374104786	0.057710328723512165	0.1088396372265687	0.18646088648421166	0.06702135966267694	0.02663374454688222	0.26888369228172976	0.06132695633017745
0.06335387988109585	0.08573873227470469	0.08779475699681334	0.05176794104526426	0.10860674104694419	0.17190461874525106	0.05896989909201272	0.0296187820123667	0.2659325105211914	0.07631213838435577
0.05382146294648987	0.08796291234549578	0.11685148090689784	0.056414094675223084	0.1164217945673885	0.182687857160297	0.05922409907394478	0.024497631029694336	0.25304341466926666	0.04907525262530211
0.02680563192826553	0.07307737868034199	0.15235337824992679	0.05708837319813664	0.11286227544145691	0.17175699937823297	0.05193571335980179	0.032972824431968376	0.27492516022880725	0.04622226510306177
0.03930202711019122	0.08874623816886894	0.08413966415799512	0.053560361058530806	0.10712860551072986	0.17002398971166002	0.0518999305715077	0.031153283350707023	0.2982834294899389	0.07576247086987042
0.03027062562041831	0.08038687658097905	0.15220117014063766	0.05252206207963334	0.10897269359377473	0.17415840993547338	0.05153221157279317	0.015227947830061525	0.28764930086261364	0.04707870178361523
0.047496531351912216	0.080016435516006	0.08268553193363523	0.05711148470304932	0.12236843917779516	0.1695286609558625	0.06532240818309908	0.018400464134563643	0.27844287156524616	0.07862717247883068
0.04598182206959594	0.06917569188559328	0.1304885443070889	0.06049985331326499	0.10675898948241483	0.18572667299101736	0.05566384905510576	0.025258956640665145	0.2749391290277298	0.045506491227524024
0.030463772770460584	0.09291492466109177	0.11123977387313988	0.06002848088671786	0.10667412085720371	0.1878293672177236	0.056943154961515564	0.018775239119930995	0.2646353882428569	0.07049577740935922
0.05050521160264871	0.07948171177969018	0.09123855834952206	0.057232450119531146	0.11866675009349945	0.18449996559021517	0.053849994871029185	0.031225273628953457	0.2720099177357839	0.061290166229126725
0.050040821643526696	0.0765024086331035	0.10040566176273164	0.054679237824577565	0.118148941829123	0.18471209021968604	0.06162379457501648	0.027400618648113675	0.25095299249545217	0.07553343236866922
0.03714541306915836	0.08481001515864516	0.10220905303281307	0.05953325027385191	0.1156614901537373	0.17053329227682185	0.05407970569906927	0.02113783728014733	0.27546952958251913	0.07942041347323663
0.04146225510690865	0.09497397185664327	0.08261161867375963	0.054722626263648495	0.10842266851691647	0.16745558168413371	0.0646725480915075	0.03010967542270536	0.3006463605295661	0.05492269385421081
0.02206287258762668	0.0968752487067775	0.13141832207329907	0.054568610607759874	0.12425480180773765	0.1862247654829977	0.06071527156632117	0.017090161189754857	0.25513778010214505	0.05165216587558044
0.03703142690057232	0.07652388952978212	0.08416133652891987	0.05563890659030957	0.11454487126080024	0.1805678816029309	0.06298207280410792	0.030789848842898856	0.278790593874026	0.07896917206565222
0.058062194245075784	0.07500631367019128	0.13218274200646982	0.05401190942785981	0.11595519448265904	0.16708679171261165	0.05337971885177832	0.03184896922410328	0.25094748917930204	0.061518677199948996
0.05932772476642709	0.07685453465402414	0.12519530846271792	0.047761420214441096	0.09771973862070296	0.19457117392402717	0.053930637768567206	0.0234205115356627	0.2558465073529553	0.06537244270047442
0.044062029402022265	0.09741004156007857	0.08472595408539065	0.06026535038856507	0.12428463134241	0.19305258562294797	0.06068247663023662	0.021782748292092147	0.24944680134937397	0.06428738132688279
0.031875959932511536	0.08441208170676386	0.09856557984377243	0.05789381396009495	0.12088094181252766	0.19009611608828264	0.06431541853172366	0.02123653618336946	0.2648182511294258	0.06590530081152804
0.05568099223532396	0.06834142435116566	0.1143143051818317	0.047489549096235435	0.11117404280881238	0.17055845553423682	0.06963047213712012	0.024552191102769697	0.26123899421956753	0.07701957333293662
0.024217206350863357	0.07204420183396505	0.10261849431653303	0.048393945425892065	0.11408990246116434	0.18968422240535476	0.05485400646267882	0.01791759405396201	0.29537671291128165	0.08080371377830496
0.02545086353743682	0.07947375078815119	0.10398521786633261	0.05985963784236839	0.09677258641126328	0.18393482290219354	0.06156543857446593	0.02534824955833094	0.2897942520483365	0.07381518047112082
0.028271461394431666	0.08356723478558847	0.13405357160792175	0.05400779583001741	0.11651829485485973	0.16649376729243054	0.06887322953585459	0.025587289860268952	0.26403359111421026	0.05859376372441663
0.047953811512719845	0.07933401613506477	0.10074694829594665	0.04951827324503558	0.11234327689268411	0.17568719379399667	0.06173463097327475	0.03006535153694151	0.2782604221604355	0.06435607545390057
0.024494073639257527	0.08971818510373418	0.11027455122288557	0.05267565670202952	0.0956685235494131	0.1925772629255862	0.0625524581017376	0.020914296175647162	0.28258712436559974	0.06853786821410943
0.030358225081523235	0.07840499285285148	0.12202775612457833	0.050132866190842944	0.11551596948368789	0.19041129834715395	0.058912777380140606	0.027118003095273888	0.27202138893706873	0.055096722506879
0.03478483841952203	0.08793984111182214	0.08426593565776368	0.04595443145216523	0.11160082629370495	0.17472580870558044	0.06269057406912312	0.03047407515756427	0.29432453146838866	0.07323913766436552
0.05705545065387703	0.0798546189430564	0.0938262744855308	0.053220221470366535	0.10927528549200224	0.1811818576069999	0.06548517010274753	0.02177000630251756	0.27358637128216823	0.06474474366073375
0.038557857528180806	0.07292744093917744	0.149100467331209	0.05742645391285969	0.10139942994991429	0.17370141297790467	0.052311361234053	0.027625700070372433	0.25233057048105073	0.07461930557527799
0.05214526679867488	0.09539546494483904	0.11573074811654359	0.05492497908153807	0.111557447291038	0.17303215141212486	0.05240860255001001	0.014160203738962693	0.2506194567954638	0.08002567927080498
0.02954668928655743	0.07659303364767678	0.1697126227286211	0.05012078235160724	0.12016462000621582	0.1646352670012892	0.05636861430519086	0.016303300252332203	0.24608166955527577	0.07047340086523363
0.053867019469016196	0.07899023980569357	0.08142988467517101	0.05802532339772665	0.11680635559135628	0.1672347799533775	0.06461869451783658	0.017188386327006394	0.2831588806186433	0.07868043564417251
0.03011950926544954	0.0777867412497887	0.10516574271302619	0.05335468025298334	0.11497968259875979	0.17571520128214646	0.06749821760628205	0.01731566044439453	0.2927427724519092	0.06532179213526018
0.04289961105163927	0.08833594288538932	0.10501304870215157	0.056574941127861225	0.12047200871074949	0.18098544838736214	0.06293543656930832	0.02916201037349553	0.2571031785970072	0.056518373595035955
0.058389076739613285	0.07334483637785415	0.15183316759699736	0.05050109597568404	0.12628395007338172	0.17408359127289702	0.05107488775633868	0.014956143066495661	0.25077442533787325	0.04875882580286482
0.030233243107133892	0.08516608599953295	0.10250140954609567	0.05185818327755711	0.12534626302663254	0.19532561174846855	0.06937121973538302	0.01657108996956491	0.24839264609590023	0.07523424749373114
0.05180330899973676	0.09008013185364995	0.10047450466212471	0.06004581416529871	0.11648708261076578	0.186770776645117	0.05058674719148705	0.014632383335974997	0.25064979842670226	0.0784694521091428
0.03665859259229469	0.07677688768526862	0.10374700118848858	0.05939828718811677	0.10196298952672421	0.19727995227293194	0.06882624293928634	0.021090806213791585	0.28785939113426556	0.04639984925883173
0.05978690795653251	0.06778148804054654	0.10264288173981109	0.0561174645713434	0.11492821650008847	0.19106458965763617	0.05930913100383173	0.022984853899644955	0.26760078224789363	0.0577836843826715
0.02540563640900606	0.08351903676173167	0.11896033018340171	0.05768406898232053	0.11540322965970456	0.1886068713509013	0.06028342956850371	0.01811291192217762	0.2548247306732736	0.07719975448897923
0.050274695096559546	0.06965120148751555	0.13056636902465757	0.05442714220612472	0.09718343976195491	0.18631128682753306	0.05836849229489589	0.02280529208258751	0.2636148546030619	0.06679722661510933
0.027156518140997926	0.09317843981450681	0.14052205678349045	0.052867714550268306	0.10216616584979157	0.1779135139278451	0.05717757564693174	0.026016509529317902	0.2703447111279034	0.05265679462894683
0.04007910494596979	0.09524454527216177	0.13197667779271205	0.05162041255991757	0.10853026774278576	0.16963585685055993	0.0598604239145821	0.019532501706883865	0.27045970252237805	0.05306050669204908
0.02549791519500623	0.08350411864871315	0.11298477003518931	0.05388351361773251	0.09772716738512427	0.17301587386374878	0.056414888234686926	0.027287519648461808	0.30217140917517377	0.06751282419616325
0.022213747700724165	0.07892390190071585	0.11254186526077938	0.057861390607426705	0.1009938444258328	0.18296406549957167	0.05578860695818498	0.01887305790671509	0.3034860063784136	0.06635351336163578
0.04207020549639509	0.07458928393083589	0.13978435266909803	0.050763288977124475	0.10554934171793129	0.17844575905530086	0.05528142120356846	0.015779147140717487	0.2922383691945222	0.04549883061450623
0.054521230364238484	0.07262265824352872	0.09270381933388219	0.04894090161673623	0.10356626326014846	0.19070307466447478	0.06526105331863429	0.025977188451240696	0.2877121056998839	0.05799170504723221
0.03417929937938234	0.08085865558312483	0.09800264206581985	0.0476059298484245	0.1114389278894366	0.17665199745414095	0.06138345452537469	0.029816503096360372	0.2815327857588279	0.07852980439910802
0.03096071345332603	0.08328593719384667	0.09661704524882027	0.05485782012826586	0.11791795699913302	0.17609750976407368	0.06979974193200371	0.028308048837868624	0.2719337314950092	0.07022149494765297
0.035622900588016634	0.07313067372176939	0.1463572167426595	0.056092641636794144	0.09595349821077105	0.19036674889953253	0.06248355260238258	0.025743002455124772	0.2681299128980868	0.046119852244862584
0.05816133178321964	0.0714461071667687	0.13092145869349925	0.05226752848433778	0.11936552420155967	0.19368731434608072	0.061871268745807166	0.016428725507554073	0.24780485961413196	0.048045881457041015
0.0342301900023291	0.09008563812625203	0.13490529586320754	0.04684646546357336	0.12191856410836986	0.1756322445344266	0.05673560908335732	0.022061006875130365	0.2711404707587425	0.046444515184611346
0.029614261276472112	0.08796119862686373	0.08426288788263395	0.058555105055303945	0.11886710726637523	0.1795329905923636	0.0687693310504773	0.022345463242567476	0.274783662585849	0.07530799242109364
0.03931885308737007	0.07568799041841644	0.15033277870692227	0.05191494690942835	0.10396670252580154	0.17623398558530667	0.06358918778470005	0.014147206460979722	0.26783707521800715	0.056971273303067754
0.0425858898968028	0.07549907242282815	0.1432801368702503	0.051166415219584364	0.10012018925780249	0.16852009710939847	0.059459988522716674	0.028978494607221267	0.2733404359551375	0.05704928013825798
0.020652472584360565	0.07153565863068204	0.10059551680608468	0.051743708618629335	0.10554531470064563	0.19710407565019028	0.057775853273423536	0.033098208776591684	0.28260958725319996	0.07933960370619232
0.0440866857675096	0.09457727517116361	0.12348483454750878	0.05549099000466482	0.10169370692643759	0.16876003442693582	0.06257569173734741	0.026457829752002227	0.25010847279553966	0.07276447887089048
0.06252330158169189	0.07401913716976716	0.08789616189881244	0.05345241785887171	0.10994852619589261	0.1896056017707903	0.06954289041159108	0.027634662912822364	0.2537523065941686	0.07162499360559182
0.04497541893899537	0.08587103845566696	0.12262505305479712	0.056746702738108515	0.09909941519648753	0.18082368949911892	0.06403047837198025	0.016644878616745462	0.25500898284927204	0.0741743422788278
0.06086687027343239	0.07768836240784918	0.11586997046352558	0.05502920158271993	0.12209343927156044	0.17822558943735	0.05313384464612077	0.016819030102949523	0.27028159225499004	0.04999209955950214
0.022319165792128823	0.0732753690982417	0.18502668679514184	0.05766895388226082	0.09583193712490454	0.18317939907162492	0.05212438589631991	0.019341540702903476	0.25077416588435564	0.060458395752118366
0.04687886039930548	0.08499755906191428	0.10818917799915496	0.04754620481978025	0.12326671699934715	0.19715061060683292	0.0599023271768278	0.017095574035832367	0.267234430023369	0.047738538877635774
0.05733353965019695	0.0803040520475847	0.105125064984396	0.0598516842881001	0.10068646224206473	0.18682203452260568	0.060680857679637316	0.029163427777092202	0.2570863561866828	0.0629465206216395
0.03250236572131868	0.07702144525860873	0.14810346815149605	0.058659260164269034	0.10722539442794314	0.17468805438111154	0.0592254479460287	0.02376952072900712	0.25711682650749496	0.06168821671272209
0.05615566948218782	0.0936732997866072	0.09441238801173125	0.05314226293485099	0.10718086221184599	0.1666213655884094	0.06197412269989223	0.019205238357703353	0.2708467899458317	0.07678800098094
0.02931201942354207	0.07445814608086289	0.10017851529443796	0.058225877645643395	0.1115119431524366	0.193482302506218	0.06160459930025096	0.020931380217442022	0.2766738853816337	0.07362133099753246
0.024594913875279678	0.07792692200374458	0.13881132146413577	0.04569456169798922	0.11211898814420813	0.17505733122800893	0.06832145760369314	0.020459842846342807	0.2771033530625406	0.05991130807405724
0.03557393390855905	0.09244501047000209	0.08913333096349203	0.05189608384090265	0.11304716270798561	0.1954362636091561	0.06543804428624189	0.029018978721130864	0.25290400125001217	0.07510719024251752
0.0292749923937526	0.09357479156533398	0.09136423951356265	0.05682564546712497	0.12413623075503528	0.17789597191889334	0.05104272388044949	0.030094899783952203	0.2812122506891702	0.06457825403272525
0.05481247164971434	0.08015392134270091	0.13112011340922303	0.056787207751550196	0.11158903496512737	0.19521956458572773	0.0573505815477466	0.02110383668036213	0.24628944483131027	0.04557382323653747
0.033570399594101685	0.07299137888780281	0.10878126413492177	0.046010595815391284	0.12345176676034136	0.19246480655996784	0.05303534964590013	0.031649436613222406	0.26945056237339676	0.06859443961495393
0.06010008572789882	0.07300924033570341	0.09012191052042229	0.05808874590182932	0.10126324274699162	0.1899331904112454	0.06506091584457445	0.03206667603968226	0.28008032960105295	0.050275662870599425
0.048710207936887205	0.0679234556009001	0.09163679149665067	0.0543744840809556	0.12269390090662605	0.16773410116215082	0.053989444381357866	0.029516634768021882	0.2975475139473278	0.065873465719122
0.03335350881930403	0.07952346160271512	0.14423131839988762	0.05633746827346414	0.10161406660038844	0.18151936164059793	0.06968210938404365	0.029377682635220365	0.25166161605081455	0.05269940659356423
0.035496461800769735	0.08059304583974189	0.12890795507832012	0.05386456363983998	0.11796805243028616	0.18793758287441537	0.06929748791352601	0.016780501270539774	0.2617799008877508	0.047374448264810194
0.06276849353617094	0.0809702562319017	0.0907213710730932	0.04604804634768796	0.10769624993831697	0.19302143614187478	0.05960193764324776	0.02831325292567799	0.2788171137168175	0.05204184244521119
0.04327835813691213	0.0881319240395703	0.10910483671167083	0.05731843289872142	0.1010847874079994	0.18660977878428578	0.06089829654190881	0.028730685351421162	0.27951449345542084	0.045328406672089316
0.02792786332995513	0.08413931433039328	0.11484285530347489	0.05369750496320763	0.11353786155121524	0.1932604311432476	0.06199789000421066	0.02796469518371253	0.2661095637207643	0.05652202046981884
0.024436805694663166	0.09614227869648308	0.11401850812564404	0.04843282810791402	0.1215739108887369	0.16724432641990936	0.05284121111199539	0.026078167781317052	0.2807578547846187	0.06847410838871838
0.03661544850854412	0.08384043415409403	0.1316388313939965	0.046517125676091696	0.09975958594917023	0.18593227619695363	0.052781501770323584	0.029805778252585804	0.2870626804546594	0.04604633764358103
0.05172150022835177	0.09151542133812073	0.08260599332120708	0.053136756161084375	0.12231552074705106	0.17634520582199792	0.054387081531490813	0.021933056222282823	0.2847123917555757	0.0613270728728377
0.03754394306416834	0.09380874988787978	0.0985045355885205	0.059091042852159915	0.0999348843608736	0.1845329568926281	0.05846102221245283	0.02881016624914705	0.26626469330344527	0.07304800558872462
0.05431391733173575	0.08839695982226504	0.10874438391827235	0.05513997267929562	0.1162416786583953	0.17906943787042695	0.0632667557713817	0.017219212933284073	0.26538388189725165	0.05222379911769154
0.0343218363987748	0.0819999187868385	0.11229845679134987	0.04563043575604595	0.11162370095717647	0.18731364654422722	0.06390657981718331	0.026304670741261624	0.2779288946168572	0.058671859590285036
0.02510023851178629	0.0919493234609772	0.11552573771894445	0.05509845887634383	0.11919096880676353	0.17413520964264748	0.06800645369730693	0.032779479059290156	0.26009189031068347	0.058122239915256724
0.05804040878751565	0.08038873849322711	0.1254257094028483	0.052961223028355923	0.12144765641325783	0.17147715907241734	0.05061204500863165	0.025336745380618975	0.24786244662615747	0.0664478677869697
0.051595180177702316	0.09667767806211548	0.09900499390318596	0.05416471389155342	0.11950371707780179	0.17313123668184793	0.06409402820961282	0.02315646151552682	0.2608855061109915	0.057786484369661974
0.030547488500314635	0.07902834712784589	0.13189617904985435	0.05797544092679286	0.11422406158563653	0.16489154232979059	0.05655368312267552	0.01683839384023962	0.3011853640972637	0.04685949941958633
0.05980577962758332	0.09385524071120403	0.09006641856435985	0.05908135351691718	0.0964423537587672	0.18322416607952668	0.05259172430153684	0.02395540634972612	0.2867739835055503	0.0542035735848285
