0.03794207648585182	0.07924868490934274	0.17115620595430436	0.04555611642317195	0.11694699732394544	0.3265003511550294	0.21195043843413663	0.010699129314217404
0.0205104599132636	0.1007930462457241	0.15868962960788263	0.050323506931209655	0.10013996142911523	0.37038159574571616	0.1760439898513701	0.023117810275718353
0.021758911493772806	0.07184283465732547	0.16962468421350083	0.036656743045428916	0.13959788424936642	0.38034670287209693	0.1563604703720345	0.023811769096473923
0.018289464715637554	0.0515627151900539	0.2041659839867087	0.04434875586151492	0.1563953218192475	0.3622510119006873	0.14344169517277566	0.019545051353374268
0.02095322258693924	0.020931511292163946	0.28226755707132745	0.05215324365268621	0.16403085433867165	0.3008824690789952	0.14553253161477459	0.01324861036444154
0.02112747542402836	0.07533597384941566	0.2073998069832688	0.028103928206275386	0.13259424026652	0.3520345720488858	0.16596793079324218	0.01743607242836362
0.022697653193266137	0.11186599768076735	0.19833843885886882	0.025131245457951007	0.11535312953302065	0.31799557981512827	0.18860493790183397	0.020013017559163557
0.02395034709898515	0.06464657356575684	0.2070111346107768	0.054464707199528964	0.16495247306909783	0.27127807643944196	0.19443684013925983	0.01925984787715239
0.03093583766220334	0.08791281951521579	0.17598906263919556	0.03207441663666588	0.15733251639643847	0.3024876120588931	0.19615768345531634	0.01711005163607132
0.03820846320509985	0.07580789841064028	0.18497961774436933	0.04771074841443876	0.14633270450238545	0.36639393846103396	0.12545871292728836	0.015107916334743857
0.042655892867757145	0.1246098602021489	0.1464047636854673	0.03146540512556044	0.13530744209516427	0.3626393653259909	0.13483632635482232	0.022080944343088535
0.03443102739567114	0.015526587313171442	0.2760363806297088	0.040098659002678866	0.1605478877799214	0.30884103075169145	0.1519737175927653	0.012544709534391421
0.033699526435365876	0.23807343041536244	0.1692064391686047	0.02932041510935994	0.09509600550481444	0.26525389733185123	0.15108238313716227	0.018267902897478927
0.043092222770545	0.24948522486241417	0.1773751613728792	0.05214911346905146	0.10138707887124296	0.2375602547742901	0.12793041449897044	0.01102052938060645
0.0341056163933752	0.053584484178814354	0.27144155330873915	0.027840469484128022	0.09823609528925553	0.2994371724709543	0.19999388217837455	0.015360726696358643
0.02585376142769595	0.02659093497304102	0.2919079745218023	0.02787654640314667	0.12042973543651572	0.3460912349459322	0.1393489075644867	0.021900904727379295
0.020845808869273105	0.019339715344051295	0.24305551701463604	0.025917647182495895	0.16175465233176922	0.3358051646997622	0.17828070409973984	0.015000790458272323
0.03306474767940676	0.03538968285098602	0.27287325611498536	0.02531566175526105	0.12957135648703624	0.322305090861414	0.17076904835792045	0.010711155892989987
0.021657821698287213	0.07997821384242082	0.17657587407814704	0.03272455413301374	0.12470338670655504	0.3711917511372266	0.1687985016799135	0.024369896724435902
0.030156763466584885	0.09628795817192759	0.1665535244309999	0.05442728010161607	0.14162251021369834	0.31283927197570105	0.18707981064381943	0.011032880995652528
0.0333802169363267	0.017025648933432613	0.19574216918852247	0.051999702195648784	0.12284331672767437	0.34949695366215516	0.21655023213684643	0.012961760219393284
0.03931755936224007	0.16891109667792073	0.1858325308896588	0.047356366616672335	0.1288842306905555	0.2719689904589311	0.13718847038395449	0.020540754920066864
0.02236787062216182	0.15203545325407436	0.1766859086856312	0.04485904871455795	0.1429331602919595	0.2580353361620855	0.19376251258281768	0.009320709686711809
0.03810520926940107	0.13465611924277396	0.1358033121226362	0.039403791090232274	0.10819291930313267	0.35278335275435757	0.17122781305661217	0.01982748316085399
0.018977673819501634	0.09041609178571075	0.2353107205195678	0.053616836841308996	0.12379820495578293	0.2637803994570677	0.1944401726655865	0.019659899955473514
0.038051369388757195	0.11448092087420836	0.18710899453921487	0.0522145172352335	0.09691101035493256	0.2780550244637011	0.21089079801928862	0.022287365124663602
0.02520115004701247	0.16750770671810897	0.1761752353962974	0.04934851256549916	0.12903483358599896	0.25178465688971474	0.1868130109337408	0.014134893863627318
0.02412654142031806	0.2525679217066029	0.1376496616877318	0.032647785155141884	0.11470300684499976	0.22982668142698917	0.18740156625431087	0.02107683550390535
0.019693173833997255	0.2604041108472693	0.18674049105701235	0.04566777215777296	0.1200713525856037	0.23079785511768186	0.12762860789208386	0.008996636508578584
0.042198539172324606	0.09926430155395075	0.1471256212990156	0.05258185901346922	0.10688428375679117	0.34145000058649416	0.19724436308572202	0.01325103153223231
0.028447532502985068	0.082902499177681	0.24945102918427942	0.04979048067713315	0.13550719074730255	0.23212761100519774	0.20153641820196766	0.020237238503453214
0.038736576442220685	0.19554788078212507	0.18249843298182375	0.04885995533697372	0.1115325910852696	0.23581296306969313	0.16352491796559704	0.02348668233629682
0.03376186475197002	0.09952930534116901	0.23897078903137586	0.04145868445474406	0.12322301540416533	0.32012403814409185	0.13348650662675704	0.00944579624572664
0.028439975673223858	0.10387075012036824	0.24045150623719652	0.05224013969510399	0.11408462387286739	0.2343653995868733	0.2036533128529071	0.02289429196145941
0.037604247399296895	0.03637140319709968	0.21928903566494046	0.04890225736306515	0.11906323472140497	0.3077862507033591	0.21143129089268264	0.019552280058150948
0.023572103925245114	0.09207101719298601	0.22404541633653083	0.03839227937203403	0.14316688791931353	0.2570549061642431	0.20723857965133627	0.014458809438310932
0.021222849026489757	0.19929638867177674	0.14814898051437692	0.04357800842738116	0.1455903551640879	0.2831134922670848	0.1430054168233346	0.016044509105467897
0.026784968167730072	0.12876327394995313	0.18531816388906325	0.03783310392999527	0.11276883476032537	0.3575539189857445	0.1255083419822046	0.025469394334983658
0.020142516166599747	0.07429353815117448	0.26872008073341014	0.05236856450631655	0.09264256107583914	0.2662618998526578	0.20477193402760233	0.020798905486399594
0.018633878899981082	0.0787681169420634	0.25858808663862753	0.05456747146456058	0.11696264691833089	0.30880887156891895	0.14508712346486768	0.018583804102649717
0.032736535989071114	0.24319236560551194	0.13494103332348542	0.04002725716016081	0.12421513253623301	0.23063851021341314	0.18467554046426488	0.009573624707859496
0.03895668118341941	0.09479870826266315	0.21177450334891607	0.05473496384086926	0.11775168124672443	0.31977982298706	0.14823187263891946	0.013971766491428034
0.0267719417836427	0.19026031021044076	0.17803238320823844	0.05002115398337885	0.11017645021471406	0.29105909372332484	0.12934525601342184	0.024333410862838273
0.036927764960493756	0.14892158849603598	0.14979854932687367	0.039131944989596226	0.13072415629568865	0.3217643802648622	0.14971505522917694	0.023016560437272363
0.025092764161017633	0.20201186484367056	0.19876134998554285	0.044925882738834216	0.09899178572730383	0.2486756070852086	0.15884951972345815	0.022691225734964016
0.03198246559695152	0.1242477459807919	0.19776802168092814	0.05421395079602476	0.10653240278947329	0.2656325021656962	0.19596963002587012	0.023653280964263862
0.037398922792653944	0.08534096313829359	0.27234216211636	0.04951704694111751	0.09390309976718425	0.29062516445647535	0.15776795274963235	0.013104688038282783
0.04282490413994222	0.2171103578105257	0.16799029703746232	0.03564178410182729	0.09199662486077353	0.23230808063128244	0.18961067509221619	0.022517276325970087
0.031337517050298	0.14660670629569844	0.17363608487342969	0.052168977953529136	0.09942541362054885	0.32340172838876785	0.1519640421352956	0.021459529682432255
0.02709354494286413	0.04942981178302927	0.30247405342221717	0.053547841736612076	0.10177661438118676	0.23975787286616762	0.2043437289764667	0.02157653189145607
0.021789304828312317	0.16589205657316738	0.1569225314576984	0.047600742602486076	0.16274223836847682	0.2771816899551431	0.1428633901548724	0.02500804605984333
0.033441702916708435	0.12106732191917144	0.13238836870302964	0.05034610016755009	0.12139692123873434	0.31696134237600904	0.21195896880793758	0.012439273870859233
0.03816140115202475	0.1413435588820798	0.1630429481230518	0.03190823126026904	0.15927364671154445	0.2927177877320103	0.14946244343616027	0.02408998270285939
0.03690735495767973	0.06542036389953243	0.28097676752193745	0.052676353764050415	0.12771558186988397	0.2308171919731664	0.19440868205947762	0.011077703954271725
0.02929584516529997	0.15099774513759162	0.23264361925997845	0.05241419074881237	0.10017732684968808	0.26032473851739907	0.16349248149857634	0.010654052822653928
0.033446988802821986	0.10191544203930603	0.28748914145691173	0.0425426234167631	0.09659449629094453	0.24376500557318004	0.1745718825933467	0.019674419826725645
0.03535275649010655	0.05522036790491282	0.21880859743471198	0.026494628002456028	0.13443082324883254	0.3269591688136013	0.17853351825036218	0.02420013985501636
0.028444944804594863	0.07738071612987629	0.2738783356013693	0.05190873801269019	0.11385768109453481	0.27596944893906794	0.1658909316868279	0.012669203731038456
0.026115788074780308	0.06864488734223954	0.2738926554167974	0.023664091840626553	0.1665481850934184	0.2630021253806485	0.15964519293295074	0.01848707391853835
0.02509154372545852	0.037115982715605886	0.25019417209805705	0.03672126693792867	0.13385659327415364	0.3429358001192318	0.15876464737667167	0.01531999375289253
0.031700438218576515	0.01164345388392686	0.30542939448751544	0.05042333925464389	0.16532557953499372	0.2771188331895484	0.14129149825790768	0.017067463172887293
0.019136924149074697	0.165197519383959	0.21688138011981767	0.03715549699968791	0.09787161015871884	0.31624769189842494	0.13025220168005588	0.01725717561026094
0.04016573612414662	0.22093771276688057	0.13028442432093887	0.03626906011203386	0.1640094725068944	0.23618568198391882	0.15226588137555355	0.01988203080963316
0.02318901768957271	0.20162453653518966	0.17663720316059667	0.03929428220673248	0.1162360607591479	0.23285054807593872	0.18671721479477998	0.02345113677804167
0.03844429832321422	0.09452100185271135	0.276865595575681	0.05367970738353893	0.09532196983599275	0.2830900011742831	0.14774908021195693	0.010328345642621431
0.019727652522298703	0.042952894906023234	0.20692274450734172	0.03063138770122331	0.13785332387099547	0.3549717503629704	0.19352290176661707	0.013417344362529948
0.030298412749871342	0.11064343484772883	0.20023876087934006	0.05503830741135121	0.09317392500087984	0.28449362703650716	0.21331115720422883	0.012802374870092531
0.030218013362013477	0.015457031999214527	0.29560615272125657	0.039281206761538984	0.1316297001117219	0.2789427086950541	0.19053050250776302	0.018334683841437216
0.029222560393628527	0.1086392233034602	0.30494649823140896	0.035578277222465426	0.11468053672441614	0.241141802427964	0.14380945558960778	0.021981646107048794
0.03529142209178249	0.054997956994398634	0.2708730470312539	0.04186518299990344	0.13601132973380486	0.2888210412072889	0.15652848651150664	0.015611533430060831
0.03451750647018127	0.14503720328330577	0.19706306734760426	0.023515126746508394	0.09262109968358187	0.34997302706388844	0.14616274280098815	0.011110226603941648
0.026674591361776828	0.18709925571552632	0.13980235841883068	0.02916878988971519	0.1433925461725589	0.322496628055175	0.1291091811279907	0.022256649258426187
0.03907645573915604	0.11672114116845954	0.1365134833407446	0.04424046292088332	0.10871719040760364	0.33681983385304937	0.19482698741891896	0.023084445151184338
0.026397358004920518	0.22729559523017445	0.16154537093892216	0.03846073148707328	0.09707820658623034	0.26607931632273096	0.17195359938715873	0.01118982204278933
0.0353870037266876	0.14596367472802213	0.1504653950655852	0.02393860477000896	0.13721394437175916	0.3684688021324043	0.12744614594417333	0.011116429261359112
0.03937366864985087	0.03328423297306404	0.26733317912680177	0.0485536210055917	0.12000883681691765	0.3493032073947117	0.1233465868874332	0.018796667145628873
0.04004347311378237	0.037014337981183365	0.22756826452311157	0.04931610727649671	0.16547922849089955	0.2932196407962945	0.16815957361756	0.01919937420067186
0.03542216649254415	0.1681512547016479	0.17752606268514387	0.02420682123759689	0.1527259674574945	0.27417068429114166	0.15781301273181525	0.009984030402615626
0.03384630458720442	0.05377899493091873	0.20401244741270985	0.04884820854571048	0.14850134470081008	0.31139060972832144	0.1865536606340951	0.013068429460229736
0.03610384472285304	0.13180147237290965	0.1384439522258568	0.045660707325404046	0.1402730171700973	0.33324205046488176	0.15949979361100045	0.0149751621069968
0.03698394213297779	0.15975381998669388	0.1471442831307006	0.05140284869405827	0.1129276126172098	0.3231658201317296	0.1434072775041752	0.025214395802454673
0.033148626268934944	0.1254197501132468	0.18496651109755272	0.035482442397571645	0.13192245938059194	0.3214011029326347	0.15189793574382593	0.015761172065641135
0.03210431575118872	0.21096194686173797	0.1731880759344182	0.024767853807571932	0.1483154085283418	0.2715217722705767	0.12985711713574752	0.009283509710416929
0.02380125063718662	0.0904351774763433	0.18589883812943625	0.03303581925512071	0.10895950836277754	0.34822908385588836	0.19013259035718263	0.01950773192606431
0.03605893444597075	0.11350930897186115	0.15880191774487712	0.04475331486238336	0.11709873664855204	0.3466399952909634	0.15895692827084426	0.024180863764547755
0.019753500407085636	0.08246962363515553	0.21288058311412672	0.03759227419164719	0.1279221232370397	0.2977364187722695	0.20531244956170658	0.01633302708096898
0.04081353270520524	0.08406540851052827	0.18928685977751897	0.050029507591015474	0.15108395938103075	0.3404168017213723	0.13111896340196733	0.013184966911361493
0.03303282606766565	0.08281644138195927	0.22763086161195945	0.03294330762247716	0.13102158118151963	0.33426818176177825	0.13724154582718218	0.021045254545458233
0.03668498935324897	0.1450242925697099	0.24194958954345624	0.04332973874884595	0.11766415981356432	0.24665109148322983	0.1517243197194564	0.016971818768488203
0.03962603721017731	0.009162696931023978	0.19377572750957162	0.03368528856818295	0.1284266640027523	0.3881708229994244	0.18938760754472034	0.0177651552341469
0.04011143925096271	0.03830468841547324	0.24553906093671196	0.044108606176959234	0.10623973325623468	0.3096643068772825	0.19210989174632903	0.023922273340046415
0.033429630490808326	0.20109753772006686	0.14879678826025028	0.04563859492665703	0.13003424012100928	0.2911872165816676	0.13242578395284582	0.017390207946694644
0.03222439078135006	0.096054379764403	0.2086033540713177	0.045709976627334364	0.09742185830134031	0.3074935684318939	0.19039912540319742	0.022093346619163054
0.043275146347472565	0.027650094292994587	0.20500977138576895	0.03641912836920619	0.14550850277323435	0.34467595124546835	0.18021578070585295	0.017245624880001878
0.04206034300758088	0.0726229030522589	0.2342816388682033	0.024550609327091258	0.15593096892441566	0.28128321151569596	0.1684994544163214	0.02077087088843249
0.038810256841345564	0.10764925102678853	0.20773879212161822	0.02741802249124696	0.15222976470452032	0.3004265140042362	0.14485872584376466	0.020868672966479318
0.040833616364475356	0.08046729899072007	0.12940111339118696	0.047782530958347474	0.16649582529497464	0.36452548467182133	0.1559188443379255	0.0145752859905484
0.029683584112361952	0.13627274979080195	0.24514791522616633	0.05105055094021396	0.1243419484835473	0.2461760657606282	0.1569266670882799	0.010400518598000175
0.034581514775330974	0.08381297529905032	0.19983160181734752	0.033637833193588124	0.14408035522042373	0.35123307626120903	0.1321373107001218	0.020685332732928247
0.04294155098090435	0.09671733860505136	0.14685319886254874	0.034452219727494945	0.13448858581860293	0.388070978891617	0.14646190274552018	0.010014224368260188
0.02988679762109782	0.11271275786618364	0.22185610150536317	0.05179404328762503	0.11844399802765077	0.2942551765479419	0.15049550365118752	0.020555621492949955
0.031173088236751606	0.10185459158199889	0.18166195539926827	0.050053051517891745	0.13606964777613642	0.3587971860998308	0.13115760376816413	0.00923287561995799
0.01911888411768295	0.14315751295178844	0.19037577034175263	0.04473044286577911	0.09226093355335781	0.29873587557383696	0.19382519661386638	0.01779538398193556
0.04076539489653973	0.07043817475960293	0.1645633709041325	0.05408570911913867	0.13202299066675116	0.3877305454321244	0.1333784063108456	0.017015407910864908
0.031993349973929844	0.019281505607164573	0.2486894212918859	0.024773386371391648	0.1378873735652691	0.3290480134226432	0.18941466635424611	0.01891228341346944
0.029067262342169428	0.17691424695226937	0.20617367786045876	0.04483327733568239	0.11034415123846388	0.2659134515031013	0.14677194693432752	0.019981985833527144
0.02167172565680109	0.039500005135239116	0.2867428668498924	0.03980702896309658	0.16416909445698158	0.26499568171360555	0.1592652653681941	0.023848331856189342
0.03954685637069609	0.09411170944346252	0.1505241897350078	0.043883510514010515	0.11873161360908177	0.38232054875051824	0.15384798165988	0.017033589917342842
0.03186057647570871	0.13267014821004774	0.15312614760992752	0.02979069226851644	0.11840895366392334	0.33206560336903357	0.18828887556691054	0.013789002835931943
0.033082669889994934	0.09558352418753921	0.21401540416107773	0.054269182214648826	0.11041103985014859	0.3458723073939157	0.12708382712505964	0.019682045177615154
0.02520630935504839	0.10061817026494209	0.24914611049872787	0.02794436807144314	0.09954012647501473	0.28681553168396234	0.18611003743813584	0.02461934621272535
0.03408197802874087	0.15462475766865771	0.1833773471308512	0.05214316803524777	0.1017372946789123	0.3133000828732574	0.14414788866482148	0.016587482919511107
0.03234084515444943	0.01067219709830046	0.2681859933610483	0.033931241415013524	0.1431610657029852	0.2994829709629282	0.18848324227274713	0.02374244403252755
0.03337952226143613	0.1306403437126787	0.21365589627145753	0.03496768589454789	0.10914241514339389	0.28599944165349045	0.17271505759122366	0.019499637471771525
0.027350656817669725	0.05889149197894705	0.19262329517527527	0.029474779944928226	0.1677263566225875	0.38342034085482357	0.1260383129704748	0.014474765635293596
0.026879408527940768	0.049656523226048244	0.3000809947735026	0.032071785697158614	0.13292810815950873	0.23148838570261138	0.20297049367493575	0.023924300238293755
0.04101693898197174	0.04657370212819803	0.30139953190675095	0.02789670420713805	0.12462555749566115	0.24238222166837342	0.1918516464262084	0.02425369718569806
0.03481211264089004	0.08502767089754527	0.21820691426865335	0.04286503869939172	0.13613624864298704	0.33783198939723114	0.13592596919427732	0.009194056259023975
0.03881646623136467	0.010742331190861737	0.21533857446409924	0.05162944567414118	0.14830651876890086	0.311528770355896	0.20376839980125339	0.0198694935134828
0.027505227635945872	0.04516012384864197	0.2647893260676307	0.028466188587388183	0.14435612432973904	0.2669290796560627	0.21199394420232825	0.010799985672263035
0.028560541016149618	0.16573361639833592	0.2135103545003888	0.02500072304396571	0.09541622131246619	0.27226617235295825	0.18574502369340923	0.013767347682326125
0.033557667362386245	0.07268185020700009	0.1834499494736827	0.04200787735108326	0.12656866076535153	0.3822311696657208	0.13674984186623057	0.02275298330854457
0.038242161402061645	0.10977045039785184	0.1315457727527708	0.04324199747013843	0.1545572052933275	0.3787466883294769	0.13154110438896702	0.012354619965405711
0.01956594250040261	0.0662958996820662	0.18466137330191412	0.040801547842489475	0.09926796241561123	0.37863947795113717	0.20022439437116196	0.010543401935217023
0.0220274767369798	0.06718325181250642	0.2605219103958634	0.05510962682979441	0.1289006489759295	0.28295651780052855	0.16248907557298578	0.02081149187541191
0.04026782456956701	0.012550821470496007	0.2726379041583993	0.03188653913346169	0.15577797543823296	0.3274484161311304	0.1420438703061373	0.01738664879257519
0.027155658766228247	0.042137152449398974	0.2443453413046296	0.03843068800713255	0.10563152604312771	0.3217981493089619	0.20403082045135695	0.01647066366916386
0.03395575057807107	0.14224315326411427	0.20411405854012665	0.029136682365631397	0.16041354153002235	0.2580973317826773	0.15971763782605802	0.012321844113298758
0.027251712676975876	0.08742802414118667	0.28432072643165934	0.041228126859705116	0.11656848531014309	0.29986905520639595	0.131040037521529	0.012293831852404707
0.024781575078270446	0.014926000740439066	0.29785854652269367	0.02341809277744525	0.16459222222907752	0.24558362680431362	0.21751158603938714	0.011328349808373106
0.023381095366453636	0.12080947859803759	0.22418860754948625	0.026642420346650597	0.13932980570128123	0.2780039100546718	0.17810698128227961	0.009537701101139148
0.022390271092344552	0.23501028195751122	0.2129563543449125	0.04146871453320927	0.10699895974143972	0.2461506724579382	0.12479387904561107	0.01023086682703328
0.02826351990631555	0.20287446547034366	0.18413956727427616	0.03205849778149855	0.14330729753962082	0.24712511297654594	0.13931952296948485	0.022912016081914302
0.04087137057613549	0.2456162658803382	0.14075938499150148	0.043680748321852536	0.11048696450319094	0.27275005115319373	0.12779227306820756	0.018042941505579918
0.02441615642923098	0.09738449817500341	0.2501703113599267	0.03345259257070461	0.10891902836488618	0.28348210791493395	0.19213074903139404	0.010044556153919956
0.03924274480949841	0.08954674103788396	0.19703489569859278	0.05242728689499809	0.1501857467793568	0.2836529781327504	0.17089633295896112	0.017013273687958186
0.03351658967285094	0.11296193563923601	0.14913474989477501	0.030443310551372074	0.14048873219747668	0.36689050387713484	0.14629054729499824	0.02027363087215593
0.02858378859242877	0.1166571793517294	0.1529272529236668	0.051132227400296604	0.10392918386173446	0.3893995032172908	0.14180605042199682	0.015564814230856205
0.03078612921510332	0.10753291065461495	0.20736427462484014	0.04849571845990623	0.13790289959575713	0.3155202423756482	0.1354195109380615	0.01697831413606833
0.021642950544581388	0.17516721141309083	0.19189447418214428	0.02537013963478632	0.12041766093721898	0.29483921228704435	0.16040449323005246	0.010263857771081242
0.01932016536299995	0.08977877586619532	0.255318776089028	0.041331881477397636	0.14800801830588123	0.24372752235193446	0.19283190962633118	0.00968295092023208
0.023656165135518548	0.022890106906837973	0.2919363248960867	0.05304501602778185	0.15601668247231334	0.28318874726169074	0.14708667076800497	0.022180286531765736
0.02652754515140486	0.09565151016842587	0.27827011782832123	0.025511193151226894	0.0935495569638057	0.3241903143586655	0.14086175117035143	0.015438011207798238
0.038315972164625706	0.05857472383883375	0.18028053387803034	0.03470400628589154	0.12202645205412543	0.34938219245549135	0.19759896692641804	0.01911715239658368
0.04127037422539864	0.11073347937825091	0.24473160081595166	0.04601618196580616	0.10892050030848868	0.3100507760576803	0.12642460885141155	0.01185247839701195
0.021832951566345973	0.2286602706886478	0.14782776825001134	0.023639270536061657	0.13180618638648728	0.2776867425486713	0.15259592352081638	0.015950886502958075
0.039667813857796067	0.1404726304215359	0.1860405537641716	0.05294114898263176	0.11291566308499305	0.2550639651531713	0.1974793422537356	0.015418882481964463
0.019925692789052984	0.10274132836766883	0.22580678519021724	0.04282554201566134	0.1064986185470391	0.264653465739662	0.21215140892719814	0.02539715842350021
0.03064443127559939	0.07039790924275696	0.18413955744981012	0.041747364184030966	0.14868947638880292	0.31677824872052185	0.1879958488001943	0.019607163938283323
0.039151214729257186	0.08344536058919477	0.2913870839756685	0.026292148197265303	0.10383497955991272	0.274643547875154	0.16561948079660016	0.015626184276947203
0.029656929753262257	0.06971337846579564	0.1711123618162217	0.05356530649735526	0.13503836066020805	0.33352107249370766	0.18576520266685642	0.02162738764659282
0.04249426012547511	0.22633586220902518	0.13504480436131644	0.024215131459171327	0.11869714386573885	0.23849659895865052	0.20532604915677077	0.009390149863851616
0.04175959071896013	0.14130772944856948	0.13311298798002408	0.035163083940494125	0.13271047720032658	0.3122238397820872	0.18626049133480643	0.017461799594731806
0.04163480239263351	0.08090784556643907	0.15792262842003832	0.054174867816599345	0.10759010767036725	0.34013611485219153	0.20338297239224717	0.014250660889483652
0.020147211867296774	0.038648234426643044	0.24353056860355832	0.04568154762144336	0.1594820249664753	0.26324692957229945	0.21317443259945293	0.016089050342830646
0.038191549797430946	0.03666662005715533	0.25169401908943667	0.03346033752276416	0.1544423351969078	0.30299271414004914	0.16847569426967285	0.014076729926582876
0.04057833822943668	0.10032886449189368	0.262152827504625	0.04461730548746207	0.10922278468910067	0.2316992954757729	0.19883080398100286	0.012569780140705963
0.04229494404709533	0.02194037169759447	0.26643077203324217	0.03475413744512673	0.10018101455937677	0.3823492333074682	0.1400038850275364	0.012045641882559799
0.033187028327325285	0.08240465226973986	0.17478622683100192	0.04646781056946592	0.10664674291801901	0.3273934563734077	0.2076736628117629	0.02144041989927714
0.03503224092847791	0.09896872314326202	0.14866118276334525	0.0375273985921214	0.15949648556488377	0.28782958957690796	0.20815340507553595	0.024330974355465565
0.02962765022042907	0.11510817739033011	0.2756912362065692	0.04626217391472351	0.1027500206428201	0.2369968056088527	0.17169536017472722	0.021868575841547874
0.042197604861888074	0.0518101706104758	0.18880935068680932	0.023555063311861968	0.09469384828751395	0.3790493394625668	0.20587524030075346	0.014009382478130508
0.03065274981910371	0.17869020668727117	0.18250980876356437	0.05447607904017815	0.09343211496153954	0.24998140410989	0.1933016939137152	0.01695594270473763
0.024384762810908622	0.05363749047234362	0.29536859025804735	0.031150716392999434	0.12370113452497486	0.260317477223697	0.19066609236684012	0.020773735950188763
0.029448517220032888	0.14168089049211213	0.20992853193096522	0.03360286673539918	0.09521932105180124	0.33456398975696783	0.14661840733118486	0.008937475481536478
0.02580040591865644	0.11900018307339653	0.2914951007575721	0.043119137576050334	0.09453071046483952	0.2713429698405583	0.13877063782558313	0.015940854543343375
0.01996344089197888	0.12599229213329285	0.27062604568285903	0.05277835449171013	0.13144215819645977	0.25424918474303576	0.13033508889836581	0.01461343496229757
0.03689085698699959	0.1339110843988017	0.15863175569976048	0.037600439387382584	0.14531260601339538	0.3217954655483124	0.14426335561480075	0.021594436350546878
0.026372287842436684	0.17553260765102777	0.18260603737763348	0.039751141525115746	0.09370111659342625	0.33532202982395654	0.1332489779392858	0.013465801247117479
0.02741832701652766	0.2662021594525783	0.14384121847949488	0.028847546223574966	0.15849899796134156	0.23236424907423758	0.1295651259600463	0.013262375832198608
0.030097055411747717	0.05493557239615067	0.2151215883310849	0.05134025858468336	0.11462869938451256	0.3748776805126004	0.14681058456567553	0.012188560813544663
0.025653211178802496	0.062463215872562164	0.2326763060713969	0.04614408824427148	0.10456398242133172	0.3790889429073888	0.13955833126127917	0.009851922042967101
0.04198220039351311	0.041305363051041474	0.2409309231650562	0.02713756294832892	0.10005835989313522	0.3765719248885394	0.14706817345543527	0.024945492204950237
0.02206941941143528	0.039301226194299585	0.3073659337550404	0.025495458051966194	0.12154875161158861	0.2651849623081305	0.1985050161740452	0.020529232493494087
0.03248800618252859	0.10798935195297749	0.1779568563605336	0.04301916177526234	0.09940580458329253	0.3021903377676631	0.2116689435119533	0.02528153786578892
0.03274116854099113	0.0464799143200053	0.175407578078959	0.025555846430771897	0.15523394116327957	0.3561658242591013	0.1994631084460931	0.00895261876079853
0.039065032764619215	0.05502522781563174	0.21229424488240933	0.0318438408892613	0.12283576592998191	0.3796862039339386	0.1445037295768051	0.014745954207352557
0.028978971073486973	0.19001698916175913	0.15959594173779906	0.0468912068471309	0.15567292736967936	0.25448608738503625	0.14487053133728633	0.01948734508782178
0.029622369513104485	0.24111704117273344	0.13156978021455495	0.031143241317881487	0.11807566646335058	0.2602185046983375	0.17877518612724347	0.009478210492793876
0.03866649049741651	0.13365152027301805	0.18272494326652794	0.03317624553797896	0.13716754305943468	0.2882337615019309	0.16188619205725507	0.024493303806437716
0.02789424773910129	0.06162116847624827	0.26973933767622993	0.023718958595202788	0.1132824580066864	0.28572864893051975	0.19851103857554298	0.019504142000468364
0.026236168916924124	0.010043123803309309	0.2791692646688656	0.027391361869024855	0.1549189274543496	0.2645417592005542	0.21437338194270059	0.023326012144271505
0.04313487278526153	0.055257487189161236	0.30534442213249446	0.023401414970475404	0.13816722963887618	0.26835464122126695	0.14281967653190158	0.023520255530562445
0.03265057472656349	0.13786516540584723	0.21613463288416862	0.02442089064552347	0.11662770660424547	0.23746937245067712	0.21544333030790366	0.0193883269750708
0.024512567989546	0.1554978772247877	0.15047491482717013	0.04083720594021137	0.11851192279802242	0.3421152618262322	0.15471627655899362	0.013333972835036345
0.02137423975947339	0.043589069894722096	0.20617316579426642	0.047389282310283276	0.10449041310740478	0.3636837339737087	0.19600464012154395	0.017295455038597224
0.027954898963102992	0.0936178613400176	0.18710476168777712	0.0491635201159326	0.13540358770742367	0.33228685726877133	0.1631729403907089	0.011295572526265618
0.041846102905167215	0.0994733759311876	0.2017086716200588	0.031096622692103643	0.16592022321734684	0.27630517573685887	0.16272637115724006	0.020923456740036803
0.03474074162393899	0.06140819962243903	0.2943977807539485	0.04639144543419915	0.10848330895755719	0.26840576283706985	0.17717595552571402	0.008996805245133091
0.022980564655819172	0.058003438134777305	0.19565113325815292	0.04923245966150275	0.15126497262129354	0.2869354851081652	0.21699595858718934	0.018935987973099658
0.040811133214741696	0.03858784583079038	0.30720740917386796	0.02319258086630578	0.14178300536839863	0.2633008158006674	0.1606447556019641	0.024472454143263822
0.02147576825391599	0.08086512808713799	0.16937365166141222	0.05351745020646277	0.15945516168384077	0.3329294666766477	0.16490317967616203	0.01748019375442035
0.018744400767063296	0.1230289271770136	0.24457064739196321	0.03557208116346566	0.13281190141557195	0.23596926670119098	0.18909323239658218	0.02020954298714897
0.028488377338451693	0.02806098194527977	0.2275056099762845	0.05257801623642204	0.12316415917193028	0.34444821511727663	0.17794808703105947	0.017806553183295437
0.03152664749034659	0.08233896290045252	0.23227509521505302	0.053525925790599505	0.09780765016216153	0.2810633047638591	0.20708559549375385	0.014376818183773649
0.034117077127437806	0.03960434241450507	0.215506181999575	0.047564585361966547	0.10350646895113255	0.33182433800601707	0.20861216209967953	0.01926484403968623
0.04079961542868535	0.03498288729479919	0.2736460763206052	0.04922913803711597	0.10673928376309857	0.2626068319802354	0.21307810316877274	0.01891806400668726
0.042024591965461155	0.08780807838800742	0.3071673972730287	0.028536000478551274	0.12960382346700586	0.23348885853830736	0.16240835938445913	0.008962890505178844
0.03465761084358322	0.11152975586177653	0.2200220174613079	0.041415363858381085	0.10052228364891476	0.28883859420404073	0.18392975160762656	0.019084622514369043
0.023089553314076777	0.06401015579127542	0.16733976279039564	0.03401714295075561	0.11032433056602585	0.3717368590410859	0.2047358875515921	0.02474630799479252
0.03436141022273412	0.07679875966752285	0.30206813802657895	0.03602927019334533	0.10335098444905114	0.28840116074355326	0.13866681542360368	0.02032346127361051
0.021201001368352346	0.1309590633079262	0.18147547510557638	0.02621787177490119	0.11165165547547237	0.3276661011023808	0.18943895438587796	0.011389877479512561
0.021501742906574667	0.08141178336452638	0.29079973660624914	0.0331599808445181	0.10097585958244648	0.24621959045603603	0.21333794118211108	0.012593365057537997
0.019098930404134434	0.012740254555999184	0.2433837194434194	0.045721259786389815	0.1516534636205009	0.3246237611319659	0.1833683489403303	0.019410262117259908
0.026935856007345493	0.14391257774226088	0.1777135067644976	0.03633345086485827	0.11492406500904823	0.32031109400218405	0.16453432694816703	0.015335122661638265
0.030753051195144154	0.1454812933652524	0.15240053159280859	0.036168112076820816	0.16600310772112337	0.3169304423927556	0.13721115058665245	0.015052311069442381
0.041279658084285825	0.09965290537297418	0.14588657148218176	0.0254672010549563	0.14903955752368073	0.348962429963562	0.17227299213804462	0.017438684380314373
0.026529600888750893	0.04231243644169756	0.1879686313400742	0.04747599736867776	0.16770299117736745	0.38001295342399954	0.13273168362221352	0.015265705737218888
0.03970054804004548	0.08151789173096242	0.2713710977185943	0.051578922129038404	0.11257779414928965	0.23191575920440888	0.1914016856033275	0.01993630142433317
0.032957179745129905	0.1100950045885205	0.2216889039374096	0.04196963538318117	0.13500135241168243	0.313120073447735	0.12856014888120465	0.016607701605136554
0.036884107787738304	0.1925234310205374	0.1763206288656529	0.04760381867010023	0.11151540950035885	0.24878478229077217	0.16235805083874288	0.024009771026097082
0.032596181639353544	0.23842920603301476	0.13892945273956006	0.026028194768765806	0.10903160075190282	0.31520192661254526	0.125688936028552	0.014094501426305611
0.03792230037363645	0.15516544584397046	0.22441950308705239	0.039349229834092156	0.12710903802791954	0.244656324964793	0.15365173478893315	0.017726423079602677
0.025625148938906883	0.08439146325129263	0.2557893271783247	0.04221665147332081	0.157577831857186	0.25003992758152405	0.16986037048876393	0.014499279230680867
0.024485196201883108	0.0774328295751213	0.19653466951247917	0.04361222663369334	0.1647261101860451	0.3277813866881373	0.14211224647939244	0.023315334723248052
0.0185454998614783	0.04600426951544136	0.2652108049205084	0.02538290854873576	0.15167924050191994	0.31571240789655286	0.1607527610198861	0.0167121077354771
0.02248196487327192	0.1113881788553626	0.12905626970057818	0.034528512591985056	0.13645505329035867	0.34347937556852715	0.19860565270892222	0.02400499241099402
0.04214459874910588	0.10818254161300161	0.26134504452533436	0.04176737881214787	0.10259163234004541	0.2710179911600976	0.15391268577871278	0.019038127021554274
0.04225159426538451	0.06783046545240021	0.1431007089745834	0.05371710981905636	0.1305529968857456	0.342644594875141	0.20226271437533827	0.017639815352350485
0.02064052975543844	0.19567159939671808	0.19445616415857858	0.0313008683564273	0.11470879006095286	0.2286912997870909	0.20518568334907064	0.009345065135722946
0.02169473422825341	0.15132095852399582	0.2541723467765078	0.03157880667372051	0.12323087480656177	0.2297064856683127	0.17448540953811045	0.013810383784537417
0.030629322089629915	0.058737044262984775	0.22677801892583033	0.044939055234275854	0.13667503695931943	0.2685574475506921	0.21088400787010625	0.022800067107161093
0.034393242365703736	0.17374914022206703	0.22589247553344943	0.02923222323421379	0.1530419640972131	0.23153719107202475	0.13034896505667753	0.021804798418650448
0.019998559093271084	0.058041426579391694	0.1740800471719849	0.03169093719794565	0.13845419893963376	0.35097168226378017	0.21432683053434207	0.012436318219650536
0.029442609652527596	0.1966691508473315	0.16657960857143628	0.027989166851723965	0.12024667501965534	0.24823954678868498	0.18949568347513862	0.02133755879350152
0.021648517711863796	0.2646639981739427	0.18071740136702272	0.022995633707896215	0.11666715974130429	0.22995951089124816	0.14469935214059287	0.018648426266129073
0.036184673431403885	0.13303522442677274	0.13029981681728225	0.029193797689767043	0.1354886925775537	0.35821830440608815	0.1572071561550371	0.020372334496094907
0.021413853494334834	0.020605613360557287	0.22425572840095628	0.039234002189955264	0.11900445657502004	0.3888672075562549	0.1726673674723837	0.013951770950537484
0.029124821349260754	0.10600768092040952	0.16262140780676373	0.05251571800153684	0.12479172553384985	0.3140819227711401	0.19002709515180433	0.02082962846523463
0.039426692507916666	0.11354687471994945	0.21641787108815452	0.03698716683023402	0.12608945937975558	0.28053336509319776	0.17431987775550578	0.012678692625286023
0.02799088779386638	0.04443234404612782	0.28840410266846667	0.03385151529008387	0.11601957379216593	0.344355728747303	0.13537071655455357	0.009575131107432577
0.04074227046350637	0.06345615551030044	0.28215217893186895	0.046953468431464626	0.1384528341211591	0.2517227877046566	0.16066583235777873	0.01585447247926494
0.0222690127165098	0.04646248589465765	0.23664691093192636	0.053578034314044565	0.1662302580036243	0.3190512451955747	0.13360201102017877	0.022160041923483614
0.042172095758867864	0.10646631177162608	0.2577247313767827	0.040387477515771875	0.13382536426863356	0.23828416875335146	0.1645777961776998	0.016562054377266447
0.023745772482303015	0.030753183096711906	0.2555348471538632	0.05151055985626515	0.14561711992007886	0.26895829020381734	0.21260836434106511	0.011271862945895189
0.037646910690769586	0.11701767333996227	0.18409263233798734	0.02926016884408765	0.16272357171392068	0.23322397799361755	0.21529253480085825	0.020742530278796467
0.03286978843361957	0.09848166812600387	0.26184235166867775	0.048775503043825844	0.15710215119973603	0.2425338008030265	0.14351073737834655	0.014883999346763682
0.020577495255610603	0.18083724359505915	0.13621200532198469	0.04666326474893803	0.13189817153645148	0.2729030604829885	0.19919321804819262	0.011715541010774821
0.02218277382507125	0.25552681385236353	0.16875784856159387	0.04629979381839672	0.11692275615363691	0.24651199902399482	0.12405828345494893	0.019739731309993735
0.03290270049010388	0.28161885380064977	0.16229573357148483	0.04371722444797532	0.10311841905827447	0.2320213180352595	0.12777925031819462	0.016546500278057333
0.03411440035656435	0.07646890677363623	0.2609152213150404	0.027418607418893792	0.10691792942624245	0.3294920683815244	0.1419243799467477	0.022748486381350463
0.021788124627841382	0.2263278572278608	0.14363948659189976	0.03734971077802607	0.14197165542894608	0.27803409480413366	0.13171557967045489	0.01917349087083721
0.018967463394149675	0.15087110044646776	0.18551031367046955	0.035784964790871815	0.13859351842792125	0.31505559132941074	0.14439912672905722	0.010817921211651815
0.030420212879475633	0.14504095784337717	0.1533587214051763	0.03077064756834766	0.12309005783964436	0.3096372574347396	0.1905494202768313	0.01713272475240782
0.028172127660958474	0.17201437653992113	0.13244194343458585	0.032739867808472545	0.16251016584528985	0.3222201396454371	0.13590893276396704	0.013992446301367811
0.021774031842926297	0.17362332923171606	0.21142135043237587	0.03264434754409759	0.11621341646698913	0.23799101012484802	0.1912462294407648	0.01508628491628207
0.02762783487894452	0.07076937507154707	0.22010216593179469	0.033190207494934454	0.15715534638498646	0.3353786301843785	0.14149982450438967	0.014276615549024443
0.030221027493359198	0.034234364627799274	0.2741932977757494	0.041780871271169695	0.14742562176275503	0.2777224096517232	0.17581382911967172	0.018608578297772252
0.027110596062140127	0.13667052653919873	0.22312639508647603	0.04303229389094117	0.1340506037083936	0.2958499755688312	0.1259623847212668	0.014197224422752147
