0.12070802912440758	0.162413555288608	0.264429531676967	0.10081387821000251	0.05099468852810146	0.06805786813814875	0.13940553885703194	0.09317691017673257
0.17033258575249713	0.0827760975373391	0.20334277667934364	0.08894387223410838	0.0497392823982008	0.07120352888790618	0.2414748931766304	0.09218696333397411
0.1087766911115292	0.060238541032913095	0.2925803256142385	0.12588251496045866	0.04316386473343453	0.07540746733361553	0.1732834333655629	0.1206671618482474
0.10741714281722842	0.07207437995300259	0.3097756850762903	0.09417409515960307	0.039690528302891326	0.06648613159930163	0.19596342133433672	0.11441861575734569
0.2143495000600648	0.20859691962505084	0.14134592522382983	0.10349086771648972	0.023361834825143715	0.07218259260025817	0.14572165715543234	0.09095070279373034
0.10398563104710436	0.18255511010584244	0.181747717016218	0.10098712593868733	0.03611033730661539	0.07641485597952091	0.1955671700463913	0.12263205255962005
0.08933145485741259	0.07888313655723962	0.24199188950279862	0.11110716913970234	0.030699692939781253	0.08680341656004653	0.20702727859495987	0.15415596184805896
0.20018844663925778	0.11194406936864211	0.15229284478910673	0.1124920048342852	0.0491275482988653	0.08222840788761553	0.17422367718428705	0.11750300099794009
0.24263703299612932	0.07350884369004781	0.1755967340643756	0.1156006335405247	0.03016280434473166	0.09286646946241192	0.15554830555308424	0.1140791763486945
0.11318678470115892	0.2630702127152984	0.12716388668887213	0.09835503320808958	0.04443275381145881	0.09181700225670512	0.1408541435526777	0.1211201830657391
0.19349152543226528	0.20755453875142438	0.09621581192229556	0.08678062235566784	0.04721383880473563	0.08457657041752886	0.1618619039183723	0.12230518839770997
0.18710797665539597	0.17542969630110233	0.07667055451091942	0.08619342854563838	0.031373749534967604	0.07955967370300923	0.22871653178172102	0.13494838896724579
0.22402225224202502	0.124184452087994	0.08519808393128664	0.13027418106543706	0.049763392203398524	0.08329560256183002	0.16276504365920386	0.1404969922488246
0.17602861701216077	0.20755879891626888	0.09663088191078113	0.10901405024131641	0.026884436604564813	0.07793716878518991	0.1899824526267863	0.11596359390293154
0.17415336499629558	0.19960343414962378	0.07803391056075597	0.1229586803343262	0.03252153169690612	0.09300187810917251	0.15125926383979232	0.14846793631312724
0.1338704983138505	0.28109260582732964	0.06501566452183587	0.09060184094824464	0.03997759640099258	0.06934742132565287	0.15590781680655408	0.1641865558555396
0.19840775801563992	0.04977285455324487	0.21408722808098396	0.09703084236498384	0.034147730723926545	0.08887361887569317	0.20584249771729968	0.11183746966822775
0.17551214235757556	0.12612842785772255	0.0904748448623953	0.14932396760805866	0.03596758590905126	0.09633735887092065	0.16333562298718635	0.16292004954708944
0.17082857167208548	0.27198812248847604	0.05700791536051382	0.08861985475171244	0.04186221589028227	0.07680299932394859	0.13949585279901916	0.15339446771396198
0.20647536512046805	0.16562195176642736	0.08457977055477608	0.10121644710515924	0.02945830864778551	0.06608878574227484	0.21773886610914456	0.12882050495396413
0.08968912056883747	0.11909674736457623	0.26275069627730907	0.14002102791159465	0.03350356713813259	0.0629508380725933	0.17939710377707108	0.11259089888988538
0.16246538407090952	0.1622104410564355	0.1729474641279543	0.13570238755567648	0.025173016404074072	0.08291018958654517	0.1659079050047637	0.09268321219364099
0.1527428243510403	0.19854847712696838	0.13571224764541676	0.12839445898906304	0.03565401711755663	0.07001558494068179	0.19046278031015929	0.08846960951911356
0.12913663124625588	0.10815064812387522	0.1239706204074094	0.14776347660398226	0.02434577047808742	0.09309284866006269	0.25970821011519674	0.11383179436513022
0.1776098095834613	0.1561089481841787	0.07331520162493982	0.1424930678291248	0.04664655344466094	0.07761325027071365	0.18818839320464326	0.1380247758582773
0.19185575998991874	0.05896278269037539	0.2495405423782548	0.14433494532709942	0.03403699723639922	0.07744601781409277	0.13953013982980603	0.1042928147340534
0.17185174239780682	0.20675173753968118	0.08453525076969695	0.1237246882352483	0.040367142429084873	0.08114383705137622	0.17140250442274182	0.12022309715436359
0.0934993099543977	0.278490223509061	0.06160107263037891	0.13425304166770055	0.028895901412749267	0.06459555607608498	0.2002718022645099	0.13839309248511744
0.1775675919065776	0.29518163877630443	0.03579472432010919	0.14908498509157367	0.02452766813419341	0.05937719887013174	0.1459701187221692	0.11249607417894056
0.19578094113760797	0.22885525138015278	0.04048422175803598	0.087014309024419	0.044613149559162596	0.0692991118490758	0.2094343776515658	0.12451863763997979
0.14096067495097964	0.1765194652654924	0.10037403232449948	0.13789361489419696	0.030066848699476192	0.07696420957164424	0.2243427147159201	0.11287843957779077
0.14247078421781878	0.17014022018139927	0.1903584061765524	0.13252383554130143	0.026244420591387693	0.06751558560257313	0.18077753272741826	0.08996921496154883
0.1253382378384493	0.23799017606703832	0.06371321330485323	0.14884728077148643	0.03720214282765402	0.07119042265490412	0.17133748272263913	0.14438104381297523
0.12967481534400246	0.05266147806494895	0.27213438754452285	0.130913507866324	0.030889212269504362	0.0629876925599177	0.15547007425005308	0.16526883210072638
0.16211722646985616	0.17936350312919144	0.16200827423894607	0.08854037823707189	0.03707032242682409	0.05631385188905261	0.16363761869345203	0.15094882491560546
0.13504060604040413	0.10829253578289605	0.3000781043786076	0.09000877368033494	0.029334428453310676	0.06632364765118169	0.17169033887271382	0.09923156514055088
0.21481926920314282	0.06871517076642068	0.14813917506560792	0.08836878530294337	0.04325303734136755	0.09579484289834164	0.22019043114958162	0.12071928827259415
0.16353041351389458	0.24631653174597717	0.05690890193932978	0.1467628136825708	0.03112465218317091	0.058414940497464	0.206193115810691	0.09074863062690147
0.0883688871577695	0.15912225249470582	0.18527960094185075	0.14199205058548306	0.04613988205910932	0.08302690910792732	0.14309527189437166	0.1529751457587824
0.12732441852446336	0.09250206323596301	0.1613639089814159	0.1136977269111485	0.041791406172578385	0.07210726093441265	0.23842927583602108	0.1527839394039969
0.09163599180739601	0.15902870281903145	0.21471808150604604	0.14007735599570456	0.02417602241535778	0.07674665833566494	0.17448017003646288	0.11913701708433612
0.13809336344225576	0.18031503264967313	0.0745872928191054	0.09358686174984926	0.028033282902262396	0.06594697630497637	0.2566765544227313	0.16276063570914623
0.16589327418241787	0.11774744218977846	0.10787341014830634	0.1351016980087157	0.02815327498003553	0.08657456966997445	0.2614619955536208	0.09719433526715057
0.23180365263386693	0.08432399957436526	0.1395688508585342	0.10759075070320254	0.04744473732352983	0.05954638641079084	0.20305329507501824	0.1266683274206919
0.12121388509150041	0.05920589825852825	0.23980412506912535	0.1486336938476824	0.025949350295287638	0.07036143881184914	0.20892630846931748	0.12590530015670914
0.1320288766855892	0.1630018194743303	0.09676925008416977	0.1243763922200732	0.026252406600867334	0.07397772883379476	0.2400474276184392	0.14354609848273597
0.13285113152661396	0.177334924481172	0.16277054999774768	0.11359582182741183	0.04127701632983653	0.08703959577222589	0.18847778354023587	0.09665317652475601
0.0882113907284532	0.18089054318084002	0.15858008097543286	0.09286714626842921	0.035715152827398386	0.0873226197247581	0.2525106516294355	0.10390241466525255
0.15101567814600564	0.05806328168769946	0.20743265533738647	0.15087353239624435	0.02460715970044859	0.05887836915066383	0.23356974734163077	0.11555957623992064
0.24532306821469835	0.11742841550773561	0.10533430691774129	0.14261725346241771	0.03295113876223374	0.05671869117298428	0.20783075778096904	0.09179636818121967
0.13629819157232326	0.09362066607884845	0.16188699395117687	0.12213353186492458	0.03198475324694304	0.08240221096322695	0.20919332562771073	0.16248032669484594
0.17071443500069855	0.06673635947844372	0.20630544631553585	0.14597642629380492	0.031370149885140294	0.0868844540905799	0.14812735207803374	0.14388537685776276
0.16357222034307314	0.12551479380162023	0.2341979711803514	0.09933424254098479	0.04725894860198991	0.05954729177980035	0.17920956229017102	0.09136496946200891
0.14379012024360438	0.2037856488769228	0.08192899171526333	0.11611539426846446	0.04025438513471301	0.08758065086541333	0.2126766313787442	0.11386817751687421
0.10667775307123945	0.1548792582517634	0.17306763993040458	0.10174590666205138	0.04539492162505085	0.08636693705503182	0.2305768897492975	0.1012906936551608
0.10369144413306364	0.09769433828250773	0.17227880327079756	0.1388441907653693	0.03270526445150934	0.06378411944109391	0.23400593702454045	0.15699590263111785
0.15723951511073292	0.110882369890944	0.2226619408645888	0.12678052918760685	0.030448623108227185	0.0727987163041935	0.14528595972292901	0.1339023458107775
0.15697877476427502	0.2820231749291807	0.06376803350186079	0.09655877838815984	0.04009536443372655	0.05645910489967246	0.1545399378968436	0.14957683118628085
0.17344154289897667	0.09438471698423725	0.24199017205612144	0.10724373512246879	0.039511212952402744	0.06633682353799217	0.1773885091862036	0.09970328726159708
0.16290697802877988	0.16079482475457918	0.06401289024652666	0.1357102053708062	0.03591445234093041	0.08091830518347069	0.2025234441381932	0.15721889993671354
0.11506191523461623	0.27143622095429754	0.11840621661909963	0.10244360952134787	0.039307239929186874	0.05844782409196762	0.15481737397132742	0.14007959967815653
0.200842721917427	0.16614282518707174	0.092736611832587	0.11970646236625164	0.033656598459355036	0.06712002517727271	0.19612170277975322	0.12367305228028141
0.17054269401388472	0.1892612083724919	0.04913764616186922	0.11733141961759849	0.0248083826310683	0.05632661549650379	0.22931923433050527	0.16327279937607803
0.13943336883632934	0.18955046094671263	0.12278830142108155	0.1284120522293078	0.0414990450333456	0.08247727676746953	0.1939546297504426	0.10188486501531076
0.16118572951931748	0.22954923869002727	0.04613599995224889	0.1442912810495551	0.03107477245264051	0.07122894159845329	0.18105565293579512	0.1354783838019621
0.111940299197548	0.15555570252077008	0.19212123286359806	0.132017311282581	0.03241178436782485	0.08979131327649477	0.19807011522957427	0.0880922412616087
0.11680548461058027	0.3013152738495799	0.03770007980125445	0.12336202933251192	0.02389277357974119	0.07215152991064983	0.1874127862294455	0.1373600426862367
0.177195139275233	0.1407492555268984	0.13770636383626528	0.09813955814640013	0.04082692631526329	0.09121075194498549	0.17346063030862743	0.14071137464632674
0.10572500139725223	0.2836577742558336	0.08267320673489055	0.0919740412187222	0.023863808011377663	0.05666571181651209	0.1921354000043494	0.16330505656106203
0.1261821868409289	0.24500802543580563	0.11133863977765084	0.148756266570139	0.03734005021988113	0.09593367886761264	0.1412688414698437	0.09417231081813797
0.22695715705024166	0.2087167628089272	0.13901147719496487	0.08919611574462563	0.025410877677111143	0.07923674480931424	0.13974758712846583	0.09172327758634916
0.09749660889527803	0.16436484892216202	0.14490537984017704	0.11846601743784188	0.040388631478581224	0.061471286381490436	0.22393254658789283	0.1489746804565763
0.19312104769812236	0.13769120850967476	0.097013166367966	0.10630617668381083	0.037766970502638095	0.07126736445000798	0.21790078022143972	0.13893328556634005
0.21480283299022385	0.15469955311017272	0.1121267288785359	0.10998272675229827	0.023416689602101373	0.06623459679095489	0.18284515824455524	0.13589171363115748
0.130961011814151	0.10607187237127923	0.2300368337757159	0.11552396291891304	0.036793919299534544	0.08574338127317785	0.1564809442345714	0.13838807431265682
0.13346583993449565	0.12602779540422596	0.2795859605323201	0.08550977255370863	0.04305967359103448	0.07826021009134558	0.16286194106286467	0.09122880683000469
0.23291107800407046	0.20352032666788178	0.058666870222244163	0.1411756753873059	0.02902881174156642	0.07318684154380378	0.15910021241055378	0.10241018402257349
0.15589273474310514	0.06436400385312877	0.1892438347872845	0.12446731217721621	0.03372672261662135	0.08592650022285149	0.23708616409344827	0.1092927275063441
0.15561820467320245	0.07063492855352023	0.18906101407054687	0.09089400188659374	0.04974686675944423	0.05751837668263206	0.22733389793984543	0.15919270943421476
0.13272258522319735	0.16057555538624044	0.12044236464896203	0.12307663422169894	0.043865941808599096	0.05696539846631632	0.2067672745924256	0.15558424565256002
0.1635767507914288	0.18686928452809798	0.08144917026941306	0.0998794429902566	0.05099709467621155	0.0774413835995082	0.24987026313601407	0.08991661000906948
0.09097381891515294	0.19827681825087407	0.08289218768160696	0.1318726548141976	0.0273318127474958	0.08235503449611797	0.25556690693682654	0.13073076615772788
0.2184724818115664	0.05898343486631906	0.15546719281912622	0.08697508821955181	0.04607116463272856	0.0609621586822483	0.24610747291468016	0.12696100605377927
0.23314985654892165	0.14826541841962806	0.0477194574679031	0.11663688465836727	0.04957598053452254	0.07700922407582683	0.2251672128994585	0.10247596539537177
0.20120468273768577	0.1463987006225914	0.039038853374333216	0.138563024581205	0.04757266840829606	0.06468830056077894	0.2076639971991806	0.15486977251592882
0.24186934257010326	0.15165817876235227	0.12500096146672407	0.11383479355735754	0.03430575024336324	0.07042727994849432	0.1738862707443229	0.08901742270728213
0.128717693180899	0.23054834614332145	0.08950481784808943	0.13651910670630565	0.03863942030283543	0.09621403645078778	0.14957239617693385	0.13028418319082716
0.19503219362362567	0.05087913796445215	0.21317694449078842	0.13851466040131027	0.0411998133811472	0.08654900450182451	0.16437274000023772	0.11027550563661381
0.15027384244676123	0.10901322877051073	0.20241419814589318	0.15101052914495822	0.030576007119623105	0.0584028272687392	0.1884155567945533	0.10989381030896081
0.2225113766047305	0.1549493255625733	0.059419230162800304	0.09721458299874654	0.023539885997772056	0.054906651123903916	0.2617345813196016	0.12572436622987154
0.11684419169229086	0.17199655195186914	0.052637870481202775	0.11785889903567541	0.04247748878324081	0.08481986258163567	0.2575018066562061	0.155863328817879
0.1343586514321041	0.21243686454706723	0.056590776297246306	0.10290136517466476	0.036435837286509676	0.08075838871052324	0.2526228061536516	0.12389531039823284
0.17435648778139085	0.15553546798088538	0.11097674401218136	0.12575892278481302	0.042937949478881396	0.07832071647767558	0.1998338516069101	0.11227985987726205
0.09970222235186399	0.1980449317890448	0.0818502122400584	0.12288075933563446	0.030082456110739758	0.06326997143861521	0.25907035280622803	0.14509909392781517
0.11552966118980408	0.16785213254518255	0.15899088287773505	0.14753966043790895	0.04641271140617283	0.07211690744759292	0.17423545715061411	0.11732258694498933
0.16750175176921156	0.050438766923174005	0.21648845588339116	0.11628582745271795	0.04357088732441543	0.06042413168662655	0.24803210305033835	0.09725807591012475
0.13721713606338382	0.09355081965703102	0.28930525773113513	0.09927410712931727	0.036061320478918385	0.07642811693514472	0.15194379082774437	0.1162194511773251
0.22288580327925758	0.15909059952824334	0.07181518090105352	0.13579318902096849	0.042740107728482093	0.08702631298122734	0.17953665531587282	0.10111215124489459
0.1353383205708197	0.12788476763762957	0.25962656254158734	0.08634753541749023	0.02570276742449719	0.07012350679655828	0.15011518705450583	0.14486135255691165
0.1267409576934869	0.19987403476897903	0.19384884297354968	0.08929502801869325	0.04210939887629432	0.061836259232191326	0.17279649584050205	0.11349898259630327
0.17559714809526902	0.04982996821992078	0.23156334900544645	0.1477858575333644	0.023435644206985712	0.06333463710567243	0.1605846336229548	0.1478687622103861
0.08953081439295502	0.22250336093964307	0.17617350089915482	0.12130687341274503	0.0511728011143576	0.07956480499399246	0.17103211130026097	0.08871573294689081
0.11412770991990495	0.26130875459751823	0.07047255694238229	0.1296293618101835	0.04862035854469206	0.07544071611966782	0.1833749569249977	0.11702558514065325
0.08793309292114537	0.06293859289941361	0.2504949964496156	0.13806131447591846	0.03330804117833959	0.06233563504042952	0.22241067725589936	0.1425176497792383
0.11433974869197579	0.23477389559552236	0.16910483802621573	0.08838060585827336	0.02577468093955111	0.06575263943932788	0.18660476442155516	0.11526882702757837
0.15248540698506	0.28205156399733133	0.05215544137376464	0.0959436905304296	0.04840056947240755	0.06058820072316766	0.1792852636424362	0.1290898632754027
0.1657806868146589	0.22305162542775708	0.09439391905168386	0.11012152783278323	0.040452048095752466	0.08346583945746221	0.15171768051292545	0.13101667280697654
0.11889236132242563	0.16629166594615186	0.1337222331268987	0.12405993570091964	0.05092486479013085	0.05827087790389175	0.20454071610635244	0.14329734510322886
0.18825300401509698	0.08726949024484032	0.17223797965614673	0.13988645861192522	0.04034523899464913	0.08700095924408109	0.19419472097551255	0.09081214825774768
0.1186514878040963	0.2693271072024287	0.06122817688021015	0.1147183233971753	0.034588035801813494	0.06715742940244088	0.20556424646936178	0.1287651930424732
0.11234276820787631	0.25953321347552455	0.0788091989688721	0.14862289898071054	0.0433460832052011	0.05685289215872702	0.1499822191427768	0.15051072586031136
0.19305657308674978	0.1363159415922026	0.05993029889904959	0.10519950583769856	0.025421444354256487	0.08561649220996138	0.24494675503447214	0.14951298898560927
0.15801549018861094	0.2204964960818408	0.14964724157500078	0.13380049287779308	0.024504007052701837	0.060870399195450065	0.14725209598136357	0.10541377704723867
0.11391375331001626	0.265125064059728	0.061960487560706434	0.11105712589851076	0.03582901670552631	0.06701764019487215	0.25248494998183924	0.0926119622888006
0.10331126020113174	0.2863278407110909	0.07426524362008269	0.10326669148762255	0.03950255534109534	0.07111841194242882	0.17141367246529104	0.15079432423125672
0.11439305102265743	0.2105872409361701	0.13910245243068134	0.15101358799545878	0.03459406580681183	0.08010223948949619	0.18272639742778113	0.08748096489094295
0.09583963448825572	0.12517072794611311	0.2859863734909007	0.1218651903987787	0.027860200738998836	0.08171622132818585	0.14737274948129167	0.11418890212747519
0.23753846440554202	0.0840063818970605	0.1637996322665917	0.09927873194146485	0.03540560135818131	0.05629369027827072	0.1852292303659672	0.1384482674869214
0.11951163665352818	0.09829838946679861	0.25223932136245597	0.11593930552317293	0.04145720140517424	0.05741933474821036	0.22149446981833887	0.0936403410223206
0.1565199367619845	0.24776740498351235	0.054432360406188485	0.13498777462999784	0.042468697160701924	0.08122373680031719	0.18184915199345672	0.1007509372638408
0.2278507733814611	0.0831482831142192	0.07976490731501022	0.11770705526013485	0.03395643449135298	0.08333317352763436	0.21629244806819808	0.1579469248419889
0.19405019721973532	0.1258302962236005	0.09308838988775449	0.09344063024727024	0.04642195502550796	0.0861774669376616	0.21316856935719222	0.14782249510127737
0.10968938468698422	0.1540213372855026	0.2759353699546566	0.10393121870720352	0.02969028392719153	0.05735537707252633	0.14443421102299314	0.1249428173429418
0.23298813212552782	0.11479574320142083	0.05037976724516306	0.14568373340750304	0.04356412502155481	0.0838759075297779	0.21935038360212028	0.10936220786693196
0.11049621789443208	0.27052053032661505	0.03855680681491387	0.10625751391860194	0.04540344312679026	0.08472489771027496	0.21013114660441956	0.13390944360395207
0.11065655486824903	0.22322882661033333	0.11827616040460082	0.15127179034833085	0.045133471022804836	0.08368709108741483	0.16772026396793807	0.10002584169032802
0.11190346940890972	0.04902804452394706	0.19880941372129957	0.113300794188977	0.03233698688315023	0.07047750514648501	0.25900331589710157	0.16514047023012957
0.14425174522628198	0.26045386450086083	0.10859771372430274	0.11222032674103577	0.050611641664364285	0.05790562343819633	0.17899821454285963	0.08696087016209819
0.2296406642116235	0.09252885023762758	0.07596326893582882	0.14590609210775424	0.0484521971497508	0.06711810975245469	0.18604812228488016	0.15434269532008002
0.16765118600972034	0.2331633088855996	0.0697626658567479	0.12411533345472324	0.04292532706050957	0.06998691778640863	0.15714537988671803	0.13524988105957245
0.10511435280894434	0.2482401476430633	0.10738304384644552	0.08780242940485969	0.049346191040093135	0.0655533940019479	0.2036205802743348	0.13293986098031113
0.15285989826783147	0.09969070889362518	0.15895129958315296	0.13117294276210462	0.042607968194719126	0.07282669190451813	0.21650722299596395	0.12538326739808434
0.11119793534901792	0.10486153661897275	0.2378195717492353	0.08725269558876729	0.04275027336996813	0.05586512936328886	0.20082853814005144	0.15942431982069807
0.1950665247950676	0.053636755297979066	0.1259612026877918	0.15020809733673204	0.03544149633903647	0.0635202976341363	0.24317861376345246	0.1329870121458041
0.1741793428766794	0.06287571448105786	0.20494502146540827	0.12340932240901317	0.02557933341153365	0.06913031923458601	0.2348821434334591	0.10499880268826225
0.22301813469883713	0.05666535895341518	0.18220505184191385	0.1294424340660704	0.03770106621477162	0.06709857682039186	0.1393771587503749	0.16449221865422484
0.16909133335938314	0.06799354793926979	0.1426989641717939	0.10201788665667971	0.03198081188544388	0.0922743423285303	0.23607203876748734	0.1578710748914117
0.14781247858797006	0.09740929822437165	0.24299899361751578	0.14400179212382522	0.02370870702848775	0.05989432930355966	0.16091531470849046	0.12325908640577912
0.12442215824709761	0.18877916969048025	0.053972044002539035	0.14763845699355654	0.038591213457945236	0.09037360917380208	0.22824943962222605	0.12797390881235296
0.14009047526714258	0.16983230590322007	0.07945128885500144	0.11021511095523787	0.040276448437305476	0.07117878514540982	0.22763848116114144	0.16131710427554102
0.14449163174248383	0.27773413871914265	0.060639837439262365	0.12062268861036173	0.041566476975713446	0.05833461388222852	0.17070110255856022	0.1259095100722471
0.19246625622083136	0.0516009703730541	0.2726122033796257	0.12018490135204238	0.026903113738799486	0.08505138854701982	0.16034264444893298	0.09083852193969397
0.12601196165602851	0.1996697822133125	0.1274656527861583	0.14669057235934624	0.037049441534241764	0.062499468631232166	0.2026440053541469	0.09796911546553347
0.1931930219143464	0.15092607165670943	0.08456659629876889	0.14065872437806753	0.04235714775077458	0.05912930446245279	0.23989264364534102	0.08927648989353912
0.20614006751167802	0.18474886694004755	0.10993553642266557	0.11797027203570482	0.023611256456918223	0.07430747704608998	0.16962759342349057	0.11365893016340504
0.2208384758254303	0.061440500557488564	0.14992418856374926	0.08568027593826479	0.026082259298568014	0.08150214797670184	0.24279633101706327	0.13173582082273366
0.1269707540852755	0.13845481939203053	0.1679157459304563	0.10555101619279963	0.03903222750318962	0.05481263486043035	0.25412227340848514	0.1131405286273327
0.09153249068347787	0.2923669465215021	0.0451643427093469	0.13514310702205956	0.024709170024608748	0.06884276591574612	0.17778637599218033	0.16445480113107816
0.15692792476456882	0.10089742993493137	0.20285876687878035	0.14542025895316715	0.028864454865735814	0.060901655217229386	0.1509110005774201	0.15321850880816673
0.12444469077515859	0.1816005911686596	0.2045672795332815	0.10441314839029654	0.03879077190934635	0.06877548789206497	0.1456483939382744	0.13175963639291782
0.18577626558325325	0.22300027273942807	0.06688859375659523	0.0870788406535237	0.03796396713065907	0.05502249185095945	0.20498260405983104	0.13928696422574993
0.12243508098051746	0.0987725818881528	0.18381574422276503	0.14715876063797606	0.032205268982875734	0.08857624854440746	0.22302134159018655	0.10401497315311867
0.12872993957648993	0.08120150478178395	0.2877902842333042	0.10206836495583438	0.02394771516888712	0.0660021802145623	0.14480222099434337	0.16545779007479453
0.11696433884486465	0.13597984948349542	0.11339355040290564	0.12524470390531722	0.04566225221992985	0.0797827876688291	0.26083525516814937	0.12213726230650854
0.15799303648955923	0.2106475546539474	0.05218885852539089	0.11120468334973763	0.03251333838616487	0.06035974723895342	0.2302490928187173	0.14484368853752905
0.14374971936754616	0.11601018445436394	0.18369922341219685	0.1397239149589487	0.050178084614354676	0.09440148633366738	0.14388554226758746	0.12835184459133459
0.15930160843464197	0.18796848197256355	0.09584789247606096	0.14595206949758754	0.043750585546632026	0.05711055688098003	0.1850620702690429	0.12500673492249081
0.19720862456723895	0.20546679174515026	0.07802087273361176	0.126824212052276	0.04393346151855748	0.08857059219188783	0.15542055113759662	0.10455489405368083
0.13342524790677152	0.154534454858443	0.16783874877658356	0.08629697529584299	0.04402929703661297	0.08328214949134884	0.2066748447108781	0.12391828192351882
0.1953666256409723	0.2369237152608507	0.05145492130278524	0.1274862603512393	0.03927378086383605	0.06534234226205293	0.15433418464115642	0.1298181696771068
0.18873764815269067	0.25346220029388433	0.05817189420525988	0.11158138531688724	0.03848509135672752	0.07326794504202022	0.16773606382418604	0.10855777180834389
0.13216301743289816	0.15099130423047483	0.20447003515069534	0.12222126660132744	0.023619792955583238	0.08132812544415595	0.16325845065893094	0.12194800752593386
0.22011387227043722	0.1317884110663519	0.12463106093770536	0.09407100686171202	0.03404326892696884	0.07462649869933083	0.16295859654047487	0.15776728469701873
0.09831815307381273	0.11999107640903958	0.1846449918734296	0.13050989782192257	0.04595307073935995	0.056341620075489665	0.19953912353826592	0.16470206646867983
0.21376032140689544	0.19937448894929366	0.07921640703518257	0.09662426104623179	0.04541729852776215	0.07120650987291804	0.15967351030437502	0.1347272028573411
0.22141568932189634	0.18240724820188936	0.043420547245059865	0.11333059260290225	0.02843359285474073	0.06848680420067671	0.23520497676765417	0.10730054880518028
0.17199647691559386	0.05886885621271555	0.2086847037479353	0.14506947728820435	0.049410649819203914	0.05885376343547112	0.17620910876798834	0.13090696381288733
0.10023951556009045	0.14852461386004934	0.09399480828326782	0.1489207701488381	0.04647763493465486	0.08008095346744237	0.21848351104647346	0.1632781926991834
0.1979564809845899	0.1021501706234185	0.20761886095431947	0.10352133620164708	0.031422329231598545	0.07103410270357469	0.18831324636317498	0.09798347293767656
0.17899581966992859	0.10101728256179981	0.0993470911295748	0.14025806811651456	0.03909020688541316	0.08084626699800782	0.2523014212609913	0.10814384337776967
0.09847446875846953	0.12627350375168206	0.2505031119287051	0.14778724826181705	0.042076238254754914	0.09023531768589403	0.13891231038140453	0.1057378009772725
0.2061292323266253	0.057388630145960476	0.12948075093572875	0.1508199524648831	0.03336941772136019	0.06107497369676934	0.23863148058788392	0.12310556212078866
0.08863250124940554	0.2092581547304127	0.09541188985117632	0.14791215498334126	0.04788359687107348	0.06650075985377257	0.18190701269808005	0.16249392976273788
0.1355792432155668	0.2844117746361059	0.05418463280660046	0.11267270326643758	0.03203456232376012	0.06501315564926313	0.16812953913168108	0.14797438897058468
0.15068097292138455	0.09153062806069509	0.21832315262877344	0.13287990214250922	0.041248156867941685	0.06102818739159645	0.1481993655781405	0.15610963440895884
0.1917871665932212	0.2473810734188921	0.09614354427854456	0.09969563847309804	0.05036168119428555	0.05787972893163029	0.15772949885539636	0.09902166825493167
0.12707341891319573	0.17855953250000142	0.08143143465708806	0.14293398886233466	0.04881667489826047	0.07542405472402894	0.21983765009876294	0.12592324534632754
0.21236551279382615	0.17958737082829326	0.10539946535892278	0.11621762798913203	0.02648872296449871	0.060807119222560616	0.2021794555645945	0.09695472527817173
0.10584356327158013	0.20219023705212952	0.14010300995512354	0.11525956941330076	0.02849440369220979	0.07045031310243677	0.21845899491212048	0.11919990860109876
0.2136383827919223	0.10135102083395586	0.14118391614549003	0.1306310089670962	0.03873477581565521	0.06781920808196584	0.2194567058270803	0.08718498153683402
0.11946671428930004	0.17169344012677232	0.1952773805402151	0.09590164371001071	0.036233538553628084	0.07202476375775968	0.18459254668594544	0.12480997233636837
0.10301749894182938	0.1568549114166087	0.12931968383014986	0.14153788837823061	0.04233086481621966	0.07445499755474969	0.25851780739704816	0.09396634766516371
0.23251374414001902	0.2050661873115466	0.05720721005712004	0.10672664097119496	0.02900243415144435	0.08855446672104188	0.16722145821535045	0.11370785843228241
0.23512754765723226	0.08808852556510917	0.17252110938379536	0.10882985384886694	0.03349138028250655	0.06302723889387346	0.2021996547158309	0.0967146896527851
0.1621248380866951	0.20572626018219276	0.12032460943136462	0.08946313015978671	0.023631399765780603	0.09220037897015304	0.15796889499713704	0.1485604884068899
0.18562858768987797	0.07590303154460548	0.15125414880413188	0.08753954710673607	0.05068493303999927	0.09173919103804802	0.24831812974082032	0.10893243103578071
0.11115655977495424	0.21667754796703037	0.06309255129461008	0.1490097621189765	0.03599175628702894	0.06608549883395225	0.20560616803653345	0.15238015568691396
0.1698232779842775	0.20515862911614097	0.13533884490717488	0.10445025070896696	0.03979481614371991	0.07831612921119017	0.1785376101958051	0.08858044173272427
0.1330389044942967	0.21510246756638862	0.038654786559602375	0.13089131648489302	0.029914795659458968	0.07252293638163829	0.25416652271945506	0.1257082701342668
0.12641852496411687	0.26593821775488247	0.10004442666875833	0.10817202525094866	0.031286133914546224	0.06209735644223642	0.14053303323019317	0.1655102817743176
0.08859527218645924	0.29882538660970337	0.1444464371535356	0.10294340826489534	0.02818082532536012	0.06976633700685705	0.14437359704679667	0.12286873640639243
0.2149904600478259	0.27650605926182925	0.05996172624070384	0.0914453112688575	0.023598340540545812	0.07040216676773509	0.14005531534000942	0.12304062053249301
0.14671481720806048	0.18542491752001922	0.18794731539163845	0.08644657880229134	0.031887251564086144	0.08200551623464998	0.1901004683131513	0.08947313496610282
0.22940455629287324	0.13847986200613535	0.10594984864036008	0.09018268548536239	0.04403373211118969	0.08684430890782585	0.21609974761905076	0.08900525893720236
0.18638632538395672	0.20881095404812308	0.06305271520657083	0.13586435936589492	0.038239977491710334	0.06541679434751649	0.21348250534260133	0.0887463688136261
0.16536371378784925	0.14508045153185792	0.20710399461764484	0.10239163266114922	0.04597791204500441	0.06044848329616735	0.17777035067010924	0.09586346139021756
0.2015748112012124	0.1953263564783849	0.035593257081658614	0.1349890452885325	0.03588574269642861	0.06657778471477968	0.23132952128244116	0.09872348125656188
0.14299004452225256	0.25401048068124377	0.06386367164265055	0.10739214163840696	0.04735310820574373	0.09065563453615559	0.18119193027107067	0.11254298850247593
0.12905577604470053	0.22536331710840374	0.09145167861124154	0.14000537470224134	0.040379747281432204	0.06890704202618138	0.20738601772908571	0.09745104649671335
0.15233233224369488	0.23685711998880238	0.08563504056983942	0.1083890844617357	0.03052422971923205	0.060065229975771586	0.18758574034277195	0.13861122269815176
0.20819186324452005	0.08109699196366685	0.25654655551614103	0.0928421363843234	0.03097285899547765	0.06674510613751974	0.14478885784182358	0.11881562991652742
0.1085453904922008	0.18351923841193873	0.19887157386055548	0.10055117327219712	0.042871156068513425	0.07541386728012248	0.19994226777789373	0.09028533283657804
0.09367152165135402	0.26632618961130816	0.10186205887066567	0.10387299846558173	0.0482958945661871	0.06588008949513005	0.18270229723540352	0.13738895010436955
0.20109780223796211	0.24707337138484622	0.037074657494222785	0.10519908708301798	0.0360539592821614	0.056462941689561466	0.2079535023622922	0.10908467846593554
0.11634400591932469	0.2679071994166039	0.05949594987662575	0.1338158408186388	0.03642046246285341	0.07472795490545593	0.15349596828522383	0.15779261831527347
0.10320564151467945	0.21877249774701935	0.09376654769136283	0.12477164476648801	0.04488936576326749	0.08691731876954012	0.19075620824493766	0.13692077550270493
0.1569514752124092	0.1016327885438812	0.11421879533601996	0.09561684055721856	0.04140454210368838	0.07624303323739745	0.257037987993078	0.15689453701630704
0.2260308592883854	0.0630362870288744	0.14822004118061308	0.10480644469154701	0.03575305767878856	0.07722452225857707	0.218791294859134	0.12613749301408023
0.10013685826379574	0.0903465703851539	0.2845527142266537	0.09359923009812365	0.04888334230044655	0.05533031784861983	0.17250116201576085	0.15464980486144558
0.11777544977016749	0.1708198288150746	0.21404283354096237	0.09171779578168016	0.03713795448652939	0.06138760916043007	0.21523693354173035	0.09188159490342537
0.19138861598108525	0.11014752054653584	0.09670185874483342	0.14253928512616418	0.044735963706758225	0.08541248804751267	0.24134006000279695	0.08773420784431317
0.16909250347587768	0.07443537057702238	0.2625746641589585	0.12390161086323949	0.028070060793219387	0.08803172611819252	0.15005144148414745	0.10384262252934234
0.22424511552095294	0.04959808373194741	0.16548427919009231	0.09722359766721499	0.03601487913503258	0.08157108356959493	0.25848163802694757	0.08738132315821703
0.2356214303858089	0.19319518212959358	0.058469205078932524	0.1091593915545472	0.02898893785964564	0.05926196601726434	0.20219977045993756	0.11310411651426996
0.1505246728686942	0.1330839081480375	0.15202774709899283	0.10373821276157016	0.024045035718609428	0.07064131019928871	0.22611577827202128	0.13982333493278562
0.11773788996611433	0.08217192735255602	0.21692939767146174	0.15038874339845013	0.03160822747861346	0.08070393929505748	0.19840897215633302	0.1220509026814136
0.14959418710586797	0.05177042661472135	0.24728381757713658	0.12788888760047898	0.036654854808089374	0.07674992257542937	0.18203106336165759	0.1280268403566186
0.18627075287897654	0.10975578013758518	0.21480149677481575	0.11078713358995591	0.050326431696225665	0.06048573488559425	0.1502667139685258	0.11730595606832064
0.14706051498700703	0.17097817074535085	0.15313595847475459	0.13100307708770526	0.036717397536294716	0.09526228523666239	0.1500649739999472	0.11577762193227772
0.09973143594539054	0.09459054347860932	0.25081503775214153	0.09687684840905372	0.03015744967823178	0.06761173196969723	0.2612526488960675	0.09896430387080818
0.09098167895177761	0.13290112486565245	0.19823860019724923	0.1278327374728552	0.04127618920095563	0.07511982971243641	0.2335401278622365	0.10010971173683676
0.12438082867533763	0.16403676116774982	0.1912358942399366	0.11022279301686813	0.036028485165371105	0.06536288661898926	0.20438329843720493	0.10434905267854232
0.13118031317451304	0.17154685482987098	0.09272474051511405	0.12459996361006619	0.029329924547497874	0.06173189571930118	0.2433475326090176	0.1455387749946189
0.19046736271546388	0.09440403493571775	0.0908039054383921	0.11901838763384054	0.025705757305552843	0.09219143042211439	0.22825625910295444	0.15915286244596383
0.15062411157524347	0.1433565087727003	0.06542354108553733	0.138302642342483	0.028931867070694395	0.07265096413734609	0.24644929286937078	0.15426107214662443
0.21286841411702756	0.10575466573704898	0.1543934413479141	0.1220057662883909	0.04295150719510485	0.09189022580551084	0.16696944979018702	0.1031665297188155
0.12544047817555987	0.2826902398193664	0.10372111005888879	0.09186013652894096	0.048809666436166785	0.0923331968679511	0.16311342224398573	0.09203174986914012
0.1992899605037019	0.14321149594269056	0.14328168135827013	0.10824443539837873	0.03440727717781858	0.05960726700091509	0.15683954335963285	0.15511833925859192
0.21776148721581526	0.056908352428958364	0.17120008704981163	0.12647172564527911	0.03614681850817199	0.09271127749267127	0.1491630824664697	0.14963716919282238
0.1363626835915268	0.09308597303853705	0.16938187099347546	0.08653224967325726	0.05109769256924819	0.0806282375238839	0.2502740862783583	0.1326372063317128
0.1694036694521756	0.21051600036579984	0.08252315787624415	0.08640830992925926	0.04695478991350374	0.07749230381761832	0.22093908671108375	0.10576268193431507
0.21098300078147508	0.07199264522401512	0.14423511102076825	0.13142802633298564	0.045030332688547364	0.05641167334150249	0.218134331902083	0.12178487870862274
0.22530031558382846	0.15791418651566222	0.0728182112493032	0.14540427708469494	0.03833202521745899	0.09598482834641459	0.1671514451409123	0.09709471086172507
0.22116339736274931	0.16205764152588248	0.07249225937525189	0.13686488728930413	0.04200361301179953	0.07367203473167394	0.1680762270917892	0.12366993961154929
0.14001623414867168	0.17139703332966044	0.08971161014371712	0.10759780202311925	0.03713545955159993	0.06875704711919686	0.22776637040788583	0.15761844327614866
0.10505834888166692	0.08580068073611949	0.234338107445125	0.1442821214628292	0.04315332050561875	0.086211189307383	0.1719328952124585	0.1292233364487989
0.17207604089323658	0.15151801451222816	0.10678546890694396	0.11880566230065522	0.046138048476699986	0.07686026424681493	0.21485609903434377	0.11296040162907717
0.12763653038837713	0.27305652818706827	0.09367379180509794	0.11678140439591787	0.03525234396831638	0.056030241752469026	0.1588058032769362	0.138763356225817
0.16068384661738158	0.12150111367204533	0.17092749925824072	0.08985327820838296	0.04547346855806775	0.07095836480190218	0.25079725683801807	0.08980517204596122
0.2142085893665059	0.06930567722552809	0.14612911034978307	0.09273263659585673	0.04107020225057728	0.07915179215343	0.24774174371451185	0.10966024834380683
0.14023030255892696	0.19846956013710068	0.16242939943521018	0.09271135429187619	0.04336757301995947	0.05588913841221779	0.14687005877570497	0.16003261336900354
0.19683791385448085	0.09226046987978102	0.24688099938703317	0.11187422532236499	0.039825594881681414	0.05508723421585675	0.1693144388759497	0.0879191235828519
0.08870559160395144	0.20901739120509866	0.1791015330725358	0.14327250076962414	0.04068639298901572	0.08243601390498811	0.14705770334123033	0.10972287311355554
0.10688243763730065	0.07977479385577718	0.2694067299432119	0.08743154050492781	0.030489321426686353	0.08184693994123246	0.1806993745278146	0.1634688621630488
0.12079982131741812	0.2538544932612401	0.05782043055481993	0.1276438539910706	0.03470465659247199	0.06579482398150535	0.18900491361571942	0.15037700668575424
0.14179019193797976	0.17504652454383549	0.2144100072814603	0.09508501569238757	0.03202317864251748	0.09617917786015445	0.13970420385667537	0.10576170018498937
0.22830757013347805	0.11876189424437042	0.07457781987201584	0.11475343122933986	0.04461208702381028	0.07632998214827663	0.20718092219999357	0.1354762931487151
0.14735690139785515	0.30980795593716626	0.07385324317157188	0.09606991553357883	0.029156923745248073	0.09565170760100654	0.15321188419611723	0.09489146841745584
0.15785570653566758	0.0796342843228046	0.27685162008207426	0.0977606192037302	0.045292301500162724	0.09540127285313442	0.15528555798066462	0.0919186375217614
0.14135492927851984	0.1139819136618801	0.23616622093843204	0.14229966358594165	0.04952272324600501	0.05893811759865572	0.14592850014712838	0.1118079315434371
0.17803222678615302	0.27059035172618295	0.10244254328788538	0.08639237541438974	0.049521000305483884	0.05533869880010693	0.16864765070028337	0.08903515297951452
