0.18422966552316075	0.26626206266591756	0.5495082718109218
0.18402541277763138	0.27186432010230444	0.5441102671200644
0.1827588722965239	0.2746393413254941	0.5426017863779821
0.18274669738683277	0.2741835929184949	0.5430697096946724
0.18262015743053353	0.26840369012031007	0.5489761524491565
0.18129678792631687	0.27051927213447646	0.5481839399392068
0.1847596869748931	0.26682232616223994	0.5484179868628671
0.1819446298850505	0.27696771745905463	0.541087652655895
0.18432787387940752	0.2715796318449199	0.5440924942756727
0.18204817669535203	0.27676208951259623	0.5411897337920519
0.18100565942219182	0.2703300553893093	0.548664285188499
0.1824738009047775	0.2691630777106246	0.5483631213845981
0.18257350514443868	0.2744658784490227	0.5429606164065387
0.1816783214373002	0.2769116911808496	0.5414099873818503
0.18504847590325216	0.27173678923165007	0.543214734865098
0.1833263613705492	0.2759602253732981	0.5407134132561529
0.18251782737287187	0.2690370287932555	0.5484451438338728
0.18217572074028074	0.2710860363576275	0.5467382429020919
0.18535047899091361	0.271711408968179	0.5429381120409076
0.1851219658264407	0.26929425285232644	0.545583781321233
0.1832936310472374	0.2737929570859025	0.5429134118668602
0.18206932762897649	0.2727441480554161	0.5451865243156075
0.17997104233554992	0.27499763232227775	0.5450313253421725
0.18247665955451803	0.26910919041779224	0.5484141500276899
0.18074184185351427	0.2702592867023545	0.5489988714441314
0.18353344924201437	0.2701099824660527	0.546356568291933
0.18231413547412037	0.26773790179892665	0.5499479627269531
0.18109000327549815	0.27322871816666267	0.5456812785578393
0.18228013006538893	0.2674964001496961	0.5502234697849151
0.18305427722527332	0.2703092141646142	0.5466365086101126
0.18021665915519336	0.2758307568747323	0.5439525839700745
0.1827430493787329	0.27509060442446287	0.5421663461968044
0.1808817033622156	0.26847411008721844	0.5506441865505661
0.18040265152552667	0.27621960066929224	0.5433777478051812
0.184677966776609	0.2709987831678677	0.5443232500555234
0.18174687281731566	0.2676153605207506	0.5506377666619339
0.18067792982676908	0.2715487092009617	0.5477733609722694
0.18447247101399025	0.2743637091246239	0.541163819861386
0.18490795914574826	0.2704962071748064	0.5445958336794454
0.18360308277291087	0.2733950864986817	0.5430018307284076
0.18122329982667496	0.2721987548054199	0.5465779453679053
0.18439793700947643	0.26990443033601474	0.5456976326545089
0.18407592713414145	0.2711448586038905	0.5447792142619683
0.1828824681666807	0.26875636776511674	0.5483611640682027
0.18366577109826573	0.2758346431576747	0.5404995857440597
0.18107459712475904	0.27745555884843376	0.5414698440268073
0.18271549695308628	0.27524833742552507	0.5420361656213888
0.1815136515660623	0.271580508576396	0.5469058398575418
0.18167230743133053	0.2756596948304359	0.5426679977382336
0.18395058298054548	0.27401281004876815	0.5420366069706865
0.18006882026759632	0.27681003438307983	0.543121145349324
0.1830384302610807	0.27389154041439506	0.5430700293245244
0.18465999560222596	0.2745396884492947	0.5408003159484794
0.18379185869594528	0.2688601327402783	0.5473480085637765
0.18235981530150033	0.2717445667047763	0.5458956179937234
0.18154966157795635	0.2701553902047853	0.5482949482172585
0.18228994255253222	0.2723662352919373	0.5453438221555306
0.18039539552658757	0.2730827349904655	0.546521869482947
0.18470605541271232	0.2724603481276436	0.5428335964596442
0.18165073915965887	0.27093242860419703	0.5474168322361442
0.18399098346232926	0.27290100475051166	0.5431080117871592
0.18108441526339386	0.2695307008822812	0.549384883854325
0.18508721406208672	0.2673513281360589	0.5475614578018545
0.18541098211082385	0.27287039477927505	0.5417186231099012
0.18376429985933448	0.27494219383320734	0.5412935063074583
0.18407259047589403	0.27129842572149526	0.5446289838026108
0.18229741620565615	0.27289707122784695	0.544805512566497
0.18477418858654726	0.2667275141213681	0.5484982972920848
0.18253727431561942	0.26826758905924963	0.5491951366251311
0.1847084737340335	0.26755886414857494	0.5477326621173917
0.18260393975411301	0.2757454336611944	0.5416506265846927
0.1836528165540754	0.27423224730286794	0.5421149361430567
0.18500829715876987	0.27277649241734225	0.542215210423888
0.18050809990632413	0.2720467278115327	0.5474451722821432
0.18350863986126115	0.2697839789742466	0.5467073811644924
0.18282945744748108	0.2709779985182895	0.5461925440342296
0.18078261688961794	0.27619658840617	0.5430207947042122
0.1800271475332756	0.2722303563881538	0.5477424960785707
0.18173990167131074	0.27750088558822045	0.5407592127404689
0.18140633416504356	0.2763886017225528	0.5422050641124038
0.18217989882606903	0.27201199190942726	0.5458081092645037
0.18470999564776663	0.27289612834994104	0.5423938760022925
0.18351431566707033	0.2751890666268564	0.5412966177060734
0.18504089285215333	0.27241267206934977	0.542546435078497
0.18535327353727418	0.2724067867287395	0.5422399397339864
0.18148123612655767	0.27015566307875516	0.5483631007946873
0.182970281379951	0.26978924737179416	0.5472404712482549
0.18312790298448695	0.2709386203284804	0.5459334766870328
0.18433830466464196	0.27201142650745797	0.5436502688279002
0.18506984198549348	0.26772713886202315	0.5472030191524835
0.1817665297928496	0.27246919486189897	0.5457642753452516
0.1851027467759601	0.2667655166162243	0.5481317366078158
0.18045206561693986	0.2719746464793435	0.5475732879037167
0.1801458425784572	0.27752090106458677	0.5423332563569562
0.18284859171560394	0.2752376423497568	0.5419137659346394
0.1808359158710876	0.27500902069449373	0.5441550634344188
0.18291221661918888	0.268228523753825	0.5488592596269862
0.18188123488949334	0.27711506284411846	0.5410037022663883
0.1818981488351277	0.27407227584138655	0.5440295753234858
0.1844324988282463	0.26772287174435416	0.5478446294273996
0.18076758233927456	0.27339302209332833	0.5458393955673972
0.18122687427312753	0.27467244681464226	0.5441006789122304
0.1847917372181142	0.270663405181992	0.5445448575998939
0.1852306823182335	0.2671966365907329	0.5475726810910337
0.18545708793600452	0.2661265061390925	0.5484164059249031
0.18258531660882654	0.27683988831554396	0.5405747950756297
0.1834544710185501	0.2750752498854446	0.5414702790960055
0.18553979594384287	0.2675095493903097	0.5469506546658476
0.17999406643477706	0.2719276714219271	0.548078262143296
0.18228464533729682	0.2710127873248856	0.5467025673378176
0.18176746626671908	0.2764395290230308	0.5417930047102503
0.18160413443595416	0.27373294427404193	0.544662921290004
0.18401627815000202	0.2677877505010635	0.5481959713489346
0.1804878385451631	0.2730126028529689	0.546499558601868
0.1827691627477333	0.26671511689952454	0.5505157203527422
0.1848235778570446	0.2724465628558415	0.542729859287114
0.1816223376850913	0.2776965973325326	0.5406810649823762
0.18451685170926896	0.26659440919937544	0.5488887390913557
0.1821573841596957	0.2759614528467368	0.5418811629935676
0.1804890991521276	0.2712992704744921	0.5482116303733804
0.18490731400211777	0.26606874199846214	0.5490239439994202
0.18518869010798764	0.26688281748071213	0.5479284924113004
0.1823605527838856	0.2752164565845005	0.542422990631614
0.18429950949063117	0.27080234303974626	0.5448981474696226
0.18105357004665124	0.2763864616891899	0.542559968264159
0.18098838440443854	0.26872681106985374	0.5502848045257078
0.1815086786934079	0.26869755075546836	0.5497937705511239
0.1804327027250013	0.2755727260780293	0.5439945711969695
0.180338731346183	0.27608737585063864	0.5435738928031785
0.18161864326291677	0.2758543420053598	0.5425270147317236
0.18312304672837723	0.2752098809062775	0.5416670723653454
0.181896292664008	0.270379673360139	0.5477240339758531
0.18265193153954454	0.26803687463688897	0.5493111938235666
0.1823643938675899	0.2763687050795703	0.5412669010528399
0.18370329827329684	0.2673206562575911	0.5489760454691122
0.18314831548024543	0.27423319541136126	0.5426184891083934
0.18250290154723448	0.2754977283137685	0.5419993701389971
0.18165577598407634	0.2718650022721406	0.5464792217437832
0.18493832842047936	0.2735607346734208	0.5415009369060999
0.18346760851957858	0.26643445295312357	0.5500979385272979
0.1850596320321026	0.27375532284436355	0.541185045123534
0.18199176607225567	0.2700954731344215	0.547912760793323
0.1824004921323084	0.27010943713630925	0.5474900707313824
0.18529222160124034	0.27408728775479946	0.5406204906439603
0.1843410532624484	0.2750000778732623	0.5406588688642895
0.18487369277898394	0.26958439655104927	0.5455419106699669
0.18365810279192069	0.2708488257507823	0.5454930714572972
0.1853738241006762	0.27304019335641494	0.541585982542909
0.18368582491622526	0.27205669992179954	0.5442574751619753
0.182422622668518	0.26938554394227465	0.5481918333892075
0.18185238707233423	0.273010652031965	0.5451369608957009
0.17994779408838343	0.2709941380116826	0.549058067899934
0.1841843768490449	0.2714662978958317	0.5443493252551235
0.18390794110650832	0.26660314357641735	0.5494889153170744
0.18473855481136345	0.2730898155064721	0.5421716296821646
0.18001248405453196	0.2760549078704494	0.5439326080750188
0.18173906684988186	0.2722002540708986	0.5460606790792196
0.18492565421459323	0.27443669418863337	0.5406376515967735
0.18208333831645157	0.2723478576118904	0.5455688040716582
0.18020329235988453	0.27099293004850245	0.5488037775916131
0.18248096599886354	0.2683835845487528	0.5491354494523838
0.18379319185099371	0.2730553416121504	0.5431514665368561
0.18361192124890033	0.2693586288606912	0.5470294498904087
0.18178693038880941	0.2734248035501257	0.544788266061065
0.18527400939645022	0.271841482485088	0.5428845081184619
0.18184744800436897	0.27760762363165303	0.540544928363978
0.18215246194717336	0.27577077647639675	0.5420767615764299
0.17996862732223384	0.27283244741737545	0.5471989252603908
0.18169770698518606	0.2773624249573651	0.540939868057449
0.18529493131982616	0.27029148031630806	0.5444135883638659
0.18159420438423793	0.2771677762063388	0.5412380194094234
0.1821500752291271	0.2752438307844535	0.5426060939864195
0.1825205107648313	0.275295575944319	0.5421839132908497
0.18277013979395568	0.27611934641994906	0.5411105137860954
0.18328678600092116	0.268790469028376	0.547922744970703
0.18312383898302742	0.2674426993960489	0.5494334616209238
0.18413458230505114	0.2677685600540336	0.5480968576409153
0.18376477275105096	0.26836344179413824	0.547871785454811
0.1810580210143591	0.2759666448332793	0.5429753341523617
0.18386118007213417	0.27450473159069977	0.5416340883371662
0.17998791556239774	0.27446564882318913	0.5455464356144133
0.18190092152371226	0.27517442168542466	0.5429246567908632
0.1824844445751144	0.27289649404418326	0.5446190613807025
0.18295151779906493	0.27016615176955827	0.5468823304313769
0.18045778110084215	0.2770653918717673	0.5424768270273906
0.18144586508861318	0.2705994455796302	0.5479546893317567
0.18238428242675747	0.27186478019867805	0.5457509373745646
0.1849414612139974	0.26835697342893183	0.5467015653570709
0.18242770208006406	0.27268359435907835	0.5448887035608577
0.18350942993567126	0.2707902912719624	0.5457002787923664
0.18066425419401486	0.26918633981167134	0.550149405994314
0.1829974738497459	0.274352744555164	0.5426497815950901
0.18002064918175312	0.2706171757401625	0.5493621750780846
0.1805100894726163	0.2778172459713769	0.5416726645560069
0.18484929095233057	0.27013642404236954	0.5450142850053
0.18016353563380405	0.27610348481080377	0.5437329795553923
0.18220164530865643	0.2698609596384767	0.547937395052867
0.1812988404960221	0.27723358313453317	0.5414675763694449
0.1831003664155167	0.2673045482763175	0.5495950853081659
0.18433430038649296	0.2744370371146433	0.5412286624988638
0.18167823356850468	0.2693195914062921	0.5490021750252033
0.18295160040502967	0.2678669600702097	0.5491814395247607
0.182790755118595	0.27118258944789964	0.5460266554335055
0.1853481960237505	0.27025762629351324	0.5443941776827365
0.1809030505363315	0.2741954815277662	0.5449014679359024
0.1834047100643167	0.2755477439634975	0.541047545972186
0.18299609481377677	0.2712051328219658	0.5457987723642576
0.1813028777163669	0.27238103197623353	0.5463160903073997
0.18171846826928068	0.276804749245566	0.5414767824851534
0.18117983846263838	0.2762897550271518	0.5425304065102099
0.18537670840329018	0.2674718535190242	0.5471514380776857
0.18421318995807723	0.27359986326463603	0.5421869467772868
0.18188435075105408	0.27695128912205275	0.5411643601268933
0.18395986174006845	0.27065581031282565	0.545384327947106
0.18069445866665748	0.2718725935567328	0.5474329477766098
0.18531898791036577	0.2662804961451139	0.5484005159445204
0.18386771655661185	0.2676132223004577	0.5485190611429306
0.18349344780039512	0.27351254374782663	0.5429940084517784
0.18094088872964634	0.2775743627414841	0.5414847485288696
0.18193033424925126	0.27433390902560245	0.5437357567251464
0.18097755927430428	0.27553573958237265	0.5434867011433232
0.18205318372191606	0.2774422866333427	0.5405045296447413
0.18319170597505646	0.2691922782529233	0.5476160157720203
0.18338941989113106	0.26617684022459187	0.5504337398842771
0.18271038258163144	0.26770734935010265	0.549582268068266
0.1830868988453892	0.26790678986232974	0.5490063112922812
0.18356299927353376	0.26673570230454957	0.5497012984219167
0.1832352281728923	0.27032599189004075	0.5464387799370671
0.18011014480537052	0.275957788953537	0.5439320662410926
0.18321948071580701	0.27008139816831556	0.5466991211158776
0.18154263704574822	0.2724740651921087	0.5459832977621433
0.18165752014192285	0.2704538140635606	0.5478886657945167
0.18508615857601082	0.2666050720170191	0.5483087694069702
0.18404409858905896	0.27186540649283186	0.5440904949181093
0.18121921404252586	0.27075092784699306	0.5480298581104812
0.18474961519916888	0.27152000684398203	0.5437303779568492
0.18536069426669707	0.27078895717939216	0.5438503485539109
0.1817624156909933	0.27691149725074554	0.5413260870582612
0.18284992836608133	0.2676808362095703	0.5494692354243484
0.1854410711000766	0.27047999921511745	0.5440789296848061
0.1800986261777794	0.2747395728587516	0.5451618009634691
0.18270120423736255	0.2724455777755816	0.544853217987056
0.18489410094100958	0.2700745987561535	0.545031300302837
0.1846462944581857	0.27057790199615656	0.5447758035456578
0.18342859425088182	0.2743404440769575	0.5422309616721608
0.1826390929044916	0.2759227804428135	0.5414381266526951
0.18192919965083962	0.2761601197201846	0.5419106806289758
0.18229998475196335	0.27299864379821814	0.5447013714498186
0.18271791307186816	0.26750082157425237	0.5497812653538796
0.18347297408575153	0.2728893238422587	0.5436377020719899
0.18287499829456408	0.27093617806638026	0.5461888236390557
0.18310932800654137	0.2722206462504556	0.5446700257430032
0.185181498258186	0.2718235877091348	0.5429949140326793
0.18150387236891355	0.2682623067100855	0.550233820921001
0.18044907013345896	0.2710229189412509	0.5485280109252902
0.18081338593623034	0.27655689046707177	0.542629723596698
0.18507442128505278	0.27400306938442287	0.5409225093305244
0.18160578567387162	0.27168711802694534	0.5467070962991831
0.1837248484340807	0.27536871967713267	0.5409064318887867
0.18191952924928795	0.26772765581626	0.5503528149344521
0.18540211296914352	0.2704273823485003	0.5441705046823564
0.18499997784068545	0.2717520724155822	0.5432479497437325
0.18494304144461476	0.27161444273308255	0.5434425158223029
0.18454651146097864	0.26938266062360083	0.5460708279154206
0.18348073148405644	0.2732277680519984	0.5432915004639453
0.18088705799109034	0.27346647551451786	0.5456464664943919
0.18473939238775733	0.26887140393642006	0.5463892036758228
0.18261882023937187	0.2767397953348483	0.54064138442578
0.18488033518168837	0.2697832510753201	0.5453364137429917
0.18510621645800487	0.27057460916842535	0.5443191743735699
0.1848576172291191	0.2684691945363264	0.5466731882345546
0.1800045958256288	0.27011913362676643	0.5498762705476049
0.18105324480039375	0.26987987686860976	0.5490668783309967
0.18514603525322254	0.2721114883727791	0.5427424763739985
0.1837493793508041	0.2661502717086613	0.5501003489405347
0.1809599081895448	0.2742541153317344	0.5447859764787208
0.18263494524198415	0.26820787776165966	0.5491571769963562
0.1846830471343537	0.27071868924314424	0.5445982636225022
0.18230838743676486	0.2742954460930984	0.5433961664701368
0.18302987706902904	0.2729628901531399	0.5440072327778313
0.18260628445541607	0.26849783380672554	0.5488958817378585
0.18231793088386725	0.2730680348979542	0.5446140342181787
0.1835556115027567	0.26681050722306365	0.5496338812741798
0.18261628994377452	0.27517791287415944	0.5422057971820662
0.18311407863589302	0.2720445101288433	0.5448414112352639
0.18017822486003496	0.2726814041086769	0.5471403710312882
0.18367094248283694	0.2726217041950332	0.5437073533221299
0.18310904278859064	0.2756001350345979	0.5412908221768116
0.1800474714530531	0.2748888141551551	0.5450637143917919
0.18165815810598634	0.2719220443673627	0.546419797526651
0.18335708778997623	0.26611520120518983	0.5505277110048341
0.18233000389532353	0.2722192905894192	0.5454507055152574
0.18552471659028336	0.269756005262596	0.5447192781471207
0.1816563684414021	0.27493501709102863	0.5434086144675694
0.1816212810611506	0.27357940268673303	0.5447993162521164
0.1807541589553784	0.27044606784513925	0.5487997731994825
0.1820576418222799	0.27049649702218	0.5474458611555403
0.18212848017631164	0.2771429914034506	0.5407285284202379
0.18293427020322617	0.27053869352299137	0.5465270362737826
0.18138095712900124	0.2765245397147302	0.5420945031562687
0.18336506651495135	0.26813782248500057	0.5484971110000483
0.18341725247717527	0.27443365353604343	0.5421490939867815
0.1807999675113894	0.2689156830463394	0.5502843494422713
0.18381559532862649	0.2734525016184746	0.542731903052899
0.18052215492394444	0.2769031501774231	0.5425746948986325
0.18248057780326793	0.2745859684286357	0.5429334537680964
0.18361238831176793	0.2692798752151644	0.5471077364730678
0.18147814126871928	0.27160667857354753	0.5469151801577333
0.18542686807795006	0.2732834677808773	0.5412896641411727
0.18426040211109168	0.27208698731407405	0.5436526105748344
0.18235667058864916	0.26853466820312094	0.54910866120823
0.18161952587970318	0.2775915188697612	0.5407889552505357
0.18462193938703936	0.27418759781428786	0.5411904627986729
0.18460548391783252	0.2707971666933225	0.5445973493888451
0.1829637327434105	0.26864747260516464	0.548388794651425
0.1845879844727306	0.27298222387936893	0.5424297916479006
0.18027841752360937	0.27510218445648627	0.5446193980199044
0.18432141642868896	0.2708931436497395	0.5447854399215717
0.1825427706648076	0.26869404736911967	0.5487631819660729
0.1809962599019493	0.27076740103273705	0.5482363390653138
0.18045581062438276	0.27435611813908045	0.5451880712365369
0.18428482873191696	0.27223183628127984	0.5434833349868033
0.1831339027587795	0.27469670061719875	0.5421693966240219
0.18280136287305473	0.2691556945299532	0.5480429425969923
0.1809362982740369	0.2729484945013556	0.5461152072246076
0.18291162894057278	0.27549662431539657	0.5415917467440308
0.18293289028751955	0.27644650396971926	0.5406206057427613
0.18244709989024654	0.2700119767136552	0.5475409233960984
0.1826479489960089	0.27567306764048316	0.5416789833635081
0.18245836599258364	0.27444473895696214	0.5430968950504543
0.18163841944459724	0.27049581709441767	0.5478657634609851
0.18527289118141096	0.26854372345558164	0.5461833853630076
0.1832402976583136	0.27063749883694393	0.5461222035047426
0.18000997370817332	0.2718287539795137	0.548161272312313
0.1837794408740607	0.2700674305682602	0.5461531285576792
0.18119882861223685	0.27491701280510356	0.5438841585826597
0.18397480839786629	0.2657764111663433	0.5502487804357905
0.1820152091362872	0.27310868489631207	0.5448761059674009
0.18331978765754217	0.2711974603637311	0.5454827519787269
0.18120858407848386	0.27394495843741384	0.5448464574841024
0.18252596204431046	0.26714933686896836	0.5503247010867213
0.18486580257283522	0.265763177860234	0.5493710195669309
0.18490147163129445	0.2692047842586689	0.5458937441100368
0.18510027828112255	0.2668950396845321	0.5480046820343455
0.18296381601227985	0.2682259866899144	0.5488101972978059
0.18110156993539808	0.2747141263721205	0.5441843036924815
0.1848094469461906	0.2664093866112042	0.5487811664426053
0.18504890120883843	0.27033240975623835	0.5446186890349234
0.18143022563240838	0.27432279662303827	0.5442469777445536
0.18151137247029592	0.2714712105244943	0.5470174170052099
0.18122160899975068	0.2733855290458389	0.5453928619544105
0.18139806529550948	0.2751381426329435	0.5434637920715472
0.1826692389988612	0.2758160713340438	0.541514689667095
0.18404067631221457	0.27336415462362795	0.5425951690641576
0.18482680061463627	0.27281313894544623	0.5423600604399177
0.18303804169624954	0.2764062459765034	0.5405557123272472
0.1813769490214823	0.27209079773139755	0.5465322532471203
0.18127823956910025	0.2739527747565049	0.5447689856743949
0.180946687710455	0.2770169733150515	0.5420363389744937
0.18353019377888077	0.2687587177480699	0.5477110884730494
0.18012650079872633	0.2732718064591514	0.5466016927421224
0.18368889961605603	0.26963448740875734	0.5466766129751868
0.18188333559906286	0.27493857999322185	0.5431780844077154
0.18497571115683534	0.2737071807329866	0.5413171081101782
0.18518446362502128	0.2690148693772	0.5458006669977788
0.18066392677189358	0.27765171029541996	0.5416843629326866
0.18427020597505855	0.27210040604442	0.5436293879805216
0.1800551796040337	0.27720393240508223	0.5427408879908842
0.18034371839955354	0.27466609675001646	0.5449901848504302
0.18015949774051063	0.27587464837272613	0.5439658538867634
0.1826128066335275	0.26750089027263296	0.5498863030938397
0.1833271695872526	0.2750972130696454	0.5415756173431021
0.18226335978575073	0.27347187336051343	0.5442647668537359
0.18253033487396778	0.27081281324763956	0.5466568518783927
0.18422191300179364	0.26609653200732064	0.5496815549908859
0.18455872753864125	0.26870894295126585	0.546732329510093
0.18483342367827074	0.27302147082140343	0.542145105500326
0.18509690236855686	0.2700469785154797	0.5448561191159635
0.18170828366696767	0.27085374083652064	0.5474379754965117
0.18209512182243903	0.26772345916127827	0.5501814190162828
0.18521545625415364	0.2704853158538792	0.5442992278919673
0.18248247388558272	0.27149607429088585	0.5460214518235316
0.18145258849612023	0.27007402069441705	0.5484733908094629
0.18467696778654571	0.2725657290190121	0.5427573031944424
0.18014432195365607	0.2749631490305356	0.5448925290158084
0.18439159945139053	0.26797564723546863	0.547632753313141
0.185550014538062	0.2669516232366481	0.54749836222529
0.18525117071782746	0.2696965820106535	0.5450522472715191
0.1843380453563926	0.2677051835723465	0.5479567710712611
0.18326318357453786	0.2696707309136002	0.5470660855118621
0.18386014321333385	0.2659225976458173	0.550217259140849
0.1812935391457733	0.2714820548026321	0.5472244060515947
0.18195922625840802	0.27682350604872785	0.5412172676928642
0.18039385889419926	0.2726565594671262	0.5469495816386747
0.1835439575236869	0.2671699630727727	0.5492860794035406
0.1800853345375008	0.2756369064261241	0.5442777590363752
0.1843495587369215	0.2669052192939039	0.5487452219691747
0.18108048159962076	0.2686662210024427	0.5502532973979366
0.18351101796625488	0.26958556381051235	0.5469034182232329
0.182131004522991	0.26820224031933027	0.5496667551576788
0.18387912150314836	0.26626907090963503	0.5498518075872167
0.1811192814785708	0.2764956283038104	0.5423850902176188
0.18450577049592462	0.26599989727397627	0.5494943322300992
0.18378812837865804	0.26870364024541143	0.5475082313759306
0.1818782710989697	0.2714740125124378	0.5466477163885927
0.1814090700102174	0.26908589249879145	0.5495050374909913
0.1810358654246231	0.2762802684570527	0.5426838661183243
0.18503296425573784	0.2689308546187619	0.5460361811255003
0.1813021246022677	0.2711477203792433	0.5475501550184891
0.18328963274501053	0.26664479982091993	0.5500655674340696
0.18270502085007714	0.2666751509597831	0.5506198281901399
0.18008533093927212	0.27579744242829807	0.5441172266324299
0.18093245400912866	0.2693378484149622	0.5497296975759092
0.18423088170705665	0.27326934379650786	0.5424997744964356
0.18200932260941427	0.2764955838092613	0.5414950935813245
0.18366453396835827	0.2738597251151592	0.5424757409164827
0.18110538352276362	0.2736451750255118	0.5452494414517247
0.18032890014154776	0.27687007319716517	0.5428010266612872
0.1846976867051256	0.2730186947719931	0.5422836185228814
0.18379396643991355	0.27336924119206507	0.5428367923680215
0.18283052773958752	0.27251169349995946	0.5446577787604532
0.185155173795698	0.2711527283859108	0.5436920978183912
0.18378444149818704	0.26714413206049414	0.5490714264413189
0.18455451415551954	0.2698749026625166	0.5455705831819639
0.18033732441493638	0.2692811942741481	0.5503814813109156
0.18479741185431206	0.26643952215110317	0.5487630659945849
0.18155616234320907	0.26847795727158297	0.5499658803852081
0.18303814307423674	0.27385420826673956	0.5431076486590238
0.1835273161385786	0.2725446819067852	0.5439280019546363
0.18094385866923726	0.26960223888665735	0.5494539024441055
0.18419832293938387	0.2658909055184546	0.5499107715421616
0.18107932018662712	0.2724478420347932	0.5464728377785798
0.1822417850863881	0.2679371464831748	0.5498210684304372
0.1841533421865706	0.26864455621050487	0.5472021016029247
0.18046105589161016	0.2741900215658013	0.5453489225425886
0.18199031224728332	0.2695849034754889	0.5484247842772279
0.18153977420217007	0.2727776237113744	0.5456826020864557
0.18012143803802994	0.2729461139408651	0.5469324480211051
0.18304911330221402	0.2761467289063315	0.5408041577914546
0.181861932869799	0.26918344110288445	0.5489546260273167
0.1828987577737569	0.2753015148707459	0.5417997273554973
0.1807682689296925	0.2730810893068713	0.5461506417634363
0.18310198945885964	0.27447822765957725	0.5424197828815632
0.18000477417491936	0.2730186018004157	0.546976624024665
0.1810731157948596	0.2754437306077351	0.5434831535974054
0.1825340830620187	0.2760690661023243	0.5413968508356571
0.18314141486011798	0.268076064002311	0.5487825211375712
0.1804401434958279	0.276240094741827	0.5433197617623452
0.18196961977918985	0.2736097254381372	0.5444206547826731
0.18451396256269323	0.2710679402793857	0.5444180971579212
0.18322918065944918	0.27473197169290886	0.542038847647642
0.18019772100336204	0.2726183838841506	0.5471838951124874
0.18547598778615304	0.2665880561135372	0.5479359561003099
0.1828407184404948	0.27650265979917965	0.5406566217603257
0.1853722914022897	0.2684384953504931	0.5461892132472174
0.1829021787583926	0.26792110733691854	0.549176713904689
0.18303570829947546	0.2665878973322546	0.55037639436827
0.18452983491700858	0.2743545036252832	0.5411156614577083
0.1809767787960214	0.2721938799674656	0.5468293412365131
0.18073956557762177	0.2696554526837144	0.549604981738664
0.18396528290101002	0.27278857834779535	0.5432461387511947
0.18550647721980465	0.26846237778164134	0.5460311449985541
0.18446549393781747	0.26603440630496755	0.549500099757215
0.18156713320177012	0.2682938881993938	0.5501389785988362
0.18221163275023272	0.2762821962367182	0.5415061710130492
0.1835520864000505	0.2695475982359772	0.5469003153639724
0.18375970907745906	0.2697387807186221	0.546501510203919
0.18122322658404133	0.27338159308653576	0.545395180329423
0.18044180288069667	0.2721232714970109	0.5474349256222926
0.18394803643152624	0.27018834698824945	0.5458636165802244
0.18010287232179392	0.27451699200203467	0.5453801356761715
0.18408717577279396	0.27168690226620396	0.5442259219610022
0.18058850448856942	0.27288932886674144	0.5465221666446892
0.18340157612702584	0.2684379618130068	0.5481604620599675
0.18226978998790114	0.2691138243021625	0.5486163857099364
0.18130114182397283	0.2716184170718092	0.547080441104218
0.17996439464942818	0.2711179817326607	0.5489176236179112
0.18061584413621348	0.27274783606920283	0.5466363197945838
0.18410695694361887	0.2718803929112882	0.544012650145093
0.18005369105829044	0.2760868383242849	0.5438594706174248
0.18504007711075873	0.2724973701699225	0.5424625527193189
0.1817904695761384	0.26945139435736776	0.548758136066494
0.18018338492664548	0.27006272234651807	0.5497538927268365
0.18299765716278313	0.27047388588743226	0.5465284569497848
0.18122392750431018	0.27036532467769536	0.5484107478179946
0.18009141369088913	0.2697480240880649	0.550160562221046
0.18058316453044365	0.2724404741343226	0.5469763613352339
0.18188554697699963	0.27704297523989685	0.5410714777831036
0.18008527091833826	0.2743297183068696	0.5455850107747923
0.1832485032179086	0.2738315932147743	0.5429199035673172
0.18361981564155852	0.2698901205609268	0.5464900637975147
0.18451414409462202	0.27409081550332703	0.5413950404020511
0.18214690036014491	0.27366527436408655	0.5441878252757687
0.18136864355419213	0.274956238190909	0.5436751182548991
0.18451473863852996	0.2682877131783635	0.5471975481831066
0.18367206575969838	0.2674230832840495	0.5489048509562522
0.18509821706096805	0.27247327000288063	0.5424285129361515
0.18257031271479288	0.26768461968738777	0.5497450675978195
0.182745657464779	0.26956831286079974	0.5476860296744214
0.18176498774367478	0.2730223723022347	0.5452126399540906
0.18086980523368335	0.27460021472607754	0.5445299800402392
0.18549003717928	0.269809631962873	0.5447003308578471
0.18212685613171373	0.27345534719999376	0.5444177966682927
0.18429368604541094	0.26880823579819296	0.5468980781563962
0.18252186995669817	0.27563463475165656	0.5418434952916453
0.18059123882280537	0.27287197160794524	0.5465367895692496
0.18547493127197318	0.27329166999152543	0.5412333987365016
0.18046913391893074	0.27036830354237196	0.5491625625386973
0.1836776218000512	0.2661851446920415	0.5501372335079073
0.1821088478260663	0.27697632741025174	0.5409148247636821
0.18315683575288505	0.27149905547138486	0.5453441087757303
0.18536052029771707	0.267343487827169	0.547295991875114
0.18182224739139488	0.2767276420528636	0.5414501105557417
0.18453743133325243	0.26954996780822427	0.5459126008585234
0.18227278473715444	0.2695068315783355	0.5482203836845102
0.18148427953755603	0.2725078384637716	0.5460078819986725
0.18414786946955494	0.27230428309101185	0.5435478474394333
0.1826041025892411	0.26892181661208514	0.5484740807986739
0.18335146929084525	0.27054102659080626	0.5461075041183485
0.18253213681479644	0.2746729795141382	0.5427948836710654
0.18248752826702425	0.2686696472634627	0.5488428244695132
0.1828832916291706	0.27287478852756647	0.5442419198432631
0.1814051399620095	0.27270344625845117	0.5458914137795394
0.1799817000467157	0.2729185975829078	0.5470997023703765
0.18467531514322474	0.272150293060802	0.5431743917959734
0.1845640281600312	0.27403736198360196	0.541398609856367
0.18451157752772918	0.26874384049611505	0.5467445819761558
0.18077243683833003	0.27502465842007706	0.544202904741593
0.18521270368207454	0.27248559173308495	0.5423017045848406
0.18407439397905215	0.26676949955043744	0.5491561064705106
0.18203820618885425	0.270726682553899	0.5472351112572469
0.18173213289838766	0.27482766432319594	0.5434402027784165
0.182484669669934	0.2761647841429594	0.5413505461871067
0.1825674235544369	0.2696966757667722	0.5477359006787911
0.181012253036552	0.27040391116850754	0.5485838357949406
0.18239767055233677	0.2713543260696817	0.5462480033779817
0.1850335193995368	0.26633265145693963	0.5486338291435238
0.18311432643870332	0.2687873318035298	0.548098341757767
0.1848759438729607	0.27015364108825796	0.5449704150387815
0.18097137822680737	0.27186679062159935	0.5471618311515933
0.18101695853993188	0.2747013358758037	0.5442817055842646
0.18278335252281402	0.2691826576903517	0.5480339897868344
0.18450403442278368	0.27314711029916544	0.542348855278051
0.1855316973777341	0.26766033515541093	0.5468079674668551
0.183748434925022	0.2749879770245976	0.5412635880503804
0.18352433258952633	0.274030358531841	0.5424453088786327
0.18266134713318752	0.2698042891257699	0.5475343637410427
0.18367353542301793	0.27060911706970087	0.5457173475072813
0.18176690220120556	0.2680992836152207	0.5501338141835739
0.1831919959986866	0.27293852514179556	0.543869478859518
0.18335278747168826	0.26604932858582986	0.550597883942482
0.18116917996357865	0.2723580809375722	0.5464727390988493
0.18428484838814324	0.26897238171313215	0.5467427698987247
0.18397468082211374	0.2735898305079798	0.5424354886699065
0.18374166872059636	0.27313938415928807	0.5431189471201157
0.18211718097650068	0.269807636369753	0.5480751826537464
0.1811049854119981	0.27239181522666894	0.5465031993613331
0.18524709495000155	0.27042227612055103	0.5443306289294475
0.1824929467941174	0.2671165250051631	0.5503905282007197
0.18332508323027813	0.26622394479518535	0.5504509719745366
0.18370180706381653	0.2699393481700657	0.5463588447661178
0.18132955993948988	0.2706232180139297	0.5480472220465806
0.18048013657984424	0.268926239973868	0.5505936234462878
0.18068327087413885	0.2726280412726186	0.5466886878532426
0.18554385513292934	0.27031898476936145	0.5441371600977094
0.18301655205384665	0.2716839985320653	0.5452994494140881
0.18356839349151677	0.2695768486025638	0.5468547579059195
0.18212323436989494	0.26772156681600184	0.5501551988141034
0.18342691222425145	0.27541911525600876	0.54115397251974
0.18534789727478046	0.2671121455180457	0.547539957207174
0.18287868620916536	0.2764254646319107	0.5406958491589241
0.18188594717044637	0.2744978657124244	0.5436161871171293
0.18171319175225228	0.27528965511846587	0.542997153129282
0.18505429396366418	0.2681632094050538	0.5467824966312822
0.18213650268547463	0.27009475197658706	0.5477687453379384
0.18225840014758532	0.2690404892353819	0.548701110617033
0.1801142106933829	0.2718266906634474	0.5480590986431698
0.18427150851061713	0.26819927892643514	0.5475292125629478
0.1821685600074944	0.26913989494506074	0.548691545047445
0.1812514060725677	0.2688748423623083	0.5498737515651241
0.1828413143571435	0.2719517382075438	0.5452069474353128
0.18205207350631417	0.2698407406183781	0.5481071858753078
0.18305399017320564	0.2735164405098385	0.543429569316956
0.18462401276576612	0.26718635344753694	0.548189633786697
0.1835933047195926	0.2748651388693889	0.5415415564110186
0.1836575412495361	0.2747407889891265	0.5416016697613375
0.18081769532726413	0.27206964546875145	0.5471126592039846
0.18137251261489978	0.2750343304832826	0.5435931569018178
0.18342892399399238	0.2677755281848998	0.548795547821108
0.18183632490083823	0.2737950651727146	0.5443686099264472
0.1814015501486711	0.272393220414508	0.546205229436821
0.18115835300953395	0.27146534962895247	0.5473762973615137
0.18144186071370438	0.26970362927785985	0.5488545100084359
0.1812069896609504	0.26998597178827327	0.5488070385507764
0.18144403366952644	0.269966483122612	0.5485894832078617
0.18199144151493965	0.2753009388138215	0.5427076196712389
0.18515309867688473	0.2737473908218359	0.5410995105012795
0.1810467660477183	0.27716353686948114	0.5417896970828007
0.1847894017896789	0.2726370603950354	0.5425735378152858
0.18365964430095605	0.267934101813501	0.548406253885543
0.1828237717542978	0.26684340301698656	0.5503328252287158
0.18458367710667678	0.27027588264192254	0.5451404402514008
0.18542528043236467	0.2670028501720165	0.5475718693956189
0.1832270206857461	0.2735933133066751	0.5431796660075789
0.1818695380885556	0.27335420491433493	0.5447762569971096
0.1846482668824294	0.2690661160450366	0.5462856170725341
0.1849027646131468	0.2728399235519785	0.5422573118348748
0.18200385843909306	0.26825161791903324	0.5497445236418739
0.18476239891667934	0.26690763879128276	0.548329962292038
0.18528145353906683	0.2661276789313659	0.5485908675295673
0.18407510736574165	0.269405824366568	0.5465190682676905
0.18197323142824354	0.27513855768622997	0.5428882108855266
0.18157320909978314	0.2743545442076447	0.5440722466925723
0.18285655297101636	0.2689707258196069	0.5481727212093768
0.1842941776909477	0.27001596301571806	0.5456898592933344
0.18370615294136694	0.274664311022032	0.5416295360366012
0.18541006970184773	0.2664445419561303	0.5481453883420221
0.18285978064197753	0.2745202458395549	0.5426199735184677
0.18545201535760555	0.2731165633961913	0.5414314212462032
0.1821709591968916	0.27258744371698385	0.5452415970861246
0.18425404075176288	0.2687057014134723	0.547040257834765
0.18403736067024123	0.27505711792281	0.5409055214069489
0.18379095063708906	0.26855861721065777	0.5476504321522533
0.18387854371272475	0.2702714280771578	0.5458500282101175
0.1826466716931158	0.2680312651141815	0.5493220631927028
0.18298184338690054	0.26805767661696084	0.5489604799961387
0.18134424789678796	0.2775115481086816	0.5411442039945306
0.1807673482619226	0.2748073041490334	0.5444253475890442
0.1849384651486553	0.26953114830151315	0.5455303865498317
0.1847501692386191	0.2741254684788129	0.5411243622825681
0.18041953714972597	0.2739282041519033	0.5456522586983709
0.1827528324682914	0.26684814698351433	0.5503990205481943
0.1822359454243042	0.2771846161892219	0.5405794383864739
0.18237907941753198	0.2673945429508044	0.5502263776316637
0.18453107949081662	0.268794050284758	0.5466748702244255
0.18414289542242787	0.26636459587193584	0.5494925087056364
0.18381174284046575	0.26859973569565665	0.5475885214638777
0.18054823104921244	0.2753707667882832	0.5440810021625044
0.18128767677716462	0.2771099694917006	0.541602353731135
0.1851964079327792	0.2724336517491481	0.5423699403180728
0.18272439760691253	0.2726275330074588	0.5446480693856288
0.18307520877882894	0.26671975272822457	0.5502050384929467
0.18094932832869234	0.27228920769052384	0.546761463980784
0.1853607562406292	0.2709873810762506	0.5436518626831204
0.18410857772575806	0.270229647559871	0.545661774714371
0.18555240977997656	0.2723222017175654	0.5421253885024582
0.18104981076688637	0.27340489939349016	0.5455452898396236
0.18198841347222783	0.2706185642526805	0.5473930222750918
0.18475643434769443	0.2736753006672683	0.5415682649850374
0.1809330444154247	0.2773145337736178	0.5417524218109576
0.18253529165355303	0.2678189938398995	0.5496457145065475
0.18376380298048542	0.27476994693548135	0.5414662500840333
0.18161559437047264	0.2741141709579584	0.5442702346715691
0.18338105932966048	0.2660475518404753	0.5505713888298644
0.1816637960154292	0.2762945917262436	0.5420416122583274
0.18008406291294216	0.2742292001343003	0.5456867369527576
0.18357068679786537	0.27576645017211154	0.5406628630300232
0.18178419943787483	0.2699216582392612	0.5482941423228642
0.1842155420989528	0.2679805149595331	0.5478039429415142
0.18455927537136083	0.27090223450166423	0.5445384901269751
0.1811539260266723	0.2767785861480821	0.5420674878252457
0.18009842436486134	0.27234939980924694	0.5475521758258919
0.1803974553247374	0.2695141836335519	0.5500883610417108
0.18468500811017363	0.27110373325606746	0.544211258633759
0.18120875514677343	0.27422246562840896	0.5445687792248177
0.1818565432266012	0.27158015015133075	0.5465633066220682
0.185267424362729	0.2686275253411604	0.5461050502961107
0.18478872962830806	0.2691473123057143	0.5460639580659777
0.18118388223655493	0.27675162679166704	0.5420644909717781
0.18012102515710213	0.27478925222667383	0.5450897226162241
0.18464190611659775	0.26890468435852877	0.5464534095248736
0.18360079759982895	0.27247146433542385	0.5439277380647474
0.18004811105118174	0.27698886012900775	0.5429630288198106
0.180296959765577	0.26917062599015845	0.5505324142442647
0.1818285332145732	0.26824875891875527	0.5499227078666716
0.180301154689608	0.2721704193854008	0.5475284259249913
0.18250132711449682	0.26958096481658333	0.5479177080689199
0.18323163693789682	0.27275295304057223	0.5440154100215311
0.1805996283922699	0.26943546312480826	0.5499649084829219
0.18176594028971893	0.27501077358832526	0.5432232861219559
0.18456571721598714	0.26685145412446015	0.5485828286595529
0.18381047626505675	0.26965499440004004	0.5465345293349033
0.18450195601611766	0.2680694413579423	0.5474286026259402
0.1807451010503732	0.26861013625737384	0.550644762692253
0.18231465375937334	0.2761757046101761	0.5415096416304507
0.18125923401954233	0.26884775287101936	0.5498930131094384
0.18188482940214012	0.2740419468114721	0.5440732237863879
0.18073391850928802	0.2687517278964966	0.5505143535942155
0.18494335101285153	0.27077996988052944	0.5442766791066191
0.18125786924613474	0.26996301090938746	0.5487791198444779
