0.023519817699294746	0.02506224748009045	0.20678589628021482	0.1340011296138078	0.09006643015313023	0.19309841054901694	0.08008411765387129	0.052798800294409316	0.037158874112076884	0.15742427616408755
0.06955153443446344	0.11761509596579696	0.08732718588973466	0.12697360524853918	0.0698245117506901	0.1913562249139471	0.08468596010286847	0.05625532327009278	0.03330373014841678	0.1631068282754505
0.08884739163429939	0.06709009261918855	0.20247027978992505	0.08060356921066637	0.05691075372374793	0.19451208826055028	0.06556804235211054	0.04286013878165832	0.04301933240990336	0.1581183112179502
0.04272363610744025	0.1672236137131384	0.06171378324926556	0.16781062342312036	0.08595884966443978	0.1805721980022135	0.08066652136513203	0.03811776914859106	0.03542599645064341	0.13978700887601564
0.09405212886545275	0.06866782001066207	0.0798162156464679	0.1302095471565598	0.09240030448938807	0.22416941658529915	0.07868645627356857	0.03744571478373096	0.04369423022309861	0.15085816596577206
0.10131659363221002	0.036016911040638436	0.12223956110825265	0.1418446749954969	0.0665373572546306	0.21884817158991088	0.07913426950411584	0.03769765382688696	0.032098617287077094	0.16426618976078056
0.08170344064097243	0.07233980749438881	0.13287438483585762	0.10056002189376721	0.08702065833933202	0.20364064832094544	0.06647454085784105	0.05614064133118191	0.04106510408100439	0.15818075220470906
0.022263600055620197	0.04542843180958642	0.2683229298535721	0.14217560745967478	0.047540971786498305	0.19683454983835275	0.0663993533149937	0.05070025680863586	0.03567498852262489	0.12465931055044098
0.07711329785035288	0.1330811731842068	0.15520437623528288	0.11836211782723496	0.06047640826623624	0.15079666142577983	0.07298748284212785	0.04123793986624878	0.03799091429280268	0.15274962820972712
0.18489598978149271	0.03741412149705042	0.16759913281572408	0.10442811209899988	0.06284444988236679	0.16125979098088578	0.06708146337276977	0.04225063264419909	0.043587016091730255	0.12863929083478104
0.12345150713670702	0.15009990670909112	0.09014290090689502	0.11515136168341102	0.07213599501299234	0.15616948835760808	0.07103312098227932	0.04506660981310439	0.04380008333999733	0.1329490260579143
0.1567787393313853	0.060679470762335874	0.19626804892268512	0.09286919186091719	0.046316137735790575	0.16049955148564626	0.09073348477388977	0.03965351500420557	0.032944229543591386	0.12325763057955286
0.1152622260874435	0.04578669873348786	0.16953040159400393	0.14253285320620215	0.0802674338039667	0.1487864655894565	0.07300947674297041	0.041792089481227104	0.046704571756877034	0.13632778300436474
0.10558100071944651	0.11052057730916447	0.14449965467742126	0.12688634756111594	0.053257419536248914	0.156290456523151	0.08399014600129028	0.05671607777733228	0.04346453952377743	0.11879378037105187
0.13113736546483162	0.12865732734061114	0.05945247164261126	0.0691195209827985	0.08588817788557677	0.19764542211580388	0.08295073272353601	0.056251468631418056	0.03991786832587744	0.14897964488693521
0.1379245066215152	0.06941786290782223	0.08278767467498394	0.09012067271759486	0.06968306364839123	0.22310334325179643	0.09317528236763077	0.0509866251433008	0.039229881005775895	0.14357108766118853
0.22356939642864976	0.016664891765898207	0.051694595860151946	0.10926710768400885	0.05950651428822473	0.18900273959058825	0.09363111092990922	0.04681264935581772	0.04613512627820486	0.1637158678185463
0.2498733246424113	0.062050149486734624	0.07718001261731547	0.07010986544676495	0.05960868687657604	0.1883644246751642	0.09274669417330662	0.03794916129815562	0.03329689422132581	0.12882078656224516
0.17880840906856782	0.052870981231768456	0.1056081534241244	0.09512285488598653	0.0935144029643474	0.19398883185003096	0.06774412443760017	0.045318615654470984	0.046407588945084975	0.12061603753801818
0.17771618167443462	0.11394196580050472	0.08780687984521146	0.0967815521090369	0.06471075160556874	0.18064712883828327	0.07790776987948628	0.043823412637019034	0.034781447664123916	0.12188290994633094
0.10546696713805431	0.1581995694503719	0.0528568980328079	0.11656014186921783	0.09180056523206997	0.16567957121411714	0.06753296272673058	0.05032302240793113	0.034904221684551054	0.15667608024414814
0.029016145736229848	0.10496138475565282	0.2428694118826798	0.10377742210635225	0.059632656714128714	0.16085386542580415	0.08480363135310248	0.04581021947952493	0.03805000749950616	0.13022525504701885
0.04080378429361363	0.034558563458682856	0.15731203936889393	0.15944922451904614	0.05765671413194252	0.22350196326634894	0.0871245190848978	0.05115925030278346	0.04681081456215059	0.14162312701164018
0.14726409539091864	0.02770545896160992	0.19296733320674078	0.08288649167064865	0.05206303318514634	0.21150322205364502	0.07479611395649058	0.057262841507297796	0.03347051867037226	0.12008089139712988
0.18649978649353766	0.07771750341770337	0.10632046348690595	0.07260041228765922	0.05119168821177888	0.17113259046705617	0.09234756852557302	0.046860225398226964	0.04564294475886345	0.1496868169526952
0.14567949452679618	0.07130823335729347	0.0542635345578491	0.11195714885764542	0.07111057590051967	0.2175319012492053	0.07035437188171412	0.05549047365917825	0.04063023570007236	0.161674030309726
0.10168079551118075	0.05044339710523609	0.07511584424954243	0.17132703397306287	0.09216292123367716	0.19240936045106263	0.07150719959169917	0.05360676321307251	0.03556817827159886	0.15617850639986747
0.10357957980752937	0.07757660111524495	0.12045202541023686	0.15784892475014786	0.06010068866133076	0.1897707444574991	0.08609001009499072	0.05074557244680551	0.03301809325073894	0.12081776000547581
0.2559513929278446	0.02631248486081504	0.02919383062049806	0.1043634927464391	0.09362443011962071	0.19299586656687595	0.07564207593786626	0.05376247584281796	0.04114465440815221	0.12700929596906999
0.14932382680593587	0.10611715640379624	0.015908447916549592	0.10825644789895995	0.0666943019295996	0.22241471370537277	0.08705436892572196	0.05054978229940943	0.04101457924247069	0.15266637487218376
0.14999627098363227	0.13926975278597586	0.09017717690643971	0.09262448878376131	0.07146760840859628	0.16273539058961412	0.07281901389735086	0.040088379986938885	0.04537698541247878	0.1354449322452118
0.07588352151561836	0.16058602606351666	0.08285395983838138	0.1071583567474207	0.0794470634439002	0.20730666197964367	0.08700751341148155	0.045531108523959196	0.030818117039620063	0.12340767143645819
0.08326473742275994	0.16344117427530752	0.07239142021276723	0.07081639591260189	0.06462683648534318	0.21769820766490278	0.0827912428230736	0.039365755513548394	0.04673587892708756	0.1588683507626079
0.19464096037437018	0.10161488319244392	0.019854376781302488	0.06686751971060911	0.08405243363990843	0.22411449901341696	0.07989546447246823	0.04458772474083308	0.04599025571852421	0.13838188235612323
0.1279983715617359	0.11704283023990819	0.03504456499604729	0.13423977161651027	0.07175152223349314	0.2230720511947057	0.08132627757912764	0.038799996739655916	0.03821549349338842	0.1325091203454275
0.12369233302020483	0.14869268311193046	0.05976973249885634	0.10809535809108756	0.05375369716936702	0.2117940472193511	0.09390491676920691	0.04193453035153135	0.03144618776064893	0.12691651400781545
0.12017345433312618	0.027389418813802774	0.17459316057818342	0.09590415480274805	0.04739116962316108	0.22519364517806295	0.08203604222444164	0.04774427591341603	0.045101829278371516	0.13447284925468622
0.07836726494478982	0.059580163078560434	0.23783494412152018	0.07607509006455204	0.05516407541660388	0.17041130196570053	0.0958048627594985	0.04265767693900343	0.044227874905169204	0.13987674580460197
0.03162100525756416	0.040702736433840085	0.2256284042776211	0.14559702882684228	0.048259592775401525	0.18313632346881661	0.0677242318945073	0.055931925089879986	0.0374929327190895	0.16390581925643752
0.10294210791191515	0.1459286814826048	0.041209752049223156	0.1350859808639045	0.08682459796422218	0.18413598151433153	0.0671062210658476	0.03884336248923051	0.039720983340611346	0.15820233131810918
0.11469776525134807	0.13696961562801	0.1323668835264909	0.09958713681525877	0.0747015369119588	0.16464376936110417	0.06522147294582703	0.046437070842128995	0.03170908637280766	0.13366566234506552
0.15249706197976276	0.08349596050555212	0.05941046056499561	0.0855420541914055	0.0794602994039165	0.21934292122562965	0.08489910425903327	0.03761452387713742	0.0439712513267615	0.15376636266580557
0.15044036929228372	0.05919782951868429	0.1587826260722983	0.10887169392928546	0.059722937754363124	0.14860265191053182	0.06770900615688336	0.056048373235594286	0.04275420103273304	0.1478703110973425
0.09811995433877077	0.12771718676060212	0.06544650381522381	0.08372834237237141	0.093183691867511	0.1674605602849929	0.09266068419212888	0.055847442404185446	0.04687950543312291	0.1689561285310907
0.06535023058930811	0.029615494161478226	0.22613164281514564	0.07601703223853885	0.09505124866550631	0.2228707495535655	0.08810557162910633	0.04005197574934591	0.03825204764918424	0.11855400694882089
0.16113100974288183	0.1078130421794551	0.07168251210736125	0.13719517147373317	0.07242800580216763	0.15638082585030666	0.09213587474634766	0.03841948969818585	0.03716113101847969	0.12565293738108105
0.1287519385591719	0.04362725902005958	0.1842708776457843	0.07097341033440357	0.0823334187748236	0.1986065006470904	0.084877717344346	0.04984804812854587	0.036129447300831646	0.12058138224494301
0.037114611716047186	0.15772102852131042	0.054053906272975426	0.1669660293750046	0.07519081134209071	0.21160165769692968	0.09332746853907158	0.04302936317952583	0.04313335899817371	0.11786176435887083
0.1234134473370478	0.11338760909759411	0.08831187821378121	0.12471204425622336	0.0469335644891662	0.2137847800531751	0.0882892335927866	0.043863451743154584	0.035419838544646406	0.12188415267242453
0.28571772667600237	0.04553003256890776	0.040662065946535715	0.08035610406841102	0.07051687673155078	0.15205549193363882	0.07846827911473757	0.05140168354451064	0.04035785008247463	0.15493388933323046
0.19174521995546367	0.06679813225510026	0.055236598490175995	0.08803192794033597	0.07084633991765242	0.19728936577542008	0.08905752811705991	0.0439722099350554	0.038893702725076924	0.1581289748886592
0.06212152323063459	0.16414622691007202	0.09567956934934412	0.11208924593807941	0.054206114128384254	0.17037110359880858	0.090222947347284	0.04833467578320416	0.03787907662300763	0.1649495170911812
0.023847499040737533	0.15542455152696105	0.07005617094787084	0.16776350380084304	0.046368820125455554	0.19925222612280727	0.07416091753953546	0.049080095209539	0.04441765370764618	0.1696285619786041
0.18653284244526502	0.04896695979874608	0.14091546750404954	0.08568058099156223	0.05959906251250382	0.17032703159029694	0.09188707776398411	0.04435544519829622	0.046115146220478784	0.12562038597481706
0.05793387932283173	0.044090904575124636	0.22491264304821687	0.08964169854256226	0.07728039875573267	0.16460197916421737	0.08933399693664687	0.054586068994574334	0.04247369683708966	0.15514473382300356
0.11188409439741484	0.07654177334462328	0.209739091697204	0.06679300845398058	0.05162928114095669	0.1720914706571443	0.06252308415995625	0.05043017900443273	0.04344566565489685	0.15492235148939038
0.14662770138428582	0.1563041536431308	0.023371062857898972	0.10950043524843593	0.05361344604110705	0.18259193405940605	0.09121013799699616	0.041528386153068884	0.03906635496606417	0.15618638764960605
0.10632024352808696	0.08503913178901576	0.01574471557700556	0.16708144897147	0.08260223665866802	0.22382340504148632	0.09284153019990793	0.04544400316947953	0.040491534124931304	0.14061175093994854
0.046471028754261276	0.09247856199673138	0.18695138255198923	0.11227378296096538	0.06964308963247978	0.18573568787867428	0.06854117673228198	0.04560815827498362	0.043705986727118874	0.1485911444905142
0.04266903400641142	0.026165377300958373	0.29377973873925733	0.08350164181031346	0.08921443318003858	0.17137639104939156	0.08238784214729657	0.05524393168657345	0.0351332159475643	0.12052839413219493
0.09626704442624516	0.07468283218991449	0.15286904678160837	0.08427085073668913	0.07723557001783948	0.1861024099541772	0.0953794233930807	0.0401030135882578	0.04506601295878035	0.14802379595340726
0.06426517674737173	0.10720423492019818	0.11121659857953912	0.137152233767769	0.08082865599071937	0.2080867617531196	0.07754229752565983	0.03966698894655909	0.03920459542453147	0.13483245634453261
0.02391382332994689	0.12044699008581003	0.14799625148062379	0.12745461332666963	0.07893877962997625	0.20097117827764088	0.09482454986494208	0.049562505584552066	0.03654461316146333	0.1193466952583751
0.0950689403398993	0.048315308622085676	0.18580182440990017	0.12054478871540071	0.07965797895005744	0.15225503774625904	0.0953180238847144	0.05641157495827092	0.0412935884050224	0.12533293396838993
0.10722274131526102	0.061415064687393016	0.11355447674523983	0.1221504338417107	0.07443056876521681	0.17105849056598546	0.08813641197788946	0.05548076179420621	0.03791656189334614	0.16863448841375128
0.026957791710063475	0.1495103410341253	0.08533900914523618	0.15549749484858788	0.054609432112892764	0.20812753054814737	0.08657521272318308	0.04541429217512951	0.04279976717361831	0.14516912852901614
0.05131271044534655	0.1529405890429546	0.10999368325326493	0.1566116858098856	0.06562054672043632	0.14979640874330485	0.07113306161633616	0.05164855995422823	0.03677487936350919	0.1541678750507336
0.10854833487875273	0.10104920530329162	0.19837205076224032	0.08751502289500143	0.05177896963432187	0.161074973636394	0.07306140280221891	0.0507854921947889	0.04667312386491131	0.12114142402807881
0.07586663742085391	0.15942298310127573	0.17909957157412126	0.07455074055486711	0.0753136912919132	0.15389275740333688	0.08154132297595805	0.044755375513286816	0.037982656442478224	0.11757426372190878
0.17593051562250217	0.08506832583867997	0.04351033841035231	0.12654905571627761	0.08790238448115684	0.19315460873813994	0.06858870804412054	0.041920747755104945	0.04595784226313674	0.13141747313052873
0.2565886537121544	0.05042358469341368	0.02140961230301458	0.07654810728192446	0.0748649792376869	0.20807590032258308	0.06463410765180752	0.05337062618303426	0.03986771281887036	0.1542167157955106
0.052493198910371325	0.08463711119887493	0.1842158069447477	0.13465569766229388	0.07385162496332714	0.17120854358667814	0.07175827916254784	0.05260958521739836	0.039005752617838556	0.13556439973592216
0.2114728969824135	0.049652102487999644	0.04500020887113386	0.10893239737563686	0.06967801105768709	0.2134140333754993	0.0772228169492451	0.04416249326263853	0.03146757269441282	0.14899746694333316
0.22967023738957876	0.0197930017468963	0.06619125895140746	0.09109023738402464	0.09245087154361843	0.19118677132342524	0.08500189595433073	0.04393939314805742	0.04691234238856243	0.1337639901700984
0.1974592152706815	0.03354250166210987	0.09011957151766244	0.12406287493600013	0.0794777029607443	0.1716511064445405	0.06517303752618872	0.05299082120493226	0.04280374727957077	0.14271942119756936
0.18042358850814455	0.09103176347627198	0.11748762049930223	0.10195501577727599	0.05308609384479011	0.16205271412664954	0.09039649861070037	0.04518568999483606	0.03790920841384308	0.12047180674818594
0.2028545122681764	0.0995801930113776	0.039202803677606174	0.10961292214061867	0.07776867000480693	0.15519566772967852	0.09450654676484255	0.05588812224136961	0.03450826740862087	0.13088229475290244
0.06392583349159937	0.10837236802417581	0.16129650303649481	0.07146044360785536	0.07325717563847141	0.20155000867003264	0.08639643652795824	0.05132525797199731	0.03517631537602192	0.1472396576553931
0.2135412684113375	0.04263263583169874	0.04053524035519594	0.12517024240077462	0.058159106214900454	0.2060212256175702	0.08948384056615867	0.04551084983348368	0.038929599366711115	0.14001599140216894
0.17636252659743673	0.1288491728434562	0.03788345200934781	0.1112846407659274	0.05472377931218185	0.17139241340580388	0.0715032008470677	0.057286363977769914	0.043105541373704835	0.14760890886730355
0.03277230322833659	0.03466106019477683	0.19842512944332996	0.12525386524101634	0.05881978146848917	0.22066440173964014	0.07725414740622807	0.04578504884205336	0.046854071604215446	0.15951019083191414
0.16510647054696256	0.031413758594349236	0.10674481339103031	0.07414414947821396	0.07373073028889968	0.21829062866070315	0.08604017190633916	0.046427607391883965	0.03636677244597736	0.16173489729564045
0.23103140792546817	0.04562124188647232	0.1426863845145333	0.07564760567978676	0.0776617422776203	0.15258391454957332	0.07562346175700133	0.03839741899020263	0.03829143973161278	0.12245538268772893
0.13356018551743948	0.015632320063432667	0.20859322628183213	0.08242703201300436	0.08662470838726227	0.16558934335745862	0.08248384997285332	0.04514619160329489	0.04264284070760305	0.13730030209581917
0.06627002334514077	0.03064318495985456	0.18959123127863736	0.14861256792777827	0.07456893728632445	0.19363054763455823	0.06815850650780808	0.052190523925764475	0.03264155725953727	0.1436929198745965
0.1028422162488819	0.15485487524704836	0.040737189018798206	0.07888350969030523	0.07466443040288237	0.2093973809512037	0.08804305006235481	0.05258632976739694	0.04485083262400198	0.15314018598712636
0.0889295823398202	0.09205406716010928	0.10632434845544059	0.1226061904604622	0.08126044078497892	0.20677191907189907	0.08142750369136191	0.05550899223774153	0.039875630548785616	0.12524132524940068
0.12262479215699537	0.14374005853291455	0.0809894710691855	0.1095681656033982	0.06259279039263335	0.21109966573813532	0.06192353291033862	0.04161949498882795	0.033220722733911315	0.13262130587365972
0.09491815405847417	0.06520192993202027	0.12527878555784766	0.12158335767588119	0.08670336297507175	0.21642175435091515	0.07439332978015573	0.047882391849548955	0.04690115547792699	0.12071577834215809
0.10774674383862927	0.068180508300271	0.1760451594179352	0.07340781883550358	0.05628220328311027	0.21797268624727045	0.07221334910750611	0.055108824032531166	0.03751324517498808	0.1355294617622548
0.03979789834541209	0.029289028410439677	0.25115491204378915	0.11853813078012847	0.08347434306179213	0.1597634757303194	0.0734929019891204	0.048857488917915075	0.046183572995710694	0.1494482477253729
0.05189286753888335	0.102656434163336	0.09804155170876924	0.16598195975005103	0.08097124996205617	0.1880232395341454	0.0720283696155692	0.04922852101797476	0.0457362182668372	0.14543958844237762
0.07459602704058443	0.019945357140619138	0.16469372927927156	0.1631548000603127	0.08873593763322113	0.18378743887760057	0.0625315262456011	0.05124127430984432	0.04020345603681875	0.15111045337612633
0.06889706656703953	0.07346826605956433	0.14406031721543522	0.1253499140958262	0.09562473377362063	0.16917621881535388	0.06808365732196131	0.057920278051976415	0.03493826982262874	0.16248127827659378
0.14172569459791395	0.10540655965674	0.05071874304286653	0.13322137764704636	0.053431164143322586	0.19426818954535474	0.06597842437853504	0.05211963225349425	0.039144170807779315	0.16398604392694716
0.12818648031695834	0.09576342525641862	0.08681287633464257	0.12774143470347632	0.08795196934682706	0.1618173010870903	0.06544228177201569	0.04551349639991693	0.042109597080297635	0.1586611377023564
0.1371875986107256	0.07588482618304516	0.13519727194550632	0.08242052604054748	0.0561712385507216	0.22377530996899672	0.06187382758203252	0.051194620178389626	0.03534154451937491	0.14095323642066002
0.2094450097369202	0.05830251345745945	0.02392148258404489	0.14646212037245634	0.08080148327446501	0.1599261566431046	0.08048985942973653	0.05804936862068419	0.04085731371258356	0.14174469216854502
0.08130410148005593	0.14430160148991422	0.055284918751171294	0.1413980913558588	0.09309205732868414	0.1589594139266527	0.08401320199284146	0.05406476565460678	0.03533061411095843	0.1522512339092562
0.0688223461958883	0.1681184970888327	0.06777869063930553	0.14154846959535644	0.0638871791352914	0.15771497245411445	0.08832686693882646	0.04560578320135914	0.03563547185858708	0.16256172289243842
0.06579636370338679	0.016812139861317424	0.16565078614976997	0.14348083293965413	0.09477116364425238	0.18258227213320932	0.06595273611017116	0.05623343961266486	0.040640187662520075	0.16808007818305384
0.14638389774715937	0.03251776288081426	0.14681273540758977	0.09574053612867199	0.09006854170514136	0.16094447347703839	0.0816513414206349	0.0486396402043355	0.04278826912335557	0.15445280190525876
0.030641751632950603	0.07731082671589452	0.23200213848960083	0.12940552058364224	0.05842581061797223	0.16606695141102512	0.09048659519871263	0.04183851533055398	0.04603069944922295	0.12779119057042485
0.29150597763715563	0.02009350844707687	0.04439566626836359	0.08728576820541536	0.07016484010139204	0.18254539014298105	0.09343553143564012	0.056244961785016624	0.03415449721147801	0.12017385876548053
0.12001636345142282	0.08055465550759489	0.09648074635768163	0.08796319932678709	0.07103886932960789	0.21583762047506477	0.06685125239701509	0.05734444222204066	0.041655228269039876	0.16225762266374524
0.11750727627017354	0.05441888136584989	0.1271469337254863	0.12609609986161607	0.058967331680494436	0.20711876765652826	0.06333427595843594	0.0505654888059293	0.03316597678371558	0.16167896789177064
0.1659282351869878	0.07124600440545736	0.06749353007487859	0.15567610629169032	0.09470760362739734	0.16843122387981657	0.06943626300600217	0.03741174933957159	0.04619435778762078	0.12347492640057738
0.029678724023681283	0.0671473553587183	0.23687951135761998	0.10485237150386842	0.08667622746185889	0.1825394109153381	0.08322569974941421	0.040905630577290526	0.031129096537629866	0.1369659725145804
0.06958421236047962	0.12363999418849399	0.1782628410625022	0.11751250832212848	0.06202937315976749	0.16888217559487623	0.07139648594812772	0.04462309640939047	0.04038832581710546	0.12368098713712836
0.21704773963640916	0.03900995606577069	0.058315652129813565	0.11322233400506254	0.0917077364243012	0.18909163146109947	0.06479899909880059	0.055861234487397216	0.04498230263222974	0.12596241405911565
0.030267391999089607	0.040260073658075955	0.18075070017127187	0.13541976192013494	0.09370094719310461	0.20637615988506688	0.07655245351531459	0.057679871940763475	0.03405282018196501	0.14493981953521307
0.16000753401290918	0.028156002951034362	0.12875255687148313	0.1133500843284706	0.06642207296701402	0.195870645696137	0.07198280886327227	0.03943607980164328	0.031246275506149335	0.1647759390018867
0.079300193276263	0.15325938440174108	0.05836656343294806	0.16311700144381974	0.0895613650083801	0.15137429687674323	0.06948646736143843	0.052763723749454	0.03933638764444745	0.14343461680476485
0.16328921772112426	0.15353524585022635	0.07229320235527548	0.11657708063628772	0.04798370225240693	0.15189218573300609	0.07283805209286798	0.04629415136196257	0.03687887831561468	0.13841828368122783
0.14387590240939596	0.015265747510169125	0.15735576425161246	0.09592744672107872	0.05706305853535605	0.21916904588324282	0.0899250993918661	0.04480832523746512	0.03879434796892647	0.13781526209088707
0.19309157297039545	0.014266101747356041	0.09383184830279762	0.09434230439989345	0.08574324165153607	0.20342656555717217	0.07751271139980649	0.045726270831119194	0.04135500683950736	0.150704376300416
0.05930951560380009	0.15946228336238527	0.1234276237683599	0.13265191307413066	0.06940584341159593	0.17112805407353082	0.07911888392144101	0.04217948321894135	0.033590046962911485	0.1297263526029034
0.24263292695189076	0.11650414945578283	0.03392305835021138	0.0934767275824009	0.06296295691063092	0.14866431421005866	0.0856823018145258	0.058045422291132555	0.037662789350364836	0.1204453530830011
0.10658221624601155	0.14794207268024698	0.10618276710036746	0.07823375845523131	0.07316534370966613	0.17779980997876338	0.06420505009077704	0.05006718632893155	0.031972420143322966	0.16384937526668159
0.041982162126274605	0.16930502810345527	0.06659135305526731	0.14630930063179798	0.07499438309545378	0.15570517150661584	0.09665505599486704	0.05316852519536786	0.030877608755976102	0.16441141153492422
0.023069751039643205	0.09277931562581805	0.1852439653654862	0.07472486195502817	0.07144957332607542	0.22070960621149502	0.0813809814244944	0.05628166254869357	0.044551856369619475	0.1498084261336465
0.24241135154272753	0.07327189713510959	0.0238484572402773	0.0823372228819828	0.04616943129261398	0.21543541719324583	0.09152407396013594	0.03950285841845072	0.0328146828185827	0.1526846075168734
0.16063116548693668	0.12138422010916733	0.035197078140327465	0.0860794070011228	0.08133614955499673	0.1943943709907069	0.08671555330739994	0.05448479818129054	0.03665021876521972	0.14312703846283178
0.08898080682451959	0.04802396058034483	0.1463404657982985	0.12730202752543338	0.06423304766807265	0.22330387559646353	0.0714617494868243	0.04316522547297921	0.03935264798723689	0.147836193059827
0.11450333833634302	0.04115093904231143	0.2754702544509379	0.07745406177379867	0.04837232519795256	0.17252247716406077	0.07016940929279539	0.038954125698769416	0.04306567563538819	0.11833739340764259
0.21065315449574057	0.021145686260849214	0.08251188278088234	0.10564674607717385	0.08712726092605655	0.184814855484295	0.07799526279073751	0.0458934515607391	0.038733157045026494	0.14547854257849924
0.17070265287904846	0.04140100465308625	0.09712680685719918	0.11095688508018438	0.04748512222726429	0.20833923661006504	0.07972417957883221	0.05759906993022685	0.046863282600725094	0.13980175958336816
0.1534748407426196	0.11896394522253348	0.0509704834272783	0.08166550045001132	0.04927450693282214	0.21925926210367847	0.09424410836584426	0.03776227787188006	0.036140721176137924	0.15824435370719436
0.22316075707189711	0.014246568244464144	0.12610510509788225	0.08570766359791258	0.04972637950212739	0.15304766335767975	0.08453721753885166	0.057492783962562306	0.03918393790802007	0.16679192371860257
0.13428096305504167	0.02211378053266423	0.10965381688706467	0.17047616551683042	0.08823551152443834	0.16394099599853035	0.0882138086457274	0.04080193337338452	0.03899777353426787	0.14328525093205044
0.2658275810280975	0.057509510535821866	0.017819391643407137	0.08131971078455817	0.08070741469432989	0.2047049408562553	0.07857607124153691	0.056419665018982004	0.03634527525546084	0.1207704389415502
0.04948284025871456	0.07710778293653607	0.2611012504453284	0.073933608308452	0.06226421724931569	0.18844201878638484	0.07822763525691563	0.04797506229802737	0.040808906258304446	0.12065667820202096
0.029076628142918143	0.04051801517818306	0.282120316235912	0.09674689853248483	0.0491293023677413	0.1752441398874885	0.09546967543454912	0.049468171507449296	0.0327946798201422	0.14943217289313154
0.20456966097535106	0.015097926854220622	0.08240534954720967	0.11762633425128569	0.09307660085838212	0.17220363847214482	0.06674701558780102	0.05284470663509998	0.03300949759664305	0.16241926922186176
0.0564359797832807	0.01424548467874838	0.29336785811504235	0.06692276458078	0.06095927432937747	0.19200110239033102	0.09587741059608108	0.05629196560698434	0.03578779610174544	0.12811036381762916
0.12906249138662815	0.03577240231279144	0.10675668955400575	0.10854149649215	0.09132806780769598	0.21647525135479778	0.08972820635618453	0.050196755369861214	0.04040218229869312	0.13173645706719195
0.060399525362568866	0.03319031529276213	0.23779554515347867	0.1078439870563502	0.073239692843002	0.18027328648056118	0.07982499442488855	0.04725642261486515	0.042288073114515316	0.13788815765700793
0.199421829876215	0.024207918914086954	0.12911810684832473	0.07072108221766524	0.09468684261591258	0.20828184898117724	0.06740504681264092	0.04950069365440326	0.0358498582921629	0.12080677178741098
0.06796568630900768	0.10961209481259318	0.22511804640921895	0.06739247308190538	0.049905777423432655	0.15127871361133452	0.08174508133161788	0.04335602210417212	0.046722285984852965	0.15690381893186459
0.17313572722926168	0.0535265923249448	0.11715066857941143	0.10851244102574616	0.04831246345311623	0.19767933113130493	0.06422478162113257	0.046135751532538995	0.031072420337575193	0.16024982276496788
0.18169832457853452	0.08319453838401966	0.08144404108996436	0.08809133208124562	0.08870351745936801	0.20516525220277676	0.06842841583543138	0.049991102741605814	0.030730831490524607	0.12255264413652911
0.21802865428888019	0.015555947886150695	0.05683855850257216	0.12634262075599056	0.05380880972189527	0.21882697077726804	0.07336891976040756	0.04551666160594824	0.03823260969780105	0.15348024700308605
0.04084454499519409	0.10825117391844882	0.11967492541524923	0.1294818836115533	0.08456857131396821	0.2160833913645782	0.08121697738837091	0.05077139630290432	0.043473972363775315	0.12563316332595764
0.11940491389306807	0.04637259882271531	0.14269410717150396	0.13123402298905076	0.06532881031557522	0.17172523221666708	0.09096273431739846	0.044076426032448074	0.0393766912903642	0.14882446295120877
0.060854362391981526	0.16296468360395566	0.12430854566816112	0.11903496391690319	0.0814921656341045	0.18751582151292495	0.06367517794882774	0.0424365243062962	0.04051273450475143	0.1172050205120937
0.11090431787104031	0.13963915898689344	0.07793664895642552	0.08351920511097453	0.07967154532133658	0.20548618190382756	0.07111257245183641	0.056510016955526356	0.04363975785698347	0.13158059458515575
0.1356872116442012	0.0372536850485414	0.08570806696958727	0.1692926465167627	0.07918164368503683	0.15454031053477213	0.09316924882601235	0.05363738457637953	0.03861724643552078	0.15291255576318574
0.0822950857927029	0.15957557142779802	0.026120575270116173	0.14730387990625537	0.08030963238946734	0.1674972158795538	0.09303163052704325	0.0482885184593634	0.043658147309875286	0.1519197430378245
0.08481712697659924	0.15544186972458562	0.10357054948917534	0.09596100168929098	0.05389153025473656	0.19185879785967835	0.0819530987996581	0.04184287319918545	0.03963822181557172	0.1510249301915186
0.05123115415466422	0.15495362847666466	0.0989254949917661	0.1588002804947819	0.0685970429384313	0.15002239710823892	0.08674908439041445	0.04294903751040118	0.04438338998884077	0.1433884899457965
0.09004754896538983	0.014705672033740888	0.161129621179202	0.11128258014859085	0.0902555576217221	0.2139732093431383	0.09298956103542716	0.04727703583628155	0.0375074203465294	0.14083179348997787
0.17691334525390068	0.07671309702958207	0.0661155060245255	0.13426622318837203	0.08482804673047498	0.15082224302362132	0.08002937922919282	0.04881268579362341	0.04108834799756056	0.1404111257291465
0.2729889684895621	0.026883709459138913	0.017947902945224803	0.07929821394827433	0.07560504168102973	0.21208175445243713	0.06722791953466889	0.05017782089770467	0.040183296897374245	0.15760537169458488
0.2928528342040976	0.024729955323758143	0.045170682994153805	0.10497946437569709	0.06223449604393944	0.15201665974313724	0.07893801080884191	0.049657181183005106	0.03992054186846803	0.14950017345490133
0.18421797053868022	0.12990152589954837	0.04563720909241917	0.07733668987259498	0.04832306444843361	0.21962339613490775	0.08266454421670424	0.04375922127491311	0.03220920128877362	0.1363271772330248
0.24935460711219126	0.017218786752413506	0.016651647589778606	0.14401470978253636	0.04606287910720068	0.20640070564637136	0.07279770120969993	0.05154841751988192	0.03380786342341907	0.16214268185650715
0.12325420572100179	0.07262878181594706	0.20484941181850508	0.07477033188416263	0.07120393589848009	0.1654877434963517	0.07895724690098624	0.0404554023511939	0.03343572047128161	0.1349572196420898
0.29461768652621173	0.07817509605943311	0.02155326930456128	0.08878445303086027	0.045936532030696614	0.1728828063447578	0.0648445755702075	0.039911003721872465	0.035342725037344896	0.15795185237405407
0.02985048432666701	0.09108872427352875	0.135817750302478	0.15950314490065	0.08538704737426064	0.19236185049195356	0.07371134306954572	0.057363151688148706	0.036766619950670834	0.13814988362209682
0.08580570664648539	0.043814497200007886	0.2528851033576621	0.11313877232843694	0.049875148904490706	0.18694446121201924	0.06716490115411974	0.04453495383621222	0.033404977016689416	0.12243147834387631
0.06682500791634471	0.09767159745595631	0.1717227945697783	0.12431164866034022	0.050337249034993044	0.16668258640396605	0.08800885223406248	0.05249747034893797	0.03254755507041501	0.14939523830520585
0.05900887172958945	0.06262036769323563	0.25064154034265845	0.08526960832353056	0.06346361609537002	0.19391555566070104	0.08075337766255009	0.04012320282493481	0.036168897235189	0.1280349624322409
0.028794521642900445	0.0726846179836364	0.20785684397556997	0.08500976930057623	0.08211386251446853	0.19551819137457188	0.08823550952531986	0.05768423549430826	0.03327123563022531	0.14883121255842313
0.0527620601304895	0.1430185295101226	0.1344172733286729	0.09926499965815488	0.062452853356010814	0.2056156411278328	0.06293464190685147	0.055374157237740695	0.04536632969509475	0.13879351404902956
0.09787073356268032	0.10797200915577962	0.11575094687472892	0.12806372093491258	0.06727648709678996	0.16242016254166491	0.07069968893143501	0.058011803213418894	0.044559867199034174	0.14737458048955554
0.02288207198591667	0.15393641908349534	0.06029428830802876	0.14656491370268931	0.061223047797626724	0.2208426782268508	0.08843705657819276	0.05182041780049825	0.04614123865586518	0.14785786786083616
0.14877077565585595	0.06035522353904925	0.08143152281162672	0.10678823861270595	0.07742366865511946	0.21940957740653716	0.06776203100925132	0.0482620805628343	0.036310737755044356	0.1534861439919754
0.06497911883362498	0.16210798200627724	0.06577824842480587	0.15102697653051808	0.045837122950680674	0.2208181067686929	0.06304939803522717	0.045678142145574106	0.04344319605333287	0.13728170825126607
0.23498610820598087	0.10753442108861012	0.02966763104851848	0.12267474197778691	0.05479505942036223	0.16244798748343964	0.06683586860101363	0.037617569621549315	0.039707538929087134	0.14373307362365145
0.14866448385614706	0.10293498398968653	0.11669110292106277	0.09825155140557733	0.04839065329726781	0.18637808614520796	0.06851617551168243	0.04744932779788462	0.042565024050573774	0.14015861102490962
0.10106146312807159	0.040093838752949765	0.15018087086863507	0.13214184131942433	0.08861919978675653	0.17523216691419435	0.09605417784006787	0.050855387147889904	0.03662286297578218	0.1291381912662283
0.1057549236956839	0.1091648461506563	0.050272993116736754	0.10826982407376068	0.07928744129955317	0.21391680639851673	0.06982487113383001	0.056354555734876494	0.04056968689908767	0.16658405149729824
0.16287423411110263	0.11569924352088468	0.022352706377730777	0.13052576381706438	0.08284260614416805	0.17689537684281875	0.08518407460992139	0.041841820438732885	0.03547802977427332	0.14630614436330305
0.1522570572116407	0.1414915040415235	0.01696814644582441	0.12643646397570604	0.057222252516147876	0.19080000159238736	0.06805889725538278	0.04415336347648587	0.046327401809643766	0.1562849116752576
0.09032682290897477	0.044713500260480245	0.11533112860303424	0.1146699376891654	0.08928703396439563	0.20142506615749373	0.0932721311697372	0.05781920034516811	0.032284833967511486	0.16087034493403915
0.0587942791481266	0.039358963897039495	0.1476124077516221	0.15583537880769283	0.08231760839648014	0.18459137554004543	0.09505095506048121	0.042548840925714246	0.04120459371301943	0.1526855967597785
0.021305568004435366	0.0757447692059841	0.203144547259201	0.11701285871991113	0.0870846170908281	0.18285850014171132	0.0939659269538349	0.03711136331745943	0.03924968705510616	0.1425221622515285
0.2146988851483667	0.08381370087433268	0.09281172573990892	0.09142938374915216	0.06817790409666447	0.14882518891508492	0.06974092601608478	0.03957737746332409	0.0463719280546337	0.14455297994244737
0.11489092039147362	0.15253095152630644	0.047524244771521416	0.11431780414778042	0.059486786878033895	0.19465183661329977	0.08867837442827099	0.05293461849987547	0.046294259461954784	0.12869020328148312
0.1528629267582312	0.1081526070345338	0.04384301304586876	0.15576237649573682	0.07801399825233461	0.17671555453985513	0.07347418611144126	0.03750698642495567	0.04326607061203523	0.13040228072500737
0.031012975859849162	0.16901691827107362	0.08086012067817823	0.14048101143260294	0.0936472044890954	0.20208316048786815	0.07098102757264026	0.045845023931509285	0.044448798123473014	0.12162375915370996
0.027637585508157883	0.10513278287180491	0.1426397493884505	0.15039026382125584	0.095462208225722	0.18408046217635865	0.07384812792598588	0.036977064570201446	0.03287531499074016	0.15095644052132273
0.09347798780585245	0.030456133902040675	0.15493610604268243	0.1452178345569674	0.09532960927619485	0.150596628651414	0.0949071886449811	0.05526808911984002	0.04098486354360751	0.13882555845641947
0.11459063101378507	0.06445201661340029	0.11146031526632949	0.12306274397938655	0.08374999961945545	0.19422110817858226	0.09333175295231788	0.03768058139019685	0.038687804709667914	0.1387630462768782
0.18785158032587074	0.023746013240469904	0.1569996909049385	0.11615029239748033	0.08621809178123492	0.15432399747175643	0.06346017602924064	0.0417751846507042	0.031165915875965455	0.13830905732233872
0.15968965452084732	0.047096037759758694	0.10363401569660134	0.14056130415170667	0.07635051700344637	0.1749140427318467	0.06824010461142734	0.05062502971127865	0.030852557890475696	0.14803673592261113
0.13044626509736296	0.03488756807302859	0.13673536114924786	0.13255345124446027	0.047141039583535556	0.2198162303061172	0.07548366004593385	0.048733399232852914	0.043193727529188965	0.13100929773827175
0.08811211761304567	0.10843371407292797	0.1232309375374121	0.14326262013422858	0.05828125005408735	0.1636998521809994	0.07408725688056761	0.03748374032932705	0.03861994303124885	0.1647885681661554
0.06332817572552561	0.09164130398084556	0.15173834044932455	0.1481525693082897	0.0599656357123755	0.16754097764191983	0.07408633007911271	0.04229960699049634	0.03201565645661511	0.16923140365549502
0.11889674923239668	0.0664987492905629	0.11055154979512699	0.07069561245730545	0.09070991148959368	0.2226451398147317	0.0740525409113737	0.045324867661493656	0.040209179706172805	0.16041569964124236
0.258003461348526	0.04049871609649864	0.045888218257803245	0.12174909640719657	0.08618076629869445	0.15469362425878014	0.06253329706139928	0.04395159123142462	0.03543132263981476	0.15106990639986212
0.12503904089118678	0.141177830224966	0.02086183592646383	0.13072944609620646	0.04798970382636042	0.21336758483270107	0.07420319096580547	0.04865576340042454	0.036387186422542836	0.16158841741334257
0.12343664481033095	0.042669766247207516	0.1541061133911285	0.10765579180050015	0.07829926846487434	0.19744073176306395	0.06657285035933644	0.04914130089368306	0.04318781806655503	0.13748971420331996
0.20306997990818232	0.016560041491648414	0.14625339852353064	0.10165566205343189	0.079307358158513	0.15591173387581905	0.06610655378765884	0.03746634725023468	0.03759670483802257	0.1560722201129584
0.2327158873501438	0.0837862564144974	0.04356196815253651	0.06905963232071487	0.0697218107850279	0.20529068167085998	0.0644072791798708	0.04708679442156648	0.033246337213140145	0.15112335249164194
0.16011250101017432	0.13632214383486635	0.03765709267936818	0.14128945315832003	0.08983880937226955	0.1548558948329695	0.06643114422885597	0.049993486414180256	0.044495045816819796	0.11900442865217592
0.23074710678123356	0.07666527799002652	0.06381393932134471	0.07449147960279869	0.05200516783429335	0.15959105444976923	0.09020103778929382	0.05503247760470904	0.041554683074641795	0.1558977755518891
0.0926467964202785	0.12957848328488678	0.1659030602326058	0.09150586886348559	0.05783013000277584	0.15016846487534707	0.08862587249478887	0.051296750062271045	0.042578161010327624	0.12986641275323285
0.06510716062934599	0.14764505612839662	0.0459575809985127	0.14808716731992289	0.04866347774277109	0.21611789724966235	0.0708289063147723	0.05601420555402506	0.03815415297051157	0.16342439509207943
0.06955946701157692	0.043071220752962	0.23209714415931926	0.06931321307298877	0.06929030434016895	0.22244130260344075	0.07160874605798519	0.058137786432499894	0.04311876082342726	0.12136205474563103
