0.35008946941262986	0.3993480184232556	0.2505625121641147
0.3487502096482209	0.3981930079284741	0.25305678242330504
0.3494978117933203	0.39948436417669336	0.2510178240299864
0.34992587178704077	0.39978142040742093	0.25029270780553836
0.3495292051387474	0.4004524397405056	0.2500183551207471
0.3497176167975081	0.39858717655544096	0.25169520664705103
0.35005688314890776	0.39878077654566835	0.251162340305424
0.3501615307961032	0.3985124240218328	0.25132604518206414
0.34950670101639625	0.39961108979122617	0.2508822091923777
0.34973303413040413	0.39976647640073426	0.2505004894688617
0.34914872134223784	0.39845069888763285	0.2524005797701294
0.34852034627775375	0.3981065380434574	0.253373115678789
0.3486228590013167	0.3986303319539572	0.25274680904472624
0.34936533454569185	0.3985845888909828	0.2520500765633254
0.34883408467358723	0.39928217540438704	0.2518837399220258
0.3488418472478516	0.39819551179042806	0.25296264096172044
0.35006053172420093	0.3984575896648414	0.2514818786109577
0.3490856536863745	0.4001012256866959	0.25081312062692973
0.3487390217267506	0.4001345387200755	0.25112643955317404
0.3487197792736192	0.39795694063226156	0.25332328009411936
0.3481643760775436	0.3986251184138371	0.2532105055086194
0.34983748508144435	0.4003365079234853	0.2498260069950705
0.3486565193441935	0.3987347481515898	0.2526087325042167
0.3491140879822321	0.3983787444284468	0.25250716758932124
0.3494246873915466	0.39790783520253836	0.25266747740591516
0.34888367783692975	0.40038373031830343	0.2507325918447669
0.3489049761089087	0.39870983652619474	0.2523851873648967
0.3489601648402625	0.3988466322005438	0.25219320295919384
0.34902034210942295	0.40000984012745966	0.2509698177631175
0.34836547030862985	0.39919712418114417	0.2524374055102261
0.34817941756899734	0.3998930868911794	0.2519274955398234
0.34895974986299844	0.3992467666237689	0.25179348351323283
0.34939886703428547	0.39913079135677443	0.2514703416089402
0.34942051146808756	0.39950124511486534	0.2510782434170472
0.34994363252578775	0.39952579161383156	0.25053057586038086
0.34939333585380994	0.3990637546973844	0.2515429094488057
0.3487336071411169	0.3989731021992882	0.252293290659595
0.34875480253226787	0.3999656007639467	0.2512795967037855
0.34870298122226084	0.3988884626133292	0.25240855616441005
0.3485459711043474	0.39790973920384215	0.2535442896918106
0.34925609538375624	0.39938281077252635	0.2513610938437175
0.3482461385694237	0.3995769831796834	0.25217687825089297
0.3486358020934581	0.40027018567463557	0.2510940122319064
0.34818072536594274	0.4001829491988291	0.25163632543522824
0.3489237126009024	0.3996486157011044	0.25142767169799335
0.349044911194199	0.4002791722144181	0.250675916591383
0.350323819121108	0.40043519046770387	0.24924099041118822
0.3485768672081914	0.3997962860453357	0.25162684674647307
0.3499566332086497	0.3989172621374419	0.2511261046539085
0.3494876274319904	0.39865424776498304	0.25185812480302666
0.3483781613897033	0.40039140988591987	0.25123042872437695
0.34909616384671044	0.39906296403664965	0.25184087211663997
0.3502123538004049	0.39846533771890313	0.2513223084806921
0.3486481656499159	0.3980612072277181	0.25329062712236605
0.3494997123706857	0.3997416274841292	0.25075866014518516
0.3497599748311901	0.3985998399087389	0.25164018526007115
0.3490848659521203	0.39875458633163197	0.25216054771624785
0.34948851116174845	0.39790183781958705	0.2526096510186646
0.34943363902828817	0.39845648404914463	0.2521098769225673
0.3505305481145908	0.39901915415330025	0.25045029773210914
0.3481651955847031	0.3987845426387363	0.2530502617765607
0.3494969293008645	0.40002727757748646	0.25047579312164914
0.34984948161964835	0.40011914902650936	0.25003136935384235
0.348661365306989	0.3988120897524775	0.25252654494053356
0.3504110486941292	0.39929416982591265	0.25029478147995826
0.3505107118119293	0.39891885940701843	0.25057042878105246
0.34868537940185873	0.39971690377964275	0.25159771681849863
0.3501516790726215	0.3993470632098484	0.2505012577175302
0.35011743265136774	0.3996488617732587	0.25023370557537367
0.34866947226497064	0.39915468195043396	0.2521758457845955
0.34849654641542543	0.3980442742470649	0.25345917933750983
0.34921113790208724	0.3993417806723175	0.25144708142559535
0.34900071140796274	0.3982739137543876	0.2527253748376498
0.34924037038870775	0.3981021684678883	0.25265746114340404
0.3501293235718215	0.3998966135023414	0.24997406292583718
0.34941662182051103	0.39806859193280464	0.2525147862466845
0.34926379686132253	0.39980394133868496	0.2509322617999926
0.3494128387368066	0.3995814945132563	0.25100566674993713
0.34940260754394553	0.39864588502157394	0.2519515074344806
0.3496917100615738	0.3996798105806779	0.25062847935774835
0.3498088700788182	0.39911524249527147	0.25107588742591047
0.34966783818802816	0.3992763252126839	0.25105583659928804
0.35043666399856704	0.3989434057582905	0.25061993024314255
0.3504575019917875	0.39923638075026313	0.2503061172579495
0.3493973674428065	0.3995308626013756	0.2510717699558181
0.3488720286144761	0.40009752814317756	0.25103044324234647
0.3498232976978803	0.39974720802878727	0.25042949427333255
0.34861090242754933	0.4000565723039434	0.2513325252685073
0.34876263407204855	0.3991172382515668	0.25212012767638475
0.3503162352830129	0.3994864537734881	0.25019731094349906
0.34935292840751664	0.4002154413737176	0.25043163021876585
0.3502740800011582	0.3990471373898681	0.25067878260897386
0.3491529052697324	0.3982570430192799	0.2525900517109878
0.35006146829458457	0.4000807030808412	0.24985782862457434
0.3498027262283063	0.39792700155231664	0.25227027221937715
0.34932431525603125	0.39865847669587307	0.25201720804809574
0.349157729301802	0.39878424353332204	0.2520580271648761
0.34966853565922007	0.4003304302229954	0.2500010341177847
0.3501918954850901	0.3993731479992574	0.2504349565156527
0.35025488229237334	0.40011561815457863	0.24962949955304814
0.3486432412918099	0.40030723072097457	0.25104952798721564
0.34914952861260207	0.3987052726045649	0.2521451987828332
0.3495718915877821	0.399875393506686	0.250552714905532
0.35010419858054265	0.3987631564892725	0.25113264493018495
0.3495900492251094	0.3991585590110375	0.25125139176385325
0.349758884126206	0.39980044544464255	0.2504406704291516
0.34933627183995203	0.3983673534351772	0.2522963747248709
0.34946876975850955	0.39850794873048784	0.25202328151100273
0.3492559985077683	0.39987845222018126	0.2508655492720505
0.3483067678183972	0.39803575893292653	0.2536574732486764
0.3495052435226691	0.3987079593647598	0.25178679711257124
0.34901280980893146	0.3996847383091112	0.25130245188195743
0.3490911968736928	0.39882372819707756	0.25208507492922977
0.3494149364145068	0.3994156729735064	0.25116939061198695
0.34901959389057235	0.3986037686212144	0.2523766374882134
0.350250203029831	0.4003490178087544	0.24940077916141462
0.3497896451666454	0.3983062929951166	0.2519040618382381
0.3502940107542337	0.3994383461849969	0.25026764306076943
0.35042791680421403	0.39794663627931937	0.25162544691646677
0.34906557938414823	0.398979971304675	0.25195444931117683
0.34857518353399913	0.3982589844749302	0.2531658319910708
0.34919540488563916	0.3979389691225703	0.25286562599179063
0.3484679733488624	0.3999709818444893	0.25156104480664837
0.3491897473560565	0.39836896272320815	0.25244128992073545
0.35005950076999737	0.3983860960343534	0.25155440319564937
0.34865656185312605	0.39884426084304264	0.2524991773038314
0.3487163677019589	0.40021425084556406	0.25106938145247715
0.3483559112130949	0.3997224459619523	0.251921642824953
0.34910747193226777	0.39899412307295645	0.2518984049947759
0.3498923833389018	0.39870647160066286	0.2514011450604354
0.34824720695843725	0.3997804294276513	0.2519723636139115
0.3499958336111083	0.39864958496893604	0.25135458141995576
0.3501071470514074	0.3985192519325507	0.251373601016042
0.34887222902703663	0.39878827434780756	0.2523394966251559
0.34844092087213574	0.3983416696792792	0.25321740944858523
0.34885148455066833	0.40040458486068237	0.2507439305886494
0.3502094234857767	0.3993290499253579	0.2504615265888655
0.3488198024004944	0.40023695440202584	0.25094324319747985
0.34859436818166306	0.39825563963370075	0.2531499921846363
0.34947619669732305	0.3983136225687577	0.2522101807339194
0.3493470384387542	0.399057078713176	0.2515958828480699
0.34860848357526897	0.4003467634309873	0.25104475299374385
0.34882744209668365	0.39992555449220846	0.25124700341110795
0.34876387365242234	0.39915242379301785	0.2520837025545599
0.35038002043040606	0.39830374793688267	0.2513162316327114
0.3500043845408897	0.39885162625782294	0.25114398920128744
0.34903431349477415	0.40023792970068905	0.2507277568045369
0.3493487383207543	0.39790196606847755	0.2527492956107683
0.3501482650624029	0.39815839009184173	0.2516933448457555
0.3494825544885183	0.3984656543357556	0.25205179117572624
0.3488798369336583	0.399773688174194	0.25134647489214784
0.34852368913416887	0.39889934422058687	0.25257696664524437
0.3490609829170156	0.39935652018427875	0.25158249689870577
0.348571290047893	0.3998392553449162	0.2515894546071909
0.34881748032760046	0.3979616179346933	0.25322090173770634
0.3499192777073584	0.3985361264504348	0.2515445958422069
0.3498716611073831	0.4000133244049511	0.25011501448766593
0.3495295788423761	0.39904680810462323	0.25142361305300076
0.35000392559989796	0.3991134407254	0.2508826336747021
0.34941267782163854	0.39821683339462616	0.25237048878373536
0.34941408933177676	0.39843188341414626	0.2521540272540771
0.3490297602831329	0.39990535458365967	0.25106488513320757
0.3488785289135933	0.3991001900668118	0.2520212810195951
0.35044721690976094	0.39795121210818085	0.2516015709820583
0.3494332327430078	0.3993029255069051	0.2512638417500872
0.34953802631271774	0.398908099723373	0.2515538739639094
0.3485684453967356	0.40004538525841593	0.2513861693448486
0.3504752777099735	0.39947512340133684	0.2500495988886898
0.35048388141178777	0.39862894175037233	0.25088717683784
0.34913876495258894	0.39815262954849817	0.252708605498913
0.3497350705546827	0.39885255531134955	0.25141237413396783
0.34989186379293286	0.39969273008867817	0.2504154061183891
0.34822880007346146	0.39879300339659857	0.25297819652994
0.3485972265019476	0.3985023648075502	0.25290040869050234
0.3502947110874544	0.3979261026503275	0.2517791862622182
0.3495944547460013	0.3978933271855874	0.2525122180684114
0.34965726550920306	0.3981522098834572	0.2521905246073398
0.34878079312259325	0.3994569149676027	0.25176229190980415
0.34879314616684437	0.39954090595572533	0.2516659478774304
0.34930442648434834	0.40010476958549845	0.2505908039301533
0.3499547767242332	0.40040600522405423	0.24963921805171274
0.34897242178621884	0.39955797602365317	0.2514696021901281
0.3505300816688178	0.3988393936603492	0.25063052467083313
0.349896854041381	0.398790058767092	0.2513130871915271
0.3499577172893051	0.39982006029792383	0.25022222241277126
0.34836996545521814	0.3997217383452981	0.25190829619948385
0.34884532545595553	0.40025177223310704	0.2509029023109375
0.35030991497236313	0.3996460621502788	0.25004402287735816
0.34900565429928065	0.3999938775023557	0.2510004681983637
0.34972583851543254	0.39952191737844067	0.25075224410612695
0.3482730726630982	0.400442364233471	0.2512845631034309
0.34894087756322073	0.3983355293293091	0.2527235931074703
0.3486412574972076	0.399030782725165	0.25232795977762756
0.3501930604134693	0.4000008461514195	0.2498060934351113
0.3485753902563036	0.40023689322828504	0.25118771651541155
0.34823999596293276	0.3992695683312496	0.25249043570581775
0.3492670912635229	0.39982388664777924	0.250909022088698
0.3500128500066597	0.3987769912039923	0.2512101587893481
0.34895936575691033	0.39945480540503364	0.25158582883805614
0.35000474161010564	0.39813694469191363	0.25185831369798084
0.3492850763276041	0.3988561487771831	0.2518587748952129
0.34999192868610857	0.3982313086223106	0.2517767626915809
0.34962064202440585	0.3988111635870063	0.25156819438858796
0.34951432197608967	0.398016620445656	0.25246905757825444
0.3504864956224438	0.3980852107995645	0.25142829357799185
0.3503877639054068	0.4003785490368501	0.2492336870577432
0.3484316116169027	0.3992910084713684	0.252277379911729
0.35025807990176866	0.39814986299041827	0.2515920571078132
0.3502687860087588	0.3998491309893614	0.2498820830018799
0.3502106102604465	0.39800714269171933	0.2517822470478343
0.34976727711134	0.3995934270112771	0.2506392958773831
0.3483826670611249	0.39989847526346656	0.2517188576754087
0.3497421327195216	0.40019813740209115	0.25005972987838737
0.3491821164921355	0.3992476027204296	0.25157028078743504
0.3491578559196877	0.4003420774802504	0.250500066600062
0.34976675362906506	0.39925608188307266	0.25097716448786234
0.34895300812524577	0.3989206406544017	0.25212635122035265
0.3483912576911522	0.39808885269818534	0.2535198896106625
0.35049666068967317	0.40032034400866917	0.24918299530165777
0.3482050085973542	0.4001161795163232	0.25167881188632263
0.3490722249519482	0.4003460142365295	0.25058176081152245
0.3487447587496856	0.39794286234383613	0.25331237890647845
0.3490167980093722	0.3992250353536881	0.25175816663693984
0.3500452052110445	0.39878314348254806	0.2511716513064075
0.3498942685661604	0.39852733763329756	0.25157839380054214
0.3485694745376251	0.39916185609876464	0.25226866936361036
0.34867854092738687	0.39902804016034366	0.25229341891226953
0.3487282494916214	0.3980965283370376	0.2531752221713411
0.3494022093193626	0.39973673681507726	0.25086105386556024
0.3487319809101183	0.3984455399482112	0.2528224791416706
0.34944140162693815	0.3979874067032504	0.25257119166981157
0.34929997896046616	0.3980331273268287	0.25266689371270523
0.3484183543105445	0.39820892045544365	0.25337272523401194
0.3493418010418011	0.40000075488935477	0.2506574440688442
0.34877339612002806	0.3988366795400621	0.25238992433991003
0.35028139212917175	0.3986143981863767	0.2511042096844517
0.3504365783055731	0.399825096555888	0.249738325138539
0.3484750335798977	0.39923638267664363	0.25228858374345886
0.3485707652946527	0.3991482092389076	0.2522810254664398
0.3483460311695653	0.3980561792553665	0.2535977895750683
0.34958929563579766	0.4004509283353743	0.24995977602882813
0.34977385594349875	0.3996128428302416	0.25061330122625974
0.3489875213686634	0.3995492651355556	0.25146321349578105
0.34959829185090496	0.39869314641457754	0.25170856173451756
0.34848907458018996	0.40041662194228794	0.2510943034775222
0.34837555153605654	0.39916122462482184	0.2524632238391218
0.34882706447455053	0.39978801807798503	0.2513849174474645
0.35035080682306663	0.4000737444779773	0.2495754486989562
0.3488238793579833	0.40013267546720743	0.2510434451748093
0.3496925003608458	0.3981956882573927	0.2521118113817616
0.3492890044827471	0.3998857965000353	0.2508251990172177
0.3484063520846918	0.40011082706986956	0.25148282084543877
0.3487276963187069	0.4000600757017956	0.25121222797949755
0.34919681096917304	0.39787986185344515	0.25292332717738186
0.3492073080783789	0.39788837853773484	0.2529043133838864
0.3495244406936463	0.40017126030506345	0.25030429900129036
0.34949623244476646	0.39828137432659355	0.2522223932286401
0.3500204152221106	0.3987675210016422	0.25121206377624733
0.3504417301284708	0.3987347345197018	0.2508235353518275
0.34970406016228256	0.3978940759917827	0.2524018638459348
0.3490505829151318	0.39961200712917033	0.2513374099556979
0.35035378189160066	0.4002149124765951	0.24943130563180438
0.3483129372413654	0.3999690812681086	0.25171798149052604
0.34960212207953045	0.39916003077972456	0.25123784714074515
0.3483472525402781	0.398876109886852	0.25277663757287
0.34834951741122006	0.40011006319194364	0.2515404193968364
0.34898495226406956	0.3982012597281066	0.25281378800782395
0.3488422254784121	0.3991109069503638	0.2520468675712242
0.3497896395635628	0.3998320574889899	0.2503783029474474
0.34967209422802514	0.39840286143697046	0.2519250443350045
0.3498899199069409	0.39962382379454103	0.2504862562985182
0.34894637906477466	0.40013939010383576	0.2509142308313897
0.3504122014693827	0.39869144375217525	0.2508963547784422
0.34834341219707515	0.4001339841502839	0.251522603652641
0.3496459390275126	0.3981040676542522	0.2522499933182352
0.35002209163218534	0.3989483038793505	0.2510296044884643
0.3497334412683181	0.4002988703207962	0.2499676884108858
0.34919644156556373	0.40043832449440664	0.25036523394002974
0.35039951388625123	0.39957522204474405	0.2500252640690048
0.34868554381677447	0.39958317955998035	0.2517312766232453
0.35009902487604094	0.39863787451179616	0.25126310061216295
0.3494505144645361	0.39827708516129723	0.25227240037416676
0.3503060111397118	0.39853959238195075	0.2511543964783375
0.35042556355233956	0.3979929203848954	0.25158151606276513
0.348492295665308	0.39939008583779095	0.2521176184969012
0.34822589816562877	0.4000133118013719	0.25176079003299945
0.3498032180338781	0.39812385386436944	0.2520729281017526
0.34999323927989656	0.397913682118943	0.2520930786011606
0.35049271637364027	0.39821875933626755	0.2512885242900923
0.3488001402965013	0.39923790108177915	0.25196195862171966
0.3503860206029111	0.3984853593459487	0.25112862005114034
0.3486906581659198	0.39996196523644056	0.2513473765976397
0.34895130130893637	0.4003148266941956	0.25073387199686814
0.349868824981286	0.3990225582312783	0.2511086167874358
0.34870003028122676	0.39837521757853456	0.25292475214023874
0.3498655948335285	0.39895294610224497	0.2511814590642266
0.35012398055782523	0.39867473562501715	0.2512012838171577
0.3482265360084586	0.3982539324725495	0.25351953151899204
0.3488144871275425	0.39859245179920877	0.25259306107324886
0.3492001362976854	0.4002254095317048	0.25057445417060986
0.34849826467184253	0.3985273232929044	0.25297441203525317
0.3489220308200684	0.3985668045503396	0.2525111646295921
0.350207874130347	0.39923175768107033	0.2505603681885828
0.3483012026477384	0.39981999640387433	0.25187880094838744
0.34945913909811704	0.3989328127323052	0.2516080481695779
0.34946650797729045	0.39960519357018665	0.25092829845252296
0.34904467418134427	0.4003453903960009	0.2506099354226549
0.35048594657030985	0.39988404572154923	0.24963000770814103
0.35040708254522895	0.3986722828229303	0.2509206346318409
0.35022686788171215	0.3988002898207489	0.25097284229753913
0.3499853872289687	0.39822404679085077	0.2517905659801806
0.3504676751280459	0.398285990436569	0.25124633443538524
0.3485856670982406	0.39962437849381127	0.25178995440794827
0.3493220690073374	0.3997453646735287	0.25093256631913397
0.34985311290510046	0.3994078123105211	0.25073907478437857
0.3493293165896039	0.3996525751864859	0.25101810822391035
0.3500313249372645	0.3991754107847135	0.2507932642780221
0.3482266747912807	0.4003801691660853	0.251393156042634
0.35015336196203567	0.39993423468043043	0.24991240335753398
0.3502810046444902	0.3987012394877065	0.2510177558678034
0.3494066714189971	0.3992960253181832	0.25129730326281974
0.3490079672289762	0.3993488482516321	0.2516431845193918
0.3498093283021257	0.39958819176124893	0.25060247993662543
0.34875386050692464	0.4000905218748524	0.2511556176182231
0.34974288235412543	0.39878751076526475	0.25146960688061
0.34825464408312107	0.3980862752260674	0.25365908069081167
0.3487629922082154	0.4004534990993973	0.2507835086923874
0.34877192780707933	0.39810642465016594	0.2531216475427549
0.3493484944840126	0.39933705105668793	0.2513144544592995
0.350261905583869	0.3998485304059093	0.24988956401022186
0.3502583234538951	0.4004244621512103	0.24931721439489468
0.35039882721748	0.3982358798816659	0.25136529290085413
0.3493529742975153	0.3997053069710641	0.2509417187314207
0.3493428763673869	0.3982718462262491	0.2523852774063641
0.3492391370757688	0.4000910355940138	0.25066982733021753
0.3495084561488999	0.3997949385428579	0.2506966053082423
0.34934260985036814	0.39793314619122366	0.2527242439584083
0.3496018448545771	0.400180228132071	0.250217927013352
0.34969242907230036	0.39848922593471314	0.25181834499298666
0.3503786433674666	0.3980907786009781	0.25153057803155543
0.34938032804309954	0.39821282381834655	0.252406848138554
0.3491277077614386	0.4002868371070667	0.2505854551314948
0.35040661037671494	0.40029600259635645	0.2492973870269287
0.3483443981741118	0.40010704582920825	0.2515485559966801
0.35032221321701806	0.3999820514330842	0.24969573534989786
0.3496648594926195	0.399844967980424	0.25049017252695666
0.34979640904871984	0.39859026068561243	0.25161333026566784
0.3504672106137002	0.39995041308335566	0.24958237630294425
0.3500793978815613	0.3995197723052576	0.25040082981318124
0.34929202295702294	0.39922116584880707	0.2514868111941701
0.3503496456800949	0.40041589766560237	0.24923445665430283
0.3484553499852471	0.3981569096430554	0.2533877403716976
0.34958698083868806	0.39907371267821046	0.25133930648310165
0.3485875078187513	0.39915762765388074	0.2522548645273681
0.3487810605172858	0.39833495330786467	0.25288398617484964
0.34982267188013944	0.3986792908264377	0.25149803729342296
0.3497883446300685	0.39882335958746207	0.2513882957824695
0.3501326074594394	0.39962340438461164	0.25024398815594906
0.34834819276265183	0.39789102737569837	0.2537607798616499
0.34893104398361646	0.4004291679388142	0.2506397880775694
0.34827983525315065	0.3992226877459333	0.2524974770009162
0.35015179645299555	0.3994499898159403	0.2503982137310642
0.3497674087918538	0.3990734604507889	0.2511591307573574
0.3499253160634087	0.4001333404344923	0.24994134350209912
0.3482443214799402	0.4001759672408217	0.25157971127923817
0.3483709957688358	0.3982643651549864	0.2533646390761779
0.34892479589110637	0.3984146696800607	0.2526605344288331
0.3486496843582502	0.39953279780021367	0.2518175178415362
0.3497610494953828	0.40035473366855034	0.24988421683606704
0.35041532194107416	0.3985100533487097	0.25107462471021624
0.34958399894179504	0.39986385951486847	0.25055214154333655
0.3502764109569901	0.3993368777673425	0.2503867112756676
0.35025758487259206	0.39973820309367597	0.250004212033732
0.35011208884298756	0.3979663514163747	0.2519215597406378
0.3483004980465649	0.39942150007928034	0.2522780018741549
0.35026364993638537	0.39802993408304604	0.25170641598056875
0.34952075985986186	0.39948754672890047	0.2509916934112378
0.34857245312011764	0.3979701548412139	0.25345739203866857
0.3502490207045763	0.3991705792113791	0.2505804000840447
0.34947038032309197	0.39996079740120455	0.2505688222757036
0.34818557935297767	0.4003647544847136	0.2514496661623088
0.34843850540267035	0.39965616577379476	0.251905328823535
0.3489034217118095	0.3981026942232461	0.2529938840649445
0.34914326638888293	0.3995825057490063	0.2512742278621109
0.3488993509050676	0.3992167238707287	0.25188392522420383
0.34819010519275967	0.39880686014054534	0.2530030346666951
0.34956387555117796	0.39812799541937965	0.2523081290294425
0.3495006685417513	0.39817338723422857	0.25232594422402016
0.35036819806973724	0.3992277931093177	0.25040400882094516
0.34845845057372377	0.3982720326108887	0.2532695168153877
0.3487657063127093	0.3999703074872335	0.2512639862000573
0.3486017545033513	0.39967576849176023	0.2517224770048886
0.34969510808137794	0.39820451221103337	0.2521003797075888
0.3497431621089778	0.3979626529401563	0.252294184950866
0.35029670141057545	0.398595608126133	0.2511076904632917
0.3496166854077287	0.3990242478076218	0.25135906678464964
0.34978108731745755	0.39860718407958073	0.2516117286029618
0.3502337219625147	0.39797666877607035	0.25178960926141514
0.35006573719011047	0.400097397373815	0.24983686543607458
0.3500618026695838	0.399772286187069	0.2501659111433473
0.34908419751663444	0.39903296857186693	0.2518828339114987
0.3490447648695707	0.39856887074810216	0.25238636438232726
0.3491295247520113	0.39985452208564937	0.25101595316233943
0.3503531876702288	0.399772927555799	0.2498738847739722
0.3503974855856449	0.3995886539964828	0.25001386041787244
0.3485695708106011	0.39846511512544286	0.25296531406395617
0.3482529815898784	0.3997074080918517	0.25203961031827005
0.3497614403077082	0.39992903348715436	0.25030952620513747
0.3487771155914012	0.3997563510450074	0.25146653336359154
0.34971047649673687	0.3982623966833884	0.2520271268198748
0.34890611516318726	0.3985600222999277	0.25253386253688515
0.3505185769747098	0.39883794532348243	0.25064347770180784
0.3484637285702123	0.3995936939834813	0.25194257744630644
0.34974101135494545	0.40016096464396883	0.25009802400108583
0.3503172900279249	0.3991122887179204	0.25057042125415485
0.3484450933098065	0.400032960468487	0.2515219462217066
0.3492810193128693	0.39796806220982184	0.25275091847730896
0.3500638237594443	0.40020670286308496	0.24972947337747087
0.3490618821031306	0.39899897153187913	0.25193914636499043
0.3487552719295488	0.40025966147329606	0.2509850665971553
0.35031772012950957	0.3984400639210992	0.2512422159493913
0.3483992096069712	0.39814044932822723	0.2534603410648017
0.34902927220098723	0.3997397440716116	0.25123098372740127
0.34991973770800305	0.39951784208685315	0.2505624202051439
0.3483311536281611	0.3984046257860121	0.2532642205858269
0.3505458674890476	0.3994035657369924	0.25005056677396015
0.34990624931890457	0.4003807254660846	0.2497130252150109
0.3483580470860208	0.39915288952051486	0.25248906339346444
0.35006078137477276	0.39936824310066843	0.2505709755245589
0.3500010364743082	0.3998059215082301	0.25019304201746184
0.34975690674564774	0.39789147653103885	0.2523516167233135
0.3495765770018282	0.3998175310650549	0.250605891933117
0.35017619416543133	0.3981931409250018	0.251630664909567
0.34837520907950764	0.3989409771871919	0.2526838137333006
0.34937887196043055	0.40014226365565	0.2504788643839196
0.3486431371528521	0.40019330906380757	0.25116355378334043
0.3491400550390404	0.3991152758154522	0.2517446691455075
0.3487872527464428	0.3983764293837072	0.2528363178698501
0.3504808708140523	0.3996568458676591	0.2498622833182887
0.34935838733069124	0.3991145068906885	0.25152710577862036
0.34967385638047044	0.39815810315605116	0.25216804046347846
0.3503799358003396	0.3993451865606621	0.25027487763899836
0.3487268830733388	0.39975844346797973	0.25151467345868156
0.3487684998764416	0.39941610828535923	0.2518153918381993
0.34953957024090965	0.3988093904345035	0.251651039324587
0.34875513287520216	0.39966365311916063	0.2515812140056373
0.3485457806100844	0.3988421082957545	0.25261211109416115
0.349815048629469	0.39820593101264734	0.2519790203578837
0.3489012931076154	0.4003586319989296	0.25074007489345507
0.3488926251439743	0.3995600798471366	0.25154729500888917
0.34984455596697756	0.4003552756927009	0.24980016834032165
0.3488305809078296	0.3987414794955326	0.2524279395966379
0.3501408409863933	0.39878754563035107	0.25107161338325573
0.35024614543957966	0.40004607685545207	0.24970777770496844
0.349021053825346	0.39965570504701126	0.25132324112764287
0.3490450420924955	0.397910659902508	0.2530442980049966
0.3502967416752092	0.3980856669165472	0.25161759140824375
0.34994261575759994	0.39882021801631695	0.2512371662260833
0.3495278498193275	0.3983176215156675	0.2521545286650051
0.3487913993390262	0.39936707414894396	0.25184152651202996
0.35039068405598595	0.3988533623022379	0.2507559536417763
0.3490451589014587	0.39918653069218685	0.2517683104063545
0.3482327174333148	0.39848998850737494	0.25327729405931043
0.3490671338235135	0.3983510036404353	0.2525818625360513
0.3494637212243114	0.3980993206202838	0.2524369581554049
0.3493638967772344	0.4003682333355014	0.2502678698872643
0.34947064684709817	0.399333459337232	0.2511958938156699
0.35030575237950745	0.3990684572063803	0.25062579041411237
0.3496284133731047	0.3999124021570125	0.2504591844698829
0.3484628426601407	0.4001784568604214	0.251358700479438
0.3489662340141133	0.3982769418064559	0.2527568241794309
0.35048546477693876	0.4002050728801631	0.24930946234289822
0.34891189732672684	0.3990180654999247	0.25207003717334864
0.3497281409498939	0.39940350121653584	0.25086835783357037
0.34977025677408646	0.3991271472448039	0.25110259598110973
0.3500185543539977	0.39827520049406334	0.251706245151939
0.34867548779088653	0.39921064262423245	0.25211386958488113
0.35009250484045007	0.39791810642215425	0.2519893887373958
0.35007512149754483	0.3989000053971129	0.2510248731053424
0.3495592089535614	0.40003814414547256	0.25040264690096614
0.34997476123442034	0.398729002913247	0.25129623585233285
0.348279345199613	0.3986731809131094	0.25304747388727766
0.35044442773793505	0.3984262507291188	0.2511293215329463
0.34885938386387505	0.3986603944757334	0.25248022166039163
0.3498022741453059	0.39813828682745245	0.2520594390272417
0.35047772568028357	0.39945958490862615	0.2500626894110904
0.34846291989598405	0.40008171462245246	0.2514553654815636
0.3485657356710217	0.3979274353353842	0.2535068289935941
0.3489173412170844	0.3982485777544233	0.2528340810284924
0.34912140979190776	0.3992224559455877	0.25165613426250466
0.3493200286313798	0.39924970003005783	0.2514302713385625
0.34961390261612496	0.39967389658896857	0.2507122007949066
0.34948564520929437	0.3982756936296121	0.25223866116109367
0.3492712837597246	0.3984512047039992	0.2522775115362763
0.3502424271084832	0.3982569860142905	0.2515005868772265
0.3505377966080505	0.3991587039969894	0.2503034993949602
0.3502147383306762	0.3978827727750182	0.2519024888943057
0.34858569108623655	0.3989806531869826	0.2524336557267809
0.3483217566130656	0.3988016949869223	0.2528765484000122
0.34983819583287623	0.40015830176883466	0.2500035023982892
0.34938159307658684	0.40029510397329393	0.2503233029501193
0.3485196241874838	0.3981644513019228	0.25331592451059354
0.3501643447070547	0.3979683559093792	0.2518672993835662
0.3484941032896848	0.39976109862901704	0.2517447980812983
0.34878815422026105	0.39956762966391124	0.2516442161158278
0.34885856477185895	0.3992963949653389	0.2518450402628022
0.3498988521066236	0.39967082527053943	0.25043032262283704
0.3487265821228692	0.3979643498776494	0.25330906799948155
0.3500623421868248	0.39821399114912115	0.2517236666640542
0.3495270147725651	0.39834897371517897	0.2521240115122561
0.34929861358378766	0.3997289568226858	0.2509724295935267
0.3484784604627502	0.3999252963906072	0.2515962431466427
0.3495671805336624	0.3990159336670497	0.251416885799288
0.34953483339087055	0.3982047601795047	0.25226040642962494
0.3482089668488282	0.39841938416964745	0.25337164898152453
0.3491572951077804	0.399895093861336	0.2509476110308838
0.3501914609054652	0.39908770029930224	0.25072083879523266
0.34899471943058913	0.39911465660612383	0.25189062396328715
0.3482521993531733	0.3989441996928181	0.25280360095400867
0.3488331597804599	0.3981349369617785	0.2530319032577617
0.34835621305098585	0.4003894056524844	0.2512543812965299
0.3493300013038524	0.40017994366315107	0.2504900550329967
0.35031273636474775	0.3998637725641037	0.24982349107114862
0.3490806947792936	0.3997157132092637	0.2512035920114428
0.34959479342223854	0.4000990147572081	0.25030619182055347
0.35000070537453337	0.39862338732375985	0.2513759073017069
0.3496195954328539	0.3983703212963562	0.25201008327079
0.3493851755645629	0.3992330916658008	0.25138173276963643
0.3490960266175097	0.3991723209913225	0.2517316523911679
0.35005034156278364	0.398457751549915	0.2514919068873015
0.3503952156265673	0.399369838145146	0.2502349462282868
0.3483944161338674	0.39795214288688224	0.25365344097925047
0.3486178306823891	0.39831629836274896	0.25306587095486205
0.34977101259438403	0.40009696818001705	0.2501320192255991
0.3495651510332622	0.40011568419917065	0.25031916476756727
0.3490285973009135	0.3985805211980892	0.2523908815009974
0.3501599974796667	0.39812552753719654	0.2517144749831369
0.3495386370302519	0.3996285065823133	0.25083285638743497
0.3483537875718866	0.39988198916740825	0.25176422326070524
0.34879962808824616	0.39801181334356717	0.2531885585681868
0.3493649485554705	0.4004178033153875	0.2502172481291421
0.35014036613720617	0.3987815506369432	0.25107808322585073
0.34849989091464917	0.39917172821116076	0.2523283808741902
0.35019493318102324	0.3991174606180984	0.25068760620087843
0.3497286413046178	0.3981505814601157	0.25212077723526666
0.35037527398955404	0.39826548927700217	0.2513592367334439
0.34899255235759463	0.39796893004122014	0.2530385176011853
0.3484322407810815	0.39848295658109445	0.25308480263782424
0.3495883633984822	0.40045385129053573	0.24995778531098217
0.349107590818669	0.39821427598757375	0.25267813319375737
0.34998323768727324	0.39788697035197906	0.2521297919607478
0.34869131393523717	0.39913126577489266	0.2521774202898702
0.34954619224672	0.39995896265578307	0.25049484509749703
0.3498032921339278	0.3989809672838258	0.2512157405822465
0.3490520821480941	0.39940242658474456	0.25154549126716147
0.34932664643503564	0.39980388526184807	0.2508694683031164
0.3488172935906622	0.399126856528318	0.2520558498810199
0.3499640839773067	0.3992743274932249	0.25076158852946856
0.34864293095913784	0.3999951011842779	0.2513619678565844
0.35047987181988527	0.4003042025050359	0.24921592567507894
0.3491849402989996	0.3993128640096587	0.2515021956913418
0.34872431545323673	0.39962177734764326	0.2516539071991201
0.3483910522568575	0.39817280354244844	0.25343614420069416
0.3505243928230473	0.3991285251883846	0.2503470819885682
0.349421941244099	0.3990051465517007	0.25157291220420036
0.34999774955296264	0.4001365484532765	0.24986570199376096
0.3489808032316911	0.3993421110145414	0.25167708575376757
0.35038963696724534	0.3998137936465772	0.24979656938617756
0.3504997095378619	0.39981460318613626	0.24968568727600193
0.35002126962532615	0.39835668309337824	0.25162204728129567
0.3498864060627579	0.4003715333507702	0.24974206058647205
0.34911546195990284	0.3995092422911351	0.25137529574896217
0.348350174934714	0.3981074861002028	0.2535423389650833
0.34908634796305976	0.39969036654658024	0.2512232854903601
0.34828166364457114	0.39808316281263373	0.25363517354279524
0.3498241562499862	0.39795334973115126	0.2522224940188627
0.34894998304261077	0.3986163289190874	0.25243368803830196
0.3505424561538758	0.3994374427366483	0.25002010110947603
0.34970575502832385	0.4002437435488863	0.25005050142278995
0.3486845238786648	0.39897403462266867	0.25234144149866666
0.34919115356312447	0.39854259287810556	0.2522662535587701
0.3500420424789258	0.40031443785950194	0.24964351966157236
0.3500379919376905	0.3982321314857019	0.25172987657660767
0.34824666110708047	0.40030151633245503	0.2514518225604646
0.3504451016601274	0.39975327845475905	0.24980161988511368
0.34889099354585695	0.39870913212393766	0.2523998743302055
0.35038105187090623	0.3992235093727376	0.2503954387563563
0.34909253941113105	0.3986232988684098	0.2522841617204593
0.34839474392755754	0.399537451044513	0.2520678050279295
0.3502241491339388	0.39938254375579413	0.2503933071102672
0.35008073399472056	0.399746116477986	0.2501731495272935
0.349460189407331	0.4004526509748016	0.25008715961786754
0.3505165241485743	0.39851957475084065	0.25096390110058514
0.3503824703394308	0.40032426723270487	0.24929326242786443
0.3498503307730466	0.39994715324205177	0.25020251598490173
0.34962955820230435	0.3991986888891823	0.25117175290851346
0.3500862363139119	0.3990968740872292	0.250816889598859
0.3489165300210415	0.39856301484310047	0.25252045513585814
0.349853018767092	0.39893103065720575	0.25121595057570234
0.34908500819986826	0.39825375089053155	0.2526612409096003
0.34884962799214225	0.4000273810456375	0.25112299096222035
0.35034173848751826	0.3990286435696193	0.2506296179428626
0.3492000044575484	0.3997053029095457	0.25109469263290596
0.3490314277872813	0.39816207328333586	0.2528064989293829
0.349865367705717	0.39797968397907724	0.2521549483152059
0.3489604113691013	0.39904864015902175	0.2519909484718771
0.34967962889138593	0.3979909187658387	0.2523294523427755
0.35011390499917294	0.3982984181453027	0.2515876768555245
0.3483945270904974	0.3999136955820272	0.2516917773274755
0.3497355550903615	0.3999555213061506	0.250308923603488
0.3488958797676689	0.39842600650667354	0.2526781137256577
0.3503833100138185	0.40032034405650957	0.24929634592967204
0.34854853706574374	0.40010285568718756	0.2513486072470688
0.3501083580940097	0.3997333718886615	0.25015827001732893
0.3484795965527879	0.39855298977892295	0.25296741366828934
0.35044430624245104	0.39944222873923185	0.2501134650183172
0.3497652225193658	0.3994615807192767	0.2507731967613577
0.34880744489463644	0.39849091642588425	0.2527016386794794
0.3492191785030885	0.40043084427637093	0.2503499772205407
0.3491570538617016	0.39942986369777234	0.2514130824405262
0.34815940674846146	0.3990458410639128	0.25279475218762587
0.3483877436969326	0.3984333414752633	0.2531789148278042
0.3499174095646327	0.3979687057019468	0.25211388473342067
0.3491908053489962	0.39946542607026203	0.25134376858074187
0.3484036926852414	0.40012080338941786	0.25147550392534085
0.3494850075192671	0.39856398673654586	0.25195100574418716
0.3502354726168071	0.40043116023199976	0.24933336715119325
0.3483716047078377	0.3982582545174602	0.2533701407747022
0.3495983345574742	0.398884777763961	0.25151688767856495
0.34946545262506024	0.3983856426708766	0.25214890470406326
0.3494744017489042	0.39943718944321494	0.25108840880788097
0.34990668820697385	0.3979096142786264	0.25218369751439984
0.3486681864935069	0.39977008990438867	0.2515617236021045
0.3497175532831028	0.3993821075432098	0.2509003391736876
0.35019563472699833	0.39900446176784976	0.25079990350515197
0.34883335667925186	0.39866093983141776	0.25250570348933044
0.34877384265857553	0.3983902785791045	0.25283587876232017
0.34953234029776414	0.39995078048212673	0.25051687922010923
0.34858965870500314	0.39872101646042546	0.25268932483457157
0.3498318820407154	0.3986163720226496	0.2515517459366351
0.3499800586804606	0.39977006847673946	0.25024987284280004
0.34977361212008884	0.4001229140761682	0.2501034738037431
0.34824931947400944	0.4003533607375905	0.2513973197884002
0.34976343298765616	0.39954822241607685	0.2506883445962671
0.3489579271648247	0.39987298820381056	0.25116908463136484
0.34884926609829797	0.3994756916119925	0.25167504228970966
0.34894570827969323	0.3982488593131531	0.2528054324071538
0.34986448647658625	0.4000736467460274	0.25006186677738645
0.3485751314854856	0.3993649686477814	0.25205989986673305
0.34835535646569893	0.39824860704647025	0.25339603648783093
0.3485835939795661	0.3987475625937926	0.2526688434266414
0.35028632516731284	0.39891613353523875	0.2507975412974485
0.3502929845164928	0.3987023745096776	0.2510046409738297
0.3497012131011776	0.3998655324115341	0.25043325448728837
0.34899130701629877	0.4003585513131374	0.250650141670564
0.34970259278029475	0.3990983926502201	0.25119901456948523
0.3484637352426929	0.39846418876423517	0.253072075993072
0.3483349183795658	0.39793400284918623	0.25373107877124806
0.3497946924047448	0.39827271398210196	0.25193259361315334
0.3493385214983016	0.3990307326499372	0.2516307458517613
0.35038365287722045	0.39858433989606656	0.25103200722671304
0.34869499342605303	0.3996862656666753	0.25161874090727177
0.3495220168146994	0.3991586865713299	0.2513192966139708
0.3492074789367277	0.4001172621903146	0.2506752588729578
0.3484575032232803	0.39790385716503435	0.2536386396116854
0.3493790009238622	0.3981622097046937	0.2524587893714443
0.3483891857508606	0.39810191855692967	0.25350889569220986
0.3493027729315563	0.399260143002993	0.2514370840654508
0.3486420119605718	0.3985106293680872	0.2528473586713411
0.34820776268139053	0.3988013690564486	0.25299086826216094
0.3481620923352242	0.3988650577963483	0.2529728498684276
0.348880255259323	0.3999984396705064	0.25112130507017066
0.35043502779182484	0.3979407977725713	0.251624174435604
0.34994123558637175	0.3980752250917615	0.25198353932186685
0.3487523920536578	0.39854819834043875	0.25269940960590354
0.34950592236551076	0.4002124244885267	0.2502816531459627
0.34923178705072305	0.40006625537426443	0.2507019575750126
0.34882912740093935	0.3986323200307738	0.25253855256828694
0.3503824236400639	0.399842850976309	0.24977472538362716
0.35054313428714917	0.3989251178742696	0.25053174783858134
0.3489549234589128	0.3992823728007606	0.25176270374032667
0.348337996371298	0.3979911809800945	0.25367082264860763
0.34952698310643404	0.3987194382780245	0.2517535786155416
0.34871637251246623	0.3984110385706688	0.25287258891686515
0.34979661433011044	0.3994232302325106	0.25078015543737914
0.35018712206981056	0.3994682779743027	0.25034459995588687
0.3497769230236603	0.39827118902225267	0.2519518879540872
