0.154961301639997	0.3878139573817417	0.45722474097826143
0.1543606823255782	0.38523583640164133	0.4604034812727806
0.15633992810980218	0.3854245588414398	0.45823551304875815
0.15414728335579667	0.3870765602048492	0.4587761564393542
0.15421127154608472	0.3845616374965523	0.46122709095736314
0.1527903564375267	0.3859099216662366	0.4612997218962368
0.15266484254087534	0.387104378973444	0.4602307784856807
0.15588879431017758	0.3841885807667175	0.459922624923105
0.15337667728548493	0.38514163212269525	0.46148169059182
0.15278031412682364	0.3861501110904964	0.46106957478268007
0.15363703469446582	0.38675637465475643	0.4596065906507779
0.1540936495868658	0.3872357610711596	0.4586705893419747
0.15400670649560338	0.38795697221890657	0.4580363212854902
0.15654926146212	0.38707291392554727	0.45637782461233284
0.15474766012829555	0.38613539704708505	0.45911694282461957
0.15279173115481598	0.38538586277615633	0.4618224060690278
0.15356558350134	0.38424929829451887	0.4621851182041412
0.15670577603113914	0.3843020651171409	0.4589921588517201
0.15485315191074597	0.38414403136912756	0.46100281672012655
0.1566564753773907	0.38609799368618736	0.45724553093642206
0.15516718144899122	0.38712830468207177	0.4577045138689372
0.1564011103700227	0.38680706729189823	0.4567918223380792
0.1541612013411009	0.3848123403107026	0.46102645834819667
0.15548495255249384	0.38678262362659865	0.4577324238209076
0.15499674515498854	0.38445523631913103	0.46054801852588056
0.1560640106326689	0.38483620521768935	0.4590997841496419
0.15576523059145425	0.38572124389298884	0.458513525515557
0.15416410096946404	0.38725152368625376	0.4585843753442823
0.15503507084977863	0.3868260944540989	0.4581388346961226
0.15457092598126698	0.388606464310203	0.4568226097085301
0.15650179701845524	0.38419967818824624	0.4592985247932987
0.15416893646578084	0.38429856765654685	0.4615324958776725
0.15254513547543247	0.3885283675308517	0.45892649699371596
0.15345490770038556	0.3847973530211336	0.46174773927848095
0.15303340289494605	0.3861423551414176	0.46082424196363647
0.15410245701464864	0.38596230657158986	0.4599352364137616
0.15272255026525006	0.38536985613252833	0.4619075936022217
0.1567133450459123	0.38716214244265723	0.45612451251143055
0.15591766359987025	0.3867048123309285	0.45737752406920135
0.15580235925973523	0.38778314560213045	0.4564144951381344
0.1550346574717709	0.38704785149812526	0.45791749103010393
0.15512151703173033	0.38495903708406426	0.4599194458842055
0.1535743481670438	0.3880807079401787	0.4583449438927777
0.15635061566304026	0.38589471432515615	0.4577546700118037
0.15371212936798123	0.38725141175741745	0.4590364588746014
0.15264876185218304	0.3886433074455773	0.4587079307022398
0.1524655628179411	0.38839619018813587	0.45913824699392314
0.1524712965281513	0.3871442823011917	0.46038442117065714
0.15486061350589186	0.38687339527278586	0.4582659912213224
0.1539031405420136	0.38494977434221084	0.4611470851157756
0.15525692029611965	0.3874039589151	0.4573391207887805
0.1537856540599161	0.3888589265668698	0.4573554193732142
0.1528716302371656	0.3871352479924838	0.45999312177035073
0.15380588263066025	0.38723539598713164	0.4589587213822082
0.15685240951763307	0.38670752795566876	0.4564400625266983
0.15505081593457648	0.3878144431340298	0.45713474093139383
0.15370849951106857	0.38409129303096373	0.46220020745796775
0.15419801023691454	0.38577102522000223	0.46003096454308334
0.15272168090532354	0.38666757640191834	0.46061074269275826
0.1546877539955117	0.3851685223432478	0.4601437236612406
0.15282924893354954	0.3880473615196377	0.45912338954681287
0.155403897516548	0.3849166655069005	0.4596794369765516
0.1533454856571354	0.3848415571754704	0.46181295716739434
0.15593896232897836	0.38453167572703423	0.4595293619439875
0.15249598291761812	0.3858872069984476	0.4616168100839344
0.15263576065176165	0.3858797834336286	0.4614844559146099
0.15634871576467435	0.3869344231145899	0.4567168611207359
0.1551118275183478	0.38753494358756324	0.457353228894089
0.15420792465452637	0.3870144491566406	0.4587776261888331
0.15403723668503128	0.38494861654166973	0.4610141467732991
0.15377802062291535	0.3850140943514651	0.4612078850256196
0.15330138574415797	0.38831073845073083	0.4583878758051113
0.15544491477807046	0.3858745837216452	0.45868050150028444
0.15295734898251473	0.38449539357196916	0.46254725744551617
0.15485656619764115	0.38761363338890426	0.4575298004134547
0.15425946639544777	0.388818255567752	0.45692227803680036
0.15540677852115542	0.3870075404270781	0.45758568105176656
0.15626139885528625	0.3867194618516527	0.4570191392930612
0.15588904218892463	0.3843733552828812	0.4597376025281943
0.15569113090169706	0.3871381010881035	0.45717076801019957
0.15624702422909612	0.38741591395380587	0.45633706181709816
0.15290454294902373	0.38806364287584627	0.4590318141751301
0.1542222526532256	0.38663231229825645	0.45914543504851807
0.15557071307744347	0.38446740038685917	0.4599618865356975
0.15284294353526878	0.38651941126620704	0.46063764519852435
0.15504611754243458	0.38649050726451284	0.4584633751930527
0.15242477449442504	0.3863850382972877	0.4611901872082873
0.15355136835582087	0.3863110790103577	0.46013755263382156
0.1569010758930957	0.3859666245446241	0.4571322995622803
0.1535434905939877	0.38826975228463734	0.4581867571213751
0.15455927947109283	0.38834182548852486	0.4570988950403824
0.15273851649611397	0.38591671623599877	0.46134476726788737
0.15387436750067665	0.3856590762962807	0.4604665562030428
0.15286953238139506	0.3872905265070635	0.45983994111154153
0.1527485598575559	0.3885438242323882	0.45870761591005604
0.15427421189704899	0.3845062439175706	0.4612195441853806
0.15440045244365797	0.38853489473405234	0.4570646528222898
0.1568792995061309	0.38486676546646675	0.4582539350274025
0.15339327277430484	0.387987121650753	0.45861960557494225
0.15284459834777087	0.3879104813516195	0.45924492030060976
0.15662470092902825	0.38492402795844716	0.4584512711125247
0.15578758916525026	0.384570939839304	0.45964147099544583
0.15571322464691828	0.38545279242238184	0.4588339829307
0.15290193731956847	0.38546863506122064	0.461629427619211
0.15545521688600517	0.38819740857496216	0.4563473745390328
0.15512028258201294	0.3868409169815753	0.4580388004364119
0.1537986333298882	0.3880121630979458	0.45818920357216614
0.1545496307585807	0.3862749986908765	0.4591753705505429
0.1536302449758492	0.38546801460619035	0.46090174041796056
0.15368007807847064	0.3844831937767028	0.4618367281448267
0.15565291427606914	0.3853749031974637	0.45897218252646726
0.1541630482351205	0.3865375447282776	0.459299407036602
0.15494147202677813	0.3877674625542686	0.45729106541895337
0.15495631416692338	0.38764206133522505	0.4574016244978517
0.15438828155413536	0.38677408358393717	0.4588376348619276
0.15561781425393972	0.38602549552802684	0.4583566902180335
0.15308796027775645	0.3844374879547444	0.4624745517674993
0.15610088548281234	0.3844359231062073	0.45946319141098046
0.15513529929401706	0.38743262864936107	0.457432072056622
0.15618225110321282	0.3845089494214799	0.4593087994753074
0.15382912581860742	0.3845571586608826	0.4616137155205101
0.1555282262370658	0.3883661286299682	0.45610564513296614
0.1535238543177503	0.3872918448726248	0.459184300809625
0.1525932823259834	0.38814839709619836	0.45925832057781835
0.15480602534574217	0.3849665157004385	0.46022745895381945
0.15253695444821141	0.3884566708715493	0.4590063746802394
0.1553827271434795	0.3862151784726686	0.45840209438385204
0.15529260611055384	0.38606892409432525	0.458638469795121
0.15454063376556731	0.3875729456901709	0.4578864205442619
0.1557762469741031	0.38513594310641824	0.45908780991947873
0.15413046572352682	0.38585052560444844	0.4600190086720249
0.15425435141014696	0.38728508607375844	0.4584605625160947
0.15654824324359642	0.3866448179595251	0.4568069387968786
0.15633290584858733	0.3861946541236807	0.457472440027732
0.1531506248452455	0.38797242774106006	0.45887694741369456
0.15595760960501076	0.38470420909378433	0.4593381813012051
0.15508196265434224	0.3850760195967331	0.4598420177489248
0.15432756710338957	0.38499722315292706	0.4606752097436835
0.15366948801754404	0.3869720043150704	0.45935850766738573
0.15546170222096117	0.3841992023427037	0.4603390954363352
0.1545622556823672	0.38585579655763147	0.45958194776000144
0.15360921064054794	0.38782837275078075	0.4585624166086714
0.15569859909289074	0.38766352729135567	0.4566378736157537
0.15488352897969834	0.38865811615456647	0.4564583548657353
0.1531138377200406	0.38696156432960926	0.45992459795035023
0.15611110546824777	0.38419515701632045	0.45969373751543186
0.15239217027121207	0.3867838594137015	0.4608239703150865
0.15280746538506595	0.38870195772744914	0.458490576887485
0.1543263329934929	0.3882687466778362	0.457404920328671
0.15455754895271467	0.3866113054735839	0.4588311455737015
0.15689125887233535	0.38477152627754596	0.4583372148501188
0.15442337811801127	0.3855093739633651	0.46006724791862375
0.156274359350088	0.3862814279175448	0.45744421273236735
0.1564803591086562	0.38620966351458963	0.4573099773767543
0.1554782402355171	0.3876340346213532	0.4568877251431298
0.15320768680639615	0.38650933077299987	0.46028298242060417
0.15635477604469306	0.3858138725206056	0.45783135143470144
0.15515475396091796	0.3864312330262235	0.45841401301285867
0.15330653054506954	0.3884456262120557	0.4582478432428749
0.15352721479342604	0.38639547835828836	0.46007730684828574
0.15510130022829238	0.3842882881811774	0.46061041159053034
0.15330381141579957	0.38558579546429506	0.4611103931199055
0.15365145487458226	0.3844480992356991	0.46190044588971874
0.15396992697124282	0.3857755368798122	0.46025453614894507
0.1544409466889863	0.3881458293510203	0.4574132239599935
0.15454686736511397	0.38583437248464	0.45961876015024616
0.15458477327584239	0.3851982746019025	0.4602169521222553
0.15626094573989596	0.38467700304250685	0.45906205121759736
0.15545455262539543	0.38413053575685463	0.46041491161775006
0.15567428710649195	0.38493479253673324	0.4593909203567749
0.15479794554178672	0.38726853277410966	0.4579335216841038
0.15346600324081677	0.3872422319203649	0.4592917648388185
0.15471283046348863	0.38413853950859306	0.4611486300279184
0.1567713758623998	0.3863241340092308	0.4569044901283695
0.15392494256127004	0.3885430718490686	0.45753198558966146
0.15552189490191204	0.3865350568328238	0.4579430482652643
0.15461915256119807	0.3861957205569519	0.4591851268818502
0.15400785204972167	0.38636377610170064	0.4596283718485778
0.15657544363466286	0.3858788651059523	0.45754569125938493
0.15664521820690563	0.3842770405590491	0.45907774123404543
0.1533668546338659	0.386956526960498	0.45967661840563623
0.15558228414030342	0.3880093181444015	0.4564083977152952
0.1529814243840675	0.38728423155773356	0.4597343440581991
0.15409981529386058	0.38530706769719747	0.4605931170089421
0.15671498264587902	0.3856142396163061	0.45767077773781506
0.1531637116466109	0.3879368572429438	0.4588994311104454
0.15541390490820567	0.3847943784114559	0.4597917166803385
0.1555094856280748	0.38550686615853436	0.458983648213391
0.15358209397802713	0.3872317842528783	0.4591861217690947
0.15299713431133055	0.3851722988132096	0.46183056687546
0.15573999455683474	0.3846242956277994	0.45963570981536606
0.15424236185983936	0.38507371327665013	0.4606839248635106
0.15575196735552677	0.384654623620606	0.45959340902386736
0.15415789459660656	0.38462251402450465	0.4612195913788889
0.15565436532450977	0.38772742466369386	0.4566182100117965
0.1554085561004294	0.38831449670285934	0.4562769471967114
0.152598968078944	0.3887401796853404	0.45866085223571573
0.1546160503627217	0.387306787381518	0.4580771622557604
0.15397486137182748	0.3844081639360727	0.46161697469209995
0.1564759626750612	0.384989742434001	0.4585342948909379
0.1548718761219019	0.38791644242797035	0.45721168145012786
0.15679843406178656	0.3850925958993049	0.45810897003890866
0.15431315870332069	0.38542521047129424	0.4602616308253852
0.15610346045819495	0.3862317281341149	0.45766481140769033
0.15610400460946516	0.3841572065566569	0.4597387888338781
0.15625110746737061	0.38717255772475084	0.4565763348078787
0.1544989043937428	0.3850992653140958	0.46040183029216153
0.15428815221303477	0.3842480404461058	0.4614638073408596
0.15312999495568283	0.385955952648948	0.4609140523953693
0.15582334738872577	0.38667395683880273	0.4575026957724716
0.154477202203337	0.38565033895313666	0.45987245884352645
0.1554286502372625	0.38607710365444936	0.45849424610828826
0.15412691540029416	0.3873368098155267	0.45853627478417924
0.15540681755490454	0.38839490406727756	0.456198278377818
0.15641884060711408	0.3846349197225838	0.4589462396703023
0.15573595496723103	0.3865900971654364	0.4576739478673327
0.15381901480340154	0.38666903053775004	0.45951195465884853
0.15594964714181675	0.385653912825913	0.45839644003227037
0.15504637976778662	0.38672289543192845	0.45823072480028504
0.15614455546278422	0.38411762908871916	0.45973781544849673
0.1540046425189104	0.38660139784232744	0.4593939596387623
0.1549466938092583	0.38543136707834086	0.459621939112401
0.15338854435118765	0.3850924859993423	0.46151896964947015
0.1538065690725085	0.3868255107679902	0.45936792015950145
0.1525941786814831	0.3877210514787572	0.4596847698397598
0.1537699122689265	0.38567950100850473	0.4605505867225689
0.15562338062559827	0.38523845054968553	0.45913816882471636
0.15496922908315172	0.3855755561271637	0.45945521478968465
0.15361653016836702	0.38634543608326377	0.4600380337483693
0.1530739853565576	0.38565599572461484	0.4612700189188277
0.15447936272798268	0.38501279488758083	0.46050784238443654
0.1557249985431906	0.385767980912461	0.4585070205443485
0.15295920559000012	0.3857893072754331	0.46125148713456693
0.1560341381258965	0.38703579270425603	0.4569300691698476
0.15566154769234028	0.3872756707190629	0.4570627815885969
0.15471194800356664	0.38552256176909316	0.4597654902273403
0.1538786073504585	0.3865669332371125	0.4595544594124291
0.15307155923537702	0.3878019177531258	0.45912652301149737
0.15559986141622395	0.38666435913916203	0.45773577944461413
0.15377365503697552	0.38697070047188475	0.45925564449113987
0.15580588292506303	0.3842781189471776	0.4599159981277595
0.15453838395313924	0.38459831660579585	0.4608632994410651
0.1566554798300835	0.38659418857941996	0.45675033159049666
0.15414154506345618	0.38699476649406916	0.45886368844247477
0.15535325539686384	0.38547908480244847	0.4591676598006878
0.15503139112021613	0.3878429623903508	0.45712564648943316
0.15416989694864003	0.3876019653634011	0.458228137687959
0.15572847661874223	0.38421252493971925	0.46005899844153864
0.1526077427440619	0.38756092396093905	0.45983133329499914
0.1526822355925922	0.387808120287325	0.459509644120083
0.15468014450076212	0.38738749949052176	0.45793235600871623
0.15353454660916277	0.386804700536512	0.45966075285432534
0.156424813795921	0.3872310188028517	0.45634416740122746
0.1556606374710197	0.38804786506293576	0.4562914974660447
0.15525044915311337	0.38818612982167044	0.4565634210252163
0.15537329100032332	0.38751643622145054	0.45711027277822625
0.15496601499423343	0.3842120865872839	0.4608218984184828
0.15496027193648784	0.38608606339809926	0.458953664665413
0.15325239562782866	0.38777386514390355	0.4589737392282679
0.15558524742810684	0.38772237436612456	0.45669237820576875
0.15303335368484797	0.3879826898850646	0.4589839564300875
0.15513728771590854	0.3875928389929865	0.4572698732911051
0.1530403195465626	0.3884359013669129	0.45852377908652464
0.15382769336250315	0.386810073092104	0.45936223354539296
0.15414579520133526	0.38783663072478136	0.45801757407388355
0.15521931057422278	0.38802190309877854	0.4567587863269988
0.1546835316395458	0.38639812272459995	0.45891834563585443
0.1536469767305622	0.38750541723521087	0.45884760603422703
0.15431307513975462	0.38431616240364785	0.46137076245659764
0.15316799577680681	0.3877653477594942	0.45906665646369904
0.15536511713863912	0.3858187205876338	0.45881616227372723
0.15478795928334727	0.38463378711654633	0.4605782536001065
0.1555915112195918	0.3866467538696388	0.4577617349107695
0.15365048800016862	0.3844000272872877	0.4619494847125438
0.1550760312677486	0.38434866389728944	0.4605753048349621
0.155083037200702	0.38669617121779515	0.458220791581503
0.15649908032146947	0.3862950121273336	0.45720590755119705
0.15670654783241747	0.38706569340731967	0.456227758760263
0.15672848903606462	0.38545618244684504	0.45781532851709045
0.15540178584575032	0.3854869002974749	0.45911131385677484
0.15471581518049193	0.3879887448651108	0.4572954399543974
0.15688497522570877	0.38669170432563915	0.4564233204486522
0.15489298381182767	0.3882615807700236	0.45684543541814887
0.155408763744675	0.3866076495297816	0.4579835867255435
0.15288120727691118	0.38727175668215996	0.459847036040929
0.15623196510213117	0.387080586714254	0.45668744818361495
0.15522266609139646	0.38810831158951065	0.456669022319093
0.1561023586824436	0.38660425410515903	0.4572933872123975
0.15311194269677708	0.3861877693201114	0.4607002879831117
0.15456691198089056	0.3882461915758809	0.45718689644322863
0.15358919679786326	0.3852889822270996	0.4611218209750373
0.15283596727903886	0.3884381502422825	0.45872588247867874
0.15567485204448195	0.3872413715099803	0.4570837764455379
0.15438799489989452	0.3870235483613485	0.4585884567387571
0.15553224045220715	0.38806849156919254	0.4563992679786004
0.15371633311099736	0.38851644209398745	0.4577672247950153
0.15614569830794195	0.3865352510795724	0.4573190506124858
0.15594866538499125	0.38417109827807727	0.4598802363369316
0.15451983680494666	0.38548696367933966	0.4599931995157138
0.1526399666146635	0.3878830491327899	0.45947698425254674
0.1524200550278192	0.38555633561459224	0.4620236093575886
0.15657883101587422	0.38681512241117216	0.4566060465729537
0.15452891196846852	0.3883789092712705	0.45709217876026104
0.1530623878201407	0.38465627878106007	0.4622813333987994
0.1553673026231177	0.38654099365981354	0.45809170371706887
0.15376861254587587	0.38568212778938604	0.46054925966473825
0.15280191479148036	0.38615571701065016	0.4610423681978696
0.1546098092827798	0.3852808545551908	0.46010933616202954
0.1532005833363057	0.38738394626907313	0.4594154703946213
0.1558515478599492	0.3853297162943806	0.45881873584567023
0.15504798469653072	0.3859825552859433	0.45896946001752614
0.15480062957733765	0.38705193389820225	0.4581474365244602
0.15301525538869604	0.3853439447600435	0.4616407998512605
0.15501043315751317	0.38423404873883354	0.4607555181036534
0.15602106884430494	0.3863930061877428	0.45758592496795236
0.15463704705782377	0.3853688044626214	0.45999414847955494
0.15285922470725258	0.3854428668168558	0.46169790847589176
0.15323936727508086	0.3860807255287781	0.46067990719614116
0.1554479320618377	0.3856191242002366	0.4589329437379258
0.15399511880796724	0.38609475741067517	0.45991012378135776
0.15361215896642944	0.3872127107321489	0.45917513030142176
0.15293272176706735	0.38741781122053953	0.4596494670123932
0.15538849099260477	0.3863670502600102	0.4582444587473851
0.15557797762880587	0.3853430215322784	0.45907900083891584
0.15566342071934436	0.3854895609754829	0.4588470183051728
0.15438663200288594	0.38699831480884733	0.4586150531882668
0.15673421425776457	0.3843036748801402	0.4589621108620954
0.1535366487949109	0.3846644473249182	0.461798903880171
0.1555992938097881	0.38665820931909284	0.45774249687111923
0.15377522200703814	0.38692454319987857	0.4593002347930834
0.15568202798512715	0.3854729024192827	0.45884506959559024
0.15433921372382492	0.3850990756093941	0.4605617106667811
0.15270339468129707	0.38618321060134264	0.4611133947173604
0.15273541138451266	0.3861664931178794	0.4610980954976081
0.15399285298357235	0.38855954524223013	0.45744760177419763
0.15346845466170445	0.3873733941036999	0.4591581512345957
0.15615711180959213	0.38556127300247384	0.4582816151879342
0.1543929682796187	0.38463663553132554	0.4609703961890559
0.15452700568464173	0.3842798350389481	0.46119315927641036
0.15295852032518797	0.38543245463803144	0.4616090250367807
0.15483335577125806	0.3849609793512443	0.4602056648774978
0.15597555096880236	0.3866644870870273	0.45735996194417045
0.15442260793198442	0.38695669936682364	0.458620692701192
0.15629937730855264	0.3866929840686139	0.45700763862283356
0.15597919848595498	0.3878527252076235	0.45616807630642164
0.15262691181837007	0.38886522475403135	0.45850786342759875
0.1542254028747282	0.38830777733293487	0.45746681979233705
0.15355614566809161	0.3869090798473942	0.4595347744845143
0.15429322024480926	0.3885658674030351	0.4571409123521557
0.1524235366459334	0.38851302497187273	0.459063438382194
0.15511834374796962	0.38708625291130094	0.45779540334072955
0.15271485650975059	0.3874757892991608	0.4598093541910887
0.15654073118755768	0.3850011819611519	0.4584580868512905
0.15442724443579037	0.38505191942682343	0.4605208361373863
0.15622018247813182	0.3844318405899281	0.45934797693194024
0.1537835799368909	0.387189946920201	0.45902647314290823
0.1560768440783214	0.38597738342657123	0.4579457724951075
0.15539108857923767	0.3875084090490492	0.4571005023717133
0.1528227371739892	0.3858297337760164	0.46134752904999443
0.1549819325672816	0.3859713583730909	0.45904670905962763
0.1567524321949601	0.3860125265128636	0.45723504129217646
0.15425433234638067	0.3845393575375342	0.46120631011608526
0.1540105091632405	0.3842548315437558	0.4617346592930039
0.15377880787154408	0.38566963470656157	0.46055155742189446
0.1551178206397738	0.38520012401483555	0.45968205534539075
0.15301971001375597	0.3880695336599854	0.4589107563262588
0.1525889231615049	0.3858510584793582	0.46156001835913696
0.15344156219088612	0.38532311519419105	0.46123532261492295
0.15565505717013167	0.386340183089839	0.45800475974002947
0.15639517146512227	0.3853325610181237	0.45827226751675415
0.15593488285016724	0.3852237069525115	0.4588414101973214
0.15271224589651272	0.38687955703260724	0.4604081970708801
0.15539426744341617	0.38495549655773503	0.4596502359988489
0.15506238404457928	0.3860448493950542	0.45889276656036665
0.15426908400392186	0.388831464215971	0.45689945178010727
0.15434492707918945	0.3881230251517313	0.45753204776907935
0.15246821265153493	0.38518245080347746	0.4623493365449878
0.15610425645247478	0.38610186600511165	0.4577938775424137
0.15448079397692516	0.3862174410178179	0.45930176500525705
0.15418232351300187	0.38462363087162776	0.46119404561537053
0.15669120220703048	0.3844441006251749	0.45886469716779477
0.15389545279143535	0.3869459424157444	0.45915860479282034
0.152921076288137	0.3885016511222361	0.458577272589627
0.15305679377229126	0.38872104332251406	0.4582221629051948
0.15547429198969143	0.38749622517289334	0.4570294828374153
0.1563267340866908	0.3867751202073417	0.45689814570596765
0.15534475897491318	0.3860981324923343	0.45855710853275256
0.15265888697876784	0.3850975208277046	0.4622435921935277
0.15596804778901902	0.3872088098165809	0.4568231423944002
0.1548409680947668	0.3888434972126923	0.456315534692541
0.15688253535897384	0.38476800345670054	0.45834946118432573
0.154436834526659	0.3875968554865987	0.45796630998674237
0.15347145648416732	0.3873778836358129	0.4591506598800199
0.15566565982160932	0.3871155835638314	0.4572187566145594
0.15533924442964303	0.384932930841255	0.459727824729102
0.15531499812445748	0.3858486305260936	0.45883637134944905
0.15381767403583707	0.3876197725234286	0.45856255344073443
0.1559176268042749	0.38452651463432685	0.45955585856139836
0.15270009376598948	0.3866980552737329	0.4606018509602777
0.1548283519244682	0.3883053699899861	0.4568662780855458
0.15268274195861015	0.3862223375006124	0.46109492054077755
0.15583450583260294	0.38620028020622416	0.457965213961173
0.15240786074369472	0.3872444577693195	0.4603476814869859
0.15522222317562942	0.3852427756037243	0.4595350012206464
0.15285152509060118	0.3869622663509819	0.46018620855841696
0.1548846838108749	0.3852479119506042	0.459867404238521
0.15677345843047874	0.38666167626978587	0.45656486529973556
0.15445770988948337	0.388130184191377	0.4574121059191397
0.1536416921016775	0.384164088325589	0.46219421957273366
0.1527045693396354	0.38697291020997837	0.46032252045038635
0.15466551706928833	0.38568625964665154	0.4596482232840603
0.15577721581060916	0.3854746402060219	0.45874814398336905
0.1535502962373117	0.38696228196951693	0.4594874217931715
0.1525026302499332	0.3860647059984844	0.4614326637515825
0.15569571102201088	0.3842655755307515	0.46003871344723773
0.15512672216576606	0.3876931637931537	0.4571801140410804
0.15647809134818413	0.3857246274336753	0.4577972812181407
0.1562642177485774	0.38442829560024583	0.4593074866511769
0.15499619117750407	0.38533284889776037	0.45967095992473567
0.1540037242790176	0.387004704109414	0.4589915716115685
0.15494188674512976	0.38815866358500795	0.4568994496698624
0.1562041370598522	0.38504082861644406	0.4587550343237038
0.1536703086032879	0.38705446430342366	0.45927522709328855
0.1536642669841837	0.3885740444467582	0.4577616885690582
0.15680932855211482	0.3847440922276672	0.4584465792202181
0.15597060625414985	0.3864256648788566	0.4576037288669937
0.15647812966034022	0.38553596369673315	0.4579859066429267
0.15348669365635373	0.38444997680050363	0.4620633295431428
0.15593041190729073	0.3863480813229706	0.45772150676973883
0.15555601864695612	0.3861852070789389	0.4582587742741051
0.15386239464653817	0.38463646464811696	0.461501140705345
0.15526899250311382	0.38494192629046253	0.45978908120642376
0.15255053785855227	0.3850120246208933	0.46243743752055455
0.15412123358213858	0.38608429346151557	0.459794472956346
0.15458593205795373	0.3862353622970067	0.45917870564503965
0.15598921396850224	0.38772746067269015	0.4562833253588077
0.1528010261597066	0.38877271123519946	0.45842626260509406
0.15366080331290619	0.3853705931772815	0.46096860350981245
0.15394437947273903	0.38770684638958053	0.4583487741376805
0.15261764174281908	0.3875927255612567	0.4597896326959243
0.1547092442832813	0.3842167091792146	0.4610740465375042
0.15355676527090717	0.38881229638655984	0.4576309383425331
0.15380557469440387	0.3857900931277999	0.4604043321777963
0.15664812750162876	0.3858862785863013	0.45746559391207003
0.15548294737792775	0.3875832338049381	0.45693381881713424
0.15479683625204735	0.38567293888303217	0.45953022486492057
0.15329551157990604	0.3842213520387574	0.4624831363813367
0.1568826996421699	0.38426298270000325	0.458854317657827
0.1551686696239109	0.38571806030178674	0.45911327007430247
0.15530552475905943	0.38765749573453573	0.45703697950640493
0.15465062583412742	0.38600943719761877	0.4593399369682539
0.1563353944894618	0.38593977833081405	0.4577248271797243
0.15407952685158283	0.384484413303835	0.46143605984458236
0.15339499466743636	0.38513037917660436	0.46147462615595936
0.15617492037265035	0.3875662263887113	0.45625885323863846
0.15474994853703794	0.38501389812834214	0.46023615333462004
0.15465353614084254	0.38698123958055003	0.4583652242786076
0.15387472208689354	0.38884338177946043	0.4572818961336461
0.15524596921223544	0.3866177485409459	0.4581362822468188
0.15591441607545847	0.38570565115774114	0.4583799327668005
0.1553143624235521	0.38570614836603323	0.45897948921041476
0.15634826581056777	0.38739637393528614	0.45625536025414626
0.15491307171074983	0.38408076865256785	0.4610061596366824
0.1526499134806118	0.3868982079476358	0.4604518785717525
0.15558657005295937	0.3840865904964893	0.4603268394505514
0.15500668689441338	0.38582408976512717	0.4591692233404596
0.15551950010088997	0.38605714597841556	0.45842335392069455
0.1533291290935403	0.38627362377176927	0.46039724713469055
0.1567646106033554	0.38509572459499425	0.45813966480165047
0.15337155087088475	0.3877284504164065	0.4588999987127088
0.15543459088424985	0.38458607636393	0.4599793327518203
0.15604825676534279	0.3862112968245737	0.4577404464100836
0.1544319136598311	0.3881294150691937	0.4574386712709753
0.1553577625390589	0.38809687226138995	0.45654536519955125
0.1533017468863645	0.3879549606957947	0.4587432924178409
0.15612864718237007	0.3871955323715628	0.45667582044606725
0.1539847072328402	0.3870322489192386	0.4589830438479213
0.1549747580842043	0.3879775994599287	0.45704764245586715
0.15569770173512898	0.3878649416307555	0.4564373566341156
0.15580557165623576	0.38667215314566317	0.4575222751981012
0.15606201398888536	0.38753541827726534	0.45640256773384946
0.15489833163842012	0.3858591326847682	0.45924253567681184
0.152527113755541	0.385645048355981	0.46182783788847814
0.15306463093379802	0.3874652818639035	0.45947008720229854
0.1542478989348412	0.38878838438233093	0.456963716682828
0.1525075442554185	0.3882849253489162	0.4592075303956654
0.15346739221238614	0.38436941346174325	0.4621631943258707
0.1538729967544551	0.3860957568746938	0.46003124637085124
0.1542332393781017	0.38625642948535516	0.45951033113654327
0.15433683091040507	0.3861014958893073	0.45956167320028773
0.15344924677412003	0.3842082450144665	0.4623425082114136
0.15485774991889845	0.3850651091789927	0.46007714090210894
0.1565695546710325	0.38522565941201165	0.45820478591695596
0.1548636808893757	0.3872033412159566	0.45793297789466786
0.1564167076762511	0.38604960347504613	0.45753368884870294
0.1552930190817517	0.3860047647750677	0.45870221614318074
0.15394689838763273	0.38491811474675053	0.4611349868656169
0.15480784965316324	0.3871326181211653	0.4580595322256716
0.15542212263373906	0.3842594256038097	0.46031845176245134
0.1561064437629917	0.38727386820349496	0.4566196880335135
0.1564394868470701	0.3869318858627866	0.4566286272901435
0.15549350469118967	0.3880174160579713	0.45648907925083915
0.15381662397995916	0.3847363829270794	0.46144699309296155
0.15412323029993294	0.38728779810466085	0.45858897159540635
0.15494205273857353	0.3868612401248045	0.4581967071366221
0.1561384588608566	0.3861184358105243	0.4577431053286192
0.15572770388508933	0.38691561813854397	0.4573566779763668
0.15518830668462524	0.38468563844548925	0.4601260548698856
0.15328233092634264	0.3863536928085379	0.4603639762651196
0.15632314622872226	0.38682570236425423	0.4568511514070236
0.1529757965465443	0.385214292721655	0.4618099107318008
0.15442156255859374	0.38490127063035134	0.4606771668110551
0.1539898929420912	0.38849445928622317	0.45751564777168574
0.15650124724126027	0.38660889255853176	0.4568898602002081
0.15294461377648697	0.38768243896673016	0.459372947256783
0.15514636018550806	0.38443329032737306	0.46042034948711896
0.15393829710225315	0.3883453051157605	0.45771639778198653
0.15351126101097917	0.3863478113735246	0.46014092761549635
0.1545529904971923	0.38569537461766285	0.4597516348851449
0.15253563851295587	0.38638118152866296	0.4610831799583813
0.15559787218487808	0.38644804903790825	0.45795407877721384
0.15621344729141923	0.38510345842696736	0.4586830942816135
0.15610190702537208	0.3853627069738785	0.4585353860007496
0.15510686051714911	0.3884148072563732	0.4564783322264778
0.15497624823461592	0.3841699802102362	0.46085377155514806
0.152913780929789	0.38629177991253044	0.4607944391576807
0.1535807196492621	0.3867695795641602	0.45964970078657785
0.15631984453167075	0.3852020073743589	0.4584781480939705
0.1539370975054098	0.38597150849411666	0.46009139400047366
0.1545522121655286	0.38563484017411276	0.45981294766035874
0.15573542760094622	0.3849094641765006	0.45935510822255327
0.1539554405010247	0.3882629252773427	0.45778163422163276
0.15311431129209313	0.3878585779314345	0.4590271107764725
0.15515657742872896	0.38732489112499535	0.4575185314462758
0.15639976899692729	0.38407682496854295	0.4595234060345299
0.15410688872412848	0.38494172133435545	0.4609513899415162
0.15238651333684633	0.3851000011954423	0.46251348546771154
0.154632598651502	0.3879201842637105	0.45744721708478764
0.1537049232770181	0.38722075949216855	0.45907431723081343
0.15294624611098334	0.3878442819177093	0.45920947197130746
0.15442051935943946	0.38785137179157847	0.45772810884898213
0.15361510313316767	0.38618934288448487	0.4601955539823476
0.15443268571100643	0.38634010600592483	0.45922720828306884
0.1553646265358402	0.3878770235735419	0.45675834989061803
0.15461271813507343	0.384202580433876	0.4611847014310507
0.15276054982601756	0.38706196260852677	0.4601774875654558
0.15476619377942963	0.3851468746416383	0.4600869315789322
0.1551356456804614	0.386632529651479	0.45823182466805973
0.15542227006520415	0.3884387756251488	0.4561389543096472
0.15343091967697234	0.3887845057895314	0.45778457453349636
0.15346660036639465	0.38885191516508644	0.4576814844685191
0.15533001977873834	0.3847454499657998	0.459924530255462
0.15612587750923584	0.38674590838651773	0.45712821410424653
0.1543136018695916	0.38858559652074415	0.4571008016096644
0.15416441055697938	0.38870474911268404	0.4571308403303367
0.1544972601973662	0.38872961958672825	0.45677312021590566
0.15358024432746337	0.3843738394055416	0.46204591626699515
0.15483279566339675	0.38424061216206135	0.46092659217454207
0.1530704810147709	0.3869233692098002	0.4600061497754291
0.15322955712060898	0.3864402654664679	0.46033017741292326
0.15575593132731258	0.3879379600809231	0.45630610859176446
0.1543264195753014	0.38666349749505713	0.4590100829296415
0.15582635175344103	0.38527458979181256	0.45889905845474654
0.154645847951287	0.38723537252935397	0.4581187795193592
0.15521331674102296	0.3868826655362605	0.4579040177227167
0.15313337847453007	0.3847245558873884	0.46214206563808163
0.1560243670478722	0.3865087844874544	0.4574668484646735
0.15679530188289234	0.3869165620094818	0.456288136107626
0.15536154503619598	0.3848070016539804	0.4598314533098237
0.15297038324891982	0.3847060651223275	0.46232355162875277
0.15345614620346204	0.3845789152547552	0.4619649385417829
0.15545151850743605	0.3848904724647894	0.45965800902777465
0.15295927716645513	0.38491731696375886	0.4621234058697861
0.15340199730936965	0.38541179254164054	0.4611862101489899
0.1555047822953492	0.3856770245983139	0.4588181931063371
0.156009971180757	0.3854884205922733	0.45850160822696984
0.15376611721487943	0.3844937967360041	0.4617400860491166
0.15651565515390234	0.3863441219211221	0.4571402229249757
0.15461098924032857	0.3858988407435879	0.45949017001608367
0.15316011264373092	0.38602787307366326	0.4608120142826059
0.154879696229416	0.38819554229754005	0.45692476147304406
0.15274244560835232	0.3856962676385637	0.46156128675308417
0.15296180621301503	0.3855556781746225	0.4614825156123626
0.1564101247933865	0.3873771789638345	0.4562126962427791
0.15569774722657714	0.38770127251228065	0.4566009802611423
0.1530851062675106	0.3857382365930131	0.4611766571394764
0.1564265490073713	0.3847940246564128	0.45877942633621605
0.15391976189649315	0.3878278938742062	0.4582523442293007
0.15549842872137903	0.38783203285739365	0.4566695384212274
0.15562372365656635	0.3865732756997502	0.45780300064368357
0.1532384301421096	0.3883291392807613	0.45843243057712924
0.15460775845689323	0.3868091203304777	0.4585831212126291
0.1544573080629042	0.3861242500262056	0.4594184419108903
0.15449762363526737	0.38753789714940434	0.45796447921532835
0.15658136317645677	0.3869190046011556	0.45649963222238776
0.15260429653328234	0.38874698015406406	0.4586487233126537
0.1533769794632724	0.38767629379202007	0.45894672674470766
0.15432539945915325	0.38589881144280236	0.4597757890980445
0.15352722263581392	0.38807422076257997	0.4583985566016062
0.15343990923844153	0.38731006687854685	0.4592500238830117
0.1534675572370226	0.38809210659968074	0.45844033616329677
0.15380104152053686	0.3863104024846534	0.4598885559948098
0.15664145736235022	0.38658797272954476	0.45677056990810516
0.15312196920355947	0.38866041621076486	0.4582176145856758
0.1544710570913888	0.384259568836975	0.46126937407163626
0.1541418014058953	0.3884270055775244	0.4574311930165804
0.15664313204865118	0.3841965997590824	0.4591602681922665
0.15427753453079374	0.38554176921057787	0.4601806962586285
0.1551206472051916	0.3844621025923528	0.4604172502024557
0.15447409640938686	0.38824514482846373	0.4572807587621495
0.15669624859898046	0.38635292918713293	0.4569508222138867
0.15548843839174784	0.38760874137447243	0.45690282023377987
0.1547122910651012	0.3841207393657768	0.4611669695691221
0.15242034869661297	0.3886392206494962	0.45894043065389095
0.1529651751929476	0.38651517406736624	0.46051965073968626
0.1534429630411041	0.3874353887683468	0.45912164819054924
0.1564198975213377	0.3863965244459542	0.45718357803270826
0.1556052279428422	0.3874170086951842	0.4569777633619737
0.15356301004355485	0.3851626437440814	0.4612743462123639
0.1540470068214187	0.3843776041361961	0.4615753890423854
0.15277132466721066	0.38550435183476034	0.46172432349802917
0.1553512611318234	0.3840928286757512	0.4605559101924256
0.15626766457050048	0.38708097329440305	0.45665136213509655
0.15671962227601	0.38507535876539106	0.4582050189585991
0.1568873566209003	0.3868336380478323	0.45627900533126753
0.15277392181581984	0.3874624965824442	0.4597635816017361
0.15467685507016005	0.3875808935800352	0.4577422513498049
0.15496517933020879	0.3857432060517092	0.45929161461808216
0.15257302775105624	0.38860103781251343	0.45882593443643044
0.15645169782925833	0.3848040641900331	0.4587442379807087
0.15534277471074087	0.38818140881809016	0.4564758164711691
0.15463920478402887	0.386768261162311	0.4585925340536603
0.15563382701763562	0.38554307282779277	0.45882310015457173
0.15640762251383017	0.3845546416389936	0.45903773584717633
0.15529114572315222	0.3854628486045856	0.4592460056722623
0.15534624636793107	0.3848246952189304	0.45982905841313865
0.15431820066135837	0.38452652673947224	0.46115527259916955
0.1566037055147805	0.38680891020675723	0.45658738427846235
0.15403918140248687	0.3865111878603651	0.4594496307371481
0.155777292101852	0.3851183204239781	0.45910438747417004
0.1546918957451087	0.3885862988010642	0.45672180545382723
0.1561675874743686	0.387476030219416	0.4563563823062155
0.1540223179281258	0.38451785586433623	0.4614598262075381
0.1533879984374409	0.38729769298641137	0.45931430857614786
0.15441082139167275	0.3855316803832308	0.46005749822509656
0.1549265463165424	0.38676345731166784	0.4583099963717899
0.15358531588712274	0.3868390212454071	0.4595756628674703
0.15350504050639288	0.3856634120494024	0.46083154744420485
0.15322915726508965	0.38688348886261953	0.45988735387229096
0.1543851836895918	0.3883213322526338	0.45729348405777454
0.15604832961557735	0.3854080490681418	0.458543621316281
0.15370257779624846	0.3874421696132731	0.45885525259047855
0.15350462870599157	0.3849362572815225	0.46155911401248606
0.15595718261965263	0.3861566325873235	0.457886184793024
0.1541392802311382	0.3881897748720785	0.45767094489678345
0.15250605990962107	0.3881785229982289	0.4593154170921501
0.15573324610334294	0.386269881794979	0.45799687210167817
0.15649394378511383	0.3859139268581304	0.4575921293567559
0.15272625216064234	0.388322783667024	0.45895096417233383
0.15472184516070053	0.3868470358682816	0.45843111897101796
0.15485266923677626	0.3849264642475283	0.46022086651569555
0.15371957982680245	0.38674586009592865	0.459534560077269
0.15339940503827587	0.38864190251631264	0.4579586924454116
0.15410365661355385	0.38694963622779943	0.4589467071586468
0.15303553775557419	0.38477112691034576	0.46219333533408014
0.15462056454670053	0.3859862180769782	0.45939321737632133
0.15456785012466992	0.38548917126798427	0.45994297860734595
0.1538674985432153	0.3858338215673093	0.46029867988947554
0.15687807430034345	0.3856988163651175	0.4574231093345392
0.1544072130894958	0.38464871900581765	0.46094406790468667
0.15265716285370606	0.3870950632509238	0.4602477738953703
0.15413096708459734	0.3848400527764916	0.4610289801389112
0.1547151319881447	0.38511652870834806	0.46016833930350737
0.15566727233681532	0.3875598837770737	0.45677284388611117
0.15403994452782854	0.3880934350219952	0.45786662045017634
0.1528633967799064	0.3869107089310015	0.4602258942890922
0.1540045748652542	0.38511456507483866	0.4608808600599073
0.15324631247757114	0.388399954489277	0.45835373303315197
0.15510577693478408	0.3884889032122121	0.4564053198530039
0.15614120416039995	0.385740938296229	0.4581178575433712
0.1526423204625581	0.3881883478793299	0.45916933165811213
0.15288411290402304	0.38678133573676376	0.4603345513592133
0.15329633067764542	0.38701927275262166	0.45968439656973303
0.15330399022645808	0.38669868915416294	0.45999732061937915
