0.012644098391947245	0.7611362160090245	0.22621968559902833
0.011869523302914187	0.7309543633912374	0.2571761133058486
0.008568836232607902	0.7065321896837109	0.2848989740836813
0.0018648154623935875	0.6860185316413128	0.31211665289629376
0.0072406116957147715	0.620449648492431	0.37230973981185433
0.007492193784286616	0.5667263669100687	0.4257814393056447
0.005993678729969143	0.2678221638099636	0.7261841574600674
0.012803340566575283	0.2608098244889211	0.7263868349445037
0.009731512316106805	0.33749246267374067	0.6527760250101526
0.0037668095905590837	0.2450106093322569	0.751222581077184
0.00531444245330287	0.3355431425037826	0.6591424150429146
0.01112757558249794	0.31811778943401203	0.6707546349834903
0.007273371754044522	0.2959883296592337	0.6967382985867219
0.0020475861551931818	0.31303491907649017	0.6849174947683168
0.009864228362426397	0.3269498797170094	0.6631858919205642
0.008211513600637266	0.3322287869046221	0.6595596994947408
0.006773749229121884	0.3263539762300524	0.6668722745408258
0.008508282062547723	0.5114098446264954	0.480081873310957
0.0037652205719247434	0.5116587183056693	0.48457606112240603
0.0018997848606717715	0.4921899826361804	0.5059102325031479
0.006049201652148617	0.5442231704405573	0.44972762790729415
0.0052296202420346605	0.39117496033787	0.6035954194200954
0.009432400370975258	0.40881546964707516	0.5817521299819497
0.011216493916309356	0.3230186627238969	0.6657648433597938
0.010417233497588552	0.27039468401015987	0.7191880824922517
0.010033885011350718	0.2675695507931249	0.7223965641955246
0.003340553607331931	0.2661695277264195	0.7304899186662487
0.008341759444013996	0.2704336090417023	0.7212246315142838
0.00319759681134979	0.32690471937187493	0.6698976838167754
0.012763855145775216	0.30089687476958454	0.6863392700846404
0.007055994624558026	0.3064565281070316	0.6864874772684104
0.010425229253770485	0.3008870851830449	0.6886876855631847
0.004747908061809192	0.21560625837367192	0.779645833564519
0.012126183769865129	0.1751946265247947	0.8126791897053403
0.011623462644816396	0.16722635069142666	0.821150186663757
0.0021806873480886835	0.17089373453340917	0.8269255781185023
0.001535236430333875	0.1880885451290907	0.8103762184405755
0.008109861298656984	0.24697622107437672	0.7449139176269663
0.0015693607747717109	0.34245789434987667	0.6559727448753518
0.004230998658088625	0.4013695232818157	0.5943994780600959
0.00293683448176707	0.3788041002836267	0.6182590652346064
0.0071851357698859974	0.3569231403847086	0.6358917238454056
0.008442781661869403	0.39871723097666384	0.5928399873614668
8.785540703631911E-4	0.4116290194599214	0.5874924264697156
0.00842552774591887	0.404749059570656	0.5868254126834251
0.009785643349286222	0.40076165495445987	0.5894527016962541
0.00976109325974156	0.4296021503136449	0.5606367564266137
0.0030348741417525193	0.5700985040776546	0.4268666217805931
0.006486964926459837	0.550210795638421	0.4433022394351192
0.011429169289423835	0.5808576275289952	0.4077132031815811
0.009082684443722677	0.55431378907099	0.43660352648528733
0.011334692391728796	0.5454980028902664	0.4431673047180049
0.00431902270627782	0.5483327936829312	0.44734818361079115
0.004782361867231577	0.5228897821663304	0.4723278559664381
0.005221676074137316	0.5192380734036671	0.4755402505221957
0.0033726147118208205	0.37977294023140507	0.6168544450567742
0.010692526210983821	0.47700464855548713	0.5123028252335292
0.011471823431348116	0.46974559788739545	0.5187825786812565
0.008961063070133723	0.5011312553737957	0.4899076815560708
0.007098352738628355	0.5889761355089393	0.4039255117524324
0.011557210890703717	0.5821043446071982	0.40633844450209833
0.00582058736036295	0.638030729630134	0.3561486830095032
0.005110089954816988	0.6118944046716416	0.3829955053735415
0.010465843650079076	0.6134582068939767	0.37607594945594436
0.004086262499486071	0.5745124395016578	0.4214012979988564
0.012482220480592443	0.7109770442179697	0.27654073530143797
0.009369401214948836	0.6879392532661753	0.3026913455188759
0.008616784170787206	0.6833980893243063	0.3079851265049065
0.01072923928770314	0.6646809167144992	0.3245898439977978
0.008092420707729586	0.629149953051285	0.3627576262409857
0.003635073510015796	0.6334935399976045	0.36287138649237977
0.007154203004615556	0.6542617873851853	0.3385840096101994
0.0117339755680132	0.6325335160035385	0.3557325084284485
0.0032561585615648037	0.5654907753094229	0.43125306612901226
0.0010356811518809073	0.5937792475264984	0.40518507132162085
0.004992970541277175	0.5957448484757648	0.3992621809829581
0.004973335359036546	0.5560228661216657	0.4390037985192978
0.011739398705568838	0.5172341273198628	0.4710264739745684
0.008231615845524565	0.41926120262189515	0.5725071815325804
0.011900779759988045	0.464950570121638	0.5231486501183741
0.007527885300144255	0.5093227252780181	0.4831493894218377
0.003116015555068574	0.538170971192564	0.4587130132523676
0.007192352669157853	0.6353886151264136	0.3574190322044287
0.0028478340728646523	0.6383704261688503	0.3587817397582851
0.012164376819883027	0.6252966781671793	0.3625389450129378
0.009420958842094318	0.5351363668355169	0.45544267432238894
0.0027559447607079512	0.5257508605553187	0.4714931946839734
0.0038592927320877934	0.41846744352645693	0.5776732637414554
0.003687076328331096	0.4225564844054224	0.5737564392662466
0.010294026022498792	0.4033063069272278	0.5863996670502736
0.007378875954769604	0.3964608446790909	0.5961602793661396
9.512864946464861E-4	0.43862635649108206	0.5604223570142716
0.012319734431501472	0.47791244728422616	0.5097678182842724
0.001491065116104251	0.34438285192991164	0.6541260829539842
0.0022862078156570265	0.3051133135881533	0.6926004785961899
0.0010910084328611958	0.2535404244286483	0.7453685671384906
0.0015165725479287517	0.27730226247010303	0.7211811649819683
0.010219788602851332	0.2490310262187772	0.7407491851783716
0.012323375975101913	0.14176839144513467	0.8459082325797636
0.011958670191411891	0.30697248291234125	0.6810688468962469
0.0030093964601077827	0.3487445917931957	0.6482460117466966
0.010274211081823248	0.33615493132498186	0.6535708575931951
0.005623783799238835	0.6455066583833022	0.34886955781745904
0.00941286714046291	0.6788236948624213	0.3117634379971159
0.0066304414974797665	0.6683158848033602	0.3250536736991601
0.002306082207351623	0.40198587027635446	0.595708047516294
0.009377353038344638	0.550268214967701	0.4403544319939546
0.003169040790165556	0.5438495383737376	0.452981420836097
9.572402333637431E-4	0.5387332581952942	0.46030950157134226
0.007033206556935123	0.6662112260308615	0.3267555674122035
0.003402722636369482	0.7060703092193017	0.29052696814432893
0.011913131742815997	0.6363007037392663	0.3517861645179178
0.004000809907271807	0.5663059505743733	0.42969323951835503
7.021362743751536E-4	0.5831061754205258	0.4161916883050992
0.012367647600792897	0.6169293797437698	0.3707029726554374
0.0010101744473504093	0.5153881506129145	0.48360167493973516
0.005987325084293893	0.5350783562953028	0.45893431862040346
0.00675538167207701	0.5678413050285452	0.42540331329937797
0.008735527345961391	0.5549829610881676	0.4362815115658712
0.002397899941170678	0.5715382391551935	0.42606386090363596
0.009539342861128175	0.6863782949723607	0.3040823621665112
0.00705309062605769	0.7550555222111921	0.23789138716275024
0.007818051007431603	0.7540318525901832	0.23815009640238521
0.0047906089574016875	0.7441543798696519	0.25105501117294643
0.009057356271523376	0.7644693077278423	0.22647333600063452
0.011133859941513446	0.7027454820204706	0.2861206580380162
0.004975123517808211	0.7580762495858138	0.23694862689637813
0.011475697516250438	0.7658740692948349	0.22265023318891475
0.012118005615884886	0.7108660587839071	0.2770159356002081
0.00982536327568434	0.655482315229529	0.33469232149478667
0.011975079580335557	0.6387220290352745	0.34930289138439
0.009759500156324763	0.6325583283590741	0.35768217148460124
0.009108453007979855	0.623385791524232	0.3675057554677883
0.007581625959841354	0.6044001949344715	0.38801817910568737
0.0022200925722251075	0.6332278911888725	0.3645520162389025
0.007148264047650177	0.6841337951561661	0.3087179407961838
0.011675744269817323	0.6514829349785187	0.33684132075166406
0.0072665301354410405	0.7102486361132629	0.2824848337512962
0.0025763291356735163	0.7171785525119214	0.2802451183524053
0.004055488541002461	0.7360802643932263	0.25986424706577127
0.0025300436798962878	0.770359631275402	0.22711032504470197
0.008459189314176052	0.6092016035675614	0.38233920711826275
0.009853949822651753	0.6026010960591173	0.38754495411823114
0.006960528462612692	0.6042736179036242	0.3887658536337632
0.0037947007144416567	0.5805628606138673	0.4156424386716912
0.01125483173120112	0.5757980764188226	0.41294709184997636
0.008026485461353539	0.644418360821751	0.34755515371689566
0.011212789068592022	0.5865803881646039	0.4022068227668043
0.012853046006177482	0.5940155772432955	0.3931313767505272
0.006208751322799078	0.6514161870670764	0.3423750616101246
0.007817174647030134	0.6118260700704445	0.3803567552825255
0.010990466048208025	0.6237737639740013	0.3652357699777907
0.0071511817042317904	0.6459954242517871	0.34685339404398124
0.004629621016066898	0.672359148917939	0.32301123006599425
0.0024549760262297937	0.6825526150948333	0.314992408878937
0.012178927074014412	0.6140363828842293	0.3737846900417564
0.002299847629611995	0.5882232205789655	0.40947693179142275
0.006172564698949556	0.5878609721732982	0.40596646312775236
0.011830170066382484	0.5216920935151053	0.46647773641851237
0.00858665051888674	0.3528426333804151	0.6385707161006983
0.008251314373119656	0.4978293026696757	0.49391938295720483
0.012573017542677478	0.6391372412185022	0.3482897412388204
0.0043927802688753514	0.6035206194241247	0.39208660030700004
0.002672832498396116	0.6760142629855134	0.3213129045160906
9.851960662898285E-4	0.4589778545306102	0.5400369494031001
0.004370678861915722	0.4181790283327362	0.5774502928053482
0.005617394625114458	0.5262624084775824	0.46812019689730316
9.758013334464355E-4	0.49753499621262726	0.5014892024539265
0.006013166820682758	0.497085802167583	0.49690103101173433
0.012774740941081775	0.42524804578136277	0.5619772132775556
0.010003413719578247	0.42447360650772226	0.5655229797726997
0.008806067542477536	0.2953395302717461	0.6958544021857764
0.012520141222097492	0.3138645836125233	0.6736152751653794
0.0037361347754488183	0.31824657808966184	0.6780172871348895
0.0023182574274021595	0.3074293614970752	0.6902523810755227
0.001694376332823655	0.3650935428244338	0.6332120808427426
0.010402865145003104	0.37895203675179523	0.6106450981032018
0.002747882217201847	0.3954230356378542	0.6018290821449441
0.012151948128064805	0.49564792124381124	0.49220013062812407
0.004479682044787936	0.2740082122907226	0.7215121056644896
0.0010046654871880278	0.3377549939512222	0.6612403405615899
0.0061869987220050104	0.32851822200880243	0.6652947792691927
0.004043162427264102	0.2323352656440885	0.7636215719286475
0.005297045296565328	0.22756093377457762	0.7671420209288571
0.009364628170708766	0.24602563606003292	0.7446097357692585
0.0025665712178120637	0.20122644215767718	0.796206986624511
0.0018763942713205806	0.26515530119205544	0.7329683045366242
0.007404242721799625	0.25845718495737247	0.734138572320828
0.008953794669529447	0.34158219577546645	0.6494640095550043
0.009340621168780538	0.6094201695623488	0.38123920926887084
0.009023620141562272	0.6884351704841369	0.30254120937430096
0.0018985653550565584	0.2422616726035018	0.7558397620414419
0.0035647104127440876	0.23837211401689706	0.758063175570359
0.002341637746579972	0.2224845022415013	0.7751738600119189
5.932318555852967E-4	0.27398258933331293	0.7254241788111019
0.007277978507853111	0.2814817124882837	0.7112403090038633
0.001672261924326457	0.17269686670158443	0.8256308713740892
0.009857108560222427	0.1819528878099146	0.808190003629863
0.011205803747128928	0.17351308748912708	0.8152811087637442
0.011832822235779028	0.16471400676931447	0.8234531709949067
0.010130872042259487	0.12587145368202962	0.8639976742757111
0.005185893657138507	0.07947185002398244	0.9153422563188792
0.011483694808055833	0.1629965367869729	0.8255197684049714
0.012026196548855395	0.07080888034044297	0.9171649231107017
0.0033237164706949596	0.06172290096211819	0.934953382567187
0.0036729732007284577	0.09558452582578048	0.9007425009734912
0.011706430014277736	0.11942274734327707	0.8688708226424454
0.004421319931860734	0.08414782110911778	0.9114308589590215
0.002066567550418008	0.09814026258022177	0.8997931698693603
0.006966581250002213	0.05880255118506228	0.9342308675649356
8.057057611703944E-4	0.06783133562480981	0.93136295861402
0.01018513575127128	0.0666454218884801	0.9231694423602488
0.00842915798344207	0.06384561840873104	0.9277252236078269
0.004498761311297839	0.06376426906406452	0.9317369696246378
0.003342984211101241	0.06969834988738632	0.9269586659015127
0.0027622891232523816	0.062204666923395546	0.9350330439533522
0.006708117137522451	0.09291223547016597	0.9003796473923117
0.004531762436788933	0.10650641716189174	0.8889618204013193
0.00996328376849509	0.13724303859446743	0.8527936776370376
0.010558012648252735	0.11902879792174584	0.8704131894300015
9.952161494095058E-4	0.1713752448771226	0.827629538973468
0.009983624007193326	0.1625227435997821	0.8274936323930246
0.0016192219178988165	0.18383408860839978	0.8145466894737015
0.010595201319400227	0.23116080604097006	0.7582439926396298
0.012109712132546135	0.22637140745676007	0.7615188804106939
0.001634250225886591	0.21787382503844357	0.78049192473567
0.01066497144987072	0.22282103949749912	0.7665139890526302
0.008674277550657694	0.22532321589648754	0.7660025065528548
0.0011872118207354454	0.2659666010002289	0.7328461871790357
0.0020923748354927385	0.2381750431432014	0.759732582021306
0.0067526644489495635	0.20382944476698198	0.7894178907840685
0.010345920511522833	0.15532160669474004	0.8343324727937373
0.012350692100570937	0.15474814170129844	0.8329011661981307
0.0018150800047334048	0.1300977980076528	0.868087121987614
0.009682526457647	0.07759472901829773	0.9127227445240554
0.008755356566492623	0.07305934810111442	0.9181852953323931
0.002884075167497724	0.24797295292998595	0.7491429719025164
0.011113215003121457	0.23818626019918449	0.7507005247976942
0.003937061281217735	0.2705376796464798	0.7255252590723027
0.0013853501199032614	0.26284136365444344	0.7357732862256534
0.0019485923841496278	0.23672284124221138	0.7613285663736391
0.0015169732472843367	0.1180745298612722	0.8804084968914436
8.617453549726872E-4	0.182444111548171	0.8166941430968564
9.631586346572352E-4	0.18700020103628323	0.8120366403290595
0.008616877733664319	0.10921254182178422	0.8821705804445515
0.005281924030602236	0.16316318885383657	0.8315548871155614
0.006606692269599479	0.32140593244323934	0.6719873752871613
0.009802639557803638	0.3585411042730997	0.6316562561690968
0.0019070900355489528	0.43578258456321495	0.5623103254012362
0.0074663169905883064	0.39235711098954146	0.6001765720198703
0.0067571612760492505	0.3903890442387563	0.6028537944851946
0.0025452073769215433	0.43462536165569743	0.5628294309673811
0.011504777097201768	0.593615050875929	0.39488017202686937
0.011427302128573569	0.5916761290625693	0.3968965688088572
0.011214228285870709	0.5993601293538661	0.38942564236026334
0.00902800025396272	0.4666470849030383	0.5243249148429991
0.012033791550254191	0.45197450674642276	0.5359917017033231
0.009290589475257294	0.43801867624870205	0.5526907342760408
0.009391952688623029	0.3644395321456394	0.6261685151657377
0.0014987097089492751	0.3503465084058902	0.6481547818851607
0.0019380201154277077	0.3873971771523094	0.610664802732263
0.008296540086931925	0.3101465961045597	0.6815568638085086
0.012555460968585841	0.3122045558910141	0.6752399831404001
0.011998789892806283	0.2886508005709648	0.6993504095362291
0.004072429071951933	0.2930430535159154	0.7028845174121328
0.001346957091406864	0.2625333494831985	0.7361196934253947
0.006352213238145443	0.29003104031997184	0.7036167464418828
0.0071719583912712714	0.24606962167154384	0.7467584199371851
0.003302318903113166	0.30076579475888393	0.6959318863380031
0.00456372883997419	0.2469535702121158	0.7484827009479103
0.009460247599117733	0.18537941137003158	0.8051603410308508
0.0031470467105436106	0.19340478952467802	0.8034481637647785
0.006318181565162118	0.18054217997324587	0.8131396384615921
0.012346888677012557	0.19561095941434026	0.7920421519086472
0.011397340541415113	0.215822905233769	0.772779754224816
0.010721015299571757	0.23849947200921032	0.750779512691218
0.011830564614668304	0.2855225497634869	0.7026468856218449
0.00526241585175985	0.32536044125415053	0.6693771428940897
0.004835287884577821	0.29957011928680116	0.6955945928286211
0.008114835037087209	0.28018434367687794	0.711700821286035
8.093441178106398E-4	0.2918122922197496	0.70737836366244
0.006244407217772974	0.3713681756299637	0.6223874171522634
0.004674257145519001	0.3612601305370353	0.6340656123174457
0.00703047886877467	0.13805302636577083	0.8549164947654546
0.008661216784097925	0.08101671527438198	0.9103220679415203
0.005906660325330104	0.0646559950594141	0.929437344615256
0.004045044677799703	0.07260607588719609	0.9233488794350043
8.264554764019216E-4	0.08417491613335482	0.9149986283902434
0.0016436526920881045	0.07293363162814404	0.9254227156797681
0.0036453716279902793	0.0877305984633025	0.9086240299087073
0.011084050995554318	0.09287870304016349	0.8960372459642822
0.0016943285425606303	0.25870372501120037	0.7396019464462391
0.01214832768758678	0.27526605267242166	0.7125856196399918
0.006430069675226746	0.2862395179416727	0.7073304123831008
0.012214189756248217	0.3446656558274997	0.6431201544162521
0.007689894581392243	0.4196160505557209	0.572694054862887
0.0019753245962942922	0.3161754311145184	0.6818492442891875
0.0016946439806624358	0.2684017858325601	0.7299035701867775
0.0037198373986759292	0.23167288206054398	0.7646072805407802
0.007470121385068085	0.2561183491154829	0.7364115294994491
0.008485315546785	0.27675643387849974	0.7147582505747154
0.005601205463020564	0.46343006301678535	0.5309687315201942
0.00866067284924521	0.5553818674350656	0.4359574597156893
0.010904474414076715	0.5547290833358534	0.4343664422500701
0.003925824339748529	0.5105212314020027	0.4855529442582489
0.007628213834379505	0.4420561255930906	0.55031566057253
0.002615095057580674	0.49662844171764053	0.500756463224779
0.0022770817470334492	0.4529002612331841	0.5448226570197826
0.012883473522306121	0.39963810774711517	0.5874784187305788
0.0031797311630901715	0.40717249017276996	0.58964777866414
0.010611430074484396	0.47092092544326514	0.5184676444822506
0.00914101065995615	0.3583286896715118	0.6325302996685321
0.010323917699990304	0.3547290600229024	0.6349470222771074
0.007951573453446936	0.34177619391655956	0.6502722326299937
0.007324079050762322	0.3989572620340592	0.5937186589151786
0.0010045714228785751	0.3230482161412822	0.6759472124358394
0.011478693967080233	0.3313458088688721	0.6571754971640478
0.007442143779352983	0.20230164264797448	0.7902562135726726
0.004346330474609472	0.19438854067681227	0.8012651288485784
0.008279628000475991	0.16216112736977006	0.8295592446297542
0.002096892574797393	0.1727827116829412	0.8251203957422616
0.010162961840441409	0.18504918977012474	0.804787848389434
0.005065653750511656	0.17614450183446378	0.8187898444150246
0.006456679461679993	0.16916111105699447	0.8243822094813256
0.004541051757902592	0.23341386048284535	0.7620450877592522
0.012596368410713488	0.2479267627136808	0.7394768688756058
0.004214220173333338	0.6529077487030933	0.3428780311235735
0.011223813725225795	0.6575831288735203	0.33119305740125404
0.0026643728621710827	0.6008844393724	0.396451187765429
0.005858339669672086	0.572626152111906	0.4215155082184219
0.0044058372396869605	0.5791538612200235	0.4164403015402896
0.009908403479011452	0.5696691342000142	0.4204224623209746
0.0058876989905172206	0.5651337613459013	0.42897853966358157
0.0076909204153716715	0.6061457453205443	0.38616333426408406
0.008024277955784476	0.5946754851148098	0.39730023692940586
0.0068609084490434125	0.6025529772551637	0.39058611429579304
0.005848329879081349	0.46254663710456273	0.531605033016356
0.0054011489153711345	0.43978437412079247	0.5548144769638366
0.005772137842386504	0.48769305922875517	0.5065348029288584
0.011647537712257905	0.5577532819145534	0.4305991803731888
0.007413478490608472	0.5390797398233831	0.45350678168600855
0.005013520208616784	0.30129724328929375	0.6936892365020897
0.003937251149804977	0.34493269532132015	0.651130053528875
0.007284636007649281	0.49393185021407604	0.4987835137782748
0.0028254354241923907	0.3439336694692028	0.6532408951066049
0.0072790049536168855	0.3220133172802171	0.6707076777661662
0.00930027655505744	0.33086978687800983	0.6598299365669329
0.006756785726825643	0.3279761734295109	0.6652670408436636
8.254471976719691E-4	0.28648036324431575	0.7126941895580123
0.0027197715218669205	0.14733709235178627	0.8499431361263469
0.009089588045886332	0.1325789102276254	0.8583315017264884
0.002477639719566216	0.17885653733113116	0.8186658229493027
0.008626175617318432	0.15127138481659685	0.8401024395660848
0.009130184950232378	0.23234052480557243	0.7585292902441954
0.00786939466586628	0.21010990961115186	0.7820206957229819
0.0014989928920398632	0.18338711825314713	0.8151138888548131
0.0018709776187842975	0.15162090151389618	0.8465081208673197
0.012682244179213598	0.16485256097847473	0.8224651948423118
0.008582106590343253	0.15112170578305445	0.8402961876266025
0.01193546997158923	0.17947576900186482	0.8085887610265461
0.004533411450291347	0.20683470963132392	0.7886318789183849
0.009186619752074077	0.062086509413964486	0.9287268708339615
0.01112040067881137	0.06599529402176907	0.9228843052994197
0.002815768466317148	0.08333958964623178	0.9138446418874512
0.011545608391120232	0.4381870446828819	0.550267346925998
0.004973027795749985	0.42661087613132354	0.5684160960729265
0.0037482405346204173	0.3897020881999075	0.6065496712654722
9.664326570761883E-4	0.4789392771158998	0.5200942902270241
0.0073201010427970115	0.48267035275182213	0.5100095462053811
0.003939949119964481	0.49736295527014285	0.49869709560989284
0.002014192859783659	0.5348055788188144	0.463180228321402
0.008665603512325204	0.31483926510258986	0.6764951313850851
0.007257107628477866	0.35412369277600114	0.638619199595521
0.005151510873811882	0.3533496754217469	0.6414988137044414
0.005433730153617755	0.3848025432774235	0.6097637265689588
0.00444740158752488	0.37813088415181517	0.6174217142606601
0.0027758476094048024	0.4587248023661531	0.5384993500244423
0.003349826822920954	0.46048280250518164	0.5361673706718975
0.008950036867928057	0.45788379491083164	0.5331661682212405
0.006678780685947017	0.518484344927052	0.4748368743870012
0.007600136095266552	0.47001981793324454	0.5223800459714891
0.003170275099952602	0.5271585214078409	0.4696712034922066
0.0023009982292074294	0.6523316529434487	0.345367348827344
0.00755578105881527	0.6252549817387277	0.36718923720245716
0.005827853896268165	0.7710409559095484	0.22313119019418354
0.005440945014572929	0.20598508192225345	0.7885739730631737
0.011124572215458484	0.23382359318313767	0.755051834601404
0.006194897371814778	0.5081442692652125	0.48566083336297283
0.010866033563748656	0.38474325556209044	0.604390710874161
0.006878922476587945	0.38632685100608133	0.6067942265173307
0.006396286910369975	0.42643404624035286	0.5671696668492773
0.012321308003120868	0.4834272681652021	0.5042514238316772
0.005680775126065907	0.38450964191966674	0.6098095829542676
0.011730258427467666	0.375075453067871	0.6131942885046615
0.007823184201937172	0.38496209588797875	0.6072147199100841
0.007482842441275728	0.3819117691645685	0.6106053883941559
0.011258294813328185	0.23330642309919064	0.7554352820874812
0.0034869590252841753	0.35491839749241744	0.6415946434822986
0.00443028846757848	0.40711463956760674	0.588455071964815
0.0038867372858147897	0.3223629503505914	0.673750312363594
0.011435082655361195	0.2843432001153345	0.7042217172293044
0.001645428475026689	0.2757338673659334	0.72262070415904
0.0024299103239784903	0.2811496843188369	0.7164204053571848
0.008599133800922032	0.3999717959794166	0.5914290702196614
0.006358373861032884	0.42407584165173506	0.5695657844872322
0.003456539573570616	0.4274896937908447	0.5690537666355848
0.008640884555091988	0.38361478468548854	0.6077443307594196
0.0024395663069179396	0.2741335087382264	0.7234269249548557
0.011779632811182716	0.2619567365087964	0.726263630680021
0.012062103646846789	0.20451253010177517	0.7834253662513782
0.007609358558799573	0.21102306533442095	0.7813675761067795
0.006126290890290265	0.1674622459568289	0.8264114631528809
0.011673602699378671	0.31442930827517573	0.6738970890254457
0.0033741481949447483	0.34588495381450324	0.650740897990552
0.003907579710232423	0.33360788145984976	0.662484538829918
0.0026671205329876213	0.3609846615534501	0.6363482179135624
0.007021452264603989	0.16957335553712974	0.8234051921982665
0.0039827721630836255	0.17657234321059354	0.8194448846263229
9.839964574686055E-4	0.6096031244454996	0.3894128790970319
0.00887633152830769	0.6820981471683288	0.3090255213033636
0.0015849242620981085	0.7228193850068723	0.2755956907310298
0.012069256839625342	0.7524558269253093	0.2354749162350655
0.007460922980959628	0.7391187305343626	0.25342034648467787
0.004613912989846314	0.7291250006608394	0.2662610863493144
0.007721223030221824	0.6434121538589049	0.34886662311087335
0.012219629619446615	0.6597044802205649	0.3280758901599885
0.002969751685066635	0.6708696132684501	0.3261606350464834
0.001697512989382477	0.435114093915084	0.5631883930955337
0.012514291224023755	0.42851750855237025	0.5589682002236062
0.0068617388570689775	0.45312351826619535	0.5400147428767358
0.005554881890154628	0.4498225678779991	0.5446225502318464
0.005994854900429392	0.47010702590380543	0.5238981191957653
0.010645888882211685	0.4875673766250041	0.5017867344927843
0.0027165174873650666	0.49925040150776534	0.49803308100486976
0.007013025627645386	0.5383018609962337	0.45468511337612105
0.009374825129219277	0.5330503961471887	0.4575747787235921
0.006431916837261853	0.5167662950304162	0.4768017881323222
0.006792829611290463	0.4925974461215864	0.5006097242671232
0.0065459682166778	0.46351643587399793	0.5299375959093244
0.001705423553985952	0.45386495709306907	0.5444296193529451
0.0034438538516666783	0.4569608147515334	0.5395953313968
0.009295156570859164	0.4822461537359699	0.5084586896931711
0.006477467100374001	0.5517901966607399	0.4417323362388863
0.009906306120792574	0.5692258277149526	0.420867866164255
0.0077845811112707275	0.5736297843606039	0.4185856345281255
0.009058072902075442	0.5639933015564453	0.42694862554147933
0.004125444927861821	0.4539881534873974	0.541886401584741
0.012798030297983432	0.4155761324698024	0.5716258372322143
0.011359959618221505	0.4130487664354857	0.5755912739462928
0.003668547460803584	0.3785205977935121	0.6178108547456844
0.007418138114301587	0.5034813175623214	0.48910054432337713
0.004272640034571673	0.6102328818236599	0.38549447814176857
0.003185941479388943	0.615227059094525	0.3815869994260861
0.0028587255566316916	0.5183121793319323	0.4788290951114361
0.002174985359905235	0.5248805275467014	0.4729444870933935
8.803869535937703E-4	0.5883270724557925	0.4107925405906138
0.01128012771653547	0.6344296328406094	0.35429023944285526
0.009470745229880173	0.6199875759309929	0.3705416788391271
0.009961741280179237	0.5692150071768844	0.4208232515429365
0.005917460476445813	0.6502419015790082	0.3438406379445461
0.005948538586411312	0.24674413834658476	0.747307323067004
5.166118457102797E-4	0.2520518843076122	0.7474315038466777
0.010627015458561595	0.2565233541689961	0.7328496303724424
0.01077315530259465	0.25052883058895686	0.7386980141084487
0.002061904337673226	0.3665078947071567	0.6314302009551702
0.012988612349779383	0.4018915863377419	0.5851198013124788
0.0028783909642409733	0.28606474005867594	0.7110568689770832
0.002268522080007662	0.2977902848035182	0.6999411931164742
0.0076081270133534495	0.26238456919458497	0.7300073037920617
0.010449595125513134	0.38913705760536615	0.6004133472691209
0.012523633604249906	0.3304350732556776	0.6570412931400726
0.011024492657013607	0.36540641506214777	0.6235690922808388
0.01198464319557796	0.09568133096597384	0.8923340258384483
0.012977924112474781	0.11434219304346266	0.8726798828440626
0.005178331008165948	0.08105311841686802	0.9137685505749661
0.005300416491119231	0.06034538548068291	0.934354198028198
0.004948313384112613	0.13740465678570013	0.8576470298301874
0.011675152974332248	0.1875383108457539	0.800786536179914
0.0022184787911037063	0.20331478299878453	0.7944667382101118
0.0026549935563129345	0.576830245488509	0.42051476095517826
0.00135912849031683	0.5546033823789789	0.44403748913070434
0.008218267038243299	0.5733094996907524	0.41847223327100447
0.006322835231752033	0.6670253749301547	0.3266517898380934
0.0077731275652090925	0.7023053601083655	0.2899215123264255
0.00779842172483497	0.6618362466228057	0.33036533165235943
0.011235757199733909	0.6562688492926647	0.3324953935076016
0.003979614872503923	0.26297721929429924	0.7330431658331971
5.328152839270683E-4	0.2556622494289656	0.7438049352871074
0.0025334326325986978	0.2802738452917534	0.717192722075648
0.0061250244230877104	0.2933470310528724	0.70052794452404
0.0029677975138012735	0.31346670140031585	0.683565501085883
0.004279243324191939	0.5982820568034387	0.39743869987236946
0.012284322494248434	0.572053323956311	0.4156623535494406
0.01140034408327062	0.5894581930537509	0.3991414628629786
0.011221527706965495	0.4038481509034219	0.5849303213896128
0.0010632482462765158	0.37142076904893256	0.627515982704791
0.0030062795946180776	0.3684453720748359	0.6285483483305461
0.008434647108091109	0.2867747568253982	0.7047905960665107
0.009502925312509125	0.2617510587187545	0.7287460159687366
0.008489727786677836	0.13434572918372947	0.8571645430295928
0.005214326083757992	0.14376820262512913	0.8510174712911129
0.012886684092471734	0.08076371861390186	0.9063495972936265
0.003423077219926296	0.100357331001582	0.8962195917784918
0.006494976158404608	0.15066165294940825	0.8428433708921872
0.0055696899022785185	0.10341004081095673	0.8910202692867649
0.007608193181359135	0.5685478326204135	0.4238439741982275
0.011442955155009982	0.5447824734543594	0.4437745713906308
0.0038379538536456037	0.743361781027006	0.2528002651193485
0.010561979379937803	0.7391151891553387	0.2503228314647236
5.43939869062704E-4	0.7763886455156968	0.2230674146152407
0.006356550030429675	0.7633159512708779	0.23032749869869254
0.0011285955833075234	0.7785979343630686	0.22027347005362402
0.0015479755695680386	0.7044661171513993	0.29398590727903284
0.010511679411178976	0.6959402894423783	0.29354803114644296
0.007893319497524087	0.7589846927971344	0.23312198770534154
0.009968330025902639	0.6951081648845232	0.29492350508957427
0.0035094706120296637	0.7017603105179703	0.2947302188700002
0.004934785011761311	0.6871809252435821	0.30788428974465665
0.00806643423534703	0.6599222514153822	0.33201131434927095
0.008026806799853847	0.6524534204658059	0.3395197727343404
0.0027187629856528783	0.6651722798850861	0.3321089571292612
9.05061270113694E-4	0.6466942807446754	0.35240065798521103
0.010190694811767598	0.6297530996723106	0.36005620551592193
0.006730497573776528	0.6162603118678887	0.377009190558335
0.011074814714769843	0.6914817269837434	0.29744345830148683
0.012289878162145107	0.5852924724498281	0.40241764938802704
0.007349185272194747	0.5448385749014609	0.4478122398263445
0.01211754500072132	0.5071867151343031	0.4806957398649757
0.006381360276639825	0.5347952722748219	0.45882336744853836
0.004252581447435677	0.5037042475519867	0.4920431710005777
0.007847934742780671	0.49978035601734794	0.4923717092398715
0.009180925271519702	0.47455500775337683	0.5162640669751035
0.01216471392738594	0.46169685337842764	0.5261384326941866
0.002550581048256173	0.7394579519477882	0.2579914670039557
0.012685259885223787	0.7536542472748504	0.23366049283992585
0.012310342767581917	0.3774986728180661	0.6101909844143522
0.012970603271016012	0.3757045834579977	0.6113248132709864
0.00540590403373159	0.40781989622525194	0.5867741997410165
0.009277549954965159	0.4352512837815152	0.5554711662635198
0.012944472827721931	0.38192370864720765	0.6051318185250705
0.001501408512603164	0.42650734782217037	0.5719912436652266
0.008421870263517595	0.44490703696712014	0.5466710927693623
0.00576963450155632	0.3298605791628069	0.6643697863356369
0.0040324514979473425	0.4220971059025895	0.5738704425994634
0.010173141961066834	0.3319377343929321	0.6578891236460012
0.010375985979899527	0.2363800378643931	0.7532439761557075
0.0040779679195631635	0.22499890658516855	0.7709231254952684
0.006009887426483285	0.26057809422625705	0.7334120183472597
6.675000315355395E-4	0.32611309164473695	0.6732194083237276
0.006432155243324578	0.33414799925368904	0.6594198455029865
0.005259796008057149	0.33147710620011017	0.6632630977918328
0.0045502186743072714	0.3539743052300166	0.6414754760956762
0.001209198186114424	0.367715381189048	0.6310754206248377
0.002655020901173255	0.11875397650286226	0.8785910025959647
6.716867884661304E-4	0.1798557401192804	0.8194725730922536
0.011814027924269332	0.18852372616563817	0.7996622459100926
0.007928236233598007	0.17415466686726772	0.8179170968991344
0.004020648848518271	0.13049680201295705	0.8654825491385248
0.005439144333597823	0.13758571950769	0.8569751361587123
0.005698860464449895	0.09140478694662968	0.9028963525889205
0.006905641347961289	0.09960462230834805	0.8934897363436908
0.0041321197260921205	0.14713978150355034	0.8487280987703576
0.004678640683820179	0.14624078495979478	0.8490805743563852
0.007074409996840503	0.09069474053917409	0.9022308494639856
0.008328569933509333	0.09488713190306969	0.8967842981634212
0.004423581623489492	0.08150328547412561	0.9140731329023851
0.004434394367119843	0.09123155368125124	0.9043340519516291
0.007067814505273162	0.11964398502328982	0.8732882004714372
0.011813880869759708	0.1462765115770575	0.8419096075531829
0.006741474022217919	0.15954063577928984	0.8337178901984924
0.006916058938376712	0.19603978280827022	0.7970441582533532
0.002245084864508806	0.6455743760602832	0.3521805390752081
0.011207284876605939	0.6883795040134283	0.30041321110996594
0.0017247650464812803	0.6459810191969606	0.3522942157565583
0.011057014205496318	0.43461332185847285	0.554329663936031
0.012187067942096286	0.39753900726894753	0.5902739247889564
0.004568177050803368	0.4088455567829554	0.5865862661662413
0.00803928287432476	0.40737277020643603	0.5845879469192393
0.005571774215421432	0.35297813220411023	0.6414500935804685
0.0029729296266451377	0.38406785447263825	0.6129592159007167
0.01127747546692276	0.18708271671749183	0.8016398078155855
0.010917115859888082	0.19963883687475917	0.7894440472653529
0.007021143578628597	0.19167792001282524	0.8013009364085463
0.006067835973808999	0.19577384652941568	0.7981583174967755
0.005773374827305111	0.2250651541753157	0.7691614709973793
0.0066961747202025634	0.20347493959674068	0.7898288856830569
0.008618893332677013	0.1599985071509561	0.8313825995163671
0.0026988726655228223	0.167465848521896	0.8298352788125813
0.012693004844099354	0.15054906500324683	0.836757930152654
0.012468116680078134	0.22843752557082816	0.7590943577490938
0.009899098659011452	0.28666863550192934	0.7034322658390594
0.009194666488956227	0.2906086872149214	0.7001966462961225
0.007558652294909707	0.27659840628294696	0.7158429414221434
0.008378395542737227	0.29789974320176626	0.6937218612554965
0.004778104275165562	0.25542075747282694	0.7398011382520076
0.004053915080607484	0.24550916483548274	0.7504369200839098
0.01103208765202901	0.16885540636312915	0.820112505984842
0.004048048650180769	0.17704040451820272	0.8189115468316167
0.0045458667877466	0.20797398239900042	0.7874801508132532
0.006222561817536443	0.22246426270439135	0.7713131754780724
0.011669230515462148	0.43280808174550567	0.5555226877390322
0.0017200623741073229	0.4760062586068019	0.5222736790190909
0.011365309596044648	0.48885630203012914	0.4997783883738264
0.011284040304351484	0.4788614963553365	0.5098544633403123
0.004916399519636627	0.44569954443812887	0.5493840560422347
0.004494010053249675	0.4146393215787865	0.580866668367964
0.011161347817494338	0.521737720850522	0.46710093133198394
0.006698563778448907	0.5186208505020228	0.4746805857195284
0.00322399819066177	0.3586427309078015	0.6381332709015368
0.004108236619656647	0.38783151486313283	0.6080602485172107
0.010789830525486988	0.5612620291729692	0.42794814030154393
0.0017441245653345705	0.5789111230321231	0.41934475240254243
0.008595361472582608	0.5629866736312341	0.42841796489618333
0.008613954332680751	0.5571354852573212	0.4342505604099982
0.005616968940621581	0.5575092662293966	0.43687376482998197
0.012045966761949467	0.5248541334655855	0.46309989977246513
0.003192824452986298	0.5554491661877203	0.4413580093592935
0.007677369918251131	0.5695562798814844	0.42276635020026465
0.0010169780858959587	0.5957676404019132	0.403215381512191
0.005434831097780757	0.6219469895476974	0.372618179354522
0.004641164490858718	0.63281438951471	0.3625444459944313
0.009507745809352097	0.6066898707722099	0.38380238341843825
0.0039721007014567045	0.606372436512266	0.3896554627862774
0.009861321079409013	0.5982050981717966	0.3919335807487944
0.0025294010012374968	0.6428550420490248	0.35461555694973784
0.01258418892505414	0.7535650182383398	0.23385079283660623
0.012136912604300332	0.739714143265713	0.24814894412998675
0.0016768491984993639	0.7146598819599017	0.283663268841599
0.005011705697406443	0.4087310717530154	0.5862572225495783
0.006713637861333055	0.4585714632827845	0.5347148988558825
0.007541009663017406	0.40099867348729257	0.5914603168496901
0.008520436525345454	0.40098352178831403	0.5904960416863407
0.012989293180580397	0.4121434308564513	0.5748672759629685
9.84415595848609E-4	0.39566358224923365	0.6033520021549179
0.011137404618518754	0.4051765137976147	0.5836860815838667
0.00830341405601498	0.42058744008260296	0.5711091458613822
0.0017413912019842437	0.6393900131514411	0.3588685956465748
0.01058355796537408	0.6410056592757267	0.34841078275889925
0.008470206620284082	0.6450235675093281	0.346506225870388
0.012069873680047416	0.6050994402006608	0.382830686119292
0.004381122590100428	0.33741912182229394	0.6581997555876058
0.01272175002123721	0.429369884044159	0.5579083659346039
0.0017666244635207162	0.39582448433242	0.6024088912040594
0.011314791753744557	0.41201417491755055	0.576671033328705
0.0026700331688586654	0.4513805262311992	0.5459494405999423
0.0031863320800036288	0.4451506651567184	0.5516630027632781
0.005035571820166396	0.42208012685858115	0.5728843013212526
0.006227451657151717	0.4420876451432674	0.551684903199581
7.332229061052242E-4	0.4767661766519309	0.522500600441964
0.0017277306988968122	0.4266468705088934	0.5716253987922099
0.009736861849036549	0.4079225772117141	0.5823405609392495
0.0033397114646002146	0.34704641749530807	0.6496138710400918
0.010998405895489505	0.14175192191238578	0.8472496721921249
9.496304000628508E-4	0.10188326047697199	0.8971671091229653
0.00421125193919758	0.08339109258714478	0.9123976554736578
0.0014703291039901978	0.15355589443599865	0.8449737764600113
0.004750836109757739	0.07964941555139038	0.915599748338852
0.006804841569858611	0.08974973040653594	0.9034454280236055
0.007520525871961226	0.08162753314308457	0.9108519409849544
0.008075198224786306	0.1182910792715044	0.8736337225037095
0.006463703725749836	0.16784327436398516	0.8256930219102651
0.010654216363783164	0.17992460004703767	0.8094211835891794
0.003187226241087582	0.17179231624470206	0.8250204575142104
8.930975955592779E-4	0.2037883438680561	0.7953185585363847
0.008066300403781534	0.29569037390214775	0.6962433256940708
0.007937718747381861	0.27832826563893526	0.7137340156136831
0.00854421782333592	0.34018730357308025	0.651268478603584
0.002938125341258757	0.3662262574792096	0.6308356171795317
0.011075314656487478	0.2774545407843546	0.711470144559158
0.003135122792617795	0.31654729462144415	0.6803175825859382
0.00854328666947668	0.31231832774381807	0.6791383855867054
0.012202807518043424	0.06993076935728532	0.9178664231246715
