0.1385128199352262	0.038933887767699384	0.10878383320208765	0.14783234335221024	0.06568466818066589	0.19803980227008683	0.08937951198706527	0.06491583222384789	0.032157953665325215	0.11575934741578532
0.10342307071363002	0.05795955854474476	0.1067009082723104	0.15030146010312992	0.06754896560383744	0.20056925345418786	0.08708619945622612	0.06573605291137982	0.04030930948033529	0.12036522146021833
0.09472802939847516	0.08539535746335561	0.10680747456530273	0.14886996344202325	0.06898244378136059	0.18300724050021935	0.09252520236508548	0.0697873445353587	0.030783711423218493	0.11911323252560063
0.11118445123113532	0.07836862080369247	0.10841386086451417	0.1429266978990445	0.06819369110116744	0.1868176399116725	0.08807848893399707	0.06313799822443952	0.036658936353218	0.11621961467711898
0.11527787982302228	0.04281104959466853	0.10955101814302104	0.14444772969001424	0.07254397219445519	0.20725933226394125	0.09007463463556581	0.05972116864176308	0.04242593948467808	0.1158872755288704
0.14840511536188755	0.029088628073663997	0.10947138112647128	0.1320846875169836	0.07717939980548211	0.19996207290557752	0.08793641445379165	0.0628558614906797	0.038887464869430004	0.11412897439603245
0.10815472924858015	0.03598776566256337	0.10891447422095908	0.14030322001055867	0.07737853131281087	0.20510833765057962	0.07836693720437389	0.06949220083880826	0.04188469892435597	0.13440910492641006
0.14411082034230344	0.04666441528740329	0.10710068548819089	0.13172292391163665	0.07356726201920409	0.18956487844678996	0.07991790101348087	0.06771920959391786	0.04083311556405721	0.1187987883330156
0.11175351137458678	0.07985025564112044	0.10933927512583279	0.12295455363695995	0.06653338534509143	0.1960693460295945	0.08462533677419017	0.06553535019576628	0.03970422862099555	0.12363475725586205
0.13539619608259246	0.08954357921648382	0.1099281775401228	0.13183076308216152	0.06568507595155042	0.16887506153875786	0.07566953578101851	0.06431444259190834	0.03422493716474466	0.12453223105065955
0.10183165503330277	0.05990266170699016	0.10953414614602447	0.14696394670519125	0.07011114501319257	0.18929405465544352	0.08493017053871249	0.06868769069065703	0.03300546168180789	0.13573906782867776
0.1302039684804252	0.09946435171043415	0.10910607508582766	0.12308465620435112	0.06285352820461274	0.18063571360415498	0.07547121387987352	0.06791149302570101	0.03960472807671427	0.11166427172790525
0.12498672131271768	0.07366044581004233	0.10757959713101249	0.13919065153805268	0.07022322997681454	0.18303992299857436	0.08934254525049568	0.06429347920139555	0.03037203666920274	0.11731137011169188
0.1073594830204652	0.055305275689729094	0.10947257354648428	0.13428557202374858	0.07313097850117246	0.20985446072740738	0.08227911722606475	0.06497606601550043	0.04213959579795511	0.12119687745147269
0.09991192579270886	0.0853727331207438	0.10847440024330282	0.12234030710470667	0.07338813758236658	0.21065040586618694	0.0774159978301569	0.06425111608665746	0.038736467307741426	0.11945850906542849
0.1626580646779182	0.04669083978183437	0.10635970766785789	0.12099125622781726	0.061610838589987144	0.20543248630664102	0.08258988826244312	0.0688532893260303	0.03774512736757769	0.1070685017918929
0.16806425490660187	0.020377200504584803	0.10997220589065909	0.12175073177948631	0.0719282113283154	0.20466551325874133	0.08202367832903124	0.0667298352886648	0.033803871752731626	0.12068449696118333
0.16008997412089043	0.022390789278968898	0.1074979343583459	0.143420816870499	0.07007466597971512	0.17239698653294983	0.09196794057835256	0.06518013312334153	0.03690134129031064	0.13007941786662594
0.12612316089411657	0.06076112989441784	0.11091129464564425	0.13789888355662538	0.07666101259040863	0.17901113538771649	0.08192979136616244	0.06790828723012468	0.04182201007021659	0.11697329436456702
0.1265487497179384	0.06293356718683747	0.10751549251391512	0.1295425811962287	0.06991659689539989	0.2104096002424538	0.07844221163275766	0.0655527019658507	0.03321583959738779	0.11592265905123042
0.14844409613181517	0.03935264900064894	0.10777623111765547	0.12662095240180324	0.06421577847120917	0.1959642885378992	0.0812736386259502	0.06720081806399736	0.03885728535889853	0.1302942622901226
0.13448477382057575	0.05179032035019039	0.1062413943550026	0.14331601548535072	0.06545269423612897	0.18200790226288366	0.09191705305139548	0.06781154352750002	0.03088104273417426	0.1260972601767981
0.14808029693197605	0.011880429224032305	0.10776659760888774	0.15118782751952564	0.0659373227313171	0.20720370877889382	0.07738358510306317	0.06579218970058032	0.03339481367407933	0.13137322872764445
0.14257929042067707	0.0839406984915303	0.10594289910108295	0.12259600517320178	0.0643969407675524	0.17502440607211575	0.08181946229345018	0.06281721920822621	0.03473729758919464	0.12614578088296863
0.12771556123432387	0.03945155922918752	0.1066412067540041	0.14642913575287714	0.06521728558842324	0.2020265162961374	0.08812954855647823	0.06197098611127076	0.034838268402896125	0.12757993207440152
0.09907225246553522	0.09789312425798583	0.10941297941766334	0.1297759236513164	0.06499306621827358	0.17190875484748236	0.08534240571404764	0.06459241541299474	0.042829980630963715	0.13417909738373715
0.15368601952223618	0.04072481615876005	0.1079960294046976	0.1387372376448372	0.06932896792811778	0.17431217723235698	0.08875347173802133	0.06311317511406248	0.0372185911655674	0.12612951409134293
0.1435504758312105	0.05002979414152566	0.10787515304696765	0.1301526271121874	0.0730237975714164	0.17857791548369936	0.08632310425767277	0.06456118362441318	0.03733204355374993	0.12857390537715704
0.15433461929686465	0.03553648980079925	0.11094975775348233	0.1371510791333039	0.07445499249017189	0.18349905620004137	0.08722266010997724	0.06787994808792992	0.03248986315221514	0.11648153397521421
0.10862179142294191	0.06690167372135192	0.11041418248163806	0.12308341137905945	0.07222845790011054	0.20472143470362408	0.08746607243047114	0.06787313167181137	0.035978472091432165	0.12271137219755929
0.14636362831908628	0.05816379274878353	0.10652268266044942	0.12507692015010471	0.07082969655440349	0.18450710470373283	0.08323386758268428	0.0664375413904902	0.03797063827149559	0.12089412761876953
0.15584519425779467	0.012184287801844718	0.10775780194859255	0.14023243240310898	0.06450258675977633	0.2058687021120319	0.08233315411162158	0.06130214938038034	0.03452555348457538	0.1354481377402734
0.1718430657254703	0.05067171031111042	0.10687862448623088	0.13657703030218316	0.07498057182622493	0.18274407418323035	0.07957668280882624	0.05977678741490539	0.03097624655891469	0.10597520638290349
0.15364042081997398	0.0743759175331096	0.10813909788865393	0.13685400285734484	0.06525303098013208	0.17753887479960753	0.07759396599850335	0.06391307103455696	0.03234112236141466	0.11035049572670297
0.09991531767935982	0.08662686810773969	0.1065408735015792	0.14911690210268896	0.06748720911528096	0.17661266936217068	0.07564132559778874	0.06495855058304756	0.03846958473461016	0.13463069921573412
0.15396585840821786	0.018839481673213643	0.10859186688328248	0.12643995128178329	0.061482787425324724	0.20047095409354318	0.08930138291474753	0.06948148736673992	0.036113106363687336	0.1353131235894599
0.1276687588463932	0.030718890656574196	0.10692690710197306	0.14835334290154562	0.06986283748363509	0.21104983586520148	0.07818864313048826	0.0681772369261832	0.03766233455842215	0.12139121252958365
0.11706860441259004	0.0882025291225973	0.10891482603493238	0.14130510320825582	0.06296659504385196	0.19303200363657022	0.08147722817416565	0.060060791848583636	0.039148426625563455	0.10782389189288946
0.1503735241742934	0.07061300403691897	0.11083390470125944	0.13541082506968155	0.06186299650551426	0.17252733591762776	0.09108223396114373	0.06972910398180568	0.030233424962380448	0.10733364668937467
0.15971706854064527	0.0495358427814778	0.11026768388570087	0.13934767231564577	0.06880483154054899	0.17586754451744235	0.0750094644660598	0.06307141672714685	0.037779639880612975	0.12059883534471924
0.11191625169172267	0.07321407511315915	0.1057160557743787	0.14867553258976757	0.07549577850154243	0.172621129808133	0.08751450950435315	0.06116518470219498	0.04276581233036813	0.12091566998438011
0.0947734998979433	0.09965652207068	0.10611006746603376	0.12259237460974083	0.07004382656504755	0.20918804590760334	0.0890878111770947	0.05969317836654032	0.03956002456799831	0.10929464937131786
0.1203715180542233	0.08044907251325427	0.10654861746143734	0.14570824117943118	0.06670790533776913	0.1708102082499659	0.0800179192610756	0.06538290137748098	0.03971717495773687	0.12428644160762531
0.1683642182268012	0.020953402951088593	0.10914827995447016	0.12437894228285046	0.07112402688061807	0.2092996237716357	0.08637336692034166	0.06750405083986538	0.031276513440651396	0.11157757473167729
0.15905132008749273	0.03332561053471424	0.10999874938700178	0.13417097726977756	0.07127981894525712	0.20081349133962717	0.07923893573679525	0.0651492182418009	0.0352838863788382	0.11168799207869488
0.15776010468397278	0.08905013885288254	0.10916302054420839	0.12020948896467967	0.06912411374325121	0.17470627759693946	0.07671289315181648	0.06344529811745242	0.030004242330816583	0.10982442201398032
0.09462858542100265	0.05702545052514539	0.10599281538798908	0.14503616257888732	0.0692958466657051	0.20130124613466915	0.08982689160069904	0.0668832551127275	0.04135970814195028	0.1286500384312244
0.09796931575849716	0.0739657569472193	0.10999642176727348	0.13009773008236128	0.06357779958589961	0.2068689605103819	0.09188440213796685	0.0676622485871014	0.0318074220078515	0.12616994261544748
0.12181424693500092	0.07900416433045082	0.10847651187919789	0.12186134132354755	0.06550902375552015	0.20679736631675816	0.0857840463205865	0.0657578302077122	0.0355316843026567	0.10946378462856902
0.10806099214119493	0.051365342691158965	0.10717336202103692	0.14714556798793219	0.0644444266882315	0.20343182806237803	0.08352979022967677	0.06532417007268716	0.03956726093047817	0.12995725917522533
0.08778239662500145	0.0996891153120696	0.10860136475710094	0.13108783329362914	0.06367063224154682	0.19817937305108557	0.08369275175724394	0.06215908967082247	0.030184501650151116	0.13495294164134888
0.09224987728875123	0.0958655071023204	0.10887585556271637	0.12575627652808882	0.07773538187242884	0.19441952405089166	0.07882020097063837	0.061062434124450705	0.039483467522698205	0.12573147497701537
0.10269174439041585	0.052154874126076944	0.10788501058532557	0.15148310997651787	0.06802852989446068	0.19685443928465501	0.08903804068289041	0.06810678331262116	0.041812256093865525	0.1219452116531709
0.10093543666828447	0.06925167676481711	0.11058289301749137	0.14279006428851665	0.06958835532120718	0.1978448927553087	0.09179610410775442	0.06975961449121407	0.04042521589789153	0.10702574668751447
0.11437092751197452	0.040403831672239994	0.10725448875545074	0.13688676189494323	0.07023464386283151	0.20426906420379276	0.0883672916395969	0.06843975910742289	0.042878273530875415	0.12689495782087196
0.13767123691721012	0.03185989728232874	0.10728761013581443	0.13607766257062084	0.0660509369685008	0.20748182058716938	0.08505165096143905	0.06161585293689262	0.03758411552193359	0.12931921611809039
0.15075359700061164	0.05503774346209531	0.10692044453119581	0.13929200639365538	0.0655981888679697	0.19763298088114714	0.0813539686238364	0.05977099631104442	0.031951998235885196	0.1116880756925589
0.11524557841923393	0.06564392252212796	0.10578492587269833	0.14008026349845673	0.07430569616103562	0.20516377598639068	0.07849773262072478	0.062170351675149	0.033006873785595456	0.12010087945858747
0.108578801859421	0.04265907412104859	0.10635014815627059	0.13872089596816628	0.07214388913278602	0.20592274788506582	0.08873737237857016	0.06780901611235841	0.03347132448858155	0.1356067298977315
0.16848229415076926	0.05066987822034077	0.10886421200141345	0.12960202884624944	0.06772079943778236	0.17057553093872957	0.08322803460010973	0.06840395630632334	0.03318659562582463	0.11926666987245732
0.16566391109335382	0.02701677852035457	0.10791399601369257	0.1327063377775264	0.07407956956249737	0.17287396537049793	0.08066651029569169	0.06810554825644133	0.04017788200342546	0.13079550110651875
0.14563603705936387	0.06789975033181501	0.10965886258527476	0.14657755228412608	0.06505373004900311	0.16916165536989014	0.08750476911159837	0.06771252453361065	0.034722951417746076	0.10607216725757183
0.08867104863982447	0.09039095894495494	0.11005651140736375	0.12153350785639347	0.0762496460464139	0.20753158177642977	0.0783016017433498	0.0683279574891163	0.03126431041883254	0.12767287567732102
0.14676324189697967	0.05790985806615538	0.10721678307361113	0.12111640071722127	0.07902088344511056	0.1912815942539	0.08557805075678686	0.06066623076851044	0.042855806642017005	0.10759115037970761
0.1714374387777175	0.037356588988397665	0.1062818195998777	0.12511663289515665	0.07793287183125983	0.16920478834737862	0.08637610222370956	0.061030754772854405	0.04311730002569782	0.12214570253795014
0.15040381090691984	0.058145879999681	0.10776679878842071	0.14256413894179745	0.07415761174610476	0.17255304335690502	0.07512313367955895	0.06962247141411375	0.040265968263164136	0.10939714290333422
0.16046164772943644	0.020115406316380563	0.10910451735497906	0.14709458879744203	0.0743934787181252	0.18316948064400845	0.07840008851340446	0.06772546160710285	0.040268361336502224	0.11926696898261858
0.15159098888105813	0.04020244325671651	0.10781847380176696	0.1264081010965895	0.07910140118794036	0.1763472775227326	0.08086840657428924	0.06808219621786696	0.03448938976801144	0.13509132169302818
0.1574925306444722	0.051985368257239636	0.11002358695192326	0.1223548370576897	0.07226052480347292	0.18608034197508314	0.08141638084020512	0.06534292810189998	0.03149328547276353	0.12155021589525039
0.14961467985851987	0.07591374360735208	0.10687229049621183	0.1221460292561238	0.0740923330348902	0.1707115160841049	0.08739629575721579	0.06638543906976177	0.04164292111881747	0.10522475171700219
0.16926799926133057	0.024300309659365638	0.10751382550863729	0.129345851535706	0.07489222684144241	0.19755522567054074	0.08298218798133308	0.06453666934910054	0.03756161168587528	0.11204409250666827
0.16773147870413074	0.04587177369557267	0.1058335879062157	0.13929824776930627	0.06691860306872703	0.1710889152569784	0.08114121206475068	0.06984200643879356	0.042112323534652364	0.11016185156087248
0.12575925945279368	0.048173290217906256	0.11093122057435177	0.12392989000367913	0.06801957909111231	0.20499548818684696	0.08236285557889125	0.06385196020216422	0.03955423494748249	0.13242222174477183
0.1707647899671727	0.04695961801320248	0.11063953743825924	0.12326223621139709	0.0618213967909085	0.1700829644286836	0.0814069628026127	0.0642265412745884	0.035997671705978215	0.1348382813671969
0.15973140437785657	0.039771771272439645	0.1095745388031725	0.13312043046432975	0.06742838030154809	0.18353909780300637	0.08598146143790111	0.06693667385038685	0.03469785246548508	0.11921838922387393
0.14547822733337717	0.05529400457012581	0.10898291478672456	0.1324320495740423	0.06470484560964812	0.1806765446215585	0.08611268033470933	0.06649464006243629	0.03191645637409744	0.12790763673328037
0.11967345079107816	0.03671905255337858	0.10744844920065018	0.13918317831602844	0.07047947154613333	0.2067218013188202	0.08224600847994931	0.06239243600239509	0.040008631987943355	0.13512751980362325
0.12907219116805094	0.028263262155873242	0.10878120325612066	0.15008293222951263	0.07303345851307609	0.20304980643017162	0.07808175055955287	0.06068356840430112	0.04047335957300791	0.12847846771033278
0.1214848484686676	0.049212687546496624	0.1078559321927904	0.14685110857352046	0.07196909478501305	0.20024920643311828	0.08208056905079017	0.06000711977267071	0.039476953668791	0.12081247950814167
0.09530724748836746	0.07788247422282048	0.10846190997141184	0.13516350572099256	0.06979987692201735	0.1912265055549759	0.08719761539558443	0.06757475167705701	0.03561859373378996	0.131767519312983
0.10242754542742305	0.07900662541172598	0.10745297807742316	0.14675454233047094	0.06516546990322238	0.1983800094175605	0.08694553805679264	0.06439598703462941	0.03957054073480076	0.10990076360595112
0.1262333892465713	0.060457089936136646	0.1094063644181349	0.12463758576659248	0.07223162869675634	0.2074562340408101	0.07908143550208346	0.06539564894037286	0.040541253904065204	0.11455936954847662
0.09649917609153898	0.07816771288019472	0.1106047283978237	0.14862066921865189	0.07808448474504019	0.1874731474420319	0.08660720723459917	0.06832734779188304	0.03224292756972215	0.11337259862851426
0.11387363800043557	0.0472419494809919	0.11070675181009873	0.14970458580631357	0.06967112676815898	0.18399585736488033	0.087544810458205	0.06903410763906885	0.0405547710956419	0.1276724015762051
0.1052894058001795	0.07576903931293878	0.10872591432633319	0.13256200410848118	0.066230758278154	0.20077258488409627	0.08209957376289004	0.06188977624791346	0.037225488241891855	0.12943545503712164
0.11816193939006144	0.07789224814494211	0.10678116424970278	0.14236953203876335	0.07035064386832966	0.17837957465717613	0.07681203855162565	0.06749118101362402	0.04088378701978891	0.12087789106598587
0.11815987502558528	0.03856508503471395	0.10895631820636487	0.14172509760063765	0.07099038854071574	0.2089898909442907	0.07902032780860896	0.06669895210853909	0.04243118153124974	0.12446288319929397
0.1531994300679113	0.025545073276307353	0.10933800381784217	0.1252275247755728	0.06648193035614891	0.20840042062786268	0.08350679777349407	0.06229532291616029	0.031093618740766785	0.1349118776479335
0.10359906411333474	0.04337370704349571	0.11092368694590846	0.15082087776163897	0.07857207855689974	0.19717030569488259	0.08990357575365003	0.06897308896760365	0.04244477007633707	0.11421884508624897
0.13704868975417808	0.060406139791034236	0.10695519712020832	0.14059495576836456	0.066392379908317	0.20620137078315776	0.07981300905807642	0.06346231854882695	0.03413002599703009	0.10499591327080646
0.121350262766128	0.05262201017564193	0.10961708158582929	0.14112635690403558	0.07354412808560583	0.18441718058591317	0.08901036345534159	0.06155347570911389	0.03923532120015408	0.1275238195322366
0.09876390685419419	0.07571366224507116	0.1085291980664719	0.1327599864827491	0.07036538755046164	0.19954748977623535	0.08623169779410234	0.06833309021619466	0.030164195124716936	0.12959138588980268
0.11314565200222856	0.0722213953033532	0.10617925392144315	0.13230296224705212	0.07071974314912756	0.19594061811475294	0.09157785114611973	0.06427181192661172	0.03709308018223449	0.11654763200707643
0.13591734989444965	0.06004396077295868	0.1077562611826457	0.13647869737819845	0.07859572442008958	0.17208014865574323	0.08514339792879062	0.06776107702494649	0.032390617524864745	0.12383276521731275
0.08849625624698738	0.08745654919034998	0.10965209728198919	0.14797550036799145	0.0642008951913384	0.1766919068171753	0.08672882848291218	0.0661378688863063	0.038061150653739106	0.13459894688121066
0.0937484060553531	0.09656408943587666	0.11049558294822265	0.13458118284217008	0.06669471150375325	0.19485410487303453	0.08237916801149285	0.060657656331800265	0.03044181992157352	0.129583278076723
0.10535900255664014	0.07650697297043338	0.10812740247138274	0.1449608891244477	0.06802912224907583	0.19521072353218488	0.08867653058970573	0.0675085571693472	0.03357316851857442	0.1120476308182079
0.13395384120553125	0.05966552709847633	0.11040480253345561	0.1204021180274179	0.0648375718474257	0.20423200831052404	0.09139075956257699	0.0667158762578973	0.042218591309998575	0.10617890384669622
0.12344318713445908	0.05772385150260702	0.10744118185615673	0.12126112076910253	0.07651651593016365	0.20649449341051387	0.08963286522323242	0.06467302437524566	0.03567058055146094	0.11714317924705804
0.10376596273258022	0.08848538242958341	0.10703869200115113	0.1324141861215556	0.06631214807771085	0.20176669549986298	0.08163844502642453	0.06135481064595644	0.04205225587679867	0.1151714215883761
0.14708158030406834	0.02162531039186305	0.11072823223951707	0.1277057836384537	0.07695431988571412	0.1960653666500543	0.0923275865871023	0.06615062786201431	0.03234639804299058	0.12901479439822217
0.12731974979986094	0.08552214160057756	0.11036037569742348	0.13880551978322184	0.06237542003761341	0.17329999250226352	0.08039131438662514	0.06326340356308877	0.04245536647390507	0.11620671615542025
0.1099516564323813	0.07287530886954098	0.10829022626202403	0.13156756878767056	0.07551954094196713	0.21149682388225696	0.07957756395238963	0.06038269195286716	0.04259621438453491	0.10774240453436729
0.11377433971457622	0.07247985177020147	0.10999546473665366	0.1240635788730165	0.0683499440440625	0.2081363963319311	0.08689546474242775	0.06723038411077872	0.03127871156485	0.117795864111502
0.13554578127796812	0.035358464825436864	0.10828609316697407	0.14395894467993853	0.06722064597916114	0.20917197452249242	0.07823255668566952	0.06589256123319101	0.04013043329160281	0.11620254433756544
0.14987612351379426	0.02207690714419673	0.10701040142934369	0.1250396017934596	0.07492912100069837	0.1931241465995078	0.08498389874296078	0.06929606666272022	0.039398075692548155	0.13426565742077032
0.15371851352342247	0.05029026071567514	0.10772124544075605	0.13001248507300373	0.0638678767512435	0.1788206472196811	0.09020742648310598	0.06502258995186683	0.03917169466725152	0.12116726017399358
0.13786021583153973	0.07433978910762387	0.10642693815085001	0.12495757363801417	0.06612839282167143	0.18203439469271565	0.08800122520158785	0.06549242892538443	0.0391222320243938	0.11563680960621898
0.13541359348661025	0.023985099388649872	0.10929018225540209	0.14807125341724867	0.07042136564056371	0.20555740396725147	0.08227169601877889	0.06267076982218037	0.03582944970509433	0.1264891862982203
0.15903486765644592	0.022904966033441818	0.10988344695947172	0.14949030878074535	0.07568279738152728	0.16925324408178505	0.08408154991257935	0.06060562329269127	0.042074451798947685	0.1269887441023644
0.16750586104827175	0.016247174168140116	0.10936892143254895	0.13506255163084271	0.07422668592418986	0.2001573824985598	0.08759489145801766	0.06505070683221156	0.038602044135521436	0.106183780871696
0.15246714929652672	0.04563611935894627	0.10685543934675289	0.14423244253688433	0.07424236393490394	0.17588720412071052	0.09005118456360438	0.06640329609155052	0.036690142700949835	0.1075346580491705
0.1664478446151243	0.06048027380203214	0.11015270062268007	0.12175314764584172	0.07555600440593568	0.1810424986557558	0.07705616434668451	0.06431569512952809	0.03418623410068505	0.10900943667573251
0.14988646465736843	0.048058997824303444	0.10666594159036132	0.14697559499064708	0.07653769391023242	0.17272361881947912	0.07557777511016078	0.06614776981043397	0.037314449646633996	0.12011169364037932
0.10313625902127987	0.06724221174279649	0.10937558336266012	0.12503809102323632	0.0709356027075915	0.19572410677594318	0.0875225679751028	0.06816513175488473	0.03716378617485383	0.1356966594616511
0.1134198990664989	0.059496447219753335	0.10572893600798869	0.14751333783166048	0.06974025901116901	0.19442721382129458	0.08343116582644564	0.05999661424493628	0.03275713937447754	0.13348898759577554
0.14768609718657227	0.07801681970110637	0.10764604173053866	0.12216560738740219	0.07056252720619602	0.17080563435537283	0.07626634842419465	0.05999903944728307	0.04209289869299267	0.12475898586834115
0.1706873080115034	0.02327018952151559	0.10845285874889776	0.14783316935890228	0.0649874307845884	0.17723930752163342	0.08271463191597318	0.06753456746602153	0.03064249894031179	0.1266380377306525
0.11382069786586854	0.06596706765211824	0.10714278280189503	0.1411634747635811	0.07063236995616291	0.19906648163400542	0.07572224705621929	0.06793713005539376	0.039242802813549874	0.11930494540120573
0.16028362779667185	0.02828393315237468	0.11029592263640123	0.15088691463301665	0.06880781642956134	0.1808990342077083	0.08587838030721157	0.06231388144491947	0.042605227557507355	0.10974526183462738
0.12210087729164298	0.08988719313358438	0.10825752999169985	0.12179208282420623	0.07086003800438107	0.19586579534822693	0.07977833202686033	0.05962910154284784	0.03267033621259728	0.11915871362395304
0.12781645415655413	0.05397976465632997	0.1084151594181454	0.14141602284190785	0.06293937553087751	0.1872364155376388	0.08951087877422147	0.06466663665182415	0.0347030697573263	0.12931622267517434
0.08773070182142174	0.0835270777350344	0.10780614921331215	0.13700683132002323	0.06968289186863313	0.20496570146214077	0.08301044160454621	0.06160270937684838	0.042737340117095866	0.12193015548094406
0.13528921953204695	0.04750889386297542	0.10703731337441216	0.13279105186142548	0.07455576118720729	0.17800614609006857	0.08887577273872556	0.06731129556359629	0.03725091558102164	0.13137363020852058
0.1194642400061702	0.055475907492427375	0.10838345407208606	0.1308117477287984	0.07256965708445351	0.2040206500225616	0.08488082414478114	0.06960531473048549	0.03222328063981045	0.12256492407842572
0.1171989993421175	0.0739689258831925	0.10787255604750103	0.12804496953924985	0.07057676094139381	0.2001228318821492	0.08392954497793917	0.06243691538283434	0.032586406497167486	0.12326208950645508
0.12476808563051353	0.07842529709614526	0.11080932004974446	0.1443342084589717	0.06767927423032605	0.17850036611477693	0.09179147184708751	0.06167493563142359	0.03407974568503026	0.1079372952559806
0.0893313983797516	0.09019010852190823	0.11082366460865105	0.1469720656296125	0.07594302494187997	0.18009707119592563	0.08873974564781667	0.06887529279521627	0.03571142386172084	0.11331620441751716
0.15348491820225302	0.04934091379610501	0.10826127610140553	0.14107439451386303	0.07307690490354618	0.1987442619700307	0.07734753366833255	0.061458172359703335	0.03074607926508173	0.10646554521967881
0.1680673328642952	0.03421304526863783	0.10747076683460524	0.1358485306503946	0.07475753469268116	0.17071317039272138	0.07951198759817914	0.06894462273513904	0.04124363771650988	0.11922937124683641
0.1452692321884998	0.015788850825997874	0.10832520155450606	0.1375462346288046	0.06585171162915544	0.20700171365196468	0.08949330736072608	0.06389055193943134	0.040865574575901856	0.12596762164501213
0.13168595002782404	0.0803708785385342	0.10721497442886208	0.13186242365021586	0.06235353795137306	0.17133559232074158	0.08553135136216766	0.06263631834636291	0.03133859180644338	0.13567038156747516
0.09774065012292163	0.04006218961277177	0.11012738500976826	0.14959324933307067	0.07497700655060129	0.2041258960948681	0.08758919746119335	0.06620162928721139	0.039354398225678856	0.13022839830191463
0.16421556682668725	0.01923656071850284	0.11022749311707106	0.1451247475785316	0.07009898512641384	0.1938629054405981	0.08586014944460295	0.060318075740718666	0.04073536497361782	0.11032015103325575
0.14361809168769574	0.03803517932961098	0.10939977497969047	0.15095177904165877	0.06918967704517749	0.19039770104648923	0.07628111787245714	0.06279029054836666	0.042306500787575425	0.11702988766127796
0.09711960074089553	0.08923546800520554	0.10617443457040704	0.12644750817112077	0.07064949298692591	0.2114479934027456	0.08678232144071842	0.06578389414991596	0.031500144733291435	0.11485914179877378
0.15478767129858584	0.013527166207180974	0.10639230136762527	0.14935966046765056	0.06909277675998983	0.17562294656745286	0.09103027033518224	0.0655516873453634	0.03925666249483288	0.135378857156136
0.12543611837636348	0.04946593758375504	0.10711565243212462	0.13621642145202129	0.06370286512828702	0.21101411932693825	0.08121863584418888	0.06314025685799109	0.03928690103274104	0.12340309196558917
0.13631721283879453	0.07898950512253594	0.10868468703905151	0.12539984402113707	0.07332019662735381	0.18313935216092084	0.0833227862808669	0.06312076245215738	0.0324588454603517	0.11524680799683021
0.1315971706579562	0.06252421238971415	0.10841734708149212	0.14434584837663908	0.06818697866583905	0.1935075324844735	0.08587750631991599	0.06301810257477045	0.037291967040271934	0.1052333344089274
0.14244196044873994	0.021974582899949746	0.10875871931909184	0.1496970691802104	0.06937308654937262	0.18947240436428658	0.08909329922012259	0.060914269275385985	0.03906940086885612	0.12920520787398412
0.1380386757033091	0.046794737188214405	0.10672280687761493	0.13949348477865783	0.07089117904568273	0.19846905429406697	0.08695884945281059	0.06315027334174482	0.030282907652640717	0.11919803166525786
0.1492500247191599	0.057960853022676666	0.10920466595795951	0.12555674766070007	0.07319204851299188	0.18821352709033629	0.07772588913491735	0.06969395115515911	0.031084718517992285	0.11811757422810681
0.11720782660234609	0.0595389257981493	0.10591824679671795	0.1351733646664215	0.07845008096972272	0.2007921784048114	0.08018859960648682	0.06864704215373033	0.03522927394155968	0.11885446106005414
0.14170753087127824	0.05892930638096946	0.1058038963104559	0.1399145169719436	0.06249718181550875	0.20335381002501499	0.07630445342603537	0.06627268381761231	0.030763778622152654	0.11445284175902863
0.11768917122497477	0.05342560902072758	0.11014679290709295	0.14543486717299078	0.06645529733523597	0.17767891389513718	0.08936992249500939	0.06834268495454876	0.03686427439545928	0.13459246659882326
0.13356829347381374	0.07036619597206907	0.10708782558273376	0.13354215993657972	0.06990686054541531	0.1860170459814529	0.07803259248565411	0.06474638827197131	0.03342441767318417	0.12330822007712577
0.09939161286379569	0.076285949658083	0.11014763063311075	0.12941685190568258	0.07834945963709172	0.19669032331504666	0.08786635013771663	0.06595843026131615	0.035281631737897445	0.12061175985025933
0.12240728960679476	0.043998713421634736	0.10791418526145254	0.1474971884271866	0.07708913450644952	0.19587689734473657	0.08450203146931823	0.06018703687407184	0.0372039380147505	0.12332358507360461
0.1181141987730168	0.07329450235335208	0.11038272907555813	0.12240215902329454	0.07204789414881504	0.20417296571470436	0.09048116341986275	0.06430862261497033	0.03314879813118546	0.11164696674524041
0.12928293719407283	0.0906303386574209	0.10985767581108703	0.11974582016795693	0.07271042317195564	0.1907146103246465	0.07700006004917495	0.06541315939208046	0.03090612192755618	0.11373885330404845
0.12802697240299388	0.057064909072021906	0.10676761242525665	0.14690892491700513	0.0718063100108291	0.18520421542327417	0.08873560026916134	0.06670618418920632	0.03275491254032954	0.11602435874992184
0.15261703309572572	0.01927003004268779	0.10623388676578754	0.14275821246488452	0.0745035226184311	0.18960081955866898	0.08723330300668437	0.06047170499897365	0.0350801930265494	0.1322312944216068
0.13022009801335005	0.052730015208311345	0.10753039660658625	0.13734417905556662	0.06758753356697217	0.19594824875422884	0.0852399491495095	0.06229487950384126	0.0404550240546344	0.12064967608699947
0.09434723025759209	0.05222731507395228	0.10906538761588386	0.15054681436624934	0.07742836940452726	0.1972899910099875	0.08898909674393327	0.06590207160121433	0.03756434600390634	0.1266393779227537
0.16646217967214544	0.049857323741602504	0.10976177244179633	0.12109596587295826	0.0642330773191746	0.18979276515110066	0.08037484290607169	0.061196274198071644	0.0317008541871141	0.12552494450996468
0.12996457697280178	0.06386145579792621	0.10984360549878162	0.13817104093462731	0.07761458854704358	0.1762875948681839	0.07991649373274831	0.06599140492010731	0.03318240902293171	0.12516682970484816
0.16160510137154258	0.007702219166662402	0.11037107963322215	0.14264304042016573	0.07842400903403093	0.1994622009198056	0.08802183385258021	0.06824947865219406	0.034833877101529534	0.10868715984826666
0.13900107931589933	0.049535052119319446	0.10953681065292882	0.12603443133915732	0.07193279351989652	0.18991667672628604	0.0755188449418003	0.06738832642386125	0.04063289205150276	0.13050309290934808
0.12324846681387518	0.05137343904072384	0.10995853130407468	0.13458645601345035	0.06362969065366611	0.20614815770069594	0.07875235218234013	0.06011255480059124	0.04093593894091679	0.1312544125496657
0.09763531506090939	0.08916470715158514	0.1066278557262551	0.12177576693109914	0.07530832507463496	0.19814481065549483	0.07842610071562871	0.06796671072545593	0.03863241580282683	0.1263179921561099
0.08992784115355562	0.06903556578934003	0.11012798430310387	0.1246133147377148	0.07628798915480253	0.20960530173972258	0.09252740907991414	0.06822742314290925	0.03858758132102899	0.12105958957790817
0.1296576879740431	0.05991107216026528	0.10745230523017917	0.1474821601143314	0.06754809511965071	0.18382957452953513	0.08184258341941344	0.06879486755044992	0.03700078930671316	0.11648086459541859
0.1359930964662231	0.0541869399396771	0.1084125303175781	0.14096008746494668	0.06187095494240347	0.20320414158628342	0.07944929214131409	0.06615453778626731	0.035686118395305694	0.11408230096000098
0.08983282960694373	0.09385205377240598	0.1103465475280163	0.12711548529394717	0.0790798567446639	0.20466577762373625	0.07878468628839241	0.0611140064387145	0.04328831733037757	0.11192043937280213
0.13039984973906082	0.0950242373417799	0.10878160888064424	0.1332053054747849	0.07587662091998496	0.1745770706797255	0.07882576712626842	0.06065926206584611	0.03470627916338323	0.10794399860852183
0.1541705008143171	0.03905164255867683	0.10756050797976113	0.1411877473040249	0.06455365530568369	0.16923070619598607	0.07793904521040816	0.06888363022835774	0.04186914736965044	0.1355534170331338
0.12804180796231576	0.044521342366445484	0.10702726546089308	0.15106132618516124	0.07419693504360281	0.2021238971594303	0.09128111816182911	0.06351417556530431	0.03247486730908135	0.10575726478593653
0.14717266609833501	0.018263336068080102	0.10753787093698161	0.14456140367880738	0.07779335043133265	0.20986345727504424	0.08478086050010242	0.06593313915481841	0.030043850066408376	0.11405006579008974
0.10986228846037141	0.028442562498595947	0.10669996133483145	0.14642665548626674	0.07567116358766289	0.2050962901469545	0.08265793519653825	0.0691554163110958	0.04270464037378715	0.13328308660389582
0.12967513552138515	0.06238094615349948	0.10602496788611229	0.1508407508136662	0.06982161124990069	0.18254092663953642	0.08543960458533663	0.06693303024434188	0.03864250907642242	0.10770051782979874
0.13341532591122618	0.06813076103704534	0.10978571375400435	0.12766625094172848	0.06762038015215274	0.17566191112479262	0.083595561903276	0.0663371874016124	0.034698156958615736	0.13308875081554608
0.16736343916267427	0.0365732891080674	0.10941708941867881	0.12801516594572776	0.06677308576351605	0.19696851875153482	0.0867298612737833	0.06067591224083914	0.03329324007601708	0.11419039825916127
0.1540577771285403	0.04122906688564735	0.10941170792967224	0.1390945371250899	0.06663450690178793	0.2015836500554159	0.07950542256759073	0.06350597840868813	0.03777671225384648	0.10720064074372096
0.11211632844618452	0.07456326395845163	0.1060414654524392	0.13522972526964042	0.06274725320146003	0.19341412514319495	0.08356011829158594	0.06271866364551044	0.035495217577680385	0.1341138390138524
0.1145404267433316	0.0534980770252186	0.10721016050101735	0.13392849307901944	0.0671041054437955	0.20666686045039434	0.08418846600171975	0.06879139170076727	0.03485900467661128	0.12921301437812477
0.1428374527965074	0.02593874944024417	0.10861437146772007	0.12906797825692964	0.07690444573035787	0.21132568048530326	0.07766360037475033	0.06063384202173026	0.04038886010527763	0.12662501932117926
0.15596141585654155	0.053443550449716014	0.10717995098237126	0.14230278388191642	0.07501375339492089	0.17035058437922587	0.08717454217521113	0.06663047251158853	0.03216942354505968	0.10977352282344856
0.1634039003976757	0.037142183276956814	0.10910099102452189	0.12956407668490028	0.07031536886305191	0.1783896807351889	0.09265839116596933	0.06797384977879756	0.03893610895974152	0.11251544911319594
0.10288791297228149	0.07227888425358658	0.1080482040774903	0.14647029497154318	0.07483373155464379	0.17345280937845406	0.08747817354430054	0.0691579944449412	0.03780548792325832	0.12758650687950046
0.10603358768486518	0.04040100755725326	0.10619305510240681	0.1366195375642231	0.07838931709497284	0.20357133301564906	0.09163278367267415	0.062108058230515066	0.039653089462789504	0.135398230614651
0.15662934656306832	0.07089162394491835	0.10737495132396131	0.12392497287392612	0.06605757362194223	0.17996007519026977	0.08156692524175804	0.06434678175155426	0.04289444124752066	0.10635330824108083
0.1560845012523854	0.05101457610960961	0.10747916583712973	0.15051195291605993	0.07150626994326532	0.18303697755667833	0.07986793678410864	0.06103971790125497	0.030430725568863032	0.1090281761306449
0.14729322028079958	0.07755787705779003	0.10804803063412316	0.13853546569469294	0.0729732076302911	0.17411125186502757	0.07666016313315277	0.06029487695358465	0.03452597447358431	0.10999993227695376
0.13052289137275236	0.051575316709530826	0.11019247221891747	0.1259326145469168	0.0734784036004501	0.18815657057158802	0.08909839706789097	0.06926166418067686	0.03015355061599742	0.13162811911527914
0.10146334513311998	0.08995610681012527	0.1095161922110172	0.13021545649675959	0.07072780957168245	0.18917976607403497	0.07769675121208935	0.06366498094290847	0.03612004355579397	0.1314595479924687
0.1421512224491583	0.022831136739435764	0.10595226384911496	0.14354241488021988	0.07812220901221655	0.18541273758013832	0.08772210827175714	0.06192577388690313	0.03843342863026763	0.13390670470078825
0.12192269963584507	0.04816586063728315	0.10624578662657327	0.1474128773925551	0.06400622440712317	0.19433320161540246	0.08967496950122808	0.06748799821773427	0.04345695717846261	0.1172934247877927
0.10581646720244955	0.082534949637263	0.11055075090811885	0.13007899741982795	0.06904451424400647	0.1944558953963198	0.0867481480973622	0.06433510358377577	0.032789837877144234	0.12364533563373209
0.12665821455862544	0.05953155869373305	0.10763789604000469	0.14406150399051942	0.06752898339072225	0.17796690104229768	0.08937601962597583	0.06581950676011164	0.03740391638673042	0.1240154995112795
0.14980942258548635	0.06323132245702079	0.11084749260697623	0.142927550409576	0.0678669261439451	0.1752070570451143	0.07487588865709799	0.0679058041876053	0.03526343658155949	0.11206509932561834
0.10648944367512639	0.041163228882801516	0.10893805090115223	0.1490339767584243	0.07566034480513241	0.20211771154598618	0.08252425835988356	0.06455661191244716	0.03995075714400188	0.12956561601504435
0.1682781430268383	0.02882647459936645	0.10616330493829859	0.12018175535973935	0.07552602614788041	0.20776921295335213	0.08461950828716988	0.0633736584542578	0.03667117573325156	0.10859074049984543
0.15472316182959606	0.017213965105702306	0.10857311104436337	0.12334560555133241	0.07454289380143322	0.2052652729145564	0.09189377883737156	0.06118556421006715	0.03337459323654862	0.12988205346902879
0.11129836590510345	0.060294878597980654	0.10921977011352918	0.1443319709234327	0.0765484548262992	0.18289073527300392	0.08381692036260271	0.06436056928651102	0.039533949677520296	0.1277043850340168
0.15470168633503306	0.03922595268319436	0.10666414468620128	0.14537697910358316	0.06539559484012789	0.1939477535809852	0.07842456498118597	0.05982681700702104	0.03731428480410612	0.11912222197856184
0.15111611822900994	0.06073649666830862	0.10626411758948309	0.14551782047008627	0.06694131429853162	0.1847351502485843	0.07671824460383005	0.06283343893826093	0.03314913476331448	0.11198816419059054
0.14751645643069095	0.04253860173886404	0.10815882572235286	0.12087248456828861	0.07042077247766634	0.20621810843109614	0.07885882847402095	0.0638640861115821	0.032084653795043064	0.12946718225039483
0.1673290809942999	0.02456875343890437	0.10746898805210614	0.13802653724582784	0.07864190793122369	0.1715569729760038	0.08012272194297489	0.0686428367888281	0.04136160397173417	0.12228059665809698
0.16494896054175867	0.03847432618621191	0.11000732999586166	0.14049564111411747	0.07098014892330498	0.17316890723080802	0.08773263980769708	0.06511702640664185	0.037258772699828316	0.1118162470937699
0.14068753828365854	0.029391170847388112	0.10725041557233263	0.14424296223758226	0.06957207744869173	0.20117526048086787	0.07652992647462453	0.06342776556770083	0.033901208992328	0.13382167409482537
