0.2854623947088736	0.3048801378123679	0.40965746747875864
0.28450814547951625	0.30610783228965743	0.4093840222308264
0.28552756885886843	0.30401141969123324	0.41046101144989844
0.28339181647861744	0.30509566896555973	0.41151251455582294
0.2845457359752373	0.3044364892677749	0.411017774756988
0.28424624517636354	0.30453248752135714	0.4112212673022794
0.2832205679369536	0.30644123937638146	0.41033819268666505
0.2842879858408895	0.30525193983855337	0.4104600743205572
0.2842159858791447	0.3050987168959639	0.4106852972248915
0.2838259930694556	0.3046318749309683	0.4115421319995762
0.2836386228196329	0.3049584260975317	0.4114029510828354
0.28379194953291936	0.30569990241556805	0.4105081480515127
0.2851349576062936	0.3048650914865857	0.4099999509071208
0.2851815395931888	0.30500055491234423	0.40981790549446706
0.2843721546525267	0.3048490708079002	0.41077877453957323
0.28531125406754454	0.3036267542949278	0.41106199163752777
0.2840770401372671	0.30505440961439	0.410868550248343
0.2856648129789283	0.30462553162041817	0.4097096554006536
0.28550648997176903	0.3048085478075634	0.40968496222066775
0.28379768902053487	0.30617510247322105	0.4100272085062442
0.28604685604645447	0.3049674551129701	0.4089856888405756
0.28515133841094037	0.30523304635683013	0.4096156152322296
0.284257260465162	0.3040753964270976	0.41166734310774056
0.2852660196267421	0.30361758645007547	0.41111639392318255
0.284412893857296	0.30407265032567454	0.41151445581702956
0.2850576036854229	0.3053630816622131	0.40957931465236413
0.28334500946768465	0.3050016956639673	0.4116532948683482
0.2859639422722852	0.3039805658224632	0.4100554919052517
0.2853632930251967	0.304995193590422	0.4096415133843815
0.28553523622149973	0.3055356164237122	0.4089291473547882
0.28501434492437516	0.3042657751390461	0.4107198799365789
0.28534199459330045	0.3044139573554133	0.41024404805128634
0.2850716109060049	0.30395888587230113	0.410969503221694
0.28403217470013437	0.3059985209607648	0.40996930433910095
0.28457136436964814	0.3045860753926339	0.4108425602377181
0.28486585171231327	0.30537041542337395	0.4097637328643129
0.28449320932311883	0.3048044683230931	0.41070232235378823
0.28586629515047307	0.30471635136300357	0.4094173534865235
0.28366046084002705	0.30539130634293354	0.41094823281703946
0.2856809055907806	0.30443041521577585	0.4098886791934437
0.2841864101264666	0.3043534929474606	0.4114600969260729
0.2844260075944703	0.3046846441219694	0.41088934828356044
0.28364715009065594	0.30566479680058656	0.41068805310875756
0.28483170517343326	0.30366385446430816	0.4115044403622587
0.2847938503316989	0.30629729089915286	0.4089088587691484
0.28487469834862	0.3058764165139452	0.4092488851374349
0.2848137221836799	0.3040454073210203	0.4111408704952999
0.28430262661671607	0.3059961729927344	0.4097012003905496
0.28319563327447717	0.30556071195079576	0.4112436547747272
0.2849925436267141	0.30390934530278996	0.4110981110704961
0.2838079776134569	0.30451592924227133	0.41167609314427195
0.2853070541351453	0.30565789359570794	0.4090350522691469
0.28534764028904913	0.3043023311787613	0.4103500285321897
0.28604341656114474	0.3048198128134272	0.4091367706254282
0.28403367039482186	0.30441094257147566	0.41155538703370265
0.2855577070992222	0.30456196734257934	0.4098803255581986
0.2853106515098619	0.3050113244711165	0.40967802401902176
0.28471171252754496	0.3061690844161955	0.4091192030562596
0.28463385812763825	0.30459033006273817	0.41077581180962375
0.2844748213253787	0.30593780641224627	0.4095873722623751
0.285925401170376	0.30392199574824025	0.41015260308138385
0.2836797954853453	0.30584137050625654	0.4104788340083983
0.2843194125733247	0.30519522521517944	0.41048536221149595
0.2843083198978098	0.30568892654667756	0.4100027535555127
0.2834764486957852	0.30562115246683097	0.4109023988373839
0.28555521783392174	0.30484780886630586	0.4095969732997725
0.2839290176859061	0.30471349491679184	0.41135748739730216
0.2832984787697719	0.30524302559165734	0.41145849563857084
0.28478324309597397	0.3063509136804635	0.4088658432235626
0.2838333203043727	0.30609088636494985	0.41007579333067756
0.2848066112426952	0.3041062347157106	0.41108715404159435
0.2835835483615187	0.30479048623545696	0.41162596540302443
0.2851087270305246	0.30485032237440696	0.41004095059506857
0.28505110036172243	0.3048721525685874	0.4100767470696903
0.28610674751101517	0.3049787373017814	0.40891451518720356
0.28492980728826	0.3062978535737869	0.40877233913795324
0.28472849607657036	0.3036779379305343	0.4115935659928954
0.28559774327399506	0.30550005532235047	0.4089022014036546
0.2836181743862958	0.3052549095954982	0.4111269160182061
0.284815768074144	0.30475275052278267	0.41043148140307345
0.28339186966068713	0.3049612692457538	0.4116468610935592
0.2837600046875984	0.30617986019594373	0.410060135116458
0.2851785936115893	0.3050991908176731	0.4097222155707376
0.2840449340181522	0.3055083062734552	0.4104467597083927
0.28480574484423393	0.3060824162104529	0.40911183894531333
0.28390588386263016	0.3062697764188682	0.4098243397185018
0.2843321522036992	0.3052080603653549	0.410459787430946
0.2842156113456678	0.3059561191297151	0.40982826952461715
0.284029030117134	0.3063420143946321	0.4096289554882341
0.2834481854356496	0.30500159188258646	0.4115502226817641
0.2842347327463701	0.3060999351279207	0.4096653321257093
0.28606566286404705	0.3037509186976653	0.41018341843828776
0.2844247027778125	0.3053522166297629	0.4102230805924247
0.28503676365943054	0.30609323179147835	0.40887000454909117
0.2858333857637233	0.3040197071208614	0.41014690711541535
0.28583294147766086	0.30394985440384387	0.4102172041184954
0.28386788427320836	0.30461489981070866	0.4115172159160831
0.2851065871354656	0.3038722806806452	0.4110211321838893
0.2851982535199444	0.3045719117286486	0.4102298347514071
0.284219383058732	0.30537091164624447	0.41040970529502363
0.2853505611861052	0.3048723935488415	0.40977704526505343
0.28435351747674814	0.30558490039498276	0.4100615821282692
0.2843121058979785	0.305840305040341	0.4098475890616806
0.2832165061345837	0.30501835025015894	0.41176514361525746
0.2840526260241357	0.30557372069358074	0.4103736532822837
0.28545580288727496	0.3039301935677784	0.41061400354494676
0.2854035515164989	0.30528321188651086	0.40931323659699037
0.28456355433916125	0.30588680689108455	0.4095496387697543
0.28570692773255013	0.30443671641669073	0.40985635585075925
0.2840879547002274	0.3041824839490366	0.41172956135073613
0.2844487615107746	0.30577154881050717	0.4097796896787183
0.28503221562955156	0.3045574744799154	0.4104103098905332
0.28419755394302554	0.304978360456935	0.4108240856000396
0.28439647460583367	0.3048143603842526	0.41078916500991386
0.28548611093702214	0.3047700928834073	0.40974379617957074
0.28547519506283214	0.30500356535256207	0.4095212395846059
0.28593289575958963	0.3038919051177006	0.4101751991227099
0.2836238873131015	0.30640281428335053	0.40997329840354807
0.2854987756166185	0.305748255352015	0.4087529690313666
0.28577441468085263	0.3048936633251898	0.4093319219939576
0.2851743308165918	0.30375673356032157	0.4110689356230867
0.2846022722303313	0.3043552481138425	0.4110424796558263
0.28379148163975976	0.30618136433739773	0.4100271540228426
0.28547809245005995	0.30466859352494063	0.4098533140249995
0.2857501164391121	0.3044545112650972	0.40979537229579077
0.2844446321712056	0.30608198045922685	0.4094733873695676
0.28567658932207934	0.30468434736707906	0.40963906331084177
0.2842320487204815	0.3047524850132715	0.4110154662662471
0.2857909750619706	0.30544582063523745	0.40876320430279206
0.28460391007450503	0.30371777282906404	0.41167831709643105
0.28416768115328106	0.304941830384314	0.41089048846240506
0.28437428726691694	0.3046384999254326	0.4109872128076505
0.28570133876065074	0.3049224592173767	0.40937620202197267
0.2840027755053471	0.3049943446704328	0.41100287982422024
0.28428522712608734	0.3039921869969574	0.4117225858769553
0.28509180804266676	0.30518306540882933	0.409725126548504
0.2850349061199972	0.3038965383999864	0.41106855548001653
0.28454877974772125	0.30510528222880295	0.4103459380234759
0.28491481589986095	0.3053939213431905	0.40969126275694867
0.28426807654481817	0.30429353798169967	0.41143838547348227
0.2841847562409331	0.30507919262467875	0.41073605113438827
0.28345078124011613	0.30567096369279917	0.41087825506708486
0.2839337292017503	0.304581234323041	0.4114850364752088
0.2848864803561345	0.3039638846272353	0.41114963501663027
0.28371351979204484	0.3051428160607532	0.411143664147202
0.28561358487661187	0.30452039323958974	0.4098660218837985
0.28566518143498804	0.3044410403921466	0.4098937781728655
0.28390217753823843	0.3062371829493166	0.40986063951244506
0.28495902443345433	0.3037743085981902	0.41126666696835557
0.2845390207957885	0.30411990146217865	0.41134107774203293
0.28320325815999514	0.3050144099365302	0.4117823319034748
0.2841418209104607	0.3051369016739573	0.4107212774155822
0.2852760396928926	0.30367061798736367	0.41105334231974383
0.2847987858455174	0.3061148241841917	0.409086389970291
0.2844490141483191	0.30403088430849096	0.4115201015431901
0.28548374983398794	0.30432865253529795	0.4101875976307142
0.2846499495329071	0.30497050779033286	0.41037954267676013
0.28417114189823506	0.3044735511865112	0.41135530691525385
0.2851623788830206	0.3053109727353189	0.40952664838166064
0.28508121039931716	0.3053092145354558	0.4096095750652272
0.28401700962774956	0.30593809312376957	0.41004489724848103
0.28539597184166055	0.3056094401948131	0.40899458796352645
0.2843920127053855	0.30395138064809185	0.41165660664652276
0.28495382028379035	0.306019443193836	0.40902673652237376
0.2850892992832167	0.30436278267847816	0.41054791803830526
0.2844042058532672	0.3062744903853528	0.4093213037613801
0.284541058450277	0.30573809510497235	0.4097208464447507
0.2852688070857735	0.30526917773064816	0.4094620151835785
0.2854130833228179	0.30384011870693073	0.4107467979702515
0.28603750308095593	0.3048652989475762	0.409097197971468
0.285926180536059	0.3038593996972697	0.4102144197666714
0.2838793332129497	0.3050663647615912	0.41105430202545923
0.2839420969053927	0.30639212002756455	0.4096657830670429
0.2843648965075348	0.3064351665044871	0.4091999369879782
0.28437722081370936	0.30505436493903715	0.4105684142472536
0.28475356185444517	0.30562654024452995	0.409619897901025
0.2857997800275338	0.3048526343599622	0.4093475856125041
0.2850568093185731	0.3056715452242681	0.40927164545715894
0.2859445829993837	0.30376414117985506	0.41029127582076136
0.28588597273506733	0.30358701642959923	0.41052701083533355
0.28338475116747835	0.3060492463284018	0.41056600250411995
0.2837928929205056	0.30599825810567	0.4102088489738245
0.28378121621911007	0.30510198078888884	0.4111168029920012
0.2849513854170651	0.3043869343746691	0.4106616802082659
0.28418121491589443	0.3055018995776729	0.4103168855064328
0.2845502828801634	0.30516878140682774	0.410280935713009
0.28483372382041894	0.3042046244327151	0.41096165174686605
0.2851736732959758	0.3049269707485	0.4098993559555243
0.2843225393161495	0.306221634938613	0.40945582574523764
0.2846222318428545	0.30365487068494784	0.4117228974721978
0.28474317402310045	0.3049507812241036	0.4103060447527961
0.28482548798345325	0.3047394802747429	0.41043503174180396
0.2839725604848168	0.3045826906061323	0.41144474890905103
0.2861121124607611	0.3042727494988899	0.4096151380403491
0.2840264316942726	0.3064218588356117	0.4095517094701159
0.2838990789899355	0.3055786119675712	0.4105223090424934
0.28422690489600017	0.30603646652942185	0.4097366285745781
0.2840789739343606	0.30434925211634883	0.4115717739492907
0.28407731724076657	0.3062263821737161	0.4096963005855174
0.28513500884171394	0.30367993892405476	0.4111850522342314
0.28461597506405045	0.3041945048024918	0.41118952013345783
0.2838660186501042	0.3061438388658623	0.4099901424840336
0.2846657618316046	0.30579157182068606	0.40954266634770947
0.2839604001385172	0.30628446059257086	0.40975513926891205
0.2840645952514291	0.30521866773653034	0.4107167370120407
0.28408588396536266	0.30430012183859284	0.4116139941960446
0.2846554944062176	0.3063367878591764	0.40900771773460615
0.28611174098142345	0.30425128906840704	0.40963696995016957
0.2845797799894504	0.30442396124803434	0.4109962587625154
0.28405834150139714	0.30494971878689575	0.4109919397117072
0.2850658645743572	0.30598306894813426	0.4089510664775086
0.2846701610327079	0.3058471252334717	0.4094827137338205
0.28472862052176146	0.30471490457426953	0.4105564749039692
0.2850737864464639	0.30388985378571326	0.411036359767823
0.28541935888801445	0.30448644466705393	0.4100941964449317
0.2846685689770193	0.3047269004653378	0.410604530557643
0.28451189773472657	0.3049966787542974	0.41049142351097617
0.28470411455435296	0.30570674573014356	0.4095891397155036
0.2849292887720818	0.30530559008709623	0.4097651211408221
0.2852862011218403	0.304604285023134	0.4101095138550258
0.28371262726537305	0.30505020404815364	0.4112371686864734
0.2847500123582518	0.3054484208830354	0.40980156675871293
0.28452752080544735	0.30544827297388827	0.4100242062206645
0.2841366455440851	0.3051298226333936	0.41073353182252137
0.28400367059190423	0.30447205887981854	0.4115242705282774
0.28421445796639594	0.3049742992097016	0.4108112428239026
0.285334514307664	0.30516237330134843	0.4095031123909877
0.28321666144806473	0.30575930342074464	0.41102403513119073
0.2835861578562841	0.3051408336306178	0.4112730085130982
0.28373956798336253	0.3059779318899723	0.4102825001266653
0.28397705345426394	0.3052586166931583	0.4107643298525779
0.28595205244155375	0.3044347316805816	0.4096132158778647
0.2845918260917702	0.30486688462428235	0.41054128928394756
0.2856960648501362	0.3042932832468594	0.4100106519030045
0.2840294467892263	0.30580184141968036	0.41016871179109343
0.2832152733158052	0.3061182481432385	0.4106664785409564
0.28338114287536975	0.3059246918713461	0.41069416525328434
0.28337627033834933	0.30498471969550583	0.41163900996614494
0.28487985396131593	0.30434093134090173	0.41077921469778245
0.28355919904768634	0.305115480046123	0.4113253209061908
0.2844887021493008	0.3043103187047549	0.41120097914594445
0.2842060543347079	0.3056808164251573	0.4101131292401349
0.2855992945419823	0.3053069787042268	0.40909372675379096
0.2836914141720573	0.3048760900909868	0.411432495736956
0.2844731185352919	0.30432595456581085	0.4112009268988974
0.28502815668169396	0.3045933397067339	0.41037850361157224
0.2854182879214308	0.30370510623073554	0.4108766058478338
0.28527747668941744	0.30566921608237646	0.4090533072282062
0.28546659937377517	0.3047256605517625	0.40980774007446247
0.28596511415496284	0.3052086875237427	0.40882619832129463
0.2843738072478712	0.30456332801484115	0.4110628647372878
0.28365720600104527	0.30573818277678955	0.4106046112221653
0.2845586410416958	0.30487755234337255	0.41056380661493175
0.2851707995718723	0.30488567240856707	0.40994352801956074
0.28498763409156547	0.3057460114576105	0.40926635445082415
0.2852483249544977	0.3048637321855789	0.4098879428599235
0.2855780677901472	0.3047830394521299	0.40963889275772297
0.2857235702090647	0.3049256763144874	0.409350753476448
0.2856895683185887	0.30385137888854497	0.41045905279286643
0.28518122883664576	0.30579772364433566	0.4090210475190187
0.28469348852069726	0.3052767850638327	0.41002972641547014
0.28408683532728307	0.30556769015405993	0.4103454745186571
0.2840246803235444	0.30642747080657784	0.4095478488698779
0.28372322163343305	0.305824920840123	0.41045185752644403
0.284498551160011	0.3039939847240246	0.4115074641159645
0.2855301845110019	0.3056680941615946	0.40880172132740367
0.2849648091223083	0.30407808185087376	0.41095710902681803
0.2841214582453403	0.3050595111581228	0.410819030596537
0.28392752668854554	0.30526413329257684	0.4108083400188777
0.2843136928241471	0.30641413045240173	0.4092721767234513
0.2834955628073667	0.30547288874628137	0.41103154844635204
0.2843156484195934	0.30392753239771975	0.411756819182687
0.28538336775672907	0.30468077307152447	0.4099358591717466
0.28522011486150245	0.30382287495684634	0.4109570101816513
0.28550076022889226	0.30516601423714984	0.409333225533958
0.2832021570101463	0.3063775155420434	0.41042032744781043
0.2849946167432486	0.30429703870696445	0.41070834454978705
0.2835216666673023	0.30617201883627837	0.4103063144964194
0.28325062788579425	0.3064276176878361	0.41032175442636976
0.28458279398468095	0.30447556651638563	0.41094163949893353
0.2840017592315694	0.3057330488532835	0.4102651919151472
0.28510083109993767	0.30495526242093624	0.40994390647912626
0.2860519432297224	0.304720002651943	0.4092280541183347
0.28437074239178856	0.3040106320731609	0.4116186255350507
0.28481330872379307	0.3057920293215778	0.40939466195462926
0.2853348632720246	0.3046731160669098	0.40999202066106577
0.28573451675410316	0.30493429310526765	0.4093311901406293
0.28471772075360635	0.30482002848746936	0.4104622507589244
0.2831963817693184	0.30619152950015643	0.4106120887305253
0.28365292000991643	0.3046452504042291	0.4117018295858546
0.2846649269370388	0.3037929689661489	0.41154210409681247
0.2844133532118108	0.3061018130980072	0.40948483369018207
0.2846986956374909	0.30396127912049437	0.41134002524201485
0.28437250594623065	0.3047041067746871	0.41092338727908234
0.2850253614668494	0.3056101178472916	0.4093645206858591
0.2859912954501342	0.3040879531833922	0.4099207513664737
0.28467964978747873	0.3056519466936985	0.4096684035188229
0.2841965763758278	0.30565849410762685	0.41014492951654546
0.28480419909347165	0.3050363365850987	0.4101594643214298
0.2842621123693857	0.3042113820594734	0.41152650557114107
0.2845915882345563	0.3042668481292648	0.411141563636179
0.28327897819963893	0.3051270465290502	0.4115939752713109
0.28407196382167266	0.3061792729320817	0.40974876324624576
0.2840435940583937	0.30600411285847645	0.40995229308312997
0.28407475838270796	0.3045998302241329	0.41132541139315926
0.2852652516762153	0.30497415139996237	0.4097605969238224
0.28436737961600306	0.30644308158865935	0.40918953879533765
0.28462386086838976	0.3036868404817981	0.41168929864981224
0.2839678133382227	0.30469876885987074	0.4113334178019067
0.28478197752574486	0.30618444312827303	0.4090335793459822
0.28423416686824604	0.30496837246615044	0.41079746066560363
0.2856028716600485	0.3041280602857022	0.41026906805424945
0.2857631442706348	0.3053532792077108	0.40888357652165447
0.2835174297602429	0.3055930971632271	0.4108894730765301
0.2846622711183552	0.30436316398384244	0.4109745648978025
0.28321823614347114	0.30593773339821473	0.41084403045831425
0.28333172643183896	0.3064411600418145	0.41022711352634667
0.2850081475310454	0.30436213158948694	0.4106297208794677
0.2853993698126655	0.30426737996233216	0.41033325022500244
0.28417411555835537	0.304308342370752	0.41151754207089275
0.2852294350984197	0.3045043923296188	0.41026617257196163
0.285454514466389	0.3036075435023289	0.41093794203128226
0.284313959362715	0.3046502477302676	0.41103579290701747
0.28416543494250024	0.3047273200853262	0.41110724497217366
0.2848480350663603	0.3058712477917066	0.4092807171419332
0.2835675467307075	0.3064215595612513	0.4100108937080414
0.28593039672339404	0.3043437267693847	0.40972587650722136
0.2846363780565957	0.3053240540228602	0.4100395679205442
0.28590656251710367	0.3036922197774177	0.41040121770547877
0.2841237010298428	0.3053917630847922	0.4104845358853651
0.2847216806259727	0.30378780686452744	0.4114905125095
0.28484553424089537	0.304780762810708	0.41037370294839676
0.28465761992194244	0.30571980144008576	0.4096225786379719
0.2847547056638652	0.30426703979391273	0.4109782545422222
0.2860143737770443	0.3050673297967806	0.4089182964261753
0.2845375912292381	0.3053354737284228	0.4101269350423392
0.2853650692950412	0.3049268655161715	0.40970806518878744
0.28538496097310606	0.3040825690684617	0.41053246995843234
0.28575536777240185	0.3047510786533643	0.40949355357423395
0.2841155032322549	0.3056947625594876	0.41018973420825766
0.2834105108352233	0.30588266701363337	0.4107068221511435
0.286020387784073	0.3038286371928588	0.41015097502306835
0.2851319668089282	0.3057435362661914	0.4091244969248805
0.28547187970978233	0.30395795260895914	0.41057016768125865
0.28393802557137643	0.3063832772438712	0.40967869718475247
0.28566805537823753	0.3049581717096924	0.40937377291207017
0.2837423830531846	0.304989734167079	0.4112678827797365
0.2845039552846892	0.3047499233430988	0.4107461213722121
0.2838875030442596	0.3048560838318049	0.4112564131239356
0.2853780491161461	0.30451780577794363	0.4101041451059104
0.2849316067157577	0.3060541637987324	0.40901422948551003
0.2854838999875534	0.30500710670813164	0.4095089933043151
0.28375607953855325	0.3063577676091911	0.4098861528522558
0.2853539788935462	0.303952493214398	0.41069352789205593
0.28525080092626953	0.3047860941368707	0.40996310493685983
0.28594278851746285	0.3052534295806544	0.4088037819018828
0.2835775968153651	0.3059697677250349	0.4104526354596001
0.28546601158861934	0.3053814152717864	0.4091525731395944
0.2857039513396502	0.30384217168993255	0.4104538769704173
0.2846918660422537	0.3055765873367871	0.40973154662095934
0.2858789878439522	0.30519657919006155	0.40892443296598635
0.28343753759141166	0.3048340468261399	0.41172841558244855
0.28497204752402555	0.30516038108683813	0.40986757138913643
0.28362660167324527	0.30635569287477943	0.4100177054519754
0.28371730794547073	0.30535347878763874	0.4109292132668907
0.284154328126783	0.3062244455803712	0.4096212262928459
0.2848924900416988	0.3041062254102157	0.4110012845480856
0.28485297755027184	0.3062521328612813	0.408894889588447
0.2833241139846365	0.3053404517249105	0.41133543429045305
0.28460059784605357	0.3040199204481879	0.41137948170575867
0.2841910430121778	0.30405457829918514	0.4117543786886372
0.28415841666418945	0.30482589933411725	0.4110156840016934
0.2853803324994048	0.30412488167321267	0.4104947858273827
0.2846103437511028	0.3052470482509056	0.41014260799799174
0.2846595610188515	0.30475257208813017	0.41058786689301846
0.28403922222925126	0.3051318698867914	0.4108289078839575
0.2860548167468586	0.3051471337568647	0.4087980494962768
0.28505228595092813	0.30439569287232926	0.4105520211767427
0.28374708441798885	0.3062002804423315	0.41005263513967977
0.2853526935208129	0.3041616118562903	0.4104856946228969
0.28513842677773027	0.3037788884079063	0.41108268481436355
0.28383120514144405	0.30487302212297396	0.41129577273558215
0.2853077791924694	0.30577151985257306	0.40892070095495764
0.28333640216475264	0.30594889779153633	0.41071470004371113
0.28444519401049767	0.30431231616603277	0.41124248982346967
0.28427792605856256	0.3055969072832666	0.410125166658171
0.28360293892354255	0.30598531639008886	0.41041174468636865
0.2845561239803203	0.30630656235319514	0.40913731366648465
0.28404551370011993	0.30443500909314436	0.4115194772067359
0.28500196484150514	0.304009656101133	0.41098837905736196
0.28511934895326313	0.30408589749732406	0.4107947535494129
0.28342308893099716	0.30589032351752066	0.41068658755148235
0.2854761090975354	0.3042517332225013	0.4102721576799634
0.2848614656190733	0.30375054109554966	0.4113879932853772
0.2845796317603213	0.30392810921304997	0.41149225902662884
0.28481971490967317	0.30571129603643854	0.4094689890538884
0.285095440870529	0.30588399968789903	0.40902055944157206
0.28465613143745555	0.30529895889025904	0.4100449096722855
0.2857619016726964	0.3041602229351934	0.4100778753921103
0.28595416939837764	0.3050635161693589	0.40898231443226357
0.28573272095255	0.3038252355542369	0.4104420434932132
0.2843052639199839	0.3049520634783841	0.4107426726016321
0.28419912674429176	0.30454861618124024	0.4112522570744681
0.28439629654285375	0.3056439426095039	0.40995976084764246
0.2850733796487596	0.30460193403075597	0.4103246863204846
0.28419005759870847	0.3062808608374899	0.40952908156380174
0.285938676406687	0.3043632143325184	0.40969810926079475
0.28571779982600887	0.30450405709829453	0.40977814307569677
0.2857311797901562	0.3036455216662343	0.4106232985436095
0.2848381195162272	0.3057612347484623	0.40940064573531065
0.2843609304789775	0.30532988175572895	0.4103091877652937
0.2852318697147541	0.30360185349034463	0.4111662767949014
0.2847920988634674	0.304776277849919	0.4104316232866137
0.2846502999367883	0.30510952555956083	0.410240174503651
0.28509755965368055	0.30539760166739194	0.4095048386789276
0.28500400643269663	0.30599579068802274	0.40900020287928074
0.28436618347884807	0.3059067690789349	0.4097270474422172
0.2861383779909976	0.3048931881759602	0.4089684338330423
0.2843310836945428	0.305141344458956	0.4105275718465013
0.2836746091357892	0.3063024169077047	0.4100229739565062
0.2859432801021822	0.3052972010365891	0.40875951886122885
0.28467041421912426	0.3037570151449222	0.41157257063595365
0.28377866082695374	0.30561970384111564	0.4106016353319307
0.2852269340496038	0.30600439180626293	0.40876867414413337
0.284344548724222	0.305923564502172	0.4097318867736061
0.2851159630664646	0.30507587724237883	0.4098081596911567
0.2857857566979768	0.3051109683421089	0.40910327495991444
0.28543945834953627	0.30539844430504604	0.4091620973454178
0.2832438111438071	0.3051692112407129	0.41158697761548013
0.285441132545881	0.3052944323877682	0.4092644350663509
0.2846730633657778	0.30401331084795397	0.4113136257862684
0.28534671600695066	0.3037774888165723	0.41087579517647715
0.2848977852618277	0.3043038978561191	0.4107983168820533
0.2841620986386874	0.30456152644940315	0.4112763749119096
0.28511855268434877	0.30539599663325784	0.4094854506823935
0.28413752483133714	0.3053917918286094	0.41047068334005354
0.28410001261414014	0.30431212182918455	0.4115878655566755
0.2848283615698954	0.30551598230391763	0.4096556561261871
0.28419389647415444	0.30503576953962985	0.4107703339862159
0.2840858510899377	0.30595102027638577	0.4099631286336766
0.28508198471046525	0.3037006343857412	0.4112173809037937
0.2850875505610488	0.3057008723722258	0.4092115770667255
0.28387204852570325	0.3054388548041015	0.4106890966701954
0.284993229851004	0.3052697989954317	0.4097369711535644
0.2849057431289739	0.30508094412105585	0.4100133127499704
0.28413399409329365	0.3051156086377953	0.4107503972689112
0.2844274150486346	0.304143645187378	0.41142893976398753
0.28479538910896196	0.3047868328771897	0.41041777801384843
0.28336730750905365	0.305215523800946	0.41141716869000045
0.28357597917228566	0.305895168419591	0.4105288524081234
0.2850407391246863	0.3036435482923137	0.4113157125830001
0.2851350851943748	0.30477686027107587	0.41008805453454944
0.28435284925643184	0.305694619751027	0.40995253099254125
0.284547424303166	0.3064287671071143	0.4090238085897199
0.28466744051818393	0.3062794258099226	0.40905313367189355
0.2844141569014049	0.3051931964202788	0.4103926466783163
0.28461513068416155	0.3038554842733489	0.4115293850424897
0.2843241652409817	0.30418735999607344	0.411488474762945
0.2837919691886216	0.3063369268268233	0.4098711039845553
0.2846072671493496	0.3044910839786464	0.4109016488720041
0.28443532679964706	0.30493388966844787	0.4106307835319052
0.2838212798704745	0.305392208823859	0.4107865113056666
0.2854984198455518	0.30536616030591446	0.40913541984853385
0.2842903467103992	0.3042813228064018	0.4114283304831991
0.2839601142467526	0.30452633012994307	0.4115135556233045
0.28595811612713506	0.3052738142410836	0.40876806963178147
0.2846884909145899	0.3051995689385924	0.4101119401468178
0.28382741322263566	0.3054408013398114	0.41073178543755307
0.2854472997215181	0.3037084534538528	0.41084424682462917
0.2848578999689687	0.3061086343410491	0.4090334656899823
0.2835371093228411	0.3055265963543527	0.4109362943228063
0.2842483489602773	0.30514252253600593	0.4106091285037169
0.28454132564666884	0.3057435320728975	0.4097151422804338
0.283950434778192	0.3046523234057811	0.41139724181602705
0.2840316709402904	0.30508874536558345	0.4108795836941262
0.28419412927572707	0.3062177097467055	0.4095881609775675
0.28589721889761455	0.30391821130117713	0.41018456980120843
0.2832796064243298	0.30514433868406293	0.4115760548916073
0.28567730340414643	0.3051179328665368	0.40920476372931686
0.28353860506442685	0.304781933141851	0.4116794617937223
0.28499261925468306	0.304260658961453	0.41074672178386407
0.28528403537904307	0.30522390032476704	0.40949206429619
0.2842779800680956	0.30535107652987364	0.41037094340203084
0.28563515932676853	0.3040327351097243	0.4103321055635073
0.28357706359311524	0.30615753869733553	0.4102653977095494
0.28501810976647507	0.3049159036676835	0.4100659865658416
0.2839767163967673	0.3047560345055994	0.4112672490976334
0.2851236845830305	0.30609205420477215	0.4087842612121974
0.28515275796360806	0.30493630882068534	0.4099109332157067
0.28549721224072505	0.30496763456695364	0.4095351531923214
0.2847626573672306	0.30446683161505245	0.41077051101771705
0.28520773810226296	0.3058562299449103	0.40893603195282685
0.2836168584218127	0.3047345505063774	0.41164859107181
0.28613813359267903	0.30385110340742805	0.410010762999893
0.2854486186637647	0.3054244940266671	0.4091268873095683
0.2847366049176395	0.3054041141678823	0.4098592809144782
0.28403787358130006	0.3046098175122478	0.41135230890645225
0.2834541784182803	0.30526893372861424	0.41127688785310557
0.284636921406529	0.30366555634137504	0.41169752225209605
0.28521888666529194	0.30531711281530594	0.4094640005194023
0.28411625472482505	0.30628445474244875	0.40959929053272637
0.2850194311721131	0.30419517076888597	0.41078539805900105
0.2839788550566241	0.30468774902784873	0.41133339591552726
0.28392475668991335	0.3059156271882474	0.4101596161218394
0.2842021762731869	0.30496847580550174	0.4108293479213115
0.28439345243706654	0.3057994870123215	0.40980706055061206
0.28483232205082337	0.3059853137074573	0.4091823642417194
0.2842896639573548	0.30602782675769113	0.4096825092849542
0.2836638770367166	0.3051478626686111	0.4111882602946725
0.2852422751981433	0.30370202433938126	0.4110557004624755
0.28523887609705556	0.3051122279708571	0.40964889593208753
0.28448051336852986	0.3059107080513412	0.40960877858012906
0.2854382517669686	0.3040800512614995	0.41048169697153203
0.2850926408527802	0.3040892108818414	0.41081814826537855
0.28369914124572754	0.30498620948260413	0.41131464927166844
0.2848150282264739	0.303915703270574	0.4112692685029522
0.28358884174896964	0.30613472180274537	0.41027643644828504
0.2833541584173487	0.3061458975088518	0.41049994407379964
0.2856185745583271	0.30445103939941043	0.40993038604226256
0.285603227699984	0.3040878435916948	0.41030892870832136
0.28581050806833797	0.30462820957526404	0.4095612823563981
0.2842071858775077	0.30519070260270337	0.410602111519789
0.28323109557281106	0.3050359092680507	0.41173299515913836
0.28457997468597457	0.3062647484173317	0.40915527689669384
0.28439110902902764	0.30450354808389307	0.4111053428870794
0.2857035954833835	0.30389777007116714	0.41039863444544944
0.2836831236049889	0.30623002027256546	0.4100868561224458
0.28546148079660677	0.3050839101662058	0.40945460903718756
0.2845646817775628	0.3049493500965408	0.41048596812589655
0.2840152136891693	0.3053967842665976	0.4105880020442332
0.2847228930480392	0.30502891838946683	0.41024818856249406
0.2853635209173297	0.3052460144316993	0.40939046465097106
0.2841580837778636	0.30498872473667193	0.4108531914854646
0.28450756638504127	0.30485567735821467	0.4106367562567442
0.2859058362221705	0.30490729400508515	0.40918686977274443
0.2849308692662443	0.3061564054349901	0.4089127252987657
0.28532600954688003	0.30554029150393835	0.4091336989491817
0.2847223765727032	0.30635310407653193	0.4089245193507649
0.2849162838325629	0.3050077237522429	0.4100759924151943
0.28521496161690363	0.3060150374882894	0.4087700008948071
0.28434198083796824	0.3049656507027291	0.4106923684593028
0.2849383305998281	0.30494761206719095	0.41011405733298106
0.2837634593623911	0.30579683687738746	0.41043970376022154
0.28473150579287654	0.3047518966333987	0.4105165975737249
0.28377041605907355	0.30622579999522626	0.41000378394570025
0.2859154461816852	0.30445024520073294	0.409634308617582
0.28396407229617465	0.30456995831278594	0.4114659693910395
0.28449421645657536	0.3061045117371658	0.40940127180625896
0.2858544207137464	0.30452428229005074	0.409621296996203
0.28596290665955565	0.3052018495384013	0.40883524380204317
0.28384294442481284	0.3045867249531046	0.41157033062208265
0.28334716763401874	0.3054032179285517	0.4112496144374297
0.2848964697712679	0.3043845779348195	0.41071895229391264
0.28537791354814923	0.30548657468242024	0.40913551176943064
0.2838361880293426	0.3060659528259299	0.41009785914472763
0.2847771995933091	0.304804375385539	0.410418425021152
0.28543470386595704	0.30440798704335265	0.4101573090906904
0.2848561362239753	0.30623769206316503	0.40890617171285976
0.2834537996689476	0.3059337035451164	0.4106124967859361
0.2832302593658843	0.30523409217164554	0.41153564846247026
0.28413977644479577	0.30455633191912374	0.4113038916360806
0.28388642571288164	0.30450348259621984	0.4116100916908987
0.2847186515340807	0.3045262622818482	0.4107550861840712
0.28489009191963943	0.3052767052826709	0.40983320279768976
0.28336379906445713	0.30519979107633033	0.41143640985921265
0.28608933215264165	0.30399453286853867	0.40991613497881974
0.28558118216232875	0.3047353406253813	0.40968347721229004
0.2843784316785254	0.305760655797641	0.4098609125238337
0.28545034834835264	0.3050879900901972	0.40946166156145025
0.2832934923103704	0.3059999111577327	0.410706596531897
0.28390670594133954	0.30611228528449824	0.4099810087741623
0.2838177425583507	0.3048659813278983	0.4113162761137511
0.2843065734446817	0.3046656520343319	0.4110277745209866
0.28432631121907453	0.30505773776912537	0.4106159510118002
0.2837549438276477	0.3050400433102827	0.4112050128620697
0.28583383265272344	0.3042522816389577	0.409913885708319
0.2843806507340575	0.30613835902941516	0.4094809902365275
0.28560887589128425	0.30366918144894767	0.4107219426597682
0.2855190991608542	0.30546775992480585	0.40901314091434005
0.28421248213618727	0.30643357701170915	0.4093539408521037
0.2844241390852079	0.30494099651283657	0.4106348644019556
0.2842466702215656	0.30598607604799055	0.409767253730444
0.28530624428185736	0.30401243696475555	0.4106813187533872
0.2859339826215484	0.30429435152419515	0.40977166585425656
0.2851704133249581	0.3043465978983043	0.4104829887767376
0.28556583473142827	0.3043689108484741	0.4100652544200978
0.2860908417174132	0.3039030267048104	0.4100061315777765
0.285121691682852	0.30582845833740047	0.4090498499797476
0.28488324312259083	0.30418686884661433	0.410929888030795
0.28324316649775716	0.3051100000092027	0.4116468334930403
0.2837539298863274	0.3046962029728101	0.4115498671408626
0.284510568175028	0.30585758372842664	0.40963184809654546
0.2850342941792091	0.30414277628629355	0.41082292953449745
0.28536007249135764	0.3048118088826088	0.40982811862603374
0.2832946907979063	0.3060896620186404	0.4106156471834534
0.28568585808021413	0.3047436712664025	0.4095704706533835
0.28417318849867274	0.30470679023864905	0.4111200212626783
0.28400692049480375	0.30607168955244457	0.4099213899527518
0.2837436171186059	0.30497816771673536	0.4112782151646588
0.28384424963716753	0.3057912494536144	0.41036450090921817
0.2855988177376515	0.3055579424594987	0.4088432398028499
0.2840234019779079	0.30610235681778974	0.40987424120430244
0.2844442411736461	0.3051185178142626	0.41043724101209145
0.28554312216982636	0.30459910116623357	0.4098577766639402
0.2841396394139013	0.3050881530075583	0.4107722075785405
0.28587815102902553	0.30373073152297364	0.4103911174480009
0.28470110503931284	0.3043070186349307	0.4109918763257566
0.2845514173712562	0.30372959582920966	0.4117189867995342
0.2836453533017835	0.30564304327959674	0.41071160341861995
0.2853141478796676	0.3052545009508908	0.40943135116944174
0.28404085009805957	0.3047373277520807	0.41122182214985986
0.28586698379953573	0.303758197744051	0.4103748184564133
0.2845389339864843	0.30559038918399195	0.40987067682952394
0.2856302432325476	0.30406994295427825	0.41029981381317426
0.28591322446699124	0.30484324342878616	0.4092435321042227
0.2842894261409399	0.30594794483472876	0.40976262902433147
0.2859903802962186	0.30471869301504106	0.40929092668874045
0.28449134846207785	0.30506200618839213	0.4104466453495301
0.2842753471171636	0.305277178787065	0.4104474740957714
0.28374219780483845	0.3056433602689766	0.41061444192618507
0.2833704083193673	0.30513799525730323	0.4114915964233296
0.2837636265086232	0.30533526730889005	0.4109011061824868
0.2850139328932227	0.30405508882310184	0.4109309782836756
0.283449310912218	0.3057802633286438	0.41077042575913836
0.28540330849956347	0.3051330515561396	0.4094636399442971
0.28587455113166016	0.3037617311133034	0.41036371775503655
0.2841364183670447	0.3058642993804433	0.40999928225251214
0.2846543309247534	0.3054801022274972	0.40986556684774944
0.2832892638320158	0.30515396377482973	0.4115567723931546
0.28332595873452654	0.3052700106849569	0.41140403058051667
0.28551376485835633	0.3045332492969154	0.4099529858447284
0.2856989057795937	0.30441640533707426	0.4098846888833321
0.2833264461693973	0.3049740260187299	0.41169952781187297
0.2849032941362949	0.3060728938158202	0.409023812047885
0.28437287170091824	0.30514257788200755	0.4104845504170743
0.2844685804673227	0.305865869148852	0.40966555038382546
0.2835310483141462	0.30599334339882467	0.4104756082870292
0.28579542074747016	0.3041663149573033	0.41003826429522666
0.28514315003650453	0.3058274515240013	0.40902939843949426
0.28433033809778124	0.3044486358975687	0.41122102600465016
0.28494569472530834	0.3056734954332743	0.40938080984141745
0.2860974316112741	0.30438023159007094	0.40952233679865513
0.28385825730997205	0.304402367810173	0.41173937487985507
0.28563178107035353	0.3044861114668955	0.40988210746275106
0.28598284482020253	0.3051490081189674	0.40886814706083013
0.2841968755080828	0.3049254375332812	0.410877686958636
0.2859904776553925	0.30448725808430954	0.4095222642602981
0.28440338634263584	0.3055242980240281	0.4100723156333362
0.28592646248960396	0.30514881163297447	0.4089247258774217
0.2841311105795879	0.3054036309455754	0.41046525847483684
0.28458946191196244	0.3046890640864997	0.41072147400153797
0.2844756932454051	0.30402585481750943	0.41149845193708556
0.2834836800795219	0.3047734952304908	0.4117428246899874
0.28565795556471246	0.30364382609570106	0.4106982183395866
0.28545903560947905	0.3047737600026554	0.40976720438786574
0.2857980717984582	0.3046000995979571	0.40960182860358485
0.2855897482928035	0.3053735565858254	0.40903669512137125
0.2848566685299814	0.30420224635022	0.4109410851197987
0.28405329162263127	0.30595658161835165	0.4099901267590172
0.2846768362893334	0.30417627620269044	0.4111468875079763
0.2840796622954611	0.30630068340788136	0.40961965429665764
0.28563160306689483	0.30381842038386964	0.41054997654923564
0.2850132285942609	0.30612327238637216	0.408863499019367
0.2846058067830294	0.3037517422856412	0.41164245093132956
0.2855394219973205	0.3041900850886299	0.4102704929140497
0.2843887706182533	0.3041680195319369	0.4114432098498099
0.28517058622171565	0.3051663085273405	0.40966310525094396
0.2855229048188635	0.3040410999988262	0.41043599518231033
0.2838662206072028	0.3062009164149789	0.4099328629778185
0.2845735077979159	0.30415300200528755	0.4112734901967966
0.28456168864892645	0.3057590026106061	0.40967930874046754
0.2861135891734714	0.3037774048997155	0.4101090059268132
0.28488469105459496	0.3044447598002047	0.4106705491452004
0.28399087269544443	0.3057258621652327	0.410283265139323
0.28543932847090836	0.3036099924061253	0.41095067912296646
0.2847731021234313	0.3045142346698268	0.41071266320674205
0.28440459571978516	0.3062190480541676	0.40937635622604734
0.2860423408150918	0.30510188278478245	0.40885577640012594
0.28576558228397664	0.3051403784443574	0.4090940392716661
0.28419209976131055	0.3055703928085246	0.41023750743016496
0.28598886708422444	0.30427734420780816	0.4097337887079675
0.2847800526836232	0.30397393909994425	0.41124600821643265
0.2842117203161913	0.30625031329866315	0.40953796638514567
0.2845962715178307	0.3060068630861512	0.40939686539601816
0.285394346843442	0.3049292191814823	0.40967643397507586
0.2832597653229814	0.3062414474744465	0.41049878720257227
0.28586149746274087	0.3041957755525318	0.40994272698472745
