0.22883792112772147	0.04506458020598891	0.22355993183723197	0.08471828525903868	0.05768401430387235	0.05987027438082933	0.17956631308381524	0.1206986798015018
0.23566611894907846	0.043261032408429184	0.22283494307923662	0.07924005249172403	0.06421800390396469	0.062385141854412046	0.18075946173596347	0.11163524557719127
0.2458072358556857	0.045559489775387346	0.22177752388725036	0.0797577954248932	0.049320368792837355	0.06375451402528573	0.184022539932013	0.11000053230664704
0.25772618138668724	0.04670095498741855	0.20933558924304801	0.07945190569288682	0.05235333505449773	0.06471708232789884	0.17812522808904707	0.11158972321851554
0.2510821761343191	0.042123921569419784	0.20508926038407338	0.08373232021080312	0.05059675550285603	0.06696977393225638	0.18344569197975175	0.11696010028652028
0.22240056008898298	0.04287827105505315	0.22907220753033453	0.08341669931579773	0.06819487627344031	0.06116029376263049	0.17827869803218474	0.11459839394157574
0.2251153539484618	0.04452773456360509	0.2186771161627593	0.08557673496235953	0.06299499114071927	0.06178257503579217	0.18392439628141566	0.11740109790488693
0.2536715166499701	0.043717060449037004	0.20721684459857667	0.09335481474100864	0.046247211092165855	0.06088567633647618	0.17517892033155555	0.11972795580120975
0.2544255206246965	0.044873295160471255	0.20363749160068786	0.0828469756397013	0.058793735540704106	0.060094114805261736	0.17759117806223593	0.11773768856624112
0.2371453698469216	0.04584682663260477	0.21990160300965295	0.08353011186462302	0.05968520035236194	0.06076676288609478	0.1772595749245396	0.11586455048320105
0.2559056399859164	0.0463750007148903	0.20925786279026426	0.07901696307874695	0.05518052054129556	0.0624569978514595	0.18231694451903135	0.10949007051839543
0.2554101976870756	0.04302411723614118	0.1981407605881459	0.0825997699396831	0.0608360072975713	0.0614156942447609	0.18040741320844833	0.1181660397981734
0.25586441593024	0.041844849779424334	0.20958796159988094	0.0886208525211726	0.04853968526767123	0.060366153939930806	0.18481376498586352	0.11036231597581624
0.23485432259964534	0.045553921148503596	0.2270567008261586	0.09053093509590712	0.04631621419592326	0.06099002227911944	0.17558446187258953	0.11911342198215287
0.25343387680007307	0.046235367488387025	0.20255519459912652	0.08371008825020365	0.061593200232676226	0.0637330846780981	0.17796134341646916	0.11077784453496597
0.25812327742604935	0.04261798806801868	0.19918855797700258	0.08913670341427174	0.05885363896625699	0.05987026869330021	0.1787683150644654	0.11344125039063474
0.23974567547492504	0.042334677697575096	0.21960850603629473	0.08748039652163946	0.05720756619570025	0.06062832064755806	0.1778206154485017	0.11517424197780546
0.21944483379788932	0.04673654460498666	0.2213942152632371	0.09734535208047797	0.06297562345419658	0.06466758492424754	0.17540075170771868	0.11203509416724586
0.26633278043010317	0.046173973534255036	0.19698758805406735	0.085249360262769	0.04341009220139869	0.06105782384831383	0.1817951801999786	0.1189932014691141
0.280170529861548	0.04442066763082961	0.1977317079674865	0.07926349507491168	0.04276318155530667	0.06681237438328153	0.1792483217455741	0.10958972178106169
0.2428185919616802	0.04549244394929708	0.20952334500186767	0.09720693315420832	0.05652030936004926	0.06131261125861645	0.17737566321529635	0.10975010209898432
0.2752020002997373	0.04589282413719581	0.18997628908081748	0.08881257410585691	0.05209798950222047	0.06139672511961103	0.1768608716447126	0.10976072610984816
0.2657933401567564	0.044141185188846105	0.18715804231883215	0.08168183926875655	0.05331510863653005	0.06644312554917828	0.18077599522571844	0.1206913636553818
0.23887910674584262	0.044010939105325206	0.2221512188500458	0.0848420479041906	0.05360426420705518	0.06296429787963415	0.17683584322498203	0.11671228208292411
0.25319964692591324	0.04499491721616829	0.21337484701503273	0.08014654648524638	0.04470114959543027	0.06303020444722472	0.18119202884086705	0.11936065947411711
0.21830427352732382	0.04625086665938816	0.22000805399946982	0.09694879413007165	0.06689201216424838	0.06123683798172892	0.1746119299357573	0.11574723160201174
0.23551806248862614	0.04197595715799379	0.22517511778946486	0.08409117349997952	0.052479040887823084	0.06251030691955588	0.17826291765851782	0.11998742359803868
0.24472899276035376	0.0449143460954628	0.21374110908008243	0.09189413157051651	0.04653941388866503	0.06540516088032039	0.1824453559695165	0.11033148975508232
0.22944187049577247	0.046163950449452054	0.21880973742553317	0.08172286719716187	0.06421269369879666	0.06271918866746769	0.18322833568762495	0.11370135637819088
0.24683798469014603	0.044842643824530334	0.22214989868825166	0.0796897103511287	0.051847905902953545	0.06699115781696466	0.17776687621392437	0.1098738225121004
0.2599845250514549	0.042801290261486144	0.2075173456988923	0.07990974338732622	0.06161676956212893	0.06263059046154348	0.1753648054947425	0.11017493008242525
0.2606822092540315	0.04231362805517214	0.19803257962407542	0.09442734966607136	0.04955724585420469	0.06330301860100382	0.17794457178374473	0.11373939716169601
0.25542171288364746	0.04335797020546703	0.20423785188605567	0.08530140339528487	0.046764551707647706	0.06193841669091951	0.182509817414317	0.12046827581666059
0.25402459290752283	0.045683286532850795	0.19012373625924078	0.0804551510899616	0.06129556573158873	0.06447258246097008	0.1838557794364029	0.12008930558146197
0.2665495666881061	0.045458954255679765	0.19206116484542468	0.08738211213420825	0.04384526579683014	0.06123940567122918	0.18362681130187605	0.11983671930664558
0.25938794908282625	0.042148046941071965	0.21137355293481278	0.08441746088562382	0.04451601803800624	0.06345403242119871	0.17953741338982454	0.11516552630663539
0.2334267863830488	0.04461572862914871	0.22342634351620744	0.09048219615911404	0.05440999504636693	0.06427980154500146	0.17641163441048957	0.11294751431062285
0.26359949738404775	0.04574350644784049	0.1963130156256957	0.09058744878258292	0.0487856563632858	0.059850011765283234	0.17902077777478548	0.11610008585647835
0.23867306012956796	0.045147869247554845	0.21424147688070222	0.08227183813320378	0.06123125051456994	0.061908788975121726	0.1788834127374574	0.11764230338182188
0.27148285007225803	0.04402336929478691	0.19920865275314237	0.08045248093567885	0.045766161334094155	0.06517722289356556	0.17488147690524608	0.11900778581122778
0.25053264635389466	0.045303969108036954	0.20517070429143452	0.0806855829556675	0.06552459540592653	0.06491252146393195	0.17776006655207466	0.11010991386903295
0.21942083238755408	0.04343709113257824	0.20775937348063073	0.09541257468756524	0.06578277282411035	0.0670607296104237	0.18241380521344167	0.11871282066369576
0.2547314829020574	0.04527138233479451	0.21857942101252625	0.08364116963507714	0.043907131077912845	0.06587153437762934	0.17851110321625535	0.10948677544374688
0.22187075559824967	0.04681030210324302	0.22749199135555098	0.0795321510728034	0.05642699532175301	0.06528918273078926	0.18410492125499597	0.11847370056261441
0.25711377260254137	0.04262745403190919	0.20598486893036627	0.08682778865396512	0.06020591516155678	0.06101980986728503	0.17592888174365723	0.11029150900871874
0.2527597439124474	0.04361821091722065	0.19459598079172108	0.08210732290013635	0.061436710050356017	0.062681544154735	0.1839839849663258	0.11881650230705754
0.2501653634727775	0.04668131490879576	0.1943556849809712	0.08298425805574164	0.06300495759409391	0.06525227957102384	0.1810252652475844	0.11653087616901156
0.2378412361011863	0.04412046033170092	0.21423263555814212	0.09710920136851554	0.04532988958564199	0.06658808812493566	0.18169894900502925	0.11307953992484798
0.27376556162864735	0.043995444149047866	0.20137483590558183	0.08298468683957316	0.04915669956888623	0.06223952435407379	0.17747602975857463	0.10900721779561487
0.27628131884224383	0.04330845810978723	0.19940202613421268	0.08276791095083955	0.05012816696720468	0.06018319929896532	0.17628796599055682	0.11164095370618964
0.23455262496205082	0.04440749686618185	0.22204768930158836	0.08553342093668596	0.049969163339429926	0.06497802499108357	0.18311948432134054	0.11539209528163871
0.22556273105081034	0.042587329001958066	0.2279082221965155	0.08880935548550126	0.052682058323687	0.06494944780250506	0.18447671593409531	0.11302414020492724
0.2474663731034738	0.043916399042196325	0.19982824847977051	0.08041723988919296	0.067990620882607	0.06465285068995331	0.18330071976947684	0.11242754814332899
0.22374211395774946	0.04300226097975923	0.2319077375041839	0.08970348319254312	0.049343405671267715	0.06430562727793607	0.18455591980612052	0.11343945161043971
0.25174215054176424	0.04531173696899145	0.1864617953742092	0.08741020831107453	0.06581413372176731	0.06591910361268939	0.18268219333419589	0.1146586781353077
0.22215378284259302	0.04392085282829135	0.22941013661804943	0.08087084207420253	0.06519866114902508	0.0636906290825386	0.18190131947208715	0.11285377593321269
0.2240732857831394	0.04231882607410051	0.2128941305216993	0.09278721440011822	0.06825907433715854	0.06532845175092167	0.18394033530148057	0.11039868183138152
0.23530102815364656	0.04621674117484843	0.2212565099347801	0.0890123492383107	0.04684236055274252	0.06135984385615817	0.18094314032001224	0.11906802676950101
0.22309873686359968	0.04299199519595438	0.21590755944811124	0.09030147490039014	0.0667902103526542	0.06303141355505784	0.18154802575788448	0.11633058392634775
0.2794981049666409	0.0422377803108432	0.1944808787691582	0.08367310359287608	0.04444200314028017	0.06632765073538295	0.1763157018602195	0.1130247766245988
0.2715576347366912	0.04260016266260215	0.18780238951436123	0.07980295654007273	0.059617573815790456	0.06210622441704458	0.18276470423189078	0.1137483540815466
0.2477855536804452	0.0466555899642177	0.20738384858251618	0.08740223266141983	0.052685103250853085	0.06439895444809901	0.17619363518805406	0.11749508222439467
0.2494539094282474	0.04481051415979603	0.1925010419946019	0.095621167697264	0.06484075718493207	0.06218746448438853	0.17522776857726807	0.11535737647350165
0.25444215392391334	0.04213629111285047	0.194178791993139	0.08653009850525736	0.06063114073274814	0.0628207586015156	0.17850030845204579	0.12076045667853001
0.262604621076536	0.04399664538720632	0.18607784275966371	0.09520780299737773	0.06070431824670726	0.06185326925485117	0.17847293552584884	0.1110825647518087
0.2476429416697628	0.046209146437381166	0.19767262172205177	0.09270807938815179	0.05623640178175893	0.06035541386514706	0.17794688160454078	0.12122851353120545
0.2588718956083765	0.044479633641195615	0.19214241130242454	0.08855524168101646	0.06266603304965107	0.05996205616858824	0.18309945425869467	0.11022327429005267
0.2699178814327008	0.04568535694424014	0.18700530092317655	0.09014659932411606	0.05098767202457874	0.06393603407428486	0.17897774977421535	0.11334340550268723
0.26515638036331	0.04219458804608904	0.18751494865705165	0.08485535792601495	0.058262330432037254	0.0656096769107676	0.18001148695309593	0.11639523071163334
0.2759371022461401	0.042598721771330186	0.19677500110105145	0.07934455996890638	0.04341784752362986	0.0653983888059389	0.18145271846822403	0.1150756601147788
0.2812101890917752	0.04521381879266195	0.18628110956365942	0.07966995825226585	0.05439839786711327	0.06145619144386852	0.17608226526564574	0.11568806972300985
0.2585030419880052	0.04599947444720927	0.19973922884589895	0.08775204078277378	0.0491220294163672	0.0637548325836733	0.18106217757007892	0.11406717436599308
0.2787806638383331	0.04555826210450327	0.18786390529903685	0.08378588310051127	0.044573551864001804	0.061167624901226875	0.18230029243216667	0.1159698164602199
0.27655171632422576	0.04306075846757958	0.18814094965206746	0.08673577510445335	0.054305598285104686	0.06486572138354216	0.17536199438951272	0.11097748639351393
0.23928246513756568	0.043718893316120305	0.21546954708496602	0.08438773617277569	0.0639271099239845	0.05995039364724031	0.18330606137177813	0.1099577933455691
0.2540122541346037	0.0451251767998274	0.21118630017453383	0.08231830604619325	0.05008331996593374	0.06431865149130134	0.18377244024919387	0.10918355113841263
0.25687374167220967	0.04429765424516971	0.18843971549291072	0.08419615198835075	0.06747708147097721	0.06436106357211177	0.18302953328586696	0.11132505827240302
0.24971086614129845	0.043167197398220614	0.20716809016002327	0.0874929427544603	0.04983253080279931	0.06475648208259703	0.17927550562785471	0.11859638503274605
0.23446813017781992	0.04194214408179833	0.21479929577807963	0.09143105597603324	0.05594833487419447	0.06331719960902257	0.18180954116318018	0.11628429833987139
0.22692329466053507	0.045446694643974855	0.21614468926435781	0.0818135075133075	0.06308031013361312	0.06533751152722195	0.1835087511841556	0.1177452410728338
0.2515509145439362	0.043426657970307495	0.20113267041112332	0.09573841522559137	0.05434929649480545	0.06639491491162978	0.17856713304644165	0.10883999739616455
0.2445672417461811	0.04665648628067927	0.20054099502458372	0.09563817389850338	0.06158334154548312	0.06213381093098229	0.17769717176165678	0.11118277881193009
0.23908950981091198	0.04335601970259492	0.2027512118095017	0.09197307125731513	0.05709395913048124	0.0654325579592776	0.18236249652082645	0.11794117380909071
0.242826380733663	0.04351269814466628	0.21557831350675094	0.09529168497210719	0.04623182061782416	0.06141812990079444	0.1850707820559095	0.11007019006828418
0.2619440515448667	0.042199736750808306	0.19773161230813235	0.08026757177483954	0.06806556176627018	0.06091932288022628	0.17900002630085993	0.10987211667399639
0.259537501284407	0.043945251760905024	0.19350176502770744	0.09525676716657762	0.048953349897885204	0.06435140281582026	0.17848268028418257	0.11597128176251464
0.24266344471239804	0.04500247402215414	0.2102700925142486	0.08391719339420235	0.05617387124645842	0.06011169586823162	0.1817578420777588	0.12010338616454773
0.266881622762854	0.04436090393730713	0.20302864079600738	0.08679837046253405	0.04395884390295288	0.06096109664305814	0.17641545460263958	0.11759506689264662
0.22873753341218256	0.04668841742988514	0.23357302023279103	0.08376199185182287	0.047832592091411996	0.06267807891709387	0.179505912075199	0.11722245398961335
0.23556351191078723	0.04246450865123162	0.22022343345991918	0.09304435623477016	0.05406872773679933	0.0625379514518421	0.18288922695523002	0.10920828359942009
0.2609980261443934	0.04558818125564365	0.18609163716847577	0.09422143270126927	0.04945081072537941	0.06460069675369264	0.18439090318899842	0.11465831206214719
0.23750857439829798	0.044198163292806736	0.2100108314163432	0.08694388516184848	0.06767156212542547	0.06381239258283983	0.17565751176416122	0.11419707925827684
0.24172108554316568	0.04577140628075688	0.20954591481651869	0.08434609300788137	0.05579593990908846	0.06076331058785313	0.18529579687365216	0.11676045298108338
0.2747166970611927	0.041807141735555095	0.20593151001700688	0.08328653431243802	0.0461829488717249	0.06159890086051306	0.17754210282923766	0.10893416431233137
0.24311556985208238	0.04310113329572601	0.22751150738479697	0.08349925183563667	0.04431611544005466	0.0658289513740353	0.18067094317774957	0.11195652763991822
0.24396829217249363	0.044655205513218735	0.22789785363238613	0.07923040627062036	0.04458775244572226	0.0663225380160338	0.17436965485336012	0.11896829709616473
0.25626005122373624	0.043850595759453395	0.1936895389281677	0.09172653225601998	0.052304275397375116	0.06476867354558519	0.17992424404733207	0.11747608884233006
0.27120901609873105	0.04590809502269025	0.19037048871007728	0.07973047130346905	0.05611975369835846	0.0620441772464906	0.17658863365515753	0.1180293642650255
0.23626378663779518	0.04665092570611305	0.20354163153262567	0.08424999598815631	0.0669578562136844	0.06561570308271993	0.17752303133413594	0.11919706950476927
0.24801318686838852	0.04584655781934227	0.20204004661884567	0.08377726173577717	0.05596481157058418	0.06591372439814527	0.18069508588207372	0.11774932510684297
0.2559783533608756	0.04516474759574585	0.18628522025337402	0.09544748230683281	0.06283808183287809	0.06052764954030111	0.18383760150153244	0.10992086360845989
0.2511378887167216	0.042365594375207496	0.19423570319007843	0.08574959090321643	0.06374919883040427	0.06556956651901966	0.18510736901988387	0.11208508844546791
0.22587408524597818	0.042528497645176105	0.22559053800885126	0.09057240042780751	0.05858673747672129	0.06199552692102543	0.17767911341119283	0.1171731008632471
0.24177587624745334	0.04455467317812961	0.2083496812664916	0.08236095575585009	0.060434473479307166	0.05983740213729513	0.18240312923698337	0.12028380869848945
0.22379112587376632	0.04600684071429774	0.22210274718620526	0.08997684921694192	0.06195747980880066	0.06028853644829288	0.18133811127334776	0.11453830947834727
0.2224082072466972	0.046091926721287715	0.21134529262273202	0.08919659639430941	0.06351319063199022	0.06533874116179426	0.18442300663633093	0.117683038584858
0.23368630318847278	0.04671951964980339	0.2215364069866557	0.0816941565288499	0.058519980206902356	0.06235164012153635	0.17764309274265488	0.11784890057512443
0.2696138022231226	0.04223592465955053	0.2065958424487446	0.08241808987583335	0.04928337298935925	0.06312478061362967	0.17789119152425503	0.10883699566550466
0.24696114083912588	0.04319833547105177	0.18757296543837698	0.09456964114310273	0.06173586808921594	0.06679920250992806	0.17959247679135926	0.11957036971783915
0.26209973186113955	0.04312382908934226	0.21029607757258587	0.07867078857326085	0.04533534765284811	0.06543822561184673	0.17675133623346861	0.1182846634055078
0.27869825375845414	0.04640739340526118	0.18632070336586484	0.08233708565504434	0.049998560627009386	0.05997444962677019	0.18251931169237018	0.11374424186922544
0.2523569748082335	0.04422030537692134	0.1990570915816855	0.08729982479109849	0.05413156076405072	0.06678004251140196	0.18172206699777035	0.1144321331688379
0.2536338076665309	0.04425128661065386	0.1937084472164352	0.09328224317952362	0.05392334439625662	0.06023126243318061	0.18151723035004838	0.11945237814737059
0.25250724007898795	0.04682060394685911	0.19520578488238216	0.09392980130400749	0.04460762950433253	0.06327685197773059	0.18537904491346047	0.1182730433922394
0.22958349004213224	0.04529375740701076	0.22188298742088455	0.0822274761009601	0.06693191561317592	0.06214670010089336	0.17446061704819232	0.11747305626675048
0.23051872743908003	0.04348525546260226	0.22887841947182272	0.08837556920560291	0.045878706835543265	0.06271770226015327	0.18119774818724105	0.11894787113795414
0.24104254145262413	0.045086633736559065	0.20805229362126282	0.09653058034628756	0.04935048039259467	0.0667018450723425	0.1799848425423618	0.11325078283596719
0.2668443582837575	0.04202000203310957	0.19187633199373347	0.08847034885144196	0.05372625958791094	0.06657957485504507	0.17652487026952066	0.11395825412548055
0.2720793283429543	0.04682807086381857	0.19133799286602812	0.08759810974901144	0.05066792690147312	0.06393232403964663	0.17695394355152969	0.11060230368553792
0.27955879971033026	0.04436440951510519	0.19219608201223415	0.08897989344882812	0.046988239767391665	0.06331089266764695	0.17486392000503362	0.10973776287342982
0.22795917818815653	0.04382547865137251	0.20845908133713775	0.0966735930003331	0.058646717959742425	0.06605408267273302	0.17996789370013344	0.11841397449039087
0.22600829716387344	0.04630009480986294	0.22256479093651005	0.09108611550483173	0.060295672895012906	0.06454276057870922	0.17457005501730768	0.11463221309389172
0.24286771740142443	0.04189424031103438	0.23133921665978557	0.07986722693779476	0.04307339703096216	0.06124780172310107	0.18410968579877543	0.11560071413712197
0.22006793025946236	0.04332247144779873	0.22364391253314703	0.09588434464885681	0.06571563459012222	0.06111749068934216	0.17537081275337077	0.11487740307789962
0.22502641325815143	0.046680333260311874	0.2280504362625832	0.07972589582768858	0.06225898721624194	0.062155646993958785	0.17882084004483995	0.11728144713622397
0.2400394987275805	0.046619549322831744	0.20677660178251386	0.08623665936324135	0.06148541226392659	0.0627862514408088	0.1848823380113653	0.11117368908773155
0.23529174518221824	0.04384657614014453	0.2176522764059604	0.08324028646986145	0.06578414665027157	0.06670324443092615	0.17769167426344956	0.10979005045716783
0.22661654455995625	0.04400339138854814	0.2319974624927778	0.09490086930346497	0.05533365516595394	0.06253875265548675	0.17429390586646437	0.11031541856734753
0.2343480075816803	0.04669510771219505	0.22216235193810732	0.08854001165623268	0.04730137434415435	0.06177101512911207	0.18397191052114908	0.11521022111736888
0.2428242068375552	0.04689018355386697	0.20438187169151317	0.0877218633487454	0.05724828277509404	0.06690208992775239	0.18118836294268095	0.11284313892279157
0.2547053971398837	0.0453315473992424	0.20218352656940147	0.07920006635707544	0.06747140259556923	0.06022894477523073	0.17618001818104218	0.11469909698255454
0.26001621243669987	0.04514819396789943	0.19341775696668273	0.08239868665033878	0.06066294710817527	0.0619877624636459	0.17613348979481158	0.12023495061174617
0.2235118503719385	0.046542616979259016	0.22272266011461403	0.08999543501266116	0.054394863973058954	0.06692981071543004	0.17929572584533324	0.11660703698770479
0.24123580143330658	0.04493660432510674	0.21412780088803615	0.08928931751684527	0.0529467452174731	0.06301942148132195	0.1815508908731127	0.1128934182647972
0.2222540463442027	0.04447458175336433	0.22763683264145407	0.08791639489064346	0.060725904851006846	0.06543328504318202	0.18101096532208097	0.11054798915406533
0.24974749945854083	0.04183268056786081	0.1923420716976138	0.09460952697358747	0.0568452634183057	0.06329858135988096	0.18296377006592418	0.11836060645828596
0.24001071019967912	0.04677333308558765	0.21177336653028558	0.08374083698278342	0.05917967887466265	0.06688469000792552	0.1763751459438987	0.11526223837517716
0.2672226848245377	0.04258493671146178	0.2097001598700107	0.08975284183696222	0.04327495865452434	0.06185131679291393	0.17453279309095776	0.11108030821863127
0.25526116480828287	0.04183895973413171	0.2006040111312619	0.08360618443607451	0.055933319376889515	0.06409128288507548	0.18004021148527413	0.11862486614300961
0.23446579885672528	0.04400226164792022	0.22600133890516189	0.08752743459818932	0.057708926619272516	0.06262124468664806	0.17497113147557045	0.11270186321051201
0.23364124183950952	0.04446021635739193	0.21168658387292577	0.09686899086852833	0.06581286824326468	0.06403598915668618	0.17438010067112583	0.10911400899056749
0.24421886470651677	0.04298212910726401	0.21183318777550803	0.09100356205186268	0.051796660187152774	0.06330081183787983	0.1844309838968933	0.11043380043692236
0.26020186506969356	0.04479746087654532	0.19224020907103295	0.07875922502806292	0.06817607108997314	0.06106671696755123	0.17959777986051487	0.11516067203662575
0.24458387106427165	0.04572221186904814	0.22047922115476615	0.08788913814521107	0.048766278775984204	0.062061836452355995	0.1765468728069069	0.11395056973145565
0.2454993098815914	0.046225382606083276	0.21097949529518328	0.08690215702202402	0.04965271010274612	0.06280785233240449	0.18492946315681658	0.11300362960315058
0.2788056140215351	0.04463115725585445	0.19328553882012844	0.08779645272953064	0.048219117367761716	0.059950654251523114	0.17536347286573697	0.11194799268792935
0.26361615236890157	0.04488154999022073	0.1960781974172827	0.08891575068821228	0.04827200114150777	0.06434257792677017	0.1759837217215494	0.11791004874555513
0.2666073717914127	0.04644312876723679	0.19163232367326938	0.09507803190724672	0.04989212418206057	0.06640803944011245	0.17502752604377347	0.1089114541948876
0.27675139849375674	0.046043574263965104	0.19590584900473537	0.07916039649816081	0.05127863045113047	0.05981663838393714	0.1822642380791612	0.10877927482515287
0.21938635028746065	0.04602370630609842	0.2323987008562898	0.07948313138314675	0.06396791369310953	0.06165041182459366	0.1836988687489901	0.11339091690031083
0.24304898874486514	0.04573083820252759	0.2221880223879882	0.08945560413418946	0.04863795335998079	0.0635346019311448	0.1751619835605999	0.11224200767870385
0.24187166825114254	0.04234633215579621	0.2052416996304112	0.08552311962655688	0.05775632903105521	0.06697931712983346	0.1828855125858482	0.11739602158935607
0.228538006238014	0.04201671791147599	0.2145560926637937	0.09558913249605133	0.05930577311010751	0.06352477278955851	0.18404283515708206	0.11242666963391668
0.24454860922928093	0.04277909412959806	0.19726259932937495	0.09091733002414293	0.06078692198144087	0.06643091428360443	0.17708658174451367	0.12018794927804388
0.23420885868350427	0.04473527914040913	0.219558375937875	0.09258005325146038	0.05265707225795038	0.06046050491203124	0.17569125047313977	0.12010860534362958
0.24296119468899033	0.0420179791013397	0.19959752551375282	0.09715519785741811	0.06091471139986304	0.062021282150868495	0.1801788841948786	0.1151532250928886
0.25469228934402266	0.04421741155526708	0.21790338030728604	0.08738764607821212	0.04800746296673575	0.06260364705718507	0.17512543865300118	0.11006272403828993
0.24165691789745497	0.04559136676642252	0.2003076309362082	0.08785959641522656	0.06731667439920269	0.059799124756520244	0.18171700627647264	0.11575168255249191
0.2509652129684009	0.043041124333157155	0.1922676313963721	0.09734279115536942	0.05275229564506134	0.06123231358401937	0.18259779843085466	0.11980083248676486
0.24261572947568488	0.04540658822889332	0.2117269067392484	0.0927598084277304	0.05371992730005368	0.06494193354357025	0.1751954019819592	0.1136337043028596
0.2322953458621193	0.04355521090848659	0.23415668824338393	0.08236558615603423	0.04432637310647143	0.061437570526402016	0.18150728180452202	0.12035594339258028
0.2512404122188935	0.04509072687604174	0.19570182366803845	0.08448509857434672	0.06737664459616619	0.06599869342998341	0.18091350399421724	0.1091930966423125
0.22034070695985727	0.04232027802582618	0.22610402823407527	0.08878026830200456	0.06422200366011052	0.06625768290941508	0.18062280308750905	0.11135222882120177
0.21958249915320252	0.04448593238127267	0.23128162333057425	0.08063602688013771	0.06615996727775122	0.06059093630499028	0.17978521672399525	0.11747779794807578
0.2506730059312309	0.045590850620067846	0.21634700353573294	0.08148450100845735	0.044227074604604094	0.0644238502407847	0.18521664278659755	0.11203707127252435
0.23787883231430804	0.045105682000414885	0.21054144290245153	0.09188631781631831	0.06029177512776093	0.06023518976198	0.1769096768698462	0.1171510832069198
0.23062073786558618	0.044988608659122326	0.21817150629359128	0.09579634926368177	0.06057297447601588	0.0612489959474212	0.1779469554963528	0.11065387199822824
0.22068049971508066	0.04534528475783223	0.21382826114577927	0.09718529078715	0.05419022296794021	0.06497064297322414	0.18292342733917472	0.12087637031381852
0.23483430206292633	0.042585124752642714	0.224516524282311	0.08667979926594097	0.04747116215387391	0.06327855565604334	0.18196304740910774	0.11867148441715375
0.23966166422739743	0.04635298966421905	0.21448297087486887	0.08739575304614178	0.05528134790871078	0.059976104087174825	0.18184783300817223	0.11500133718331478
0.22181442846271174	0.042470148623169	0.21701212948271403	0.08961618933639344	0.06431228999499398	0.06675897855670007	0.18537209395919385	0.11264374158412362
0.23274703151246476	0.046314298290100975	0.21963115639456093	0.08289065853122068	0.05745191769200403	0.06351773816885892	0.18330660257626497	0.11414059683452445
0.24691564337764516	0.04406556375288577	0.21680437309340547	0.08059780469680845	0.04935455266566657	0.0658917433411042	0.1852574562504112	0.11111286282207292
0.23204580577814815	0.04333896925300329	0.20796928660627906	0.0856923416816251	0.06584059782185236	0.06106484169278921	0.18423448566948605	0.1198136714968165
0.2680871569517129	0.04427883573665235	0.20351352652091909	0.08044788924872417	0.04732681299930547	0.0613403545932449	0.18486054709806957	0.11014487685137128
0.25391241414003596	0.044565674121121834	0.20887012134522306	0.07857661169781979	0.05861753434308903	0.06192778742458982	0.18202483198756875	0.1115050249405515
0.2328126956405145	0.045572199332201205	0.2123954263402074	0.09281691424990234	0.056780054216957365	0.0636680669648654	0.17709734081924147	0.1188573024361101
0.25462068113455205	0.043424764724680695	0.20528343910511415	0.08545053792590682	0.0538086124073099	0.06392650253278612	0.17866620364858254	0.11481925852106745
0.2688386615162664	0.04234182225033477	0.19933672140667485	0.08496583408979243	0.04810530932857196	0.06140740776663395	0.1761027721632344	0.11890147147849098
0.2716024787114246	0.045176403317439384	0.1981637538425513	0.08994361862281758	0.0435579107845957	0.060384290571341995	0.18111072196206285	0.11006082218776642
0.22818109281920929	0.04459502077463062	0.20899931667869204	0.0971900726073924	0.05986827689667802	0.0653333794414927	0.18456640585668493	0.11126643492521973
0.23040158490662468	0.043025459862505944	0.2002007300381941	0.09607835538322262	0.059753139367247646	0.06688059166524071	0.18426779677249566	0.11939234200446831
0.23079719401740179	0.043716211738421135	0.23385367288468284	0.0925006650526228	0.043259127373997036	0.0631621847127048	0.1836636045514993	0.10904733966867003
0.24131100460214921	0.04608768678945366	0.1972571030754142	0.08453325387230928	0.06437083071218616	0.06535391943139682	0.18072326959611637	0.12036293192097404
0.2219989679535408	0.0441589569356855	0.2088946838632997	0.09477065415560629	0.0638422416586117	0.06363023654891663	0.1840929881241509	0.1186112707601883
0.2275656173049811	0.04456925554472109	0.2204485422737562	0.08503138956278883	0.05394720846842624	0.06558798906949453	0.18366413201040996	0.1191858657654217
0.22382164788338232	0.04377028803802592	0.2308433805284337	0.09008333825693773	0.04984732437706205	0.06474872589031722	0.18355846671881876	0.11332682830702202
0.2379266943150719	0.04640502102673874	0.20790569588723165	0.0873777707015338	0.05893757857460055	0.06612708817523029	0.17455784055323834	0.12076231076635449
0.25112193156219037	0.04409253465421119	0.20667329824620045	0.09027503805177076	0.04333400371039588	0.061123681407071306	0.18451023936623925	0.11886927300192054
0.2651880396238785	0.04662085723075955	0.19032911048523124	0.07895564245465933	0.05593003478850393	0.06450176929040462	0.1810276736475711	0.11744687247899144
0.21920786568749084	0.04405714744536157	0.22323928132432022	0.09465705095860885	0.057120963168057856	0.06099710649264094	0.1799420354393723	0.1207785494841472
0.2529871012183056	0.04352077037609735	0.19853078889986014	0.08957433038988923	0.05864333473460635	0.0651637784746963	0.18017378920301233	0.1114061067035324
0.2495842229911093	0.04560761058101351	0.209583699557836	0.08256602287522048	0.05696893265645453	0.06183016473446806	0.18231257613669033	0.11154677046720751
0.22094465805237856	0.0452824812996937	0.20766221259557913	0.09620388031590794	0.06500014370273784	0.06503353067802328	0.1798612020775012	0.12001189127817807
0.2424018823749055	0.04187134831678205	0.22258691936464697	0.0879330124722942	0.045419012564575326	0.06671475526824024	0.17684737855129756	0.11622569108725786
0.2763354993527665	0.04292820682449887	0.1962414048680461	0.0791204602635563	0.056081790608922405	0.06100051842718958	0.1759058109493245	0.11238630870569544
0.2713218484017683	0.04199669648201099	0.19135727684810516	0.08556659032636427	0.04271245562823399	0.06429303448975687	0.1843971163717122	0.11835498145204795
0.2595461275157819	0.04286647952161067	0.20059833479861477	0.09673749567760494	0.04876926844761999	0.06376082546915304	0.17767884256592095	0.1100426260036936
0.254511056458394	0.04493880321007451	0.19749829316400713	0.09289360408922184	0.04693705028334799	0.06619534603799382	0.18282285674597112	0.11420299001098932
0.26419008848682307	0.045747736201291356	0.18540870346086466	0.08756563993560743	0.050482859802645524	0.0670462327891096	0.18163462192360236	0.11792411740005579
0.23470990039518855	0.04610029997484835	0.20380326561916992	0.09331645605048816	0.06130262477264409	0.06034905889668565	0.17948615696426534	0.12093223732670969
0.24679383920967907	0.045824065597219174	0.18754750211956708	0.09500121246833734	0.06443364567238621	0.06332674875823313	0.18203238239127661	0.1150406037833011
0.2514709588155163	0.04597427639975771	0.1989268987688132	0.08685867001287903	0.05882695109300172	0.06616989640911249	0.17738462177304493	0.11438772672787442
0.281584658630766	0.04685825526657557	0.20044118669076855	0.07864106734809637	0.043061399840832584	0.061316088102469635	0.1769169932151116	0.11118035090537945
0.25897655251697294	0.04389919295705019	0.18767070913106487	0.09528190137595771	0.0498063498865397	0.06284021921679614	0.18050715911181534	0.12101791580380283
0.25624255122133544	0.04544642980322741	0.191090190480524	0.09123710653056226	0.057041753907298265	0.06480487882635058	0.18011037573576988	0.11402671349493189
0.2573969742324035	0.04532283401411287	0.1950477576028751	0.08203680814654438	0.06124381113958065	0.06283203346029956	0.18170490169586795	0.11441487970831576
0.2574948503859582	0.04276823020656752	0.1905962551605736	0.08568108701928304	0.06214793692438768	0.06664677286012707	0.17606684858590416	0.11859801885719845
0.23973821678762663	0.04489540556940742	0.2084998743173313	0.09638314937941306	0.054278774693904255	0.063653579674461	0.1799039257395911	0.11264707383826499
0.24138116301548168	0.043752090287752746	0.2126851292702087	0.0954971417352773	0.047417945279448204	0.06124787134583705	0.17680237349045202	0.12121628557554205
0.2662954987173656	0.04548410129438124	0.19184724533562597	0.08226124186135732	0.0575378149353431	0.06219565571743739	0.17426153457725826	0.12011690756123086
0.2332648108503344	0.045284275999528986	0.22100144746114592	0.09623233994559753	0.046317674801441666	0.062458804333968304	0.1759560322866205	0.11948461432136241
0.2210297655335831	0.04431385275450472	0.2271667403902446	0.08879687753589487	0.0631963846077418	0.05995849667981891	0.17877088901782526	0.11676699348038645
0.2242315701167052	0.04587366292949978	0.2126176761122105	0.08714681038302573	0.06187615565689922	0.06582134760292542	0.18223215676969037	0.12020062042904354
0.2418396107527838	0.04561724438343624	0.20390118234034377	0.08326350877163774	0.05947886350198321	0.06592979077613395	0.17980275658636105	0.12016704288732
0.2277636027109523	0.04560085290582512	0.19996834709477873	0.09714639040715753	0.06279177791584784	0.062174908567904974	0.18370670714133525	0.12084741325619798
0.25249213807429693	0.04468863548700902	0.2118959734743185	0.084630563335066	0.05391779790081043	0.06556968953939846	0.17549265402858394	0.11131254816051646
0.2533407985366781	0.04187081032144896	0.2184312026647173	0.08792604466690279	0.0444845017851616	0.0661667404148297	0.17474273451526218	0.11303716709499903
0.23426384702938796	0.04555611944455487	0.21403737929371483	0.09517518604373602	0.05234773723169117	0.06385960118653061	0.17789428531265067	0.11686584445773361
0.23131686524377373	0.04217387459689523	0.21883738700659974	0.08981198128089393	0.06207008943347525	0.06519511068383005	0.17682920556231113	0.11376548619222067
0.2522974881207594	0.04652934784796142	0.2025314092252391	0.08841024032679953	0.05216636797352675	0.0625963310538237	0.18121584548952585	0.11425296996236395
0.2519818913766099	0.045541272355100415	0.19839824529596403	0.09150033958524176	0.050143148209399815	0.06449892116250434	0.18063747619776543	0.11729870581741403
0.23437909390957953	0.042667302888805686	0.21957812097712073	0.09697727141123638	0.04679200325058025	0.06233577981328797	0.1763974232035159	0.12087300454587327
0.24861341863330721	0.04478989269421259	0.19934182816815754	0.095320044171765	0.061798232252067944	0.06229194781139934	0.17522785988588824	0.11261677638320189
0.247272851318599	0.04436638498009614	0.19844091812191456	0.0975828919831191	0.06072455833033791	0.06593785936847807	0.17569145513397627	0.10998308076347875
0.26202836534423435	0.04383957599982882	0.18747308698611923	0.09185345194601595	0.061792647307117504	0.061067343516630734	0.1820841340457717	0.1098613948542815
0.25553941799218455	0.041772144298061434	0.21929832458200715	0.07973421983408713	0.04496976848757521	0.060904736994373876	0.18507439675285622	0.1127069910588542
0.24502276964216482	0.043297974641947026	0.211378925956345	0.07991573540169464	0.06523281090586192	0.06145694891206102	0.17625255569895107	0.11744227884097423
0.24395781110132264	0.04323324692982704	0.22434447337194402	0.08230768971964778	0.054062777143605606	0.06603151974916777	0.17641827002055704	0.10964421196392782
0.22705118161795143	0.04650711405327976	0.22590740536826345	0.08278929900371332	0.05720920894820643	0.060969334481205104	0.18042519899835469	0.11914125752902562
0.25979012439045857	0.04322582332522497	0.1880480225860852	0.07938226904289501	0.0656508892876641	0.06147308890168966	0.18535730479037016	0.1170724776756121
0.2316432170477115	0.04539185579159459	0.21473275209830903	0.09168784302687415	0.05242963864883786	0.06162138819061845	0.18452700039642866	0.1179663047996255
0.23941130285990916	0.045265225778375634	0.20339248205876687	0.09006508292101062	0.06552576752068867	0.06683301367438256	0.1744678027187487	0.11503932246811752
0.2402681022351097	0.045801810382633756	0.21248874073970558	0.08886482071954561	0.060843296976622385	0.060330410232663445	0.18026162066318108	0.11114119805053822
0.2650443326406713	0.04545386651755845	0.1914038153292431	0.08056207469632408	0.0681102901193639	0.06499353433802071	0.17482176772818073	0.10961031863063744
0.2536317475251561	0.04491541138002744	0.18654699201512032	0.08099846850447553	0.06668683348801863	0.06525048217422096	0.1828691856654909	0.11910087924748988
0.2721293341816683	0.04431008711462611	0.20909805468059006	0.08174046450879249	0.0452961625887785	0.06254039968232628	0.1758910378573179	0.10899445938590017
0.25754776817401037	0.045412044904894144	0.1910908328228651	0.0967769912627129	0.048513398374780775	0.0621416276233234	0.18331730815238984	0.11520002868502327
0.2711252285339023	0.04361095923949823	0.18850745037314573	0.08546439079735771	0.05077691025921524	0.0635336059306893	0.1794208189441604	0.11756063592203078
0.2569104923840243	0.04189146736356446	0.19632283141402002	0.08742145233375602	0.05249208837928447	0.06693054628857632	0.17866991117547312	0.119361210661301
0.24677439253788463	0.0417766502438881	0.2015711269498646	0.09644390336324649	0.05145875123785207	0.061279201133464994	0.18475019998532122	0.11594577454847765
0.24315354092207303	0.045735129994704984	0.2168586005313206	0.09464074542574451	0.047281465556529456	0.06276285025347794	0.17585358193103917	0.11371408538511005
0.24635410764761345	0.044618953215434604	0.19515539188258485	0.09576840336570672	0.05991567844799994	0.0639217601333206	0.1747168747870879	0.11954883052025167
0.2746527666987916	0.04578929912739074	0.19621572265380352	0.08351742172212373	0.04418122148912196	0.06181565848327428	0.18521618876807455	0.10861172105741931
0.26707195471657064	0.04312272788890492	0.1885676238502298	0.08013316301828229	0.06239347583731994	0.06524232237749851	0.1784704322523366	0.11499830005885697
0.25039841220719206	0.04356647004868698	0.19544057377300264	0.0865526759730545	0.0632979618122706	0.06665531314505116	0.17667683484229066	0.11741175819845122
0.24445241034734033	0.04179275768314798	0.21606386986732182	0.09392722022837496	0.052183177022534624	0.06079291787819065	0.17756804185853126	0.11321960511455807
0.2469487696175726	0.04205399406323951	0.18926971697880005	0.0937841584181053	0.06323681988600927	0.0663738927540303	0.18107715181139827	0.11725549647084443
0.2212290623487587	0.0436828197072245	0.21311036600969058	0.09628824494123639	0.06082123712052476	0.06433851305019983	0.18274031855864856	0.11778943826371643
0.21999182493287134	0.04542490691970272	0.21752252339990982	0.09053735731828064	0.06761787091230101	0.06670260974768785	0.17787187777799332	0.114331028991253
0.26903025576804523	0.04546680182277525	0.19078648575321716	0.08162251612636792	0.050248122075793114	0.06164295936359633	0.1802014509671755	0.12100140812302923
