0.1630972819534776	0.1580645771287818	0.3245454722849258	0.258183073836446	0.09610959479636852
0.1653637949517867	0.16017945758932278	0.3214198755256814	0.25600170403245176	0.09703516790075714
0.16312598663117858	0.1603379465329877	0.32418949665082447	0.25565220161085545	0.09669436857415367
0.16738092746564598	0.1583154905310049	0.322222063247955	0.25619555154856133	0.09588596720683257
0.16285525907080906	0.16187236953353576	0.3208096814519268	0.25818833046718287	0.09627435947654539
0.16712520209631865	0.15939364227331407	0.32058341964725	0.2570568020993192	0.09584093388379784
0.16499560069260966	0.15953339390595261	0.32147948746231014	0.258097679017834	0.0958938389212934
0.16402158574283068	0.16231860425542377	0.321133049348573	0.25595525942255093	0.09657150123062139
0.16403058123797723	0.15902451929205147	0.3252516498426028	0.2560056028876264	0.09568764673974196
0.16595203864029895	0.1605113827719672	0.32079252599687813	0.25724633553057563	0.09549771706027987
0.16190543834076	0.16157512916027458	0.32419295796914865	0.2563361000556035	0.0959903744742131
0.16259668227341445	0.16010616006570605	0.3243969509541743	0.2562001508137453	0.09670005589295973
0.1677117520517641	0.1573541385124499	0.32107950079450087	0.2567689895076625	0.0970856191336224
0.16291082915560043	0.15945239835347785	0.32335278588502847	0.25811239807801883	0.09617158852787419
0.1671376246160777	0.15800803101802094	0.32166365587275997	0.2558786484546589	0.09731204003848226
0.16723267721485913	0.15926463446573408	0.3215494025622531	0.25558591507583467	0.09636737068131887
0.16352136073429457	0.15739251807163282	0.3250083245539226	0.25679256194185096	0.0972852346982989
0.16364363732156206	0.16256891836017148	0.32075764564463866	0.2570099122385076	0.09601988643512002
0.1663887750947432	0.15819121562232233	0.3217151413156124	0.2569565777936386	0.09674829017368328
0.164442486443217	0.1585610418635061	0.3228983380258753	0.2581603688853542	0.09593776478204716
0.16840226756664184	0.15702755064205468	0.320798507931203	0.25702032903087985	0.09675134482922039
0.16547479492265527	0.1597845007232063	0.32069610513110725	0.2568377843156868	0.09720681490734415
0.16389450479384443	0.16075974599181647	0.32056100494940165	0.2574442863138473	0.09734045795108992
0.16401659694893267	0.158763865017386	0.3246091011057218	0.256642988138052	0.09596744878990734
0.16396615677020906	0.1590767036931341	0.323083011717347	0.2565780641721416	0.09729606364716809
0.16386099557631512	0.16016050236046891	0.32120051720945997	0.25820808240151133	0.09656990245224453
0.16338845364281007	0.15842766023341118	0.32372216433537243	0.2577391581659957	0.09672256362241044
0.16497161280078998	0.16166400516053211	0.3204288754785891	0.25714878767477056	0.09578671888531798
0.16297650274681763	0.16044199128154868	0.3216445985393165	0.25803755621948	0.096899351212837
0.1646021518427961	0.15951799850837467	0.32151198742254156	0.25796190368264105	0.09640595854364643
0.16785418739196903	0.158968079008865	0.32056482125980423	0.2565189081721506	0.09609400416721094
0.1643493901163259	0.15795339576816478	0.3229862822315702	0.2581350884751798	0.09657584340875913
0.16803141391376042	0.15873681325956696	0.3202470767921346	0.2556296500346689	0.09735504599986886
0.16658218475895706	0.15954989248377732	0.32166659346611126	0.2557669519805003	0.09643437731065391
0.16643033780637223	0.15665668844331093	0.3253445625398379	0.2558530367426647	0.09571537446781408
0.16389570730620395	0.16035088832647937	0.3231824781804789	0.25678314954163584	0.09578777664520176
0.1655268447826124	0.1604162006498745	0.32095340575509074	0.2566486574191501	0.09645489139327201
0.16303770501918632	0.16105813082423412	0.32197406499366726	0.2579354536774938	0.09599464548541824
0.1622551932072367	0.1603046727953216	0.32354877796783044	0.2567295745118329	0.09716178151777813
0.16760039547855662	0.15686570897578486	0.3212690414378539	0.2568383817445856	0.09742647236321883
0.1660036816597566	0.15830640069930665	0.32330845346710513	0.2556283004697485	0.09675316370408296
0.16447482051737514	0.16107888295259937	0.3228996698325203	0.2558110839152014	0.09573554278230362
0.1630282848982532	0.16151092957847646	0.32283868483009814	0.25637361333836883	0.09624848735480318
0.16260375940314914	0.15988327481745793	0.3224227386092017	0.2581175063527042	0.09697272081748688
0.16429986422362206	0.1577319762415264	0.3236669902356684	0.2577849326677034	0.09651623663147947
0.16252272695071804	0.1566322773974517	0.32584085262044643	0.2579613090912679	0.09704283394011573
0.16622826933979246	0.15731151791580839	0.32156973838402925	0.2579960522470962	0.09689442211327352
0.16408248573018386	0.15919551585788858	0.3217698147662949	0.2578367650060928	0.09711541863953965
0.16639157605745425	0.15938329003242072	0.3211359507240248	0.25651350892531555	0.0965756742607845
0.16452127177146747	0.15893225532968738	0.3222586543542465	0.25698601436378243	0.09730180418081597
0.16203558409168078	0.16029081113414728	0.3232863014960017	0.25736609871385574	0.09702120456431433
0.1620421235900206	0.16162980377931377	0.3229392131065081	0.2572977946623808	0.09609106486177652
0.16635203908006338	0.15733758164162234	0.32288624636532887	0.2576590996865398	0.09576503322644539
0.16532537637677963	0.15664214791340086	0.3242206567078534	0.257761780755783	0.09605003824618288
0.16484708820002486	0.1584973337760185	0.3237658429278102	0.2564893277327038	0.09640040736344252
0.163602071675339	0.16136248915053017	0.3212113851178341	0.2572743201502174	0.09654973390607915
0.16221597392336684	0.16127456850233415	0.32340432389871593	0.2567077228248731	0.09639741085070985
0.16253660306391765	0.16073773120970036	0.32365394685515464	0.25682006540920205	0.09625165346202513
0.16731686166329182	0.15835113017752442	0.3215930817856154	0.25687646539316356	0.09586246098040457
0.1647419252406931	0.15807999465903033	0.3233874557978078	0.2566083028412335	0.09718232146123502
0.16188759074085327	0.1620774598570252	0.3233278040608115	0.25684041857812456	0.09586672676318522
0.16244833757114113	0.1609508830747931	0.32181068176476213	0.25821334173094634	0.09657675585835714
0.16534437012050168	0.1571877081177832	0.32347222839518064	0.2571837218476772	0.09681197151885707
0.16786135852592016	0.1582018817195174	0.321181423209541	0.25723313809108445	0.09552219845393678
0.16494660234223318	0.1588449546516748	0.3211788568455067	0.2580656450996548	0.0969639410609303
0.16833990939432902	0.15850952360350612	0.3205750077644225	0.25584666903445824	0.09672889020328396
0.1668158689592439	0.15968195055810597	0.3203806736423092	0.2563187583991235	0.09680274844121725
0.1643829644856999	0.16024940681797273	0.3213273615603536	0.2579604156045286	0.09607985153144499
0.16218314816234164	0.15859144847263706	0.3242303739117236	0.2577190293604461	0.09727600009285137
0.16716884323058911	0.15817891117743646	0.32026764946682235	0.2572618961397544	0.09712269998539746
0.1656174778486966	0.1574383723158782	0.32153320780582506	0.2581489315544292	0.09726201047517075
0.16335594542410567	0.16160142522229692	0.32036962361874055	0.2573299050133079	0.09734310072154881
0.1651954955913806	0.1608507382058974	0.3222754785492374	0.255695063123558	0.09598322452992639
0.16453599038785774	0.1579388634030115	0.32341989552637707	0.25760735755763353	0.09649789312511992
0.1659165818708603	0.1599509047587657	0.3210136898481667	0.2575102722509134	0.09560855127129371
0.16435529238982807	0.15930705815819346	0.32311853234395743	0.25763897429192995	0.0955801428160909
0.16220433008379226	0.15982014657371596	0.3245015073416795	0.257449731930043	0.09602428407076913
0.168249634365471	0.15908889116409639	0.3207106615561429	0.2562912009077448	0.09565961200654469
0.16736448190782466	0.15687758458761936	0.3217793901252757	0.2569476601025972	0.09703088327668294
0.1647653059747702	0.15899974706277686	0.32264521033520255	0.2574340452666273	0.0961556913606229
0.1642908428418185	0.15994718546805037	0.3239969217287113	0.25587497487841837	0.09589007508300125
0.16681463941039407	0.15810922602403413	0.3218419938416681	0.25643846692402783	0.09679567379987569
0.16723746736845668	0.15932819160602396	0.3217287603667418	0.2561542113602558	0.09555136929852157
0.16839334510172033	0.1571547173063797	0.32113524850218306	0.2561539966665628	0.09716269242315392
0.16529576158798667	0.15812817695683984	0.3241794040272503	0.25646889255921773	0.09592776486870525
0.16286111575128837	0.1623212472279742	0.3212704061594805	0.25651370600101137	0.09703352486024537
0.16554828204458297	0.15721499984390835	0.32448528957270306	0.25575990467599524	0.0969915238628101
0.1671951371250134	0.158865927118082	0.32161020379294925	0.2560836011778423	0.0962451307861129
0.1641394174562969	0.1593093797592887	0.32208978805001537	0.2579807441903412	0.09648067054405765
0.1668858781772058	0.15669628868196836	0.3235942836377166	0.2566304977836418	0.09619305171946729
0.1630054630534776	0.1591951616912	0.32517225594410326	0.25642711842071253	0.09620000089050648
0.16316231229028988	0.15907062792109739	0.3254650548055983	0.25607610836923755	0.09622589661377676
0.16755458097771717	0.15833018750526978	0.3224818631287371	0.25611880410194754	0.09551456428632822
0.16646017467821692	0.15749044715327018	0.3217698959504919	0.25814642863874077	0.09613305357928001
0.16218653558118817	0.16070856900803	0.3248388616086578	0.25626588851540133	0.09600014528672252
0.16454093319533836	0.15801769523787465	0.32426141699915817	0.2562786058692008	0.09690134869842776
0.16637257976665515	0.15724861071373647	0.3232276519713253	0.25645472645053824	0.09669643109774467
0.16430700608657883	0.1614982728826977	0.3219126735859801	0.25576979877365036	0.09651224867109279
0.16508678241924693	0.1602571240626266	0.32163748618928384	0.25620166430645835	0.09681694302238406
0.16539905089485096	0.1586858637661195	0.3219218648542693	0.25787434596807607	0.09611887451668392
0.1628424067195964	0.15941047442150824	0.3234886887094128	0.25768838372828284	0.09657004642119955
0.16728776636186224	0.15690713735328132	0.32346173830262065	0.25680319712267335	0.09554016085956224
0.166242273727668	0.16046953721154292	0.32142600576228725	0.2557434892486413	0.09611869404986034
0.16407419746665952	0.1624435036649297	0.32036999222057316	0.25687737717013515	0.09623492947770222
0.16208471599470703	0.15938788839002704	0.32451606817007406	0.2581617985742224	0.09584952887096929
0.16699017511456807	0.15842628952678323	0.3212232938434238	0.25687736993475624	0.09648287158046848
0.16350264496794195	0.1591289941802582	0.32390009175120904	0.2573071760690199	0.09616109303157065
0.1654986003805749	0.15721667289332614	0.32356415732867083	0.25738721657106733	0.09633335282636062
0.16496552405127354	0.16029202719214636	0.3220001778139124	0.2557414564501497	0.09700081449251785
0.16508157034740267	0.16110321744432327	0.32022660891847493	0.25700662466749846	0.09658197862230046
0.16313545682696157	0.15850193226876458	0.32543733195809943	0.2556744314504625	0.09725084749571172
0.1662405149298378	0.15773724436322117	0.3228287326387471	0.2570359069085685	0.09615760115962518
0.1642660467345226	0.1596275671079942	0.3244489341038873	0.25590081058278136	0.09575664147081428
0.166420399155403	0.15738324764612416	0.32350375581122615	0.25718961344130037	0.09550298394594622
0.16538149188972043	0.15904660133169277	0.3208382381142135	0.25768947075715026	0.09704419790722284
0.1668232941646769	0.15679370928188674	0.3223772180383911	0.257331904011784	0.09667387450326104
0.1623428684246556	0.1598650327978457	0.32256913729237513	0.257840436979825	0.09738252450529836
0.16347567377305072	0.1579019382935663	0.3245982955438367	0.2573798391951999	0.09664425319434622
0.16285386588821826	0.1593344301062683	0.32449401819320284	0.25715055825397726	0.09616712755833316
0.16263043903057955	0.1587862061178771	0.32457728013822157	0.25774653033960915	0.09625954437371244
0.16341265829994572	0.15923929053751962	0.32458931731524177	0.2564144674967622	0.09634426635053045
0.16607287647009034	0.1583486569436528	0.32180594575222854	0.2581915703457349	0.09558095048829321
0.1633297394974983	0.1587105176528093	0.3231870895408222	0.2575618730930636	0.09721078021580641
0.16434948141085395	0.15736145626973796	0.32541007183982074	0.2572903582254552	0.09558863225413192
0.16590844185328749	0.15919952441735535	0.3211282439439866	0.2574324842118443	0.09633130557352612
0.1660695039335334	0.1579251186559305	0.32330983749441666	0.25690599613433707	0.09578954378178217
0.16465394183756588	0.15787601437440368	0.3244110751792487	0.25732020099945924	0.0957387676093223
0.16596062653805885	0.16134585185829659	0.32031520746313846	0.2563860295636731	0.09599228457683279
0.16350240562163953	0.15992062581317987	0.32279157330149366	0.2569917985773591	0.09679359668632762
0.16655301840237102	0.1579095309106226	0.32320695394263277	0.25679390447465755	0.09553659226971592
0.16428323547650886	0.1591735024557473	0.3213890471142954	0.25793180181258757	0.09722241314086072
0.1660751665711758	0.15678825992701723	0.323980052088956	0.2573924289384093	0.09576409247444143
0.16672151454713077	0.15678012294898167	0.3221810325240386	0.25760067382009116	0.0967166561597576
0.16178957341347272	0.15956024229152563	0.32475609954473583	0.257530640470917	0.09636344427934859
0.1630930472409585	0.16209971171430576	0.32088135183296285	0.256839231145561	0.09708665806621172
0.16344178795126707	0.16109452337271274	0.3211641544266792	0.2579110615588619	0.09638847269047883
0.1655859672011673	0.15905076837002977	0.32072896605066303	0.25793096404261034	0.09670333433552938
0.163320066822691	0.15879609341320272	0.32440655300046584	0.25647893475777206	0.09699835200586819
0.16241325424358988	0.16172645535809319	0.3235123490952788	0.2558791530468702	0.09646878825616774
0.1635753921660321	0.15976471912888607	0.3220000360907982	0.258016500972214	0.09664335164206947
0.16545071393319735	0.16045655150794816	0.3212504167039617	0.2572572936131135	0.09558502424177909
0.16718892307767877	0.1580511805929249	0.32221867771132084	0.255927416096619	0.09661380252145628
0.16206711250078953	0.15968376645488758	0.32355368647553223	0.2576666525960187	0.09702878197277183
0.16478915126820115	0.1614823491399771	0.3203605835760615	0.25617755953795623	0.09719035647780376
0.16542652708651343	0.15703399299630696	0.3232187006426184	0.2578591581388001	0.0964616211357609
0.16608352088055595	0.15803464309525114	0.32340784913059	0.25579551943253054	0.09667846746107212
0.16532593370830984	0.1610171654460411	0.3219242955348961	0.2561079240222034	0.09562468128854934
0.1667125602844919	0.15709503776970907	0.3224142047201294	0.25682142263703334	0.09695677458863608
0.16391579811903484	0.1581612107114333	0.323735075449163	0.2580263800660908	0.09616153565427786
0.16295875000032678	0.1596644193052915	0.3229157379154708	0.2577346618102946	0.09672643096861615
0.16329612751585687	0.15973795775727834	0.32500143594139347	0.2561625795795181	0.095801899205953
0.16461761267303338	0.15820126290594744	0.32450371371087294	0.2564234398833007	0.09625397082684535
0.16599341017999353	0.15707788002892908	0.3215811525415835	0.2580450798126691	0.09730247743682453
0.1624007621655882	0.15866791083278622	0.3254609680835868	0.2563753072561068	0.09709505166193169
0.1659359131917351	0.16021556265083672	0.3205840406485768	0.25732137748488454	0.09594310602396658
0.1675220732267863	0.15841517666899524	0.32186147559366773	0.2558761883018143	0.09632508620873621
0.16550250368662667	0.15993648612581432	0.3212016478661289	0.2567704187042034	0.09658894361722645
0.16557690303613082	0.1582785869852519	0.32382784753372995	0.2564982266454829	0.09581843579940424
0.1656983777332333	0.16074376613087843	0.3210025692828887	0.2564479553242195	0.09610733152877993
0.16573591438920976	0.15794725741095245	0.3220015528404136	0.25720035755319476	0.0971149178062292
0.16669847577236047	0.1566661429958982	0.32409157158199164	0.25597402182181345	0.09656978782793602
0.1641241012580227	0.16003877733175045	0.32166231593211814	0.25747499338546814	0.09669981209264038
0.16695004085132448	0.15940455648995772	0.3205036304884802	0.2558639652687149	0.09727780690152252
0.16497921393144852	0.16128653890602052	0.3205466344208848	0.257016382117863	0.096171230623783
0.1663841967998047	0.1588679524096629	0.32191900772614834	0.25612771908190407	0.09670112398247974
0.16447815343425495	0.16236784449800384	0.32032332645093187	0.2560267522718709	0.0968039233449382
0.16597030742723837	0.15751870353066483	0.3216122336033299	0.25812007387860797	0.09677868156015874
0.16322266272892397	0.15881583865157956	0.3244218122304644	0.2572920426100719	0.09624764377895995
0.16522596247585172	0.15765233193797074	0.32356680962284456	0.2568097740667637	0.09674512189656907
0.16317516031384244	0.15836902951079643	0.32467755815832205	0.25778542294456636	0.09599282907247253
0.16204783534053108	0.16230557064203588	0.321730702168519	0.2577233750171603	0.09619251683175353
0.1628329089693502	0.15764310827840702	0.32502947875156074	0.25762962245702564	0.0968648815436562
0.16235278957846588	0.1594724987245762	0.32574079740238077	0.2568140581648834	0.09561985612969358
0.16239904734900612	0.1595679631972184	0.3252506507404891	0.256990803355909	0.09579153535737711
0.16770414201803072	0.1594705578047875	0.3211191432983813	0.25569807701217556	0.0960080798666247
0.1644955325423927	0.1596835837719871	0.32287152063211144	0.2556579566672921	0.09729140638621654
0.16725689244348474	0.15844906348799226	0.3212363640206003	0.2573970150155581	0.09566066503236438
0.16417649004894902	0.1611486879632342	0.32220679363798643	0.2560963242349711	0.0963717041148591
0.16430898371147246	0.16095096701247683	0.32281160205957626	0.25627382574171176	0.09565462147476249
0.16375970531720946	0.15859421488356407	0.3242552593826582	0.25657467633356823	0.09681614408299982
0.1626075876084421	0.15997896938152836	0.32322051037142213	0.2570751301123061	0.0971178025263011
0.1628042290073573	0.16145362221944395	0.3223251233584135	0.2566590955584367	0.0967579298563483
0.1673917571935506	0.15846011242329877	0.3206101014138389	0.2578123371725185	0.09572569179679309
0.16227906192145783	0.15926068663042792	0.32418816145485	0.2579259058320104	0.0963461841612536
0.16335280974704697	0.15799207979168395	0.32478204676934996	0.2571579221605947	0.09671514153132427
0.16432881929219217	0.15823641325877588	0.32388034861061277	0.25660249440332933	0.0969519244350896
0.1645175338684846	0.16041494220896194	0.32082376868564866	0.25770350227639766	0.09654025296050689
0.16542680947426486	0.15952450242471275	0.3221681618462958	0.2562798120344765	0.09660071422024996
0.1619025855675012	0.16007717355437762	0.32548524021104397	0.2561480776641569	0.09638692300292005
0.16447318290663407	0.16098880512214958	0.3214599407454341	0.25754911923043067	0.09552895199535141
0.16481563326799825	0.1608902058626421	0.3218364570639093	0.2559814431389601	0.09647626066649007
0.16588107224630277	0.1575187529295007	0.3228772720706943	0.25685240691990036	0.09687049583360163
0.1658652944616143	0.15788141134240802	0.3241042636172609	0.25637528764034556	0.09577374293837106
0.16509748697675877	0.15956245903413038	0.32100369196889367	0.2576405566107135	0.09669580540950345
0.16298296464933273	0.15749956017429834	0.3252729970795045	0.257144221725922	0.09710025637094222
0.1684594626507515	0.1576097157820328	0.32115137337970245	0.2561617940343476	0.09661765415316537
0.16413457280385663	0.16092556831154164	0.32209887812391325	0.2571995195669488	0.09564146119373952
0.16792613204443183	0.1584111306341997	0.3209726088373979	0.25672829297494837	0.09596183550902199
0.1665187378820581	0.15945958424929255	0.32063087199461776	0.2561053003126705	0.0972855055613609
0.16373849511507466	0.15858156868010254	0.3236151210145873	0.25767035315302816	0.09639446203720714
0.16506529198226189	0.15795819302928407	0.32399885879592816	0.2556516278591923	0.0973260283333334
0.1644381644292197	0.15995967889263737	0.32295572923146965	0.2557463387495265	0.09690008869714659
0.16694135977304636	0.15703217349189966	0.3225783276254202	0.2577366745109656	0.09571146459866792
0.16709898220992433	0.1572982586146874	0.3227391856786398	0.2572227535947535	0.09564081990199472
0.16599419024684858	0.1589443051995998	0.3228627338512782	0.2558791170268443	0.09631965367542891
0.16289368591426534	0.15950554432544262	0.3237442450548956	0.25813796944174705	0.09571855526364925
0.16635288888141195	0.16069500336703224	0.32171105853423837	0.2556205525179999	0.0956204966993173
0.16365593309594126	0.15758020112321441	0.32504250451571576	0.25791528654398915	0.09580607472113922
0.16552200338390793	0.15678360391589827	0.3241819592814524	0.25748386969527426	0.09602856372346692
0.1674433139824534	0.1588299830959813	0.32145430120293306	0.2563136128184032	0.09595878890022885
0.1653253715189323	0.16086620903579793	0.3213054072601672	0.2564152963291698	0.09608771585593251
0.1623179040582467	0.16124073381374365	0.3229686476666476	0.25677512016013426	0.09669759430122751
0.1674836758062493	0.15703292431351684	0.32287197958663155	0.25604828547607733	0.09656313481752479
0.16210407933759768	0.15900906275890145	0.3244515921055208	0.2573927343761403	0.09704253142183955
0.1673180844635299	0.15665198955635776	0.3231473033177257	0.25695145959258064	0.09593116306980587
0.16470871050987285	0.1585104503575275	0.32226470081936587	0.2580104583834343	0.09650567992979928
0.16375962108006636	0.15954636112852294	0.3223036697480694	0.2570395448453252	0.09735080319801587
0.16360538266264074	0.15931709077567274	0.3235644544682339	0.25669988145450495	0.09681319063894744
0.16316341631800266	0.16187142713657088	0.3218793056306073	0.2571269851360518	0.09595886577876714
0.16340237142495795	0.15737411222304942	0.32577617788517665	0.257816977531057	0.0956303609357588
0.16387278986183737	0.16057436641848313	0.32102048820821116	0.2573454432058951	0.09718691230557305
0.16426904818751947	0.15754222948427607	0.3256495852225053	0.25643489759394356	0.09610423951175537
0.16491482259912202	0.1597599189788116	0.321581401350878	0.25732710381404544	0.09641675325714275
0.16327471901003593	0.16210818572221147	0.32071310307401835	0.25785335284477734	0.09605063934895672
0.16360131100520547	0.15740768583908613	0.325832746341445	0.2576443054832376	0.09551395133102564
0.16468955032689306	0.15807917261730323	0.3247286941678798	0.25660661161157183	0.09589597127635191
0.16242045702674432	0.16115781835028276	0.3235528301487902	0.25696294350270593	0.09590595097147656
0.16476693852984564	0.1593974534407945	0.3234280137545847	0.25598129520522955	0.09642629906954545
0.166227992919449	0.15813526178364723	0.3234639905172534	0.2559500574703908	0.09622269730925939
0.16854894313197002	0.15686036408592685	0.3222189310636895	0.25686056927169193	0.09551119244672152
0.16625239488326637	0.15791925206161783	0.3232023491782432	0.2569556837873518	0.0956703200895206
0.1675974950777831	0.15848370902199532	0.3202339052602752	0.2581585512279485	0.09552633941199762
0.16198952748088674	0.16037024879812434	0.3245014450168886	0.2566310420423272	0.09650773666177294
0.16847167090920445	0.15690162971335306	0.32119221092564887	0.2578551948098301	0.09557929364196337
0.16698621179795325	0.15723744938550435	0.32241726071383353	0.2576480212368418	0.09571105686586691
0.16613451409907992	0.15849175137863192	0.3217581610238788	0.2569566847734761	0.09665888872493304
0.16233852206322597	0.15985094057572405	0.32569422741856335	0.25658188259356385	0.09553442734892256
0.1651786271542845	0.15815554944340807	0.3238606951102424	0.2559680938663031	0.09683703442576173
0.16796800143302498	0.15827447079693358	0.3202988867320239	0.2579181868977845	0.09554045414023285
0.1644420325433669	0.16061455710989048	0.3229474741457508	0.25632687955283284	0.09566905664815878
0.16300177283199832	0.15810480279646175	0.3257939044517123	0.25758615130473905	0.09551336861508837
0.1618994760841124	0.1617820208948075	0.32476616176100115	0.2558244374996313	0.09572790376044743
0.16185444959876252	0.1590067640149766	0.325763861451829	0.25693936664591427	0.09643555828851741
0.16547454087237948	0.15858524071696295	0.32236384817427427	0.2569382282623928	0.09663814197399027
0.16589341258864612	0.1593330500218308	0.32221917102464415	0.2561935264927877	0.09636083987209103
0.16696036295485336	0.15751292660943075	0.3215561602129672	0.2576056358974709	0.09636491432527765
0.1662541854580304	0.15863264185934908	0.32221490833532274	0.25718966959016143	0.0957085947571362
0.16525913805307915	0.162147093022463	0.32082205076671166	0.2559745761183446	0.0957971420394014
0.1647392762574132	0.16200058006539156	0.3204839912542773	0.2565320948956745	0.09624405752724324
0.16392418983240328	0.16125285570785786	0.32254614950919136	0.2555919284659489	0.09668487648459836
0.16600772814328413	0.15785756559782044	0.32482675669578087	0.2558115716401681	0.09549637792294623
0.16320777675377424	0.15780243684743311	0.324826696095201	0.25722386887607745	0.09693922142751402
0.16260648028914493	0.16054086050555538	0.32442832177545755	0.2569133565891117	0.09551098084073022
0.1630007011608007	0.15970897297374387	0.32274469718204435	0.2577818902711075	0.09676373841230335
0.1629385934284096	0.1586951555492066	0.3253572625645309	0.25722724687312415	0.09578174158472855
0.16726822901051575	0.15698437288726572	0.32104694616928886	0.25788372333756676	0.09681672859536267
0.16510212190755016	0.15740754539722404	0.32434161165162884	0.2565734745920717	0.09657524645152504
0.16272702771380726	0.1612130597946561	0.32445054646248644	0.2560071793696552	0.09560218665939475
0.1669097664482488	0.15925077412164546	0.32138677267013155	0.25686705443392754	0.0955856323260465
0.16342888171596537	0.15852085680200073	0.325650869616805	0.25663513878305433	0.09576425308217439
0.1633409315853197	0.1600680333159898	0.3227188652128403	0.2564604903599557	0.09741167952589422
0.16436683010258954	0.1581518940317415	0.3234404688861308	0.25707754255084325	0.09696326442869468
0.1635495010258064	0.15992665336794834	0.3238834304546453	0.25593384808408787	0.09670656706751188
0.16816827028717804	0.15668558845780298	0.3217391036166286	0.25632214187063856	0.0970848957677516
0.16708159400529535	0.15741846575993376	0.3236206762289373	0.2558934394119995	0.09598582459383387
0.16254794497758313	0.16060459469041768	0.32294659277864746	0.25730049875505506	0.09660036879829649
0.16528206192274425	0.15956571931036462	0.3229030364250147	0.2563851332493421	0.09586404909253411
0.16461689106461153	0.16084955555509584	0.3222107809290504	0.25624082084540467	0.09608195160583734
0.16276177830363095	0.1607335033592166	0.32273348349574765	0.2567237362554501	0.09704749858595453
0.16705669003140267	0.15787873450741396	0.32215428598569207	0.2569038932828733	0.09600639619261785
0.16703537151377734	0.15923104049564402	0.3216133250744523	0.2560217861429055	0.09609847677322064
0.1666767962388534	0.15901806442190602	0.32218223612440866	0.25631938289169304	0.09580352032313869
0.16686541113188372	0.15694142405438294	0.3215088335691867	0.25759509599679037	0.0970892352477561
0.16334725801840197	0.15999194092927527	0.322996302115279	0.25680516590333785	0.0968593330337057
0.1629560425254847	0.15732423345891594	0.32477138327096317	0.2578246615807969	0.09712367916383904
0.167584095144031	0.1572689826099459	0.3220234802719676	0.2566501537226925	0.09647328825136282
0.16640398998254063	0.15699080108639243	0.32439889501831365	0.25589445326273635	0.0963118606500167
0.16455497520785853	0.1613431533473808	0.32105632770146253	0.2569962502335815	0.0960492935097164
0.16350790630032958	0.16113713962245413	0.32330010306172646	0.2562502472468447	0.09580460376864489
0.16740684741564837	0.1588441897751251	0.3202676419608198	0.2577376605244454	0.09574366032396114
0.1650160312469532	0.16114012832847088	0.3204268132036027	0.2573454912757116	0.09607153594526134
0.16430973124184223	0.15768639003766816	0.3226757304754412	0.2580240526395747	0.09730409560547358
0.16311959260346404	0.15740332953770822	0.32557736439272406	0.2581417956969412	0.09575791776916236
0.1655752254117369	0.15996164147670433	0.32137007087455316	0.25732916076733175	0.09576390146967367
0.16752392010168515	0.1570770508302266	0.32247761492036364	0.2572952388652715	0.09562617528245293
0.16601148483461164	0.15853266838086227	0.3220078007560697	0.25673725259190167	0.0967107934365545
0.16756928250423941	0.1568723464534642	0.3217505866327955	0.25741811708222556	0.09638966732727514
0.16253801670903711	0.1615399853491277	0.32424648885544377	0.2560530326038342	0.095622476482557
0.16468817185580004	0.15836145237603333	0.324177100685233	0.2567874721418855	0.09598580294104796
0.16436188956612796	0.15887191511718424	0.32380648052713656	0.25693986892011395	0.09601984586943713
0.1631591918710928	0.1601144733099733	0.3219889406199056	0.25790356618754184	0.09683382801148627
0.16270377454072077	0.1574446666916599	0.3254090335047978	0.25713311543968903	0.09730940982313234
0.16376202877115262	0.15811843411035437	0.32302494101956797	0.25771921489475985	0.097375381204165
0.16517372978800754	0.1596465197862915	0.3223291436407478	0.2568564372082334	0.09599416957671959
0.16647014208977212	0.15675345670930682	0.3230666853106787	0.2581951640682135	0.09551455182202859
0.16605922420542873	0.15753946430386606	0.3248413276824903	0.2560468161503574	0.09551316765785726
0.164331984670066	0.1586120483200244	0.3221190010760206	0.25805636405849935	0.09688060187538947
0.1622070328788758	0.16025636894218862	0.3240465507519667	0.2572786580893485	0.09621138933762016
0.16845255416654406	0.15783057715319768	0.3211806507863191	0.2558703371407184	0.09666588075322063
0.16401528484747033	0.1617877915243074	0.3218591712893582	0.25573621423105397	0.09660153810780998
0.16535576840708013	0.16180886187973897	0.3208067070054778	0.2564336680511442	0.09559499465655867
0.16450204855713982	0.16005517794577634	0.32144768260694057	0.25707417846987235	0.09692091242027076
0.16660080839479532	0.15699373946171952	0.32407108150675107	0.2557989268818998	0.09653544375483411
0.1635748470417517	0.1608257392055766	0.3204204986077223	0.25797572452293616	0.09720319062201299
0.1655796909871029	0.16033799815433142	0.3203650653520575	0.25760445681798083	0.09611278868852718
0.1634958679574519	0.1590358208930161	0.3244870436994902	0.25583948423336217	0.09714178321667942
0.1665938894812845	0.1597777463284838	0.3210380816320829	0.25630098757393294	0.0962892949842156
0.1667654371060122	0.1584177807463222	0.32339031324281886	0.25589011842848036	0.09553635047636613
0.16431301029008977	0.16210118490033898	0.3202269538158198	0.25743214634804346	0.09592670464570788
0.16465230682185425	0.15895331764959303	0.32367163824134537	0.2570807728632946	0.09564196442391253
0.1653323891068701	0.15664136507686674	0.3225358860829022	0.258163458397628	0.0973269013357328
0.16397096716662612	0.1625554778232262	0.3214852619050561	0.25586989480482586	0.09611839830026553
0.16440447081735343	0.15938132347966982	0.3228823620663771	0.2562895712376416	0.09704227239895782
0.16201376679828158	0.1595202038563059	0.3251466783628488	0.25761202963948016	0.09570732134308342
0.16421838296755994	0.15951711079004302	0.32258605117824657	0.2566619429250828	0.09701651213906744
0.16481103626214577	0.1572365312512023	0.32441417382911863	0.25651466854658356	0.09702359011094952
0.16470133853117946	0.1594415311238158	0.32209106156516426	0.25632629202481677	0.09743977675502354
0.16331493940375919	0.15855300523109436	0.3252008417282808	0.25737008187265203	0.09556113176421341
0.16471464181112305	0.1575138805204629	0.3257530619491064	0.2556946997152668	0.09632371600404066
0.16370070075133109	0.15668937153434664	0.32458773037987104	0.25811256430175045	0.09690963303270056
0.16675597337036308	0.15946486187478437	0.32022756829941706	0.2566389917922594	0.09691260466317589
0.16746332867409325	0.1594397809853128	0.3203665133108571	0.2569598563183668	0.09577052071136984
0.16828241579800673	0.15793857416675355	0.32065490768591454	0.256468267895796	0.09665583445352899
0.1653653375695689	0.15945850058402603	0.32068362139168194	0.25720614374603434	0.09728639670868859
0.1626228951341873	0.1616002188890007	0.3232919255876554	0.2562448561809366	0.09624010420821982
0.16348979015981524	0.1611028107624981	0.32116998874022457	0.2576539620264953	0.09658344831096656
0.16405481221013699	0.1607460817542595	0.3210373684451074	0.2581849058812506	0.09597683170924531
0.1646308695386889	0.16200029415215977	0.32081304527794996	0.2556068682527475	0.09694892277845367
0.16559732966353446	0.15925211212536458	0.3230607887646566	0.25613989833882517	0.09594987110761898
0.16453753154598752	0.16114868325142642	0.32151896980224026	0.2556429580357604	0.09715185736458522
0.16198554250946123	0.15993426364729385	0.3246172829813607	0.256761262352363	0.09670164850952093
0.16723899660852704	0.15865014218814677	0.32110988151156566	0.256496775949448	0.09650420374231236
0.16467386453812508	0.15867117464395736	0.32399815897876283	0.25705667740042837	0.09560012443872612
0.1627387571593489	0.16187588113075052	0.3235767788547138	0.2562637874994596	0.09554479535572702
0.1653267989576457	0.15977701697456753	0.32185957951967514	0.2564319787255316	0.09660462582257985
0.16771730091035925	0.15772819369115598	0.32041332693949265	0.258148625178347	0.09599255328064489
0.16706087363990857	0.15768841182369517	0.3215314006657636	0.2567652578598231	0.09695405601080939
0.16383773541315702	0.16083576757270318	0.3235132528762492	0.2556070285077051	0.09620621563018528
0.1639001107809503	0.1591472038133649	0.3234508296605202	0.2573153772538077	0.09618647849135668
0.16601491186641518	0.15833920101610977	0.3222245570283423	0.25715069385203565	0.09627063623709689
0.16542782216785865	0.15706659021976382	0.32423094503952743	0.2577090363956846	0.09556560617716534
0.1621482157429033	0.1572937386584856	0.32592563985216927	0.2572141661715652	0.09741823957487647
0.1634600953273314	0.1585798993970233	0.3248251902778999	0.2570311179488499	0.09610369704889532
0.16325026263501263	0.1612729741444019	0.32151707715192746	0.25795818322380937	0.09600150284484847
0.16340816090168778	0.15749885054007753	0.32467184412675215	0.25719038994525806	0.09723075448622429
0.1657043176397791	0.15884971133957532	0.3225924762024278	0.2559704575490575	0.09688303726916007
0.16230581980998865	0.16130408323468723	0.32273602152266856	0.25684071605004577	0.0968133593826096
0.16490893480216362	0.15718944703635	0.3237760919213241	0.25745857450403425	0.09666695173612781
0.16424917965263647	0.15951127275523297	0.32219562226831694	0.25734746088495153	0.0966964644388619
0.16273633959568412	0.16069518751272818	0.3236621149234221	0.2562277321840085	0.09667862578415688
0.16498109742971273	0.1613379113526346	0.320715451442101	0.2570410799959771	0.0959244597795744
0.16370356606161363	0.15807164732852833	0.3246759530513921	0.2561417307558419	0.09740710280262391
0.16638898624025655	0.15886627561860503	0.32084291234854206	0.2578850663417382	0.09601675945085796
0.16441684195272788	0.15833818881082481	0.32412638128866805	0.2572391832696521	0.095879404678127
0.16257040298789632	0.16165397079091678	0.32387547589448396	0.25594720481999483	0.0959529455067079
0.16409411518457445	0.15976376024765615	0.32220625537522285	0.25666776827573	0.09726810091681636
0.16445146596977372	0.1603645238418987	0.32154987576415406	0.2574828917406534	0.0961512426835199
0.16370083367520888	0.1573531314885408	0.32388789714752764	0.2577657825400288	0.09729235514869367
0.16480350093367818	0.16011742414488941	0.3214693694640646	0.25700897214989343	0.09660073330747412
0.1637658074296961	0.15926539687964775	0.323808973240003	0.2559376698069711	0.09722215264368189
0.1646273680393098	0.1572710026441247	0.32407394480129986	0.2573745546137676	0.09665312990149785
0.16589187670782313	0.16060476210171068	0.3203962630505285	0.25641292755515754	0.09669417058477993
0.16773999563035336	0.15897693842849994	0.3218266755880619	0.25584675077215985	0.09560963958092476
0.16767183936705443	0.15745674443625488	0.3212011275712927	0.2571682587466893	0.09650202987870844
0.16518243455932746	0.1590827270476787	0.321812526933169	0.2578779949741848	0.09604431648563984
0.16285079792562834	0.15794229909052732	0.3249882792122095	0.257817252334419	0.09640137143721561
0.16724432755430657	0.1583560736325343	0.3224573643223812	0.2563783779939392	0.09556385649683852
0.1647280085208788	0.15731748742783647	0.32326453959747703	0.25783556651176087	0.09685439794204664
0.16827302769636565	0.15726036344541358	0.3225988429670662	0.2562509808129165	0.0956167850782379
0.16435618780355782	0.1578064193050622	0.325257695960268	0.2557824242689205	0.09679727266219124
0.1628183229505034	0.1603267810491777	0.32401541677972445	0.2572329090981461	0.09560657012244816
0.16193519071994522	0.16014357456048406	0.3230677152509307	0.2575184491394021	0.09733507032923777
0.1625109086933139	0.1600055265935681	0.324301073320166	0.25657516149045273	0.09660732990249911
0.16594500024698045	0.1575116578458202	0.3241360486938327	0.2556058374263623	0.09680145578700419
0.16630293650047856	0.15844268290760044	0.32105073866661005	0.25745027061917003	0.09675337130614069
0.16366427725882066	0.1584863005884885	0.3223652850516769	0.2581788701277936	0.09730526697322014
0.16408804904283075	0.16069642300416992	0.32348964281222603	0.2556635227682394	0.09606236237253374
0.16192387099155353	0.16110681286250225	0.32464546366031943	0.25586319327383056	0.09646065921179399
0.16212592474268334	0.16016555539348548	0.3237522458173753	0.2573852541348279	0.09657101991162786
0.1657700935054246	0.15721073249046102	0.3223701779252681	0.2581736040659792	0.09647539201286681
0.16534164414195204	0.15941287804378743	0.32066673856305866	0.2575278747576927	0.097050864493509
0.16186739361564934	0.15922795689046826	0.32465862331854156	0.2570016894807292	0.09724433669461147
0.16593739133030805	0.1571867362804368	0.32440389720161505	0.25683125365340276	0.09564072153423711
0.1668706325792941	0.15866040374999812	0.3216323210878461	0.25604134372070025	0.09679529886216112
0.16679315664298489	0.15708635580119476	0.32288836860930575	0.2558310419161931	0.09740107703032128
0.163777582671827	0.16050816960486314	0.3223848063434221	0.2573908309198296	0.09593861046005794
0.16708368268244486	0.16057485792187307	0.3204242730811045	0.2557433383272676	0.09617384798730981
0.16425681295334418	0.15763952392167152	0.3237571248249439	0.2571312946049138	0.09721524369512641
0.16290860591780715	0.16158957851026118	0.3211081489224351	0.2578183421572648	0.09657532449223158
0.164069652090397	0.15935764182612966	0.3237649615476611	0.25730097697158794	0.0955067675642241
0.1649509609886362	0.158704147255397	0.32220936209291484	0.2578211368462395	0.09631439281681228
0.16690484402371153	0.15835110915105577	0.3214660854255362	0.2577811321750025	0.09549682922469381
0.16827213572467292	0.15870313332962915	0.32055766698250365	0.2566039373594191	0.09586312660377491
0.1665665225993476	0.15692602223162871	0.322086407516999	0.2575846449250702	0.09683640272695423
0.1622187485051426	0.1621485728715932	0.32412347240248357	0.25586675427779015	0.09564245194299031
0.16294655062924057	0.1595815073104656	0.3242272556492114	0.25589058849035895	0.0973540979207233
0.1648592739090981	0.16062005890744874	0.32268879481279567	0.2559974100741308	0.09583446229652658
0.16774435972969554	0.15700276331293553	0.32154093336869055	0.25718667822221164	0.09652526536646655
0.16485653369399156	0.16118265331133685	0.3206698115569255	0.25710642579293264	0.09618457564481327
0.1665649136674094	0.15805014644839166	0.3222809085168593	0.2566426938660917	0.09646133750124775
0.16271401404178923	0.15930863199117898	0.32368456715524846	0.2577152345398795	0.09657755227190362
0.16447132556234503	0.16122379436943807	0.320343415063815	0.2578743447230414	0.09608712028136035
0.1652786947208209	0.1574320889454765	0.3245320183376709	0.2565983449392161	0.09615885305681536
0.16608059203745484	0.1597316276108281	0.32103235694659926	0.25644435544824995	0.09671106795686762
0.16418573280108548	0.15978248326571484	0.32331808703763404	0.25565252203435385	0.09706117486121155
0.16413615727888747	0.16054281268917384	0.3209984130587095	0.2574276871029183	0.09689492987031068
0.16659782592968048	0.15963548172495717	0.322183737450269	0.2560385904300475	0.09554436446504559
0.16351582399798154	0.15970259758314323	0.3231422432869402	0.2569797976125612	0.09665953751937367
