0.06005107593273259	0.05281327879849309	0.15642659433793676	0.06936797074381645	0.13878613895419975	0.03423176628099826	0.12942760886316101	0.07743412160004197	0.057164091000495916	0.22429735348812418
0.05259175504313278	0.06094021952347751	0.18851822564810664	0.07934551044138757	0.08068045326658602	0.04001042187542929	0.11478759513838267	0.08864801759636133	0.0554876512894078	0.23899015017772834
0.05922946548757725	0.04696303824200217	0.1997116111643072	0.013244327614854334	0.08310700449685576	0.15144119572712772	0.13246609516607089	0.06745795255510992	0.04996256674335464	0.19641674280274016
0.0577639474309771	0.057826546965382516	0.20297870254380404	0.11379933719046403	0.05324483228104948	0.024355752599842073	0.10682800047235869	0.07310860769294887	0.059180386631034504	0.25091388619213867
0.05779553995227512	0.04335802423038775	0.15329540045403	0.02283041240911725	0.1514087579283805	0.06127336731543671	0.16731163097968907	0.0882910024569497	0.053713974997871464	0.20072188927586246
0.06499629724797559	0.06331598593790502	0.14149863449631248	0.04700755424498157	0.164710504090946	0.04296810787550538	0.14861514742513146	0.07875574742214386	0.04362911385775942	0.2045029074013392
0.06336360749401167	0.04797115761551002	0.2105243649886626	0.022031989557938683	0.08716554709268093	0.08430776936662604	0.16326212946808658	0.06942295960848058	0.05677394581135405	0.1951765289966488
0.05916601841832313	0.052562606397837656	0.1361713476703662	0.04718754575530029	0.11605643296607676	0.08258677783500386	0.1469627438731123	0.07342148139714391	0.06106526388270213	0.2248197818041337
0.05297004757579314	0.050540477242099494	0.20098768367513678	0.09826395691043786	0.08235444454037441	0.03997825019737031	0.13842205957427672	0.08990017652532027	0.05215724500567248	0.1944256587535185
0.05739084126357702	0.048260974644808365	0.1431449866392029	0.00742452414101108	0.0941853312680804	0.11391872564111898	0.13507455068624014	0.08987842952944859	0.05327078069933017	0.2574508554871824
0.054284070901050765	0.04704749247322269	0.15812825846356088	0.003551064695154149	0.1714575254861444	0.09277697767822993	0.11998885840326556	0.07196698541787469	0.042795031386601304	0.23800373509489564
0.06170393382397815	0.04592461190178802	0.15089938067736053	0.021109674607082962	0.11008793142985918	0.1425214740751063	0.12115505957932815	0.07636335661732299	0.052984086101513325	0.2172504911866604
0.06198353484011259	0.045852861884431426	0.1644945210144525	0.07147580787628507	0.08459397547127455	0.06373694245824439	0.16714964841703056	0.0819649370970768	0.04983184953362772	0.20891592140746434
0.05265616793526443	0.051443069867803594	0.21254159088199642	0.009313747376230905	0.09634569491007107	0.08055154297184021	0.13997060037128195	0.07278246456161422	0.06192814126143566	0.22246697986246156
0.05154647522416721	0.051121196687191256	0.16193523845743704	0.12120600864373404	0.06433782593551451	0.09139025550274266	0.13277183552211716	0.07131157640905228	0.045638768284838864	0.20874081933320493
0.05431713892785177	0.05308100157798256	0.17530994297129726	0.08242478011403864	0.08427028283284246	0.02865607280885446	0.1372156658405247	0.08996507012457082	0.05060591377972277	0.24415413102231454
0.048872441497231585	0.046406164742622324	0.1666243024464633	0.03591899217217938	0.04410830899752204	0.19855920192039078	0.1412285062600556	0.06780294476036611	0.045424769812500515	0.2050543673906684
0.04711381160515698	0.05862478987174042	0.18359205869555398	0.04223992641437489	0.07838677753670929	0.06304748397864733	0.16043556784889856	0.06961917665973977	0.04928398276057047	0.24765642462860837
0.049523765928255276	0.06062688491974184	0.16232472652565033	0.02047284687243109	0.10544718059764689	0.16154693983966928	0.1169486102190787	0.0754158755837928	0.04131282798719775	0.20638034152653606
0.05872721562332802	0.06315736120646268	0.20052556333471977	0.03391280307003845	0.06966636168695091	0.10238508269818927	0.11947378619321215	0.082326748104936	0.04862039137137873	0.221204686710784
0.04940665630878671	0.047936981236854186	0.17518516613539833	0.048481920972405876	0.14763370023177472	0.037377709366730544	0.1082283327841338	0.07522233990278998	0.06148353866118483	0.24904365439994103
0.061383404573902706	0.05205818295194158	0.18000848659080243	0.04421077540715639	0.14184938862955718	0.06650068006332768	0.1278007176199511	0.08280684537461452	0.0564521230652483	0.1869293957234981
0.0606417702438675	0.04725150416768022	0.21121582552844437	0.033836320755847374	0.1272843542853071	0.06250929349044414	0.15705388492165478	0.06832287369589679	0.044964924199800464	0.18691924871105725
0.05377301856964295	0.06140329451576943	0.19759843081394335	0.06168593431920028	0.06934745187964941	0.07568891567520461	0.12614805603457038	0.08656531740791756	0.048995929447606425	0.21879365133649556
0.06167161109229577	0.04973788152264133	0.2056736623550722	0.08761341460435282	0.04268384544194012	0.0763285025619401	0.14138400719090943	0.08203509400135833	0.05033119314468752	0.20254078808480236
0.04631896001559801	0.04970022536970097	0.1995843713176686	0.01383570632128868	0.04486137979132423	0.16571335102934623	0.11134379900173738	0.07441479625400514	0.05691618854977659	0.23731122234955415
0.06366207561253322	0.06185667325361575	0.13763069083380264	0.015521759921497985	0.09480527469564283	0.14010672257002654	0.14133890169698185	0.07806794483343105	0.062019004482207964	0.20499095210026017
0.047025224552463246	0.04902101684561136	0.18903079320558752	0.11073352152743401	0.11697118114239974	0.04666380362053382	0.11711526031116434	0.06930370901012443	0.04598407457319104	0.2081514152114905
0.05598167877545268	0.058712091867958165	0.1625914620909456	0.03895462928742934	0.07496377981810788	0.11628206811605907	0.1320269468964615	0.08491414748233025	0.047184385123853353	0.22838881054140214
0.055309928914762406	0.05073196108850957	0.17262790498697345	0.03402027582063409	0.14075423961554012	0.0649388539186458	0.1074274156393154	0.07002081347486581	0.056266984719133065	0.2479016218216203
0.06210056307014375	0.061724593044074426	0.1654252029166628	0.06635700621019511	0.0585832958786115	0.07568694212966277	0.14623865621046783	0.07907615822956172	0.06156316684638974	0.22324441546423038
0.04721474709771784	0.05694672336050548	0.18425611532343653	0.06383008357389675	0.09951754196661113	0.0603404724918712	0.13046131545481593	0.08619474528849776	0.05150559797435049	0.21973265746829693
0.05954915105497984	0.05577125630113346	0.19719590022494687	0.022899700618566207	0.08251896410968043	0.12712596240080803	0.13903367256522992	0.08021575814392837	0.04196698166292797	0.1937226529177989
0.06436561657160207	0.04784713259808023	0.1613231066895778	0.059884459927195266	0.09100136090914322	0.10296542202514346	0.15791011439129637	0.07517735451096119	0.05292494668467276	0.18660048569232762
0.057290159712989605	0.05144809071081938	0.17814696303819927	0.08422895726050517	0.05270755444120557	0.03286238934482397	0.14914780641359848	0.07712242304684583	0.06160735847701299	0.2554382975539997
0.05532471918253941	0.053293648940424244	0.1948959289799696	0.08765496827683081	0.06690381682722336	0.02567925507461115	0.12976232487754844	0.0781088743691075	0.05219063846980499	0.2561858250019405
0.05437525701269839	0.061485220373183394	0.1795782676083869	0.06682856388642726	0.12794517469264916	0.02803901564928571	0.11837404484639016	0.08348006292620497	0.05035294282300817	0.22954145018176586
0.05753209618847104	0.05165728758459478	0.17802607889348054	0.024648299553084035	0.08933317687923871	0.14972467254440228	0.10640598767720555	0.08654989056444326	0.0562625775678808	0.19985993254719897
0.04832483383865488	0.04814882727909679	0.13503579740985067	0.10368002465822777	0.08574138329935646	0.12754849465414198	0.1383169744550149	0.08099953887132995	0.044113273049841376	0.18809085248448526
0.06121268595721816	0.0623667283882518	0.1768994532197875	0.021838494144711548	0.12332309167335946	0.05211269373230487	0.12533039921375308	0.07632221442560046	0.06236544098650019	0.2382287982585129
0.061385583937835594	0.05051925476477276	0.15003531533847853	0.0931768077150302	0.09739323771800512	0.08171409352539516	0.11154689620495535	0.07075072325539838	0.0531340100243267	0.23034407751580221
0.050577553264138625	0.04354141768777195	0.18441382657834055	0.07093327026491339	0.05442651042179619	0.08057214957446968	0.13344903178605677	0.09171795662123255	0.06076837592972428	0.22959990787155604
0.06548996693161711	0.06465887621267599	0.16080997079347903	0.03398578412334141	0.07210342820138059	0.14925881353893355	0.10904676716078884	0.0702986814299318	0.04368637412429198	0.23066133748355971
0.05603476506058145	0.06076689150945092	0.15857081388790611	0.04765872997903043	0.09266287287146788	0.09950830974594431	0.11085563805155092	0.08777019821231642	0.050163267977280664	0.23600851270447087
0.05953045743527357	0.04675504840645682	0.165763824902825	0.10095427037088092	0.0637313234132671	0.06795836458404218	0.1123994021150028	0.08194183612643599	0.049610040969300565	0.25135543167651503
0.049828573546032214	0.05694133249027332	0.15183329688008235	0.048413886138018454	0.09401088272415696	0.12081650042661095	0.1176724618306001	0.0678957341489729	0.051258848761776506	0.2413284830534762
0.046583802567824906	0.05066689101523954	0.21182423483205373	0.05458662997661792	0.06670197816943346	0.03912400129490465	0.1637153225359529	0.086952146911474	0.055425797049016734	0.22441919564748214
0.04695171523855885	0.05376751405178848	0.1841255968237403	0.03635747418402717	0.10783549592982448	0.04312853425226976	0.12622720374168928	0.08670759547072956	0.06040164937663052	0.2544972209307416
0.062005710331038126	0.05934515059881851	0.16996125667347878	0.11109384443380324	0.039089086740655615	0.052180606165723016	0.1314890639260849	0.0881117634315699	0.054555507014879254	0.2321680106839486
0.06441629297360499	0.04950745714821236	0.14484014719455618	0.06976342544027221	0.040447688864396446	0.1638459592373382	0.11401917136411976	0.06977435903637805	0.06041511392709865	0.22297038481402315
0.050244496027966185	0.05058617349398848	0.17786976056970105	0.11599129338299033	0.09505236985251304	0.02567849898603597	0.1471689202680183	0.0878510107287772	0.04786689021188021	0.20169058647812932
0.05417637061626687	0.045517141264593566	0.13077939179329323	0.15910285711433264	0.1122518792352974	0.03320778204832482	0.1321819585225506	0.0791708468532643	0.058130441648159455	0.19548133090391706
0.05635318705362527	0.04502473166744776	0.16484728220946712	0.05991525864472453	0.05339867401990429	0.09222517991834282	0.16051068710165944	0.07321824075920041	0.05482076474267809	0.23968599388295025
0.05138057467680302	0.05305528353123529	0.16919795893882872	0.04540085846936223	0.056519860892785934	0.10710233749836363	0.15640278071322627	0.07772544918977176	0.04353468568068501	0.2396802104089381
0.05547645881518835	0.052976401884241436	0.21209943320381688	0.025417648942453283	0.08812884728826359	0.08873498936848816	0.14079499671736026	0.07066419332080473	0.052331512148780374	0.21337551831060292
0.06333898234654994	0.04678821921881521	0.14458752189599097	0.1663979393076591	0.053296113041687174	0.06624975938351843	0.11875903450059937	0.0755483951587529	0.05730411767094303	0.20772991747548386
0.05729141688357849	0.053335041819189036	0.1826509247671249	0.05641041457164944	0.09020132133872896	0.038355767752810646	0.1523942860498022	0.08317765555621903	0.05902988944265937	0.2271532818182379
0.04783458111385214	0.062469597823053155	0.21392402545817815	0.022557228730507695	0.07524747042768276	0.08575218820543731	0.10593597037416513	0.09070841709561873	0.047119155751561906	0.24845136501994303
0.062062642569871096	0.05082097429513827	0.20421575231070982	0.006701878762169336	0.10865815096569878	0.08980750806715591	0.10947360774660966	0.06768286835794429	0.05364447383740122	0.24693214308730155
0.05807624596784608	0.05439042547637113	0.19482713388548759	0.04532343491485752	0.14852038270198414	0.03494003476625074	0.13485108199935256	0.08951102846486092	0.048682326538341605	0.19087790528464768
0.04619104657398605	0.04838276346888484	0.17328143246472266	0.09765330515319175	0.060888945671335154	0.0247306462487802	0.1655110968851633	0.08119244457709142	0.057295555611362806	0.24487276334548186
0.05947297316319681	0.058994721589328836	0.2143453296508645	0.01394288516296495	0.04455026263537458	0.12223942302088571	0.14137772394220607	0.08894708264354517	0.06299515293603912	0.1931344452555943
0.046884277041223554	0.055065880829791206	0.14758774209327946	0.046034350226604265	0.12076476337259956	0.06933360418141746	0.1413384415779483	0.09075640274056715	0.059952442810079415	0.2222820951264896
0.06059718243343643	0.04861026993532109	0.13087114326508179	0.03695634575926347	0.07979004740183035	0.17295254587653958	0.1052944204728519	0.09242207779742087	0.06350741326360604	0.20899855379464843
0.04702468422536836	0.057734163127352585	0.18177726181808307	0.10620617821573534	0.10687798768032507	0.03016017316168723	0.12240387490706942	0.0798965165601006	0.047121847131349565	0.22079731317292875
0.05288842249810456	0.05572636464591457	0.19332834531950194	0.039084352662311264	0.10458941187207786	0.1308656892115855	0.1243511841040407	0.06706583295462362	0.04531185843731464	0.1867885382945253
0.06372987306599498	0.06202546203488197	0.1432312609647635	0.07767629945234449	0.1514793956959677	0.054514779613349086	0.10675625582113367	0.08843968950582755	0.05548065949349878	0.1966663243522383
0.04884906011149147	0.05126756648050727	0.16972781961757044	0.16636415162043405	0.07198765793465708	0.052879537613630234	0.11919973549942735	0.0673828750220872	0.047382790512043874	0.20495880558815105
0.051745126286090626	0.0477205119159415	0.20715280404207362	0.033051349843197866	0.12376431058488876	0.041149549856333484	0.1451358691595085	0.08265034993207729	0.06215727321176881	0.20547285516811956
0.05232509558989602	0.059531077277464026	0.18387517232920847	0.005693620070360866	0.07775138057779007	0.1820408553161172	0.110691510816539	0.082300260945842	0.05041990814757205	0.19537111892921027
0.051185177886533956	0.05776463782908457	0.15940819896125363	0.07083830516742759	0.049369102283796665	0.08009422094260238	0.16165425449892684	0.07063710092527993	0.04755163222053344	0.25149736928456096
0.05821226824943666	0.05927868538433915	0.20287552819105092	0.057543020078020056	0.041013887686895935	0.08451646047656003	0.1350010055878319	0.09048029804824019	0.060222061828149265	0.21085678446947584
0.04763621073861084	0.04434639162014122	0.17292356318302382	0.05448109845473194	0.16314344492926014	0.07219231537957473	0.12325134835124477	0.06729277022018405	0.04982053072871701	0.20491232639451143
0.0486464661727805	0.05999278393075953	0.1841338381181676	0.11728479450685154	0.05436868150888451	0.05593382585031113	0.12813202722886474	0.06810008296309254	0.04974756387298969	0.23365993584729822
0.05329047747836599	0.05888797903169638	0.19134976581495744	0.03599562920409362	0.048285583561751555	0.1027320611077044	0.16759823927940276	0.07856130548127327	0.06102116728371436	0.20227779175704025
0.057965867680827975	0.06326517288513833	0.21544231971167793	0.07086846216718848	0.052569578757126145	0.06694602948072913	0.12336642026897138	0.08962961864241951	0.05310526064589086	0.20684126976003026
0.05289974477672873	0.06457178240300279	0.19232332218054563	0.010502075858836751	0.07432429406479743	0.10592683414824774	0.11617015654573241	0.06922085895839168	0.05931334049511661	0.2547475905686002
0.053955808557554163	0.04777757691998423	0.17675578526191196	0.03837520796230383	0.16117732075583796	0.032026388250205526	0.11764169798343063	0.07243526477503047	0.06006505638896312	0.2397898931447781
0.05249136344118102	0.0583312409876132	0.17620065402438168	0.11704811090397657	0.06764781732568433	0.03375553100807764	0.11708316636835366	0.08525247049668853	0.06075876200693164	0.2314308834371117
0.054028791514643154	0.0512096932140578	0.18397786183983617	0.009081615482176258	0.06840669372874571	0.16150001035851036	0.13956111457034484	0.07430239779077531	0.05408766135755728	0.2038441601433531
0.04617995724067464	0.06431666208146664	0.14260486620040985	0.08310653655575387	0.1080994456151427	0.09092037694822114	0.1256955966325266	0.06597171804507632	0.060785691988081945	0.2123191486926463
0.05970176838135328	0.045037403087104785	0.13447376117155377	0.10498760019952905	0.15331305031992085	0.029357787928793275	0.15413918542337487	0.07056759911481608	0.061117472640175655	0.1873043717333784
0.05924313412734448	0.051670976652599586	0.13037507759375483	0.0382650511153819	0.12960988754415126	0.14100883995625121	0.10509487227029266	0.07487725901741257	0.0581034539357713	0.2117514477870402
0.063852397581432	0.051193071819146424	0.17977218818032287	0.06356798985079148	0.10112649427939915	0.07611853671207088	0.10582623109187964	0.06714133175725412	0.044513291232516655	0.24688846749518678
0.06156153217639213	0.04338849590462888	0.19946165820849618	0.015579159683155125	0.11641583470681724	0.14298020466661787	0.11711029878785742	0.07352222469342695	0.041156286450603353	0.18882430472200482
0.048961161227033666	0.05456223313762312	0.1587088099220096	0.042715002687557624	0.12484660082760729	0.10028767583278583	0.12072504567110592	0.08611063068223572	0.0590577017401199	0.20402513827192126
0.055325261967674344	0.04836566508801079	0.17125434740429035	0.028087552779012634	0.09283042615171619	0.13228165235588368	0.1295234284113984	0.07443570123580319	0.047779901241488724	0.22011606336472173
0.06323881419489194	0.06160454285664269	0.14429570025384858	0.11093632966632426	0.04095659940806496	0.0976686547800412	0.12215829620214352	0.07985028888698964	0.062228758373120106	0.21706201537793302
0.06048110583799601	0.05055817858530719	0.15175459626285573	0.08791002354050119	0.09374311236001076	0.027614189663989097	0.13414689581677852	0.09125162520374541	0.05750266931795286	0.24503760341086323
0.058170780644917874	0.04406123146483062	0.1683178866860684	0.13787911336348055	0.07038249088906065	0.05002333014242149	0.12617330405918503	0.07626589097813632	0.053891132907726326	0.21483483886417276
0.06585791928595233	0.06381111466023447	0.16802170682437795	0.12562149563527913	0.06230875161658948	0.024907922035853722	0.15903556757341153	0.06908989807987964	0.045936673492970384	0.2154089507954513
0.056186474028768	0.05539667690173347	0.14220453174019948	0.12944918427051894	0.07666350535458295	0.04149977176615399	0.13055535343869626	0.07976327760965804	0.04955093827455369	0.23873028661513518
0.0505778640995755	0.06251218293636916	0.13555407131014913	0.09796286049711651	0.14388833116060507	0.03998590797291527	0.1543091496033862	0.06952469925592616	0.04340962870835857	0.2022753044555984
0.05942800537419026	0.05283222275863944	0.1833964961072192	0.08657711979618318	0.07318975587397261	0.07918068552109209	0.11042344875018466	0.07517962586733715	0.06000271500426459	0.21978992494691685
0.046862515861531416	0.05504600658591378	0.1725950847981757	0.15410418495330774	0.08705557291260499	0.03197830870073411	0.1328510577937066	0.06872198556269864	0.05705777913162014	0.19372750369970687
0.06570483309923392	0.04639835504285006	0.13115094281987286	0.06813010857959931	0.09627878038866158	0.053543418160314764	0.1521439189035643	0.07848091194153514	0.05570364348217747	0.2524650875821906
0.06319698616436176	0.06398635897850258	0.1952776688764063	0.06841208225757682	0.06284326047488521	0.052679931409074406	0.15482076193266003	0.09072478868385249	0.05942971151679951	0.1886284497058809
0.04929863430750623	0.05778885351063631	0.1530184340696736	0.052008375280099495	0.13784072973985806	0.049785898661595995	0.1430943763855509	0.08635565761518878	0.048685327917012994	0.2221237125128776
0.0646559683435176	0.04497458684984612	0.21380311181693556	0.007578989199225075	0.08820177932711877	0.0752751882700823	0.11489673532074819	0.07305328800733493	0.06335346771745082	0.25420688514774065
0.05353312657440884	0.05157018552625478	0.1513137399370101	0.06114187059916523	0.05847322630834989	0.09606528914676049	0.16514955844895873	0.08421876396018524	0.05920658606479075	0.21932765343411592
0.05871337381184225	0.04775642669101694	0.1854100790025474	0.060781653716087035	0.07667643947018785	0.030500928361341342	0.1646454258547121	0.06959016681956179	0.05442717062963637	0.2514983356430669
0.062280197523746174	0.04501063113217758	0.17467013671837023	0.09380885553381617	0.10598383678615911	0.028793937691992164	0.12264232180783863	0.0693373530447505	0.054291642084683595	0.24318108767646585
0.05746543019986767	0.04461382908817843	0.1672247980677929	0.04604562596443925	0.04496365294971427	0.1759115471089916	0.12994956807426844	0.08480662310806841	0.05375629438257874	0.19526263105610026
0.04915881046969952	0.043333595680227155	0.17720031962016441	0.11049806526910896	0.07930509815394375	0.03622966271479473	0.14574055388006116	0.0759934762832493	0.044684398533235026	0.23785601939551598
0.057530246973194685	0.045988969819347095	0.13212794678921214	0.16170860752950192	0.05604952924893604	0.09477978328613945	0.13630408496187493	0.07151819879052655	0.055925024199757714	0.1880676084015095
0.05072378085729529	0.045504814609962474	0.16918064681724487	0.07388439449038112	0.10313666501500661	0.060816285105897136	0.12051978594701936	0.07998059421875815	0.06182163039403002	0.23443140254440498
0.048393662233074224	0.0445325896197608	0.13500769334674093	0.07028628062184561	0.0764581088590498	0.16671671669888688	0.1398875258201146	0.06853473284114284	0.05658432979667251	0.1935983601627118
0.055960721647143975	0.045514340919384846	0.17232217541223943	0.1243923827655937	0.04731699823986557	0.09855657159130349	0.13341365021091517	0.07332722598228783	0.052286745603565	0.196909187627701
0.06282099296503614	0.05459800491736956	0.14593289675169407	0.019823051654479104	0.15940105808637517	0.10043023519480544	0.1182353246941929	0.08836534090980698	0.05666392791120207	0.19372916691503855
0.05190704954635972	0.04713146153942771	0.14847091336574142	0.014804439785203474	0.08388184376173395	0.1813159135655556	0.15724086312531865	0.06617005514023278	0.055469860280160904	0.19360759989026577
0.04792960976866258	0.04853938003572408	0.17949917603811738	0.06473488739057438	0.08118796610372851	0.036991815169212655	0.1678023837563385	0.09106724375810771	0.05460189110016487	0.22764564687936933
0.06445399211293541	0.05817605478025582	0.14529553050736094	0.030828066476170188	0.07134492804510312	0.15974626984121043	0.13280517607392311	0.08667467801202726	0.05226656381594773	0.19840874033506598
0.0559785759423216	0.06276253783810966	0.13812514719260552	0.053338267840771524	0.04186573365436646	0.12152846723968985	0.13259551550161036	0.089947421203909	0.054517900957458384	0.24934043262915762
0.060498783977478106	0.04719957535277396	0.16934448464828533	0.007594539026246114	0.09918811955495968	0.08269301256178858	0.16175174046481092	0.07645801529862128	0.0427291379686575	0.25254259114637845
0.058101200308634866	0.054695409442580376	0.16224877533573845	0.05414314433831143	0.1749680656169746	0.026621971813071965	0.13195816859507495	0.08858917444268657	0.0572031956259893	0.19147089448093751
0.06028183694620342	0.06434989124147117	0.18126787722873441	0.04686330903499226	0.1134748342379834	0.04622008251018972	0.11612595135756566	0.086600683494106	0.06323725648321786	0.2215782774655361
0.04656654814670219	0.04694760574094477	0.1328281001755457	0.04303677018509156	0.13581527964830292	0.072770006533925	0.14878455925948217	0.07971610065793995	0.042869187414506744	0.250665842237559
0.05994525791251008	0.0640467205515664	0.1347780283025894	0.08534468458629807	0.06332047734080459	0.10281408098065496	0.16516488428705695	0.0739992885337959	0.04941121073379042	0.20117536677093323
0.05207490991260214	0.05312993569248033	0.14552885711227329	0.13164309239830355	0.07718980099088038	0.048091482243470915	0.1093608827787946	0.08711476229246626	0.05325746313034693	0.2426088134483816
0.06029974159896824	0.052107797492162725	0.20332295458100147	0.09431083240038515	0.0435552606991995	0.03862056049058962	0.1424163530901783	0.08080489388817359	0.06054238889667918	0.2240192168626622
0.051219563618222455	0.04779342055720048	0.21170572598112508	0.060524366560717	0.06450218756487508	0.05163963137641177	0.1393191738406772	0.08781435193667225	0.05871629948012766	0.22676527908397098
0.06245300789740985	0.04486497784101149	0.15894196476737912	0.11264499884831461	0.08642891490818239	0.07729341918837529	0.1130827916083123	0.08179493998527115	0.04995472485269762	0.21254026010304616
0.05499522561767584	0.05366627834163478	0.17575690148209716	0.13965929760497653	0.09135933083688866	0.03422316515390214	0.14534076744971527	0.06797353763667063	0.044927689413177894	0.19209780646326108
0.061296707631136614	0.051551276936520736	0.1973247714333617	0.04630150091019518	0.10653661892852521	0.09453245022034955	0.12569575307273778	0.08626707413973195	0.041563119046950474	0.18893072768049082
0.0508642212166364	0.056730204954844626	0.20313932148539937	0.04421777839193846	0.10654006589911381	0.07822850358894476	0.12800312531486768	0.08993882356915035	0.04937818318506074	0.1929597723940438
0.05229495224608456	0.058614024146587985	0.13372422851211047	0.03675148400263535	0.10330532948185966	0.041720680305890705	0.16692079091636555	0.09028746909110133	0.0631945628820517	0.25318647841531267
0.047879557689259805	0.060427372206004235	0.1643419173351478	0.013621812606331357	0.12223972768893866	0.15321269292981976	0.11258041896135917	0.08399025437532164	0.043371468189346965	0.1983347780184706
0.0462485106527019	0.04428846088118645	0.17100259067624224	0.0071527433994509615	0.16384942162767235	0.08926269045664276	0.13481309496696908	0.08330818585812606	0.04378865342099148	0.21628564806001677
0.05661821867484724	0.06325140002989776	0.14083469044160188	0.08295745596766363	0.07823657738017933	0.0862393334666861	0.1538641873790077	0.067732051866919	0.05001378930043845	0.22025229549275888
0.05073584191123327	0.04960749431342007	0.19431322894700995	0.015226515621182601	0.15020243879756984	0.055319021379234896	0.10632901577434999	0.08458009122959448	0.05983738691313561	0.2338489651132693
0.05033960849496466	0.05663970909870954	0.2136850925294585	0.04104041170314079	0.08220399945108987	0.05396776180497303	0.11659085701904787	0.07947170007735575	0.06058055816575353	0.24548030165550644
0.04841852182776072	0.0643550554815133	0.1335609178780209	0.07297781462442235	0.07169375074738385	0.13441448132470873	0.15253275593542914	0.0678354517461777	0.05576383935200048	0.1984474110825828
0.046969442809114255	0.06069343186066979	0.18790766765147965	0.010848922937279834	0.07551277704525358	0.15240618580471332	0.13580887305206002	0.08898966812732237	0.053269831048291146	0.18759319966381605
0.04667395126645334	0.06065235217364914	0.13951483970996215	0.05781860365008373	0.04639545705210156	0.123666228240918	0.16564303750535278	0.09128848098420475	0.0537928911727682	0.21455415824450633
0.05568695305596183	0.04988981350540394	0.1316437100509601	0.09562366789850676	0.041410021491574835	0.12716457482459237	0.13551972375470928	0.08861021774063664	0.058760690870349505	0.21569062680730477
0.055499132075440515	0.05676047380628307	0.1303629056004223	0.0689214815991966	0.16165786985509273	0.08980608441239504	0.11792868239948397	0.08087162900516151	0.04217939780167726	0.19601234344484697
0.06433944761434175	0.05616712516082984	0.14058918413177934	0.1174444172662595	0.08113754915248889	0.06238393799403225	0.15354403677050973	0.06862795611122646	0.06197585178250902	0.19379049401602322
0.05694367641785341	0.04570785349731645	0.1771982330175088	0.054532791349166346	0.04528597966572393	0.16085818545419098	0.12377437198930732	0.07232233153237835	0.06191349281483367	0.20146308426172072
0.05389702767559676	0.05341171502584706	0.13538025790020325	0.08618095954173378	0.039867408374551654	0.18101241010690694	0.13421426799847425	0.08516774917924637	0.04442006143291281	0.18644814276452715
0.050172289016733915	0.054028615537447366	0.14567835590455186	0.0036306842503370657	0.11307925138293913	0.13924596922980564	0.1297058478961848	0.08141308568264308	0.04702854925227995	0.23601735184707723
0.05629815729952219	0.054616730847298345	0.17682358227903144	0.07614294985443708	0.08346305840467687	0.05082686373109512	0.1616166215854526	0.06984917225033371	0.044620852149593535	0.2257420115985591
0.06481343878877452	0.05980190340984294	0.15877218891661646	0.0947248036217714	0.09470052101615707	0.05753811067347159	0.1280159005068339	0.08948428011187061	0.06221386231936838	0.18993499063529312
0.060053489788830905	0.06425347712392634	0.1837794271510752	0.050954795670082535	0.04126120358349349	0.15673520058667734	0.10528827707335685	0.07190236267866665	0.05079805496966263	0.21497371137422805
0.06448978630263455	0.04974368718470564	0.14363650791142074	0.1056260535948857	0.0922276868754397	0.06724783970543091	0.15376437364248652	0.0670880015800383	0.04205382132848902	0.21412224187446888
0.06307643481038039	0.04380563731249386	0.1448615484234723	0.049479739545268894	0.09665638755992989	0.11598168311400943	0.1353371687833821	0.07600912514819796	0.05264167626917149	0.22215059903369366
0.0632825439693169	0.04749122085127142	0.1346813523253329	0.03805933996634706	0.05846226659498462	0.1991633199696795	0.12262471843420823	0.08786018097824806	0.060683897944739155	0.18769115896587213
0.04709080896456924	0.044336172525487376	0.2069071320614188	0.04969213067338419	0.0706374910857098	0.08259425605299017	0.11741317523759282	0.07686536906786365	0.04816583570660962	0.2562976286243744
0.05666984784305705	0.050424254612656615	0.15323006491788738	0.04139593209423479	0.10690470105558557	0.09513617335742182	0.1334880942392822	0.09004957326781887	0.06331715686261646	0.20938420174943922
0.05641323757098232	0.06445743103102514	0.18040917261661446	0.0326567614893718	0.05515008129111515	0.12009533011204679	0.16653248911229956	0.07479480203358346	0.055040581631233154	0.19445011311172816
0.046784000156670835	0.06426500513830471	0.14570524750108235	0.11239707513634245	0.06878458726111528	0.05438966227409753	0.1594162821988864	0.07258305157539717	0.044634294697238605	0.23104079406086464
0.06556200997167534	0.05945149356245452	0.14907825100791894	0.07422628500300885	0.07202092050379674	0.07857096919663374	0.15278603771658478	0.07522543154717638	0.043713712581703784	0.22936488890904688
0.05565137683378222	0.06252349374754425	0.1783036494011931	0.0253937830734922	0.10646104197606954	0.07115994045944332	0.12950473299297716	0.08046208212047821	0.04811491308522636	0.24242498630979364
0.049570179259370496	0.06159258649950319	0.16148954472636617	0.13483956709304346	0.04484013153187814	0.03487373060308124	0.14285269351687324	0.06964189421632641	0.06364931691755574	0.2366503556360019
0.047683584376722106	0.05637257590446204	0.1591178776010858	0.08434745084906	0.12164949620391925	0.0808628295547329	0.11295327613692699	0.07435978307930545	0.04220708016132884	0.22044604613245666
0.05670078317554423	0.05063385363987734	0.1372071939072844	0.12411050026503945	0.12574791811538477	0.09482466085053817	0.1050955310515038	0.0699259241525378	0.048416237168535964	0.1873373976737541
0.06556825732440133	0.06455632978768011	0.1441616638662096	0.0851022299743402	0.08638911175820285	0.09398793981989717	0.1318944596895984	0.06869046653337324	0.04657960350583884	0.2130699377404582
0.05134480795423645	0.05894607030752512	0.13699624786116615	0.07393887069864866	0.09135801338828754	0.0818877082982908	0.15945859359873152	0.0770420876824168	0.04918443055631823	0.21984316965437875
0.06450386898287176	0.05765222618951104	0.14470925136882937	0.07388726622390474	0.059090839609491304	0.0827186804086775	0.14891635460358776	0.07389355790437435	0.0533165777319188	0.24131137697683336
0.04853007049287122	0.044464726401335676	0.15623176854375181	0.029033904474152522	0.08479366309374825	0.14868044568110578	0.14556820407000443	0.08656636760521748	0.06138967602635219	0.19474117361146068
0.049976080596066313	0.06335827380366936	0.16672973858462892	0.019257135555283703	0.04669369805937232	0.1966287762306836	0.10733558066032559	0.07540164416343241	0.0552516129531964	0.21936745939334135
0.05324556752630232	0.04706503384346692	0.1440500577155018	0.07160544869449814	0.1545938074328177	0.09730454105834982	0.12583867204391702	0.06730130477524587	0.04144501115107147	0.1975505557588289
0.051100692335761304	0.04415079348915771	0.20266444125574581	0.0383934425635156	0.10732359656649423	0.061997891368232125	0.13708646393615137	0.09060514639371818	0.060976430517998975	0.2057011015732247
0.04619658061952957	0.060104552416354845	0.16482049558949335	0.04730462949729136	0.1433241294110878	0.07577456155684052	0.11846263633956221	0.08943271875179197	0.05397512323923933	0.20060457257880904
0.06596998062338065	0.06229735799180921	0.13772018920918166	0.08768823785086703	0.1408743522787395	0.06834306814529957	0.11937096121947839	0.07348138173301494	0.05429759332888766	0.18995687761934138
0.05699218796693929	0.04546494667777856	0.19070289963989134	0.03808572586991982	0.11668049804603807	0.07680895609024249	0.1426466085602766	0.07672090389623389	0.04712577229811499	0.20877150095456493
0.046998371885706935	0.0513835726250127	0.1980639041411124	0.12373601863731307	0.07027316420857985	0.06454559828067859	0.11286212733766511	0.09104385816323	0.04318580830309394	0.19790757641760742
0.05588587900386786	0.06349141945781334	0.15558727544527837	0.016427566539547953	0.11758547652044211	0.14081336433296865	0.12752850590128958	0.06622842668419948	0.06225199975142196	0.19420008636317065
0.06287390197939177	0.05306865703029624	0.1601425085781894	0.03761839347843462	0.14150274844721067	0.0388980788229409	0.14754052972904247	0.06699523524347029	0.04872596119969204	0.24263398549133158
0.05531919147795192	0.044687132516335076	0.1778206258447294	0.15889655146177367	0.04592017967466737	0.049484392929034796	0.11357386974157516	0.0667726787337539	0.053507191345015054	0.2340181862751637
0.06581284771474723	0.05225196192354355	0.16804760142057523	0.07143723646129496	0.0811684212955566	0.07264183057131332	0.11166089235449783	0.08694185105810576	0.061876630781107826	0.22816072641925766
0.05663524402215767	0.05717223804492057	0.16692227543980528	0.06649555517101816	0.0724587874822615	0.12392814885582498	0.1370352141122734	0.06848299199173499	0.06108907568188018	0.18978046919812325
0.055753253347874586	0.044867872311821815	0.18954125018252738	0.06261066585712866	0.08232077305410253	0.03199200285417987	0.1569964988256402	0.07497054139110139	0.05476951041019183	0.24617763176543178
0.06390397273487418	0.05671860808411436	0.20019497776990816	0.06674051999532102	0.04852413560148676	0.07655587172648627	0.14223929540251878	0.08677137360382017	0.055348733495251545	0.20300251158621868
0.04836979259105373	0.048074149983635794	0.18082772471281705	0.027464824493208972	0.08618781435659378	0.10278297121571434	0.12227839602688599	0.07804376624582085	0.05848226882725214	0.2474882915470173
0.0587717332959801	0.06294590890837057	0.17474755121859087	0.016309372361981836	0.09496336674511809	0.10929608292740511	0.13673086949256738	0.08906373857760128	0.04962188029107388	0.2075494961813109
0.06347492084364509	0.044918697712983874	0.1922271433174953	0.015412063606390233	0.17123133663105145	0.044079652500949335	0.10900999915811074	0.07468318148839666	0.0509348527330002	0.23402815200797705
0.06167714813206533	0.062276370269883856	0.17115211608877423	0.013727458526605507	0.17361536012242074	0.034435178749280496	0.13711187765429722	0.07448534484962194	0.05540952949853016	0.21610961610852045
0.05215779183435636	0.04457862503444804	0.17850031924634838	0.017625660257447703	0.0422916869955441	0.15148282978293906	0.13112789167523659	0.08719099374596308	0.04454381367867029	0.2505003877490464
0.05136212251762216	0.057501245417282514	0.16668125055423672	0.07756602455796614	0.04195217640626446	0.11733227108459274	0.10598342990475869	0.09185256238728587	0.060575752420220494	0.2291931647497702
0.05043568556348761	0.05819161826356821	0.1451971337440533	0.11439180742173619	0.058859910936812976	0.07363577520515369	0.11728780433268665	0.07077779455345116	0.05761200199489979	0.25361046798415043
0.04753006509636655	0.052830460077343	0.2041126265975283	0.020932183312943928	0.054939551878239005	0.13404049984416996	0.119794877017841	0.06957214971314911	0.04185281849155379	0.25439476797086535
0.06519978506884523	0.0532541414775063	0.1780935525452111	0.15660599830010602	0.03944639070032696	0.03708101814139278	0.11295516912285497	0.08989978381943528	0.05739910564219182	0.21006505518212953
0.051762016198814584	0.057496793715179226	0.14808796101867397	0.023800761794097472	0.08718147866750176	0.13923528237800564	0.13616955822035703	0.07458259922801233	0.06190522024651324	0.21977832853284474
0.059947456094052734	0.043474341761680066	0.17675564901954335	0.0172573312442037	0.14924198190125856	0.07711921839578503	0.12371680331365452	0.08083682892598985	0.06088148228389442	0.21076890705993775
0.0510014578598007	0.05466958825884094	0.1835734945765015	0.12053859231448319	0.10821762783782704	0.04584630619316224	0.10634025440374706	0.07010893277408042	0.06317187650954503	0.19653186927201188
0.049524410331507354	0.04818135838790895	0.18110348430698575	0.009988849530132876	0.07809805081044671	0.1484693740268164	0.15550389873477904	0.08313641292299812	0.044666251710547236	0.20132790923787758
0.058313394563420204	0.059578635188029666	0.20829326335526271	0.04192170349151062	0.06284651070913172	0.05937864832101258	0.1491497563286867	0.07209700852745873	0.04363005988960378	0.24479101962588323
0.05116795190615668	0.058639968323788996	0.21515401118081695	0.04261998832939381	0.08519454079840272	0.033237720493050654	0.1393190517213613	0.07727968892093917	0.04461771347314159	0.25276936485294815
0.06365000266973009	0.05729782105825621	0.15529021021191314	0.05408237036880682	0.0507948784814336	0.09969326949058024	0.1512904874529989	0.08826798239813684	0.058492293021088874	0.22114068484705524
0.06285300776971257	0.05390156955307941	0.1874117645847319	0.058366451180337627	0.07570465838735371	0.06696656349139174	0.10574384115462283	0.0865324877625126	0.06286339234289877	0.2396562637733588
0.04811096891466392	0.04907089757388783	0.14590442990017374	0.006685287716096139	0.07959139684615886	0.16724865358223653	0.13993429180369124	0.07369516408240728	0.06238475084894064	0.22737415873174377
0.04993089774200237	0.051346089250007984	0.14098286043728578	0.019101237306404145	0.1500655077804941	0.173466684948706	0.11011745276951007	0.06808793061670007	0.050158750987532585	0.1867425881613569
0.04840219493626301	0.05914903149236411	0.1674972560032018	0.02039660134006628	0.09290331701571922	0.13503180526438952	0.11024873188249637	0.08626704879098458	0.04361458522632945	0.23648942804818568
0.058383124561103075	0.061023219442055285	0.15137706472635534	0.05714542202077146	0.14741456806550793	0.08285342059461717	0.10666362996247158	0.07179771192419844	0.04456189958851565	0.21877993911440402
0.06076541873460427	0.057949938600613524	0.21372831971959133	0.01161125376884918	0.09910297270298049	0.06173247354053553	0.10979298412941614	0.07078403255400412	0.05841073340051621	0.25612187284888915
0.05454743892111137	0.05010992846190413	0.1789747736234171	0.1254873871942846	0.0906114775778115	0.039657875488398255	0.10775988459868895	0.07919642784269187	0.042607454739720343	0.23104735155197192
0.04822681069603137	0.04910269338854972	0.18648285916012747	0.020766568103750382	0.10523165163940777	0.10633939524664095	0.11172349103933694	0.08814360795527093	0.05470148007473419	0.2292814426961503
0.054499489515333815	0.06081654801245104	0.13067376620457466	0.11060744049356977	0.13287422882860006	0.04128296138296485	0.12240967444360104	0.06815052286514126	0.04347388880560365	0.2352114794481598
0.06004369793948048	0.0562102302730747	0.13987483954033098	0.12415681834596505	0.04258304613781652	0.07954327281954039	0.1384584202563997	0.08194776455970419	0.05894202895445074	0.21823988117323723
0.06556584410377532	0.04699060764717909	0.13412590988374967	0.031721820371061055	0.07310754282026964	0.16454940992802275	0.15654459479333938	0.08171640942001945	0.051630594638789426	0.19404726639379416
