0.46295936622102296	0.25170285648926694	0.2853377772897102
0.46462938128862585	0.25994653025945447	0.2754240884519198
0.4651901072063381	0.24985252191632	0.284957370877342
0.4641260739734189	0.2597803033511479	0.27609362267543336
0.4678257924693744	0.2568004155504873	0.2753737919801384
0.46380353352508147	0.25186811181565266	0.284328354659266
0.46420026266772396	0.2563698988468166	0.27942983848545955
0.46364112376337235	0.2594420263841965	0.27691684985243126
0.4654247081239593	0.25326217097060555	0.2813131209054353
0.46234129288454257	0.2577561217528086	0.27990258536264895
0.46259561251892944	0.25729644924274253	0.2801079382383281
0.46154631130932666	0.25900896762613834	0.2794447210645351
0.4678417749523026	0.25594318329912813	0.2762150417485694
0.4675240256636853	0.25200249869428165	0.2804734756420332
0.46101407345793044	0.2603245416806869	0.2786613848613827
0.46732213685121476	0.25699883387099204	0.2756790292777933
0.4657973309422948	0.2548963338141799	0.2793063352435254
0.46138384494345824	0.25916780007822465	0.2794483549783172
0.46580375451680966	0.25268250571401796	0.2815137397691725
0.4632200493836761	0.25384822956513564	0.28293172105118836
0.4629321247743209	0.2553717716623364	0.2816961035633428
0.4611670535770171	0.2530215617073154	0.28581138471566764
0.4658449547091996	0.25190603877091944	0.2822490065198811
0.4652800792559043	0.2504658669741371	0.2842540537699587
0.4653899908579621	0.25903302635343295	0.27557698278860504
0.46125037576342437	0.2567418225286058	0.28200780170796996
0.46781856867429406	0.2533871178679336	0.27879431345777245
0.4616920406064094	0.25837496102386714	0.2799329983697236
0.46603876845608044	0.256636364362511	0.2773248671814086
0.4640464496164787	0.2603444931652332	0.2756090572182882
0.46159449749936987	0.2589648800628225	0.2794406224378078
0.4613245186249647	0.2561361158884579	0.28253936548657754
0.46282381621311214	0.25218138457218975	0.2849947992146982
0.4611112550059156	0.2575657852748996	0.28132295971918486
0.4675720204976459	0.2568395981463778	0.2755883813559764
0.4687471407156629	0.25435011926466344	0.27690274001967374
0.46110265894042624	0.255145305479522	0.2837520355800518
0.4648691740885789	0.25240658285176	0.28272424305966126
0.4626474447091533	0.25654183798249774	0.28081071730834906
0.4661265655252174	0.25071711765666743	0.28315631681811526
0.4663497532419865	0.24999677673550474	0.28365347002250885
0.46703154393968815	0.2507172581574263	0.28225119790288566
0.464844341834618	0.25595286644788673	0.2792027917174954
0.46664533681461606	0.25336765333084804	0.27998700985453595
0.46379703269123235	0.259039747676936	0.27716321963183177
0.4642222914026271	0.26027705007065605	0.27550065852671696
0.46403181094846124	0.2554095513589826	0.28055863769255623
0.46261126646566925	0.25159225738398416	0.2857964761503467
0.46373907041098983	0.25055540905100687	0.2857055205380034
0.46137810326269446	0.2608676623351105	0.27775423440219515
0.46289658120038774	0.25395012541284695	0.2831532933867654
0.4687792928832232	0.25305585542353476	0.2781648516932421
0.46229471607109873	0.25217597707139894	0.2855293068575024
0.46496387246140214	0.25695582805521755	0.27808029948338037
0.463169339571267	0.25250420753635405	0.284326452892379
0.46792909401265825	0.2552193400650994	0.27685156592224247
0.46624370553224864	0.2547108987521005	0.2790453957156509
0.4643958016614086	0.25969060685525724	0.2759135914833343
0.4631764884830849	0.2574247591984047	0.2793987523185105
0.4621050293539311	0.25539983766529467	0.28249513298077433
0.46590495276410315	0.25670614310503226	0.2773889041308647
0.4611433164645522	0.2525479081194192	0.2863087754160287
0.4621204001374918	0.2522478600300349	0.2856317398324734
0.46226250849544703	0.2526138111635153	0.2851236803410378
0.4668346813871494	0.25602655820094067	0.27713876041191005
0.46495869453117566	0.25502617993508686	0.2800151255337376
0.463450289810616	0.25523108271639267	0.2813186274729915
0.4646246817267226	0.25411202622789325	0.28126329204538425
0.46207487534247155	0.2557653093762137	0.28215981528131484
0.46238971492885866	0.2544717193751551	0.28313856569598633
0.466623715559628	0.2546102474273898	0.2787660370129823
0.4653513842112688	0.25407563016878754	0.28057298561994376
0.4623130579304463	0.2606793940178849	0.27700754805166894
0.46291157201839517	0.2532267948587907	0.2838616331228143
0.4649326750390711	0.2555800872269788	0.27948723773395023
0.4617726149235207	0.25523759974728377	0.28298978532919566
0.468742559514535	0.25493534970681253	0.2763220907786526
0.46538235554339646	0.25175626333617607	0.28286138112042764
0.4646356830474623	0.2539429027937612	0.2814214141587767
0.4632084865185445	0.2586373480035772	0.2781541654778784
0.4667477396834869	0.2555550633590431	0.2776971969574701
0.4628252430679321	0.2536149354558417	0.2835598214762264
0.46754536679766645	0.252130163155312	0.28032447004702166
0.4646391261422246	0.2585950207867905	0.27676585307098506
0.4611159821788725	0.25792535185378795	0.28095866596733965
0.46256093134200416	0.25498072135649663	0.28245834730149927
0.4654654834296498	0.2522665226443075	0.28226799392604285
0.4663859378998091	0.2550657017966219	0.2785483603035691
0.46708945061937257	0.2527497831040345	0.28016076627659303
0.4618542339255667	0.2519450244213701	0.2862007416530633
0.4681990775251598	0.2562266558518215	0.27557426662301876
0.4686033399340771	0.24988742745875808	0.2815092326071649
0.46407216422224395	0.26048351713811957	0.2754443186396366
0.46324977323274974	0.2578099120190807	0.2789403147481696
0.4684802633075121	0.2513987632609209	0.2801209734315671
0.4674233530620046	0.25399056237434925	0.2785860845636462
0.4674064769662627	0.2568303408163678	0.2757631822173696
0.4686098337406366	0.2529555700882915	0.278434596171072
0.46526580339893564	0.25147376800868737	0.28326042859237704
0.4663816203505774	0.25312264129362677	0.280495738355796
0.46404850650947155	0.25762492919655244	0.2783265642939761
0.4621898168753482	0.25213536622228516	0.2856748169023667
0.4618376275156854	0.2553961031853914	0.2827662692989233
0.46125217137318464	0.25539963514313235	0.28334819348368306
0.46654326018516756	0.25765374294729154	0.27580299686754095
0.4651662007560049	0.25091545728337983	0.2839183419606154
0.4633764297262829	0.2536956201297147	0.2829279501440025
0.4624799838494542	0.25903155951727674	0.2784884566332691
0.46470783925490133	0.2510905365820475	0.2842016241630512
0.46404860245576707	0.2561780158683923	0.27977338167584076
0.46708686227760127	0.2503512459511707	0.28256189177122815
0.4644098438407528	0.26037519144525123	0.27521496471399615
0.46093348458320593	0.2540734448719424	0.2849930705448518
0.46549612303134136	0.25144731234641077	0.28305656462224804
0.4624434571366737	0.2595773223694635	0.2779792204938629
0.46701461440389375	0.2559868456419349	0.27699853995417145
0.46370426153942623	0.25579984265389727	0.2804958958066766
0.46640806585595207	0.2582929118328945	0.2752990223111535
0.46792436097588963	0.25236043142405146	0.2797152076000591
0.46690449305587856	0.2530630976271173	0.2800324093170043
0.46154944820956856	0.2533567712561602	0.2850937805342713
0.46505344303901885	0.2560457368415517	0.27890082011942957
0.4631343047159338	0.2518214637589353	0.285044231525131
0.4680030290433648	0.25620048686997965	0.27579648408665564
0.4646386874934946	0.25832636462715475	0.2770349478793508
0.46671711181189335	0.25483637929216263	0.27844650889594413
0.4621980074970856	0.25388216124819885	0.28391983125471565
0.4649998019106223	0.2571588582952834	0.27784133979409437
0.46157910772897165	0.258420906279233	0.2799999859917955
0.464174106952719	0.2547011206470061	0.281124772400275
0.46503077633463386	0.25005338946831585	0.28491583419705035
0.46171219893090487	0.25329983444636045	0.2849879666227348
0.4622252754338636	0.25612380336901597	0.28165092119712054
0.4645754850324526	0.25359401760312755	0.2818304973644199
0.4612795913130262	0.2527510415151316	0.2859693671718423
0.4639792407322618	0.2607062816681569	0.2753144775995814
0.46501521683074776	0.2548148435944516	0.28016993957480074
0.46411427958705137	0.2512920278489384	0.2845936925640103
0.4658734226163467	0.25708421107083296	0.2770423663128204
0.4621614428745644	0.26003931500459104	0.27779924212084467
0.4642174556136598	0.25457437834720886	0.2812081660391314
0.46857727927166276	0.25485919879321006	0.27656352193512723
0.46274869552117864	0.25075796691512875	0.2864933375636927
0.4611896721974017	0.2520961334229963	0.2867141943796021
0.4623088750441022	0.2557509588695548	0.2819401660863431
0.4611448271418206	0.25938681194308394	0.2794683609150956
0.46635802445896746	0.25591500836347414	0.27772696717755846
0.46404237524035996	0.25132604658507085	0.28463157817456936
0.46610358631511767	0.253219579429078	0.2806768342558044
0.4685461589049642	0.2521154256048992	0.2793384154901367
0.4656401631343289	0.2580138070621062	0.276346029803565
0.46853954037438483	0.25525629399419686	0.2762041656314185
0.4683195772300369	0.24998302185870297	0.2816974009112602
0.46264487055887094	0.2581317423134356	0.2792233871276935
0.46255037107452096	0.25503677793966273	0.2824128509858165
0.46510660775446977	0.25777160537634797	0.2771217868691824
0.46632872172846507	0.2525168405838283	0.2811544376877068
0.4636928823731652	0.25477065336456683	0.2815364642622681
0.4630923120327877	0.25474435396053996	0.2821633340066724
0.4620014558772092	0.25860066487874167	0.2793978792440492
0.4643370902681766	0.2595065337376198	0.27615637599420373
0.46570091341232467	0.25754260294810477	0.27675648363957067
0.4679301803215263	0.25667965333796655	0.2753901663405073
0.46110144124948094	0.25588721816882976	0.28301134058168936
0.46397290689504844	0.2558951353585311	0.2801319577464205
0.4655931532016606	0.25283391027822755	0.28157293652011195
0.4634329771504329	0.26070853634669267	0.2758584865028745
0.46686993497487067	0.2529910812995805	0.280138983725549
0.46405864748692305	0.2594431467072863	0.27649820580579076
0.46858004191473623	0.25472311273993625	0.2766968453453277
0.4615165586805675	0.256357646559956	0.2821257947594765
0.4628511308783566	0.2558629438913286	0.2812859252303149
0.4645184946354708	0.26027708150617695	0.27520442385835236
0.4636440398894622	0.2584813391111576	0.2778746209993803
0.4643833599292843	0.2574916785301862	0.2781249615405296
0.46165160388791615	0.2581336928576655	0.2802147032544185
0.46166471292860084	0.2518835376592178	0.28645174941218143
0.46576978681414205	0.25827788988749384	0.27595232329836417
0.46663227371127797	0.2520379281249605	0.2813297981637616
0.46668747665916016	0.2555912487640923	0.27772127457674767
0.4675083892227452	0.25399766147462327	0.27849394930263166
0.4632858519793715	0.25223668756766937	0.28447746045295924
0.465979322054241	0.25083560357076523	0.28318507437499385
0.46856936308565444	0.2549163670843488	0.27651426982999683
0.46530125787545484	0.2553519502595782	0.2793467918649671
0.4629559101830026	0.2518549801341368	0.2851891096828607
0.464282324318735	0.2516210334642438	0.2840966422170213
0.4684837172484526	0.252572028909259	0.2789442538422885
0.4666059826507741	0.2548979888580415	0.27849602849118454
0.4638221766242019	0.2559636589399741	0.2802141644358241
0.4636413094441194	0.25313927826525523	0.2832194122906254
0.46442345647071637	0.2524855816869754	0.28309096184230836
0.4621506208354766	0.2591183029979079	0.27873107616661563
0.46856941752342157	0.25340741762628227	0.27802316485029627
0.4609060413732118	0.2591048468865278	0.27998911174026053
0.4679534649742619	0.25310788734992196	0.2789386476758163
0.46803584986251284	0.2520432564983535	0.27992089363913375
0.4626256130387594	0.2511314739931205	0.2862429129681202
0.4642791766738264	0.25038556680588026	0.28533525652029346
0.46803339398248833	0.24981807824792585	0.2821485277695859
0.4671664200863929	0.2554815830550162	0.27735199685859097
0.46794329664637946	0.24996751250256016	0.2820891908510605
0.4629468448134063	0.25776527913130387	0.27928787605528993
0.46353333993709583	0.2584928446071556	0.2779738154557487
0.46625361808787774	0.25284587538823056	0.2809005065238918
0.4644497120324246	0.2516615323572394	0.28388875561033605
0.4626957621432018	0.25503096932733266	0.28227326852946566
0.4654202409073845	0.2506701399418651	0.2839096191507505
0.46357446050837037	0.2585509362560291	0.2778746032356006
0.46290439311366693	0.25738451190559586	0.2797110949807373
0.4636595267494108	0.26077002274821204	0.2755704505023772
0.4654817088004465	0.25153333411818873	0.28298495708136484
0.4635963642463018	0.26077825782607117	0.2756253779276271
0.4633829905020104	0.25916239225077653	0.2774546172472132
0.4671492132537202	0.251830226165346	0.28102056058093383
0.4671350566182343	0.25699579424465063	0.2758691491371152
0.4625402490440815	0.2602410418303246	0.27721870912559404
0.46760442592474816	0.25528481268083464	0.2771107613944173
0.4678203029779823	0.2562274995212668	0.275952197500751
0.46285548848684277	0.25251838584707703	0.2846261256660803
0.46827730274910573	0.2517148050312831	0.28000789221961137
0.46464459954403814	0.254409460202518	0.280945940253444
0.46217216564121455	0.25423168385953365	0.2835961504992519
0.46832914816621496	0.254727192810007	0.27694365902377815
0.4660632289865719	0.25795824814353596	0.2759785228698923
0.4635012683037887	0.2564417329947179	0.2800569987014935
0.4620360873531849	0.2596610666022473	0.27830284604456784
0.4613165440274499	0.2580525372739034	0.28063091869864676
0.4670821331216027	0.2542533449708656	0.2786645219075318
0.46586721932295216	0.2526697613008393	0.2814630193762087
0.46306159186230744	0.26021437782433954	0.27672403031335313
0.4642335127312064	0.25846141431076586	0.2773050729580278
0.46522531115805665	0.2537275128640061	0.2810471759779373
0.4675757685403802	0.25347850553947193	0.278945725920148
0.46780715321426786	0.2520893488752202	0.28010349791051203
0.4608697098149496	0.25669707323708635	0.2824332169479641
0.46193839365935185	0.2547315752515129	0.28333003108913535
0.4640449591869539	0.25924229326789705	0.2767127475451492
0.4653660469115285	0.2539718528945422	0.2806621001939294
0.4643321015158545	0.26006482404685693	0.2756030744372886
0.4614192479103193	0.2559188754835028	0.282661876606178
0.46285066841087447	0.25802962566009013	0.2791197059290355
0.46272839960470713	0.25332174513174116	0.2839498552635518
0.4632944949249779	0.25132507560740125	0.285380429467621
0.46687040373586264	0.25129773721175713	0.2818318590523803
0.4622898237285156	0.25790318082070535	0.27980699545077914
0.4673621217212828	0.25182371930155867	0.2808141589771587
0.46354065290836904	0.25183919997422133	0.28462014711740974
0.4648104359822608	0.2599284687590897	0.27526109525864956
0.46578590989350976	0.25287829935054884	0.2813357907559415
0.4680048210837852	0.25110526650883014	0.28088991240738476
0.46300734012505995	0.2507926021321887	0.2862000577427515
0.4664978852407989	0.2526691835914249	0.2808329311677763
0.4651945552869645	0.25931408280637996	0.27549136190665563
0.46083501742931143	0.2578262708222544	0.2813387117484342
0.4613867742857559	0.25832123155789843	0.28029199415634576
0.4656132035689081	0.2592169310282325	0.2751698654028595
0.46677486086474895	0.2530367423110913	0.28018839682415986
0.46522568466290737	0.258446706236354	0.2763276091007387
0.4686421320405726	0.2525637481411746	0.2787941198182529
0.46750718172702915	0.25332336051798965	0.2791694577549813
0.46455746130332853	0.2579892543223419	0.2774532843743297
0.4634965934260076	0.2583397884072656	0.2781636181667269
0.4629183348337087	0.255834053937345	0.2812476112289465
0.46375300964003346	0.2562118489043237	0.28003514145564296
0.46593178309096106	0.253908480163623	0.2801597367454161
0.4686906091181138	0.25015618741257106	0.28115320346931527
0.4668810968160372	0.25752422550038623	0.27559467768357665
0.4642200647434228	0.25327714938738505	0.2825027858691922
0.4634806076099117	0.2551833649784594	0.281336027411629
0.4630143027292769	0.25927434286408496	0.27771135440663824
0.46637797245095447	0.25128778730012563	0.28233424024891995
0.462070573751999	0.25612249267318066	0.28180693357482045
0.46155974986255677	0.26060703306475513	0.27783321707268815
0.4667432061836138	0.25576826483040616	0.27748852898598014
0.4673165626594799	0.25716644072957373	0.2755169966109464
0.4650911332677205	0.2562648623931951	0.2786440043390845
0.46536193145069615	0.25258690536834394	0.28205116318096
0.4676761375489076	0.2549413510786406	0.27738251137245196
0.4652211731905841	0.2520937098069973	0.2826851170024187
0.4643421056865343	0.25112614093928287	0.28453175337418296
0.4651967210744712	0.25527776537664587	0.2795255135488831
0.4633111696564063	0.259691042399694	0.27699778794389984
0.4643348720744094	0.2586854586952403	0.2769796692303504
0.464486286424999	0.24980278264185501	0.2857109309331461
0.4610172618639247	0.2528947107751449	0.2860880273609305
0.4637881574046112	0.2587664981938629	0.277445344401526
0.46793091973636725	0.2528287762159214	0.27924030404771144
0.46711811711479523	0.25025227744836487	0.28262960543684
0.4630060340501609	0.2564113587823434	0.28058260716749583
0.463274180161465	0.25727337160145525	0.2794524482370799
0.46627039730394637	0.25645995653922676	0.277269646156827
0.4662523296147306	0.25499178397946953	0.2787558864057999
0.46398725897159854	0.25782060820735525	0.2781921328210464
0.4649295264069035	0.25046710823463686	0.28460336535845976
0.46203400906731806	0.25893989694399394	0.27902609398868805
0.46856379448532454	0.25551528986079425	0.2759209156538813
0.4618437450657966	0.2536663194058894	0.2844899355283141
0.46117871283255885	0.2531238473934961	0.2856974397739452
0.4617570736429385	0.2534201719855418	0.2848227543715198
0.46854794439976105	0.25618393949999896	0.2752681161002401
0.46128126209630044	0.2580639590377292	0.28065477886597046
0.46174448076159164	0.25356479214482885	0.2846907270935796
0.4637324943566592	0.25564932331279866	0.28061818233054225
0.4654225343333016	0.2543998673340315	0.28017759833266703
0.46611809832469053	0.25773633696693043	0.27614556470837914
0.46117640819610006	0.252065047873263	0.28675854393063704
0.46302190586488584	0.25551459927416037	0.2814634948609539
0.4657106996423054	0.2517776611193597	0.28251163923833505
0.4615746575552519	0.2598316387069764	0.2785937037377718
0.4654266544035596	0.25289881049586294	0.2816745351005775
0.4616660288337525	0.256532912347003	0.28180105881924467
0.46312362007128954	0.26047016214696084	0.2764062177817497
0.46792652844182725	0.25151969236037797	0.28055377919779484
0.4629737443236608	0.26066240034394894	0.2763638553323904
0.4631508806123823	0.2503114733317413	0.2865376460558765
0.4610221828080767	0.25485483653819563	0.28412298065372776
0.4683514073946764	0.2545649164227867	0.27708367618253693
0.46212970550571597	0.2597428643920137	0.2781274301022704
0.4638999576858522	0.2600200171848557	0.27608002512929225
0.46504057762847045	0.252429583642147	0.2825298387293826
0.46747609443208205	0.2518125995049286	0.2807113060629895
0.46513504259104954	0.2549194048015566	0.279945552607394
0.46563985350163817	0.25797098956786585	0.27638915693049604
0.4619391640138316	0.25572983578706543	0.28233100019910307
0.4611823248986337	0.2585520359163823	0.28026563918498404
0.46293973536228283	0.25061066796450115	0.2864495966732162
0.46390064772875916	0.2536111051012043	0.2824882471700366
0.4612310680228346	0.2573761097358854	0.2813928222412801
0.4687938351788844	0.25595949493484704	0.27524666988626867
0.4629532593053901	0.25074293597319086	0.28630380472141914
0.46459530052748343	0.25790922427993745	0.2774954751925792
0.4677439036143527	0.25205549776743147	0.280200598618216
0.46363276752211413	0.25650219032456467	0.2798650421533213
0.46154164355249466	0.25650582689824897	0.2819525295492565
0.46768455975756	0.24982510290198012	0.28249033734046
0.46556114291076356	0.25318408579928614	0.28125477128995047
0.4664282253762738	0.2563134697668345	0.27725830485689174
0.46254073237819704	0.2606823385844885	0.27677692903731455
0.4627590203020091	0.26031982816217974	0.27692115153581126
0.4642876460586387	0.2518048036428135	0.2839075502985479
0.46796543377505856	0.25132924184036676	0.28070532438457485
0.4620790711730276	0.25437901163294274	0.28354191719402977
0.4622738799441528	0.2554430781269914	0.2822830419288559
0.4645063498240765	0.25934305906979216	0.27615059110613144
0.4620780871886695	0.25358993805032337	0.2843319747610073
0.46692258005930753	0.2523933020906247	0.2806841178500678
0.46099483758357784	0.255714859549714	0.28329030286670825
0.4658895894235209	0.254105769472714	0.2800046411037652
0.46404958073181907	0.25183771402699284	0.2841127052411882
0.465325528990601	0.2534451040202626	0.28122936698913653
0.46567949876434356	0.2518372854795041	0.28248321575615243
0.4630445702960707	0.260164030756225	0.2767913989477044
0.4629625721564742	0.25145250506764927	0.2855849227758766
0.46586984869393566	0.25229238169469076	0.2818377696113737
0.46805827052902904	0.25328334821921444	0.2786583812517566
0.4655840251333593	0.25442850747608375	0.27998746739055713
0.46311282942424387	0.25070712181353905	0.2861800487622172
0.4661713635342182	0.2579332696520671	0.27589536681371485
0.4633571843983034	0.25094294897689845	0.28569986662479824
0.4674976547534585	0.2535433479650371	0.27895899728150453
0.4667612581128693	0.2576152855772671	0.27562345630986373
0.46839847873429874	0.25010243682828626	0.28149908443741506
0.46355218285591016	0.25350250298168403	0.2829453141624059
0.4659205911285742	0.25713861668127624	0.27694079219014966
0.4649983152784539	0.2557687192158709	0.2792329655056753
0.46522845632944154	0.2541877670355172	0.28058377663504136
0.4614014467531573	0.2584483404818701	0.28015021276497265
0.46627937576303585	0.2498283464476882	0.28389227778927606
0.46224600661915477	0.2590802481747866	0.27867374520605875
0.46159758328791545	0.25644479683076477	0.28195761988131984
0.461736575670201	0.2540958907967629	0.28416753353303625
0.4609621002076834	0.2571238681248824	0.2819140316674343
0.46589601057735663	0.2506624284855926	0.28344156093705086
0.46687391256186184	0.2548936377152563	0.27823244972288197
0.4667032778737401	0.25167796821472466	0.2816187539115353
0.46700967640358165	0.2544422717553235	0.2785480518410949
0.46325311044631984	0.2505189214916214	0.28622796806205886
0.46138985547391087	0.25417345880224074	0.28443668572384845
0.4642513864246729	0.25035346889133664	0.28539514468399063
0.46715160664191024	0.25733668749098215	0.27551170586710766
0.46215309971647023	0.25578785481877425	0.2820590454647556
0.4628476489235001	0.25572120339097515	0.28143114768552485
0.4619432455235096	0.25519373612130986	0.28286301835518063
0.4628827893481896	0.2543268368742164	0.2827903737775941
0.46390529167431127	0.24980826683984048	0.28628644148584836
0.46834838870226647	0.2521477345748194	0.27950387672291416
0.46857975777431493	0.2520132070469477	0.27940703517873744
0.4623640369186841	0.2517601321721295	0.28587583090918645
0.46230636262625713	0.25092770724345365	0.28676593013028934
0.46457511496023346	0.2588316824477777	0.27659320259198894
0.4623585574495041	0.2582270062336638	0.2794144363168322
0.4621487634796795	0.2551994242966054	0.2826518122237152
0.4632334535697634	0.251295605385781	0.2854709410444557
0.4612967220166025	0.2607321479794628	0.2779711300039348
0.4616788107977299	0.2550634794087431	0.2832577097935271
0.46340956994399896	0.25438541025908123	0.2822050197969199
0.4636646743779666	0.2576416726638804	0.2786936529581531
0.4626291976270385	0.26062573539381395	0.27674506697914764
0.4663843445462127	0.2537165690605915	0.27989908639319594
0.462288965067464	0.26037948521407234	0.2773315497184638
0.46281916735893563	0.2594592280985129	0.2777216045425515
0.46861153486300977	0.25230823381291195	0.27908023132407833
0.4626649502892942	0.2607296703234516	0.2766053793872542
0.4654146451106077	0.25498527904934554	0.27960007584004687
0.46303176238036214	0.2550447155703714	0.2819235220492666
0.4670474439065453	0.25279743245569597	0.28015512363775885
0.46169618398549256	0.2540885630544819	0.2842152529600256
0.4626173910692135	0.2515762541525346	0.28580635477825195
0.4634759987571774	0.249936836934198	0.2865871643086247
0.4659747185644847	0.2566016648127474	0.27742361662276804
0.4677684929022873	0.25622672475885877	0.27600478233885406
0.46720217523373725	0.2544476141899257	0.2783502105763372
0.4621000309315735	0.2523175415497372	0.28558242751868945
0.46802374752448045	0.25150345243386757	0.2804728000416521
0.4612898309064196	0.25344594226495903	0.2852642268286215
0.4642691861633928	0.2580418135860354	0.27768900025057186
0.4622450737561116	0.2580736693295896	0.2796812569142989
0.46430385258885154	0.2580861402461829	0.2776100071649656
0.46122066083440716	0.25422417074955234	0.2845551684160406
0.4680908226675464	0.2517783223677438	0.28013085496470985
0.4679347692316433	0.2544947625607943	0.2775704682075625
0.46709986364663786	0.2545216833050403	0.278378453048322
0.46451299585282774	0.25174649183330144	0.283740512313871
0.46542425522424336	0.25412509597884075	0.280450648796916
0.4633538954493376	0.2534592963061778	0.2831868082444847
0.4668877806613685	0.254388514081901	0.2787237052567306
0.46595149276398173	0.25692135166028884	0.27712715557572953
0.4652218152494021	0.2558786880456179	0.27889949670498015
0.4656014046404522	0.25702940464137747	0.27736919071817046
0.46186565525933576	0.2563221784249365	0.28181216631572786
0.46541050455276617	0.2518619034918405	0.28272759195539343
0.46400798879862104	0.2568025740701661	0.2791894371312129
0.46867943765111864	0.25452707536243824	0.2767934869864432
0.46178067823044666	0.2520031009645488	0.2862162208050046
0.46590143583010096	0.250493917978222	0.28360464619167713
0.46495145708304797	0.2540996370108077	0.28094890590614446
0.4641459360193601	0.25748309671726105	0.27837096726337895
0.4657553541872943	0.2530154747656587	0.2812291710470471
0.46215969067627144	0.2550476538150115	0.2827926555087172
0.4653966707656812	0.25097763114094396	0.28362569809337496
0.46375807805568176	0.25421625791728186	0.28202566402703644
0.46310311520147607	0.2522467050583308	0.28465017974019324
0.4634796639760662	0.2537310860006545	0.28278925002327937
0.4645690668786382	0.25774776087809137	0.2776831722432706
0.46505124282448634	0.2539145612335755	0.2810341959419383
0.4655043445537065	0.25427584309019463	0.280219812356099
0.46620802197366695	0.2585511375652402	0.275240840461093
0.465869488250957	0.25798412059232734	0.2761463911567158
0.4615321711540374	0.25653638443816457	0.28193144440779816
0.4649448335694648	0.25753265631160993	0.27752251011892537
0.4638233590224203	0.25373509173683106	0.28244154924074877
0.4678532962390066	0.25047447083559804	0.2816722329253954
0.46690580678547516	0.2530579290571258	0.28003626415739913
0.4638394013119358	0.25304815154076915	0.28311244714729517
0.46802127795404397	0.25076069897184583	0.2812180230741103
0.46483318570028065	0.2518215636242358	0.2833452506754836
0.4664367192003419	0.2570930868278592	0.276470193971799
0.4623314719854268	0.25849086593561765	0.27917766207895567
0.4620403081018296	0.252700803968295	0.2852588879298755
0.46464556926212436	0.2547717014117701	0.2805827293261056
0.46663617155344045	0.25488009552488466	0.278483732921675
0.4620234442468565	0.25943339161151535	0.2785431641416283
0.46375382606588034	0.2568102637815661	0.27943591015255365
0.46599025619605516	0.2559042167095081	0.2781055270944369
0.4642890719412564	0.25164137688275345	0.2840695511759903
0.4613179073888738	0.25506521606435184	0.2836168765467745
0.4681911089319896	0.2537498246581661	0.27805906640984435
0.46652686428481344	0.2502459544223666	0.2832271812928201
0.4655411926056487	0.254766749634504	0.27969205775984735
0.4673924475982406	0.2524603346747802	0.28014721772697926
0.46326090638578443	0.25422888319205295	0.2825102104221628
0.46178542488304497	0.2571058331569544	0.2811087419600008
0.46111494575254663	0.2606379495170252	0.27824710473042835
0.4618383927284877	0.257990751588445	0.28017085568306743
0.46422499018091556	0.2579685785928329	0.2778064312262516
0.4645460962042408	0.25307106995865325	0.28238283383710605
0.4653782707139678	0.25080266335018	0.28381906593585227
0.46597566380077515	0.25505215047213403	0.27897218572709087
0.4619537516650518	0.25147376729229104	0.28657248104265726
0.4658794338539268	0.25242023713189177	0.2817003290141815
0.46445358569645157	0.2561374562350436	0.27940895806850496
0.46689696717001167	0.25376246268144975	0.2793405701485387
0.462462635402872	0.25486069221858365	0.28267667237854444
0.46669055473503834	0.2532336838682485	0.28007576139671325
0.46175158781919134	0.2580126514822191	0.2802357606985897
0.46414023427147205	0.25887157619937246	0.2769881895291556
0.46773938749939914	0.2553325687995367	0.2769280437010642
0.4673174145440895	0.25395797363384554	0.2787246118220651
0.4631210531962083	0.2605333617960202	0.2763455850077716
0.4681529220432196	0.25659200679344396	0.2752550711633366
0.465585935876173	0.2580198574079029	0.2763942067159242
0.4653069189483375	0.251389970819532	0.2833031102321306
0.46743599595745927	0.25230042647592316	0.2802635775666177
0.4625764123623457	0.25324188263081865	0.2841817050068358
0.4610688591087522	0.25977489528383013	0.2791562456074177
0.4666877706136074	0.24981349055020335	0.28349873883618937
0.4618857547664386	0.2519406662214426	0.2861735790121189
0.461710410012224	0.2557251091202595	0.28256448086751657
0.46856951251698487	0.25047288755193203	0.28095759993108316
0.4637930132423757	0.25495066072087474	0.28125632603674966
0.46313194378095157	0.25277777743599283	0.2840902787830557
0.46265188680913394	0.25732176263919215	0.280026350551674
0.4638232302999827	0.25225082177594993	0.28392594792406756
0.46682113139713477	0.25182974568858074	0.2813491229142846
0.46457631663938803	0.25244098763262	0.28298269572799206
0.4638462783433639	0.2519612350268635	0.2841924866297727
0.46809244868758804	0.2560504054094949	0.2758571459029171
0.46340213563231736	0.2573025817909539	0.27929528257672886
0.46482693180111834	0.2551859006187686	0.2799871675801131
0.4668159035230168	0.25281351365555393	0.2803705828214294
0.4630012348292616	0.2523005043701993	0.2846982608005392
0.46155149117935923	0.25738288930382425	0.28106561951681663
0.46826234193757377	0.2538831603809247	0.27785449768150167
0.46332736699524035	0.25265930976759726	0.2840133232371625
0.46571407451180424	0.25284622792531697	0.2814396975628789
0.46409101746553405	0.24985264360528692	0.28605633892917914
0.46175318164070156	0.2579604953818841	0.28028632297741446
0.4676711443090732	0.2510082362233297	0.28132061946759723
0.4678959327346781	0.250426942683974	0.28167712458134797
0.46608897396202953	0.25835811427512534	0.27555291176284524
0.4659645653871631	0.2548552679856194	0.27918016662721756
0.46707584882857434	0.25451240092560257	0.27841175024582315
0.46707053969069806	0.25452418027683055	0.27840528003247145
0.46686832729481487	0.25270605793347795	0.28042561477170724
0.46529404304288957	0.2554395917934049	0.2792663651637056
0.4667587720843323	0.2542150294931722	0.2790261984224956
0.46314993654212816	0.25926633615995875	0.27758372729791314
0.4655091093925171	0.2537799642202773	0.28071092638720563
0.46359331703071005	0.26092602552491506	0.275480657444375
0.4660299086156574	0.2499332195243673	0.2840368718599754
0.46813637423488463	0.2498093815804172	0.28205424418469827
0.4679928967190075	0.25571650456080935	0.27629059872018324
0.4643936773544667	0.25453696711888274	0.2810693555266507
0.46726253877007884	0.25628161386248277	0.27645584736743845
0.4633684187830701	0.2573985503730034	0.2792330308439266
0.46423800179813435	0.2568539345615798	0.278908063640286
0.46477050198641506	0.2590542282634849	0.27617526975010015
0.46129615116823336	0.25410737766679936	0.2845964711649674
0.46847218137329016	0.2558055022417107	0.2757223163849993
0.4669753177281929	0.2534278765163217	0.2795968057554855
0.461915760020492	0.25284404316258235	0.2852401968169258
0.4651528509305996	0.2594011546318906	0.2754459944375099
0.4640203736840986	0.253012693186934	0.28296693312896753
0.4645789571492279	0.2548693843007288	0.2805516585500434
0.4657060880583441	0.2522766637654169	0.2820172481762391
0.4652322810784574	0.2543421679290523	0.2804255509924905
0.4629169501088416	0.258465114309073	0.2786179355820856
0.4621758581877032	0.2603591138434368	0.2774650279688601
0.4630973743042435	0.25180545986861447	0.2850971658271421
0.4626122261393631	0.2552197783119846	0.2821679955486524
0.4630046423694326	0.25232653141938166	0.2846688262111858
0.4660288806922694	0.2560972239463071	0.2778738953614236
0.46757880622118864	0.2553954420460769	0.2770257517327346
0.46435790560670065	0.25831127836998663	0.2773308160233128
0.461793924094095	0.2607831811280137	0.27742289477789145
0.4660930700731674	0.2502667751436092	0.2836401547832235
0.4675840399000013	0.2528868428786022	0.27952911722139656
0.4667970303627262	0.25102260087468586	0.28218036876258806
0.46669509632923845	0.253445874927831	0.27985902874293067
0.4637787442527054	0.2587543390289081	0.2774669167183866
0.4660754384763633	0.2508287942518669	0.2830957672717699
0.46861411314655255	0.25006669413626803	0.2813191927171795
0.4643009592212442	0.25498412434316586	0.28071491643559005
0.461694654666152	0.2589206269906762	0.27938471834317186
0.4681176184590701	0.2554074458335963	0.2764749357073337
0.4686155633202372	0.2537960364362353	0.2775884002435277
0.4641388256796032	0.25890469802601096	0.276956476294386
0.46453329500636	0.251934224940142	0.28353248005349807
0.46565123684447385	0.25119652067792697	0.2831522424775993
0.4631765861743081	0.2577742353156479	0.27904917851004407
0.46455944902885915	0.25657020893566795	0.27887034203547306
0.461138761365558	0.2599980239890508	0.2788632146453913
0.46500735128738424	0.2574617568586347	0.27753089185398117
0.4628955774853709	0.25185185423192435	0.28525256828270484
0.4616894538229665	0.2532824619764563	0.28502808420057724
0.4637762639486574	0.25220789218168693	0.2840158438696557
0.4640330750245505	0.2514466372241416	0.284520287751308
0.4650380337880091	0.25001211953911207	0.2849498466728789
0.46764282660685386	0.2535363577854227	0.2788208156077235
0.46484317125863384	0.25689609326522855	0.2782607354761377
0.4627964880306662	0.25826323858017447	0.2789402733891594
0.4627846316745825	0.2511860248882505	0.2860293434371671
0.4663112398148728	0.2558389357301103	0.27784982445501694
0.46377215872069255	0.25779340186101873	0.2784344394182889
0.4645978233314757	0.2564561717329381	0.2789460049355863
0.4617149883035917	0.2564343200739139	0.2818506916224945
0.4613185917151074	0.2589200124339208	0.27976139585097193
0.4624844033275198	0.2593515803653531	0.2781640163071272
0.4626287526660552	0.25743369315497144	0.27993755417897354
0.46813272853077637	0.25563970897508426	0.2762275624941395
0.46447244780413033	0.25626641738658085	0.27926113480928894
0.46793252486906256	0.25014683260431797	0.28192064252661964
0.46231762563017964	0.25566686512340997	0.28201550924641056
0.462198339899271	0.2543683302335149	0.2834333298672142
0.46432701595585174	0.25650353279641985	0.2791694512477285
0.4616627996963394	0.2604392770194744	0.27789792328418633
0.4622943383695569	0.2574874962413869	0.28021816538905636
0.46472899462640016	0.25111830771721333	0.28415269765638657
0.4627132863397668	0.25991571008774034	0.27737100357249295
0.4618098259579234	0.2580655486653684	0.2801246253767083
0.46111149109383476	0.2566186068176015	0.28226990208856384
0.4687624916930988	0.2538962226051046	0.2773412857017967
0.4651166484810449	0.25103730582829353	0.28384604569066163
0.4626593510572273	0.2522473208419752	0.2850933281007977
0.46147340466786524	0.25810913013767256	0.2804174651944623
0.46631073849097315	0.25669541913388877	0.27699384237513824
0.46718625986831225	0.25102326906548533	0.2817904710662025
0.46700222310538286	0.254191850985618	0.2788059259089992
0.46318271263179545	0.2550433475432905	0.28177393982491417
0.4665831103247158	0.253428472057995	0.2799884176172894
0.4612349637693023	0.25415923016551967	0.2846058060651782
0.4638107347321515	0.2566616088427759	0.27952765642507266
0.4625997577860385	0.25812808661575487	0.27927215559820673
0.467561936246765	0.2502157858491413	0.28222227790409377
0.4677404804885888	0.2556682178465563	0.276591301664855
0.46400216513646025	0.25007081505153417	0.2859270198120057
0.46208028011915225	0.2522195457351181	0.2857001741457297
0.4683996502484594	0.2555194064642007	0.27608094328734
0.4657465523320356	0.2570803465340045	0.27717310113396
0.46680680045009837	0.25677379510025106	0.27641940444965074
0.4632983647957135	0.2582768742910802	0.2784247609132064
0.4626717859314772	0.25275491509991516	0.2845732989686077
0.4613644841360214	0.25497838002477735	0.2836571358392013
0.46680455948348454	0.2543214421336703	0.2788739983828453
0.4670261639313265	0.2548526342711386	0.278121201797535
0.4615220978370759	0.25849906731692035	0.2799788348460039
0.4683089506429444	0.2543247698931028	0.2773662794639528
0.4672009139997532	0.2534658543402446	0.27933323166000223
0.4617808272965104	0.25766057495443145	0.28055859774905834
0.4631893583858365	0.25916810314664696	0.27764253846751663
0.46454134211419074	0.25500817311207535	0.280450484773734
0.46249552185522064	0.2567683673358591	0.28073611080892036
0.4682808909376871	0.25259706987903346	0.27912203918327955
0.4647161564099872	0.2544929762430379	0.280790867346975
0.46176589585519257	0.260140684023771	0.2780934201210366
0.46549264757329195	0.25888427726587837	0.27562307516082984
0.46759690973267987	0.255269085003727	0.2771340052635933
0.46797387272660335	0.2542569499540605	0.27776917731933626
0.4631252799695772	0.26047092912034786	0.276403790910075
0.46291066902907985	0.2588678302313908	0.2782215007395294
0.4663809266661883	0.2510317853293276	0.28258728800448424
0.46570803079930456	0.2512089610830678	0.2830830081176278
0.4637016337359665	0.2525725500199877	0.2837258162440459
0.4647460025918343	0.25020707036538137	0.2850469270427844
0.46764782263097826	0.25256264428971764	0.2797895330793042
0.46325289118291857	0.25680310263010064	0.27994400618698095
0.4638361379264735	0.25797329794215	0.27819056413137655
0.4654474410260794	0.2524143584672255	0.2821382005066952
0.4656778510325513	0.25517984452062226	0.2791423044468266
0.4668962609260325	0.25245510743052385	0.2806486316434438
0.461752034968845	0.25756757048118617	0.2806803945499689
0.4654174288333933	0.25771890833734806	0.2768636628292587
0.4653356270375118	0.25129360532923084	0.28337076763325747
0.4658986247729013	0.2550484292146952	0.2790529460124036
0.4608623622839421	0.2551095504750076	0.28402808724105033
0.46480632446654324	0.254874004201351	0.28031967133210584
0.4674634197910648	0.2530027261933009	0.2795338540156344
0.46306207148674	0.25422523181099665	0.28271269670226346
0.4610479945812469	0.2591279660607431	0.27982403935801003
0.4675846428344243	0.2571091687722391	0.2753061883933367
0.4664045667786867	0.2506714281227359	0.28292400509857746
0.46475786745672515	0.2537301367474062	0.28151199579586883
0.4642572772589629	0.25208598524359604	0.28365673749744125
0.465410357404471	0.25928498648129455	0.2753046561142346
0.46210817419104433	0.25769761803835983	0.28019420777059595
0.4624343474746264	0.25499461379100097	0.2825710387343727
0.4631427003483547	0.2523688562231367	0.2844884434285087
0.4640355519027509	0.26016259509543943	0.27580185300180976
0.4688148237225444	0.2523707223114063	0.2788144539660494
0.46331907447961657	0.25272652655512257	0.283954398965261
0.46557981283688454	0.25130776348730016	0.2831124236758154
0.46339738641394157	0.25744089280592664	0.2791617207801319
0.4630724635263588	0.254528256631687	0.2823992798419543
0.46612580672064957	0.2501072808790296	0.2837669124003209
0.461855695820399	0.2543838814480995	0.28376042273150165
0.464978095208411	0.25177582099068474	0.2832460838009044
0.46322280860263987	0.25225539024866755	0.2845218011486927
0.4614867468836551	0.25692793285228377	0.28158532026406125
0.46330547577544934	0.2534414034424499	0.2832531207821009
0.4620676046551086	0.2599819337874696	0.27795046155742187
0.4660046386459812	0.2520906155465121	0.2819047458075068
0.46291954768749005	0.25540399865081737	0.2816764536616927
0.4655861213260444	0.2509026307814259	0.2835112478925299
0.4636332782338105	0.2500055244308575	0.28636119733533205
0.4619447308419766	0.25845691986117647	0.279598349296847
0.4625451473679869	0.25554650567251347	0.28190834695949973
0.4634238639568323	0.26006683257394714	0.27650930346922065
