0.16711936440925393	0.15566313996443548	0.32506118346258395	0.25639322169604617	0.09576309046768022
0.17107180177354087	0.15788761536934456	0.3194124877922685	0.25821513543438435	0.09341295963046158
0.1714512265346079	0.1579732094725418	0.3204962107002333	0.2581460453926086	0.0919333079000082
0.16823229714988935	0.15980391831780727	0.32193766333795465	0.2536230033145415	0.09640311787980699
0.16011689956946717	0.16243480595357476	0.3258536164513001	0.25497646226188275	0.09661821576377494
0.163268660773041	0.1613092947742195	0.3187110713230843	0.26492629354823516	0.09178467958141984
0.16185029462495182	0.16430916415120056	0.32615750977244884	0.25491173879169965	0.09277129265969897
0.16206933749817642	0.1615253076385394	0.32494048493786615	0.2564215754590126	0.09504329446640522
0.16480895088849817	0.16170450536961836	0.3198931855342226	0.2559071641408226	0.09768619406683807
0.16431740455004754	0.16414815989391673	0.3242326593678342	0.25387204489830717	0.09342973128989414
0.16854285191193802	0.15882273317568596	0.31910239459787065	0.26361208952391607	0.0899199307905891
0.16475361025733753	0.16309799118974055	0.32031991473432175	0.2551054302665329	0.09672305355206712
0.1684588224576945	0.1602367387416176	0.3221417602420235	0.2578740391479122	0.09128863941075202
0.16145661854085494	0.15734748477469976	0.32171761142583416	0.2643026144940513	0.09517567076455967
0.16714385964657866	0.15638424250857896	0.327441864632702	0.2536551925823775	0.09537484062976267
0.16731768064888777	0.16178381495935554	0.3217812543932751	0.2559458714818965	0.09317137851658491
0.16453924322903835	0.16184140388487755	0.3273893442483436	0.25600140726171206	0.09022860137602828
0.16451628113929923	0.16772290486521	0.3192112076259511	0.2559825180474954	0.09256708832204406
0.16228467235410168	0.16376133785513414	0.3216089618207237	0.25935087818915126	0.0929941497808891
0.16931595255168788	0.15643549282637031	0.3228219757276042	0.25965452760404495	0.09177205129029248
0.16249175076569297	0.16271721553285112	0.3189263420819347	0.2644493914308058	0.09141530018871522
0.16119852147417754	0.1625985759469242	0.3211892549104082	0.26188995958710126	0.09312368808138863
0.16455422030970943	0.16130716527021288	0.3194854757094606	0.2642271837518801	0.09042595495873683
0.16086365051752208	0.1613778459809074	0.32770364199692925	0.25571286696277556	0.09434199454186551
0.17071563951494056	0.15511106699514568	0.32443517249838394	0.253121768983479	0.09661635200805063
0.16174918753416245	0.16885132141214895	0.3243771572545704	0.2536252265074077	0.09139710729171029
0.16457199676735995	0.15567334409294617	0.32574966532033256	0.2589315538889192	0.09507343993044196
0.16312299769523153	0.15566099450803117	0.32169578470255633	0.2634630751923861	0.09605714790179468
0.16687206232765883	0.16244571413692768	0.3210351015529843	0.2535334265682436	0.09611369541418532
0.16681128252171942	0.15712696717429875	0.3236955014927989	0.25769521984675836	0.09467102896442442
0.16498207613197968	0.1594679946302878	0.3192259178151661	0.2586616709305252	0.09766234049204095
0.1684889752880984	0.16289402858764582	0.32379298629031755	0.2527005472118872	0.09212346262205082
0.16650437175752647	0.155175108933094	0.3262015193037996	0.2604819913635119	0.09163700864206784
0.16425393742316552	0.16396302715016675	0.32100897089413505	0.25520201187440494	0.09557205265812752
0.17178127277070554	0.15799340222992242	0.32173684641032196	0.2541482177678392	0.09434026082121072
0.17105238073614554	0.15563894165448167	0.32516700821870803	0.25628006120977653	0.09186160818088801
0.16430574662054398	0.15925230615175198	0.3242568837357913	0.257276219537421	0.09490884395449152
0.161848411996395	0.16043957995622266	0.32818854759896926	0.2572400459563081	0.09228341449210477
0.16570642256192558	0.1611828631240277	0.32341339243260125	0.25260311940220304	0.09709420247924222
0.16158635912127242	0.16514949379861737	0.3190765217694022	0.2571421734254371	0.0970454518852707
0.16255908282616083	0.1663773990846623	0.3205470765065835	0.25405867595776077	0.09645776562483244
0.16405859628061908	0.16701677282673294	0.3203718715983329	0.2543619800062809	0.09419077928803396
0.16444906356121536	0.16151978688960494	0.32795328924668854	0.2560272285044121	0.0900506317980788
0.16524554254692772	0.1614367970061821	0.3249153188528694	0.2578744379204628	0.09052790367355779
0.16466611592321673	0.15740820186715393	0.32550190692634595	0.25537348233617013	0.09705029294711306
0.16075214485119033	0.16846793514755445	0.3253275991925124	0.2531605679475629	0.0922917528611797
0.16145940288004224	0.1686429792984923	0.3201123848670384	0.2549584133544296	0.09482681959999727
0.16544951508708144	0.1543263437348923	0.3263829774179302	0.257025418663363	0.0968157450967329
0.16731039860541586	0.15489948681503982	0.32758479813798524	0.25770076361447714	0.09250455282708173
0.17030245586092851	0.15853905799103887	0.3203920678453808	0.25789423380515963	0.0928721844974919
0.16221786458429818	0.1564985141406992	0.3271297693402725	0.25944473157939374	0.09470912035533616
0.16642332658601458	0.16031614029402885	0.31898000356283585	0.26317239445910195	0.09110813509801857
0.1625840367476284	0.15806687167857675	0.3279285655463019	0.2556979161800492	0.09572260984744355
0.16999202601835733	0.154932203096525	0.3213107950918165	0.256409746507152	0.09735522928614898
0.17153066478828854	0.15795865507641615	0.32624112244116155	0.25299564070862085	0.09127391698551265
0.16872579199081186	0.16222924580998088	0.3196123742336144	0.25424187875411547	0.09519070921147722
0.17071205847408125	0.1573559059695343	0.31863178649031454	0.26127568948115604	0.09202455958491368
0.16077218080013592	0.16645620678914208	0.3226541572784499	0.2573828918184442	0.09273456331382766
0.1624110918509575	0.16113105902626954	0.3205917893037534	0.2593837598036937	0.09648230001532565
0.16180118638225216	0.16069906153042818	0.3277804021949636	0.2560839806578893	0.0936353692344666
0.16139864811783539	0.16808688980051154	0.3203047666461037	0.25276681656619215	0.09744287886935706
0.16878884337948807	0.15709740220642554	0.3203134800631139	0.25821479768139316	0.09558547666957916
0.16166188005684154	0.160503621215119	0.32025313125033517	0.2598544671701789	0.09772690030752526
0.16017919262230196	0.16282384117505516	0.3225457009579741	0.2624545784181795	0.0919966868264891
0.16187251350451004	0.16215947474691136	0.3190916772000074	0.25839907982292804	0.09847725472564295
0.16739260949448198	0.15754462864345148	0.32166604185367775	0.25630121851299575	0.0970955014953928
0.16219377478449326	0.16438086937335022	0.3202302416334172	0.25508481408818623	0.0981103001205529
0.1702919944032007	0.1570610220406906	0.32096480773182445	0.256162494551274	0.09551968127301005
0.16508279960451058	0.16043523505951438	0.321587660378494	0.2608358484545102	0.09205845650297063
0.16267648684010777	0.1648559805547516	0.32525083722659404	0.2567235449380902	0.09049315044045617
0.16813034471247693	0.15640284523337655	0.32618859673195877	0.2580965589767381	0.09118165434544946
0.1655482781817739	0.15417563187194716	0.322902317203929	0.2596988197972811	0.09767495294506866
0.16074933926448468	0.15942959973429038	0.3250831312423387	0.2600019814842826	0.09473594827460345
0.16054802016901276	0.157696427856218	0.32210655022541845	0.26269789102803587	0.09695111072131471
0.16070431179640077	0.15884502914859056	0.32258112281775475	0.2618996534427962	0.09596988279445755
0.1640853030714871	0.16146759277008674	0.3217758251916768	0.2548559044702412	0.09781537449650798
0.16098487927318852	0.16997514392343285	0.3185166400214536	0.26052887324375673	0.08999446353816812
0.16549296694065765	0.16670893244255267	0.31859939155476374	0.25687764208566344	0.09232106697636226
0.1595021519478476	0.16419890025783968	0.3210912674511023	0.25852831119480596	0.09667936914840428
0.1615472572013974	0.15803090127206515	0.3267407842393077	0.26238341309695384	0.0912976441902757
0.16125563137141058	0.15639182770673626	0.32775215232456223	0.2588542291305201	0.09574615946677056
0.16721803128828494	0.16507612695765952	0.32064286515735274	0.2538565380463084	0.09320643855039415
0.160059352860766	0.1620695440201249	0.3268383211148057	0.2571623698145883	0.0938704121897149
0.16985205420383698	0.15735904401012515	0.3265289297727446	0.25473927965734766	0.09152069235594538
0.16026786459633355	0.16376575728813117	0.32275001389552804	0.2578791957999751	0.09533716842003195
0.16409236502308944	0.15590211802990028	0.32329711385456117	0.2603869570783195	0.09632144601412944
0.1658018345550061	0.16447129938473906	0.3191420689899967	0.2600917765391358	0.09049302053112218
0.17132907175927453	0.1572633208362586	0.31857209450546636	0.26122078376948776	0.09161472912951257
0.1637423286525981	0.16542637696116005	0.3230332690016533	0.25250429739028035	0.09529372799430794
0.16057695124672128	0.1556040967206953	0.3259041692492589	0.2644813867456897	0.09343339603763459
0.16926894693037867	0.15432624783765125	0.3210553092099867	0.2590917891545545	0.09625770686742868
0.16639544376538615	0.15462538772715045	0.32649152624401045	0.2559614269811453	0.09652621528230745
0.16800402848689297	0.16005498113622973	0.32128425022427337	0.25759434047265084	0.09306239967995282
0.16262637776656494	0.160320732946586	0.32188529159636037	0.2587651580766466	0.09640243961384193
0.1685510455551593	0.15450815361272524	0.32657897813321213	0.253816196083561	0.09654562661534213
0.1613908483050365	0.16326718672580104	0.3194430067112892	0.2636240341694702	0.09227492408840286
0.16902973811386252	0.15465951816785867	0.3273864782377545	0.2566911010918125	0.09223316438871158
0.16956008831985142	0.15404194851179961	0.3237606039578471	0.2563181432559011	0.09631921595460056
0.17068857822797115	0.15816594023268712	0.32356994716648513	0.2534061956190706	0.09416933875378582
0.16169250341856717	0.15976728746151625	0.3255087424289647	0.2565116207121647	0.09651984597878699
0.17047934858665184	0.15537860934716097	0.3240067178951249	0.25562100609410804	0.09451431807695404
0.16076028637684459	0.17013158937527145	0.3255514160887361	0.2533243722701136	0.090232335889034
0.16672220868376503	0.1579483955798764	0.3259734531951697	0.2570172388430425	0.09233870369814615
0.16273496314127794	0.16276115439883532	0.3281623923210253	0.25570742255688717	0.09063406758197412
0.16202296377634196	0.16316400336111386	0.32301020793393087	0.253252406491135	0.09855041843747814
0.16389413229695143	0.15872302655173193	0.32731383868031055	0.2600653986122776	0.0900036038587283
0.16420355838578657	0.1616461063916389	0.322966137303996	0.25547352558946984	0.09571067232910851
0.16511301451020396	0.1584855309696244	0.3199657755957501	0.2611902907072078	0.0952453882172136
0.17016708885391071	0.15590222273919474	0.32137136032521574	0.2543792206141207	0.0981801074675579
0.1691956441066313	0.15658414078878705	0.3221474641642231	0.2549051062831914	0.09716764465716696
0.1600729134349504	0.16618493547540297	0.31999021532216737	0.26089704629127897	0.0928548894762001
0.16515113318675825	0.155862429036772	0.3244921142031654	0.26262920866844053	0.09186511490486357
0.159514676355618	0.16221102458250475	0.32132589924921073	0.25934552224173607	0.0976028775709302
0.16408272800260587	0.16437732603680447	0.32422623569827136	0.25669278973868725	0.09062092052363085
0.17037609416958305	0.16052816960042218	0.32074094617017684	0.25732011848658093	0.0910346715732368
0.1670341126077884	0.1564644064453271	0.32535632808798426	0.25618237854121445	0.0949627743176856
0.15958451398930637	0.16701406648558387	0.3204825196648218	0.2620319737680965	0.09088692609219128
0.16246521417475457	0.1631879789588624	0.32366558145310254	0.25675316998972486	0.09392805542355545
0.1699527913531321	0.15439824255229134	0.32756163434193786	0.25249138423898876	0.09559594751364975
0.16414782459340857	0.16573573442572817	0.31868268676994993	0.25579535217553734	0.09563840203537585
0.16366404381692576	0.16893250129743587	0.32018977403249405	0.2557384851754132	0.09147519567773085
0.16990824161315743	0.15484904437359365	0.32618125200547504	0.255109932190667	0.09395152981710664
0.16319500679296536	0.15751006034457732	0.3263252866024943	0.25574364314721865	0.09722600311274417
0.16346205275836234	0.16621833723219964	0.327005075981812	0.2530891357583078	0.090225398269318
0.16911295609090626	0.166754324494048	0.3188592176305187	0.25245916815433245	0.09281433363019437
0.16554657020763167	0.15799861600491177	0.3264115811840319	0.25263330963742026	0.09740992296600423
0.16603684562839321	0.16044098456804345	0.3219613875195546	0.261552890585595	0.09000789169841353
0.16239532545735297	0.16042514321348747	0.3195226077302365	0.26334887069940205	0.09430805289952089
0.16472283071848004	0.1648691743115377	0.32116881396707636	0.2564533145327232	0.09278586647018255
0.1673389650476913	0.16295362831659707	0.32172521215716576	0.25777979221729963	0.09020240226124601
0.16455693914162106	0.15859049127198618	0.3213507477616037	0.26082871636100813	0.09467310546378072
0.16560214931166156	0.16145098580254108	0.3218939070724959	0.2610642884993277	0.08998866931397358
0.1614718159492522	0.15970886117484065	0.32421867491548995	0.2598848037293772	0.09471584423103982
0.1661592736041693	0.15980465819735457	0.3200611037232609	0.26066998747890097	0.09330497699631406
0.16043117604344254	0.1693118130116211	0.3264172148700386	0.25403360591884844	0.08980619015604907
0.16267221501113197	0.1686787218214585	0.31885746570603024	0.2534294308577015	0.09636216660367761
0.16104681599230286	0.1599219182243818	0.32081766013697804	0.2623384783323152	0.09587512731402194
0.16550191727911845	0.16170212815471843	0.3208657888180139	0.26081314841693487	0.0911170173312141
0.16548618730995618	0.15616456410268015	0.32449076525840437	0.2606428152247656	0.09321566810419349
0.1595440352377335	0.1670724956658417	0.3273609388046482	0.2555254986688446	0.09049703162293182
0.16668848742925013	0.15420630891740023	0.32496372993398404	0.2576138799437635	0.09652759377560184
0.16400794460443688	0.15480808864792503	0.32247843696532885	0.2645321692304952	0.0941733605518138
0.16847642054359788	0.1590335998187431	0.31960987662205165	0.26249736933649426	0.09038273367911295
0.16098460503695608	0.16128376730381527	0.3261097372484374	0.2595697974090236	0.09205209300176741
0.17084597531666953	0.16205102125507131	0.32042808776162834	0.2535066804735982	0.09316823519303238
0.17165966960233886	0.15953009608598365	0.31983419149103154	0.25629399759270466	0.09268204522794107
0.16848333528329953	0.15538036537739022	0.3259403276773011	0.25747835277891007	0.09271761888309893
0.16165829121342465	0.1665188947780986	0.3244629298375628	0.25485476390062023	0.0925051202702935
0.16615369674511704	0.16014604941464258	0.3197284186702459	0.26392511739164703	0.09004671777834726
0.1680313884016533	0.15778583119625514	0.3262088830283893	0.25554110483733133	0.09243279253637075
0.1706861256009421	0.1564708447529552	0.32813715001344934	0.2546684022120578	0.09003747742059535
0.16955256394697177	0.15697650688954118	0.3213829992295596	0.25888275381023346	0.09320517612369379
0.17041132397105932	0.15993163149212036	0.3271199815659087	0.25255291252634743	0.08998415044456397
0.16002511000606212	0.1656869572701805	0.320865907619332	0.2617710352444331	0.09165098985999211
0.16304824261088918	0.15501758548057445	0.3233758106605533	0.26440388250666536	0.0941544787413175
0.16213226738542	0.16462505930162705	0.32396862699865947	0.2576773794176414	0.09159666689665191
0.16410585890737003	0.16615983402712256	0.3238652523114921	0.25254030053145904	0.09332875422255611
0.16309589821232975	0.16715057121471372	0.3200730832532759	0.2535253509158382	0.09615509640384222
0.1663957709742173	0.1557505324721744	0.32617656314380117	0.25782149695949647	0.09385563645031045
0.1712766673354777	0.15426436879040462	0.3203504540580039	0.25590090626284145	0.09820760355327218
0.16540904346472618	0.1654573813567234	0.32160552289694105	0.2557261912227959	0.0918018610588133
0.16583566873905875	0.1570624076607522	0.3202394641592627	0.26177166763973697	0.0950907918011892
0.1672239539825647	0.15613349282904937	0.3191095231504979	0.2633235525436292	0.09420947749425862
0.16079392114563346	0.15658805101811601	0.32027914816103936	0.26402305583275065	0.09831582384246026
0.1635271533995128	0.16126354085743483	0.3223103617284824	0.2577141941067638	0.09518474990780598
0.16205453481524507	0.1634468580147167	0.3262560364652046	0.2537725034048141	0.09447006730001933
0.16714103348384257	0.1627749772092	0.3246205479488347	0.2548041042197171	0.09065933713840542
0.1685290244253883	0.15909863703311677	0.3187023097273955	0.255142879241972	0.09852714957212722
0.1665184066585842	0.1543792867731083	0.32225580152626176	0.25858461563329527	0.09826188940875032
0.15957612564292326	0.16859444920131228	0.32686275617935495	0.2549449267877589	0.09002174218865044
0.1659082037743669	0.1586537718215586	0.3200658760199364	0.2634632752142283	0.09190887316990956
0.1659062121997155	0.1651656513510312	0.32004020086543783	0.2574347631336543	0.09145317245016091
0.16263572221118244	0.16312087346847443	0.32164819879751927	0.25961628927219654	0.09297891625062708
0.16113409041612253	0.1624188595116348	0.32730432345707006	0.25464489593756795	0.09449783067760449
0.1618435548834921	0.16505015237057555	0.32285631047396207	0.2585783178173327	0.09167166445463734
0.16669376614957057	0.15548091858075025	0.3252878180458846	0.25700176119006657	0.09553573603372781
0.1698602014702919	0.1554649431422905	0.3229147060861248	0.2588559985392557	0.09290415076203681
0.16606722249740713	0.1572300707251652	0.3199009776549389	0.2607098048109469	0.09609192431154169
0.16508497633899943	0.16623294067693373	0.31950567134585145	0.2553791610545176	0.09379725058369759
0.16333600912338747	0.15832084630200322	0.3218750927809567	0.2637600399462916	0.09270801184736085
0.17154990323737748	0.15472164179792297	0.3251503779947517	0.25843831027165265	0.09013976669829499
0.17104295265818475	0.15643560791730898	0.3243286087730958	0.2529273797905523	0.09526545086085805
0.1672687128192679	0.15763433810105015	0.3238921690204808	0.25489750928926375	0.09630727076993724
0.16215237604553315	0.16586095052580715	0.32304782412234484	0.25644831616550373	0.09249053314081089
0.16466809276030167	0.15469020203716832	0.3279558793884113	0.2545418174554857	0.09814400835863282
0.1593098594153785	0.1625154669862885	0.32223422802307783	0.26408430089748336	0.09185614467777162
0.160636102170865	0.158943916849827	0.3232918997003728	0.2591224864543085	0.09800559482462645
0.162053982145685	0.16725976211864915	0.3239472701199312	0.2540763990783637	0.09266258653737074
0.16093664351107861	0.1678125873866102	0.31933756503803357	0.25812526065763064	0.09378794340664678
0.16738099156419306	0.1570346521177881	0.32578908227054315	0.25606954312063823	0.0937257309268372
0.16355090344158663	0.1637941142182312	0.31982391955678446	0.2563511496175723	0.09647991316582522
0.15951541795725593	0.1556949241145688	0.3263056745562566	0.26546029237848934	0.09302369099342911
0.16859807293541085	0.1664401094719864	0.3213535403358817	0.2536066651523401	0.09000161210438076
0.16797994865377003	0.16363880089816585	0.3242746146435146	0.2527133573347643	0.09139327846978507
0.16656113436979525	0.15997797713537737	0.319542306797595	0.2629505711117416	0.09096801058549063
0.16736052590113093	0.15735193645056425	0.32350181821928314	0.25776928729278814	0.09401643213623331
0.16908148278746804	0.15632179913761857	0.328138756265641	0.2550046390451323	0.09145332276413988
0.16181520042758402	0.16642291039279594	0.319990798909993	0.2598503819312027	0.09192070833842413
0.15940846293799613	0.158486926143657	0.3252252289860587	0.2642995726197333	0.09257980931255466
0.16124795644087048	0.16510351060002887	0.32455631036269367	0.2582005569376723	0.09089166565873452
0.16182204928809868	0.1665927845263202	0.32445888590128064	0.2573796013197239	0.08974667896457636
0.1704007424240876	0.15458773620584762	0.3213381576824892	0.2617020177507135	0.09197134593686186
0.17014705839507283	0.15850290114738216	0.31925408644455455	0.2616232560022441	0.09047269801074619
0.15975217944245057	0.1662378516046061	0.3238390324830811	0.25422323704485983	0.09594769942500211
0.16863488852720016	0.15796882565888115	0.3274773284403475	0.2531819874590273	0.09273696991454367
0.17147695198537338	0.15506559763951167	0.3221489869382671	0.2525765700427837	0.09873189339406392
0.16518136878278664	0.1583716180524278	0.32397549558830835	0.262604926903896	0.08986659067258106
0.16590418646005486	0.15724695048338613	0.3256418413859792	0.2597446485709718	0.09146237309960784
0.16508683935952595	0.16608527463911332	0.3201305439393061	0.25481167230421853	0.09388566975783588
0.17087974052682448	0.15457026749145447	0.3201322622338268	0.2577290429960022	0.0966886867518919
0.16849412094164112	0.15755699903904588	0.3186125923780895	0.26420598904873926	0.09113029859248406
0.16152286604763677	0.16833791257005465	0.3203687294629135	0.2568413267517574	0.09292916516763745
0.16642164417465	0.1579584124158917	0.32598606558160736	0.2593399483061171	0.09029392952173362
0.16601057909416553	0.16420667659718158	0.3243684034153279	0.2543229440429512	0.09109139685037358
0.16671342623900054	0.15603915651928746	0.3186098139949306	0.26106407149161304	0.09757353175516811
0.15979893993862937	0.16188801403170355	0.323966805168711	0.26188769842594006	0.09245854243501583
0.16904452487684435	0.16294087326484832	0.32247828901957787	0.25524385264064037	0.09029246019808888
0.16286654101437226	0.16701403993890374	0.3190539727671342	0.25901739054895806	0.09204805573063152
0.16627769406187287	0.1632193822701256	0.3211372861623502	0.2553095364749426	0.09405610103070847
0.1698848546841759	0.1567204897500183	0.32274643619841775	0.259419503062376	0.09122871630501189
0.1658215300304135	0.1559388630068786	0.3230536521982357	0.2640049053889693	0.09118104937550267
0.15921397270080698	0.1552650391436463	0.32774858144954877	0.2627217130958279	0.0950506936101698
0.16676338737343582	0.1542451181579651	0.32727303911080086	0.25518372481168083	0.09653473054611719
0.1601692244937601	0.16581753404633065	0.32313885786923346	0.2529330958136536	0.09794128777702199
0.160270701024247	0.15697474658401864	0.3229703861417137	0.2638566947345459	0.09592747151547458
0.16039327952158747	0.16200044988571838	0.3214418017579214	0.26106547136945857	0.09509899746531394
0.167064311420556	0.16354637635353025	0.3239145338786236	0.2544359206648916	0.09103885768239829
0.16166661973358074	0.16267049898961716	0.32792387181273586	0.25592008265030464	0.09181892681376141
0.1594067893513772	0.16170925400442834	0.32324607603883815	0.26160076291961964	0.09403711768573651
0.160088070395744	0.16217461606534794	0.32737254467125887	0.2573143488600758	0.09305042000757321
0.16826175614793792	0.15635655157191178	0.3210655252947482	0.25823461535824277	0.09608155162715913
0.16801925276820506	0.1605206790720386	0.3256079579587884	0.2550908506235621	0.09076125957740566
0.16600686434006334	0.1567768272530039	0.3237926893524094	0.2628105082326597	0.09061311082186345
0.16730693664004542	0.16315879756598697	0.32546461581055675	0.25386647739588625	0.09020317258752444
0.16396768156885205	0.1616989385774997	0.3210611025981376	0.2632441708445759	0.09002810641093453
0.16656020531088325	0.15750889368925497	0.32470890132884606	0.25949349090831525	0.09172850876270029
0.16633121878823937	0.16096492729265335	0.3210507865433391	0.26072216752634564	0.09093089984942238
0.1611516201910477	0.1551727153073215	0.3250019104393135	0.26264755691426256	0.09602619714805458
0.16366471980964434	0.16328534095000044	0.32795077995818067	0.25283887444711806	0.09226028483505626
0.16812392819298294	0.16522024213923212	0.31850718886594453	0.2559682549278291	0.09218038587401108
0.17031607835704488	0.1562412493776406	0.32100697263210065	0.255830424606905	0.09660527502630858
0.1607531083086255	0.16243232986809517	0.3233551261842923	0.2603777072534601	0.09308172838552671
0.16588260013931955	0.16006857822499937	0.3225836841806103	0.2591073256905129	0.09235781176455765
0.17183271061228725	0.15563939142808125	0.3186461983654424	0.2636860102387658	0.0901956893554231
0.1656407760034194	0.15950172023674367	0.3208719573148265	0.2610776248314901	0.09290792161352013
0.17090502182575862	0.159275432763202	0.31951589335590813	0.25952431703877793	0.0907793350163531
0.16380252066610707	0.15537866911619513	0.32503062241325587	0.26447836504213595	0.09130982276230579
0.16670600716064193	0.1634862744455572	0.3205774414806731	0.25243625919511237	0.0967940177180153
0.1687153112476529	0.16139830325051763	0.31874880785940507	0.2559487993770369	0.0951887782653873
0.16027308229944856	0.1648623827818887	0.32058330833555027	0.2637310453555672	0.0905501812275451
0.163117734300688	0.16194056076640634	0.323320866236597	0.2606414523354066	0.09097938636090183
0.16515832039831452	0.1597874111793736	0.3196670031793813	0.2577339895269396	0.09765327571599076
0.16850751727985647	0.16023648469846632	0.320217827373183	0.2592105193290188	0.09182765131947519
0.16997837976411004	0.1561932479294001	0.3244101229656902	0.2582392764368804	0.09117897290391908
0.1657481827269353	0.16405078232331272	0.32231438578036	0.2547397395432498	0.093146909626142
0.16150574114909877	0.16391598752656794	0.3203738735493069	0.26331896894018697	0.09088542883483919
0.16683635521243212	0.1619450862919605	0.3262957771749576	0.25448469014244746	0.09043809117820212
0.16160618203993454	0.1595440982195884	0.3212605986004779	0.2645006166706117	0.09308850446938724
0.16327364924507687	0.1644338622472173	0.3208998885562696	0.2611008228708615	0.09029177708057454
0.17039117923627842	0.15907745174167115	0.3236887057963136	0.2524568143296907	0.09438584889604595
0.1616972228183365	0.15514869849409718	0.3211433046893884	0.2642356194944043	0.09777515450377346
0.17098767803722176	0.15561613388426482	0.3186589452231033	0.2581507442905559	0.096586498564854
0.16839485117363412	0.15997252219969654	0.32491859050673755	0.2555988136458479	0.09111522247408368
0.15991659331050723	0.1643519493551854	0.32394814796673227	0.257929887199028	0.09385342216854692
0.15994758771346845	0.16511366186587548	0.32025289152170905	0.2635467615291054	0.09113909736984142
0.16092587517539544	0.16176962406560552	0.32762643956502946	0.25440807485723255	0.09526998633673682
0.1658415408370325	0.15861667819523897	0.32569536289251494	0.25951625196286643	0.09033016611234695
0.16515964083969015	0.15701772115087734	0.3281862708840877	0.2554415994883034	0.09419476763704124
0.1637218652051535	0.16130343988001183	0.3201834057323694	0.2599954038733285	0.09479588530913657
0.1631887712979387	0.15917909076816739	0.32349882392927276	0.258473659817948	0.09565965418667297
0.16610635787015132	0.15718523988360916	0.32319506165532047	0.25621514477705465	0.09729819581386426
0.15976182745689965	0.16338099371900305	0.32815833641065595	0.257218763774137	0.09148007863930419
0.16985927705703324	0.15955652797928116	0.32089265013750384	0.2570824561624272	0.09260908866375439
0.16018845392839196	0.1679325715764535	0.32160394499424155	0.2532549929355592	0.0970200365653536
0.16527228117164797	0.15901383750398582	0.32451311555026696	0.2558572721107621	0.09534349366333694
0.16977277985431058	0.16191872365943577	0.3221627763703503	0.2552066523376267	0.0909390677782764
0.16836081056579116	0.1543422280347068	0.32425751019637833	0.25955341892011996	0.09348603228300353
0.16559244843129148	0.15704643476788385	0.3241571601589763	0.26048792115944935	0.09271603548239885
0.16030556804997242	0.1635841374132763	0.3261280155916251	0.2560437772138469	0.09393850173127914
0.16857281047086284	0.154114653277146	0.3202004411804896	0.2645245026020462	0.09258759246945518
0.16083896273398768	0.16107261037979914	0.32494773059221005	0.2567456515144456	0.0963950447795573
0.1680486541368521	0.1576684423522206	0.31888536275005297	0.26291530796710516	0.09248223279376895
0.16060612674811714	0.16410888015502112	0.3237163764619786	0.2544544907079664	0.09711412592691657
0.16178925706596767	0.16626270207927865	0.3279088199206713	0.25350695403200757	0.09053226690207464
0.16037277418409338	0.1648470502023231	0.3196702881268675	0.25995569055979895	0.0951541969269169
0.16675541051699233	0.16346731154086658	0.320550369082204	0.25805788938239	0.09116901947754685
0.1641039034380188	0.16102309138867738	0.3233137995138148	0.2590608555929027	0.09249835006658613
0.16554534024489162	0.16339293830257567	0.32696709501050286	0.25396071185211744	0.09013391458991221
0.15928122435286246	0.16649489302322265	0.32265475812912114	0.25369508004628405	0.09787404444850949
0.1660334652179741	0.16712330635015327	0.319333243520682	0.25591544571360114	0.09159453919758932
0.16360145239030713	0.16020795369616414	0.32515228348393965	0.2571145355328325	0.09392377489675645
0.16715385801557264	0.15748095886430158	0.3238820865365457	0.2530996060384397	0.09838349054514016
0.16138252745053833	0.17018004246243995	0.31999973417786465	0.257312803606844	0.09112489230231288
0.16828656300455216	0.15422966591921425	0.32040078180469933	0.2639033317659343	0.09317965750559976
0.16202302804730678	0.1607086436238105	0.3262446371883545	0.2541298220998512	0.09689386904067684
0.16546373840773343	0.1639992283656872	0.31883095274273876	0.261343501538998	0.09036257894484245
0.16093335488932461	0.1668453984861486	0.32074706386988006	0.2603361068439214	0.0911380759107252
0.16108160896005733	0.1643168178972741	0.32773007964035133	0.2524407340644517	0.09443075943786533
0.16389655396556752	0.16243523582602362	0.322913378339347	0.2570341271985519	0.09372070467050977
0.15925668086360648	0.1552316593114736	0.327169247302978	0.2612099499243303	0.09713246259761146
0.1629506566300795	0.1659162703375565	0.3225980996634289	0.25624444242893973	0.09229053093999523
0.16892359099853688	0.16216368884334317	0.3240368463281973	0.25269663587955227	0.09217923795037018
0.16489801946439236	0.16661215941454066	0.3214406287616639	0.2559705785096321	0.09107861384977073
0.16441667207575375	0.1606261369910644	0.324385557493442	0.25413777975638074	0.09643385368335894
0.16054678076818846	0.16541380973160996	0.31944218203812974	0.2600054353598308	0.09459179210224089
0.16230499159421044	0.15841572833117043	0.3213015787801933	0.26227314421587944	0.09570455707854619
0.16070134276805453	0.1605087170674162	0.3239228841779883	0.2580509227299792	0.09681613325656158
0.16984131811770084	0.15741527123876908	0.3215896591765313	0.25839137662635914	0.09276237484063943
0.16588839356509522	0.16246603454508698	0.3195069025078351	0.2602837222081938	0.09185494717378873
0.16874965076270018	0.16885788020827536	0.31978421317797384	0.2528241230123566	0.08978413283869377
0.16772276796693725	0.155379847200696	0.3252838860237165	0.2537820933392362	0.09783140546941388
0.1641118939222743	0.16478445983698736	0.3220258053292474	0.25866705855380506	0.09041078235768568
0.1668959376223932	0.16128515345203148	0.32202125827587796	0.25929598558855604	0.09050166506114111
0.16093037458669399	0.15417422415036156	0.3243762367938329	0.2635562913035258	0.0969628731655856
0.1607415617533876	0.16103159783689583	0.3270924141831176	0.25643472848138393	0.09469969774521486
0.1652072213336082	0.16982930914404354	0.31871723241178596	0.25575379492836714	0.09049244218219496
0.16303882720214186	0.16975802596566691	0.3191868470222392	0.25598302801744693	0.09203327179250491
0.16044661830101947	0.15675458885513832	0.32035036334668726	0.26455251634858185	0.09789591314857288
0.1633871656668851	0.15569259275856892	0.3237965262103256	0.25842190995739867	0.09870180540682152
0.16582567009604815	0.1540786646867249	0.32181006489039127	0.2627364405967145	0.09554915973012096
0.16607462108171753	0.16251345091162422	0.31925643837817524	0.2604628535302872	0.09169263609819561
0.1700833036496432	0.15895509761994125	0.3238388578827142	0.2550071102061548	0.0921156306415463
0.16348548114493477	0.1578570125298269	0.32656589357222754	0.2571116962172347	0.0949799165357759
0.15981826173809158	0.16433269134574802	0.3213569229413867	0.2641220556189318	0.09037006835584169
0.16008116350533244	0.17006409392931338	0.3237040375540002	0.2536374387069377	0.09251326630441611
0.16766163515659543	0.16617549495889627	0.3210694952635985	0.2544384589553337	0.09065491566557593
0.16001721232727334	0.16003352272320046	0.3279495266119547	0.2555903360918982	0.09640940224567313
0.16665047037513664	0.16271347350025867	0.31893046250125634	0.26072071250118267	0.09098488112216556
0.16688161995622736	0.16353188165211643	0.3245112706667131	0.2542390163304006	0.09083621139454232
0.16969864539619758	0.15642459637127024	0.32130108417471237	0.260723435915387	0.09185223814243262
0.16723364219993717	0.16238509570101667	0.3245245639794592	0.253341323730871	0.09251537438871577
0.16673554068004756	0.15702976426332144	0.3232089516195209	0.25755001265577443	0.09547573078133545
0.16193389223877874	0.15891062126885752	0.323402867045121	0.25715305561895646	0.09859956382828608
0.16073093721000387	0.1588700592039307	0.32567862525181773	0.2563794637019457	0.09834091463230178
0.16253423646514642	0.15762957312583992	0.3233854549577633	0.26199295394964334	0.09445778150160684
0.16106077081272807	0.17005822063506507	0.3203809062432019	0.2561619506753341	0.0923381516336706
0.17112321626871357	0.16338103897544223	0.321681328863776	0.2529908879143167	0.09082352797775137
0.1641444898057136	0.1679433017396389	0.3241114625698969	0.25326197243276743	0.09053877345198291
0.1622255960444736	0.16312864916911773	0.32328997437158746	0.25664258286783387	0.0947131975469871
0.16855697170054973	0.15766461246969815	0.3197505922771883	0.26255282095374344	0.09147500259882027
0.17118637830855793	0.15505833986956238	0.3220566122447459	0.2604107473286356	0.0912879222484979
0.16692904430953243	0.16114597256453467	0.32515532247123513	0.25672893581217415	0.09004072484252344
0.16610314644567364	0.15937461436490868	0.3279096858833662	0.2563047839589568	0.09030776934709443
0.1695822834508297	0.15869339164951662	0.3245737529748579	0.2534096615905547	0.09374091033424084
0.16020818653322633	0.1584716681464732	0.3276384283110168	0.2575260303545373	0.09615568665474616
0.16637292322020084	0.15742350043605663	0.32138273520037386	0.26233764534308696	0.09248319580028151
0.1627133235173397	0.16420018025815797	0.32588365844395584	0.2535007709798221	0.09370206680072417
0.16973646963015232	0.15456246240202223	0.32036057784522154	0.2641743929563757	0.09116609716622802
0.16071306156216003	0.16190419410709567	0.3268343297352691	0.25404404703509675	0.09650436756037822
0.17123747494271524	0.15706129154702303	0.319008015569019	0.26219421778471996	0.09049900015652257
0.1651197083638739	0.15566157041162998	0.3273247523606885	0.2558205579636624	0.0960734109001451
0.1602863865439405	0.16200663584398334	0.3238669031216484	0.2616320537155418	0.09220802077488575
0.16179488574227116	0.1704005139591838	0.3228598646151666	0.2534207386480619	0.09152399703531636
0.16717564187200387	0.15858895991814276	0.3256963050881282	0.25698122797187994	0.09155786514984503
0.16298664166332802	0.16250719529205832	0.32188907342424966	0.2591826144027995	0.09343447521756434
0.16654022415974873	0.15505405341985892	0.3254114887040119	0.2576087646009302	0.09538546911545007
0.16054986564098392	0.1688793847656624	0.32007245293769593	0.2572024777296834	0.09329581892597419
0.16558862529534923	0.15754385184320144	0.3269286442002866	0.25482233641230845	0.09511654224885403
0.1629177883850492	0.15678734309704986	0.32506360059097494	0.25951551893876834	0.09571574898815745
0.16429754097048693	0.15723330655971834	0.3187117070788088	0.2615562910308934	0.09820115436009239
0.16748746348768515	0.16351674295186058	0.31995355248830115	0.2590544821476282	0.08998775892452471
0.16173071282829615	0.16355116617147925	0.324524351249536	0.2599699279727131	0.09022384177797531
0.17072065735498368	0.16139790466381565	0.32084844585640643	0.25305210978713916	0.09398088233765486
0.16621796426881022	0.16153092625184048	0.3226358841818071	0.2591392693585477	0.09047595593899431
0.16369429238385494	0.1673654878183528	0.3192306512442695	0.25731264059347686	0.09239692796004567
0.16603442441239064	0.15568361095301012	0.3269868371858551	0.2543702632806323	0.09692486416811169
0.16689017051640115	0.16120946844676262	0.3186705229247336	0.2612128301298401	0.09201700798226234
0.16453559298467907	0.1566263814594758	0.32407827669101297	0.25929897250424294	0.09546077636058906
0.16603292267553488	0.1560917313654926	0.3204237829128342	0.26217687476916307	0.09527468827697508
0.16424464088832313	0.15710567501500544	0.32694194634253504	0.254299057753095	0.09740868000104119
0.15962265924205638	0.16305614755719902	0.325170096602816	0.2619573558212074	0.09019374077672106
0.16915425904581644	0.15787756506993236	0.3271798148528715	0.25572543388859836	0.09006292714278111
0.16667696996614845	0.15596799921083523	0.3217984312114657	0.2638727809164014	0.09168381869514909
0.16040138589178038	0.16010600409936052	0.32428320043684833	0.2630098192822072	0.09219959028980335
0.16357689583010793	0.16292034029647157	0.3219618936967453	0.26008556770562463	0.09145530247105034
0.1669103901100609	0.1546023781207611	0.32036608572512487	0.2611581207331959	0.09696302531085707
0.16391374287756713	0.1556765323294509	0.3250086359691702	0.25792880754130315	0.09747228128250847
0.16972457761543974	0.1617360228123917	0.31935233271621505	0.25260175152269654	0.09658531533325679
0.1671676031678495	0.15444999347647692	0.3216848158499954	0.2626570585355781	0.09404052897009987
0.17042124216488552	0.15895789696659052	0.32065272645305753	0.25477299125810465	0.09519514315736156
0.1614101700970971	0.16673009150201115	0.32211849588788566	0.2543921663571898	0.09534907615581609
0.1641025313501785	0.1546949801808517	0.32512831768104256	0.2627943152016159	0.09327985558631119
0.16965101041688663	0.1541925836934111	0.32166645651152503	0.2635464296017588	0.09094351977641826
0.16298130830879126	0.16068808293397369	0.3198173286330465	0.262109218434465	0.09440406168972339
0.1596703490959868	0.16695786054634643	0.3202638916382182	0.2616279438689549	0.09147995485049346
0.1604568148811946	0.16919895139940186	0.32119913582158166	0.25784513858119523	0.09129995931662643
0.15932619871191667	0.16966276307432207	0.320064892241531	0.2564942858929242	0.09445186007930577
0.16796291707213126	0.16438681225276897	0.322132403433947	0.25443887535766563	0.09107899188348693
0.17069709259087112	0.16233955555765253	0.3240793365212935	0.25257820204981707	0.09030581328036554
0.16087531614601727	0.1672896178618293	0.3254339334950688	0.25664140512023037	0.0897597273768541
0.1682922961638067	0.15702578341322657	0.3192677510654356	0.25709931264852903	0.0983148567090019
0.16226903139341622	0.16383366084199932	0.3262788617552643	0.25713527644704	0.09048316956227993
0.16616695197944828	0.1542139396480371	0.32609462221897695	0.26241728679353377	0.09110719936000367
0.16639393070049416	0.1667687529683527	0.3240468131033572	0.2524554888014582	0.09033501442633761
0.17186108518341667	0.15452600237526737	0.3278910532571664	0.2546140879623759	0.09110777122177352
0.16886188956734105	0.1557522782592768	0.32431993725278996	0.2606380687547638	0.0904278261658282
0.1670900308462102	0.16815144876574534	0.31890383517251564	0.25589054048527227	0.08996414473025632
0.16264025655772685	0.16292918076253018	0.3235620776116581	0.25524908210064956	0.09561940296743505
0.16729005972608035	0.16259543967250134	0.3220577832558441	0.2548776679584922	0.09317904938708178
0.16227927664013744	0.16086195899908476	0.3241183622748277	0.26154116857230997	0.0911992335136399
0.15987854843427723	0.1591754072914558	0.3280578412828944	0.25509138560375844	0.09779681738761399
0.1612332209325007	0.1608511378422423	0.32119744158091756	0.2624802195494022	0.09423798009493703
0.15957275175703345	0.16158709265074053	0.3196907056136254	0.26304732865252145	0.09610212132607898
0.16431973381279746	0.1634489063951722	0.32058838697509207	0.25391747438796763	0.09772549842897049
0.16230310199819914	0.16680152415414565	0.318539594696294	0.25463737848384044	0.09771840066752063
0.16615422530843194	0.1553628305827448	0.322944218701614	0.26231368451035475	0.09322504089685432
0.1694574175541502	0.15775356031321633	0.3190983163170285	0.2636459573938894	0.09004474842171536
0.1624084149379367	0.16288529296587745	0.32074644032597666	0.2577184268302989	0.09624142493991009
