0.3478040608109796	0.4001074094832857	0.2520885297057348
0.347700406075384	0.401660367023363	0.2506392269012531
0.34860825855670263	0.3985777073525944	0.2528140340907031
0.34927920266037993	0.4011835605591518	0.2495372367804684
0.3489350625866887	0.40023491106428977	0.25083002634902163
0.3470774133236994	0.4025826334535186	0.25033995322278213
0.34932321660990695	0.40012523194705324	0.2505515514430399
0.34949215241576004	0.39903520645145185	0.2514726411327882
0.3495627586441521	0.3988010720789759	0.2516361692768721
0.3484591883222448	0.4002619445114377	0.2512788671663176
0.34679179769252927	0.401213508358739	0.25199469394873186
0.34608572654126457	0.4023622300278694	0.2515520434308662
0.34921910113679006	0.39829547527980064	0.2524854235834094
0.348560516838983	0.3996169635279295	0.2518225196330876
0.3486789928539943	0.39823321838567716	0.25308778876032867
0.35068826539758113	0.39970295937523437	0.2496087752271846
0.3470184750763561	0.39972645059679385	0.25325507432685024
0.3470647451573035	0.4026792387913717	0.2502560160513249
0.348389262361553	0.4017193046867534	0.24989143295169375
0.3481029242500027	0.40072031048697426	0.2511767652630231
0.34696253704322577	0.3999387506880535	0.2530987122687208
0.34729591703619483	0.4019072773391602	0.250796805624645
0.348460485094497	0.3990505497341845	0.2524889651713186
0.3508323047220373	0.3982391043589291	0.2509285909190337
0.3466369150708888	0.40062651814516725	0.25273656678394407
0.34947409308582467	0.4007705337214935	0.24975537319268196
0.3471507168370147	0.4007057470695492	0.2521435360934362
0.350559809624081	0.3995827873670402	0.24985740300887882
0.3464866636920569	0.4008864787835661	0.2526268575243771
0.3496329099048996	0.3991002386118096	0.2512668514832909
0.3468781983291211	0.4017193682948052	0.2514024333760738
0.3469492926583761	0.4010321474309312	0.25201855991069283
0.3478942092484901	0.4001389781727592	0.25196681257875075
0.34758246402784343	0.40150652795936426	0.2509110080127924
0.3474417726162073	0.40026289347350213	0.2522953339102907
0.34830218549239705	0.3996296677235054	0.25206814678409767
0.3487353571357231	0.40022870289621737	0.2510359399680596
0.3486406971433667	0.3993767520313199	0.2519825508253135
0.35075911826987666	0.399573830723482	0.24966705100664144
0.34951935192803807	0.40041577732656847	0.2500648707453936
0.34707046338676817	0.4014559620252586	0.25147357458797337
0.35023927825985623	0.3990789460630109	0.2506817756771329
0.3504554886929926	0.39973015659581024	0.24981435471119728
0.3462094439399972	0.40161083948287457	0.25217971657712834
0.34696373078128256	0.39953151242242163	0.2535047567962959
0.3483203629664124	0.4021142979257086	0.24956533910787915
0.3484377092342275	0.4010437123974862	0.2505185783682864
0.3493977083795345	0.39934448060264427	0.2512578110178213
0.34640982630301875	0.4019765095236481	0.2516136641733332
0.3502270551647384	0.3982079161567079	0.25156502867855374
0.347722466991177	0.40051790259857756	0.2517596304102455
0.34657053364213986	0.4001939897368259	0.25323547662103435
0.3509954399923352	0.3987094257281084	0.2502951342795565
0.3496368962920385	0.3998829161534818	0.25048018755447987
0.34789495006737226	0.40161480544464734	0.2504902444879805
0.3507712725534852	0.39943754547980115	0.24979118196671368
0.3482109560442729	0.40135487090921684	0.25043417304651044
0.35058726545113467	0.39935876293944106	0.25005397160942444
0.34810020821581034	0.40068575847671833	0.25121403330747144
0.35013670992411206	0.39840016989042754	0.2514631201854605
0.34803911314278435	0.3986197170192628	0.25334116983795296
0.34625419759702086	0.40146709711719153	0.2522787052857877
0.3505677810629575	0.3991263205720612	0.2503058983649814
0.34696687347077626	0.40101099084360614	0.2520221356856177
0.34967038120171323	0.39948096042182357	0.25084865837646336
0.3483352276764807	0.400624354098442	0.25104041822507744
0.348969885508131	0.4005225936408401	0.250507520851029
0.3488322191807088	0.3992794878694481	0.25188829294984316
0.34749834382141864	0.40024876564670175	0.2522528905318797
0.35078324900348357	0.39876141422299727	0.2504553367735193
0.346459977958968	0.4006612369812348	0.2528787850597973
0.3463912497452069	0.402563768557775	0.2510449816970182
0.348182544646562	0.40167115950723037	0.25014629584620773
0.3492705741826647	0.39857646992621115	0.25215295589112424
0.3473642013597451	0.4004898214801793	0.2521459771600757
0.3469076903954769	0.40172752073713935	0.2513647888673838
0.3484366985235716	0.3997489519501947	0.25181434952623377
0.3500592350022413	0.400120246442626	0.24982051855513282
0.3472235615328001	0.3996331228515116	0.2531433156156885
0.34969132047311896	0.3997816717559078	0.2505270077709733
0.3504079336170931	0.398836253736491	0.250755812646416
0.34863542978073	0.39955084822255293	0.25181372199671714
0.3490746508691276	0.3994694632335876	0.2514558858972849
0.3472350175180351	0.3995734291446418	0.2531915533373233
0.348906353082578	0.3989127851035797	0.2521808618138424
0.3481405425370611	0.4023560222989383	0.2495034351640007
0.3460214465378977	0.40211467320898653	0.25186388025311585
0.34925520528565857	0.39962755181683823	0.25111724289750337
0.3473919103269171	0.40206050197134297	0.25054758770174
0.351067714356061	0.3987060966618509	0.25022618898208815
0.34776593734983285	0.40215584119738207	0.2500782214527852
0.348354503130343	0.401326095447053	0.2503194014226041
0.3470252277912319	0.401672282338541	0.2513024898702272
0.34746217287173875	0.4010748077302625	0.2514630193979989
0.34632193032719016	0.40178683737276966	0.2518912323000403
0.3486906944974697	0.39843823392332794	0.2528710715792024
0.3461636554678115	0.400526097453594	0.25331024707859456
0.3484045593545701	0.39871082522452694	0.25288461542090307
0.3507552136363671	0.3990815175968999	0.2501632687667331
0.3473414707762955	0.401828403818298	0.25083012540540667
0.34928846097083716	0.39996201784128776	0.2507495211878752
0.34844428897307506	0.4022914472729283	0.24926426375399674
0.3491623798147007	0.4001799308722622	0.2506576893130372
0.3489206120653769	0.400174621061373	0.2509047668732502
0.3503330749601862	0.40018014719313433	0.24948677784667955
0.34777339243957867	0.4004598358474702	0.25176677171295125
0.3480851048234982	0.40157744197103196	0.25033745320546996
0.3469660234934905	0.3995781043631826	0.25345587214332704
0.34761738614081583	0.4017697781739163	0.25061283568526804
0.3478553947119828	0.3996579990002947	0.2524866062877227
0.34856322923137284	0.39920337772409986	0.2522333930445274
0.3491226287404403	0.4007671397668074	0.2501102314927524
0.3481113973062566	0.4023815727150041	0.24950702997873944
0.3472675869867758	0.4001559508016399	0.2525764622115844
0.3471818503540295	0.4006542631314999	0.2521638865144708
0.34760037361912227	0.3994421854638066	0.2529574409170713
0.34598332265952914	0.40183748163814265	0.25217919570232833
0.3462277844964425	0.40034624669387353	0.25342596880968404
0.3484107219063549	0.40219473380458126	0.24939454428906394
0.34877248834466174	0.4006400750615363	0.250587436593802
0.3467377501964871	0.4004116076889911	0.2528506421145219
0.3482813729890988	0.40214158572562747	0.24957704128527392
0.3465213584241672	0.4000246305403789	0.253454011035454
0.3470205605406227	0.40137018288700926	0.25160925657236816
0.3487743250187011	0.3993905441290581	0.2518351308522409
0.3498710176645579	0.4005475892408421	0.24958139309460003
0.3482805923195378	0.399590656181271	0.2521287514991913
0.3484095685558759	0.4009125609365918	0.25067787050753243
0.34784696270295073	0.3991270870515631	0.25302595024548624
0.350238266284269	0.3992645979482213	0.2504971357675098
0.34728484664867415	0.3994832681827927	0.2532318851685333
0.3466607325826461	0.40229681727247146	0.2510424501448825
0.34584782742330844	0.4014283399418384	0.2527238326348533
0.3461782732272733	0.4018121083149757	0.2520096184577511
0.34882272160329963	0.40154856888239	0.2496287095143105
0.3489388293984198	0.398229565043002	0.2528316055585783
0.3495055010490797	0.3995252498756971	0.25096924907522333
0.34710398228863837	0.3998653403457385	0.2530306773656233
0.34640900209763037	0.4023013593015014	0.25128963860086834
0.34846131064838215	0.4019382747248915	0.24960041462672644
0.35032071070227294	0.3988058204541768	0.25087346884355044
0.34610758623348775	0.4006929760391787	0.25319943772733366
0.34773508041526124	0.4003112763837783	0.2519536432009606
0.34724655534385385	0.4026609086687142	0.2500925359874321
0.34766941673643526	0.4021138495402795	0.25021673372328535
0.3508095414840704	0.399911891528267	0.2492785669876627
0.3465588335323736	0.39994352211172707	0.2534976443558994
0.3480631705956314	0.4008729605933232	0.2510638688110455
0.34932017276858196	0.39981761954847794	0.2508622076829402
0.347580663647969	0.40169016146753955	0.25072917488449153
0.3473522152010504	0.39952142243823197	0.2531263623607177
0.3478010852823755	0.40088238994577235	0.2513165247718522
0.3471679552826997	0.40082311157133244	0.25200893314596795
0.3478439287222189	0.3993743588692233	0.2527817124085579
0.34739478773297483	0.4023130832233452	0.2502921290436801
0.34642918309293474	0.40209328053428706	0.2514775363727783
0.3466645008723795	0.40165896695005043	0.25167653217757013
0.34880973819193384	0.4018491605556562	0.24934110125241
0.3481966730890931	0.4011886036304323	0.2506147232804748
0.3487036608802188	0.3981593263236912	0.2531370127960901
0.3463561417438694	0.40014371333155724	0.2535001449245735
0.3495784779664829	0.40042292534273216	0.24999859669078509
0.3471098348847362	0.4002656338780567	0.2526245312372072
0.3482643699456302	0.4017896426082383	0.2499459874461316
0.34817442983236735	0.3988350967160219	0.25299047345161085
0.3478719304080644	0.40209807103655437	0.2500299985553813
0.34913265590253173	0.40051742451510924	0.2503499195823591
0.34648931965449054	0.4018567071081182	0.25165397323739136
0.34904993529426354	0.40088074686981506	0.25006931783592157
0.34885323368548865	0.39957384509152194	0.2515729212229895
0.34634468811228064	0.40206996769511183	0.25158534419260764
0.34853158507365667	0.3987836934613401	0.2526847214650033
0.3483027234878398	0.40061711417937806	0.2510801623327822
0.34849246596427375	0.4004312846571658	0.25107624937856055
0.3463860279658938	0.40211225765075637	0.25150171438334995
0.34785760434318724	0.4001514923921361	0.25199090326467677
0.3466654483412403	0.40228192548787545	0.2510526261708843
0.3495556515810509	0.40005904426993516	0.25038530414901405
0.34880469056613866	0.3981505854143388	0.25304472401952266
0.34640709549585275	0.4016046157985775	0.2519882887055699
0.3469113428249767	0.39997314875739637	0.25311550841762703
0.34908608088728355	0.4009691734890914	0.24994474562362512
0.3471778556496696	0.4014771614471685	0.251344982903162
0.3468359633738972	0.4013019740786932	0.25186206254740967
0.34957194101951056	0.40103232181618886	0.24939573716430072
0.350885740632295	0.398701659755234	0.25041259961247114
0.350200693373231	0.40051230875357546	0.24928699787319364
0.34709826389936904	0.3996525845792205	0.2532491515214106
0.34801400530595367	0.3998689429874335	0.252117051706613
0.34926283716425294	0.3999476597127274	0.25078950312301984
0.34810591773214805	0.39860890205577293	0.25328518021207913
0.34686062165073617	0.4010761882008419	0.2520631901484221
0.3487884630831083	0.40082054317158766	0.25039099374530416
0.3510229632062583	0.39947492983151056	0.2495021069622312
0.3464554746740057	0.4021432735007228	0.25140125182527157
0.3480727603465588	0.4004133062304759	0.25151393342296535
0.3477033897605297	0.40262071635607044	0.24967589388339995
0.34864181449353737	0.4014028250165808	0.2499553604898819
0.3468601188518882	0.4024344183358055	0.25070546281230643
0.34909733851120117	0.39871966811496384	0.2521829933738351
0.3474615886432383	0.399721432909064	0.2528169784476979
0.35099365393907506	0.39926414728579573	0.24974219877512935
0.3476575493943812	0.40211334285315425	0.25022910775246465
0.3506122255345386	0.39830095918716774	0.2510868152782938
0.3465234611894079	0.40091127627720907	0.25256526253338313
0.3475781595165181	0.3994169345886281	0.2530049058948539
0.3502072450198836	0.3985616151186111	0.2512311398615054
0.35024192538625554	0.39901518133482194	0.25074289327892263
0.3494022160382018	0.4007074441737478	0.24989033978805048
0.3495493468396237	0.39891167295655716	0.25153898020381926
0.35050009819240413	0.399473805614876	0.25002609619272
0.34794828536585387	0.39899641125769736	0.2530553033764488
0.3465582064530165	0.4007957672873295	0.25264602625965404
0.3508639086391535	0.3994241065458646	0.24971198481498202
0.35070559318899097	0.39830731349630943	0.2509870933146997
0.3470881860892071	0.40229053163265305	0.25062128227813996
0.3497036856595056	0.3991229580972223	0.2511733562432722
0.3509182230922542	0.39824333527825434	0.2508384416294916
0.34641942365005823	0.4025769713663183	0.25100360498362356
0.3461788990997794	0.40035278507638133	0.2534683158238394
0.3476109322221781	0.4006077200275271	0.2517813477502949
0.3464515087936429	0.4014574551970707	0.2520910360092865
0.34977063265347696	0.40000499696482816	0.250224370381695
0.34619227462996505	0.40154823045836224	0.2522594949116728
0.3484470187723463	0.4002331524453583	0.25131982878229553
0.3484811552162017	0.4016105862917139	0.24990825849208448
0.34836301444153883	0.4017042213998984	0.2499327641585628
0.34780185627694205	0.40084017962946783	0.25135796409359024
0.34715767994179736	0.400894155199418	0.2519481648587848
0.34903097452096754	0.39884982676926783	0.2521191987097648
0.34991216485581206	0.39876644824834634	0.2513213868958417
0.3497629045845074	0.4009294712725222	0.24930762414297053
0.3476211125649766	0.39964795133374564	0.2527309361012779
0.34611251290442185	0.40177508559055974	0.2521124015050185
0.34737134056895513	0.40077971006210333	0.2518489493689416
0.34666350141613633	0.4022169138564019	0.2511195847274618
0.3504794679563896	0.3983054216209693	0.25121511042264116
0.3477502788811755	0.40258220282554497	0.24966751829327966
0.3462518568635304	0.40262914709163794	0.2511189960448318
0.3506267948141864	0.39810679672155075	0.25126640846426296
0.34834644176863677	0.39987545320844897	0.25177810502291437
0.3495165354872989	0.40104278558822937	0.24944067892447186
0.3482952031209775	0.4001983032255963	0.2515064936534263
0.34910282679190835	0.4006459199270314	0.25025125328106035
0.3470450622901605	0.4016402999448884	0.25131463776495117
0.34832206684614814	0.4001580920265963	0.25151984112725567
0.34929292393524086	0.3999473662607141	0.2507597098040452
0.3474799005631345	0.40212380146687765	0.25039629796998797
0.35050188083584977	0.3981550337154632	0.2513430854486871
0.34661848967104547	0.4010780135801936	0.25230349674876096
0.34785913289799353	0.3995064414412294	0.2526344256607772
0.3477129419699456	0.3996030778217212	0.25268398020833327
0.34870899308128955	0.4001632379801171	0.2511277689385934
0.34622579025944034	0.4012755889025985	0.25249862083796126
0.3461371585433526	0.4019547431827497	0.25190809827389776
0.3493080692074071	0.3982098139481057	0.25248211684448735
0.34863859289560517	0.39966817642274444	0.25169323068165045
0.34836506955676877	0.39828813280905856	0.2533467976341728
0.34986288684551037	0.4002122080298052	0.24992490512468452
0.34948131687891015	0.40112386170089037	0.24939482142019953
0.34878135837919094	0.3990172986817362	0.252201342939073
0.34730082198736395	0.4009459866894627	0.2517531913231735
0.3503900462117946	0.39955799882061166	0.25005195496759386
0.3507180718728618	0.39898735851600486	0.2502945696111335
0.3474865856861528	0.3994097204185214	0.25310369389532583
0.3497820528470325	0.3993157470922085	0.2509022000607591
0.3490222950068064	0.40077487166597187	0.2502028333272218
0.3484452471770589	0.3992927272790242	0.25226202554391697
0.3503500361948748	0.40011528405575914	0.2495346797493662
0.3487755591392193	0.39971857362603813	0.2515058672347426
0.3505957346873925	0.39996963447512085	0.2494346308374867
0.3492350952786816	0.3981794489121838	0.2525854558091347
0.35016223587771456	0.3980683310936123	0.2517694330286733
0.3498100727893455	0.39983424170849735	0.25035568550215725
0.34628584046092037	0.4020642474442251	0.25164991209485466
0.3475208575608817	0.40071074087061886	0.25176840156849956
0.3501731561249361	0.3991562746856018	0.25067056918946223
0.3491905745247975	0.40055928858947026	0.2502501368857323
0.34740232102346014	0.4008217472825175	0.25177593169402246
0.34592757611829433	0.40172672734505466	0.2523456965366511
0.3477459560360012	0.4015369028455992	0.2507171411183997
0.34900880304591475	0.4004832246694526	0.25050797228463284
0.34832876665997986	0.3995736574684191	0.2520975758716012
0.3472694663380131	0.4023189664967881	0.2504115671651989
0.34810356851860785	0.3987028378908632	0.25319359359052906
0.3483394012318761	0.398116078182918	0.25354452058520593
0.3485254824257691	0.40122375098368684	0.25025076659054424
0.3476890495268399	0.39908835294567946	0.2532225975274808
0.3495386950124836	0.401138459540917	0.24932284544659955
0.3465744685617167	0.40164431237810366	0.25178121906017975
0.3493496406940197	0.40141958085309193	0.2492307784528885
0.34784649363475717	0.3991746894094894	0.2529788169557535
0.35106632861840104	0.3985377622536366	0.25039590912796256
0.34815061814127723	0.4002918636424298	0.251557518216293
0.3490629077300818	0.39877257562210133	0.2521645166478169
0.3491564673077593	0.40051042299037054	0.2503331097018702
0.34701762228136107	0.4024691342791783	0.2505132434394607
0.34897037398490205	0.3988187050432445	0.25221092097185355
0.34841049028000254	0.398189296169631	0.25340021355036657
0.35005347342779597	0.39823355308267616	0.25171297348952804
0.3485951388637387	0.4012174958627403	0.2501873652735211
0.3457612774722054	0.40137985084852407	0.2528588716792706
0.3485339015688395	0.40196487994719815	0.24950121848396248
0.35015208960516137	0.4001054173014191	0.24974249309341967
0.34920719534569744	0.4003477199335547	0.2504450847207479
0.34854971801770024	0.4001911793092815	0.2512591026730183
0.3490154749156746	0.4015640908260887	0.24942043425823682
0.3478995427092333	0.4017601852694701	0.2503402720212967
0.35099060002343474	0.3983886444603874	0.25062075551617796
0.3509608673218877	0.39975854632795654	0.24928058635015587
0.34658280781222495	0.4006602618762044	0.25275693031157076
0.35046971314119507	0.3998038413590211	0.24972644549978393
0.3460611086487968	0.40161921983953636	0.252319671511667
0.35017387307941	0.3997430639691916	0.2500830629513985
0.3475726281362821	0.4002313074762781	0.2521960643874399
0.3477234082048004	0.39913192685259885	0.2531446649426009
0.3484419133723101	0.3983834798284871	0.25317460679920284
0.34684726599851246	0.4013649141897191	0.25178781981176857
0.35105084944707693	0.3983919859603559	0.25055716459256727
0.3492341231865922	0.400540157242254	0.2502257195711539
0.34663654883665135	0.4026036912717285	0.25075975989162025
0.3467282517180158	0.4011772804473591	0.2520944678346252
0.34816271701431584	0.3992352954228274	0.2526019875628569
0.3501596285614122	0.40002308294004346	0.24981728849854445
0.3487832881494673	0.398261427853615	0.2529552839969178
0.3495660732215647	0.3987268106771163	0.25170711610131913
0.3493741876527261	0.399353219848052	0.25127259249922196
0.34719901990454705	0.40115492370553185	0.2516460563899212
0.3475933859298766	0.4004148769516365	0.251991737118487
0.3491430488595528	0.40060735544068615	0.25024959569976113
0.3458684515813756	0.4014788195300031	0.25265272888862145
0.34705191119728374	0.401410784177601	0.25153730462511537
0.34831967717543216	0.3988546495223671	0.25282567330220085
0.34675242743931867	0.40007744651416843	0.25317012604651307
0.34771873809373227	0.4009811901308251	0.2513000717754428
0.3483646064405553	0.4023182103578255	0.24931718320161933
0.349132973246879	0.3998821813468084	0.2509848454063127
0.3487294987573313	0.3996832170169545	0.25158728422571436
0.3506369063454354	0.3989515038484172	0.2504115898061475
0.3478084776257718	0.40066761877200874	0.25152390360221966
0.3478557761296367	0.4008818632768864	0.25126236059347706
0.34857411268797317	0.4009881969436675	0.2504376903683594
0.34931223745191875	0.39804483352460807	0.2526429290234733
0.34976156459036417	0.39924782000293757	0.2509906154066984
0.3489498636106431	0.400543360104932	0.25050677628442497
0.34849566507567753	0.398794789673104	0.2527095452512185
0.34758234373549907	0.4000092931156378	0.2524083631488632
0.34908436956362504	0.3984456274575581	0.25247000297881694
0.34858864921025184	0.39826749115264015	0.2531438596371081
0.34676798177113266	0.40265635404865074	0.2505756641802167
0.34888572110199156	0.4000478474628226	0.2510664314351859
0.34921577690981864	0.4002536510069973	0.2505305720831842
0.350743479535887	0.39811603494526504	0.25114048551884804
0.35092088738250565	0.3992140980205358	0.24986501459695862
0.3478080286499145	0.39919264646095004	0.25299932488913557
0.34671709203665063	0.40142941416660155	0.25185349379674793
0.3473480630331861	0.4017946776890382	0.25085725927777575
0.3469906225311603	0.4011733894724993	0.25183598799634044
0.348367677467529	0.40066524023783767	0.25096708229463344
0.34879568715450376	0.401584008588424	0.24962030425707232
0.3479767744471969	0.4018854973338634	0.25013772821893976
0.34755825498186693	0.4021893917199829	0.25025235329815027
0.349127826017676	0.39811209650011703	0.2527600774822071
0.3478150282580785	0.4006931480907942	0.25149182365112743
0.3476548185688268	0.40022580775418143	0.2521193736769919
0.3481809113902107	0.4004306348468587	0.25138845376293073
0.34958513322766505	0.400227930321914	0.25018693645042106
0.3485321982169911	0.39803792626037365	0.25342987552263535
0.34900144918876513	0.4014371675584809	0.249561383252754
0.34984420660664184	0.3992796069103906	0.2508761864829677
0.3497267510936303	0.3989313333692222	0.25134191553714763
0.3494868284531454	0.39852680707532445	0.2519863644715303
0.3462362233039154	0.40148480061802516	0.2522789760780596
0.3485587061605308	0.40017371626550985	0.25126757757395946
0.34965058483019673	0.39908890488341114	0.25126051028639224
0.3502135998110956	0.3986175864629792	0.2511688137259253
0.34651808699508607	0.40139414465896345	0.25208776834595065
0.3483205935600552	0.3998876634655978	0.25179174297434714
0.34734088362255433	0.4003828343579718	0.252276282019474
0.3500019061184231	0.3992294514799137	0.2507686424016633
0.3464474604314152	0.4022573805270906	0.25129515904149435
0.34793346375585843	0.4017318930898953	0.2503346431542463
0.3477161089299845	0.40171756854709306	0.25056632252292255
0.35094092804232485	0.39979110656992844	0.24926796538774681
0.3488304311044349	0.400483960121714	0.2506856087738512
0.346824265962728	0.40148313452643225	0.2516925995108399
0.35112310559925075	0.3993392702750099	0.24953762412573943
0.3471290223879553	0.40197443409338784	0.250896543518657
0.34734598599256783	0.40081098669000603	0.25184302731742625
0.34811551026786447	0.4003458691298379	0.2515386206022977
0.3478175607084508	0.4019511152241586	0.2502313240673906
0.3478030579148822	0.3997197284580265	0.2524772136270914
0.34785896593048726	0.3994613773975404	0.2526796566719724
0.3490805172488753	0.40032456524223625	0.25059491750888857
0.3481144092750764	0.39890563563643644	0.25297995508848725
0.3463566556006568	0.4025716412703767	0.2510717031289666
0.3501934663942838	0.39834207832092716	0.25146445528478917
0.35008035134048204	0.3992571417034849	0.2506625069560331
0.34754878345782536	0.4020867659620562	0.2503644505801185
0.346263811276397	0.402657076351838	0.25107911237176506
0.3483732858360569	0.4012135074048707	0.25041320675907247
0.34805668408480517	0.4008482328278501	0.25109508308734485
0.3461847601924775	0.4019622507017217	0.2518529891058009
0.3492139901069113	0.39937468056301695	0.25141132933007193
0.3489111105683644	0.39882116720812033	0.25226772222351546
0.35087306715521543	0.3990080984306701	0.2501188344141146
0.34723752918698897	0.4009560379433063	0.25180643286970483
0.34666622997608937	0.40241362430375605	0.2509201457201547
0.3483801728066146	0.3987568056162542	0.25286302157713136
0.35024359909783004	0.39854743857065966	0.25120896233151035
0.3465988430180613	0.4003788942704044	0.25302226271153433
0.3504538635444699	0.40027540109788573	0.2492707353576445
0.3482796562547434	0.39996846006075254	0.2517518836845042
0.34825805396280085	0.40194277662692535	0.24979916941027397
0.34735513810173124	0.4003884263459878	0.252256435552281
0.349054265107465	0.4004648709952351	0.25048086389730007
0.34760410281459914	0.4012767043470481	0.25111919283835293
0.3459462595160229	0.4015496107810531	0.2525041297029241
0.34732347621885357	0.4015007458104799	0.25117577797066665
0.35042955544190246	0.3997746238033738	0.2497958207547239
0.34673502217340807	0.4004158589875762	0.2528491188390158
0.3459998420746812	0.4026652335929451	0.2513349243323738
0.34747771436705704	0.40067813681401343	0.25184414881892964
0.349953658962918	0.39916387942539877	0.2508824616116833
0.34809815807348593	0.40259759307154763	0.24930424885496655
0.3486425514793188	0.4011642304169112	0.25019321810377015
0.34591485483483186	0.4022664094652189	0.2518187356999493
0.3464752833023682	0.40050989857225594	0.25301481812537596
0.3502830689802532	0.39884787811284794	0.25086905290689904
0.3465155221748246	0.4009472569992257	0.25253722082594976
0.34818171659354163	0.39889844539981856	0.25291983800664
0.3474586407741434	0.39958344280578845	0.25295791642006826
0.348186624292205	0.401601728991693	0.2502116467161021
0.34998962697124225	0.39848720642784646	0.2515231666009114
0.3499728598162019	0.3999578993188556	0.25006924086494264
0.3499762877972836	0.3988698245030115	0.251153887699705
0.34830905230655973	0.399466520759271	0.25222442693416935
0.3470284982428576	0.4015165410888731	0.25145496066826944
0.34601957941790124	0.4007820234772405	0.25319839710485836
0.3469397065845503	0.3998848856120229	0.2531754078034269
0.35044046999506884	0.3980707765438097	0.2514887534611216
0.3471739056179523	0.3995631389336296	0.25326295544841826
0.3507467255654414	0.39910019438029143	0.2501530800542673
0.3476495745095434	0.4026486179362696	0.24970180755418708
0.3465273047921727	0.4002414941269409	0.2532312010808866
0.3474395173140666	0.3998893236577052	0.25267115902822834
0.3500162686497323	0.3997071998619578	0.25027653148831003
0.3497088220055592	0.39889885367592753	0.2513923243185134
0.3489028622634072	0.39977755480760174	0.25131958292899115
0.35057216853166007	0.39914727194160704	0.250280559526733
0.34821203645255694	0.4011369235282197	0.25065104001922345
0.3478851068020123	0.39979137853516505	0.25232351466282277
0.34905845575924843	0.39849833920336547	0.2524432050373862
0.34683991899277783	0.3998559030549934	0.25330417795222887
0.34599774073387846	0.40198855048115034	0.2520137087849713
0.34659577422749943	0.4024991157333834	0.2509051100391173
0.3470683285858828	0.40151617676588824	0.251415494648229
0.34600568544314664	0.40254149038300036	0.2514528241738531
0.3475367735228602	0.4022662333614975	0.25019699311564236
0.3463207544904943	0.40135908947388466	0.25232015603562113
0.3488159127218057	0.3996507622851026	0.2515333249930919
0.3484549070713366	0.40048935498057936	0.2510557379480842
0.35108816740218995	0.3995907213104179	0.2493211112873923
0.34842499149856654	0.3986429074771958	0.2529321010242378
0.3497033265256953	0.39956636702162407	0.25073030645268074
0.34912003263633734	0.4011567045921122	0.24972326277155055
0.34822961085178417	0.401305181019101	0.250465208129115
0.3492899390933618	0.4001740126056377	0.25053604830100057
0.3506613444984265	0.3994129035822719	0.24992575191930178
0.34799943804031974	0.39989625920126975	0.25210430275841056
0.35109681156023653	0.3987004696151517	0.25020271882461187
0.3458991806581875	0.4015201108391207	0.25258070850269193
0.348125090565375	0.40147387158135184	0.2504010378532733
0.3497036565779276	0.39919595506395433	0.2511003883581181
0.350273862917409	0.3986571353383303	0.25106900174426083
0.34853356837647664	0.400801328481884	0.2506651031416395
0.3491876140569558	0.4001898381395122	0.2506225478035321
0.35012701963968784	0.40057402005406173	0.24929896030625048
0.3492293327579417	0.39965377118925294	0.2511168960528055
0.34648528630281233	0.4002228125992554	0.2532919010979324
0.34744274876341397	0.3992294929074395	0.25332775832914667
0.34875321444361285	0.39989388116179214	0.2513529043945951
0.3482608788694644	0.39993176819921383	0.2518073529313219
0.34968884293572766	0.3983390986849586	0.2519720583793139
0.34734801531031534	0.4023359785283901	0.2503160061612947
0.3479751828600006	0.4019138065030643	0.2501110106369352
0.3467418731744832	0.402499741634683	0.25075838519083393
0.3479848789191703	0.39938431072865443	0.25263081035217544
0.3468774135914109	0.39992882689194853	0.2531937595166407
0.34607325800729327	0.40099479992044457	0.2529319420722623
0.34980190974580855	0.39803899223691497	0.2521590980172766
0.34822107021393023	0.39865193248204817	0.2531269973040217
0.35008192435790003	0.3989266297953831	0.25099144584671695
0.34709124624699444	0.4023611179700818	0.2505476357829239
0.34699562962355124	0.39991267934234553	0.25309169103410334
0.3476377724689843	0.40013745335699047	0.25222477417402533
0.34991652294463915	0.4005670247602251	0.2495164522951359
0.34751403380276635	0.4006290709714768	0.25185689522575694
0.34638122014849576	0.40139958803741127	0.2522191918140931
0.346907227066305	0.40043766902681305	0.25265510390688206
0.3500918140932837	0.4000696275590828	0.24983855834763358
0.34844844955783827	0.40084578400569104	0.2507057664364708
0.34772147470548753	0.3996005366000563	0.25267798869445623
0.3510887492959301	0.3994263549736679	0.2494848957304021
0.34669893239549854	0.40246416759135056	0.250836900013151
0.34840698137993503	0.4021798659043452	0.2494131527157199
0.3472108717395322	0.4018742062022931	0.25091492205817484
0.3458431237960493	0.4012032830573794	0.2529535931465714
0.3474888964725529	0.39925940424022105	0.2532516992872262
0.35073986537111396	0.3982458646532421	0.2510142699756441
0.34823994343233083	0.4018470752541311	0.24991298131353817
0.3504855354054217	0.39822023650603267	0.25129422808854573
0.34698481418338495	0.40174211055205405	0.2512730752645611
0.3501498298418518	0.3990171904795395	0.25083297967860885
0.34855937439914414	0.4006333282675846	0.25080729733327145
0.3499566582042139	0.3991823317142877	0.2508610100814985
0.3482268085437147	0.39880997252054445	0.252963218935741
0.3491338227720584	0.4007929672105697	0.25007321001737204
0.3461146007655573	0.40107834387576446	0.25280705535867837
0.34746145227302366	0.4014975090294431	0.25104103869753336
0.34779882947988294	0.3998796971527899	0.25232147336732724
0.3471016119213622	0.4011361364343566	0.25176225164428134
0.34994362015658564	0.3980739104439544	0.25198246939946
0.3458544111772044	0.40056691735837746	0.25357867146441826
0.3483113013727222	0.4021468268646692	0.2495418717626087
0.34896052548509304	0.3996062804787824	0.2514331940361247
0.3504175757261173	0.3991717514940547	0.25041067277982815
0.34840859904557325	0.39965901462951137	0.2519323863249155
0.3471725831642313	0.4010941110837546	0.25173330575201425
0.34785812932047255	0.39892529433127877	0.2532165763482488
0.3481129526661053	0.40241477809905846	0.24947226923483634
0.3463614151979518	0.40029100274115886	0.2533475820608894
0.3478278474686185	0.39985382661505253	0.2523183259163291
0.34607230331995703	0.40201950877351195	0.25190818790653113
0.34993099474848616	0.3986802049162559	0.2513888003352581
0.35108286791238064	0.398518014807898	0.2503991172797214
0.3490359083445279	0.4014935042010301	0.2494705874544421
0.34918816341325737	0.3994134130422213	0.25139842354452147
0.3484394029788114	0.4021050964096572	0.2494555006115315
0.34980097624660755	0.4003030387903872	0.2498959849630054
0.3474938471740453	0.4025610245363804	0.24994512828957444
0.348706315921086	0.40173431479960053	0.24955936927931366
0.34930831707546406	0.40023460233054636	0.25045708059398963
0.34828146665267445	0.3998093041758779	0.2519092291714477
0.34915341520006277	0.40025711339731707	0.2505894714026203
0.3479010760128064	0.3985457429594951	0.25355318102769864
0.34656286893974353	0.3999285708979697	0.25350856016228684
0.34978714724978427	0.39932156417493525	0.2508912885752806
0.34838638950956635	0.3997134029499731	0.2519002075404607
0.34689376894348406	0.40119015916666245	0.25191607188985354
0.3495822490185269	0.3980429329120597	0.2523748180694135
0.349722536686249	0.39860155517431406	0.2516759081394371
0.34836083956595043	0.4000593734828134	0.2515797869512363
0.34836581371290126	0.39809634698588703	0.2535378393012119
0.3504819942456866	0.3985853287559624	0.2509326769983511
0.3498828250729203	0.40025749116581955	0.24985968376126022
0.35019619129378377	0.400330930756056	0.24947287795016032
0.35106758184924836	0.3997157744774844	0.2492166436732673
0.34691523681836284	0.4006672749158741	0.25241748826576316
0.34815328520287037	0.39888425556434315	0.2529624592327866
0.3478494140649059	0.4007851571917025	0.25136542874339174
0.3468118139324202	0.40248532180718455	0.2507028642603954
0.35092218632064043	0.3981051366059388	0.25097267707342086
0.34929158609689437	0.39866631867137087	0.2520420952317348
0.3488812856450998	0.4001640646202521	0.2509546497346482
0.34944637426099295	0.4006297276674163	0.24992389807159088
0.3458949694934857	0.40066631186559387	0.25343871864092055
0.3461668826356413	0.4021980640477255	0.2516350533166333
0.346631858672761	0.400703544587403	0.2526645967398361
0.34854324587676433	0.4003945940310487	0.25106216009218707
0.34825471989242807	0.40040690310506577	0.2513383770025063
0.34767050790394916	0.4007714415545821	0.25155805054146885
0.35070779500191607	0.39961869674181266	0.24967350825627138
0.3492488767246945	0.3986433544928897	0.2521077687824159
0.34963001739705984	0.39920776009381415	0.2511622225091261
0.34654667339179634	0.4003054248592035	0.2531479017490003
0.3489101591297403	0.4007889267173832	0.2503009141528766
0.34891943047845103	0.4013732842042052	0.24970728531734387
0.34651208478382406	0.40145272720482844	0.2520351880113476
0.34933034609745384	0.3997872761609316	0.25088237774161465
0.3498531903378555	0.4000922309529821	0.25005457870916253
0.34768379475947286	0.40193114581647793	0.2503850594240493
0.3462905870847701	0.40136850865763385	0.2523409042575962
0.34689195927056143	0.400482270412029	0.25262577031740974
0.346191685021685	0.4009464337313742	0.25286188124694087
0.34845497513747353	0.4020754375908821	0.24946958727164448
0.35072272146009353	0.39980505173016684	0.24947222680973977
0.3492891437048483	0.40034435161404575	0.2503665046811061
0.3476095693806565	0.4025750585638225	0.24981537205552112
0.347750452204661	0.4009205502017771	0.251328997593562
0.34759677621858787	0.40028266913978827	0.252120554641624
0.3496625196595049	0.40039848385138715	0.24993899648910803
0.3468421954948186	0.40035176552241525	0.25280603898276627
0.34729308657963703	0.39936876357456796	0.2533381498457951
0.3461981174650004	0.40029425014960235	0.25350763238539736
0.34636649950692744	0.4023047132469977	0.251328787246075
0.35001523636216963	0.39913176156645125	0.2508530020713793
0.34875306570649056	0.4005511931897475	0.250695741103762
0.3466739217741383	0.4017791405164376	0.25154693770942416
0.35071530449395755	0.3998384666252272	0.24944622888081536
0.34706835525452534	0.400336216611706	0.2525954281337688
0.34984940459000513	0.3986597930945758	0.2514908023154192
0.34729701795445245	0.40099880296831164	0.2517041790772361
0.3470115718044805	0.4024623507964292	0.2505260773990904
0.34731122722187285	0.40142333578822287	0.25126543698990444
0.34834077207067193	0.39981000010755563	0.25184922782177255
0.3482141187845111	0.40063975475172536	0.25114612646376366
0.3491462684909296	0.3990382762066865	0.25181545530238403
0.3466205207851048	0.40101682605787825	0.25236265315701706
0.3473397372571586	0.4008433277631337	0.2518169349797078
0.35036722130800085	0.40016713173351326	0.24946564695848603
0.34605512138776257	0.40099295942906266	0.25295191918317494
0.3466483902159636	0.40203875682774126	0.25131285295629524
0.35048648546815714	0.3992309418975338	0.2502825726343092
0.3481303837809954	0.399381649575345	0.2524879666436597
0.34977116468263547	0.3984574615051953	0.2517713738121694
0.34714089967137773	0.40012385939611655	0.2527352409325058
0.34947930009168937	0.3984819143523902	0.2520387855559205
0.3492139460289279	0.40013785491065057	0.25064819906042163
0.3500351513781687	0.3993635611295432	0.2506012874922882
0.34997280239321565	0.3993203375661618	0.2507068600406227
0.3473297980871728	0.4009992617316494	0.2516709401811779
0.3501270148687229	0.40044935327652004	0.24942363185475722
0.3467347579044133	0.40204362365870755	0.25122161843687923
0.34777580386242857	0.39980323498397824	0.2524209611535933
0.34878126117361924	0.3986210036014335	0.2525977352249474
0.34757694384935456	0.39919496825249684	0.2532280878981487
0.35048970481172115	0.3994897653634978	0.2500205298247812
0.3510361572873967	0.398892863599826	0.2500709791127774
0.34777556640517676	0.39874906229631135	0.25347537129851205
0.3497226234773687	0.39848947611446495	0.25178790040816645
0.3481166924097902	0.4005621315106441	0.2513211760795658
0.35005992011417736	0.3991057090292969	0.25083437085652593
0.34861167133516996	0.40145067218137387	0.24993765648345628
0.34885346390974603	0.40109448364410744	0.2500520524461467
0.3482534382354361	0.4004773903010621	0.2512691714635019
0.34620974139634986	0.4007236897293809	0.25306656887426937
0.3481931960817794	0.4007347235645984	0.2510720803536224
0.34826392181778154	0.4014595890754008	0.25027648910681777
0.3475795613994925	0.4010360156336656	0.25138442296684205
0.34796106092327767	0.3987022209750425	0.25333671810168
0.34819669432543277	0.39851461240727976	0.25328869326728753
0.3502146799373226	0.39887838511229273	0.2509069349503848
0.34679413265488757	0.3996808239615495	0.25352504338356296
0.3484918896837379	0.4017307955016568	0.2497773148146054
0.34933033870364394	0.4006016565743431	0.25006800472201307
0.34922415303740595	0.3989938572544968	0.2517819897080974
0.34846362981148965	0.3995008132850387	0.25203555690347174
0.34582778751496096	0.401532942782853	0.25263926970218614
0.35058427069866227	0.398286496069433	0.25112923323190484
0.3484814181173558	0.3987788735614212	0.2527397083212231
0.34997248534772163	0.39928770901587574	0.25073980563640275
0.3463168350049977	0.4001430726358726	0.2535400923591298
0.346391889756455	0.4023569744185027	0.25125113582504244
0.34879546001696	0.3985499741264774	0.2526545658565627
0.34919565184170753	0.4010759187509517	0.24972842940734089
0.347493413843935	0.4017899115499526	0.25071667460611247
0.3477975180254339	0.40011730455286204	0.25208517742170417
0.3485249943049473	0.3984845737693487	0.2529904319257041
0.35032903029842094	0.39993775049063923	0.24973321921093988
0.34835341443049245	0.39865448367043244	0.2529921018990752
0.3495937469731989	0.3987163173500866	0.2516899356767146
0.34742165554945353	0.39922181968930504	0.25335652476124154
0.35099209275466103	0.3995977272834043	0.2494101799619347
0.3493491138365503	0.3998399250748429	0.2508109610886069
0.3477076897937588	0.39918565507361237	0.2531066551326289
0.348230686115399	0.40228632533450814	0.24948298855009296
0.3491481047650951	0.39972368179735496	0.2511282134375501
0.3480879988630551	0.4023958465303541	0.249516154606591
0.34776548347529174	0.40040475398500586	0.2518297625397025
0.34821129908431525	0.4010603644389502	0.2507283364767347
0.34878814207662784	0.4006589297508183	0.25055292817255403
0.3483597397330287	0.40054277112541986	0.2510974891415516
0.34720983928770066	0.3998423507327474	0.252947809979552
0.3486926447864319	0.40196301657284955	0.2493443386407187
0.34999754913897224	0.39847094948103706	0.2515315013799908
0.3483565067739011	0.3984930732087063	0.25315042001739263
0.3493127976705092	0.3998065957028434	0.25088060662664746
0.3479764412787537	0.4024975147143197	0.2495260440069267
0.3478627549917429	0.3994015251354376	0.25273571987281956
0.3483573846564995	0.39900477360433384	0.25263784173916676
0.34698121087088757	0.40033912443756386	0.2526796646915487
0.34994044920302153	0.398580482114027	0.25147906868295156
0.3470400431838852	0.4001731991878074	0.2527867576283075
0.349071070339787	0.3988219208688726	0.2521070087913405
0.3490841675398603	0.39835079109128196	0.2525650413688578
0.3496129292340688	0.4001754086073026	0.2502116621586287
0.3473219231779354	0.4015896574039486	0.2510884194181161
