0.35081615630639834	0.3996488592293392	0.2495349844642626
0.3519502200629157	0.40126749464129463	0.24678228529578977
0.3498390603504042	0.39773492513331965	0.2524260145162763
0.34872897137405623	0.3999065611625373	0.25136446746340657
0.3481052746235532	0.4019122846689993	0.24998244070744757
0.3502520250373443	0.3993260674636505	0.25042190749900534
0.3515451865526986	0.39791248520477546	0.2505423282425261
0.3475225214071594	0.40137934097513783	0.2510981376177029
0.35054570401656143	0.40234788700611523	0.24710640897732344
0.35022946742122746	0.3976979373796608	0.25207259519911185
0.34871228731086884	0.4008670916887982	0.25042062100033313
0.3493125757678688	0.399619806980666	0.2510676172514653
0.3526266917974731	0.3979853608768968	0.24938794732563024
0.3472779134702152	0.40199340650810234	0.2507286800216826
0.3535572422389797	0.3973516760365886	0.24909108172443184
0.34960171353516567	0.4003425715497588	0.2500557149150757
0.35011137698136324	0.39801991064233394	0.25186871237630293
0.35374705973146775	0.3979121468294081	0.2483407934391242
0.35001792171920915	0.4008589950163609	0.24912308326443003
0.34686470760390475	0.401813048889686	0.25132224350640936
0.349114747629376	0.4010042036128587	0.24988104875776534
0.34843814148099567	0.3991675414453145	0.2523943170736899
0.3525246436546929	0.3998752622733963	0.2476000940719109
0.3509813149233118	0.4019925838501134	0.24702610122657492
0.3475269193782514	0.40177631338954456	0.2506967672322041
0.3468981994302778	0.4009403370469171	0.25216146352280516
0.35040709317631397	0.3991471619161459	0.25044574490754024
0.3525798616572855	0.39909147196327777	0.24832866637943687
0.34658303479380287	0.4011309352839543	0.2522860299222429
0.35292407200245923	0.3996156364712396	0.24746029152630128
0.34884357049244097	0.39972988090431083	0.2514265486032483
0.3538146975358194	0.398712640503933	0.24747266196024767
0.35173821096698665	0.3983105723155038	0.2499512167175096
0.34880117926572846	0.40131844466080907	0.24988037607346258
0.3527967725896287	0.400378914460797	0.2468243129495744
0.34947811967629644	0.3993726459825599	0.2511492343411438
0.3470868426153165	0.40285421711247255	0.25005894027221104
0.3471755553039326	0.40028171725690537	0.2525427274391621
0.3509788033473016	0.39987878050108444	0.2491424161516141
0.3488162634007799	0.40213804071296944	0.24904569588625078
0.34808285332259475	0.4020795987918956	0.24983754788550977
0.3471791072005184	0.4023710930355418	0.2504497997639399
0.3501226567923095	0.3994523020347829	0.25042504117290776
0.34980310684507687	0.40134438370552217	0.24885250944940107
0.3504485867367041	0.40242349505628394	0.24712791820701208
0.35068950666882787	0.39899315553444115	0.25031733779673115
0.3531868384662745	0.3978253659978086	0.248987795535917
0.3507826428495452	0.4022486272110693	0.24696872993938557
0.34895004410347596	0.40210422111707067	0.24894573477945345
0.3531240184012073	0.3992108615280997	0.24766512007069316
0.3470501144515434	0.4025180412310385	0.25043184431741816
0.35148296534066636	0.39884916738844595	0.2496678672708878
0.3530159316134105	0.39956140182297506	0.24742266656361456
0.3520852479385551	0.39792166426958975	0.24999308779185525
0.35090069587798683	0.3980384623031794	0.25106084181883387
0.34744007459868287	0.40186165638841564	0.25069826901290165
0.34854090564627427	0.40083551387014166	0.2506235804835842
0.35002598401523144	0.402781073378007	0.24719294260676164
0.349897193344124	0.4030145484727918	0.24708825818308433
0.34716466665197676	0.4016989834821879	0.25113634986583544
0.3519996685258038	0.40047226276092596	0.24752806871327038
0.3499389521097721	0.402674024725795	0.247387023164433
0.35374139512025127	0.39915668402006094	0.2471019208596879
0.34820822328343964	0.40215020237574006	0.24964157434082043
0.35364306008639435	0.39805613751583246	0.2483008023977733
0.3541654547708976	0.3988145177976641	0.24702002743143842
0.3491396805721093	0.4021925010730919	0.2486678183547989
0.35341491802026975	0.39929347037921464	0.24729161160051571
0.3515412993441726	0.39903783891473116	0.24942086174109634
0.35100164859839383	0.3987732135741036	0.25022513782750266
0.3507691711635959	0.400177020279883	0.24905380855652118
0.3499468172590458	0.3992709816929465	0.2507822010480078
0.35223340750129123	0.3997123784042299	0.24805421409447903
0.35419553470402215	0.39878040490382083	0.24702406039215716
0.34724943818773646	0.3999967740301684	0.25275378778209523
0.35374413824654144	0.39931368476321316	0.24694217699024545
0.34864708624107094	0.3994900884227249	0.2518628253362043
0.3519744729498557	0.3985578973743727	0.24946762967577174
0.3533594666326072	0.3986039254165724	0.24803660795082053
0.35182643921681744	0.4012299566570889	0.24694360412609379
0.34933045835179044	0.40296872987662385	0.24770081177158582
0.34979927631637897	0.4006027786317435	0.24959794505187766
0.34888026382371795	0.4002041368976472	0.25091559927863494
0.34981853318540035	0.39804440458908785	0.25213706222551197
0.3476873494534862	0.40016018646488516	0.2521524640816287
0.3510706177427205	0.3981140093000612	0.2508153729572184
0.3536835491022194	0.39809252093348	0.2482239299643007
0.34964822179188687	0.40284995870083223	0.247501819507281
0.35155360468026536	0.3991046805924703	0.24934171472726444
0.35201358907479485	0.39754440173309546	0.2504420091921098
0.34885692230254783	0.4014441485360575	0.24969892916139474
0.3503797235560536	0.4022925724118036	0.24732770403214283
0.3490952299067891	0.40300206679737044	0.24790270329584058
0.3491605331269946	0.40221149828967473	0.2486279685833308
0.35208572298969015	0.39837687834502844	0.24953739866528155
0.3518858219710135	0.3973614035715033	0.2507527744574833
0.347761748132477	0.4027137867252575	0.24952446514226556
0.3483494812321291	0.40211361510305477	0.2495369036648162
0.3491023038803942	0.40195118260391977	0.24894651351568617
0.3536938704081598	0.3976908444238838	0.2486152851679565
0.35178135700083896	0.4013954047551974	0.24682323824396374
0.34839479371616333	0.39919265635352696	0.2524125499303098
0.3539120170608698	0.3972933803182004	0.24879460262092995
0.3494187811314903	0.40118864446977237	0.2493925743987374
0.35338820981804164	0.3981050292259184	0.2485067609560401
0.3499325808095125	0.40076257256688863	0.249304846623599
0.35043451626377387	0.39809311705243733	0.251472366683789
0.3501185746576891	0.4003688678270986	0.24951255751521248
0.35134024869150277	0.4003946434872761	0.24826510782122124
0.3483070490600805	0.4005188109378617	0.25117414000205796
0.35339307875837456	0.3996893599269562	0.24691756131466935
0.35030643003402584	0.3974482534847117	0.2522453164812625
0.3489286294481661	0.40029704389072984	0.25077432666110416
0.35188864214588395	0.3992119221944266	0.24889943565968964
0.3498950802583168	0.40182351802622074	0.24828140171546262
0.352290761092556	0.40042578823276975	0.24728345067467433
0.3508810116280484	0.401228696057767	0.24789029231418475
0.352161422596393	0.39732261187595935	0.25051596552764777
0.3522869549312757	0.3982110174089175	0.2495020276598069
0.35307076420214345	0.39729284035505463	0.24963639544280203
0.3507562888954981	0.3974245938356778	0.2518191172688242
0.35202968328259093	0.40063998212153207	0.2473303345958771
0.34937186688644545	0.39922252357599697	0.2514056095375577
0.3490791861877586	0.399403197511807	0.25151761630043457
0.3484969820393512	0.3998242589981612	0.2516787589624877
0.34928976167667053	0.3980061030448889	0.2527041352784407
0.3516947573950807	0.3989865023384533	0.2493187402664661
0.3477592234363338	0.4013622885505338	0.2508784880131325
0.3512815668961514	0.39795799205385807	0.2507604410499906
0.3485833596971246	0.4027480391929558	0.24866860110991967
0.3515820423560495	0.3994767609828932	0.24894119666105738
0.3486542488448185	0.40279973818590276	0.24854601296927886
0.34982599848556295	0.3984910841138475	0.2516829174005897
0.3478894026682629	0.402371721780163	0.24973887555157423
0.3474226931650609	0.40122148616152303	0.25135582067341616
0.35039020237948837	0.39950943896867425	0.25010035865183755
0.35264214939320515	0.4004153615634975	0.24694248904329746
0.3492215914409838	0.40246952497186395	0.24830888358715236
0.3477264184660159	0.40097348564537877	0.25130009588860547
0.35022718431985034	0.39825599456390126	0.2515168211162485
0.34888121703791886	0.3987265985816656	0.25239218438041566
0.3506696271214314	0.4021717534589671	0.24715861941960163
0.34900131374553967	0.3984256126485619	0.25257307360589853
0.34912478993354107	0.4002336065877136	0.2506416034787454
0.3494900575812746	0.40081747999494516	0.24969246242378035
0.3509076774013392	0.3975857217771751	0.2515066008214858
0.3532636574495345	0.3995364839690754	0.24719985858139026
0.34849366912623514	0.4013728112410227	0.2501335196327423
0.34795916990899506	0.4022356749971324	0.2498051550938726
0.35083483844623575	0.399061728572167	0.2501034329815974
0.34861655631251776	0.4009000285578087	0.25048341512967365
0.3477742809727365	0.40170072550424907	0.25052499352301455
0.3517324121913258	0.397716925119724	0.2505506626889503
0.3514520655996661	0.40076109799346016	0.24778683640687388
0.3522849617812654	0.3989117553664113	0.24880328285232342
0.35011217958215657	0.3986950677893243	0.25119275262851926
0.35155810483991734	0.39736163665505797	0.2510802585050248
0.3497533984580408	0.4018071691477978	0.2484394323941615
0.3501566738165379	0.4004248354236422	0.24941849075981998
0.3491265434866363	0.40193047385743524	0.2489429826559286
0.3511620437156111	0.39900486788520007	0.2498330883991889
0.3504592328726266	0.3990673666270297	0.25047340050034383
0.34819641457528616	0.4012714027864806	0.25053218263823335
0.35128760402946957	0.40090107701455996	0.24781131895597058
0.3519021871168881	0.3981135978195745	0.24998421506353752
0.3535984369822426	0.39904293385728057	0.24735862916047696
0.3507593123268051	0.3995122770057518	0.24972841066744322
0.34676170205099466	0.40129153719067845	0.251946760758327
0.35202967280678626	0.4007128323393797	0.24725749485383414
0.3504971035854116	0.40038805451309584	0.24911484190149266
0.3516071934913774	0.3975948426039756	0.2507979639046471
0.3491071594690069	0.4005605145524069	0.25033232597858635
0.3509634392654208	0.40000256343307694	0.24903399730150239
0.35313562517729313	0.39997803549159827	0.24688633933110865
0.34824002321397973	0.40250384128704664	0.24925613549897374
0.3502232633547894	0.4029548172983224	0.2468219193468883
0.3528210028721049	0.3981404667061474	0.24903853042174784
0.35188555789511855	0.39857019697520435	0.24954424512967718
0.3498930318319201	0.39860581039671006	0.25150115777136994
0.35022934061621647	0.4023445648580466	0.24742609452573708
0.349203522444009	0.3999496719111838	0.2508468056448074
0.3510916943487976	0.3989458942107089	0.24996241144049355
0.3489337630547126	0.4001802466426033	0.2508859903026842
0.35319964774870194	0.3991795278724223	0.2476208243788759
0.3517029405312246	0.4015709469671464	0.24672611250162912
0.3467236329263133	0.4023604220907369	0.2509159449829499
0.354060545793911	0.3989241338038731	0.247015320402216
0.3476122313523235	0.4012678017578563	0.2511199668898203
0.34735649356449927	0.40115940040379156	0.25148410603170934
0.3539888006918838	0.3991916995958551	0.2468194997122612
0.3519366130291589	0.3979753749486117	0.2500880120222295
0.35233684474469307	0.3998301053116069	0.2478330499437001
0.352699009581824	0.3996354611407544	0.24766552927742175
0.35032782486975184	0.4012563121784306	0.24841586295181767
0.34836279440651136	0.40263925524003036	0.24899795035345842
0.3479866624742902	0.40138136590190043	0.25063197162380946
0.3519663856416536	0.3973554305618784	0.2506781837964681
0.3482139253530221	0.4006752436499203	0.2511108309970577
0.34691148823687834	0.40270124945689867	0.2503872623062231
0.3509494809914259	0.4019730122792205	0.2470775067293537
0.35135680757763826	0.3982842691337061	0.2503589232886557
0.35128811037158714	0.40166690713062103	0.24704498249779197
0.3510396090539586	0.401052473854073	0.24790791709196852
0.3509115237287248	0.39778667258386147	0.25130180368741384
0.34828565336403094	0.40063006682452484	0.2510842798114444
0.353379998069666	0.3993337810570858	0.2472862208732483
0.35324123536323215	0.3998573584222218	0.2469014062145461
0.3478392279572693	0.40027557412303827	0.25188519791969255
0.3537293419158253	0.3995913610351036	0.2466792970490712
0.3530990851665587	0.39909600006963264	0.24780491476380878
0.34969433535584055	0.39946024573358346	0.2508454189105761
0.3476383685168677	0.40296558034837243	0.24939605113475996
0.350036765487226	0.4026625085931937	0.2473007259195804
0.35209791338240315	0.3981914382020393	0.24971064841555768
0.3499320954595586	0.4019254659724397	0.24814243856800178
0.35231562965651964	0.3972993479740765	0.25038502236940396
0.34799716516597823	0.40293733681562105	0.24906549801840078
0.3497519949008413	0.4016004549570278	0.24864755014213102
0.35148038812255245	0.3996972936337527	0.24882231824369494
0.3502573642859	0.3975952686616558	0.25214736705244434
0.35046460381648564	0.4019230503062495	0.24761234587726494
0.3478854129996712	0.40236722606172276	0.24974736093860614
0.35298774586702897	0.3981317032582561	0.24888055087471506
0.34882628432928986	0.40134770605893477	0.24982600961177545
0.34922815089016535	0.3992637025327458	0.251508146577089
0.3537816093308704	0.3995623939266447	0.24665599674248498
0.34819974281358934	0.40267807586504434	0.24912218132136646
0.3472536966839315	0.40158401480339134	0.25116228851267725
0.35155418071835176	0.399314006389807	0.24913181289184133
0.35323409665550587	0.3987387498310851	0.24802715351340915
0.34858579201602213	0.39962166589538	0.25179254208859797
0.3483577454977081	0.40095152584144006	0.25069072866085196
0.35324501673444475	0.398450907257079	0.24830407600847634
0.3525999382296503	0.3987074597828818	0.248692601987468
0.3503390003577468	0.3983924762268046	0.25126852341544864
0.34820793925790294	0.40108307914745356	0.25070898159464355
0.3524108482201389	0.3984212661918685	0.24916788558799272
0.353082756946163	0.39739549730517454	0.2495217457486626
0.34823495026372664	0.40131634169527725	0.2504487080409963
0.35113780063404126	0.3998683620646092	0.24899383730134966
0.35010940832667026	0.4026710380798589	0.247219553593471
0.3541851000311005	0.3981141428310633	0.24770075713783635
0.35135760389489734	0.40077669537568134	0.24786570072942143
0.35144282113182557	0.4004485179066849	0.24810866096148965
0.35354319329973666	0.39757260049175036	0.24888420620851304
0.35101872348887175	0.3990711053092453	0.24991017120188308
0.35023731005333913	0.4014518631454746	0.2483108268011864
0.35323126548085126	0.3988285437434911	0.24794019077565782
0.3507534678079644	0.4013821114709678	0.24786442072106787
0.35265725364639705	0.39813999461534344	0.2492027517382596
0.35174698972326485	0.40110257058133103	0.24715043969540418
0.34822952323905026	0.3990081698117707	0.2527623069491791
0.3501531974231009	0.3999799430184172	0.249866859558482
0.34962287116942425	0.40116199787547696	0.24921513095509892
0.34868373993547336	0.3987173099959334	0.2525989500685934
0.3477269767459872	0.3998017208139554	0.25247130244005755
0.35330072853726335	0.39977229333232417	0.24692697813041262
0.35076942733742283	0.399967359542563	0.24926321312001423
0.3470640901106789	0.40232975652458114	0.25060615336474
0.35045457440569044	0.3976180788734455	0.25192734672086414
0.348347543787118	0.39956218239180513	0.25209027382107696
0.3512749856269963	0.3973719309978664	0.2513530833751374
0.34851301974897875	0.4023898951479413	0.24909708510307998
0.3482601891176315	0.3989983424659944	0.2527414684163742
0.35150523152320956	0.39939332145563455	0.249101447021156
0.35130849488615506	0.3999435164932272	0.24874798862061787
0.34885337365433844	0.4019036864365818	0.24924293990907992
0.35041841346639657	0.39939250436023915	0.2501890821733644
0.34949838907222236	0.3992400265453818	0.25126158438239593
0.35212814423513383	0.398490750956138	0.24938110480872827
0.34992234949512274	0.39729234839497257	0.2527853021099048
0.34834503351213425	0.40298933564565154	0.24866563084221438
0.35331774391102444	0.39757851020340446	0.24910374588557122
0.3476862051959573	0.40089349783396266	0.25142029697008017
0.3534117163034329	0.39839228448462516	0.24819599921194213
0.34963047728221763	0.4021300281462297	0.2482394945715528
0.349730626435302	0.3988482606324456	0.2514211129322525
0.34839593118540024	0.4016265143514973	0.24997755446310255
0.3501659354921462	0.3988517262625774	0.2509823382452765
0.35055101173948483	0.40143851737385916	0.24801047088665615
0.34747839204778413	0.4007904638047959	0.25173114414742015
0.3518197251889742	0.39733629884180305	0.25084397596922287
0.35283569269271964	0.3988491858631026	0.2483151214441779
0.3507137622495147	0.4007049779762044	0.24858125977428097
0.348883759323272	0.4009229189161068	0.25019332176062126
0.352208596184513	0.4007637270553025	0.24702767676018458
0.35263551518342123	0.39752563879976394	0.24983884601681494
0.35333027133012423	0.3991689977634312	0.24750073090644475
0.3510448080393163	0.39776157060940587	0.25119362135127793
0.34955298917400246	0.40227868481592716	0.24816832601007052
0.35085699727153774	0.3997285029965145	0.2494144997319479
0.3486348846842821	0.4010954844341471	0.2502696308815709
0.3500614554505608	0.39852156179253273	0.2514169827569066
0.34720634922646476	0.40285020915093456	0.24994344162260085
0.34830704152715175	0.3993744171980756	0.2523185412747728
0.34841919731059007	0.40255981392415685	0.24902098876525314
0.3501422158586496	0.401857273525666	0.24800051061568454
0.35379077590767494	0.397663633988593	0.24854559010373217
0.35080325721649513	0.4025396568074044	0.2466570859761006
0.3492053006366612	0.3991885857076393	0.2516061136556996
0.35226527716825556	0.4001230910278773	0.2476116318038672
0.3493059766035433	0.3997857314988288	0.25090829189762803
0.35055084765428024	0.3987003095580313	0.25074884278768855
0.34749385135965344	0.4008726147089519	0.25163353393139476
0.348757939025164	0.4019644113263627	0.2492776496484734
0.3515890344575006	0.39787810990655026	0.25053285563594924
0.347996123830222	0.4026035488240786	0.2494003273456995
0.35166410722190145	0.3989879707075657	0.24934792207053297
0.3533135616101585	0.39938341660590126	0.24730302178394042
0.34864074912586973	0.4020095743611253	0.24934967651300508
0.3517593993256082	0.3975854416193696	0.25065515905502234
0.3493929071650893	0.40256601564795935	0.24804107718695145
0.3539897812778443	0.39841679545971764	0.2475934232624381
0.3501273551048531	0.4026018171259196	0.24727082776922743
0.34722792007391085	0.40090270300040376	0.2518693769256855
0.35219833581175347	0.3983101466321772	0.24949151755606946
0.34873217872722556	0.4009351436040094	0.25033267766876516
0.34866879459575284	0.4018262200654852	0.2495049853387621
0.3483220089366119	0.40074967426995567	0.2509283167934325
0.35181658251596115	0.4005936254958322	0.24758979198820674
0.35060986899173735	0.40012448576245807	0.24926564524580475
0.3488243931299918	0.40254336632711707	0.24863224054289124
0.35160339408846514	0.4009043126524225	0.24749229325911248
0.35021089654398196	0.3985625127404713	0.25122659071554687
0.352924132794605	0.3975202875933816	0.24955557961201352
0.3504275975825881	0.4005645695585369	0.24900783285887512
0.3499237091571373	0.40117497211621156	0.24890131872665125
0.35266457303994436	0.40053779957476676	0.24679762738528896
0.35084890028395305	0.4001924860848497	0.24895861363119742
0.34923268245783695	0.39884730609557645	0.2519200114465867
0.35342247630006385	0.3975797983685975	0.2489977253313387
0.35251128539709237	0.39814547830098923	0.2493432363019185
0.3528474170152187	0.3990157078654215	0.24813687511935983
0.34918621406698624	0.40009220178375104	0.2507215841492628
0.35083003375591254	0.40008108081970517	0.24908888542438246
0.34731429548028764	0.40034753511310106	0.25233816940661136
0.3503983677177249	0.3997001187874125	0.24990151349486273
0.35125129197658866	0.4005166494876768	0.24823205853573466
0.3515865576881399	0.40060453598649814	0.24780890632536207
0.35361265132866726	0.3991560891150796	0.24723125955625325
0.35047493798463963	0.4021871542313359	0.24733790778402456
0.34987011359432924	0.4024039553710203	0.24772593103465057
0.34993555920763464	0.401060948615128	0.2490034921772375
0.3503383584855423	0.4011619199977723	0.24849972151668553
0.3522377273501822	0.3989407558727096	0.2488215167771083
0.3478855085682427	0.4000535312027907	0.25206096022896674
0.35149594489543956	0.3977909520884015	0.25071310301615907
0.3479295891813155	0.4016404048164149	0.2504300060022697
0.35184872814368123	0.3982072039043075	0.24994406795201138
0.3510906220037462	0.39785565902652253	0.2510537189697314
0.3519847606976972	0.40079578194407695	0.24721945735822598
0.3512336273687444	0.4004549949981217	0.248311377633134
0.3482516970456946	0.40046854002551024	0.2512797629287953
0.3537879745653243	0.39854594680242217	0.2476660786322536
0.35038695344539694	0.3986466089661035	0.2509664375884997
0.34744715169691354	0.40043282345510767	0.2521200248479789
0.35185089065194797	0.3978588567381345	0.25029025260991766
0.3511096658601107	0.39833828867922105	0.25055204546066834
0.34916046296941594	0.4029355719662667	0.24790396506431744
0.3510278680581751	0.3985867646774976	0.25038536726432736
0.34963083277807866	0.3990958240584172	0.25127334316350425
0.35083781532153535	0.4001565146953745	0.24900566998309026
0.34965418562191347	0.3981501258831038	0.2521956884949828
0.3507668641590427	0.3990610075596066	0.25017212828135077
0.3476434676584632	0.39968601803872195	0.252670514302815
0.3521884587748657	0.3991859042764966	0.24862563694863782
0.3497392597851302	0.4007471871767587	0.24951355303811124
0.3509896189461927	0.3976907594205331	0.25131962163327426
0.3489854301634417	0.4002258427607334	0.250788727075825
0.35229940027676165	0.4006944417336851	0.24700615798955328
0.3535752780967225	0.3993389694460392	0.24708575245723838
0.35390493250046895	0.3976993648958318	0.24839570260369936
0.35062856466029907	0.40055764060087257	0.24881379473882848
0.3499060797242293	0.3978693647897138	0.25222455548605693
0.35177660635388497	0.3985101759577124	0.24971321768840274
0.3504931458254707	0.4025725903063643	0.2469342638681651
0.3492607041374918	0.39965586459978425	0.2510834312627241
0.35218725317202376	0.3984919527385747	0.24932079408940166
0.35364013750503853	0.39870877173393254	0.24765109076102904
0.34867443142922316	0.4023161883705969	0.24900938020018007
0.35127765443134257	0.39771284744995183	0.25100949811870565
0.3496839745117284	0.3978227841736504	0.2524932413146213
0.34744386670448657	0.401858564246225	0.2506975690492885
0.35182028292752604	0.4015152907677775	0.2466644263046966
0.34974319228255324	0.40060777536156744	0.24964903235587937
0.3526925757028188	0.39810667259520754	0.24920075170197376
0.3541584309725187	0.39807017742902695	0.24777139159845443
0.35373180557610595	0.3983172194842364	0.24795097493965776
0.35195532243387473	0.39871740405179945	0.24932727351432593
0.3493148222266802	0.3994205829763936	0.25126459479692625
0.3511929312390867	0.40178570795653695	0.24702136080437648
0.3511177334596297	0.39737348382228155	0.2515087827180889
0.34912835320513286	0.3984052712097442	0.252466375585123
0.3513296432553638	0.3997452829719073	0.248925073772729
0.3511761637535317	0.4004792852885265	0.24834455095794192
0.3503224282558528	0.39997754128571417	0.2497000304584331
0.3500213427031006	0.3988539916612158	0.2511246656356837
0.3490754902513097	0.40196364872722445	0.24896086102146597
0.3492233237923902	0.39902699923807894	0.25174967696953093
0.35139555301642356	0.40060842365327465	0.24799602333030196
0.35005193111714145	0.39903095291844526	0.25091711596441335
0.3485939246706833	0.3986911063717968	0.25271496895752005
0.3513136824343492	0.4018941837613543	0.24679213380429665
0.3499022993522704	0.398312281445117	0.2517854192026127
0.3495819259045097	0.3992461443089258	0.25117192978656466
0.3487159638840998	0.40157882673181466	0.24970520938408564
0.35212651990204497	0.39987850140937414	0.247994978688581
0.3486981328139944	0.39900797949731015	0.25229388768869554
0.35403530314745724	0.3979804040589865	0.2479842927935564
0.3510178154089535	0.4010589651389778	0.2479232194520688
0.3476069198059709	0.3996449512261974	0.25274812896783183
0.3482721295918524	0.3991329385196099	0.2525949318885379
0.3493279099966653	0.40291911351467996	0.24775297648865485
0.35314276695284863	0.39915125556611475	0.24770597748103676
0.34913663974330217	0.4005762511271713	0.2502871091295266
0.35049886204116665	0.39789442292503163	0.2516067150338018
0.3530140984940009	0.3976324848822732	0.249353416623726
0.35133611970450923	0.4007713273774442	0.24789255291804668
0.3500493789177647	0.402347619709109	0.2476030013731264
0.34861428631673785	0.4027096638252913	0.24867604985797098
0.34979928516452685	0.3989895167859189	0.25121119804955444
0.3484293417612473	0.39884131093942654	0.2527293472993263
0.3509707702283233	0.40071573402431243	0.2483134957473644
0.3472611046272562	0.40264567029236487	0.250093225080379
0.3494706212246204	0.39945842953027044	0.2510709492451093
0.35153729869735134	0.3998144861592048	0.24864821514344396
0.34986689762340706	0.3991505697543567	0.25098253262223635
0.35104067163965974	0.40010127092213404	0.24885805743820633
0.34960708108522387	0.3978893689430976	0.25250354997167856
0.35124042303975533	0.39745864424113386	0.2513009327191109
0.34936202656948795	0.4016923950541614	0.24894557837635078
0.3512825826032583	0.39965342807852877	0.24906398931821305
0.35124432308233916	0.4003824536449429	0.24837322327271807
0.3479704494527452	0.40217441572876217	0.24985513481849275
0.350186033299061	0.39775480707490646	0.25205915962603265
0.3482061362292662	0.40290487768022143	0.24888898609051252
0.35076574821899703	0.3985033635248062	0.25073088825619694
0.34908374375831913	0.3998611447745257	0.2510551114671553
0.3492346277428426	0.3986334850057141	0.2521318872514434
0.35164974638048047	0.4008817342780976	0.24746851934142208
0.3486986719606835	0.400163524918997	0.25113780312031964
0.3526982029255308	0.40031693400548524	0.24698486306898407
0.3514950200978358	0.39808491169366783	0.2504200682084965
0.34822875929898034	0.4006500598662394	0.25112118083478036
0.3498332543762143	0.40005200519187845	0.2501147404319073
0.35331564432005863	0.3996565834830904	0.24702777219685101
0.3514606636964083	0.40025229786043115	0.24828703844316058
0.3484072404167917	0.4009040315222906	0.2506887280609178
0.3535099014102996	0.3996830217482461	0.24680707684145448
0.3511280674439179	0.39987509775022273	0.24899683480585943
0.3486726619361396	0.40211182453578564	0.24921551352807486
0.3501715256628787	0.4026890430244185	0.24713943131270288
0.34951300525846657	0.3986385752546382	0.25184841948689535
0.35167974493388937	0.4007539115705231	0.24756634349558765
0.34829965336266194	0.3995578679375834	0.2521424786997548
0.35188703929285164	0.399366706099791	0.24874625460735744
0.35071798506961527	0.39847556385596833	0.2508064510744165
0.3534234451687098	0.39814060355223924	0.24843595127905105
0.3538886868086607	0.39817527839730815	0.2479360347940312
0.35037707626280035	0.402430299382527	0.2471926243546728
0.34800032511074525	0.40283369559306004	0.24916597929619483
0.3509047885261899	0.3979540746471602	0.25114113682665
0.3479207664704009	0.40162614141765457	0.25045309211194466
0.3528087313578533	0.3995652066747635	0.2476260619673833
0.3491084151912738	0.4024805923411694	0.24841099246755688
0.349918856094719	0.4022824674643804	0.2477986764409007
0.35028592038514655	0.39784570007090614	0.2518683795439474
0.34955989487448424	0.4004415252648026	0.24999857986071325
0.3530889777377776	0.3972790208240805	0.24963200143814204
0.3488166388387183	0.40017855085085974	0.2510048103104221
0.3527270292382943	0.398200941079741	0.24907202968196474
0.35397062790656625	0.39813191903503004	0.24789745305840383
0.35274099477988347	0.39987707468568734	0.24738193053442936
0.3542009770925922	0.39748938444813825	0.2483096384592697
0.34674995304918516	0.4017656113877055	0.25148443556310945
0.35265077646489906	0.39849405111790925	0.2488551724171918
0.35011441303037644	0.3995862471151411	0.2502993398544826
0.3530467190435993	0.3985628202544882	0.24839046070191265
0.35360797249409054	0.3980265573033913	0.2483654702025183
0.35129590292856794	0.3996098321438447	0.24909426492758746
0.3490488569223107	0.40098786173168266	0.24996328134600682
0.34665506860299894	0.40263990438002184	0.25070502701697933
0.349070393547107	0.40132298081980616	0.24960662563308691
0.351077960968684	0.4020691434603516	0.24685289557096457
0.34995111173355364	0.401422778486362	0.2486261097800845
0.3505685118166298	0.402747035570775	0.24668445261259525
0.35178799710968256	0.4012411006915696	0.24697090219874795
0.3518436097224168	0.39910270705210715	0.24905368322547614
0.3516614500749936	0.3992199224179002	0.24911862750710634
0.3514112721757767	0.39894058061993964	0.24964814720428377
0.34718359866611015	0.40074059626782027	0.2520758050660697
0.35302835753762807	0.39902551745674086	0.24794612500563123
0.3513584929526521	0.39746049817445184	0.2511810088728962
0.3499834844313341	0.40008533507264626	0.24993118049601976
0.35087986858460696	0.40015019347674635	0.24896993793864677
0.3475001421543872	0.40279718682599136	0.24970267101962157
0.3486124849343906	0.40080835210003973	0.25057916296556976
0.35255130940395274	0.39950739033424487	0.24794130026180247
0.3532545253936176	0.39830134595897804	0.2484441286474044
0.3481870652898442	0.4021360469437569	0.249676887766399
0.3479418111634374	0.4013151235672143	0.2507430652693484
0.3526887199957984	0.39843107524624305	0.2488802047579587
0.35215961465600304	0.4010819343042392	0.24675845103975783
0.35221892424819484	0.40055056884666695	0.24723050690513831
0.35163007252439793	0.39949833615563296	0.24887159131996925
0.34879354233409443	0.40225149276748523	0.24895496489842048
0.34665623395407874	0.4012803303712757	0.2520634356746456
0.3487649055126662	0.4010697536790422	0.2501653408082917
0.3499894783762826	0.3984114895747594	0.25159903204895806
0.3514989515097405	0.398454592332855	0.2500464561574046
0.35135144690848014	0.4013796021816419	0.24726895090987805
0.34873295776520075	0.3997908409358737	0.2514762012989256
0.34768302219640684	0.40219716995268917	0.25011980785090415
0.34947797269824316	0.4027496211088506	0.24777240619290636
0.34983213306783667	0.40019056891839266	0.24997729801377078
0.350298199347539	0.39779356174273994	0.25190823890972125
0.3493250856394139	0.40066950851517474	0.2500054058454115
0.348580629283829	0.39904609613613556	0.25237327458003556
0.3479716994175324	0.4025935888370196	0.2494347117454481
0.3528079470602593	0.39806334854117253	0.24912870439856827
0.35070921158817764	0.4010461746510137	0.24824461376080875
0.3512177709597772	0.4016674344438299	0.24711479459639302
0.3512365876701733	0.3984283584525983	0.2503350538772286
0.3506790537554821	0.39937791418217483	0.2499430320623432
0.3517860602984233	0.4015204863780283	0.24669345332354853
0.35187675742949	0.3997343934589617	0.2483888491115484
0.3486625956283708	0.40030865244522007	0.2510287519264092
0.3531009266978407	0.3984972328462918	0.2484018404558676
0.34728068340349666	0.40092895245005034	0.25179036414645306
0.35222873199103544	0.39929956733887917	0.2484717006700855
0.3510563003661987	0.3988542475092791	0.25008945212452227
0.35092958286227527	0.3986299390372064	0.25044047810051845
0.3533397994234996	0.3985445965910335	0.24811560398546706
0.35026316330982643	0.399351251528399	0.25038558516177467
0.3517959166559147	0.39991847278688397	0.24828561055720147
0.3473510335531173	0.400258166026346	0.25239080042053685
0.34866733640330794	0.3991047377431025	0.2522279258535897
0.34799603926837297	0.4007607949462066	0.25124316578542055
0.3520358656192304	0.3986817360826564	0.24928239829811333
0.35281213004817846	0.39961911548142925	0.2475687544703924
0.3496718466078156	0.39781996091685934	0.2525081924753252
0.35058370916360343	0.39812184709240556	0.2512944437439911
0.3488702393617656	0.39920411687524265	0.25192564376299187
0.3487788857596851	0.40128611409101816	0.24993500014929687
0.3492529492488512	0.40041169885210204	0.25033535189904693
0.3493800596087104	0.4028969735386341	0.24772296685265566
0.3487172520575264	0.4027856929003306	0.24849705504214312
0.35284718456059827	0.40041853661698346	0.24673427882241833
0.3475143864754475	0.40219624262574516	0.2502893708988074
0.34812676623477967	0.4020034253818515	0.24986980838336897
0.34944828857114857	0.40064562186228414	0.2499060895665674
0.35182018921403807	0.39748862259547657	0.25069118819048547
0.346737943831591	0.40302064094472745	0.25024141522368165
0.3522176171632651	0.400351438242187	0.247430944594548
0.3493382417012377	0.4013543130773592	0.24930744522140325
0.3487984975396455	0.40254052272241525	0.24866097973793938
0.3479683585944285	0.4001246218448516	0.25190701956072004
0.3468458492538957	0.4024399389903078	0.2507142117557966
0.3533586715540897	0.3998293069225102	0.24681202152340023
0.34708876373480363	0.40197748184208065	0.25093375442311583
0.35294700162587495	0.4003377394875484	0.24671525888657672
0.34704261384662227	0.4018458856620196	0.2511115004913582
0.3518701321003698	0.4006649460974578	0.2474649218021725
0.3475479409313542	0.4005288025820611	0.2519232564865848
0.35266357521332914	0.3975588927916412	0.24977753199502978
0.35249336707622	0.39943538354185226	0.24807124938192787
0.34756267600515517	0.40136652105095527	0.25107080294388967
0.350961650411086	0.3993023831269222	0.24973596646199192
0.35252959109539894	0.3989654280249188	0.24850498087968237
0.3474172845971603	0.4001841885638744	0.25239852683896546
0.3498491672219662	0.39907282308931047	0.25107800968872346
0.35146096849680836	0.4014319479124864	0.24710708359070535
0.3519449971842306	0.3976329462481636	0.25042205656760586
0.34817198242400116	0.40107206134898044	0.2507559562270185
0.3480029681832216	0.3995998385302397	0.2523971932865388
0.3500562804864701	0.399627671371601	0.25031604814192904
0.34849717164656707	0.400741175532438	0.25076165282099505
0.3484127910570404	0.4019464475649144	0.24964076137804536
0.3519675103065257	0.3972945387568657	0.2507379509366087
0.3499240936800423	0.39740440246321007	0.25267150385674775
0.34819985728480696	0.40114383989640856	0.2506563028187846
0.3510055468921761	0.4013179537682068	0.24767649933961725
0.3505172812615208	0.3977999002001155	0.2516828185383638
0.3511179303137674	0.4020040260489354	0.24687804363729726
0.346749766190472	0.4007784786633748	0.2524717551461533
0.3477138542075414	0.4005883997881304	0.2516977460043283
0.3510152074251797	0.39767578730942327	0.2513090052653971
0.34815240259274466	0.40223189750103594	0.2496156999062195
0.35141923867801805	0.40075425430143097	0.2478265070205511
0.3511490139825957	0.4009529676876107	0.2478980183297937
0.3538602002474265	0.3983636120471947	0.2477761877053789
0.35260238256388116	0.3977262656018818	0.2496713518342372
0.3503641623321869	0.4002958393641199	0.2493399983036933
0.35128692133382555	0.39739413085910147	0.2513189478070731
0.347180983370707	0.40231333981500794	0.25050567681428515
0.35065357033880873	0.4012113139359387	0.24813511572525268
0.3494571957410364	0.4008463301410849	0.2496964741178788
0.34767140490881226	0.3999029962787133	0.25242559881247456
0.35132171783474103	0.40128627286265856	0.24739200930260052
0.3501260757224417	0.40283350971677667	0.24704041456078174
0.35189163244322996	0.39813494889112033	0.24997341866564982
0.3520059889945441	0.39795679131989975	0.25003721968555626
0.3501083504170916	0.40105791200910684	0.24883373757380167
0.35118434201472515	0.3990795576776524	0.24973610030762255
0.3471218594482339	0.40207668105072697	0.25080145950103916
0.35069425055573367	0.4002773776299383	0.24902837181432813
0.3466477425502912	0.4016939384127857	0.25165831903692315
0.34930795763149525	0.39855650417476696	0.2521355381937379
0.35177602412918607	0.3974656551101706	0.2507583207606434
0.3537031564381429	0.3982027441794701	0.24809409938238713
0.35257344510529015	0.39777048796450104	0.24965606693020892
0.3466882686282764	0.40291192403660425	0.25039980733511946
0.3470082912006134	0.40050665340903835	0.2524850553903484
0.3518113181094895	0.3995069459290711	0.2486817359614395
0.3517914216729794	0.40037845401734945	0.24783012430967122
0.3495421516495753	0.4028005573322123	0.24765729101821243
0.35420283522557755	0.3977358111922731	0.24806135358214948
0.35085770532846183	0.3994016982395834	0.24974059643195487
0.35032399155423366	0.4022223824451823	0.24745362600058413
0.34903709709735986	0.4015250406206734	0.24943786228196685
0.3474772464700088	0.4018728722493216	0.2506498812806697
0.3494932583471471	0.40022782235266663	0.2502789193001863
0.35273661251709676	0.39882151701189544	0.24844187047100788
0.3474131410602964	0.4012552981047739	0.2513315608349298
0.3507327475676404	0.39798022554491963	0.2512870268874401
0.3480660511085773	0.4020175241300087	0.24991642476141412
0.3477814549538007	0.4022964743394084	0.249922070706791
0.35410121755770796	0.39732078098624024	0.24857800145605194
0.34835667432952355	0.3992445471611169	0.25239877850935966
0.34957438897321885	0.40071538494353137	0.2497102260832499
0.34843224057478506	0.4009459323076498	0.25062182711756525
0.3525414262474684	0.4000406986154581	0.24741787513707358
0.34966384568925785	0.39940563490101944	0.25093051940972283
0.3477615084650506	0.39979043960685623	0.2524480519280933
0.3506394432606194	0.40264281927878054	0.24671773746060016
0.34872661045850395	0.40057598958876306	0.2506973999527331
0.3494715188062506	0.3988192332538807	0.2517092479398688
0.3488571569742748	0.40147633317804193	0.2496665098476834
0.3513360350595558	0.39972859919228637	0.24893536574815794
0.34918613460154	0.3982870657348271	0.252526799663633
0.34938512095687124	0.4027127034832457	0.24790217555988314
0.34871847476649326	0.3995728542636701	0.25170867096983673
0.3512074476052681	0.4016821420365776	0.2471104103581544
0.35109205244016123	0.39906015496731967	0.24984779259251919
0.35339774772160104	0.3973750703251203	0.2492271819532788
0.34737237814632316	0.4025090437721269	0.2501185780815501
0.3536878752220813	0.39804251241401184	0.248269612363907
0.3492563679078716	0.4001636496559591	0.2505799824361694
0.34894524694195783	0.39916205978890457	0.25189269326913777
0.3491788136169507	0.40288042723946993	0.24794075914357955
0.3477256296627218	0.4027462298098411	0.24952814052743721
0.3527297909049729	0.39927808499792716	0.24799212409710003
0.34824148208918443	0.40270611994465744	0.24905239796615825
0.35391889695936984	0.3983029992187128	0.24777810382191745
0.35174752147254207	0.4011852364251378	0.2470672421023202
0.34917617130977047	0.4028027013218049	0.24802112736842474
0.34700137460880065	0.40023122101802255	0.2527674043731769
0.3527282549326605	0.3979584286174636	0.24931331644987598
0.35294330595062806	0.39870249815083947	0.24835419589853258
0.34885345143467994	0.40092245496140666	0.2502240936039135
0.35192191429190484	0.3985849201962879	0.24949316551180734
0.35079362580308265	0.3988074617829012	0.25039891241401624
0.349110780828109	0.3989212156962962	0.25196800347559495
0.35141874104349935	0.4008741833270626	0.24770707562943817
0.3506510397092591	0.4019703056382124	0.24737865465252865
0.35169332212616017	0.3973656186781718	0.2509410591956682
0.35323332090609966	0.3996822816293863	0.24708439746451416
0.350199887468649	0.39871537721001826	0.25108473532133285
0.3487696841635189	0.40022849900225477	0.25100181683422645
0.35419754512938817	0.39892024448110674	0.24688221038950517
0.35014210696987913	0.4019168998225273	0.24794099320759366
0.350812328547568	0.40251601031204587	0.24667166114038624
0.34770963544023564	0.40185217708824994	0.25043818747151453
0.35118821461919486	0.4010001634406063	0.24781162194019898
0.3500064899109328	0.3990619845507678	0.2509315255382995
0.35023312545410956	0.39786259670712343	0.2519042778387672
0.3535130617008964	0.39779235485928355	0.24869458343982015
0.35138746000879345	0.397408019447806	0.2512045205434006
0.35243877941486557	0.3978479879132982	0.24971323267183637
0.34819436902206485	0.40177349121016176	0.2500321397677735
0.3503404937982417	0.4026720962517016	0.24698740995005675
0.34711295101174694	0.4023549572509442	0.25053209173730895
0.3486938122749813	0.40208986321052165	0.24921632451449713
0.3487697077970653	0.39934576189567095	0.2518845303072639
0.3494161855223562	0.40267015708247134	0.2479136573951726
