0.024240705381361666	0.04951743451414581	0.1525451685502316	0.05002169931178088	0.17250001633061265	0.40857532178482725	0.1236269523995332	0.018972701727506702
0.02235517061849951	0.04053530047466607	0.1757427272429027	0.04748503103484093	0.10855930606694177	0.38102153451669896	0.2181853419345604	0.006115588110889497
0.019441765036012332	0.032248938610785774	0.2188044282827497	0.03365085036971917	0.1066593547171292	0.390307742699479	0.1797597827766239	0.01912713750750074
0.014766928931632395	0.031587238355880815	0.14070320970507377	0.043986502097658975	0.16803409587702944	0.44036242940357906	0.14073859014009182	0.019821005489053634
0.029291137027519898	0.05313351981179773	0.21051372500545704	0.03879416634426827	0.1545340285126584	0.3767240577751405	0.13073529592881775	0.006274069594340223
0.02801389045482905	0.04391667599758026	0.22229668880388037	0.02474927773094439	0.14146069800667205	0.36063065155128826	0.16680594917186045	0.012126168282944966
0.028339156299250004	0.04332434807721218	0.14197119220908067	0.022488213104836355	0.16975402850840005	0.34840935524980976	0.23056754035655577	0.015146166194855024
0.017712713797097407	0.05564048127905738	0.13246325326522554	0.049393017563434324	0.1384465036444533	0.4071748847571548	0.18576770458391098	0.01340144110966611
0.02854431239570579	0.04528618581455238	0.13829394523030794	0.04929397098768684	0.13878028968514894	0.37485163125017795	0.21139119211981106	0.013558472516608924
0.02303047572650968	0.04583269794295952	0.13934058699687046	0.02041157753598878	0.14732566096697683	0.4388678319907132	0.170537028613444	0.014654140226537327
0.017416417881760543	0.04010746613890534	0.2206775900192872	0.03186753149663629	0.11506462565238104	0.39649398007896675	0.15925923423235616	0.019113154499706422
0.02463605004348264	0.03693747714908863	0.24174161948388573	0.03143405639826363	0.11103946186790863	0.36034183136629483	0.1767153935072301	0.01715411018384562
0.01720310585262838	0.042438624802316194	0.2145165829049723	0.03955068746973189	0.11551906842197278	0.36931279794920624	0.19314594242356678	0.008313190175605223
0.030977089084275142	0.04478800792236329	0.2184372544595433	0.020283131797589088	0.10623921474890755	0.3297294463711691	0.2369894401878839	0.012556415428268408
0.029160068289120766	0.043695544735916234	0.21284448162856703	0.053079194004811675	0.12006902198357718	0.40465839726456987	0.11690784478040321	0.019585447313033855
0.018968225421338525	0.04469450367592935	0.19471572608372667	0.019991979189112552	0.17396445645232353	0.380620519703471	0.1582033982590593	0.00884119121503886
0.026646357663185183	0.050684003313103576	0.14930325050772056	0.026864912778262223	0.13707351768418155	0.41053158591062167	0.1921107013882053	0.006785670754719683
0.03216420608948778	0.030501688925340498	0.1453927180405017	0.04820494401884742	0.12890909762205738	0.4434272862111983	0.16277312990758774	0.00862692918497894
0.021412470026297772	0.029359842908816186	0.1739619528252599	0.04387482079053151	0.1286376337425819	0.36066322892241987	0.23602023434394528	0.006069816440147341
0.01462484020746549	0.03897851963730635	0.2270938695941564	0.0391780498433877	0.11975051725974536	0.33804317437255016	0.2026973096326278	0.019633719452760545
0.019754250287651987	0.05589432306315177	0.14752428731666073	0.028222832597561115	0.1057935389172849	0.46586593434765566	0.16083851445083627	0.016106319019197457
0.02659449814102985	0.0530903904060652	0.1903699893239847	0.04161858845201219	0.12060728284611494	0.41586572998502724	0.14414762781038967	0.007705893035375999
0.032129494623246116	0.05031830060575715	0.1429561372382394	0.04808172111871627	0.1440274456905414	0.35605924238911646	0.21934173222720638	0.007085926107176649
0.024398940885219766	0.030716592558232794	0.13935652981606617	0.04769596728244771	0.1465551423980324	0.4392497875969382	0.15934778117665147	0.012679258286411282
0.01597219776129627	0.03922251683066422	0.13168897314563868	0.03734194346482625	0.1012001527694936	0.5046952845328884	0.15616858041288134	0.013710351082311015
0.029382819785841063	0.03269154840695335	0.14224833553554891	0.024685795742172223	0.09671022327704226	0.449435085679172	0.21198232061096123	0.012863870962308704
0.014575130493702071	0.03784589861579615	0.20604591541423345	0.04828233599272702	0.1392028164299691	0.36689314083309854	0.1764117862341042	0.010742975986369238
0.016133686479535225	0.035011522415753546	0.18354160583772727	0.0244117658743309	0.12811412670476358	0.4035703797300637	0.19003257527519885	0.01918433768262677
0.02876278339999809	0.053504295332585716	0.17459956168830817	0.05078941898809547	0.13262587389372305	0.3632618635320006	0.18576017419612656	0.010696028969162205
0.03138984046059379	0.04884820160423045	0.17108547407372493	0.02947948705180059	0.09480411271758102	0.3797862191700411	0.2384052761507587	0.006201388771269231
0.029956391901686696	0.03953362052983497	0.16149728273767294	0.0273736916433375	0.10497242789477723	0.4179392308722	0.2125587328781838	0.006168621542306685
0.02191721157358914	0.03936146950896803	0.18547653979174972	0.025172198379460956	0.11388766419582676	0.4337931358032957	0.1639008840289007	0.016490896718208803
0.026586580481778754	0.04415565900278692	0.16487336769685956	0.01800780046079098	0.09488191241309232	0.530166723515071	0.11241177136328628	0.00891618506633396
0.016725914901137742	0.03884228790430523	0.23759619234849316	0.01738747357365225	0.12406264032686908	0.4037455566616597	0.1487714385206652	0.012868495763217469
0.03217327032172486	0.04155687746632744	0.2258361943399213	0.02497457493224771	0.15554419330168995	0.3323894614659334	0.17501221406295525	0.012513214109199922
0.02936703320421502	0.0427050005730589	0.2418318466372551	0.05057513478007378	0.1157787039825537	0.33866978933494407	0.16628560499600653	0.014786886491892692
0.02584300417577433	0.050526729050881014	0.20495885087165003	0.046259462208654054	0.15933729750163317	0.3751297690865194	0.12555673523412175	0.012388151870766057
0.027885311749983127	0.032189392338885806	0.19680099279360624	0.048605147788431405	0.15537210255504671	0.3976362995215307	0.12183282636869935	0.019677926883816504
0.02721957934384525	0.039845441451513516	0.18736183730450726	0.0233143545601152	0.11415106080067595	0.4479765904517512	0.1436324090439363	0.01649872704365518
0.017923782046964196	0.03145291424347221	0.15986908843093567	0.04165130671583134	0.1324235562830471	0.4318298971838317	0.17488334584476373	0.00996610925115389
0.01570255288651659	0.04164463635718413	0.1467677157188967	0.05173359575717287	0.1381536802946192	0.4469684818686296	0.14580260440799672	0.013226732708984001
0.02402409642598545	0.053145460075861656	0.20634279890527907	0.02047590274205363	0.13810523862668933	0.4124791772306119	0.1253972638239158	0.020030062169603013
0.02162099299391998	0.029984358737492972	0.23770971313343048	0.02287487444431302	0.11777256186714188	0.3953351394198845	0.16181823964506936	0.012884119758747606
0.025109929337448378	0.03466416240682217	0.22652018850573188	0.05217884216952959	0.16833734448938162	0.33106786092487506	0.1573723376799391	0.004749334486272044
0.02607076846048406	0.04734533167952912	0.20215645077871686	0.043733408127763634	0.15479380347706476	0.34016971576381555	0.1678618652340893	0.017868656478536513
0.025382176082892588	0.04595332391121665	0.19525046817409078	0.03653183579796672	0.1381795179185219	0.3550474950401948	0.18691562695703842	0.01673955611807798
0.027586923207533406	0.04689921153412392	0.20197583718638035	0.022753181482656648	0.13935491155207494	0.40118621189991077	0.14722342397439295	0.013020299162926907
0.019111831955785738	0.03282790977636592	0.16988432118150074	0.03480810645497759	0.11525029119269001	0.4040943330471609	0.21602295260363774	0.00800025378788119
0.02150590768632514	0.03503035446475827	0.1573522754615422	0.03454922102261811	0.11964601142793568	0.39834245381171884	0.22397293588641776	0.009600840238683808
0.025812143796768966	0.04044455672115127	0.21341804971529682	0.04275147792790432	0.10631667984089878	0.4365160315955757	0.1267909357981416	0.00795012460426231
0.017152733276506682	0.030273418791799192	0.17957585670826393	0.0379482427933754	0.16631578230398641	0.4233127017604903	0.13936481122450686	0.006056453141071061
0.031189181155885454	0.04546777225814634	0.1609828927812701	0.02808525856691131	0.11400219508674665	0.390189940823799	0.21511149394775214	0.014971265379488785
0.022218589866450852	0.03899703999467946	0.16226780425793288	0.030319532685620904	0.15711365278512918	0.426960078938564	0.15485923289256653	0.007264068579055982
0.029481375479641553	0.044794495498259965	0.1838994336979837	0.024061677622947475	0.09621476742445953	0.3936917371339761	0.21742520885999855	0.010431304282733048
0.030615574655476624	0.04501779937219416	0.22469200033464257	0.04356555561060729	0.09554457472130484	0.4348888796379031	0.11634962533035051	0.009325990337520823
0.0225072668611931	0.054323822821061504	0.22483192459282597	0.028522912728952937	0.12827533054933504	0.37019915651168445	0.15584754475970164	0.015492041175245205
0.017655653211351735	0.03576471600507666	0.19538716551850727	0.03624917440958439	0.1363343778907938	0.40214400387908156	0.16412732894630291	0.012337580139301557
0.02440699670118504	0.03477422028420714	0.23442478929349847	0.029993588783832514	0.16404982241355073	0.33083139777466447	0.16966466834680707	0.011854516402254364
0.021216498871410333	0.03471891981714653	0.1843185849663	0.02947067824045832	0.17302904218314127	0.3734012379314148	0.169983598920208	0.013861439069920517
0.021195326385678837	0.029723090047440226	0.2282688225200968	0.03689109185582029	0.09741639843133401	0.39606758712630763	0.17430980635941024	0.016127877273911767
0.018785730555751348	0.031636921462280115	0.14143878404827595	0.024076745640124797	0.13005643218174767	0.48876150498011295	0.14943847624066117	0.0158054048910459
0.027798411619363805	0.04169472836022442	0.20727280086923064	0.026872006083773936	0.10300069448814127	0.3782635597424703	0.19919077504232466	0.015907023794470815
0.01621105308747367	0.03472522629111431	0.13493407279562622	0.04160512422447214	0.0926739816566192	0.5253413681102633	0.1357003669441859	0.018808806890245014
0.02688892539131102	0.043646842157988475	0.14159287052122257	0.04292755100181872	0.093923771828364	0.50783392846291	0.13150983741984074	0.0116762732165442
0.02951882639578135	0.04016631901479287	0.20423425527784383	0.04186152824892028	0.1391654675461953	0.33034563516907345	0.20291357542780494	0.011794392919587726
0.02309318092704754	0.050351260512547596	0.2069122002929917	0.0297786482929131	0.13409006229484446	0.3491732291546692	0.19160237174496425	0.014999046780021952
0.016033515797768683	0.05235225793299808	0.22593068936475152	0.045787531858998004	0.09399903074067076	0.37150669986136464	0.17670727927186153	0.0176829951715866
0.02948180361666508	0.04403520625565181	0.17822632934951654	0.01990853406907618	0.11756633336942436	0.4079328801261982	0.18909542147755554	0.013753491735912005
0.018595815998300902	0.04699630224064957	0.1870358229194874	0.021111277126823258	0.1711904494509142	0.3877413679333146	0.16065554185468028	0.006673422475829638
0.01930659344516436	0.03407358737178698	0.13899277616006334	0.044912720443731	0.16908932491066792	0.3779575476081667	0.1973359205518308	0.018331529508588712
0.01805010934485092	0.034024682367337286	0.19803874640774144	0.05040200423455819	0.0917732582096803	0.38515787521700706	0.20421273037097037	0.018340593847854247
0.01603345243581497	0.029568249649066014	0.23458184206969543	0.043487280990030824	0.17823582548165348	0.3581564955524812	0.13494364046703602	0.00499321335422187
0.029482163696261734	0.03818499632273571	0.19786516877439592	0.03651147060921396	0.10828061332236795	0.37426570427791195	0.2093806377733692	0.006029245223743457
0.030381353766308503	0.03995339983970432	0.1822276314745559	0.018385679629795343	0.17190320454238806	0.37978475968678727	0.15943593114226312	0.017928039918197317
0.021929428292713965	0.043924319937465206	0.14647756446146093	0.03107650346187854	0.15507313641988948	0.4438664317606186	0.14317586846996522	0.014476747196007791
0.030101163444115023	0.04862433721860286	0.1741012953810748	0.04349912695171651	0.11286629304211242	0.43953275501102174	0.13280896249525864	0.018466066456097815
0.024671347581665865	0.045436972035579865	0.14751158921322327	0.04371576760095702	0.14194433506170584	0.45147153444470123	0.1384852191953733	0.006763234866793366
0.022489795177095512	0.04523172872932697	0.19160127942304	0.048112493330267445	0.09593636937254575	0.4628132610535768	0.1165234096391307	0.01729166327501666
0.019094547825124944	0.029995749504964794	0.16949219436646135	0.03334886718093437	0.15380676558104017	0.4070065104585836	0.16852408417966586	0.018731280903224706
0.03146867373723461	0.038416483130036524	0.23779481755527193	0.0282040854645592	0.1275952594202869	0.37303347563160627	0.15464648830604547	0.008840716754958941
0.023633602951184066	0.033722192186666444	0.21072248788024733	0.033487920447636405	0.09883015364398916	0.3573566867141272	0.22732962773625676	0.014917328439892408
0.029983716309244554	0.03311003637173715	0.1823752726215621	0.051246943133536726	0.1458752253837507	0.369627469137697	0.16933829854199806	0.018443038500473463
0.022798525813785164	0.03889460731275704	0.22293674785980944	0.04834378066935868	0.12141937369023958	0.38719075423755167	0.14283455993764438	0.015581650478853848
0.01491570386485018	0.05701073652518013	0.20748535912564603	0.046937199834467244	0.1354830205659931	0.3865946677340818	0.13496531293771938	0.016607999412061855
0.02978754341603393	0.03471951466773508	0.2027150340855119	0.03462430477824528	0.1307045765483756	0.36472028810451196	0.19520510733656427	0.007523631063021813
0.026771507416596715	0.030803242160521868	0.1665843955838695	0.04267502398866989	0.15457678086398707	0.4122139081042848	0.1514765858379158	0.014898556044154118
0.01686790332640685	0.04557963929248522	0.17315110549675497	0.02136065363734932	0.11747576101118412	0.5013456608288166	0.11218066732733836	0.012038609079664392
0.02363984423052809	0.04431911351916483	0.1518867358763087	0.025390986285163356	0.1371831955132076	0.4290731975600164	0.17037447170287917	0.018132455312731735
0.023153304144964457	0.029542713918959074	0.1358968301525641	0.03802410417667551	0.16407674702194225	0.4816630323060316	0.1204125693979623	0.00723069888090061
0.02438599616368156	0.030834695795448522	0.21668471959621677	0.03542667785885627	0.1284915679210962	0.44469023380167094	0.11269536791906136	0.006790740943968171
0.027333009104016592	0.05706738975731224	0.2413958064666576	0.030596344882802787	0.13468997941255215	0.34538193653411997	0.15659823598315814	0.006937297859380326
0.019083584798952863	0.03555483041941887	0.23192071936617883	0.04869463904242807	0.17040595846631215	0.3553684057458695	0.13072420786694966	0.008247654293889933
0.015349011181146788	0.0443649496144885	0.18964514702546115	0.03157045012962306	0.11549520845543175	0.42307702393097923	0.1728582492527656	0.0076399604101037855
0.026414933698152593	0.03072211319131092	0.1600605110172368	0.03307340229354082	0.10121876175207403	0.4122412013028486	0.22221146042437182	0.01405761632046422
0.022017271952293055	0.029413378223962575	0.1476142281391765	0.049920960591349484	0.11794485483762465	0.49168738859389527	0.13126320549556533	0.010138712166132921
0.025000754608643566	0.04288793323910656	0.1315448419575004	0.04648600601166186	0.13326188411800385	0.40243858214024497	0.20132874222057678	0.017051255704261664
0.028458469911847417	0.0527106902696414	0.2078993735532793	0.025486366584979575	0.14969894292643687	0.3884379480815474	0.14031768698741484	0.006990521684852938
0.022432831223389876	0.04147772873806148	0.14764274937039704	0.04335144845594484	0.11225100436028405	0.4055042295041684	0.21200371570027138	0.01533629264748268
0.024482175004937434	0.03179105254358228	0.15059641518919223	0.01692146890897546	0.12756506634710188	0.42668067231069706	0.20285057198394052	0.019112577711572945
0.016064163586451213	0.04909145349985526	0.16057213495957706	0.04808519428263537	0.10871149269334937	0.46864762049533837	0.13729555825377063	0.011532382229022559
0.01727396905114645	0.05260365405687793	0.1976362969623619	0.018131792632444618	0.12199736825871199	0.4281864334938912	0.1441702878927233	0.020000197651842452
0.019627695426833375	0.03221592664762249	0.16562441710838194	0.03259780269401287	0.10054036159616696	0.5025291874091389	0.13760671879041944	0.009257890327423843
0.015614170895044063	0.038623594114048754	0.19507026826533574	0.021907136802878147	0.14161230720131548	0.34006599720044417	0.22707927352482996	0.020027251996103584
0.015691582261933124	0.0515357638830308	0.19370969607061125	0.026535323121013005	0.16684897633247747	0.37905264311399955	0.15431807303894468	0.012307942177989972
0.019369160014568593	0.055874027583636604	0.2113853340413173	0.03655212111561304	0.15889219793952186	0.37814197268820837	0.12840114323091653	0.011384043386217471
0.029498261146010105	0.04527672005064265	0.13734817086924078	0.03374529597209697	0.13786470582380936	0.3723528208981789	0.2315979961721618	0.01231602906785921
0.017928043296828122	0.05772567511701371	0.19014997598642003	0.04389785113916536	0.13278579674031907	0.393202332678548	0.14707859572018311	0.017231729321522393
0.02302561578831927	0.032497814864166766	0.1338823622741916	0.019726920491205988	0.16320813460080935	0.4508094527826818	0.1662164897843178	0.010633209414307287
0.016125121252993563	0.052044979590948684	0.1955231911197497	0.02944153486892577	0.17883169034003177	0.39969848598798363	0.1156039444464799	0.012731052392886785
0.029827827467365536	0.03158867021459691	0.17786104723239243	0.01981807351627285	0.09591154135263286	0.433058632290074	0.19989048586893388	0.012043722057731285
0.01692868800620144	0.03458203254406424	0.1324637117071648	0.04657096701736986	0.1005435728403142	0.511434426413881	0.149832015671617	0.00764458579938726
0.032184210696913906	0.035153820299087785	0.2284839956810439	0.027177070260260325	0.09929883526729569	0.4208815051182143	0.14142493609076123	0.015395626586422642
0.021518271678173412	0.03612987783072158	0.17651340989808512	0.04054848482835735	0.14533030583607104	0.40193866539971657	0.1610472796456919	0.016973704883182922
0.017272379410159272	0.035744592642297	0.16423568153502627	0.03979989760983521	0.14262058358865687	0.3756033819962509	0.20953551993752204	0.015187963280252237
0.031999824180049555	0.03503647495118882	0.2015849123059896	0.05049907643177423	0.12394438735252696	0.37333523832739046	0.16735180861918716	0.016248277831893032
0.019978233833111647	0.040132718002320475	0.16159760170874923	0.045401103503323006	0.13498179194027812	0.39740607528535	0.19181690256619643	0.008685573160670923
0.032295997921318986	0.03227904644160359	0.1706325497728888	0.022958293264165708	0.13695332274120925	0.3501393935656641	0.23896993558932106	0.015771460703828344
0.02709327333164717	0.04918376388285535	0.17096580962695984	0.025826771523079967	0.098418783681408	0.3789820279875141	0.23124933810722687	0.01828023185930852
0.02596072827667617	0.04454179587265335	0.2236953962457382	0.0324726693926438	0.12288864364053903	0.41284476400845105	0.13076937793623736	0.00682662462706074
0.02140704797650514	0.034335160925862654	0.14926026298051429	0.023643623953333845	0.10595232745734837	0.5028163613425248	0.15336243206397124	0.009222783299939391
0.021339562830332087	0.04184358244805245	0.13649866432996427	0.03316048539701681	0.10404644288963447	0.5287315832337537	0.11641990556861738	0.0179597733026286
0.028845591662547493	0.04392139534888216	0.154959511613158	0.05078169575098927	0.1154548663132845	0.4731517601250077	0.11817047489099614	0.014714704295134579
0.017983071477666507	0.043017603308016045	0.22759962917823578	0.033615113930574814	0.09674098518415078	0.43522832960386726	0.13230136200116469	0.013513905316323793
0.02083539319915008	0.056626838177520955	0.23838491091907815	0.03435550098073237	0.12232459713107989	0.35047043866201555	0.1569119171932355	0.02009040373718729
0.021841279131943184	0.03314882907556836	0.20934121315573495	0.04392137037601561	0.10873199153096422	0.3790473460164572	0.1847081836077977	0.019259787105518483
0.026530162630653803	0.04492500480482106	0.20862701513411583	0.018046080736702247	0.12731442158075265	0.3677037121589501	0.19156806426707665	0.015285538686927475
0.02570824721858178	0.055318816217360414	0.18352128336357565	0.051983860980046356	0.14570862124488776	0.39821248552894695	0.13347577488013687	0.0060709105664641105
0.020133908125358674	0.04873268912037637	0.20275874782269676	0.02744035184874377	0.12813989613494398	0.38675484223426704	0.1791025297678215	0.006937034945791801
0.02059308170779578	0.04288997350765733	0.15580071349009147	0.030733342199861513	0.13012249899425068	0.39163108551933545	0.21722789790725258	0.011001406673755015
0.01718656670859034	0.05077903490969808	0.15813409496917014	0.04864621897403493	0.16056304681713146	0.33307504620629624	0.21547923437783656	0.016136757037242017
0.022780107883134115	0.03467937088737914	0.19052904202446602	0.01766702353828206	0.10975233761330859	0.41706694584770054	0.1955711557416564	0.011954016464072958
0.023598216547850562	0.04482459883175881	0.19796422336132918	0.017383089025444193	0.1728248678636907	0.3852272418128232	0.15318604035521002	0.004991722201893062
0.021640383396272916	0.04522639681114879	0.2033131920687062	0.030812120505347276	0.0933873719282027	0.404068783471056	0.18821749118712833	0.013334260632137676
0.02506257448635074	0.04077315603963784	0.19900900093203072	0.04595878517511616	0.09257934611791233	0.4267200055088929	0.16214802156616523	0.007749110173893875
0.01756997665010014	0.04147097522659918	0.1634884084227268	0.04305951276705809	0.10346672158362784	0.468168480761027	0.15175014846917922	0.011025776119681502
0.017713247874282995	0.0522692071018995	0.153966029708916	0.026457869510833787	0.10391904718585417	0.46670398553519654	0.16501921153346308	0.013951401549553738
0.02385576270457207	0.048365122671854	0.23050133296035846	0.03358662067272328	0.10606269617058595	0.3871283062832944	0.16237520034553993	0.008124958191071702
0.026700859827383655	0.05700109659752592	0.20459308704911827	0.044822145849427245	0.1114064318810109	0.4253465147254767	0.123025327578295	0.007104536491762098
0.031807177042832716	0.04813115504970106	0.22395222761729208	0.037353037380180684	0.15067111093751592	0.3743380786334838	0.12290751759572027	0.010839695743273287
0.015602728434493673	0.052610376720231916	0.1542858571407661	0.023995739927943904	0.10716500237832902	0.4215404591790961	0.2075782776563641	0.017221558562774852
0.016696245517869843	0.031165458628189896	0.1674797628417238	0.028319322222797733	0.10229378236828472	0.47680134898673454	0.16432035632369074	0.01292372311070851
0.026347076562621183	0.0334764979259579	0.23881636508199505	0.03319382208065026	0.11840333843295751	0.39432173419103334	0.13807875072749204	0.01736241499729259
0.030083295528703077	0.04193160881314992	0.14232578924471312	0.019618478187481442	0.13887820337757498	0.4044726759739129	0.20856647376105103	0.014123475113413386
0.016494274330026537	0.045104089358978375	0.18705313613891766	0.027193235712598296	0.13441396471468928	0.445952084579222	0.13852842075693464	0.00526079440863314
0.016663099503990628	0.038281911550145944	0.16995439473645432	0.03344136041030939	0.16806401577562244	0.3999619490560796	0.16178294866856746	0.011850320298830083
0.021754556899781535	0.04341840767394814	0.21342299145505006	0.021584465919852344	0.14231572210025337	0.38408986193249073	0.16698590559518345	0.006428088423440115
0.020676150027328533	0.04568783300775803	0.14839502782015807	0.046721506404499874	0.1702050780862128	0.41676508296114645	0.14111759323227818	0.010431728460617906
0.027855267096350528	0.03791557470651742	0.1311788333746932	0.01950844785528158	0.11453667646901262	0.4370589795386891	0.2182157477362934	0.013730473223161926
0.019738552614137705	0.036067058396335394	0.24075365415528338	0.022137847505010147	0.09959292919959939	0.3499513292061628	0.226430010415227	0.005328618508244037
0.030264463358680257	0.03438207532723961	0.19343177455791144	0.052327589931051466	0.13228413849047302	0.3839519082627203	0.16357036309473932	0.009787686977184296
0.024716331636550848	0.04554831520033521	0.21496883410328899	0.04250256438750309	0.1444082688222681	0.33886629685873126	0.18109422753993512	0.007895161451387134
0.021679073470860608	0.03683706534506696	0.21451589432097593	0.05043976852826709	0.15719906336510334	0.33615051872958435	0.17505794001018712	0.008120676229954438
0.030921975579210614	0.057074830949789546	0.19351377190457364	0.043861714274937194	0.1009596617029006	0.38827146794139855	0.1741160435245444	0.011280534122645278
0.02344874742996504	0.04263799670830637	0.14715309370764534	0.03030212415638847	0.11087223335485466	0.48826156424002654	0.14054829672466004	0.016775943678153438
0.0258959467308979	0.04988107062824075	0.18387319115093637	0.04870809041483279	0.15164544863968465	0.40738697475603347	0.11438727396069064	0.018222003718683294
0.02942661450475703	0.041120081528602415	0.18612708600919126	0.02047115115127865	0.13317501741766827	0.44803795474496977	0.13570776539812235	0.005934329245409986
0.019226091138662138	0.031194556381864164	0.18056483755712646	0.048412564995756385	0.10370715943260261	0.46848359485547186	0.1323474571330979	0.01606373850541823
0.02699890592767787	0.04609088331486355	0.2035679760999139	0.020738318700982333	0.09952013625843664	0.4084337782946206	0.1854211582249482	0.009228843178556725
0.025240511411892444	0.04678420570979658	0.16849803257955254	0.042996149724616683	0.10936421451813844	0.4620450134752193	0.1369006174852364	0.008171255095547336
0.023184685612131578	0.03593524504513805	0.17564589507119371	0.021858134476759425	0.13374758303160778	0.4533457075106063	0.14769020924765425	0.00859254000490875
0.01919567563729921	0.05651624354875469	0.15957238100463633	0.03666956485090116	0.09668759199026747	0.46479684115702546	0.14775862227256464	0.018803079538550774
0.019735844399059094	0.04900602443271569	0.13461855862048241	0.05022612197402675	0.13446068044570944	0.4147056761113732	0.19019513219882805	0.007051961817805125
0.020386748539223357	0.040081970733327296	0.23364066828850072	0.03873425997274614	0.11058971764316629	0.3302878907337289	0.20922288225444374	0.017055861834863323
0.01455526530139939	0.05158719468847986	0.23797002208048004	0.020990513449613835	0.15940159823133918	0.33927210333219116	0.17096354790047424	0.00525975501602205
0.027190049220538637	0.03351211046088094	0.16012682881499998	0.0411243918156598	0.15477071678410714	0.3746466981662332	0.2013649200238461	0.00726428471373404
0.029843143434458416	0.03665864151401041	0.15613850874612717	0.046992121857623415	0.11286799851850685	0.44264962029177746	0.159675144379332	0.015174821258164134
0.021006959640176792	0.034443724089064626	0.1638437346781312	0.0408243433402663	0.1248482066581815	0.38591421089429967	0.22386683696040932	0.005251983739470403
0.024145845373321415	0.03102861193284219	0.15398802519051213	0.025800822146951743	0.16067111653908517	0.46120212052212806	0.13325178641519173	0.009911671879967388
0.02942970648803281	0.0525141074449539	0.14794504178883838	0.029834633582220507	0.11234709527254785	0.4259952317489162	0.1955410671624328	0.0063931165120574285
0.018339975204828732	0.029598952165716508	0.23204884030566905	0.019106933733787593	0.12700815781203648	0.4210869510759604	0.13760519878351737	0.01520499091848368
0.018227185709129262	0.051230661948125006	0.1507307625940077	0.020502261207711314	0.12197265093404516	0.4651736832393374	0.16246184003113529	0.009700954336508721
0.030238045835227836	0.03794668859872244	0.16523554079134412	0.039121419415076394	0.1002615344254298	0.4541395692648226	0.1573696912505662	0.01568751041881039
0.018979569929059692	0.03146805278321971	0.14543118140751188	0.039496812827988115	0.13173510608849734	0.483688608576492	0.12926834667472922	0.019932321712501866
0.02407724120284191	0.035748645379063665	0.16973281431815612	0.03225562725100398	0.12799241083109245	0.39974046865681534	0.19707683774952953	0.013375954611496751
0.02297783457799564	0.04252088960682096	0.16623601929411638	0.050585641384660374	0.1383890967493464	0.42169827699194473	0.14173441136175358	0.015857830033361747
0.019530542695457023	0.05731298233226528	0.21058116701130614	0.035509086750626404	0.10696350402364624	0.4279615499810565	0.135140883130471	0.007000284075171087
0.0317417428520918	0.036520048315177106	0.2230306115540808	0.029199761511258582	0.10764548105074322	0.4076153063366361	0.15761170739369174	0.00663534098632039
0.02693392488511681	0.05163749050301665	0.14035005410029955	0.03345566484004529	0.12099137946784808	0.43665927842185803	0.1839609445534511	0.006011263228364372
0.018773091442769257	0.03934111454006178	0.17440841453927858	0.02804207742872858	0.16610727995696073	0.43742887725495394	0.12416776327328055	0.011731381563966359
0.025076471440256376	0.031533831955409	0.1947919398884918	0.029802920935187813	0.1660638976610488	0.4119784697413562	0.12761173483938412	0.01314073353886569
0.026081717311628894	0.03317602766456701	0.17129870811006226	0.052284399209235374	0.151808855223335	0.411655687761477	0.14384657702021558	0.00984802769947879
0.026361207289902516	0.049833984196185274	0.21000379353011986	0.01856311466434732	0.16906635187487196	0.3740932473640901	0.14295621650803333	0.009122084572449493
0.020905008972140066	0.05006926201568376	0.15692983153306084	0.0406504476921806	0.14337617260725852	0.3482786209055507	0.2311661111218431	0.008624545152282254
0.02589053940094435	0.041778671249545776	0.15999367205867468	0.018859907828986847	0.10341453316646992	0.40811685701669465	0.22959520479299678	0.012350614485686848
0.02485117803023161	0.035769160687186274	0.14098783173219215	0.05131128595612065	0.10911896424684688	0.40829265548837734	0.2132182285128239	0.016450695346220956
0.025535047909601802	0.044760968159854905	0.20792286597235757	0.04264143342569729	0.11488161383840911	0.3631128526644528	0.18232582861372065	0.018819389415905635
0.02037206916185509	0.051782330797478446	0.1495269411828986	0.038567467591705526	0.1740239039908791	0.34016248922311715	0.21055840269611037	0.015006395355955549
0.02838371381010174	0.04059893472580431	0.1316963221193553	0.027528159747740852	0.140100313293794	0.41869333223297744	0.2046527288140172	0.008346495256208966
0.018238875687098283	0.04074884493864386	0.1973783490894269	0.0461649436658379	0.1253778623440714	0.3441053139507789	0.21672405521525442	0.011261755108888175
0.028752694284142094	0.04338588301080236	0.21369424731381353	0.05330443989892528	0.1046461380030764	0.35091034531241344	0.19486236203661753	0.010443890140209133
0.029359710309243225	0.034028343688862955	0.17829341227194795	0.04926530518380401	0.1307955371987461	0.4456293522303246	0.11664064775767462	0.015987691359396372
0.02555036227106229	0.05352867616657332	0.13900769656015044	0.03833883737618453	0.15709705791941858	0.32905426708376273	0.23935332975704743	0.0180697728658005
0.026899573724296938	0.055875030910595744	0.13647780758254624	0.03224689089911907	0.16350551059531251	0.41525105514142335	0.16246484804804937	0.007279283098656497
0.015737046639416913	0.03706662233630173	0.2236186678184593	0.03820484062866977	0.12084364361960126	0.3530321339903968	0.1953600187361744	0.01613702623097968
0.023187813559693154	0.032328507338668974	0.24139349884082156	0.027508239938323645	0.1074344848330989	0.3684767710033694	0.1839347301611841	0.015735954324839957
0.020892092523053893	0.05145674234262365	0.1752698985686993	0.04781444283045523	0.11997125844793184	0.3739142055729938	0.20357946534289367	0.00710189437134838
0.02710379388455887	0.053275796836283515	0.16267742672026772	0.041304974470502576	0.10434662523710048	0.3617057834207692	0.23736560269316	0.012219996737357436
0.03198015101546574	0.05766239985042927	0.21772227115938347	0.044783039876005154	0.15963294410533946	0.3488519651766564	0.1294374115361811	0.009929817280539169
0.030726033258383093	0.057409215590060195	0.23235044404164207	0.047995049581512	0.14741749609622845	0.3550328894631063	0.12003439679104001	0.009034475178027718
0.028763410546472218	0.03513142622897285	0.18314300819662385	0.03636542686464668	0.13905523733813288	0.3649561232668944	0.19987851305022938	0.012706854508027499
0.022638444899260757	0.05443578669781092	0.22951755236432653	0.03220322277756592	0.1026385932584869	0.4316673797807328	0.11734164287878929	0.00955737734302678
0.01580348837701752	0.035960879339494406	0.13685802193137958	0.030109883073105956	0.1296149233878439	0.49020391167735766	0.1447312113992413	0.016717680814559516
0.026051198398830522	0.04677658270428983	0.21472769300826672	0.04045898258151684	0.10443828985834283	0.33963226459581597	0.22304221382457418	0.00487277502836303
0.02780076817215235	0.031232663750366818	0.20530419616795334	0.026105883988383927	0.11560654263489423	0.3806828838539459	0.19994750778497972	0.013319553647323457
0.024035888853224135	0.05098485066543769	0.14279250036818406	0.01737371210951523	0.11304664014602932	0.4290451799231275	0.20708424153552282	0.015636986398958996
0.02873645016751708	0.051132142408311224	0.1857096971076012	0.022919929963400712	0.1470363325514036	0.42896088954422584	0.12359344924335444	0.011911109014185656
0.02938666958420974	0.05665856130051994	0.20002308478059475	0.039686219309491774	0.14587565013170403	0.34734546370282415	0.17164400115397813	0.009380350036677282
0.021087696513495735	0.055349687752329624	0.14298641329843964	0.02931623906419835	0.15175458305512649	0.3581253489694019	0.23456351221819655	0.00681651912881151
0.027454677795916135	0.043859422327527625	0.18681071252036563	0.04494922001112488	0.14573279689551566	0.4093671599321598	0.12246630533263123	0.019359705184758907
0.016524694733767317	0.037412787532604755	0.15385414616283513	0.04945962668489701	0.14107859409422244	0.4368369217005088	0.1533803534122663	0.011452875678898133
0.03088211532458013	0.046171534509214796	0.1712847941225803	0.05187143399744379	0.17259457234885717	0.3282773887978455	0.1935957745923829	0.005322386307095209
0.029327648883711838	0.05412579920934585	0.22125027236172454	0.040505131362772034	0.10417291658899729	0.35985283440726334	0.17851624492060836	0.012249152265576518
0.0215282800050432	0.049745706625039604	0.16548401289251166	0.025300219014455047	0.17168442426695096	0.43109040935646503	0.12947912986554924	0.005687817973985196
0.024896085270808083	0.057575113419755575	0.1866582098970184	0.020635103991385267	0.1320731771074895	0.4341116524470232	0.1360223253472273	0.008028332519292553
0.020810538310869167	0.05321172382317768	0.154121530844385	0.041431843138112184	0.1448693439952658	0.3851799445837111	0.19077947016287525	0.00959560514160368
0.028737089277252784	0.03913953910074015	0.21858835492956452	0.02329256579290477	0.12953611735410264	0.43438335589737376	0.1173886179522927	0.008934359695768473
0.02702412009356482	0.040383247534190744	0.1870634324080963	0.05097028909126419	0.1521637256721807	0.3857334984180927	0.14713323200850612	0.009528454774104328
0.02919896358863905	0.05750778332663503	0.19042120853559452	0.025428910361523546	0.13018623843018334	0.42653492148753314	0.13123473815010828	0.009487236119782944
0.029811751236573536	0.03591635268253464	0.17182913402307048	0.03733033302964413	0.11651776021179448	0.42430877794529565	0.16718739590815107	0.017098494962935862
0.023907193307261654	0.03210249400724692	0.17066337639223328	0.04197677535722451	0.16252919856874481	0.3764198400794194	0.1773632424171102	0.015037879870758969
0.015230714128990075	0.050280962321364364	0.14716177964923974	0.017743641565553886	0.15472358340373762	0.4433654504759261	0.1663676703025104	0.005126198152677619
0.01626203427689961	0.04322453611516035	0.20192167036546527	0.03981469018452895	0.09598203134560317	0.4364377865146891	0.16138239124933784	0.00497485994831548
0.025292521080775454	0.031770483950180756	0.1881710199598261	0.03987664361364966	0.14154178832665285	0.38715543777607686	0.17078865507745916	0.01540345021537888
0.025170416170311488	0.03624968683069513	0.18506595221209649	0.020348745989734796	0.16788546503648233	0.34819264029608193	0.2120495157014874	0.005037577763110215
0.016885185349007015	0.054453551363288014	0.20746044498032906	0.04369351035099707	0.12501914808293021	0.3959519737428475	0.1509999833407718	0.005536202789829178
0.031595353774444224	0.05556017905694094	0.1702627296598761	0.0189460202036614	0.10912902651590287	0.3799393875619266	0.22447316810757306	0.010094135119674608
0.016523016298539694	0.05262218824684413	0.22272564485027013	0.017853012770993146	0.10680475095223965	0.4505741636911488	0.12489832112944366	0.007998902060520618
0.022817338751134925	0.044439216233901666	0.18704714929038851	0.027135688932015747	0.14171458516006982	0.36675952833409736	0.20046601647549164	0.009620476822900154
0.020222336795107126	0.04473164045190073	0.2284116142562191	0.03229833610071621	0.1096373967075749	0.3874619908719732	0.17145968195346487	0.0057770028630436815
0.02465092504547907	0.04971478704908404	0.2255027349571399	0.047432726566779146	0.09658508283855077	0.34604182196166555	0.19316150952018105	0.01691041206112029
0.024061290157229423	0.05576471553147347	0.15957738308715133	0.025297140495528336	0.12457581094442183	0.40447434010352024	0.1978006530715371	0.008448666609138109
0.026916600794073944	0.03555430235067249	0.19383944826256821	0.0490897200496133	0.13110168273473433	0.37530025622220153	0.171243821444163	0.01695416814197301
0.03152387016334768	0.03710957012590181	0.17725503620457164	0.03201940135677238	0.11941905756589395	0.46724281416143787	0.12907893048578464	0.006351319936289859
0.01890203515433686	0.03311305425378845	0.14060049259956653	0.04087182229809015	0.15682169564322807	0.46715976876536636	0.1292088158530967	0.01332231543252671
0.018354328310318635	0.03847619198949845	0.23174156890251218	0.03155263499923085	0.1248520583335213	0.34780354872888564	0.1931056877918811	0.0141139809441517
0.01757178919093197	0.04146992816774628	0.19356877798925354	0.037713575320880724	0.146603466435951	0.3741731805977891	0.18196075166148623	0.006938530635960949
0.0191617775993429	0.05298947818646241	0.15796420290346874	0.04241061501155058	0.11085924390366872	0.3833838639958379	0.22185873815243218	0.011372080247236432
0.02582802212319954	0.045607452194469766	0.15861509464255039	0.02399147875873392	0.16206781449635532	0.3371866168679959	0.23992893198567106	0.006774588931023867
0.027984262531551993	0.04991195827570534	0.14808558877172723	0.025267182094192778	0.17541354363008896	0.4125640998844722	0.14695197287554823	0.013821391936713084
0.01578186585751129	0.05481353011016342	0.16955031261843997	0.041243766426604545	0.152600934357579	0.34537143929349035	0.2089026549425914	0.011735496393619843
0.029470429270920792	0.04612384738510071	0.14746664541958637	0.04128111300243474	0.13542465188923541	0.3826421859538617	0.2125701880001267	0.0050209390787333275
0.01961249913683663	0.042565394839933615	0.1307769370029413	0.017462606878280454	0.1561314416562509	0.41261880630836545	0.20252131306173943	0.01831100111565208
0.021443548908686716	0.032775622632426754	0.15541107270817914	0.02706039143941258	0.12426114736769828	0.4459458640307531	0.17903566244847965	0.014066690464363527
0.018153320740525475	0.039760871679343335	0.18283349224739853	0.045940470706494124	0.14783202001162085	0.4293385549928461	0.11876180319393552	0.017379466427835874
0.02646736144637088	0.042673788804502816	0.14673883520802056	0.042921131374485846	0.09335608009784496	0.4062713472130768	0.23596780785952925	0.00560364799616879
0.02788899396502223	0.055615217566778036	0.18433251674289014	0.036444886774137056	0.11833285871648282	0.3411479345311992	0.22560469878154193	0.01063289292194844
0.02171291502107775	0.037473231694879774	0.1971621723919812	0.04741174257319217	0.1176172503069164	0.43634300011340177	0.12563555694918427	0.01664413094936655
0.014856009714394172	0.03947611684410918	0.14921083997763396	0.019196575116647352	0.12172239026621626	0.5151437025290623	0.1319051074553563	0.008489258096580299
0.02711113805969266	0.04188818742112144	0.15231114995209724	0.03678694981033079	0.1571238162302489	0.41111902838204073	0.16458048424695682	0.009079245897511218
