0.2106716948157619	0.682470384569912	0.10685792061432625
0.18416070233497764	0.4445372420427224	0.3713020556223001
0.09577990920373308	0.6234502447694715	0.28076984602679556
0.10922622689378036	0.8215911699130432	0.06918260319317654
0.053714829268818876	0.9111729290469149	0.0351122416842663
0.14186281100537948	0.7167102536686591	0.1414269353259614
0.08690059314057591	0.4049522229298277	0.5081471839295966
0.21937324708528153	0.5772906771841056	0.20333607573061296
0.23602763842179486	0.3255636772940822	0.43840868428412305
0.15276464956589775	0.4324038205758871	0.4148315298582153
0.16228855330837832	0.2440745828077382	0.5936368638838836
0.1923640359814756	0.22009483772653182	0.5875411262919927
0.21934155180853382	0.5675101311010625	0.21314831709040377
0.2139091912153256	0.42736679623340423	0.35872401255127023
0.15894796620437418	0.12575114463357068	0.7153008891620553
0.09605867609269927	0.6645205546659732	0.23942076924132766
0.21760896786346373	0.5028969969550692	0.27949403518146726
0.2147301432719529	0.6157293714501004	0.16954048527794685
0.06770614660346175	0.7480467073425405	0.1842471460539978
0.10732653117792895	0.6625059831291751	0.23016748569289613
0.17580408881449544	0.5092267799975385	0.3149691311879662
0.15106831946030513	0.1499561543196637	0.6989755262200313
0.06249159559734274	0.18141351466854674	0.7560948897341107
0.23126566847122412	0.19457424610826957	0.5741600854205064
0.1931151697703118	0.7757399414240358	0.031144888805652526
0.22076175680600318	0.692468445714594	0.08676979747940289
0.05413145512430395	0.47043089629645257	0.47543764857924364
0.011325141988359044	0.8356193805171988	0.1530554774944423
0.13398333165919046	0.38112770263710183	0.4848889657037078
0.07477621994012978	0.19000116611531123	0.7352226139445591
0.10085606240533829	0.4685594001047094	0.43058453748995246
0.07975785960293058	0.6487701652665863	0.27147197513048327
0.024802059232912732	0.5032194050825803	0.4719785356845071
0.10153034787995843	0.5932850463410808	0.3051846057789608
0.028942571462393818	0.8218145318984126	0.1492428966391937
0.18530032740355837	0.7739731950332355	0.04072647756320624
0.2201359450706586	0.09076749977306228	0.6890965551562793
0.03530709224507911	0.21178206788898024	0.7529108398659408
0.036924569302728694	0.7426649911096035	0.22041043958766798
0.015261887714907663	0.4219275459317894	0.5628105663533032
0.17638908585317525	0.26373980124543284	0.559871112901392
0.15216758619399162	0.2969201869771945	0.550912226828814
0.08914975211234666	0.39463041727384507	0.5162198306138084
0.03229428014077934	0.7551755092832353	0.21253021057598553
0.09094094178169021	0.32644375580912294	0.5826153024091869
0.17104161734573659	0.46658593791722613	0.3623724447370374
0.1540328772035732	0.4320375290204821	0.41392959377594485
0.18560829607227164	0.11379767462599721	0.7005940293017312
0.09473128714973159	0.3282738267622551	0.5769948860880134
0.08574800939833932	0.23747105931463366	0.6767809312870272
0.2329568130845108	0.30217168562401703	0.46487150129147226
0.2018546779583345	0.5678790384216414	0.23026628362002408
0.0998667826846105	0.29029719795262077	0.6098360193627688
0.11835706276011146	0.642619118411904	0.23902381882798465
0.01988679185150799	0.5824705088640881	0.397642699284404
0.21128269051884407	0.37363025677449657	0.4150870527066595
0.16452345907816243	0.7088798735673045	0.12659666735453318
0.02256489221879937	0.59029308739702	0.3871420203841808
0.09830628565852606	0.21830596597170213	0.6833877483697719
0.14669940637875967	0.22262288611566006	0.6306777075055804
0.045082034677330185	0.6418913494979865	0.31302661582468344
0.03601868164251942	0.34345714783902526	0.6205241705184554
0.08506936149474864	0.8848252038822818	0.030105434622969662
0.19747338147520294	0.41737914648537916	0.385147472039418
0.014296690810756907	0.8369949380316904	0.14870837115755278
0.028291380009705713	0.6250648035265023	0.34664381646379205
0.09571535209609988	0.7201022024841479	0.18418244541975243
0.026910578032898813	0.7598874256102379	0.2132019963568634
0.11320981346721312	0.17578902554655595	0.711001160986231
0.04937269904415342	0.8936879240950816	0.05693937686076511
0.06774289032513742	0.46062115375485446	0.47163595592000823
0.1260387580968186	0.6057626897067618	0.26819855219641964
0.15353448783261245	0.2598508231702919	0.5866146889970958
0.22597118651405193	0.4403713039382695	0.3336575095476787
0.14123831751783336	0.441556570888505	0.4172051115936618
0.08075017732784157	0.21342582552938194	0.7058239971427765
0.07645289839776781	0.3312557843543455	0.5922913172478869
0.08939902573491673	0.6946783399275545	0.21592263433752892
0.03258637020856198	0.7082987378370054	0.2591148919544328
0.13293694854319876	0.7053383671457994	0.1617246843110019
0.048897736635368894	0.7261316710310708	0.22497059233356043
0.09531427542657106	0.7178398285200832	0.18684589605334587
0.1262774687237285	0.20303895706750796	0.6706835742087637
0.03041177083604063	0.8877810812126362	0.08180714795132332
0.2124539091299323	0.566420522933129	0.22112556793693877
0.13230659446614773	0.5631910879698554	0.30450231756399704
0.1262611868289117	0.6332508579981874	0.24048795517290106
0.14373138571561864	0.5475901657778095	0.30867844850657195
0.13862950717308337	0.38784882482150973	0.47352166800540707
0.022047443232165287	0.26343865194119426	0.7145139048266407
0.03280370528850518	0.8559257116513537	0.11127058306014126
0.16959887083035158	0.7536044455145047	0.07679668365514386
0.22271271540316767	0.4077970825448517	0.36949020205198074
0.16389028338562012	0.7821616915955787	0.05394802501880136
0.05408203539116668	0.8539956064280737	0.09192235818075967
0.12497018406520902	0.11769652460338101	0.7573332913314101
0.04820815708471193	0.6166911615333095	0.3351006813819787
0.20333675957383449	0.19984179994174006	0.5968214404844256
0.0727835932833214	0.4913717188562572	0.43584468786042163
0.07765592129953502	0.33800494296256256	0.5843391357379026
0.018588058713411515	0.5452206365996504	0.43619130468693823
0.23019671708575162	0.32453619409079854	0.44526708882345
0.09870877668907269	0.5798777583883679	0.3214134649225595
0.04745886288438156	0.8783386995701863	0.07420243754543232
0.11137338971090008	0.7103607296657326	0.1782658806233674
0.17614332526148332	0.608010975728944	0.2158456990095728
0.1203320617144098	0.4465973142784899	0.4330706240071004
0.16466824796722113	0.4163199907694052	0.4190117612633738
0.15476370578257306	0.7533182258749079	0.09191806834251914
0.06734313224806265	0.6022448313310425	0.330412036420895
0.2160220266924275	0.6914428596026356	0.09253511370493706
0.2197306638862922	0.6717076551406939	0.10856168097301405
0.22091966383097203	0.7365458320773306	0.04253450409169757
0.16410419750933938	0.28090970309830987	0.5549860993923508
0.04719828596959763	0.7319853928722702	0.22081632115813224
0.2320517192959718	0.49471051882606976	0.27323776187795856
0.08201261033805257	0.2518569663871254	0.6661304232748222
0.20497999569778189	0.259016173724537	0.5360038305776812
0.06584590163906662	0.33521381606898676	0.5989402822919467
0.1876648929081051	0.08599503831531907	0.726340068776576
0.09968798342849261	0.6448706948201082	0.25544132175139933
0.028395570172293716	0.6115030418198562	0.36010138800785035
0.22058306940177363	0.3443411307700607	0.4350757998281658
0.021541708981499763	0.3292497880078705	0.6492085030106298
0.02255878861050442	0.44837696955736894	0.5290642418321267
0.17110345532121413	0.5230082570822132	0.3058882875965728
0.03639364041209464	0.4974909903792845	0.46611536920862096
0.10293605093104508	0.8247165035963192	0.07234744547263583
0.06561382380413971	0.6335810819807364	0.30080509421512414
0.19864693419070367	0.09548505670672208	0.7058680091025744
0.0838209703183864	0.25285059948446575	0.663328430197148
0.17794672862116329	0.17141999248227213	0.6506332788965647
0.19676280484924874	0.605729123880198	0.19750807127055342
0.06522510324405661	0.8645727742658017	0.0702021224901419
0.09404050911264963	0.8728040786236743	0.03315541226367624
0.036984148876194556	0.8962696967021472	0.06674615442165832
0.031218545266856246	0.5712548463300027	0.39752660840314125
0.2026425671960091	0.43969913783993986	0.35765829496405116
0.05692158995716351	0.8033952919855251	0.13968311805731154
0.06929931526283145	0.4864986933619651	0.44420199137520355
0.2033519013496878	0.21813458843281755	0.5785135102174948
0.14009060883179372	0.4277255059091114	0.432183885259095
0.08889381748226549	0.7257928834270777	0.1853132990906569
0.14470072209454132	0.42626007462255316	0.4290392032829056
0.0817632881253249	0.18131184222697996	0.7369248696476952
0.22692524732775796	0.5208587204470978	0.25221603222514444
0.05465804064232427	0.8507989349205599	0.09454302443711596
0.04710163958995911	0.4332111310592427	0.5196872293507984
0.1332653397779823	0.64820884788683	0.21852581233518792
0.11661554808462396	0.183379305537311	0.7000051463780651
0.053987206343984406	0.18846673262224586	0.7575460610337699
0.021065170373756104	0.27197360534053505	0.706961224285709
0.1447950635968176	0.17837321071429535	0.6768317256888872
0.08617955763569982	0.16277408107248953	0.7510463612918108
0.09430811483910803	0.49888101191247336	0.4068108732484187
0.07590742911644588	0.4437222033893641	0.4803703674941902
0.086911483669152	0.16369752830472992	0.7493909880261183
0.10204737224331836	0.5967576723912398	0.301194955365442
0.06154991739235016	0.7907233204350144	0.14772676217263564
0.23964493876146303	0.11778748991814553	0.6425675713203916
0.032660894357416814	0.5525183039911005	0.4148208016514829
0.012854035663980468	0.23808064257759554	0.7490653217584241
0.20671323399667962	0.5660553800023912	0.22723138600092935
0.1402844408413008	0.32442343743257934	0.53529212172612
0.16549890982566795	0.4114967349375047	0.42300435523682745
0.015201684813642646	0.5608658549547185	0.423932460231639
0.07765394263416331	0.2145781898850797	0.7077678674807572
0.2050100351253875	0.3830151289786286	0.411974835895984
0.09991797733447474	0.5156788315662149	0.3844031910993106
0.012249113387560184	0.48310343796843175	0.5046474486440082
0.2333158631146497	0.31354515687932116	0.45313898000602926
0.08394465034340354	0.5752870340382154	0.3407683156183813
0.23235483481065253	0.3046993217052509	0.4629458434840967
0.21558929653625683	0.04811334624187125	0.7362973572218721
0.1615400313373807	0.1259264243493785	0.7125335443132409
0.07270157688453283	0.37675363596228745	0.5505447871531799
0.10028500622530445	0.6284669582281097	0.2712480355465859
0.12570047582249735	0.40150744893438317	0.4727920752431196
0.040146997544070695	0.6387798039745429	0.3210731984813866
0.1834401342395177	0.6023424853448418	0.2142173804156407
0.12045780272400547	0.614872716235619	0.26466948104037563
0.16405342653700958	0.6680579674891362	0.16788860597385435
0.13337876907232044	0.6103272233068509	0.2562940076208288
0.08977752227493033	0.37269604394658773	0.5375264337784821
0.20582173760956435	0.381372722437822	0.41280553995261376
0.19996114061506856	0.6735639483142122	0.12647491107071945
0.15272510449282814	0.6318154054116036	0.21545949009556836
0.1061906112054507	0.69250361713371	0.2013057716608394
0.030608642024820942	0.23096223675052324	0.7384291212246559
0.028212070776150122	0.4199728449468867	0.5518150842769634
0.19133038981485148	0.22228384992889758	0.586385760256251
0.140574240779676	0.7617104983632066	0.09771526085711757
0.23596233301888286	0.12213000416363085	0.6419076628174865
0.1807608267282628	0.567723973163057	0.25151520010868034
0.16917226733856136	0.4085359256444109	0.4222918070170279
0.030009515768943562	0.8569829605916011	0.11300752363945551
0.039016289555387995	0.8733939538915935	0.08758975655301868
0.21506983687327	0.18667099543985266	0.5982591676868775
0.07940994456631545	0.7340940018581424	0.18649605357554225
0.15962473874913358	0.3960369439809879	0.4443383172698787
0.018825198513724106	0.2395917097023939	0.7415830917838822
0.13383180445737333	0.364713861023103	0.5014543345195238
0.18156680290102128	0.20837034883927114	0.6100628482597077
0.09111130995653802	0.6525110074281351	0.2563776826153271
0.14363068032689208	0.6174046055410882	0.23896471413201986
0.22159251560211188	0.3753195275157706	0.4030879568821176
0.16907398424535702	0.2942107477903616	0.5367152679642815
0.23600837525367935	0.41326005992815845	0.35073156481816237
0.1018941000536733	0.3644863793506277	0.5336195205956991
0.14156331743016187	0.10608338456215888	0.7523532980076794
0.14761346023203048	0.4115830482934979	0.44080349147447173
0.08267549662704415	0.19011194945349433	0.7272125539194616
0.1198719989752148	0.3731432441686321	0.5069847568561532
0.1963310740295606	0.2956728932447588	0.5079960327256807
0.13414654994528405	0.7883197902836332	0.07753365977108284
0.07003077961300425	0.17959244897768137	0.7503767714093146
0.10952412060092362	0.23549107918806905	0.6549848002110075
0.1847476379649835	0.1282824367673126	0.686969925267704
0.06935155705773349	0.5376316579325069	0.3930167850097598
0.06273869929562637	0.39989026491219337	0.5373710357921804
0.10496368466579103	0.6529046768603592	0.24213163847384978
0.013396149554454506	0.6344230082900141	0.3521808421555315
0.06759008037665093	0.6123656750115776	0.3200442446117717
0.22941771228462574	0.6139352248890622	0.1566470628263122
0.19324684369069034	0.39798013264027715	0.4087730236690327
0.03954779185601315	0.3362332393327051	0.6242189688112818
0.03738590942614384	0.5688129838922872	0.3938011066815691
0.1126762558808875	0.5349348091099475	0.35238893500916507
0.23551512537912275	0.4150176029911085	0.34946727162976887
0.2168495728252579	0.5752841664017443	0.20786626077299789
0.21934336114434938	0.0824330867211785	0.6982235521344722
0.1595011718282699	0.3748142402551343	0.4656845879165959
0.17693152124282774	0.38152216719649196	0.4415463115606804
0.21720255046182585	0.546082871084733	0.23671457845344135
0.17504902881128714	0.526608466113149	0.298342505075564
0.14494928144270153	0.45384787054892284	0.40120284800837575
0.21642758885375102	0.5004327817718517	0.28313962937439735
0.06123220275688601	0.7995558135211652	0.13921198372194893
0.1515266599589279	0.7339662395119191	0.11450710052915314
0.04060636582305299	0.38151717979606126	0.5778764543808859
0.030104464578060874	0.28259374771109114	0.687301787710848
0.1982603258535321	0.5241459345351952	0.2775937396112728
0.1907980317385419	0.7316238377410825	0.07757813052037571
0.20313308281698106	0.6980022070568784	0.09886471012614065
0.2263539398750111	0.6958950459689242	0.07775101415606489
0.1252063111000834	0.5875403894894589	0.28725329941045796
0.018593172326985152	0.5588270663840578	0.4225797612889572
0.17530072018839332	0.43102165118756164	0.39367762862404515
0.07300199694808984	0.7482666642282447	0.1787313388236656
0.18775387145247102	0.5925065960367397	0.21973953251078943
0.11652696166818272	0.24205578402382982	0.6414172543079876
0.12589250013827602	0.3039383044420642	0.5701691954196598
0.10015264992117467	0.3887383640123585	0.511108986066467
0.012746125640282158	0.40500366389920384	0.5822502104605141
0.13438882772907595	0.21834354991938737	0.6472676223515368
0.023335790511765986	0.9453937902280979	0.031270419260136295
0.14973662087268458	0.42391295667835205	0.42635042244896354
0.09120214289183806	0.23450812519243236	0.6742897319157297
0.10150494244256947	0.595363406948495	0.3031316506089356
0.11614801633110033	0.2541024600742763	0.6297495235946236
0.062201831712280053	0.18667808667455418	0.7511200816131659
0.1620932847248326	0.1500040993327709	0.6879026159423967
0.1781653849903177	0.6975889364956477	0.1242456785140347
0.1865736871977981	0.19456560280092172	0.6188607100012802
0.1854335478148643	0.5107540627575164	0.30381238942761946
0.1794045150510343	0.3300365096506821	0.4905589752982837
0.16204843283081202	0.6389973032535381	0.19895426391564994
0.16841177563907028	0.34485604330226644	0.4867321810586634
0.09834942711470032	0.165918963620157	0.7357316092651428
0.15949789790401675	0.44692129939153935	0.393580802704444
0.17999157192581217	0.6760496581878473	0.14395876988634065
0.22757060740632334	0.3474199995530025	0.4250093930406743
0.10709416752570611	0.5450964363844457	0.34780939608984834
0.2346144401944467	0.33032717571456854	0.43505838409098485
0.10799502386461679	0.7198143414290917	0.1721906347062916
0.09947703178011558	0.5046981250794373	0.39582484314044714
0.1600249391361646	0.6803939034259432	0.15958115743789225
0.164517174677166	0.56711613722777	0.26836668809506414
0.1149861952084778	0.8192814673933202	0.06573233739820206
0.20036674842897478	0.10520666801368922	0.6944265835573361
0.037112283158489634	0.24330647147132967	0.7195812453701809
0.10901740043595742	0.23607954286602295	0.6549030566980196
0.17379964233487763	0.3889005873288195	0.437299770336303
0.20129637873522008	0.22376839401110638	0.5749352272536736
0.10426491572577681	0.6930148277555681	0.2027202565186552
0.22417473098729596	0.13296990301660838	0.6428553659960958
0.1394581662174752	0.7820080768964555	0.0785337568860694
0.017113605307874535	0.2642235004661918	0.7186628942259338
0.07278741518146858	0.7986680307282934	0.12854455409023804
0.0227013800813064	0.24210358573391505	0.7351950341847786
0.08700192905688822	0.79425213132693	0.11874593961618196
0.07475874689062867	0.30516322723974276	0.6200780258696288
0.21310373781762237	0.6622096835533575	0.12468657862902022
0.020253085219713585	0.7562271111892318	0.22351980359105478
0.11087557485403074	0.5618954596033834	0.327228965542586
0.1262167958013145	0.7718318924554981	0.10195131174318761
0.21298420928757328	0.49174848144783256	0.2952673092645943
0.04816841082627926	0.7820340035510414	0.1697975856226796
0.037559063732254705	0.6429833107640884	0.31945762550365703
0.19375818881672352	0.5265075841567317	0.27973422702654493
0.06039403122806164	0.5249350072617514	0.4146709615101871
0.048168447138339954	0.764116953697332	0.18771459916432817
0.16524240772940046	0.6616126657800248	0.17314492649057484
0.06684109822089407	0.5406668950898981	0.392492006689208
0.02300689193819644	0.7763045081581053	0.2006885999036984
0.17593290626464214	0.5587989333051566	0.2652681604302013
0.11678714653160555	0.3116935237708791	0.5715193296975154
0.026757108338378244	0.3675531343049473	0.6056897573566746
0.10998540654684785	0.44753394440850636	0.4424806490446459
0.15547985804147824	0.43524584334595207	0.4092742986125698
0.06426498603863429	0.44441374866921135	0.4913212652921545
0.05654158563977074	0.3863833949762418	0.5570750193839875
0.13015808524552872	0.23408459122661385	0.6357573235278575
0.14830510267886787	0.3055919338520051	0.5461029634691272
0.2373852017751405	0.47673895808239813	0.28587584014246153
0.012252952903598957	0.43632308870391867	0.5514239583924825
0.07173770311886013	0.4502888321282262	0.4779734647529138
0.11324848473861615	0.834429497410849	0.05232201785053492
0.15315733422079936	0.680088268267556	0.16675439751164473
0.03231391224199781	0.2994019799294139	0.6682841078285884
0.02840458327991846	0.2715816204943539	0.7000137962257277
0.22597700444137353	0.5179768446794437	0.25604615087918287
0.15914080369736977	0.6901109283435378	0.15074826795909257
0.23514955189556874	0.3393516890672364	0.425498759037195
0.1044645906626771	0.7568763669493348	0.13865904238798815
0.04628483861413596	0.8264798181133108	0.1272353432725533
0.03319175240083061	0.5930458156347768	0.37376243196439274
0.16816805103210924	0.3869408335129364	0.44489111545495447
0.21493415156251683	0.33350279397559407	0.4515630544618892
0.07635586192434579	0.3419346238493044	0.5817095142263499
0.09511636466557771	0.6189550188309064	0.285928616503516
0.21311959944189107	0.4373029656369021	0.34957743492120696
0.22137518270217146	0.5033931651577903	0.27523165214003836
0.07237387617736846	0.8626232729724385	0.0650028508501932
0.03354624692502567	0.9163912251689486	0.05006252790602589
0.16712863387452598	0.12163910133034234	0.7112322647951318
0.16163985843635492	0.3483331660310883	0.4900269755325569
0.02720217948587461	0.6799273009419164	0.29287051957220916
0.11880577758141839	0.6151593625204492	0.2660348598981325
0.19701361332072684	0.6260927914333795	0.17689359524589376
0.12118455017387875	0.7746709742632072	0.10414447556291417
0.0328199424105447	0.37107920399866756	0.5961008535907879
0.17301697961112247	0.5498374121735028	0.2771456082153748
0.059347637729788905	0.2978643809069435	0.6427879813632678
0.0835513371732155	0.4959274731382344	0.42052118968855023
0.04350783983820883	0.4332445703643345	0.5232475897974567
0.1930777058492781	0.16800601840479212	0.6389162757459299
0.2255881923780021	0.29772027930307465	0.47669152831892336
0.11534690707630552	0.47336590350039115	0.41128718942330345
0.0657903013687593	0.6315756320543002	0.30263406657694053
0.16467477771198263	0.48587896080232407	0.34944626148569335
0.11733134991592395	0.22129083694375606	0.6613778131403201
0.20474504595806264	0.31986644522887464	0.47538850881306277
0.23222978319768703	0.0913198794548365	0.6764503373474766
0.08071615243376884	0.3999127489333587	0.5193710986328726
0.18701759148156782	0.7207510808753064	0.09223132764312597
0.20154999988088587	0.4365236995869905	0.3619263005321237
0.07737166208760304	0.5696549624527487	0.3529733754596483
0.06983980028977443	0.8356742519795056	0.09448594773072
0.15196466952766907	0.6668423815784852	0.18119294889384582
0.021123072237138274	0.3850253441763855	0.5938515835864764
0.023649804306214384	0.3231414093518105	0.6532087863419753
0.22392386435533668	0.2332668928078098	0.5428092428368536
0.07672984214803497	0.4337357292375744	0.4895344286143907
0.0651754069348201	0.4205988894752304	0.5142257035899497
0.03017000196116737	0.46816676664445267	0.5016632313943801
0.0818570760076468	0.5513911692667404	0.36675175472561294
0.1794890572751566	0.4493575119811889	0.3711534307436546
0.16316299628100056	0.7708573232190588	0.06597968049994085
0.20006816896620422	0.6838187194059699	0.11611311162782595
0.23465061347697524	0.6033466008192699	0.16200278570375493
0.041770612093188886	0.7492171736986272	0.2090122142081841
0.03202132188024148	0.9109071855745103	0.05707149254524835
0.11629086731921007	0.6083599739155201	0.27534915876527005
0.1578610478605225	0.5064202878819896	0.33571866425748803
0.23421401055044744	0.06953158213164012	0.6962544073179125
0.13178162092168405	0.2703880112417129	0.5978303678366031
0.08838031303958016	0.7573972897401663	0.15422239722025366
0.07467931443218179	0.8227411315371613	0.10257955403065702
0.143215794850824	0.8219054610723467	0.03487874407682939
0.15290526859681275	0.7034401052382853	0.14365462616490215
0.0815405375549016	0.8454543470970419	0.07300511534805654
0.1389221547937564	0.6138892487368782	0.24718859646936553
0.0858955253023303	0.8598573293704964	0.05424714532717345
0.19328614836699404	0.4101019789346685	0.39661187269833764
0.01704212205055461	0.8188748545275781	0.16408302342186737
0.129654644457878	0.560576126404924	0.30976922913719807
0.16364655058578617	0.4381879456416531	0.3981655037725608
0.1520301330972587	0.7877169740463424	0.060252892856398954
0.04815699546000096	0.8826600313571801	0.06918297318281907
0.06258904964965095	0.25774065601819285	0.6796702943321563
0.02805321108821074	0.3524828801388088	0.6194639087729805
0.1581252994949176	0.30820226965324327	0.5336724308518392
0.12206199727023229	0.1524512692804485	0.7254867334493194
0.23689419679992413	0.5599530269204251	0.20315277627965078
0.11807790026645726	0.3101917710602444	0.5717303286732984
0.02674245616556875	0.530845081435172	0.4424124623992594
0.09538937787767293	0.861431354915472	0.04317926720685522
0.22595929921694968	0.6400169533998586	0.13402374738319173
0.17547955295796744	0.11807297700119229	0.7064474700408404
0.17765040542675353	0.27281299704418766	0.5495365975290589
0.1725492673534213	0.5851057448569337	0.2423449877896452
0.12228849662884855	0.33998893581205586	0.5377225675590956
0.22629029577214116	0.4047011650777688	0.36900853915009013
0.1635910496575981	0.12826507321927427	0.7081438771231278
0.016115665267377066	0.8283636043345908	0.15552073039803221
0.07706544953867805	0.4673060723171697	0.45562847814415236
0.013742295091316581	0.3270522155559867	0.6592054893526968
0.18363798500626252	0.16778572212805476	0.6485762928656829
0.025073290025085015	0.3137440793027397	0.6611826306721754
0.06276855815443827	0.2749098913203989	0.662321550525163
0.12867009530310022	0.6771460941862036	0.19418381051069625
0.05125252896114757	0.29564369270622437	0.6531037783326281
0.09653388636664206	0.246527318260426	0.6569387953729321
0.15840976251669017	0.37540652425782267	0.4661837132254873
0.1998278907595716	0.0843816623676576	0.7157904468727709
0.15238461435848627	0.14131565824575765	0.7062997273957562
0.12794462492991965	0.6744246057652605	0.19763076930481985
0.05545805038656382	0.6075440549970594	0.33699789461637686
0.22563002028750487	0.2038784166828947	0.5704915630296006
0.18131867808188196	0.29152063070575934	0.5271606912123589
0.030659457573661286	0.6906174061661714	0.27872313626016754
0.05216117537023096	0.7759975033914466	0.17184132123832255
0.18755671469306892	0.6882950631525896	0.1241482221543416
0.015956086215255905	0.6226722191234102	0.36137169466133395
0.13977447882238114	0.5224030963687814	0.3378224248088377
0.14855341100566005	0.7268332512897179	0.12461333770462221
0.12641718195261054	0.45365769550680285	0.4199251225405867
0.10714326362735749	0.33983606397047345	0.5530206724021692
0.16834753405603867	0.48762308224060935	0.34402938370335207
0.06803702641093756	0.1778857426509966	0.7540772309380659
0.17827359380244573	0.42975824392649875	0.39196816227105563
0.23330797674373116	0.32681023993265224	0.43988178332361666
0.09316462037548973	0.751459593835968	0.15537578578854244
0.05317307664038062	0.8481191997721927	0.0987077235874268
0.021952960103050922	0.3856564363866379	0.5923906035103114
0.04479965140134662	0.8779620166978397	0.07723833190081386
0.21628735189941029	0.7430699994223416	0.04064264867824818
0.19383783900068452	0.665160358905352	0.14100180209396362
0.13954940603176685	0.2652556901089693	0.5951949038592639
0.16291485318959809	0.09789022003621131	0.7391949267741907
0.1800277687107051	0.3478504061502022	0.47212182513909284
0.08857548455873868	0.521995772841441	0.38942874259982047
0.22223724633980677	0.48973272434295423	0.28803002931723914
0.04161791385497954	0.6666179719859994	0.2917641141590212
0.2198675405755117	0.7049349511766254	0.07519750824786298
0.13806094933437663	0.7466632086436674	0.11527584202195607
0.018166865876545035	0.5319942881529259	0.4498388459705292
0.023783007911557075	0.3092733438803919	0.6669436482080512
0.21629703771554099	0.10897024253873383	0.6747327197457254
0.022511181385614698	0.7339279519319677	0.2435608666824176
0.09015899449847528	0.343112862139616	0.5667281433619089
0.05741754263813237	0.22034430743754974	0.722238149924318
0.238673025336664	0.1132215952755059	0.6481053793878302
0.21787080098256578	0.05570490659347621	0.7264242924239581
0.07962864078287157	0.39861036446425463	0.5217609947528739
0.12440087013779427	0.5244401435580948	0.35115898630411113
0.13784417858203973	0.3231183723243708	0.5390374490935896
0.2195011757491645	0.1322846785354461	0.6482141457153896
0.010983098751641551	0.9476051698128083	0.041411731435550325
0.031796024264014955	0.9357379694943946	0.03246600624159057
0.12123126184465893	0.1644962778079974	0.7142724603473438
0.21738228425309036	0.1122485981141142	0.6703691176327955
0.08347383875839082	0.23699181835304778	0.6795343428885615
0.18568519823072366	0.3203478347827025	0.49396696698657394
0.07838898533075445	0.2513059903511157	0.6703050243181299
0.1490222500478373	0.19858772075784553	0.6523900291943173
0.18195246501593315	0.2853298027312273	0.5327177322528396
0.08077558332594081	0.563323743903252	0.3559006727708074
0.028427350431961262	0.9133647232656994	0.05820792630233951
0.1324762786362756	0.8030074532718625	0.06451626809186206
0.05783766228671555	0.7778870340918431	0.1642753036214415
0.042183063018775446	0.7196645822377538	0.23815235474347093
0.052500678105618426	0.4225892529071188	0.5249100689872629
0.07584066084419244	0.6942748738581812	0.22988446529762654
0.22760937629295694	0.05604275579955864	0.7163478679074845
0.128870610591045	0.4886070051486364	0.3825223842603187
0.09735000061565624	0.7061446764075765	0.19650532297676732
0.1607222654769359	0.12765760047506314	0.7116201340480011
0.06923457529971039	0.2174212521969424	0.7133441725033474
0.10353259080339794	0.16124397150342995	0.7352234376931723
0.08218486956395449	0.8580395561511784	0.05977557428486724
0.05709674283876981	0.6640809543340319	0.27882230282719844
0.1256788868985953	0.7265950473477963	0.1477260657536085
0.10175086245660586	0.7999640842725475	0.09828505327084686
0.19090540948648552	0.300965186844469	0.5081294036690456
0.06055501243015565	0.1924745338590767	0.7469704537107678
0.062122140273902504	0.7458831567120492	0.19199470301404836
0.021589292056956366	0.25280542808962414	0.7256052798534196
0.18127436711486414	0.557212415825234	0.26151321705990205
0.23277630831879817	0.24009888551483005	0.5271248061663719
0.22306066601514266	0.2931911633829073	0.4837481706019502
0.024537266831017313	0.5083322488659275	0.4671304843030553
0.0632300996741289	0.7096622866388032	0.2271076136870681
0.22018936440842987	0.5919557855840865	0.18785485000748375
0.10466865684430393	0.5461958248124139	0.34913551834328227
0.12614998028544744	0.8068034889892131	0.06704653072533961
0.2127107074266619	0.24855766238863675	0.5387316301847015
0.14791053416990377	0.8006416663728781	0.05144779945721811
0.04942336353557608	0.7783329105138055	0.1722437259506186
0.17831042536656794	0.7689214450254591	0.05276812960797306
0.21084240942246296	0.04547543548965183	0.7436821550878854
0.2163173847306223	0.4044120084773323	0.3792706067920456
0.07174992656703633	0.7616927445164381	0.16655732891652567
0.22129410717814424	0.6130936052496972	0.16561228757215862
0.21198117626589824	0.43599687692870004	0.35202194680540183
0.1635778923994165	0.27352403912259715	0.5628980684779865
0.05445724767546267	0.37999424172852203	0.5655485105960154
0.21029583004640026	0.2756940965482109	0.514010073405389
0.029295242637695562	0.28688801083581256	0.683816746526492
0.19858684339633026	0.31833481083647247	0.4830783457671974
0.11589837013347151	0.30955768146731677	0.5745439483992119
0.2309147070186253	0.29083483997556503	0.4782504530058098
0.04653244351159691	0.8421089539514707	0.11135860253693258
0.17355120272184402	0.7803891697206957	0.0460596275574604
0.17076413527163922	0.09105907820231768	0.7381767865260432
0.12908928764817798	0.5027419809601767	0.36816873139164535
0.022570845161982822	0.2687843793321656	0.7086447755058516
0.21132982095713698	0.5965258585012658	0.1921443205415973
0.23382954913405735	0.4620874091934089	0.30408304167253386
0.22158060885978448	0.2505799241616836	0.527839466978532
0.21947282267856208	0.7165012701983686	0.06402590712306944
0.11928514096359508	0.718584012368931	0.16213084666747402
0.016426475869182833	0.31578074593618044	0.6677927781946369
0.18243772483983464	0.19519667224756868	0.6223656029125968
0.051291507092691924	0.5839708988386871	0.36473759406862105
0.13041933088811344	0.6485164627218393	0.2210642063900474
0.08306122197946558	0.6540229829094899	0.2629157951110446
0.14888729096021144	0.19960540095736617	0.6515073080824225
0.1565023270825584	0.1080936416829052	0.7354040312345365
0.1394326063578034	0.19931774507006902	0.6612496485721276
0.14065204173804488	0.1755102655571542	0.683837692704801
0.05799943461253093	0.3357009830076419	0.6062995823798274
0.057764402635076484	0.4391675611284873	0.5030680362364364
0.1912190221449095	0.28191486355658885	0.5268661142985018
0.14978258172454528	0.23547730516127818	0.6147401131141768
0.22164474626045777	0.4815162607171736	0.2968389930223687
0.16035981245631448	0.26076098703708095	0.5788792005066047
0.044490514204330256	0.2623123881790085	0.6931970976166614
0.055240043781722314	0.7686143290209579	0.1761456271973199
0.1443676225861496	0.38257500290564933	0.4730573745082012
0.1801579039638225	0.1373621568545776	0.6824799391816
0.154203524575481	0.27587879383546593	0.5699176815890532
0.22425930593686474	0.21819330752579155	0.5575473865373438
0.02258170428776729	0.42449073839134	0.5529275573208928
0.22431846806671443	0.17141298095271956	0.6042685509805661
0.2319474986084769	0.27916223403080476	0.4888902673607185
0.09331603618567513	0.18934627084663097	0.717337692967694
0.22089404966741955	0.0315055179863834	0.7476004323461971
0.21886744468130237	0.05346031590230016	0.7276722394163976
0.22660115747736204	0.12329356098537364	0.6501052815372644
0.0253223148607849	0.4086792718383658	0.5659984133008494
0.19848967374035453	0.4620347408429261	0.33947558541671946
0.05765644397801917	0.31422617730015157	0.6281173787218294
0.17466636706693184	0.3674820929197281	0.45785154001334016
0.013867105316000494	0.23443562986463795	0.7516972648193617
0.17854568834696177	0.6414997846361047	0.1799545270169337
0.20653960839719238	0.1924417976127767	0.601018593990031
0.12979844489766712	0.8081349958478193	0.0620665592545136
0.1422328075525711	0.6055136770919545	0.2522535153554745
0.05130285491688913	0.7136078024026945	0.23508934268041648
0.029340478276881576	0.7953297605993045	0.17532976112381404
0.17239225482603637	0.7117815250206542	0.11582622015330957
0.04653389835459132	0.6325969022183782	0.3208691994270307
0.23663825962567042	0.29745310903551425	0.46590863133881544
0.01982563689695921	0.2870535881425851	0.6931207749604558
0.15585102670970413	0.7831175528431	0.061031420447195894
0.07583462308383243	0.3850620147955124	0.5391033621206553
0.11714499459846275	0.2667479539689217	0.6161070514326157
0.23481594120716395	0.5541902509442747	0.21099380784856153
0.1321054190865795	0.5598206281858685	0.30807395272755206
0.028583379100255824	0.29149301092269486	0.6799236099770494
0.14913619763533065	0.3020477905561613	0.5488160118085081
0.14284519280081084	0.29201410238403186	0.5651407048151574
0.17983041089925986	0.7464592396224451	0.07371034947829513
0.01662461086635947	0.9532649441929588	0.030110444940681824
0.1612295297747191	0.5316662235861742	0.30710424663910685
0.19512013879827123	0.44411258722417324	0.3607672739775556
0.02755678926764238	0.6942044076898686	0.27823880304248927
0.17120086803915324	0.3501501570491277	0.4786489749117191
0.15945668037759148	0.4116110684513572	0.4289322511710515
0.16605582738154828	0.7208889838360856	0.11305518878236628
0.02361642021209487	0.443821209440569	0.5325623703473362
0.1654837560947096	0.774779908791144	0.0597363351141465
0.13902571475046954	0.4074041540555256	0.4535701311940049
0.02067942697675834	0.7941868568260971	0.18513371619714464
0.17544553270362293	0.20182583151729783	0.6227286357790793
0.040137264598914146	0.5832663683097794	0.3765963670913065
0.1530970841704233	0.3344687392524259	0.512434176577151
0.12245588507845545	0.7339395525437324	0.14360456237781222
0.1288321223773598	0.41154825400556766	0.45961962361707265
0.05998359094635791	0.5915995192096363	0.34841688984400593
0.09880714367642013	0.28615561567294917	0.6150372406506308
0.01195618025635864	0.5150230170530894	0.473020802690552
0.12448585772768875	0.3491988210756771	0.5263153211966343
0.20040237778495368	0.1723155466454812	0.6272820755695653
0.1304795013765836	0.18485596993467845	0.6846645286887381
0.13407122232477148	0.48637808627157536	0.3795506914036533
0.22321003604257703	0.6115955199435021	0.16519444401392086
0.20940497808114716	0.16957115325962627	0.6210238686592267
0.04624506428831826	0.9084234780869859	0.04533145762469587
0.046026007467300734	0.8381919447376301	0.11578204779506923
0.03942385158416206	0.9007976724000264	0.059778476015811655
0.1661450009628429	0.7976823928089476	0.036172606228209614
0.2202503318795643	0.3420187715655988	0.43773089655483705
0.22710094932839137	0.3984608899523464	0.3744381607192623
0.13618933966298438	0.6033830533518076	0.26042760698520806
0.17605054720630722	0.7373467231042402	0.08660272968945265
0.1714388510678967	0.6096705360020132	0.21889061293009024
0.15061029788559596	0.36032225273001284	0.4890674493843913
0.2311750937981945	0.2561364847666006	0.512688421435205
0.15184565140614462	0.1986482882314876	0.6495060603623679
0.21843536788716195	0.2502557471869278	0.5313088849259103
0.13565465643440902	0.7080977181273624	0.15624762543822876
0.01484926046899443	0.4661978935974651	0.5189528459335406
0.04186154425344796	0.7888195504910174	0.16931890525553475
0.167517553528128	0.5283720678419946	0.3041103786298775
0.13711138304301881	0.6374372706045623	0.22545134635241892
0.17276207015667344	0.09080249834301268	0.7364354315003141
0.22018373909342068	0.03412019757727491	0.7456960633293045
0.07074231684431981	0.27690347759293776	0.6523542055627426
0.2001260762761145	0.2930800806013243	0.5067938431225614
0.1912893475881628	0.3653688654078492	0.44334178700398813
0.045306858746418655	0.7557327828578265	0.19896035839575493
0.025470569096613938	0.6895728804601291	0.28495655044325713
0.2200648822539963	0.03185402661268466	0.7480810911333191
0.1417253612698034	0.2488457749082057	0.609428863821991
0.0098439598695369	0.6275195964973815	0.3626364436330817
0.07369103531019311	0.7027241158409895	0.22358484884881752
0.11613835014987056	0.12639309641730645	0.7574685534328232
0.19675393266087915	0.19065346465596522	0.6125926026831557
0.1646150829833369	0.5414142026027662	0.293970714413897
0.14602616325854825	0.42336431548154113	0.43060952125991075
0.060508741954223066	0.3620687991734001	0.5774224588723769
0.04453014834898561	0.3747147396969383	0.5807551119540763
0.1399178119435339	0.16967665746824093	0.6904055305882253
0.017807780361787706	0.6848244339543741	0.29736778568383826
0.1803180523859146	0.14245305020639498	0.6772288974076905
0.09844196134064187	0.483351163877481	0.41820687478187724
0.1902394401896863	0.5408370538043674	0.2689235060059464
0.1255253697423271	0.731990917045438	0.14248371321223507
0.015460551803447409	0.8199925672968207	0.16454688089973205
0.030074109724698872	0.9368729393531313	0.03305295092216992
0.09789640714565645	0.5621231443956829	0.3399804484586607
0.01892339992715769	0.7777107855773213	0.2033658144955211
0.08408375973818549	0.8324683281204471	0.08344791214136749
0.035523909027907474	0.7727992301691582	0.1916768608029345
0.07329743568980646	0.4485867105291687	0.478115853781025
0.15099270894791622	0.14082706683591245	0.7081802242161714
0.15848817086196132	0.40401190174204166	0.4374999273959972
0.11095295003055156	0.820174143840869	0.06887290612857955
0.14631663337786152	0.4726726227457726	0.38101074387636596
0.01948575021678073	0.7487330618391914	0.23178118794402802
0.11978371665797866	0.7692382501858757	0.1109780331561458
0.0331677757019585	0.5404437867039276	0.4263884375941141
0.19396095662068286	0.05834893067065139	0.7476901127086658
0.18373051616415315	0.5989100923928077	0.21735939144303928
0.22521423048586586	0.719699940380072	0.055085829134062236
0.19191775164296793	0.6521664866260277	0.15591576173100447
0.21863063407599492	0.27760048502349516	0.50376888090051
0.14433999989756674	0.528301249528318	0.32735875057411534
0.061961313357549286	0.6460337311777862	0.2920049554646646
0.07831126644603986	0.42789444010930355	0.49379429344465675
0.04794793297180833	0.3241464050601452	0.6279056619680465
0.07954638237683093	0.3813205515463711	0.5391330660767981
0.21560481515100044	0.19663723397974703	0.5877579508692526
0.2258338238129953	0.24635187581529347	0.5278143003717113
0.18180153939936233	0.7220657912684798	0.096132669332158
0.09487157672962737	0.7282791317724607	0.176849291497912
0.19059925176407277	0.5620452449250669	0.24735550331086043
0.13750697066036638	0.2310037030606482	0.6314893262789856
0.14016719732065136	0.4452117035348777	0.4146210991444711
0.16395759905706758	0.21980629646442953	0.616236104478503
0.1518668798097334	0.3818606401208498	0.4662724800694169
0.05120770694704413	0.693900292592035	0.25489200046092103
0.0747468023176252	0.657495268353889	0.26775792932848597
0.12716529008443042	0.7573810419912317	0.11545366792433809
0.15530396760153753	0.43891063411462916	0.4057853982838334
0.23280021292488845	0.2570999527273984	0.5100998343477132
0.14961360367767396	0.30119203328123834	0.5491943630410878
0.08502731595213484	0.2762186008879395	0.6387540831599258
0.18414506572647651	0.5152559912121395	0.3005989430613841
0.016744404221032794	0.5404564535516878	0.44279914222727945
0.10973702407706704	0.3537967504827219	0.5364662254402112
