0.17111380213564611	0.07384276693818492	0.08872946103775756	0.09374172135292119	0.052964966050919944	0.22019546549250246	0.09180617176357268	0.04564021307140629	0.030762730782605913	0.1312027013744828
0.12225657384476991	0.17147706750614816	0.1001202590037243	0.10282483597686343	0.05861713312096928	0.1615418807501526	0.06174348311159165	0.04414282104046528	0.031510486155536574	0.1457654594897787
0.06501745577730586	0.14462390918054172	0.12787239648368892	0.17440926042975483	0.06172930221035951	0.14940978445775893	0.09214544470052097	0.038840669781459336	0.030080281820879712	0.11587149515773017
0.08607390488148428	0.2198225612575767	0.11960764286683906	0.10403288040880494	0.05302184549383958	0.15421266915280912	0.06235444577646647	0.06553209967965451	0.031016838183362636	0.10432511229916268
0.18115363730773704	0.035439715480908615	0.19790676938267063	0.12844535704188473	0.056341261957956	0.1468296344816283	0.061400964575691254	0.05943008002945708	0.030562332401742415	0.10249024734032378
0.14243399028642934	0.03997977795484001	0.1290043379834849	0.12220400361679237	0.07658019211635006	0.15735776006392418	0.07669093186824615	0.05360860852691037	0.04469129319727174	0.15744910438575077
0.07484703802872872	0.023310562605915616	0.22489820943362943	0.13174438479745942	0.06281835216594371	0.22373277310776335	0.07401710183799372	0.05916994222607281	0.035503582337687106	0.0899580534588061
0.13929474130729377	0.12899959029039412	0.13179305992261234	0.1190686401552937	0.06454258476788906	0.15975875896362268	0.06319901389599687	0.04101348613595243	0.037672678824967984	0.11465744573597697
0.20876528504152658	0.05094386813803535	0.1707790685249012	0.12332610994267296	0.07333780057995125	0.14297213020992025	0.07199530832683644	0.03549895529300748	0.02875039007484205	0.09363108386830624
0.15052418153999503	0.040679415811520445	0.10777345801478865	0.14308210610472444	0.06191517361860651	0.1426682184315814	0.09462828611857527	0.05633159459649502	0.043617277649867926	0.1587802881138452
0.1235868925559937	0.11301902040163399	0.09522602987653236	0.1067314005823093	0.07367191156542491	0.16789902697629416	0.0679242546272103	0.06308468445930074	0.0340118215650112	0.15484495739028925
0.08497260632980089	0.1533452808951682	0.09370523387042091	0.11508640874459408	0.07632662057500267	0.2282799747449487	0.06894501333336261	0.043375593636293674	0.04160946335766701	0.09435380451274124
0.1209037078967325	0.09288996418834251	0.07415737037368766	0.12066985154375126	0.05986243225977898	0.17726969295411654	0.10162182587353527	0.054625620078656706	0.03945353905950911	0.15854599577188938
0.12941412278139658	0.17089359779685875	0.07502578957750866	0.14646944287553856	0.05197535067731219	0.16318038793631254	0.06718337369389199	0.0429258959556034	0.045033372216875256	0.10789866648870194
0.152381531225712	0.07603260348227658	0.09460370785906956	0.14267446149411261	0.07144218683948521	0.16051174778235788	0.10139780219584095	0.060232326662582075	0.027489663856098703	0.11323396860246435
0.05569839824263946	0.19259139186216534	0.12240508836150349	0.09633372447585088	0.06340429483214603	0.1799166240241829	0.10632617263389575	0.054687553719657715	0.03274434637731975	0.09589240547063867
0.05648127573670418	0.032081036022323026	0.21813881854564082	0.1731514781788308	0.07180952680150347	0.1759872739342867	0.07604737836794981	0.04888209511853214	0.029587688627247255	0.11783342866698174
0.2116674398432793	0.04234228228837366	0.13554077900159975	0.11939993267505673	0.07058722611877646	0.17980483179565773	0.08750982558387448	0.03592332060937299	0.02851521694271604	0.08870914514129272
0.1414000898222811	0.12130242615920554	0.14616317296852147	0.10962269617643135	0.07021503431625359	0.12616316157251753	0.10183480230752984	0.052108730326167245	0.03254407234967055	0.09864581400142167
0.1503905480630629	0.06257367521395243	0.2177042471226161	0.09507626119138642	0.06758145253250311	0.12058983456032157	0.06911471173636649	0.03606053021465304	0.044875211473967114	0.1360335278911707
0.13709291496553777	0.03677862878673854	0.17737182981773825	0.10429991137105857	0.05316817515699548	0.21816118551131536	0.08561316309766326	0.038879120855765406	0.03470422424075846	0.11393084619642879
0.04168191905237917	0.062197606009524314	0.1909069479173559	0.19336377148087655	0.06549085744473891	0.17409415085631488	0.07158893173642272	0.06419881679889697	0.04263156129521818	0.09384543740827243
0.12096712231082861	0.10892421196342378	0.13531914894485678	0.12698537727978423	0.061348703510714774	0.18823695525661568	0.06472002457566886	0.05811468102969983	0.041460043909700116	0.0939237312187073
0.1430623257783607	0.02803454890126912	0.14387843061844854	0.18882071445634274	0.06555250092255677	0.17632223749288323	0.06551717505317756	0.03947308715116241	0.04485787710747222	0.10448110251832662
0.078248145577838	0.1421553011633646	0.0748628241120127	0.17549306564737704	0.06342353704170736	0.2017594079653816	0.06305622028411681	0.06559790421438663	0.029843029952243166	0.10556056404157205
0.07952060212367434	0.1442622299087961	0.12693810785153747	0.18211954866777835	0.05656985199997527	0.140996785250153	0.06235368694114832	0.054517030393767374	0.029593298640681456	0.12312885822248824
0.16577150986376116	0.022739236491951226	0.22028109885419078	0.12563367371020823	0.072295636286108	0.12335987096758463	0.09709176464742575	0.037677977023440924	0.032651520693158756	0.10249771146217047
0.036773032125663324	0.16844398121131648	0.08578178487947737	0.0993634062191	0.055345602321673015	0.22834424552091087	0.09410726121284953	0.0514621594505508	0.030861684320764915	0.14951684273769375
0.16399440750648092	0.07372077126769885	0.141448221143454	0.1741172750517575	0.05249761564328422	0.12682802391422415	0.06459587288413751	0.059813377747493006	0.037041283867615765	0.10594315097385391
0.12015273758857098	0.08212675259280997	0.21152651349885004	0.14423818332003852	0.05536475876872811	0.13326868899338698	0.07174631018483887	0.04529978911502574	0.043776932919964553	0.09249933301778615
0.12583829393089968	0.04426084929282191	0.09867691471257756	0.17900003314818907	0.05563042758323632	0.22804222084405412	0.08451656646130132	0.038323656304038736	0.03730559936040306	0.10840543836247812
0.170784927761032	0.06947229386439388	0.07938490156116565	0.1303257534898321	0.06723791334860275	0.19583887061692973	0.10601468329224274	0.0426578208521083	0.030042752316987206	0.10824008289670552
0.13999252604226642	0.07174624614889842	0.11936570303948252	0.16381609810284184	0.06950877176526447	0.18834963356340845	0.07096296844291118	0.0373168507969166	0.040376288280565345	0.09856491381744469
0.12577087245809074	0.12241421044111289	0.0944882174347484	0.1304892607678528	0.06889889424313977	0.16471059177767075	0.08991395196090934	0.04031331235462292	0.028161164515596818	0.13483952404625543
0.039331670515831134	0.09691562914936029	0.1216855499365751	0.14998363567753636	0.06833533233454121	0.21954376441419454	0.07732624056595819	0.04131210494534474	0.04455679870710752	0.14100927375355088
0.188898098164166	0.08888297862903859	0.17138219010450328	0.11591880446102215	0.05691582797917212	0.12169585908989405	0.09320711125278468	0.039557368308894954	0.03180518828421626	0.0917365737263078
0.16713147158863878	0.08347236153119125	0.07837048449122794	0.11839813001507594	0.053552539907082794	0.19448518158853131	0.08396047985630493	0.05281571917120682	0.037038140405439984	0.1307754914453001
0.055869010790792484	0.19033513528061158	0.11957834178477945	0.1413551106148953	0.06521493110302412	0.1403828874820603	0.06684839512689145	0.05826110160114852	0.039284742150082014	0.12287034406571479
0.11209802727463677	0.10160855734215112	0.15546397679273288	0.10651286680565193	0.053732937966407525	0.18595577538458946	0.0841518294445597	0.060530655289407806	0.043576760883105754	0.09636861281675697
0.10517773307537899	0.05705181349390041	0.11625403206419548	0.1827459012737671	0.06951461004473938	0.19199867654456187	0.06609487672037107	0.039943753808991685	0.04216650481150858	0.1290520981625854
0.06995352170742784	0.02697776446164811	0.26718262876855436	0.11419826642519128	0.07481636591765191	0.1722544597501443	0.0669590920181593	0.05182541937783342	0.04354939037763241	0.11228309119575701
0.061910286293529015	0.16543820466400833	0.06816675090736307	0.12821682786478603	0.07586346514647975	0.20789336018168098	0.08832447767812254	0.0459231318705964	0.03708518913035026	0.12117830626308365
0.0920418684946884	0.12514293661855544	0.07296141742829534	0.14645674278174195	0.06448743372957319	0.17608644939619505	0.0982109961850657	0.05742546261679013	0.04193816075251551	0.12524853199657926
0.17290065201027205	0.0953191082352046	0.10958832023317104	0.1024742246704998	0.06835417146046888	0.17702582125733157	0.09238611940642728	0.05175688028638074	0.03637506238177471	0.0938196400584692
0.047466303012631356	0.1979461592111046	0.06667999439426114	0.18478954765127242	0.06310536691651174	0.13752810933518467	0.09431364156394602	0.05357292407080548	0.034711749855175986	0.11988620398910657
0.14444318260938138	0.1555288718204493	0.085780976109366	0.14041451920760906	0.05421111313219619	0.13973666748356933	0.09411565578281486	0.0512428473355601	0.03465130797484432	0.0998748585442094
0.08776012683149272	0.07293828305924635	0.18003769969063682	0.18860324108333149	0.076645985444229	0.12036895061823612	0.07121350199208555	0.06346039266689255	0.02804827061986101	0.11092354799398829
0.1845679325528698	0.04100505465309302	0.10684787397097234	0.15206583029164455	0.06686481887793089	0.1480622547560335	0.06184233378987822	0.046000217634761545	0.033033744503525656	0.15970993896929037
0.036577660287763436	0.058788340965359766	0.18541507754214953	0.1753194099146372	0.06994225801351917	0.16244310523764086	0.07649521112074922	0.06326364191043596	0.033073759568500574	0.13868153543924422
0.04518476852555621	0.11350843012575917	0.06913526729910534	0.1849319248061736	0.07243605764773678	0.1630584333016963	0.10747420245318585	0.05658974937996496	0.030006278664928512	0.15767488779589328
0.03994941600028408	0.037760047540037825	0.1600326635050559	0.12424003663999716	0.06154660460226008	0.22561442271871235	0.09934583435421517	0.06392347389726319	0.04152328749649972	0.1460642132456745
0.11318393867959985	0.05582878023786332	0.20526549738001054	0.18394083751100998	0.07120178169191542	0.14566497250924726	0.06190115645118908	0.042281328563706776	0.029381515087859564	0.09135019188759812
0.10807330647889334	0.04442946930054829	0.19284737998923113	0.14760920859547647	0.06971726365715046	0.18641935569670326	0.06885869421628515	0.06201205922274733	0.02808301248917873	0.09195025035378586
0.06820197992056275	0.18290283576773586	0.10752225045516306	0.13570431356897975	0.057542700153331974	0.16639800253621984	0.09430539597977083	0.047438526725416805	0.04284458010904072	0.0971394147837784
0.04028875970220112	0.21080943050471834	0.1854926243980829	0.09663319738546798	0.06188929580503758	0.1319651584271436	0.06501928078842853	0.06312677446443901	0.04357889285529945	0.1011965856691815
0.08608702959810305	0.17291369978252563	0.07106304234020733	0.17057762726981804	0.06072711137983827	0.15326416871295812	0.06341872269104565	0.0471098220114841	0.04196538531663589	0.13287339089738393
0.10341713600349488	0.03403714222357106	0.08963139134802464	0.18385736153912602	0.07222457825480441	0.15377527851842032	0.1060889487716034	0.06472347053417271	0.04073854295375158	0.15150614985303096
0.03920612352735007	0.1824515822815859	0.0999076380307823	0.18131287841871102	0.06623086649044457	0.13158755055035026	0.10397337810470932	0.05535709278605227	0.03680195442890964	0.10317093538110465
0.16233307428881033	0.020210642901626358	0.11354210875244808	0.19349409018218328	0.07118899540669425	0.18602991059669793	0.06682920726591912	0.04890603678614658	0.036791454600509574	0.10067447921896436
0.16129429975884055	0.059306437906643195	0.18810891953766778	0.0973894249963753	0.07154520554996152	0.12285036638342692	0.07810908946602795	0.04247112840295971	0.03887298555685706	0.1400521424412399
0.0510129926768456	0.15525235571852636	0.11526214783981192	0.14705567693838564	0.05608232895472767	0.1751412001645653	0.09994387988178086	0.03690538949123359	0.03754878477329445	0.12579524356082863
0.03730778529427474	0.027219900428151422	0.15239565673815827	0.14785725326401206	0.07388153668919203	0.20962518481906037	0.10233087001457561	0.04335822957834773	0.04413177855052515	0.16189180462370256
0.09500091630349958	0.05340360056258103	0.13425773227815524	0.18131195590890664	0.05357311713416554	0.1890226732878177	0.07015828633900133	0.0501152335382067	0.04442309668613749	0.12873338796152872
0.08141202775503803	0.0944363266946013	0.12881367072152386	0.18589001261757854	0.06808137131791234	0.16733435245531908	0.06343699912126619	0.03871585649787354	0.03988671502164265	0.13199266779724445
0.08642959289931418	0.09890514802198945	0.10571362935384475	0.1308000940803694	0.06375610871925926	0.18255137791836956	0.08224117336335757	0.057249136098749986	0.04092567850445478	0.15142806104029102
0.04676140991858072	0.07981290218466683	0.14426062754598595	0.14156083269434339	0.05288422903429203	0.2198918474194504	0.09344962617923962	0.0651663124412376	0.0368649864710352	0.11934722611116824
0.062260447892861136	0.16799928245037365	0.1153280460006461	0.1637069824420581	0.0528029941547966	0.14446842038241783	0.07296221317886958	0.04946872783561661	0.03330120626613828	0.13770167939622208
0.10362959715597554	0.04883676609943177	0.15550566662727391	0.18590546437965288	0.05548478355778586	0.12892362721974973	0.09491823681871779	0.04477245270867657	0.0272591557894504	0.1547642496432855
0.17391120909850338	0.026563622835463055	0.15699631834445602	0.13481634031837758	0.07248621893220326	0.12265061314556758	0.06457339063548623	0.05112870059185812	0.03845759197572955	0.15841599412235513
0.15147412134966184	0.15360225596963395	0.07522854368239493	0.1786141370539239	0.052038083497288105	0.11842108315251562	0.10078770806391216	0.04745068931697564	0.027244309466529643	0.09513906844716409
0.17206432710626424	0.07161759506296991	0.10367396216513584	0.1514493933137219	0.05900036786895786	0.1468334963135309	0.09634712452521024	0.039811780357999996	0.03720285841554416	0.12199909487066483
0.198066061782874	0.12561777524553144	0.10305875902419448	0.10609954851615275	0.054897898013241415	0.13901176665692475	0.06191554848701945	0.05898732636048414	0.038064822291522096	0.11428049362205533
0.0746225501628669	0.05232349042042831	0.1875155881140067	0.1105967096221366	0.06431547000694776	0.21399146388569737	0.060776295454612966	0.06163090344566015	0.04201011792172894	0.13221741096591427
0.07755044795968448	0.11886912047911685	0.16055983540081567	0.09930469282371636	0.05649237591981857	0.2291286604133262	0.08500672522098382	0.037807714608980705	0.03053785856032261	0.10474256861323471
0.07738552187862845	0.15083930154413097	0.1570328809035161	0.10388747191598642	0.061276507418025254	0.2074607494282606	0.06836341624679401	0.03823927765931111	0.030541766132529763	0.10497310687281725
0.1390178764832748	0.037890567631054806	0.18995012154754956	0.10641188165480824	0.05287542060054938	0.15502161497889141	0.08367351119509481	0.042272850955125285	0.03943012926610949	0.15345602568754213
0.13185050141508786	0.07118617657900357	0.10008848623062781	0.16694982136155184	0.0659765072096048	0.18224436508624461	0.07857971901646776	0.06563838001195892	0.03190579010142697	0.10558025298802574
0.048650915306283335	0.16761531756806541	0.07864584452025492	0.18665037936819245	0.07069803676666404	0.14161971990483457	0.07793793502004925	0.04065899821894505	0.04210610731744743	0.14541674600926352
0.07239104893176006	0.09439932258863132	0.16226613240368737	0.14310497780909742	0.05724016232235747	0.1849511471377746	0.10349495539500617	0.04749273555022717	0.031051303579932313	0.10360821428152604
0.20212834903631327	0.03917600169635036	0.155119589025628	0.1566574183175138	0.07161575661409499	0.133575239001046	0.06490483462380481	0.04448504858111613	0.03969981743161475	0.09263794567251768
0.039647591523210964	0.11521902729918612	0.13850506375569105	0.19332042707999125	0.06969821809090465	0.1475729755190946	0.0761977858930207	0.056262792564137264	0.03798175996738602	0.12559435830737736
0.182490150091208	0.03303876951072526	0.13621489253671443	0.09489384693385863	0.05577979939293437	0.2286061834338089	0.07289729362497825	0.06711475665917119	0.03125319573877795	0.09771111207782289
0.04024383435594614	0.0728331010024918	0.10347667285826248	0.18275344063932714	0.059685305317809016	0.21478691498742333	0.08338139819967105	0.04490768830133831	0.04373537682523602	0.1541962675124947
0.1678584494607784	0.05334883768884945	0.06720917210942359	0.1533411247314507	0.06746515688000881	0.1653817814255754	0.0880043365849947	0.05398954150956492	0.04142836720707464	0.14197323240227921
0.09254119449793127	0.15652504185617327	0.07062004555091447	0.1842948381011726	0.07179166599352012	0.16330110849340052	0.06430161130354553	0.047058227654550124	0.04387750080539004	0.10568876574340201
0.08020075052429448	0.21504648541574234	0.08654997648961013	0.13898933472590638	0.05513025512275671	0.1630498382363239	0.061923281108130744	0.0423156408228388	0.02886933723189454	0.12792510032250193
0.051606159661774564	0.03953054325365289	0.2349253036276968	0.1702696896029639	0.07201521832048233	0.1441212403602628	0.06489084963903831	0.03627653508874436	0.04499563243732553	0.14136882800805844
0.06194365053760052	0.03426749286772918	0.17045399150222668	0.14329224664266524	0.05531016792630435	0.18940498622155483	0.10047568275929454	0.06651060664262706	0.034727592830177206	0.14361358206982033
0.15163394525207188	0.08853096936270985	0.1232226217980729	0.10826670450955393	0.05941574326233367	0.20210282229127063	0.07932611590673577	0.045827790007876935	0.034319955963025436	0.1073533316463489
0.1253094077651441	0.1180736610473605	0.14251603221590753	0.11303862550660308	0.052531942656117735	0.1330780009225909	0.0700580411498912	0.05601340301595525	0.035218511953958365	0.15416237376647124
0.13541393548330438	0.13348156198908276	0.07613424371201358	0.10103864258183348	0.07491513522674174	0.18666746898440084	0.06568734830774578	0.060139935217889906	0.03208338381983582	0.13443834467715166
0.10508221215186597	0.07320524844519455	0.1338747010112052	0.14150677435564904	0.05124438292747839	0.17481657463892608	0.10169492930234858	0.0471519838792278	0.039143093965177476	0.13228009932292684
0.13011527112232057	0.02551705530499787	0.168391072656916	0.17106320507629125	0.055947394705022406	0.16237651644110165	0.08313877409035915	0.043393502149921784	0.044173257326299946	0.11588395112676927
0.04187681515111892	0.0317476278014065	0.2613025899513463	0.16165017363353412	0.060960728897231246	0.12866635232917234	0.08140181432800478	0.06711628423669891	0.037938005761877634	0.12733960790960927
0.12098720528145668	0.06750695986230955	0.1485603165035316	0.12141258200911736	0.07132858091404179	0.13048223149467467	0.08967386421343512	0.053798476416669704	0.04388576034196522	0.15236402296279825
0.07068033210268397	0.019701217875076033	0.22783155503310132	0.09473804814177657	0.06649773509273907	0.20171775951611431	0.10356754954470762	0.0489653219777938	0.04384942773442338	0.12245105298158392
0.12525019207706728	0.035836410807433286	0.14595233836465132	0.12519628566830213	0.05994413842206649	0.2116285442361689	0.09748881234604125	0.042888404324832985	0.03265331713585762	0.12316155661757866
0.224517726054418	0.04698617102220547	0.0857403051005737	0.1752451319005729	0.0547269550808343	0.13401961780360847	0.06814135414700315	0.04722249658955757	0.02990386100652799	0.1334963812946983
0.04840263740466097	0.21766669876128308	0.09379426604628273	0.1021159939826845	0.055990019734425536	0.15824107360427947	0.0900919625665276	0.04696452063559133	0.03530870958211117	0.15142411768215364
0.08782089951421598	0.06549750598739279	0.20441648546865493	0.17187794144288965	0.0640015557288271	0.13737422097265456	0.07411053694686076	0.05307238027769949	0.044185725214996904	0.09764274844580781
0.11028218999560428	0.11870491448628469	0.09347252060279165	0.1128169711545944	0.06902737829310059	0.18330704758690902	0.07545401356394293	0.052233548912328606	0.04444995018105665	0.14025146522338713
0.13634129830835467	0.10758833008418993	0.15068757803841615	0.10651793001661672	0.058729863273981636	0.15468400705409985	0.09953527285083597	0.04789341701274033	0.032370144764380604	0.10565215859638405
0.12985234759625752	0.029016129156976253	0.1735454551872312	0.0993794936203943	0.05967623699097439	0.22280260373588312	0.08378511201868794	0.037251632055484554	0.041835813417278954	0.12285517622083166
0.07288006551957141	0.06232174688273094	0.21551992338501552	0.10843584624439163	0.05223559607001287	0.14380498544456938	0.10311244645547524	0.04320305840932838	0.04368477790498432	0.1548015536839203
0.18138393760355892	0.1377502250826815	0.07960749286336952	0.12335026198379295	0.05383030606147198	0.16296324174670646	0.07592365325962652	0.05150790700240122	0.038977623473912384	0.0947053509224784
0.12307189020290143	0.07126081058157754	0.12832342878755512	0.10580252113230731	0.07302647403284106	0.2126995038166928	0.06317228363384633	0.04916725082595064	0.04357313955307162	0.12990269743325603
0.16771646922585293	0.04478827852437201	0.15142966509580585	0.18412818760720107	0.051474142589174474	0.1611987465535658	0.06334562684279704	0.04923656630120703	0.03424360735594091	0.09243870990408269
0.13044695061321152	0.11535711117235534	0.13351796790879528	0.09983023669310584	0.07568896192334315	0.1608954621607951	0.09500380446763695	0.058734095105798016	0.036468104146030356	0.09405730580892836
0.048519824536266305	0.04304619709458321	0.15046274941394228	0.18136343749631686	0.06447462172252633	0.19706971799255552	0.07584836776442162	0.05772423794400857	0.03541569762466801	0.14607514841071134
0.21627459684952105	0.0359652586381059	0.08480497613426047	0.1307351919340637	0.0742727695294402	0.1615604640435945	0.07826850665316393	0.0505239482154639	0.03156152964949245	0.13603275835289375
0.08160257289731118	0.025525385099992845	0.2821959116609228	0.10097369704556318	0.07665648288569735	0.18024017685405924	0.07178747023962845	0.04848171711144676	0.04091086267402114	0.09162572353135709
0.1554620811021568	0.03257512319468375	0.17520297823184156	0.18301035087037704	0.06467627725058397	0.12522864539060583	0.07054310446816651	0.05438151657305434	0.04002318163553055	0.09889674128299951
0.0952797781336304	0.05188368419211235	0.17019783864931748	0.1713285837722126	0.05393747028761241	0.13250709005720054	0.0983600806912934	0.03619237488823107	0.04394771135683435	0.14636538797155535
0.060105539089126366	0.178052518925098	0.14861090978045294	0.10441081596172967	0.07369063691343644	0.17292351050866653	0.06677914093825416	0.03960327457852301	0.033680740583208954	0.12214291272150388
0.054537184459464164	0.08348866919146711	0.20894818961357098	0.13747426197781165	0.0749959214656443	0.1420845362979219	0.07007791401353383	0.06702640663359286	0.03932874696642281	0.12203816938057047
0.05531473871518411	0.09665349703835602	0.07614979672110131	0.18970381794758348	0.051558842997959986	0.19719319408449754	0.10673697494868459	0.06445423734976742	0.04044912431193237	0.12178577588493315
0.1558194000343834	0.05798852876305544	0.10215987312124002	0.17561382934426348	0.0676071653370537	0.1693350165329474	0.08061024081038265	0.06156452450556428	0.039198922012535456	0.09010249953857406
0.14499425350120015	0.12397000971563957	0.10332215852829375	0.13104857876414416	0.05542738364499921	0.1667491944792781	0.08672554511543369	0.060207355298913	0.03815703379102783	0.08939848716107043
0.07741349737347708	0.07493501795449628	0.10300024999508862	0.11705319149075888	0.07097546106266234	0.225928536571392	0.10468687602268849	0.04166134047743171	0.03391172499108572	0.15043410406091884
0.15258429525609285	0.19062678692672452	0.07252424814674073	0.10018818589287369	0.05341777077592442	0.13099320505621265	0.07855694545389245	0.038352809927899634	0.0270464285265693	0.1557093240370696
0.15229615018255288	0.19780479341113538	0.09006124533411089	0.11039615274917493	0.053715325662727534	0.12433616995712456	0.08952266969738037	0.04707847285758726	0.03165478796194077	0.10313423218626531
0.10645458088389086	0.10168359162701078	0.18990021638431331	0.14305727694462572	0.0763920980789791	0.1439579074535605	0.06365839835853632	0.04407876519063996	0.04044462868292168	0.09037253639552174
0.09606329316859202	0.07922551782583033	0.2135382717603897	0.16110162339845416	0.06980239615962136	0.13980686859635602	0.06543002219174725	0.03571552260477813	0.035495300323496515	0.10382118397073443
0.10694872610043016	0.08951648174292275	0.13771600821716984	0.12416208279720918	0.07657054456685704	0.1881898198049701	0.09018456996752952	0.03848811188318533	0.03386838177144097	0.1143552731482851
0.05900262089532222	0.15068428198678613	0.12898139822011864	0.09913962903184072	0.0749590224215467	0.1882663930896224	0.08986172354107164	0.06460086459948158	0.035419048571954936	0.10908501764225503
0.09309249728734251	0.17965470464112143	0.07348061748132102	0.16583275112571208	0.060137543413240076	0.12230762627624024	0.0785535934080489	0.039337679239907664	0.039622240691393695	0.14798074643567233
0.07837869010722986	0.11008103932049096	0.13345835452324512	0.1091975323088751	0.07305773078196709	0.2259910122448769	0.07428428613965095	0.06310449363046963	0.03272581082283876	0.0997210501203556
0.16129929169114612	0.06344111542390511	0.12210173203020509	0.15278239251752462	0.0635367095988268	0.1333165749829692	0.10211056752865155	0.06474767933830491	0.037594207009670325	0.09906972987879614
0.13794778299636146	0.02164759529129294	0.1377003626386481	0.1874535256771208	0.05631944270153575	0.16561404172006985	0.0712023202787621	0.04790380293575502	0.03674887956618317	0.13746224619427067
0.24762785774745816	0.033045010418332466	0.14813127712721716	0.10015672513593535	0.07293238542762034	0.12207796919024272	0.062622764050072	0.04320098258100797	0.03904428826331488	0.13116074005879869
0.060338664837325154	0.039162250917534225	0.21059031792083455	0.17693000110949406	0.057727191226166374	0.13544259342237155	0.09114848814398528	0.06168834904716866	0.035849099446312926	0.1311230439288072
0.15616048204425909	0.03921693496503819	0.1393255413687683	0.10233454204056097	0.0733619289978561	0.19691167992918968	0.09112496205990663	0.053995875054588784	0.03842465181386358	0.10914340172596859
0.1429510523598685	0.03955997790072594	0.18607014721106763	0.17636900729786922	0.06533774477242385	0.14334775496142602	0.07369429410239174	0.03924848639437457	0.04163584572638662	0.09178568927346584
0.10040008804025019	0.16494568816288774	0.1315528470924564	0.10656198977203062	0.05279311461615951	0.14972888654854968	0.09686160044821984	0.0383942697089551	0.039857223334382255	0.11890429227610862
0.11118790710085692	0.03645962244955908	0.14245910173864446	0.16608391608521283	0.054052300683446755	0.23108893194148566	0.08463312688035515	0.04054921077704157	0.043413937686327134	0.09007194465707034
0.09710341104029725	0.15209577445066044	0.07005010534044923	0.17371662370469235	0.05931812594498519	0.16393758226392374	0.09580448319443723	0.03668156018634981	0.030718477813077072	0.12057385606112761
0.10025067729232089	0.1570874654009456	0.09465293286306647	0.15183363584973103	0.05249445340724221	0.12557494625826465	0.10591200166385202	0.046560498257964246	0.03463589947940779	0.13099748952720502
0.11018979280341025	0.05644331659382883	0.1667631722487124	0.11479647082408422	0.0723098449300458	0.1512602880449369	0.10353923245939335	0.06102300979699339	0.04301524701265231	0.12065962528594246
0.08190809706474275	0.04216637146418951	0.15787801606376453	0.15922332743079556	0.07154760255357726	0.1989102176491474	0.10195380884518944	0.054325832128555976	0.03260462972240996	0.09948209707762756
0.08892333266670717	0.1160051877079904	0.19182090446398276	0.14200803305470205	0.05341334316228845	0.1307886425916071	0.06788847839062434	0.04185438199653396	0.0345723905130753	0.13272530545248845
0.09229536035658492	0.0985011188688478	0.12227350414455603	0.16563281017692721	0.054999869920391346	0.13507552916875407	0.09241472542819545	0.052902300076775884	0.034430697672388	0.15147408418657926
0.12021294914896422	0.06763103669076373	0.1962647511035588	0.12672699386997732	0.057688841924696144	0.1527192046425141	0.07038206922911341	0.06653353511431427	0.033433370311998764	0.10840724796409917
0.21449153421360267	0.11302269606867563	0.06943421226026383	0.10570825170812481	0.06945024785523427	0.15318165875003306	0.07786890171249292	0.037717765217608105	0.0354239922657336	0.12370073994823091
0.07830540017940331	0.027008523304639126	0.2357139427604295	0.1526271752160368	0.06618036935052553	0.14555269710047342	0.08278770819167716	0.05033478269221545	0.04141707846369839	0.12007232274090125
0.26201153078624756	0.020582575500689468	0.08721328658782834	0.14698580418142468	0.07181417731259324	0.1478702450515323	0.06149161700878911	0.04056532544192275	0.037798812839619236	0.12366662528935315
0.19919913434490555	0.039160902457058736	0.10249674296826325	0.10876302588810846	0.07257685437229809	0.13097716758779848	0.08137036469226519	0.06459169170412249	0.043879378819098425	0.1569847371660812
0.12812395965129453	0.08562451572173019	0.19771556282382846	0.14834589333890014	0.0525613907585497	0.12108505384985016	0.07584922237816798	0.03573622344542801	0.02757531637603096	0.12738286165621981
0.07857001494358579	0.06887936969047093	0.18757762340692047	0.17804926578189859	0.0743790953535283	0.13809755717456534	0.08424134492800521	0.057073758348827566	0.041630911347167635	0.09150105902503014
0.07419928351334593	0.03942320906061312	0.1892217809485179	0.11155017433698908	0.06562392120894882	0.212032027612615	0.09548249358359653	0.04139710724724125	0.04219284753329697	0.12887715495483537
0.06167178822496944	0.10663922007373937	0.11268114638690829	0.17390440646877678	0.0609682828585598	0.1999050013110467	0.07922221931654597	0.06440579916245157	0.02820432031820684	0.11239781587879519
0.15959131116756625	0.060496699031635986	0.11445570274359403	0.1914237169353537	0.06914905105508803	0.13577282312196615	0.08362955619875218	0.0636851758546407	0.028735145801010636	0.09306081809039222
0.06301252959423059	0.06646186109425509	0.24168861586807594	0.10513348049715673	0.057747091798177594	0.16055593085676279	0.0757212899862365	0.04799463093243621	0.03143892496127193	0.15024564441139662
0.059285071901263676	0.1961144626144612	0.11391813509131396	0.09910821425479571	0.0761478182967737	0.1420809651378614	0.09180186964283124	0.05184061260589788	0.03794201794853694	0.13176083250626427
0.06052786373585289	0.17723757622777989	0.10864522070495679	0.09787255757285566	0.07402161887415865	0.17449198238344832	0.07116169625242204	0.04206592371118546	0.039289039897765735	0.1546865206395746
0.16441932810840693	0.049999130429106586	0.18410496618527822	0.09347822503461879	0.05352085622044777	0.14024407711359793	0.06880429544214908	0.06524740223604748	0.041892604079700496	0.13828911515064662
0.12193238392201647	0.035860634586284565	0.12919282875581134	0.18429474977304156	0.07377945727751935	0.145233563648993	0.07364981194242852	0.045491857963699305	0.04244881704225475	0.14811589508795106
0.14209107453110875	0.07392963374436612	0.22161521291905084	0.11912902148142991	0.056220774976300354	0.13370760298460882	0.06170271493714879	0.038300595097638994	0.03647302299662268	0.11683034633172465
0.13231843462772105	0.08035959373745788	0.11717290278752325	0.1118826229252872	0.07599108376735186	0.16555742500985515	0.0729874315700303	0.04495669941675818	0.04364850096536176	0.15512530519265327
0.18924636196327294	0.09238820440124326	0.11976110492199807	0.11114758021401136	0.051856221950642295	0.15166741392600072	0.10629759013742666	0.04412222793310684	0.042537753723805916	0.09097554082849178
0.06935787797923323	0.18103031594230945	0.0919209839485702	0.12254436135338953	0.06854268932824709	0.16593546453920016	0.1057113223894606	0.048168944601619246	0.03713703757681912	0.1096510023411513
0.09240038471365558	0.05304758501556621	0.2420325871020993	0.10516053331366096	0.060181303201909314	0.1369377701039647	0.08852374135552973	0.06698060847393983	0.027131523477606126	0.12760396324206819
0.10974671587953634	0.08299359368118295	0.12222101669951813	0.14438273276618982	0.055501766109591434	0.2241431576874778	0.07238554843224937	0.04885319088216216	0.04143956630717447	0.09833271155491746
0.1604215966496439	0.1033837492752673	0.09000805779305505	0.1208017101103529	0.05131641994908569	0.14913595130586135	0.10448288438909632	0.04770714448603129	0.03674120147090368	0.1360012845707024
0.041948713225536303	0.021826248585744903	0.1925202837474579	0.10035800590184375	0.057549063680592705	0.2299474976164903	0.09947970481056882	0.054393634502966	0.04434098390582135	0.1576358640229779
0.07003724607255096	0.08562421509350591	0.22860322610217465	0.1045147618644823	0.06614261904614438	0.11835925185470676	0.06706291491083036	0.06421991768725688	0.03859089298182654	0.15684495438652124
0.05994755863282783	0.08266395914759825	0.16650906034176377	0.133863178670319	0.0683954550555292	0.17889429055354011	0.06413538707031505	0.06632550899020873	0.042638931934079895	0.1366266696038182
0.04462509809890826	0.11446910829454708	0.24473571752025103	0.15394636123896505	0.06451672289204197	0.12993759437818705	0.06160218372663204	0.041948414291378654	0.037840750572233774	0.1063780489868551
0.17973744701366198	0.028053103383489097	0.12107536574250158	0.12853230893743134	0.05161418577045818	0.1742428526205024	0.10042426165574729	0.05289548455537642	0.032303242386175074	0.13112174793465653
0.20444938683072988	0.1041778573980002	0.07715419804857085	0.14555162647940545	0.07346177233890808	0.12060838513986898	0.0814767374624557	0.05765710188250508	0.04212801123338008	0.09333492318617555
0.11862234355572417	0.1358610566075339	0.07668815678434585	0.15852801619993287	0.06573394815611981	0.12172805571029435	0.08220108225976963	0.049893584321913396	0.04374218436579473	0.14700157203857123
0.1217675998724692	0.13431873683135864	0.09371298307397263	0.12911270770288663	0.06094278448183737	0.1501401826938748	0.07418207328366773	0.03758632083298762	0.03869450757499265	0.15954210365195262
0.09046849237964535	0.0885446855680798	0.20323926065880316	0.12316030907181892	0.059844268037393636	0.1602849607447031	0.08235029919379912	0.04434713498095964	0.031653694024693105	0.11610689534010414
0.07569652251416448	0.054984220003750604	0.21492985684565086	0.10308062805442583	0.056257847912425635	0.17890735613764028	0.09016356520317051	0.06612836060022295	0.035677456916216405	0.12417418581233249
0.2284801602999051	0.07108055979709121	0.07185133169579937	0.1087287272017578	0.07082217860535278	0.13278616722745432	0.09852863620651046	0.04040384022720231	0.03499091086728602	0.14232748787164046
0.22116686830904342	0.02445797163250732	0.1480298199286475	0.09409020520933566	0.07663893440685164	0.14332423490462076	0.08327787155409459	0.04007598255447032	0.027561137547045617	0.14137697395338297
0.09118959920701769	0.04913514160635929	0.14587704027071052	0.14507473362131132	0.07545202619578258	0.22772724060192873	0.0861241077636839	0.0355748246437671	0.038025198709267	0.10582008738017187
0.15489247761478675	0.11594326120895519	0.12473702748989583	0.09522360734414859	0.06301784827503461	0.13717585245817315	0.10103899168936623	0.06297145224594233	0.043011371999940935	0.10198810967375627
0.14720679277847315	0.15840189020463208	0.08209740670830121	0.11037417722653124	0.06971246749648081	0.1315652038665625	0.06910208437327976	0.051630789438102856	0.03388382638722544	0.14602536152041082
0.12566067742028372	0.07214685745748237	0.15653787690286064	0.13266573514517083	0.07006924667106212	0.1633177848670551	0.08359685472569475	0.061990210263408174	0.04045678281905646	0.09355797372792572
0.10664091008158581	0.11813770507654728	0.08937873902624421	0.16201845520606117	0.05316878552330958	0.17821135141057015	0.0749472675206528	0.0606841916556205	0.02770943966942685	0.12910315482998164
0.11345922538559679	0.13140320732330935	0.1059644207416413	0.14829449362213504	0.0712537896066469	0.12059566440341733	0.06571632758418444	0.06105130171652665	0.03387551617250059	0.14838605344404154
0.22761053238041368	0.06385761409197639	0.07901825237074962	0.10029592598275733	0.06503129824568601	0.15653991121125305	0.09722115390056561	0.04291845508169172	0.04441590570836173	0.12309095102654471
0.0833024166446415	0.03409631542197947	0.2198457727287328	0.09544681277288916	0.0596509978293245	0.19523664706517652	0.068691713333207	0.04729175091408438	0.03872756139077191	0.1577100118991927
0.07265095901002257	0.0935155145909097	0.17590311147545973	0.1430884057511349	0.0680068997960399	0.17406499192716174	0.08913530916491275	0.05497442769645035	0.02961686987071352	0.09904351071719478
0.11084914806724652	0.04602394348110315	0.21933728909701378	0.09682521850406856	0.06115982166580331	0.1336567489318242	0.10559056595310168	0.06568324059071662	0.03445084172626969	0.12642318198285246
0.20654044064676297	0.13053592196666539	0.08891228157789914	0.1438506147284323	0.06542901196261793	0.12982377819171326	0.07657097899575883	0.03730147090129206	0.029302841190694637	0.09173265983816334
0.19998832097143762	0.060051114385417735	0.19440215806447025	0.11254964148043721	0.05312498477235508	0.12599233049920042	0.0641230821167982	0.05189013928414963	0.03928972680877479	0.0985885016169589
0.08534018073304445	0.11497977048872411	0.1523580530359915	0.10474145435379954	0.05380713375369651	0.18812350892227353	0.08518862855664762	0.04237985013077771	0.044169959396318396	0.12891146062872658
0.1297986427750629	0.03739521718273603	0.1543555688692708	0.14101009577417303	0.05419456499864593	0.2190148875538368	0.0632821784950302	0.062100633768461984	0.04274537748911399	0.09610283309366825
0.038577063397650734	0.054358550865428464	0.1986064773943855	0.11875914593968265	0.07585072791177412	0.23339185956007558	0.09461176284430839	0.04835942536428707	0.031997920317561865	0.10548706640484563
0.06708953836299034	0.2026239769189559	0.07183140110241451	0.10677177948646285	0.06583645814349999	0.1811671448738955	0.07405300029331499	0.061204467920750155	0.028883554043560106	0.14053867885415564
0.09440635390203282	0.06903301393319548	0.12916697206697236	0.1593043578132561	0.05173689852846455	0.2255699006318595	0.09410895552800486	0.04115222621729373	0.0428806101985098	0.09264071118041069
0.17730872192223945	0.06683458262920147	0.1655551516806541	0.13926568960397384	0.06285759214650165	0.1363270261094785	0.07349461443850475	0.047315138314558594	0.04114893029699415	0.08989255285789337
0.15884330015598427	0.06782900584500934	0.14184123071877489	0.11952222796226143	0.07282225402405874	0.15781257606485335	0.06389427658308819	0.061108044075362286	0.029137722610203254	0.1271893619604041
0.13935653578026586	0.04927977032392466	0.20272058721291478	0.0934552106597134	0.07090637185798956	0.1655186160434658	0.06696282185765334	0.04958936506816159	0.042340444751202626	0.1198702764447083
0.14490580908957262	0.030851706476089952	0.22720862855276558	0.15332243163799206	0.05926868351066161	0.12341374415365293	0.06069521981737325	0.06250081652213746	0.03484573009120906	0.10298723014854543
0.1198896383163713	0.031451603594827265	0.25171458378540035	0.0985642147969755	0.07680590040173305	0.16846134942749152	0.07304105584752763	0.03981144088879185	0.029963109270645508	0.11029710367023599
0.076124459631155	0.13944322319382357	0.1513372815375037	0.14160255195609614	0.061324038598373945	0.14638921002206248	0.06450951128621339	0.044338623772076965	0.02938835290342691	0.1455427470992679
0.03927132072823347	0.21462311232654194	0.07162065172340804	0.11214791256813916	0.059195411305681636	0.1958011784983389	0.09030707914885591	0.04542039484215208	0.03548351239646133	0.13612942646218756
0.0983194165794481	0.029986643365362317	0.21789215718020022	0.13195528977031035	0.07134239266148856	0.16337141793603588	0.07632184357948293	0.06295006625245145	0.029779927183398266	0.1180808454918219
