0.48566339990179386	0.2819849912612551	0.23235160883695116
0.4947349451395757	0.26889488337388356	0.2363701714865408
0.4843541205258102	0.2709438715402267	0.24470200793396318
0.46955419475179555	0.28001362020183423	0.2504321850463703
0.48964779984556484	0.27860157753276477	0.2317506226216705
0.4784033157386871	0.27074191311112106	0.2508547711501919
0.4900756492300697	0.26898888989251857	0.24093546087741186
0.4684080302117523	0.2819685741929153	0.24962339559533248
0.48971430882111955	0.27573137317033347	0.2345543180085471
0.4828865226159746	0.2698669938593117	0.24724648352471384
0.4754292480830381	0.27354358855664546	0.25102716336031655
0.49138008994181676	0.27238954306223795	0.2362303669959454
0.4878478496063984	0.2687838411003554	0.24336830929324635
0.4773332813458029	0.2672886258685352	0.2553780927856621
0.4754155119264267	0.27715076850628806	0.24743371956728535
0.4794298938195812	0.2693920819689946	0.25117802421142427
0.4842078138576815	0.2822927945979684	0.23349939154435015
0.4726705582259635	0.27657154620131796	0.25075789557271866
0.49050450356110964	0.27986090293953053	0.22963459349935994
0.49085880030289014	0.27227282622613724	0.23686837347097273
0.4892107853579255	0.2685076780019868	0.24228153664008778
0.491633334436521	0.27265394117067654	0.2357127243928025
0.48650512509042787	0.2806480749446855	0.23284679996488672
0.46949756037912893	0.27786572829662126	0.25263671132425
0.490442086477444	0.2757237245137023	0.23383418900885383
0.48270695543033065	0.28267646422484827	0.23461658034482114
0.4796028560456267	0.2695041889462325	0.2508929550081409
0.4939765235867687	0.2679620240491263	0.23806145236410511
0.4900699766382973	0.2802599650042063	0.2296700583574965
0.49198354240415165	0.27282594709901864	0.23519051049682982
0.4739475076416012	0.2685303120809482	0.2575221802774508
0.4888183322414829	0.271901436450624	0.2392802313078932
0.470118984983637	0.279690923733287	0.250190091283076
0.4695426407137411	0.27269755408957225	0.2577598051966868
0.4709178086726137	0.2818508279427115	0.24723136338467494
0.48231625188883864	0.27469920971748235	0.24298453839367914
0.49049672956095397	0.2772507383751821	0.23225253206386404
0.4727596424455744	0.28390480588903133	0.24333555166539433
0.49317294267946066	0.27191972619977467	0.23490733112076476
0.4920567344511914	0.2745772745380052	0.2333659910108035
0.48872015737682845	0.27751838822752617	0.2337614543956455
0.47801471256280054	0.2684125979928976	0.253572689444302
0.48704310869057815	0.26968518564358096	0.243271705665841
0.4722707314492053	0.2756221751986228	0.2521070933521721
0.4715968346695956	0.28474878879036886	0.24365437654003558
0.48659666111983146	0.2774993856508479	0.23590395322932073
0.4944132257071392	0.27143474648707444	0.23415202780578648
0.4700672608029446	0.2750084065567138	0.25492433264034176
0.4832752094084448	0.2681502151955163	0.24857457539603903
0.4713215569932128	0.2781295018533475	0.2505489411534398
0.48230875685130414	0.2800526303285732	0.23763861282012283
0.48085613291287305	0.268274958732601	0.2508689083545261
0.4781184221721765	0.2786523670947064	0.24322921073311718
0.4702656171137301	0.27420671301506727	0.25552766987120273
0.4922262235060043	0.2754737416982018	0.23230003479579392
0.48833283649743076	0.2686908756919933	0.24297628781057606
0.4919627245929086	0.27148099617372345	0.23655627923336806
0.4934818548238207	0.2701708086594533	0.23634733651672613
0.48535502829102767	0.2849801291628772	0.22966484254609526
0.4725963005298105	0.27367760266199603	0.2537260968081936
0.47604404743299716	0.27479976113099014	0.24915619143601278
0.4910340406130702	0.27627072473061504	0.2326952346563149
0.4786377361037464	0.2798692120894529	0.24149305180680078
0.49002216033391366	0.2671763377773551	0.2428015018887313
0.47822710128793633	0.26872903253467423	0.2530438661773895
0.4852250994698474	0.27121624764730223	0.2435586528828505
0.48641403581798315	0.2666325690393409	0.24695339514267606
0.48088330761864606	0.2723280855884525	0.24678860679290154
0.4860360087688579	0.2698725367865396	0.2440914544446026
0.4873771636150765	0.27423337827844096	0.23838945810648263
0.47792284058889767	0.2780842208446165	0.24399293856648593
0.4760180461532125	0.2828698680829055	0.2411120857638821
0.4929093686711339	0.2745774434708246	0.23251318785804165
0.4726457330865723	0.2780509616876723	0.2493033052257555
0.48781818231129676	0.27989282650557956	0.2322889911831238
0.49218961253139526	0.27302470836802056	0.23478567910058432
0.48374128097908065	0.27872309671192513	0.2375356223089944
0.4851616931598527	0.27785684365090957	0.23698146318923782
0.4772457756638795	0.27081230505160153	0.2519419192845191
0.46988432597902735	0.2806053134830706	0.24951036053790215
0.4695106221514705	0.27958120793133545	0.25090816991719417
0.4741546081542241	0.27639654375500955	0.24944884809076645
0.47909781121302597	0.27093992214982604	0.2499622666371481
0.4760656276370768	0.2776423022787975	0.24629207008412574
0.4913212062307571	0.2658831923419804	0.24279560142726267
0.468378719391023	0.2756358742198312	0.25598540638914585
0.48686741685996565	0.2788487460169942	0.23428383712304024
0.4855488232876338	0.2725051417032738	0.24194603500909245
0.4745286541157686	0.2729411685282591	0.2525301773559724
0.4847626433137979	0.2744381636345417	0.24079919305166053
0.4737911849217136	0.2830821139200119	0.24312670115827456
0.49359001999903224	0.2668116121005323	0.2395983679004356
0.47212816526305523	0.27987686502778253	0.24799496970916232
0.49117138287120043	0.2721921176210134	0.23663649950778629
0.4857767684492843	0.28429143398732865	0.2299317975633872
0.48867021068618777	0.27990286216009946	0.23142692715371282
0.489816039827717	0.2715570777874179	0.23862688238486524
0.4743894276142337	0.27166685434858906	0.2539437180371773
0.4782577758939116	0.2761551643793037	0.24558705972678485
0.4783498631891002	0.2793345403876692	0.2423155964232307
0.4859254661381513	0.2688619627903003	0.24521257107154854
0.4770709741825804	0.26941287604835107	0.25351614976906867
0.47010271107404866	0.2842486990042846	0.24564858992166683
0.4789894635531383	0.2845492190630972	0.23646131738376458
0.4759019069906256	0.2798259112984457	0.24427218171092874
0.48518848056323594	0.27801171303996175	0.23679980639680243
0.4749732170056177	0.2833277775426697	0.24169900545171272
0.4789645655526513	0.26758188586821785	0.25345354857913094
0.47328694053191356	0.2765537212231957	0.2501593382448908
0.4906358732752846	0.2709783689594236	0.23838575776529186
0.4838743725724716	0.26609675533274907	0.2500288720947794
0.4798339148143166	0.27043828405240355	0.24972780113327997
0.49398176558372486	0.2713601040773801	0.23465813033889515
0.4814625975032032	0.284976153949003	0.23356124854779395
0.4764272210637721	0.26897192536057557	0.25460085357565243
0.49122624071778115	0.2733150241439838	0.23545873513823518
0.4901668311824285	0.2746690037119721	0.2351641651055995
0.48623845130826854	0.2763850505837431	0.23737649810798844
0.49061006568358867	0.27438477151403484	0.2350051628023766
0.48426767335376264	0.28406371826560095	0.23166860838063646
0.4799207453830368	0.2759431889836133	0.24413606563334994
0.4775365678416579	0.2675853579436839	0.2548780742146583
0.47679808317650796	0.27855270221098777	0.24464921461250438
0.4810612248810124	0.27775765813080555	0.24118111698818218
0.49065620023642165	0.27147585327222357	0.2378679464913549
0.4794269200625638	0.28207970910659874	0.2384933708308375
0.48689309297868344	0.2666426071915358	0.24646429982978088
0.4691939334803024	0.2810137033545548	0.24979236316514292
0.4920566764375187	0.2720031947870572	0.23594012877542414
0.48796288496051293	0.2786917558257422	0.233345359213745
0.4793564007728094	0.2702311941157168	0.250412405111474
0.47430192288159645	0.268603094852488	0.25709498226591565
0.47229622292568335	0.27755819617287436	0.2501455809014424
0.48534372320681607	0.2767709088660155	0.23788536792716855
0.46915718211504515	0.2805017250395563	0.2503410928453986
0.48391780237234283	0.27090310735053674	0.24517909027712054
0.4731371279891251	0.283885233388947	0.242977638621928
0.4772102537002312	0.28043297741636386	0.24235676888340513
0.4730159347514699	0.27239712725944054	0.2545869379890896
0.47468163841109934	0.2805025655340959	0.2448157960548048
0.4833102063575824	0.2764460533226951	0.24024374031972257
0.4861536431614765	0.2739011437122857	0.23994521312623784
0.486008617474362	0.27307264071265713	0.24091874181298095
0.47874166631275	0.2764792953060747	0.24477903838117543
0.4864774755596485	0.27633891342485645	0.23718361101549518
0.47680396372640654	0.2789290109749509	0.24426702529864266
0.4729733287600112	0.27652393239761164	0.2505027388423773
0.48303849620103423	0.2724621476635089	0.24449935613545698
0.484178080670039	0.27318578616780637	0.24263613316215474
0.492715752933498	0.2775748199747399	0.22970942709176223
0.49016081065629735	0.2794871481701653	0.2303520411735375
0.4918761597991368	0.27581164559500515	0.23231219460585817
0.4855552719688755	0.2679107955323384	0.24653393249878625
0.4682034139761587	0.2794532641582693	0.252343321865572
0.48325908182180666	0.2702050966845989	0.24653582149359454
0.4909822065052034	0.2728685159544372	0.2361492775403595
0.48041842115220734	0.2766546040217469	0.24292697482604583
0.48449823869187625	0.2772058655971388	0.23829589571098503
0.4886029691766812	0.2778312562652505	0.23356577455806837
0.4856960329606938	0.2818313440800865	0.23247262295921983
0.47180160007928784	0.2739722142324589	0.2542261856882534
0.4765093083092078	0.28064382260496845	0.2428468690858239
0.49336556686978233	0.2700527499114913	0.23658168321872647
0.48429187587608247	0.2687511235258434	0.2469570005980742
0.4778869082389132	0.26737598524427153	0.25473710651681536
0.47412651384562216	0.2699901425570935	0.2558833435972844
0.4836417555729946	0.28236888292717705	0.23398936149982846
0.4841888434863269	0.27803446806004706	0.23777668845362615
0.47709996377302455	0.2660209910879796	0.2568790451389959
0.47588418642783636	0.2798082515772296	0.2443075619949341
0.4930111404554798	0.2758137367355862	0.23117512280893415
0.475550463154777	0.27193766144234244	0.2525118754028807
0.47495699328897406	0.27155981704287885	0.2534831896681472
0.48768814863865134	0.28070798145276665	0.23160386990858212
0.48250761326728736	0.274510207882917	0.24298217884979573
0.4871803856267686	0.2712916942810907	0.24152792009214086
0.4744676750261807	0.2826572933809534	0.242875031592866
0.47016878121571243	0.28410098067228984	0.24573023811199785
0.4876503247891011	0.273412036085445	0.23893763912545402
0.4716899546252282	0.2804785495978849	0.24783149577688698
0.47277317388983275	0.2817430307010286	0.24548379540913878
0.4749362021301684	0.2710650684454967	0.25399872942433505
0.4691686745662977	0.2742792456912344	0.256552079742468
0.4917960726016145	0.27768242399072984	0.23052150340765573
0.4815172251768844	0.27603268906200845	0.24245008576110727
0.4745564667488297	0.2773411355507549	0.24810239770041553
0.49410212015933586	0.26725413454874536	0.2386437452919189
0.48685507985655785	0.2765117554965346	0.23663316464690765
0.47962516731298827	0.26901306642408507	0.2513617662629267
0.48588069432859865	0.2700108698892677	0.24410843578213376
0.47461180631311356	0.28436568545860985	0.24102250822827673
0.481255456958215	0.27412234110265216	0.24462220193913298
0.4937560866729673	0.26892715541332174	0.23731675791371107
0.468858580992788	0.2750076577031214	0.2561337613040907
0.4836323013199431	0.2741171301837654	0.2422505684962916
0.47867341974805977	0.277597227278713	0.24372935297322737
0.4916747036578242	0.2711032468842286	0.23722204945794736
0.4942673419936188	0.26988895851086264	0.23584369949551862
0.47091565585905104	0.27689194916030674	0.25219239498064233
0.4801586984096498	0.2706051700185163	0.249236131571834
0.4860732729305206	0.27309433461442484	0.24083239245505467
0.48045244358212497	0.2721678645740444	0.2473796918438307
0.4827069024342346	0.27591271384605454	0.24138038371971096
0.4907803014586256	0.27385520346915243	0.23536449507222207
0.478641153060349	0.27715272244473665	0.24420612449491444
0.49261725783895144	0.2728761417021387	0.23450660045890998
0.4840248759059006	0.27392062758590374	0.24205449650819577
0.48355681575610937	0.27265589975532784	0.2437872844885629
0.4922252834317524	0.27676524117831436	0.23100947538993333
0.4744720481075002	0.2775571253226166	0.2479708265698833
0.4854321698092998	0.2768779659592323	0.23768986423146796
0.4834701569570474	0.28379787477681273	0.2327319682661399
0.47846804757577377	0.26762155289242084	0.25391039953180544
0.47819551679077577	0.2849034235737086	0.23690105963551575
0.4828369208943256	0.2747549173560486	0.24240816174962587
0.47823159145510563	0.2734167723969271	0.24835163614796735
0.480246685602786	0.27751773679830405	0.24223557759891007
0.48832942384518596	0.2668365819434473	0.24483399421136687
0.4842191790859815	0.2840964582926508	0.2316843626213678
0.49032056717239914	0.27929487651979257	0.2303845563078084
0.4875599488724383	0.2697470747075647	0.2426929764199971
0.4743469131358941	0.2824735414177425	0.24317954544636347
0.4755214075828771	0.28137139013757995	0.24310720227954302
0.49325402120678724	0.26857517200305425	0.23817080679015862
0.4816294951270498	0.266005160793215	0.25236534407973527
0.4800822116560771	0.27156976035404545	0.2483480279898776
0.4789382638309517	0.2749205330071472	0.24614120316190122
0.4847988764909464	0.2661680786825067	0.24903304482654703
0.48437241293376154	0.2734390091371517	0.24218857792908682
0.48925397482311433	0.2717315102049298	0.23901451497195594
0.46998429549792653	0.2810250976858368	0.24899060681623675
0.4761410643581994	0.2771007557074814	0.2467581799343193
0.47871328207619257	0.28157584625554066	0.23971087166826682
0.48598927440431405	0.28163307071560145	0.23237765488008458
0.48646073495973263	0.27705579593584806	0.23648346910441936
0.4803649601814538	0.28209876238291537	0.2375362774356309
0.483513882682963	0.273342417358	0.24314369995903706
0.4793305645513728	0.2665089156180437	0.2541605198305836
0.483491369741577	0.270380391483155	0.24612823877526807
0.4893068087367429	0.28119407667595947	0.22949911458729771
0.49030840252652724	0.26834535026086687	0.241346247212606
0.47468934290451603	0.2824339432390733	0.24287671385641077
0.48851340840496704	0.27114182718697627	0.24034476440805677
0.47979683271434104	0.2679130482666687	0.2522901190189904
0.46857877796856706	0.27945780028982353	0.2519634217416096
0.47764005495573403	0.2789420115206938	0.24341793352357227
0.48909919303703997	0.26981104893485436	0.24108975802810578
0.46834363193536355	0.2824419254801933	0.24921444258444325
0.4843272324707927	0.27864693537924046	0.237025832149967
0.47164883516783146	0.2777676730571359	0.25058349177503275
0.4782686377117956	0.27955235106543685	0.24217901122276764
0.4905495841274145	0.2715758776489162	0.23787453822366939
0.48745935986436595	0.2781245607177173	0.23441607941791687
0.4779584681876391	0.27867771127457963	0.24336382053778138
0.4723601147983368	0.27614060146573693	0.2514992837359264
0.4702486271974591	0.2800638716037126	0.2496875011988284
0.47454372682603174	0.27240320699409454	0.2530530661798738
0.4779484583306154	0.27855434117507716	0.2434972004943075
0.4745252922611564	0.2706730186726419	0.2548016890662018
0.4891983997379555	0.26687525301821313	0.2439263472438315
0.4689636426739969	0.2840483193596244	0.24698803796637875
0.4698553821768042	0.2774447224799296	0.25269989534326637
0.47953550083920227	0.26649046246374186	0.2539740366970559
0.46958280811343256	0.2800087015320396	0.25040849035452795
0.47655434750259595	0.2744681385488221	0.24897751394858209
0.4803595725526517	0.2797765632566066	0.2398638641907418
0.48614012925529015	0.2689992201372082	0.24486065060750178
0.4701222513633596	0.27533881943249755	0.25453892920414295
0.4750749114334399	0.28413473932384536	0.24079034924271486
0.4903294423217059	0.26675534046356175	0.24291521721473247
0.4949573272192987	0.27483313826301253	0.23020953451768889
0.4789038324873125	0.27039030451680957	0.25070586299587805
0.4806702618143027	0.2798476502713645	0.23948208791433284
0.4883326248525643	0.2690972494967091	0.24257012565072675
0.4754725771666918	0.2669061449387523	0.25762127789455597
0.489751497998987	0.2693711221676783	0.2408773798333348
0.475536593514111	0.2668357904252487	0.25762761606064044
0.487223076210586	0.2784036249398412	0.23437329884957284
0.4842527656411609	0.27475777935742224	0.240989455001417
0.48104338809393066	0.27029148025674726	0.24866513164932216
0.4800873256934559	0.280438928209348	0.2394737460971962
0.48839818359115156	0.2679728345802401	0.24362898182860848
0.476271572792651	0.28233874406943016	0.24138968313791898
0.4749325671850801	0.27906206256572286	0.24600537024919716
0.49124157197079144	0.2706835451347374	0.23807488289447126
0.4714147087935118	0.2848192803106756	0.2437660108958127
0.4866112279944176	0.27578819888009165	0.23760057312549088
0.4866968993763272	0.26662968087821987	0.246673419745453
0.4775863447401168	0.26857952493239684	0.2538341303274865
0.49073952477238714	0.26753960705746477	0.24172086817014815
0.4880410996406835	0.2735263339035578	0.23843256645575883
0.48965429693611856	0.27116739425973957	0.23917830880414198
0.4734741613987263	0.2751783869813455	0.25134745161992833
0.4932519406824681	0.2731746844281543	0.23357337488937774
0.47656874315192277	0.2847885887904342	0.23864266805764306
0.490707731384012	0.27316960171883503	0.23612266689715308
0.48165856637361776	0.28220133566798844	0.23614009795839389
0.47860016049893045	0.27310970440807514	0.24829013509299455
0.4805781609890636	0.2787077557310159	0.2407140832799206
0.4876436867900452	0.27170212625814566	0.24065418695180923
0.48570142855799303	0.2711241841518348	0.24317438729017224
0.49323407382353873	0.27549584906232183	0.23127007711413952
0.4765001030044297	0.27871698961466307	0.2447829073809074
0.4886202143398044	0.2726889203077968	0.2386908653523989
0.48550380203686994	0.28219791016019663	0.23229828780293355
0.47198352711471536	0.2840707867227844	0.2439456861625004
0.4704709929083323	0.28191512434837296	0.24761388274329482
0.49303416933508887	0.27278420153559574	0.2341816291293155
0.48816092176929604	0.2717806473097455	0.24005843092095858
0.4920143899321021	0.27180127102353213	0.23618433904436592
0.47583159175659623	0.2680982305937727	0.2560701776496312
0.4816445798245336	0.27329426455826195	0.24506115561720454
0.4860955913194571	0.2832780595413684	0.23062634913917457
0.48317462484951706	0.27728702536656596	0.23953834978391705
0.47787740788778643	0.28116982056157763	0.24095277155063607
0.47366389270632825	0.2733846120631548	0.252951495230517
0.4697893582585275	0.2769307971436238	0.2532798445978488
0.49125769918836987	0.2762049749273397	0.23253732588429052
0.4925457771124535	0.26730982664942626	0.24014439623812034
0.48233941457796214	0.2725877953768087	0.24507279004522922
0.47677860367961467	0.2845691527551427	0.23865224356524267
0.48360391285798715	0.2738689371921592	0.24252714994985375
0.4849426439270887	0.27872848200879075	0.23632887406412068
0.4870642986207232	0.2747060178693452	0.23822968350993173
0.49260049769184944	0.2726295284104695	0.23476997389768112
0.4765293892361709	0.2805672100643006	0.24290340069952865
0.47619813598930294	0.2708820958736993	0.2529197681369979
0.468348506838692	0.27408334875015683	0.2575681444111513
0.4737661850429854	0.2740106198006604	0.2522231951563543
0.46981517534559913	0.2777747692825082	0.25241005537189276
0.4847075635067727	0.28379016460906387	0.23150227188416359
0.48912090271741543	0.27996387776781634	0.23091521951476834
0.4809938621787673	0.2699791093120884	0.24902702850914438
0.47605633170688144	0.2758953201473962	0.24804834814572246
0.49062302936865265	0.26605907745483587	0.24331789317651153
0.4786088519167085	0.28125042161613617	0.24014072646715545
0.46872118836928917	0.2771080491718092	0.25417076245890174
0.4931685659137688	0.269652929056889	0.23717850502934235
0.4867534040888568	0.2719928530720898	0.24125374283905346
0.49269176997622566	0.273405820019538	0.2339024100042364
0.4860867128718778	0.2835777156148329	0.23033557151328934
0.4829173642931101	0.2803569188432483	0.23672571686364163
0.4799930129966157	0.2768836669417023	0.2431233200616822
0.4801472392766517	0.28075124189127326	0.23910151883207517
0.48400768778695896	0.28195887983515827	0.23403343237788288
0.47785739329791754	0.2714764946284304	0.25066611207365214
0.4695098252785428	0.2821180951977169	0.2483720795237404
0.47953392872523287	0.2669344068950538	0.2535316643797134
0.48671643098092643	0.27536166162593856	0.23792190739313512
0.48623723984680695	0.278400929578683	0.23536183057451016
0.47222050165144613	0.28304877449245036	0.24473072385610367
0.48321797996681076	0.2773745569781784	0.23940746305501093
0.4768776581016794	0.26646337939951414	0.25665896249880654
0.47320909665668964	0.2719181028709686	0.25487280047234184
0.48155392465512753	0.27938287627066993	0.23906319907420265
0.4803982376025496	0.27059118680220007	0.2490105755952504
0.47516864995325986	0.26839155045361807	0.2564397995931222
0.47769541661330656	0.26655065314570625	0.2557539302409873
0.4880365877591698	0.2670398450426887	0.24492356719814162
0.4855988832431795	0.28462315556686973	0.22977796118995086
0.4775623716570736	0.27563040228113433	0.2468072260617922
0.4795929096099265	0.2802338153349482	0.24017327505512537
0.48805228650600546	0.27541887878116134	0.2365288347128333
0.480415401610163	0.27406911622272156	0.24551548216711555
0.4931096529457131	0.2691297059965805	0.23776064105770656
0.4901484243726382	0.2672369382919054	0.24261463733545646
0.47025594775216184	0.28314961205975603	0.24659444018808224
0.48663426941504706	0.2745245644190547	0.2388411661658983
0.47666554560326524	0.27190651655603687	0.251427937840698
0.49272080422189685	0.26631285575970703	0.24096634001839623
0.4866722039576691	0.276863651629781	0.23646414441255004
0.47279643592015963	0.2812786709170605	0.24592489316278
0.4760938839751941	0.2814623000379178	0.24244381598688824
0.47858950728403726	0.27439727790965723	0.24701321480630556
0.46996278951352455	0.27965130293597107	0.2503859075505045
0.47523445017305826	0.2821393491647277	0.24262620066221413
0.47628025709691424	0.273048324381232	0.2506714185218538
0.4850032730245719	0.28482929719033856	0.23016742978508964
0.472065630146667	0.2846720724504306	0.2432622974029025
0.48215219922880453	0.2769155432163388	0.24093225755485675
0.48689007879460616	0.2787241471827393	0.23438577402265465
0.49082033960925964	0.2784638602988176	0.23071580009192288
0.46956038561123464	0.27449052803269114	0.25594908635607433
0.4922902965137075	0.2694815911773919	0.23822811230890073
0.49120419064824716	0.2682093313767775	0.24058647797497545
0.47767553813251673	0.2760365829403466	0.24628787892713672
0.48045122391462786	0.28213069160479104	0.23741808448058122
0.48602057700124396	0.2804906871729032	0.23348873582585294
0.47118315669632105	0.28496295912929553	0.24385388417438353
0.47271326772840183	0.28009364010451526	0.24719309216708304
0.47603846311315245	0.26746536245833274	0.2564961744285149
0.48828224592728464	0.2807132668067601	0.23100448726595535
0.476038749805334	0.2723615903904642	0.2515996598042019
0.4937524603356614	0.2706593012696953	0.23558823839464343
0.4924179921110466	0.27644163423510915	0.23114037365384435
0.49465432305588464	0.270196247503102	0.2351494294410135
0.4798697988549371	0.2728206544080242	0.24730954673703878
0.492419226259312	0.26638132888041843	0.24119944486026965
0.4753403941479837	0.27939093806689996	0.24526866778511647
0.4915417576343523	0.27042449239728217	0.23803374996836557
0.46860329133820977	0.2786067509015553	0.25278995776023505
0.48325798996043906	0.2839783186538961	0.23276369138566497
0.4699160554525187	0.28171563418355994	0.2483683103639215
0.49055165570395587	0.27025251413573065	0.2391958301603136
0.4761705981716523	0.2728392365455504	0.2509901652827974
0.4793254302755726	0.2665910951028565	0.25408347462157094
0.4771076296293405	0.2693050206763471	0.2535873496943125
0.4788365459800309	0.27198059973265676	0.2491828542873124
0.47283356644020846	0.28110787177930346	0.24605856178048816
0.4937594589020097	0.2702404413357796	0.23600009976221084
0.48087421230672467	0.2782311351174416	0.2408946525758339
0.48848619865917514	0.27689254630816496	0.23462125503266001
0.4683395500473509	0.27763427863656304	0.2540261713160862
0.4853938126173218	0.271444926194533	0.24316126118814535
0.47808398844966365	0.27791949803883303	0.24399651351150342
0.47861024643807915	0.2755106545632075	0.24587909899871344
0.48384297494369527	0.2757771846136427	0.24037984044266214
0.4811160210106244	0.28225996044034884	0.23662401854902687
0.4906760168655015	0.2705897261036472	0.2387342570308515
0.4909903840536463	0.2688164882893694	0.24019312765698442
0.481565619182833	0.2678743066172331	0.250560074199934
0.4769342515024239	0.279517242759716	0.2435485057378602
0.4708922495621337	0.2824452042636777	0.24666254617418867
0.4847827093346352	0.2761981688964646	0.23901912176890033
0.4794751408166617	0.27702235500139066	0.24350250418194774
0.48627741167659355	0.28047514497243126	0.23324744335097525
0.4947911726194315	0.2718206611391027	0.23338816624146586
0.48647758461079904	0.2754501613825857	0.2380722540066153
0.4929408398346751	0.2708622706775236	0.23619688948780138
0.47146136353714097	0.2770030868757357	0.25153554958712343
0.48925899950945734	0.2716899838723423	0.2390510166182005
0.4733708840812516	0.26942012814481037	0.25720898777393814
0.48127920487303966	0.27842281306158473	0.24029798206537575
0.48657820956403847	0.27279953655056044	0.24062225388540123
0.4764469502882307	0.26785555706108577	0.25569749265068364
0.47535886017607354	0.2847637551692742	0.23987738465465236
0.49294054543793486	0.2761801921588068	0.23087926240325846
0.48644852826589163	0.2697401341095557	0.24381133762455276
0.49339060406083396	0.27105108256712185	0.2355583133720443
0.48780423338635626	0.276697689711209	0.23549807690243488
0.4866592202149937	0.26837007270441887	0.24497070708058752
0.4910445098548592	0.2776919369856186	0.2312635531595223
0.49168074831797315	0.2690386897590567	0.23928056192297023
0.4880057551268163	0.28234974903370963	0.22964449583947413
0.4728725572963087	0.2762467965651026	0.25088064613858874
0.47926132963752754	0.2687712545166553	0.2519674158458173
0.48121148050328383	0.26710505997763234	0.25168345951908394
0.47386242912889853	0.2700543362399674	0.2560832346311342
0.46981052527607553	0.274446163300926	0.25574331142299855
0.4719410785718676	0.2823162016506239	0.24574271977750858
0.49290088702172435	0.2747815730915744	0.23231753988670134
0.46870576212239484	0.2768558324708809	0.25443840540672436
0.48300281009082247	0.2798085412489428	0.2371886486602348
0.47534949862752385	0.2804947673579293	0.244155734014547
0.4855164290034406	0.2667378835690201	0.24774568742753933
0.48105718162267586	0.2750454762901597	0.24389734208716457
0.49037202340343705	0.2670208046051894	0.2426071719913737
0.49019785824442763	0.275894647117913	0.23390749463765947
0.47224217565897486	0.27740956081562024	0.25034826352540507
0.48507452693809594	0.28160060503373036	0.23332486802817382
0.47207451344971174	0.2751031137899091	0.2528223727603792
0.47942615166867175	0.26798176658836403	0.2525920817429643
0.4830953390321336	0.27459045943349825	0.24231420153436828
0.4681974984122791	0.28136593756651174	0.2504365640212093
0.4832895872875219	0.2712016229234929	0.24550878978898522
0.4787976853090933	0.28008702401431945	0.24111529067658743
0.48054759345104003	0.26982569504052667	0.2496267115084334
0.48294110143853647	0.28351975600491364	0.23353914255655
0.49210464693940453	0.26953765601121743	0.23835769704937812
0.48234567045342525	0.27669688271313847	0.2409574468334364
0.49294441861006283	0.27281203848481284	0.23424354290512445
0.49287972696090376	0.2713167921927963	0.23580348084630004
0.4882681987909495	0.26619843152953937	0.24553336967951117
0.49185647277985767	0.27532174206873083	0.23282178515141158
0.4832459894372074	0.27827255702853376	0.23848145353425892
0.4842968100521108	0.28361613905873706	0.23208705088915227
0.4937339808886162	0.2703355928904665	0.2359304262209174
0.4743164957957172	0.2744328557361872	0.25125064846809564
0.472307554361313	0.28487591943619206	0.24281652620249505
0.4951815345379302	0.2677831203405759	0.237035345121494
0.48158860295074135	0.2736612404572326	0.24475015659202615
0.47958342567389783	0.27629473801972165	0.24412183630638062
0.4847093598599509	0.2843636090140788	0.2309270311259704
0.4776249974967179	0.27744279586284865	0.2449322066404336
0.48521613793385954	0.2742788658108658	0.24050499625527474
0.47858775774140905	0.2836453034419747	0.23776693881661634
0.4805071962188655	0.2662135813528637	0.25327922242827083
0.4807635653656611	0.2780386355038042	0.2411977991305348
0.48502167946776065	0.2665263235921032	0.2484519969401362
0.47388289396062194	0.27137653783161747	0.2547405682077607
0.4890868481436206	0.26907386823826007	0.2418392836181195
0.48732578050613884	0.2807334885156379	0.23194073097822338
0.4923668924693467	0.2689916649143252	0.23864144261632825
0.47257822861322923	0.28193010442509464	0.24549166696167624
0.47570158499040766	0.2665663259575732	0.2577320890520193
0.47785455990195597	0.2753189440477499	0.24682649605029425
0.48401148231800895	0.2730358782877694	0.2429526393942218
0.48042882617277516	0.2717402529311461	0.24783092089607883
0.47106428559684366	0.2796030657470243	0.2493326486561322
0.4684956786323956	0.27891055080354266	0.2525937705640619
0.4887078187201964	0.2811844094671794	0.23010777181262432
0.49374033946564333	0.2739866587211368	0.23227300181321997
0.48576629218501477	0.2822740715940833	0.231959636220902
0.4865609547762532	0.26855432742273255	0.2448847178010143
0.47370572490699514	0.2709612164710424	0.25533305862196254
0.4928131849666225	0.26633322119837843	0.24085359383499913
0.49038802754267835	0.2747503148439937	0.23486165761332806
0.4719631491048215	0.28067209424413847	0.24736475665104013
0.4753965490554278	0.2732177175467081	0.25138573339786424
0.47647534830957083	0.2772024333940101	0.2463222182964192
0.48278991136946303	0.2840750061855749	0.23313508244496212
0.4754049734625644	0.28013177900270897	0.24446324753472676
0.4729484977464219	0.2836390570614158	0.24341244519216246
0.47900568210768507	0.2734967874867542	0.24749753040556083
0.4935654404697918	0.26742454790067893	0.23901001162952937
0.47230952479237076	0.2727118859588812	0.2549785892487481
0.47961871148251933	0.2835111200200294	0.2368701684974514
0.477030902466787	0.27300394063082045	0.24996515690239268
0.4832511230596474	0.2701157315469356	0.24663314539341713
0.4863143950140798	0.2721577460921777	0.24152785889374262
0.4841895427043219	0.2667771382675376	0.24903331902814063
0.4700794730087355	0.2828661757549986	0.24705435123626598
0.4696174514615484	0.28380635056869263	0.2465761979697591
0.48627539471042047	0.2800490324032392	0.23367557288634044
0.486106403399363	0.2682451309701723	0.24564846563046483
0.47990503417621505	0.27004350905014857	0.2500514567736365
0.4858625547320713	0.2661076056737944	0.24802983959413447
0.4800106457403821	0.27291501891217446	0.24707433534744355
0.48047041991312583	0.2799244175395768	0.23960516254729744
0.48718195681978643	0.27912161597318785	0.23369642720702583
0.4869388065036241	0.2736797135846015	0.23938147991177447
0.487010335622178	0.2835380062790188	0.22945165809880325
0.4782383826922946	0.2719705884717503	0.24979102883595522
0.4880945465764953	0.2801001528942966	0.23180530052920817
0.476886711069957	0.274286983636491	0.2488263052935521
0.48666024990992907	0.2688901567684455	0.24444959332162552
0.48412565674025393	0.2756483774290161	0.24022596583073003
0.4856048936824322	0.2788198837158319	0.23557522260173597
0.469944924781682	0.28433821658191105	0.24571685863640708
0.484997099928962	0.2842807404915158	0.23072215957952233
0.47980639600965014	0.27516479821283296	0.245028805777517
0.4842251908842348	0.2844754809559019	0.2312993281598634
0.4704343931280195	0.2725748460684142	0.2569907608035664
0.4734148779990507	0.27789174892333146	0.24869337307761796
0.47329828404771457	0.28119203451372693	0.2455096814385586
0.47175147203844614	0.27266779443558375	0.25558073352597016
0.48173645673204524	0.2838036619241933	0.23445988134376156
0.4856608707586251	0.27080716194458176	0.24353196729679327
0.47080914339105756	0.2725384995804265	0.2566523570285161
0.48249534840688857	0.2844819381014644	0.2330227134916471
0.4882616834263387	0.2792526309040755	0.23248568566958594
0.4947501823926524	0.27575276416383593	0.2294970534435118
0.4831417502809806	0.27900388577250007	0.23785436394651946
0.47052558491871854	0.274070646149901	0.25540376893138056
0.4801342713722857	0.2834318228555804	0.23643390577213397
0.47393854645439487	0.2840040244353728	0.24205742911023242
0.47727849871155564	0.26760611418511215	0.2551153871033323
0.47075240584654027	0.283513325084933	0.24573426906852686
0.4780139203192518	0.28409153604801446	0.23789454363273388
0.4804640926888524	0.28418829580620963	0.23534761150493813
0.4691068509544323	0.2813998297899932	0.2494933192555746
0.48212941138326887	0.2684702518546242	0.24940033676210704
0.48182661561366363	0.2829926747447495	0.23518070964158697
0.481391210105262	0.2739597905308032	0.24464899936393494
0.494518556209126	0.2701994836157787	0.2352819601750954
0.4743467850380678	0.2847311448416898	0.24092207012024247
0.47454174107925495	0.27153787207313795	0.2539203868476072
0.4829242869887357	0.2672524842830009	0.24982322872826349
0.4878920011446436	0.27467486727349194	0.2374331315818646
0.47692582158396957	0.27310691929632136	0.24996725911970918
0.4792136810411094	0.2701582633867745	0.2506280555721162
0.4707128963897561	0.2824802001398631	0.24680690347038092
0.49301181760024193	0.27445888770933663	0.23252929469042155
0.47967108421022336	0.27944990891389027	0.24087900687588648
0.47977299752415226	0.2667527798652423	0.25347422261060554
0.4910426460301869	0.27878987026927454	0.23016748370053866
0.46931472827941023	0.2812276209610328	0.24945765075955706
0.4943589901174642	0.2760587125682611	0.22958229731427482
0.4823658046519782	0.2758062654331948	0.2418279299148271
0.48472096587876035	0.2661124379988019	0.24916659612243783
0.4888090395487722	0.2748422177490738	0.2363487427021541
0.47181605291532536	0.28302577164222836	0.24515817544244636
0.48533418900708414	0.2761323834106259	0.23853342758229007
0.4918845851934526	0.26977011238812165	0.2383453024184258
0.4892036264436758	0.2726350922073661	0.23816128134895823
0.49416219915842824	0.268303692066149	0.2375341087754228
0.4851015824055867	0.27573007261661925	0.23916834497779416
0.48471430829659085	0.27809812543443985	0.23718756626896945
0.4716122954156331	0.2822562705165718	0.24613143406779517
0.49004891239877313	0.2772770810251819	0.2326740065760451
0.47376063976338945	0.2734844529498086	0.25275490728680206
0.49017675203440897	0.2792039938762533	0.23061925408933784
0.4746280882004515	0.2706544272719773	0.2547174845275713
0.48451564536865416	0.27742359356237756	0.2380607610689684
0.49096483339210395	0.27438518910204773	0.2346499775058484
0.49329959182607763	0.2710773930797604	0.23562301509416206
0.49217409852928096	0.267271358178092	0.24055454329262715
0.4775326150782188	0.2676239255286268	0.2548434593931545
0.47162999475933776	0.27477943405249067	0.25359057118817163
0.48037506136771574	0.2668544433785286	0.25277049525375583
0.4753654578923774	0.28043962729692995	0.24419491481069275
0.49326833062032	0.2713007100006294	0.23543095937905073
0.47739403753627807	0.2819731376684629	0.24063282479525916
0.4830699518333277	0.27047119323679186	0.2464588549298805
0.4735986638414256	0.2840722368729418	0.24232909928563268
0.48182919670690394	0.2846407755341888	0.23353002775890735
0.488900971641715	0.2778265428575356	0.23327248550074955
0.4796155959127344	0.27672983170924625	0.2436545723780194
0.49206173386225377	0.2721645540059679	0.23577371213177845
0.48357424083454925	0.27916391139277236	0.23726184777267853
0.484899293496531	0.2824974703575401	0.23260323614592904
0.4810896755761719	0.2722938863314547	0.24661643809237352
0.4886606393638977	0.27949403788813504	0.23184532274796738
0.47308417999482877	0.26920810750459223	0.25770771250057906
0.47595368800198173	0.2820595453358702	0.2419867666621482
0.4763154192021677	0.2663729247135869	0.25731165608424555
0.48159170747327334	0.2757472449286799	0.24266104759804683
0.46927584685919466	0.2824916556081517	0.24823249753265372
0.48317434994748487	0.2833838654989411	0.23344178455357417
0.48318366562817405	0.27896319888426374	0.2378531354875623
0.4690569222755102	0.28240763636175314	0.2485354413627367
0.49342051180467367	0.27505824565783005	0.2315212425374964
0.4833340182546898	0.27971858357505247	0.23694739817025784
0.472319640241061	0.27405929405931795	0.2536210656996212
0.4832564155672267	0.2747439508954416	0.24199963353733178
0.4895045915418964	0.2801294184744326	0.23036598998367108
0.4941619023364527	0.27361975527363613	0.2322183423899113
0.4887387274210009	0.2696255653654042	0.241635707213595
0.4717040251504773	0.28226458769035095	0.24603138715917183
0.4726867318560968	0.2772921465973974	0.2500211215465059
0.4801980742545226	0.2783411083804016	0.24146081736507588
0.4739998259701018	0.28157337202591115	0.24442680200398711
0.4777111248340324	0.26612588764148903	0.2561629875244787
0.4785015099406724	0.27279372885635483	0.24870476120297286
0.4844058579819157	0.2844859602493069	0.2311081817687775
0.48002387795004375	0.26590733540825445	0.25406878664170185
0.4740017487063846	0.2762214275913896	0.24977682370222587
0.481787119524165	0.2848867747665259	0.23332610570930923
0.49187126981987234	0.2765144289467677	0.23161430123336008
0.4883435114098506	0.2752338461275374	0.23642264246261213
0.473830784395194	0.27330331603753166	0.25286589956727445
0.48225255249630006	0.2757159244900941	0.24203152301360595
0.4711725282687793	0.2832703310000502	0.2455571407311706
0.4827368524253367	0.2681792038271929	0.2490839437474705
0.47663327488837065	0.2828155979059705	0.24055112720565897
0.47765949978907773	0.28451645915797336	0.23782404105294896
0.48732182190629225	0.2771695938090829	0.23550858428462496
0.4773290454651763	0.2792306469581328	0.243440307576691
0.4888504206794808	0.2775220241315387	0.23362755518898065
0.4827673376263831	0.2739989700041673	0.24323369236944972
0.48782102322155996	0.28029657199857666	0.2318824047798635
0.48347459949218885	0.2844508346574618	0.23207456585034947
0.4781203296952078	0.267307598837558	0.2545720714672343
0.4836053631142909	0.2780692629165038	0.23832537396920536
0.4846582885050554	0.2803199647434014	0.2350217467515434
0.4799320438016311	0.2774535591895557	0.24261439700881327
0.47306972130923675	0.2790944135855338	0.24783586510522954
0.46925625909937585	0.28048605966802836	0.2502576812325959
0.47391732790776997	0.27306842300836864	0.2530142490838615
0.47666384808610057	0.2754946531808774	0.2478414987330221
0.47291915197847806	0.27218876570445955	0.2548920823170625
0.4797131028474665	0.2808202283509685	0.23946666880156514
0.47942012781310583	0.2705000483773077	0.2500798238095866
0.48836407741246723	0.27876151683045536	0.23287440575707752
0.47723031121166365	0.26856037576254077	0.25420931302579564
0.4839317834935731	0.27275925489858716	0.24330896160783988
0.4686070092764557	0.27526864766638187	0.2561243430571626
0.4850552276793524	0.2829221278372807	0.23202264448336704
0.474939881814627	0.2835980312392797	0.24146208694609347
0.4839314322532146	0.28326872805542286	0.2327998396913626
0.4854436864845669	0.2678429470652303	0.24671336645020284
0.47709167629746035	0.27766476268678275	0.245243561015757
0.47241748053868554	0.2760080528684742	0.2515744665928404
0.4747261401268096	0.27227485064924256	0.252999009223948
0.4727366437467036	0.27254663606404234	0.2547167201892542
0.49462539906824526	0.2705622306269443	0.23481237030481056
0.4767439353230106	0.2701848663091336	0.25307119836785597
0.48878637864946173	0.27051662476800536	0.240696996582533
0.48485418565191024	0.2770198375487282	0.23812597679936162
0.4827667651365665	0.28485500714263634	0.23237822772079725
0.47199920124001654	0.2737999199302979	0.2542008788296857
0.47453455588013516	0.26900771044233174	0.2564577336775333
0.4837546849775771	0.2765473207813679	0.2396979942410551
0.47815743965976903	0.26777179073877944	0.25407076960145164
0.48521073416072535	0.2694899086903906	0.2452993571488841
