0.13804112198545884	0.03654661589339828	0.16410338735393454	0.07421030784456245	0.08155378169463233	0.1864114353649004	0.10133332313751084	0.05596639145238483	0.031619441897999104	0.1302141933752183
0.15164026028349858	0.020624334811526562	0.12391499897608638	0.11047091250821875	0.08868855548605051	0.17769118075088608	0.09394532803239593	0.0619828200819228	0.04044298611209781	0.13059862295731647
0.14158457001140137	0.04799891354128197	0.1884564057390713	0.041117372087902004	0.07322268747555007	0.1841798347737833	0.09778117304832859	0.05784705623727979	0.028445234273332898	0.13936675281206864
0.13673908156421274	0.018493997598527837	0.14996046200680388	0.12233786426507857	0.0707507014477593	0.16027949364557045	0.09578504545223569	0.06198671380958869	0.04779889693419692	0.13586774327602583
0.0603609815172215	0.07251974968162425	0.16188084469219807	0.08178201155587396	0.08409186338200039	0.18673189514085803	0.10611537353059161	0.05319013301834412	0.048964673188038634	0.14436247429324944
0.08017835093725326	0.023794814065616204	0.2122210869049202	0.1335227565374997	0.06195482631481605	0.17643825162560217	0.09078712109997765	0.06380016629014963	0.031630593308311264	0.12567203291585383
0.1285900080214297	0.05907640171512537	0.1998721042707164	0.03474121405030843	0.062269580143415354	0.18802599743825674	0.10135378294013678	0.05789065682009643	0.03697166478592652	0.13120858981458822
0.129164010644771	0.11142530811790978	0.10469118025311659	0.09778945125048424	0.0668400955970455	0.17954930844469263	0.10387399814657933	0.05653384535204476	0.02796800918300854	0.12216479301034755
0.12286873771482228	0.07045558562134446	0.11212061828102528	0.10873685421571826	0.0704609148939362	0.19260636696870853	0.09251330512275009	0.06297510365172676	0.04596664714142861	0.12129586638853948
0.10710317137626056	0.04818840414127724	0.11774822906903754	0.1470208569548021	0.08268635385867615	0.1707617670825436	0.09087933723573048	0.06261473296870529	0.04817792387565757	0.12481922343730942
0.2104950515736937	0.09084389842324786	0.06957431986014008	0.03973723369336938	0.07811927896456079	0.17348613823010936	0.10490591230349262	0.06126613356972195	0.042716663275393266	0.12885537010627082
0.18094849248668976	0.07155819460415697	0.055142854827285495	0.12736363140455592	0.07465450113748166	0.17000113324987207	0.09886564539476907	0.054431848395529066	0.03499354209103063	0.13204015640862926
0.23455466416796117	0.010791941992059045	0.1374422662072287	0.06309275578536783	0.07688429079603291	0.1645241912601175	0.09685735921057646	0.05355541965417348	0.034275901390790633	0.12802120953569207
0.26138786352878796	0.011844122824615597	0.0769578975618301	0.09503420973908304	0.06343158190142782	0.15918470763589274	0.09452574785039365	0.06038857170015614	0.03115876386235801	0.14608653339545477
0.2528562941653135	0.0378311235819017	0.05944930923050568	0.05241721490516995	0.079265016899987	0.18729846931605976	0.09197073816645093	0.06193851314858896	0.03587134604676548	0.14110197453925682
0.2213574844233157	0.02649316618556849	0.09564728229498795	0.06254503003157633	0.08874728143838592	0.15877918085159898	0.098505955617965	0.06149793597670817	0.04506546185531269	0.1413612213245806
0.10834349741625063	0.09398385553139252	0.06540914206687459	0.14487928839207836	0.07064987196893618	0.19025152617328006	0.08871144243821028	0.05682107554927401	0.04060406130863133	0.14034623915507202
0.10814405605026946	0.07588831904817843	0.10554495375283456	0.11475938384443812	0.08362082468373762	0.17535546485730058	0.09634338137092874	0.05565948788115426	0.0394796597833136	0.14520446872784457
0.11326133265250378	0.04011201347850339	0.20065510684796312	0.06766090053648463	0.08456812816312229	0.161636953747257	0.10023312899301375	0.05833736163198959	0.03020434468034071	0.14333072926882168
0.1655587411114125	0.12847119912452162	0.048073572976711	0.09439148764699666	0.08640130869850914	0.16001324129870087	0.08775195150450193	0.062265923695091645	0.037938815967364724	0.1291337579761898
0.021639556198665325	0.10035632931335901	0.20350583845424294	0.09558724894184774	0.06278346868579715	0.171379527220591	0.1063103437074062	0.06062344703932962	0.04974732831273024	0.12806691212603077
0.02584718830877336	0.059040270821008656	0.20918993815427492	0.1330790316834044	0.07967186813779921	0.16259102696670308	0.09420624083231995	0.05332101557601872	0.04899713698042284	0.1340562825392749
0.04111393802815158	0.08610744818999083	0.2634241093472029	0.03649543835210185	0.0705117674200684	0.16061215966365192	0.0985998959648588	0.060228932380097334	0.04347348907314644	0.13943282158073
0.08204757086941752	0.01994580001847074	0.15292434243991643	0.1465303197711315	0.07313715408437726	0.1808286520273905	0.10187069936636833	0.057523523337946705	0.04305548262973724	0.1421364554552437
0.043306643429883815	0.08546346671467143	0.22233093370136675	0.06293388432023772	0.06802778473357471	0.1871949106656727	0.09593672476292495	0.0629166644358014	0.04315528074246535	0.12873370649340113
0.07216354497711794	0.12595513203080005	0.11144961161966929	0.12524214512300005	0.06874904198258532	0.18283056881367737	0.08779298666364088	0.06187477245739223	0.031725177439779234	0.1322170188923376
0.15924701037580086	0.07974340759990933	0.09988229694199081	0.09106956600651263	0.06699720795725879	0.1875362641621663	0.08945869387641762	0.05481770398365072	0.04824064756294991	0.12300720153334288
0.17229593210062139	0.09313035621322148	0.04784031379053892	0.11140713552108172	0.08884897006302583	0.1660235362892512	0.0985618277511163	0.05350087764744514	0.030529199360547418	0.13786185126315048
0.15684982064668526	0.1109642676839888	0.06537906264606622	0.07447959299146599	0.08132586473085293	0.17893384392842016	0.10337735524865288	0.0576135045228934	0.045223883260447816	0.12585280434052637
0.1845854164285632	0.009993162414414974	0.0872169004422253	0.14363925504288846	0.08798780965156329	0.15849929591954237	0.10553558873327826	0.05616277167584257	0.04285060997203231	0.12352918971964913
0.07555326503307523	0.10619922892781389	0.10935993348621431	0.14935123259024372	0.0697717557305255	0.17013044369858815	0.08815586392822401	0.05838979860108055	0.04382973573852497	0.12925874226570963
0.16583616181738153	0.04582862756488629	0.09710915433787458	0.13256072581420725	0.07307226470054982	0.18287654841347706	0.09040172017656914	0.05661526437879422	0.02817270938549564	0.1275268234107644
0.19114530910598038	0.0790020122407719	0.10058533875935213	0.05389805443277709	0.07079201492338569	0.1670937681564072	0.09408106455418185	0.06251638718604655	0.0501465626296754	0.13073948801142163
0.07163783191647788	0.048838592752564365	0.2107587751886516	0.0884203355473591	0.0629910947013057	0.1821194251878738	0.0944441631638311	0.05804949250519239	0.04603834300747791	0.1367019460292661
0.08580777720470856	0.06484273988220288	0.1813999087393453	0.10131314237746905	0.061581864746139935	0.1856407360375536	0.09501946359182176	0.06116419311859552	0.04263424667204043	0.12059592763012295
0.13191817982680035	0.06684323547177287	0.1508856241301223	0.06469149550018813	0.07317648694645124	0.17003792557517605	0.10503847605193513	0.05924605739317427	0.034185283686888446	0.14397723541749113
0.06893294865986314	0.04549644529198766	0.16613142737700923	0.12714682821960266	0.08481847689985081	0.17490463180213278	0.10276692762499719	0.05557737842298771	0.038704811988647427	0.13552012371292144
0.08424703739287123	0.10909736161608578	0.06016123289642074	0.15745855076638882	0.07289424744684951	0.1912057267151694	0.09432274309706838	0.05292037907873369	0.03567511392816759	0.14201760706224478
0.13179719600722883	0.025019304504182924	0.17259478423666402	0.061338332634550206	0.07581549869027689	0.1838891162182531	0.10234793900851039	0.05767199905683976	0.04583249416943207	0.14369333547406174
0.08414433203969708	0.11140585926578216	0.09323493599590009	0.13778889422929652	0.07311296449720663	0.1742602365445879	0.09435801484636744	0.058663964169746036	0.04263781811306164	0.1303929802983545
0.04335013554670662	0.10059496493860383	0.14285861234579228	0.1179162067731016	0.07751463291968581	0.18323168745961999	0.09651445145971305	0.06344221101020536	0.0315592593476411	0.14301783819893038
0.03894929240565595	0.01569530888602709	0.19049554978200656	0.15771346758241156	0.07377571934914837	0.1845946151802163	0.10527964796337204	0.059778793990751145	0.03951186883251416	0.13420573602789682
0.0688532984352007	0.05795364594120752	0.1909096123626278	0.10626704017857896	0.07045113002907677	0.16674485510601772	0.10620937189428252	0.06080560469562336	0.03615762436332963	0.13564781699405498
0.05832116773192628	0.1155038469864049	0.19645961596609196	0.040104832387927045	0.0775956235310343	0.18854214542959052	0.08906771101364622	0.06286762195123091	0.039845605679653805	0.13169182932249404
0.07694942026899847	0.09176657910874886	0.1724688517984968	0.05856487211750659	0.07614242850410002	0.18348022714920892	0.08868121269997642	0.05620056777804503	0.0495746070585018	0.14617123351641703
0.027987394178562178	0.10936378192483245	0.26987123346846725	0.042393507298230854	0.08712967828709153	0.16060225677571588	0.0855566718162904	0.056914400091088994	0.036020719950995386	0.12416035620872506
0.04014742629265371	0.02107249197399655	0.28144381862531437	0.05915151742925203	0.07115277323721582	0.1844773686827843	0.09073877788865642	0.057088530506859886	0.04925252261109634	0.14547477275217058
0.030633215110670617	0.03953184540429457	0.21781343749182253	0.12858849452510818	0.06576316903315692	0.18070843468455355	0.09731355859307489	0.0633929751415802	0.034242451947963645	0.14201241806777493
0.1816844432858103	0.09152558783046022	0.113705673182323	0.059160473301444035	0.06742980599032788	0.15948064215200722	0.09857227717379292	0.058508620925492624	0.04069588416375357	0.1292365919945881
0.1254904381848172	0.01300139926540178	0.19233109581052393	0.08192834996516171	0.07691939420235061	0.1709061367945393	0.09875421090075427	0.06071181680414974	0.0336690942715389	0.14628806380076245
0.1064619176144731	0.023074200026248493	0.16399215310561385	0.11470829981007379	0.07896221652916027	0.19137337070608906	0.10457042494102696	0.05609143761446909	0.02891513124745046	0.13185084840539482
0.11120391324352968	0.023256535867176464	0.16783208128903648	0.12336153382281717	0.0782307658916389	0.17370114632824363	0.09409487718464388	0.05616535256219492	0.031980349564612404	0.1401734442461064
0.15268597653832466	0.027913993803801426	0.17780976703447943	0.09680739039566053	0.06792653385172515	0.16687916923607576	0.08887382455363137	0.05661846378425834	0.04039873676880834	0.1240861440332349
0.019402857982454516	0.09604850381558243	0.17002417276006673	0.14278002627195008	0.0695317915467809	0.19176117858527614	0.09226081937087538	0.054523661310120465	0.03137895327023678	0.13228803508665665
0.07082382221834368	0.045117649288042586	0.18601501570762646	0.10158377031770328	0.07750109533151772	0.18473114781378785	0.10603188922554599	0.0581975636705566	0.035145984509458855	0.1348520619174169
0.10585111788738161	0.050271276111075305	0.17587005630760655	0.05867667307390591	0.08736958474600437	0.1854969940365288	0.09634868331834835	0.060138912600539586	0.03966279311048032	0.14031390880812913
0.12898729327400557	0.08640008185407047	0.1215320742424037	0.051549186022429645	0.08466387792569442	0.18415362356159137	0.09858565139443771	0.052447848299736984	0.04553627689660298	0.14614408652902705
0.032623323356776215	0.052857340844598324	0.22101232319701405	0.11829159031646014	0.07978091218552931	0.17490872343911582	0.10481001615056346	0.05263480284053073	0.04102679587331428	0.12205417179609769
0.121268513420144	0.06318559932330262	0.18016485312235683	0.05454167093834121	0.0669529346534862	0.16841111719873014	0.10063064520539174	0.06350796813573589	0.04540098256218784	0.13593571544032348
0.06781240881727717	0.1013647511990724	0.15191999542842105	0.14684985748514398	0.06843064533917778	0.15896419228483785	0.08947235496330025	0.054910594799635795	0.03266574397092152	0.12760945571221222
0.2521647445849549	0.0679974288713664	0.060829231868141515	0.051856837445527826	0.06600205126995397	0.16797738806697735	0.09966667031637472	0.053300990664237005	0.046493211845254886	0.1337114450672112
0.07952341473271236	0.10121760580409198	0.11301694825691848	0.11053914452621262	0.0839155390750814	0.17814599502325157	0.10278233790795979	0.05614637370959605	0.0434249297565114	0.13128771120766433
0.14624060112743542	0.0319209342283034	0.11508020555382831	0.1461359964676372	0.08127865219474253	0.15975929524352164	0.09079622897361735	0.05611613301618749	0.035790666877475716	0.13688128631725088
0.13003629221064633	0.053439254329205196	0.10309915554946056	0.14081970295356575	0.07808367538334109	0.1707633163134994	0.09878364694519101	0.05829844428065286	0.03843223159250433	0.12824428044193337
0.16417656960874027	0.03360320193949014	0.05501110950059169	0.153717769287754	0.08318044113962231	0.1764132182066966	0.0922510165302996	0.06217260725855971	0.040053656405667666	0.13942041012257797
0.18408129133200396	0.030199386825767158	0.04776377928234162	0.14364857271604242	0.07197713716352676	0.1806460352855681	0.09880678190151182	0.0574705792976325	0.046747033770938744	0.13865940242466673
0.1769574586987378	0.03166172375290284	0.03582942414053504	0.1502796979108081	0.0880652419255905	0.18426185561194647	0.10100495054165466	0.05855842018852828	0.04261876074301047	0.1307624664862857
0.13773841301771897	0.06371886526050652	0.13325257042211627	0.13281901682541475	0.0644322832730593	0.16342476927608957	0.0860067189952645	0.05490760820388902	0.03418938645389556	0.1295103682720454
0.07772354399992559	0.0754189943361891	0.10466868444178175	0.1440471197617031	0.08960330705777785	0.16421863962248595	0.09347049053353017	0.062122332431574404	0.04702935062784407	0.14169753718718797
0.02815660125070034	0.058994888304891246	0.1575626605064486	0.15722994590743128	0.06898004532418023	0.19274948650163665	0.09020248779680302	0.0546274835126702	0.04486957708586855	0.14662682380936987
0.1773972283706239	0.10231275688765197	0.0555335828840967	0.10482486740129479	0.07083884354842197	0.16084591175314317	0.09660386592413192	0.061844787662418424	0.041956723602510904	0.1278414319657061
0.1836594125840023	0.12627154938958174	0.05995198774466692	0.03273227982747248	0.06542606233848963	0.18739223041432146	0.0954783838103836	0.06333435470774373	0.04337370880932082	0.14238003037401714
0.15300345994809622	0.03158406208738085	0.07256570215927663	0.1559016458537344	0.07018411363304855	0.19234842106706473	0.08906427463353825	0.059427155217560965	0.03891567750599964	0.13700548789429964
0.1427039011415863	0.036626818213208456	0.13509396267533785	0.09655472797258616	0.07534616266466897	0.18087589411061747	0.10090315448604333	0.061058355491026714	0.041267723734198986	0.12956929951072568
0.169573694840831	0.031860286510559443	0.09117576366862096	0.12573525821215964	0.07418142003720497	0.16704863437097595	0.10079898486069232	0.05301346936243817	0.04189777626281747	0.14471471187369994
0.032683014238487976	0.06946254888072118	0.228706128865041	0.12068352461793089	0.08089897896088812	0.16102808907134397	0.09232497078883364	0.05673505834061596	0.030358989667621197	0.12711869656851607
0.09077115360919553	0.08428022392041395	0.1776695987465679	0.05462952580479286	0.07002864816768599	0.1722682082666757	0.09945621627247085	0.05893475664776812	0.04840354935019767	0.14355811921423137
0.11806540794712603	0.07307754684975651	0.20668012868904867	0.02977437793026512	0.06911498606943373	0.17469827757241774	0.09724046129605655	0.05596571558245095	0.037017235168163215	0.13836586289528144
0.17545152698720654	0.041976907480528985	0.1361801557337568	0.08051582393660826	0.08684719452219689	0.16711355385603963	0.09861895560835848	0.05547829132580233	0.032197753968093074	0.12561983658140885
0.16261081461247956	0.06753114031435108	0.15669302425304027	0.0567884552348772	0.06997267560519341	0.16190482721043797	0.10338264786048908	0.0613219641949702	0.03135650027691739	0.12843795043724365
0.07857362077189536	0.07224927573769889	0.19584093205850212	0.08488857203655027	0.07206483732198174	0.1606551930910469	0.09833908554905732	0.05910422544396995	0.04732261269125354	0.13096164529804388
0.26912862912670454	0.03855349367287989	0.08045960922726582	0.052962388337537906	0.07829276197508052	0.171690387459432	0.08640589710865297	0.057330985563177374	0.0410974068676676	0.1240784406616012
0.17026909334852652	0.01651192118905856	0.13855335313864817	0.10305451023661354	0.0672374356223096	0.17578703323225678	0.10603747476386235	0.054279298651266475	0.03026258878193673	0.13800729103552117
0.05919876675049136	0.0702453037921614	0.23641429013370913	0.048076041092016124	0.0838504831753557	0.18866509957091193	0.0884282177795849	0.056935419048774125	0.03166602006044446	0.13652035859655082
0.10035532931124636	0.06525438689788143	0.15853981567187944	0.12662636434633864	0.06229131321093279	0.16525830506327382	0.09442113630757093	0.05950475830314233	0.045238061133520496	0.12251052975421364
0.1277008897268402	0.011062499658050354	0.21755555493791723	0.05217087359912942	0.06600057224476563	0.1827085985990091	0.10581312417338545	0.059391443454673454	0.03946185098697805	0.13813459261925104
0.12659885982907745	0.06650106753062451	0.14930061697034633	0.09543297639444208	0.06210497405625511	0.16484925499163783	0.09845586095694205	0.05895420126506369	0.04134983480875652	0.1364523531968544
0.15603219011581043	0.011762344192198668	0.12039410610727648	0.12630644485207196	0.07909972241290752	0.17721919275629222	0.09714944792688802	0.06049689771250133	0.031686929443955056	0.1398527244800982
0.24768624849334642	0.05137623895439305	0.04416390440972041	0.06419368989818314	0.08333257231201899	0.18072846629081218	0.09891830173552335	0.05785159088217905	0.04181409976941464	0.12993488725440855
0.19322442387277533	0.08018981404116446	0.13127586769085453	0.04778633645564656	0.08146165092156092	0.16791429452054998	0.09397380078984928	0.05239171108285939	0.03152931571645498	0.1202527849082844
0.17284793004623722	0.10694577540222813	0.1287701905414463	0.031252409654804594	0.06944273608657525	0.18073143199943112	0.0941944824908801	0.052857723983036606	0.03014337847112425	0.13281394132423632
0.1998031900276419	0.026414116003815588	0.05074505289252228	0.13307828572806252	0.08598072181957268	0.191616997083045	0.09214286852323263	0.06082295763457061	0.03578170976738117	0.1236141005201554
0.054458460750676535	0.11918529100296318	0.18110060688839025	0.047816047535189386	0.08294828195706208	0.16931602974963678	0.09571450639407011	0.06337922974238194	0.046125151558658206	0.13995639442097152
0.0839211498045494	0.1284066670836357	0.13877880302144568	0.04241887379793253	0.07343467494331735	0.19214286682007142	0.10305822258533032	0.05330263041773895	0.04918313383896622	0.1353529776870124
0.07988083239851793	0.1261503641628838	0.13546540130917353	0.06490959351285092	0.08725160285209455	0.17715317143038942	0.102310520266649	0.05292059890575767	0.03808233669731911	0.13587557846436404
0.027476844630571817	0.09730207887879619	0.25902782061152485	0.04880385792509413	0.08200548197857782	0.1577060833277557	0.08616037620184408	0.06262693190772829	0.04796639917917875	0.13092412535892833
0.14512595822892152	0.022348233866604172	0.22473216531836826	0.03340974370560762	0.06818178975438735	0.1710382097485883	0.10065471245270927	0.058882052716757914	0.03024213716689439	0.14538499704116112
0.12490081602542591	0.10210238718323428	0.10428346558956858	0.08287797548122428	0.08656760250098862	0.187766956771505	0.08644956833283446	0.05588990479888839	0.03451591200188657	0.13464541131444385
0.17778119034770568	0.09546846016705714	0.05400619576232348	0.04583032176658414	0.086506629672123	0.19144396539489722	0.0979931532176276	0.05985940081658376	0.04723016607140526	0.1438805167836926
0.2604511414985014	0.04577447952656636	0.03928598532243908	0.08352216838203495	0.07781957680242554	0.16118380811391572	0.10301717056951477	0.059333913506036	0.04826471454853084	0.12134704173003508
0.2868252315034764	0.06527888767765051	0.052104740306229774	0.03398222502635578	0.06298281132335158	0.1797423790074124	0.10094890509130235	0.05759879126203578	0.03859401823782097	0.1219420105643642
0.20999706568206933	0.052231962160214127	0.09132681536145909	0.07440949887455925	0.07670499350110903	0.16466079603251627	0.10081646614304914	0.059505991340681706	0.04010760024092397	0.13023881066341794
0.12781233304210682	0.02944915555808264	0.14113267586293976	0.11078865271614476	0.061989845042743755	0.17884838328452543	0.10530379160669526	0.06340267041817188	0.04141386462628675	0.13985862784230285
0.10109357441429516	0.0828345559149596	0.12005319962238498	0.10817362942170917	0.0835112870978024	0.17838807965214715	0.10391755392402686	0.05978445775322804	0.03931487468568644	0.12292878751376013
0.2229722291761822	0.08334145094925262	0.05020585439653918	0.09078092092268641	0.07341456562412121	0.1581991636750426	0.09751371100397134	0.05762895836804831	0.03264309615437322	0.1333000497297827
0.2403943453841058	0.033947968077475354	0.08335527282243368	0.1086046040543116	0.06685971857787994	0.16074373211687268	0.08928455394481359	0.06324543134542504	0.033165429755767695	0.12039894392091441
0.1906295619763244	0.03660985893545207	0.06258743669978842	0.137693396045495	0.06951554494929085	0.16470147766711277	0.09444979680111491	0.05429364232114197	0.045261700893279015	0.14425758371100045
0.24074857248150117	0.039095431463503534	0.0654478070412203	0.076970724357521	0.08528786755088355	0.15780344274099484	0.10394953723070158	0.0526964909522842	0.03859920630499681	0.13940091987639278
0.1633619381219804	0.054511625623729805	0.14783673574312378	0.05780000972663882	0.07760282072534366	0.16845618512118446	0.09605303099494386	0.05643962072862364	0.034876084254743214	0.1430619489596882
0.06542312536343019	0.09882224116695024	0.152232935148035	0.09520441570776407	0.06917460413784754	0.18762996540261956	0.10354742692396954	0.05746690458349346	0.02819861499069115	0.1422997665751993
0.06700968344332912	0.08175950752294209	0.19891588885290132	0.097271673465195	0.06670829491799284	0.1599388012703703	0.10465720415040704	0.06253077202936012	0.03401264335272694	0.12719553099477524
0.1321471707781102	0.07423337509551028	0.10132793302064992	0.11628633008513002	0.06544280898076801	0.16983152844246852	0.10678494827566258	0.06070637493011554	0.043526835543111264	0.1297126948484736
0.1421218006254661	0.026789707234568166	0.10496348344408758	0.1278505049295341	0.06909948405638196	0.18237592423187138	0.10667190117485308	0.057024967407174505	0.03678506987408324	0.14631715702197978
0.18720702831136332	0.11888672133978392	0.0923892806634301	0.03627848930313872	0.06395789696763068	0.1823965197646193	0.09284681269784854	0.05640735579916079	0.039320910273303776	0.1303089848797207
0.09061350671931707	0.12405082611616972	0.05092599512888902	0.14217725439326612	0.07065115416269463	0.18631056422056913	0.09892820680071203	0.06293742478873098	0.03174475626964374	0.14166031140000757
0.07075207704385526	0.1173851405245509	0.18887377827197027	0.053940848282784115	0.0670800594731806	0.18552778204413173	0.09882914742548711	0.05286266709222279	0.03448254886063851	0.1302659509811787
0.08150062033817518	0.10065640092891484	0.1439138658673946	0.11269174351773353	0.06916492297953333	0.18813178693639487	0.092472858614233	0.05750361098807624	0.028135681278978364	0.12582850855056602
0.11059671938917523	0.11766405416224064	0.08857968335731285	0.11899553249486516	0.06189337861310997	0.17317238710567667	0.0927031786496689	0.06339525648648114	0.04864170280284258	0.12435810693862676
0.19405337241056625	0.021905034169858076	0.16853649678023525	0.03492406650852174	0.06888280021704471	0.18936102977214536	0.09660950393894362	0.057762071673781605	0.027801864203343032	0.14016376032556016
0.27860516257528123	0.029965283456240763	0.04968567172892299	0.04942634613248345	0.0749357486042887	0.18986959288598237	0.10672587834523077	0.0523775795996305	0.04738640981918706	0.12102232685275187
0.24159120453673943	0.04096194979536284	0.08961118028240689	0.057636850875542045	0.08877661803966785	0.1664325637380798	0.0927662682657544	0.05858466766307674	0.03982954325003418	0.12380915355333558
0.1271806363966934	0.08547817873475089	0.12335032199329776	0.0712068691896571	0.07860208678042889	0.19289387190925736	0.0886990556465872	0.06180876168793972	0.04698062157517571	0.12379959608621187
0.22679445240704665	0.0428735790653485	0.10729491325026598	0.041057685125900814	0.0824017227864552	0.1792352977247479	0.0940711847045457	0.053725528660552954	0.04063436143344776	0.1319112748416883
0.13063524467944132	0.04041364645799845	0.10189837799516799	0.13319540296911703	0.07644664401676794	0.17935292120444318	0.10339875237256833	0.06099850406689037	0.031467957978494956	0.14219254825911035
0.19940462508863227	0.06497939472930524	0.1060762913219977	0.06038556402140764	0.06978367133449719	0.18879256034393543	0.09278932516785704	0.05292905655886143	0.0316736749509552	0.13318583648255078
0.2633008576370899	0.03718875774930595	0.09316419380267023	0.03719717358397566	0.07463364550141392	0.19314342885766655	0.08713170859634346	0.05496097057136645	0.03734587005899945	0.12193339364116822
0.3256594697649191	0.020595441214708715	0.06526781423284808	0.059185864185173624	0.07380577830069077	0.16157153899324364	0.08760774573410973	0.055830684247248685	0.02767830116628668	0.12279736216077064
0.1713065994794989	0.04972509331086772	0.10602114918355648	0.12019688352304564	0.06236607339477648	0.19157188905336794	0.08680371123844643	0.058948077098389506	0.031199610213947168	0.12186091350410358
0.16876353030296223	0.040605663655998124	0.12974311640851136	0.09643185923763231	0.06144922002305761	0.16595536803280522	0.09679337615131058	0.054309876176449834	0.04691804057436311	0.13902994943690952
0.20155444263800457	0.012778862056507356	0.1962858658254365	0.03347505407898595	0.07008880400867651	0.17348709376410648	0.08671024672646598	0.06039170965801466	0.03013385167942012	0.1350940695643817
0.19221600214398654	0.01766676569770259	0.11975469098177935	0.07372860590055566	0.0690660566476268	0.1899319686158974	0.0874787127436914	0.05990274003781388	0.04691666846539105	0.14333778876555509
0.21366056915369627	0.0790920913748476	0.053801839066167145	0.060078200992142484	0.0883315803048631	0.18027718076387675	0.10321310257102015	0.05259864914688388	0.032881408057964134	0.13606537856853831
0.20644922833683382	0.0835427841362675	0.08860510475297056	0.037410436504500655	0.07737069737242337	0.18436765685250728	0.09953908202165658	0.05638540643175845	0.033230220754488074	0.1330993828365935
0.2365522233664027	0.012589708507199246	0.1277116426094336	0.0369701550410937	0.0815217145949812	0.16306738488585265	0.10110319641377871	0.059584375604836384	0.036467592935229345	0.14443200604119225
0.1350341541061117	0.019033703180301287	0.1670771251233526	0.0700333240173813	0.08215432833310068	0.19183842215507008	0.09134302667446169	0.05924753061180554	0.048991841526267337	0.13524654427214763
0.23954618363907754	0.02081822154126059	0.046418759508767046	0.13126222103903606	0.06321026345224467	0.15905178834671246	0.08909312038731072	0.059131502836172356	0.04588288205690156	0.1455850571925168
0.15618154587662422	0.0240266753783088	0.12020326942506844	0.09014044171562655	0.07523525869149597	0.19186023492323925	0.10263734440911278	0.056857431710007816	0.039225294573429284	0.14363250329708674
0.15270645342293607	0.06772858979008814	0.15608665815778372	0.030529888415237558	0.07792916465454962	0.1752775362794493	0.1004275349598018	0.05600039786180545	0.04604631138182666	0.1372674650765216
0.14788136395406484	0.08164574191257909	0.1637743253958875	0.04199244669590282	0.07365683294989517	0.16951293912724713	0.08913570594567824	0.06060723418867929	0.040813312465752656	0.13098009736431315
0.0935549171548537	0.10202818969829973	0.18451020450016986	0.04981383659782047	0.07616101280679838	0.16015596946504007	0.09690157605862768	0.0577858008641541	0.04423754094551122	0.1348509519087247
0.08225898870599267	0.09628507918057469	0.18139003473897347	0.07470153805404912	0.06158727821071262	0.1910821545592362	0.09097506322952352	0.055435534226505837	0.044164465250892716	0.12211986384353912
0.09421736124579481	0.12641696033509917	0.14782713478861068	0.061470384253584205	0.06994993293618802	0.15948470293782127	0.08558363591585649	0.06076317186966556	0.04986112083297906	0.1444255948844007
0.05096722287411809	0.06281428347346238	0.2528310709852065	0.07404497853115471	0.08151838505133664	0.1600105818976313	0.09174375974377759	0.06108581542179347	0.028847481856208404	0.13613642016531086
0.06825668181427182	0.03155137596814489	0.2653144156818271	0.07591799690335022	0.07181370469304238	0.17810958427727436	0.08697229203550973	0.05494870640304388	0.044147222286949186	0.12296801993658643
0.05311481280196177	0.032590820017859456	0.24598910720218103	0.07452068931784081	0.08752094838587492	0.19232083041383685	0.09616198695912427	0.052638794278567595	0.033904645790454394	0.13123736483229892
0.0803062571203646	0.027926346943051933	0.2165839857758327	0.06617044498675062	0.07689499684275856	0.18926474876008162	0.10097878616128707	0.06267991274608557	0.03888402513537938	0.14031049552840796
0.04037301830626378	0.07896412338016107	0.19313312178283454	0.1110633396494518	0.0653997571784262	0.18225443810428787	0.08900253633606818	0.060772971519467624	0.04164237322672406	0.13739432051631484
0.1140065116356256	0.09067989289429408	0.10055782106668207	0.08533368927143711	0.08864504795113415	0.18216323073504734	0.09718456173269768	0.056243813671995116	0.05008100996277694	0.13510442107830983
0.061736907848030376	0.09025756438515285	0.21758739898588825	0.03434023188834025	0.0716239032489625	0.1900908174434439	0.09355635232568826	0.05346155593246807	0.04247167573014282	0.14487359221188276
0.08174046228692342	0.029297410475250404	0.2368969279558718	0.07087484973304572	0.0677431991149958	0.18069791379820188	0.08697572776961544	0.061435293670088334	0.04630866771812038	0.13802954747788676
0.12174362597765352	0.038294681600255405	0.21822023172683713	0.054959030119062266	0.06825180753973091	0.17202570509486081	0.09267253561120395	0.06158094513642142	0.03776719705097307	0.13448424014300142
0.09570134625827245	0.01045099941900679	0.24384014792605874	0.06715866543226004	0.08763897558770163	0.17820098980951293	0.08574029194769352	0.06080069311876685	0.031685655463243895	0.13878223503748313
0.11907698971999742	0.048929147950596816	0.17034228741736174	0.04784681105943801	0.08117383156218794	0.19076796326853895	0.09124183417909693	0.06402582310325981	0.04970275496762394	0.13689255677189838
0.03457758313018429	0.1224878374464669	0.2295655745170505	0.05182671838609282	0.07988642916943063	0.16671495570096684	0.09092347741851883	0.0628484166530308	0.031084857177194433	0.130084150401064
0.037459932263848084	0.08337183867029774	0.22874478301939094	0.07657403593590575	0.07774025481660612	0.18289888256619347	0.0871677202544928	0.05676701256732212	0.045267883107875696	0.1240076567980673
0.1682869611517376	0.026228881362339238	0.14789421228224978	0.08322918205660583	0.0844378126863385	0.1763126023975437	0.09911570592641793	0.060365309487921945	0.031017026500522432	0.12311230614832294
0.05017875924211589	0.04559582102276477	0.1859583084245951	0.14814706569560698	0.07905534952859825	0.1695484793529886	0.09825058020925435	0.057751851944261405	0.03490976235683252	0.1306040222229821
0.06493030402704192	0.08482002593867086	0.21872938847214557	0.04687998953996962	0.06300372122445869	0.1869283907329595	0.0988377762903526	0.06016911393563104	0.03486320753616133	0.1408380823026088
0.03523696493777581	0.023212070435586804	0.2713186675847119	0.07637607237972774	0.07184645246384835	0.18838484613670017	0.1050879986842814	0.055705912037628556	0.028771841548270644	0.14405917379146863
0.140544687695627	0.11202138664513737	0.07469686250583449	0.11962256732014426	0.07336653803025887	0.1607498850917217	0.10401025920148835	0.054902194221079635	0.029448810890912308	0.1306368083977959
0.07861327946482606	0.09718815713609034	0.12687536098142577	0.08934827755897401	0.08848720288112023	0.18520414936940804	0.08992290347880746	0.05839659053378796	0.04842990463305875	0.13753417396250134
0.14920447956854277	0.1223542956986832	0.057083148143156265	0.10175934714838487	0.07974600103543583	0.16382945573063595	0.095865881362659	0.0551189343000535	0.041278538001035585	0.13375991901141288
0.10902454726166727	0.10686239797150672	0.10954204157208172	0.12308711630002044	0.07923966765983045	0.16966411317483088	0.09232786265654358	0.05250689276802956	0.03495838106287995	0.12278697957260937
0.13854105161561975	0.07061259953538045	0.13882165924734013	0.08021718218056474	0.07231967240049414	0.17294560821823263	0.09115237672023649	0.05554763746858542	0.03507631627094489	0.14476589634260123
0.06738888016618313	0.07839431479942374	0.10965941254269349	0.1523325687226212	0.08042326424423642	0.18748438604850917	0.10148127132696146	0.05410979552948103	0.03006431392137221	0.13866179269851814
0.10569596761956628	0.012940071972514788	0.1539369779460284	0.13166910396001974	0.08304998516874706	0.17118365083304776	0.09297955813487493	0.056641769719953675	0.04679929201314543	0.14510362263210191
0.021840586025393863	0.03529379199630124	0.2231577595861967	0.14430814650095775	0.07927524735946245	0.18915914316255605	0.08835622491454495	0.05664963792636543	0.037095817802777	0.12486364472544458
0.08909509597847186	0.10164698260666954	0.15094577528702785	0.07419439967558031	0.0741508825699726	0.1871035301247735	0.10592975760181401	0.05814674753118734	0.030037564189597285	0.12874926443490567
0.03199589056931426	0.11991002758398556	0.18104429753516427	0.08394283373511517	0.07794627679845177	0.18330834117334885	0.09535496974261244	0.05872526910578013	0.04690065725338981	0.12087143650283774
0.018956092859620882	0.09858880610995045	0.2546694595831719	0.06426173342680834	0.06375946428238666	0.1715648697586219	0.09626533091845663	0.05336693017786923	0.04443220005917275	0.13413511282394133
0.13076506238447974	0.05274468090394045	0.20378275462824363	0.03228681120612628	0.07448391797744328	0.164727783247879	0.10000178510052733	0.06005640571578417	0.044251846682361456	0.13689895215321451
0.10153582286336264	0.02613639252019591	0.18420888732557272	0.11748075505240067	0.08182575955466373	0.17917583714396274	0.08651444722249518	0.0589754075802318	0.036577830188932764	0.1275688605481818
0.05975054050934688	0.10544640439257313	0.14597202769811607	0.12248299041116636	0.07384314554869145	0.15865574490990847	0.0924615557768301	0.06402898085696847	0.04036284490811703	0.13699576498828203
0.03396570625419294	0.012281553405739012	0.24805241807480877	0.11518928169325457	0.08688787674367497	0.18764084606249865	0.08955573563847664	0.056360901932844897	0.04543374515919877	0.12463193503531075
0.0880020815009248	0.03330497858314055	0.17187770159974702	0.12893623920944897	0.07563725343513766	0.17642132657129475	0.10261724832436017	0.05317566818946015	0.045277111977628466	0.12475039060885743
0.15649178723466495	0.10073878236838153	0.08715337380514142	0.10786450385596164	0.062040367872139304	0.17201846667896806	0.09393760914942263	0.056973178036598064	0.03648318839835819	0.1262987426003641
0.1987618468108182	0.06527590668127159	0.10947727068901061	0.035308264486256555	0.07917010512594576	0.17857907221687758	0.09261873433095395	0.06183777587379252	0.03588813821487792	0.14308288557019513
0.0917766231002922	0.05821030460596639	0.22195838939048118	0.07268483545366802	0.061879647605362756	0.18384409152843623	0.09196693776020161	0.05548385732542297	0.035816689606665994	0.1263786236235026
0.019371410056574195	0.07974629217882115	0.2097470342418702	0.11805098373460367	0.07404294708932671	0.18432040371038785	0.10250101282792173	0.052474100290849236	0.02938899537717976	0.13035682049246555
0.041600494073032374	0.08188455624380296	0.2553833672041837	0.045215338266867265	0.06551649927543202	0.1712509666775063	0.09827642802977422	0.05547202842023233	0.045962484629976125	0.13943783717919267
0.1282807885495155	0.059438018041328713	0.2116329274770255	0.049210161421140354	0.07230881588904173	0.1580884164726047	0.10312436091825976	0.05653995377128812	0.03998535641424649	0.12139120104554907
0.0380369680236659	0.03463012050579571	0.18846098947934725	0.15306648675491535	0.08422235989738548	0.1766104793470859	0.08585502512476526	0.05925351103941355	0.04613572966667125	0.13372833016095437
0.037521653831082	0.11068830131801771	0.17981278481248192	0.0969313613824807	0.06173938017225612	0.17312310591037955	0.10111230198626132	0.05748095517304494	0.04326487650483565	0.13832527890916008
0.18691659002374164	0.06841671242722619	0.14129661900048934	0.06160359532581525	0.06872860431671432	0.15945933340843804	0.08661454001707465	0.0558410087790784	0.02878958711328357	0.14233340958813845
0.02327368086890154	0.08143639265998244	0.20363180255666388	0.11796320270714108	0.06902954911865852	0.17523260409303243	0.08930183541703242	0.05775398943040136	0.042217576438052344	0.14015936671013401
0.01870350101411314	0.10820405519145902	0.18053362565327788	0.13792709126104127	0.0674982765013764	0.17088351913976904	0.10577348233472479	0.05829741466946461	0.03191482639366418	0.12026420784110972
0.16137786130763876	0.02665503099997492	0.20239612063869916	0.07503393582718816	0.06988706330078054	0.16761523672258094	0.0856051726705295	0.05422400905178852	0.037127810302279324	0.12007775917854005
0.0659176613055899	0.10141762814575084	0.11857592856443169	0.10326960930321286	0.07656801299201069	0.19090465596972692	0.10346446828585869	0.05798930110629149	0.048080260419471645	0.13381247390765527
0.05646414220489986	0.1213290333941669	0.15917305004348686	0.08934755350017201	0.08307804648220221	0.16232528329669807	0.10461734389646912	0.06037704901234833	0.028374212424939663	0.13491428574461697
0.07251160405139923	0.09473665716677601	0.0884105039911709	0.1423150214512849	0.0869584707290454	0.17784026279621443	0.08812920001973469	0.06384450649468129	0.04677113016219193	0.1384826431375012
0.19337867678090254	0.02992719903840088	0.20334723359523554	0.03173611925345923	0.06801701039599403	0.16300481952948892	0.08706023401286793	0.05757227096803533	0.04479210297991931	0.12116433344569615
0.048227032319205915	0.08676925696422369	0.18088978936468508	0.12121038829809576	0.07443195965252862	0.16231529342299866	0.08867914749779549	0.057991606782041856	0.04291679405354761	0.13656873164487726
0.04609314809051612	0.022709966722533448	0.25107563882890105	0.08806410419512331	0.07514550719953578	0.19050334204270902	0.09590026104946608	0.05840931110284174	0.0304154998728247	0.1416832208955488
0.16973959663308152	0.033195249626350606	0.16269280897532273	0.07880332451101447	0.07655141297376963	0.16881966772279974	0.09089284650268564	0.060433931678462435	0.03588880116399025	0.12298236021252286
0.2204792684585203	0.02366707593041173	0.13212443218142955	0.06151516632891369	0.08826538878656649	0.16175525169863447	0.09314865325231203	0.05344257820500235	0.040579565375129426	0.12502261978307977
0.21171728601246914	0.07905783740186781	0.07574052545696523	0.05478653376384508	0.06602926063630365	0.16141505718650584	0.10566604526256322	0.05586215443545261	0.050119036484279136	0.13960626335974807
0.15268181541451326	0.0568518754156191	0.06849166376978225	0.14670880828759209	0.07880072598241751	0.18358803598537815	0.08628328340282607	0.06024722268119175	0.037790649181900296	0.12855591987877943
0.24278116438028519	0.05916367666973408	0.098384255325029	0.04585081937948498	0.06856012514464288	0.1758335406471362	0.0874245258511664	0.05511210053601633	0.031764272323703394	0.1351255197428013
0.1836529618279743	0.06977162513912653	0.08791563945097429	0.06333069482136092	0.06408845200520027	0.19194779535984613	0.09344414918598001	0.06337455961110755	0.04388363258954535	0.13859049000888451
0.24541981943454488	0.01901257329340328	0.037564680297759445	0.12121032132896278	0.08879636781109118	0.16138861421302975	0.09412799774896614	0.0638165851176073	0.03071011780723927	0.13795292294739572
