0.35223043327979137	0.40340464643645096	0.2443649202837578
0.35052549061599275	0.4004017070739269	0.24907280231008044
0.35174095293441165	0.3972944676064254	0.25096457945916306
0.34837280556591227	0.40415877098674646	0.24746842344734135
0.3487181141103037	0.40367026000461537	0.247611625885081
0.34965040425132154	0.40450025969650033	0.24584933605217824
0.34481833069030837	0.40279314754005213	0.2523885217696396
0.3449988386102934	0.4018221667233556	0.2531789946663512
0.3467592297298607	0.39603796941302516	0.2572028008571142
0.350411631400024	0.39607166783398995	0.25351670076598615
0.3469457440636929	0.39814410072285766	0.2549101552134496
0.3503073193027766	0.4064017273741625	0.24329095332306103
0.34703725241408656	0.4020673229133619	0.25089542467255166
0.3468814814442526	0.3991084581824196	0.2540100603733279
0.34975442815416	0.3988489417374022	0.2513966301084379
0.34611419602350624	0.39534964035640013	0.25853616362009374
0.35244852155843354	0.4024566061736265	0.24509487226794008
0.3457429174031939	0.4048156572677661	0.24944142532904012
0.3491505146756451	0.3947654937783489	0.25608399154600614
0.34623719739912895	0.40394083609833714	0.249821966502534
0.34368703134387263	0.4060051279913631	0.2503078406647644
0.35210067261615774	0.39826085354865504	0.24963847383518734
0.3461215436050954	0.39493034819509537	0.25894810819980935
0.3477178901080501	0.402424592231895	0.24985751766005507
0.3486791042227522	0.3981612203312694	0.2531596754459785
0.3458255848960318	0.39808932024165544	0.25608509486231285
0.34744768231180584	0.3969815329930333	0.255570784695161
0.3458642380584806	0.40080777019602093	0.2533279917454986
0.34608995877191	0.4046947530908274	0.24921528813726268
0.3518360875408665	0.4042286277133245	0.24393528474580908
0.34493082821440824	0.4034322171829518	0.25163695460264
0.352406695732028	0.40343094836307486	0.2441623559048973
0.3510671085906237	0.4039673963453312	0.24496549506404527
0.3481396822010989	0.3969803798214474	0.2548799379774538
0.3472701292141777	0.39590264302740563	0.25682722775841677
0.34565947739203406	0.4058338925339309	0.24850663007403517
0.3470918472936879	0.39589700830278757	0.2570111444035246
0.3490417692089868	0.40643959316454537	0.24451863762646797
0.34951503053385724	0.4060832411380258	0.24440172832811707
0.34466798913860885	0.40148838931891373	0.25384362154247747
0.3489592668183617	0.3974214127699094	0.253619320411729
0.34379257181130274	0.40380019089056074	0.2524072372981367
0.3440426301881656	0.4001337102051429	0.2558236596066916
0.34969979387413624	0.39618709482376036	0.25411311130210357
0.3483118838153809	0.40251223071202263	0.2491758854725966
0.351593586571076	0.40088765679508725	0.24751875663383688
0.3498357938836749	0.401883568273389	0.24828063784293614
0.34663252474171014	0.40473030427473433	0.24863717098355564
0.34816119082964186	0.4043458405641922	0.24749296860616604
0.34854227758729095	0.3966713563965719	0.25478636601613724
0.3493036437959396	0.40074356089769797	0.24995279530636255
0.35219669730052366	0.3997491682781451	0.24805413442133134
0.35143161156951797	0.40370463370404386	0.24486375472643823
0.349827470031122	0.40454153928117287	0.24563099068770522
0.34978089207650787	0.40670165445619866	0.2435174534672936
0.34474457505952866	0.39762157390066194	0.2576338510398095
0.35270277966963154	0.40065557999763024	0.24664164033273833
0.34581772001663025	0.3950360306996304	0.25914624928373947
0.3445753400855606	0.40604475359324954	0.24937990632118998
0.3447280120370322	0.4061806240159044	0.24909136394706355
0.34537413172849796	0.40122840441766994	0.2533974638538322
0.3477532397240208	0.4003929809467894	0.25185377932918995
0.3509805440761108	0.4035758691491179	0.2454435867747714
0.3454700417441581	0.40073131362936554	0.25379864462647644
0.3491777839255487	0.39930225504911837	0.251519961025333
0.3481718648895962	0.40426009145291897	0.24756804365748492
0.3501605489652394	0.40561675411122533	0.2442226969235354
0.34810047310698056	0.403308496537497	0.24859103035552255
0.3450806836423114	0.3967032573818286	0.2582160589758601
0.3510390427093155	0.3969452618889233	0.2520156954017612
0.35050494711676916	0.39604191458842386	0.2534531382948071
0.34641757318497135	0.4050157846582777	0.24856664215675106
0.3459672744596219	0.39846451728561305	0.2555682082547652
0.3473700894099401	0.40331587644506883	0.24931403414499118
0.3471381340561169	0.3996840631493049	0.25317780279457835
0.34477716564988137	0.3989830056966306	0.25623982865348816
0.3482130921709921	0.4006731560546522	0.2511137517743558
0.34634225615239933	0.399830965155447	0.2538267786921538
0.34970231173134014	0.39843971677436385	0.2518579714942961
0.3448152821593511	0.39903759733251776	0.25614712050813127
0.3527614503785748	0.39879565622873403	0.2484428933926912
0.34548868405923355	0.39606212690217746	0.25844918903858916
0.3445161701406742	0.40496996789326944	0.25051386196605646
0.3453168038948899	0.4049842759195303	0.24969892018557993
0.34974523531245716	0.4012211766213364	0.24903358806620662
0.34575602138106926	0.39646793319535945	0.25777604542357146
0.3523038814614305	0.4008874205168897	0.24680869802167993
0.3498270223896898	0.39788287855257726	0.25229009905773303
0.35106284290708456	0.39544110299668755	0.253496054096228
0.3528566734704481	0.4003598232229579	0.24678350330659415
0.3472807674691833	0.39944045230367786	0.253278780227139
0.3507744586078716	0.4037961903355842	0.2454293510565443
0.34440629568521036	0.4008976030968275	0.25469610121796227
0.3476147967074915	0.3965564277075677	0.2558287755849409
0.35089817194897915	0.3986248438474313	0.25047698420358966
0.3497388884848456	0.395947074930767	0.25431403658438756
0.3461122646903263	0.40165038528893465	0.25223735002073916
0.3463798829490599	0.4048163923124102	0.24880372473853
0.3516861775696364	0.39999709735890526	0.24831672507145847
0.3481617524080528	0.39871549623302427	0.25312275135892304
0.3478683860436095	0.3964007489666634	0.25573086498972725
0.34848703429953776	0.4006415020604236	0.25087146364003876
0.34642014065181775	0.3961364836846354	0.25744337566354697
0.3447154126303416	0.40592763612809335	0.2493569512415651
0.34796718560464546	0.3980639991835911	0.2539688152117635
0.3525374147820765	0.3963478871838998	0.2511146980340238
0.35215131525343035	0.3965043701825138	0.251344314564056
0.3519469635684779	0.4027227321534624	0.24533030427805985
0.34690382703017	0.3996026725561701	0.2534935004136601
0.34470024558192414	0.3997623643271625	0.2555373900909135
0.34481281891781645	0.4051920349597752	0.24999514612240845
0.3510319563124069	0.40165674297860243	0.2473113007089907
0.35049276338109636	0.39558110398340574	0.253926132635498
0.3526925435723549	0.403804735847195	0.2435027205804502
0.3509597024036362	0.4029954440917998	0.24604485350456407
0.34801955767218873	0.4015900561796545	0.25039038614815684
0.34561275705802347	0.3970851513005757	0.25730209164140094
0.35256145278585477	0.4043109477508534	0.24312759946329188
0.3513779884942142	0.40121535156688626	0.24740665993889965
0.34532328893520137	0.39965846968070184	0.2550182413840969
0.34922770673561027	0.400481835420482	0.2502904578439078
0.3438929324066198	0.406899875229611	0.24920719236376934
0.3447938852440962	0.40524812070174215	0.24995799405416175
0.34851203303037	0.4055511924915621	0.24593677447806805
0.3481903886675581	0.3950909994823731	0.25671861185006895
0.34919922406407244	0.39601569041560614	0.25478508552032153
0.35161109903371335	0.3970796268184391	0.25130927414784765
0.34795094573797614	0.3997591491617145	0.25228990510030946
0.3459438572869396	0.39803270494442755	0.25602343776863296
0.351322719261172	0.40550905031797035	0.24316823042085778
0.34406309706325694	0.39761817984092274	0.2583187230958205
0.3439528330852506	0.4031860317065231	0.2528611352082264
0.3445724617509535	0.39834595552196467	0.2570815827270819
0.3479964169928058	0.3974636156437081	0.2545399673634862
0.3442469635725012	0.39970688793759107	0.25604614848990787
0.3466033176680045	0.40414865507488995	0.24924802725710563
0.3442409166697695	0.3969150717090313	0.2588440116211993
0.3464365819061454	0.4050151195022703	0.2485482985915844
0.3516262249305506	0.3947081090640526	0.25366566600539686
0.3446952183512384	0.39729648831345754	0.2580082933353042
0.3487090331215826	0.39874933937939844	0.2525416274990191
0.34673677594447194	0.40203340898191176	0.2512298150736164
0.3485354568961198	0.39521826287839384	0.25624628022548646
0.3527425231769406	0.3952757517785091	0.2519817250445504
0.3512682781471186	0.3959561240625209	0.2527755977903607
0.35041473773381027	0.39809440275304536	0.25149085951314454
0.3495226319217236	0.401954922509527	0.24852244556874947
0.35239967383996096	0.40216041908924754	0.24543990707079164
0.35148384088215934	0.4001092601676405	0.24840689895020024
0.3495760867017751	0.40636430878348984	0.24405960451473518
0.34545383190598966	0.3998092387481657	0.25473692934584474
0.34782442243271183	0.3972485813446388	0.25492699622264947
0.3479380673724244	0.40384938254489555	0.24821255008268023
0.34536998406752284	0.40542988923992396	0.2492001266925533
0.3443127900950246	0.4043951312425224	0.2512920786624531
0.3507183010098721	0.3968284319759762	0.2524532670141518
0.3504831290495549	0.3981115458629466	0.2514053250874986
0.35231524118537755	0.4044510347896315	0.243233724024991
0.3482353033714723	0.4037135510847262	0.24805114554380164
0.3527192274219199	0.3954219601955749	0.25185881238250524
0.346369699891202	0.39636873531813327	0.25726156479066487
0.35237215542242173	0.4015977355270106	0.2460301090505678
0.344877842955438	0.3996914779709684	0.25543067907359374
0.35171464836459415	0.40477126953288445	0.24351408210252154
0.3465266022155423	0.3985681694872173	0.2549052282972405
0.3521050176354669	0.39647837641511335	0.25141660594941984
0.3436906306400064	0.40101545007243167	0.25529391928756207
0.34812396950378305	0.39891116753411204	0.252964862962105
0.34933276769798216	0.3953186650392625	0.2553485672627554
0.3505913719526911	0.40495265574888156	0.24445597229842753
0.3465491649260156	0.3998563078961085	0.253594527177876
0.348801606619434	0.4059642569192786	0.24523413646128747
0.3469649801642918	0.3970185960307412	0.25601642380496714
0.3454160676608025	0.3968544318976816	0.257729500441516
0.3499561072571324	0.4063520817634899	0.24369181097937778
0.34664413884564327	0.3958047665702522	0.2575510945841046
0.3484189185800224	0.4057110377056885	0.24587004371428928
0.3494824264460921	0.40423943291085607	0.24627814064305195
0.3447947606414372	0.4015375107999113	0.25366772855865166
0.3452311842468411	0.4047179431038137	0.2500508726493453
0.3496634483368827	0.4005592867504798	0.24977726491263766
0.34758117923898957	0.4048422695056485	0.24757655125536202
0.35198010307960537	0.4043722496176191	0.24364764730277563
0.34593435239706755	0.39881142922087964	0.255254218382053
0.35111227914117377	0.4012213705906227	0.24766635026820366
0.3485390843311709	0.40137181055416016	0.25008910511466903
0.3485391546627875	0.39472640608036186	0.2567344392568508
0.34571364548702715	0.39611699082377777	0.2581693636891952
0.3498675763783434	0.4013247919932915	0.2488076316283652
0.35035078503423256	0.39745851058754006	0.2521907043782275
0.346528038434302	0.40648963194934307	0.24698232961635502
0.350319448340294	0.39925151844614615	0.25042903321356
0.3529149639901057	0.4031286500912764	0.243956385918618
0.3491608026825245	0.3991249649880096	0.25171423232946605
0.35281919733182965	0.40165754376338825	0.24552325890478222
0.34631641564169907	0.3965800538759849	0.25710353048231616
0.3447138429333455	0.3973936284652342	0.2578925286014204
0.34374339523985314	0.4058557178161535	0.25040088694399354
0.34714737693526876	0.3948951944961509	0.25795742856858045
0.3481127292787217	0.40465764546012456	0.24722962526115383
0.34859806018931727	0.404567486201068	0.2468344536096148
0.34493305095150734	0.4017488608186684	0.2533180882298244
0.34484089920767913	0.4010894042786176	0.25406969651370337
0.3501352121360172	0.3991111532463258	0.2507536346176571
0.3486083856753499	0.4011773003605221	0.250214313964128
0.34571870194204046	0.4024480082885248	0.25183328976943486
0.34766971826909576	0.4008989315534186	0.25143135017748575
0.3519836655157707	0.403386385566038	0.2446299489181914
0.34514743433427353	0.4000695231694703	0.25478304249625633
0.3481159844462167	0.3961008262448736	0.25578318930890986
0.3489884164168522	0.3953354531510168	0.2556761304321311
0.351485192080974	0.3993588825962964	0.24915592532272968
0.3474128620405366	0.40242019524319017	0.25016694271627327
0.35148791904716037	0.39878216234629293	0.24972991860654678
0.35039222171516055	0.40406353493464564	0.2455442433501939
0.34808115036443715	0.40427759049508827	0.24764125914047463
0.3507196650185664	0.3991124543001326	0.25016788068130114
0.34650770776312223	0.40175426150268156	0.25173803073419637
0.3505078865179585	0.40601272915692665	0.24347938432511496
0.3459865045789733	0.396680123749208	0.25733337167181874
0.34530739023082946	0.3974263451842298	0.2572662645849409
0.3455934790772304	0.39924448101309873	0.255162039909671
0.34530743728709057	0.39747787271291823	0.2572146899999913
0.3481072345791903	0.3957259344275973	0.2561668309932125
0.34787580950183905	0.40574794163548733	0.24637624886267373
0.34369257095442496	0.40444995779775533	0.2518574712478198
0.3521311673773486	0.39736077385259616	0.2505080587700554
0.3469601516438524	0.4021982129511643	0.2508416354049834
0.3451425668665967	0.40232427296689255	0.2525331601665109
0.3515339826546839	0.4033888815114596	0.24507713583385665
0.34938230776982854	0.39553982261882153	0.25507786961135004
0.3501864459224408	0.405553836724699	0.2442597173528603
0.3477366363948934	0.4037029589569159	0.2485604046481909
0.34592830778767353	0.4011858941938472	0.25288579801847944
0.34641917597459104	0.4035882816576296	0.24999254236777946
0.34711408865764654	0.39929015880604435	0.2535957525363092
0.3450547931232355	0.40266905117929336	0.2522761556974712
0.3480716869397748	0.40655619575365837	0.24537211730656694
0.3485864728939265	0.39730264220911804	0.25411088489695555
0.3451296297460482	0.402757900447798	0.25211246980615387
0.3439535944192681	0.40155705761387883	0.2544893479668532
0.3452432586377559	0.4044976551829728	0.2502590861792714
0.35174515060589234	0.39935571833182587	0.2488991310622819
0.34819658245232044	0.4050073079869419	0.24679610956073783
0.3485499933701489	0.4030861200390568	0.2483638865907944
0.34707564618556624	0.40198036336295995	0.250943990451474
0.34683755454279275	0.40187164449527574	0.2512908009619316
0.34927463914797896	0.4031933039652066	0.24753205688681457
0.34797373790923625	0.4047709816289991	0.2472552804617648
0.3482366155332429	0.3997140894686053	0.2520492949981519
0.35019615352965044	0.40512834617418036	0.24467550029616927
0.3466806208885682	0.4010882818962647	0.2522310972151672
0.34604977906473344	0.3984498857043227	0.25550033523094395
0.34998961475459905	0.40362937447946234	0.24638101076593868
0.34459800077391467	0.3983533267063394	0.25704867251974606
0.3509122367427728	0.40470931401306676	0.24437844924416063
0.3524519347511356	0.40397399845949095	0.2435740667893735
0.34630123712764804	0.3950439053840206	0.2586548574883315
0.3473075141291744	0.39679301072235934	0.2558994751484664
0.3507295402656189	0.4020898119131181	0.2471806478212631
0.3436855046486436	0.39801764691626135	0.2582968484350952
0.34550743221778246	0.40488804854613136	0.2496045192360863
0.3479899748117918	0.3999715350414573	0.252038490146751
0.34442080419573473	0.39781702834370136	0.257762167460564
0.3439119250000369	0.3980059750509834	0.2580820999489798
0.34516030271276466	0.4064385151162685	0.24840118217096696
0.3440224910103771	0.3969975453020147	0.25897996368760834
0.3468128154935649	0.39983536119813967	0.25335182330829553
0.3493998214000845	0.40013648284358405	0.25046369575633154
0.34817801229925255	0.4067363147106298	0.24508567299011774
0.3505524040531528	0.3958124804537104	0.2536351154931369
0.3465068710723117	0.40315623685210716	0.25033689207558124
0.34957486588881653	0.40677400926463675	0.24365112484654686
0.34777641773436413	0.3981394347476793	0.25408414751795666
0.347954428502406	0.40286355114316985	0.24918202035442433
0.3469895618152672	0.39843538109069476	0.2545750570940381
0.34737133659736236	0.4000592094754219	0.25256945392721586
0.34747396768714556	0.40050220120218905	0.25202383111066556
0.34967647772392796	0.4033823397558959	0.24694118252017627
0.34520812410990304	0.40368020778312147	0.25111166810697566
0.34386565871904523	0.399101454341267	0.2570328869396879
0.34687921306774777	0.40440046178756517	0.24872032514468717
0.34393612171575194	0.40281910653470987	0.2532447717495383
0.3439127704627853	0.4000317535961264	0.25605547594108846
0.35173942996450275	0.39767445868709145	0.2505861113484059
0.34873222372712676	0.40244233127702356	0.24882544499584985
0.35214702077399995	0.40061574232008734	0.24723723690591287
0.3498458752683028	0.40593789415830545	0.24421623057339187
0.34728500207721263	0.3994083446973551	0.2533066532254324
0.35044630841115737	0.39926381842908576	0.2502898731597569
0.3489307927559199	0.39765172846536584	0.25341747877871434
0.34917540610386905	0.40369538359033885	0.2471292103057922
0.3525649338185951	0.4022537386025556	0.2451813275788494
0.3479063277305817	0.39779654729371794	0.25429712497570045
0.3494616506957906	0.40139038490207435	0.24914796440213513
0.3455014422881617	0.39755114054524715	0.2569474171665912
0.3518268460822851	0.4029297140269761	0.24524343989073893
0.34693045595926064	0.40609602687946167	0.24697351716127783
0.344597453413426	0.4001013853464708	0.2553011612401033
0.35102385812232506	0.40226236752652267	0.24671377435115233
0.3491995337180132	0.3963597042902599	0.254440761991727
0.34839547994980147	0.40522021007750203	0.2463843099726966
0.3479729245346826	0.3993959707859226	0.25263110467939487
0.3507558305725864	0.3976446815438658	0.2515994878835479
0.351694409609517	0.40053922246112506	0.24776636792935808
0.3482341735652918	0.3987405951613378	0.2530252312733705
0.35144231473206344	0.40217876295581245	0.24637892231212422
0.3473234345354529	0.4017461721560732	0.250930393308474
0.35115749091175713	0.3966946979556111	0.2521478111326319
0.3438949146758209	0.40002074416276645	0.25608434116141277
0.34882170930795714	0.39584102478343547	0.2553372659086075
0.34658705982609733	0.4012454593890821	0.25216748078482065
0.34763699976246965	0.3971890554568607	0.2551739447806698
0.3507644015664002	0.40350675292069227	0.24572884551290763
0.34429079332519275	0.4047763558730579	0.2509328508017495
0.3507809546933648	0.3966644834830476	0.2525545618235877
0.3459760346706072	0.4045501597276435	0.2494738056017494
0.34418344503203296	0.404282596410668	0.2515339585572992
0.3500977483173037	0.40058255923831654	0.24931969244437985
0.352426494496614	0.39648414628053497	0.25108935922285114
0.3505834701270113	0.4060096603768451	0.2434068694961437
0.34832322274565375	0.39509748554180196	0.25657929171254434
0.34431327067587986	0.40351013839300653	0.2521765909311138
0.3481913517805956	0.4004475106247213	0.25136113759468315
0.34642388324569867	0.39820551474997956	0.25537060200432193
0.3502022499355126	0.399851928973546	0.24994582109094154
0.34986078531142645	0.4044980356196113	0.2456411790689624
0.35244136329547254	0.40158832580337656	0.245970310901151
0.34473689703736893	0.40619294889803986	0.24907015406459132
0.34827182520545924	0.3954916031938152	0.25623657160072566
0.3482200632183569	0.40339129007535446	0.2483886467062887
0.3493626172221002	0.40298579479104346	0.24765158798685644
0.34909754957147643	0.4039377715234153	0.24696467890510834
0.3523924980171864	0.3954129029194996	0.2521945990633141
0.34723534828108343	0.3948070441653382	0.2579576075535785
0.3498438428824951	0.3968055750364591	0.253350582081046
0.3513093354261959	0.39722846422825553	0.25146220034554867
0.3488174772086858	0.39704327660108113	0.2541392461902332
0.34592750515162723	0.4062114323041709	0.24786106254420195
0.35073901418916253	0.39711915859686775	0.2521418272139698
0.3482692559332407	0.4025663736779138	0.24916437038884554
0.34781479999144105	0.4011170762963008	0.2510681237122583
0.34644620677483523	0.4003543496194554	0.25319944360570945
0.343673375561926	0.40407127053449926	0.25225535390357484
0.34371507204794033	0.4055366693772112	0.25074825857484856
0.35015328668318885	0.3950706290045046	0.25477608431230664
0.3490959078873299	0.4004788986995129	0.25042519341315733
0.34440872849235354	0.40676030253417855	0.248830968973468
0.3461996565528216	0.4048199367725003	0.24898040667467825
0.3491978242164987	0.40436470941493824	0.24643746636856317
0.34758741537884924	0.39781876658985604	0.2545938180312948
0.34985461586706423	0.39475085493903966	0.25539452919389616
0.35263633999800803	0.39801106997162755	0.2493525900303645
0.3490168536282351	0.39808362225373795	0.2528995241180271
0.3483452917409177	0.4006293198116341	0.2510253884474483
0.34682471265818043	0.3966610728054255	0.2565142145363942
0.3490771675297813	0.39867263102990425	0.25225020144031457
0.34925855577937076	0.40500838607001516	0.2457330581506142
0.35064607014028293	0.4041866592144372	0.24516727064528
0.34722963970994714	0.39930228990781175	0.2534680703822413
0.34570475216321866	0.3961422023657767	0.25815304547100476
0.34534747599754456	0.39807731945681335	0.25657520454564225
0.350326306659556	0.39677020765344095	0.25290348568700316
0.3459889606106265	0.4056136574370368	0.24839738195233674
0.3488970186038895	0.4003613278232043	0.2507416535729063
0.35260650079064715	0.3983155826828043	0.2490779165265487
0.35087293788515156	0.39885975826358977	0.25026730385125884
0.3469416079855964	0.4019725308383748	0.2510858611760288
0.3498458945686951	0.3989691194743369	0.25118498595696814
0.3501287058169661	0.40105903054247755	0.24881226364055647
0.34918932851023693	0.40662556522240356	0.24418510626735962
0.3507633155299369	0.39848889589581593	0.2507477885742473
0.35157391947359157	0.40525331435297407	0.24317276617343447
0.3459136728268635	0.40120243307516856	0.25288389409796797
0.3447626675685673	0.4057089048705629	0.24952842756086988
0.3463805780783416	0.3961036548582543	0.25751576706340423
0.34739007129462385	0.39714303476332286	0.2554668939420534
0.346783622926743	0.3968543319488971	0.25636204512436006
0.34772116882496273	0.4035316517092705	0.24874717946576683
0.3521185174284595	0.39540751859019196	0.25247396398134864
0.34631514204563396	0.39919246321694696	0.2544923947374192
0.3451894560091608	0.4012523029975884	0.2535582409932509
0.3478160462321373	0.39496269583413	0.2572212579337328
0.3445660195654651	0.4042319901649414	0.2512019902695936
0.3461815634074449	0.39488342874379967	0.25893500784875556
0.3528200444406157	0.40086443523680887	0.24631552032257556
0.3438686824950183	0.3989278346941731	0.25720348281080874
0.34988593687324376	0.39685733274878526	0.25325673037797103
0.34717743696225184	0.3953927905957002	0.25742977244204807
0.3508123834024399	0.399668393468704	0.24951922312885622
0.35128776345710094	0.3990292980716948	0.24968293847120437
0.34853295414612434	0.3980401894950336	0.25342685635884216
0.351894014568159	0.4033957924691638	0.24471019296267726
0.35209291670203213	0.39500134020219413	0.2529057430957739
0.3489471155158485	0.40256019901557394	0.24849268546857764
0.34984612481702415	0.3996609113371211	0.25049296384585484
0.35134425140997916	0.40042352421082594	0.248232224379195
0.34547366218326714	0.4052165427834602	0.24930979503327277
0.35203093536285046	0.40478859186665517	0.24318047277049448
0.346246955953873	0.4056337446680137	0.2481192993781134
0.34388996917349574	0.3988984196442993	0.25721161118220515
0.3464712464734478	0.39672252779125816	0.25680622573529416
0.3518012399983106	0.397203991988223	0.25099476801346654
0.34754475818495134	0.40351084266935305	0.24894439914569572
0.34384439799582855	0.40675112612120606	0.24940447588296552
0.348445602529879	0.3998515728315336	0.2517028246385875
0.3437985760270865	0.40079207453331045	0.25540934943960314
0.34887386048125046	0.4038087781517995	0.24731736136695018
0.34694940755338793	0.40413606861913975	0.24891452382747242
0.346148959990317	0.39942974854146823	0.2544212914682149
0.34510360319655237	0.39937943234846024	0.2555169644549875
0.3501300146608384	0.400478407750834	0.24939157758832772
0.34814487172318415	0.39856105756657495	0.253294070710241
0.34831179497508147	0.3953001413166951	0.25638806370822353
0.34865188352281745	0.4044552410257258	0.24689287545145688
0.34479248595825235	0.40254349091042524	0.2526640231313225
0.34494641975653245	0.40473383423005116	0.25031974601341644
0.34399358494831256	0.40256365493153323	0.2534427601201543
0.3451740309408844	0.40439374131199907	0.25043222774711665
0.3520777077613001	0.39542139807088317	0.25250089416781685
0.3459592120190561	0.4026034720043106	0.2514373159766334
0.3511407233326807	0.40448735444852335	0.24437192221879606
0.3438347873371215	0.40271080784607216	0.2534544048168065
0.35015219925201524	0.394997080252549	0.2548507204954359
0.3490529122987935	0.40632722954540546	0.24461985815580112
0.3450884466908315	0.4027110377302858	0.2522005155788828
0.3529168501986747	0.3988625620976736	0.2482205877036518
0.34498110312433683	0.40626152980518193	0.24875736707048135
0.34969776648450845	0.4048410664815659	0.2454611670339257
0.34917165384024934	0.3997779539788298	0.25105039218092096
0.34970062624071274	0.4053818131843753	0.2449175605749121
0.3508965953336033	0.39778324471020676	0.25132015995619006
0.3512995261190739	0.4036900729706747	0.2450104009102515
0.34635612207746636	0.39587971468799277	0.257764163234541
0.3525052640233965	0.39630052215268496	0.2511942138239186
0.34416974919100674	0.4018014553980225	0.2540287954109709
0.3490787796757048	0.4067359555600245	0.2441852647642708
0.3527952355854562	0.39849686708491117	0.24870789732963275
0.3436661755495936	0.4015553036713456	0.2547785207790608
0.3473688813395637	0.4034453445276054	0.24918577413283105
0.34525915304591853	0.39969684657787113	0.25504400037621044
0.34647260919206524	0.3978331099811267	0.25569428082680823
0.3516783351160907	0.4026321018943208	0.24568956298958863
0.3447297298364645	0.39710956738779857	0.25816070277573705
0.3522162502626746	0.39788629054720304	0.24989745919012252
0.34905249266384575	0.39980963898194877	0.2511378683542056
0.3487056099436176	0.40117912677908496	0.25011526327729755
0.35102936039987753	0.3988951872617438	0.2500754523383788
0.34853335793002216	0.39668022174132517	0.2547864203286528
0.34653868608656824	0.39788785064594734	0.25557346326748454
0.3470388662045248	0.39958343028405535	0.25337770351141997
0.345253899704427	0.4063264113000069	0.2484196889955662
0.34778554445159215	0.39635013912709893	0.2558643164213091
0.3494676477434764	0.40015903740161896	0.25037331485490477
0.3467932454212455	0.40154974817805705	0.25165700640069755
0.34998378745478986	0.40507869131619584	0.2449375212290144
0.3439008298637631	0.39936820503228077	0.25673096510395627
0.34953516781009586	0.3989211864577431	0.25154364573216115
0.3474301131139108	0.4067223731967332	0.24584751368935603
0.34824533041765365	0.39509019309249105	0.2566644764898554
0.34803636624982215	0.3946960073568586	0.25726762639331935
0.349818205187332	0.3968299561266295	0.2533518386860386
0.3501163432593549	0.39679993992411844	0.25308371681652675
0.34562355486531826	0.39526942697757683	0.259107018157105
0.3520413524821859	0.4012384276270184	0.24672021989079584
0.3464060310509757	0.40284884905152896	0.2507451198974954
0.34588493256520275	0.4037604769451044	0.25035459048969294
0.3482674690854117	0.4016312918141916	0.25010123910039683
0.35095648709659455	0.4009386864228809	0.24810482648052468
0.34423160592408525	0.3998896344327078	0.25587875964320705
0.34680413859470366	0.40005560456825134	0.2531402568370451
0.34689334191325805	0.403798129226382	0.2493085288603601
0.35182631450533275	0.4002926083022057	0.24788107719246164
0.35126992758873865	0.3975191327300935	0.251210939681168
0.34570474163927245	0.4033800693647941	0.2509151889959335
0.3476967935929654	0.3998409074532699	0.2524622989537648
0.3511150380290497	0.3975904235304908	0.2512945384404596
0.3441760514863836	0.40532119837012465	0.2505027501434919
0.3448026819286243	0.40316908059019396	0.25202823748118186
0.347308499901273	0.3953338430975208	0.25735765700120633
0.34798163668243415	0.3976280051159577	0.25439035820160827
0.35164922342418786	0.39528986769057134	0.2530609088852409
0.34617814975749195	0.40304082238049427	0.25078102786201395
0.34728422599787284	0.39715831380369016	0.2555574601984371
0.35246307792570986	0.39903089991384094	0.24850602216044934
0.351241053888706	0.39505700155066437	0.2537019445606297
0.345720559341813	0.40131018324802087	0.2529692574101663
0.34740950861235154	0.3993766800255117	0.2532138113621369
0.34958410035532	0.4068554030214456	0.24356049662323448
0.34544066494201114	0.4006827848672331	0.25387655019075595
0.34838260344101946	0.4041339811534651	0.2474834154055155
0.34896399836998665	0.40187392806285016	0.24916207356716327
0.3458971056083851	0.3960475483286695	0.25805534606294556
0.3448329861151283	0.40119669565424865	0.25397031823062316
0.3464200988604436	0.4043953792073623	0.24918452193219423
0.3436526852328905	0.3997519995284373	0.2565953152386723
0.34410735312580804	0.39941279723012324	0.25647984964406884
0.3444298198299852	0.40344949143760084	0.25212068873241406
0.3470714893448327	0.396873227773542	0.25605528288162543
0.3518887534482019	0.4034057397055457	0.24470550684625247
0.3446433836328038	0.4001854332118971	0.2551711831552993
0.3517919990238158	0.3950711688568093	0.253136832119375
0.34716519542939583	0.40674186082800823	0.24609294374259605
0.34904234202938894	0.3998640045052939	0.25109365346531726
0.34738079110228326	0.3953353917535031	0.2572838171442138
0.3508740052543879	0.4014210205897838	0.24770497415582843
0.3455993000714553	0.40008324091668934	0.25431745901185543
0.3443379653178312	0.40121974565670104	0.2544422890254679
0.34698052993675693	0.40431862758802906	0.24870084247521418
0.35029589228553265	0.39993808282068244	0.24976602489378508
0.3479124064609187	0.39902651947213935	0.25306107406694206
0.3469484831803188	0.3977495585546166	0.25530195826506474
0.34506303662145904	0.4010424442157958	0.25389451916274525
0.35047197481874703	0.4020368075594106	0.2474912176218425
0.3496931432203912	0.4031038479436067	0.2472030088360022
0.3473576975614344	0.40680486544919614	0.24583743698936958
0.34896251217791546	0.4008878039194638	0.25014968390262077
0.3505137918853716	0.40076026263496606	0.24872594547966248
0.3444264008621639	0.3975476355423661	0.25802596359547014
0.349454552379698	0.40019939459988135	0.25034605302042073
0.34951544668389944	0.396748444832723	0.2537361084833777
0.34734834486780697	0.40171448089441597	0.25093717423777717
0.3488176587451167	0.4049738413725859	0.24620849988229745
0.34437604549442935	0.4055786424942799	0.2500453120112909
0.3498829585092698	0.4002785886930966	0.2498384527976337
0.3438727540031953	0.405671158303862	0.2504560876929428
0.3522026689787064	0.4019344242882424	0.24586290673305133
0.3506855257269869	0.40462664316439384	0.2446878311086194
0.35291581126481125	0.3983141155098001	0.24877007322538872
0.34734471904608016	0.3961639343494499	0.25649134660447004
0.34622513776587505	0.40242342099565653	0.25135144123846853
0.3471375457334172	0.3988550056640466	0.2540074486025363
0.344923696456619	0.40620603721830534	0.24887026632507575
0.3463460320869401	0.39513317911633516	0.25852078879672485
0.35282533935610005	0.40168670488156755	0.24548795576233254
0.34468224066677944	0.4014227415928845	0.2538950177403362
0.34818454182636077	0.400951947605257	0.2508635105683824
0.34750790802365594	0.40633158781758244	0.24616050415876173
0.35062816677897696	0.39560393342811195	0.25376789979291114
0.35085805140542914	0.40596185566205123	0.24318009293251974
0.34805297990135786	0.4023131078379535	0.24963391226068882
0.34743943493208324	0.39543513792496576	0.2571254271429511
0.3524358351719744	0.3949087829208942	0.2526553819071315
0.3454017426282203	0.39740115865441894	0.25719709871736085
0.3465642337133617	0.40184917532538766	0.25158659096125074
0.35215886731226054	0.3950811087178731	0.25276002396986647
0.3501657755937858	0.3981025874201049	0.2517316369861094
0.34763503447433075	0.39535776819808827	0.2570071973275811
0.352182288517262	0.40307395482486347	0.24474375665787462
0.3519267184147807	0.4049746774753296	0.24309860410988982
0.3466977076987606	0.3964069744939802	0.25689531780725927
0.35194799952277656	0.4021250185566221	0.24592698192060147
0.35219754384486723	0.40332408766668104	0.24447836848845184
0.3457681430008057	0.40492253110040266	0.24930932589879173
0.3444026496627738	0.40200171199983714	0.2535956383373892
0.3440058336247242	0.40267141181259014	0.2533227545626857
0.34876226859454046	0.405645126630354	0.24559260477510558
0.3439314419908061	0.397875386983672	0.25819317102552203
0.3491590649544545	0.4059913010060647	0.24484963403948096
0.3473348983742657	0.3994843308195947	0.2531807708061397
0.35065454349001723	0.39685337499752743	0.2524920815124554
0.34762299139168124	0.4039518694156747	0.2484251391926442
0.3463104486711509	0.4011736214421983	0.2525159298866509
0.34819967212630687	0.40632342262320165	0.24547690525049154
0.3441550578096612	0.4012980996631813	0.2545468425271576
0.3472131192611998	0.40638415235313263	0.24640272838566768
0.34405407427160256	0.39891200978268115	0.2570339159457164
0.3470115640711216	0.4019107321001594	0.25107770382871913
0.3513306124581748	0.4051475710597407	0.2435218164820846
0.3519061015079333	0.39943017817427917	0.24866372031778766
0.3470151646359605	0.39886541533090286	0.25411942003313676
0.34877527212024667	0.40154101763890326	0.24968371024085018
0.3485666922990314	0.4022648196111941	0.2491684880897746
0.34649456002108475	0.39507419058967214	0.2584312493892433
0.3438304573675336	0.4068369101374341	0.24933263249503237
0.352422952030532	0.3976631803143146	0.24991386765515355
0.350212663245388	0.3992610971188529	0.25052623963575915
0.344357152063615	0.39909120108188906	0.25655164685449605
0.3440557228901603	0.39858548019074025	0.2573587969190996
0.3498003080026109	0.4042638981291412	0.245935793868248
0.34984959669615107	0.39496049736791744	0.2551899059359316
0.3487788959586795	0.3951235911342747	0.25609751290704585
0.3438841034878448	0.40561248230359165	0.2505034142085637
0.3462737897155848	0.39842842108503274	0.25529778919938256
0.3500847645456975	0.40666676574267613	0.2432484697116265
0.346120917981961	0.4006952797314421	0.2531838022865971
0.3441163466156435	0.40414204913871465	0.25174160424564196
0.3512979890249247	0.4054197263650059	0.2432822846100695
0.3443227405904429	0.39670932464290154	0.25896793476665575
0.3475165026081114	0.4064810807600705	0.2460024166318182
0.3511544991950159	0.4057114076236078	0.24313409318137644
0.3438591555973924	0.4026865237975195	0.2534543206050882
0.34974785121214774	0.39697568455033344	0.25327646423751893
0.3448103387444092	0.40501972114477003	0.2501699401108209
0.34703995183212755	0.3996871183228081	0.2532729298450645
0.35083653609122806	0.4039529784222685	0.24521048548650354
0.34928863973928626	0.4014958884316254	0.2492154718290885
0.3519923224169344	0.3969808755909027	0.251026801992163
0.34854418593685765	0.4054536700102073	0.24600214405293513
0.3472441323175791	0.3988735731316344	0.2538822945507866
0.34780107857894277	0.4042428972478762	0.2479560241731811
0.3462629268989484	0.39750004120341004	0.2562370318976417
0.35004174427007556	0.39527893666568015	0.2546793190642444
0.34717246741152535	0.4039891296942201	0.24883840289425468
0.34776814324118854	0.4029416323088909	0.24929022444992066
0.35159612457963235	0.3982712681946304	0.2501326072257374
0.34787364545106514	0.400343329983866	0.25178302456506896
0.34721358120444	0.3987330094074196	0.25405340938814047
0.3478131171394897	0.3983655786802933	0.2538213041802171
0.3472923073878169	0.40389446946495333	0.24881322314722992
0.34939945026562946	0.40232010023163267	0.24828044950273798
0.34666436793166006	0.3949054685277637	0.25843016354057635
0.3474765321033045	0.40199465473913476	0.2505288131575608
0.34755662062876924	0.4029225883649124	0.24952079100631844
0.34631409771097865	0.40263510070945757	0.25105080157956383
0.34975346971859655	0.4067069278862685	0.243539602395135
0.3498021964254973	0.39507087647994443	0.25512692709455836
0.3505754824419475	0.4028476591376123	0.24657685842044033
0.34365646918102355	0.39732841820768633	0.2590151126112903
0.3528959409262266	0.40247490812502135	0.24462915094875218
0.3496377503343925	0.40264634460755866	0.2477159050580489
0.3464294581191575	0.39529720505809784	0.25827333682274484
0.35156345466716155	0.3995466962999795	0.24888984903285905
0.3508110313249223	0.3987544380651489	0.25043453060992893
0.3462379474949852	0.39916753553905104	0.2545945169659639
0.3509932378265091	0.4050261967735277	0.24398056539996327
0.3445855902008201	0.39955324951563276	0.2558611602835473
0.34390966635496617	0.40570747206281443	0.2503828615822195
0.34847872303439714	0.3966135656078801	0.2549077113577229
0.35228058950724944	0.39908309174187867	0.248636318750872
0.3459491770260208	0.39837345245243	0.2556773705215493
0.3456197304543306	0.4066990562149939	0.2476812133306756
0.343661274671558	0.4041041370542939	0.25223458827414824
0.3501235569500307	0.39927007390277497	0.25060636914719436
0.35259384320182346	0.4016047611783308	0.24580139561984585
0.3465253051336773	0.4034986099932019	0.2499760848731209
0.3490936042050602	0.4007245432117502	0.25018185258318976
0.3498967066675448	0.4039233985125555	0.24617989481989982
0.3517820911324774	0.40481637672230053	0.24340153214522223
0.34521743389536025	0.40079175871197725	0.2539908073926626
0.3464200670599328	0.4067859880248015	0.24679394491526582
0.34752244445107794	0.40384699886461445	0.2486305566843077
0.346897172863141	0.4033446055607827	0.2497582215760764
0.3451382394753506	0.40649309717896676	0.24836866334568275
0.34843629312208657	0.403616990348888	0.24794671652902558
0.34784743464376616	0.3978825668281202	0.2542699985281137
0.3480442631787124	0.39926420730566115	0.25269152951562657
0.3491069561347672	0.40084357192352654	0.25004947194170635
0.3484843949247374	0.4017351575714728	0.2497804475037899
0.3505827484227115	0.4001375974479816	0.24927965412930703
0.35010745057212406	0.39942196087680715	0.2504705885510689
0.34470946605638686	0.4032935856677161	0.25199694827589714
0.34903867187558313	0.40449073765895854	0.2464705904654585
0.3476690843050147	0.39692942449365787	0.25540149120132755
0.34563483913187476	0.40491235607406395	0.24945280479406137
0.3445449523768851	0.40188657816423895	0.25356846945887607
0.347466125363367	0.4015383546078517	0.25099552002878145
0.3481809775579074	0.40274929484307714	0.24906972759901552
0.3510537417112035	0.40142016370979655	0.24752609457900007
0.34581681902677214	0.4058167323938546	0.2483664485793734
0.3514358348936646	0.39501558335540465	0.2535485817509308
0.34832086926438505	0.394870008610193	0.256809122125422
0.34893633862216944	0.4013319303248952	0.2497317310529355
0.34955334081138273	0.3948226225547925	0.2556240366338249
0.3457521351982251	0.39680729472665166	0.25744057007512333
0.3437068372850701	0.4013922520323903	0.2549009106825397
0.35236962204228117	0.4008015512133556	0.2468288267443633
0.34780791550394613	0.4036920474981297	0.24850003699792428
0.35023693582920806	0.40630873968639714	0.24345432448439497
0.3452868363360189	0.40510297157422737	0.24961019208975382
0.35183803107246925	0.39623169245330303	0.25193027647422783
0.34796363175057354	0.4064166401043069	0.2456197281451197
0.34565829862566416	0.4004723403360862	0.25386936103824975
0.3466795836037388	0.40138224549570556	0.25193817090055576
0.3468948298290587	0.40080689989039264	0.25229827028054874
0.3503047429457483	0.3962569723756343	0.2534382846786175
0.34378073403516457	0.40496811979187086	0.25125114617296473
0.34410450173395174	0.4031229618014409	0.25277253646460746
0.3509683382541994	0.4009745958753013	0.2480570658704994
0.34727937191902297	0.4015098432823058	0.2512107847986713
0.3502712180382539	0.40582423828518277	0.2439045436765634
0.3448340270996798	0.40116777711895824	0.25399819578136207
0.3489364690465018	0.4043270372369148	0.2467364937165835
0.34601129969388406	0.3995594556061911	0.25442924469992495
0.34787992266020823	0.39861466980079435	0.25350540753899753
0.34877963425865854	0.40134379582418334	0.24987656991715823
