0.2553080426683028	0.077328324977176	0.2902525018222682	0.1608216477927053	0.21628948273954743
0.2540109483176535	0.06697362919863639	0.31369708269886365	0.1457043058822014	0.2196140339026448
0.24308065265465423	0.06620994223481638	0.29588144905056557	0.17302056532666454	0.22180739073329903
0.2255113158834996	0.08432083134361858	0.29583579845641583	0.15789627921956761	0.23643577509689814
0.24120514652109182	0.07973235970606671	0.290930217159355	0.14824521803558655	0.2398870585778996
0.24998571614030682	0.06294084077394935	0.2889698362329511	0.15629133042193982	0.24181227643085265
0.23198878323457983	0.06987702957002984	0.3110785010702733	0.16776103331588493	0.21929465280923183
0.2522465527416483	0.06395278132655852	0.30850902966577287	0.15735143038983168	0.21794020587618837
0.2421357903995623	0.07665845372140973	0.2977929292581868	0.15458889418771687	0.22882393243312407
0.25170705502437507	0.0862702764865366	0.29744623513033736	0.14696636704650112	0.2176100663122496
0.2664821102196442	0.07484161024480995	0.296573050338399	0.1478023100658665	0.21430091913128008
0.22852422341952747	0.06867026146563648	0.30421894641451425	0.15464473220674052	0.24394183649358103
0.23974847746918476	0.06468640266136885	0.3077951507605758	0.169778397208339	0.21799157190053137
0.23045296286141714	0.08216713191832306	0.2862725186602294	0.15031847881021748	0.25078890774981266
0.2363721595557307	0.06551331359429208	0.3025005947453716	0.1471573108364215	0.2484566212681839
0.2351710965147671	0.08936932318571945	0.2910735327627451	0.16075381150341309	0.22363223603335503
0.22785042410967637	0.06714536892428552	0.311546313929494	0.1739944461827993	0.21946344685374455
0.2289595091162142	0.08408255420538352	0.3025897379880659	0.15702662122875885	0.22734157746157727
0.2342155184071039	0.07512190538037994	0.28876694095142097	0.15057686205576531	0.25131877320532964
0.23563776282995547	0.09146098458857749	0.29646797629060306	0.15183281092164225	0.22460046536922149
0.24772986010690032	0.08961366634630877	0.2884102119376505	0.14609045699145076	0.22815580461768947
0.2347577730838935	0.07793508707896796	0.2983825039183645	0.1675122146595719	0.22141242125920185
0.2397590245027197	0.06993000054939622	0.2892727039108607	0.15229363367308793	0.2487446373639352
0.2658678304044482	0.06240273707203467	0.29024098734188525	0.14665729060553112	0.23483115457610046
0.2319795121870576	0.08332350359531072	0.30623141380545466	0.16218800432447383	0.21627756608770296
0.2286110403372806	0.07637560387664297	0.308049493128744	0.16092871514917761	0.22603514750815454
0.25875428650375243	0.06578667876564981	0.29863348018260893	0.14723285749580195	0.22959269705218666
0.22713489190210828	0.06499092310968643	0.28836920272218736	0.1694201777461764	0.2500848045198412
0.225439651866018	0.08892825824274941	0.2986682507856476	0.16554481147389932	0.22141902763168542
0.24302141771235924	0.07522632929677889	0.30190413316438575	0.1583398655395441	0.2215082542869318
0.2300512033479749	0.0748834105977777	0.31257184582191777	0.15883765737298727	0.22365588285934213
0.2368797400852531	0.06734825171741887	0.31695950594355954	0.1441011003326673	0.23471140192110096
0.22668690570435118	0.0882808778142104	0.30464462440870643	0.153353032668848	0.22703455940388376
0.24183697871196524	0.0692783547894662	0.29633248082333435	0.17061831264317395	0.22193387303205997
0.2644751259230044	0.0821637277638214	0.2872623871894537	0.1426956192014091	0.22340313992231123
0.2326163373861019	0.06886629404229444	0.3092098303170807	0.17121916965076053	0.21808836860376218
0.23643911590682343	0.07997085065747128	0.28950944660453304	0.1472279586267179	0.24685262820445414
0.2339850021152772	0.06605556939203067	0.30621217153396524	0.14602115276046718	0.24772610419825944
0.2651590440727889	0.06353813014772011	0.2913963207135921	0.14516480721540098	0.23474169785049762
0.246182314154121	0.06882057039837355	0.29337020087679755	0.1491153000653252	0.24251161450538242
0.23962429247573921	0.07040249072084995	0.29253399828214816	0.14598456382891312	0.2514546546923493
0.2583014770899295	0.07737573464166855	0.2868287089974824	0.1501513679462402	0.22734271132467906
0.25780921509305077	0.06651523757701625	0.28797162451562563	0.16457286276568778	0.22313106004861932
0.23514091970741755	0.07751448067995809	0.3112964522824151	0.15601514803247485	0.22003299929773415
0.23333728372375184	0.061692066703651655	0.30772246520481206	0.1676240919547427	0.2296240924130415
0.24413659062309573	0.06874057601806685	0.3017885358004167	0.16257258850631007	0.22276170905211043
0.24642275287824228	0.06993957346927152	0.2897079088385231	0.17030538695641206	0.2236243778575508
0.23569852658954824	0.07991096949605456	0.29924445607317407	0.14653722174570263	0.2386088260955202
0.2267817526747676	0.08652022935093595	0.31257778552836096	0.14295902610534986	0.2311612063405854
0.23322198012623874	0.06699364882868558	0.3162512226809496	0.16028125198124638	0.2232518963828795
0.2350695778749021	0.0635958710657755	0.31549641707249165	0.15718197884838905	0.22865615513844148
0.24452131661340354	0.06946841072603951	0.2957660401744764	0.1698788169473109	0.2203654155387694
0.23004668219255053	0.07878603278908107	0.299822943129543	0.17327173207369498	0.21807260981513021
0.23674361081989043	0.08369508987308787	0.2930430501697609	0.1574130769105993	0.22910517222666124
0.23376598132200538	0.06759858810281766	0.30815277657535917	0.16251498851044227	0.2279676654893753
0.24830095515930053	0.07807748807552668	0.31243569763422535	0.1434670959162733	0.2177187632146739
0.23845118350562147	0.09102819563326207	0.30890432396163203	0.14602268317957298	0.21559361371991118
0.2510603899074302	0.06328011778599385	0.3004440742192681	0.16273301398811402	0.2224824040991936
0.23486055901876912	0.07349770113075049	0.2904372615362917	0.1662612800651546	0.2349431982490338
0.23005854992234123	0.07965512367619007	0.31328263962795155	0.14456929756274778	0.2324343892107691
0.2356203798475458	0.08563320556980637	0.3021932272316922	0.14991137613973374	0.22664181121122168
0.23145960493007403	0.07790747979700252	0.3044530095813707	0.15263140530317626	0.2335485003883762
0.2587250176365405	0.06173033433521946	0.30730311861130477	0.1440464727399101	0.2281950566770249
0.2606307701778928	0.07104403336754317	0.30741580051391193	0.14572010417495476	0.215189291765697
0.23285710959435696	0.06152899301717915	0.2978156080133858	0.16234198803334157	0.2454563013417363
0.24145031205502887	0.07494803085724647	0.29559843958720083	0.16177523528303286	0.22622798221749071
0.2342281903358306	0.08334215816954119	0.30506486612919886	0.1588676498859496	0.21849713547947952
0.22752729703749663	0.09349229288615549	0.3025874031539739	0.150813727641135	0.22557927928123872
0.24569578705690784	0.07319045856359088	0.2922476963979226	0.170605884859732	0.21826017312184648
0.22733233566991146	0.08371507382018492	0.29419024399656446	0.15885614500454942	0.23590620150878955
0.2335404378861331	0.06939305023591144	0.2967974916591003	0.16259273034979432	0.2376762898690606
0.23092764671376792	0.0932227598400089	0.2877739487734987	0.16548061409103332	0.22259503058169094
0.22881309625987176	0.07994672562690641	0.29026771743673496	0.15666384303971204	0.24430861763677456
0.23153572531765992	0.07982907448601752	0.30323348176179066	0.14575309225836747	0.23964862617616423
0.23419152862016224	0.07880074022185284	0.29002724905202365	0.15760984356675034	0.2393706385392107
0.2298472833301934	0.06770856419782953	0.31687836891156573	0.1500716251841185	0.2354941583762926
0.2456061223804383	0.07675252108683958	0.31263755872511906	0.15142707614972917	0.21357672165787367
0.23204116200852104	0.0824762429221405	0.2900779718093896	0.1488263824893126	0.24657824077063606
0.23891673365324376	0.06733928592828492	0.3154430176993373	0.15662217450317453	0.22167878821595924
0.22615610336700975	0.07674148237523343	0.2901695971492314	0.16644751706544003	0.24048530004308516
0.22600759527467923	0.07364404007663819	0.31373211078310137	0.1444706064563485	0.2421456474092325
0.2342299422106493	0.06741564201287589	0.2959169893693174	0.16234511377044047	0.2400923126367167
0.24042553793952137	0.07180724531222615	0.3160760142097433	0.15176071874081878	0.21993048379769015
0.22558540837600727	0.08767582742840332	0.3065717105414975	0.15735754472807678	0.22280950892601487
0.23933139399962533	0.08862150500308713	0.28984094313968994	0.1560494635586281	0.22615669429896923
0.24047324948053686	0.06980088037016505	0.2990852113105921	0.16876161805145043	0.22187904078725526
0.23104329673874496	0.06430823068129563	0.3150989803299438	0.154574542968981	0.23497494928103438
0.23897713471510185	0.08756210533324471	0.2887602089196779	0.15436305436448497	0.2303374966674903
0.22661713781055662	0.0748753839293875	0.29424415627695444	0.16455903307907838	0.2397042889040228
0.23579481527709295	0.06485896039999373	0.304926278776351	0.16611962796373247	0.22830031758282965
0.24495836841157945	0.07052610757960887	0.29903985436305847	0.15629694623172258	0.22917872341403042
0.24308744483655353	0.07711656989555464	0.2870373303054904	0.17122163334538526	0.22153702161701594
0.23240471431562715	0.07526276233529103	0.31687548624366096	0.15830592043770697	0.2171511166677137
0.2548916565460949	0.07170950277726731	0.3018012463377077	0.15461710164808257	0.21698049269084724
0.22586144427423502	0.08242579865385406	0.28844020516627333	0.1691912428713908	0.2340813090342465
0.22577871376001907	0.08898244064531978	0.28681149934603173	0.1473606319379675	0.2510667143106617
0.24989601400197037	0.0847383879658485	0.30618532809735904	0.1449687141498878	0.214211555784934
0.2514782611324602	0.07062410956763476	0.3014333847330361	0.15634432719681518	0.2201199173700535
0.2318236571029835	0.08085618231065844	0.290261852076072	0.1501289229121106	0.24692938559817523
0.2569605710026873	0.07979902404105407	0.2869829151323347	0.1604686981924637	0.21578879163146
0.24398418671354627	0.06766546801912077	0.2876757502263063	0.15021142289211026	0.2504631721489161
0.2405534642488043	0.06319290461309682	0.3069876665381678	0.17091466678887804	0.21835129781105278
0.24411976352695616	0.06629902498182247	0.31668072333471653	0.14543627374935958	0.227464214407145
0.23641762402344235	0.06824501716763484	0.3036064765538496	0.14244897674142498	0.24928190551364798
0.24416115076649125	0.08949769418385799	0.29999689220573267	0.1491580925464091	0.21718617029750875
0.23284438690517228	0.06978085898056807	0.3127025215020024	0.14966055619505897	0.235011676417198
0.2293044329905564	0.08099819326959427	0.2901719216582976	0.16798228329169837	0.2315431687898532
0.23413618619458887	0.08907968529382641	0.300462325485539	0.15170495984974106	0.22461684317630443
0.2388513659387591	0.08592898743338549	0.28879714032351395	0.1561082659888699	0.2303142403154713
0.23670550103274243	0.08866911474196293	0.30117126675147965	0.1533213291260866	0.22013278834772818
0.23212591716499387	0.07589114580215273	0.2935222430580006	0.16299951432189952	0.235461179652953
0.2392902447864989	0.06583121226859556	0.31111773762819706	0.14290342168535955	0.24085738363134868
0.260479718840175	0.07918520908432827	0.2873704030939117	0.1522732585751444	0.22069141040644039
0.23219965937220904	0.07084553717442835	0.30270518496786764	0.15049936530589098	0.24375025317960375
0.23091844505978892	0.08390894212611218	0.2943067079910738	0.16060070102279522	0.23026520380022972
0.23728688108133256	0.06869609696796256	0.2959453479836507	0.1584616980315362	0.23960997593551772
0.23295321954172918	0.06942448732334472	0.2894445590666992	0.1742621364764969	0.2339155975917297
0.24602288493870955	0.06497414357437634	0.30075750686357616	0.1596763351263394	0.22856912949699826
0.236077444509581	0.07634353468306551	0.28980087584933867	0.16736858362738957	0.23040956133062498
0.263318217725547	0.07170052092082585	0.29268993683749206	0.15768964859397847	0.2146016759221564
0.24222079323307494	0.07491539532466052	0.2938263709285077	0.16422609247227876	0.22481134804147782
0.23805477261847452	0.07513685108973271	0.31742486492643424	0.14752866856613095	0.22185484279922735
0.23824820142636705	0.0734927944130426	0.2874530269822553	0.17366724736077688	0.22713872981755792
0.2479156593910744	0.06741939219004664	0.3158824173053653	0.1432090121213302	0.2255735189921832
0.23457770441783216	0.0846507776476603	0.29907468778929513	0.14761398476534285	0.23408284537986934
0.25586387613651446	0.062480941814030855	0.29379640425447284	0.16056808756851443	0.2272906902264672
0.2628789541514194	0.06657000221005005	0.29032991759370097	0.15317684221555575	0.22704428382927358
0.23953890907778008	0.0881155941070306	0.29674612395099875	0.1524779753732824	0.22312139749090792
0.2526556950594844	0.07740600508209947	0.29143285827182663	0.14234865354946985	0.23615678803711937
0.26277293378381233	0.07133989524635431	0.29104503350882366	0.15202851679681834	0.22281362066419108
0.23834367799065134	0.08546730371303887	0.29759999572514223	0.15779323686514296	0.22079578570602434
0.2662036696826672	0.06154251745976369	0.30558258669749017	0.14276652032020448	0.2239047058398742
0.2501756760270726	0.0728417186745211	0.3059057242813358	0.1437022399424923	0.22737464107457797
0.230829126968956	0.06852784187872221	0.2946366305158615	0.1738303512314619	0.23217604940499825
0.2347089971066657	0.06264720527366544	0.30693846766679156	0.17003173650860975	0.2256735934442673
0.25075711323994565	0.06561068888971766	0.291512844016646	0.15301094589333372	0.23910840796035668
0.2293196063859963	0.07767453266149311	0.296021829103047	0.1723443671602442	0.22463966468921914
0.24153444916566844	0.07447157505108426	0.30770554019732677	0.1619029631610005	0.21438547242491976
0.2279021792967002	0.06668918701067025	0.29993210807932796	0.16388240038492802	0.2415941252283733
0.2368339414574625	0.07563153811371164	0.312453232063705	0.14577378109162079	0.2293075072734998
0.24014965912265562	0.08062379175775045	0.28637988780597956	0.174000004093532	0.21884665722008212
0.2514295272818175	0.0649519217540474	0.30219348895874654	0.15587720601940738	0.22554785598598093
0.2564924190517417	0.07133162123167047	0.28924254682448947	0.15150020200652417	0.23143321088557392
0.23053734115538535	0.08381504965732844	0.29328493621894575	0.14620580962502744	0.24615686334331277
0.2416761332767759	0.08794219137628581	0.29061430742310357	0.14398874567080563	0.23577862225302884
0.24339366740040932	0.0718204599880145	0.2945307743914834	0.1428105896081064	0.24744450861198614
0.2436569346903008	0.06199801860125548	0.30086332958620543	0.17404237654513363	0.21943934057710446
0.23087979350469026	0.07716755606692952	0.2960836077684214	0.16485378488820052	0.2310152577717581
0.23032725271112076	0.07232921583776158	0.30245718021853	0.16103514039270062	0.2338512108398868
0.23467628623318393	0.09231260978886295	0.29678917498542234	0.1559329653907735	0.22028896360175698
0.2520034301834516	0.07881222203209602	0.28925277683075623	0.15990783491947302	0.22002373603422282
0.23097240204917308	0.0823375769065978	0.31043557285356815	0.14864051982462786	0.22761392836603284
0.2300478731152843	0.06493596066992044	0.29825005274793276	0.1582867569137027	0.24847935655315956
0.2390104930719698	0.06298805806471167	0.2913990618204343	0.15962627685216935	0.24697611019071458
0.2471694446994939	0.06405206892602291	0.30289328543522187	0.15996557863455724	0.2259196223047038
0.23310704622820033	0.07296944032160124	0.298207941645932	0.14817755978739708	0.24753801201686906
0.2255027739963821	0.07452688386036338	0.2962211538000302	0.16428764556997558	0.23946154277324844
0.24465683401798177	0.06743559552905237	0.2922109351523151	0.16740008435304649	0.22829655094760398
0.24752196774831803	0.08514158323217685	0.29018179075642025	0.16118904790598898	0.2159656103570956
0.23931527519366527	0.08370777041915528	0.2977820220252789	0.1556535653281563	0.223541367033744
0.23969925916996748	0.08517095387565099	0.29569587869690606	0.1498073680548492	0.22962654020262602
0.2653939147698512	0.06627828453151846	0.30215557381457503	0.1435608225540698	0.22261140432998525
0.23528037117621697	0.06420263537006352	0.3052356137017024	0.1505530197729204	0.24472835997909648
0.2369260730282399	0.08173075364182944	0.29478267477376086	0.15108283115427196	0.23547766740189763
0.24255149465074355	0.0823939480762595	0.29728893245967364	0.14644869679367978	0.2313169280196433
0.2442667142086504	0.06972178745179947	0.3110583046361376	0.15501033988805246	0.21994285381535988
0.25133111158573385	0.07260951636426052	0.30841682976141327	0.1501625583349469	0.21747998395364523
0.243201922556855	0.07534646241370968	0.30229154893813776	0.16151433211928057	0.21764573397201675
0.22877933373970535	0.06321508002917181	0.3100580587526707	0.1586371116767606	0.23931041580169132
0.25463370784438133	0.06378102865240531	0.3033607528195551	0.1628865511586882	0.21533795952496979
0.23962861269938046	0.06762785558587486	0.2953912898737022	0.16606423548515598	0.2312880063558862
0.23337011817508796	0.06573377209184394	0.3038118647530162	0.14931971053521728	0.24776453444483437
0.24840698088727814	0.06293270980412696	0.31698761409080806	0.15260414568339617	0.2190685495343904
0.24502661925643066	0.07449716586772212	0.29779185756026694	0.15939257080912192	0.22329178650645812
0.2564258579694783	0.06267033255009433	0.29456486755631694	0.1522713452888161	0.23406759663529403
0.23151208260269143	0.08083598591335173	0.30139071744876655	0.1566128612023478	0.22964835283284224
0.2279610898096931	0.0791948752294976	0.30341167848168943	0.14408624212360446	0.24534611435551518
0.23810554650367463	0.0694876198058508	0.29372230173656455	0.15304315507192326	0.2456413768819865
0.25708293940576676	0.06877740814246402	0.3016776663776719	0.14262018968539455	0.22984179638870247
0.23361672112936874	0.06725993734277058	0.2891859658603962	0.15855283130017078	0.25138454436729346
0.2318639770836681	0.0854682298331084	0.29796297320834086	0.16456823529772957	0.22013658457715288
0.24747165591829232	0.07541404644711866	0.2901951495626173	0.14884537973545087	0.2380737683365206
0.23256385957531406	0.06484904244443895	0.3005241812376306	0.16676570169933383	0.23529721504328238
0.24165260130617713	0.07857455571209426	0.30506626123669406	0.1422372515183333	0.23246933022670102
0.2335349961314635	0.0695715060310593	0.3051006360258421	0.17159631979153936	0.22019654202009553
0.23564363152613024	0.0893783878139143	0.29108957536013114	0.15278077328700385	0.23110763201282025
0.2544627854388335	0.06890519230258707	0.2969695693547292	0.1625457865300507	0.21711666637379934
0.23480768105938965	0.077331300360994	0.287813304447592	0.1625580982247688	0.2374896159072553
0.23571757578954194	0.0649623349046001	0.28936208483232423	0.16760249367903984	0.2423555107944936
0.2537795278691856	0.07857281043628292	0.2872292394392968	0.1675216037606544	0.21289681849458
0.2311454275461822	0.0913718982872473	0.29386867757836743	0.1598681891217431	0.2237458074664597
0.23758914743934087	0.06917524942122638	0.3128899352175486	0.15684405834112142	0.22350160958076248
0.25560349881438016	0.06443455715193061	0.287416802144132	0.15319741109880886	0.23934773079074814
0.24399499895015805	0.08136884262756164	0.28630264248509596	0.1597824490125148	0.22855106692466928
0.2449910129594605	0.06861565568222242	0.3050492161327351	0.14423268686583124	0.2371114283597505
0.25231513160738883	0.06529306589004133	0.2897161411199106	0.16631641662357208	0.22635924475908692
0.23576956270187827	0.08448976873472851	0.3005958220046234	0.14298639728046447	0.2361584492783051
0.23263458235733375	0.08944384278519817	0.2942530071875839	0.16163783163936138	0.22203073603052254
0.24461217311034938	0.06241422322190707	0.31184217446262047	0.1449741318243864	0.2361572973807365
0.2618368484749773	0.06828904038146691	0.28714743042528423	0.1595389065078276	0.22318777421044375
0.2619878723841501	0.06330161733454187	0.29968866783169684	0.15703026239389264	0.21799158005571828
0.23665417792280302	0.08155085141620669	0.3024809752569002	0.1551730153824729	0.22414098002161692
0.23141908873498365	0.08480952296489003	0.31179045291955954	0.14422489074686468	0.22775604463370183
0.2420018481490051	0.06579849284783992	0.30908335018166205	0.15179396483054675	0.23132234399094595
0.22651011319986647	0.07051258132257743	0.3166411181820105	0.14739266891043934	0.23894351838510602
0.2257486407670707	0.0731401312128496	0.300328119330724	0.172356748104449	0.22842636058490642
0.24227199927851004	0.06559047773446708	0.29480321839505164	0.14734114409942423	0.24999316049254677
0.26511206225910633	0.06531327726738911	0.29496169372466424	0.16062288599526697	0.21399008075357306
0.23197600675568747	0.06567471961422264	0.31593675024619927	0.14407628685359555	0.24233623653029485
0.22645449000878706	0.09201769006204367	0.29973973691723255	0.16649320469910497	0.2152948783128315
0.2331395620622818	0.0746173553814724	0.29611249692814473	0.16180336843488008	0.2343272171932207
0.2267815896808746	0.07858961833115584	0.2916400494777382	0.16182456138759047	0.24116418112264065
0.2373377070019766	0.0806189612790959	0.3076594992342566	0.15652994707987045	0.21785388540480022
0.22729120981595205	0.07721496893764951	0.2897020108051961	0.16390552809101894	0.24188628235018314
0.2371418502772249	0.08428536177283205	0.28990822966766994	0.15726138522143193	0.23140317306084093
0.25462816007841643	0.061577471025742486	0.2903410592999697	0.14787969209744592	0.2455736174984252
0.24956650650304954	0.07292917971133442	0.31679109863308536	0.14754987346683468	0.21316334168569578
0.2257838250710547	0.07442542190211096	0.3138346702682952	0.16452117057103868	0.22143491218750014
0.2634774368315508	0.0630604223622549	0.30054171399590957	0.16002758285948987	0.2128928439507946
0.24082419095788743	0.0852474841246484	0.29083277284781994	0.15135556338326728	0.23173998868637674
0.2325642790271919	0.09129384544329266	0.30105481217039626	0.15966347229088518	0.21542359106823375
0.25627506318568727	0.07043920315488986	0.3050439669190125	0.15269154997050852	0.2155502167699016
0.2330086106995203	0.08432855915220554	0.3000043028972354	0.14517596271573457	0.23748256453530395
0.23787137468861158	0.065646254925943	0.3158250957467633	0.16125905211042119	0.21939822252826066
0.2347774059438587	0.08291097854870959	0.3020947005629932	0.16090879095389524	0.21930812399054303
0.23324802417756638	0.08032438305975675	0.30317831899440395	0.15297916172753562	0.23027011204073705
0.2355393999883813	0.0629597464874222	0.30595927640307985	0.1452404754275517	0.2503011016935647
0.2323057095354648	0.06629344304230339	0.3068113478251716	0.15016327692319065	0.24442622267386932
0.23409103532447859	0.07506515068896173	0.29595275693706036	0.16378638452922945	0.23110467252026962
0.22837395670106642	0.08259109165440816	0.3127687270664823	0.15300594515988136	0.22326027941816157
0.25675718031207007	0.07454402857067796	0.3034474153599608	0.1430858551083851	0.22216552064890585
0.22894953427826598	0.07434410229857283	0.3059156405407519	0.16459695846518274	0.22619376441722627
0.23722226007294672	0.0747320717813715	0.30174220336198676	0.15431049567580596	0.23199296910788886
0.242684584095978	0.06992125526223006	0.29034927148400047	0.15280969360123695	0.24423519555655426
0.2539311276110614	0.06668648831437338	0.28983764809011114	0.15341082897947325	0.2361339070049806
0.2456375699369607	0.07561916336986937	0.2883847266926308	0.1455064937425331	0.24485204625800577
0.2480183141703015	0.08594473879907338	0.29805755311996973	0.15038075672467877	0.21759863718597636
0.2506267745354529	0.09163022851861401	0.2874697748899901	0.14585942323843093	0.22441379881751178
0.24249567561274166	0.06294818374696193	0.29786666617765545	0.1591414764100704	0.2375479980525703
0.23571178604810802	0.09037255859026957	0.2936272238436465	0.15124924996661931	0.22903918155135636
0.2670984573174941	0.062996129720442	0.30271001339017073	0.1501917103563986	0.21700368921549432
0.2522812342669856	0.0664327488972388	0.3110375455900079	0.14428251024895067	0.22596596099681673
0.23158005550000552	0.08854977000539692	0.30231257219780694	0.1541125730007886	0.2234450292960018
0.23043426856303964	0.08859323177273826	0.2991704720615176	0.15907430773594666	0.2227277198667576
0.24860030769820685	0.0720874009075893	0.31017133438835964	0.15178720594855977	0.21735375105728416
0.22790739893980885	0.09151685025890975	0.3160924086099809	0.1498338609373554	0.21464948125394487
0.23704211651029813	0.0690479697690887	0.3116775303757062	0.16555941594402476	0.2166729674008819
0.24871574809518956	0.06853837361188667	0.3107661762736058	0.15157479548288053	0.2204049065364372
0.2535715240478574	0.06946840792229547	0.30549722098148757	0.1464268571341952	0.22503598991416407
0.22568994816779286	0.07130460503866967	0.3162827453811641	0.17361799988062002	0.21310470153175315
0.24747850787820375	0.08149975476197861	0.28629352375507156	0.16840196092206788	0.21632625268267794
0.2589238604706123	0.07240806888777943	0.2961186080940803	0.1536868600763365	0.21886260247119121
0.23115593187114178	0.07603917437705345	0.301644232127423	0.1671809565700577	0.2239797050543239
0.23155016823347574	0.08525042078775266	0.2893979644003215	0.16931903256894967	0.22448241400950014
0.22791546278652328	0.09106232262374908	0.3124236059846661	0.15235598891580188	0.21624261968925942
0.24143404068360788	0.06905877715564065	0.3176249049914577	0.14200778441700562	0.22987449275228788
0.2524463767080767	0.06902332053595936	0.30559131667471634	0.1602573352760993	0.21268165080514806
0.22725488691102985	0.0653913196036775	0.300740030503674	0.1663052521751016	0.24030851080651683
0.2376035844849632	0.06954975429048582	0.3062207058646506	0.15736772259967016	0.22925823276022997
0.2542858543154206	0.07946129961735926	0.2940734336481664	0.1483494095675097	0.2238300028515437
0.25051563590259274	0.062079440462613544	0.2996437939343501	0.16804319836414222	0.2197179313363012
0.2430907587203366	0.09318528893085924	0.29651223514451375	0.1481184751818282	0.2190932420224619
0.24104968134054283	0.09178486500030504	0.30072346502856845	0.1432213685604002	0.2232206200701832
0.23532867737174143	0.07354794957408281	0.2955920364438426	0.15304574718957376	0.24248558942075915
0.26270806104183997	0.07464850599602726	0.30635340114857945	0.1435809677790237	0.21270906403452935
0.22761742471868235	0.07594855856108046	0.3123173550094945	0.16380301108750292	0.22031365062323957
0.2305654744927077	0.08574218697666793	0.3015352700493786	0.14806224895157163	0.23409481952967393
0.23959668875816192	0.09189979327792942	0.28758981741805456	0.160598498272106	0.22031520227374785
0.2260101415182899	0.09360967162364013	0.3135262953108973	0.1466847403245671	0.22016915122260527
0.25268489239671155	0.07089630952334067	0.2895412954110751	0.14523673139183355	0.24164077127703892
0.25920487888525456	0.07073112579080307	0.28711734691343693	0.15405242928093116	0.228894219129574
0.2434372913138434	0.0672667501570057	0.2922747478982813	0.16664391082885088	0.23037729980201846
0.24111944312271158	0.07133348032660056	0.2893431167461704	0.16557622611505177	0.23262773368946538
0.24347374943161132	0.09110657832926876	0.28978980543572186	0.14864574590634477	0.22698412089705305
0.2630780818002335	0.06694644299402513	0.28835134070268664	0.14859513372280336	0.23302900078025107
0.23890841484348915	0.0685510373365602	0.3152003672757086	0.14986945757918305	0.2274707229650587
0.22907063561918897	0.07491079000007705	0.3010771756803611	0.17006448792900125	0.22487691077137137
0.2608457199241878	0.07575302302606945	0.2879739584104505	0.15567986930360375	0.21974742933568822
0.24989127083908713	0.06369644550347373	0.3161009688593361	0.151279467706985	0.21903184709111784
0.24643300454979503	0.07413095080321869	0.29749620138122285	0.14476666371832475	0.23717317954743844
0.2522206074199736	0.061640864592081124	0.31304121710100913	0.14907114041149044	0.22402617047544549
0.26641911516165057	0.07481745361767012	0.28836609848359634	0.1545583241114446	0.2158390086256381
0.23052229997442156	0.08857201769594306	0.29807752183173636	0.15355950704382285	0.229268653454076
0.24900987833384924	0.070520625578537	0.2980750068780701	0.15017207225211585	0.23222241695742757
0.2364545091493777	0.06805610620394428	0.29881857625097685	0.1506349897338822	0.2460358186618187
0.23364605029994612	0.06306482292915905	0.3153545465783443	0.15605186666156673	0.2318827135309836
0.22822092680690664	0.09205463895070821	0.2937590816337686	0.16404334389671146	0.2219220087119048
0.24302384659828402	0.07493551833241846	0.30409844438919753	0.16459009560179516	0.2133520950783046
0.2330452643583239	0.07337074787217784	0.3076260917767042	0.14630580362383194	0.2396520923689619
0.23903119352626467	0.08773641967643638	0.30438022148926186	0.14730470502288745	0.22154746028514932
0.2482554156889904	0.06825683941850078	0.28883941249483935	0.17396989351868877	0.22067843887898045
0.23225161006377956	0.08985339054475633	0.2917941371232692	0.14853917103558698	0.23756169123260773
0.23726366661970347	0.07138879655841907	0.3082517079395	0.15019963175750561	0.23289619712487164
0.2403778560071806	0.08225398075304952	0.2940698455790441	0.1584556819780389	0.22484263568268667
0.23911048005536245	0.07074569525312568	0.29634650253533723	0.14516854294244957	0.24862877921372484
0.25679662685414256	0.06837510428878607	0.3005582877756807	0.15571105324866052	0.2185589278327299
0.2391672981173994	0.0850609205856298	0.288870040786022	0.1584806129098963	0.22842112760105224
0.2394540727357063	0.0884814951185504	0.30115768438294177	0.1449055631181939	0.22600118464460742
0.22530095324332566	0.0927462463894515	0.29801601625943425	0.14525360167462925	0.23868318243315909
0.2383339198082678	0.08153046672006324	0.29177065124097373	0.15789548598053046	0.2304694762501645
0.2342799835166431	0.08232788849017647	0.3111094398284483	0.1431947555777872	0.2290879325869447
0.24478943336425207	0.06249094717667991	0.301435000855393	0.16644660983378326	0.22483800876989152
0.22753756045286108	0.07956891864212262	0.29453709406012524	0.15130974214867193	0.24704668469621888
0.2408849055847486	0.08439830068826837	0.31521029341964335	0.14328855191167197	0.2162179483956675
0.23015314871583284	0.0922370779213748	0.3058543299800527	0.14897566910295845	0.222779774279781
0.23537187875749105	0.07607671455244522	0.3021413985520301	0.17183094959721049	0.21457905854082288
0.22771455464271725	0.07932949474121702	0.29781041355884863	0.1697357818926255	0.22540975516459133
0.23846858956169256	0.08981285918330535	0.3031922019842639	0.1553088226786817	0.2132175265920562
0.24850924130347482	0.06394253964949384	0.2953733826957804	0.14945343291895202	0.24272140343229867
0.2291912004156012	0.0801343646943403	0.3159122943007453	0.1620671034597818	0.2126950371295312
0.23755802776882573	0.08648071242636673	0.31227245016026856	0.14637039132821938	0.2173184183163193
0.2342010501611021	0.09154493540649974	0.2892046010924044	0.16082239404175053	0.22422701929824296
0.22994827680910318	0.07987336758368922	0.3129925464424307	0.14213080210005932	0.23505500706471733
0.2563059120153106	0.06579639232733281	0.30379495093116415	0.1524594537170052	0.22164329100918695
0.23402224406951172	0.08930782953957699	0.2997858807651198	0.15181701701643202	0.22506702860935923
0.266032747783298	0.0694530519655866	0.2913872454023706	0.1498967915977789	0.2232301632509656
0.2357406402886196	0.06221703177343843	0.3173555645173048	0.1621258522296015	0.2225609111910354
0.24804321097699855	0.07295766574899085	0.3079476882731541	0.15794447754183152	0.21310695745902472
0.2376594707615846	0.07895251736548513	0.3047219200730358	0.1647694817770885	0.21389661002280574
0.2592425717567365	0.07120227782098237	0.2951069471528316	0.15606987278625972	0.21837833048318958
0.2416660815381148	0.07736016968642366	0.294461477673266	0.15426286460928568	0.2322494064929096
0.25165753259070117	0.06767652901783952	0.289126827640703	0.16382150934601586	0.22771760140474012
0.23969790993669213	0.06972415980757263	0.31622376233338023	0.15233979658131017	0.22201437134104457
0.24688454253029407	0.07210548128872998	0.2998724512927173	0.15356657813522007	0.2275709467530383
0.2506732303934938	0.06533519887436479	0.2885907657731109	0.15559399706696792	0.23980680789206232
0.23602584967348617	0.07439701815240582	0.29591171248036824	0.1643003122836752	0.2293651074100643
0.23401787858966577	0.09320836428299346	0.29024048410139053	0.15172080109504368	0.2308124719309063
0.23012682196131806	0.08626354444578654	0.3035690553208511	0.15367057679047438	0.22637000148156966
0.23497869943691613	0.07050957629549737	0.3115697947794269	0.14863231413541528	0.2343096153527441
0.23484646870323114	0.08444121828843625	0.29870176117595953	0.16196210373808656	0.22004844809428623
0.23474690473664775	0.09152804422514084	0.300103907975662	0.1433064324608761	0.2303147106016731
0.22843923769886812	0.08015250625091128	0.29696145196701484	0.1524159833916573	0.24203082069154824
0.26317680526700094	0.0707300527553382	0.2972669751759629	0.1459261998826356	0.22289996691906208
0.22555510562152523	0.0892154837615535	0.30418206260673386	0.14495932499840467	0.23608802301178253
0.23737216645168382	0.06414570920346521	0.3114020380337653	0.1466632158918377	0.2404168704192477
0.22867922110163397	0.08423722508635864	0.3037170016096251	0.16317025848267336	0.2201962937197087
0.24780843031798744	0.0647107105779709	0.2997592895986622	0.14656538635106775	0.24115618315431142
0.23533295609930915	0.07857294638199665	0.3008623866004726	0.1592182541477447	0.22601345677047666
0.23538988971402003	0.08229122708068691	0.29362937880440326	0.17280898250269558	0.21588052189819396
0.23937895204385884	0.07136127185435098	0.2897927092295485	0.1684606269621607	0.23100643991008077
0.2295096406075861	0.06296567309377812	0.2921884420525143	0.16417109515975403	0.2511651490863671
0.24501559099692916	0.06489109240511903	0.2956685890742641	0.15970551278931083	0.23471921473437662
0.23686445140654352	0.09289671107396698	0.30198078369679415	0.14573797474347705	0.22252007907921806
0.24137107868234706	0.08150026222905372	0.3150683434803052	0.1472036753827296	0.21485664022556417
0.22726441974776931	0.08978138917644973	0.2945649593840407	0.16854269200713154	0.21984653968460846
0.2608546304589699	0.07566830208684405	0.29799542168416254	0.14229505500271689	0.22318659076730638
0.24209180418716963	0.08391056124212262	0.2979146675104918	0.1609343510865054	0.21514861597371032
0.24444781712083485	0.08802608608609166	0.2907707227606302	0.1619004099658296	0.2148549640666134
0.23794220242557065	0.07855651413119535	0.3139092595960754	0.14282167890382147	0.2267703449433369
0.24118955770256512	0.08274174688323471	0.31567087265828164	0.14350090456035164	0.21689691819556667
0.23015335329774528	0.0671595272689677	0.31365683640637293	0.14874586273957466	0.24028442028733918
0.22630711891381533	0.08195481883971505	0.29577938475830534	0.16822162219776304	0.22773705529040097
0.24681670474146547	0.06541472307080132	0.30718727756460534	0.15438575304308522	0.22619554158004246
0.2619088729739509	0.061693686721987495	0.2873326640305208	0.16413893713317937	0.22492583914036116
0.25029778415150405	0.08668035244913791	0.3005031601502457	0.14532524485313472	0.2171934583959774
0.2505264970331974	0.08838901878992604	0.3011790812131508	0.14468575280057275	0.21521965016315275
0.25507197202027454	0.06445810004044619	0.30673165270367075	0.1486137413606994	0.22512453387490883
0.23066781899463767	0.07204576875629237	0.2878624244173057	0.16630022098592895	0.24312376684583503
0.23947993515555227	0.07728760253595568	0.3001227845162763	0.15464074635511227	0.22846893143710326
0.22532430373331863	0.0916284145826631	0.313539323415806	0.14427837690955136	0.22522958135866067
0.2374373607520855	0.09304258466902099	0.29853723168130647	0.14679028481827128	0.2241925380793155
0.23980701310763253	0.08791150382614776	0.29870098411456913	0.14628308391209977	0.22729741503955053
0.24725194754193264	0.06338127482326614	0.29783066341037034	0.15968730867867884	0.2318488055457518
0.22717877791960764	0.07598568365480976	0.2970559447434182	0.16020562879421468	0.23957396488794946
0.22867219551868542	0.07958176846034895	0.2982087000565458	0.1668807024949783	0.22665663346944132
0.23221681284273965	0.08068423695368403	0.300534159955318	0.16508317211831164	0.2214816181299464
0.23333783602454145	0.0758264864332686	0.290828627632114	0.1497802331392596	0.25022681677081615
0.23005121680654156	0.09170052111340526	0.2993949751823657	0.14633676071579516	0.23251652618189206
0.2329110327939118	0.07808279025777361	0.2934659135949865	0.15812534223120278	0.23741492112212506
0.24950986573936987	0.08046734670643678	0.2933905043607792	0.1484109474919419	0.22822133570147204
0.23822528117423683	0.08383918958286173	0.3172680648117318	0.14542238662854812	0.21524507780262125
0.23139678408708858	0.08049415275022635	0.30777851875534673	0.16735392883181996	0.21297661557551809
0.2327741711768082	0.08988243150614843	0.2926870683491334	0.16218302306267213	0.22247330590523764
0.22683914489581242	0.07059104373560854	0.3082260701990861	0.16320552904614227	0.23113821212335045
0.2315480764713188	0.07590678412000036	0.3083600119043694	0.15924804033406145	0.22493708717024977
0.23981915348962532	0.08107802542209926	0.2879734021900626	0.15000552704081865	0.2411238918573939
0.2316598202281312	0.07151233558996767	0.3163100577888418	0.14637196017586238	0.23414582621719676
0.24414404453123428	0.06758228619344034	0.29636047605105104	0.1429921245086612	0.24892106871561293
0.2554470747749633	0.06508005397506719	0.2897579119801523	0.1724921287055739	0.21722283056424305
0.2656023586478171	0.06213676057367298	0.31646439271162613	0.142637712487887	0.21315877557899648
0.2268106287306477	0.08329945656720548	0.2906710092244637	0.15908183445085056	0.2401370710268323
0.2481368998032733	0.0671723994001796	0.30531482642361124	0.16016802917296458	0.21920784519997102
0.24910735171889478	0.08637814071919564	0.2989746801791002	0.14906205256030994	0.21647777482249914
0.24305104922733256	0.07459676480583005	0.3007350051992786	0.15676951021067928	0.22484767055687924
0.22719467342353028	0.0896064221890742	0.31850857606845817	0.14992569688942567	0.21476463142951144
0.23197898035366044	0.06992629070445347	0.3066860075503334	0.1588044506604266	0.23260427073112588
0.254845727528456	0.07730547783004724	0.3066522208702868	0.14516213424946345	0.2160344395217462
0.22932665115490072	0.07659372283453159	0.3045012563192443	0.14691464862773132	0.24266372106359188
0.23623182884300842	0.08601392303935597	0.2863694405793493	0.1674408557804446	0.2239439517578415
0.23733482918665472	0.08053260496678408	0.2938396973753923	0.15968283753978793	0.22861003093138071
0.22606566978407489	0.06966842690183911	0.3033164788874483	0.1662242807567439	0.2347251436698936
0.2524269133090862	0.08553528702560455	0.2963199686735649	0.14812507036731565	0.21759276062442842
0.24347973088017327	0.08359644700258681	0.2882435339267646	0.17134678748832122	0.21333350070215384
0.25424087806746837	0.06731246260374246	0.29777877451102	0.1464114143632937	0.23425647045447526
0.23962029673019336	0.07407680095933311	0.3111846457310892	0.15070639927013352	0.2244118573092505
0.26139005162409723	0.07670824233170288	0.2900816764065781	0.15692199294867748	0.2148980366889441
0.22614366666799848	0.0834925158289947	0.3118135821763482	0.1450051225246592	0.23354511280199922
0.25812906632496696	0.06425885279231883	0.29851782924449005	0.14677115542859187	0.23232309620963199
0.24023635882796157	0.08575736086658671	0.29409506956001713	0.15628970000773465	0.2236215107376997
0.25070652738176447	0.06715205985592937	0.2996087221094044	0.15372806034306258	0.2288046303098389
0.23444238355980668	0.07911848459710819	0.28754496249864947	0.16946339899684326	0.22943077034759213
0.23791155357848687	0.08295164609617392	0.3162234951883451	0.14959504602783463	0.21331825910915925
0.24461384955066656	0.07825954473416655	0.28805197647045255	0.1620940419508462	0.22698058729386789
0.22633415110774951	0.0918510533007934	0.3040972916103975	0.14219480827934788	0.23552269570171147
0.24331512737760466	0.07561402272199057	0.3001456936475337	0.16626549042121092	0.21465966583165993
0.22944259741915232	0.08850250736707609	0.29380033779061154	0.15760529774800325	0.2306492596751566
0.2380821727189253	0.0651381320723497	0.3116455147694946	0.15013759126751192	0.23499658917171828
