0.03489004904910126	0.048294346026261835	0.13311929529302552	0.08935665896017081	0.08779243855761298	0.2290671097178727	0.11409996040878312	0.04800857113592458	0.04112864413142929	0.17424292671981795
0.04459790944022807	0.04312729695586573	0.1347220217750194	0.09813306169618151	0.09216104008483833	0.23333158359832074	0.11045849994629328	0.04880985219293628	0.03318096103698409	0.16147777327333257
0.030166947743043404	0.06657451085970409	0.1179675561000684	0.0864099313795852	0.08960983150233319	0.22641604441759516	0.10853669845284036	0.058890565668132853	0.03695676614550954	0.17847114773118788
0.02907703543075295	0.06482583296005898	0.11176767828279038	0.14069540920562454	0.09012098550138747	0.22517061673867456	0.10665978263836387	0.04459688077181039	0.03720674264486	0.14987903582567685
0.03468259502503257	0.06198836477612318	0.12074977678848069	0.09319888594449771	0.08531392237826282	0.23386135033691002	0.10500403866919222	0.055728698448320034	0.040214679061968184	0.16925768857121257
0.03026132708857257	0.06510308492182029	0.11969621960000809	0.08439211993029602	0.08524302018893612	0.23488150342853092	0.10890524037823367	0.0567034013543886	0.039366472023363436	0.17544761108585027
0.04769488722595701	0.05600744531739616	0.10922235179817738	0.10184106412700912	0.08866548044520046	0.2208248302545896	0.11657783530513659	0.056295801352640486	0.043436652571586166	0.15943365160230705
0.0343151031146222	0.06633146254675434	0.13747987176986065	0.0844103845644347	0.0907862045740112	0.21341952465578112	0.10245675260488964	0.053478791696353056	0.04197043491609914	0.17535146955719394
0.03791903137709432	0.04287941376862306	0.136609440028628	0.10065077509719692	0.0866282867706113	0.22050659897963035	0.11366519430730565	0.045678624533123935	0.04040465842154905	0.17505797671623746
0.04329564081088909	0.05321593449229099	0.11405917273651754	0.11307468293434081	0.0913143469641112	0.22692607932909203	0.11750256911264471	0.05476165067525518	0.034789087586429804	0.15106083535842865
0.04797711633090708	0.05957824727717068	0.11058108038314433	0.09458225334010352	0.09263912342508238	0.21422168603321395	0.12002761769529885	0.05136657057363619	0.03667928071565206	0.17234702422579096
0.031562642306318126	0.06945423814156945	0.12282673248643565	0.12155837622343561	0.08558093607931944	0.21983377993385317	0.10316253755952089	0.05368024716782105	0.039281865499861915	0.1530586446018647
0.035110357075374826	0.05620097006564162	0.1312438776681799	0.10282951007534759	0.08912429297411437	0.213613927346272	0.1136787085925277	0.0509093157319177	0.03750682761498857	0.16978221285563577
0.03863119759748514	0.061255979808064825	0.11279314958486028	0.14033603866613054	0.08674761762954354	0.21134936721057956	0.11743989610155639	0.04487514315022436	0.03646727814498599	0.15010433210656943
0.05059289720761826	0.05239659816832179	0.10793124738366373	0.1498540325988441	0.08547984745889935	0.21846969574775493	0.10537452069604161	0.04436430965411324	0.03442346802676671	0.15111338305797625
0.0326939648272898	0.05905671989731538	0.13555163749873256	0.0768626189773087	0.08884010034212005	0.23381898109920374	0.10465315131910811	0.0558014693676295	0.039204007387969184	0.173517349283323
0.028438182178416996	0.07163369891887353	0.11328422929936449	0.09969724109940534	0.09220962290808454	0.22863645234441915	0.11782361743240059	0.045882495375127674	0.03492946404752731	0.1674649963963804
0.05049926967478563	0.04728294728296098	0.1300089060009559	0.11617326607354467	0.08671844581947738	0.21323625461592444	0.10230846992801443	0.05898022955322914	0.03782251927149362	0.15696969177961384
0.03613499611964592	0.055256233352766554	0.1367804069060096	0.09078010004458274	0.087772411735204	0.2163446169524433	0.11905080198136067	0.05642548955184247	0.034891464450382326	0.16656347890576242
0.045030292180887055	0.05753948493054074	0.11131399311894091	0.10961120474049503	0.08973609897390192	0.21979270003481954	0.10629820186374285	0.050737238715153794	0.033807968195766896	0.17613281724575125
0.04990295101791689	0.06530363636324277	0.12498558050696607	0.07258429011167403	0.09181894937612373	0.22642811862123946	0.12135530703693993	0.05360766785152605	0.041600377119645315	0.15241312199472581
0.05104123483279421	0.05204333063781032	0.12295551315151715	0.08512962066591222	0.09218785167724333	0.2188740923653495	0.11162065235599114	0.05347751336773486	0.03663900198408046	0.17603118896156678
0.048880071619987364	0.060037557288783294	0.11090414231406195	0.08151635914810287	0.08887992798200176	0.22319903415476003	0.12188480472406515	0.05031924411836135	0.04363028365528247	0.17074857499459378
0.05111650319333447	0.05187544726527988	0.10895111540404323	0.09548378907458178	0.09000367002604466	0.23178476838208234	0.11428421347959354	0.05243950323652612	0.03312837434633241	0.1709326155921816
0.03652334277670842	0.06071426311547749	0.11906832356644133	0.09552767351259461	0.08405400401595355	0.2153556862250322	0.1214653953240504	0.04590126230949162	0.044019348748009716	0.17737070040624064
0.03753288776382682	0.05660985506551555	0.12149852130951772	0.0798875191160891	0.09003542320188222	0.22090054022037284	0.11974964851312715	0.05779861820504991	0.042093617326350335	0.17389336927826832
0.051642893057399664	0.05493474310297999	0.10720545551952923	0.07369280689853569	0.08772953387128266	0.23325872298271977	0.11744046486197124	0.05743776807231242	0.04167207770723075	0.1749855339260386
0.047839860601269886	0.04352358780512518	0.11386713129178541	0.1309045770259154	0.08411363803179889	0.21904343412598154	0.1096889235021616	0.05491525221496867	0.04167408604897825	0.15442950935201516
0.047417215746808	0.042913731260713794	0.13440082162521932	0.07176332597035628	0.08864042516871981	0.22503342925748537	0.12007288900793292	0.057556351251467366	0.04030382962146589	0.17189798108983118
0.03720405916034669	0.05148231843926765	0.11823084678776961	0.13496289221951713	0.0904310243368832	0.21491229755424346	0.10691400572453626	0.054748051386814045	0.03350487882889101	0.15760962556173097
0.032758978778293965	0.05511727502761613	0.1304674609926012	0.09548954967391002	0.09165312027114678	0.2261286358806412	0.10948963638399575	0.05789597358838118	0.03932627194974772	0.16167309745366604
0.030785136852423386	0.04224244231582292	0.11076089853693993	0.12996796113536566	0.08500460569664837	0.2227777234086586	0.11863945578584859	0.0527061674355821	0.03442515306512518	0.17269045576758524
0.04882870469080696	0.06894587753668076	0.1221173419106101	0.08912280311123615	0.08548066693461999	0.22002128645530716	0.11585465144637817	0.05355636334915481	0.04058599209718822	0.15548631246801764
0.048327749343158755	0.06590534169194345	0.11087759538587243	0.07764107184063762	0.09164944400585173	0.23137955230292911	0.10560932867808648	0.055745646338453705	0.04380805455570446	0.1690562158573623
0.04174199243578619	0.05260978024332162	0.1316002337106377	0.12976074945762875	0.09139510244821034	0.21221098566553426	0.10533926417796084	0.04377585383402009	0.04146551782468667	0.15010052020221357
0.039824267867067276	0.07043648141722157	0.1347828775185616	0.07779393617583805	0.09253826202291382	0.22594546381564323	0.11152479117230815	0.043630278973083456	0.03442597629518081	0.16909766474218202
0.04238715016061949	0.06920097259784964	0.12589119642319102	0.08866976074167422	0.0902050952439232	0.22387146245421735	0.10212041416861271	0.05545375106405835	0.04202512273943513	0.16017507440641887
0.05079210063534132	0.04685212415666456	0.13025530865119964	0.08112781610474715	0.09264763486265364	0.2142765502690522	0.11541301334742438	0.051141090095276356	0.03828347841066891	0.17921088346697184
0.051307691865364574	0.0474414163198526	0.10950188284168054	0.09855433513889526	0.08999841079956233	0.22997179341048007	0.10878921567151698	0.043707755192760545	0.041080330841065306	0.17964716791882177
0.040759678443498676	0.05090513390632974	0.11549620651746714	0.123263424155277	0.08623336149816951	0.21775237389367602	0.11266243681868544	0.0550470991663667	0.033431649158554164	0.16444863644197555
0.02815588138564115	0.06352551619704826	0.12419464945937991	0.08804331291168256	0.09058269102467563	0.22032962552527466	0.1211976551485949	0.05643863641533718	0.03527459654870009	0.17225743538366564
0.05048069111890469	0.05114095266649277	0.1285866961817907	0.110332259605054	0.08834488098405453	0.21124444145237697	0.11318086521566345	0.04926380021953917	0.04399426547232056	0.15343114708380312
0.031972336095967044	0.06809760937935116	0.13172354831686828	0.08816951838354939	0.08649025788592062	0.22982942719136512	0.10613832802709706	0.05658904898121568	0.035237054652200464	0.1657528710864652
0.03743968968035895	0.06129986858519955	0.10839292827306457	0.10044895656744472	0.08997042031901159	0.2254766460101535	0.11669871197687076	0.057114405249550464	0.040812220789263484	0.16234615254908247
0.03305183108287492	0.04337977020985132	0.11414706299008329	0.15741629009421743	0.08580092678954135	0.2195053216048498	0.1038757629594446	0.048277487507620016	0.03472264802557082	0.15982289873594646
0.05069320561941394	0.04945120581617468	0.11634840152119814	0.1316000256780512	0.08511230725841708	0.2142439335461524	0.1135384649880901	0.04502397827880533	0.034770908849623264	0.15921756844407384
0.03024774492681477	0.062276908396150174	0.11474941547717019	0.12085698154306151	0.08768034827365913	0.21493839887207689	0.11391710299962289	0.05377219060174823	0.040409060108244674	0.1611518488014516
0.040668593610781664	0.05295960056112651	0.12768394448263884	0.11058786858501467	0.08609452634540592	0.2105988179466881	0.10467524801253737	0.05925340702994149	0.03242957077220768	0.17504842265365775
0.041260373791967425	0.059652979962650975	0.10841815631532929	0.11573965612609878	0.08896581607897455	0.22256715532916882	0.12127431313910458	0.04843594492532357	0.03427184955312587	0.15941375477825614
0.028440384193171978	0.06911525551302833	0.11288001595896523	0.10698911006330097	0.08706931187231032	0.21407121643148327	0.1149168250062319	0.047693813592193136	0.03783671336323314	0.18098735400608174
0.043395963614295485	0.06558377618885697	0.13358494685487282	0.0890996311359453	0.09062363174917328	0.21901257789973427	0.10591028488080154	0.056493411888811386	0.03641685995877736	0.1598789158287316
0.03009991066521757	0.046004275434453026	0.1258799897050325	0.14395472598959602	0.091795018861859	0.21611287019028863	0.10556422798021471	0.046786886206581946	0.03273594883632869	0.1610661461304279
0.037747957745846064	0.054477038755615215	0.12869909021776613	0.08260990594935819	0.08588387220986878	0.22840651282950547	0.11137422935079358	0.051866782794188	0.04432066525572751	0.17461394489133114
0.04052775136726079	0.04693506281561468	0.11626302348259179	0.11718105811667147	0.09223876265946325	0.22355369692205485	0.11493708924753873	0.04498924614386264	0.04069876133826354	0.16267554790667832
0.04195167298357276	0.06178550971354935	0.1097671124491967	0.11304606472433311	0.08592856248736856	0.2105360520068648	0.11713630948439183	0.0533358261372813	0.044547847218055645	0.16196504279538598
0.03232265620322343	0.06404529853377289	0.1271819866894054	0.09668423953043496	0.0902482156615268	0.21393605852870812	0.12028385117793058	0.04641742959668537	0.04325929632750863	0.16562096775080387
0.03016426824409582	0.044043267230184466	0.12700412239144626	0.09974492502847879	0.09261935464958244	0.22442452874871088	0.10924116888191221	0.05218856651990751	0.04219567662387472	0.17837412168180694
0.0437853097544802	0.04505324360683203	0.1352586519880428	0.13116976788495638	0.09201064253284082	0.21444004065846423	0.10453077286024175	0.049185818968406556	0.03633994641234617	0.14822580533338914
0.030589872359846657	0.053273516106599354	0.13408265282216567	0.08517301382971865	0.0897187547410491	0.2343866294836951	0.1107741594182595	0.04780126243036315	0.04233736084393961	0.17186277796436322
0.050608412124751576	0.05574879738822032	0.11618505002176524	0.07789376886982541	0.09258873556373988	0.23123113982735077	0.12188537255186442	0.045486006020422874	0.037823141983760585	0.1705495756482989
0.04641359187817373	0.04968200095902579	0.12247322345659901	0.09486763472200893	0.08896591801480415	0.2326599837467393	0.11428573354260294	0.044756536592488114	0.04354304519719685	0.16235233189036122
0.04705460863175467	0.04484383794874071	0.10837414720883898	0.13646983070769989	0.08482956313531492	0.2163299750930578	0.10963178852557669	0.05473054815242908	0.03653455406628464	0.16120114653030262
0.037646393476905606	0.06600967024835339	0.12072957730254136	0.10678126205922164	0.08668304706088262	0.22691884273641594	0.11706387327501279	0.04516738074027336	0.03237383155647268	0.1606261215439207
0.04705742605591884	0.0535480007354465	0.1313803838992384	0.08722111310020791	0.09117868640595925	0.227069838881634	0.11151395185336019	0.049203850238323764	0.03933387665835094	0.16249287217156022
0.04532586821464897	0.06272889142033583	0.13282538819247236	0.07964439827262618	0.09144466602881964	0.21798637759540576	0.10765498264227304	0.050821213999521456	0.03280075825377468	0.17876745538012206
0.03556343467178502	0.04415657115361762	0.11081210163333596	0.11757806888271029	0.08973707556559998	0.21869341436240697	0.11971186806403412	0.047918017423753366	0.0410552838617215	0.17477416438103519
0.03361526031950181	0.06952840353665149	0.10811414527916184	0.12250381790997453	0.09149135028523916	0.2195170744254848	0.11641970654651802	0.049127669055399045	0.0390225900682651	0.15065998257380422
0.03306788063610128	0.06657658878666332	0.12916515018332336	0.11900080158383035	0.0914957086026342	0.21507362482729792	0.10201191113562548	0.05866244615329264	0.033532390344660545	0.15141349774657098
0.049080050467114285	0.06740576826895621	0.11759787972419168	0.07302561471851048	0.09204807132883631	0.21996645962106304	0.11773716911279408	0.05035594020126908	0.043735845662004225	0.1690472008952606
0.034225203195076784	0.054902340882647414	0.12297271043286731	0.11984546205299465	0.08446551532885378	0.22954823641384414	0.10832981954550207	0.057149171392894355	0.03347757539389497	0.15508396536142452
0.02928619793321452	0.04964450289216814	0.11603558740859389	0.1400458863373501	0.08462205845413197	0.22484084177506464	0.1143652770335244	0.04761925255787206	0.04453754645258755	0.14900284915549272
0.04224560045173007	0.06416005970593644	0.11120899025584868	0.10359422120440376	0.0897465420444782	0.23233007530285865	0.1117484066164526	0.05205102375220264	0.042230464166750636	0.15068461649933831
0.035235811156870175	0.05713201344175973	0.12175925346205485	0.1122249550545672	0.08779543444836448	0.23284155607780815	0.1113732068011744	0.04851604887320891	0.041467808230598306	0.15165391245359383
0.03329079561281292	0.06783018889721332	0.12806796260647468	0.09701495427654351	0.09127308905363139	0.22107497944698037	0.11004342816522861	0.052424138789199305	0.04183671870255504	0.15714374444936086
0.03908846612866485	0.05770554561730731	0.10974578258796944	0.0916873951239567	0.08430136688338555	0.22729140172127876	0.1206254832503317	0.05771362411687571	0.04314161380338363	0.16869932076684635
0.03730193163497586	0.0519099409749814	0.11876425612461043	0.09378281051404468	0.0925396344361373	0.21726797098457695	0.11245821746486334	0.057980116689389946	0.039669588542321235	0.17832553263409884
0.030302586702677783	0.05570269384638412	0.12193444807339185	0.13284287701133837	0.08457283069768053	0.21302783307689593	0.11195356993009817	0.047107674930815545	0.03919925021172874	0.163356235518989
0.04911946684618395	0.044176509148079246	0.1349169050638999	0.09470821093170533	0.09012228739265014	0.21133272520651153	0.11139383943156221	0.05429920065493675	0.033524633658963465	0.17640622166550746
0.036806427636001324	0.05983206701981221	0.12694266623092226	0.08105880190716258	0.08930664648621786	0.2310512066226409	0.11288211173813929	0.04644102718837996	0.038448008776555964	0.17723103639416762
0.042571435921967465	0.05530369414287707	0.11678902782825704	0.12301084382782532	0.09058817964556129	0.21974777556539293	0.11904927905272142	0.04352015065388205	0.04064082535248857	0.14877878800902683
0.03229915912022281	0.042740122002675324	0.1256973642226736	0.11974857873838715	0.08857399839565541	0.21797950742066252	0.12087371299349288	0.044318958695340534	0.038079855649013214	0.16968874276187657
0.04004217211357794	0.06388925548984992	0.1205274059177309	0.11493498464275165	0.08687374642912954	0.21402259380077548	0.11472886799490713	0.05237259922746148	0.03523796820294191	0.15737040618087406
0.03699885097284225	0.05009869649689943	0.1353524267845694	0.08642886351152078	0.0865498282142956	0.2298512663005398	0.10700408357507692	0.05505952061230731	0.0346346366326367	0.17802182689931179
0.0278493520284563	0.046853710281011	0.12446283590003074	0.12064390799646317	0.0848140845497865	0.22390433962896694	0.1141208623567594	0.0520407473226345	0.03645838299204045	0.168851776943851
0.0285952103136993	0.06530548669371145	0.12366315985108273	0.07819756803162367	0.09215121286947606	0.22928424799012176	0.10538192390148181	0.05436518091414972	0.04488559569236334	0.17817041374229015
0.0445830118777086	0.04495705719253578	0.10735615671916955	0.11870231419463617	0.08652525000256443	0.22660116909775324	0.1199411535172682	0.05924206048663559	0.03683754944686554	0.1552542774648629
0.04813452291320225	0.043889981617338376	0.1326027629885116	0.10146300982162776	0.08894465888529914	0.2193395402256505	0.10326855777946427	0.05499560134765486	0.03753476463962106	0.1698265997816302
0.03363871920587731	0.05625379754396182	0.13089559864553696	0.1160854032130261	0.0839889547873705	0.2233678667260707	0.10768245929413583	0.047379481166789965	0.0413186451459524	0.1593890742712784
0.048657005664042026	0.04385946976690339	0.12110736052994286	0.12180430915184638	0.0841517119735407	0.21792618334330127	0.11398921443649351	0.04735994140506151	0.034035533391696515	0.16710927033717188
0.043293809813744866	0.059092557289218015	0.13289698414898693	0.08378978696312182	0.08824082752311035	0.2115670401075731	0.12151061956893214	0.05081127468371332	0.041368555639609866	0.16742854426198955
0.04523817623393215	0.05358765154052624	0.13583653555162017	0.08484841960040251	0.08938802112084673	0.22559217616614596	0.11578505082062544	0.0550777564097172	0.03591404034278621	0.15873217221339736
0.03362949741260908	0.07162597144482585	0.12186925972240936	0.11338004253966331	0.08630957673829409	0.21561167856985924	0.10593926255593095	0.0442155381910872	0.042575778703028505	0.16484339412229237
0.03466932616310543	0.06146374824278701	0.1138968360607364	0.10902997218291992	0.08566490940687395	0.2162862365446282	0.1210308367601722	0.05369730647410747	0.038757872210638526	0.16550295595403092
0.050236405192896225	0.06097886219972026	0.13689445288429325	0.08008971179602689	0.08965688383789748	0.21943333707111565	0.10424663140145582	0.059270251871398505	0.03968832906341166	0.15950513468178423
0.0365602121511594	0.057785666695877536	0.1090207679863828	0.12721088760788168	0.08846402070226576	0.22567432607136334	0.11357975099125465	0.04524843711254871	0.04166473816653588	0.15479119251473022
0.04123482071024139	0.04525911645215185	0.10901629350736501	0.12300508128774726	0.08959398468952393	0.21539036723687807	0.10705981805774467	0.051726661825366865	0.041529782345391494	0.17618407388758944
0.049736371682450264	0.06880351852223343	0.11126328980759113	0.08595356432100502	0.08686160061660825	0.21306682918885683	0.11551343674653565	0.054455766656271595	0.04285472619630786	0.17149089626213992
0.0348830119053684	0.046288816996958825	0.13752954983513627	0.10184152481901734	0.08680136871172558	0.22164786689354188	0.11918931677420147	0.050295030908264746	0.033276537860136665	0.16824697529564886
0.03867742633234078	0.059755971845208394	0.13165445032450335	0.0717746581308275	0.08453248806017354	0.2317563935139378	0.11371571175897956	0.05667178561761739	0.04006796966286668	0.17139314475354506
0.03348931661965936	0.06723876421187244	0.12577573446351487	0.09860015037974806	0.0841837827288486	0.21268063879274818	0.12007648618685264	0.0459607416118712	0.04338591230391373	0.16860847270097096
0.05155385306991622	0.04267092551020259	0.12198122076997586	0.09321219285245705	0.09091214887873333	0.22502260472048063	0.11647246220813415	0.058421405636540635	0.03710502389411437	0.16264816245944513
0.038416814708762	0.06575225013803473	0.10709583986525488	0.1399357849200312	0.08785075884899207	0.2107330818431002	0.11522727236710102	0.0467721849835211	0.037485096264275056	0.15073091606092776
0.044910195297881754	0.06225761229036818	0.12270531027428785	0.072586452970298	0.08833762056577375	0.22316994462402376	0.12176703696938368	0.05619560630636533	0.03750903533530056	0.1705611853663171
0.03916494860631661	0.05776203287764337	0.12240260234283884	0.10966941785018308	0.0923812545624887	0.22385604079665267	0.10673979253881596	0.04949890019691792	0.03515375991698182	0.163371250311161
0.03015445837203924	0.044023478727737264	0.13084992863630668	0.11256372057105363	0.0853322341895598	0.22431125816660905	0.105166962284829	0.05937753711087823	0.040604291451404956	0.16761613048958218
0.02985655027052167	0.055030618360008755	0.11687142936643852	0.11585720965503785	0.08680749336219662	0.21936024721548103	0.10463848657947468	0.05608666391146006	0.03609189621432485	0.17939940506505597
0.03867463807783002	0.06173325337332709	0.13459307245779403	0.07425055910589669	0.0922856892632972	0.21304135263430185	0.1100030350232945	0.058778440043487895	0.04289136940623549	0.17374859061453524
0.031225386072377834	0.05872850510356653	0.10956395384949905	0.11769911714234205	0.08828857693655653	0.22201371872143333	0.10446172970098691	0.05111179694940254	0.03792475004401512	0.1789824654798201
0.051021823743982925	0.07147509678767214	0.1304024914032041	0.07201910596853009	0.09233002499951919	0.22944203827555765	0.10402564522996907	0.04708313493148379	0.041600167957763765	0.16060047070231728
0.037152246224191596	0.05268383996819123	0.11701714606279888	0.11783632521511056	0.09096810600184511	0.21274143831311149	0.11937297282253423	0.05633978324175873	0.03344607899413278	0.16244206315632537
0.038805248467609896	0.05531839466263079	0.13104021702062507	0.07595180157952719	0.09102703133454657	0.22724956875718144	0.1151163858724894	0.04434622263511849	0.041698056512699894	0.17944707315757125
0.037857076250536706	0.05769445775164216	0.11240724085312041	0.1064995406452567	0.0839776195652345	0.22710707307786526	0.12159465071145664	0.05504195264012628	0.03767970019937308	0.1601406883053883
0.050562824486596394	0.046112010825716226	0.1166426039573231	0.09970586487361079	0.09089309796929028	0.21816257950146745	0.12001219990891464	0.05534355679227424	0.034022126283096685	0.16854313540171023
0.046775506681509656	0.06933773173617828	0.10797603669267437	0.09690518559546676	0.08716048019417799	0.22835068136597453	0.11394834970825413	0.04976307813792488	0.033304482294964674	0.1664784675928747
0.03307607293601257	0.06294875730908793	0.11007910530159527	0.12644421650051493	0.09268162591888318	0.21773318788500562	0.10615033759998	0.04686237934198201	0.03616168849288849	0.16786262871405
0.04072694761259561	0.057824694427471734	0.11796293922078013	0.08926297796215062	0.0852472068038307	0.22476135459769236	0.111179310225908	0.05148916322060832	0.042905034026468565	0.17864037190249404
0.029619989379237613	0.04958930981787196	0.11336069297147726	0.14198961304559984	0.0874742750113342	0.2133256663509972	0.10753887619515555	0.055339635510458264	0.038663798328352886	0.16309814338951528
0.05086192887384635	0.07011587565268639	0.1316987829562351	0.09044959173277173	0.08543420356030684	0.21389673761375205	0.10391708514759491	0.057529007225120596	0.044821320487737515	0.15127546674994852
0.04615870174346924	0.05848865346645499	0.13639134179964535	0.08675594200255993	0.08393591874737372	0.21590028339573403	0.10677311318733104	0.05313087694098847	0.0439848866280846	0.1684802820883587
0.04050262915806689	0.04522077024456175	0.12495656009076873	0.08537933971870695	0.09171457705133224	0.23461458998935747	0.11018106856185954	0.05779314731218048	0.04243382272124366	0.16720349515192226
0.04892233662697121	0.06818013544038296	0.11665123120580201	0.08910787778500612	0.08430009870866297	0.21807469946205973	0.11336608276808223	0.05692200123119094	0.04278062603346792	0.16169491073837394
0.044558845327498715	0.05315740636544979	0.12265389476068292	0.14386596988790157	0.08508892684014172	0.21399936280811094	0.1051750257298258	0.04487280040111124	0.03333967767555199	0.1532880902037253
0.045481733334958044	0.06404522848011705	0.12869771224470347	0.0862338897629665	0.08916051228819961	0.23146169488675838	0.10441880306322915	0.0539115915346231	0.03636538738823297	0.16022344701621177
0.031038352774555966	0.05423060926195575	0.11605012600201528	0.1273692721815513	0.08968006392569927	0.21100374617577256	0.1174659361999161	0.045830759552812364	0.04489148687604271	0.1624396470496787
0.051108469958562025	0.06073663822061617	0.10852653451063879	0.10953557398379818	0.08932643856795355	0.22078013857557305	0.11363678167080421	0.05224322070177318	0.042994743678715926	0.1511114601315649
0.0315019557432914	0.060831032141603514	0.13065162835374278	0.09697287045663985	0.09091162981898576	0.22332775540200697	0.10650925987545315	0.05862835910558746	0.03764270477714641	0.16302280432554273
0.04135392105228637	0.045422158619588864	0.13300218670901243	0.11879413925512576	0.08578468711803437	0.2213154043424676	0.11176758727130909	0.045923262423217384	0.04072217682930967	0.15591447637964848
0.028026308371243883	0.04463286472509614	0.12736284847205873	0.14709328104987285	0.08514114743092815	0.21794422038733535	0.10694560233188183	0.04985174251888503	0.0392762562293341	0.153725728483364
0.042025691436921205	0.04671828292048037	0.13257611052792084	0.11316743001587617	0.0844004909775298	0.23410316547863314	0.11120450440809079	0.05454074067754042	0.03227301320789365	0.14899057034911364
0.034730858781803514	0.0605044494978506	0.11611202834891134	0.12249211920291175	0.08819908876141355	0.21310861829708977	0.10375476318932648	0.0535722554344166	0.04149003470024699	0.16603578378602943
0.04955205562180191	0.047334886870282505	0.11175725480002036	0.10991466305271907	0.08507549973537575	0.22656527874012955	0.11058490453971295	0.05934286972502199	0.04427490738197577	0.1555976795329601
0.02998539085523662	0.058073732924517535	0.11543174203706844	0.12255403333327083	0.08513240588135053	0.21696163204652236	0.12066087615348649	0.05460702102412592	0.03679824419161461	0.15979492155280667
0.03230595821523184	0.05086701177959589	0.12556151003676702	0.12860925954006844	0.08707960835290206	0.2310279688990945	0.10822989835308269	0.053355708819112356	0.033229710728648346	0.14973336527549688
0.03149417052340052	0.05240994617719491	0.10816998823180939	0.11623143330119287	0.08909419911984459	0.22619791314729432	0.11784170122735027	0.04830347706649111	0.04413965982280818	0.16611751138261388
0.0482519709317336	0.06142768276627845	0.11129855649904223	0.10138759302400341	0.0902854179055115	0.2301827948560074	0.11144708605866128	0.046049866505909295	0.03970462736319657	0.1599644040896563
0.04870160408968227	0.04555516557048445	0.13400971282897067	0.07980161829022728	0.08729759409131287	0.23390173545654885	0.11097251472374864	0.052886452426402525	0.03412071288229081	0.17275288964033164
0.04106951741488466	0.06933881772982448	0.11301962461120806	0.10398691716369149	0.09143844539281756	0.2268383010825864	0.11320398083375416	0.0483209822265415	0.03479378454207234	0.15798962900261937
0.050601583429208966	0.04216108140846708	0.13068443018359988	0.08974493069033104	0.09182021241595524	0.2257609476331967	0.10670839857645181	0.05360149919774897	0.034071442778418545	0.1748454736866218
0.04713805635526301	0.0634411855322659	0.12826947845438136	0.07873967567202216	0.0878888990541743	0.2222978056584188	0.11812801227645317	0.05489424565009308	0.03512491216988162	0.1640777291770466
0.03606647491402866	0.06387152079926377	0.13456860444517887	0.0858034362984579	0.08428880909388865	0.22862286340409937	0.10909813610345737	0.04549366686592232	0.03621404429238194	0.1759724437833211
0.04439282610319736	0.06901306211852054	0.12399910547680439	0.10209034877151751	0.08768338013567548	0.22794625670277924	0.10272196592685791	0.051629635592994674	0.03685170890595245	0.15367171026570048
0.049131002227048304	0.06676433568716411	0.134598670846694	0.0816017601199907	0.09012119154055445	0.2174494747044925	0.10732695406990912	0.04382078522576223	0.03754411592840917	0.17164170964997544
0.04225095638096707	0.045673483055559246	0.11031584020361673	0.0864964682493099	0.09251979511469237	0.22618064368908342	0.1217876266523267	0.05351524711079207	0.044002858908869485	0.17725708063478296
0.04643035158902868	0.057328215544859576	0.11396877993471036	0.13299916126628866	0.0858563472606559	0.21210870446263635	0.11116054558566761	0.04464858877465143	0.03539202046918136	0.16010728511232006
0.044103366351736374	0.06819740993906859	0.11355919787784494	0.08714712990741752	0.0918636935397679	0.21354480169218037	0.12236077935955642	0.05297749891285568	0.0342981919958725	0.17194793042369969
0.04629467105212233	0.042376516466922115	0.12612065757504484	0.11667489323210876	0.08766127254999828	0.2237795656365526	0.11801623451240927	0.04673501469734105	0.03400650544997259	0.15833466882752817
0.029529817583692233	0.06767442615702161	0.12147844741197658	0.10014985525899589	0.08575597624062381	0.2125271043670846	0.10250583726858259	0.0579570413045601	0.04193687989136886	0.18048461451609377
0.04625797486596893	0.0658459913448555	0.13680823397736647	0.0854194553628769	0.08719951802564015	0.21456585582797616	0.11071124762708637	0.04672892966362079	0.038550223716892526	0.16791256958771622
0.04675718188770778	0.06044624899345366	0.11149703737679306	0.12849860099806498	0.08602460593971448	0.2266645970863076	0.10632172653034375	0.04808136969936782	0.034087938254446074	0.1516206932338008
0.03696328637740566	0.049383477698135364	0.11513214970133737	0.12383546591202599	0.08703994508108377	0.21404000375067744	0.10901420432462634	0.05658294847013819	0.034661974436441034	0.17334654424812884
0.03354020486358593	0.061650284835275695	0.13070452870581828	0.11481972474381832	0.09020069322602436	0.22392100062148118	0.10361254105450746	0.048219677034687596	0.04058120948383725	0.15275013543096388
0.028008630445904903	0.04983477236372302	0.13178237777585788	0.10214760759921902	0.08705979725800392	0.2208934483946537	0.12208932163387369	0.047681929995947	0.039871520195018884	0.17063059433779798
0.04666311301137815	0.052760492018284796	0.13730787650279508	0.08388363194318457	0.09206106150123176	0.22069769478929946	0.11569318085937508	0.05458792527729341	0.04369938587873082	0.15264563821842683
0.028738250662843162	0.05639329467433385	0.10827502385531904	0.11436790896293772	0.09161614746500896	0.22922951030642652	0.10834269131477103	0.05539169729777316	0.04417232030962458	0.163473155150962
0.03176306626794895	0.05477455233973569	0.12285627515612169	0.10865952010252841	0.08911526429323026	0.22233989483919733	0.11329171620445794	0.05670711307318723	0.034088495453311884	0.16640410227028063
0.03810028584668175	0.06783194258886735	0.11786388275229914	0.11778917806023165	0.08419896179007706	0.21715569298959725	0.10470368244084273	0.05833056645065505	0.04419386594940425	0.14983194113134377
0.046726546768425345	0.05815068012113609	0.1268728888623018	0.08551582258111995	0.08915895389894539	0.2187553070152641	0.1078382973807473	0.052735110602687436	0.03552232354292749	0.1787240692264451
0.03263712230945778	0.060468553312847506	0.12062074846269383	0.12359428813017208	0.0866493562702744	0.21699068108992148	0.11182508889098958	0.05649312150164185	0.039979692657585844	0.15074134737441564
0.038829181963846944	0.07115759496559686	0.12314989652922868	0.10404612462729868	0.09103225639473972	0.21803669549244759	0.11207814078026114	0.04793673825515036	0.03725497764977066	0.15647839334165936
0.03835656067412639	0.06885017288788703	0.12413088575309614	0.08629353097592835	0.08882089484979289	0.2236466894937424	0.11424794922054543	0.05720815565048987	0.032430189692585557	0.16601497080180597
0.04008371873795565	0.052906578527986775	0.11465687428835217	0.11323607471161792	0.0862242049837151	0.22930972789178017	0.11377504042208929	0.05600273352735577	0.039388487873676284	0.15441655903547089
0.0356029722820915	0.053327865773283696	0.13612316469786126	0.12064811985298263	0.0884806550903374	0.21551989467181198	0.11261714084678004	0.049415387381351775	0.03637110967896867	0.15189368972453104
0.03884834460935126	0.04294504860932727	0.12350420281623413	0.10737470808049086	0.08736369997073704	0.21305105050773465	0.12001564178456997	0.04798118088579872	0.043468929715199396	0.17544719302055672
0.04120639186983467	0.054794711611144145	0.10813598666053184	0.09106971142647777	0.0894913613671926	0.2235870777360071	0.11681506086711198	0.052090754411695916	0.04414942549542351	0.17865951855458045
0.02854872672246528	0.05090179355255133	0.11792517667380453	0.10713168663577802	0.09119384400488352	0.22938791778981765	0.10673650196956354	0.04441754612623171	0.04337724996700835	0.1803795565578961
0.046972728226204234	0.06086386237606242	0.11894052101866562	0.10241007285980619	0.09183490477414347	0.2137453527566292	0.1048567531180861	0.05116129305719508	0.04364670463059388	0.16556780718261382
0.0418314476522834	0.06373276092004712	0.13361611608025933	0.08851639357909619	0.0872583908399949	0.21375765820064402	0.1218993737518985	0.047121714282916276	0.03620065359584142	0.16606549109701887
0.041662816664950246	0.0661607023748428	0.1109172183922685	0.13145369179331143	0.0846257230057017	0.2130408371150329	0.11514721786550879	0.047181245154710984	0.03993339633738203	0.14987715129629062
0.043925281937628693	0.05832179516470254	0.10880829569782628	0.11551562896577992	0.0909857170805968	0.21792082615212888	0.11563302925095209	0.05663184376733536	0.04302254079416292	0.14923504118888653
0.037929844661265054	0.0632375572847271	0.1335473217375866	0.07607880475405955	0.09184475606130596	0.21874574766480337	0.11559592228054008	0.05341493695377691	0.044582577528544595	0.16502253107339077
0.04335746839129939	0.06293836748503112	0.12023766396708202	0.11218048441590832	0.09160058951648573	0.22052892163590676	0.10820596255582729	0.058653619596391676	0.03435157968300265	0.14794534275306503
0.03471079026100969	0.06845173508683519	0.12704583531492034	0.10208041020228557	0.09121247528905851	0.21542998383508716	0.11419537830202234	0.048073085363822834	0.03610524181162551	0.16269506453333288
0.0507362742158238	0.06035272143111292	0.12372195284256685	0.10798872948909954	0.0866071189528967	0.22246087530031616	0.10516126450807602	0.05014234507287389	0.03998483231962805	0.15284388586760606
0.03290920687828962	0.05742354392517272	0.12449740616499634	0.1202802671991052	0.08911565231402921	0.22442026639883708	0.10487052278147284	0.051106252283716194	0.03709262176192901	0.1582842602924518
0.028799474468146624	0.05315799020066667	0.11937410960181065	0.11813280325963535	0.08438121578034269	0.22548164673876148	0.11820201517470455	0.05427571784787033	0.043857601898994854	0.15433742502906686
0.03511894861949311	0.05599067789090457	0.13739295066398222	0.09437699195186439	0.08657066027558119	0.21714232103735048	0.11755597600150723	0.05668152433981803	0.0430029043473025	0.1561670448721963
0.034824367520166	0.06916081614366075	0.11878492352710748	0.07804116716483131	0.0868585383057869	0.23405352825134423	0.11997187196902526	0.05919566210980382	0.03908188206914754	0.1600272429391267
0.04182582163300905	0.0646367087189713	0.10787405481008477	0.09831872074094716	0.08969101744983295	0.2211916372711172	0.1138397751957975	0.057756910955039716	0.038235377031961115	0.16662997619323924
0.05016706241204602	0.042094595279067004	0.12351910106205387	0.09596819180392965	0.08951037866304244	0.23375174137885363	0.10461626182766179	0.047322692711261646	0.036847656001608914	0.17620231886047505
0.030293767775405753	0.07108857822371328	0.11263811871385397	0.10387704845220859	0.08771280198880112	0.21197849921747003	0.11858771451836886	0.05182662302779162	0.04252838439253843	0.16946846368984836
0.030738560150650365	0.05343241769591624	0.11829961434949238	0.10363029805590354	0.0901766710612176	0.22649927578561962	0.12210953497502289	0.05818890479719713	0.039293305937109044	0.1576314171918712
0.0394443900539306	0.05335035953974565	0.13309732891577214	0.08639056376132657	0.08929060630643085	0.23354061611186744	0.1178630964845201	0.04536350898120612	0.03241422391873172	0.16924530592646875
0.032980403885611784	0.07039772387336635	0.13591895353549477	0.10531149532506788	0.0919250016903422	0.2191075356072949	0.10284650860951906	0.055491180351659834	0.03294157375822787	0.15307962336341535
0.04955726874360977	0.05079794972418602	0.12600638027429495	0.12133251904032653	0.09118378929763218	0.21187965033904865	0.10755139451878318	0.05184533237049547	0.03398629164314999	0.15585942404847328
0.04472169761122707	0.06374592247635746	0.13002508012549885	0.10906804491444697	0.0846075743570763	0.2130494719343506	0.10698796851299057	0.04356183222107303	0.036312615005587245	0.1679197928413919
0.043065271141892805	0.06252234304286934	0.11121714448456725	0.09945759314736052	0.08980778346067989	0.21542560002963257	0.1223888257632956	0.055470077738810054	0.037134606411950974	0.163510754778941
0.03292064039309085	0.06135908215336192	0.13656687610748194	0.09139257771023512	0.08407730690645007	0.21295029558707423	0.11035903862456531	0.04704379411730071	0.042892991079776004	0.18043739732066383
0.03370851775097715	0.06258919708540135	0.1337421632975121	0.10561486676655263	0.09246045642215177	0.21400876279611225	0.11351475041333017	0.05128352861274077	0.03373505514286547	0.15934270171235637
0.03370350957412803	0.04568576161397191	0.12450817102806551	0.12040599359468994	0.08796392536730008	0.21935962895155817	0.11777348133552855	0.05404990595387102	0.039613029133070896	0.1569365934478159
0.039387407426407325	0.04319925937533029	0.13556601788196376	0.09612575088225347	0.0915045800987071	0.22899007802830462	0.11422904637950626	0.056376445743519556	0.03836230258809733	0.15625911159591033
0.04368689168496892	0.04649799205730151	0.11458436268361533	0.12598859931369877	0.08961165377014237	0.21619528857231068	0.1172323514290332	0.05344030678506046	0.03649514204163806	0.15626741166223074
0.04279059475283255	0.06132584601302919	0.12718707590561323	0.09244929405006035	0.08936731148653385	0.23394414548577663	0.1110457033090229	0.050691836832496	0.032526546891525995	0.15867164527310929
0.03611830390231939	0.051670713225391726	0.11496729284262115	0.13075538402158454	0.08809198294274909	0.2181564518223704	0.10868562908672144	0.05850676673274434	0.044479923075101256	0.14856755234839666
0.03471691993291624	0.05774840064623911	0.11245579958053893	0.10954369690336423	0.08831736028542965	0.21802324640887727	0.11412758032687519	0.05773397305655231	0.044686434984048735	0.1626465878751584
0.03197653579168157	0.0679328785158295	0.13383386548825404	0.10557541321064302	0.0855577363973331	0.22329838892362688	0.10780936031673774	0.057174071663257935	0.03349969288348066	0.1533420568091555
0.027963926588088675	0.04278031338714981	0.11046860380628529	0.11666753072090891	0.08950535428660071	0.22923839652091021	0.11726008500838503	0.05611395070163374	0.03928604570348267	0.17071579327655503
0.03298765257836482	0.04283601542464868	0.10936788595097671	0.1271262909638605	0.0918649890414999	0.21721202509844545	0.11204453505055664	0.05014153147360567	0.03678882540821818	0.17963024900982344
0.04510090649406516	0.05567885196279039	0.12056554340242946	0.10070433883693149	0.09156717424541681	0.22431853405089547	0.11212782167083642	0.05253479949229281	0.03599117554114575	0.16141085430319627
0.0348781538463285	0.06678528612978785	0.1245188155091298	0.0921597711713831	0.08823260256884176	0.2261065056558132	0.11933281508685542	0.0564590683857283	0.03864957518613534	0.15287740645999673
0.042672581054785275	0.05922509078391748	0.10992322916389657	0.1008596149962586	0.09161443739555825	0.226774461251679	0.10236519118707399	0.0531698925559906	0.03926567855253478	0.1741298230583055
