0.18557933228444998	0.5874692713326143	0.22695139638293582
0.18631673525724135	0.592358442227801	0.22132482251495783
0.18380821388284896	0.5963147162008321	0.21987706991631906
0.18481576836003508	0.5937467400698464	0.22143749157011866
0.183296794486381	0.5858766833547078	0.23082652215891142
0.18349539273879648	0.596112961552999	0.22039164570820466
0.18359709923158896	0.587505700426924	0.2288972003414872
0.1815137727473342	0.597107814489813	0.22137841276285292
0.18414484024567296	0.5987398133672395	0.2171153463870878
0.18406697141378087	0.5965408487394115	0.21939217984680776
0.18647920796552978	0.5957291509788807	0.21779164105558974
0.18613888880112486	0.5931648274426558	0.22069628375621952
0.1856028064200305	0.5875066955538268	0.22689049802614286
0.1861264284768473	0.5938559829086865	0.22001758861446635
0.1841137799715249	0.5886491376222373	0.227237082406238
0.18277947854857757	0.5943465202972003	0.22287400115422223
0.1856633477825665	0.5979038805331907	0.21643277168424302
0.1813554477117565	0.5968686027862964	0.22177594950194723
0.18548682521571266	0.5931560768207762	0.22135709796351122
0.1858449852606189	0.5922692454973394	0.22188576924204179
0.18323123143270736	0.5949979916583861	0.22177077690890667
0.18205779583721843	0.5922404087894798	0.22570179537330187
0.1810989266258601	0.5883184585276934	0.23058261484644665
0.18546445916586698	0.5950139944399786	0.2195215463941545
0.1815046622953303	0.5930483587242386	0.22544697898043126
0.18437097378062556	0.5961314443913442	0.2194975818280303
0.18618086191587302	0.5919235027161729	0.22189563536795417
0.1843633210540707	0.5991431885069645	0.216493490438965
0.18607330642539976	0.5931128867586368	0.22081380681596358
0.18486346273354726	0.5875305110349409	0.22760602623151188
0.18118114165823931	0.5944527095957097	0.22436614874605115
0.18188957705080544	0.5961385065319603	0.22197191641723438
0.18654962688541937	0.5866518247259308	0.22679854838865
0.18104870034836107	0.5935825807031601	0.22536871894847896
0.18615711715746008	0.5960811621587208	0.21776172068381922
0.1845858468007883	0.5856544767739531	0.22975967642525869
0.1854286152980424	0.5874722495863898	0.22709913511556792
0.18495762465808008	0.5927908695095425	0.22225150583237746
0.18673468370055143	0.5890368301736115	0.22422848612583715
0.18307382304916706	0.59351227812933	0.22341389882150303
0.1847014011888084	0.5906055180098102	0.22469308080138156
0.18438659030243076	0.5885040738068968	0.2271093358906725
0.18304650610301038	0.5960735794717558	0.22087991442523403
0.186658747137032	0.596713776919258	0.21662747594371012
0.18110649093439532	0.5952680356363218	0.22362547342928302
0.18399446033927702	0.5909246469141087	0.22508089274661428
0.18378914022135778	0.5891964137447986	0.22701444603384371
0.18635423251258476	0.5963648140762403	0.217280953411175
0.18455380905502594	0.5946343735997087	0.22081181734526548
0.1843091292304198	0.5880567757605917	0.22763409500898857
0.18460614293894553	0.5907950897499201	0.22459876731113443
0.18468357815554295	0.5883253638784772	0.22699105796597996
0.18260785186206174	0.5955145325864178	0.2218776155515205
0.1862372826898757	0.5938105951234931	0.21995212218663127
0.18412489058591036	0.5906429839371063	0.22523212547698337
0.1852102904997764	0.5894083408805435	0.22538136861968022
0.18295420802050436	0.5962789943584984	0.2207667976209974
0.18637696516814253	0.5960889673548383	0.2175340674770193
0.18540651611504408	0.5861409895917042	0.22845249429325176
0.1836589773569455	0.5944086039223475	0.22193241872070707
0.18414474396870079	0.5991806887741074	0.21667456725719209
0.1855529232434757	0.5871438554843325	0.22730322127219202
0.18139428625208195	0.5930302933987337	0.22557542034918443
0.18229290162834935	0.5880151526983894	0.22969194567326123
0.1809035419069333	0.5972811153333144	0.22181534275975237
0.1831831000396269	0.5885579605769695	0.22825893938340372
0.18398779667294732	0.5875012466131575	0.22851095671389526
0.18132678785108808	0.5940039122283242	0.22466929992058784
0.18202431665527305	0.5881983586717048	0.22977732467302225
0.18259801324197536	0.5993783976191961	0.2180235891388287
0.18250519311464156	0.5918834995480102	0.22561130733734824
0.18187168094945036	0.5881750706589057	0.22995324839164405
0.18212045784889141	0.58698907271233	0.23089046943877864
0.18194562884749083	0.5950490447080256	0.22300532644448373
0.185210834976978	0.5885451391808048	0.22624402584221742
0.18259593420494633	0.5941446666512324	0.22325939914382137
0.1856142114547857	0.5925539111467898	0.2218318773984246
0.18474388355664725	0.5930159833893869	0.22224013305396598
0.18601110044244937	0.5982473802872089	0.21574151927034185
0.18677828119368928	0.5942808277502416	0.2189408910560693
0.1836372985282888	0.5970899194311658	0.2192727820405455
0.18281549947900605	0.5954686275265462	0.2217158729944479
0.1857430412001362	0.5923938971036813	0.2218630616961826
0.18335748342573022	0.5917058297040863	0.22493668687018373
0.18333050262399528	0.5931286397578683	0.22354085761813652
0.18420964425564462	0.5853952998026557	0.2303950559416999
0.18516748618184725	0.5944894980962033	0.22034301572194953
0.18234785492678107	0.5937172930639536	0.2239348520092655
0.18310999754478433	0.5901672664155935	0.2267227360396224
0.18129688309783773	0.5988268196588147	0.21987629724334776
0.1858238163756023	0.5913614148559461	0.2228147687684517
0.18632120782034822	0.589914220904256	0.22376457127539587
0.18261635916803123	0.592443232454829	0.22494040837713986
0.18632871179883315	0.58790664622167	0.2257646419794969
0.18186380546597028	0.5954577706152895	0.22267842391874038
0.184587768558869	0.5974515580627126	0.21796067337841857
0.18124258880671368	0.5902370522342166	0.22852035895906975
0.1867591980926706	0.5905694706444661	0.22267133126286343
0.18185598025840974	0.5928880967292783	0.22525592301231206
0.1819001467109409	0.5894121242917746	0.22868772899728462
0.18213384730106857	0.59374326067248	0.2241228920264516
0.1850060840669399	0.5936856725001681	0.22130824343289204
0.18556315610119073	0.5915712373122183	0.2228656065865911
0.18547188740913237	0.585567415048278	0.22896069754258974
0.18678079173255746	0.5873941900458168	0.22582501822162573
0.18566237997565158	0.5961933846837452	0.21814423534060337
0.18355994664035255	0.5907901201373646	0.22564993322228283
0.18145970755078608	0.5955669266124708	0.22297336583674318
0.1825780899585705	0.5885214191783839	0.2289004908630458
0.1834546927218199	0.5858695331951793	0.23067577408300088
0.18146818709643842	0.5886276945823246	0.2299041183212371
0.1830813779000643	0.5948915549198512	0.22202706718008458
0.18532556295116173	0.5915707582757355	0.22310367877310294
0.18553777002080343	0.5909405574234405	0.2235216725557561
0.1822291699119775	0.5907361573040206	0.2270346727840019
0.18115717793925828	0.5936222363221269	0.22522058573861498
0.18309683249896933	0.5886116330486546	0.22829153445237615
0.18122842774895115	0.5981975768580303	0.22057399539301867
0.18415851613247017	0.5991228419527821	0.21671864191474782
0.18350296659992904	0.5935008549462204	0.22299617845385067
0.185734617137348	0.5861753099526841	0.22809007290996797
0.1866856284250173	0.5858436336027482	0.22747073797223458
0.18497033538387295	0.588275001680286	0.22675466293584118
0.1830082590734058	0.5870403448129227	0.2299513961136717
0.18132530008092093	0.598871811348863	0.21980288857021618
0.18158167647910184	0.588420809153968	0.22999751436693028
0.18573029135259794	0.59166734102682	0.22260236762058222
0.18384941123280105	0.5912223626756979	0.22492822609150115
0.18404740024220972	0.5937318314421556	0.2222207683156348
0.18085083115992917	0.5969539855087367	0.2221951833313342
0.1845286237041267	0.5969434921633275	0.21852788413254587
0.18626320631027823	0.5910155396955046	0.22272125399421736
0.1833189597234615	0.5859721062107952	0.23070893406574344
0.1854100599362876	0.5996227432579209	0.21496719680579163
0.18373181376872086	0.5877628473274514	0.22850533890382782
0.18485360511041346	0.5975453194235516	0.21760107546603502
0.18605163145001588	0.5983870397502316	0.21556132879975273
0.18225444860103984	0.5957750170263875	0.22197053437257275
0.18588413125051814	0.5892450274430387	0.22487084130644328
0.18451727174803498	0.5908989143763731	0.22458381387559204
0.1867135120294275	0.5889393706008103	0.22434711736976237
0.18401585992156144	0.5973714975568749	0.21861264252156368
0.18414290191519028	0.5973905159445443	0.21846658214026554
0.18398737703269794	0.5893282996810494	0.22668432328625282
0.18317676531914356	0.5929528337997865	0.2238704008810702
0.18592520648373995	0.5897979787027678	0.22427681481349226
0.18513648774541383	0.5899740730481834	0.2248894392064029
0.18254422829048889	0.5993338105930894	0.2181219611164217
0.1812374204501013	0.5963959681717177	0.22236661137818112
0.1853477260516145	0.5972107712024024	0.21744150274598326
0.18270807946675305	0.5860888526268784	0.23120306790636874
0.18481532017028085	0.5878216940221522	0.22736298580756703
0.18160966430599176	0.5939154227199255	0.2244749129740829
0.18197130476162543	0.5992282796775182	0.21880041556085647
0.1857245365950878	0.5881296075709745	0.2261458558339377
0.18672714999156292	0.5891207727692969	0.2241520772391403
0.18176497251984935	0.5945648860941283	0.22367014138602248
0.18505918435125457	0.5981546466287136	0.2167861690200319
0.18303100618301088	0.5983009294574337	0.21866806435955546
0.18409903649853107	0.5954720419014432	0.2204289216000258
0.18650167938983936	0.5928059579975118	0.22069236261264907
0.18594371027186635	0.5902716414697683	0.22378464825836547
0.18584509671085492	0.5909394256491525	0.22321547763999272
0.18646278605181285	0.5939544826975132	0.21958273125067418
0.18648419814577	0.5958579415417404	0.21765786031248963
0.18552334168158469	0.596909145819102	0.21756751249931341
0.18112333149310514	0.5932772218939144	0.22559944661298062
0.18244993289556322	0.5948289856993711	0.22272108140506577
0.18586091160949597	0.5918010229928936	0.22233806539761053
0.18292972387548237	0.5962638610147453	0.22080641510977256
0.18275051054751268	0.5945287864022955	0.22272070305019198
0.18456228152750154	0.5893442406658662	0.22609347780663241
0.18303913866349555	0.5974602102486422	0.21950065108786243
0.18524827122519905	0.5954902875196331	0.21926144125516805
0.18678629933463445	0.5938299904780335	0.21938371018733213
0.18354929118633823	0.5991235579048195	0.21732715090884228
0.18127546122511723	0.5896394057027566	0.22908513307212625
0.18528428255081575	0.5888084640099431	0.22590725343924115
0.1818101416043933	0.5924874838021933	0.22570237459341355
0.1866125681328388	0.5954110168430538	0.2179764150241076
0.18260324150713061	0.5892629056902399	0.22813385280262966
0.18291308205115941	0.5945038910853297	0.222583026863511
0.18132751679116058	0.5957055242773095	0.22296695893153007
0.18308373982947368	0.5901418272435212	0.22677443292700533
0.1817679242410015	0.5883690619330457	0.22986301382595295
0.18275133021625184	0.5982449103359065	0.21900375944784173
0.18399574637223043	0.595652115310848	0.22035213831692158
0.184778197173119	0.5981890434847299	0.21703275934215127
0.18405926198650513	0.5854596146906921	0.23048112332280293
0.18654128109691157	0.5887233712767196	0.224735347626369
0.18618024815069445	0.5884585846840429	0.22536116716526278
0.18550697673101446	0.588703570925478	0.22578945234350764
0.1855910877502905	0.5889300693286184	0.22547884292109133
0.1811846160237259	0.5901603610220845	0.22865502295418966
0.1821167955036959	0.5975120504286021	0.2203711540677021
0.1818851883545861	0.5882365188458598	0.2298782927995542
0.18317701707216047	0.5972030828936489	0.21961990003419074
0.18532037807040366	0.5865092890887068	0.22817033284088964
0.18555985404685885	0.595923017712582	0.21851712824055924
0.18654172841799715	0.5916007064131499	0.22185756516885302
0.18232183648960362	0.5950286710308752	0.22264949247952126
0.18349201502891008	0.5960969377072864	0.22041104726380362
0.1819039767325109	0.5959775396846471	0.22211848358284217
0.18463423431158155	0.5930063065948398	0.22235945909357885
0.18490480003484885	0.5952137002955704	0.2198814996695808
0.18097016519294373	0.5966778865973082	0.22235194820974816
0.18400488731912426	0.593803419513456	0.22219169316741974
0.18286681509301878	0.594158069274473	0.2229751156325084
0.18669243743840555	0.5889863938214486	0.2243211687401459
0.1817499521303263	0.5984385144627453	0.2198115334069286
0.18463590227953777	0.5962609878418967	0.2191031098785656
0.18402788240392956	0.5939798805791923	0.22199223701687823
0.1864318765815604	0.5911957093788164	0.22237241403962332
0.18261330055949818	0.5899979688909595	0.2273887305495425
0.18365999826066864	0.595374021433209	0.2209659803061224
0.18423342633240392	0.5950239337478531	0.22074263991974313
0.1824074769015167	0.5959909355778149	0.22160158752066852
0.18149905590172685	0.5899735904792984	0.22852735361897486
0.18551369161965583	0.5930008779886469	0.22148543039169738
0.1809934655508832	0.5882167736663961	0.23078976078272084
0.1866280795097478	0.595986843156885	0.21738507733336734
0.18158557272118345	0.5924451798630946	0.22596924741572202
0.1830016213957969	0.5917564657208181	0.2252419128833851
0.1834186523673047	0.5905186353605554	0.2260627122721401
0.18605252603113603	0.5950404555723876	0.2189070183964764
0.18307510631773408	0.5967250261080204	0.2201998675742457
0.18297506922215062	0.5959854909838423	0.22103943979400714
0.18431273602318937	0.5954960379341461	0.2201912260426646
0.18601071783420603	0.5867512620114737	0.22723802015432049
0.1858421955664643	0.5897569228944719	0.224400881539064
0.18136564685515577	0.5947554824090746	0.22387887073576973
0.18252749244832792	0.5942399790684798	0.22323252848319236
0.18406495265475303	0.5884554043563703	0.22747964298887674
0.18602719915324284	0.5972706977608295	0.21670210308592783
0.18386561856632416	0.59186567851839	0.22426870291528594
0.18370114445224794	0.5939005439956254	0.22239831155212675
0.1830424974374931	0.5947365458906502	0.2222209566718569
0.1818092026525247	0.589270817808767	0.22891997953870838
0.18116393518945512	0.5912182446888306	0.2276178201217144
0.1813480416465905	0.5935688586482275	0.22508309970518214
0.18213218796336433	0.5936251024533331	0.22424270958330267
0.18632620426524846	0.5935696844247673	0.22010411130998436
0.18250444022333687	0.5959954676357299	0.2215000921409334
0.18555889409899212	0.5963469270217134	0.2180941788792946
0.1857483010223983	0.5907561214139443	0.22349557756365745
0.18124949291938003	0.593905114706899	0.22484539237372106
0.18602921185161855	0.5878231428333089	0.22614764531507267
0.18360831316672432	0.5883647652387017	0.22802692159457402
0.18571719740996753	0.5894752271224788	0.22480757546755373
0.18596793098362657	0.5928504648234252	0.2211816041929484
0.18110331958846365	0.5976392411647715	0.22125743924676505
0.18150252909560452	0.5890341043830764	0.22946336652131924
0.18149321319696804	0.5905813805352087	0.22792540626782337
0.18271419840504027	0.5978803321517432	0.21940546944321665
0.18246825221608426	0.5922052308126489	0.22532651697126707
0.1814352602096793	0.5894957035709054	0.2290690362194155
0.18496251672349964	0.591997359610631	0.22304012366586942
0.1840249600550975	0.5928880788047793	0.22308696114012327
0.1859834275852012	0.5974356514676162	0.21658092094718262
0.1817948268973208	0.5964874866437637	0.22171768645891568
0.18391806829652046	0.5969119774124578	0.21916995429102185
0.1837717422636247	0.5908744265910948	0.22535383114528063
0.18218792731645989	0.5870406690472965	0.23077140363624382
0.18315796222057132	0.59716769628401	0.21967434149541884
0.18300865213541725	0.5886827198405938	0.22830862802398907
0.18281420293747813	0.5918058374657582	0.22537995959676374
0.18245155518213743	0.5908307024870322	0.2267177423308305
0.18097676575025892	0.5971337313260312	0.22188950292370999
0.1847111566503112	0.5945685407050212	0.2207203026446677
0.18317984339549637	0.5910303800375347	0.22578977656696902
0.18319485097317514	0.5861692949441026	0.2306358540827224
0.18375511440282977	0.5888274588275231	0.2274174267696473
0.1816489360072417	0.5986312954480424	0.21971976854471614
0.18275562731792952	0.5907496902421101	0.22649468243996043
0.18559981580977436	0.5864323285522286	0.22796785563799718
0.18389642767064102	0.598508478335086	0.21759509399427313
0.1862816576485456	0.5896266116044673	0.2240917307469873
0.1856306387885609	0.5899514889045288	0.2244178723069105
0.1843084623913698	0.5868593728484833	0.22883216476014698
0.18449703661951558	0.5935336401872818	0.22196932319320273
0.18554368437072624	0.5908281497089712	0.22362816592030263
0.18173819778579106	0.5902372803577746	0.2280245218564345
0.18643712937530013	0.5903759951447316	0.22318687547996835
0.18294818314245057	0.5879136844658889	0.2291381323916607
0.18407126489002876	0.5902617501744037	0.22566698493556767
0.18332153354291264	0.5913830863429304	0.22529538011415712
0.1847942579681604	0.5883001374235193	0.22690560460832046
0.18315370584652413	0.5935110957405121	0.22333519841296387
0.18390851113920784	0.5919599050934524	0.22413158376733988
0.1862397369113866	0.5976584507322283	0.21610181235638515
0.18511870592590332	0.5881382072813487	0.2267430867927481
0.18398833100922019	0.59123067836033	0.22478099063044982
0.18656358966883335	0.5975145180069772	0.21592189232418957
0.18460505233182428	0.5921405168089233	0.22325443085925253
0.18175091095461612	0.5970528300040105	0.2211962590413735
0.18413964262462434	0.596767881590117	0.21909247578525887
0.18283437081675868	0.5918339794262932	0.22533164975694828
0.18283001357610917	0.5896417016899084	0.22752828473398254
0.1867284629227926	0.5879559721084471	0.2253155649687604
0.18621943795595372	0.5858971413799647	0.2278834206640817
0.18335085773521156	0.5932564278194348	0.22339271444535377
0.18204571936394884	0.5934721161643208	0.22448216447173036
0.18579636444277206	0.5876039238603724	0.2265997116968556
0.18094949080527278	0.5972377067780319	0.2218128024166955
0.18128372546047972	0.5918415310502079	0.22687474348931247
0.18665188483403203	0.5927967301652943	0.22055138500067384
0.182734569307027	0.5911184737468711	0.22614695694610207
0.18303560212393793	0.5987238400467768	0.2182405578292853
0.1862303692635821	0.5981425964622685	0.21562703427414942
0.18412655938814818	0.5898491000681703	0.2260243405436817
0.18120111107123593	0.5980823572596375	0.22071653166912664
0.18406408261648272	0.5910955056367175	0.22484041174679992
0.18181212451754342	0.5901516883505062	0.22803618713195045
0.18407865351960828	0.5899816760845558	0.22593967039583615
0.1852431554456661	0.5853882293610362	0.22936861519329782
0.18322666976980834	0.588452012047848	0.22832131818234383
0.18507765303814314	0.5861647177062096	0.22875762925564735
0.18310885183011857	0.5865003314996935	0.23039081667018804
0.18211841439770632	0.595426120654114	0.22245546494817972
0.18393999919194998	0.5893574324163491	0.22670256839170103
0.18517033696238042	0.5883779362294035	0.22645172680821618
0.18488467969109085	0.5911306366684932	0.22398468364041604
0.18199155390051608	0.5959571380532471	0.22205130804623685
0.18345809499036095	0.5967914714050975	0.21975043360454177
0.1859351533659637	0.5876634575422464	0.22640138909179003
0.18138693982168436	0.5928204451915494	0.2257926149867664
0.18128893901153287	0.5995779918023112	0.219133069186156
0.18618986401863355	0.592524463155004	0.22128567282636258
0.18337500803504236	0.5947738993680358	0.22185109259692198
0.18557044828395086	0.5961150396437853	0.21831451207226396
0.1816382203336612	0.5915137684811596	0.22684801118517942
0.18317703439693495	0.5956218899327617	0.2212010756703035
0.18636549902277436	0.588743148157939	0.22489135281928674
0.1860530669479369	0.5922328094122546	0.22171412363980858
0.1847604772973007	0.5993726845305718	0.2158668381721277
0.18360827894363058	0.5959775934600171	0.22041412759635248
0.18274336168849442	0.5867669507418253	0.2304896875696804
0.18626996812769425	0.5953354070240013	0.2183946248483045
0.1855128525598681	0.5917849398805741	0.22270220755955794
0.18568032507418397	0.5991815552448871	0.21513811968092897
0.18215847180557135	0.5937956423334103	0.22404588586101848
0.18375962847155086	0.5901866579543911	0.22605371357405826
0.18122840601065127	0.5939002281288354	0.22487136586051348
0.18436707703780014	0.5947630271132269	0.2208698958489731
0.18431708672798508	0.5898926567810108	0.2257902564910043
0.18350414354321068	0.5925656337403706	0.2239302227164188
0.18534054308964626	0.5862222797206388	0.22843717718971504
0.1826982359598892	0.5975836248048543	0.2197181392352566
0.1825901441741933	0.5934747351399061	0.22393512068590063
0.18180521521236528	0.589342254302708	0.2288525304849268
0.1836126000573386	0.5958777768159789	0.22050962312668268
0.18178363932171468	0.5987637605892101	0.21945260008907533
0.1831210598654126	0.5947095468830833	0.22216939325150423
0.18447895887708243	0.5886395467945078	0.22688149432840984
0.1812507237505555	0.5895311961834171	0.2292180800660275
0.18554456630602287	0.5886862999911373	0.22576913370283996
0.18216947436881845	0.5958230848402084	0.22200744079097323
0.1864269329702976	0.5944382976894036	0.2191347693402989
0.18627830863715797	0.5971682758408683	0.2165534155219739
0.18154308076669506	0.5936315450196861	0.22482537421361903
0.18476099984899563	0.5958238868547189	0.2194151132962856
0.18465156852063372	0.5916932231337945	0.22365520834557195
0.18409503640712546	0.5880687198896037	0.2278362437032709
0.18269851214867572	0.5865173930700041	0.2307840947813204
0.1823737639501541	0.5970224808406097	0.22060375520923634
0.18548592404416755	0.5968081544810876	0.217705921474745
0.1837681103822707	0.591520110951382	0.22471177866634737
0.18358568569764525	0.5858266200784792	0.23058769422387565
0.18239409587805425	0.5918164916128466	0.22578941250909926
0.18160024170654276	0.5916035843214098	0.2267961739720475
0.1867812112725441	0.5879931314509829	0.22522565727647315
0.18264275495657936	0.597768014034154	0.21958923100926675
0.18615234096023953	0.5897841603875731	0.22406349865218747
0.18155371008338286	0.5913232381090823	0.22712305180753492
0.18225563410890627	0.5898578510386714	0.2278865148524224
0.1810531276125732	0.5926293435475354	0.2263175288398916
0.18128950823170392	0.5994090967484016	0.21930139501989462
0.18155782796678577	0.5937494508854013	0.224692721147813
0.18157372625555457	0.5868854856018424	0.23154078814260315
0.18243917422511385	0.5869951037509809	0.2305657220239054
0.1860082520256485	0.5865903219778594	0.22740142599649216
0.18477519699335565	0.5856366351129915	0.229588167893653
0.18208480779438224	0.5985925880546044	0.2193226041510135
0.183252697060713	0.5879649173636643	0.22878238557562272
0.18526774957153622	0.5919686646927381	0.22276358573572574
0.18488618173284843	0.5858309177046752	0.22928290056247652
0.18432407995781733	0.5872596655899972	0.2284162544521856
0.1866088780069345	0.5882767641520721	0.2251143578409936
0.1826394456629856	0.5927889993091184	0.224571555027896
0.18186933969684443	0.5882751547605225	0.22985550554263323
0.18146283456294243	0.5921748625188532	0.22636230291820442
0.18673128037823744	0.5855083832913323	0.22776033633043044
0.18139189541251718	0.5892687007384427	0.22933940384904025
0.1859707452334433	0.5887980787603109	0.22523117600624584
0.18449860519152328	0.5938767699996352	0.22162462480884165
0.1819738125651346	0.589165477142139	0.2288607102927266
0.18515196784444457	0.5977827527125577	0.21706527944299786
0.18100920506008472	0.5920540991318683	0.22693669580804715
0.18602941074404541	0.586433022399982	0.22753756685597276
0.18302301999363055	0.5871948748095346	0.229782105196835
0.18557307974455198	0.5883543045804019	0.22607261567504616
0.18662126207088822	0.5941034643488428	0.21927527358026908
0.18246671703099365	0.592187565191592	0.2253457177774145
0.18506501882340232	0.5918812790327868	0.22305370214381107
0.18301261166353056	0.5884127254454163	0.22857466289105324
0.18495353130886938	0.5903035559661416	0.22474291272498914
0.1808805466966464	0.5944536313711978	0.22466582193215592
0.1843668914704129	0.5952217209510673	0.22041138757852
0.18166244261644826	0.5955126762819096	0.22282488110164228
0.1820719414574461	0.5883950565507184	0.22953300199183557
0.18518976083549257	0.5985407792596134	0.2162694599048942
0.18437335981453032	0.5979328000921881	0.21769384009328174
0.18378553650519178	0.5887497604347576	0.22746470306005082
0.18547878101983334	0.5900996144905344	0.2244216044896324
0.18348828121860605	0.5914418332729046	0.22506988550848947
0.18479761371494707	0.5927476584291456	0.22245472785590745
0.18274165276383234	0.5920952368028092	0.22516311043335868
0.1856587693779143	0.5855735623710876	0.2287676682509982
0.18465669316918837	0.5936504027392318	0.22169290409158005
0.18086993662675954	0.5879684199518964	0.2311616434213442
0.18629320114781178	0.590128226433486	0.22357857241870235
0.18647982910713812	0.5947251955185624	0.2187949753742996
0.1837942643608601	0.5984743003678223	0.21773143527131772
0.18366295031893487	0.5989816598774003	0.21735538980366503
0.1841703126342388	0.589742477406048	0.22608720995971335
0.18275305841982586	0.5898950170601981	0.22735192451997616
0.1814317189841235	0.5903858766751124	0.22818240434076414
0.18670836431279433	0.5868983268206105	0.22639330886659523
0.1863325323620814	0.5910295714517979	0.22263789618612084
0.18432045778265593	0.5874771877510875	0.2282023544662567
0.18349980001603344	0.5887073427735275	0.22779285721043915
0.1860163332839704	0.586494482995264	0.2274891837207657
0.18193579010839547	0.5894289957267387	0.22863521416486596
0.18388286061733927	0.5858720714359621	0.23024506794669872
0.18620843892129169	0.5901709030990236	0.22362065797968475
0.185336310961468	0.5995556763085794	0.21510801272995264
0.1843072833289519	0.5937025232370707	0.2219901934339774
0.18405422092143298	0.5888998511175356	0.22704592796103149
0.18612261668504865	0.5951800854241884	0.21869729789076303
0.18510372188029528	0.5993403184271131	0.21555595969259167
0.18581976665423558	0.5975498727117825	0.21663036063398206
0.18450361697619036	0.5963341214518512	0.21916226157195867
0.1862056729967827	0.5971531449339532	0.21664118206926425
0.18173658861738268	0.5924057028171454	0.22585770856547194
0.18390090727236516	0.5927201524412395	0.22337894028639543
0.18532779757154463	0.59430732857649	0.22036487385196543
0.18439483057782335	0.5901028846301404	0.22550228479203643
0.1859080906837003	0.5912460204388088	0.22284588887749102
0.1816643330909132	0.5928762634233984	0.22545940348568858
0.1833542378754865	0.5964456506640055	0.22020011146050825
0.18282418459470703	0.5911844590428271	0.22599135636246598
0.18429708426270364	0.596017347429818	0.21968556830747848
0.18180768325388785	0.5960278232331572	0.2221644935129551
0.18507914647724705	0.5917252792103603	0.22319557431239273
0.18119821158510815	0.5939481651146143	0.22485362330027756
0.18555800403359976	0.587248009228357	0.22719398673804342
0.18259135894109868	0.5967369650579513	0.22067167600095022
0.18416252775687086	0.593421594692239	0.2224158775508902
0.18642830688121967	0.5936701642498312	0.21990152886894923
0.18193103837825558	0.5991637622382808	0.21890519938346376
0.18201901877000817	0.5951037663876395	0.22287721484235248
0.18573917752488783	0.593656403548568	0.2206044189265443
0.1855536002069965	0.5878706671350142	0.22657573265798941
0.18555728973857794	0.5865544638850853	0.22788824637633698
0.18323614641576785	0.5872304936829151	0.22953335990131712
0.1832422368346778	0.5947670596230955	0.22199070354222683
0.1841046832889955	0.5947338439847671	0.2211614727262374
0.18618507229005013	0.5862979646469011	0.2275169630630489
0.18163542610744904	0.5985200652695206	0.2198445086230304
0.185689358963886	0.5915340355717515	0.2227766054643625
0.18138092276197357	0.5924969198276588	0.22612215741036773
0.18422049612053165	0.5915564104831134	0.22422309339635507
0.18147292754099137	0.5952713828603007	0.22325568959870815
0.18338776719169547	0.5974995723409227	0.21911266046738204
0.18107917072506788	0.5955339169964781	0.2233869122784542
0.1818418298322002	0.5927208563139603	0.22543731385383955
0.1808756345926472	0.5890116566503285	0.23011270875702444
0.18268839572625617	0.5882329435270175	0.22907866074672642
0.18193555863342936	0.5867913409113732	0.2312731004551976
0.18673861554600188	0.5925640793310516	0.22069730512294672
0.18359167393094428	0.5941695424531042	0.22223878361595165
0.18604874911114572	0.5869542935329579	0.22699695735589648
0.18573234573456082	0.5888460177819781	0.22542163648346128
0.18254499849955222	0.5902851747739198	0.22716982672652808
0.18247308372703488	0.5878299712561537	0.2296969450168116
0.18402434237339876	0.5933820797038856	0.22259357792271575
0.18134088698902956	0.5893865965032641	0.22927251650770647
0.18180047612990125	0.594350821428272	0.22384870244182686
0.18464295803168534	0.5890700538314193	0.22628698813689546
0.1835280827080561	0.5920466306752542	0.2244252866166898
0.18440167218442777	0.5872567154413431	0.22834161237422926
0.18526002927784158	0.5865636885826295	0.22817628213952895
0.18298112901169472	0.589094803389479	0.22792406759882647
0.1833546045282281	0.5950921089588048	0.2215532865129672
0.1825464273035134	0.5996242230690366	0.21782934962745007
0.18369717584557693	0.5901382563960542	0.22616456775836902
0.18158673309306583	0.5961273613360178	0.2222859055709164
0.18576050570003103	0.5991030852916995	0.21513640900826958
0.18597539224088555	0.5974355532162872	0.21658905454282742
0.1853029470678238	0.5989425946299349	0.21575445830224144
0.18632006549994254	0.5987483756663001	0.2149315588337575
0.18463356739094147	0.5961868625820126	0.2191795700270461
0.18612325724947076	0.5887888910032785	0.2250878517472509
0.18451990433385174	0.5948087388754497	0.22067135679069858
0.18256991869930692	0.5994431751292987	0.21798690617139455
0.1834478294254223	0.58721561274465	0.22933655782992787
0.1847184605712304	0.5860014947935324	0.22928004463523732
0.1828030865541037	0.5873007601463821	0.2298961532995143
0.18193381468684922	0.5884592065716627	0.2296069787414881
0.18396323825356348	0.5957389055254333	0.2202978562210033
0.18226777445913203	0.5883177199912693	0.2294145055495988
0.18484061944408908	0.5910100136097363	0.2241493669461748
0.18185245661961022	0.5922375630215063	0.22590998035888357
0.18142072771256704	0.5987972733879939	0.21978199889943914
0.18176738416779217	0.5935741955804976	0.2246584202517103
0.18416914407143253	0.5924331446913347	0.2233977112372329
0.18615941673301423	0.5946177249867199	0.21922285828026591
0.18344319954673258	0.5863692383124235	0.23018756214084402
0.18268134076571527	0.5884677576024429	0.22885090163184205
0.18188541932292562	0.5939043213228126	0.2242102593542619
0.18340553945288288	0.5922432604618815	0.22435120008523582
0.18254230609370564	0.5910697039022923	0.22638799000400217
0.18281951517249687	0.597622019466157	0.21955846536134627
0.18405003165293557	0.5919988110147113	0.22395115733235324
0.18380486657638417	0.5880258600009769	0.22816927342263904
0.1840433666098372	0.5886643670735083	0.22729226631665456
0.18547410107343318	0.587499859142449	0.22702603978411803
0.18637552533232563	0.5944708356267828	0.2191536390408917
0.18659566515435894	0.5978193212080071	0.2155850136376341
0.184465895480623	0.5921773744451214	0.22335673007425566
0.18644550145242295	0.5934148139382553	0.22013968460932176
0.18118790118257488	0.5929774102989145	0.2258346885185108
0.1828660741273026	0.5870645788529161	0.23006934701978138
0.18440989353899861	0.586565025335726	0.22902508112527548
0.1826515766790312	0.5991956364381461	0.21815278688282283
0.18670116909002696	0.5899139874666836	0.22338484344328957
0.1855530225709104	0.5981979141636854	0.21624906326540433
0.18310808156067968	0.5921496789976093	0.2247422394417112
0.1861694856977381	0.5957151876759776	0.21811532662628424
0.18508084850913498	0.5951201582767084	0.21979899321415675
0.18333080894122925	0.5972954139635211	0.2193737770952497
0.18272872669772014	0.5885200712740919	0.22875120202818802
0.18139862114059313	0.5973196822364424	0.22128169662296465
0.1867881302300429	0.5863319752382767	0.22687989453168045
0.1818837658688202	0.5975183123856554	0.22059792174552448
0.1824595463517908	0.5935975201350454	0.22394293351316386
0.18370046599795867	0.5911028111157528	0.22519672288628861
0.18085954448972766	0.593001058220572	0.22613939728970048
0.18352208604383113	0.5990696394305368	0.21740827452563213
0.18202763887080184	0.5958972379433776	0.22207512318582068
0.1844289925398609	0.5879721021614248	0.22759890529871443
0.18284372344245742	0.5904609189952037	0.226695357562339
0.18251291659422061	0.598060388194435	0.2194266952113445
0.1845415660781335	0.5936313873692597	0.22182704655260693
0.18544358989577037	0.5945775804059358	0.21997882969829402
0.18534568002344895	0.5987754086750512	0.21587891130150003
0.183890210395416	0.5993981710320828	0.21671161857250124
0.18590664270285845	0.592488560636828	0.2216047966603137
0.18621736914640202	0.5956308698841581	0.21815176096944
0.18388446599982322	0.5935076668455667	0.22260786715461023
0.18612076979162934	0.5982868715362983	0.21559235867207238
0.18617040455448897	0.5906751234081693	0.22315447203734182
0.18456718049552173	0.5992869894339685	0.21614583007050983
0.18478353541884318	0.5963582728243937	0.2188581917567633
0.18503341974883114	0.588368248881635	0.226598331369534
0.18277737300954977	0.5940444879522486	0.22317813903820166
0.18334270716408274	0.5926892108153032	0.22396808202061413
0.18264566805303298	0.5901727087711699	0.22718162317579724
0.18432057931208506	0.5874665811562122	0.22821283953170285
0.18545344208069847	0.5977759193804513	0.2167706385388503
0.1849283942383886	0.5990543208010398	0.21601728496057165
0.18137172411095798	0.5943887172916973	0.2242395585973448
0.1808829019097596	0.593555981608668	0.22556111648157254
0.18618188897430182	0.5945776211179732	0.2192404899077251
0.1858412773328067	0.5904544342284609	0.2237042884387325
0.1819927471487121	0.5870604781686982	0.2309467746825898
0.18410520642122455	0.5898251322310695	0.22606966134770606
0.18237274376183535	0.5930897142271458	0.2245375420110189
0.1841434605376165	0.5957427454614742	0.22011379400090944
0.18400854016201626	0.5902412075135424	0.22575025232444154
0.18211998685373643	0.5877670836211446	0.23011292952511903
0.18222976234625415	0.5910717800596412	0.22669845759410479
0.18323602979153739	0.5918486220365315	0.22491534817193112
0.18564302421328857	0.5961529083024812	0.2182040674842302
0.18627288558335092	0.5972263284811767	0.21650078593547248
0.18460954806918436	0.5894974772304475	0.22589297470036823
0.18391649982465696	0.5953396232529762	0.22074387692236705
0.18619561424695322	0.591096050863781	0.22270833488926584
0.18321088138153885	0.5889317198625461	0.2278573987559152
0.18224001788539806	0.5986665062935446	0.21909347582105748
0.18669626936758327	0.5868121991137585	0.22649153151865836
0.18388246146866433	0.5886196615912755	0.22749787694006027
0.18241428113965397	0.5879692339984468	0.2296164848618994
0.18210537530102672	0.5959428850708791	0.22195173962809434
0.18136762583583355	0.5944446912424824	0.2241876829216841
0.18538138748339744	0.5918202163511497	0.22279839616545305
0.18287375090163427	0.5968010672900861	0.22032518180827979
0.18386475626350207	0.5986153816066204	0.21751986212987767
0.18680237582808176	0.5901982855755664	0.22299933859635196
0.18593871112858618	0.597298253050567	0.21676303582084686
0.1814076152660749	0.5953678756960572	0.22322450903786809
0.18106786721874346	0.5907657152356025	0.2281664175456542
0.18508126828279806	0.5923508132894144	0.2225679184277877
0.1849158777101491	0.5909196890197292	0.22416443327012175
0.18612611588405745	0.5856368088674171	0.2282370752485255
0.18590118760133253	0.5881968586296191	0.22590195376904837
0.18503433329818722	0.5902295439270404	0.22473612277477245
0.1850242453074336	0.5865510209192171	0.2284247337733495
0.1830076921043222	0.585943439011231	0.23104886888444692
0.18151678276768415	0.5935488325604645	0.2249343846718514
0.18323798789264378	0.5875576339052274	0.22920437820212894
0.18671776026732106	0.5905677017594493	0.22271453797322974
0.1848702206527155	0.5983377114110853	0.21679206793619943
0.1863664709062205	0.5953929083189773	0.21824062077480227
0.18531888552664136	0.5891956873255046	0.22548542714785413
0.18580869943531494	0.5886894863262944	0.22550181423839083
0.18517182303354748	0.5957454876683297	0.2190826892981229
0.18296895979241481	0.5967048079374483	0.22032623227013703
0.18087693498966226	0.5976064164128809	0.221516648597457
0.18308996403533606	0.5905317163756187	0.2263783195890453
0.18312386756888271	0.5964307977405572	0.22044533469056027
0.1848030365244316	0.5934860874692439	0.2217108760063246
0.18182148811000226	0.5954326776175249	0.22274583427247296
0.18425891385917548	0.5938051434076494	0.22193594273317524
0.1850792472632365	0.5959045384356721	0.2190162143010915
0.18460858442210618	0.5889736857925951	0.22641772978529884
0.1832004235800322	0.595358432576403	0.22144114384356495
0.1845852928740966	0.5860980043701147	0.22931670275578886
0.18576534609718373	0.5909556772910127	0.22327897661180365
0.18554928860347408	0.5945021100404033	0.21994860135612276
0.18504847979417358	0.5924464009677031	0.22250511923812338
0.18103135203140622	0.5996223484558492	0.2193462995127447
0.18411848325007427	0.5976631983151134	0.21821831843481246
0.18679810699858754	0.5921870566855414	0.22101483631587118
0.18384847437618496	0.5936162546863334	0.2225352709374818
0.18592467296302295	0.5932506735842404	0.22082465345273677
0.1863036465956276	0.5927481431821475	0.220948210222225
0.18455972932131848	0.5882335314742908	0.22720673920439088
0.18561786239433814	0.5884250471749534	0.2259570904307086
0.1851552816409004	0.5921523252883897	0.22269239307071
0.18351877794686428	0.5864234750611882	0.23005774699194764
0.18237599705263818	0.5866570903308992	0.2309669126164627
0.1843079823857703	0.5874840773134467	0.22820794030078315
0.18372407840051722	0.5908072749958497	0.22546864660363322
0.18160717746722882	0.5896914063969376	0.22870141613583364
0.18289961188291964	0.5883328445764856	0.22876754354059486
0.1834246570518932	0.5875302010265372	0.22904514192156974
0.18537802610003196	0.599354256936205	0.21526771696376315
0.1816646268757381	0.5950734942840474	0.22326187884021456
0.18437642873674812	0.5935295133237493	0.22209405793950268
0.1854197350914429	0.5897771971073446	0.22480306780121265
0.18535693382562135	0.5883709201238466	0.22627214605053214
0.18337136044690477	0.585640305755979	0.2309883337971163
0.18384456484248027	0.5908273794210155	0.22532805573650438
0.18112985709775628	0.5945098054581563	0.22436033744408745
0.18275176570540036	0.5990912831224786	0.21815695117212108
0.1810091561342307	0.5964880193790985	0.22250282448667102
0.18160015684525965	0.5977999895077797	0.2205998536469608
0.18247154673122176	0.5951944792565853	0.22233397401219307
0.1850525696083198	0.5899371941468169	0.2250102362448634
0.18128406939370015	0.5988556951365549	0.21986023546974512
0.18616344910537913	0.5976854460068756	0.21615110488774542
0.18427227178248376	0.5886912895273373	0.2270364386901791
0.18499930119057587	0.5873667092502641	0.22763398955916003
0.18357436877074598	0.5989283908187142	0.21749724041053994
0.18130190406639918	0.5929576117563423	0.22574048417725862
0.18583742839151973	0.5860343473883913	0.2281282242200891
0.18362391318883958	0.5984459628864178	0.21793012392474276
0.18548624139595643	0.5908617866835337	0.22365197192050987
0.18211119886193372	0.5924713491596175	0.22541745197844887
0.1838281708255801	0.5990727300246457	0.21709909914977432
0.1812856616946517	0.5965179307169618	0.22219640758838657
0.18528470278639597	0.5881691562381661	0.22654614097543804
0.18595337000201867	0.5865213286836077	0.22752530131437365
0.1838975408130082	0.5955692469254448	0.22053321226154712
0.18676151837454513	0.5923234627054957	0.22091501891995927
0.18437340806082197	0.597039955882664	0.21858663605651418
0.18631945125427019	0.5948433163214106	0.21883723242431932
0.18085417735153117	0.5898271497005556	0.22931867294791328
0.18452318941837928	0.5873870722401788	0.22808973834144197
0.18152262242980322	0.5927620002328817	0.2257153773373151
0.1823384309656352	0.5868099428827213	0.23085162615164362
0.1816547284849976	0.5872598110522943	0.23108546046270817
0.18369733015247328	0.5861751512078616	0.23012751863966527
0.18171096363556072	0.592981471985879	0.2253075643785603
0.1820489500740648	0.5928496017660023	0.22510144815993305
