0.16706953971984462	0.1650836793755835	0.6678467809045721
0.16713909488175124	0.16512585879794783	0.6677350463203011
0.16714887944644913	0.16487876522943734	0.6679723553241137
0.16718375463343715	0.16476540067129608	0.6680508446952669
0.16709801682884187	0.16493991742869443	0.6679620657424639
0.16708553517914987	0.16469433097251715	0.6682201338483331
0.1672033511876152	0.16494328501783734	0.6678533637945476
0.16711444787314536	0.16486210999553758	0.6680234421313171
0.16706567352925542	0.1645491644039097	0.668385162066835
0.1671825403990672	0.16444916733614284	0.6683682922647901
0.16716196478231882	0.1644231809920399	0.6684148542256414
0.1671593282308695	0.1646544910601973	0.6681861807089333
0.16712878382930899	0.16507103211198595	0.6678001840587051
0.16718158132581626	0.16485340244514096	0.6679650162290429
0.1671677870621133	0.1651765956266143	0.6676556173112725
0.16713899958648987	0.16463687596623516	0.6682241244472751
0.1671382446254956	0.16503193721091153	0.667829818163593
0.16708548918592378	0.1646698860207891	0.6682446247932872
0.16718153484025938	0.16473595857206214	0.6680825065876785
0.16709944753187583	0.1645910142529825	0.6683095382151418
0.16721386851616832	0.1643952391278057	0.6683908923560261
0.16707442540489337	0.16450070504379027	0.6684248695513164
0.1670702384682523	0.1646814576245504	0.6682483039071974
0.16712736771522088	0.16520908914757332	0.6676635431372059
0.16719417595330605	0.1649165434399491	0.6678892806067449
0.16719483026217757	0.1647575481805105	0.668047621557312
0.1670903067836729	0.16498518071586288	0.6679245125004643
0.167139883933317	0.1644375198873128	0.6684225961793703
0.1672066176135889	0.16472725677967603	0.6680661256067352
0.16714419351903084	0.16483746450586367	0.6680183419751056
0.16713712981009982	0.16521598022272424	0.667646889967176
0.16710555183337766	0.16489346090241241	0.6680009872642101
0.16717350141166998	0.16446338354652276	0.6683631150418073
0.167082031206781	0.16505075305554456	0.6678672157376746
0.16712363048326392	0.16496912980814854	0.6679072397085877
0.1670958545355917	0.16493470847270092	0.6679694369917075
0.16706683642634712	0.16481581822758906	0.6681173453460639
0.1670943189779911	0.1648690057887532	0.6680366752332558
0.16706408458590105	0.16496283988000432	0.6679730755340947
0.16715565670001234	0.1648706226778196	0.6679737206221682
0.16718284653145218	0.1649904316949007	0.6678267217736472
0.16713297550471562	0.1649007089289316	0.6679663155663529
0.1671581938389125	0.16503319778126602	0.6678086083798216
0.16715326295128188	0.1650106664375472	0.667836070611171
0.16707087768767187	0.1649223352752514	0.6680067870370768
0.1671322376999541	0.16472896787068256	0.6681387944293634
0.16715800021736077	0.16447053952977142	0.668371460252868
0.16715237016713885	0.16440637707589995	0.6684412527569614
0.16720131696655016	0.16462424809815973	0.6681744349352903
0.16712111377266056	0.164449070516592	0.6684298157107476
0.16717658525820728	0.16461430279695277	0.6682091119448401
0.167091968050113	0.16473214332270142	0.6681758886271857
0.1671838955802074	0.16474037835511518	0.6680757260646775
0.16715868090323877	0.16513490367979772	0.6677064154169636
0.16712599476305137	0.16505136638077667	0.6678226388561721
0.16709593826117203	0.16500133139644835	0.6679027303423797
0.16718817213162282	0.16486885156336267	0.6679429763050146
0.16709584283167453	0.1646265624994905	0.6682775946688351
0.16713684460008502	0.16440381580302238	0.6684593395968927
0.16705745464933472	0.16470349291608882	0.6682390524345765
0.16712090021667275	0.16449205216863466	0.6683870476146927
0.16707307335247445	0.16481978428797955	0.6681071423595462
0.16708312099453929	0.1644187603633866	0.6684981186420742
0.16718161038613552	0.16472593153680629	0.6680924580770583
0.16715540762440012	0.16489366401701733	0.6679509283585826
0.16716761226750293	0.16511604548422143	0.6677163422482758
0.16706110175918346	0.16465965324292237	0.6682792449978943
0.16720326800666352	0.1644834012636503	0.6683133307296864
0.1671058484399257	0.16522221075610793	0.6676719408039665
0.16711524781601717	0.1646150168251833	0.6682697353587996
0.16712783070355824	0.16522028011319434	0.6676518891832475
0.16711145916750406	0.16445975526265216	0.6684287855698439
0.16721294160161543	0.16450407858866906	0.6682829798097156
0.16721063515471668	0.16459676156790048	0.668192603277383
0.16707535738547497	0.16476644190424294	0.6681582007102822
0.16716884231500462	0.16452817580477183	0.6683029818802237
0.16716593013786463	0.1645580855229049	0.6682759843392305
0.16713090966093222	0.16490505486534413	0.6679640354737237
0.16712729382797267	0.1651426654999677	0.6677300406720598
0.16714033381784682	0.1645965487613909	0.6682631174207624
0.16713818311355327	0.16514141217463107	0.6677204047118158
0.167074316817377	0.164622320929111	0.6683033622535122
0.16705913621314084	0.16447431521834155	0.6684665485685177
0.16707866451670259	0.1644783652526569	0.6684429702306406
0.16708916562258017	0.16475322869163667	0.6681576056857833
0.1671554214429964	0.16471447700493363	0.6681301015520701
0.16720192224950348	0.1646558059357055	0.6681422718147911
0.1672005012573829	0.16450705246645284	0.6682924462761644
0.1670870319053915	0.16476226813024242	0.6681506999643662
0.16706528895536257	0.1650224352191345	0.6679122758255029
0.16710778504924792	0.16478855140676718	0.668103663543985
0.16719532257842673	0.1649228792396744	0.667881798181899
0.1671367297694682	0.164734508748187	0.6681287614823449
0.1671979121444287	0.1648863061799749	0.6679157816755965
0.1671158719349828	0.16470970429013615	0.6681744237748812
0.16717913676573876	0.16485173742851414	0.6679691258057472
0.16719262082217148	0.1646957844512723	0.6681115947265563
0.16718448672863306	0.16492579095299315	0.667889722318374
0.16708197105275108	0.16483493126231002	0.668083097684939
0.16706052148845235	0.16502669285117944	0.6679127856603684
0.16719610052932798	0.1649876814249735	0.6678162180456986
0.16706502185467298	0.16509549621693398	0.6678394819283933
0.16716096694664648	0.16471087627700456	0.6681281567763491
0.16716873786423145	0.1645983525031426	0.668232909632626
0.16719642520242742	0.16487544797221856	0.6679281268253541
0.16716112626206014	0.1651025623827283	0.6677363113552117
0.16710008172558166	0.1649880844034849	0.6679118338709336
0.16720424108383744	0.16498439823552008	0.6678113606806426
0.16713269935774885	0.16458822156576106	0.6682790790764902
0.16717903699712944	0.16489311951691507	0.6679278434859557
0.1671839832368921	0.16504309920964627	0.6677729175534617
0.16711806870567342	0.16462433338778298	0.6682575979065437
0.16711856964587476	0.1644554224819878	0.6684260078721376
0.16707917912932782	0.1649590053733528	0.6679618154973195
0.16720934325366535	0.16503737506120647	0.6677532816851283
0.16719441170533494	0.16487737207997086	0.6679282162146943
0.1670897776528287	0.16484012057068842	0.668070101776483
0.16711249441954193	0.16442856874179987	0.6684589368386583
0.1671288828188431	0.1644391839940645	0.6684319331870925
0.1671103192298357	0.16448094867938737	0.668408732090777
0.16706491272533464	0.16447642449963965	0.6684586627750259
0.16713510252079736	0.1651376601159158	0.667727237363287
0.1670966256637527	0.16492029958841098	0.6679830747478364
0.16710056961761166	0.16457989088526487	0.6683195394971235
0.1671519978832363	0.16444172278557645	0.6684062793311873
0.1672032945170407	0.16474729805935123	0.6680494074236082
0.1671432292319243	0.16480310849709068	0.6680536622709852
0.16711236503096447	0.16519890837929238	0.6676887265897433
0.16709011383594213	0.16463036110423904	0.668279525059819
0.1671085387925842	0.16465462184224855	0.6682368393651673
0.16715839505137653	0.16495457257908208	0.6678870323695415
0.16709119928409286	0.16440309976718265	0.6685057009487245
0.16714507499575246	0.16494582193385504	0.6679091030703925
0.16717199100850225	0.16495637935445137	0.6678716296370465
0.16711060397314614	0.16512042528750506	0.6677689707393489
0.1670707145689715	0.16482905016467	0.6681002352663586
0.16707477976835064	0.16505790469009152	0.667867315541558
0.16708868956940826	0.16505710755355663	0.6678542028770352
0.16717415475431469	0.16491845770211272	0.6679073875435728
0.16707772524321762	0.1650123165845632	0.6679099581722193
0.1671778672073113	0.16493364464925941	0.6678884881434294
0.16720530779313952	0.1650179612676232	0.6677767309392374
0.16707100945635164	0.16503800951853123	0.6678909810251172
0.16713540856332096	0.16449973954563418	0.668364851891045
0.16706218840785014	0.1651511913037238	0.6677866202884262
0.1671993189041466	0.16515835539814117	0.6676423256977123
0.16707933090125993	0.16489370896756225	0.6680269601311779
0.16716895220239114	0.1645512990434333	0.6682797487541757
0.1671474910415141	0.16452271045359468	0.6683297985048913
0.16718403188951209	0.16495932256166973	0.6678566455488183
0.16714245337961994	0.16477229146082706	0.6680852551595531
0.1670600806145304	0.16461358508223484	0.6683263343032348
0.16719493767599178	0.16466055735892257	0.6681445049650858
0.16711972119382668	0.16486774550754993	0.6680125332986235
0.16714453547978414	0.16513975134831896	0.667715713171897
0.1670844786051691	0.16522407418931007	0.667691447205521
0.1672032492221171	0.16488678748442853	0.6679099632934544
0.1671501729123408	0.16450779076485555	0.6683420363228039
0.16716476268396824	0.16445372917320883	0.668381508142823
0.16713426355050026	0.16470010399086452	0.6681656324586354
0.16714975255501158	0.16482064656050965	0.6680296008844788
0.16711582479708176	0.16491438640421288	0.6679697887987055
0.16707072213782012	0.1649054844643319	0.6680237933978481
0.16707173045025522	0.16445366668448405	0.6684746028652608
0.167138092863905	0.16442100981061994	0.6684408973254752
0.1671817998009548	0.16451863180468976	0.6682995683943556
0.16719355976132916	0.16475335763721893	0.6680530826014521
0.16715012860438905	0.1651543928529176	0.6676954785426935
0.16706099402107422	0.16516961028683488	0.667769395692091
0.16713525105431373	0.16463415360853745	0.668230595337149
0.16709483566159566	0.16512472510508144	0.6677804392333231
0.1670613101991943	0.1650966009937479	0.667842088807058
0.1670963467455313	0.16522823589087732	0.6676754173635915
0.16711887267020636	0.16514726126254914	0.6677338660672446
0.16709607533805054	0.16509803673490842	0.6678058879270412
0.16711428649886928	0.16514962129585614	0.6677360922052746
0.1671724206192443	0.16496670036539796	0.6678608790153578
0.16720466414953333	0.16505181443105582	0.667743521419411
0.16711475727491387	0.16513547583380217	0.6677497668912841
0.16718445190090753	0.16515792408401622	0.6676576240150763
0.16713785917525714	0.1651673331959479	0.667694807628795
0.16710976731044025	0.16453956467330383	0.668350668016256
0.16709390361555507	0.1645120200478297	0.6683940763366154
0.16712958297544367	0.1651144734721287	0.6677559435524276
0.1671700079635302	0.164913271638488	0.6679167203979819
0.16711566684999823	0.1647407777212509	0.6681435554287509
0.1670621733120905	0.164504539840491	0.6684332868474185
0.16718250933003137	0.16441093397995887	0.6684065566900099
0.1671211123326532	0.16521261522630556	0.6676662724410414
0.1671565782067026	0.16474812246579867	0.6680952993274989
0.16714820668589775	0.164466505324934	0.6683852879891684
0.16706358907082397	0.16494540654202997	0.6679910043871462
0.16708883379709807	0.1647400258523511	0.668171140350551
0.16716518646254483	0.16517542560749687	0.6676593879299584
0.1671043635410079	0.1651605683310147	0.6677350681279774
0.16705833878562923	0.16518672136911822	0.6677549398452527
0.1671337934257751	0.16500794207372177	0.6678582645005032
0.16711217198198683	0.16442455443705822	0.668463273580955
0.16710905733200332	0.16491226534950093	0.6679786773184959
0.1671462378819461	0.16510040371046486	0.6677533584075892
0.167066089026444	0.16496751320093578	0.6679663977726203
0.1670972583837526	0.1647945316726832	0.6681082099435642
0.16720444393987463	0.16451417630014215	0.6682813797599834
0.16713564107493067	0.16471567217791314	0.6681486867471562
0.1671574437884455	0.16463843059685782	0.6682041256146968
0.16708602386877777	0.1647709035306098	0.6681430726006126
0.16720500794098678	0.16496211683694317	0.6678328752220701
0.1670662948018271	0.16493699115314386	0.6679967140450291
0.16716516103029316	0.16447716129028284	0.6683576776794241
0.16713544106087996	0.16441869049789518	0.668445868441225
0.16716756073201566	0.1647375506152025	0.668094888652782
0.16710216803758493	0.16488676904013333	0.668011062922282
0.1672109955906933	0.1646535818914362	0.6681354225178706
0.167167458015853	0.1646091630649575	0.6682233789191896
0.1671090083391378	0.16477906000212839	0.668111931658734
0.167141287963284	0.16451269265647928	0.6683460193802369
0.16707232511977027	0.16455809496520743	0.6683695799150224
0.16715807471964786	0.16501445628852612	0.6678274689918262
0.16707507771481545	0.16508339521735144	0.6678415270678333
0.16711336671582222	0.16475251243473737	0.6681341208494405
0.16713123964784687	0.1650090984677679	0.6678596618843853
0.16720972784258065	0.16509168585292572	0.6676985863044937
0.16708470041107445	0.16502840342468916	0.6678868961642366
0.16715265466292376	0.16516252248891844	0.6676848228481579
0.1671202910626855	0.16480528831328212	0.6680744206240326
0.1671001350740176	0.16523545948576834	0.6676644054402141
0.16718192899361792	0.1648194111730832	0.667998659833299
0.16715538168352906	0.16449889627877462	0.6683457220376965
0.16711745362893637	0.1649497485475741	0.6679327978234897
0.1671320273945183	0.16499952178210808	0.6678684508233736
0.1672128550987037	0.16474834879722433	0.6680387961040721
0.1670591857162372	0.16494174530468853	0.6679990689790744
0.16708396040100423	0.1649207586276304	0.6679952809713655
0.16709831896025434	0.16509370880617213	0.6678079722335737
0.16707084848292794	0.16481998544509616	0.668109166071976
0.16707412898534862	0.16463751152762868	0.6682883594870228
0.1671017800482405	0.1645057224635656	0.6683924974881941
0.16720643320245016	0.1646300926128908	0.6681634741846592
0.1671317058927092	0.16455830312272213	0.6683099909845688
0.1671287577867206	0.16471490927215957	0.66815633294112
0.16717167334202254	0.1645885086914749	0.6682398179665027
0.16713303752302167	0.16513444517208076	0.6677325173048977
0.1671636548357598	0.16517309428419752	0.6676632508800429
0.1672138985871676	0.16477587958971252	0.66801022182312
0.1671317357363431	0.16481322166639686	0.6680550425972602
0.16711264841444234	0.16501837691932308	0.6678689746662347
0.1671060875101188	0.16524695762743574	0.6676469548624455
0.1671636303799456	0.1645065480495489	0.6683298215705056
0.16712684679444922	0.1649959699527532	0.6678771832527977
0.16719375122188312	0.1645515078202896	0.6682547409578274
0.16714191702114603	0.16490493969294945	0.6679531432859046
0.16713833004749737	0.1647172600480398	0.6681444099044629
0.1671794046362041	0.16465701310278624	0.6681635822610098
0.16707029022687014	0.16497397448301507	0.6679557352901149
0.16706917062570736	0.16484122449846272	0.66808960487583
0.16706778556669002	0.1648933528741807	0.6680388615591294
0.16710851062588034	0.16474099612425727	0.6681504932498625
0.16717389455853474	0.1650678566683266	0.6677582487731388
0.16705843756362967	0.16474717668063232	0.6681943857557382
0.16705951232545507	0.16487497270264986	0.6680655149718953
0.1670989632842867	0.16510640398096138	0.667794632734752
0.1671194875705995	0.16494732119505895	0.6679331912343417
0.16709941611874862	0.164547784225078	0.6683527996561736
0.16707494537202938	0.16447480893629507	0.6684502456916757
0.16705915393180643	0.16469897164062663	0.6682418744275671
0.16708660922203883	0.16439724924939314	0.6685161415285681
0.16711446707002972	0.16468784468106504	0.6681976882489054
0.16715467178531668	0.16461010745144622	0.6682352207632373
0.16718289980858284	0.16464859632065404	0.6681685038707632
0.1670821499002791	0.1652393945118456	0.6676784555878754
0.16713512123736296	0.1648703772601533	0.6679945015024839
0.16713483864903245	0.16449411940624492	0.6683710419447227
0.16707487049211636	0.16441178840860188	0.6685133410992818
0.16715413258450193	0.16450282355031645	0.6683430438651817
0.16718692381994965	0.16451902934062024	0.6682940468394302
0.16710695387760238	0.16482426083050838	0.6680687852918894
0.1671177021381696	0.16513168457441552	0.667750613287415
0.16712339282374708	0.1646299588294332	0.6682466483468199
0.1671886329178511	0.1645018577361949	0.6683095093459541
0.16706876247708002	0.16500927020333922	0.6679219673195809
0.16706377028685188	0.16476021802543406	0.6681760116877142
0.1671004112906829	0.16488851199543164	0.6680110767138856
0.16708223921539525	0.16493172636993342	0.6679860344146715
0.16720623536553042	0.16465461032281203	0.6681391543116577
0.16716676153602672	0.16444378306083984	0.6683894554031335
0.1671663549474735	0.1645587260032774	0.6682749190492492
0.16712285750037315	0.16455686665770086	0.6683202758419261
0.1671590731778544	0.16478039354521812	0.6680605332769276
0.16711803226299876	0.16479520837189407	0.6680867593651073
0.16721341706618012	0.16504493865706912	0.6677416442767509
0.1670596196394711	0.16460938186686236	0.6683309984936666
0.16716906315842922	0.16446488801456582	0.6683660488270051
0.16716819419267642	0.1649668187176171	0.6678649870897067
0.16706525119371263	0.1644800208565647	0.6684547279497228
0.16718333143698808	0.16474112239173733	0.6680755461712747
0.1670878364990638	0.1645443201345932	0.6683678433663431
0.1671002836996563	0.16441836393352227	0.6684813523668216
0.16719964292714298	0.16450210981270563	0.6682982472601515
0.16709913034578705	0.164536272298745	0.668364597355468
0.1670814642165074	0.16439499353905684	0.6685235422444358
0.16711208403542363	0.16518609958892733	0.6677018163756492
0.16706193407222272	0.1652174632087875	0.6677206027189899
0.16710373808416976	0.16523946511176058	0.6676567968040698
0.16712378183047497	0.16485933732851465	0.6680168808410105
0.167067093805471	0.16491265538457817	0.6680202508099509
0.16708207167262482	0.1647927133869645	0.6681252149404109
0.16718382603902082	0.1646234476225255	0.6681927263384537
0.16710677205460586	0.16447153435230588	0.6684216935930883
0.1671750470117516	0.16513584323586006	0.6676891097523885
0.1671491941442922	0.16508688541165015	0.6677639204440577
0.16714440387749463	0.16494028633781727	0.6679153097846882
0.16721149994443527	0.16450733176363713	0.6682811682919277
0.16718087045277635	0.1648079472767903	0.6680111822704335
0.16718311884265225	0.1648553328243068	0.667961548333041
0.16717170912045926	0.16454199533291824	0.6682862955466227
0.16713453684405194	0.1647504000661561	0.6681150630897921
0.16709737905686298	0.16461658390528	0.6682860370378572
0.1671357340103999	0.16470327537893958	0.6681609906106606
0.16720797167595378	0.16488579033776407	0.6679062379862823
0.16709197794395708	0.1645141931113745	0.6683938289446686
0.16706829137171048	0.16482021313051068	0.6681114954977789
0.1672078379934881	0.1647055280319985	0.6680866339745135
0.16721182128038958	0.16493565148135478	0.6678525272382557
0.16710016363797925	0.16463283017712138	0.6682670061848995
0.16706402506764007	0.16471866140852917	0.668217313523831
0.16719965053462138	0.1646757480453252	0.6681246014200535
0.16718902463590327	0.16496879916976698	0.6678421761943298
0.1671426604709378	0.16483647750332966	0.6680208620257326
0.1671069685508647	0.16488162039411536	0.66801141105502
0.16711456369943894	0.1645044963458865	0.6683809399546746
0.1670899443959186	0.16483685768947992	0.6680731979146015
0.16711955839321546	0.1644511425525133	0.6684292990542713
0.16715958474051762	0.16439306658485892	0.6684473486746236
0.16715592468577828	0.16476013925510585	0.668083936059116
0.16706063343851746	0.1644976405477821	0.6684417260137006
0.16706699994004506	0.16449896901612915	0.6684340310438259
0.16712675196383933	0.16469038157101634	0.6681828664651445
0.1671898940616383	0.16472862343096906	0.6680814825073927
0.16707250996867412	0.16488266418984673	0.6680448258414793
0.16715773555512176	0.16487970218913187	0.6679625622557466
0.16717165328660005	0.164940692947403	0.667887653765997
0.16708484879097926	0.16493528625928777	0.667979864949733
0.16713250202182836	0.16489139798508734	0.6679760999930844
0.16708947782445216	0.16481548505887733	0.6680950371166706
0.16716593718681644	0.16453484706931992	0.6682992157438638
0.16715163293613944	0.16465810176291984	0.6681902653009408
0.1671152566670106	0.1649034692368489	0.6679812740961406
0.16715005553614742	0.16496050315533783	0.6678894413085148
0.16710639689817847	0.16490028855372013	0.6679933145481015
0.16717348602427784	0.16505812650136387	0.6677683874743584
0.16721346886082264	0.16509440169780631	0.6676921294413711
0.16714577010330786	0.16457279614099776	0.6682814337556945
0.16713879950313967	0.16447196600337877	0.6683892344934816
0.16720455000149456	0.1644433339816136	0.6683521160168919
0.16714614305688147	0.16449335346030647	0.6683605034828122
0.16717440568201597	0.1647857196998437	0.6680398746181404
0.16707395237588907	0.16458366119715845	0.6683423864269527
0.1671077982290664	0.16493300177271686	0.6679591999982168
0.16719441924317296	0.16475348878150192	0.6680520919753252
0.16712588376094462	0.1648029365274043	0.6680711797116512
0.1671899601274447	0.16479829767025095	0.6680117422023044
0.16711337491694647	0.1646571416169287	0.6682294834661249
0.16720814796584177	0.16489530270867292	0.6678965493254855
0.16715945960989625	0.16463869936431164	0.6682018410257923
0.1670943309808171	0.1646872076732248	0.6682184613459582
0.16718879194493405	0.16493745169054114	0.667873756364525
0.1672071408404775	0.16499240644671895	0.6678004527128036
0.167141055575757	0.1645179860968753	0.6683409583273678
0.1672039351443626	0.16470763000580904	0.6680884348498284
0.16719597929810587	0.1649299099099884	0.6678741107919057
0.16707710105014	0.16492439663738312	0.667998502312477
0.1671852388873186	0.16474236450213153	0.66807239661055
0.16721142485733317	0.16465987347313643	0.6681287016695305
0.16714060334519884	0.16471015206789028	0.668149244586911
0.16711516564230172	0.16453739731684672	0.6683474370408516
0.16718311657674606	0.164709162639088	0.668107720784166
0.16714412479919535	0.1646874712888087	0.6681684039119961
0.167208212097881	0.16509375640666962	0.6676980314954495
0.1670683620946813	0.16514936720965204	0.6677822706956668
0.16708225472686056	0.16497424865214108	0.6679434966209985
0.16717570036491347	0.16486980038765964	0.667954499247427
0.1671142313290687	0.1652258543693348	0.6676599143015967
0.16716291972043557	0.16516395825925864	0.6676731220203059
0.1670577404383221	0.16467216463674583	0.6682700949249322
0.16718014101215597	0.16447239784295214	0.6683474611448921
0.16713532412126042	0.1646844588299569	0.6681802170487827
0.16714067472595193	0.16470515547889758	0.6681541697951505
0.16706465336181534	0.1647428086613526	0.6681925379768322
0.16719459297110165	0.16468633133754246	0.668119075691356
0.16706658312623296	0.16521308141194374	0.6677203354618234
0.16714457437646318	0.1650227190279821	0.6678327065955549
0.16712036799225347	0.16519469645807916	0.6676849355496675
0.16715420594053473	0.1649095627917579	0.6679362312677075
0.16720537933238494	0.16444731143645824	0.6683473092311569
0.16708118115794643	0.16469159154589585	0.6682272272961578
0.16712473451110646	0.1646950693014415	0.6681801961874521
0.16707624364349707	0.1645367073946022	0.6683870489619008
0.16715165743181312	0.1644854006058768	0.6683629419623102
0.16712553173526534	0.16505941981382222	0.6678150484509126
0.16720785238426572	0.16489824099039385	0.6678939066253406
0.16712087042582408	0.16488578399486256	0.6679933455793134
0.16709208635614198	0.1649319297536868	0.6679759838901713
0.16720096970212744	0.16464736350736534	0.6681516667905073
0.16719468111759553	0.16453765140491589	0.6682676674774887
0.16706952606449998	0.16453291494047034	0.6683975589950297
0.16714477020253318	0.16444563072802942	0.6684095990694374
0.16708303664870766	0.16467779884710645	0.668239164504186
0.16718100888131165	0.16450287153874082	0.6683161195799476
0.16712702523563933	0.16445899869632774	0.668413976068033
0.16713678319367503	0.16441487393652587	0.6684483428697992
0.16708192052063714	0.1643979232062544	0.6685201562731086
0.1670772128188722	0.16456216802697476	0.6683606191541531
0.16709814436505996	0.1645733097229961	0.6683285459119441
0.16711933313156982	0.1647717067989703	0.6681089600694601
0.16713146093731085	0.1648808175751773	0.667987721487512
0.16707428344968583	0.16525945294164468	0.6676662636086697
0.16707740980837715	0.165037468947027	0.667885121244596
0.16711688032329294	0.16488142878813913	0.668001690888568
0.16710293081575114	0.16444403288500398	0.668453036299245
0.16705800375806448	0.16469927488371197	0.6682427213582236
0.16713742589972722	0.16473354299304943	0.6681290311072234
0.16710541083358743	0.16517673265000923	0.6677178565164035
0.16706985581888883	0.1651320480924348	0.6677980960886765
0.16706464514602204	0.16526471850647442	0.6676706363475036
0.16719001145697043	0.1646371944627533	0.6681727940802764
0.1670687503631439	0.16459175408376775	0.6683394955530886
0.167094312381346	0.16455660257324717	0.668349085045407
0.1671219858832557	0.1650035669951638	0.6678744471215806
0.1671315113063998	0.16520263138267213	0.6676658573109282
0.16710593273000465	0.16517218796079064	0.6677218793092048
0.16706212353751704	0.16523371545323795	0.6677041610092451
0.1671703923589344	0.1650317628735808	0.6677978447674848
0.16716511069439915	0.1648761314022461	0.6679587579033548
0.1670663749278519	0.1649672137137907	0.6679664113583574
0.16715768574670128	0.16463381590310922	0.6682084983501897
0.1672084220904706	0.16456917475643273	0.6682224031530968
0.16713247761899222	0.16460913198111615	0.6682583903998918
0.16709952287349825	0.1645147704364527	0.6683857066900492
0.16714389264807572	0.16474327167176298	0.6681128356801613
0.1672093318407863	0.16455776381120096	0.6682329043480129
0.16721067583982957	0.16470479245445602	0.6680845317057145
0.1670858781261766	0.16479455777000537	0.6681195641038182
0.1670726582883502	0.16478006940374573	0.6681472723079043
0.16707744804032199	0.16450383764569915	0.668418714313979
0.16717313559308106	0.16441908328442983	0.6684077811224892
0.16717139519144913	0.16442023894210805	0.6684083658664429
0.16707771178795716	0.16448052325536183	0.6684417649566812
0.1671996476593714	0.1644663283574146	0.6683340239832142
0.16719633689476673	0.16439600480147332	0.6684076583037601
0.16716494241392807	0.16454012407409493	0.668294933511977
0.16716910762393986	0.1645184750507668	0.6683124173252935
0.16713174017478094	0.16463555607473465	0.6682327037504845
0.1671211451254601	0.1651376887777885	0.6677411660967515
0.1670820677238869	0.16504354618734124	0.6678743860887719
0.16716513229666813	0.16490737203151323	0.6679274956718187
0.16716582083298667	0.16484396340158508	0.6679902157654284
0.16716095908513393	0.1646498059497007	0.6681892349651655
0.16709254337380264	0.16442157072639124	0.6684858858998062
0.16717023418739232	0.16467439150739116	0.6681553743052167
0.16710642447025198	0.16502968914358304	0.6678638863861651
0.16714751334408445	0.1651671201424954	0.6676853665134203
0.16707938539665093	0.16462141852180828	0.6682991960815409
0.16711409644641842	0.16512878522325086	0.6677571183303308
0.16706804518206467	0.1648704633404514	0.6680614914774841
0.167180389878487	0.16454250355037287	0.6682771065711403
0.16706359982694102	0.16463079851037	0.6683056016626892
0.1671519899912163	0.1645873375069744	0.6682606725018094
0.16712685498169544	0.16483365924200688	0.6680394857762978
0.167091218543613	0.16508632589136762	0.6678224555650195
0.16708342222702705	0.16519514865834825	0.6677214291146248
0.16709962229977268	0.1652579578270445	0.667642419873183
0.167062306627911	0.1646323322144558	0.6683053611576333
0.16706871288678649	0.16462954063336746	0.6683017464798462
0.16712355786936323	0.16493624489668252	0.6679401972339544
0.16718314393636036	0.16488015070329182	0.667936705360348
0.16706869666751167	0.16469819480575565	0.6682331085267328
0.16706910275858122	0.164727339383397	0.6682035578580219
0.1671889268130811	0.1645639560480583	0.6682471171388608
0.16715193977097928	0.1644907861026878	0.6683572741263331
0.16711135274880795	0.1646133311933049	0.6682753160578874
0.16719945201033826	0.1646206019801961	0.6681799460094657
0.16712376883623128	0.1649915782663917	0.6678846528973772
0.16709604959492946	0.16504643554037696	0.6678575148646937
0.167171101040247	0.1649802296019226	0.6678486693578305
0.16708990882545874	0.16486076263482752	0.6680493285397139
0.1671228903926131	0.1650998114917371	0.6677772981156499
0.16710354745928985	0.16484370509363186	0.6680527474470784
0.16710994792865375	0.16516368537081982	0.6677263667005267
0.16712840463297973	0.16465968262815267	0.6682119127388677
0.16716962369942454	0.16469587958070847	0.6681344967198671
0.16708434016555176	0.16467651305640274	0.6682391467780456
0.16716123372464323	0.1645942837182811	0.6682444825570757
0.1671770815461637	0.1650433257465141	0.6677795927073222
0.1671726533638933	0.16506612411410176	0.6677612225220051
0.16710648766873537	0.16487207965605657	0.6680214326752081
0.1672089651705868	0.16463089604468256	0.6681601387847307
0.16711260843002487	0.1649077812003249	0.6679796103696504
0.16713941632235269	0.16491979227400316	0.6679407914036443
0.1670746850261623	0.16505697110970732	0.6678683438641305
0.16718833212955064	0.16505056449342323	0.6677611033770262
0.16719259184371194	0.16478172891789578	0.6680256792383924
0.1671136142733282	0.16482075320494843	0.6680656325217236
0.1671569527080502	0.1647043353089681	0.6681387119829818
0.1670944493941369	0.1652626481166958	0.6676429024891675
0.16706389031369018	0.16520249574895424	0.6677336139373558
0.16714990631188562	0.1646400514742717	0.6682100422138428
0.16709388506629932	0.164911831508943	0.6679942834247579
0.1671661877939922	0.16501186448827335	0.6678219477177345
0.1670778981727402	0.16495845265746822	0.6679636491697918
0.16714618574661677	0.1646743058929478	0.6681795083604356
0.16709937044710213	0.1646027342354786	0.6682978953174193
0.16706613128662123	0.1645868459226863	0.6683470227906926
0.1671724875508932	0.16490978520759159	0.6679177272415153
0.16711920624026444	0.16483132901979058	0.6680494647399451
0.167170061888092	0.1646606995517359	0.6681692385601722
0.1671405488480782	0.16487233332333495	0.667987117828587
0.16714637051176073	0.16443852191559827	0.6684151075726411
0.16711957051181378	0.16492027798536593	0.6679601515028204
0.16715119998894168	0.16484815132494818	0.6680006486861103
0.16720558328302776	0.16467269149558056	0.6681217252213918
0.16712970105460562	0.16491278700490028	0.6679575119404942
0.167101324370249	0.16490828154030715	0.667990394089444
0.16705722592145286	0.16503611782971633	0.6679066562488309
0.16709080852623762	0.1647229722457712	0.6681862192279913
0.16715113292272635	0.16439390506611218	0.6684549620111616
0.16713103970223536	0.16476330890093113	0.6681056513968336
0.16712644141135466	0.16463243205636174	0.6682411265322836
0.16709399772253147	0.16455708512761247	0.6683489171498562
0.16720981440712235	0.164471416980845	0.6683187686120329
0.16715016012685419	0.1644857017801778	0.6683641380929681
0.1672054177747911	0.16499198285574002	0.667802599369469
0.16708565344542198	0.16488700784217813	0.6680273387124
0.1670728261470789	0.16467070354807006	0.6682564703048512
0.16715386004948266	0.1647452836644146	0.6681008562861028
0.16711186678837367	0.1649377646020797	0.6679503686095467
0.16707757972823628	0.1650486857814245	0.6678737344903394
0.16708193503770533	0.16450025659213052	0.6684178083701643
0.16718618432740373	0.16444745974436886	0.6683663559282276
0.16708305939097984	0.16463822873984385	0.6682787118691764
0.16719441052451883	0.16456397827771144	0.6682416111977698
0.16718472818346336	0.16474844164530342	0.6680668301712334
0.1671778230434023	0.16510765097215546	0.6677145259844424
0.1670788924294743	0.16489962214911558	0.6680214854214102
0.1671933862086419	0.1647945229535135	0.6680120908378447
0.1671155405261991	0.16476317439563706	0.6681212850781639
0.16720546255100793	0.16464042766860493	0.6681541097803873
0.16714794274236805	0.1646994093421767	0.6681526479154554
0.16710612294393423	0.1645292236062657	0.6683646534498002
0.16712484976843484	0.16482333286361583	0.6680518173679495
0.1671207893001584	0.16480977843256983	0.668069432267272
0.16706753660443605	0.16489744535503448	0.6680350180405297
0.16708869470819546	0.1650314602527062	0.6678798450390984
0.16716738348880314	0.16476054385743977	0.6680720726537572
0.16720752148232237	0.1647871936633497	0.6680052848543281
0.16708952020169027	0.16475471759109062	0.6681557622072192
0.16707539734282878	0.16457170380283132	0.6683528988543401
0.16715481839728827	0.16448119848170017	0.6683639831210116
0.16719233730163735	0.16483829325136445	0.6679693694469984
0.16705709376014122	0.16476233112443678	0.6681805751154222
0.16706633172604926	0.1652353924075876	0.6676982758663632
0.16720501501374405	0.1649932368717978	0.6678017481144582
0.1671872172328781	0.16468363992471297	0.668129142842409
0.16719014830847462	0.16493941400827855	0.6678704376832469
0.16718680275947767	0.16480822739650602	0.6680049698440165
0.1672111517841376	0.16483272231228296	0.6679561259035796
0.16708082620729212	0.16522336029010967	0.6676958135025983
0.16707413322702083	0.1652336548126771	0.6676922119603022
0.16719222138907192	0.16499554268359246	0.6678122359273357
0.16706689242961933	0.1644164003772648	0.668516707193116
0.1670958722014003	0.16456173906828153	0.6683423887303184
0.16712634951432973	0.1645826697271634	0.668290980758507
0.1670725064681471	0.16498933673591942	0.6679381567959337
0.16708317993821659	0.16469793115086445	0.6682188889109191
0.16706428225981898	0.16472261393607937	0.6682131038041017
0.16705833408041998	0.1651907880941691	0.6677508778254111
0.16712849313578043	0.16497632727116912	0.6678951795930506
0.16713764578115492	0.1650523901007028	0.6678099641181424
0.16706186571383158	0.1645169394637081	0.6684211948224605
0.16709996425042833	0.16448332805120425	0.6684167076983676
0.1671409278431591	0.16490409972506875	0.6679549724317723
0.16706155737423478	0.16499881728637789	0.6679396253393874
0.16713043675960135	0.16520641911678607	0.6676631441236127
0.1671059711998423	0.1646758057504124	0.6682182230497454
0.16720569570529378	0.16443201412777703	0.6683622901669293
0.1671030227029855	0.16455633989427843	0.6683406374027362
0.167128881803068	0.16440943995124124	0.6684616782456909
0.16712786803229496	0.16444680110988974	0.6684253308578154
0.16712332498820637	0.16454013896687902	0.6683365360449147
0.16718744758821852	0.1644222949560515	0.6683902574557301
0.1670922771344884	0.16440177291084257	0.6685059499546692
0.16717382880677106	0.16445970638794577	0.6683664648052833
0.1671673060056995	0.16494631153204403	0.6678863824622566
0.16721358993072147	0.16468445671503662	0.668101953354242
0.16708292248674872	0.16492237370199586	0.6679947038112555
0.16718434491694317	0.16470091593931946	0.6681147391437374
0.1671585161008422	0.16497195177112056	0.6678695321280373
0.16711109553956052	0.16465310888737028	0.6682357955730693
0.16714157819154243	0.1648417440471152	0.6680166777613424
0.1671338058947221	0.1647495916569543	0.6681166024483237
0.16720388727374272	0.16504335942183349	0.6677527533044239
0.16712867267849615	0.1651954529460492	0.6676758743754547
0.16715643019172355	0.1651011035510407	0.6677424662572359
0.1671005367137885	0.16482307819781705	0.6680763850883946
0.16707066235542606	0.16452693037068705	0.668402407273887
0.16717026603913515	0.16476272024407063	0.6680670137167943
0.1672050280500886	0.16468792438936844	0.6681070475605431
0.16707963579474405	0.164807583938389	0.6681127802668669
0.16708248467113906	0.1648372494276404	0.6680802659012207
0.16705940433361408	0.16492608070385212	0.668014514962534
0.16718411890723747	0.16508376052353108	0.6677321205692316
0.16720741310725815	0.16505153033855632	0.6677410565541857
0.16719148235803502	0.16516590066897638	0.6676426169729888
0.16708689649987402	0.1645570842397323	0.6683560192603938
0.16717991314640682	0.16474550511415897	0.6680745817394343
0.1670607298878868	0.16485880464377242	0.6680804654683409
0.1670729509255738	0.16477182931594936	0.668155219758477
0.16715855090869527	0.16502554995055746	0.6678158991407475
0.1671166896207985	0.16489700045242545	0.6679863099267762
0.16715412333389612	0.16519974501381474	0.6676461316522893
0.16717834655756436	0.16463653520045018	0.6681851182419856
0.16709019793886087	0.1644823583636656	0.6684274436974736
0.16720773754803536	0.16472585179308502	0.6680664106588797
0.16715470385556233	0.16464956179807988	0.6681957343463579
0.16714781429997433	0.1650227324929043	0.6678294532071215
0.167063922254725	0.16514312919454655	0.6677929485507286
0.16709967147785612	0.16489704992623438	0.6680032785959096
0.16706060772371967	0.16527242903072215	0.6676669632455583
0.16717329402727413	0.1651619444743949	0.6676647614983311
0.1671060614054501	0.16502790246556903	0.667866036128981
0.16712560963877574	0.16496357295994418	0.6679108174012802
0.16707470900699364	0.16506705995060664	0.6678582310423998
0.1670636946932752	0.16472840215323395	0.668207903153491
0.1670995095686179	0.16483853995297226	0.66806195047841
0.16714425139731076	0.1644994135792408	0.6683563350234485
0.1671356432803611	0.16468971700753035	0.6681746397121087
0.16718687979577795	0.16491951533015528	0.6678936048740669
0.16710052230743005	0.16473049609283477	0.6681689815997353
0.16711436444058062	0.16480631643919053	0.668079319120229
0.16716212359754334	0.16479283436486258	0.6680450420375942
0.16705829983561504	0.164575326150393	0.668366374013992
0.16719330061615012	0.1644230032861262	0.6683836960977239
0.16708961159022734	0.16442916642939048	0.6684812219803823
0.16708804775216293	0.16516471111115053	0.6677472411366867
0.16715189075384093	0.16474914854665623	0.6680989606995029
0.16712977054476585	0.1652275203736679	0.6676427090815664
0.16712042516032727	0.16492702382151508	0.6679525510181579
0.16713878184708764	0.16496155556746434	0.6678996625854481
0.16710711957162006	0.16519405729795866	0.6676988231304214
0.16708005112506935	0.1652386156307571	0.6676813332441737
0.1671377074394913	0.16514960066566953	0.6677126918948393
0.16717328355546543	0.16512476132381948	0.6677019551207153
0.16717763875044184	0.16439945535392458	0.6684229058956337
0.1671840159828718	0.1644404254280608	0.6683755585890676
0.16719991652326147	0.16484349738554024	0.6679565860911985
0.16706165025934885	0.16447197674692343	0.6684663729937278
0.16713291578420825	0.16466558545609494	0.6682014987596969
0.1671966711823743	0.16451543576220765	0.6682878930554181
0.16709790166663094	0.16449812408261916	0.66840397425075
0.16705873319346137	0.16489844784160124	0.6680428189649374
0.16712529897141645	0.16514410787250788	0.6677305931560757
0.167100808919577	0.1651487544650952	0.667750436615328
0.16711742080840514	0.16487820007486756	0.6680043791167274
0.167069076703715	0.1649939047509374	0.6679370185453477
0.1671622749379297	0.1650995935171775	0.6677381315448929
0.16712891267343527	0.1644929143320903	0.6683781729944744
0.16714750594722003	0.16455878472650623	0.6682937093262739
0.16719228854511917	0.16458081034684255	0.6682269011080384
0.16717050880541234	0.16467627889063663	0.6681532123039511
0.167209625569005	0.1647335841982122	0.6680567902327829
0.16714447497005758	0.16456064344882604	0.6682948815811165
0.16719167607518606	0.16476753648222073	0.6680407874425933
0.1671200137705977	0.16518730341219237	0.6676926828172101
0.167210390772181	0.16496979547747642	0.6678198137503427
0.16716301421058782	0.16502069821697463	0.6678162875724376
0.167190897250064	0.16490934774432958	0.6678997550056065
0.16706325616607337	0.16466403333708654	0.6682727104968402
0.16714980686073183	0.16439807237850768	0.6684521207607605
0.16714092328709945	0.1645332229708154	0.6683258537420853
0.16714136833813634	0.16479861249767275	0.668060019164191
0.16713574322377583	0.16505757630096204	0.6678066804752623
0.16719119615115735	0.16501741089605265	0.6677913929527901
0.16718461408279658	0.16507860561238274	0.6677367803048208
0.16712633468289678	0.16505808191325744	0.667815583403846
0.1671982568819424	0.164638891662029	0.6681628514560287
0.16712869452646342	0.16479232344086164	0.6680789820326751
0.16706127074275182	0.16488808597588142	0.6680506432813669
0.16710861895045262	0.165124005128118	0.6677673759214294
