0.36068411678382495	0.4030742213162478	0.23624166189992735
0.3532267474980944	0.4141598569318282	0.23261339557007746
0.35175662930597945	0.41274394322705604	0.23549942746696462
0.35353748434715365	0.4007897605859145	0.24567275506693198
0.3586599707178947	0.41429415639423595	0.22704587288786943
0.3454233882445956	0.41221153943701977	0.24236507231838472
0.3472207331118948	0.40266274130138074	0.2501165255867246
0.3520889215581585	0.4003051944284337	0.24760588401340788
0.3534602252129938	0.39765072374304866	0.24888905104395764
0.3508779280378235	0.4070686986352239	0.24205337332695265
0.35977903803735894	0.40490549269710086	0.2353154692655403
0.3534059145758819	0.40110238393067177	0.24549170149344646
0.3591725421582174	0.39294406586777597	0.24788339197400672
0.34750428169851244	0.410510307698218	0.24198541060326964
0.3497737388224893	0.3945592397551043	0.25566702142240644
0.3533657649017313	0.3927481555602176	0.25388607953805115
0.3502298766007249	0.41417905289012874	0.23559107050914646
0.3528773922233366	0.4008262151227172	0.24629639265394632
0.3441709479421048	0.4129820381599795	0.2428470138979158
0.34896200967999513	0.40929991676577604	0.241738073554229
0.35885425011071254	0.39533696407659813	0.24580878581268945
0.3455395925938235	0.413256871443283	0.24120353596289357
0.3607488346171227	0.41430255343817235	0.22494861194470508
0.3625648152268297	0.3922727887596819	0.2451623960134885
0.3537322855027551	0.4085837046310474	0.23768400986619764
0.3520866683683954	0.4051156748747913	0.24279765675681342
0.34605191594467083	0.39330892234586656	0.26063916170946266
0.35676443462709	0.41264492657409785	0.23059063879881225
0.3607763608467833	0.4113054096264094	0.2279182295268075
0.34527910316239424	0.3989864269075809	0.25573446993002497
0.35580975032379214	0.4048471540623054	0.2393430956139026
0.3433280634175182	0.4090353407430794	0.2476365958394025
0.35468354506565797	0.41174998035531984	0.2335664745790223
0.34992804318113324	0.40565326054985934	0.24441869626900753
0.3616642139787949	0.4017291891273538	0.2366065968938515
0.36110224075448216	0.3953596900020187	0.24353806924349924
0.35113190531654115	0.39459395147995413	0.25427414320350483
0.34608349168940594	0.39346492096540986	0.2604515873451843
0.3610177402220779	0.41249494988536983	0.22648730989255242
0.35314448415025335	0.39365639538052105	0.2531991204692257
0.34970046058140025	0.41479246820097754	0.23550707121762235
0.3436180558668614	0.4146897017579217	0.24169224237521703
0.353216380396046	0.4093265118046375	0.23745710779931656
0.35176674737099534	0.3945469719811552	0.2536862806478496
0.3532656485322796	0.40397570612558176	0.24275864534213876
0.34793308416587093	0.40517745563479346	0.24688946019933572
0.3536387165310329	0.41514368776491817	0.23121759570404904
0.3507124671084696	0.40413291213689684	0.2451546207546337
0.35056464452806746	0.39404004456249575	0.2553953109094369
0.3632154040331654	0.41055236996783906	0.2262322259989957
0.35426073741756225	0.41121507244232225	0.2345241901401156
0.35325725410579367	0.4136787208371148	0.23306402505709164
0.34642847024141415	0.40312978895824625	0.25044174080033965
0.3621016176642341	0.4108052659550499	0.2270931163807161
0.3574770121431778	0.41551796750145065	0.22700502035537168
0.350533263149872	0.3943670545781815	0.2550996822719466
0.3485017363519943	0.4062008300230255	0.24529743362498035
0.3489986567987907	0.41472811872603166	0.23627322447517773
0.34387194048015624	0.3964524585556329	0.259675600964211
0.34961628820244295	0.39634584092593056	0.2540378708716266
0.3608254851508762	0.41093664090349385	0.22823787394563005
0.35924009172580246	0.39578067988417465	0.24497922839002295
0.3508042139832094	0.40927098141926976	0.23992480459752094
0.3502000783468124	0.399809663745397	0.24999025790779072
0.3469247198244649	0.4028934340492314	0.25018184612630384
0.35364974084494033	0.40766689438252013	0.23868336477253965
0.3589078398633243	0.39202485321387126	0.24906730692280454
0.35596474284754237	0.3985628946556157	0.24547236249684207
0.3567104329058192	0.39325275010456495	0.25003681698961594
0.34227650584139435	0.3941602580478089	0.26356323611079685
0.3576787356594109	0.3989262628572251	0.24339500148336413
0.34456019303518504	0.39609158410200596	0.2593482228628091
0.3451146243565795	0.40221582517103194	0.25266955047238865
0.3504616764045353	0.40713680127725754	0.2424015223182073
0.35879055285917294	0.40320416154705163	0.2380052855937755
0.3633482157259975	0.3918676270429123	0.24478415723109032
0.35937794945527585	0.40578226887642643	0.23483978166829783
0.3609261466856052	0.4151295957237726	0.2239442575906223
0.3492500428487135	0.39644804867832845	0.25430190847295814
0.36163194508011376	0.41577171688266196	0.2225963380372244
0.36189648737856167	0.4144673399261622	0.22363617269527625
0.36253417738604815	0.40054913704254375	0.23691668557140821
0.3441997714187941	0.4142779094525232	0.24152231912868283
0.34878454328847125	0.4072463652186227	0.24396909149290624
0.35480458309116863	0.41542241477737096	0.22977300213146054
0.3452377324586622	0.40475744057675955	0.2500048269645784
0.3594543396346063	0.41422180386570795	0.22632385649968578
0.3472198674423696	0.40991715402685164	0.24286297853077887
0.35000465525003666	0.41416421870577674	0.2358311260441867
0.3612929985581963	0.4038791308479398	0.234827870593864
0.3585158578987389	0.4106256084839959	0.2308585336172653
0.35361868652059597	0.41216256526931	0.23421874821009414
0.35135249856458556	0.40393985802352705	0.2447076434118875
0.3608505707337733	0.4161590297251283	0.22299039954109848
0.3561412447431306	0.39663719715815643	0.24722155809871307
0.3449011569611839	0.4097984466153307	0.2453003964234855
0.361423344134312	0.41195971856771874	0.22661693729796942
0.3502069276375461	0.41101958259969085	0.2387734897627632
0.3458725143071167	0.4050363419933277	0.24909114369955568
0.3505962036499578	0.4023460271873607	0.24705776916268163
0.3546508232759751	0.4002846597565735	0.24506451696745152
0.34647454320432364	0.4066609754323779	0.2468644813632986
0.3497649748618669	0.4022616023968613	0.24797342274127188
0.3465219631789588	0.41351916075619954	0.2399588760648418
0.36293051045781405	0.39693652904075816	0.2401329605014279
0.36141125009192687	0.3966396214200016	0.24194912848807162
0.3594822450853034	0.40415340868616145	0.23636434622853528
0.3513593385914949	0.396972490437564	0.2516681709709413
0.35790432744878214	0.4156810676296702	0.22641460492154775
0.3583072985969287	0.3965104200527208	0.24518228135035058
0.3517826764608045	0.41436217359942495	0.23385514993977063
0.35814149561566117	0.39415859618587185	0.2476999081984671
0.3454273909818648	0.40555371402183416	0.24901889499630112
0.3571473406557037	0.41230159371255115	0.23055106563174524
0.34600567392410353	0.3929908518919525	0.26100347418394415
0.3611530580664827	0.39779658027350406	0.24105036166001342
0.3551190663859847	0.39253438941631436	0.25234654419770103
0.344478387738208	0.4087838073228702	0.24673780493892195
0.34225283944765206	0.39436903147452873	0.2633781290778193
0.34188894248955487	0.39396026621603025	0.264150791294415
0.35475189715506694	0.39900900107965376	0.2462391017652794
0.350568139932114	0.40494412844560423	0.24448773162228188
0.35033289286235075	0.4049417675593291	0.24472533957832027
0.3604640469991161	0.40643215098586744	0.23310380201501657
0.3567043527146474	0.395449378356947	0.24784626892840572
0.3605051309332379	0.41453235366398244	0.22496251540277978
0.34233639637235475	0.4114492144481087	0.24621438917953659
0.34274513988625216	0.41225746959567555	0.24499739051807246
0.3555900334510192	0.4059487776364329	0.23846118891254806
0.3448735150716844	0.40764443617784074	0.24748204875047497
0.3540526945971428	0.41394587284943163	0.2320014325534257
0.361732474681582	0.4095578938293981	0.22870963148902002
0.34538736588683705	0.39552556249949794	0.2590870716136652
0.36255359263217907	0.41324942438690837	0.22419698298091273
0.3419858152665892	0.398069582065279	0.2599446026681319
0.3475754577477193	0.41271804388447136	0.2397064983678094
0.35462148181179615	0.3960694235757981	0.24930909461240586
0.34853204788242725	0.40099186150970767	0.2504760906078652
0.35653935881154153	0.4105457170183656	0.23291492417009296
0.3433552732085395	0.412581035981108	0.24406369081035262
0.3578071541257039	0.39898719037808145	0.24320565549621476
0.3474843349069548	0.40531099178165997	0.2472046733113853
0.35217200426490713	0.4091652101482481	0.2386627855868449
0.3573267880260926	0.41104285909026017	0.23163035288364736
0.34670958869442337	0.4100401237340349	0.24325028757154185
0.35480655051793397	0.4146849703462448	0.23050847913582134
0.3591069522521402	0.41017264402491255	0.23072040372294733
0.360401262818915	0.40385006565007786	0.23574867153100726
0.34398518899766073	0.41483493738058763	0.24117987362175178
0.3525783693706577	0.4024581103367104	0.24496352029263205
0.36223858294621547	0.4032075195747533	0.23455389747903127
0.3564396420969435	0.409088960763093	0.23447139713996362
0.34866668477894186	0.39862378290854134	0.2527095323125169
0.3537364916252331	0.40613553847599315	0.24012796989877389
0.3503150871633865	0.4146646966565166	0.23502021618009702
0.3484690012556242	0.3949725823779512	0.25655841636642474
0.35345025178885475	0.4031401567754733	0.243409591435672
0.3572558439254869	0.4138049601721542	0.228939195902359
0.36157282816328445	0.4027323713566008	0.23569480048011487
0.3559615505756077	0.4024634543069806	0.24157499511741182
0.343817313290746	0.4124635641533114	0.2437191225559427
0.34899817097246144	0.3949492220599279	0.25605260696761073
0.35441568963576336	0.40602238559709947	0.23956192476713728
0.3606447591735591	0.4027084826604094	0.23664675816603165
0.35118987424957093	0.4124143839395312	0.236395741810898
0.3632214136729842	0.40427902010768124	0.23249956621933462
0.36072478079250153	0.4050458302796671	0.23422938892783143
0.3546239293036543	0.3918518397912621	0.25352423090508375
0.36001458858889024	0.40110797116222413	0.23887744024888574
0.3546146346695976	0.41399642169650347	0.23138894363389906
0.35389157869002363	0.39803568303244174	0.24807273827753473
0.3504121394994961	0.4143221537708569	0.23526570672964714
0.35496462709236637	0.39368432737886006	0.25135104552877363
0.34269407586073997	0.4159283948536053	0.24137752928565484
0.3591340957642461	0.40844675382726553	0.23241915040848848
0.3435827508175477	0.41029909358671285	0.24611815559573957
0.3510666692766776	0.40077621041505956	0.24815712030826298
0.3518977382458429	0.39629640817113554	0.2518058535830216
0.3568670907200847	0.41347169497526415	0.22966121430465125
0.3439977233782389	0.41470934523446	0.24129293138730118
0.3433986170585081	0.3966316341392393	0.2599697488022527
0.34191475830412854	0.39556584495963454	0.26251939673623703
0.3630856228607866	0.4042030545099628	0.2327113226292507
0.3612700055700857	0.40533375953876916	0.23339623489114525
0.35955943201843565	0.41093969026527105	0.2295008777162934
0.3579568259963942	0.40063630324886085	0.241406870754745
0.3528097265433097	0.41343213267037915	0.23375814078631124
0.34735948979074666	0.3936399866359968	0.25900052357325665
0.3542970315329207	0.41481250742107423	0.23089046104600522
0.35065483490060784	0.4100170099352435	0.2393281551641488
0.34304266113138887	0.39180161562802385	0.2651557232405874
0.34968185772451627	0.39994826737757294	0.2503698748979109
0.3459517358829536	0.39344683157756427	0.26060143253948226
0.35243512629996965	0.40103043139045086	0.2465344423095796
0.355288008469079	0.4155868954413315	0.22912509608958964
0.35204131277506034	0.4078883442751482	0.2400703429497916
0.3460835012331201	0.4013720755031699	0.2525444232637101
0.3530952483848568	0.40677437626988244	0.24013037534526088
0.34446502031574533	0.41020188442705097	0.2453330952572038
0.3429870127433029	0.4127789298550664	0.2442340574016308
0.35892668440430237	0.4014058348154695	0.23966748078022826
0.35481639978780694	0.40100536285911176	0.2441782373530814
0.3540961367562221	0.39626788597785356	0.2496359772659245
0.3491074891053314	0.4157621189503797	0.23513039194428903
0.34230321996002794	0.4004217681067729	0.25727501193319935
0.35056242973408663	0.4089142360467224	0.2405233342191911
0.34317299254003153	0.4142763185503694	0.2425506889095992
0.3628163145622371	0.4011336324331008	0.23605005300466217
0.36317601130853	0.40959263174391664	0.22723135694755348
0.34379271060340005	0.41243601163134275	0.24377127776525728
0.35493077088374253	0.411827178612193	0.2332420505040646
0.3498249165895238	0.3990687538375708	0.2511063295729055
0.3577100350980859	0.39700337783455397	0.24528658706736017
0.3420936944753213	0.4150796931069895	0.24282661241768932
0.3498287728582782	0.3928750031675532	0.25729622397416874
0.343444684460607	0.39653285544170286	0.26002246009769026
0.34678589513815816	0.40041744199147467	0.2527966628703673
0.3559123905105141	0.3937314217306405	0.2503561877588455
0.3579966040922525	0.3965161416969726	0.24548725421077505
0.35220354726658537	0.40404350247218124	0.24375295026123353
0.34812060282479396	0.39906168130585645	0.2528177158693497
0.35645005969722005	0.39328707871084817	0.2502628615919319
0.34348784370837504	0.40402966230060344	0.25248249399102163
0.3544392235137661	0.41581757535743646	0.22974320112879754
0.3459500593634799	0.3954756098128199	0.25857433082370035
0.3542511770693413	0.40198469423057903	0.2437641287000798
0.3509715461307742	0.4085282069243246	0.2405002469449013
0.35032078572430586	0.4017299129583709	0.24794930131732335
0.3442608894367177	0.40959696687544894	0.2461421436878335
0.35491955836746875	0.39253161358968847	0.2525488280428429
0.3438903567135939	0.40743321449034997	0.24867642879605623
0.36179657594522485	0.4106612133773148	0.22754221067746042
0.3587611619013819	0.39659629583116657	0.24464254226745163
0.3571565440507166	0.40797379406991235	0.23486966187937114
0.36249872498774804	0.41154272931592956	0.22595854569632248
0.35268914223283077	0.4030552969983806	0.24425556076878874
0.3449458175636954	0.40163446174729495	0.25341972068900975
0.36335978129571006	0.4078677199934746	0.2287724987108154
0.3550380224932306	0.3927813772527903	0.25218060025397926
0.3515666192673724	0.39611797527934123	0.2523154054532865
0.3457923265360492	0.4056355504744871	0.2485721229894638
0.35346138578540537	0.4123258886357767	0.23421272557881803
0.3569328770780007	0.41356153986581257	0.22950558305618687
0.3420941962343698	0.394183271091163	0.26372253267446727
0.3426049527205596	0.40597140372254853	0.25142364355689206
0.360844348993875	0.39945250829291534	0.23970314271320975
0.3496136375928731	0.4030501171320461	0.2473362452750809
0.36162118401616633	0.40358106164636137	0.2347977543374724
0.3598757313844572	0.40799763289873897	0.23212663571680392
0.35576494752267696	0.4075217929344179	0.23671325954290526
0.3611532753888937	0.40144687247881117	0.23739985213229525
0.35268929691223594	0.4111349006094643	0.2361758024782999
0.35777250639292973	0.40200226212258383	0.24022523148448657
0.35492187004635656	0.40129173487317593	0.24378639508046762
0.34437859290099804	0.40370969197099293	0.2519117151280091
0.3423996828873811	0.414721496949773	0.24287882016284604
0.355731625234863	0.3977965101254426	0.24647186463969448
0.34525400615981405	0.41355397091388135	0.24119202292630476
0.3631927925214817	0.39328318073569424	0.24352402674282417
0.34173238282418705	0.40524275824688516	0.2530248589289279
0.3592903468024946	0.4142922912385605	0.22641736195894496
0.34890312656513106	0.3971988537176895	0.25389801971717957
0.34989637888368663	0.3973846454495672	0.2527189756667463
0.3418986446408627	0.4124846709391855	0.24561668441995185
0.35123226719686307	0.41261181287727455	0.23615591992586255
0.3635566599501271	0.40168691844534976	0.23475642160452323
0.351787517253346	0.41597156756901815	0.23224091517763593
0.34673684528365506	0.3975405751330364	0.25572257958330863
0.36056110022808474	0.4013491627280053	0.23808973704391007
0.35870851037534135	0.41409862404424624	0.22719286558041255
0.3442679671033229	0.396918212390824	0.2588138205058532
0.35549058523847765	0.39911716099195316	0.24539225376956933
0.3631162872847704	0.4094543416238669	0.22742937109136277
0.34609935326056823	0.3929583549112474	0.2609422918281845
0.35117591603186393	0.4153132913897249	0.23351079257841134
0.36158082498343935	0.4003618217962239	0.23805735322033683
0.35040244008289356	0.39996234835563327	0.24963521156147328
0.36135248336215586	0.398483060469287	0.24016445616855722
0.3595550885527143	0.4054957398243739	0.2349491716229119
0.3479731505060072	0.41484255255377456	0.23718429694021836
0.34652756749365493	0.4046864943849584	0.24878593812138675
0.3441256871819537	0.4073579917856205	0.24851632103242588
0.35216381626795745	0.3976095125541181	0.25022667117792463
0.3443588121027339	0.41189173053474787	0.24374945736251835
0.3510738417024849	0.41234270539867	0.2365834528988452
0.349485155669059	0.3942717103600099	0.25624313397093124
0.34514085381016146	0.3992746664510519	0.25558447973878673
0.34675115891214253	0.3967108407488449	0.2565380003390127
0.34806081426937335	0.408900750143717	0.24303843558690974
0.3570532864156047	0.41142734175121154	0.23151937183318388
0.34380754251980855	0.41244703353939716	0.24374542394079443
0.3483874330578065	0.39314222234529533	0.25847034459689827
0.3557824749429006	0.40841359856371706	0.23580392649338242
0.3597710427115433	0.40939219927105835	0.23083675801739845
0.34398257441557306	0.4015490774968869	0.25446834808754015
0.3514053852153092	0.39721349312759313	0.25138112165709786
0.3509235284183042	0.41271231459359875	0.23636415698809715
0.35101418122930583	0.41567734337532714	0.23330847539536714
0.3507215773803072	0.4028088385790996	0.2464695840405933
0.35567806342853175	0.3948887490735092	0.2494331874979592
0.3427497358326818	0.4059584235609503	0.251291840606368
0.34895722242670446	0.39264009368802283	0.2584026838852729
0.3431432174158585	0.39825251602338574	0.25860426656075586
0.34924610907886156	0.40415138654447397	0.2466025043766646
0.34828417596260086	0.3987828479557142	0.252932976081685
0.3609308186397139	0.39298823374385283	0.24608094761643343
0.36048669546861256	0.3941719292959249	0.2453413752354626
0.35964674108953193	0.4056905172338492	0.234662741676619
0.34442772213905687	0.4031543411563447	0.25241793670459856
0.3457959504701576	0.41002397531781215	0.2441800742120303
0.3451485847116028	0.4008009274754605	0.2540504878129368
0.35611856298783134	0.3942244691125095	0.24965696789965924
0.3547554811412511	0.40415778782756867	0.24108673103118033
0.34734001864136155	0.40032679748597777	0.25233318387266074
0.3425114135529906	0.3929712170960497	0.2645173693509598
0.35017311759047615	0.3964541953630599	0.253372687046464
0.3632469117154846	0.41170072221887954	0.2250523660656359
0.36307998283467496	0.3967110918594837	0.24020892530584143
0.35641710548568867	0.40010290932352954	0.2434799851907819
0.34562552969130084	0.4115033028646668	0.2428711674440325
0.34653673095797377	0.3981815945926071	0.25528167444941924
0.3586923730330427	0.4098097285593846	0.23149789840757287
0.3540819792518283	0.411860131350417	0.2340578893977548
0.3443309287030036	0.4033101233302491	0.2523589479667474
0.35088496163008825	0.4023700787151051	0.24674495965480678
0.3541309506254823	0.4111879785342538	0.23468107084026402
0.36287977440228836	0.40717981790232816	0.2299404076953836
0.34930686554689183	0.40748589841965527	0.243207236033453
0.3533214830880649	0.40335307705726486	0.24332543985467037
0.35920951423251485	0.39894580780274236	0.2418446779647429
0.3531151045285042	0.4038941900489135	0.2429907054225824
0.3566869427657939	0.3955723302220744	0.2477407270121318
0.3561341639173345	0.40546153156617826	0.23840430451648736
0.3590955517458654	0.4146923717003633	0.22621207655377146
0.3566979824402905	0.4124855142731453	0.23081650328656428
0.35812778623538377	0.3930569842202979	0.24881522954431848
0.34410075059014633	0.3995965886275955	0.2563026607822583
0.35341566142410036	0.39824789720989595	0.2483364413660038
0.3597535355955652	0.3982136934060082	0.24203277099842668
0.36352213695476027	0.40482823599318835	0.2316496270520515
0.3545475727208282	0.39858114055405264	0.24687128672511927
0.3539057600548029	0.4052645364980028	0.2408297034471944
0.34202559152806145	0.39785474065790627	0.2601196678140324
0.35629372766672	0.40918373128978147	0.2345225410434986
0.36097501514903324	0.4142465543022533	0.22477843054871355
0.35676839876389754	0.41017996218635744	0.23305163904974513
0.35279025455512575	0.41356808485982477	0.2336416605850496
0.34864914268397657	0.40850660972018105	0.2428442475958425
0.3553205314979107	0.41487805338298855	0.22980141511910085
0.36139510382165924	0.4114195677161966	0.2271853284621443
0.346229831880977	0.39211524350881927	0.26165492461020384
0.35460599510758833	0.40518094568648044	0.24021305920593128
0.3522729617447579	0.41194536114953145	0.23578167710571074
0.3495167195235881	0.4061025409504476	0.2443807395259644
0.35762388007502266	0.40808508526035087	0.23429103466462659
0.3555053288735436	0.3974563312860878	0.24703833984036874
0.34585917100885555	0.4150721624695638	0.23906866652158074
0.3488002890961576	0.40166231732151236	0.24953739358233012
0.35092862105124084	0.39828787215838146	0.2507835067903778
0.34481164764873085	0.40606438096399194	0.24912397138727735
0.34644806219401253	0.3957228335553102	0.2578291042506774
0.3543907189532106	0.4062163579023528	0.23939292314443672
0.3540493978338354	0.4026344427680867	0.2433161593980781
0.34801763271611463	0.4004453988405633	0.25153696844332224
0.34523862795254495	0.39889289473808215	0.255868477309373
0.35114951730053834	0.4062410427762565	0.24260943992320522
0.35518135482735097	0.4114888947388089	0.23332975043384027
0.3456196652602961	0.4012055349120521	0.25317479982765195
0.354886214151494	0.40471754954954464	0.24039623629896145
0.35630778021228243	0.39686201258057285	0.24683020720714482
0.3580997552064859	0.4053632363748124	0.23653700841870182
0.3446311219164718	0.4017519137876559	0.2536169642958724
0.35778515881523076	0.3981619271817511	0.2440529140030183
0.3600672172266953	0.40992409435693	0.23000868841637478
0.3571718672637407	0.41316562815251756	0.22966250458374185
0.3548859855311276	0.4135810371151556	0.23153297735371692
0.360404791108789	0.39259206148601455	0.24700314740519658
0.3450089886067777	0.39257084937849485	0.2624201620147276
0.3580104735117265	0.404901690120534	0.23708783636773964
0.3438679414270447	0.3942016141605822	0.2619304444123733
0.34661540873494545	0.411442043445781	0.24194254781927366
0.3426304207949251	0.4079360732846491	0.2494335059204259
0.346762862596691	0.4021470650315241	0.25109007237178504
0.3518411181842459	0.39814122489099	0.2500176569247642
0.35089378346586597	0.3995267267299397	0.24957948980419448
0.3572824669555657	0.4148774033035322	0.22784012974090223
0.34499556525414404	0.39677827437154833	0.25822616037430773
0.3519269230967098	0.39901038816023565	0.2490626887430546
0.3518214841481384	0.4151292054447924	0.23304931040706925
0.3545008203105062	0.3981609833645928	0.24733819632490106
0.36200665857301884	0.41038858708047915	0.22760475434650213
0.3530386358746945	0.41092440836375654	0.23603695576154904
0.35582328425271204	0.4051456146874204	0.2390311010598677
0.34496023734587117	0.4017391156238156	0.2533006470303133
0.3520765032851097	0.4093018047802477	0.23862169193464275
0.36189683415031537	0.39321010093767184	0.2448930649120129
0.35092036512868197	0.41536165719024787	0.23371797768107028
0.34202978144091606	0.4025373680432039	0.25543285051588016
0.3593636815362827	0.4079596079377579	0.23267671052595953
0.3458278493432045	0.4094566942835779	0.2447154563732177
0.35597223125828104	0.4025303348805671	0.24149743386115197
0.34231459770455547	0.412044647274329	0.24564075502111565
0.344041052708151	0.4139855236776679	0.24197342361418123
0.36284925613612334	0.40733743717155624	0.2298133066923205
0.35964704299391165	0.4120638890020213	0.22828906800406717
0.35391755110245937	0.4057128168256476	0.24036963207189316
0.3434804969132153	0.39545914761505147	0.26106035547173334
0.3566285603010589	0.4041438074850794	0.23922763221386184
0.35852341732570303	0.39212021941156083	0.24935636326273625
0.3471559081471296	0.41502246286682953	0.23782162898604098
0.35116771940096375	0.4149591300912479	0.23387315050778845
0.3494172077051867	0.40950462274820737	0.24107816954660605
0.3527796315692856	0.41414013048411524	0.2330802379465993
0.3538624798155935	0.39770487671424815	0.24843264347015853
0.34406342081678903	0.4088972521520437	0.24703932703116738
0.36338515859193427	0.39475663977577835	0.24185820163228752
0.3540269610982946	0.4049813792394742	0.24099165966223132
0.34997698432346197	0.4089103334588601	0.2411126822176781
0.3592481337387083	0.4157885806436206	0.2249632856176712
0.3456424674145476	0.41001511265969065	0.24434241992576183
0.3461931536818865	0.41018970540317395	0.24361714091493963
0.3420962308190699	0.39960336037901	0.2583004088019202
0.357556628205106	0.39556823606072705	0.24687513573416708
0.34949991145598436	0.4112074106550642	0.2392926778889516
0.35654061179266106	0.39628349448518313	0.24717589372215593
0.3430266413942571	0.41545947735234845	0.24151388125339454
0.36327020317356257	0.4063225936383205	0.23040720318811703
0.35862336466239764	0.4110700153852484	0.23030661995235407
0.35265829263811155	0.40505868262698763	0.24228302473490096
0.35595504831134395	0.3976148362292393	0.24643011545941684
0.3598714060007147	0.4097390435225604	0.23038955047672502
0.3511946627480677	0.3966273217550933	0.2521780154968391
0.3590523176907466	0.39712860103545605	0.2438190812737975
0.361059143635973	0.4037377611840184	0.23520309518000865
0.35967630733475187	0.39333851845244794	0.2469851742128003
0.3613766813073345	0.40060679963976764	0.23801651905289792
0.35234212196228	0.41377676537436037	0.23388111266335979
0.34766853709408296	0.3971736468586175	0.2551578160472997
0.3440496134711653	0.392070704368427	0.2638796821604078
0.3589695103927858	0.39391653969599116	0.24711394991122315
0.3470563076702643	0.39927038674162035	0.25367330558811546
0.3538861015009018	0.39798358951637236	0.248130308982726
0.35085229642770116	0.39754916909225063	0.2515985344800483
0.36312537088619745	0.39234307594253537	0.24453155317126735
0.3589464555480071	0.408157331323713	0.23289621312828002
0.3462040179487027	0.4060693619406296	0.2477266201106678
0.35703730956276175	0.4147837475501365	0.22817894288710192
0.3419805840348796	0.41612790999747395	0.24189150596764658
0.3496929513347436	0.40657015962706006	0.24373688903819646
0.35519262738425567	0.3943458424501747	0.2504615301655697
0.3515606089971433	0.4145249172131512	0.2339144737897056
0.35070980927820006	0.39572425854212495	0.25356593217967516
0.35839815138671577	0.4039854003817707	0.23761644823151362
0.3522596730153867	0.39769261938896683	0.25004770759564665
0.36077372969446686	0.39331246853978896	0.2459138017657443
0.35326513883387756	0.41094258839139874	0.2357922727747238
0.3599681926351133	0.395121323303089	0.24491048406179775
0.34307020975271785	0.41239717435722534	0.24453261589005693
0.34361355359532564	0.4077099901694432	0.24867645623523127
0.34249632579694517	0.40686063462235883	0.2506430395806961
0.35291206125319036	0.4135913594254559	0.23349657932135387
0.3496012461842173	0.39897889830680444	0.2514198555089784
0.36237969501876194	0.40712550573365736	0.23049479924758082
0.35962437201509456	0.4036875256041792	0.23668810238072638
0.3488828985119457	0.4047372124427588	0.2463798890452956
0.34865516884577363	0.4139901424558804	0.23735468869834603
0.3605252845282696	0.4054143675781102	0.2340603478936203
0.35078574588894856	0.3959195070252649	0.25329474708578664
0.34322771362995314	0.39860306821639496	0.258169218153652
0.35983198144532264	0.39966703822780403	0.24050098032687342
0.34939169444818907	0.40110978293828004	0.249498522613531
0.3508695837449171	0.39458883351715446	0.2545415827379286
0.34597301709113715	0.39972967500086753	0.25429730790799543
0.35188314710478036	0.39615129075210553	0.25196556214311416
0.3432047282320408	0.406738249328159	0.2500570224398003
0.35572778847996656	0.40838701703050473	0.23588519448952885
0.34507910813878356	0.4138275670151157	0.24109332484610083
0.3506344594944034	0.4151025933712002	0.2342629471343965
0.359151116329011	0.4033934747486069	0.23745540892238226
0.3567215633748154	0.4096898834214602	0.2335885532037245
0.3533868015759374	0.3971054751133588	0.24950772331070395
0.3558565858940341	0.40466832263990293	0.23947509146606305
0.35538672541494665	0.4067812614190308	0.2378320131660227
0.3587430759155593	0.4016627413375774	0.23959418274686337
0.3568608994580191	0.40963521594995433	0.2335038845920267
0.3520962667809897	0.4014715613695402	0.2464321718494702
0.3461759197983872	0.39201326985481216	0.26181081034680076
0.34390418536595546	0.4034030573875051	0.25269275724653956
0.35457536037025433	0.41560801726435337	0.2298166223653924
0.3632306730345527	0.3946742798673292	0.2420950470981182
0.3592906664319491	0.40140502075098344	0.23930431281706754
0.34573611886895395	0.408051607202971	0.2462122739280751
0.35187532837889207	0.40128153352213436	0.24684313809897362
0.3537581553830325	0.41250248442718246	0.2337393601897851
0.35664366287802485	0.3999409841816277	0.24341535294034755
0.3421291470497463	0.39591819266088196	0.26195266028937186
0.35734919671005577	0.40255357308685635	0.24009723020308799
0.34413553107108147	0.3922553560604456	0.26360911286847305
0.36119005579790764	0.4092719924980232	0.22953795170406927
0.3624286078089552	0.395091575639215	0.24247981655182996
0.3496594486707212	0.4044981528954045	0.24584239843387443
0.34920351242783854	0.4007374123049743	0.2500590752671873
0.3563238201443225	0.3977179475417609	0.24595823231391675
0.35802907215957624	0.4086306726302009	0.23334025521022295
0.3566567182844801	0.4085371012657584	0.23480618044976165
0.354818314930628	0.41367211189071207	0.23150957317866008
0.35424083965254394	0.4137617318348375	0.23199742851261865
0.3541841689348311	0.41392068066074506	0.2318951504044239
0.34282163331813026	0.40814884604729074	0.24902952063457912
0.3631635599832078	0.39346511423906627	0.24337132577772602
0.3578622694044095	0.4154174757067439	0.22672025488884667
0.35220840673991183	0.4127121937879167	0.23507939947217155
0.3442413488370331	0.41274467731715636	0.24301397384581067
0.3548207119953511	0.401631796449641	0.2435474915550081
0.3528003471415134	0.4147608409929226	0.2324388118655641
0.3473522916684661	0.4134337211616055	0.23921398716992853
0.3628348203659495	0.4051979664148566	0.231967213219194
0.34684218616908835	0.4051117323161436	0.24804608151476815
0.3504930129355484	0.39228988005084486	0.25721710701360684
0.35805885559478334	0.40645215744243757	0.23548898696277917
0.3616800931602613	0.4006231574827501	0.2376967493569887
0.35798742586167087	0.40367134292859774	0.2383412312097315
0.34325131189816865	0.39731432703942504	0.25943436106240647
0.34187896686467784	0.4143384463316989	0.2437825868036233
0.34215269518820907	0.40021689609609745	0.2576304087156936
0.34623991316524405	0.39374202067807035	0.2600180661566857
0.36064970060790247	0.4057775217251159	0.2335727776669817
0.3432820375726546	0.4065502213546385	0.250167741072707
0.3546691047422747	0.4120005904633973	0.2333303047943281
0.343380092300576	0.3934029501617901	0.26321695753763397
0.36172659752497793	0.39312142789078636	0.24515197458423585
0.3422980087676744	0.39347315051020204	0.26422884072212366
0.3502667023121493	0.4076261658382641	0.24210713184958677
0.35122475141213844	0.40400238923572046	0.24477285935214127
0.34770392141630424	0.4077356411526011	0.24456043743109473
0.3546453527198963	0.39862280702308706	0.24673184025701678
0.35430078461176134	0.39592638725815416	0.24977282813008458
0.3607735655653884	0.39412210546154064	0.24510432897307108
0.342969747321019	0.3938105684026356	0.26321968427634546
0.34291490502000843	0.401250764847891	0.25583433013210066
0.3449400477424544	0.4026923666176781	0.2523675856398676
0.3587584064244857	0.4098394562206137	0.23140213735490078
0.3494399814172502	0.409510921427126	0.24104909715562398
0.3590625591297797	0.39356767514852337	0.24736976572169705
0.3453727161402316	0.3941317608280746	0.2604955230316939
0.34590982098423817	0.40434614108667616	0.24974403792908578
0.34257749423397565	0.4087447037226831	0.24867780204334128
0.347857868022691	0.4106279869872132	0.24151414499009594
0.35246332146786186	0.40587292245106027	0.24166375608107799
0.34680379335388806	0.39890883722193315	0.25428736942417896
0.3494888017240856	0.3975919192126379	0.2529192790632766
0.34572979472960486	0.4006933868385806	0.25357681843181473
0.35265874427576044	0.41577890841543086	0.2315623473088088
0.3586521656002646	0.39781634759685547	0.24353148680288
0.3467343694291132	0.4055394581304913	0.24772617244039563
0.34315069869115533	0.40392687734841476	0.2529224239604301
0.3466739673445433	0.3971307631564239	0.2561952694990328
0.3560530960928908	0.3963422630500023	0.24760464085710698
0.35958405063448695	0.4021743316996802	0.23824161766583302
0.35179441902615793	0.39501355816865724	0.25319202280518494
0.3492594799805808	0.3997929053140703	0.250947614705349
0.3497325141532111	0.40221539844580273	0.24805208740098628
0.3485125123342857	0.40180217498727766	0.24968531267843674
0.34239103679102306	0.39252614154830723	0.2650828216606699
0.34307711649820677	0.412348136838873	0.24457474666292034
0.3633448353629006	0.4140466089212518	0.2226085557158477
0.34939844548044924	0.40127043541002944	0.24933111910952144
0.3603066343575557	0.4159685088044167	0.22372485683802767
0.36211796506426114	0.40781456900361734	0.23006746593212163
0.3580759221901508	0.40240665254582964	0.2395174252640197
0.3498127041007413	0.40368054064272296	0.24650675525653593
0.3427133909833215	0.4110390113988048	0.24624759761787385
0.35283280613195284	0.41071395797384025	0.23645323589420697
0.34355893673922333	0.3977327169458669	0.2587083463149098
0.35734723986893363	0.3920306041094739	0.2506221560215926
0.347366639225402	0.3994045864314604	0.25322877434313773
0.3602067423356666	0.39354787446748074	0.2462453831968528
0.3612215453895349	0.4024187409848663	0.23635971362559893
0.35057522279408876	0.4100888836023368	0.23933589360357455
0.3628437817884639	0.3953725047569154	0.24178371345462085
0.35841785393652353	0.40845198274395017	0.2331301633195264
0.3545098984845696	0.4060462083054156	0.23944389321001497
0.3631079410460213	0.41533556383988984	0.22155649511408904
0.35408171407134786	0.41129753820581605	0.23462074772283614
0.361466534725227	0.3990104143484568	0.23952305092631632
0.3445647674204093	0.3960917496548536	0.2593434829247372
0.3446768564649644	0.3950473845400665	0.26027575899496924
0.35531640891460037	0.40833790397357106	0.23634568711182863
0.34598691560657846	0.40935962457614217	0.24465345981727948
0.34225588011132124	0.39243336454282457	0.2653107553458543
0.3561378908968571	0.4029591804174145	0.2409029286857285
0.3440637511870717	0.4001874234995857	0.25574882531334264
0.3472674540419411	0.41326658872797567	0.23946595723008335
0.3454623568872151	0.39712579085186844	0.25741185226091656
0.34254943891793743	0.40087388545588964	0.25657667562617303
0.34248001461317706	0.4105925618861546	0.24692742350066843
0.3571042832044219	0.39409071166913273	0.24880500512644546
0.3477193672687172	0.4026587847659889	0.24962184796529405
0.36034049650317845	0.4149027518504165	0.22475675164640518
0.3476343267218345	0.4058125379451881	0.24655313533297746
0.3539297512242214	0.4026561199874519	0.24341412878832686
0.3424744313459333	0.39383332583063524	0.26369224282343157
0.34471369816742453	0.41370450500567035	0.24158179682690523
0.35127033326081686	0.39819861960828684	0.2505310471308964
0.3503629397598834	0.3921129998478938	0.257524060392223
0.35625824353070934	0.39705286843827886	0.24668888803101185
0.3538670082534352	0.3984088846654669	0.247724107081098
0.36088642915234304	0.3975429505801547	0.24157062026750234
0.3475879675731872	0.3968544842715348	0.2555575481552781
0.35867742834028044	0.39437395655151075	0.24694861510820892
0.35827517373122897	0.39551992883573867	0.24620489743303248
0.3437416715898192	0.41342692835912775	0.24283140005105308
0.3525315124618274	0.39416424052113597	0.2533042470170368
0.3501197565398871	0.4007043348498152	0.2491759086102978
0.35266164230965463	0.40802418089988024	0.23931417679046524
0.35837206955961315	0.39960327692598185	0.24202465351440514
0.36272969286467305	0.4091622889321936	0.22810801820313348
0.35349917512875656	0.3977358890989109	0.24876493577233266
0.34867847057553536	0.41298462261189406	0.2383369068125707
0.34643222390282796	0.4100542991006231	0.24351347699654907
0.3437475182588881	0.40678600252083835	0.24946647922027365
0.3628504713254781	0.40930736604201995	0.22784216263250207
0.3465084103422501	0.3927214446919365	0.2607701449658135
0.3503570916532364	0.39869960144551064	0.25094330690125305
0.34735826540974785	0.40238123371838885	0.2502605008718634
0.35648652860207636	0.4046275847929892	0.23888588660493454
0.34721354878275196	0.4125308034192957	0.24025564779795247
0.3620295042356126	0.3968547346437201	0.2411157611206674
0.348784342866467	0.4130249674863132	0.23819068964721996
0.3586925157245648	0.3953714505702545	0.2459360337051808
0.34551766248611093	0.39436188353114	0.2601204539827492
0.3569979806539256	0.39526919701511815	0.2477328223309564
0.34371496961736286	0.40497932938470554	0.2513057009979317
0.3611165347430113	0.4014575854663827	0.23742587979060606
0.3525828985647604	0.4148678829322727	0.232549218502967
0.3492135362257679	0.41453427050170144	0.23625219327253083
0.35108895567940657	0.39626354734091	0.25264749697968353
0.3615028472614954	0.4053082468174618	0.23318890592104294
0.35059982307310683	0.41044754187068344	0.2389526350562098
0.35752583794267934	0.4106037120492093	0.23187045000811146
0.34472716594416997	0.39281074020286066	0.2624620938529694
0.3435882327110491	0.4141911582827072	0.24222060900624381
0.3541435820529487	0.3996607251646004	0.24619569278245104
0.3481706449694359	0.4142369581531895	0.23759239687737474
0.35761106832889467	0.4087310742114404	0.2336578574596651
0.3467892907635692	0.4151774585371267	0.23803325069930426
0.3487711929684186	0.4091948240755887	0.24203398295599285
0.3581688107979712	0.40453257775983875	0.23729861144219017
0.35971951356671505	0.4027562728777545	0.23752421355553055
0.35457936244503446	0.40893400359560833	0.23648663395935726
0.3498962566399199	0.4006518224999975	0.24945192086008272
0.35101140709244316	0.41472325679760136	0.23426533610995562
0.36253869764861707	0.41083394851195243	0.22662735383943056
0.3417367748706328	0.4084248480020727	0.24983837712729468
0.350673301386018	0.39189391723143324	0.2574327813825489
0.34870248803496295	0.3936685406155033	0.25762897134953383
0.36044394331610946	0.3938046520424665	0.24575140464142414
0.3498972866983532	0.41500045793502827	0.23510225536661866
0.34202444205222654	0.40274622585298686	0.2552293320947867
0.3465297809979669	0.41521730348188846	0.23825291552014477
0.35188367010002924	0.41585739356141854	0.23225893633855235
0.35940229255775585	0.4150564092950452	0.22554129814719903
0.3580783593768392	0.4157837392908823	0.2261379013322786
0.34987249283949956	0.4057697992130042	0.24435770794749637
0.350660155324658	0.4132467329757787	0.23609311169956343
0.3478137144867513	0.4136446467864761	0.2385416387267727
0.34677602379064854	0.4023439397217255	0.25088003648762613
0.3473415443202243	0.39470305635702385	0.2579553993227519
0.3572004103995017	0.4062197068886131	0.23657988271188538
0.3442797227811797	0.40708377045551664	0.24863650676330382
0.3449155880273263	0.4042836449599059	0.25080076701276793
0.34855835843088	0.3987209585530143	0.2527206830161058
0.3610744946670892	0.40733953458308103	0.23158597074982987
0.3546881503892709	0.4133544007688743	0.2319574488418549
0.3550090990570255	0.3976311561405266	0.247359744802448
0.34883880060085115	0.39220096510459246	0.2589602342945565
0.3605043109750948	0.41290176409796475	0.22659392492694055
0.3440384940493161	0.41588491073791395	0.24007659521277008
0.3586280577243065	0.4106042154934207	0.23076772678227297
0.34731189633730836	0.3931042626118589	0.2595838410508329
0.35657431454853256	0.39396650054889876	0.24945918490256877
0.3419788100992857	0.399790243916402	0.2582309459843124
0.35536200909112065	0.39836280258798745	0.246275188320892
0.3509291395231	0.40259096700871366	0.24647989346818644
