0.03556055695764693	0.13196223090176315	0.07451913108249937	0.03597019106775044	0.07184745327177124	0.16773789700463415	0.09265153469791151	0.02133721220090108	0.28816177068071214	0.08025202213440996
0.046675017087111456	0.133240165437225	0.04065213977426603	0.0353393029745232	0.07389335603856392	0.17506434800400192	0.09405050489911193	0.023943409887224848	0.29789752669778485	0.07924422920018684
0.04418451033815968	0.0786824250679394	0.10189952299598456	0.03785568472232403	0.061389243786199026	0.17561909574270707	0.09958998924101878	0.02605560645103125	0.2974013439656275	0.07732257768900869
0.04672436365748265	0.14166878744315162	0.048051206738918224	0.03884780183920165	0.07197214309734154	0.17052120091028414	0.09603972026755181	0.021909276248139403	0.2861764145714753	0.07808908522645366
0.047878237789423676	0.1363134768776401	0.059465345770000545	0.04687901442467291	0.07364914674024844	0.17814091331594023	0.0846276481710018	0.024373687547853615	0.2706859492696932	0.0779865800935255
0.05001759546126345	0.107271045500384	0.08380830263198502	0.04323019009246671	0.07183011990178889	0.18401334305855852	0.08803511223579805	0.02543638540913086	0.2759129713034811	0.07044493440514335
0.043526642683098304	0.10544326226042838	0.10318231355963162	0.03431269318788083	0.07358242287069207	0.18495081068546673	0.08974058620220245	0.021615519853120588	0.2717291179985723	0.07191663069890675
0.03522364773969515	0.10165405234219643	0.10843073800224189	0.04112196454040361	0.06563303274588654	0.15578074812865367	0.08905834848827708	0.025574939490576237	0.29269921071715677	0.08482331780491263
0.03585864237586524	0.09299576028990193	0.08101513672297007	0.0430862931130195	0.06478102025998878	0.18161915113543725	0.09693965067168171	0.023073991073342057	0.3037838600125012	0.07684649434529235
0.04664092324656737	0.13046749682382414	0.048731514290888386	0.05095993638011734	0.07172265869727278	0.1679632835220951	0.07846525840035778	0.02410423660848071	0.30331538357609317	0.07762930845430321
0.05152548133217266	0.08507021566812503	0.087458889084466	0.047826951775703196	0.0642745609358023	0.17330878207462008	0.08937234650638398	0.024493089118150818	0.29867801994225585	0.07799166356232007
0.053659305280877936	0.07412079622728023	0.09788588016877393	0.04908957404848323	0.06988033270119207	0.1800234992878594	0.08517334629312348	0.02175338017470138	0.2931804565585957	0.0752334292591126
0.05373001801199196	0.08436221955084197	0.10602071795111301	0.04900694483271616	0.0617990772766574	0.16228802493952385	0.09557220016853979	0.021338611004364613	0.2910231924504525	0.07485899381379871
0.03594809889776615	0.08703110871246816	0.10831506027001339	0.05052742134218455	0.06477359702404506	0.1674661945509523	0.08035319773747265	0.02423179098057887	0.3019694106692034	0.07938411981531546
0.03612147751601069	0.08323203160054676	0.11504398276627925	0.04391345752669711	0.07146413776119347	0.17803373484281515	0.0825138581676909	0.021474389185990136	0.2878635613238122	0.0803393693089644
0.040816087632560366	0.07643177930886574	0.10141327661687594	0.047386404125643926	0.06711736602845342	0.15465380329156345	0.10074902827749145	0.023844833696547982	0.3066125074731207	0.08097491354887698
0.04925132772262844	0.06944736693841855	0.12379305922772808	0.0461904242970839	0.06352318752753394	0.1822791832068167	0.08330165148869319	0.024143758913137747	0.27645124175461255	0.08161879892334696
0.051334111439996284	0.1938033172392355	0.03996942850842026	0.04193320680613542	0.07373598382656896	0.15414593777664554	0.084946103439684	0.025041541384417915	0.26339232659241646	0.07169804298647967
0.0455378413708643	0.09065580390953937	0.09415869725536263	0.03664490090515919	0.06824632148800927	0.1646857359716447	0.09656571056827114	0.025459913916919916	0.30371996526339495	0.07432510935083445
0.05110372899804955	0.13511015916243457	0.04256471576536393	0.050045970752424535	0.07082940199846918	0.1704968279051466	0.09848183276378937	0.026225136913238106	0.28141553850385287	0.07372668723723132
0.04245210283772965	0.12491033066649032	0.09556518893759623	0.03461386996399744	0.0679750468781325	0.17498625347499858	0.08923633950500652	0.026134094678860423	0.26777488431748464	0.07635188873970372
0.03511555430258617	0.11320580648988701	0.0848988735951956	0.049706404286247285	0.07551307740376897	0.16572256311593642	0.07903961606119728	0.02599431092768177	0.29198803476343865	0.07881575905406087
0.03528577624100718	0.1009927060607841	0.09191436000819353	0.03312526992680184	0.0758620510980601	0.17672669201027752	0.09788361066745413	0.024625812185403606	0.2911739208985717	0.07240980090344636
0.03904839580470027	0.09243348748478879	0.11978837118272725	0.04807881486647662	0.07585816924399391	0.16262155535031497	0.0897493222356465	0.024706131606341802	0.27634183065095513	0.07137392157405473
0.04289999332092923	0.1086386431037283	0.09327906216164827	0.03075244602645477	0.0737775847263829	0.1794722430511934	0.0899922513354856	0.024507461169416073	0.2781233087595539	0.07855700634520757
0.05205507562116988	0.16265066523491778	0.06089440652647301	0.029756563585554924	0.06200093470439352	0.15486462459941908	0.08030108212305341	0.023571694493140755	0.29222132926720323	0.0816836238446744
0.04569875599739749	0.1033361155988844	0.08722796265132543	0.04450463107248292	0.06119934775907279	0.16484320655748846	0.08356319043523709	0.02088843785342953	0.30436315866390845	0.08437519341077339
0.04877254498235972	0.09017691006658934	0.11154323760809062	0.033492140232769405	0.07639772638137168	0.17516983347617265	0.09700340350731199	0.02349228004461751	0.26483021736383455	0.07912170633688248
0.036849517481805774	0.07010231133305521	0.10716658567130585	0.05209821422183466	0.067836997242253	0.17106196796958967	0.09365961673974303	0.022228184009238885	0.30520513151690215	0.07379147381427176
0.04414950291779661	0.08691677534881771	0.10115156425822457	0.04545277249167781	0.061451453551059	0.17794451317860996	0.07685029817138535	0.021727589470473554	0.30626348973171263	0.07809204088024285
0.037994085110887574	0.16323652078957407	0.044657289329301506	0.03322485150780624	0.06368799449913781	0.1551973439184918	0.09940007986540059	0.025446099757688814	0.2927139437274828	0.08444179149422884
0.052622658982295074	0.15615426134140964	0.04293238348117066	0.0538595602053302	0.06347455325903492	0.1694676584101564	0.08509512283819234	0.023375253511545693	0.28267317044980933	0.07034537752105573
0.04577831985685224	0.11909974963649976	0.03698625311922041	0.03586926579872579	0.07315937251676001	0.1829190151278659	0.10125540436924266	0.024487092942926544	0.3032717784279302	0.07717374820397652
0.04736361503504592	0.18055839390402983	0.04302306253825062	0.037465408198532196	0.07369917716553318	0.159868575638028	0.08028224932144032	0.02603075943616444	0.2714774178546438	0.08023134090833173
0.04460127347635792	0.07109906000154269	0.1077576478442271	0.04282331893658009	0.06278805318199401	0.1865034771486964	0.09125755905178501	0.02093190411326873	0.29825624445670856	0.07398146178883948
0.05349545885526906	0.12343506778348495	0.08936285384402771	0.03879380254967908	0.0632474190154729	0.1752774843399802	0.08765412246090301	0.022774500579422916	0.2649223251680692	0.08103696540369099
0.04107926066536353	0.131519564124422	0.08476333881341108	0.038844961336439846	0.07166317429565496	0.1658031927066641	0.08610448936020393	0.024013012076850637	0.2766179240908775	0.0795910825301124
0.05366104474794382	0.08919342344393942	0.11678105408119217	0.0349083865445808	0.06156961880198537	0.18497191838948787	0.10041777541051043	0.023864218585068847	0.26234666226032355	0.07228589773496774
0.04422676561317353	0.08398706135247175	0.09196546211676199	0.04683050487663479	0.07576933664816404	0.18518475505072013	0.09929741502526226	0.02244493841907634	0.2747252508184809	0.07556851007925428
0.047545508474491745	0.15864926815148747	0.08553271577311045	0.031977507254915924	0.07583583223373001	0.1606203387102284	0.08197504665710999	0.021365035479777375	0.2661653522152605	0.07033339504988814
0.04666477722771886	0.1360686936137283	0.05960699524872825	0.0498699235912071	0.0758695049223854	0.1634995060157451	0.08489795876383617	0.022083306651639392	0.28108610146271584	0.08035323250229554
0.03870368712975681	0.1746240412910077	0.04645975918676331	0.03008210228353586	0.07186581566028326	0.1781397234617966	0.08955777354877072	0.025095324774526945	0.27111036001535566	0.07436141264820317
0.04207393043711176	0.13603427655293687	0.09994740986406611	0.038155019581138816	0.06655089655453472	0.17255540822591173	0.07879856831887465	0.0244438396327519	0.2634322789322603	0.07800837190041315
0.036140465507849856	0.12559730520083412	0.08103493286408363	0.035837308730471557	0.07448590222472237	0.17525505404079303	0.09722024579315394	0.02569908472132587	0.267988504254708	0.08074119666205763
0.04597634908560249	0.11022207079768868	0.06298046607337768	0.037517985870147916	0.07197876226349155	0.18196542975334357	0.0785621379269158	0.0262684562613099	0.30438394693325876	0.08014439503486366
0.052435936133201154	0.11419744916362823	0.0978363946049669	0.04700776262406098	0.0686491468946254	0.16761978062245508	0.07810520962927077	0.02103677768999976	0.27615307107506626	0.07695847156272545
0.050320388523905114	0.0872951326434119	0.11090643535557557	0.03320991761569843	0.07652226244567026	0.18469426349108	0.09570612286993344	0.022490827691949156	0.2617996498032814	0.07705499955949471
0.046469147544789785	0.0794613009250496	0.12064373119964808	0.04405922675999227	0.06441916175122908	0.16379866816934097	0.08583627882961936	0.02406545725777129	0.2878473561248124	0.08339967143774714
0.05322269990435688	0.11655078681032449	0.08027879244693933	0.051038031954115	0.07434754265614821	0.17681496164073252	0.08513703829816374	0.021065648377461263	0.26865636572893264	0.07288813218282587
0.05036898417539235	0.07648190662545748	0.11394726237002223	0.033207627116810565	0.06949205594057005	0.15430462698016062	0.10046770779122059	0.025660881884059267	0.30505954702900656	0.07100940008730022
0.047510945551853354	0.13806832082669748	0.045522847211454734	0.04680147690711885	0.07544398484379883	0.16710837971186332	0.08217689316104004	0.02106250809707462	0.29867092063157585	0.07763372305752289
0.04284719694677743	0.11528042228385169	0.08865416908657825	0.0400136262562053	0.07578623492866163	0.15326403206502984	0.0833349327402991	0.025612343274821356	0.30426423333331154	0.07094280908446385
0.05097562408738952	0.14417227251623282	0.05054543022340136	0.05368802070430884	0.06935469158915868	0.17656321376909467	0.08289431704108324	0.02301510970874554	0.27338387835719374	0.07540744200339156
0.041356363585280304	0.10477213482974045	0.09872016065802153	0.03944032974512242	0.06401550608685541	0.16114915741393954	0.09565047181178424	0.022664781710410947	0.30180218654490626	0.07042890761393894
0.045778505059165836	0.15143414568522323	0.056658877602433655	0.04493482147355707	0.0687896016428797	0.1754937208580203	0.08664196862735002	0.02312402612644994	0.26383603037885317	0.08330830254606707
0.036489228507873075	0.16523170589087383	0.04832369922375083	0.04908921782823868	0.06378471234913502	0.16439318793651247	0.10022523610265663	0.025417959027665665	0.2654430094325655	0.08160204370072825
0.04872123521087865	0.16176353623690554	0.046753005031062264	0.03708228161514043	0.07217496136865607	0.16864185702337062	0.07972313995568327	0.022040486777003057	0.2785796811995992	0.08451981558170088
0.048249345334705006	0.12735196922192424	0.05727945184878032	0.049831645552875274	0.07313879981581368	0.1540349215444123	0.09188607440160396	0.02616474934523247	0.2969429396323849	0.07512010330226784
0.041544924063929844	0.15508556636035914	0.06643594392899327	0.03037202403632952	0.07065305805526106	0.1664423380493681	0.08242312150807932	0.022065560954238964	0.2901816705672768	0.07479579247616401
0.039954285711595185	0.10185613451619918	0.08855501861113178	0.04650898405193546	0.07119368860101366	0.16052742059449787	0.0934451169091728	0.02237751530390046	0.3048732074296235	0.07070862827093012
0.04067850974751092	0.08220317494971471	0.0889834017695422	0.051338485479680125	0.07692962501277387	0.18208830094354084	0.0958605384186269	0.023796950565596567	0.2814759036039974	0.07664510950901651
0.05175201057352889	0.10293026823450212	0.09700933268258426	0.043690111748787785	0.07019212228318078	0.15871617769454877	0.07688995752681937	0.02582215241125048	0.2926667307245657	0.08033113612023186
0.05378535901273206	0.07045370354355933	0.10785722026841767	0.04801629856910928	0.07524950309917469	0.18006496566643437	0.09192145536015386	0.022156379004167143	0.2688254808586144	0.08166963461763718
0.0421625053849095	0.13391107757341345	0.06281617607297083	0.045698462734371635	0.07739231958359649	0.16258108887529998	0.08191377874169166	0.02452936992329932	0.2935397210917568	0.07545550001869035
0.05295137670664155	0.0995222288579403	0.0840412938269855	0.03691196676166757	0.06133176709241362	0.18180975961827722	0.08902726512850144	0.021006198762824543	0.2994692096334336	0.07392893361131461
0.05031626554036808	0.0823324989542325	0.09740897521406404	0.04321364109920441	0.06773452752460216	0.17878735545714033	0.1017992451529423	0.02545069477696972	0.27559323341433023	0.07736356286614621
0.05022979455818032	0.06602694009714888	0.0907709181969195	0.039396033616433054	0.0752281249126552	0.17821666776351938	0.09739777559482218	0.022620535979054335	0.30376308328856244	0.07635012599270474
0.04183991644768528	0.10895998146706497	0.09824396031392678	0.04431897748757599	0.07783479837194998	0.16155565232716496	0.08890683314702778	0.02440616706926585	0.2718808978695427	0.08205281549879566
0.04362114411092758	0.11067513071172115	0.0667557098285186	0.04387901565086229	0.07726655581723707	0.1844218444249356	0.09627021344260597	0.021498653365930903	0.2728442400354679	0.08276749261179292
0.04011163944303075	0.11130290296015723	0.08474991148420571	0.030655313991117206	0.07006937571649448	0.17690373138498217	0.08987497391623639	0.02135963414375089	0.30273795144285426	0.07223456551717089
0.03561574147680953	0.19335871566450274	0.03890393329053031	0.03491816935512511	0.06267187275289068	0.1536047264340819	0.07666726600833355	0.022392948140386656	0.3005219589613343	0.0813446679160052
0.045854183586531	0.100969383102956	0.0864589850413651	0.04750900123997323	0.07691762951286027	0.15295840011736594	0.09508447177201713	0.02133835065554318	0.293260996049879	0.07964859892150916
0.050417761812947506	0.09745445145327412	0.059575421683103716	0.047678495783598354	0.07710697383308449	0.17174966110879208	0.09915586281375713	0.023323890902907457	0.3028662873309023	0.07067119327763287
0.041237940214078304	0.17599361077666525	0.06609129767842135	0.0400282045369524	0.060168778323143046	0.156594092427154	0.0775959050161685	0.021683636295813394	0.28162068533270607	0.07898584939889768
0.05312074909698463	0.17514579781812534	0.04383060961753172	0.03498703358414415	0.06412710292394158	0.15744550646201383	0.10020485490208741	0.02318235533443981	0.2774328863252156	0.0705231039355159
0.05018145251704964	0.16320711963032802	0.040528828019665564	0.03583098667297617	0.06670323743182646	0.17425035676619471	0.08852902875264751	0.02116552672385455	0.2773446042520645	0.08225885923339293
0.04732279110675769	0.1825102571933945	0.056593298815221176	0.035461135075981864	0.0741604296270629	0.15240395943507176	0.07715327426345328	0.020939213991510913	0.2807083898412265	0.07274725065031942
0.047288356744914446	0.10854221051998594	0.08190594873793137	0.04515367685705733	0.07041625313983019	0.1702767791842135	0.07843624891646137	0.025640750702842163	0.2891460910110142	0.08319368418574953
0.03939752645997247	0.14612250617065292	0.05584795409853788	0.04082324836203394	0.06624907569956026	0.1779227667652817	0.07646742979729591	0.02135501244295454	0.2958247348201114	0.07998974538359903
0.05175036920404659	0.09462785622446572	0.06810682944970485	0.04575506685515275	0.06704696983580893	0.18447000291737392	0.0998928507681755	0.021566859032504104	0.29017078307609634	0.07661241263667126
0.05349044940214708	0.12061098466691533	0.053870388918909204	0.043384566729796806	0.07726768358006621	0.17081951489687303	0.07997933608973566	0.025507997622922676	0.29489639375047005	0.08017268434216399
0.04252193781235374	0.09547622233575495	0.10798711470332259	0.03670552594521745	0.07669642837790029	0.16932736627855066	0.07965343190163443	0.022037980889768036	0.29831379757463566	0.07128019418086215
0.05298165932799088	0.15435909478119966	0.037503778635096	0.04931619375079358	0.06993551262609835	0.16323990455242215	0.08671623338151266	0.024784077201234572	0.2859789849808539	0.07518456076279825
0.04310692212835475	0.13833391120070584	0.10430615110452726	0.03287437803770697	0.060818706651395195	0.15375963336617327	0.10013837371621143	0.024897724282402042	0.26184826644019676	0.0799159330723265
0.039080854153358	0.1269656265986161	0.05452255642728932	0.04090047412029118	0.07501473887785721	0.17970125702528217	0.09077356451633914	0.02083487403142925	0.2880440055955437	0.08416204865399393
0.04812390405795099	0.17488325467642019	0.04217473100341273	0.03713624537340052	0.0734394935429263	0.17124826928475773	0.07962379412752249	0.021567431778249282	0.2687819899847955	0.08302088617056422
0.04023895302268983	0.11401921702846492	0.12043307782312072	0.030931697537813663	0.059977934800715664	0.1621489152986437	0.08986173960139865	0.0260357972726441	0.2761874690168187	0.08016519859769002
0.051752731956653086	0.07216393672952426	0.10838811931257986	0.05194810265888845	0.07192808556689056	0.16687052660327595	0.10043111453737485	0.02399985314228667	0.27146225073862645	0.08105527875389991
0.05169219187762668	0.1030189434813953	0.0927495582117582	0.04693179636064707	0.07216172308139693	0.15846306276678418	0.09180534429826742	0.021551426021397826	0.29039679716438743	0.07122915673633894
0.042562680242325374	0.10907704179260437	0.08943334639578376	0.032687807984516384	0.06652170679721553	0.18626900497835228	0.10130322473311294	0.023352958606039545	0.26771584055325004	0.08107638791679976
0.048542542477672805	0.11547739660454982	0.06446403573102794	0.051055276051327196	0.07466959248810012	0.164391006018625	0.08022304525686474	0.022014535792808113	0.3063280016621804	0.0728345679168439
0.03532024462752953	0.14673075097374996	0.06928769674221244	0.05113000057341852	0.06971490522950244	0.16863846384401388	0.07742636017816279	0.02274684990783242	0.2862928445001947	0.0727118834233833
0.05279587850404435	0.12337549946224637	0.061839215465395204	0.047356094103431313	0.06217272538257591	0.16191830672189927	0.09767822144347638	0.025589321127880565	0.2838319195562732	0.08344281823277747
0.04189381297394199	0.14075449645751023	0.06781510406351333	0.04145890005645542	0.06333978387991238	0.15945806823425607	0.09425953640561198	0.023797627041292943	0.28431853402919943	0.08290413685830628
0.035146024610427526	0.11314301276814137	0.05855027281596225	0.03453494805646948	0.07726677465590485	0.1833816314519662	0.0891610997601947	0.023040797229074345	0.30344325381788984	0.08233218483396948
0.053832013661811284	0.08977632873126228	0.09945899689654507	0.049960516366653496	0.07152859604619177	0.15463062285981488	0.09254718182482985	0.022635063923225826	0.2808729523299802	0.08475772735968531
0.04108688439774905	0.11720854764544139	0.09445548893480159	0.04845099303352934	0.07473462101817163	0.15877934815481695	0.08815577719187125	0.02108007785184199	0.2729446516015686	0.08310361017020819
0.05350808221474736	0.10764676746640667	0.0911494475318715	0.030331887800357477	0.07301304746149517	0.15390755290548205	0.09284425184578261	0.026389353659398554	0.2934606215594568	0.07774898755500184
0.03751489411732645	0.13825244216636945	0.06246557150826763	0.04984875038976408	0.06716142815727724	0.17720846650754443	0.0958583063938156	0.020649896866384215	0.26974900436154187	0.08129123953170905
0.050498725035563526	0.080770623284231	0.11377868367298996	0.04634994769780951	0.06819386629639446	0.18097027493035528	0.0840483810622101	0.025888083230989817	0.2734349421030615	0.07606647268639484
0.050923539011898236	0.12377831494025276	0.04184353792592773	0.03312927535412165	0.06703956307581467	0.18615573859811219	0.09466177313664614	0.02390707767528194	0.2965791616173936	0.08198201866455103
0.042189637692049954	0.09528816864360477	0.11335325731193376	0.0397197925597035	0.06626377928410856	0.16159362399707045	0.093803158725677	0.023338842825479572	0.2907075985991444	0.07374214036122799
0.05282445339144426	0.10705429472630262	0.07380449766550906	0.03936046326749276	0.0695676405106986	0.17813142956165218	0.07576440435720531	0.02080378794716614	0.2994042132786344	0.0832848152938946
0.04590227378515106	0.12467474740687078	0.08318261049065843	0.05227478473460123	0.06360991442997581	0.18142984799447445	0.07811355885452753	0.02611799501212221	0.2633046495605358	0.08138961773108273
0.051751272773121006	0.07547822551156572	0.11618325085525649	0.032485008873260404	0.07689587775969087	0.15683403900332227	0.08697865513404325	0.023520931386070046	0.30640578513090705	0.07346695357276287
0.0427808713941648	0.13131292401007896	0.09052352905968492	0.036060731581634364	0.06021276741254727	0.17736893813796997	0.09469920127833774	0.02506421896526717	0.267736688640425	0.07424012951988981
0.05294654974625012	0.13992729885929148	0.04897803675815044	0.03695038251956616	0.06683875594080457	0.18400363762189365	0.08493515763523564	0.02436051378500774	0.28471852333111963	0.07634114380268059
0.04801311491154563	0.08545994840111104	0.10334273745122578	0.033892720425748216	0.06613568653376067	0.18513293220682028	0.09883486180617775	0.021379837719935485	0.27340248976149106	0.08440567078218407
0.04915122284093757	0.13691404125218615	0.0756545462554537	0.03523319902927094	0.07770057619441648	0.16045195341355795	0.08700972868186664	0.02143240051725774	0.2774498310428368	0.07900250077221603
0.0351319901028056	0.08060558454547537	0.12058307302475738	0.03482756405877652	0.06539149179581724	0.16862768007241766	0.10008287909347974	0.02446077416470835	0.29530546811867664	0.07498349502308553
0.05191923222007345	0.11855258184953237	0.09262308594937486	0.05006851420630903	0.07335210471454993	0.16220281633981173	0.08009462852009688	0.023805236447464476	0.2671450388954287	0.08023676085735856
0.04167537457146248	0.1500441502700249	0.06992979270476514	0.04268828504317587	0.06475025347597582	0.17391677914051423	0.07996296233485965	0.020730132032998685	0.2802017258991875	0.07610054452703573
0.05426403820939424	0.1282480993582965	0.0686232507041779	0.048135142213339734	0.07661967130540615	0.15378387628422557	0.0824608786396532	0.022364841338565394	0.2816991270599213	0.08380107488702002
0.05182450191326248	0.17975959836909494	0.040741065290805074	0.030464054069986826	0.07551878863211252	0.15353803217694387	0.10099136542742777	0.02497765721973437	0.2652616084631896	0.07692332843744251
0.042265502238220426	0.17583907080059982	0.056176100487859405	0.03752223675161706	0.0677307187679893	0.16547855710456333	0.09529983503146781	0.02558135749662313	0.26249316965443487	0.07161345166662483
0.03875610164545549	0.12400394014701925	0.07707853189376276	0.03420583432046108	0.06855775381656382	0.16656009421931484	0.09281308306880974	0.022124898920701352	0.29285352057623115	0.08304624139168054
0.037048276282747414	0.16378192959318652	0.06329698966299943	0.04376234580763204	0.06519725385945088	0.15903784344802036	0.08123480107611392	0.0254724314609769	0.27923925747351236	0.0819288713353602
0.053606482070949625	0.10737662349875737	0.07113300365313266	0.040079594962846216	0.07477663630540143	0.18538276950472743	0.09944650097606374	0.02442449893271234	0.2618824434048688	0.08189144669054035
0.03743276255990392	0.15050016394330643	0.06492922852106005	0.04481630692806771	0.0699971706997828	0.16026757261578084	0.09801421422783799	0.02474121077846546	0.2676620086773309	0.08163936104846391
0.04714687090466932	0.14590935196660854	0.05058248230833208	0.048379068941002135	0.06530383755954952	0.174005648312518	0.09124514303550318	0.023530841787979734	0.2824425904529022	0.07145416473093527
0.04892958156425793	0.18814873528821457	0.06139868933798416	0.03432019237075232	0.061937759948062665	0.1578162290619857	0.07631590157637332	0.024792773131332935	0.26548463462981914	0.08085550309121722
0.03754506738156775	0.09472449295157796	0.11892762964394907	0.042987047794214465	0.07727066965925874	0.16726173715897313	0.08130932678491454	0.026185866495666177	0.2727964920831386	0.08099167004673956
0.0426055159744459	0.1431284517757976	0.06399234261479803	0.04195762401638346	0.06730382741210998	0.182943505953651	0.08375780778748476	0.022819858837359708	0.2747541466477112	0.07673691898025839
0.049998985754922565	0.08155085479547221	0.06166834542505114	0.052454743070652024	0.07130736821953676	0.18543056956875711	0.09757013253533862	0.025009052124142533	0.29191109034182866	0.08309885816429838
0.05170789130482058	0.16099561697282436	0.05131935696737873	0.04346731363215954	0.060938618869823886	0.1709960205904681	0.09222350159907217	0.024807398319009896	0.2693450075810146	0.07419927416342813
0.03654904914955273	0.12635336754127902	0.10583064793036658	0.0349877082883398	0.07743088571542914	0.17661136594239812	0.08324865125681492	0.024974799091786612	0.2620970843266595	0.07191644075737359
0.053095707188096024	0.08125717904500364	0.08162970416939659	0.04798230818967417	0.07441198324334984	0.1659947711973616	0.10080549158444138	0.024077854849713004	0.291266052618042	0.07947894791492172
0.05185745337613078	0.10873810006741218	0.09000306465640273	0.043554673428202524	0.06834358379962639	0.15617473248413383	0.08942913347948143	0.026106058438319632	0.28649934697135016	0.07929385329894031
0.03717281996693267	0.13388456281404998	0.09292231386801103	0.052053822185253	0.06214442538825354	0.17028653965319096	0.08286788925529436	0.02629540043697977	0.2670154942712927	0.07535673216074207
0.03681172224710033	0.11445306166386988	0.11647988464674332	0.046750367603932565	0.07083470594870703	0.1575877682049116	0.09267782836511541	0.022194076459650894	0.2720613422101178	0.07014924264985119
0.03935967889618792	0.12209667139588902	0.10138945494540572	0.05065081880497105	0.07445363687023861	0.15508735773054821	0.08163435036452794	0.021304729377757153	0.2756795570377803	0.07834374457669414
0.053854230561235714	0.10927344719941089	0.0891745964445056	0.04351738552500252	0.07075769623549909	0.1685059070741559	0.08701429560873301	0.026227519701363472	0.27512213010098796	0.07655279154910585
0.05390404387659453	0.06796880037256423	0.11126890776219604	0.034230804811460014	0.07016006871922538	0.17823044734035765	0.08882025971917991	0.02317607831755447	0.29298592919671723	0.07925465988415056
0.04354047056986114	0.1114177136805502	0.10794057151530369	0.044370242620033	0.06057156941410349	0.17041020799421475	0.08986963076707359	0.025753735084777296	0.2625240152205556	0.08360184313352725
0.03857529813284615	0.11559255496020962	0.07313596217062208	0.050334841693986665	0.06433199230394207	0.1819638890426668	0.08020691215304965	0.021740522310947613	0.29268648010953363	0.08143154712219573
0.03994342439493719	0.09026652194503232	0.10563698181118965	0.04116833727637427	0.07503534057338537	0.1858058572674751	0.090739546614884	0.02333750012571123	0.26370398679157364	0.08436250319943729
0.04298755285212818	0.14658938316662545	0.08065920957335061	0.03098697431938502	0.07177168467821006	0.1759718113455706	0.07795580920120311	0.022193400986900688	0.27694329903753506	0.07394087483909118
0.03958578979669107	0.07905444375741738	0.09422057256269005	0.04881523126282667	0.0763384127868639	0.17591780472101215	0.08659814003605132	0.02274031972253658	0.30472866212635336	0.07200062322755757
0.04706070110539459	0.08421170961979021	0.09255231844760277	0.04234814602179721	0.07108950606476397	0.17611337629841822	0.08061898923318986	0.025502212420971268	0.2969602166932414	0.08354282409483049
0.041501999392892425	0.11660432221199803	0.09634469669870181	0.046247830961143314	0.07619535289112818	0.16835448966845093	0.08327640986561036	0.025900039646728434	0.2720959792043303	0.07347887945901622
0.03771905893545914	0.13388677492501574	0.09848926785300624	0.030423791313479637	0.06944292673753666	0.18087293409164198	0.08708357955684409	0.02502704365630526	0.26641995553433107	0.07063466739638022
0.03805393090399857	0.13509623443243085	0.047585062980155836	0.048434285352793933	0.071168707313465	0.1538042993399638	0.10166530042186098	0.025984418776811263	0.30306918692723184	0.07513857355128796
0.04737134029313842	0.15853357002351917	0.05435057370183288	0.03410992234629602	0.06891681083836318	0.1621686588027655	0.08172680268187557	0.024692408566402757	0.28960463021325306	0.07852528253255348
0.040275312244260016	0.1043965511803184	0.1075638780613848	0.03010079529146155	0.06679260634739392	0.16996153521990226	0.07693515238475179	0.022314362615547492	0.3029072189002656	0.07875258775471422
0.03574607713185027	0.1569358139677785	0.04126890675457501	0.046779221252213274	0.06930466231131273	0.18127995582850231	0.07832675137311991	0.02258301399327993	0.29306713478306945	0.0747084626042986
0.05165292581909752	0.062083796903230015	0.08667743210409093	0.041774682201738855	0.07120143335738825	0.1845663070735697	0.09985741071491357	0.026465980492036315	0.2945612142962848	0.08115881703765007
0.050263854018089055	0.1556277978051994	0.06012336140701069	0.03523150856832882	0.07490648783617493	0.15555558714236511	0.08425652513055898	0.02084881886194624	0.2903402920404275	0.0728457671898993
0.04406770312006738	0.14992099216235905	0.044647571279050655	0.048454207998209264	0.06687148271513793	0.17563930397315702	0.09054835639172935	0.024488275511722765	0.274834057075044	0.08052804977352258
0.05096705342785797	0.10835640168709842	0.06409999653169549	0.05379947193971897	0.07277674097415777	0.170757414925574	0.08741686324028292	0.022495466244862497	0.2859552863894496	0.08337530463930232
0.03818258806510949	0.1281586396838464	0.05476202091743524	0.044958290717892965	0.07789809181067145	0.15965857775594822	0.10050578420887744	0.02504727632173924	0.29157667202276477	0.07925205849571482
0.043292316672097694	0.13555287559091167	0.09003736353638496	0.03474253608203905	0.06959920117855482	0.1524753366369592	0.0958537033402773	0.026272634654986665	0.2722133967167298	0.07996063559105891
0.05158500789071691	0.12097060537809273	0.1095053973640075	0.03778804372106349	0.06210395603338791	0.1579399554717405	0.07856937733200177	0.024958421782839135	0.27516960958164366	0.08140962544450639
0.047047472016855364	0.12497473011288578	0.06940541207231851	0.046893252125748804	0.06110287524773425	0.154849324920218	0.10075865552280214	0.022939410945186922	0.29866415393705775	0.0733647130991925
0.03793837973410352	0.14515549114372503	0.08873355192946253	0.03912499774209199	0.07269003764691742	0.16271746549544291	0.08426446507597618	0.021041001641421433	0.27705423395384404	0.0712803756370149
0.051147956201329475	0.10401115035258698	0.06071237266650861	0.041735746891738326	0.07710059613603748	0.18648907201483303	0.10020832048639129	0.024551711704781695	0.2827264284412583	0.07131664510453481
0.03507030381914121	0.1355846664283771	0.08179568020097541	0.04877602067162747	0.06777961258663318	0.16291095119773624	0.09905476475357855	0.022211547293029196	0.2720718590216391	0.07474459402726252
0.05167993240277541	0.11549813524214494	0.07882173754623478	0.03511619371244033	0.0751125173941825	0.1681768914511187	0.07803502517490668	0.021874060553819352	0.2970398481406799	0.0786456583816974
0.04082556586166303	0.10712807829653812	0.11024771070211067	0.05390065669986788	0.06489342335165457	0.15505126075263914	0.07947205599592702	0.02558625986043571	0.28647059381885337	0.07642439466031048
0.05092474651852863	0.0942174636638854	0.08650983400350572	0.046505323561394314	0.06640035846679171	0.15961608605903357	0.09269696050046823	0.024220198899087178	0.29650230282281537	0.08240672550448988
0.05082038913770675	0.07759964022956815	0.11801108564768063	0.049257556523475535	0.07569862607708346	0.17705536648251247	0.08694727612059915	0.02210731030651053	0.27154804973813634	0.07095469973672697
0.04635971137999486	0.13439823714169596	0.049103383240664565	0.04234386349799113	0.06658173058550665	0.16331884224916038	0.09087293532604673	0.021366216718205502	0.3041685850050465	0.08148649485568774
0.0446735546473063	0.10342169898826999	0.07531575373154051	0.04848309970521781	0.06839430827913914	0.15378377581713482	0.09714089819382467	0.023392103954187685	0.30667338420152057	0.07872142248185848
0.04875338217565783	0.09382054820077454	0.10490202910179432	0.049070064531093166	0.07626724387223405	0.17887726740555482	0.07893441749520541	0.022903424317382876	0.26943955505256056	0.07703206784774241
0.04293521327273159	0.17961829988904918	0.05397710096944472	0.03425787156290444	0.0749663934715433	0.16813442520476773	0.07963651537793717	0.02417434612720107	0.27151252798159914	0.0707873061428217
0.04807311048567662	0.1286827390130497	0.0438056200277725	0.046425653773532215	0.07130353254730112	0.18434673384538802	0.09518682334217779	0.02119324623655794	0.29051576934020124	0.07046677138834287
0.04032807949423601	0.09225200157325897	0.10982545627586983	0.052265127886819474	0.06261660499692745	0.17280570192603006	0.09445962071030176	0.02438051310868826	0.26790596307358644	0.08316093095428174
0.043539635001983275	0.1109557638025337	0.0873571435427766	0.042102596548913865	0.06489660283419772	0.1717480715001296	0.08554845569637516	0.022192971688573412	0.29038562779511967	0.08127313158939697
0.04948694827139268	0.1728893221035574	0.039378631069602654	0.04111623490233171	0.06983920965471105	0.17498975027608765	0.08237698019835688	0.025408618474587127	0.26844560297773007	0.07606870207164285
0.05029638187029214	0.059131241108718154	0.11688614005421644	0.040831048399502835	0.06090613257644809	0.18536181390200507	0.08072622268528605	0.02257226400787192	0.29852453409840024	0.08476422129725905
0.053149242081818135	0.13946644983763257	0.06798998953379382	0.03483769636237821	0.06359699246543626	0.15789616320365463	0.10171453306115649	0.024492981972304928	0.2740272081476765	0.08282874333414846
0.041991619913579456	0.16791539707124506	0.05118884627478528	0.04329694133179294	0.06671817786430109	0.15219107828841483	0.08991422717988035	0.024901964757983397	0.2792588403378865	0.08262290698013108
0.048549013508072225	0.16593347422683602	0.05200593579403791	0.033098640166359536	0.07239170321191107	0.1581954092609487	0.08898818828131658	0.024990701563884346	0.27999176646541063	0.07585516752122298
0.05340964755068022	0.11139767813763984	0.05020804635344829	0.04749505630916727	0.06809738558355634	0.17697751873049514	0.09873782411261767	0.023257550969564555	0.29901101084095755	0.07140828141187311
0.04471107695820191	0.08515067468388991	0.09905226149171388	0.052764755916634196	0.07699304961066603	0.15199542082308454	0.09573390447008766	0.02320343311562406	0.2866032847228178	0.08379213820728007
0.052097731874737624	0.13502562325665188	0.08995871357832087	0.03671038089879275	0.06376448096437573	0.15889322556693267	0.10175685104902722	0.0206893642300523	0.26854792609034844	0.07255570249076052
0.039289874889666294	0.17320178986711732	0.04222137437520693	0.035207012991476896	0.06116414885744244	0.17050451231032776	0.1018084914344472	0.022332918947008534	0.2801694577705201	0.07410041855678653
0.03589669757581794	0.13228723249513136	0.049088681215334794	0.049207648166373984	0.06638528184374333	0.1841258754648349	0.09400228397580634	0.023894436189871124	0.2939225125328592	0.07118935054022703
0.03866794631870912	0.1255279706240236	0.1049826924183306	0.033437253874666256	0.07582618042124195	0.1628828968327266	0.08351919494050226	0.022929028436784807	0.2814649058379819	0.07076193029503292
0.042774687731982876	0.15141933273743174	0.0370107803927764	0.03782771760325991	0.06877128168076393	0.17974207484616944	0.07986591202225395	0.022598505853607564	0.2989097242896456	0.0810799828421086
0.046224245674211996	0.11901778484108816	0.05739733374400708	0.036749203719842846	0.06160997345795399	0.1857669511144082	0.09804219650987946	0.022730188353817363	0.2914728223936819	0.08098930019110905
0.04127800325039246	0.10381394703690593	0.10534104115587985	0.05161602349523471	0.060910296063852155	0.17485424778391526	0.08225006469975621	0.025865160337801993	0.27676894262994456	0.07730227354631686
0.04711227025012902	0.08008187255664305	0.10244947431001708	0.04421510162276373	0.06009064840310017	0.15852996133702607	0.09801908873026711	0.0239044024351623	0.3008871868002271	0.08470999355466437
0.05173442314425309	0.061435788798420744	0.11363300100991457	0.04789552151708391	0.07244864730674977	0.16893995342557167	0.08380844335571908	0.024592591083239954	0.2980309041533804	0.07748072620566684
0.049139774556113396	0.10044810232162284	0.08493682599148628	0.04469960580228706	0.06466173603992818	0.18360469966098525	0.09509143884735718	0.02402611657404498	0.2741267081358929	0.07926499207028198
0.04266789147220864	0.11842191634924332	0.106445785625045	0.033792168717868304	0.06931958093465514	0.18590945120923108	0.07639923194501895	0.021964571260363275	0.26826717673713496	0.07681222574923127
0.04499852363699074	0.18521473203927605	0.04200892891266305	0.038642075674419636	0.0649961805715259	0.15989199770519005	0.09589048829596136	0.022364592223674956	0.26791199667886556	0.07808048426143269
0.05297949886352926	0.0878125006767396	0.07565258176930034	0.030882142200408996	0.07690065696846896	0.18304355509858414	0.09562821233112409	0.022366914683830758	0.302953116559305	0.07178082084870882
0.0519983966453162	0.06781664861311805	0.11920681372924763	0.05291818502075229	0.07242641808042916	0.1533726905954979	0.08305844477876353	0.02635218511524122	0.2905066630151173	0.08234355440651672
0.0509762137747024	0.09040286299016098	0.09710114511125434	0.04969922689590168	0.06021114747286885	0.17961655637909263	0.07754928090648441	0.021534779472988264	0.2986711269986769	0.0742376599978696
0.03771288112833912	0.12720261091393376	0.0902553710573886	0.03220883023904175	0.06524744462168948	0.16252029891433895	0.08614030686885399	0.021889896649107413	0.29391734514308676	0.08290501446422023
0.051981773740222975	0.1336491162879094	0.038218719175005654	0.048681530369326036	0.06566271344966156	0.15760037781861763	0.10007562322713046	0.023860196194699132	0.3012398103014764	0.07903013943595075
0.0423648717356076	0.11123449009762224	0.11079042133757949	0.0345247055926958	0.06095230610709207	0.1582190737926454	0.0868836265391468	0.02571578530408672	0.288861913441126	0.08045280605239784
0.05236249353910483	0.06381154718708013	0.11435020075245869	0.04477253558127704	0.0673795732053772	0.17434196782403588	0.09408150975919065	0.026381035262203867	0.28617628950425	0.07634284738502173
0.04435881012517299	0.1337191059534964	0.06075668563902049	0.0539400954551438	0.06923847161395452	0.16601255175961777	0.08544074010778638	0.021307746698899996	0.29019849881145365	0.07502729383545395
0.04337381517913744	0.1527728250928267	0.04261864160570114	0.04926878554142315	0.07369226588268801	0.15291376021270225	0.09530789462829152	0.021548607038855153	0.2911866751806923	0.07731672963768231
0.04555767399253986	0.14292174814989567	0.060788838621141865	0.037004790973551346	0.06759495261484721	0.17772652188737859	0.09778587177335075	0.021050136449555737	0.26909347959349234	0.08047598594424665
0.054248430373135294	0.15223632267977297	0.06913976785211445	0.03262325936278093	0.06775526255675746	0.1520980339159943	0.08126038480494521	0.021402133678683738	0.2932945041027801	0.07594190067303558
0.03849025632995347	0.16861448733040976	0.05586891777583796	0.03608107279337783	0.06348293361641379	0.17113413020195298	0.09436697925657521	0.021620447341179516	0.2671722611799267	0.0831685141743728
0.048856988481141506	0.07808889343932233	0.09674746618646529	0.05175196920406518	0.06998371998699698	0.16729359260870874	0.10188990702372433	0.023408915050916315	0.2805440162534364	0.0814345317652229
0.04023651686797539	0.14654675456051505	0.08040474143809395	0.034885855940622365	0.0720290975099041	0.16324978722229858	0.09412216976425201	0.026013511318218704	0.2646530351317615	0.07785853024635833
