0.017051596845849476	0.048529046288986744	0.20448026910440525	0.027413796473177834	0.10193485352018437	0.48952819539202763	0.09352654815922765	0.0175356942161409
0.010384794219547688	0.025613466898067108	0.2272565510574715	0.026214098135690714	0.11483029001029668	0.4306036064467137	0.1435677267946386	0.021529466437573752
0.01427533524396217	0.05836680774078305	0.1781962779643389	0.039349314653295206	0.10472809762420322	0.4704584953338081	0.1116834822865998	0.02294218915300933
0.017162376129106247	0.025741504757522474	0.17322493001857586	0.03826839766258376	0.09165029299940863	0.48388575534805467	0.14574254524044827	0.024324197844299927
0.013568748420322685	0.05292440206564693	0.16142319566915303	0.031071274163211024	0.12218733810291828	0.5195174391049205	0.08365492016647028	0.015652682307357058
0.010456134835188202	0.045615230166280676	0.14025542280078945	0.023837348385119236	0.11663057082524675	0.5295145642847452	0.11101574946902971	0.022674979233600637
0.016408216994945962	0.053521620391955876	0.17598634179196293	0.023919673469500052	0.13336046752734665	0.4918503305691705	0.08518074433331402	0.0197726049218038
0.0121857447711336	0.039049367172540705	0.16611597280803184	0.02509461349858276	0.08843312284789667	0.49535445448796267	0.15113799499865657	0.022628729415195087
0.011299507527407215	0.03873305088346504	0.21328430441834745	0.03789350976203201	0.08040979993032099	0.4707468757040707	0.12791902559084387	0.019713926183512517
0.014718581956333049	0.02623334109269161	0.22313605096823408	0.033805261059117186	0.07465306529656537	0.49633989806243783	0.10610460452347517	0.025009197041145653
0.01134013604314324	0.02909441111951122	0.2024691094259061	0.03947944701052658	0.09961681292721289	0.46713226486685344	0.132608255862596	0.018259562744250363
0.016873013356353855	0.04941269384734458	0.15001086528750252	0.0414395193236389	0.07919656719081175	0.5205454111797989	0.12182733006426169	0.02069459975028759
0.014868083025304957	0.056110587087608965	0.13508699588504589	0.03992556333520046	0.09976111061886493	0.5050492505191742	0.1298142026757828	0.019384206853017713
0.014740518534387764	0.05972876371669264	0.12210096484396764	0.041288742296356096	0.09050799751990085	0.5139548716082143	0.13499089111198587	0.022687250368494685
0.015465509438001526	0.034409710961188764	0.11753463284046904	0.039491993773810435	0.12608585940953523	0.5199602077102221	0.12280541656925946	0.02424666929751329
0.011763234060443675	0.04256055906674418	0.16788800266540066	0.03593692784448323	0.13572064041011633	0.49186083888503007	0.09421383161859273	0.020055965449188917
0.01304858380320914	0.04035772974870455	0.26921267180229247	0.026858713722969385	0.07660059375174505	0.4640995071712295	0.0939797946925265	0.01584240530732331
0.011828988565942208	0.048340170477728664	0.2472329473046026	0.027773151146529396	0.08797597679974839	0.3930158556207789	0.1622362582870825	0.021596651797587185
0.012820964140907082	0.042282061973148016	0.29213249615672976	0.023375525047875073	0.09977887177756453	0.39987119264689275	0.11410103819233339	0.01563785006454918
0.018484885152375258	0.0471284785585315	0.24041000144965877	0.03810937164394845	0.11927589276371976	0.40992301417066457	0.10772542213162897	0.018942934129472483
0.0161171495299169	0.036558969523975	0.17867920574891769	0.04327546825696248	0.1235212797166752	0.4233493847842482	0.1562087363560504	0.02228980608325401
0.01779354424256628	0.027514276258482906	0.21298621875933732	0.026446093585255875	0.08899453147641216	0.4842605036623422	0.12433068112406886	0.017674150891534263
0.018829968741912867	0.05177427888677957	0.250071616693718	0.03246028486631107	0.073356876795172	0.465656146388562	0.08492331899949723	0.022927508628047003
0.013671716412545401	0.03749790081126081	0.18517656768318871	0.039872936990501026	0.11127338653625256	0.46468088346109193	0.1286327971326543	0.019193810972505054
0.014009596576129144	0.054954126419239316	0.23816131079815267	0.03905858935752006	0.1030998349949161	0.4197290145098429	0.10667243303073537	0.024315094313464236
0.011611133741004198	0.05445583724296846	0.24398430308881713	0.039251203856308634	0.10337729637810882	0.4311750116617157	0.09087853211765157	0.025266681913425446
0.009957283616407589	0.04864327463681678	0.21105679591568166	0.024877788701860137	0.13496450784414793	0.4683313582155849	0.084269631000086	0.0178993600694147
0.017605449066329992	0.055410693989238174	0.15895088720237702	0.03138348285690498	0.13224832867037561	0.4593505571487997	0.12194236764098143	0.023108233424992894
0.009918797839133131	0.0265780585210056	0.1618699282977284	0.037619389845365406	0.12345183780748786	0.4913358839193953	0.12561480935597324	0.023611294413910897
0.018458288340752	0.057755827060636616	0.19878001979030455	0.03591471310690425	0.07086944144757687	0.46587037523401775	0.13466932808202267	0.017682006937785183
0.015543872545178847	0.029227360243238354	0.21220734616426626	0.031391701721544846	0.09811145046451206	0.4934365957996858	0.10223343771639223	0.01784823534518143
0.011724796236633722	0.03481826862282149	0.25136448985821375	0.02568902786488024	0.1026766995805588	0.4528443168171541	0.10304488500168016	0.01783751601805761
0.013652246365867093	0.027855135320038443	0.14895418000678867	0.029288786217957552	0.13148395716311148	0.5202560081584485	0.10389637029134945	0.024613316476438538
0.01254976789789003	0.03613635381642537	0.25646253917921874	0.02524408390948557	0.07413837317276756	0.4330519804881733	0.13852804163120092	0.023888859904838328
0.01828914785415628	0.026971769858155845	0.27960897351556313	0.03270515197071752	0.1182546164012333	0.37901122341721616	0.12057213722362073	0.024586979759336866
0.01572629595322017	0.032806957659680794	0.23574817737717346	0.037954336471344594	0.12941452735877274	0.4309751304839615	0.0922575933015477	0.025116981394298854
0.015379604445461895	0.026757064148119902	0.2008310921846814	0.031416794643032125	0.13117712157459935	0.44200495866074474	0.1295159466809773	0.022917417662383116
0.016211867509329944	0.05164694672341481	0.18550336690992625	0.027361626965769298	0.0905465660012509	0.5181965982073398	0.08491268637048174	0.025620341312487152
0.015907088442969924	0.03811059040863386	0.19990689169604517	0.028720606448266267	0.08657456999145878	0.5055339147933389	0.10952395715483954	0.015722381064447344
0.013341507284547444	0.040925235180855696	0.17545699127553607	0.03675741253925094	0.09415847771009164	0.5228722065948964	0.0926713822394924	0.023816787175329174
0.012710077039816553	0.0442103883482145	0.17145398758894437	0.04206095660599951	0.07213523837551564	0.5141326363505253	0.11746011965795802	0.025836596033025933
0.009630996857384028	0.048965799618957376	0.22722166319940734	0.02429672603787554	0.09609561652414245	0.4775337778218943	0.10063367469122089	0.015621745249117941
0.015588974748000903	0.03666794405793161	0.27112515970953577	0.03759605377386145	0.10655303348430811	0.3921691444043579	0.12387351858029856	0.016426171241705617
0.014930524474656134	0.02417892116539072	0.24200830356453887	0.030040220413472013	0.09850347381142321	0.42704282108594016	0.14753236960549576	0.015763365879082947
0.013691329781342784	0.03996360104077827	0.15941072700865583	0.026764936124591868	0.13080696338447756	0.484706760043642	0.12042607788945127	0.02422960472706026
0.017214607651650032	0.031105151320194382	0.19354155990643085	0.040968971234785864	0.10200247384911867	0.484391481813523	0.10926336066800307	0.021512393556293863
0.011472168507324187	0.039648681718778916	0.16423056259308486	0.02923536078761249	0.12472249313567654	0.5040680384266255	0.10715332625936803	0.019469368571529228
0.016868701629294505	0.029814437497052218	0.18418795143825648	0.036073564221106774	0.08274144447395637	0.5293018122354328	0.10549660337203882	0.015515485132861856
0.017286449115695462	0.023009923434412577	0.26039252586070816	0.030340108411650413	0.12573631139419503	0.4190538496989922	0.10686515156674184	0.01731568051760418
0.01387388541082668	0.04124819379597865	0.21639789881564137	0.029346140434124757	0.13325547864138826	0.3907479681310634	0.15485344570523488	0.020276989065741782
0.012812763408161648	0.05424869341993312	0.2669495967824773	0.027156059850632727	0.10381981895920059	0.40599852431468963	0.11030334792663646	0.0187111953382684
0.015008208723396393	0.03951769658880243	0.27763010852585834	0.042971297888461796	0.0993837226452548	0.3853938283177545	0.11929452663369661	0.02080061067677491
0.016001255093341785	0.05985902827539444	0.1787915625565425	0.04016872284130124	0.10169394338715289	0.46223809627171997	0.11885950462221637	0.022387886952330655
0.009538092456410269	0.048201518513427216	0.25826947863229455	0.040151185479678886	0.10750582892557453	0.3916657519180107	0.12059232241576155	0.02407582165884209
0.017391834741294465	0.02395814802037316	0.22855836301959068	0.0419254293771604	0.11822873741796477	0.4550706853818173	0.0893291649897077	0.025537637052091375
0.013723661623465652	0.028851596868311055	0.26190521417761387	0.03978926883277244	0.0869871427155334	0.424184501362751	0.12057664125662465	0.023981973162927855
0.017254188938977427	0.040069867270119214	0.20590840817229655	0.03376504352961113	0.1340821007523691	0.4545916122529263	0.09306020518004	0.021268573903660076
0.011823670790396729	0.05326387247762318	0.25913978752878214	0.03295514310354007	0.09497279978538437	0.4111133841998702	0.11303090994540116	0.023700432169002056
0.016790218235763266	0.044739126634184806	0.22746093361760522	0.030286117460663925	0.07416986395622391	0.42368891605092707	0.15931235847035233	0.02355246557427937
0.01590821984759827	0.037415168543199095	0.266806404616701	0.024311606076421702	0.09752237909592108	0.4197603045004207	0.1213934673403408	0.016882449979397085
0.012449338270957483	0.028594380527887583	0.21404700919844144	0.03302987628649744	0.114446685137406	0.4532899157800869	0.12341371682814337	0.020729077970579532
0.016654877111153724	0.033376142708634496	0.13652774488366165	0.038769173923070374	0.11728530903739433	0.524667423878128	0.10656383276270585	0.02615549569525133
0.018312089497050252	0.0572296176849635	0.19261608028164648	0.03271796330699418	0.10239606461818292	0.478786201558684	0.10198833271473452	0.015953650337743847
0.010265313108429888	0.04624243919935918	0.267377888054271	0.034897206127531666	0.08348222304260389	0.4414916713231418	0.09507801312234439	0.021165246022318063
0.013404173324621849	0.03839158756327507	0.19221979848785165	0.03605431077569446	0.11722009128021978	0.4936828194592471	0.09053126464089659	0.01849595446819334
0.011835920744219519	0.05497044445579463	0.13560226002976894	0.02531183514246807	0.12779542086364035	0.5109433888493301	0.1178713410727483	0.015669388842029952
0.016704793232204057	0.049776130267068355	0.14085625613278646	0.04025975478066195	0.08650876458379024	0.5185191894805407	0.12992537848636515	0.01744973303658283
0.014695634359725387	0.02514218405738504	0.1802231580484071	0.03811201971015023	0.08510243801507603	0.5180655618325334	0.11436952749252467	0.02428947648419795
0.009893834550326636	0.057495011674482746	0.19285120457921567	0.035862699534140785	0.08929752600317212	0.49946365768078993	0.09788506963596016	0.01725099634191185
0.011106493080990945	0.029840206337001407	0.15902192553366812	0.03879353495914646	0.1305050077267447	0.48968934664694885	0.11655131378104445	0.02449217193445484
0.013847971753931848	0.026420813092909806	0.14349533456592667	0.03611273740796077	0.13195392744131465	0.5198410214467845	0.11055620237644267	0.01777199191472889
0.015600170178674863	0.03126598338822001	0.128662931771107	0.029476036086863694	0.1089727985669819	0.5178216851514169	0.15174444446434315	0.01645595039239217
0.014153609414875909	0.05796619509944512	0.12566282807018886	0.03649512425120641	0.103581152976399	0.5288301851973001	0.11432204179285324	0.018988863197731132
0.012708231135038314	0.04038841879223927	0.18082798210644221	0.026257009256650712	0.13237813844782773	0.48446512246656204	0.10607472233339657	0.01690037546184292
0.015103155977096855	0.053937562807251566	0.14075760003835655	0.02801955158806929	0.1037940043378558	0.49977935658568695	0.14214570364799525	0.016463065017687614
0.011363605830194953	0.026709851036042787	0.20985273221643094	0.023716849082450198	0.09424700611333965	0.4524689481679447	0.16306744025205339	0.018573567301543206
0.011129764569468056	0.030253945097081555	0.17245403861657688	0.023046420290162142	0.10335041857641958	0.5089138167400584	0.12665865081363661	0.02419294529659656
0.017338529627101404	0.03992842288458254	0.17225577460014788	0.03622357503654201	0.0751313799900991	0.48257985121390745	0.15291999994066538	0.0236224667069541
0.015506453765802175	0.03060988442152847	0.13185824821470327	0.0380897392760982	0.11451928942695017	0.4832166512877568	0.16802164484660181	0.018178088760558875
0.013870627049885273	0.03347269146723053	0.21969933973870026	0.02717968464670542	0.09664302331035107	0.4916377237675029	0.0979228507088997	0.0195740593107247
0.012504031604000626	0.04936853289258705	0.21286270480975303	0.040083041639521866	0.08209579366391238	0.4610196419990622	0.11777911157449657	0.024287141816666163
0.018036877072718144	0.0544933514024587	0.13118619704129267	0.023271901660274055	0.09735468253052164	0.5195387475438521	0.1397384981498788	0.016379744599003807
0.016329051372395237	0.04346888368788715	0.2125054989390371	0.023411254891491012	0.08665758454326786	0.49787281095408675	0.10072186014354792	0.019033055468286805
0.01819215704518269	0.03449023925129702	0.15728420302000928	0.040599867966706935	0.10418719635252946	0.46176354082730175	0.1611453125751731	0.02233748296179959
0.015564898281234793	0.03007891569536464	0.12741003695633354	0.029023022870726098	0.13135067223986496	0.4962839770491315	0.1517548560504312	0.018533620856912902
0.012512121983161414	0.057785291588207	0.1732869477163906	0.04230542319008371	0.09605511888617137	0.5110251447026846	0.09095087780339409	0.01607907412990696
0.010518069010219636	0.04146573946328104	0.2872654538785765	0.03946601634244297	0.10559023127451429	0.40203862055576667	0.08851934624477067	0.02513652323042792
0.018812545149587023	0.03294333383858861	0.2752640225454028	0.029792036540537775	0.1173275097707299	0.38037286834625306	0.12498691833502615	0.0205007654738745
0.016436528223396085	0.0583318428468495	0.2801278501154656	0.038388046168672155	0.07204541877142778	0.41013717870664856	0.10711257754865314	0.01742055761888696
0.012563143217342698	0.04239664802295433	0.25734638969697876	0.025313672205337992	0.0863023059234696	0.44463121338699374	0.11190575958595783	0.019540867960964867
0.010913090229160594	0.04358139273935695	0.227258119558035	0.03460887929099396	0.10540864985121658	0.4369225964235377	0.12125606569506359	0.020051206212635453
0.012181056199611767	0.03919164675410221	0.20709235608003967	0.032431601572099525	0.11867868903887487	0.4595485299615435	0.11161372585403385	0.019262394539694416
0.016213640188640133	0.02485873170588307	0.1966457177921177	0.03776369137221908	0.13033030814156632	0.40765666274648293	0.16750170079474874	0.019029547258341814
0.01073345530691533	0.053446823139811056	0.1623991493910794	0.024538971111636096	0.10416103385204772	0.4563432589158125	0.16805323038644	0.020324077896257772
0.010711788620014207	0.046613873944388415	0.15824349127567872	0.04206940212314876	0.1055814260687227	0.5206462561735514	0.09965348114532568	0.01648028064916998
0.01056198061889338	0.05301652668824833	0.1728469126393933	0.029638281914953934	0.09220720922361227	0.482890484142508	0.13388889963898382	0.024949705133406788
0.012693912366737656	0.04047548478994352	0.1779666615886384	0.04328365638055766	0.09981271923104659	0.47394313346382666	0.1313523786831501	0.02047205349609918
0.01102417578471207	0.05405556365149097	0.1820581358150863	0.025895761972536208	0.12736414794660525	0.4138975278168895	0.16690505787813986	0.01879962913453971
0.013888657404907218	0.044626360424204634	0.17693229136252037	0.04163424111939426	0.099364656991233	0.4671647984519266	0.13568333914505926	0.02070565510075449
0.010770921036370423	0.04069020584539118	0.21628809612603214	0.04040327113450852	0.13029435147970977	0.391323712441499	0.14774240834692393	0.022487033589564914
0.012897217823193016	0.05021209609388022	0.25408819370025637	0.02527833320017328	0.11928721891791493	0.40705511875493083	0.11061424814303461	0.020567573366616507
0.011364056683543317	0.05670593721724253	0.2177919255281539	0.03466171658634645	0.09150592632605409	0.39851862389884496	0.16655622933628836	0.022895584423526266
0.017453246172593112	0.0301523001926471	0.16955478987221467	0.03410766268544252	0.13191414106910276	0.4412383791962954	0.15253193018370165	0.023047550628002553
0.011119399576120834	0.05578242298385033	0.17860119866030605	0.04095921918597209	0.1028211413252251	0.5020853570965602	0.08520120258904187	0.02343005858292342
0.01870814091114087	0.038167732626608095	0.1531704178987931	0.0255708158985576	0.09480610478236803	0.515136937987311	0.13677358765574996	0.01766626223947125
0.013858027278331242	0.025212900453612713	0.20005068667870657	0.03966593169142338	0.08708494800938858	0.46446381357684685	0.15372950083457174	0.015934191477118748
0.018812718649467736	0.03757992089868435	0.18112480790142468	0.038000806824098884	0.11857875085538291	0.44967515535229363	0.13042593462566004	0.025801904892987518
0.01644648531656384	0.05459483818982132	0.22619050402540763	0.03034604831074246	0.09568192590355162	0.450851129538999	0.10232002754876475	0.02356904116614912
0.0183623867125091	0.02693862523840615	0.19592700988307407	0.03327077009740523	0.10325447521937	0.5095638474302079	0.08882753861271754	0.023855346806309824
0.01213288843617974	0.04293525318376684	0.1457075804994744	0.02551087950470461	0.12965451390163607	0.5024146487673722	0.12344504525198391	0.018199190454882053
0.014151451303343901	0.024691471733665524	0.18880716729046573	0.030287857197830947	0.11649299256822204	0.48742154878345156	0.11919511042879825	0.0189524006942218
0.01094066644353947	0.03582005773878405	0.14457564049309501	0.0369029350868053	0.1329950166669299	0.4905297266467372	0.13140688796976807	0.016829068954340817
0.017677923460986206	0.028152500867279634	0.22481283323747434	0.02968972321821127	0.12642498096006197	0.4316065634019346	0.11689794467426734	0.024737530179784417
0.016402458187049412	0.04374816325565481	0.2260874596086356	0.026592207423838207	0.0932824492932733	0.43530237709142217	0.14111969031362867	0.017465194826497665
0.011218834616792517	0.04664501297237361	0.2554082490811836	0.030128187658030034	0.07085169493144516	0.4752371209956887	0.08631259578594394	0.024198303958542305
0.016336601878403023	0.041867308658132124	0.1899353751711271	0.03369249410267433	0.08601700419606893	0.49396004023806295	0.11503952813583654	0.023151647619694835
0.010343629557161574	0.03375286073291392	0.1380898091282382	0.03090483582934378	0.083510902569294	0.5166960397491052	0.16344554168142844	0.023256380752514738
0.01584982625820279	0.03780237950088196	0.17363912446356572	0.026361669569691673	0.08322009232820934	0.501050554309004	0.1418114351743425	0.020264918396101783
0.013456939490689851	0.034310049120505726	0.15989474858355976	0.02473785246172408	0.13587507153491887	0.5159443118871887	0.09826156419103019	0.017519462730382712
0.017804324921537787	0.024811508132732377	0.24088321293940784	0.03707978001116642	0.08508608159821153	0.43458225003052964	0.13688445000866808	0.022868392357746
0.00979826957210024	0.027260045777015823	0.24420463900244746	0.03765469167683258	0.10983975386980387	0.38453337239737073	0.16501916475404127	0.02169006295038789
0.014963329832624328	0.024579674740036417	0.21293873040078667	0.029599291247713294	0.08298309536213395	0.4953581011331669	0.12404504544212183	0.015532731841416486
0.018496712432599677	0.026885363868705978	0.2063185629893392	0.03965623932653389	0.1134599960907	0.466934083932364	0.10970739020325534	0.018541651156501734
0.010486919574024048	0.03243792734726496	0.21905533312015452	0.03837057536834887	0.09991737581100124	0.46251585027646813	0.12067770686566996	0.016538311637068134
0.014024259965653957	0.03203442299513487	0.22407875380257283	0.036671481185485605	0.12681787167654837	0.44495874865813	0.10331768897242381	0.018096772744050332
0.013152098629758135	0.04577011357097009	0.19876774803845682	0.02610400276911888	0.12433795342106095	0.425228291959584	0.14342563251439755	0.02321415909665339
0.010951598852534244	0.03048826082471194	0.2643165324150186	0.038711399935567145	0.10196839586740067	0.4059442420583578	0.12982194664457603	0.01779762340183344
0.01258960017923566	0.03246191555835305	0.24572260392753392	0.03794582820463065	0.12153293422068943	0.3881318461376353	0.14271966304665729	0.018895608725264468
0.012571260282908614	0.03100564195261575	0.22388161815271984	0.04027208694024553	0.10781312644544065	0.4442281415184922	0.12317234511574573	0.01705577959183152
0.012003172372060028	0.05869664005034797	0.22285700349949134	0.02976813318906421	0.09958290482378354	0.40337795334337867	0.15354182436732156	0.020172368354552564
0.017530307707905812	0.039943931825735954	0.1840339759186442	0.03065617499902111	0.12141756848237141	0.43928119425904844	0.14800828632128682	0.019128560485986032
0.011783599133669276	0.033948877790488996	0.14010693395668136	0.03176954882545262	0.1282259667044738	0.47537990366750615	0.1533017052968154	0.02548346462491219
0.018484530828517393	0.03815379522160006	0.1632137070707133	0.03567783203273381	0.09740066410148841	0.46156398390476394	0.16823865731675186	0.017266829523430977
0.011083285552214384	0.04996021431377237	0.24597413144560182	0.032543083875529524	0.11644198462097782	0.44280814866737717	0.08316645421755012	0.018022697306976573
0.013702486126050323	0.033178902714933234	0.2819830727684789	0.028903741739070787	0.07717767217871409	0.384322484117692	0.16137225155571278	0.019359388799347704
0.013848226513887493	0.04620326838028886	0.27346411174473295	0.02555145695322815	0.08214490386308393	0.4194841521895758	0.12207439097207348	0.017229489383129168
0.01227919896931591	0.04730695475820057	0.25270451281305095	0.03707811976816179	0.09999450552041678	0.4242614912795519	0.10821676353084803	0.018158453360453797
0.010403084155844594	0.0485506787142133	0.18145252513401017	0.03500382116377983	0.08434636842454307	0.46580024048368385	0.15100680102923483	0.023436480894690248
0.015306376529433563	0.047327870983431525	0.17912165030932267	0.03778491308843723	0.07776689110907514	0.479949034612263	0.14548108142694613	0.017262181941090457
0.01884984886311966	0.03981147876544337	0.12703930181878556	0.027210016675846535	0.13428840057509261	0.5166669227545255	0.11337879750485799	0.022755233042328557
0.016420060690600494	0.03182363884756856	0.17728776526294254	0.03756031219322878	0.11096499284386677	0.49720571210841047	0.10628236578896448	0.022455152264417744
0.017394252226559936	0.03426743389219783	0.13309209750084966	0.02392771214094616	0.09017221447922738	0.5195921786568122	0.15970172117047327	0.021852389932933397
0.015238213478610832	0.03935010696588659	0.16633943047641384	0.026854223050305798	0.10181279876662169	0.5228598651502709	0.11050539693370373	0.0170399651781864
0.011612892099933117	0.05530156648933025	0.16326855048576883	0.038141724026638305	0.11196327945508644	0.5069467282010315	0.09516105053667229	0.017604208705539193
0.012920876668239628	0.04941967296204834	0.20610609264436688	0.03798926049761554	0.08749188068925773	0.4632016038384362	0.12219603018549706	0.02067458251453841
0.013493346815374743	0.04966133221541398	0.22436781227282002	0.024446942268229035	0.1037555485179123	0.4769600622692346	0.08464101137119409	0.022673944269821028
0.018917282896335888	0.0366263486499178	0.2198090061609898	0.039595218120066625	0.12221562232632553	0.41366923574884684	0.12364528641912845	0.025521999678388863
0.01102039496238455	0.0587387357149457	0.21378779023652847	0.02452457075227779	0.08354566217921736	0.4745394738119475	0.1169575919293198	0.01688578041337871
0.013016404477788429	0.03920911636741495	0.1258623496478647	0.040213183348414325	0.12060844877852192	0.4749405129661807	0.16491078024007866	0.021239204173736106
0.015764193268830107	0.031541960196127275	0.18307615357639023	0.027714712490378726	0.10375578769618368	0.5295957866698817	0.08945991245048941	0.01909149365171861
0.015643321631193405	0.04539671544043053	0.2313764189475791	0.038014525794628634	0.12866126619284773	0.392067587982566	0.12836792882543438	0.02047223518531996
0.009858541170541912	0.02790164303934034	0.1519968366266753	0.029919591730018444	0.07886483233870158	0.5161261860379341	0.16208002800659538	0.023252341050192762
0.01517847132890171	0.02385874690812366	0.17976659785152985	0.028156129741551947	0.10097271856937401	0.4834116667803232	0.14338436085267678	0.025271307967518586
0.015444813312812888	0.049258001467389165	0.2115267681162939	0.02972161497866682	0.12289394021920494	0.45323875531127655	0.0942626055230092	0.02365350107134641
0.014152081201969008	0.028034045149756173	0.13235062535814252	0.03512875631469024	0.11851399520094429	0.5147689863250582	0.13560822695536215	0.021443283494077203
0.010937540589165573	0.05392866051688747	0.141971383615068	0.025834145319642704	0.12942919591249788	0.5292091570255574	0.08490295024185242	0.0237869667793284
0.010108417010157508	0.034802793081515335	0.14904246006720523	0.030843270437870315	0.09870376489391197	0.49595351037336666	0.1585648136704588	0.02198097046551392
0.010684488660200928	0.05973386353370727	0.1798911723247234	0.03764667968842528	0.07439917599612392	0.48151034908657897	0.1353923486588146	0.0207419220514255
0.018603887528663876	0.04370494277749182	0.2267117234001052	0.03654877691241512	0.07971580295287814	0.4219010058936502	0.1547138514299212	0.01810000910487422
0.017342240867733977	0.041612806490645235	0.2356612484490654	0.026390014738598658	0.08951952426629028	0.4569032410691759	0.11727307280204656	0.015297851316443886
0.01137635089849838	0.03493366600857091	0.20749954933964715	0.024715532306971502	0.13384778478506282	0.43720781907520945	0.1324539281474277	0.017965369438611906
0.013469738936721556	0.03309423210692096	0.2213024646224428	0.03937119220231751	0.08935933281141287	0.4313255803948828	0.150586047275849	0.02149141164945234
0.01768771627466649	0.04741546485776463	0.24515231282797056	0.0303342143591476	0.07880355693573582	0.41171574557411994	0.14322075701309	0.02567023215750469
0.011642546862043385	0.056249443872563504	0.17632488463314422	0.03513072528020261	0.09656616008704447	0.4688497640085705	0.133744153280533	0.021492321975898177
0.017296906502087858	0.05734587728985377	0.16552974353018157	0.02540160256960214	0.13461753664571321	0.4422131097580483	0.13296207531997756	0.024633148384535508
0.01747252228795554	0.026268875075468795	0.2540611490330166	0.04108065406342508	0.10719049472027378	0.41031438907184437	0.12226328857269123	0.02134862717532446
0.017810016133082973	0.03992504450535739	0.22485650831361687	0.03259840439135005	0.08143411486423745	0.4326730183701286	0.14694370224610173	0.023759191176124683
0.014212478795953803	0.03107965651833887	0.277877617848591	0.024713691920293282	0.07419324239316678	0.39943079583714025	0.15930497190579682	0.01918754478071906
0.010848274040651168	0.052586297986007044	0.24571708901019607	0.029332025663415348	0.10009441917406536	0.4068905465704812	0.13642058977613275	0.018110757779050884
0.010756025046400788	0.04969001097782033	0.2438626690019904	0.02639967558106128	0.12340205446145638	0.3814237533721587	0.1390318718174075	0.02543393974170434
0.016022839501943317	0.03081137712632734	0.2744782915518987	0.03635311958505383	0.0992829074341214	0.4013623684717792	0.12122035145113436	0.02046874487774164
0.0183899721121525	0.06039897326495153	0.23871855732119132	0.029526924988339115	0.11890605156881917	0.4107488779573981	0.10078800099168927	0.02252264179545882
0.009924176277313956	0.043440614434279656	0.23922781065694637	0.027710798694645877	0.12063585762687035	0.42061950192241315	0.11858866580511565	0.01985257458241485
0.015072305784571652	0.03665316837975288	0.17614689876372513	0.03964364093539144	0.07421758788218098	0.5290237832386367	0.1131902973030533	0.016052317712687766
0.01099176137729363	0.025674915765956693	0.1694655779108074	0.03102060384263723	0.1178882738241134	0.4588826256882077	0.16180368155900404	0.024272560031979612
0.011251207177604222	0.030983022614365308	0.16670336826115573	0.024723639495004307	0.12578369112961113	0.47800140301759686	0.14477057242708172	0.017783095877580535
0.012713584973344697	0.036950212785362105	0.22580295384796611	0.023521900012671196	0.07777637078338158	0.44222067010643185	0.16367512147778296	0.017339186013059338
0.015298246889169753	0.025626015417995474	0.2270286744344528	0.03859256977925771	0.08900322999243218	0.4275111853030289	0.15210684146470294	0.02483323671896011
0.010801902500986893	0.05655461620444195	0.17513292047400153	0.042749994292618165	0.11973818220040836	0.4176571914112206	0.16053778744762542	0.016827405468696835
0.014773093152380734	0.04880578326072846	0.25148952284188586	0.02384014973000069	0.08424579815653034	0.4746227205535296	0.08396342318615177	0.018259509118792344
0.01298373676828328	0.05724053542656782	0.1904804633628035	0.038756511114086914	0.10342513118271637	0.41683038848565057	0.1612864398703673	0.018996793789524125
0.012098418510531755	0.0235171413931623	0.2426410612490941	0.03626266260066632	0.12790660013644378	0.3936719997731536	0.1413568433574923	0.02254527297945569
0.017470344801482462	0.056330608283867295	0.19711196581306936	0.02817806893117035	0.11275778335265967	0.4283771006671233	0.1418012853365421	0.017972842814085233
0.01521421563583733	0.030356921893056332	0.26631375298683413	0.025188612364372337	0.11400696692731398	0.41554111348342093	0.11740164482171614	0.015976771887448643
0.011095889996162886	0.031583427068091585	0.20456421969642347	0.04262696454652018	0.09889022941292627	0.5011121960135899	0.08425155344622587	0.02587551982005959
0.012444001837684765	0.030074002156307372	0.19952333623316437	0.027751648091902323	0.08415562801418007	0.45892312378018285	0.16645323254242453	0.020675027344153468
0.010212468935409086	0.04220071941980598	0.2197265748166425	0.03561430518187769	0.12986831819793884	0.4311635750587952	0.1109415259669113	0.02027251242261921
0.009778869032664728	0.02940717923671307	0.22499900886985455	0.024567536485204128	0.13321839407127103	0.40746199502755387	0.15435131910974376	0.01621569816699471
0.01603567073540768	0.05527665473556455	0.13910638089389507	0.03776561239473343	0.10506445745657579	0.48514917333808094	0.1415841702859246	0.020017880159817703
0.01327738513058839	0.04808209755891625	0.23134076071870746	0.03884437006339396	0.08597954790603175	0.4227927544675889	0.14446841246984676	0.015214671684926406
0.009612098891197282	0.04521529714472898	0.2438722702275257	0.03260239086457212	0.09719545287525311	0.4229836913706524	0.12216043075555535	0.02635836787051485
0.01550140460663281	0.044642425506756164	0.22330416243054496	0.02719618863358475	0.09165136277143968	0.47174122767877325	0.10426592896867973	0.02169729940358847
0.01619141377270518	0.025116571888579964	0.18420309148606168	0.043184484556148955	0.07306850279357324	0.5006553366736648	0.14222026101851518	0.015360337810750843
0.014219201991599914	0.034855881791154036	0.17495747013880397	0.03401976188641	0.09732579278606512	0.5235058140303314	0.1011166695876558	0.01999940778797954
0.015967205940127363	0.023604502354187595	0.25570029263609745	0.039618873457156645	0.07825611100854116	0.4323823678705542	0.12971643207570535	0.02475421465763017
0.012953219460999643	0.03391220179360083	0.25973530210893897	0.04044443802840718	0.11562042600909707	0.39463348278984645	0.12411745510329844	0.018583474705811287
0.01435286851035475	0.052664395106559764	0.2189818262094525	0.03353010319408181	0.08591359051188854	0.4484607582337675	0.12081735417230398	0.02527910406159095
0.015084974793422218	0.030119871720438604	0.26264237640959	0.02323235553900005	0.09385152841985445	0.4075313954204183	0.15068097680063727	0.016856520896638985
0.016021175896365522	0.03857332237941649	0.25303564550250734	0.0234055901208296	0.11626408681779796	0.41441577307036026	0.1118917697572687	0.02639263645545388
0.010000125914571917	0.0443705574498387	0.28214030910079296	0.0325550737375848	0.07929958121127204	0.3831078721122757	0.15301066231840155	0.015515818155262234
0.016942271728918587	0.02452892210009827	0.2474526746260261	0.038122678912561325	0.07097944702431458	0.4217221374173715	0.16299341265495057	0.017258455535758804
0.011067988785119054	0.045967207370976426	0.16791832226070702	0.03589069425991441	0.10831319202030681	0.5189562447739967	0.08872521976685846	0.023161130762120855
0.014004834048014683	0.047355158979991915	0.12941355347339578	0.028866579665351583	0.10455575386736043	0.49335477488064716	0.16634893725998978	0.01610040782524849
0.013207790636640196	0.026232917476605153	0.14597010964688892	0.03542970512639253	0.08968124510113251	0.522954227718004	0.1441607415372967	0.022363262757039773
0.01001555051378096	0.040678462352809114	0.20362820727335135	0.034835312534434656	0.11259186463409679	0.4295566230434913	0.14716463797113824	0.02152934167689742
0.017841250046175844	0.03198155834739079	0.22675200413746593	0.03678075250053055	0.11546734160669919	0.4252709064230703	0.12463834879645877	0.021267838142208395
0.015306824446611744	0.04496025928922763	0.23532929534683966	0.04153979334430544	0.11022557825118796	0.4060917709148243	0.12757282405243642	0.01897365435456666
0.016803928500758986	0.04887612528013312	0.233958704299787	0.025469653647839735	0.07333173236911616	0.45229535403586296	0.13357434090657544	0.015690160959926383
0.012056882694185811	0.045990363086924974	0.1555720493255617	0.032868729938821256	0.09832501019544973	0.49742745378752673	0.13647076009504938	0.02128875087648019
0.012180913556163547	0.028951509581544244	0.18877014345140353	0.030023313277429478	0.10140435758241845	0.5018400487787621	0.1161700860688458	0.02065962770343266
0.012684868206712094	0.03016924303971734	0.2052131293229946	0.04034348331710187	0.09576408838436004	0.4325219450513925	0.1647968317345411	0.01850641094318023
0.009543888761013725	0.03681682783451551	0.2523571989790205	0.03715555190615921	0.11092736867387792	0.39159710554755567	0.1420812547290845	0.019520803568772824
0.014572002527273475	0.05555574598349469	0.22879573812734397	0.024527165255419064	0.10171782594001116	0.39637286327744214	0.15785492805571036	0.020603730833304884
0.01704293065471267	0.04189653159925223	0.2592537971911969	0.027198153142426615	0.1006606929415855	0.4172934042782298	0.117774841986201	0.018879648206395067
0.018517833504938436	0.03427297041059893	0.15513871159492987	0.031476451569187575	0.13484728967265225	0.48391066961538665	0.1254153183677911	0.01642075526451496
0.01320222877066729	0.03292511863499431	0.19180689667553977	0.040517509121016454	0.13581755588027353	0.39919990715133447	0.16018123718748334	0.026349546578690597
0.014193945860794532	0.029330001076155937	0.1749368360069718	0.04165651494958458	0.12774097321055894	0.4334034736363994	0.156745067042827	0.021993188216707565
0.012951939099402121	0.031241754568469088	0.2050834551752802	0.03415984565013809	0.08090325288191616	0.49901430532790025	0.1143680125481987	0.022277434748695174
0.015864810517120215	0.04699271640827914	0.1538966295970079	0.034889433017179214	0.09958560759383361	0.49087116415732834	0.14054238878099018	0.01735724992826121
0.01439155423009271	0.0493400280823946	0.21575129684287375	0.03628228731379701	0.08311475447447689	0.44055732075285203	0.13779140911433274	0.022771349189180085
0.010564721336847355	0.024798513004537573	0.2030976769627234	0.030809248176908263	0.09244403648045212	0.48412448536064634	0.13671023027075033	0.017451088407134357
0.01266819516943829	0.03966129587152552	0.19113480631182378	0.03386475044408399	0.08505331616348052	0.5068186303455262	0.11141863936188444	0.019380366332237053
0.01804017225538726	0.037746790606855415	0.1197451736165092	0.034763061056699227	0.12828993583564058	0.5063433643182201	0.13026561523515595	0.024805887075532135
0.010334632644918268	0.04638091541437207	0.1304084748028778	0.0366777865296041	0.11874060436207177	0.500374112972579	0.13858412616492072	0.01849934710865607
0.011892717373233108	0.0380032729676992	0.18248216991695348	0.024127312278805713	0.12960055946877322	0.46003150125758174	0.13721335737357057	0.016649109363382722
0.016676699378827764	0.043744965379469425	0.20316204003412086	0.032590042641902	0.09617953582970833	0.49485729880964346	0.09588899509496883	0.016900422831359063
0.01554896998578853	0.048064319772675085	0.18426603714583828	0.03553651352183512	0.08916127562368814	0.4926874949297497	0.11052546077003089	0.024209928250394003
0.012151384255867467	0.052355823238500895	0.15145864279575716	0.04004778333401293	0.12171371790126434	0.5191448668407811	0.08543534980726664	0.017692431826549337
0.014076432394003469	0.058884727118072674	0.2123631428520933	0.030019298789343563	0.0740620855428086	0.4992976859833389	0.09338491785651964	0.017911709463819703
0.015523640359317303	0.02515930902880527	0.19323963655102416	0.04202318112793224	0.1293599083643023	0.479934147675098	0.08846833727546709	0.02629183961805337
0.016817796008259875	0.04364060951551971	0.1593223857833172	0.03896286195633976	0.1015267720255053	0.5207685208543515	0.09465908362651829	0.02430197023018818
0.0149300375833228	0.03915061385093031	0.23104037602490352	0.027188108773100975	0.09802526330429583	0.4481910711197825	0.11997521189968592	0.021499317443977886
0.017895834447571493	0.058950051997489025	0.27799185748941213	0.024438351400569047	0.0785997896503064	0.42145917227203655	0.09682642182124923	0.023838520921365944
0.014348714473377988	0.045230236211175834	0.2573710806854932	0.040932277077514984	0.0931918955583825	0.4211664296602198	0.10203411794896207	0.025725248384873486
0.015605035638440054	0.026702979011479597	0.2554820968106488	0.02677022854985904	0.1317811143657422	0.4222094852159324	0.1039807460580445	0.017468314349853298
0.009852702734361896	0.050211593457601345	0.2328232206231553	0.03663702451920796	0.09984056853790403	0.4652186418321733	0.084199374521095	0.021216873774500974
0.014254508268587762	0.028430090849875952	0.23359381521357564	0.03890481357680789	0.09688541086530171	0.4735593471093369	0.09372365049379852	0.020648363622715354
0.013813867970440777	0.04863567388236842	0.24800854433711908	0.025122520430158696	0.0979730646120805	0.4022621127447573	0.14268732977378165	0.021496886249293412
0.011939465884405018	0.04026781284303815	0.1877774107867752	0.0394782122729658	0.11598852747500471	0.4663912286817815	0.11642592995737572	0.021731412098653757
0.014068691594447236	0.05227588518263225	0.18499324654562144	0.026437256675058543	0.0842166206227282	0.4566233282117652	0.15722097533271012	0.024163995835036742
0.016765852734643816	0.02789126042540019	0.2537710881557914	0.04210546294440423	0.13049819714220787	0.40993661175439444	0.09592463259735937	0.02310689424579851
0.012018435820702084	0.053196735709208506	0.21488349544886648	0.027726947715713116	0.08175154772731005	0.4330337988689582	0.1601149399108221	0.017274098798419277
0.01128853348764458	0.030292818332104038	0.2313968930405884	0.029033848934374995	0.07439552042399314	0.5028984347302576	0.09890383117725911	0.02179011987377799
0.01886376862220443	0.028180497933004187	0.18076676136381326	0.027535045071732114	0.09067026195020716	0.49375563290011837	0.1357709007725784	0.024457131386341924
0.015937352073042282	0.047517417476056936	0.13784255926916578	0.0262276439269388	0.08527257333470917	0.5184940879708508	0.14957812330207426	0.019130242647161677
0.011343422814416387	0.03820891262246934	0.15748392258745503	0.026139330973823274	0.10848775595693329	0.5218076517270632	0.11271069291517227	0.023818310402666895
0.018904938675041116	0.05575795714707853	0.11535529901736735	0.024296491884257726	0.130412136527558	0.5082082081711313	0.12981553169753268	0.017249436880033095
0.01605040002252986	0.0448945591606737	0.18779264350252683	0.03960081706056165	0.12246039967229229	0.457562213449911	0.10920990565902969	0.022429061472474865
0.010318407486882897	0.04880165374531327	0.1628579690470551	0.03171478704749511	0.13006226335089857	0.5105344255912824	0.08530678676966674	0.0204037069614057
