0.3753461323086426	0.37528004619821026	0.24937382149314724
0.37536526621990124	0.3752672427170893	0.2493674910630096
0.3753527279767665	0.3753041811244607	0.24934309089877293
0.37536977661038	0.3752690300385649	0.24936119335105522
0.375374178529917	0.37527486993940146	0.24935095153068168
0.3753709170462411	0.37528315298995907	0.24934592996379995
0.3753606420634922	0.37528990854130767	0.24934944939520026
0.37536818325650073	0.37526567579602527	0.2493661409474741
0.3753536101194301	0.375296166961196	0.24935022291937406
0.3753617651029451	0.3752811529322738	0.24935708196478118
0.37535636939045974	0.3752809712395216	0.24936265937001878
0.37536183185745053	0.37526186537327305	0.24937630276927655
0.3753823259556249	0.37525428516402887	0.24936338888034634
0.375364305553881	0.37529166913337064	0.24934402531274846
0.37534608019891974	0.3753010272037324	0.249352892597348
0.37536993131171	0.37528626756362693	0.2493438011246632
0.3753795237182955	0.3752738444113998	0.24934663187030476
0.3753507157795304	0.37530107663334333	0.24934820758712636
0.3753528299541049	0.3752771893041015	0.24936998074179373
0.3753548268702669	0.37528760154634877	0.24935757158338445
0.37534242796245165	0.37530141394927385	0.2493561580882746
0.37537851878880096	0.37527186875852925	0.2493496124526699
0.3753701146699887	0.37528532754045824	0.2493445577895532
0.3753548953196727	0.37530120252759663	0.2493439021527308
0.37537623769639006	0.37525995157802444	0.2493638107255856
0.375342150698337	0.3752813650574932	0.24937648424416997
0.3753539764194191	0.3752776397006523	0.24936838387992874
0.37537200257019865	0.37528404745895133	0.24934394997085013
0.37534508156241514	0.37530019748105015	0.24935472095653483
0.3753570367154174	0.37529057669515187	0.24935238658943076
0.3753559293741081	0.37526861152468927	0.24937545910120273
0.3753530363372778	0.3752907802709791	0.24935618339174323
0.3753707964082309	0.3752710614673217	0.2493581421244475
0.3753496343870458	0.37528884269857304	0.24936152291438127
0.37535840581181157	0.37528579147304963	0.24935580271513888
0.37537828190983125	0.3752791075130537	0.24934261057711515
0.3753781993678561	0.37526263226298284	0.2493591683691611
0.3753437173087187	0.37528075677297595	0.24937552591830542
0.3753615012962064	0.37526912429536763	0.24936937440842605
0.3753728804545231	0.3752678847232724	0.24935923482220457
0.3753586758455588	0.37529720752540846	0.24934411662903283
0.3753821125502897	0.37526819292069563	0.2493496945290148
0.37537916180350384	0.37527121838711464	0.24934961980938167
0.3753543356186118	0.3752805533607851	0.2493651110206032
0.3753728197072347	0.3752551965090166	0.2493719837837488
0.3753668805463684	0.3752905556258431	0.24934256382778858
0.3753679764204952	0.3752716247391277	0.2493603988403772
0.37537033298718714	0.3752690382452877	0.24936062876752524
0.3753761939277278	0.3752705944957422	0.24935321157653015
0.3753785965517028	0.3752614469623028	0.2493599564859945
0.37535564573030916	0.375287027495469	0.24935732677422195
0.37537795539970564	0.3752685204570139	0.24935352414328055
0.37535312722199704	0.37528698769598756	0.2493598850820155
0.375372733224674	0.37527930917325664	0.24934795760206946
0.3753464824968243	0.37529501485023586	0.24935850265293993
0.3753801299416181	0.37525748204168796	0.24936238801669403
0.37537096559855443	0.37526425523550216	0.24936477916594346
0.37538097937560544	0.3752618552944766	0.24935716532991806
0.3753773074779313	0.3752740601762542	0.2493486323458146
0.3753417818437495	0.3753013823615802	0.24935683579467044
0.37536522766362496	0.37527796786792034	0.24935680446845482
0.37536340228255866	0.3752709520528745	0.24936564566456698
0.3753522849246578	0.3752794250934127	0.24936828998192967
0.3753584804005974	0.37528930597537247	0.24935221362403026
0.3753398414277622	0.37530598975476714	0.2493541688174707
0.3753640391990796	0.37528855916323817	0.24934740163768232
0.375357628631681	0.3752726814615657	0.2493696899067534
0.3753523081587601	0.3752714572310571	0.2493762346101829
0.3753741453406622	0.3752672064739535	0.2493586481853844
0.37534661584507173	0.37529811168989846	0.24935527246502992
0.37537106686305344	0.3752574872602965	0.24937144587665014
0.37535108897381125	0.37529649062571135	0.2493524204004775
0.3753610527563835	0.3752968968527124	0.24934205039090424
0.3753712597626378	0.3752676392846165	0.2493611009527458
0.3753810882972117	0.37525267571267196	0.24936623599011654
0.37534609016718073	0.3752771465131175	0.24937676331970185
0.3753731352505529	0.3752825910735837	0.24934427367586348
0.37537321042485267	0.3752604632304344	0.24936632634471312
0.37535586778613805	0.3752942949667324	0.2493498372471296
0.3753411432072993	0.3752908291180337	0.24936802767466715
0.3753737636591342	0.3752550353347241	0.2493712010061418
0.37536232904268807	0.37528214549852507	0.249355525458787
0.37534567772575556	0.3752899422005281	0.24936438007371645
0.3753644497217433	0.3752771752132862	0.2493583750649706
0.37536331637174436	0.3752774211418646	0.24935926248639118
0.37536210700530237	0.37526124655377047	0.24937664644092727
0.37537458864374224	0.37528157743460905	0.24934383392164886
0.3753691418582476	0.3752713773410979	0.24935948080065462
0.3753823317770324	0.3752638548399916	0.24935381338297613
0.37536395196082	0.37528762554619177	0.24934842249298833
0.37536193006339164	0.37527644515885983	0.24936162477774865
0.37535399816072573	0.37529925036141654	0.24934675147785781
0.3753473616919985	0.37530161162213355	0.2493510266858681
0.3753677455086818	0.3752624095853223	0.249369844905996
0.3753410077380086	0.3752967850243601	0.24936220723763142
0.3753586064217273	0.37529709595499894	0.2493442976232739
0.37536511403001366	0.3752643163606759	0.24937056960931053
0.3753428243466565	0.3752819816488804	0.24937519400446323
0.3753562118717033	0.37527029420352875	0.24937349392476807
0.37535921690539154	0.37528088626315004	0.24935989683145854
0.3753605522037835	0.375267368013682	0.24937207978253462
0.37536058736585287	0.3752680627184666	0.24937134991568063
0.37536538675471043	0.37527883906943504	0.24935577417585458
0.37535830772187684	0.3752918587687399	0.2493498335093834
0.3753599427450216	0.3752853167416495	0.249354740513329
0.3753740194544932	0.37526603645252826	0.24935994409297862
0.37536636894287395	0.37526187719863113	0.249371753858495
0.3753790018220924	0.3752650523952969	0.24935594578261083
0.37534869212208444	0.3752997247039633	0.2493515831739524
0.3753441248099091	0.37528297230649277	0.24937290288359823
0.37535615487682433	0.3752764984786138	0.249367346644562
0.37535043278737584	0.3752960089505355	0.24935355826208877
0.3753729609278514	0.37527307446166586	0.24935396461048287
0.37536637188096844	0.3752721786922194	0.2493614494268123
0.3753823656598014	0.37526783613127146	0.24934979820892722
0.3753619246149123	0.37527583662698033	0.24936223875810754
0.37535114397453845	0.37530058711896874	0.24934826890649292
0.3753559065426766	0.37529273359176707	0.24935135986555648
0.3753432163328337	0.37529531817652645	0.24936146549063998
0.3753560648252547	0.37527593721263275	0.2493679979621127
0.37535401781989275	0.37530303115921226	0.24934295102089515
0.3753795423979542	0.3752684006866467	0.24935205691539924
0.37536475710443684	0.37526829492259317	0.24936694797297004
0.37536878342252133	0.37526533519578464	0.24936588138169413
0.3753495489185929	0.3752779584142784	0.2493724926671288
0.37537946659930316	0.37526581189023345	0.24935472151046353
0.3753498718524473	0.3752781901534151	0.24937193799413765
0.37536099922606553	0.3752968786254255	0.2493421221485091
0.37535271091230993	0.3752711632156478	0.2493761258720424
0.37535831931340385	0.3752884455212531	0.24935323516534313
0.3753532051763536	0.375276662600008	0.24937013222363846
0.37536700557950947	0.3752881982271001	0.24934479619339056
0.37536773910950916	0.3752590896912736	0.24937317119921734
0.37534933276833454	0.37529258362444634	0.24935808360721923
0.3753435698692998	0.3753010045544952	0.2493554255762051
0.3753506027945876	0.37528134011381004	0.24936805709160248
0.3753484149386703	0.3752811807758565	0.2493704042854733
0.37534602136561523	0.3752844609953404	0.24936951763904447
0.3753483354497921	0.3753051926582793	0.2493464718919287
0.3753491091320695	0.3752995301727544	0.24935136069517622
0.37534150440807185	0.3752864696063828	0.24937202598554548
0.3753757254809936	0.37528193957553513	0.24934233494347133
0.37537119187762785	0.3752861309925424	0.24934267712982983
0.37537259169487625	0.37528140264664456	0.24934600565847936
0.37537459288542346	0.3752648460356768	0.24936056107889987
0.37536824435059546	0.3752813803164558	0.2493503753329489
0.37535568954631615	0.3752923035597305	0.24935200689395354
0.37536449995699284	0.3752643998391602	0.24937110020384706
0.37535898609628315	0.37527189843886666	0.2493691154648503
0.37537554613338536	0.37527967541592366	0.24934477845069108
0.37536020369445455	0.375291523550353	0.24934827275519256
0.37536351584061384	0.3752808696466857	0.24935561451270052
0.3753741536297829	0.37526462277503886	0.24936122359517837
0.37537232108450247	0.3752778758801828	0.24934980303531484
0.37538341079339194	0.37525321930071776	0.24936336990589036
0.37537592338749826	0.37527077739177117	0.24935329922073068
0.3753673087872459	0.3752871159605135	0.2493455752522407
0.37534331780117125	0.37529415758623785	0.24936252461259098
0.37535136528780405	0.3752837305667546	0.24936490414544144
0.3753592821053744	0.3752709895435997	0.249369728351026
0.3753696381094346	0.37526636169172645	0.2493640001988391
0.37537067372048866	0.3752640374269007	0.2493652888526108
0.3753649269654231	0.37526278842569094	0.2493722846088861
0.375380308544128	0.37527028807493873	0.24934940338093337
0.3753592273194835	0.3752712843594361	0.24936948832108052
0.3753597272085687	0.37527329881828786	0.24936697397314359
0.3753612442243601	0.3752748005563331	0.24936395521930688
0.3753515933064978	0.3752769104934833	0.24937149620001905
0.3753720649494259	0.3752544088197711	0.2493735262308031
0.3753688688267117	0.375272805466831	0.2493583257064574
0.37537919179595425	0.37527273383450244	0.24934807436954337
0.375372454139344	0.37526959169594143	0.24935795416471465
0.3753609293867233	0.3752806120326251	0.24935845858065175
0.37534299691538203	0.3752821219911198	0.24937488109349826
0.3753653570238189	0.37526291473590684	0.24937172824027437
0.3753594598362845	0.37527799863877287	0.24936254152494275
0.3753492318025644	0.37527550750189637	0.24937526069553934
0.37534422931261485	0.37529625326406624	0.24935951742331897
0.3753592002945839	0.3752667497412683	0.24937404996414797
0.37537822415290867	0.3752680525907268	0.2493537232563646
0.3753607975153629	0.37528520210148814	0.24935400038314914
0.37537550348857757	0.3752686840706836	0.24935581244073896
0.3753705634712914	0.375256640278693	0.24937279625001574
0.37534956331710717	0.3753002168725063	0.24935021981038663
0.37535339268593265	0.375281178746134	0.24936542856793348
0.3753722403764655	0.37528015685255833	0.24934760277097626
0.3753491910824083	0.37527633110423764	0.24937447781335415
0.3753717774237979	0.37527306695529233	0.24935515562090987
0.3753628803420357	0.37526403530473257	0.24937308435323183
0.37534501285199595	0.375295780645277	0.24935920650272714
0.37535093799513264	0.375287592053701	0.24936146995116643
0.3753760085242618	0.37525843721114516	0.24936555426459317
0.3753663033571192	0.3752812698206744	0.24935242682220654
0.3753746454889654	0.37526995886579584	0.24935539564523895
0.37536019838481993	0.3752798457621678	0.24935995585301243
0.37537164144866897	0.37525709121135814	0.249371267339973
0.37537632795583414	0.37527629511234584	0.2493473769318201
0.3753638001139662	0.37527570095965207	0.24936049892638182
0.3753585258699526	0.375285017021578	0.24935645710846951
0.3753581137795998	0.37529928649189925	0.24934259972850104
0.3753734698475217	0.37526278994613566	0.2493637402063428
0.37537159438461787	0.37527360081068206	0.24935480480470018
0.3753556046439325	0.37529798913772894	0.2493464062183387
0.37537326613077937	0.3752643287732512	0.24936240509596952
0.37535636440987696	0.3752696563131721	0.24937397927695099
0.3753539220199607	0.3752729070134539	0.24937317096658554
0.37537021836697365	0.37527219367458814	0.24935758795843838
0.37538135168400955	0.37525442606144555	0.24936422225454502
0.37537858269389746	0.37525562933757367	0.24936578796852904
0.37536644750970094	0.3752604659064043	0.2493730865838949
0.375375604401395	0.3752592452482423	0.24936515035036286
0.37538229253289446	0.37527435313356816	0.24934335433353744
0.3753632226506539	0.3752846061324777	0.24935217121686853
0.3753534212408574	0.3752926081503811	0.24935397060876158
0.3753763054752945	0.3752742657230339	0.24934942880167169
0.37536784975116666	0.3752553459911617	0.24937680425767178
0.3753838627032663	0.3752644144192731	0.24935172287746069
0.3753746069766681	0.37528252562034514	0.2493428674029869
0.3753661642395059	0.3752591242879526	0.2493747114725416
0.37537608012947943	0.375265266664008	0.24935865320651263
0.3753699225392815	0.37527391670420884	0.24935616075650974
0.37536060408802097	0.3752665632060436	0.24937283270593558
0.3753804876517113	0.3752524645122492	0.2493670478360396
0.37534729695561847	0.37530232176206285	0.2493503812823188
0.37536494394822295	0.37528933981994245	0.24934571623183474
0.3753595300126638	0.37527607415765396	0.24936439582968234
0.3753710158866921	0.37526349140297355	0.24936549271033448
0.3753401160682678	0.3752893223504078	0.24937056158132456
0.37538041516410947	0.3752586132834098	0.2493609715524808
0.37536965933777405	0.3752813161771478	0.24934902448507823
0.3753498903435534	0.3753048454319476	0.24934526422449904
0.37536422037427597	0.3752931414284134	0.24934263819731073
0.3753519345458242	0.37528288647144264	0.24936517898273328
0.37535935924456115	0.37528563845068463	0.24935500230475433
0.37535672367463035	0.37527122658755624	0.24937204973781352
0.3753612648390199	0.37528669140350884	0.24935204375747141
0.37534781009235574	0.3753017186458727	0.24935047126177165
0.3753739324876869	0.37527009574974446	0.2493559717625688
0.37537683015085027	0.3752628160594985	0.24936035378965138
0.37538439846667715	0.3752719049096359	0.24934369662368705
0.3753666745492321	0.37527118714884605	0.24936213830192194
0.37534830632102273	0.37528718648118065	0.24936450719779668
0.3753562949646233	0.3752835327570213	0.2493601722783555
0.37534684779431	0.37528204536248466	0.2493711068432055
0.3753822171952371	0.37525678736295676	0.24936099544180618
0.3753404373496069	0.37529195596975923	0.24936760668063399
0.3753657874472255	0.3752586594474464	0.24937555310532825
0.3753824252754936	0.37526369394468545	0.24935388077982104
0.37536214740353846	0.3752758021500355	0.24936205044642618
0.37534880562070416	0.37529829345588894	0.249352900923407
0.3753472291065766	0.37528087168138996	0.24937189921203354
0.3753453580775838	0.37528233705923236	0.24937230486318399
0.37534855294695174	0.37529652682268877	0.24935492023035954
0.37537587502861336	0.37526605890706455	0.24935806606432218
0.3753554038718906	0.3752751916900266	0.2493694044380829
0.3753517268930212	0.3752842000305059	0.249364073076473
0.375347972334938	0.37528464944822404	0.24936737821683808
0.3753752117066351	0.37526596672863866	0.24935882156472633
0.37534739362552405	0.37530491253767045	0.24934769383680558
0.37537852745320505	0.3752618840088612	0.24935958853793389
0.3753576525760848	0.37528890777804996	0.24935343964586534
0.37537689199856683	0.37527940464541215	0.24934370335602113
0.375382782434718	0.37526254815676896	0.24935466940851317
0.37535625598886285	0.3752904074601701	0.24935333655096714
0.37536939019651694	0.37527424326379205	0.24935636653969112
0.37535911663325716	0.37528781744864376	0.24935306591809916
0.37536805147958857	0.37527435855242597	0.24935758996798557
0.3753485939778557	0.3753058386340117	0.24934556738813274
0.37537396274851426	0.37525499751477276	0.2493710397367131
0.3753804038307684	0.3752747025993765	0.24934489356985523
0.37537154063160455	0.37525178937705506	0.2493766699913405
0.37537394572968336	0.37527759364376134	0.2493484606265554
0.3753775298202256	0.37525299883902963	0.24936947134074489
0.37534903634916605	0.3752758211628909	0.24937514248794318
0.37536670978056363	0.3752694173740629	0.24936387284537365
0.37536208543998	0.3752828039265183	0.24935511063350183
0.3753468669453262	0.37529432273595503	0.2493588103187189
0.3753508823521402	0.37528532166021433	0.24936379598764558
0.3753598765355515	0.3752858002440713	0.24935432322037732
0.3753418387861154	0.3752963768161903	0.24936178439769444
0.37537066800497826	0.3752614114711581	0.24936792052386375
0.37536614751002334	0.3752666985008717	0.24936715398910508
0.3753450039168565	0.3753037344819138	0.24935126160122983
0.37535959821504117	0.37526439247460414	0.2493760093103548
0.37536705746323407	0.3752710631878039	0.24936187934896215
0.3753713384438046	0.3752643869409294	0.2493642746152661
0.37536376053870485	0.37528612478098605	0.2493501146803092
0.3753612679078703	0.37526588604057554	0.2493728460515543
0.37535126040672673	0.37529499962385215	0.24935373996942126
0.3753840446588418	0.37526115415845857	0.2493548011826998
0.3753793663820425	0.37525843498118444	0.24936219863677317
0.3753718150755134	0.37527334837517284	0.24935483654931384
0.3753494639041356	0.3753007021641013	0.24934983393176324
0.37534611105213195	0.3752781799239607	0.2493757090239075
0.3753484356774932	0.3752854909110643	0.24936607341144262
0.37537574250280675	0.37527619396849504	0.2493480635286983
0.3753848165145135	0.3752625107099304	0.24935267277555623
0.3753678419444348	0.37528542157920175	0.2493467364763636
0.3753695065699155	0.37527293672432294	0.24935755670576162
0.37538442296318103	0.37526526537716326	0.24935031165965582
0.375342445608528	0.37530527214549503	0.24935228224597708
0.37535232846900424	0.3752748692962783	0.24937280223471753
0.37537586348013485	0.37527644642795666	0.24934769009190866
0.3753655840840131	0.3752709070985809	0.2493635088174061
0.3753459760692336	0.3753005825659033	0.24935344136486318
0.37534512618313753	0.3752990788699766	0.24935579494688598
0.3753786494915753	0.37525730747647557	0.24936404303194928
0.3753586423557213	0.37527551414112514	0.24936584350315366
0.3753565433400123	0.3752854947084195	0.24935796195156834
0.37538223441004764	0.37527245232490297	0.24934531326504952
0.37537172548745845	0.37527140749895616	0.24935686701358548
0.3753608381070577	0.3752900533406554	0.24934910855228698
0.37537276002754544	0.37525773092939013	0.24936950904306454
0.3753618020074783	0.3752698700428148	0.24936832794970698
0.3753700002270176	0.37528617432145595	0.24934382545152656
0.37536554637349273	0.37527273745264134	0.249361716173866
0.37535889848885906	0.3752750594576571	0.24936604205348395
0.3753617676892072	0.3752885457969066	0.24934968651388628
0.37536810995713304	0.37528757225208675	0.2493443177907803
0.37535290779627695	0.375292497200919	0.24935459500280416
0.3753465475469618	0.37530021031601807	0.24935324213702026
0.3753645535690322	0.37526968712482456	0.24936575930614335
0.3753659276091798	0.37527727309273723	0.24935679929808308
0.3753458791862892	0.37529613901266945	0.2493579818010414
0.3753547676473823	0.37528383258449455	0.2493613997681233
0.37536055204214536	0.37529035934586313	0.24934908861199162
0.3753581298892059	0.3752818344930114	0.24936003561778278
0.3753417726932702	0.37528823842413483	0.2493699888825951
0.3753684118667005	0.37528737257754974	0.24934421555574987
0.37535088688036483	0.37529719763653974	0.24935191548309554
0.37537779886295985	0.3752739771010632	0.24934822403597706
0.37535630785844865	0.37527785584349593	0.24936583629805548
0.3753692434336274	0.37527882403392676	0.24935193253244595
0.3753784161924028	0.3752645241587226	0.24935705964887472
0.375365806281991	0.3752846876034443	0.24934950611456483
0.37536368584773067	0.3752696871976836	0.24936662695458583
0.3753457668177442	0.37530382354845904	0.2493504096337969
0.37534727987560146	0.37530370845581146	0.2493490116685872
0.37536320613618074	0.37527694112753307	0.24935985273628625
0.37535675398158014	0.3752877163165679	0.24935552970185204
0.37536415578129645	0.3752885201124837	0.24934732410621996
0.37537055230769806	0.3752612116484061	0.24936823604389596
0.37537109574103084	0.37528481212146425	0.24934409213750505
0.37536673792507086	0.37526685984928876	0.24936640222564047
0.3753514231352218	0.3752924106890785	0.24935616617569983
0.3753671090497478	0.3752718486545267	0.24936104229572562
0.3753506577820696	0.37529489255394316	0.24935444966398734
0.37538303113827887	0.37526561879546805	0.24935135006625322
0.3753600263882906	0.3752637152750675	0.249376258336642
0.37536185482642354	0.37527608617027464	0.24936205900330194
0.3753654454579568	0.37527519889237143	0.24935935564967185
0.37537320243908023	0.3752680117841194	0.2493587857768005
0.37537803249535695	0.3752667610120846	0.24935520649255857
0.37536226296604236	0.3752696605303775	0.24936807650358023
0.37534076989601917	0.37530430203514464	0.24935492806883625
0.3753502633396055	0.37530279451440357	0.249346942145991
0.37534536091677045	0.37528260382214074	0.24937203526108892
0.37536768960425254	0.3752695035279816	0.2493628068677659
0.37535188048358004	0.3752770931021005	0.24937102641431957
0.37536941676620755	0.3752575492912342	0.24937303394255833
0.37538014157948096	0.37527566372109655	0.2493441946994226
0.37537664713351127	0.3752671942076899	0.24935615865879895
0.3753803729125763	0.3752629266983417	0.24935670038908203
0.37534420361513293	0.3752797444679502	0.24937605191691695
0.3753550166738505	0.37527123036975685	0.2493737529563927
0.37536120573221987	0.3752637710085927	0.24937502325918753
0.3753526288975506	0.3753043833563991	0.2493429877460504
0.37537309097763205	0.3752606288085375	0.24936628021383053
0.3753623780726985	0.37526243666330705	0.24937518526399455
0.3753647110743145	0.3752746917723725	0.24936059715331307
0.37535052959904236	0.3752982319988051	0.24935123840215268
0.37535290519692355	0.3752839573276233	0.2493631374754532
0.37536584073900264	0.3752832283772853	0.24935093088371216
0.37536011896626476	0.37527846258631087	0.2493614184474245
0.3753729572288899	0.37527529027832657	0.24935175249278363
0.3753430715734285	0.3752983537667615	0.2493585746598101
0.37537021813920496	0.37525279399020306	0.24937698787059207
0.3753804408699632	0.3752609758173635	0.2493585833126734
0.37537883116533244	0.3752763335631032	0.24934483527156445
0.37535874141079695	0.37526984967402643	0.24937140891517673
0.37534108813135625	0.3752996015455248	0.24935931032311906
0.375362245457772	0.3752669222676584	0.2493708322745697
0.37538032975301494	0.37527348446618425	0.24934618578080095
0.3753663921380502	0.3752726757768701	0.2493609320850798
0.3753468701200604	0.37528233320702925	0.24937079667291046
0.37535499877465417	0.3752981796877904	0.24934682153755555
0.3753688547406074	0.3752611049658765	0.24937004029351623
0.37537359171619156	0.37526772451273155	0.249358683771077
0.3753697894292522	0.3752637391466345	0.2493664714241134
0.3753610077213943	0.3752734658040162	0.24936552647458957
0.375380366703815	0.3752717609547704	0.24934787234141467
0.3753625773139866	0.3752747699751692	0.24936265271084435
0.3753483734779325	0.37528987184337387	0.24936175467869376
0.37537901607985746	0.37527621311440384	0.24934477080573877
0.3753445467760479	0.3753030695316722	0.24935238369228002
0.37537939240954044	0.375253999518414	0.2493666080720457
0.3753777253207779	0.37527697759491374	0.24934529708430844
0.375356984166044	0.3752831147421473	0.24935990109180878
0.3753696785738554	0.3752601445610404	0.24937017686510432
0.3753812936619759	0.3752626034249383	0.24935610291308594
0.37535812094685533	0.37527293188997934	0.24936894716316543
0.3753694747537528	0.3752701194599064	0.24936040578634086
0.3753498829442099	0.37529856980255333	0.24935154725323688
0.37536442710039286	0.375265002737848	0.24937057016175923
0.37537793207048764	0.3752649444284525	0.24935712350105999
0.37536191940634966	0.37526802674646276	0.2493700538471877
0.37536513334408705	0.3752881427540212	0.24934672390189183
0.3753482255381432	0.3752847463936077	0.24936702806824923
0.3753531931214927	0.3752728458484805	0.24937396103002696
0.3753615259939179	0.37528818509491696	0.24935028891116517
0.37534770538762735	0.37529462298701544	0.24935767162535738
0.37538096436115886	0.3752745279919285	0.2493445076469127
0.37538042465421617	0.37527629787427025	0.2493432774715137
0.3753550024746333	0.3752921222478349	0.2493528752775319
0.3753581613870299	0.3752748160541339	0.24936702255883636
0.3753803144740843	0.3752655186467923	0.24935416687912348
0.3753451809380086	0.37529860856561154	0.24935621049637996
0.37536607278227785	0.37527917026547974	0.2493547569522425
0.37536147449699653	0.3752819729170245	0.2493565525859791
0.3753734501325221	0.3752801435423441	0.24934640632513388
0.375375487552203	0.37527483806520817	0.24934967438258893
0.3753415732684021	0.37530073484412646	0.24935769188747153
0.3753663474829717	0.37527040867489536	0.24936324384213307
0.3753630166548807	0.3752912932936085	0.24934569005151092
0.37537374919794453	0.37527073440850234	0.2493555163935533
0.37535654384734074	0.3752832753090135	0.2493601808436459
0.3753626665585368	0.37528474784053095	0.24935258560093235
0.37534027685680826	0.3752835751736735	0.24937614796951837
0.3753700837440398	0.37526124296374985	0.24936867329221046
0.3753705771528873	0.3752867951623572	0.24934262768475562
0.37536747939142895	0.37525663169570606	0.24937588891286508
0.3753444602715598	0.3752878298912421	0.24936770983719814
0.37535335965940364	0.3752887037377121	0.24935793660288436
0.3753416882900226	0.37530140916535054	0.24935690254462692
0.3753537688392138	0.375283721182022	0.24936250997876436
0.37536975399523687	0.3752813226637737	0.24934892334098957
0.3753572156241978	0.37529590961856935	0.24934687475723294
0.3753804237726376	0.37527087816879795	0.24934869805856458
0.37534811917568145	0.3753058381905726	0.2493460426337461
0.3753459289799622	0.3752900169729071	0.24936405404713086
0.3753711225686138	0.3752682163992386	0.2493606610321477
0.37536849129537536	0.3752650095332474	0.24936649917137738
0.37534134331947977	0.37529182181585513	0.24936683486466527
0.37536395453018345	0.37527577998091977	0.2493602654888969
0.37538105269966715	0.37526779054458614	0.24935115675574682
0.37537403436076117	0.375278489818692	0.24934747582054695
0.37534509169639624	0.3752951734748357	0.24935973482876816
0.37537447916221933	0.37526589582723724	0.2493596250105436
0.37537543170839016	0.3752749300089643	0.24934963828264567
0.3753512440215823	0.3752941735114066	0.2493545824670112
0.3753394870347288	0.3752929005467372	0.2493676124185341
0.3753476302254903	0.37529369594786227	0.24935867382664756
0.37537688196970537	0.375261108165163	0.24936200986513174
0.37534982952196916	0.37530041429757194	0.24934975618045896
0.3753794936771958	0.375275704541541	0.24934480178126328
0.37535584301444097	0.3752837338092222	0.24936042317633694
0.37536228565210944	0.3752680831369901	0.2493696312109006
0.37537784974172195	0.37525877909292343	0.24936337116535479
0.3753421421478662	0.37528247634059975	0.24937538151153413
0.37535247881775763	0.3752906038987993	0.24935691728344317
0.375350892343852	0.3752831080864166	0.24936599956973154
0.3753548934337779	0.3753001998337124	0.2493449067325098
0.37537865989170116	0.375253563130586	0.2493677769777129
0.37535565963039175	0.37530044902553755	0.24934389134407076
0.3753519869524353	0.37529606484389894	0.24935194820366585
0.3753790491799856	0.375272411185084	0.2493485396349305
0.37535936707118356	0.3752913056317023	0.24934932729711423
0.37535892177411145	0.37526419666842203	0.24937688155746668
0.3753676480862118	0.3752663498978779	0.2493660020159104
0.3753649589209036	0.3752761536944993	0.24935888738459722
0.37538465200921345	0.37525827138733503	0.24935707660345163
0.37535112364293605	0.37530105250230744	0.24934782385475657
0.3753394676007524	0.3752877558515481	0.24937277654769963
0.37537337897358397	0.37527375075127734	0.2493528702751388
0.3753558526194883	0.37527047414824105	0.24937367323227075
0.37536183353340835	0.37528904801446744	0.2493491184521243
0.3753651221084905	0.37528931163819246	0.24934556625331716
0.37534778239458333	0.375305060330851	0.24934715727456586
0.3753565345029455	0.37527798040636945	0.24936548509068518
0.3753588490045699	0.3752929100814646	0.24934824091396565
0.37535454433395493	0.3752987690855172	0.24934668658052805
0.37536007883134526	0.3752732694959874	0.2493666516726675
0.3753790458761861	0.375263193775009	0.24935776034880505
0.3753755082376595	0.3752720123279477	0.24935247943439287
0.37535520376643516	0.37530036781922094	0.249344428414344
0.37533987677465036	0.3752956645331534	0.24936445869219634
0.3753428089596821	0.3752961261951994	0.2493610648451186
0.37538013706285517	0.3752567074445893	0.24936315549255567
0.37538111663415996	0.3752511570601982	0.24936772630564194
0.3753667852728923	0.3752711168423257	0.24936209788478209
0.37534080501174694	0.37529393148555357	0.24936526350269955
0.37537201371491996	0.3752616472467515	0.24936633903832867
0.37538271561181785	0.3752620031007921	0.24935528128739015
0.3753577032375854	0.37526630364293107	0.24937599311948366
0.37535833550241365	0.3752795686614045	0.24936209583618196
0.37536013496959364	0.3752929194217937	0.24934694560861279
0.37537909383072066	0.37526127768132655	0.2493596284879529
0.3753522764970934	0.3752797466272263	0.24936797687568046
0.37534905550905334	0.3752928658923984	0.24935807859854836
0.3753571756548794	0.3752678785165594	0.24937494582856126
0.3753773625729665	0.3752571181865314	0.2493655192405022
0.37535896358550014	0.3752789485382535	0.24936208787624647
0.3753556773429938	0.37529569181014105	0.24934863084686526
0.3753535747075799	0.3753021211637375	0.2493443041286827
0.37535031545663555	0.37528155415441533	0.24936813038894923
0.3753533997468302	0.37528792802675504	0.24935867222641486
0.37534609697523147	0.3752900034444089	0.2493638995803598
0.3753622000386158	0.3752891829257939	0.24934861703559041
0.37535155320945784	0.3752951007714812	0.24935334601906106
0.37535252369953803	0.37529160454809907	0.24935587175236304
0.3753602283887341	0.37526765680589774	0.24937211480536828
0.3753751090404494	0.3752823584635644	0.24934253249598634
0.37535948790856377	0.37527978853841676	0.2493607235530196
0.37538338939951066	0.37527250811007684	0.24934410249041258
0.37534091974599787	0.37529029073676357	0.24936878951723868
0.37535187618305843	0.3752886802076858	0.24935944360925583
0.375347841974076	0.37530053487691123	0.24935162314901288
0.3753576842376618	0.37528263414766627	0.249359681614672
0.3753805580101506	0.37526403312919965	0.24935540886064983
0.37538146100950714	0.3752539525487758	0.24936458644171713
0.3753428930301505	0.3752891956280773	0.24936791134177239
0.3753565013809732	0.3752673007846286	0.2493761978343983
0.37535772591015515	0.3752694338413715	0.24937284024847345
0.3753723585363181	0.37526366494736024	0.24936397651632175
0.37535301805805915	0.37529862555646776	0.2493483563854732
0.37535819797330183	0.37528536614704094	0.24935643587965733
0.3753625076068051	0.37528334160334187	0.24935415078985307
0.37536018940811144	0.3752722644604033	0.24936754613148537
0.37535144177514057	0.3752791790095717	0.2493693792152878
0.37537760664398157	0.37526377866574523	0.24935861469027326
0.3753740630450425	0.3752610700571268	0.2493648668978308
0.37535311071166855	0.3752777437482477	0.24936914554008388
0.3753525657310386	0.3752714248574059	0.2493760094115557
0.37535561068052636	0.37527092775273485	0.24937346156673895
0.37535690898621904	0.37529737139655117	0.2493457196172299
0.3753557847545672	0.37529433822475694	0.24934987702067593
0.37537250148102785	0.3752532375040041	0.24937426101496815
0.3753683002556267	0.3752837794469157	0.24934792029745773
0.37537581123949426	0.3752553463949301	0.24936884236557577
0.3753727410244118	0.3752697812532202	0.2493574777223681
0.3753643361180238	0.37526770124989156	0.24936796263208477
0.37534866843461123	0.3752845146371775	0.24936681692821142
0.37538352988219076	0.37526087402240466	0.2493555960954047
0.37535962442361137	0.37527537085688867	0.24936500471950007
0.3753691397379919	0.3752608281325474	0.2493700321294608
0.37534138384805027	0.37529691363735707	0.24936170251459278
0.375372029058166	0.37527956480450775	0.24934840613732628
0.37535971988797845	0.37529029066293756	0.2493499894490841
0.37536781005507214	0.3752593953655347	0.24937279457939326
0.3753686708126289	0.37528759080370616	0.24934373838366505
0.3753724720350696	0.375263659834517	0.2493638681304135
0.3753777299402373	0.3752802567151442	0.24934201334461858
0.3753523229918303	0.3752972553598955	0.24935042164827428
0.3753568050488757	0.37529607184158253	0.2493471231095419
0.37534687248767545	0.37529398222864613	0.2493591452836785
0.37534374560370715	0.37528792175833814	0.24936833263795483
0.3753577319645793	0.3752984664152418	0.2493438016201791
0.3753530908636929	0.37528246942753996	0.24936443970876726
0.375357549356021	0.37529387165768197	0.2493485789862971
0.375339220932659	0.3753034303318237	0.24935734873551746
0.3753467579003777	0.37529322749328237	0.24936001460634005
0.375353491209365	0.37527200674085315	0.2493745020497819
0.37537011382191565	0.37526855899683537	0.24936132718124907
0.37537610145908873	0.37526381118255137	0.24936008735836007
0.37535646149705054	0.37527929804273724	0.24936424046021236
0.3753680287973138	0.37525998896509116	0.24937198223759513
0.37534924813815196	0.37530567673258786	0.24934507512926027
0.3753596810418354	0.37528778413401265	0.24935253482415207
0.3753702387130002	0.375267498213293	0.2493622630737069
0.37535519717831184	0.37528458482636795	0.24936021799532032
0.3753670127548951	0.37527146447056275	0.24936152277454232
0.375358085405448	0.37527252142035405	0.24936939317419804
0.37536415140528023	0.3752884401559035	0.24934740843881636
0.3753819201806392	0.37526578913792574	0.2493522906814351
0.37536743907933007	0.37528280115961105	0.24934975976105903
0.375373890244935	0.37527214352874805	0.2493539662263171
0.375379157103289	0.37526347115659986	0.24935737174011122
0.37535491511632796	0.37527111780618716	0.24937396707748494
0.375343985692251	0.3752856445339925	0.2493703697737566
0.37536007877692507	0.375287626686934	0.24935229453614105
0.3753734538673896	0.37525890932403405	0.24936763680857643
0.37534061313941214	0.3753030107444558	0.24935637611613212
0.3753807278681629	0.37525172726109707	0.24936754487074017
0.37536779541991155	0.3752768498474386	0.24935535473264991
0.3753624748253673	0.3752747612653471	0.2493627639092857
0.37536466043338307	0.3752887777488868	0.24934656181773024
0.37535998365491763	0.3752790812226617	0.2493609351224208
0.3753779639435867	0.375258319869977	0.24936371618643646
0.37537772482036325	0.375272613253129	0.2493496619265079
0.37537036566716736	0.3752598521818801	0.24936978215095262
0.37536960287479193	0.3752616678523868	0.24936872927282136
0.3753786814495219	0.3752684429963496	0.2493528755541286
0.37538334614118263	0.37527295204169964	0.24934370181711785
0.3753562479072537	0.37527027335679664	0.24937347873594978
0.37536264848662393	0.3752857346664035	0.24935161684697266
0.37534035937928795	0.3752896355133537	0.24937000510735846
0.3753621289224083	0.37527104006155865	0.24936683101603313
0.37535152412963807	0.3752892372964293	0.24935923857393272
0.37534364261459374	0.37529069012580735	0.24936566725959897
0.3753809074533185	0.37526906465925464	0.249350027887427
0.3753720394588336	0.37525686193113084	0.2493710986100357
0.37537003809318137	0.3752659463372524	0.24936401556956633
0.3753643793739479	0.375281800115302	0.24935382051075022
0.37537277657822243	0.37528038126589025	0.24934684215588745
0.37537129685963927	0.3752719154968141	0.24935678764354674
0.37534303512728584	0.3752879940148298	0.2493689708578844
0.37534174389394215	0.3752881502351402	0.24937010587091776
0.3753528493532462	0.37528356982966654	0.2493635808170874
0.37538298720382335	0.37526524633036357	0.24935176646581322
0.37538113583757193	0.37527583579097024	0.249343028371458
0.37534784193836307	0.3752868350730409	0.24936532298859612
0.3753794507104901	0.37525719027405674	0.24936335901545326
0.37535046488947305	0.37529303084006593	0.24935650427046108
0.3753598012490959	0.3752883680919531	0.2493518306589511
0.3753799660676512	0.37527183578155415	0.2493481981507947
0.37535331452033427	0.3753023483245669	0.24934433715509896
0.37536727516339247	0.3752834416809172	0.24934928315569044
0.37536902649259274	0.37526372001289254	0.24936725349451483
0.3753608966318311	0.37529592116067634	0.24934318220749263
0.37537427072775365	0.37528113807184554	0.24934459120040092
0.37537413906960965	0.3752570946753526	0.24936876625503784
0.37534141859492465	0.37528776613177717	0.2493708152732983
0.37534509647406344	0.37528311663767533	0.2493717868882613
0.3753570949817202	0.37527156670624273	0.2493713383120372
0.37536510719587723	0.3752802037554508	0.24935468904867206
0.37538344069415774	0.37526670076480867	0.24934985854103367
0.37537395131703566	0.3752644545071096	0.24936159417585488
0.37537852750952166	0.37527590982570763	0.24934556266477081
0.3753769539845479	0.37526149332427766	0.24936155269117455
0.37534083082790776	0.37529864809754354	0.2493605210745488
0.3753583655267484	0.3752885331370883	0.2493531013361634
0.3753612009576867	0.3752779947621412	0.2493608042801722
0.3753722803305762	0.3752732944423852	0.2493544252270387
0.37537107334907427	0.3752711330481484	0.24935779360277743
0.3753688595575956	0.37527035745209236	0.24936078299031222
0.37536457160857206	0.3752893073084447	0.2493461210829834
0.37535418194074877	0.3752894259523771	0.2493563921068743
0.37535592054419525	0.3752933660257514	0.24935071343005344
0.37535698959782876	0.3752685833104596	0.24937442709171176
0.3753627423570191	0.3752730546260081	0.24936420301697293
0.3753584391329508	0.37526543298781967	0.24937612787922964
0.37536473907498397	0.37529061930699537	0.24934464161802078
0.3753587737435887	0.37526573759068754	0.2493754886657238
0.37534390950095137	0.37528031284018587	0.24937577765886285
0.37537276887921794	0.3752756053834842	0.249351625737298
0.37536769154893185	0.3752749907130739	0.2493573177379943
0.37536288200373863	0.3752708257791983	0.2493662922170632
0.37536714158554574	0.37525617818821727	0.2493766802262371
0.37537223076699966	0.37527084205718053	0.2493569271758199
0.3753425864405512	0.37530087250690913	0.24935654105253974
0.37538370549224903	0.3752597576601347	0.24935653684761636
0.3753544145911614	0.375295521955402	0.2493500634534367
0.3753414833585823	0.3752923992485082	0.2493661173929096
0.3753665058571488	0.37525706634855377	0.24937642779429753
0.37535458443801256	0.3752950002115448	0.2493504153504427
0.37534443018568087	0.37530235501016745	0.2493532148041518
0.37536517535834524	0.3752830570666409	0.249351767575014
0.37535434893943537	0.37530057465028654	0.2493450764102782
0.3753737596959228	0.3752741313332524	0.24935210897082496
0.3753443437766439	0.37530478908693665	0.24935086713641955
0.37538057011495796	0.37526412661912467	0.2493553032659175
0.375339786429311	0.37529960966778464	0.24936060390290454
0.3753525938756543	0.3753031900899109	0.24934421603443488
0.3753462658109931	0.3753041285910292	0.2493496055979778
0.37537901610667523	0.37525439868370114	0.24936658520962374
0.3753615142367181	0.37528847660507025	0.2493500091582117
0.3753433143684008	0.3752804926968132	0.24937619293478608
0.37535964403098093	0.3752934842353555	0.24934687173366366
0.3753391196368513	0.3753025341447901	0.24935834621835876
0.3753551295700992	0.37529078970785723	0.24935408072204368
0.37535919135192564	0.3752871164231127	0.24935369222496181
0.3753499362486554	0.3752949157186303	0.24935514803271444
0.3753474328107441	0.37528688647081826	0.24936568071843768
0.3753574895808562	0.37526786406575874	0.24937464635338516
0.375348528006331	0.3752896250154949	0.24936184697817415
0.3753773603507056	0.37525791519239043	0.24936472445690405
0.37537500644519406	0.37526994984346623	0.2493550437113398
0.37535925658229685	0.37527978406663043	0.24936095935107286
0.3753441556446277	0.3753009923298103	0.24935485202556215
0.3753474682243682	0.37530122065527793	0.24935131112035397
0.3753713709144022	0.37525372665328294	0.24937490243231497
0.3753475868982561	0.3753032379413971	0.2493491751603469
0.3753598490103097	0.3752700201482978	0.24937013084139262
