0.28983778263203946	0.07914885935971716	0.21021996944981464	0.1910021465619982	0.22979124199643022
0.2874822814219803	0.0971059956000029	0.24696731774216402	0.14343010682188678	0.22501429841396575
0.27227931544384454	0.08610724707972486	0.17400228288645492	0.20858162262802663	0.25902953196194883
0.2668173538165417	0.09247097116793102	0.18298921979069915	0.1844565674310713	0.2732658877937566
0.2959469870396467	0.07726427289700043	0.17441637674784047	0.2062392179733254	0.24613314534218672
0.27798115406532486	0.08645390699548185	0.19720260907694775	0.21280067788287713	0.22556165197936814
0.215297641833731	0.06929561974322435	0.27326387205539715	0.15666861218985093	0.28547425417779637
0.22842221828395723	0.08454023752582446	0.20911881786706912	0.19122018362025944	0.2866985427028895
0.26216915555693193	0.07555640379196757	0.2055214288872308	0.20738318354835533	0.24936982821551412
0.21478772373673782	0.09152747458054983	0.27847992716121234	0.19102766548850197	0.22417720903299784
0.2847742394866799	0.09969531750435039	0.15758676188551768	0.14759699489000763	0.3103466862334441
0.3215957907467356	0.08999574379845761	0.18585692870464046	0.1570804339262189	0.24547110282394713
0.23396949877018794	0.06999076755298342	0.27353247518468826	0.2113539369294743	0.2111533215626658
0.30144331881204817	0.06902063172533149	0.13311675203670567	0.19887352663792385	0.29754577078799055
0.2716050948157422	0.08576789630811195	0.22187849728951103	0.19141933248828172	0.22932917909835282
0.31141189602122066	0.07800541203509329	0.15557351304732175	0.1515167524994585	0.30349242639690555
0.31608642091773004	0.0703548392761911	0.1540718979469848	0.16794423008326573	0.291542611775828
0.2564749443590184	0.07231481890738797	0.21928426269026852	0.1978454713131387	0.2540805027301861
0.2237247243047846	0.08022407641818777	0.22846625108085603	0.18550087326621362	0.28208407492995774
0.2616643540038426	0.06785017880785571	0.1438578297356994	0.21454527748316657	0.31208235996943545
0.26963146854520204	0.09804204830344941	0.26565134145116853	0.14498698654062997	0.22168815515954987
0.2502754878180433	0.09015537804652406	0.22922507525124813	0.1597302941173863	0.27061376476679794
0.28955032598172126	0.09958287512247993	0.15293767297420624	0.2005554009880319	0.2573737249335604
0.2613869393402968	0.08332114205655945	0.17582664418897612	0.2079145756576257	0.2715506987565417
0.26564463836883756	0.09462889849350971	0.23659715363413536	0.16964306269618862	0.2334862468073285
0.3017345215556202	0.06655545185299469	0.13232589964951036	0.21480388885384255	0.2845802380880319
0.31464701230420133	0.07679538984815405	0.13757066347057217	0.16341496110627002	0.3075719732708021
0.2212692079717961	0.07281664011929947	0.2664607863482249	0.204884680287077	0.23456868527360233
0.21632512597854425	0.06731147501991888	0.21742025233577297	0.18418364639496942	0.31475950027079425
0.22778691687264047	0.07310574421459237	0.18166656858394892	0.2018585891809294	0.3155821811478886
0.2587387217951673	0.08998225919473234	0.20599416228848869	0.19304546736938924	0.2522393893522222
0.25120353090453934	0.07135449260792587	0.30244254367005985	0.15212027041888604	0.22287916239858865
0.24064038826419945	0.07257897009135972	0.21508968235497017	0.19590658569132507	0.27578437359814534
0.23114265624639133	0.07740829903072467	0.2351011464731904	0.20826697664279803	0.24808092160689532
0.22634205033683077	0.08746832341399244	0.24312400091142056	0.14736372904400571	0.29570189629375027
0.22974759096405875	0.09500397970323353	0.2756404689495109	0.15713235582797294	0.24247560455522363
0.30020624932715595	0.07382946344602812	0.13849977899967672	0.1713877423005158	0.31607676592662315
0.23261816588833514	0.06649270028070334	0.2069236772670588	0.17673760676662936	0.3172278497972731
0.23261150217595492	0.06892625566690477	0.2867180068339863	0.1906779706150297	0.22106626470812407
0.28844951051605605	0.0707559221018193	0.2596576313568827	0.14498931107358143	0.23614762495166025
0.2329795668526351	0.08687336436033119	0.31419851865465953	0.154452609724907	0.21149594040746694
0.2930406430536679	0.08336542483200682	0.13606808502136708	0.18292837295426667	0.30459747413869126
0.23836724586546706	0.07168637249158352	0.29976078649655835	0.17644893729839906	0.21373665784799176
0.2676187204375113	0.09216120758459466	0.2615149409454762	0.170072904790928	0.20863222624148958
0.21616581706629448	0.09214677016776007	0.20422520659424587	0.21447181807638444	0.2729903880953149
0.22315327358290604	0.06803759385602529	0.1917871495569955	0.2034920535100325	0.31352992949404046
0.2605055747204585	0.07663849239327682	0.2496170437766453	0.18939877498640775	0.22384011412321142
0.2575677098452457	0.06960875091112212	0.26984282910533414	0.1846252221363585	0.2183554880019393
0.22185484211130677	0.09060646133855137	0.26797469476706226	0.2061501990695963	0.21341380271348304
0.3029537775702196	0.09108526470628486	0.1140511867935486	0.20418452849325322	0.2877252424366934
0.31331722532136	0.08638174568627542	0.12904737310282807	0.20381199318276336	0.26744166270677283
0.2499628075777625	0.07720535874249367	0.24590491279598728	0.19865322672408386	0.2282736941596724
0.2734770418406357	0.07525987640853019	0.19498020910080488	0.14704785010865473	0.3092350225413742
0.2692657374416034	0.06696377445613647	0.21017197144191022	0.1741775606526814	0.27942095600766825
0.2443837004361472	0.07641699683767574	0.14950957660093708	0.21340967194077803	0.31628005418446165
0.31361201868970556	0.0978121591618175	0.18762667919116263	0.1844316239757411	0.2165175189815729
0.2533645330548586	0.0902495400184159	0.2209355953686766	0.18830577841165194	0.24714455314639672
0.3053976530170897	0.08483010365403602	0.18112628015904433	0.20129992163820987	0.2273460415316198
0.28834384419234615	0.0793754604278157	0.2428029847834041	0.1595870705969151	0.2298906399995187
0.3139321745979411	0.0678467522310959	0.12134629567225	0.194615521609529	0.30225925588918373
0.23844229934828792	0.09462735600529168	0.24797584286925012	0.1680659706873896	0.25088853108978043
0.3047999936483323	0.08656126389238242	0.22483717599441805	0.1500699825323399	0.233731583932527
0.2583819584882742	0.08836586565331951	0.24082079279470536	0.15302211866514243	0.2594092643985582
0.21425146820669738	0.08248499006210193	0.2711648981971431	0.15567125770863813	0.2764273858254192
0.2255714080934248	0.08706235553536719	0.19507118683035185	0.18394563881129766	0.3083494107295583
0.2954262656087362	0.07678748722661809	0.21770617963319164	0.19138576188252124	0.2186943056489325
0.2557910451076484	0.088222881249231	0.24853182343692778	0.18885556420853006	0.21859868599766255
0.2751135232050164	0.09277249735640175	0.16548986800333854	0.16963080540253275	0.29699330603271024
0.322385828308952	0.08217639413843168	0.1952628667128783	0.1491123625055754	0.2510625483341623
0.2731680980491057	0.09706698371218068	0.23255840500979372	0.17168898123248832	0.22551753199643132
0.23755047906499563	0.07904851157814248	0.22101033779706547	0.15688452555818183	0.30550614600161435
0.2943919560067803	0.0786038733948752	0.26129847079878193	0.15454553095360243	0.21116016884595984
0.2835848900444411	0.09384125941316036	0.12980734368230573	0.20111902152058378	0.2916474853395088
0.22878426095322357	0.09785178619575738	0.2259588066515441	0.14648809676502256	0.3009170494344522
0.29948163780583825	0.08384910125014591	0.19246033719604652	0.14431313183352382	0.27989579191444525
0.22468885867698096	0.08855649266545328	0.19469478719036182	0.2023314162274861	0.2897284452397176
0.27152701010471947	0.08459062735528285	0.1700411314513384	0.15877190740507058	0.3150693236835884
0.2413264663694197	0.07240562246832638	0.24437083079685049	0.1650921099770471	0.2768049703883561
0.3123066095256338	0.07846697791356287	0.21926532099869453	0.15115987733682168	0.23880121422528683
0.2282904681617434	0.06722064794501928	0.3125670352832707	0.16672460914700207	0.22519723946296433
0.2728254544712501	0.06604354988091518	0.2852809839469318	0.1606962127709164	0.21515379892998623
0.23897342051461384	0.06763915437832119	0.23797564065808108	0.17722185424806003	0.27818993020092364
0.287134399398708	0.0719353943562129	0.2652945577811292	0.15328628781572018	0.22234936064822944
0.24965728540887624	0.0710003275515734	0.3023182400600054	0.14614914700887682	0.2308749999706679
0.2285257766731079	0.09125687760825754	0.2608979533104639	0.17268256214869007	0.24663683025948038
0.3061441218087888	0.07800104665210957	0.11380228035594185	0.20534915300413936	0.29670339817902014
0.30423475115558235	0.07451063248186032	0.12109360862605772	0.21221780196886575	0.28794320576763355
0.25564051903979074	0.09501721869721383	0.1612315432444919	0.2138791515928138	0.27423156742568955
0.23866993706064998	0.07777489072940286	0.25931520578444345	0.1897428021512917	0.23449716427421174
0.2304150660374274	0.08804908187412498	0.2727635315380305	0.1894483190778245	0.21932400147259234
0.2570911257093409	0.09342810264312174	0.2680376520849946	0.1663118385988422	0.21513128096370032
0.2219877634603672	0.0749989756315031	0.3123452703313166	0.15712897025726885	0.23353902031954404
0.23733985854854933	0.07996416082907716	0.20040222554500783	0.20333272153928594	0.27896103353807944
0.22886407259542008	0.07954669627399112	0.31100633778412357	0.168213407951357	0.21236948539510794
0.3091636899159815	0.0915480314610836	0.1508745482304012	0.20465638930362592	0.2437573410889075
0.24445887187317483	0.07806198941585066	0.2878021798425672	0.14556257391651323	0.24411438495189386
0.21326476516845094	0.07212265857943817	0.28174633437983043	0.17586929199988235	0.25699694987239785
0.30461566054413347	0.08755755710796981	0.15835509016225344	0.20503299697084992	0.24443869521479306
0.28531667734895927	0.0995380342200011	0.16954592025563991	0.19986946470126743	0.24572990347413198
0.26019274573207574	0.09644450017336581	0.20952803539781945	0.16739012722693133	0.2664445914698074
0.3055113015684587	0.08066920368215519	0.0970365828514469	0.2081827826805222	0.30860012921741675
0.32107224891576064	0.09033875720208816	0.09539490506219478	0.20786943955502982	0.2853246492649263
0.3074959436352265	0.0776478314762418	0.14207082558051168	0.17170682979924534	0.30107856950877443
0.2737839755191333	0.08509533383230186	0.2493074472129074	0.153642818644125	0.23817042479153214
0.25071851423134056	0.09065480627091713	0.22811412391035008	0.14556429423096695	0.28494826135642504
0.2228231289922082	0.07692199825701777	0.32620714274445684	0.15700206580017267	0.2170456642061443
0.28338316009493114	0.06635609965567627	0.19880095335396925	0.16798456963467107	0.28347521726075203
0.30109061473011994	0.08894987348145234	0.14957022019733587	0.16633799282193767	0.29405129876915387
0.293869052997454	0.0790875937961149	0.12004397046832939	0.2000052813880273	0.3069941013500741
0.21953553421789362	0.0860171663053839	0.22985844354671608	0.20464231609162917	0.25994653983837696
0.29589767136815015	0.0679026210376398	0.2382291511304536	0.18830653960008326	0.20966401686367295
0.2961937280792622	0.09293150790128123	0.21438128845937818	0.18731407229010616	0.20917940326997198
0.2418689051162621	0.0976304744735611	0.2104485365488013	0.2017883929771253	0.2482636908842499
0.31044698971155565	0.08238454963770302	0.11248773232959693	0.18310300358677234	0.3115777247343718
0.2425346289941606	0.08183962367416114	0.28973271617382657	0.15949504215495158	0.22639798900289987
0.23704341603893062	0.07241667069548505	0.24388291721650687	0.180265638388488	0.2663913576605892
0.25033640173946436	0.06699851610495527	0.23430669856656822	0.2021987407321148	0.24615964285689707
0.27978850236713704	0.09848243886965917	0.13345983846179643	0.17766558450744158	0.31060363579396555
0.31688418255613593	0.08291413028451175	0.16571421473688983	0.2139574764243698	0.22052999599809242
0.31287516712844565	0.09402887911455853	0.06682062712018083	0.21617491483293105	0.3101004118038836
0.26659047679536996	0.07475555874685047	0.18924294581333523	0.19241827481140564	0.2769927438330384
0.23122811381886071	0.08805363188673487	0.2418268541509686	0.20241364281692964	0.23647775732650594
0.3188132882984818	0.09033595251432111	0.15667517905482128	0.1958480302057456	0.23832754992662986
0.2566121566806623	0.07130065599480082	0.1715160705398443	0.21599096377806604	0.2845801530066262
0.30766025599805236	0.07177801519507584	0.15972029572266938	0.19600565411293258	0.26483577897126953
0.29106503053101984	0.06847306926335459	0.22602263911297948	0.19327678281129887	0.22116247828134697
0.30775749407024183	0.06794803818967546	0.2225017365028719	0.15418665494894368	0.2476060762882668
0.2412603202677469	0.08985269578441511	0.2314765008560373	0.17514439835106071	0.2622660847407397
0.25402405892097174	0.07578831992452811	0.22714877554061563	0.1891672705306751	0.2538715750832091
0.25694671794157853	0.0838239841195924	0.19628882787639274	0.21448935305181574	0.24845111701062034
0.2932854440054351	0.08737460721151864	0.18978565005470419	0.198886308877905	0.23066798985043674
0.25273269707851437	0.06652624866905865	0.23246618875326633	0.19103598356594695	0.2572388819332134
0.2953454242915075	0.07400153953430375	0.20994819911420312	0.18677163146654358	0.23393320559344177
0.30311535427778735	0.06648109410062075	0.244428655458258	0.16407704196474543	0.22189785419858823
0.24138225905391208	0.09588520826335213	0.3047396486356745	0.14387026119812638	0.21412262284893469
0.2330387372578535	0.0939709396550654	0.1457851604559019	0.2127019404160083	0.3145032222151707
0.30167653017846985	0.08438574905425339	0.172203772373281	0.20382879871659287	0.23790514967740264
0.27005003849142095	0.0862066417812186	0.12797168512433058	0.199583135029098	0.3161884995739316
0.26042590628182977	0.09238011888670922	0.27911719629635423	0.1470971693039631	0.22097960923114343
0.3027737070054619	0.07394876131143091	0.16183796199989933	0.1935459357805413	0.2678936339026663
0.29918572828999146	0.09845889333287569	0.18326946708451056	0.19556235482855433	0.22352355646406766
0.21470774373834423	0.08541598671223397	0.2826316998704764	0.16026378374871927	0.2569807859302259
0.2247389395644665	0.07373305982948417	0.32721184925666236	0.144300707158923	0.23001544419046382
0.29426905285386606	0.07632622322987322	0.21872755814542844	0.18672719775145089	0.2239499680193811
0.24224880336967133	0.08035629216473159	0.22734200993126435	0.16296738253380816	0.28708551200052435
0.24383880851597795	0.06940983085483354	0.21826171722304505	0.15756281010679354	0.31092683329934967
0.2875763021950698	0.06932380804311389	0.1322423699616576	0.1954130317329933	0.3154444880671651
0.31478008869755747	0.09087323071397878	0.1397696189090568	0.15600322085999682	0.29857384081940985
0.2385197529492072	0.09029150030666497	0.2489764713691598	0.14971104636945579	0.27250122900551205
0.23195535200951045	0.07654192387313631	0.20326429931159606	0.19370545707117748	0.29453296773457943
0.2984217681627669	0.07356341582518758	0.26259132594929424	0.15252974755876486	0.21289374250398618
0.30235937867064283	0.08542322356879677	0.18410554590440192	0.15794014744832535	0.2701717044078329
0.21728330515802688	0.07963935297856686	0.273405663205761	0.14805016881702973	0.2816215098406153
0.27676025702804363	0.09624343282879155	0.14519327952169064	0.1696907242481429	0.312112306373331
0.2307536697525337	0.07223191443073207	0.288038757209538	0.15109772484835554	0.2578779337588405
0.3203070513895449	0.07564984951389825	0.19083050770856214	0.18324319599538444	0.22996939539261002
0.2651064632756407	0.09340595274564945	0.1989994587771312	0.178270374252063	0.2642177509495154
0.21336319100155116	0.07631447860682242	0.20985775600062292	0.2075927261978059	0.2928718481931974
0.29776166927509595	0.0846547378093328	0.17838768154895535	0.14419614705979167	0.29499976430682395
0.22716841581428518	0.09317345795717635	0.24129044597968713	0.20964100454123036	0.22872667570762076
0.2227548112371336	0.08109141322209157	0.2565209415259244	0.18212509391713236	0.2575077400977178
0.2244424748019807	0.07872969879395887	0.3066995576462827	0.15223421342269228	0.2378940553350852
0.2487304359780443	0.08998975044050343	0.159353937783224	0.21328703517120917	0.28863884062701883
0.2234007344947003	0.09160848282062353	0.19932513275566274	0.21320831770312074	0.27245733222589247
0.2985815204430317	0.07134017063276993	0.11475228580090294	0.20590585335669795	0.3094201697665972
0.24246839248807703	0.07878336689038375	0.21483558092698687	0.1463562572730857	0.31755640242146643
0.28708445544121525	0.06608834570125452	0.2719466597602719	0.15260206380961178	0.22227847528764627
0.2222749451701636	0.06794341765194975	0.3441416812265069	0.14439537333579885	0.2212445826155807
0.2202689003861904	0.07097877505832659	0.2524728607810286	0.20403111998149093	0.2522483437929633
0.23320041909436603	0.09825021782755129	0.17657919465155278	0.19285440440239104	0.2991157640241386
0.2229449443094945	0.08468313664803606	0.2315646928903191	0.18309455846993028	0.2777126676822198
0.2518621642068626	0.0735098797996146	0.22973451951955495	0.20317724756623012	0.2417161889077375
0.2199212757370857	0.09648993747957899	0.26473816660317695	0.16781632654630552	0.25103429363385255
0.3175244666970957	0.0793926660870455	0.245384156544662	0.14520952064930157	0.21248919002189492
0.31921403349120614	0.0865961121816439	0.1543180680895228	0.14637878454253261	0.2934930016950943
0.317398405715574	0.07932854934735022	0.2168848115199845	0.17444953341020558	0.21193870000688547
0.3008449857079615	0.07840120599982484	0.14968973722643208	0.15863116846558428	0.31243290260019707
0.24480017829730571	0.07332138997312998	0.2903437395172779	0.15949630471335385	0.2320383874989323
0.3074414604203216	0.0944269884253233	0.18502660486851716	0.1774370566822336	0.23566788960360402
0.23561115608203848	0.07162937153220111	0.27878870375764836	0.19705970121138985	0.21691106741672198
0.2887173099222322	0.08818291328416752	0.21559371923114704	0.1599762674459842	0.24752979011646875
0.3216661485716911	0.09374794859808008	0.17803962468019752	0.15906431216453612	0.24748196598549488
0.2976742464871905	0.07322658591401493	0.11519184153449223	0.21129015520506333	0.3026171708592388
0.30749840145164437	0.08935873969811342	0.1935854710179325	0.18536607327430737	0.22419131455800204
0.3151657948211177	0.08655096994749434	0.12829697426661069	0.16958346110600242	0.3004027998587746
0.30023833055679694	0.08726000953106833	0.20500077499709685	0.17917244608284894	0.22832843883218862
0.2404659630860925	0.08097250954478259	0.2383828925197658	0.17087194103706388	0.26930669381229494
0.23866473814811315	0.08854209713712133	0.2595827139774243	0.20008312059505176	0.21312733014228924
0.30263698581847254	0.0951527508653819	0.21747661248579364	0.16058885114585641	0.22414479968449522
0.27116788029208594	0.09915658108502963	0.23180766605108552	0.16411065888329995	0.23375721368849872
0.2492439464209995	0.08505874518266683	0.2259659849856961	0.19964388164749955	0.2400874417631378
0.2772090427216046	0.08192237093278018	0.15106055848302158	0.20860234563146127	0.28120568223113207
0.24226978385249592	0.07533823235827602	0.22354955717225924	0.1667732510718748	0.2920691755450937
0.2550079550183682	0.08653463481560822	0.2966347567492027	0.15216822676957506	0.20965442664724557
0.2352236410479953	0.09322954566038817	0.19020574951089644	0.21538827468365998	0.2659527890970598
0.2388630908803871	0.09666822730450894	0.14571314825699563	0.20623367492524508	0.31252185863286297
0.28495299813127556	0.08835571323359523	0.14071586839413985	0.20430106507102172	0.2816743551699674
0.26330348710471446	0.09132501166728535	0.23139187818122692	0.17366905212729805	0.24031057091947491
0.24257967006551617	0.09576217662967278	0.16856685544920735	0.1950483151749501	0.2980429826806533
0.2726673352664237	0.06859239265195943	0.23914232872290353	0.14501891542986098	0.274579027928852
0.2635612627455898	0.09990996958965886	0.27282584993989845	0.15397993667029697	0.2097229810545557
0.27221039587352225	0.07337888283346389	0.2502969575300628	0.17973673460510364	0.22437702915784707
0.27833161908625276	0.0767196249409802	0.16307732286002682	0.1879608490562893	0.29391058405645065
0.25670742550247383	0.09809559523720528	0.24263259420126232	0.19186513989067205	0.2106992451683863
0.31661699661746445	0.07839297532854807	0.1716031938573693	0.18994959407412218	0.2434372401224957
0.24804878329478441	0.08863918751519448	0.15191248097657178	0.20091345104881667	0.3104860971646324
0.2753106349315938	0.09441257136869961	0.15438315671742459	0.20930656541687775	0.26658707156540395
0.25003180393939384	0.09430773709136038	0.20618804053286288	0.21468561902262184	0.2347867994137608
0.3180412963699304	0.0828526621134276	0.18375960178394596	0.1762150560115041	0.23913138372119164
0.2741898667124115	0.08061233552593479	0.1452615302550632	0.18237608442583222	0.31756018308075795
0.24752208211024057	0.09613778598917969	0.204483152518975	0.15162419754868495	0.30023278183291957
0.2563674509528536	0.07331501633760734	0.2605325732792035	0.1999555738681636	0.20982938556217173
0.2517759596103247	0.0946280601374241	0.22028224585056846	0.15877143016007203	0.2745423042416105
0.22866482368839428	0.07552990274837565	0.2164891179725806	0.20263875365476425	0.27667740193588497
0.2473587106599159	0.06751181211945964	0.2575391343489386	0.15044977238030321	0.2771405704913823
0.26999601237264054	0.07460874739155404	0.2567135279125088	0.18849164470238933	0.210190067620907
0.24562632724326294	0.09168067718763549	0.23639264683884315	0.175269686945569	0.2510306617846892
0.24476311475578094	0.10008604626227421	0.23761092947516682	0.1456453585450969	0.2718945509616809
0.2301338834582744	0.0674807589338631	0.33973303816095296	0.14591848279109654	0.21673383665581275
0.2739459161121944	0.06853875797386194	0.20121339837571386	0.20125948749385902	0.25504244004437054
0.21309331722403063	0.07996681667697347	0.29330695291197506	0.16705204840782434	0.24658086477919622
0.3035519716484927	0.07616583841838354	0.17517950686012201	0.21546971841315063	0.22963296465985084
0.3101750812484505	0.09808811029406354	0.13193699091964511	0.17736787105489332	0.2824319464829472
0.29070267506383496	0.09569521522308225	0.13519490833926118	0.21452878196153605	0.26387841941228524
0.26910357730263407	0.07929276492834329	0.24978622985015428	0.1648318989572019	0.23698552896166625
0.31415337496430973	0.08950370513145463	0.1266394836923796	0.1969284550746092	0.2727749811372465
0.25833306012443064	0.08830576389909055	0.26218998099791385	0.1718671758174289	0.21930401916113582
0.24144580967720936	0.08227274251206895	0.1719555943771195	0.19983686782121016	0.3044889856123918
0.30618725934829905	0.06860122136845284	0.17090884100068826	0.16901056007712364	0.2852921182054359
0.3041016249459736	0.08878858767941206	0.12466629596384524	0.20982302009863937	0.2726204713121294
0.2780204203283728	0.08486402407026569	0.16880040716146277	0.17109997770232002	0.29721517073757847
0.2530676020351556	0.09208861367906565	0.20200488826002344	0.16518890633613875	0.2876499896896163
0.2516388560485983	0.09722671599763841	0.18604953096182136	0.2094774222301372	0.25560747476180445
0.2532488549570438	0.08867845613062655	0.26445982308898114	0.18381257031907905	0.2098002955042692
0.22033615726968264	0.08926747099241848	0.2628776646799401	0.14640054896201224	0.2811181580959463
0.31437387456305793	0.08301411462342771	0.15804960063372536	0.17936997143026057	0.2651924387495282
0.3185859499266466	0.08289449209667149	0.12202225818275267	0.19433024051178494	0.282167059282144
0.26763732501089355	0.09166601305170172	0.15085858202046998	0.2025579810025559	0.2872800989143786
0.22650883461648852	0.06757832338523925	0.27792933645381296	0.1451976121919277	0.28278589335253135
0.25160374163895755	0.06873550490132554	0.22957149112226444	0.2134952798385734	0.23659398249887886
0.2565115211486436	0.07944551011934974	0.24382700549998737	0.19727404343015542	0.22294191980186365
0.27754858983353825	0.07629253947225002	0.1729930460371997	0.1817319711320547	0.2914338535249571
0.28081247032816253	0.07034195964874668	0.17483991804328008	0.17106314910689266	0.3029425028729178
0.2634745136490185	0.07912186521080816	0.1742460996795466	0.18857868876736494	0.29457883269326146
0.31393356485960355	0.06764924077977691	0.26244989267374763	0.14454527363378217	0.21142202805308946
0.28679482666927425	0.06804230869022429	0.22779386345226815	0.1641531569259459	0.25321584426228705
0.2947946860778628	0.09814546488018763	0.14608085521221065	0.16032826154519542	0.30065073228454325
0.30726783950120157	0.08486343195294103	0.18412558994986605	0.14903678870869297	0.27470634988729814
0.24027861082472393	0.07140232640835334	0.27570574442641554	0.17419687672282624	0.23841644161768072
0.27969655893744727	0.07470469459332507	0.2244909355365864	0.14735262971828822	0.2737551812143527
0.2661609171403016	0.0879011021151806	0.20554821939084458	0.1539164028738635	0.2864733584798095
0.25191122355632767	0.08118171901105459	0.2220317753240183	0.17068466754483938	0.2741906145637598
0.2156767886445584	0.07171233195543711	0.2895037773752754	0.18281629599804677	0.24029080602668215
0.23180319472589078	0.09850282969314378	0.2145068779063195	0.15573733867883888	0.29944975899580684
0.23848348951578519	0.09257121855420479	0.1673729755669968	0.20946288017054981	0.29210943619246316
0.26593321539111453	0.08029824893797477	0.2304368861902103	0.16068686308052954	0.26264478640017064
0.26843360323140547	0.08692100401692333	0.20348758361106772	0.19213024878825646	0.24902756035234677
0.315089151960232	0.08860490317158025	0.1561836539599773	0.21487418103984463	0.22524810986836546
0.3137903375043151	0.07109943513399933	0.1883567248706367	0.14412673165082274	0.2826267708402258
0.262634276373241	0.0823012652380743	0.2193393159357686	0.18491234215103536	0.2508128003018805
0.3166291048687772	0.08531057749602673	0.0945924933787015	0.20683074136787039	0.2966370828886239
0.27327588880919806	0.0739095525201682	0.239632610137316	0.15217287969148882	0.2610090688418286
0.2940982197203392	0.07866025449663747	0.15767522162013753	0.16229215593994661	0.30727414822293886
0.2928311168234899	0.06638057195553132	0.17219160652222051	0.16216991723998336	0.3064267874587746
0.2986384028793115	0.07176169655827228	0.18507681664242942	0.20972079345183353	0.234802290468153
0.29790406137197145	0.0983912918064365	0.12409402593483337	0.19190520733036495	0.28770541355639345
0.2696762281742072	0.07987074421736776	0.24245089800867883	0.16957385583996154	0.23842827375978437
0.24966582118062505	0.0765177981366913	0.23779271171178057	0.17167100871001628	0.2643526602608865
0.2399692437910324	0.09060484149529689	0.27412107408642955	0.16259190698441406	0.23271293364282686
0.3214008114503295	0.0881573124394469	0.14369989714483308	0.20741753936016713	0.23932443960522307
0.26642893925846123	0.09743122477031822	0.24457528228380188	0.1793858495728026	0.2121787041146158
0.28686193139626803	0.09817282528543672	0.13710697649907327	0.19579897154674628	0.2820592952724754
0.2691167993938085	0.07529443476948428	0.17418939643421427	0.21109449749012899	0.27030487191236374
0.22414229128347019	0.10004093242557943	0.24243425160377385	0.1800034821280212	0.2533790425591551
0.30803994140853297	0.08386463565035077	0.22052997383771444	0.15151559061596054	0.23604985848744103
0.22326826141038855	0.08671091823825063	0.24495820758263454	0.19298665697488898	0.25207595579383707
0.21269221436167218	0.08517980810428677	0.30759788881107525	0.18369999782461957	0.21083009089834603
0.2315232930856473	0.09923960259952162	0.27589111969763114	0.17085723544304351	0.22248874917415618
0.24411276261992154	0.07943755780625228	0.21571999649964912	0.21394602097763327	0.24678366209654357
0.24838039870141146	0.08592444116506537	0.21067782964184323	0.1502793320288309	0.30473799846284877
0.24422078811231207	0.088683591073172	0.21138668281718626	0.16300521385475994	0.2927037241425695
0.2876688643298952	0.0813167635364878	0.16830027275341042	0.16558548791524735	0.29712861146495895
0.2449418007984282	0.09409341182837308	0.26132334771809207	0.16592560027726455	0.23371583937784185
0.22803917177149163	0.09988625099583592	0.27442806914607115	0.15797285024669983	0.2396736578399012
0.30251836555934103	0.088564465494395	0.103372975845234	0.19502710569781742	0.31051708740321227
0.2242122480541213	0.06700267512051589	0.2227001283143656	0.20215271122487513	0.2839322372861219
0.3088020713393068	0.07834323131381485	0.19892301256902362	0.20449083255965184	0.20944085221820263
0.26114729162944594	0.08957563744599369	0.22510564107577413	0.19272312723524146	0.23144830261354454
0.29204404592847155	0.06708525651820557	0.21186909170729387	0.21616667901643588	0.2128349268295929
0.31701993768860376	0.07114796649826194	0.17398023223366896	0.17656686320558396	0.2612850003738811
0.21253249973500776	0.07502397332901357	0.1792642249174971	0.21498266001806898	0.3181966420004123
0.2523340185193466	0.09302782549930382	0.1636843128574606	0.1803142847420598	0.3106395583818289
0.2163300419946901	0.06698457752975234	0.30786737910804207	0.16030210247130638	0.24851589889620881
0.2537898453327836	0.06786192863673568	0.28045840971534086	0.170197781296431	0.22769203501870863
0.26878637364041724	0.09999485775900786	0.22671900587229202	0.17743254401840652	0.2270672187098761
0.26157019716162533	0.07523893959970257	0.18828428915944545	0.18307419789002755	0.2918323761891988
0.3043823832910463	0.07909108692668333	0.1551609017830134	0.1425882765827607	0.31877735141649605
0.3196811545999455	0.09541494355983504	0.09672589038816061	0.18011148627758794	0.3080665251744706
0.24222040363355296	0.07168892059083454	0.15317955894892507	0.2154005296969251	0.3175105871297621
0.2922610548177512	0.09525985340473686	0.12567107055873028	0.1935153306194407	0.2932926905993406
0.22139659012739277	0.0745726138707084	0.32909356145062907	0.15205379617453085	0.22288343837673866
0.28505626973042686	0.08196424333330059	0.18910868873026368	0.19306022871662165	0.250810569489387
0.27282498594578225	0.07121004014660498	0.23764205228406843	0.20585485191571312	0.21246806970783094
0.2403376787095948	0.09640844469674609	0.21303007516569128	0.1430521142316287	0.3071716871963389
0.2661767965683485	0.09470504175286175	0.16246176414328994	0.17921965864624603	0.2974367388892535
0.2727463179863424	0.0779415783317519	0.12174627261726388	0.21102358631327367	0.3165422447513679
0.27641095262001525	0.08097694724595052	0.24667505131163836	0.1626350363037095	0.2333020125186861
0.3093554471804329	0.09819700380001113	0.14293838655170002	0.1653451545696139	0.2841640078982418
0.3169602427416709	0.07740678766370744	0.2226468739743775	0.15392300253299662	0.22906309308724726
0.2552059523653231	0.08596440954873605	0.2912933200357387	0.14494439471102485	0.222591923339177
0.2125493758298012	0.07437500008020065	0.28029588911541425	0.16110053662435514	0.2716791983502286
0.22712734450820968	0.07636835746081302	0.21683340795345482	0.16609306249668676	0.31357782758083547
0.25933962707635166	0.07805598373756857	0.20985356641203887	0.16212063540543287	0.2906301873686078
0.2177255167759264	0.0679425237210384	0.25567650513819484	0.14748456557611833	0.3111708887887218
0.2327338988967163	0.06835530721300592	0.2948093330325907	0.15277997119454123	0.2513214896631456
0.21933179406458528	0.08607734817194425	0.23552818276975424	0.199491054660678	0.259571620333038
0.25323489731779786	0.07731184387314934	0.2375881670429231	0.15713424559197614	0.27473084617415333
0.2638421323360378	0.09470176583553691	0.2408969101159507	0.15292568796514128	0.24763350374733303
0.29349207826190615	0.09545959734497154	0.16717307644079915	0.19835118549343864	0.24552406245888425
0.3068327367239806	0.06947873390603371	0.15760472098660547	0.16218874541832862	0.3038950629650513
0.31207377344042175	0.09466246419294254	0.10719171928289356	0.2098581297664868	0.2762139133172551
0.24877255469886614	0.08173721143339314	0.24393059052207633	0.1727562898927201	0.252803353452944
0.25617235252040194	0.09120074861661487	0.20919116029689974	0.1624741029692304	0.28096163559685283
0.30070920921574984	0.08344087075404057	0.19100592631737554	0.16231374951557198	0.2625302441972618
0.309090636839758	0.06967314440396735	0.16277830038909957	0.18611103600798345	0.27234688235919136
0.2555831481607765	0.09289754164410481	0.24135573509553204	0.1793258475042265	0.23083772759535992
0.2900930906086049	0.07231231819027431	0.18364630180126154	0.16502011138375783	0.28892817801610116
0.22281365261939537	0.07085120028856545	0.3195446708483469	0.17010377735228266	0.21668669889140937
0.2676421233977571	0.0822836780484666	0.25030406519224196	0.19005804307963642	0.20971209028189763
0.22139185627201508	0.06819458049371957	0.20731136576908207	0.19085170447869054	0.3122504929864925
0.2873234838142144	0.09254887158797047	0.14217594979855275	0.1959045375065632	0.2820471572926989
0.23251297185199724	0.09193504996204573	0.17988819111783746	0.17968809600015234	0.31597569106796697
0.26140770328120533	0.08221649963741352	0.27357862662552856	0.16080834497906876	0.2219888254767836
0.21773050397118618	0.08180343026426842	0.18606871111825216	0.2071430619829689	0.30725429266332416
0.27243313031399197	0.09140222280438387	0.18500993776986135	0.21137930714898837	0.23977540196277417
0.25824882409631483	0.07953274297249235	0.1953815028732437	0.18012730205782151	0.28670962800012734
0.21852058137557206	0.08110943878186737	0.20889099572262926	0.2041621445167621	0.28731683960316895
0.25214180185154567	0.0743331056157519	0.2488124811534133	0.18503450042397396	0.2396781109553149
0.2503968980585019	0.0734409682427879	0.24861023519516606	0.1980211712902941	0.2295307272132498
0.21281616194006647	0.09163514883879188	0.22927234344759262	0.15218285570826479	0.314093490065284
0.23639810980205406	0.0787436209832714	0.27254382862828896	0.17910039844642084	0.23321404213996455
0.23116091886739548	0.09301890884774522	0.23476811516665425	0.1618441593398413	0.2792078977783635
0.29245941628600824	0.08180042673862589	0.2583445727459544	0.15007489880778718	0.217320685421624
0.2553806879717413	0.08806458163934591	0.1993191215256872	0.19691737746861315	0.2603182313946122
0.23927073785681274	0.09417348236027648	0.27738231293915083	0.17166013797401664	0.21751332886974306
0.22848508232688197	0.09377867867477285	0.24579402356047886	0.17448358842440517	0.2574586270134609
0.2950986851218116	0.08176904425897424	0.17259033451239353	0.2134355449453287	0.23710639116149165
0.2675310644426191	0.08983391291511691	0.20286745099721454	0.1858887743381067	0.25387879730694246
0.31941802237271605	0.08996127783785178	0.18357340397891858	0.17015102132914367	0.23689627448136963
0.2847328667351742	0.07045097786847898	0.18836176717338038	0.15912296278321605	0.2973314254397501
0.25908200608364934	0.09363068984573725	0.2141608297208467	0.16644850865597288	0.2666779656937936
0.22795850683318677	0.08188768197138147	0.26169017232179015	0.17619209748863918	0.2522715413850022
0.31532652456493965	0.08636842466495234	0.12648992381446728	0.19969699947901304	0.27211812747662745
0.3137321897839813	0.07114217047625437	0.24197341200489764	0.14619709717468526	0.22695513056018116
0.2887353308544065	0.09540515206248114	0.11883798603897788	0.19182570996348006	0.30519582108065413
0.2541395429187218	0.08881408409825843	0.23963412697564318	0.15341570528307236	0.2639965407243039
0.24878731399171025	0.07961194755201506	0.21068405962824163	0.1601210083316008	0.30079567049643197
0.23219630854647544	0.09979843040881685	0.26766354481168975	0.15121192237035513	0.24912979386266257
0.2526524891492074	0.06683019506720694	0.20662596874984812	0.1834526460804454	0.29043870095329194
0.32090538564477167	0.06953973875847419	0.142762482552073	0.1517155365380265	0.31507685650665435
0.2751616903901065	0.07811542333024953	0.24005936160946895	0.14576393237780158	0.2608995922923732
0.31898945678778085	0.07600338438088472	0.21590369610041243	0.17946418327206137	0.20963927945886032
0.27915321214619015	0.07203079319394434	0.241443408700743	0.18084868426047968	0.22652390169864256
0.23869961512782117	0.09847026744044608	0.1776710864254654	0.20777646963052093	0.2773825613757462
0.2709671818340862	0.09830524610926684	0.1688397934316245	0.20888992398152292	0.2529978546434993
0.26205700079009864	0.06891152874895232	0.2532125394411555	0.18129975650427996	0.2345191745155133
0.23862127689373472	0.08084193183645212	0.3095791551421624	0.14188267775964047	0.22907495836801003
0.25800810203522706	0.07799738704651892	0.22975325915925557	0.16729378048843455	0.2669474712705636
0.30327070639473575	0.08087347301133511	0.16308133065637614	0.15183087539509826	0.30094361454245444
0.2652063626765229	0.07399577271913865	0.2516057328092226	0.1839590083177122	0.2252331234774034
0.2594921604605903	0.07295346884405496	0.15961323689972703	0.21266056622842755	0.2952805675671999
0.2186555852190437	0.09063437283977564	0.279309209148099	0.1797652755501893	0.2316355572428921
0.2719962825159714	0.0756141366229131	0.17101221792818744	0.17139562006330833	0.30998174286961955
0.2836485764199368	0.07597825801792506	0.18967770687442914	0.15878872671679656	0.2919067319709122
0.22280974182135094	0.09504332389482949	0.21345064648749948	0.1545492607521563	0.3141470270441636
0.26881874987469245	0.09286312326787156	0.20027846672977695	0.1840186561857623	0.2540210039418964
0.24784871540511794	0.08238862014486734	0.23836234015223814	0.1992699459208746	0.2321303783769017
0.29834053931411975	0.09665053362161562	0.12660069287856568	0.16497805823760212	0.3134301759480965
0.29071561741382485	0.07506703182130482	0.24391647334928096	0.18155223286811076	0.20874864454747835
0.3097257471164184	0.07173637750469994	0.23933428306019802	0.16325283284532027	0.21595075947336306
0.29684687465709314	0.08055031222354461	0.22561741503837923	0.1582932096301075	0.23869218845087517
0.3188256352852882	0.09064164304102075	0.168204744672435	0.1867575754359231	0.23557040156533263
0.3018782141556658	0.07749042443315374	0.15013123924217253	0.17763788313268034	0.29286223903632735
0.25470610255079734	0.07128780957975409	0.26723109614516466	0.1817583155592092	0.22501667616507443
0.26040602085819126	0.08924347389814173	0.17697501552612238	0.1649061257387669	0.30846936397877756
0.2570027210307157	0.08102147480645275	0.22013554775213723	0.157395295670462	0.284444960740232
0.28118769148804035	0.07466751603292787	0.12711436479617935	0.20922548753689277	0.3078049401459594
0.3051519040874677	0.08762754635621374	0.23759745662381407	0.1434132351403214	0.22620985779218286
0.29027575078658036	0.08429630790390795	0.19485315128084243	0.21138470879795784	0.21919008123071115
0.3181617237047625	0.07619373757222032	0.1603171953616399	0.1465160059912563	0.29881133737012067
0.23794126802772295	0.06884289792725132	0.262241673758305	0.19703781884990343	0.23393634143681707
0.2800036093377946	0.09464397991238728	0.22143057946569272	0.19258646052528425	0.21133537075884085
0.2822921560246757	0.08943781025733012	0.18983010104739292	0.16606037153989717	0.2723795611307038
0.2800902568854169	0.09747467006893075	0.16818886810739325	0.18175797310148642	0.2724882318367724
0.2127127457073509	0.07119497589331167	0.27453889741625565	0.175047039820156	0.2665063411629256
0.3065604205653616	0.09025763701959501	0.13930134810715056	0.15856989173056077	0.3053107025773318
0.24405811611801412	0.09500704108740707	0.15649635609259693	0.19332164581116357	0.31111684089081804
0.21734225180769412	0.08758819347693227	0.280820437483941	0.19554422250088319	0.21870489473054922
0.2946850572250558	0.0702509302970793	0.15238366576969936	0.17576565630678842	0.30691469040137687
0.2818360382172039	0.08602017445618187	0.13127665938773597	0.21558540427044734	0.2852817236684307
0.31353850240410863	0.07275536309373781	0.14119182834401994	0.1895699205225581	0.2829443856355752
0.3137450963019478	0.07526083814311056	0.15544967109461744	0.18948929108966667	0.2660551033706573
0.22672287096909408	0.06680113264795706	0.2919496913800988	0.15965694515650497	0.25486935984634485
0.23964131136096797	0.0808764620991588	0.22099811811291176	0.16979405790615998	0.28869005052080127
0.22420057067273003	0.07673719048526606	0.24309190013004403	0.20925949651352543	0.2467108421984342
0.2566306799649856	0.06834304588724702	0.25934205703638524	0.17243399624531114	0.24325022086607073
0.3179974325520875	0.09654300982055686	0.1382846891028338	0.1542789832071011	0.2928958853174204
