0.09211422305093958	0.04307873732529183	0.13863082202734098	0.17014808993796005	0.026594566997442337	0.22677191333295726	0.07737796294027263	0.028388870357570706	0.04188334030791714	0.15501147372230745
0.11352908474815569	0.04276740786942096	0.13191287745996758	0.12738982052632836	0.0501722099059513	0.20097585563280673	0.07719197250898162	0.044107600798903294	0.0267997459533387	0.18515342459614573
0.07397421328196936	0.03706062826007188	0.12705726417479551	0.15618074515403227	0.030558120167746713	0.21126205685951016	0.09702325174576241	0.07579186437616017	0.039052130618407115	0.15203972536154436
0.10292389735166893	0.03745551103776995	0.14424748939211357	0.13407255254634226	0.033697748060818905	0.18331898007790265	0.12574394675147632	0.03826997946009522	0.03465853495841975	0.16561136036339236
0.16088701756023022	0.03763709014965764	0.11507361340755243	0.13946295434953299	0.02374193108937042	0.19190352076226413	0.08001105906763456	0.042246420221176	0.046556621407601854	0.1624797719849797
0.13083169764540142	0.03898399583230644	0.11312243445155594	0.1533544205829976	0.019956851513452237	0.22878759650963504	0.06885972450204343	0.03476769331978241	0.029372717837593987	0.18196286780523147
0.0911151996070933	0.039937192944989736	0.15779372003075098	0.12757290912266778	0.049526667974293136	0.21111716633822575	0.07822524377314657	0.049800755430075234	0.02991987307939771	0.1649912716993598
0.14579457626494538	0.03540129462439011	0.11878589104266388	0.15328054174263206	0.03694111446881021	0.19417938502378848	0.09760565828670914	0.02544614709933836	0.01291916640603298	0.17964622504068928
0.049473054654798565	0.0359389095242873	0.1136110367075629	0.175010635810031	0.034769747115638974	0.19614215877113056	0.11641307702464246	0.08800832694110455	0.009303871702350905	0.18132918174845275
0.06788051184721668	0.03456738608196426	0.15462466205088432	0.16186878264064647	0.04196050144273647	0.21895654207402304	0.07740993682652102	0.042970129989875934	0.045961777602037734	0.15379976944409404
0.0958507877056601	0.04004170056078253	0.11356461050713287	0.13976029254405467	0.06284912353099656	0.24022301116989014	0.06041130284939688	0.04616509543844727	0.040065586373971535	0.16106848931966733
0.14453557475215978	0.03519846600934613	0.14801736631573004	0.1482508555083052	0.03752509776956372	0.19800323519797486	0.09216974736881368	0.028172922414884297	0.015638079536668945	0.15248865512655332
0.04732141194919216	0.03306472066815161	0.15079379049649322	0.12725348932409564	0.06411975662180183	0.22790691738430924	0.12485975788239365	0.03332759295745781	0.03959731283792631	0.15175524987817857
0.07393300662966026	0.03525272472458131	0.15070317808654343	0.1601042868692314	0.028883374688137814	0.19219371748679823	0.12940716290291543	0.054141081230106414	0.012480483913931084	0.16290098346809456
0.12267125085280332	0.03590661102535313	0.1172226552471082	0.18121902392094652	0.04224126089835957	0.22628058888087005	0.07813350456019501	0.01802461672170766	0.01831281386861977	0.15998767402403669
0.1728195075633578	0.03969044100754129	0.14221410799521325	0.13453017021597563	0.042337181531196456	0.17932660574677534	0.06611979994584014	0.0578041899841555	0.023316342143760563	0.1418416538661839
0.12377061738300713	0.04303693217817317	0.16470382976841574	0.1675483219156533	0.021722875358810345	0.19030613179866737	0.08174154801192311	0.01644260260428361	0.03803732278137602	0.15268981819969019
0.06943881298548718	0.040846402022615816	0.14718430177318886	0.14672805380063506	0.046966145780082444	0.2397244662714828	0.10777249831408392	0.02723047241266227	0.0316776444419582	0.14243120219780342
0.11912583498197486	0.03483081959009639	0.11531813486716219	0.16090638143741315	0.042476595531288935	0.19789640867134475	0.07173800186473411	0.08248810711659502	0.016725684125357146	0.15849403181403332
0.08671952069274588	0.04205838900842219	0.15154367918909956	0.17324517512643883	0.023294919001532924	0.21710011690334657	0.06428563168366161	0.0452255399449738	0.013653033128420047	0.18287399532135856
0.06107115176071455	0.03457428883212477	0.13641679230623704	0.16285950450804954	0.03593477353982301	0.21394904277729193	0.09933834133770494	0.06833191266231026	0.03272620907960894	0.15479798319613497
0.08359761961032722	0.03490873211365132	0.1504343059693162	0.13623240674427603	0.03708657252264151	0.19101472672357378	0.08277881076368546	0.045019409228550765	0.05090906390751295	0.18801835241646472
0.04215024018501474	0.03289008833325793	0.1694875524750592	0.171146625271424	0.06739423030030661	0.2017901093786794	0.0587214078787703	0.050484783768141285	0.033689043090082305	0.1722459193192642
0.07875516592487704	0.036398329317196026	0.15670432789615313	0.147785606974229	0.044173762692721504	0.21444021225051924	0.06813052680435627	0.04675324218230223	0.05065248031495353	0.15620634564269198
0.050937961640228374	0.03575969988688618	0.12404879851655534	0.1688489568563541	0.026583313829488822	0.18417970285128835	0.11635905366434912	0.08565721742315041	0.03306666303474069	0.17455863229695862
0.037240882697240255	0.03550763790166661	0.12134667520553798	0.1449988149971482	0.04536684683157315	0.22570620375629347	0.12438197594203487	0.07427809992191942	0.0391990103800413	0.15197385236654473
0.12294197340965625	0.03555443338482489	0.13670391310999574	0.12960829783285352	0.04584205367465044	0.18298023129464414	0.12377361427577141	0.04118190028062537	0.03927477048473515	0.14213881225224306
0.04005919995113936	0.03333184175713755	0.11817924902319919	0.1815675749093093	0.02780965314649969	0.20524473929246687	0.1269870435957131	0.047646820329884224	0.03916979396018791	0.18000408403446283
0.09079104149883824	0.04178158890826448	0.1379769487425443	0.18006803251097123	0.053646796316791104	0.18186660092198884	0.06511097807946242	0.03892838565594618	0.04201291084472432	0.16781671652046887
0.09166425490357809	0.04104162609352862	0.12364449932211106	0.16893002078746683	0.020263028701635252	0.23878197857186312	0.11378046431593086	0.022802364548810128	0.03239886265364758	0.14669290010142844
0.03783811998036905	0.04102589919505849	0.13083805295372905	0.13345858213925282	0.0807684427603339	0.21129608415157275	0.09100850538972913	0.08801091507710594	0.024554544210365153	0.16120085414248375
0.058190288144569655	0.03693015018251104	0.1648227148545236	0.1296801691727751	0.05165931618438015	0.23124565980420875	0.07859067892394075	0.07446428200483263	0.013035634628808218	0.16138110609945008
0.09925131860097741	0.040184270571375254	0.11435427183733288	0.18785547924341156	0.0741725671658287	0.17920237665380145	0.06297271454075004	0.07389343927384012	0.018051114436898955	0.1500624476757835
0.07301255803840312	0.04211272971886267	0.13449968222273334	0.14009745231987203	0.030752915532204106	0.20330973902241883	0.08707109585368883	0.06612754947733496	0.04230633677980637	0.18070994103467572
0.047717578568128624	0.03321118439149057	0.1367372693487286	0.17162406108165143	0.03347662880187163	0.21289079514723355	0.10673308847740637	0.06464592966659648	0.020205421534063267	0.17275804298282949
0.1090326740854645	0.034858753546406926	0.13307033966695456	0.12866418466518398	0.06068220036260283	0.18805008604399318	0.09596921075966171	0.049978198372608064	0.03065644061512296	0.16903791188200123
0.1596652687316282	0.03653085415838421	0.11534824298727105	0.15768036002349667	0.05398148464087199	0.18371114201328556	0.07645587239628386	0.019450394977122615	0.0227674588803006	0.17440892119135515
0.13299171406220633	0.03985544232693078	0.11558770697358026	0.1406228326257384	0.046568006978762955	0.19763736202566667	0.07904308937542356	0.04671402665005281	0.011868870495258352	0.18911094848637977
0.06779170975694429	0.03306294359313419	0.12486851239283568	0.1917321430157932	0.03235001057664216	0.21139467124583658	0.09430183401940614	0.05021881788717973	0.03852094592267462	0.15575841158955342
0.12960398167622014	0.04208914956523098	0.14242968121382854	0.14838502811078144	0.017856975471870692	0.22339985640829962	0.06314615486812565	0.035950084463753806	0.03556958667886294	0.1615695015430261
0.1010162481163376	0.03268581587930501	0.13264724890005986	0.1660554180000404	0.028632469701151506	0.19829476161237347	0.07373191744229221	0.0795131146284084	0.01673300017735105	0.17069000554268043
0.045066149568256046	0.04082090269541054	0.1487233641192084	0.15385254023786993	0.08830227457122619	0.18945955641558726	0.08557390361090537	0.04077555674131465	0.03030004586816981	0.1771257061720518
0.11186005769548424	0.03958806496325673	0.15035247409972008	0.16946770308302744	0.022875734297283665	0.2238252405082839	0.08627429707003686	0.020588811209844918	0.01694043862121762	0.15822717845184445
0.09470270955348083	0.03885784246893218	0.1534660746524425	0.15797550314732595	0.06003460865000394	0.1997162320697102	0.08209456749435116	0.02332622050357762	0.05171715881922569	0.13810908264094984
0.138046430800165	0.038484407576416364	0.14086650414830063	0.15570695294150827	0.034105328948804164	0.2126464901155417	0.06742914732366832	0.03671231012154921	0.013408701859383101	0.1625937261646631
0.09327182273513465	0.038780159703974006	0.16462459658335865	0.13936241272191674	0.03680686872975536	0.21595457791948142	0.07942763351525925	0.017031322084624725	0.047940242882882164	0.16680036312361296
0.0925661804081828	0.035369722984214674	0.1466756915258434	0.12882435167856826	0.08450106359926418	0.23567573091645977	0.06114755020579424	0.02116747016899924	0.028308069330191102	0.16576416918248224
0.09002183650144106	0.034682105668718155	0.12826297783444623	0.14296455300445554	0.02882762453586625	0.22951790301978947	0.06766793290193795	0.08572942420118303	0.01202019755915397	0.1803054447730083
0.15026819204252567	0.035423540758746805	0.16990618882021183	0.12723503839129777	0.043148739686576024	0.18285159866389256	0.06684490244005183	0.0163615769052583	0.026576702938708424	0.18138351935273067
0.08008945647333526	0.03366385402039056	0.11788973781329876	0.17395842618869345	0.05982212555176572	0.21071199777914779	0.06451247053187958	0.054751447527239115	0.013862192210910423	0.1907382919033393
0.04361677435386912	0.03755831256337873	0.13189799569266317	0.1623350063208206	0.06915410612706437	0.1834429438523575	0.06933210580352417	0.06759286562695396	0.0518887007948529	0.18318118886451545
0.06738179137756768	0.03475659305557734	0.12073967953810082	0.19215640800700517	0.018994724928450085	0.23864886275606922	0.07086320124109485	0.046744074964966215	0.0511678665321001	0.15854679759906842
0.10277553342148397	0.03248993932645072	0.12486459008138695	0.19156116589947858	0.04322559746363043	0.20439181333630313	0.07232270801080659	0.030692440044409255	0.030640823833433042	0.1670353885826173
0.06436390693445182	0.04045656870273893	0.1485861615306991	0.18091107623823138	0.056783299675851336	0.23639046892512178	0.09015217516121447	0.02950170650978169	0.0156840643919631	0.13717057192994642
0.045945290552590515	0.04195378941898553	0.12310383444748763	0.13430519140881092	0.06651099126560796	0.2101434488985773	0.11709425127363834	0.055827434699234874	0.015155640890012687	0.18996012714505428
0.07502949092641699	0.03832041691923633	0.16319224544031968	0.13758711306446728	0.04803198830784499	0.1840609879589961	0.08134183382806154	0.07532694424503064	0.040134361224442	0.1569746180851844
0.09481463100484555	0.04240686243208987	0.12260972370549539	0.17970355625152906	0.031912053031942264	0.24792623656400825	0.06224298555526323	0.027003973604567216	0.03703243887210729	0.15434753897815184
0.04868733260796022	0.032382633722411944	0.16538483153551622	0.16611098675949643	0.04880646464004815	0.19364047846610424	0.1092559268237828	0.016900294518516143	0.0492689358811756	0.16956211504498825
0.04358359313340677	0.034653380668296194	0.14481461834295745	0.16789194389918638	0.058271011897485056	0.19502125299943845	0.10540545160141748	0.05776255005951117	0.04253940567767597	0.15005679172062508
0.08633448205433526	0.04220158751216657	0.1467730054860553	0.1771231936695748	0.03578660991980753	0.18826151724315815	0.0607630232041308	0.07669963744666539	0.03987019182403001	0.14618675164007613
0.07947850854847413	0.03400338257914254	0.13382692217255393	0.1727635496251395	0.09131554826104679	0.18321977561517722	0.059214579624235875	0.01895410425116531	0.03505366064462177	0.19216996867844288
0.05742393964747135	0.04100100076551643	0.15576881436514026	0.18517884236642612	0.021820078336631354	0.2405432210271511	0.077427614427423	0.017780491947442426	0.035253800053517984	0.16780219706328003
0.1051906580707372	0.039482311511113186	0.13440709245646015	0.19007149973885218	0.02085296400903261	0.22935387763902165	0.07670623532441756	0.026796052905913623	0.019200820165403462	0.15793848817904838
0.06690993427581778	0.03804032010771047	0.16415172632360275	0.1692102746108088	0.05051276480997333	0.18477818493818765	0.08107038624561203	0.07878748718366912	0.021412819793064808	0.14512610171155332
0.07597465571663736	0.03693155044632461	0.11481598631915887	0.16492900443958303	0.03446796845130344	0.19240465802712975	0.13919338471664933	0.058975161529962045	0.04008330736726589	0.14222432298598564
0.08043365073714044	0.035498689688157864	0.1158953183277605	0.19235649523074347	0.049266576507426656	0.19301372679083226	0.0996362590295001	0.04271620095123201	0.043977017622996724	0.14720606511420994
0.07832833284786093	0.03643268029445365	0.12733488364061463	0.16405305835926234	0.09177480612828341	0.1924082191017474	0.08796359834744409	0.05793806084381498	0.019721901426175636	0.14404445901034285
0.08036497313579818	0.036737962385796616	0.1325029803949084	0.1431090889252154	0.056882903506660795	0.22702523633126265	0.0820180251996035	0.05238231549667681	0.03503519745423517	0.1539413171698425
0.09974470819926194	0.04132239330276696	0.16851134845769933	0.1365613037557318	0.02001495281642432	0.20709127349691867	0.09450524069054801	0.0746183446269319	0.021299875271001648	0.13633055938271538
0.11065959251515237	0.036018824442200253	0.1455524954956575	0.1404958314338548	0.06725922552081354	0.1791834953795881	0.06358413222494919	0.06353168123938462	0.013820765106460214	0.17989395664193938
0.06800960155299156	0.03961684883275783	0.11261433240023255	0.14104266662217846	0.02313172870013902	0.20559643921483312	0.13085637694673063	0.08313445498960562	0.010082224923936858	0.18591532581659437
0.05258944890252222	0.0425207397641811	0.14827293777979222	0.1727909334196983	0.020066495042793953	0.2003956757837474	0.13552337094390832	0.06812478444988332	0.009549985081465151	0.15016562883200799
0.05970214426217247	0.0372829884888308	0.1347449498731795	0.18985466244837507	0.07709218874500373	0.1883213462157911	0.09816619724625768	0.032696871114700515	0.02938563930499477	0.15275301230069427
0.084518140452923	0.04144806357299159	0.14983166808396403	0.1766897081284277	0.017869937373130237	0.1896123191428008	0.09250208790314704	0.07660933292607544	0.021075998312360303	0.1498427441041798
0.13963253727754474	0.033015098687053254	0.15453476862609375	0.1269124353210472	0.01771814844706407	0.2296612602206885	0.07902101362534153	0.03418710509519109	0.03184234789244675	0.15347528480752903
0.09805739035058675	0.037741518778175075	0.1631474611786891	0.15658968711499954	0.02563758644199024	0.233875642449426	0.07590537465029615	0.022190592873045978	0.031563913892958345	0.15529083226983276
0.11655385330388926	0.03260724384104437	0.1367285436280642	0.16718275979120092	0.0598642496336928	0.21363222055155145	0.06281369176100011	0.037458960272396036	0.03214403770715142	0.14101443951000936
0.09281544115917617	0.03924100526516945	0.12761230772871038	0.169976976655471	0.05161804941095117	0.23046399145863428	0.07782449718155365	0.04352167708079922	0.01668129612217105	0.1502447579373636
0.1206445576487844	0.03451736056387475	0.11404092366531422	0.14021773664962026	0.04771357128185185	0.23965246261030698	0.07395679085627793	0.043289970120316885	0.012569134117118491	0.17339749248653408
0.09090493810523749	0.04198023252914299	0.1544507529131314	0.15359348982434148	0.04756195854559329	0.18914378442616134	0.06511885418301729	0.050585195713237045	0.01750103243987533	0.1891597613202623
0.03721598557439604	0.038338386993306064	0.14380731540000144	0.18085040474903613	0.08707450532537893	0.19097410100350587	0.08971792957246927	0.04542280738738997	0.04377767210523872	0.14282089188927757
0.06629449117956561	0.035629501785869724	0.15975417508151177	0.17533387420442376	0.017667602693334825	0.20413192577523026	0.11291626738706435	0.020022677709728598	0.023143832688414592	0.18510565149485644
0.10512199552553968	0.03706542474170264	0.12439638222023823	0.14925643976807718	0.03858912622003245	0.22719078584813207	0.08413999851048964	0.02036606305948868	0.051630124770207855	0.16224365933609156
0.0675504441515715	0.03446116518612323	0.13775112078451845	0.14766018390579627	0.060423335289025694	0.2475890840441105	0.08723535442461708	0.02810875291406148	0.02623638206147265	0.16298417723870307
0.1103593440809033	0.03611009281986932	0.12240118586565082	0.12778231236563378	0.07608056117066522	0.22284771323748132	0.1058000670410178	0.030041349425823802	0.014158744989514846	0.1544186290034397
0.0462121820068801	0.03582543008457979	0.15798303996105656	0.13819479987638905	0.03021356722874978	0.24112651597526918	0.11689185931276329	0.061340054238773825	0.01612923306831944	0.15608331824721894
0.09194436623171297	0.03430180096769338	0.14815589765554552	0.161515524490693	0.05979096527928388	0.1943978857781698	0.08436887355524543	0.03726091528645589	0.022413429470778318	0.16585034128442178
0.08165688630977304	0.034260613303302045	0.13243420927930757	0.16009625694124074	0.04406817148761509	0.2035709935570777	0.12524262842419967	0.06219070137591583	0.010569429384645224	0.1459101099369231
0.050797979729860755	0.036345512844138825	0.15691121017391574	0.19189255383727766	0.028207907423670978	0.21863492983226424	0.07099896602161762	0.07105249709156643	0.02092856457532713	0.15422987847036063
0.04648563276696233	0.03793952136334826	0.16059578053387588	0.1405796657371003	0.04267297736946497	0.20424517353853897	0.07683547502742664	0.06461187394499907	0.048280568883905174	0.17775333083437844
0.037670336505625956	0.04315218230796107	0.11353417577771896	0.18353816001867307	0.06363760339820033	0.21259706747205806	0.08071382125327622	0.08663960003018095	0.01969890018094711	0.1588181530553583
0.05437243034487859	0.032636223523459504	0.1544088190798073	0.15171303813396167	0.06866005467726374	0.19209701356582815	0.11927009692543944	0.030296425237863633	0.044597870655739766	0.15194802785575812
0.11840459877141668	0.03263266586125364	0.13739878925496998	0.1838623933128865	0.0374794086160672	0.19455018098402388	0.07714729158722461	0.05553424939164251	0.014344385699814874	0.14864603652070005
0.07941452862894838	0.039311539967124116	0.14579357682353739	0.1703086237071086	0.03806513896363165	0.21642666625195883	0.1330880245411335	0.0209507602960763	0.011049652579617528	0.14559148824086365
0.07624794180631833	0.037620956187393834	0.12116054112234906	0.15786097148853406	0.05696950700085955	0.19741756263903917	0.0920625208919625	0.05021355355331976	0.050365870879031785	0.16008057443119192
0.04107985486598649	0.042078785183937886	0.11902471893498469	0.13330617318848936	0.08713564823289983	0.2222460921150217	0.07537867165433157	0.05449548467753294	0.0491112306988805	0.176143340447935
0.05708509853852031	0.03295292219642085	0.16287017134394408	0.1491209199482371	0.03377459834269082	0.21652834159537077	0.07682071189489864	0.05215360317337438	0.044383479387108474	0.17431015357943463
0.05377765882778516	0.04128828577033114	0.14939922318703544	0.1571490232045428	0.07578285299106806	0.19373242315442935	0.0695971042028414	0.034233336214406204	0.03680815568892125	0.1882319367586392
0.12840345696838926	0.03753371227377438	0.11677991265695006	0.14014737004307004	0.023053812075941593	0.2239692959094935	0.11420068756569816	0.0392196218386583	0.027818442920508432	0.1488736877475162
0.08933511154276935	0.03539189990485435	0.1230547900793832	0.16545552806341274	0.023242029843353953	0.22525912407545318	0.0755681369532238	0.09137018513324241	0.027395719661064896	0.14392747474324208
0.06509002136918224	0.032500817136686205	0.12248895659158095	0.1554132899286329	0.049903775496609286	0.20375681404246593	0.12065159907941886	0.07213954500554814	0.028042005004596887	0.15001317634527855
0.08164446445317364	0.03716441570698767	0.16928422372814342	0.14376146577668406	0.05044034855113297	0.18230228898255507	0.10927591916632286	0.035822329702339326	0.009459248277088009	0.18084529565557292
0.07915694068406498	0.03410296632041465	0.13241608207364394	0.17449139332098257	0.024971225003052752	0.2193323912857459	0.1192928228765607	0.021633329842019156	0.04184234721460386	0.15276050137891142
0.04403733545011021	0.03863937612525424	0.1672271795913698	0.15306630231894564	0.06675821462868137	0.1992243152524275	0.06603536736652671	0.05581270766670371	0.02098036755200275	0.18821883404797807
0.10193769263669444	0.034317218574474825	0.11830487008597267	0.15420139901731844	0.060008131195203394	0.20318972596277676	0.10887982201610187	0.027461449607048175	0.0514718864868686	0.1402278044175408
0.05371806633502445	0.03704149686344216	0.15620368104403332	0.12645776206925455	0.0653840700321245	0.22495571740080833	0.06826508074099216	0.078779955433324	0.04888999973515642	0.14030417034584014
0.140768477701998	0.04302390105495462	0.11363397578650897	0.16218238473069344	0.028056478677818672	0.21599742727803994	0.07523454362440406	0.018027572562957492	0.032336078554631345	0.17073916002799333
0.05057587938118564	0.04024136619287223	0.1514225624987223	0.17972421021527218	0.019237048648328217	0.1815715903156221	0.13767178157050752	0.05826210406230248	0.039540270296566656	0.14175318681862067
0.05025880858180096	0.032407147805085454	0.16028291818863286	0.18677980693690638	0.053613951493212186	0.18185388921985485	0.09892018478359008	0.04272499302233654	0.04046896939923915	0.15268933056934159
0.1437071210625406	0.04040918590275542	0.11525444647754746	0.14672524601100745	0.026913470652591212	0.2090973371241937	0.11348114500983537	0.03580256344020874	0.010027126389862154	0.1585823579294578
0.06041472335801917	0.03396517323989988	0.14382418769590083	0.1608652408591214	0.050801681934467796	0.2350364099346835	0.06989863482297852	0.035263511687378846	0.04109930269777324	0.16883113376977676
0.07369819494438754	0.03939564621365271	0.14389811402147357	0.1874504751748684	0.05350856186999994	0.2007427112358932	0.0669471987411527	0.0660380258675006	0.020527313895227037	0.14779375803584427
0.12317500025373176	0.034299397844536866	0.13766766321235932	0.14897409494523747	0.04028241360278609	0.1885315995685538	0.06161806286416813	0.0761889683064407	0.04925039672318732	0.1400124026789985
0.11985365724276223	0.03513866443062666	0.11974754155071413	0.14020741019581037	0.04801535153132335	0.20214526328140645	0.08342270737631298	0.040818464337782356	0.018639247032214784	0.19201169302104665
0.0729497998772567	0.035082112120611644	0.14400594209258044	0.1659934308642168	0.06080377355801905	0.20479199742218418	0.06894866217287177	0.05083694614286584	0.019617407499274653	0.17696992825011884
0.046625291305992494	0.03652922314763017	0.1397543876720684	0.1421882761315258	0.07849118658658494	0.24055812539994387	0.07869201887957425	0.05786996320661434	0.018063097249259433	0.16122843042080628
0.056685375029811066	0.04293830610488792	0.11432678994752052	0.15290771357124555	0.0550045479663781	0.22680480660642832	0.13831286319610447	0.017540517511919818	0.019392229515334244	0.17608685055036993
0.037207028065119385	0.04238943285475103	0.1414718680325116	0.16226811806350974	0.08923581141325844	0.1946894428360761	0.11527244702021568	0.035728864349281686	0.031648177530993624	0.15008880983428277
0.07918036158653158	0.03485612197887275	0.13447111147273685	0.12879710288130833	0.0501730789577338	0.1934429829339711	0.09750808832301876	0.07160721724553543	0.0344780736456128	0.1754858609746786
0.09005048453283758	0.03374501538009063	0.13739667020996174	0.18802728936701776	0.05925704929672007	0.18954475171736895	0.07657844236352393	0.06349328101186127	0.022706047520763675	0.13920096859985434
0.08075006788725131	0.03546202594808985	0.15917453714956098	0.14952478788441137	0.028993771471566246	0.21505578325225116	0.06200799745053006	0.056212187236586955	0.034689559458330285	0.17812928226142175
0.08132749864901251	0.036107266336428925	0.13897158038733742	0.15254302169437273	0.038395375301083584	0.1859580241185924	0.10632056468390576	0.023288565058343355	0.05133929157916356	0.18574881219175976
0.0852188340636173	0.038744468680461504	0.1611387989923277	0.1844964836571943	0.02250265969198742	0.21812216596853562	0.08007628817019428	0.03293348974850287	0.03445348378053263	0.14231332724664636
0.10400781350293584	0.03606032478795121	0.14954184263674664	0.1491089272790603	0.06348192215336469	0.19420334713098314	0.06412239183538919	0.0501078039729768	0.02561359397179562	0.16375203272879651
0.14989891908846428	0.04282378627420821	0.12203798910377492	0.15460660757206623	0.045575910997617486	0.2169315758236735	0.06956785001561575	0.04569536532380916	0.012265067133814408	0.14059692866695594
0.08343796742176865	0.035524533665125355	0.16809775335283272	0.14718881272731835	0.03475704541655052	0.1938043168952349	0.08116956322652352	0.04210708649415535	0.04761507920625501	0.16629784159423566
0.157260207461425	0.03531316410195473	0.13203350228270166	0.14440974636047008	0.02967815420156529	0.2134058551471711	0.07734334847404067	0.025008714932110335	0.02946001249536162	0.15608729454319936
0.12239319278825797	0.03221825123513186	0.11888912490642509	0.1374001997614733	0.058420450120299845	0.21541642959702223	0.08644753629918744	0.05440546971420001	0.026975233993397033	0.14743411158460512
0.07284294511779857	0.03272003780751424	0.12980430606178137	0.17944909102704515	0.044390345224512	0.185868711739133	0.11358038722689238	0.04698994818500893	0.015014649173340916	0.17933957843697346
0.10480452582053776	0.03198171014359147	0.13181995351344636	0.13992945267921766	0.027709966298230276	0.18124593317122148	0.1176398710063386	0.03489465656127512	0.05160552400471355	0.17836840680142763
0.07244683982692875	0.03209777965888032	0.11890871217519988	0.14100701595822157	0.09016131084418409	0.2039657570186994	0.09202288374312925	0.08504791869136513	0.027155540321620528	0.13718624176177105
0.12874403014936184	0.040254594659748524	0.11416121220809729	0.1335888139149611	0.04826090324803058	0.2057016007335479	0.12112725817266172	0.0218647589688752	0.02272822797388957	0.16356859997082618
0.09290361436182577	0.0382829396931846	0.11265212514622669	0.18806097739238573	0.0531191298615193	0.239078015119903	0.07836351489675214	0.029535856758274318	0.02883455965804231	0.13916926711188607
0.07199482610572754	0.0395709841552156	0.1323615514174515	0.18789923158824456	0.02673714672934606	0.19237394599668478	0.11435314243118791	0.030357153472155285	0.021416156729629446	0.1829358613743573
0.1366629024311968	0.04191327300266373	0.1161883099504134	0.13930566113712242	0.03799723599764575	0.1845902888557207	0.12317943566431909	0.02939087419750938	0.02304769894513653	0.16772431981827213
0.1446146177160596	0.0354054796233947	0.1648923234528013	0.13198576713608867	0.01743789040782351	0.18988604805232256	0.08867399991214366	0.044578994552694984	0.024203342100006825	0.15832153704666405
0.04984819212700044	0.03872337089193558	0.14738801565191678	0.18869299126177963	0.06053124281317064	0.22388513137739618	0.11443379873557458	0.020022400707741597	0.020688426387350578	0.13578643004613405
0.09856718866492599	0.04025352856993171	0.14360528851966192	0.15323018160952984	0.05110749947736955	0.1854562513155683	0.06487690288713097	0.06255501622492429	0.016978314207839892	0.18336982852311748
0.08963460390820993	0.03743204580665886	0.1319355382727059	0.14126868687000896	0.033024290186229086	0.19651276324265726	0.07438567353936834	0.06917114484918806	0.03976846651774093	0.18686678680723265
0.08896590351972408	0.03464928068668881	0.15484336355676714	0.18784924229411532	0.02110661913056454	0.19592924495454306	0.11118076646075253	0.023576409393684133	0.04538475873009309	0.1365144112730672
0.046857108562362394	0.041024800448297205	0.12124400757206462	0.14895403646513325	0.08533283922809741	0.19854056451370122	0.08273944519487873	0.063898055243381	0.030618145660541926	0.18079099711154217
0.09348931788476758	0.03552159790722023	0.15767192180075615	0.13798250106480975	0.030103205002929984	0.18602592523209158	0.10906893536732737	0.08126783894500171	0.013059627690387543	0.15580912910470804
0.06813051706595466	0.043007266124372605	0.15708867718611189	0.18728225720161462	0.04749686581607652	0.23794266311948192	0.06075796781162163	0.02970234585989616	0.021762767969928667	0.14682867184494133
0.1368899767915601	0.03352216356741633	0.12894985087408095	0.1500587458974744	0.04825865669606547	0.20819415914283906	0.06935475926503276	0.04662871808387096	0.024871185444351046	0.15327178423730883
0.08035034844847803	0.04035588797459471	0.1511079975719663	0.1492165864452892	0.01790915668492382	0.20591775970465903	0.0977749642403859	0.029490133584975722	0.042510649549044446	0.1853665157956828
0.05943514162323861	0.03819815915972017	0.14897304696867603	0.17406740869376053	0.04877634464584362	0.2408467955917969	0.07252342472790696	0.0185694541342111	0.0390064676065608	0.15960375684828532
0.10045115619162036	0.03841721735272066	0.1218402951894044	0.14785694347476724	0.08269345731795338	0.19196611527672938	0.09709751437239955	0.05492717796448605	0.013550471722175536	0.15119965113774342
0.09387995892524076	0.03762580016941346	0.11719799311826068	0.13471720691513803	0.038130158280031835	0.22232129186177887	0.08289173541862574	0.061811668524539336	0.04446403253289055	0.16696015425408062
0.09097709678986743	0.035833857204978545	0.12210899033163687	0.15666528460066753	0.02649551134905677	0.20163942201859875	0.11445860891205854	0.044499417844650835	0.027764691151749052	0.1795571197967356
0.11695965788779368	0.04330882255970139	0.1394931595474752	0.1773672864275242	0.05598789842150264	0.1874148464237328	0.0651998050793688	0.02847189403903988	0.00932440356101473	0.17647222605284657
0.05277095737085115	0.03635835490007	0.12759498742445394	0.14865315559418396	0.05208500653513045	0.21158843817744125	0.08349849877503251	0.09327573704769723	0.04889822163029864	0.14527664254484088
0.04527141937301363	0.03845895013849638	0.15559813977396036	0.17529645751888392	0.05543303358038176	0.20116713024512228	0.09032086520367541	0.052582422242393984	0.017139754024843565	0.16873182789922872
0.1260031177040985	0.03307041145779829	0.1575448431656694	0.1293358928943058	0.05417865299861767	0.19191801108648093	0.11119950388853148	0.046009355733774855	0.012570804183515971	0.138169406887207
0.12328949762800948	0.03457001088214752	0.13278068590410236	0.14457361629109355	0.05352865750397827	0.2061752832729245	0.0664914849549913	0.026268314136557114	0.024734642317271155	0.18758780710892464
0.11965233597147212	0.03408836271617162	0.15183363037110653	0.13267418697261885	0.021766898284855243	0.20882738521243965	0.10095472753252793	0.04921124156878411	0.0108668584964174	0.1701243728736065
0.05841357124507359	0.042725535116694094	0.11820107152570854	0.16343876237097454	0.03987840326283997	0.201071029903102	0.10213260692445779	0.06489097435090573	0.020407521579987764	0.18884052372025595
0.06639468615437696	0.03901145019175715	0.12189330282844885	0.1372268912098274	0.04118325471386956	0.21656255873980776	0.10914716981454611	0.07970999815230224	0.032663398174435726	0.1562072900206282
0.05899763360070466	0.039517276170595396	0.15821372916125498	0.19011576904807323	0.030871157809552074	0.19255583887643796	0.08516979682287992	0.04003322864603993	0.049613655099924145	0.15491191476453764
0.0932498728473066	0.0368037040431642	0.13359829367253642	0.14156027990517075	0.055776451840206215	0.2428476968673972	0.09120802635041234	0.01681002098809843	0.043992675149586574	0.14415297833612128
0.0477090633325212	0.032887433410617714	0.14795493084429773	0.17092541533957042	0.06490531343863264	0.21701556988623336	0.08444754354149492	0.05893976217996429	0.01382042216029676	0.16139454586637092
0.1554058892220992	0.03515005035089516	0.11482930150443835	0.1416377632185563	0.02466623105948866	0.23761096417146738	0.07145269413620756	0.03956806639351654	0.030177743034528068	0.1495012969088027
0.06037399298313238	0.04152925484325973	0.14409631608377696	0.16574841747481245	0.06419921926808476	0.19957210573072554	0.07277095198821304	0.07175198295494514	0.009396041492192544	0.17056171718085744
0.17112675996092047	0.03731541448760217	0.11417260629315859	0.1293621471857891	0.017751747587483532	0.2292392159531581	0.07021592932820583	0.04342931505580953	0.04396841077193667	0.14341845337593584
0.09493369840524088	0.03548504895716313	0.12873021705345972	0.15843524541236859	0.09229630732543632	0.19860478916580837	0.06974402235202545	0.020577235735118493	0.009407980239872618	0.19178545535350633
0.10722553532502427	0.0398992771290172	0.12346544746349475	0.14818359308542642	0.02299072098215324	0.19050992611596565	0.1371495327780879	0.07853808193801154	0.014232978424003742	0.1378049067588152
0.10870881578882244	0.03778354161120075	0.1387021838678038	0.16620775913057434	0.06159147656515329	0.18252116753703074	0.06839284600162779	0.029843173366930306	0.015704635158066027	0.19054440097279043
0.074050158686112	0.03683103670853213	0.1634269125959041	0.16584978612405363	0.0339055683499057	0.18113285293504497	0.1338418337293408	0.04242734147696845	0.012751603203550066	0.15578290619058807
0.08704738792256476	0.035780257885251576	0.11799060642943986	0.17204403141588048	0.07496364645576759	0.22022437023372166	0.09379932222159981	0.04411372191052783	0.017722398212219895	0.1363142573130265
0.057904722468823465	0.039308871962223955	0.12937026129050133	0.14419375511712623	0.04479856070929421	0.21361364682836742	0.13690195880677986	0.03722313450641988	0.05081530960905686	0.14586977870140677
0.043915246651384604	0.03771764765725418	0.15435560752010863	0.18627419143872365	0.028940316447662123	0.23492140649312448	0.10431716242991758	0.033411493412454085	0.037278696017092425	0.1388682319322782
0.04456030739163706	0.038663414619585654	0.14176888911654956	0.14684950312227568	0.03664150551185488	0.23255121499071552	0.12465681075930704	0.045647275837555366	0.0284963708938427	0.16016470775667646
0.09407202799889816	0.03250735850328666	0.1320540167777518	0.1423144170426207	0.02529484195532973	0.21622149115789102	0.1011049538826523	0.0835697220161554	0.031876350259375796	0.14098482040603838
0.09964485739501389	0.03969717875388117	0.1148300779043136	0.1409602742434214	0.06942267891109684	0.19132229242397342	0.13251695279127895	0.02787738394678023	0.028466056081821553	0.15526224754841889
0.08253344494398418	0.03696084987228934	0.1336191340139023	0.17525880407485073	0.03249765447497423	0.20198907122821835	0.07017024482874479	0.06372018637452628	0.02500472952978737	0.17824588065872238
0.07085037343194968	0.03461792970792922	0.1578151002143935	0.18826941409140913	0.08531935935275907	0.19628472936938543	0.07125460081078605	0.03713667301788856	0.018731473070012633	0.13972034693348673
0.038901920298749795	0.03842769756896975	0.12452867286970543	0.17053919058638123	0.08842085992142482	0.19081304130317345	0.10889792603936847	0.06845297978509532	0.023933598489858446	0.14708411313727332
0.048185722320624985	0.03541967920154421	0.14760480825635452	0.1866674368817387	0.07961116467766813	0.203553519781913	0.05954879329363201	0.06529150796855474	0.023941925163964928	0.15017544245400477
0.08778179679634929	0.04320651772381354	0.13510461572678323	0.18433724310814648	0.022730836165839693	0.22816036375755822	0.10679788926624148	0.03262711078634557	0.015328803043349146	0.14392482362557332
0.05097573253295996	0.04231011749399233	0.1384707621614014	0.1494779225253542	0.06429536285515555	0.2391077720620915	0.07512913371237084	0.03065476149539456	0.045341990119339634	0.16423644504194002
0.036127706115441416	0.04213456517041313	0.16156403702227437	0.17458992582884278	0.03284392144254657	0.2172200965209307	0.1366931069504702	0.023601379637207764	0.013340564285061265	0.16188469702681185
0.0374491937304149	0.037138183087313675	0.15289392486486858	0.1395726628916407	0.04082944350960415	0.21745125949259275	0.12109890538932906	0.052919910830031364	0.02598568959297294	0.17466082661123183
0.07288458771365527	0.03930322751240654	0.13970846270932474	0.14134354565354532	0.0671291248395603	0.2287225385426011	0.08206691117568267	0.04724464700437508	0.02707666983580774	0.15452028501304121
0.1405174215965143	0.04315454711679882	0.12429559746785424	0.16353748685461017	0.044016630442735516	0.2146202019914003	0.06058699628257368	0.01755068212736284	0.009702508810494406	0.18201792730965566
0.03763949113352738	0.042892599017423726	0.1664683602533149	0.19103850465054117	0.04242611117450782	0.19019789897395198	0.10279024331159542	0.0310339581159306	0.0433898108188729	0.15212302255033414
0.05201750120630674	0.04332823482122012	0.14054414785720978	0.12689859053225655	0.06333640920909481	0.19011872302829647	0.11757662143255916	0.08259532952618301	0.04404524656630215	0.1395391958205712
0.058728670639649344	0.04053791291671124	0.14639627373429157	0.18006812853751353	0.0217952854630738	0.2234145224480515	0.10257972137385461	0.04147826148794247	0.012778355109394679	0.17222286828951722
0.05123351196441473	0.032043192750652136	0.15783425490224445	0.1578408023680858	0.09071047469148913	0.1853976099548602	0.08329760583232705	0.07232098543092598	0.03198635412161664	0.1373352079833839
0.0843613152579219	0.03646554155501214	0.17071916411590923	0.18098192874595936	0.027847679432475278	0.1840125681637888	0.07270809039481302	0.05327661832014316	0.032889811071046646	0.1567372829429304
0.0462740470876507	0.03660910449105932	0.1642274724342876	0.17837741853403763	0.04646090081731852	0.1963970057839088	0.1144414317504311	0.02619319344271387	0.04244853375094393	0.14857089190764855
0.051375502676838346	0.03314672107321617	0.13330285813533244	0.18503407919300657	0.031999345282868505	0.21840689921446238	0.10811190825505873	0.05725524892291451	0.022466690478976092	0.15890074676732616
0.041144945725106234	0.037999479867706444	0.12982554475695016	0.18053191662051205	0.06147911546635144	0.2463731475670215	0.09104388243556405	0.028100506961254865	0.026424011708466213	0.1570774488910671
0.12033714568700225	0.03662209534572235	0.13650941027469474	0.1530299393022309	0.04577698467382836	0.20340382920109001	0.10009581265888337	0.01786568141951178	0.014965094732408202	0.17139400670462795
0.09168130033120715	0.03779248382985922	0.14783962225958153	0.1640775535564925	0.027407738415083344	0.18465824901290634	0.11125489601803	0.03206897993737641	0.050706889589118405	0.15251228705034509
0.14809776197539615	0.03369158004653676	0.16731341116477086	0.1302949950835311	0.030245011554266538	0.18408081597627757	0.05980979232738555	0.04194736960899584	0.023246809639983712	0.18127245262285585
0.04900433960801866	0.03836446454946048	0.1623137861677994	0.15388246751389673	0.07908623664360193	0.1948556476331821	0.08117593660953507	0.04110835581310142	0.02196908747234186	0.17823967798906235
0.0770554510388933	0.0343853361451848	0.13095235481073067	0.17450933856522635	0.03463576586291224	0.17930823208424457	0.11490257828012929	0.058743436875586065	0.040168343095996956	0.1553391632410958
0.08158921107426485	0.037412157101369914	0.15424253181500464	0.12667584274463772	0.029468442939349734	0.24260290879988572	0.13160437078923334	0.021796024063020822	0.02028752828274387	0.15432098239048941
0.04092496977045912	0.03774526588733401	0.1590153010533264	0.15581989201653276	0.032622075807113765	0.223922297935362	0.07755642176152691	0.07988608843129719	0.04582280563489852	0.1466848817021493
0.10213583915567889	0.03827659334602281	0.1378350115410435	0.15450798191782192	0.052151214902207484	0.21189253752121742	0.06956983942023322	0.0592145253141229	0.00952925608272609	0.16488720079892574
0.04796825514572786	0.032942715687158744	0.1425650508445677	0.1622066168325592	0.059625739904044635	0.2271152318938056	0.13120018804210593	0.01962319530553218	0.029763152661384393	0.14698985368311374
