0.16184341924447765	0.16242189985874078	0.3190776781398481	0.25908857085595854	0.09756843190097471
0.16236322039845846	0.1628805969313964	0.31937930782738233	0.2587745582102899	0.09660231663247275
0.16245908990639235	0.16120956758823055	0.3204242145584944	0.258843582695478	0.09706354525140443
0.16167238639279294	0.16092738663333273	0.32039295989018585	0.2591859845718613	0.09782128251182697
0.1619050582761973	0.16060201296826404	0.3190572470058595	0.2595208065935206	0.09891487515615827
0.1616828961191406	0.16275927887044903	0.3200950061594525	0.2587284125461098	0.09673440630484782
0.16233835245389433	0.16122142319346433	0.3195645660394741	0.2590738265923651	0.09780183172080195
0.16222160076871	0.16042800339042745	0.3190764898722188	0.2594201955895111	0.0988537103791324
0.16211339677176065	0.16286700950835492	0.31890499396563143	0.25947400820007327	0.09664059155417956
0.16185757236452664	0.16150816718460065	0.320436020632873	0.25959617781326605	0.09660206200473345
0.16193752556319044	0.16112666071271564	0.3213924720667011	0.2592271241727702	0.09631621748462241
0.16234249588202213	0.1615969895630665	0.3202093669663345	0.2591250049122292	0.09672614267634745
0.16197772249969503	0.16148342035160276	0.32111163795181435	0.2587282907827235	0.09669892841416415
0.16171007472820895	0.16076112568959597	0.3210211896455008	0.25891537823162714	0.09759223170506691
0.16164001275096468	0.16285400072794598	0.3195265527377105	0.2596190907238855	0.09636034305949315
0.16229095026240248	0.16320679170497343	0.3193177247946083	0.2587137655243477	0.09647076771366786
0.16214684373950497	0.16149950903230542	0.3189153206781453	0.2587275075943543	0.0987108189556898
0.1623433512608809	0.16163702623963933	0.32036442138353644	0.2589801725501423	0.09667502856580085
0.16221542128414357	0.16368499484620386	0.31905338045853493	0.2590415910980379	0.09600461231307952
0.16222245761645576	0.16073170261831526	0.31981148874459986	0.25882772605677085	0.0984066249638581
0.16245027978302412	0.16077460502556626	0.3203182339295152	0.2596473364253302	0.09680954483656404
0.161652014096699	0.1623993970373642	0.31999445023006684	0.25896015746822687	0.09699398116764293
0.16215583987918047	0.16051682949374083	0.31974352190902366	0.2592472503341352	0.09833655838391966
0.161602982580789	0.16152587831335188	0.3195516036435248	0.25915065855383773	0.09816887690849642
0.16171559086337794	0.16299313670265958	0.32034993763291214	0.2587398992109667	0.09620143559008343
0.161850275025003	0.1624393143588286	0.31902598468970056	0.2596542026853957	0.097030223241072
0.16167571557320948	0.16222545005967937	0.3189335356322512	0.2595746185172081	0.09759068021765166
0.1617753333258236	0.1610967744610411	0.3200764765021656	0.2592425385429186	0.09780887716805092
0.16180350672313465	0.1609668572927509	0.3208218004198805	0.2594052176484544	0.09700261791577933
0.16172558153060018	0.16158642785711227	0.3210553738138319	0.25876748571581226	0.09686513108264316
0.1618857801448053	0.16325614132074426	0.3190588256657817	0.2590296060184803	0.09676964685018818
0.1617107358014562	0.16146468005109693	0.3193097530367468	0.25938075132199967	0.09813407978870017
0.1619047625701246	0.16072367090071596	0.3207278113163722	0.2590894948647975	0.09755426034798961
0.16235354713390698	0.16154891603321242	0.3196262314569941	0.2589190658865239	0.09755223948936242
0.16178134919473283	0.1612220930108686	0.32046303841555196	0.25909710169969613	0.09743641767915029
0.16208292470394514	0.16168028133986775	0.3188874993841134	0.2593005070772079	0.09804878749486556
0.16193387895816294	0.16169003839269022	0.32012953752104467	0.25901606483587447	0.09723048029222746
0.16184237282512093	0.16371105083588186	0.31905807665524805	0.25886757612609823	0.09652092355765073
0.1616706389543228	0.16160091038700347	0.3201837243854239	0.2591465674459293	0.0973981588273203
0.16200268185625116	0.1608017227157324	0.3195572179193821	0.2590266128021746	0.09861176470645958
0.1621929558576153	0.1611755893639258	0.31919557735975157	0.2595183357584145	0.09791754166029261
0.16185177129969988	0.16049776517691108	0.3214094015959548	0.2596093345462693	0.09663172738116473
0.16230113019239353	0.16128881119041047	0.3199053397310856	0.2588148180089379	0.09768990087717234
0.1616429476008388	0.16259364307504656	0.31950263586766214	0.25872555449482504	0.09753521896162726
0.16213926534015702	0.16140211306246127	0.3191294127937692	0.25919823690767085	0.09813097189594146
0.1622216842913542	0.16053566436324063	0.3195289822824704	0.2589338251383549	0.09877984392457966
0.16203425191399426	0.1621475090780719	0.3203372509964525	0.2594258747174284	0.09605511329405271
0.16186091077551223	0.16240570167070456	0.31899934463666296	0.2587658767547874	0.09796816616233267
0.1619625069178527	0.1628281002471761	0.31943366884624746	0.25928376179445933	0.09649196219426423
0.1623770922871371	0.1623062837039808	0.3191955291215397	0.259380410157351	0.09674068472999113
0.16185554051146372	0.16101895889592693	0.32039590476055213	0.25954657825012073	0.09718301758193629
0.1616658183723811	0.16134134999042515	0.32122902111959667	0.2588927099173784	0.09687110060021852
0.162098384997372	0.1615253290307347	0.3211296355873973	0.25921608187400313	0.0960305685104926
0.16172961686976972	0.161388308656141	0.3190340921326653	0.25917063152069625	0.09867735082072751
0.161679761422653	0.16130184247489038	0.3189280568514034	0.25962636119891147	0.09846397805214155
0.1616952266444408	0.16084977394573013	0.3210169825590955	0.25962688227400027	0.09681113457673313
0.1620427227854712	0.16045415523773504	0.321030557532956	0.2587135065414584	0.09775905790237918
0.16191951029895346	0.1607836744148255	0.32017686238318377	0.25873033831958936	0.0983896145834478
0.16175861791923993	0.1610774238659172	0.319663573526631	0.25955935054448387	0.09794103414372785
0.16170963317690326	0.16218610026932467	0.32119824563535404	0.25877554748346254	0.0961304734349552
0.1618698735197019	0.16278747818087236	0.32006121828872	0.2593459726774273	0.09593545733327823
0.16203387143742043	0.16180606561353414	0.31968579211089454	0.25933319240087743	0.09714107843727322
0.1622555682587643	0.1608748460791017	0.32101685146237324	0.25900214892967677	0.09685058527008379
0.16163319776137305	0.16213828921859313	0.3204324999858258	0.25885437775840286	0.096941635275805
0.1621906845530088	0.1619324345096541	0.3201551451298816	0.25889213132614014	0.09682960448131511
0.16201578118132404	0.16095887977377843	0.3210624728744412	0.25914522267125195	0.0968176434992042
0.16190425324344934	0.1633573930000818	0.3191428541548013	0.2593952322276239	0.09620026737404343
0.1624722895148906	0.16216281635769297	0.3194961016244854	0.25948567847235887	0.09638311403057201
0.1618198940599788	0.1619162202100176	0.32052132648408216	0.25959114005038747	0.0961514191955338
0.16196716502910125	0.16147566823994172	0.3189691164395928	0.25903405249043976	0.09855399780092425
0.16182293271463732	0.16112653496852286	0.32083308494000967	0.2593489887967885	0.09686845858004145
0.16193660784315766	0.1605605733728451	0.3207481609757008	0.25939874965967	0.0973559081486262
0.16218790799303237	0.16164924482828627	0.31939777886261705	0.25944010417804775	0.0973249641380164
0.16161670584126764	0.16104334269883575	0.3214479926273134	0.2595038145609867	0.09638814427159634
0.16244897448149057	0.16346986198527597	0.3191885763153006	0.2587852495443612	0.09610733767357141
0.1622155298927816	0.1629982407480879	0.319488980324712	0.25893456792567826	0.09636268110874001
0.16168577358982938	0.16142397554076646	0.32099091938764235	0.2588378785455422	0.09706145293621943
0.16226811576420735	0.16289151859729364	0.31954119082287696	0.25894403098860236	0.09635514382701951
0.16247530325982643	0.16199881522277498	0.32043986589176016	0.2588786892394681	0.09620732638617012
0.16202125079804985	0.1628215682874435	0.3194908677225726	0.25878249649032914	0.09688381670160469
0.16158844271435135	0.16254810077791376	0.318959293210543	0.2587634780958774	0.09814068520131425
0.1624529105957659	0.16281963712833378	0.31990205255822163	0.2588920365733427	0.0959333631443358
0.1617797641474055	0.16162740544497065	0.31962703122250946	0.25874979389518415	0.09821600528993005
0.1616866192500067	0.1625553270639279	0.3203779473914155	0.2592951632327515	0.09608494306189824
0.16160156541030155	0.1613412455358525	0.3209147822077162	0.25923240486472704	0.09691000198140248
0.16230043520179788	0.1603911299528343	0.3212286890853133	0.2587614671062437	0.09731827865381064
0.16205297360099624	0.16099664090462118	0.31906441768128097	0.25944010807666024	0.0984458597364412
0.16164032583726032	0.16322685035312456	0.31888987634329996	0.2594101486420762	0.09683279882423881
0.16242288703850893	0.1617152815867292	0.3193959935787043	0.2590107698606733	0.09745506793538411
0.16169544401885022	0.16191799061503923	0.3200139309495218	0.2594557885407493	0.09691684587583926
0.16191656799021503	0.1621695264147199	0.3202078363977743	0.25928508376998866	0.09642098542730193
0.16219870031928635	0.16333576108113368	0.3188840083775865	0.25949456449193664	0.09608696573005661
0.1618906728724742	0.16068870119053602	0.3205982970163178	0.2589778787992413	0.0978444501214305
0.1620717850205952	0.1620624709411555	0.32064691190440786	0.2587444666268657	0.09647436550697558
0.16224867089361267	0.16146446712235418	0.3199550861706836	0.2590985967737731	0.0972331790395762
0.16238227652447154	0.16330434156501641	0.319130130312955	0.2589099226727988	0.0962733289247581
0.16229253907254837	0.1607351722184095	0.32042586158664454	0.25964146129069887	0.09690496583169855
0.16165504842748696	0.16287157956016904	0.3189772934475398	0.25951865861164164	0.09697741995316235
0.16244971309007308	0.16125380006877424	0.3195093406631179	0.2591858693673057	0.09760127681072889
0.16206416802873963	0.16205617083613302	0.3193343553951567	0.25947628173487025	0.09706902400510023
0.16226663881157777	0.1615773446833173	0.32079929039351396	0.2588048767834359	0.09655184932815493
0.16214209724565842	0.16151323708581805	0.3207497984502651	0.25942550954803884	0.09616935767021939
0.16198483351636703	0.1635311171776197	0.31914386993520305	0.25890911607406625	0.09643106329674374
0.16212730194802552	0.1627819032184851	0.3202265513941077	0.25884461385980434	0.09601962957957708
0.16183173256211478	0.16095859099118015	0.31904148437775404	0.2593027769797709	0.09886541508918
0.16192120716112654	0.16072852792926193	0.31912783573308834	0.25940305147110393	0.09881937770541907
0.16194808918263784	0.1627409303848475	0.3190712479611686	0.25943936387585487	0.09680036859549099
0.16228090096631384	0.16095196855845648	0.3202083910058571	0.25900613036855624	0.09755260910081612
0.16182471905189372	0.16043917684042477	0.3198589402987008	0.2591708801222752	0.09870628368670528
0.16171490291415985	0.16189088086058698	0.3193306877924672	0.2590705867467861	0.09799294168599962
0.16239743837778753	0.162591795910171	0.3195577794488007	0.25914575527052064	0.0963072309927199
0.16201214139892436	0.16294023054093854	0.31930973256676726	0.2590722915359445	0.09666560395742511
0.16163556878396032	0.16196069684716421	0.318924267339072	0.2590869749402451	0.09839249208955823
0.16164679841651397	0.160905854626124	0.3193863011974201	0.259084969457847	0.09897607630209473
0.16185940830406614	0.16076487395959727	0.31911026015641036	0.2591350032009745	0.09913045437895157
0.1622128409676726	0.1604681038704389	0.3210797386596248	0.2591758769160517	0.09706343958621172
0.16219244951150386	0.1613273378514784	0.31975208142097467	0.2593523294169307	0.09737580179911215
0.16229855396585435	0.16181920520674856	0.3197116017475945	0.2587349019421277	0.09743573713767467
0.16165189899578933	0.16348965577270785	0.31970552809754105	0.25905792466372823	0.09609499247023331
0.1620450591653438	0.1604623193102987	0.31963612425968024	0.259601205511831	0.098255291752846
0.16189093303498864	0.16213636423242417	0.3209028617481472	0.25908961005310593	0.09598023093133391
0.16178076400561692	0.16391204709573545	0.3190922322892643	0.25885371634941245	0.09636124025997067
0.16173446849286086	0.16112575629400944	0.32021409608092555	0.2592467814177026	0.09767889771450139
0.1621592487053487	0.1609930948262264	0.3204646248965255	0.25901256982550197	0.09737046174639728
0.16213338621678836	0.16175978186772594	0.32056293334609953	0.2587189224314541	0.09682497613793181
0.16207988694489023	0.1613481255841963	0.3197758673696582	0.25922370351684754	0.09757241658440756
0.16201876591821615	0.160765165817966	0.32140199096666133	0.25954788011967017	0.09626619717748616
0.16193937359827254	0.16240363937678712	0.3196364053215327	0.2589053122456236	0.0971152694577839
0.1616190631123287	0.16039541311055766	0.32129451720694524	0.2589690198250523	0.09772198674511585
0.16225290686059815	0.1626688741117168	0.3191609446583145	0.25894594313675845	0.09697133123261192
0.16248827493233553	0.16265378258233476	0.3196701242339706	0.2591090759527095	0.09607874229864939
0.16179059421134995	0.16072178207874918	0.3204190870440814	0.25930746879429595	0.09776106787152337
0.16158900000153648	0.16116225617655627	0.3193801689736139	0.25944037407533443	0.09842820077295875
0.16160717364384733	0.1609518553937127	0.32091949651159146	0.25950524735878744	0.0970162270920609
0.1618332190477776	0.16085782719019745	0.3202978715358201	0.258871128258895	0.09813995396730958
0.16161621026454415	0.16168488119303553	0.3195727539247011	0.2587301640634887	0.09839599055423036
0.16233578409959032	0.1618506298802884	0.3206721866123763	0.25915829886649655	0.09598310054124823
0.16199020127273348	0.1607676809633708	0.3200429250486899	0.25959323631111564	0.09760595640409
0.16169794813269872	0.16164090318564567	0.3199434183994765	0.2595002493307272	0.09721748095145176
0.16159177331668284	0.163332663280963	0.3196086499828211	0.25880105671186954	0.09666585670766333
0.1620077324363285	0.16126852042726564	0.32053746194509325	0.25959736493607477	0.09658892025523767
0.16246859821024684	0.16196168997649346	0.31976257598831037	0.25923301458490844	0.09657412124004067
0.16174977916820138	0.16237684564681662	0.3189198590634842	0.2589462461937927	0.0980072699277049
0.16189168909718718	0.1623602282036785	0.31932536717590054	0.25888571811191285	0.09753699741132074
0.1623796568391382	0.16167909095424263	0.3198373860079129	0.25964437668022367	0.0964594895184824
0.16211293052115414	0.16259308484366367	0.318939128680579	0.25957368351687793	0.09678117243772508
0.16170208363544986	0.1609350538071742	0.3202320112386089	0.2594577577949483	0.09767309352381856
0.16235232921639986	0.16332104360417204	0.31936041385920444	0.25889499632875645	0.09607121699146698
0.16174254658344778	0.16081002545438333	0.320947594296511	0.25924528568632427	0.09725454797933344
0.16165599389410065	0.16165742124059507	0.32051784980086684	0.25922912640168594	0.09693960866275134
0.16200730885007147	0.16179553516511636	0.3195164478074993	0.25952819413374345	0.0971525140435692
0.1621188706708496	0.1609394076561129	0.32099956141141983	0.25881842495786517	0.09712373530375232
0.16174985282666154	0.16116584217855362	0.3207859315586891	0.25894488290150103	0.09735349053459448
0.16184650326174363	0.16075944959525773	0.3208886084179064	0.25962990933377433	0.09687552939131776
0.16207879863618754	0.16036639483988685	0.3202329203098521	0.2588725403888505	0.0984493458252228
0.16173349088796443	0.1610677759057422	0.3195909127539688	0.2593668146964734	0.09824100575585099
0.16242951457523763	0.1606060987603285	0.3214812834423749	0.25924616130418604	0.09623694191787271
0.16181562961413373	0.16236424019590615	0.3202812278819229	0.25900725344650927	0.09653164886152775
0.1616292851836582	0.16135995032209646	0.32072752511040126	0.2596419216034744	0.09664131778036947
0.16194914903169982	0.1636187930143519	0.3189839743547318	0.2592621666519583	0.09618591694725792
0.16212919353793692	0.1605198593304587	0.3202477217190521	0.25898013641713247	0.09812308899541967
0.16195797327622985	0.16321452571124012	0.3192637771007828	0.2590875530936362	0.09647617081811087
0.16235652870931125	0.1623801651918299	0.3192798799955504	0.25877207695268806	0.09721134915062016
0.16209072300035482	0.16138212383027417	0.3200366395759804	0.25886947828308104	0.09762103531030933
0.16171575776147512	0.16053846427497234	0.31998745365438686	0.2591430311928627	0.09861529311630278
0.16233262769138598	0.16047954147805055	0.32007920493653735	0.25941293578008207	0.09769569011394386
0.16243711983264503	0.16066293101342233	0.3196331924206965	0.25890350061634465	0.09836325611689128
0.1618643850439218	0.16254311800744561	0.32021364146423437	0.25944607822869203	0.09593277725570601
0.16195031026632722	0.16108640885324488	0.32079733247519127	0.25874108912298266	0.0974248592822537
0.16242072355043202	0.16087367911146086	0.3208266518154298	0.2592307572260973	0.09664818829657983
0.16213358183149304	0.1627652655974985	0.3197562353805721	0.25886629512164566	0.0964786220687905
0.16236117893463348	0.16081139455042223	0.3209971342784467	0.2590332648239761	0.09679702741252127
0.1619690450322665	0.16053731510471042	0.32144606954889027	0.259270265800735	0.09677730451339761
0.16175045033289479	0.1628590068560107	0.31994036648880597	0.2589798770295543	0.09647029929273404
0.16166885858935323	0.16258512266303185	0.3199394929424444	0.258860586218941	0.09694593958622935
0.16180380158222463	0.16086896424935898	0.32080211954790505	0.2596163169965699	0.09690879762394125
0.16201692442112783	0.16076485260732712	0.31945073372723354	0.2588363031583754	0.09893118608593593
0.1619709051230208	0.16215861793824943	0.31905233324545146	0.2593122908186666	0.09750585287461157
0.16236571220316975	0.16099452551916532	0.32147062408209925	0.2587759271187868	0.09639321107677873
0.16223458854982017	0.1617390160115731	0.31937263742193467	0.25908825814560843	0.09756549987106339
0.16168463374218886	0.16134596696837805	0.32029877151377906	0.25931568225051266	0.09735494552514115
0.16171817469974517	0.16325726833529863	0.3190818398203963	0.2593191657298508	0.09662355141470888
0.16198328945822663	0.16190253098518473	0.31915520087205407	0.25933688544439054	0.09762209324014384
0.16199690510537412	0.1610277830578108	0.31966808052758067	0.25882963265939063	0.09847759864984362
0.1623435911818119	0.1609748212815689	0.3203236938459772	0.2589686309285962	0.09738926276204563
0.16233948587429925	0.16129445447677912	0.3202267466976841	0.2587709316961098	0.09736838125512753
0.16209935144616072	0.16292310575703142	0.3198807191391395	0.25878417169267154	0.09631265196499664
0.16206003487768056	0.16083612019672852	0.32101618681978644	0.2592678720495958	0.09681978605620849
0.16185443686141168	0.1615134092309292	0.32064662775378444	0.25923715996615654	0.09674836618771797
0.16211097971667512	0.16038376610233274	0.32113956808720234	0.2589904693834546	0.09737521671033497
0.16218658108402761	0.16134266527382557	0.31917835522555427	0.2589254164770509	0.09836698193954146
0.16211033303954456	0.16203802543858808	0.3192305374549745	0.2592095799022902	0.0974115241646025
0.1624578051969336	0.1605004846823353	0.3199438210102138	0.258938844803062	0.09815904430745508
0.16237803083672767	0.16134728841902912	0.32056588926316804	0.25897929181403523	0.09672949966703973
0.162368508926849	0.16046081634880394	0.32010844750151407	0.25886276162192945	0.09819946560090335
0.16239988081710255	0.16159420756019674	0.32060194211741455	0.25903010952839867	0.09637385997688734
0.16164765983152418	0.16125101647002893	0.32024188560902084	0.25952050963705986	0.097338928452366
0.16243418164804332	0.160945890730947	0.31929697900670745	0.25871709461875164	0.09860585399555037
0.16169316991160582	0.16162341590852702	0.3202582959352438	0.2591561977738393	0.09726892047078385
0.16235925371110024	0.16232903703430168	0.31987892369578647	0.2594258477714349	0.09600693778737654
0.16213335045552807	0.1608087383388633	0.32047483724320913	0.2595160930307937	0.09706698093160568
0.16178488939454105	0.16157767857359062	0.3190915316768702	0.25889848123225895	0.09864741912273893
0.1624101032078749	0.16099465076943004	0.31927140287087163	0.25888562259212616	0.09843822055969706
0.16194649736851502	0.16138524995461695	0.3209032579599572	0.25871945498099497	0.09704553973591568
0.16181258781523933	0.16150317142482135	0.3189977460175314	0.25915048325303414	0.09853601148937363
0.16168612807452393	0.1619014595610776	0.32127267275775756	0.2587196583945519	0.09642008121208881
0.16222256199576712	0.16116170046739478	0.3191994503826613	0.25911397412101805	0.0983023130331585
0.16247064939159173	0.1629730478241124	0.31936118196542246	0.2588894615555416	0.0963056592633316
0.16249337161488353	0.1617379634145061	0.31947082589010944	0.2588360390869638	0.09746179999353691
0.1622293159864875	0.1608538155512124	0.3215178070392871	0.25897331384095806	0.09642574758205476
0.16239538967627196	0.16176560312205387	0.3201129345051956	0.2588254335353537	0.09690063916112465
0.16175372504766422	0.16120693655529683	0.32086354101124626	0.2587982036395779	0.0973775937462146
0.16239111658784258	0.1606993104526219	0.31954124844400145	0.2594551290180042	0.09791319549752964
0.16171915432555195	0.16259474877718025	0.3201018967571001	0.2589899356886099	0.09659426445155758
0.16226897638582433	0.16137828851202318	0.3205000650595764	0.2588165557065452	0.09703611433603071
0.16226515260455862	0.16245194443233296	0.3194720487610596	0.2592911100044016	0.096519744197647
0.16225435818777798	0.1619142758101193	0.31887669086498577	0.2587729320504143	0.09818174308670244
0.162386389249602	0.1627000220270958	0.318981761153066	0.25907521752077123	0.09685661004946478
0.1622389313649994	0.16258715405238308	0.3200124695055984	0.25905854214719215	0.09610290292982673
0.1620590767103114	0.16245955221140837	0.3191913349245973	0.25955520537790966	0.09673483077577308
0.16221594159272176	0.16077138978598052	0.32128421515519734	0.2592337536970941	0.09649469976900607
0.1621881321010333	0.16057118510883908	0.319660682865444	0.25965141408014686	0.09792858584453655
0.16223772157778266	0.1634884189657893	0.31911824830567626	0.2592253255326827	0.09593028561806893
0.16164021024374237	0.16139503894283952	0.3204724037773441	0.2588173132116788	0.09767503382439499
0.16192343475444504	0.1609765623434062	0.32119605131061413	0.2595369372636492	0.09636701432788525
0.16247875850111684	0.16209374340876465	0.31935572834017767	0.25950341873746996	0.09656835101247073
0.16208811542507423	0.16108609352645337	0.3194576620170516	0.2590434373986481	0.09832469163277244
0.16184888999703237	0.16118042763263934	0.3209605022636457	0.2595971451999968	0.0964130349066855
0.16184482128740676	0.16323181295579609	0.3189986260949793	0.2596564453893168	0.0962682942725008
0.16226849921970438	0.1625672771462935	0.3189621836392664	0.2591730375502863	0.09702900244444917
0.1621384725219805	0.16271654861433088	0.320420462205632	0.25872473823687425	0.09599977842118222
0.16241636880213814	0.1636313553068869	0.3189438834222751	0.2587909712025865	0.09621742126611321
0.16167089496981965	0.16111215229673495	0.32110754894018634	0.2593034785173321	0.09680592527592677
0.16235689140436357	0.1618339952696196	0.3201736690738686	0.25917974632146756	0.09645569793068043
0.16230661214797373	0.16038769152330845	0.3197410416546745	0.2590981578316745	0.09846649684236865
0.161788280873507	0.1622637903188508	0.31942051574859337	0.2591207082632464	0.09740670479580225
0.16237528583827557	0.16164024373694427	0.31925979211581434	0.25879995241508746	0.09792472589387818
0.1622225217897122	0.1603991767287585	0.3204604255416521	0.25915810574575165	0.09775977019412535
0.16228000402202244	0.16224805753119032	0.319747692800373	0.25930903730773663	0.0964152083386774
0.16228114962440268	0.16077306495181065	0.3196324808887474	0.2590515462173866	0.09826175831765246
0.1617770938979068	0.16151179230050616	0.32045888731920763	0.2589030010313333	0.09734922545104593
0.1623615643523578	0.1612882169154639	0.3194252647557355	0.25951870605458877	0.09740624792185383
0.16231966929746425	0.1604802342024868	0.3199682326546278	0.25938842156375064	0.09784344228167031
0.16160480436880015	0.16113797483360504	0.32074795137044587	0.25923853368622646	0.09727073574092232
0.16249502752350065	0.16066586257685966	0.32140293713468937	0.25944474632844033	0.0959914264365098
0.16231672959707255	0.16141880565314784	0.3191801136288986	0.25916825070395816	0.0979161004169227
0.16241209386713876	0.16097726848164642	0.32111793333733396	0.25898734205986906	0.09650536225401161
0.16193622602374852	0.16119321975886916	0.3201172977399044	0.25903905305076136	0.09771420342671636
0.1621989074307633	0.16255644530870916	0.32022586336923975	0.25894514270522584	0.09607364118606176
0.16187779907423513	0.16278509628173943	0.31930782363620236	0.25878295253434436	0.0972463284734785
0.16164873839621718	0.1619727275417131	0.31957996298918845	0.2596016572542669	0.09719691381861413
0.16242264263107867	0.162884130295318	0.31976373873279307	0.25882099251667456	0.09610849582413553
0.16229474075248268	0.16231700886967645	0.32017067792149734	0.25907703399538295	0.09614053846096043
0.1623124218952158	0.16054459574609606	0.32140419674586984	0.25910156118066846	0.09663722443214967
0.161816970385839	0.16138525891504382	0.32083398745209046	0.25927465970303454	0.09668912354399195
0.16211152232473647	0.16237745894657213	0.3192848057954928	0.25872711899004597	0.09749909394315248
0.16218042403083982	0.16180724158950388	0.3206514016383196	0.25879194005948875	0.09656899268184774
0.16170225842411556	0.1638686503518039	0.31924332433406355	0.2590226002510361	0.09616316663898075
0.16203098331510915	0.1613234021963631	0.321361550876811	0.25881528820908156	0.09646877540263496
0.16200125464680248	0.16316978119296038	0.31908778101697494	0.2588961401532617	0.09684504299000032
0.1619482619970554	0.1622790488589226	0.31932931510096063	0.2590493841869529	0.09739398985610824
0.16204209441569684	0.16117539219095883	0.3193995439376199	0.2588694326012811	0.09851353685444317
0.1619896906792992	0.16131976036642637	0.3198251483711674	0.25918091220979134	0.09768448837331553
0.16186166081280434	0.16085407309464944	0.3195619253748432	0.25903361867331154	0.09868872204439125
0.16169095735388805	0.16242181408930106	0.31974355436999674	0.25964394468981905	0.09649972949699487
0.1618955753223494	0.16212299587613047	0.3199683531113586	0.2588590924228097	0.09715398326735164
0.16241106305645323	0.1607076190513185	0.32069693759047146	0.2593162708129144	0.0968681094888422
0.16199186012860395	0.16229759884917452	0.31986966549524287	0.25924757468460197	0.0965933008423765
0.16199971532724028	0.162102858165455	0.31918296882995656	0.2596241185517729	0.09709033912557508
0.16243120478537001	0.16040994349433835	0.32011604153486334	0.2594288399364594	0.09761397024896869
0.16174979356342828	0.16094727233676426	0.3212298903035393	0.25923263094256815	0.0968404128536998
0.161934621338506	0.1618103337945182	0.31933173840011014	0.25934802220691816	0.0975752842599473
0.1618491277207102	0.1617607497909103	0.31905488965426804	0.2588940957254929	0.09844113710861843
0.16188111199552738	0.16058252881803425	0.32150234704358194	0.25876972174822516	0.09726429039463105
0.16177109981826898	0.16269291138036593	0.32004278713126405	0.2587651638006152	0.09672803786948564
0.1624502646370994	0.16248599518632606	0.3190089905685287	0.2590074748162985	0.09704727479174716
0.16193612932864404	0.16302128564312848	0.3191906263776365	0.25931695736686583	0.09653500128372498
0.1623031008982771	0.16121128166950294	0.31895643473654156	0.25959695154069073	0.09793223115498742
0.16226645200185744	0.16227105554567467	0.31949951046155045	0.2587526335975282	0.09721034839338899
0.16247738087924574	0.16088605820066143	0.3202377205175214	0.25928176958210236	0.0971170708204689
0.16239934389506572	0.16238281166763874	0.3197634683359857	0.25912669406390804	0.09632768203740164
0.16168719362291004	0.1625585251322823	0.31973968526071606	0.25870869650312983	0.0973058994809615
0.16219958504256113	0.16103182903266666	0.32062669734913557	0.25945462810096204	0.09668726047467441
0.16188992350239534	0.16169574280878157	0.31990583504837444	0.25929166652857716	0.09721683211187124
0.16229028151743952	0.1624422109138028	0.31907277290737923	0.25871779322982635	0.09747694143155192
0.16189759966968273	0.16049411566022714	0.32039639749443727	0.2591657931165539	0.09804609405909877
0.16172918314064838	0.1607137485725837	0.31987255454201124	0.2594085037047982	0.09827601003995828
0.16176208186837332	0.1607401420082499	0.32149894948627555	0.25899539897931	0.09700342765779105
0.16161075000725433	0.16270677436695685	0.32070320104639694	0.2589058279312342	0.09607344664815753
0.16204035210093043	0.162182163891896	0.32029841931386066	0.25919482876885425	0.09628423592445853
0.16219616608128004	0.16072646402341423	0.3208049950854059	0.259536770954644	0.09673560385525563
0.16229901034001534	0.16085466135614818	0.31979391479754704	0.2592006010579327	0.09785181244835654
0.16241351800913367	0.16127511271094974	0.319910858565696	0.2588480233810576	0.09755248733316273
0.16179168501268765	0.16206836048834233	0.3195928506572683	0.25908768089628004	0.09745942294542151
0.16192897059119532	0.16135680473969696	0.3201758439442833	0.2590704133098269	0.09746796741499734
0.16192608077377674	0.1605801614168342	0.3211709928927886	0.2589609988885352	0.09736176602806507
0.16177456317152242	0.16260426724827787	0.3196864073003047	0.25898270395915474	0.09695205832074011
0.1624233800583415	0.16180369880997408	0.3199828840415272	0.2594593288927215	0.0963307081974355
0.16204516660929574	0.16130658422161606	0.320872938411242	0.2589065876403184	0.09686872311752762
0.16192310326196005	0.16225423547778586	0.31937573931462265	0.25897420779145064	0.09747271415418059
0.1624351638987934	0.16199880394526256	0.3198667626193194	0.2595085474135911	0.09619072212303337
0.16247496501460745	0.16183128923854773	0.320631028788664	0.25916920036189395	0.09589351659628668
0.1621641389450352	0.1619126237059288	0.3199182394190817	0.25957234773714577	0.09643265019280833
0.16236870161461928	0.1611719022627838	0.3208717382269921	0.259650711695206	0.09593694620039864
0.16168898128287573	0.16078677665177712	0.319467145174138	0.2594747878604207	0.09858230903078824
0.16182705058320415	0.1629813543837389	0.31985515091872907	0.2587315003888786	0.09660494372544906
0.16204526189456875	0.1610727535685694	0.3210534628180617	0.2590782169712746	0.09675030474752536
0.16176085305207283	0.16097017050381957	0.3214652608769334	0.25879854385325624	0.09700517171391775
0.16206704345534267	0.16140204934147653	0.3199937435019709	0.259170480862927	0.09736668283828272
0.1622895172288046	0.16286814112580877	0.3189006819291422	0.2590838969580555	0.09685776275818866
0.16168125826200253	0.16161254160528743	0.3196711592698557	0.2595305799538168	0.09750446090903739
0.16179036136662966	0.16046250584651392	0.3191438041139102	0.2595465730801465	0.09905675559279953
0.16188374393251123	0.16092825911410807	0.32025561993716156	0.2594650780068984	0.09746729900932052
0.16170113983920453	0.16155623544112846	0.3201150093846369	0.25886474717207414	0.09776286816295578
0.16219890956401217	0.16088304423789287	0.3191098039122509	0.25901975108936703	0.09878849119647681
0.16246710981141768	0.1608654018833321	0.31914235732882096	0.25942987696252806	0.09809525401390098
0.16187079129659465	0.16280433015440163	0.3198837074085321	0.25888407742554015	0.09655709371493129
0.162397474715948	0.16037133390378394	0.3214119817034674	0.25961793110003917	0.09620127857676133
0.16213852020656222	0.16198535112791618	0.3194269128669539	0.25924985771386205	0.0971993580847054
0.16245876991935593	0.16122545613876776	0.3214145192073444	0.25897495297345896	0.09592630176107275
0.16211443999099684	0.16089315312126504	0.3209177765776101	0.2591862189086849	0.09688841140144294
0.16214505383906633	0.1621676384684102	0.3191904701698021	0.25899598693390696	0.09750085058881422
0.16190878287637134	0.16086700929260378	0.3211679099454774	0.25947100945941104	0.09658528842613627
0.16218028032553514	0.1610175060554858	0.32121459625010457	0.2593217572783944	0.09626586009047988
0.16235629999646356	0.1616281593284961	0.3194246868182548	0.2589755432133539	0.0976153106434314
0.16219634743770975	0.16043618529051124	0.3203900763582635	0.2596199167687979	0.09735747414471738
0.16237822989777426	0.16243790161508537	0.32014066643520667	0.25879451675918796	0.09624868529274554
0.16233031469427614	0.16190687461343847	0.3199073756971086	0.2592972206658582	0.09655821432931838
0.16244101650344916	0.16152713572439859	0.32032835469620335	0.2587809458748739	0.09692254720107482
0.16213006100981453	0.16113093427016706	0.32111399946525016	0.25908047381534727	0.09654453143942077
0.16232607814769254	0.16221637981990686	0.3199613294752593	0.2592977610708347	0.09619845148630637
0.16214122925573507	0.16110187049225316	0.32048724124174155	0.2594565885297853	0.09681307048048471
0.16160259918541459	0.16222022450268203	0.31911865601752726	0.25949587320642276	0.09756264708795317
0.16168260922084757	0.16171355415584376	0.3207708739290143	0.2591980449146571	0.09663491777963704
0.1619113395980052	0.16202677595003775	0.3206571240930116	0.2591692576188848	0.09623550274006042
0.16178807474998455	0.16208834530815291	0.3198972476873477	0.25961267141927336	0.09661366083524131
0.16167765695007913	0.1625563344673801	0.31913413144301067	0.2588090497497565	0.09782282738977338
0.1622402042987783	0.16371761167273996	0.31899624547215794	0.25888938639359793	0.09615655216272567
0.1621679289343833	0.16249762940920653	0.3193031295361817	0.25880513114206505	0.09722618097816321
0.16162970741185834	0.16148774994385534	0.319089227827949	0.25920938051057213	0.09858393430576494
0.16159875400255572	0.16053777681738496	0.32008558768433837	0.2588567726551148	0.09892110884060601
0.16208538846814846	0.1619168229685536	0.3197775057840015	0.2587833759843436	0.09743690679495268
0.16160386245154373	0.16039220857131334	0.3210385522884328	0.25943132773949573	0.09753404894921416
0.16162637589714035	0.16226522688994194	0.31993131387961493	0.25874890387073773	0.09742817946256488
0.16160301805248592	0.16105619949350913	0.32116049008843234	0.2590150913036043	0.09716520106196813
0.16195653381938738	0.16057865567498197	0.3198180111320228	0.25878825731134436	0.09885854206226329
0.16186674781387633	0.16113792366451496	0.32126696764597207	0.25939573476933836	0.09633262610629809
0.16246603715620922	0.1621406687466993	0.31902273234920864	0.2594136670277618	0.0969568947201209
0.16194722290958247	0.16324174297338487	0.3190690110628179	0.2588701127735781	0.09687191028063648
0.16193049000832382	0.16271007354163342	0.31921030156919555	0.2589213652829032	0.09722776959794383
0.16247630862512025	0.16113569652690013	0.3203201410222848	0.25913180576965866	0.096936048056036
0.16198364793323064	0.16095666259117863	0.32115457551793825	0.25880717063342656	0.0970979433242257
0.1617837528152504	0.16223163736429747	0.3210912261432912	0.2588770965922842	0.0960162870848765
0.16205006688859602	0.16086179826117836	0.3206643279854338	0.2591698388144309	0.09725396805036068
0.16165284844051128	0.1614984010889991	0.3189991589538849	0.25914895366077995	0.09870063785582459
0.1619365281616079	0.1622675955219529	0.32073515097014255	0.2587242763008071	0.09633644904548935
0.16166259189499005	0.1638364656232067	0.31932309318666496	0.2590584717847176	0.09611937751042049
0.16192741691565382	0.16106986040833238	0.31943295295070717	0.259352468776435	0.09821730094887149
0.1620189497190619	0.16136599096977788	0.31953044812244735	0.25947872219453816	0.0976058889941745
0.1620657480694333	0.1612820983486271	0.32026382081621835	0.258810801951145	0.09757753081457601
0.16214477704679034	0.16106532919252325	0.3190887343095444	0.2590598224621528	0.09864133698898904
0.16206412568164658	0.16185154128303025	0.31996452322113444	0.2595896638614117	0.09653014595277684
0.16236451649959263	0.16124300428569732	0.32040917671207153	0.2595285275718313	0.09645477493080702
0.16245907751723115	0.16159959337884108	0.3192354059855349	0.25912471735366244	0.09758120576473023
0.16233493372865243	0.161485797264371	0.31911459654471913	0.2587303843142086	0.09833428814804865
0.16226896369818988	0.1611858063256888	0.3192344227033328	0.25935195830402435	0.09795884896876397
0.1621163332030486	0.16045283469802113	0.32109909535251246	0.25944050310729705	0.09689123363912056
0.16244899510491168	0.16064835773632616	0.3190377109287364	0.2592001975929363	0.09866473863708927
0.16248935383067578	0.1605120403361935	0.3209269781446433	0.2590511250457727	0.09702050264271445
0.162466739945949	0.16161543275540724	0.319641803948831	0.259068523641906	0.0972074997079065
0.16207697898941936	0.1604206967037493	0.3211563325815382	0.25954003870094206	0.0968059530243508
0.16179596620645997	0.1617626547921406	0.31936069741094386	0.2589421784026621	0.09813850318779334
0.16225015770041407	0.1608793399912397	0.3196993475467779	0.2593775740908909	0.0977935806706772
0.16232738342067557	0.16365644348332414	0.31909954755397685	0.25898962102707335	0.0959270045149499
0.16218873759147515	0.16056569200260012	0.3206518495139431	0.2594253903896643	0.0971683305023172
0.16180370036272118	0.16155244583577547	0.31909126401889554	0.25952604672690066	0.09802654305570696
0.16194615222100284	0.16161301850794163	0.3194543815641684	0.25930542325043243	0.09768102445645452
0.16182561197691858	0.16161195599483422	0.3209748134351712	0.25879113182805275	0.09679648676502305
0.1617021200729663	0.1610673388032201	0.3213307457745951	0.2594592468316704	0.09644054851754794
0.16243598124055075	0.16289496170264284	0.31962151729692173	0.258743118142416	0.09630442161746848
0.16227528018911866	0.16268009749454512	0.3190059515094139	0.25903807418993563	0.09700059661698647
0.16224502297953158	0.1606644059083624	0.3214632797580019	0.2592869541066283	0.09634033724747569
0.16169565448708026	0.1610116748679506	0.31947387720660037	0.2591928499058365	0.09862594353253211
0.16208588109443228	0.16176765849913294	0.32076104357092505	0.25934420124797536	0.09604121558753421
0.16206964035355226	0.16127507974219307	0.31950111189900965	0.25877528813804224	0.09837887986720262
0.1623338199781439	0.16171044462681133	0.320813555486167	0.25924764044154713	0.09589453946733045
0.16217851579124892	0.16270564748397806	0.3200680697210295	0.2590474701472768	0.09600029685646647
0.16208238891597404	0.16139515041477343	0.320543014932625	0.2595035878121444	0.09647585792448293
0.1619458227287509	0.16175321935954876	0.3189625146863828	0.2590235798839028	0.09831486334141455
0.16242087895888996	0.1611397450778827	0.3197059053473006	0.25897888945664527	0.09775458115928126
0.1622546161153438	0.16073202317470853	0.31891247506856235	0.25913925502307206	0.09896163061831306
0.1624453426512707	0.1606168872795286	0.3198567392763271	0.259235491135914	0.09784553965695947
0.16175712096566436	0.1617998682152073	0.32052312487635487	0.2594784207907515	0.09644146515202173
0.16217252432218365	0.1611236518337834	0.3212187741505716	0.2589962544985486	0.09648879519491257
0.16224478880558296	0.16184223922614577	0.32023942783188897	0.2589313962311004	0.09674214790528171
0.1619496146561586	0.16085568313750126	0.3203537676915436	0.25932302953242126	0.09751790498237513
0.16196492672964485	0.16161248472602616	0.32068729930413825	0.25948423042654867	0.09625105881364186
0.16217951769634006	0.16223993456801913	0.32010486087815937	0.2592035397409449	0.0962721471165363
0.16188113924440073	0.1610809044196201	0.32124734508048675	0.2591780446416135	0.09661256661387876
0.1622429505518963	0.1609144645902838	0.32114973321242535	0.25884952444683673	0.09684332719855764
0.16158980406400597	0.16186161105463204	0.3203550046439842	0.2591292615011727	0.09706431873620489
0.16162565174026697	0.1613038588259469	0.3201855064919852	0.2594383521087954	0.09744663083300531
0.16183932582160204	0.16050844857488888	0.3195958024483868	0.2592254570642644	0.09883096609085766
0.16207205043049852	0.16053264182870058	0.32025189540354093	0.2591211915556273	0.09802222078163242
0.16213333496953428	0.16236914360929955	0.3200667242187797	0.2591143921404623	0.09631640506192397
0.16163555433847202	0.16171029263452813	0.3191460492875118	0.2595712874591282	0.09793681628035963
0.1616230827730032	0.16387444943981852	0.31890354019821054	0.2594407594346346	0.09615816815433288
0.16185895718248255	0.16295323804061343	0.31987286951366634	0.25939538893174857	0.09591954633148893
