0.15367696673679607	0.0076677845246017895	0.23048263407945863	0.11444151436541913	0.04397506335456407	0.08825754303704471	0.2415194955252088	0.11997899837690654
0.14973687839359617	0.026185629454520173	0.21795966453818533	0.11896012545127202	0.03696230177562218	0.11116204347630662	0.19651265961400588	0.14252069729649142
0.13875342558152828	0.03898324586401346	0.23811638106720895	0.11442022190952036	0.0415551557759843	0.08303280032452279	0.2178084603238057	0.12733030915341592
0.14924385729336412	0.02163140188480224	0.2215608733952815	0.1311078567924015	0.038847879932712714	0.11000015047201946	0.21381819465702076	0.1137897855723975
0.12612592600389502	0.04168023317739458	0.21438379784389464	0.1496684266709981	0.03152083303919771	0.0960685446611599	0.22134222569131196	0.11921001291214782
0.13034353384088612	0.009580350172435331	0.2353849227457343	0.13679656055326764	0.05989829175453047	0.09626485229901989	0.18274754663532866	0.1489839419987974
0.14275333537740317	0.00895735483196114	0.23742245392572953	0.13008849038599907	0.02973016140794381	0.11287411629322562	0.224097535301779	0.11407655247595842
0.15558581268614105	0.02627195145386653	0.2178435035424594	0.13432861771784427	0.044562040152525864	0.10449562043684156	0.18435315001401595	0.13255930399630508
0.13908932648859088	0.01083745270352221	0.25236539967463717	0.11608048187795336	0.04431311851484174	0.08677339112575622	0.19208110100141215	0.15845972861328605
0.12919252292902395	0.022711242089440337	0.23413621054592276	0.1521892421576714	0.03554914633945054	0.07576985788397643	0.20421015025558834	0.14624162779892605
0.13813266300147312	0.007346137562578375	0.25628603269772143	0.11519535716762003	0.05115390427767541	0.0992756784054532	0.19094322603373837	0.14166700085373984
0.15094919767804132	0.03983890856878987	0.23168665970317842	0.14065446833761236	0.03155866363133282	0.08396903898208634	0.20065989217923302	0.12068317091972557
0.13312526824717222	0.009407873356839236	0.24650376158548198	0.10881836760284212	0.04652206188742876	0.11029553849071061	0.2112891164972227	0.1340380123323022
0.13162984744048783	0.03525590255687115	0.229913103871739	0.10657731771678838	0.05045081326092156	0.09579911711209659	0.1973929741453055	0.15298092389578977
0.13136736044063213	0.0218776630470342	0.23431683572678286	0.14134371409814664	0.06002900359251215	0.1013934261825009	0.19180197707865096	0.11787001983373994
0.15796821563837854	0.0076972292013609694	0.2304191079385302	0.13339198853116538	0.04786851525126018	0.08207097877820957	0.20200583931686952	0.13857812534422537
0.12454204449301884	0.01620513496467929	0.2101200389994253	0.14623145334561094	0.04895875262735627	0.0908094741955692	0.23185930436503827	0.1312737970093017
0.1314423747182368	0.01467002514826142	0.20587935905107424	0.1498971294241991	0.042608240909014286	0.10329684178658721	0.2023859138464561	0.14982011511617055
0.15025016557151302	0.005391808790595559	0.21137400443544102	0.11602279912174855	0.04058921649998777	0.10147338832241973	0.22379588072512713	0.151102736533167
0.163156454956384	0.02767765308607205	0.24844661258923315	0.1281535053520328	0.0459337009531631	0.09149219826651536	0.18104935704637104	0.1140905177502282
0.1381005173188819	0.026918798114667117	0.2132836963683204	0.14843500966533962	0.0580509552905705	0.10967241093126134	0.1900757332549179	0.115462879056041
0.14486059003392443	0.020177557055086975	0.21071040650589656	0.123051372797709	0.03220616991367649	0.10392267879245466	0.2261207598708962	0.13895046503035538
0.14765400829574338	0.0382032025737359	0.20752800590391446	0.13227649459554883	0.053670552675720795	0.08272664104830478	0.19207080189208237	0.14587029301494925
0.15913552006119658	0.026846375483462512	0.25139094610318374	0.11523927712737803	0.037277852182195426	0.08361868250980653	0.20104378222546013	0.12544756430731685
0.15650316963737393	0.010802196261600311	0.25640301794724646	0.1174019389748871	0.0430952313785484	0.10625581288435207	0.1866681363874958	0.12287049652849574
0.15913093084008223	0.018874823309503394	0.22140242025082987	0.12678132270021666	0.035068433647357705	0.0886141988331656	0.23567554942172214	0.11445232099712216
0.12421234083987188	0.025730777006122016	0.24085829292461478	0.11707592745840198	0.04726115391198196	0.08886696432986804	0.21222502905581342	0.14376951447332567
0.1321733489828964	0.005550121304039923	0.21631104541125712	0.15793443638800003	0.05057134800055153	0.100217865993653	0.18403398159112877	0.153207852328473
0.14104076328070414	0.02086739984314402	0.20954000947160634	0.12565225758371443	0.039926314264975823	0.10548009420936863	0.21324721479170478	0.1442459465547816
0.15256355389217396	0.014462736432324999	0.21469604354812172	0.13835207882725545	0.0486162487203807	0.07487824331968143	0.2193567363552724	0.13707435890478917
0.12390402026758383	0.012855176820825015	0.25728667062669786	0.11647622455503001	0.05380112843678163	0.07878948919498216	0.20622071876242318	0.15066657133567604
0.1547521078279456	0.03395163000318549	0.224324554073862	0.11105171864645116	0.046824688110383164	0.0853216363332763	0.22166433163968824	0.12210933336520774
0.1534297019888288	0.029446478574677776	0.2162987674374522	0.13772217692519023	0.030813858608501124	0.08423980513335325	0.22315125825301718	0.12489795307897932
0.16042888910694825	0.0058892302828358195	0.21964456099094354	0.13605780866209685	0.033535298511793	0.11684337286486673	0.20170772016342184	0.12589311941709372
0.13317406877452073	0.027945160165321822	0.21019459028356227	0.12108558384424523	0.038789766813795604	0.10615699647885554	0.2217999110972085	0.14085392254249007
0.15732184443395286	0.018596029100355557	0.23608088793145854	0.1244642203193861	0.04712434587475438	0.10463393445707138	0.1830316427847444	0.12874709509827656
0.15672580527524876	0.031161486691623427	0.21768619444511628	0.11518123983727994	0.05339596407570163	0.0836494447848049	0.2087050250199089	0.13349483987031593
0.138526030241142	0.01037026099272692	0.2529687061446164	0.13269581886031123	0.0401735279087793	0.1026201235833132	0.195490096358804	0.12715543591030676
0.14760059642576057	0.008986377790556666	0.20722153071689836	0.13453618930959918	0.04277746394684022	0.097694587880723	0.20880070020725083	0.1523825537223709
0.14858440409840004	0.007122637519221903	0.23347641922437268	0.12099626553070772	0.04751676456258046	0.10233359014118179	0.21857376728059255	0.12139615164294262
0.14242335103622916	0.037014998742201016	0.22664262329609147	0.1314166074637094	0.03653255177425252	0.09001176086854057	0.19976032106815236	0.13619778575082325
0.1301122861576422	0.013514710528459373	0.25206443111909893	0.14061035043368195	0.040347831106809603	0.0789393509092052	0.202774232831964	0.14163680691313857
0.1547324985296821	0.005633732767587468	0.2437372854353269	0.12538668159952301	0.040561564282280194	0.08142088026370312	0.22506199506770552	0.12346536205419147
0.14950340707512477	0.03360489872977136	0.24610436247637252	0.13589685395925033	0.03776389593779618	0.09813318521989278	0.18227957368734463	0.11671382291444728
0.15772842411178795	0.024610288516604475	0.21670969632520498	0.13795883260486558	0.03186537701624313	0.07456964919416453	0.23100628279994329	0.1255514494311858
0.13302034175266533	0.016381490197125717	0.22921174008472928	0.11733809731466349	0.04446325023205028	0.11121213533396745	0.22828180482340757	0.12009114026139062
0.12693355864692898	0.012318998436402787	0.2062112067407711	0.13783037738804207	0.054497578557377385	0.0991894289200759	0.22427926582689617	0.1387395854835054
0.12315923750050277	0.03845782831342623	0.24391407485930966	0.1296380452315207	0.049842325376505375	0.07778957378782045	0.22232838418132067	0.11487053074959389
0.13824345467959803	0.03599178584359067	0.24922917488434793	0.10933846788935518	0.03312922755556111	0.08496195987513552	0.20030823278432003	0.14879769648809132
0.12573163864501757	0.02490952714987245	0.24460699431798846	0.14444727917225642	0.052452490569559404	0.10753715209691726	0.18591679436468964	0.11439812368369855
0.12433553154185942	0.021719956842951638	0.21866556279909136	0.1377182012658456	0.034123977974515496	0.11135390714000445	0.20648010628162808	0.14560275615410367
0.12828553192487085	0.022726815232820607	0.2531846107461242	0.10697631692380041	0.04144652268286561	0.0795439353651057	0.21202232107023336	0.15581394605417906
0.15017882110233483	0.007585443718415519	0.252124620996953	0.11373203650216629	0.04278582241408717	0.0940650936186011	0.22510082918560045	0.11442733246184143
0.13129296343555488	0.020277767521149542	0.22014091082565065	0.12415430663394454	0.037927685425052954	0.08793910657450962	0.2459513939777162	0.1323158656064213
0.15732114241163797	0.029260794942744514	0.23703894851109203	0.10730860858104953	0.044456034446501216	0.0883488561403368	0.22021276532427653	0.11605284964236118
0.1371321421428213	0.007899170915235246	0.2503510401490844	0.13063859769964295	0.0457645977092833	0.09180390571503066	0.1899986450529003	0.14641190061600162
0.14225647912834893	0.015464405162052844	0.22686835049239373	0.13766021816094295	0.04651391137904852	0.07744567199176097	0.2317436367581468	0.122047326927305
0.130057927666458	0.0359700363355136	0.21786823083997622	0.12083902791795358	0.054800629672967616	0.0852024754127067	0.21741466986555072	0.13784700228887334
0.12898742981999847	0.02404293291976739	0.22838043470604147	0.14936696042164946	0.06095807063714047	0.08826242814726913	0.20394239293121244	0.11605935041692096
0.14444182788360654	0.02221905074063009	0.21839774659840938	0.12312726655270168	0.05599692786951259	0.09676112819340732	0.18990717164189097	0.1491488805198412
0.1342506831821043	0.022823915341798062	0.20806832847860268	0.13774240564950227	0.03149875189226632	0.09977229995750968	0.23440952711438423	0.13143408838383225
0.14072233251238309	0.03426035567670188	0.2546583595542	0.1107336946147048	0.028920287966630515	0.10771235439385898	0.19031996460222905	0.13267265067929146
0.15139914572364438	0.004764660955963396	0.22590316377790653	0.11586169412573938	0.06100312928565378	0.0975463211895114	0.1870413322632613	0.1564805526783196
0.14758390782593225	0.025542980299914766	0.217335715304251	0.10884074483288803	0.04645598977906931	0.10558121258746109	0.20747395924697504	0.1411854901235083
0.1311237216884628	0.020262461118472047	0.2665126715322022	0.10355766943830234	0.03622325625601666	0.10812654450749226	0.19829509300996193	0.1358985824490895
0.1464094564974329	0.007137520961477614	0.244896365383114	0.11976304942956521	0.05130696472008993	0.0744186065023763	0.21869232247115028	0.13737571403479362
0.1568235773589968	0.029866415798783005	0.24042407569442686	0.11155840907190225	0.0376089808572416	0.08470859597119355	0.2056457079158602	0.1333642373315955
0.15366003260612635	0.020074259333736744	0.24091352176255496	0.12398909221430852	0.03950546702503002	0.07846508518372473	0.2190536248120064	0.12433891706251206
0.13061083180481897	0.00698264939909278	0.26756098334427614	0.10659755064718808	0.05943050498895647	0.08596299922077605	0.20785984270260732	0.13499463789228397
0.16243966127278706	0.005743556619755272	0.2134047106064188	0.1176392233585295	0.05622567155195572	0.10329186569027374	0.20815183365347162	0.13310347724680807
0.1407014234881298	0.017296029413038067	0.2244960553328374	0.1390469440326992	0.052197657463009584	0.08780186639746311	0.21117492435850715	0.1272850995143154
0.15055521919117776	0.015499388968794298	0.23524022918614557	0.12264111205722343	0.040512742137829794	0.09869400337575004	0.21688444632165677	0.11997285876142215
0.14922812939432034	0.011298978896781622	0.20806072352719318	0.15187801085478514	0.029613895096961176	0.07495910732982841	0.2245873323260686	0.15037382257406134
0.1334217508091467	0.021262604803704843	0.24122604493141844	0.1183906579635961	0.04905817084164121	0.08664434684844352	0.2334333165242441	0.11656310727780485
0.15583225942281026	0.0059941816324559916	0.25384119222811785	0.10885013382738651	0.06034783144369106	0.09820316152707269	0.18231256213894975	0.13461867777951558
0.12775367542954083	0.038321617788416126	0.20801588633392715	0.12524664821259104	0.041503680758346	0.09023538760198013	0.22712781123186943	0.14179529264332902
0.12327290685417971	0.010795649051597855	0.24365862621443773	0.12762616866647347	0.05645895075354415	0.10702936817451444	0.19129769153184573	0.13986063875340668
0.15740449473097617	0.006739720046338951	0.21825829004085195	0.11083734660898127	0.058445474027966335	0.08283247169649838	0.22792212784696866	0.137560075001418
0.13378688732777733	0.030887097260210578	0.22356587848637105	0.11912659721778071	0.05305944156378707	0.07889244343794694	0.2037108665642523	0.15697078814187385
0.15857365297740683	0.008216411682146041	0.23071234435065777	0.10546003601440933	0.03348988015474727	0.07785478028348239	0.23121370662829255	0.1544791879088576
0.15058852834099018	0.011543039220921036	0.20783403821342555	0.13985248310611303	0.04286773909925419	0.09524912882496447	0.20636091647533145	0.1457041267189999
0.14724590164518717	0.006315238426329348	0.2614129294535057	0.10961125373949697	0.05607850865462523	0.07990829501302188	0.19228600502619808	0.14714186804163543
0.12776030365856134	0.022256152075518024	0.24947462348931948	0.1111229097542989	0.05412391586575378	0.07964828874418184	0.21638540195355782	0.1392284044588086
0.1441966201051249	0.006786565302686384	0.21824765194822282	0.10806882650381758	0.04627046401488029	0.11071211993951995	0.2345869399023806	0.13113081228336726
0.13493695280935195	0.03081805051994839	0.23559547640203038	0.11006866434995403	0.03231497793267532	0.11354065357110424	0.20838299607881922	0.13434222833611623
0.13033702305014278	0.015158365685302752	0.2300392231182461	0.12649435274587126	0.04350900507070503	0.0974680705504716	0.22381242858096217	0.13318153119829806
0.13512674776288752	0.03860083804923371	0.22345992789154207	0.11582174093396	0.0510121350503243	0.09076843186088479	0.22117651242041425	0.12403366603075314
0.1245231577461761	0.03710615977671709	0.2299472573108065	0.1377537244216244	0.032838097651390966	0.08191470468024166	0.22279927764592683	0.13311762076711622
0.13291485513215562	0.024532737836346824	0.2388677242135358	0.10531580646426461	0.03973317145731478	0.11183379393554502	0.20812834549451076	0.1386735654663264
0.1311302246958366	0.01864411934810481	0.26364875050546244	0.10643356467675749	0.062441601372448766	0.07539176667193559	0.2246683227460082	0.11764164998344585
0.1252228347891041	0.024408819661888695	0.25019767907230583	0.14366634806688966	0.04736830614840627	0.07734693499809378	0.1794605442999598	0.15232853296335164
0.12853501235569123	0.014397150698657005	0.24797009453748697	0.13428169542097945	0.03103971355463335	0.11213771146845122	0.18882982968630496	0.14280879227779553
0.13406858100525426	0.03106392955810365	0.21443988299988823	0.10744867287067802	0.05380884269116047	0.10954397503297535	0.2229338313580237	0.1266922844839161
0.12844094623283747	0.018787063613927166	0.2295372785860903	0.1526111822169577	0.04737994941538569	0.08308087078186625	0.19298741302693898	0.14717529612599625
0.12355934170061281	0.04112253678600833	0.21618062363425544	0.12136669118368955	0.05410770840390779	0.0961901379947749	0.218484665255906	0.12898829504084497
0.13246742724656713	0.035818462156400055	0.26709302272662416	0.12342945066105201	0.04726258000534317	0.09136858216099442	0.1806892839078103	0.12187119113520851
0.15580558649296597	0.037108191797968315	0.21181434827115048	0.10726402400638779	0.052532526027611784	0.11108137476544715	0.19766845524247656	0.12672549339599176
0.13667958478663267	0.03055015535300938	0.20964875919933845	0.130343038084946	0.04939124919559816	0.10202094838475359	0.21722621502827916	0.12414004996744235
0.14871267236079455	0.014859327338418354	0.2102345036259863	0.1543231187890176	0.05057404488181716	0.09780441532550117	0.20150578495408983	0.12198613272437482
0.14368045905661037	0.006523444203280854	0.2550898345708177	0.12752516077219786	0.041079636450349705	0.0802418541682452	0.19064109555269135	0.1552185152258068
0.14663173803952306	0.04176342305888622	0.23938869392848927	0.12032100023914448	0.041520673848182935	0.08495105776815885	0.1980534069822174	0.12737000613539753
0.1303802485854592	0.022272908755522264	0.2153320173044623	0.1164886679578267	0.05133358689928896	0.11432227597858888	0.20914496429380486	0.14072533022504657
0.12658733321726812	0.018608402305324734	0.22360429751561645	0.11774029135652787	0.05604153602387632	0.08316366498798397	0.22927344349825057	0.14498103109515176
0.13571913374178513	0.04044405431845349	0.22490459798864404	0.1139074405988666	0.05156775672975181	0.09350446710777462	0.1978894140064889	0.14206313550823518
0.13859015538884936	0.010629064110638728	0.22129170022937233	0.14772973945221998	0.047852932841522935	0.07958039438924744	0.22362217946225385	0.13070383412589515
0.12377159534011592	0.008551230633197515	0.2299085231610943	0.12151299513434274	0.05314728265801462	0.10891419443876782	0.21222539299137738	0.14196878564308948
0.13827581020676918	0.03914487071665314	0.23840196119989776	0.144697295486655	0.03313107521849311	0.08705811154899891	0.19819453054591352	0.12109634507661912
0.1486124225214585	0.020454359011713108	0.24369659287813533	0.1123245760400342	0.055599480090016556	0.08750747322772325	0.21824957639716452	0.1135555198337543
0.1298615158677935	0.03093835474049131	0.23750699519995824	0.13627234903094082	0.04724093418035316	0.0941149708036498	0.18413382686679503	0.13993105331001793
0.1503577557458455	0.02687443183070265	0.25667607557805483	0.11184081359024914	0.03851984254380089	0.11070998693030147	0.18759698953119533	0.11742410424984999
0.14771866508262824	0.017361322506505183	0.24398852285017145	0.14924061864387517	0.036055006019956135	0.083128324193886	0.19309196869588746	0.1294155720070902
0.14382148017948085	0.01843200942443557	0.25639290300484724	0.1183265985430597	0.029480701258925684	0.10966937174490739	0.19611110143310234	0.12776583441124098
0.1317825075234113	0.02631195460453667	0.24042075693176307	0.10831694166132598	0.04279101075155409	0.10924003717949389	0.21291328649798746	0.1282235048499273
0.15444215398812342	0.016698069859699058	0.21785289413894104	0.14768415307129637	0.037447624587328546	0.11678220488847206	0.19166882052958462	0.11742407893655471
0.12381332225626226	0.02261080070625518	0.24541583046474186	0.13908944493653988	0.056844603118988216	0.08267505797979251	0.21364042143481582	0.11591051910260407
0.1328979244649819	0.020543586154151805	0.20720616276066223	0.1286388819029033	0.05169197441126108	0.09083061166768003	0.24536580555946513	0.12282505307889428
0.14532660783951606	0.039001847774980614	0.23204353356185906	0.1196012240957457	0.032518339985848715	0.08804828754956387	0.20016640831364962	0.14329375087883617
0.141941217621241	0.01804956917385038	0.21082365585362273	0.10441560675444822	0.060844621482004174	0.0798380285153853	0.22873294907770797	0.1553543515217401
0.1457204850336255	0.016869666605894604	0.22130889553325195	0.11125105489052683	0.04254672028062956	0.11561463947088894	0.19296840980978663	0.15372012837539573
0.12727339852245434	0.020664728274803618	0.22416866364143676	0.14613022739609813	0.04476400757504738	0.10099270603633018	0.18201852879841315	0.15398773975541627
0.13127677496380405	0.009733044481898462	0.2306265443024879	0.1229703831475664	0.030828930974043406	0.11725974937209983	0.2095012771242438	0.14780329563385589
0.14220702529783455	0.03624292526574269	0.21696770906763374	0.14816211927160852	0.044463506935756555	0.0783577368951403	0.2045257975749895	0.12907317969129395
0.1401291847666622	0.028553356023707732	0.22170763233389046	0.13271534500889579	0.04130887571558775	0.10961184500887355	0.18557069333198312	0.1404030678103992
0.15783108780379856	0.03023263365948564	0.22243565611236243	0.15125621128618308	0.03719244519189403	0.07777004915743052	0.1989343442395414	0.12434757254930415
0.1298148424842711	0.02044313292059316	0.2502183969421758	0.1524469277127679	0.04634738095461721	0.07451531971525249	0.18275095329395966	0.14346304597636247
0.1276572937437102	0.014599308897849106	0.2068770922308604	0.13789534167655199	0.0559870694569245	0.09334505361316481	0.2360178396024154	0.1276210007785234
0.14547593456413382	0.01956856080570893	0.23555842741434263	0.10588784420373529	0.05671011432231576	0.11726230225620417	0.1971090685500167	0.12242774788354249
0.15479088463317556	0.030822849522299883	0.20790815668057042	0.10525817798532068	0.055627972874740986	0.0979309392998465	0.19998188589858065	0.1476791331054651
0.16235934822939083	0.035165726298503855	0.22651291734702328	0.11448867902017001	0.03823542622508436	0.08673631736968831	0.21110574674522342	0.12539583876491572
0.13622991557841976	0.03794733017130596	0.24830710415734797	0.10917223516585914	0.029553274025778495	0.08722519965968334	0.225916453854344	0.12564848738726112
0.1521261968279567	0.03991194103591304	0.20771643956975339	0.10899859013513213	0.04243744419793295	0.1100421371482426	0.2238263384731511	0.11494091261191786
0.16012894121961413	0.009199588799707656	0.23066490536313164	0.13108683175486435	0.039587036996756475	0.0832093012843497	0.20352135932436843	0.1426020352572074
0.12461993600678661	0.04058070827832917	0.22837594670681155	0.11492309636098985	0.050527413365060114	0.10102742557602158	0.21619088619717458	0.1237545875088263
0.1403860351605187	0.04019499040778644	0.2108458185943256	0.13758731095619195	0.032921088043787586	0.07643181992100405	0.24044254986011027	0.12119038705627523
0.15169464318133835	0.008958768306265338	0.2155388576538652	0.1156448487729172	0.05471356904064294	0.1150298224487794	0.22234466453578994	0.11607482606040133
0.1360498146897613	0.03533693250543693	0.2097599870289441	0.1139125082952826	0.03350258212404117	0.11169078729326759	0.24613158760274712	0.11361580046051896
0.12330423708340359	0.015841610768977638	0.22357092089208075	0.12301987651510143	0.060249702207790606	0.0921576519582	0.21004194123500142	0.1518140593394443
0.12556809749031858	0.034136641255994665	0.22082234104990167	0.10744241237025348	0.04902417340223847	0.09595287186001979	0.22406461035132763	0.14298885221994545
0.15711531104510507	0.010079464947713293	0.2256825876023154	0.10648174790090013	0.04137328324266601	0.10601906073684339	0.23294583587866752	0.1203027086457889
0.15623800760146106	0.015687236213080852	0.2272742481145175	0.1060872692197499	0.049542966053219326	0.0976805848167836	0.21011660161199197	0.13737308636919562
0.123593538029058	0.03476530803138543	0.2131611723163931	0.1364857495742861	0.05113888986333763	0.10410623341612353	0.2185106859587152	0.11823842281070074
0.145099724345489	0.020786146812664913	0.2597763665900594	0.11817282125812899	0.052344907164939836	0.08014438068346713	0.20090116195384422	0.12277449119140622
0.14257230320378267	0.009561223985671802	0.25156267425927903	0.12556859082507837	0.04945064847716367	0.07983809642026907	0.2129255461761429	0.12852091665261225
0.12684662910319533	0.023554416093820932	0.22890041897961821	0.15273614365789462	0.040460920432772246	0.0848631445254461	0.216592822008115	0.12604550519913732
0.1518133909782885	0.0041616991149676374	0.22355503279128902	0.1519310405438897	0.050957007617416575	0.08790506735579803	0.21600049008475575	0.11367627151359451
0.1294518532524293	0.009193160985333987	0.2286845308125979	0.13418076068317192	0.05084379937811635	0.09632870291651707	0.20476001170248992	0.1465571802693433
0.12511652710524934	0.03601819344711825	0.24269319608352846	0.12234970836799561	0.035729027596794555	0.07651229536736302	0.2371073862499078	0.12447366578204273
0.14283578350364717	0.004411451389967083	0.21401435484229692	0.15427689097918731	0.037660527453771506	0.10866746440594519	0.19873784728851498	0.13939568013666956
0.12388913921212613	0.01807599762500596	0.256752224748121	0.14301024330220388	0.029860133065836528	0.09052283331824872	0.20422490502127852	0.13366452370717904
0.12395911566602794	0.01306417221271125	0.23578611527840124	0.11493808776555928	0.0459818722037475	0.0957012667941079	0.24001706627809463	0.13055230380135005
0.14397587234348916	0.029572721799847393	0.2097490838730257	0.13657926549775343	0.053748432551612324	0.10054537518453228	0.1839500529455914	0.14187919580414807
0.13912847224541955	0.011868339200211117	0.250187300612431	0.12016790020001183	0.055719655791917025	0.07513448897787497	0.19226793068428194	0.15552591228785229
0.14892267010571858	0.010899074369063871	0.24649372139427753	0.11941974600677768	0.03918304095877467	0.11002950366061728	0.1934490523237892	0.13160319118098093
0.15658349748366318	0.01859493108555088	0.21894973469111467	0.11025888678494308	0.03271776137915702	0.08128373787830835	0.24336798945267984	0.13824346124458275
0.15243281181884133	0.021450472548854127	0.22831639017760885	0.10768344671835012	0.049862249933961045	0.09005711109638896	0.22680106153183732	0.12339645617415804
0.137699673016943	0.01782575468751696	0.21106824117539763	0.10388568523299956	0.04666469557215398	0.11260657106996295	0.2369718513798963	0.13327752786512947
0.13018724135954435	0.01991907591039707	0.23399653546583948	0.1406246313321051	0.035838801292095976	0.08844896255088874	0.21451786491785246	0.1364668871712766
0.14305728925891423	0.03055573545709482	0.2561920728233217	0.12239156695086564	0.04718510934286517	0.07938988937015204	0.20063892308038184	0.12058941371640441
0.15312625383701167	0.006963243842734321	0.20736269705299304	0.1277738108429469	0.054531278355027996	0.08944336782241616	0.20990205582107346	0.15089729242579614
0.13083746217267217	0.00895522912546659	0.2482057825112477	0.13628020019302164	0.06232836928731687	0.08041588055335717	0.1882779706996237	0.1446991054572939
0.13124685636608172	0.010115697268960375	0.25445195346025196	0.10560014990928376	0.052742743782302925	0.10465626619574943	0.18252643409763938	0.1586598989197302
0.15338708842718282	0.004250803439658196	0.26734273446771295	0.10558622924978892	0.061900202447980696	0.0838568459716866	0.2031519629907043	0.1205241330052853
0.1488934283199314	0.02805937769224573	0.23219713579859613	0.14406289242182865	0.03369322737533842	0.09926423898696296	0.19825154262900985	0.11557815677608663
0.12915431339144448	0.03638791290642754	0.24774925637089362	0.11533741819280426	0.03342850543239323	0.10294288371653712	0.21619177938491346	0.11880793060458605
0.14526305361618402	0.027372413305422408	0.2291747508850812	0.11026186778322342	0.05233606433321464	0.09236361276742958	0.2029398645150913	0.1402883727943532
0.1243053367345164	0.007854487403590668	0.25886649397893335	0.13617025423538698	0.053629618906878104	0.07405931587548364	0.20207209117350605	0.14304240169170457
0.1335495982683159	0.020837949992220536	0.21477265129890644	0.140149722574664	0.059859883565686764	0.0775966504971547	0.20611554139216226	0.1471180024108892
0.1434675926240189	0.0258926695458387	0.2134462701970408	0.12983530866838483	0.04620279296524912	0.09895056120832253	0.19520579499790308	0.14699900979324187
0.15989182395624307	0.01887502873818875	0.2258446128205877	0.11869108535138484	0.05202482434926202	0.08208697833606216	0.22470824470143475	0.11787740174683647
0.14307203252724993	0.03807943248241022	0.23038717819351642	0.13815112031849874	0.056883326252528926	0.09051542818176597	0.18154819710875425	0.12136328493527532
0.1451655533884028	0.013791610670944934	0.21675008231881782	0.15660120548657136	0.03429444292282326	0.07652301110444892	0.21227519815019724	0.14459889595779338
0.12505540486269298	0.02566905107366678	0.2300523654584373	0.1438420688116467	0.049053235487965086	0.09066831011639362	0.2136424048272373	0.12201715936196007
0.12865554329677786	0.01483106613184132	0.20752222433642553	0.15180588697837433	0.05877526188659196	0.08097189495207863	0.20068398845991892	0.15675413395799123
0.1366607482670196	0.03894680754848691	0.22327493295077078	0.1516977522197426	0.05724236914273935	0.07930480774653588	0.18432104435840596	0.1285515377662987
0.12349367010292513	0.029873028861678697	0.237790004705525	0.13896399652085697	0.05989292273763465	0.09893118489044171	0.18333141166366493	0.12772378051727273
0.14755098583246484	0.00785664693374935	0.2109248965952033	0.1477576729503563	0.02897813053081917	0.0999387571039332	0.1992133897180727	0.15777952033540094
0.14747794689787885	0.03936814357581979	0.21523947209350702	0.11288145792892677	0.057209088821364454	0.09632535460938046	0.18194551554151503	0.1495530205316074
0.13529195615226713	0.022946041811276255	0.23403496274442984	0.14527683633137697	0.0553003584429483	0.07555861306610609	0.18473502799920774	0.14685620345238745
0.14118240218205322	0.004662732640526163	0.21487460453694435	0.14344062822505144	0.035423975882929865	0.09193680975829491	0.21820775357038288	0.15027109320381693
0.1317619477079196	0.0333274515216509	0.23766732432181847	0.10795455708301989	0.060724280735347705	0.10093069065193273	0.19825961269992962	0.12937413527838088
0.1560917484678172	0.004160397697221527	0.24024049024032018	0.1163936833734917	0.03633291515808877	0.08223298338948443	0.24294635267307194	0.12160142900050402
0.15395485060124187	0.014213748203962442	0.22146180467392557	0.13632652308447155	0.029710967429789736	0.08521350238391448	0.20471769098705656	0.15440091263563754
0.15212169983562152	0.026628708903793166	0.20651746548361144	0.14802302798343275	0.03117843240067633	0.07760672225486548	0.2150248866974288	0.14289905644057027
0.16107303001646084	0.006544344928878051	0.20957276435522487	0.13813988903609337	0.03808848396944754	0.0928846197013701	0.20714509755239416	0.14655177044013082
0.13858920118031626	0.021421884601096966	0.24334429318572282	0.12114784479000507	0.042078839511710084	0.07815708676844321	0.21618471806214426	0.13907613190056112
0.13509395664441728	0.04250147989116028	0.25333087806760246	0.10984668062799866	0.04151669663497348	0.0808515392659268	0.18974626671026618	0.14711250215765462
0.140575712028496	0.0356929716890024	0.20587366665655726	0.12666228760155326	0.031931615572337285	0.1074661657143236	0.22540031323026083	0.12639726750746913
0.1629213681118794	0.021807775295180867	0.20605487148639223	0.1276808307279159	0.056300988205247995	0.0775407738109153	0.2205455015919386	0.1271478907705294
0.15011697042718464	0.008365158925396243	0.23949252954956785	0.11333351294572848	0.04906092863552229	0.10892316606374997	0.20543453783827317	0.12527319561457717
0.1399342627607792	0.013464899794919091	0.21525327307177985	0.11601256118485759	0.061986276241841706	0.09968095628235793	0.21262814177878175	0.1410396288846826
0.15345370507101067	0.036646841287446885	0.23186339394642586	0.1111934119575035	0.053980249571254496	0.08736019788153522	0.18572750946707628	0.1397746908177469
0.13750194704439717	0.023142963452635362	0.22983798203556144	0.1204558010492604	0.054046558248269955	0.08371902344603852	0.206082537635412	0.1452131870884249
0.13100321336701226	0.03842990425747346	0.22616687801645177	0.10471582791265632	0.05085740352408884	0.10901977865133183	0.20735110350515407	0.13245589076583122
0.14734328262046664	0.03392081651010047	0.2246784892302861	0.1368545420647511	0.029172036423406572	0.08575136598593242	0.20935142615696545	0.13292804100809108
0.13622704439379693	0.042063639938257874	0.21329022326844455	0.11862205256504121	0.056125937909571516	0.08110382140839797	0.20179102415977426	0.15077625635671552
0.15610324086202082	0.009404346860761553	0.2513095751247416	0.12581377866865337	0.032921151955475	0.10401426862746531	0.1944605568036758	0.1259730810972063
0.14584145041987873	0.034833352976472345	0.24451980343105645	0.12410633605712992	0.039092405549141396	0.1017717993380178	0.1914451837015431	0.11838966852676001
0.12904347373496533	0.02350851626832884	0.22494205828769256	0.10994823211965735	0.050090717130193696	0.09374450527924658	0.24184831112793087	0.12687418605198456
0.1463624348301233	0.011183376334697168	0.2429206610331445	0.13502697405459538	0.036098297462069315	0.09288901633430449	0.19994337955949107	0.13557586039157457
0.1428298885993042	0.03282235496345544	0.2188518380756439	0.14662876286931276	0.03531927336143548	0.08979074450443628	0.18216132574428198	0.15159581188212973
0.14304374322834854	0.012231479124567499	0.20602783952220705	0.13843674682971133	0.03244050513579197	0.10696019266328015	0.21867425607846716	0.14218523741762612
0.12890195224383233	0.03246698008386424	0.24631098371681406	0.11907457160121822	0.05642909567655452	0.09995605287190996	0.1833483436132913	0.1335120201925151
0.12525376636103666	0.004931069937897825	0.23738322679712595	0.1340903053348635	0.03486317525068776	0.08099295791161479	0.2407230001752645	0.14176249823150885
0.15171018192993188	0.0170547685346802	0.2352774052053711	0.153104123905815	0.05241173749503565	0.08252661442441855	0.1825023628708348	0.1254128056339126
0.14877819170622875	0.009673813136908974	0.2428074966448604	0.12201684757988557	0.04161533223640558	0.08148583458092887	0.21452612938858942	0.13909635472619222
0.1577100567825477	0.016154803212170277	0.22795478537043132	0.11831726041138799	0.055204324180609735	0.10887259082443067	0.18939108469434962	0.12639509452407244
0.15144515176340573	0.012360943026136703	0.23189196708829812	0.12382561977054475	0.06116778941568736	0.08283178104412123	0.2087098941881021	0.12776685370370375
0.14004931542945895	0.00999570479202988	0.21432167830467597	0.11894932877357267	0.056902087865381895	0.10264836064615601	0.19924552290401223	0.15788800128471214
0.13466650960026838	0.037871692304793966	0.24992731655999628	0.11126040303713308	0.05527090677001199	0.08533038319695269	0.18352432863383808	0.14214845989700536
0.12933401248996984	0.01736017923926822	0.21004104088249162	0.1512731994730539	0.061394525173277065	0.11107254185783084	0.18346881639465262	0.1360556844894557
0.15795203700495958	0.006771434767362652	0.22065942493597984	0.12749652242929962	0.0479426992952172	0.1064974794077365	0.18744577062682988	0.14523463153261448
0.16245801110826064	0.019650319120401022	0.20766218081003307	0.11950865426630107	0.037025761261397686	0.07755946420705992	0.22327628905874075	0.15285932016780557
0.12450535300885898	0.022339388176591368	0.2488809188445598	0.12394528372730391	0.03570330529346277	0.08709735114774286	0.21612385180731986	0.1414045479941603
0.12688888429161457	0.010138047280316795	0.22241635276373997	0.13637025081277776	0.05434573171035166	0.08023877597274906	0.24588384900063798	0.12371810816781198
0.1376237288237504	0.0193570300171962	0.2415298576963052	0.1547614762023484	0.05723956713082566	0.07570393113928672	0.191702884548173	0.12208152444211422
0.1494070442217179	0.005785141378933947	0.24260654409768811	0.11341352395810975	0.04157437985695539	0.081225673114133	0.21044753380480613	0.15554015956765552
0.1436020139013861	0.03702918172187479	0.23497094727347073	0.13854114946440468	0.03590918210093613	0.09372040705592156	0.19397662246248232	0.12225049601952347
0.12595996061409082	0.022242235717962258	0.26046531514162546	0.11548228593016645	0.05379419121127252	0.11527816128908963	0.18622096730855958	0.12055688278723307
0.13624867307680028	0.03474663486452731	0.23874118365205604	0.1296600357441459	0.03366837052488192	0.1126017468074223	0.19899598145740988	0.11533737387275615
0.12644765341172598	0.025026139286153548	0.24315756252767617	0.10479814546119388	0.032152347551150026	0.08998836258151839	0.22232888519725724	0.15610090398332452
0.1538383438351897	0.033093734619278406	0.20867397102000212	0.12002076287516812	0.04660599772255994	0.11722639577830195	0.19715217329571266	0.12338862085378689
0.14477742950194794	0.013037663678623496	0.20756575618489548	0.13502531747264773	0.04937918696809722	0.07763277087947068	0.22448167963939314	0.14810019567492408
0.1610144124361102	0.029285377281045327	0.22229814621322674	0.1578334978450741	0.04060149043448291	0.07400321556854846	0.18280099784859516	0.13216286237291683
0.15698190955643987	0.012739696371393883	0.24065917587263377	0.13295586241244725	0.03266034148721454	0.09886895009874959	0.2003654224374914	0.12476864176362941
0.16238476887432451	0.03164636333402937	0.22344971611290737	0.12670219756752343	0.02941808471999474	0.09601387580954322	0.20555115282468778	0.12483384075698932
0.12440833273523982	0.032944801481371216	0.22790199050369428	0.14609992194218926	0.042836834228659	0.07994082054294231	0.22105939421198678	0.12480790435391709
0.12693520701870586	0.01723231333121905	0.26740277870848617	0.10664685277534144	0.050464326666567194	0.09873172586365425	0.19834192284513708	0.13424487279088873
0.15627541645501158	0.02159759276247343	0.21045127963370874	0.14581584058462885	0.036958251592006386	0.0963959736620112	0.203264648570475	0.12924099673968453
0.15743331608402386	0.039403164222257966	0.20826102159922424	0.11237254311908318	0.04262922255925268	0.10388434842265662	0.1847927191755693	0.1512236648179319
0.15776305723980075	0.019675622603626458	0.21033914591906544	0.13249446628907896	0.049608183540206574	0.07928701526680296	0.2110789450459905	0.13975356409542808
0.13057402890090022	0.006102486253539152	0.25071639929268774	0.12316465270985896	0.04927386369184859	0.09282355045561047	0.21394253341476704	0.1334024852807876
0.14198942423861208	0.038811674696442366	0.24866735179362137	0.10375621091884939	0.04708462129317231	0.08960590682068126	0.18648226702683743	0.14360254321178356
0.13148105643779381	0.028864623465285955	0.22656170925793168	0.11525252608363519	0.0522213265304097	0.08533033820105267	0.23316808455398322	0.12712033546990756
0.1596613242062523	0.018706182712222588	0.20850280728372655	0.132457897086446	0.04976531329485302	0.09855049781263628	0.1897491459229885	0.1426068316808745
0.14069920177254483	0.03137985314415426	0.22185257848018036	0.1399265524256343	0.03413680025879959	0.08826995466473969	0.2011959390209106	0.1425391202330362
0.15289434329043008	0.03157076739976815	0.21753990118144534	0.10360796856086603	0.06250336801149867	0.07877640846791022	0.21451155618559248	0.13859568690248886
0.13273027431685924	0.010188911286950528	0.22342882334526584	0.142900566727215	0.04658583087281258	0.08761088196816641	0.2284055116024144	0.12814919988031578
0.1586651688935581	0.0056584349909039044	0.25423628846851887	0.10392966788957958	0.04097613522923435	0.08529369231040948	0.2153508492444788	0.13588976297331667
0.12988755050236878	0.02241482998926532	0.23401416880213555	0.1385388975326713	0.056601517949927835	0.08726152667716253	0.18528507880971487	0.14599642973675364
0.1525480265842102	0.0073165441407565535	0.2402652893293374	0.14609863920599814	0.029162170883577754	0.07408767755255445	0.2065047183728452	0.14401693393072007
0.16157277495964756	0.00499977431051675	0.20888846500970712	0.13124433173142935	0.029282968050116515	0.11507948460980282	0.20726602993015508	0.14166617139862459
0.13763301775164594	0.033141824596234826	0.220301492394277	0.12100605149988879	0.04313604390853493	0.11659470228490752	0.20123673900513758	0.1269501285593732
0.13591319273281874	0.02365854716634634	0.26292647523057505	0.10647738573395445	0.056659436927968196	0.0922677829435046	0.2048322348348487	0.11726494442998368
0.1250907169911386	0.03062722436851119	0.2497193461055301	0.1534864174000576	0.05722672073380794	0.0807567239731892	0.18089910057832795	0.12219374984943719
0.15687636694012946	0.03405575102516438	0.2188404628778001	0.10382817187285616	0.03732960967277378	0.09953742359632242	0.2036429462042294	0.14588926781072406
0.15327698765209943	0.005534241494445036	0.24617281588656054	0.11634129009800621	0.061307667026630375	0.07839414780532027	0.18167016377843798	0.1573026862584999
0.14122015824287412	0.006588896766708624	0.21985632900780486	0.15054383087801856	0.04140454935653004	0.09751758921597134	0.20175854896709633	0.14111009756499593
0.1519821195677944	0.011379317034253919	0.25052217820172945	0.1055473488068916	0.043933415641005724	0.07752172212366548	0.24183619229992848	0.11727770632473078
0.14132634813097333	0.010892440315096008	0.24100048814005137	0.13695347681111772	0.03256269640954747	0.08692035915638063	0.21921911079915957	0.1311250802376737
0.1510267832210539	0.012162954797116099	0.23859554944712386	0.10590249817672386	0.05508949120040271	0.09470612306329579	0.20309936298502287	0.13941723710926068
0.1254247910838412	0.024373932458005856	0.23481574024209795	0.11882539656126968	0.031207631531508948	0.1103052671821952	0.20610890016761257	0.14893834077346838
