0.15257815275811848	0.38715521418104226	0.46026663306083937
0.15465213108914191	0.38510942311830315	0.460238445792555
0.15304872936050243	0.38709584611337416	0.4598554245261235
0.15275497347428296	0.38730512529172184	0.4599399012339953
0.1540687143325738	0.38540898427679626	0.46052230139063005
0.15338330450333057	0.38575787571133535	0.46085881978533416
0.15255788398449044	0.3865841400877691	0.4608579759277406
0.15368089770444482	0.3850552846397785	0.4612638176557768
0.15413008767769787	0.3857456434439344	0.4601242688783678
0.1531577187174044	0.3854083802451409	0.46143390103745485
0.15402803104237317	0.38564179806112603	0.46033017089650097
0.15433853703511569	0.38626466038715424	0.4593968025777302
0.1527507842849005	0.38501460322154457	0.462234612493555
0.15407467887671528	0.38564646395935037	0.46027885716393446
0.15457263969729398	0.38513336232113976	0.46029399798156634
0.1545583163378657	0.3843680871888	0.4610735964733344
0.15341133352810826	0.3848744957970857	0.46171417067480613
0.1540602479609714	0.3850838607789183	0.4608558912601104
0.1528199719420054	0.3868073092868088	0.4603727187711859
0.15291218035224663	0.38523955610450444	0.46184826354324904
0.15277067034650882	0.38592210646832037	0.4613072231851709
0.1535360763598093	0.38588947217556985	0.460574451464621
0.153713976877269	0.3855430651060236	0.4607429580167075
0.15423251224504197	0.3860346677842117	0.45973281997074644
0.15307397290300853	0.3844332147816342	0.4624928123153574
0.15413870086596237	0.38398896404606153	0.4618723350879762
0.15319334684063185	0.3856594254719945	0.4611472276873738
0.15448667582711062	0.3851055129549539	0.46040781121793556
0.15243628859924824	0.3854934878220487	0.4620702235787032
0.1536727015422431	0.38436016036600074	0.46196713809175627
0.15351406644104876	0.3860304353627545	0.46045549819619686
0.15427750072561375	0.38585104189151764	0.4598714573828687
0.15327796467918453	0.385914928246896	0.4608071070739196
0.1531355730843836	0.3865978592056391	0.46026656770997737
0.15403632461341837	0.3869934929538433	0.45897018243273846
0.1536976721279254	0.3841570054744159	0.4621453223976588
0.15264464032671968	0.3874022130161567	0.4599531466571238
0.15382780940622337	0.386653111669992	0.45951907892378474
0.15409116653363053	0.3842283560350153	0.46168047743135426
0.1536173861878719	0.38755397042895817	0.45882864338317
0.15417090897505914	0.38513933083359775	0.4606897601913433
0.152568198344956	0.38500585863597014	0.46242594301907397
0.15431288481812677	0.3856400809177049	0.46004703426416843
0.15334137721419602	0.3865034144418309	0.4601552083439732
0.15322037026225838	0.38536267585831924	0.4614169538794225
0.15392677651648506	0.3865892286859616	0.45948399479755353
0.15336418134739777	0.3862907502620424	0.46034506839056
0.15344129566667788	0.3869861430944468	0.45957256123887547
0.15464031740628256	0.38476250230176795	0.46059718029194957
0.15332683315157766	0.38650036630764206	0.4601728005407804
0.15280162793040236	0.3861109386993233	0.46108743337027447
0.15257043205242676	0.38528527411914465	0.4621442938284287
0.1525164933206571	0.3858928963596619	0.4615906103196811
0.153226320976818	0.38520215452096684	0.4615715245022153
0.15357391324404912	0.3869598704519295	0.4594662163040215
0.15302135270502076	0.3868433028542291	0.4601353444407502
0.15275668706035822	0.38624123607524247	0.4610020768643994
0.1544271495265609	0.38642079730563605	0.45915205316780316
0.15309111083194601	0.385279385977388	0.46162950319066615
0.1529815222238872	0.3860639452688978	0.4609545325072151
0.15382624651804266	0.38693310589739816	0.45924064758455935
0.15336057960761024	0.38662737226833943	0.46001204812405044
0.15387608048026705	0.3841165941062863	0.4620073254134468
0.15361914328142362	0.3871881789619845	0.45919267775659206
0.15251762086710147	0.38704621399441785	0.4604361651384808
0.15415422161228065	0.3852536938202196	0.4605920845674999
0.15382694552876452	0.3862331494028483	0.4599399050683873
0.15345089266248002	0.3843570636414377	0.4621920436960824
0.15368845753102106	0.38555080871346376	0.4607607337555153
0.1536188700615973	0.38739013100331954	0.4589909989350832
0.1529584789051056	0.3872772600768155	0.459764261018079
0.15406783820418662	0.3850313320818865	0.460900829713927
0.15377286224880504	0.3850362592639249	0.4611908784872702
0.1538233315690597	0.38516335683130565	0.4610133115996348
0.15337803940468347	0.3865800921649393	0.4600418684303773
0.152517582079201	0.38566809255268775	0.4618143253681114
0.1528677048443675	0.38460381907496316	0.46252847608066944
0.15258599178230237	0.38593030600249933	0.4614837022151984
0.15449407789326752	0.38633316140710383	0.4591727606996288
0.15354674128054055	0.38634913605397997	0.4601041226654796
0.1533002020617015	0.3847461883462676	0.461953609592031
0.15302432675362154	0.3864214427974169	0.4605542304489617
0.15396840541060408	0.3856979692092133	0.46033362538018274
0.15445529728575128	0.38471200580511955	0.46083269690912926
0.1544649541897702	0.38635246642079735	0.45918257938943263
0.1525283252521454	0.3862406811409751	0.4612309936068797
0.15266896842004046	0.38548742855444657	0.4618436030255131
0.15246029871933808	0.38576038032665433	0.46177932095400775
0.15390243251666108	0.3866998305369479	0.45939773694639113
0.15449306979966193	0.38485408258963943	0.46065284761069875
0.15389448002330192	0.38633707743537643	0.45976844254132176
0.15343211350501143	0.3851712412605529	0.46139664523443574
0.15346291219756425	0.38592646880275633	0.46061061899967953
0.15450180682347794	0.3859517452904677	0.4595464478860545
0.15244782421765382	0.3869047644307056	0.46064741135164067
0.15250988172770352	0.38684754645706537	0.4606425718152312
0.15275255681687638	0.3848102868049018	0.4624371563782219
0.15334927897058714	0.3871044080867767	0.45954631294263626
0.15310906850067718	0.385749110277472	0.461141821221851
0.15449267092275062	0.38534131684156214	0.46016601223568737
0.15254229593915478	0.3853059405681677	0.46215176349267767
0.15457753842605637	0.38482767109532656	0.4605947904786172
0.15309721894466002	0.3862538598803438	0.46064892117499634
0.15363042290820222	0.38603611782163605	0.4603334592701619
0.1538681334936171	0.3865440393362127	0.4595878271701703
0.15443599757470555	0.3866700253474081	0.4588939770778865
0.15368189968136722	0.3868692341133311	0.4594488662053018
0.15423143205654882	0.3860134601952774	0.45975510774817396
0.1541754689547724	0.3856396246763364	0.4601849063688913
0.1529844949842845	0.38656842576548134	0.4604470792502343
0.15307168792275244	0.3856464435193563	0.4612818685578914
0.15266202140415863	0.38480958270957677	0.4625283958862647
0.15363740119451616	0.3843278492871802	0.4620347495183037
0.15395754569761266	0.3843420556984778	0.46170039860390966
0.1534481014363332	0.38631067472278735	0.4602412238408796
0.1525791309141759	0.3866670796934882	0.460753789392336
0.15393155020433702	0.3863122565802252	0.45975619321543787
0.1530635564125558	0.38750210937614815	0.4594343342112961
0.15447954296644945	0.38586930306159567	0.459651153971955
0.15344501140143246	0.38723296805401136	0.4593220205445563
0.15366803099250384	0.38676664400532756	0.4595653250021687
0.15328701428637515	0.3873330907723087	0.45937989494131626
0.15374688718094684	0.3846498179140811	0.4616032949049722
0.15360354417109046	0.3870236939007437	0.459372761928166
0.1540803582898204	0.3860571546005535	0.4598624871096262
0.1527988761932817	0.38635113920343706	0.46084998460328136
0.15375177894320624	0.3847242804000261	0.4615239406567678
0.15334796232792675	0.3867812413373587	0.4598707963347147
0.15393645442806156	0.3858473146158714	0.4602162309560672
0.1525073636651024	0.38525933313314	0.4622333032017577
0.1546264921466124	0.3842798137687869	0.4610936940846009
0.15434367538206895	0.3853756356164454	0.4602806890014858
0.1545199301234992	0.3858956699948825	0.4595843998816184
0.1541691690857674	0.3857636415958404	0.4600671893183923
0.15420398549918884	0.3864787040790071	0.45931731042180424
0.15420135309890765	0.3855470630551636	0.46025158384592885
0.15383451373798	0.3859394066563275	0.4602260796056926
0.15441862243397328	0.3841530506948001	0.4614283268712267
0.15311806220841712	0.3863141746547708	0.4605677631368122
0.1524526776704268	0.38530101386225657	0.4622463084673168
0.15396015371992783	0.3870485766863486	0.45899126959372366
0.15309521991921396	0.3863537061646538	0.46055107391613237
0.15263857961592037	0.3872092828466116	0.4601521375374682
0.15300031489117544	0.3848009321813514	0.46219875292747326
0.15448585819934935	0.3848471563669383	0.46066698543371254
0.15242953621081085	0.3873384781460635	0.4602319856431258
0.15313299934492916	0.38667447483162354	0.46019252582344744
0.15295128045430365	0.38510150108749375	0.4619472184582027
0.15461062277115903	0.3858978004718565	0.4594915767569846
0.15327651167638312	0.386096682194462	0.46062680612915496
0.15365401632341563	0.3857143985659364	0.46063158511064806
0.1540271479068508	0.38504906162851155	0.4609237904646378
0.1537792201938549	0.38725979896013113	0.45896098084601405
0.15414324948434743	0.3847820983079652	0.4610746522076874
0.1533205383966971	0.3858898234769853	0.4607896381263177
0.15388769295541554	0.38576622492395385	0.4603460821206308
0.15376969940170646	0.38707121022599056	0.45915909037230307
0.15312896008584992	0.38680959783582236	0.46006144207832783
0.15411422446571135	0.3862437394652812	0.45964203606900755
0.1528304650628641	0.3857629357301402	0.4614065992069958
0.1539314133681537	0.3848563210839289	0.4612122655479175
0.15356160595574053	0.3842095332376089	0.46222886080665065
0.1525715019200926	0.38667821879612885	0.46075027928377865
0.1542662123094396	0.386876470537567	0.4588573171529935
0.1524969393078131	0.3851138816137136	0.4623891790784734
0.15282297446253534	0.3859838943592222	0.46119313117824257
0.1526666120371934	0.3875601430293314	0.4597732449334754
0.15246777502261497	0.38534201064923956	0.46219021432814555
0.15369365613744923	0.3852391531280983	0.46106719073445257
0.15398039271223737	0.3871922271317205	0.45882738015604224
0.1545824246642084	0.38491531569896476	0.460502259636827
0.1538860999631118	0.3867564691877562	0.45935743084913205
0.1533796336938452	0.3847396643708744	0.4618807019352805
0.1533440307540106	0.38720975561787147	0.4594462136281181
0.15294835879383303	0.38554613317193814	0.46150550803422896
0.1528958574063411	0.38516015041568347	0.46194399217797555
0.15299551058057145	0.3847467411094723	0.46225774830995636
0.15277090145016634	0.38493264498599267	0.4622964535638411
0.15456374462902286	0.38433891064017	0.4610973447308072
0.15416429524471348	0.3853231631305925	0.4605125416246941
0.153203249830135	0.3853653056339179	0.4614314445359472
0.15387084509816157	0.3853100280469812	0.4608191268548573
0.1543142955490327	0.38544827294186906	0.46023743150909835
0.1536414026014575	0.38437759425847245	0.4619810031400702
0.15243996588868136	0.38563649178076825	0.4619235423305505
0.15429704353597656	0.384022500076627	0.4616804563873965
0.1542094862577703	0.3850024389562807	0.4607880747859491
0.15392344438985156	0.384232049575879	0.4618445060342696
0.15406072915833846	0.3864408260895952	0.45949844475206647
0.15390223936674519	0.38552295145623483	0.4605748091770201
0.15336164826007237	0.38711706272297164	0.4595212890169561
0.1540191702511933	0.3861081797240887	0.4598726500247181
0.1526765020951378	0.38579062850609136	0.461532869398771
0.15311157131319003	0.3861768566344732	0.4607115720523369
0.1532546272738713	0.387196050056853	0.4595493226692759
0.15298001231797165	0.38639024445177	0.46062974323025846
0.15380780653608617	0.3861999360811751	0.45999225738273886
0.1530315527551998	0.3873280716813787	0.4596403755634216
0.1541030459233944	0.38623287153836655	0.45966408253823915
0.15402634460378914	0.3848490423660728	0.46112461303013813
0.15416496002515206	0.3850728519037319	0.46076218807111613
0.15410344166292533	0.38488407761024324	0.4610124807268316
0.15359704930708343	0.38606999500859446	0.4603329556843222
0.15374435907442202	0.38611382492073976	0.4601418160048383
0.15358443248673498	0.38682919774068764	0.4595863697725775
0.15340310420719916	0.3856031659981159	0.46099372979468506
0.15298407646322326	0.38567523748229054	0.4613406860544863
0.1529812205945066	0.38735822168778655	0.459660557717707
0.15248294822257397	0.38705072234343346	0.4604663294339927
0.15320453679417798	0.3864112520482701	0.460384211157552
0.15449000315396166	0.3866292349046975	0.458880761941341
0.15343140725582782	0.3870431354060702	0.4595254573381021
0.15288040003723224	0.38489931225877927	0.4622202877039886
0.15389070889601375	0.3858664790210804	0.460242812082906
0.1525035337544144	0.3871333002055087	0.46036316604007704
0.1541550769344559	0.3860344974156977	0.45981042564984653
0.15244945479264005	0.38726727624500895	0.46028326896235117
0.1524442575419	0.3850952893634214	0.46246045309467865
0.1533308157647375	0.3850968946935188	0.4615722895417438
0.15306523900596913	0.3863001345230756	0.4606346264709554
0.15347449022705303	0.3843696515829001	0.462155858190047
0.15441396750961262	0.3860283858093925	0.45955764668099497
0.15247849464497615	0.38558338055745006	0.4619381247975739
0.15395868259596468	0.384355045431504	0.4616862719725314
0.1534787624765257	0.3863750932123272	0.4601461443111472
0.15441799452386315	0.3853924980350683	0.4601895074410687
0.154509000487055	0.38422269156168926	0.46126830795125584
0.1533417174656309	0.3857658414527317	0.4608924410816375
0.15367290668542866	0.3853480634747883	0.4609790298397831
0.1524274044842061	0.38719717230068024	0.46037542321511377
0.1538578093426137	0.38705300469003606	0.4590891859673503
0.1538471354040385	0.38647140463213714	0.4596814599638245
0.15441999133382361	0.3860800712416939	0.4594999374244826
0.15305574454284193	0.386333493528053	0.4606107619291051
0.15327003711632176	0.3849545072997374	0.46177545558394095
0.15423281241542244	0.38647699827803483	0.45929018930654286
0.15411254107199668	0.3862939115912225	0.4595935473367809
0.15367198601609167	0.38409814326257363	0.4622298707213348
0.15337245715045833	0.38475618862930333	0.4618713542202385
0.15360089637501534	0.38454452465529987	0.4618545789696849
0.15449180184983208	0.38625751704831074	0.4592506811018573
0.1543231741261034	0.38540778606596376	0.460269039807933
0.15422391057303864	0.38681921276620806	0.4589568766607534
0.15325644256152748	0.3863961287378345	0.46034742870063816
0.15419771576823138	0.38672331340192634	0.4590789708298424
0.15378471737529786	0.3861263822033475	0.46008890042135475
0.15277773004608264	0.386774266060222	0.46044800389369545
0.1542765397987529	0.38466386477996817	0.461059595421279
0.15384865287943805	0.3853612883313731	0.46079005878918894
0.15316495008124664	0.3870792409288016	0.45975580898995194
0.15424260498274472	0.38444818810925385	0.46130920690800153
0.15318593986435403	0.3874412305740021	0.459372829561644
0.15328829246537148	0.3849129362697869	0.4617987712648417
0.15375331609997117	0.38560676989627657	0.46063991400375237
0.15424776542172242	0.38602317020438076	0.45972906437389693
0.15385567989539853	0.38642157016815626	0.4597227499364453
0.15369613283032524	0.3856092024137863	0.4606946647558886
0.15437607231949704	0.38651413561392983	0.45910979206657326
0.15397720225240363	0.3870413761854547	0.4589814215621418
0.1530167825305196	0.3874883340364354	0.4594948834330451
0.1529177410304989	0.38674578182526154	0.46033647714423964
0.15350308481586022	0.3869970577428925	0.45949985744124744
0.15332231336409258	0.3871580327213947	0.4595196539145129
0.1532122608818493	0.3847212477719374	0.46206649134621347
0.15287263894057557	0.3851653787184315	0.46196198234099306
0.15393319759268564	0.3867712610250775	0.459295541382237
0.15325411833357	0.3850469544267691	0.461698927239661
0.154431384567078	0.3842975062531092	0.46127110917981284
0.1528097936441893	0.3855621732444288	0.461628033111382
0.15314860283622037	0.3857206086149903	0.46113078854878947
0.15462895597467674	0.3849482015356976	0.46042284248962584
0.15372255774730836	0.3874222912167534	0.4588551510359383
0.15455365335088214	0.38530354773136866	0.4601427989177493
0.15250293020534497	0.38613902179057824	0.46135804800407687
0.15282085646688587	0.3859557267106713	0.46122341682244294
0.15347971126501253	0.3859216376333673	0.46059865110162035
0.15255982713723173	0.3861768251708981	0.4612633476918703
0.15343616735391824	0.3840521911680298	0.4625116414780521
0.1536308570850287	0.38464175168271303	0.46172739123225837
0.1526461664477749	0.38703690734372703	0.4603169262084982
0.15437062147711145	0.3858574343443617	0.45977194417852696
0.15328194004745982	0.3868505338723436	0.4598675260801967
0.15274098619375423	0.38663613388394485	0.46062287992230105
0.1543387350047308	0.3855327077057474	0.46012855728952196
0.1531258839331769	0.38642350332721387	0.4604506127396094
0.1526032934884138	0.38586073799157883	0.4615359685200075
0.15364919207777367	0.3860520948610075	0.46029871306121894
0.1541428409523572	0.3855472752585669	0.460309883789076
0.1533703575718836	0.38656027494111006	0.46006936748700644
0.15423222839656203	0.3854522774317606	0.4603154941716775
0.15308492661369166	0.3863793611484593	0.46053571223784917
0.15404760309332619	0.38473248212884686	0.46121991477782703
0.15423746195386018	0.3863317345707342	0.4594308034754057
0.15380537119332333	0.38729375807188826	0.4589008707347886
0.15343233651083937	0.3856119763412297	0.460955687147931
0.15275695534691072	0.3855245123795887	0.46171853227350074
0.15243602951919064	0.38554553079775855	0.46201843968305095
0.15422830799509085	0.38409405773419836	0.4616776342707109
0.15394425809625134	0.3859053307441372	0.4601504111596116
0.15382672841886505	0.38636614383846307	0.45980712774267196
0.15379763213799502	0.38646112343012373	0.45974124443188136
0.1527968397895711	0.3868995887742584	0.4603035714361706
0.152757076702091	0.38554655746611244	0.46169636583179674
0.15375275560868035	0.3847306046364648	0.461516639754855
0.1531024675154059	0.3873752879525059	0.45952224453208823
0.1538806918263097	0.3859233326920961	0.4601959754815943
0.15357797906419943	0.38463715249325703	0.4617848684425437
0.1543220771882443	0.3859806300193992	0.4596972927923566
0.15306300464750655	0.3854324484591472	0.4615045468933463
0.15424206427018775	0.3844359212246702	0.4613220145051422
0.15401397786189136	0.38705792206253364	0.45892810007557516
0.15257419251917498	0.3857084001041475	0.46171740737667766
0.15365642200622942	0.3858850430624304	0.46045853493134037
0.15293843960632883	0.3873485488100283	0.45971301158364297
0.15435303453747432	0.3858227845758889	0.4598241808866369
0.15431980341133514	0.3848689040132282	0.46081129257543685
0.15317271364883275	0.38460022011467176	0.4622270662364956
0.15267693831632884	0.3859040711874831	0.4614189904961882
0.1528078730659107	0.3865823785885455	0.4606097483455439
0.154074735924158	0.38451647084312995	0.4614087932327122
0.1527683928448556	0.3875395113862659	0.4596920957688786
0.15382028701823297	0.38614167154230183	0.46003804143946525
0.15301397050761206	0.3853279356864049	0.4616580938059832
0.15296806709840965	0.38690751761546277	0.4601244152861277
0.1534046111312251	0.386554357593371	0.4600410312754041
0.1545514798606224	0.38545454897009174	0.459993971169286
0.1546072275104401	0.38415810024883185	0.46123467224072817
0.15390950080471025	0.3844825314284483	0.4616079677668416
0.15378697185646983	0.3855941146931573	0.460618913450373
0.15402470006291158	0.38447425213513353	0.461501047801955
0.15252665794455855	0.38740286446509925	0.4600704775903423
0.153573368311556	0.38708575259822103	0.45934087909022314
0.1527313316121593	0.38703695363442386	0.46023171475341695
0.15434132846129586	0.3856343030382404	0.46002436850046385
0.15368217250800184	0.3861015685289435	0.46021625896305485
0.15371470450290733	0.3851587011211973	0.4611265943758954
0.15290863685652975	0.38568472444294327	0.4614066387005271
0.15329552161245535	0.3870306878698899	0.4596737905176549
0.15434836567825802	0.3867758882511507	0.4588757460705914
0.15351274647228463	0.3871482765494717	0.4593389769782438
0.15363960227815476	0.3844706093081357	0.46188978841370965
0.15369173611043022	0.3860089877696311	0.4602992761199388
0.15392038658718543	0.38473198471149633	0.4613476287013184
0.15326204555999062	0.38517580424300635	0.4615621501970032
0.15352342676932784	0.38578091965234823	0.46069565357832404
0.15311130818821725	0.3850756953685372	0.4618129964432457
0.15295356630696086	0.38700746418325616	0.46003896950978307
0.1543183594141075	0.38425310986886024	0.46142853071703244
0.15275993629838935	0.38731057529362994	0.4599294884079808
0.15291945314508965	0.38599616595726943	0.46108438089764103
0.15270421155547698	0.3849620018385384	0.46233378660598473
0.154251555694415	0.38661364337846754	0.45913480092711756
0.15268480187114525	0.387100565530838	0.46021463259801687
0.1540719094680748	0.38459443356833495	0.46133365696359036
0.15374515988101678	0.38569818982908816	0.4605566502898952
0.15421336360285454	0.38523962758160496	0.46054700881554067
0.15293995838609303	0.3861341777985623	0.4609258638153447
0.153171121899633	0.3858177769081139	0.4610111011922532
0.15284243068099065	0.38729018738279575	0.45986738193621374
0.1534133764602661	0.3860360451976988	0.4605505783420352
0.15381554924042945	0.38421606341306364	0.461968387346507
0.15454416256639036	0.3849131075613975	0.46054272987221223
0.1536054933944453	0.3871480067622205	0.4592464998433343
0.1535945627697538	0.3845211560846975	0.4618842811455488
0.15295472106322838	0.38756965592146925	0.4594756230153025
0.15396914679399742	0.38638917437534614	0.45964167883065654
0.15310547624897833	0.3871005696242195	0.45979395412680224
0.15381240014433262	0.384015455197658	0.4621721446580095
0.15267664932749242	0.38487019342275536	0.46245315724975233
0.15291249242453836	0.3860995829375797	0.4609879246378821
0.15303806036214598	0.38537775072581565	0.46158418891203845
0.15256521662283878	0.38626125869140726	0.46117352468575407
0.15435343455271738	0.38620127817553024	0.4594452872717525
0.15271314664776392	0.3863595994823784	0.4609272538698578
0.1532557302876306	0.38720552932387603	0.4595387403884935
0.15333689450511842	0.38562349581130795	0.4610396096835737
0.15430157971681904	0.38646534905779895	0.45923307122538215
0.15332746342992515	0.3847617595841697	0.46191077698590527
0.1537501577620045	0.3868478791420455	0.4594019630959501
0.1534790255676767	0.3873049211043945	0.45921605332792886
0.15296558425244283	0.38475081147623774	0.46228360427131954
0.15373425557302275	0.3859718033057269	0.46029394112125044
0.15421533227019318	0.3851887889678228	0.46059587876198405
0.152784998575221	0.38558393826797477	0.46163106315680436
0.153011836358097	0.3849480868796685	0.4620400767622346
0.15368756073586548	0.3850703162775011	0.46124212298663353
0.1541406191860036	0.38682928146357554	0.459030099350421
0.1534420606333285	0.38441894216579425	0.46213899720087737
0.15352489918756929	0.3858352119266858	0.46063988888574503
0.1535095554142475	0.38663162397400974	0.4598588206117429
0.1535936567363368	0.38688827968203476	0.4595180635816285
0.15400677775494226	0.38429569960676135	0.46169752263829644
0.15342702215290932	0.3860034473132864	0.4605695305338044
0.1545266146236795	0.38596636443449744	0.4595070209418232
0.1525159523657577	0.3854918095843402	0.4619922380499022
0.1536161726321404	0.3870372753954515	0.4593465519724082
0.15292030583691663	0.3851856514778455	0.461894042685238
0.1540500277928789	0.38683172052928844	0.45911825167783277
0.1531976930100371	0.3871846032434592	0.4596177037465038
0.15345938950611804	0.3862865760436988	0.4602540344501833
0.15303962386010755	0.38596241164218636	0.46099796449770625
0.15278269752256884	0.3859240107580759	0.46129329171935535
0.1538488957020865	0.3841801491862714	0.4619709551116422
0.15272144740438748	0.38542827758152315	0.4618502750140895
0.1539221914407656	0.3863938939045359	0.45968391465469866
0.15358463506626283	0.38419628271349615	0.4622190822202411
0.15354216533890508	0.385318746499268	0.461139088161827
0.1546236621383552	0.38488922595250263	0.46048711190914227
0.15372065714453725	0.38531978597647454	0.4609595568789883
0.15332037609022037	0.38727266383060727	0.4594069600791725
0.1528577946953796	0.38596466828527015	0.4611775370193504
0.15425407578093142	0.3845300846295976	0.4612158395894711
0.15356674335238024	0.38490158061298807	0.46153167603463174
0.15338148483767872	0.3864414467101068	0.4601770684522146
0.15284230869646864	0.38573319116578075	0.4614245001377507
0.15395287928902712	0.38440312075589084	0.46164399995508215
0.1534110016896223	0.38714890388852136	0.45944009442185646
0.15293298927518373	0.3857598708193548	0.46130713990546157
0.15443399229805616	0.38649596727952057	0.4590700404224234
0.15336577144524144	0.38500089949771665	0.461633329057042
0.1529701245286942	0.3872031456068503	0.4598267298644556
0.1528525743516233	0.3867743259539494	0.4603730996944274
0.1534899274112897	0.38487682829960235	0.4616332442891081
0.15298778280944192	0.386490826780298	0.4605213904102602
0.15366987771123347	0.38433366715921213	0.4619964551295545
0.15434381689924276	0.38677804621087997	0.45887813688987744
0.15274461591475805	0.3871305787713106	0.46012480531393146
0.15412363032222665	0.3841445622184205	0.46173180745935294
0.15372316569552685	0.38624958416078525	0.460027250143688
0.15283903860373477	0.3862779947221232	0.4608829666741422
0.1525300619081601	0.38544346793916046	0.4620264701526796
0.1538578027529487	0.3840885354641367	0.46205366178291474
0.15258911716968893	0.38625307731928965	0.4611578055110216
0.15259398229737334	0.38528538347371577	0.46212063422891103
0.15251265229327476	0.38738701896957367	0.4601003287371517
0.1534891017955919	0.3873787691314732	0.4591321290729351
0.15368824729331293	0.3859500091081838	0.46036174359850346
0.15275613629070006	0.3850867478893072	0.46215711581999286
0.15425315661577182	0.3840071243347885	0.4617397190494398
0.1536664644988296	0.38647341875950875	0.4598601167416618
0.15375049183978273	0.383978888764236	0.46227061939598135
0.15292810125576395	0.3862478474283673	0.46082405131586884
0.1530092828375776	0.3870313652443642	0.45995935191805837
0.15342097232843888	0.387189001312953	0.45939002635860826
0.15432268042835162	0.3862859885958031	0.45939133097584534
0.15257277483060117	0.3851173281746832	0.4623098969947158
0.15438011432703552	0.3852416910442326	0.460378194628732
0.15384458026679593	0.3868613416933705	0.4592940780398337
0.15347258174737893	0.3843517081675172	0.462175710085104
0.152665560652941	0.38718278861849775	0.46015165072856135
0.15341426776691341	0.3849408796600689	0.4616448525730178
0.15349331329973737	0.38436192818762804	0.46214475851263476
0.15349901118133802	0.38477423704421565	0.4617267517744465
0.15291003236605238	0.3855540873336721	0.4615358803002757
0.15430934477704178	0.3850359891789634	0.46065466604399496
0.1544875673506528	0.38423438819855704	0.46127804445079024
0.1528490128357357	0.38565891231892796	0.4614920748453364
0.15319458120336787	0.38630381614829423	0.460501602648338
0.15422747440953832	0.3854442818386146	0.4603282437518472
0.15411269026790103	0.3841289071509011	0.461758402581198
0.15341422015528033	0.3850108711444754	0.46157490870024437
0.15346120926351126	0.386049250938696	0.46048953979779284
0.1539522849275969	0.38567751019400265	0.4603702048784005
0.152843301837236	0.38615246357839694	0.4610042345843671
0.15340430687107492	0.3849682746738697	0.4616274184550555
0.15370128322695148	0.38496455454594225	0.46133416222710644
0.15322705785815383	0.3851309167518595	0.4616420253899868
0.15407960112587243	0.3855083308536019	0.46041206802052576
0.15383654162215105	0.38557177752451455	0.4605916808533346
0.1537494389997267	0.38432652288257013	0.4619240381177032
0.15443771549573554	0.38504503159954373	0.4605172529047208
0.15365421614161862	0.3854507135446439	0.46089507031373766
0.15351914093200503	0.38546088227019065	0.46101997679780443
0.15306658835735837	0.3856061581416771	0.4613272535009647
0.1533278710826742	0.3846031604020546	0.46206896851527135
0.15395602114856732	0.386534184834052	0.4595097940173808
0.1542051740044453	0.3846853434968453	0.46110948249870953
0.1537327993704977	0.3869754091248336	0.4592917915046688
0.15359567171186378	0.3872788825057709	0.4591254457823654
0.15386785556252458	0.38641131134803963	0.4597208330894359
0.15348167990494033	0.38660601698678765	0.45991230310827214
0.1544921653839988	0.3862459131615116	0.45926192145448974
0.15285823139094043	0.3855262796931358	0.46161548891592386
0.15463719699858783	0.3857833504728942	0.4595794525285181
0.15420420449334604	0.38460254171901337	0.4611932537876407
0.15360870306987018	0.38502482814420347	0.46136646878592646
0.15445110613030444	0.3847896568332341	0.4607592370364616
0.15405638122891785	0.386696893320622	0.4592467254504603
0.15278367767052453	0.38639503661692204	0.46082128571255354
0.15430874016385956	0.38575877930222857	0.459932480533912
0.15258457085855348	0.38498306401102167	0.46243236513042496
0.15309050522240145	0.3847655174395895	0.4621439773380092
0.15250089938791456	0.38661880845423213	0.46088029215785337
0.15274648131824725	0.3864416361818651	0.46081188249988775
0.15266606889124132	0.3872305940052869	0.46010333710347184
0.15273699529456647	0.3861517471820779	0.4611112575233558
0.15415488602131522	0.38403111584881894	0.461813998129866
0.15262280193091435	0.3864474756047868	0.460929722464299
0.15330377902221815	0.38463371854157186	0.46206250243621017
0.15271371209421863	0.38745137443161276	0.4598349134741687
0.15339123290872375	0.38411724003728953	0.46249152705398683
0.15357498439276512	0.3844353112997069	0.46198970430752806
0.15356813678462217	0.3872442150272228	0.45918764818815516
0.1528025463688777	0.38626165485031166	0.46093579878081076
0.1544093543582521	0.3867121862132931	0.45887845942845495
0.1536760081959252	0.3865249672251274	0.4597990245789475
0.1528909887538276	0.38569670311305865	0.4614123081331139
0.15353578888988867	0.3849551864665858	0.4615090246435257
0.1531878453119937	0.38683650314221196	0.45997565154579445
0.1546207182926253	0.386206767106725	0.4591725146006498
0.1526582215225181	0.38530410967959583	0.46203766879788616
0.15405656166685533	0.38443464584785253	0.46150879248529225
0.15461514759663314	0.3850316502514853	0.4603532021518817
0.15353528451805526	0.3873555697820882	0.4591091456998566
0.1530998952820428	0.38583248117911156	0.4610676235388458
0.15402211522957235	0.385898378243246	0.46007950652718177
0.1531037891845406	0.3869785599175777	0.45991765089788184
0.15399130182565146	0.3858564757426603	0.4601522224316884
0.15463860420547604	0.3842021147278126	0.46115928106671145
0.15353825947490504	0.3850089719716847	0.4614527685534104
0.15266695991888324	0.3872858731323597	0.4600471669487572
0.15313311609459151	0.3846783878841678	0.4621884960212408
0.1546401261308213	0.38468593477152063	0.4606739390976582
0.15340412350792954	0.3872239098086085	0.45937196668346214
0.1525520237253093	0.3864956032171387	0.4609523730575521
0.15314725818624075	0.38492176530376987	0.46193097650998954
0.15362025238730403	0.38736276362099137	0.4590169839917047
0.1541733043396289	0.3844476482648963	0.4613790473954749
0.15341779625074198	0.38721334544492164	0.4593688583043365
0.1544389405608791	0.3845957724876834	0.46096528695143757
0.15387082673167646	0.385803438765814	0.46032573450250963
0.15438607592374004	0.38602796791583743	0.45958595616042264
0.15324500724561307	0.38708036513019745	0.4596746276241896
0.1538476976273807	0.38671288337733833	0.4594394189952811
0.15247618957637035	0.38627890529914677	0.461244905124483
0.15433907073268274	0.3864392684323082	0.4592216608350092
0.15386912714346082	0.38716651722313733	0.458964355633402
0.15301740185973509	0.3863642559538156	0.4606183421864495
0.15359300710597606	0.38640317907866245	0.46000381381536165
0.15381249109591916	0.38579114367190737	0.4603963652321736
0.1527859979039335	0.3847025840503842	0.4625114180456824
0.1534871296709421	0.38468754506990277	0.46182532525915526
0.15455003581945176	0.3862818264546036	0.4591681377259447
0.15271460834024023	0.387170082879059	0.4601153087807009
0.15310324500659545	0.3852155349106311	0.46168122008277357
0.15405926521482077	0.3861739204645451	0.45976681432063427
0.15385480691685288	0.38642345144606244	0.4597217416370848
0.15275811611152013	0.38482139258071446	0.4624204913077655
0.15373190089240696	0.3853582699137844	0.46090982919380874
0.1540014785766713	0.3844360817590894	0.46156243966423943
0.15436289020249933	0.384278741175293	0.4613583686222078
0.15296784634110125	0.38666967612126535	0.46036247753763354
0.15364894888339972	0.38451579870426755	0.4618352524123328
0.15304524992358387	0.3874788943643944	0.4594758557120218
0.1525397493485705	0.3861609281940741	0.46129932245735544
0.1530096024705639	0.3859029375246441	0.4610874600047921
0.15353544622016313	0.3854712629609302	0.46099329081890683
0.1541082957972633	0.38486788901831404	0.4610238151844228
0.1539455928892492	0.38419397509670533	0.4618604320140456
0.15372429024947293	0.38448135085555873	0.46179435889496845
0.15397125566981582	0.3854842303573841	0.46054451397280016
0.15345913045301007	0.38731537644642566	0.4592254931005644
0.15451542328743553	0.3844923434975644	0.46099223321500016
0.15363101842489998	0.3865649086897358	0.45980407288536435
0.15363193875760195	0.3847343276004115	0.4616337336419867
0.15278284918384183	0.3848965081282773	0.462320642687881
0.1532644529480694	0.3845130708387574	0.4622224762131733
0.15355570675685626	0.38641814633366506	0.4600261469094788
0.15310433620235012	0.38726972645892604	0.4596259373387239
0.15434192157760818	0.3851161675544218	0.46054191086797014
0.15314923502613398	0.38488594192673353	0.4619648230471326
0.15421832379545952	0.3847477749857954	0.4610339012187452
0.15332679932510768	0.3870488999213273	0.4596243007535652
0.1543982109280123	0.38500544417157	0.4605963449004178
0.15413383396678082	0.38479008547937055	0.46107608055384874
0.15329112153020188	0.3843496796581009	0.4623591988116973
0.15412550228830402	0.3848176384262899	0.4610568592854062
0.1543363033395243	0.3864652642565173	0.4591984324039585
0.15410640915846802	0.3869749732283791	0.458918617613153
0.15393946270215023	0.38654704111934335	0.4595134961785065
0.15344840292982892	0.3843680595551665	0.46218353751500474
0.15446404654006307	0.386230471919278	0.4593054815406591
0.1538004389147829	0.3847157182073564	0.4614838428778608
0.15320486135415085	0.38639585794036413	0.4603992807054852
0.15392579347495217	0.3865025867528592	0.45957161977218874
0.15382009535214214	0.38708686031383055	0.4590930443340274
0.15268245474778386	0.3853705648184758	0.46194698043374044
0.15420005616795635	0.3861481507717616	0.45965179306028214
0.15461134468685706	0.3858540067414048	0.4595346485717382
0.15271055517756582	0.38750179623174663	0.45978764859068766
0.1525579154758126	0.38578862378626383	0.4616534607379237
0.153354884719544	0.3864563969076091	0.460188718372847
0.15386995965580125	0.38592850402743406	0.46020153631676486
0.1544283260608349	0.38510292955186703	0.4604687443872982
0.15324302440768373	0.38494353575404305	0.46181343983827333
0.1536241356192962	0.3867103922701084	0.45966547211059555
0.15407077384192303	0.38588528764931324	0.46004393850876385
0.15255585927301052	0.38693838190048335	0.46050575882650624
0.15414517392097127	0.38496022160141236	0.46089460447761643
0.15263115878696756	0.3863578325157828	0.46101100869724976
0.15387714486974863	0.38525775322253664	0.46086510190771485
0.1535543382986828	0.3855473158350757	0.4608983458662417
0.1528966590447863	0.38533017669725733	0.46177316425795645
0.15455860490277326	0.3859280058506107	0.4595133892466161
0.15299791359268533	0.38700552844593705	0.45999655796137773
0.15266313131244086	0.38694184163952733	0.4603950270480319
0.15372263960670596	0.38429854886806736	0.4619788115252268
0.15386068782599194	0.38652946808961264	0.45960984408439554
0.15419831288725572	0.3867321792519848	0.4590695078607596
0.1544600513379995	0.38633545557365884	0.45920449308834177
0.15364836462513437	0.3864030082850888	0.459948627089777
0.15300363712656692	0.3866902928405121	0.4603060700329211
0.15407881696970255	0.3862496985575438	0.45967148447275374
0.15422255751341246	0.38550956412879833	0.4602678783577894
0.15439119635888165	0.3844658957412013	0.4611429078999171
0.15421602516551763	0.38422688158970986	0.4615570932447726
0.15411237750131596	0.3865191010997498	0.4593685213989344
0.15451224624466497	0.3846103424661116	0.46087741128922355
0.15359060101683647	0.385658390688447	0.4607510082947167
0.1532558092718006	0.38589750358314046	0.46084668714505905
0.15414769528421882	0.38470273428523294	0.4611495704305484
0.1531905215788332	0.3860424813870883	0.46076699703407864
0.1537323398451153	0.38458284130441467	0.46168481885047014
0.1527978593814848	0.3847802266655485	0.46242191395296683
0.15283584939999123	0.3868666726306637	0.46029747796934517
0.15379332207493973	0.3854853715323553	0.4607213063927051
0.15243681563458217	0.38568166685304206	0.46188151751237594
0.15404135732607868	0.3852116069632171	0.46074703571070436
0.1537796517210146	0.38456234884742935	0.46165799943155617
0.1535197207503723	0.3849582450623482	0.46152203418727955
0.1539861760514538	0.385491381505174	0.4605224424433723
0.15356274543988643	0.3858589691817446	0.4605782853783691
0.15293282590119922	0.38737164569047955	0.4596955284083213
0.1532217086698354	0.3855297120546026	0.46124857927556207
0.1542818865139235	0.38606076884135676	0.45965734464471986
0.15307565274615542	0.38574665660931634	0.46117769064452835
0.15410371074117743	0.38667604817826584	0.4592202410805568
0.15443895311021408	0.3857919223394716	0.45976912455031443
0.1532057285534691	0.38724293406780536	0.45955133737872567
0.15320684559990433	0.3867592563827331	0.4600338980173627
0.15336489322801966	0.38585732172740367	0.4607777850445768
0.15293145421529208	0.3872126313137996	0.45985591447090846
0.154257703185257	0.3859638233164797	0.4597784734982634
0.1535257179107672	0.3870740221488719	0.45940025994036104
0.1531606980231905	0.3864235280144589	0.4604157739623508
0.15367609729000115	0.38629457417748175	0.4600293285325172
0.1527181912062554	0.3860910122659966	0.4611907965277481
0.15404038087245425	0.3868934498116387	0.45906616931590716
0.1526212583296344	0.38610645442554237	0.4612722872448234
0.15460313683631	0.384053162440741	0.4613437007229491
0.15457633372736418	0.38525571175218526	0.4601679545204507
0.15389809388288192	0.38674736758102174	0.4593545385360965
0.15336757344155993	0.38588087034290264	0.46075155621553754
0.15418723506338022	0.3865215728426639	0.45929119209395597
0.1534969850188765	0.3870827121715328	0.4594203028095909
0.1527054134536744	0.3858765026247213	0.46141808392160444
0.15268140076024195	0.38542460310812454	0.4618939961316336
0.15399303021276356	0.38457448680695944	0.46143248298027717
0.15448307109545883	0.3861982969710999	0.45931863193344136
0.15301185628950903	0.3861439511911608	0.4608441925193303
0.15271496321744227	0.3863767144729299	0.46090832230962786
0.1528843206184653	0.3857285901198798	0.46138708926165495
0.15428164259969535	0.38453339191659586	0.4611849654837089
0.15361854296098376	0.3861209695825438	0.4602604874564725
0.1535649146378419	0.3846631613290377	0.4617719240331205
0.15423758674954985	0.3867047904776878	0.4590576227727625
0.1528042037521803	0.3873490297808803	0.4598467664669395
0.15378205726135064	0.38474176756311396	0.4614761751755355
0.1545077774445442	0.3847731523102739	0.460719070245182
0.1538997427503936	0.3851615490610731	0.46093870818853344
0.15386362426186773	0.38639555282522264	0.45974082291290974
0.15274446950914117	0.38751224402706813	0.4597432864637908
0.1527823800832344	0.386758518897323	0.46045910101944276
0.15342615432465623	0.3862688088253595	0.46030503684998436
0.1526390813379374	0.38509651001257095	0.46226440864949175
0.15432459902969453	0.38465660992328593	0.46101879104701965
0.15296935258390695	0.3872213336032927	0.45980931381280044
0.1541570129056133	0.38545134094328826	0.4603916461510985
0.15374524250770769	0.3846145082554019	0.46164024923689057
0.1534562766332274	0.38582458984597723	0.4607191335207955
0.15351225105294053	0.3874711099552771	0.45901663899178247
0.1541509413774435	0.3844227905733868	0.4614262680491698
0.15367049857742637	0.38613830095489104	0.4601912004676827
0.15384259111006882	0.3858367091335788	0.4603206997563525
0.15278937213176044	0.38686201939119386	0.46034860847704584
