0.14986384372918676	0.3191343130095067	0.5310018432613066
0.029310199663775904	0.8259245493660496	0.14476525097017454
0.1544046327736277	0.7260156640728965	0.11957970315347582
0.17396580259907712	0.5878953212401552	0.23813887616076784
0.0961702878832022	0.41821138572113575	0.4856183263956621
0.10575403607697223	0.8202785509752499	0.07396741294777798
0.17232680351954474	0.7705116569478762	0.057161539532579186
0.19322536977066157	0.7204112306959578	0.08636339953338074
0.1664124554090757	0.5821159340216002	0.25147161056932416
0.03718831371916498	0.44258303050596803	0.5202286557748671
0.15301090098394154	0.7715718670759559	0.07541723194010264
0.15762794243302988	0.31440795562106016	0.5279641019459101
0.03874441154815644	0.5994281020524314	0.3618274863994123
0.09020280471104336	0.8215617476297462	0.08823544765921054
0.11258982609418955	0.5485017930883631	0.3389083808174475
0.08883566514788588	0.49230051786919643	0.41886381698291786
0.032393744894412935	0.560488971607763	0.40711728349782417
0.15011877876256927	0.7904418262796249	0.059439394957805924
0.18338151842818246	0.6605363450531971	0.1560821365186206
0.08690428107165585	0.6541908489225188	0.2589048700058254
0.0969834598302032	0.49192953116656846	0.4110870090032284
0.04329394956733801	0.4048759775387803	0.5518300728938819
0.06898248280547936	0.6123019887561423	0.31871552843837847
0.10007746876383058	0.5905531616583373	0.30936936957783223
0.2015440089320521	0.3892208795375029	0.4092351115304451
0.13600508243396642	0.49078172123111574	0.37321319633491795
0.09439605471553511	0.4200576667196245	0.48554627856484045
0.04480738882093527	0.778702778228032	0.17648983295103288
0.023002919472885353	0.5648661944589359	0.4121308860681788
0.03740765981695726	0.48067726946548184	0.481915070717561
0.08840236024914458	0.8098947349203482	0.10170290483050726
0.15836970618942006	0.7515256620832009	0.09010463172737909
0.08939113203606194	0.8389922040346456	0.07161666392929261
0.0704248964919365	0.7233024541590891	0.2062726493489746
0.0353837853020309	0.515158300510685	0.4494579141872843
0.04779570175447767	0.560213270624669	0.3919910276208536
0.17178977563626707	0.31595762693820834	0.5122525974255248
0.03701491454993405	0.4496702808858127	0.5133148045642534
0.11824539205588741	0.45458832283735817	0.42716628510675453
0.06360677279261873	0.4339980882574047	0.5023951389499767
0.06928294326807355	0.4566111736204345	0.47410588311149204
0.08157510271259782	0.43514638781204706	0.4832785094753552
0.033049543860311004	0.4861275068869784	0.48082294925271063
0.0992370013129282	0.7342854187353952	0.16647757995167667
0.1988998342678868	0.7407176391044314	0.06038252662768179
0.17764628576554523	0.5003309139603729	0.3220228002740821
0.1282958965198099	0.7637834875661808	0.10792061591400942
0.15861454665943647	0.42020571380107985	0.4211797395394838
0.19129886600597454	0.30571177628884966	0.5029893577051759
0.16180149574269476	0.6035556238087911	0.2346428804485142
0.19314694470572555	0.3720779548249535	0.43477510046932105
0.14659798373020222	0.611159761006461	0.242242255263337
0.09586195553864527	0.6325011759937945	0.27163686846756036
0.10502499217751121	0.8324616109014191	0.06251339692106977
0.1929451620983209	0.5305608601061902	0.276493977795489
0.15714308374130742	0.7375479631469796	0.10530895311171315
0.16414882732504904	0.6346902203112483	0.2011609523637027
0.06920109088050658	0.8440001057797685	0.08679880333972506
0.036398509661401346	0.715138304662984	0.2484631856756147
0.09083809306131585	0.7013391644533945	0.20782274248528979
0.140199217142537	0.3290282406050682	0.5307725422523949
0.07357075335925656	0.7691919846724828	0.15723726196826077
0.09901050194460004	0.5727378753156757	0.3282516227397244
0.16633237109988597	0.5905767682310767	0.2430908606690374
0.1208791803996796	0.3696095317074915	0.509511287892829
0.18821847275012085	0.46224024483538484	0.3495412824144944
0.034176554003447435	0.6472796708619116	0.3185437751346411
0.03199696960327758	0.5820763155276818	0.3859267148690407
0.13379985733219965	0.46341102576172083	0.40278911690607966
0.20372042317936756	0.4550622096493075	0.34121736717132506
0.11145164086600445	0.6390055978225773	0.2495427613114183
0.11923592870135236	0.6211704651710184	0.2595936061276295
0.18834628767376982	0.33500697100424137	0.4766467413219889
0.06729578906641726	0.44374870789356885	0.488955503040014
0.18682013220250043	0.3986112682298771	0.4145685995676226
0.11628387580628821	0.6300228028876723	0.25369332130603955
0.14567008406174306	0.6698332938735709	0.18449662206468603
0.0347003141570118	0.907013103927411	0.05828658191557723
0.048793118940526625	0.7233274761189807	0.2278794049404928
0.10609820823321822	0.600154304390681	0.29374748737610096
0.09566514682686106	0.5856950388701361	0.31863981430300303
0.022497423553096807	0.5940732164406246	0.38342936000627864
0.19667577349024642	0.5041447512805832	0.29917947522917054
0.06242714749323741	0.7364972944617512	0.20107555804501168
0.16109278398401108	0.3571232529626949	0.48178396305329413
0.18078151326446107	0.550337992588379	0.2688804941471601
0.06826054859228087	0.5748817981483209	0.3568576532593984
0.18185354205332538	0.37079381918318677	0.44735263876348796
0.11537340160087395	0.7376562946109111	0.14697030378821502
0.08524306726950656	0.4000130730275999	0.5147438597028937
0.15114078953923013	0.7280001820159174	0.12085902844485258
0.016362331808216946	0.7025906804959567	0.28104698769582637
0.053049481549116095	0.3924992078129754	0.5544513106379086
0.1793638811854313	0.4084026871258961	0.41223343168867266
0.149635535521139	0.6562781109325255	0.19408635354633566
0.08634400547474025	0.3884678511824759	0.525188143342784
0.030767399648751304	0.5409178153986727	0.4283147849525762
0.05725876213961062	0.8425521636448206	0.10018907421556889
0.143828876227073	0.5018283065696587	0.35434281720326843
0.10055260590687021	0.40643549254721156	0.49301190154591834
0.024707717864009937	0.45788743430897405	0.5174048478270161
0.02180433908284124	0.4772024225917867	0.5009932383253722
0.11532088874202706	0.3548173840071167	0.5298617272508563
0.04495961107208257	0.4043700938138332	0.5506702951140843
0.02985962878120879	0.8780998669926671	0.09204050422612436
0.15621585043440428	0.45018532215598384	0.39359882740961205
0.14759830958989797	0.5210563596681503	0.3313453307419518
0.13592641983739745	0.6472191157735863	0.2168544643890165
0.020344298069118416	0.5117377126772106	0.46791798925367106
0.15376446269389904	0.4267397202478438	0.4194958170582573
0.09820263781172711	0.7265537055113025	0.17524365667697053
0.09745482422392848	0.7765144038280467	0.12603077194802487
0.16178202686372264	0.7770212892717632	0.06119668386451432
0.06704134073395052	0.7750133464364501	0.15794531282959948
0.0817688110037868	0.5112887665183247	0.4069424224778886
0.15312976755365953	0.670023068425454	0.17684716402088663
0.05822692108357935	0.8746493100127032	0.06712376890371752
0.06907134615682747	0.6153445058764648	0.31558414796670775
0.06597153770600295	0.5087688454746859	0.42525961681931135
0.16409181085358276	0.6571799684336587	0.17872822071275868
0.1999160655126114	0.5574974124924499	0.24258652199493883
0.12085008918415704	0.466774853691995	0.41237505712384803
0.11470885008298243	0.7459431934494896	0.13934795646752818
0.15990459327102455	0.33657687006257364	0.5035185366664019
0.12069848040812783	0.3548775943525848	0.5244239252392875
0.04736320221817475	0.4712947506462848	0.4813420471355405
0.10250627128706813	0.5269507418297983	0.3705429868831337
0.17518652060335052	0.47991361922212494	0.3448998601745246
0.055025573566879094	0.8158545074455783	0.12911991898754271
0.04689205778295957	0.5793487805056088	0.37375916171143175
0.1284216136595479	0.8054822928442602	0.06609609349619205
0.11693017828988375	0.8171840472421483	0.065885774467968
0.1389418962380235	0.6481304963336434	0.21292760742833328
0.1719781726711434	0.28378794804858165	0.5442338792802751
0.019824338697276067	0.4598379414455105	0.5203377198572137
0.1593147597255893	0.3267408145976274	0.5139444256767834
0.17413798823927912	0.7010474033092768	0.1248146084514441
0.07506892500925078	0.5491898011265666	0.3757412738641828
0.020788701667994514	0.6462289359663778	0.3329823623656279
0.054042857486789	0.5600125126232014	0.38594462989000977
0.095128172893928	0.4668726285023708	0.4379991986037013
0.08227110791743986	0.7199975849994514	0.19773130708310882
0.09620909635296013	0.5691369265153777	0.33465397713166223
0.17331419698549416	0.2880151551519174	0.5386706478625886
0.16275840637053027	0.6362196984884138	0.2010218951410561
0.13168147994936172	0.2883352718234435	0.5799832482271949
0.19220164996151723	0.6563045388257785	0.15149381121270436
0.08244428601584575	0.45340054228711935	0.464155171697035
0.09720581372173642	0.49958634875308167	0.40320783752518197
0.04946550480516526	0.7050802248452036	0.24545427034963122
0.04606196926192041	0.5156189192993993	0.43831911143868046
0.14092158334310567	0.38319561469989666	0.4758828019569978
0.11507464237310597	0.6174901058667663	0.2674352517601279
0.09382380255512188	0.605726749612298	0.30044944783258015
0.09283439760025541	0.554050784634195	0.35311481776554976
0.16583790411665017	0.7237507352555103	0.11041136062783974
0.06406324578412859	0.652837002749932	0.2830997514659397
0.08745799244927771	0.7422764280777949	0.17026557947292742
0.11207489902745374	0.8346279744191315	0.05329712655341484
0.018312233432987934	0.5559367035074833	0.4257510630595289
0.03571662399991987	0.7696218573217108	0.19466151867836942
0.01910236020858269	0.4306292812139988	0.5502683585774186
0.20283006757127076	0.239451328769098	0.5577186036596313
0.19342745954304003	0.3707741831573034	0.43579835729965666
0.16217971380845464	0.742147705466314	0.09567258072523138
0.0704081855751505	0.7702765969092664	0.15931521751558322
0.08103532281927872	0.8517531051037215	0.06721157207699996
0.07716603540858169	0.3815085864268613	0.5413253781645571
0.15686604821058353	0.7649800054593933	0.07815394633002332
0.1131014836278324	0.4156029008530351	0.47129561551913257
0.1977329632043173	0.2846224466165914	0.5176445901790914
0.07815089301542977	0.3681352717163805	0.5537138352681898
0.1257355919393212	0.3971111286076313	0.47715327945304764
0.036409069640934044	0.4735819080265442	0.4900090223325219
0.14638530568039468	0.5581574607629302	0.2954572335566753
0.16707375043444317	0.3004482463891275	0.5324780031764295
0.160721656293994	0.5150880297963144	0.3241903139096918
0.06279832982972855	0.36733414672836534	0.5698675234419062
0.11621968909783309	0.8306934432218006	0.05308686768036641
0.20049804842110241	0.5895096510503197	0.20999230052857795
0.12150310397897304	0.35416666290425464	0.5243302331167724
0.019683286242835718	0.7969195179803625	0.18339719577680189
0.039901622446894935	0.8582972031328023	0.10180117442030284
0.18086511860853074	0.646923522542604	0.1722113588488653
0.1978017729695875	0.4023777463978012	0.3998204806326114
0.11346400590884176	0.4209515198557125	0.4655844742354459
0.05750890677176951	0.5981042000318788	0.34438689319635174
0.18852014567872516	0.6797084928963375	0.13177136142493745
0.13087675700100743	0.8094575053772425	0.05966573762175026
0.056648696184624536	0.7857668804219277	0.15758442339344794
0.021704581540163137	0.8790587514361239	0.09923666702371309
0.12566928006016154	0.7748318308681501	0.09949888907168844
0.10492945038305779	0.6009740521851694	0.29409649743177285
0.0171897616195113	0.7092843530093538	0.27352588537113515
0.13176713445354538	0.7053569855219357	0.16287588002451903
0.046503948530069505	0.8986352533054226	0.05486079816450795
0.07354248122320045	0.8464806357386964	0.07997688303810335
0.05155961952809324	0.712841104406515	0.23559927606539194
0.06903265632560229	0.7981200873627836	0.1328472563116143
0.11672178924549478	0.3535767399982924	0.5297014707562129
0.018831781088032795	0.8329517137749658	0.14821650513700152
0.034135437904123433	0.5752251694103767	0.3906393926855001
0.0633550319147746	0.3664300266467537	0.5702149414384718
0.02006223150163783	0.8039243848781569	0.1760133836202054
0.10665454435333727	0.4285180837076161	0.4648273719390467
0.039385986437256826	0.6830281925864474	0.2775858209762958
0.18465664402381918	0.5220233198658937	0.29332003611028734
0.18079835601105249	0.2571160748212065	0.5620855691677411
0.1710561000163084	0.5402149173716901	0.2887289826120016
0.18375092131585669	0.5675593870136515	0.24868969167049193
0.1461048821844798	0.6197923829566911	0.2341027348588292
0.14929182959984488	0.46009964947102633	0.3906085209291289
0.11336177099857206	0.6620660960309294	0.2245721329704987
0.11896033354426647	0.762256231653742	0.1187834348019916
0.1880822482099921	0.5747825758839433	0.23713517590606475
0.19079140541831846	0.46158443597719123	0.34762415860449036
0.17963629151587665	0.3728158997798545	0.44754780870426897
0.020377076908840053	0.5187555114686005	0.46086741162255956
0.18421150702428274	0.6711613571768771	0.1446271357988403
0.03811130553153658	0.5912259259864796	0.37066276848198404
0.12898359459426445	0.31400222124796734	0.5570141841577683
0.16544513357532253	0.72637977836905	0.1081750880556277
0.05941798709240648	0.8389762449590303	0.10160576794856332
0.04034671179600191	0.7285418983820904	0.2311113898219078
0.0662596740584771	0.6129554352912849	0.32078489065023813
0.12250339349024036	0.8177317752584004	0.059764831251359396
0.09651241563278004	0.7185593637380743	0.18492822062914577
0.19343218622592417	0.6051329399827517	0.2014348737913242
0.1977303668633404	0.7499816703476719	0.052287962788987785
0.09452916890806606	0.47925060401935693	0.4262202270725771
0.0890094746121321	0.6255076697138471	0.2854828556740209
0.19418893838248902	0.5236552817843492	0.282155779833162
0.04589820263829353	0.6217169972616903	0.3323848001000162
0.16999169340032386	0.6273503756120281	0.20265793098764823
0.14025493317311422	0.6416776594976816	0.21806740732920424
0.051398267234477824	0.5873767064526263	0.36122502631289605
0.17052019984307656	0.683684216166259	0.14579558399066456
0.04096447570744377	0.5799622284500339	0.37907329584252253
0.18496684204712188	0.3635584022638163	0.4514747556890619
0.05056672726979855	0.6795669547338128	0.2698663179963887
0.08440636338629987	0.5918919780947276	0.3237016585189727
0.036526423238696815	0.9030998805385076	0.06037369622279565
0.2016426923580425	0.6229994628345672	0.1753578448073905
0.17052276279422746	0.6660587541269696	0.1634184830788031
0.05943715993295218	0.5173490326650799	0.423213807401968
0.10373104894415941	0.359116711736508	0.5371522393193326
0.1829622590519239	0.32093245533862497	0.4961052856094512
0.12086915518795	0.5530177528814062	0.3261130919306439
0.026408774445218774	0.6808789955629188	0.29271222999186264
0.15552410581971718	0.6871756929991804	0.15730020118110258
0.04410271448121811	0.644710543802074	0.311186741716708
0.15681012426831487	0.739880462242102	0.10330941348958325
0.06921976467683377	0.3906958864394893	0.5400843488836771
0.03787877175468379	0.4619049091410764	0.5002163191042399
0.04820684053016655	0.7340737870920572	0.2177193723777764
0.10803626683341427	0.5924534392652485	0.29951029390133743
0.08480328063828532	0.5570725307508401	0.3581241886108748
0.1932178292181284	0.6794985133887623	0.12728365739310948
0.11968947336257293	0.5811736464369617	0.29913688020046547
0.11695900954927699	0.6540202263747775	0.22902076407594563
0.07053135449809134	0.5404027943416875	0.3890658511602214
0.16336719219198223	0.4543340395233946	0.38229876828462334
0.05324125849867045	0.494795384483456	0.4519633570178737
0.10183633695971725	0.5402579131747085	0.35790574986557433
0.13798735393859682	0.406002541413119	0.45601010464828434
0.018055521168920063	0.5013555004194468	0.4805889784116334
0.09614812582749327	0.5856960996121245	0.31815577456038235
0.20111928414715857	0.5673917951256895	0.2314889207271521
0.10025463095610809	0.4324768103816422	0.46726855866224987
0.06339125253484201	0.660564479681472	0.2760442677836861
0.1902169717717616	0.47949784828625064	0.3302851799419878
0.08916303553915655	0.3420271343822504	0.5688098300785931
0.12719332661102992	0.3545018891878301	0.5183047842011401
0.10240844711745059	0.7943453306509889	0.10324622223156057
0.017381632214247877	0.9269523448522837	0.055666022933468506
0.13664906280837308	0.3426622079384675	0.5206887292531595
0.05323063445465276	0.6861828613141907	0.26058650423115653
0.18937516647069086	0.6080864073941441	0.2025384261351652
0.06834519353741825	0.7308507750043056	0.20080403145827627
0.05391136050080064	0.8433266385446387	0.10276200095456076
0.018308182134765705	0.5951008062127798	0.3865910116524546
0.09348969568772805	0.40433966208987837	0.5021706422223937
0.12885090843832345	0.29506970078793454	0.5760793907737422
0.16089289855480243	0.5579985868155585	0.28110851462963926
0.03783332559443786	0.3880460789466765	0.5741205954588857
0.09691447707068235	0.42867976729727253	0.4744057556320453
0.09575788932133505	0.3897751291841262	0.5144669814945388
0.04951974266151132	0.8117890941148853	0.13869116322360348
0.0699794898734748	0.6067452695320226	0.3232752405945028
0.025555109712115553	0.8380775730261278	0.13636731726175677
0.19789570694319755	0.33238219769990435	0.4697220953568982
0.04756825723161584	0.5685146864977189	0.3839170562706654
0.10384529353883742	0.623839717264003	0.2723149891971597
0.1426003602185933	0.47656681465080053	0.3808328251306063
0.12225128435089389	0.3568005368343887	0.5209481788147176
0.12393452091762586	0.7661779371092009	0.10988754197317341
0.1398218501799585	0.3817245481009041	0.47845360171913753
0.023622051046785886	0.4651332458377647	0.5112447031154496
0.06397213110923233	0.6862698281239311	0.24975804076683666
0.07525426936793184	0.5224905594123285	0.40225517121973986
0.11074602570603354	0.7703724450201306	0.11888152927383597
0.19733401067427708	0.6385767516721925	0.16408923765353053
0.10802228044309764	0.45940345860680654	0.4325742609500959
0.1673490053951205	0.5347105042898601	0.29794049031501957
0.14783146838804445	0.4788888893552307	0.37327964225672494
0.124570679497998	0.3609577442978321	0.5144715762041701
0.14311065078071422	0.4463224877720976	0.4105668614471883
0.09822958669582876	0.7873588598112571	0.11441155349291438
0.2028458971165244	0.7272562064788541	0.06989789640462163
0.08656535149205158	0.4097449035785924	0.5036897449293563
0.04521738933912589	0.47254677356694463	0.48223583709392964
0.07002165800091398	0.7331067712979695	0.19687157070111663
0.027918575029315384	0.6521375337925108	0.31994389117817384
0.06653308970133903	0.3791355073786804	0.5543314029199807
0.17271069568697292	0.31270322207109297	0.5145860822419343
0.1773153002606909	0.7062926405186468	0.1163920592206624
0.1162515246684836	0.4115865427795956	0.47216193255192096
0.11906908839893379	0.4478763466713952	0.43305456492967115
0.18040987178247608	0.35264063335154694	0.46694949486597714
0.0835829551262228	0.8235866255447266	0.09283041932905062
0.1715772361383218	0.43568104435436433	0.39274171950731396
0.02516969731521601	0.6809657090236871	0.293864593661097
0.07346206789437809	0.7004538282355562	0.2260841038700658
0.15029345857736093	0.6026706494420186	0.24703589198062048
0.08275742579422163	0.6755207121942647	0.2417218620115138
0.1926649435301644	0.45256293968791045	0.3547721167819253
0.04309214685195145	0.7902986928969671	0.16660916025108152
0.1568783286839202	0.7016495006899901	0.14147217062608972
0.18223060891783563	0.553917254944104	0.26385213613806047
0.17533733449649258	0.2931659191341628	0.5314967463693447
0.18780513033345564	0.2776723840520573	0.5345224856144872
0.03278134615493239	0.48704603554502934	0.4801726183000383
0.09164594759925765	0.42301156573200593	0.48534248666873653
0.11150683095949468	0.6623918764433631	0.22610129259714234
0.13021013273245385	0.35424364124364593	0.5155462260239003
0.14439895605211528	0.428084695252715	0.42751634869516986
0.14194168952086267	0.5594569823774717	0.2986013281016658
0.16701362064249956	0.5461489796499834	0.2868373997075171
0.14189054057843664	0.33404091421381765	0.5240685452077458
0.14064098499600675	0.648219584826618	0.21113943017737535
0.09732533631938445	0.7678201452071864	0.13485451847342922
0.14944326176019673	0.6541553509467368	0.1964013872930666
0.02903523505131833	0.4172423384069549	0.5537224265417269
0.01758016732358414	0.5194859527763481	0.46293387990006785
0.15155954753136686	0.7790037536664829	0.06943669880215037
0.03529613995859299	0.7908920895915417	0.17381177044986557
0.050490266855765686	0.7220714630738806	0.22743827007035386
0.12523117744092715	0.40425015488801797	0.470518667671055
0.07161304893622084	0.5245950769863523	0.4037918740774269
0.060655316683143334	0.87149206403863	0.06785261927822683
0.13907709903535695	0.5338948820830551	0.32702801888158806
0.16650692012041826	0.27455080892440775	0.5589422709551741
0.15260128055430652	0.5542061329029673	0.2931925865427263
0.054774004830819734	0.5276879290288805	0.4175380661402999
0.1892212913665	0.3739386868314612	0.4368400218020389
0.20211883086690993	0.35145027070748247	0.44643089842560774
0.2006249252063566	0.35863560102128883	0.4407394737723547
0.07771281517017131	0.3699406564167094	0.5523465284131194
0.09200306145671427	0.4418725816177128	0.4661243569255731
0.0695489657487331	0.5430322518037847	0.3874187824474823
0.08063114885491723	0.7001031991404352	0.21926565200464762
0.17301541007572468	0.6281928784695805	0.19879171145469487
0.02046113392080151	0.6523390935322491	0.32719977254694954
0.17899462838278218	0.33893655190507765	0.4820688197121402
0.16916115335163603	0.5134457980652176	0.31739304858314643
0.18129158297780587	0.4874303747890659	0.33127804223312834
0.16274612825376134	0.3961902220426697	0.44106364970356904
0.09449162028992897	0.397019876844601	0.5084885028654702
0.04290624335974036	0.49899734967836834	0.45809640696189136
0.12532825838591546	0.32205705678785096	0.5526146848262337
0.17384666303523152	0.3591072070377563	0.46704612992701233
0.02987264498772957	0.6252380189364024	0.3448893360758682
0.054982670848890525	0.823021622835812	0.12199570631529749
0.06973758817857767	0.5137131123807529	0.41654929944066954
0.05667922717981366	0.46110270721012436	0.4822180656100621
0.022030007496865345	0.7231633426733066	0.25480664982982826
0.1039297017342447	0.7594856559705745	0.1365846422951808
0.09444948308512155	0.40801803949170534	0.49753247742317325
0.14874082639993144	0.397291110460164	0.4539680631399047
0.1800016862811068	0.5352502713131508	0.2847480424057425
0.11967466375565267	0.6982850793550912	0.18204025688925624
0.05429952054665249	0.5801592134799665	0.3655412659733812
0.06747803931982688	0.4292107950068339	0.5033111656733393
0.06792810556190843	0.47874674394491123	0.4533251504931805
0.15712261477816195	0.41197534110295236	0.43090204411888583
0.11395770498502003	0.796499691767516	0.08954260324746405
0.0266655120593286	0.818376971435735	0.15495751650493653
0.12381946743172767	0.6048384008795153	0.27134213168875704
0.10663067858777597	0.5782150474316886	0.31515427398053547
0.15807467763156274	0.5324024895106233	0.309522832857814
0.18453024763674497	0.6888427145546708	0.12662703780858428
0.08812763484193192	0.5146445296234624	0.39722783553460583
0.18837379636462787	0.3361507735777546	0.47547543005761767
0.15098375215473694	0.2782865433419583	0.5707297045033048
0.17399702660029986	0.573132742407181	0.25287023099251915
0.059105458762181096	0.6207607159791009	0.3201338252587182
0.11765247864520417	0.4854584437787993	0.3968890775759967
0.16517072425583879	0.7734054385386265	0.06142383720553479
0.19488706253429755	0.3984778952875449	0.40663504217815766
0.13370052891553552	0.4249133208391153	0.4413861502453492
0.05745676737785621	0.3897705191439721	0.5527727134781719
0.07371927560047153	0.6537252673896758	0.2725554570098527
0.19703103244048825	0.41891631822969333	0.38405264932981853
0.17981569808531547	0.4020841751583588	0.41810012675632585
0.030771988111717552	0.8890727410029069	0.08015527088537566
0.04068153471705532	0.8611727309138718	0.098145734369073
0.1502359131291	0.7508707192528951	0.09889336761800502
0.024486513099893248	0.5711173278734167	0.4043961590266901
0.15375076532164728	0.7825626333638546	0.06368660131449821
0.06273999456051949	0.865090044486462	0.07216996095301859
0.09753959637277229	0.7171889736501647	0.18527142997706325
0.10558286214207763	0.514224916643216	0.38019222121470647
0.13363543148886747	0.35058299189060427	0.5157815766205284
0.020086064110618862	0.5262767999342821	0.4536371359550991
0.19420882830659772	0.5335606395667039	0.27223053212669857
0.06517850213731091	0.5566174930115181	0.3782040048511711
0.022691279583023638	0.6778523020285112	0.29945641838846526
0.17241585026364165	0.627127951535628	0.20045619820073055
0.07314886800628223	0.7761715254769593	0.1506796065167586
0.18736423362397875	0.6763181351024706	0.13631763127355068
0.19082293584088153	0.4079946196430679	0.40118244451605073
0.09614855290976212	0.44392017072760126	0.45993127636263675
0.026699862108146455	0.8359689361029781	0.13733120178887567
0.1658519916575995	0.6901658041525449	0.14398220418985563
0.18595469026584371	0.4780478304432844	0.335997479290872
0.08176208228189241	0.7204805925807407	0.19775732513736693
0.0851999283995995	0.43022775028272114	0.4845723213176794
0.14138027092309297	0.4531819584904899	0.4054377705864172
0.18157945050406926	0.7553822472266092	0.06303830226932172
0.18050785283999943	0.487538890721958	0.3319532564380427
0.11923750537599767	0.30799043466234777	0.5727720599616547
0.022228338105954093	0.41648175936367215	0.5612899025303739
0.20388371567656222	0.4341019134652004	0.3620143708582375
0.15490107788726398	0.2863716785774803	0.5587272435352558
0.17411134128200514	0.7421907318581535	0.08369792685984151
0.04157754744737535	0.38540223838361276	0.5730202141690119
0.19490871386871028	0.5581807235225758	0.24691056260871408
0.1349862512949848	0.652120919829415	0.21289282887560038
0.13259914524002991	0.7917387937781212	0.07566206098184902
0.17658034130565586	0.41634127905950724	0.40707837963483706
0.14997730580653196	0.3970550807457028	0.45296761344776537
0.15569500873419637	0.5466176014316272	0.29768738983417653
0.18533206449059417	0.5537862617098406	0.2608816737995654
0.16468239399969714	0.7074652016457532	0.1278524043545497
0.17614917416954035	0.7480145156426231	0.07583631018783665
0.08983580688945789	0.36839193831894224	0.5417722547916
0.19614829333170122	0.4509550174304592	0.35289668923783973
0.02588435514471077	0.4363231259243887	0.5377925189309006
0.06421069556913084	0.6820341654635313	0.25375513896733803
0.03585861123469297	0.7080057383816121	0.256135650383695
0.16709817938511376	0.4095656510793262	0.4233361695355602
0.1040106578100729	0.4414387497071559	0.4545505924827713
0.10385880241715184	0.7180522276924615	0.17808896989038678
0.1541681695449335	0.49369350084128133	0.3521383296137853
0.052883642773870476	0.5843850936749277	0.362731263551202
0.03578711094624176	0.8899224134054937	0.07429047564826463
0.10293222244455774	0.714113343674925	0.1829544338805174
0.10956170385319058	0.5218554885159192	0.36858280763089024
0.1279816931829751	0.7275223143012495	0.1444959925157756
0.07208616970317366	0.5248309628196518	0.4030828674771746
0.07050162687289896	0.4692359350417612	0.46026243808533995
0.12831453822496627	0.7212381372438326	0.1504473245312013
0.05159819757605805	0.6736219645025676	0.2747798379213745
0.06246841571223605	0.643809381084011	0.2937222032037531
0.14637590337545237	0.3271126766676373	0.5265114199569104
0.1859569968737092	0.39353103406165174	0.42051196906463917
0.06334991592838424	0.5262887515401738	0.41036133253144214
0.08843289832099074	0.47223655688856286	0.43933054479044653
0.07415157253223487	0.6909058091991117	0.2349426182686535
0.19093506744877914	0.3440302003110104	0.46503473224021064
0.15287282893402576	0.44137572124418567	0.4057514498217887
0.0894992575305669	0.5616126912916054	0.3488880511778278
0.20079407485664963	0.6628529785518196	0.13635294659153088
0.13917275272108148	0.7305836677560801	0.1302435795228385
0.0237955664727173	0.7419485476589982	0.2342558858682846
0.13486629763706798	0.71339187780563	0.15174182455730215
0.11425304495073962	0.6029066959734006	0.28284025907585986
0.19394212560426927	0.3598120321214599	0.44624584227427094
0.1348596948670579	0.4003281619168938	0.46481214321604847
0.1542423935087031	0.45273647324176197	0.3930211332495351
0.14057738481654106	0.5102359963486509	0.3491866188348081
0.06659988682758933	0.8462786885326178	0.08712142463979297
0.10405109247325414	0.8216367811077889	0.07431212641895713
0.133052036101034	0.7388277093464617	0.12812025455250448
0.12670392041340744	0.5092339370917534	0.36406214249483937
0.07399155904606591	0.8350366978343055	0.09097174311962869
0.19711853762292053	0.39251790578620127	0.4103635565908783
0.19526640340452298	0.22144634035534455	0.5832872562401326
0.07678225927371524	0.6752007895871794	0.24801695113910555
0.1269608561690335	0.4157431288251122	0.45729601500585443
0.14943313213091566	0.5505081197536468	0.3000587481154377
0.03516886079084908	0.8577245334910408	0.1071066057181102
0.05618568050032796	0.7494756651589507	0.19433865434072145
0.06451429036257805	0.5639825612733956	0.3715031483640265
0.05680412238241461	0.820958723711951	0.12223715390563447
0.06119763875685014	0.6326428996990513	0.3061594615440987
0.13701232370878347	0.5720213883944053	0.2909662878968114
0.06872884742264967	0.4283119990309639	0.5029591535463865
0.20228079331792775	0.6498684934312924	0.14785071325077995
0.030666841640737963	0.4630526385907011	0.506280519768561
0.15576084701478438	0.5231874765318149	0.3210516764534009
0.19800711029602547	0.2320575999215566	0.569935289782418
0.17197176957920005	0.532056899152303	0.295971331268497
0.2005574425966365	0.2757835627112609	0.5236589946921026
0.026716905827955384	0.4034792961479758	0.5698037980240689
0.049737415236620786	0.856883946080144	0.09337863868323532
0.0915784354330485	0.36134673425122293	0.5470748303157287
0.19241059822301174	0.5284034147799325	0.27918598699705593
0.13339701362476736	0.707982060968336	0.15862092540689673
0.036842691823530394	0.585665621025042	0.3774916871514277
0.06447946849880959	0.7174988265394681	0.21802170496172246
0.04478603993797792	0.5026501707629581	0.452563789299064
0.08046886955754384	0.7133778248999001	0.20615330554255623
0.20082440235168433	0.4128566254842576	0.3863189721640582
0.0463903596493781	0.5344991074957689	0.41911053285485317
0.18958742151789207	0.721263334840726	0.08914924364138199
0.09447448457423305	0.40123781035216954	0.5042877050735975
0.05336347932286972	0.5371641612157307	0.40947235946139965
0.03785331847701351	0.7094711830019134	0.25267549852107324
0.12101858422932732	0.7048672650279897	0.1741141507426831
0.12689568691216213	0.7682495667812292	0.10485474630660885
0.1999548200427817	0.5482323262157687	0.2518128537414498
0.03211798678525146	0.41312519848782714	0.5547568147269215
0.18678721929647768	0.7609413770626114	0.052271403640910985
0.19352357450265964	0.7119113844461029	0.09456504105123756
0.1264865065540173	0.6903454578668342	0.18316803557914862
0.18091309104718925	0.6569888558996815	0.16209805305312933
0.037474061706901984	0.6177254183786653	0.3448005199144327
0.17620032284510856	0.5428827661000775	0.28091691105481403
0.03797060774793237	0.4609777944806693	0.5010515977713985
0.07429823283763798	0.7182779649532223	0.20742380220913986
0.1533918220002103	0.7334466483213176	0.11316152967847232
0.18889023661444188	0.25961630912676936	0.5514934542587889
0.1243478340709877	0.5426038332874095	0.33304833264160294
0.10208070865041458	0.3632459740660565	0.534673317283529
0.1868203295255647	0.6723056142013482	0.1408740562730873
0.17148070190332146	0.41929784962760275	0.40922144846907593
0.13771867049237735	0.7785705151610982	0.08371081434652455
0.17584542302151215	0.6601609477491502	0.16399362922933775
0.07539317164410508	0.833691995734882	0.09091483262101302
0.07756392341920415	0.5515230554211996	0.37091302115959635
0.17893782094475394	0.702775895042332	0.11828628401291424
0.08580310818993084	0.6846483048179479	0.22954858699212144
0.13614294376020686	0.3306160183914179	0.5332410378483754
0.04660192038176464	0.675767606651676	0.2776304729665595
0.18662809166202016	0.6343670674080166	0.17900484092996344
0.135675482301369	0.6644682479946818	0.1998562697039493
0.1897656569389592	0.7603734365066548	0.04986090655438613
0.10257579727604438	0.4642895945967852	0.43313460812717053
0.15930209478237578	0.4323712953761733	0.408326609841451
0.06570671799709787	0.8049632669283511	0.1293300150745513
0.11753492960761303	0.3046457851854271	0.5778192852069599
0.021244764893882495	0.420548420156426	0.5582068149496916
0.10895466023980008	0.3311302892066891	0.5599150505535109
0.18738985792767382	0.23137502655504233	0.5812351155172839
0.1827453706564173	0.3178977598520817	0.49935686949150115
0.1787280992858694	0.4307766784560411	0.3904952222580896
0.1825392748685266	0.35951260301312515	0.45794812211834834
0.19240073111310352	0.27999132687622064	0.527607942010676
0.18594635223079425	0.33766557484006643	0.47638807292913943
0.09258659825918855	0.47877416688437485	0.4286392348564367
0.08404152956251792	0.39018180674619085	0.5257766636912914
0.08667513779529423	0.5568338208056122	0.3564910413990937
0.07126199914032949	0.8667618122618505	0.06197618859782017
0.05387743737766748	0.49919832944933407	0.44692423317299856
0.15217344986099682	0.3067153969734877	0.5411111531655156
0.14373326681163548	0.5908457776931277	0.265420955495237
0.1715934633191633	0.4859637823520182	0.3424427543288186
0.1672861526221733	0.7336892525481162	0.09902459482971065
0.11709598328712117	0.5279628070881827	0.35494120962469633
0.18222157120573057	0.5702297939878987	0.2475486348063708
0.16171662606677817	0.2593328890416244	0.5789504848915976
0.029223344994483647	0.7030028528206116	0.26777380218490493
0.08576702069304981	0.363140470939915	0.5510925083670353
0.1806958074005444	0.24198077316634156	0.5773234194331142
0.17249811889431638	0.4300677112965692	0.3974341698091146
0.1236838981877702	0.645483445310095	0.23083265650213497
0.03130004968097244	0.4924161555590104	0.47628379476001725
0.11826267112356881	0.503926948681715	0.37781038019471636
0.14568384741273874	0.6830624731056973	0.17125367948156395
0.08695571255032358	0.703797299992395	0.20924698745728149
0.04055918354518251	0.5649930676926648	0.39444774876215283
0.15236381755065737	0.6356495906964625	0.21198659175288015
0.11919970603397956	0.4653038946318059	0.41549639933421467
0.1179604699881498	0.5170134855288275	0.3650260444830227
0.028362659559132142	0.6770584310206507	0.29457890942021725
0.1421573363510797	0.6311662697198369	0.2266763939290835
0.09847067866341397	0.6431022479652733	0.2584270733713128
0.15146680602985893	0.2719191927095989	0.5766140012605423
0.10189686986155055	0.4142995771830257	0.4838035529554239
0.03481036238138718	0.72420188996641	0.24098774765220302
0.08558641257211402	0.691472568729522	0.22294101869836405
0.08168804877569757	0.7284682151497268	0.1898437360745758
0.04247032651150534	0.809545357792713	0.14798431569578185
0.19814477667118058	0.5051394861115177	0.2967157372173019
0.103425394739315	0.6146725488083534	0.2819020564523317
0.12529662477715708	0.5314279098787333	0.34327546534410974
0.12479431568258137	0.4275149922392009	0.4476906920782178
0.19305604318000666	0.34771574692629925	0.45922820989369423
0.024840670692795774	0.7365394236867824	0.23861990562042207
0.03100276026059401	0.6660303051935593	0.3029669345458468
0.19769205704889914	0.47724752305037615	0.3250604199007248
0.03393722339916744	0.7035884403711713	0.2624743362296614
0.16752875099806064	0.37080156954300847	0.461669679458931
0.1386066515786983	0.753111422514876	0.10828192590642582
0.1727309942249381	0.46396570467448317	0.36330330110057885
0.11567084116187581	0.4562060527459096	0.4281231060922147
0.1608542092107406	0.7796298730657343	0.05951591772352527
0.0692772495641622	0.731831869134965	0.19889088130087296
0.12450327513826237	0.5482000367222272	0.3272966881395106
0.06987615337734071	0.6621111210285416	0.2680127255941178
0.15007130398889287	0.4729926581516919	0.3769360378594154
0.06591248878714068	0.7931431487686414	0.14094436244421796
0.2020667484578044	0.4747820573398305	0.32315119420236527
0.11511680963179599	0.5995141861820213	0.2853690041861828
0.05294531596069013	0.6955630182434231	0.2514916657958869
0.11680379543638592	0.6813043584678837	0.2018918460957304
0.13863660821543466	0.47923596511992894	0.3821274266646365
0.07014790201856169	0.8567000924900323	0.0731520054914061
0.17302943562724263	0.770066088486522	0.056904475886235484
0.12788521320967233	0.4580599381125126	0.41405484867781517
0.16879460529075913	0.5861256748399689	0.24507971986927207
0.15453746676564534	0.6679292274389034	0.1775333057954514
0.08179107013210002	0.6148339072384187	0.30337502262948146
0.10774934634031957	0.5669987913127907	0.32525186234688985
0.08514597596322698	0.7238290171836365	0.19102500685313664
0.042760473515039865	0.8160559570918986	0.14118356939306162
0.1379693915675759	0.6792659135366692	0.18276469489575498
0.1835396762332982	0.28899207071974536	0.5274682530469565
0.19136242599272943	0.3711957103982225	0.4374418636090482
0.16210965721620785	0.5470697447937877	0.2908205979900046
0.1822026186483995	0.2880125411670259	0.5297848401845747
0.09928342880097268	0.6211117492803704	0.2796048219186571
0.186139242587869	0.7190878203117715	0.09477293710035956
0.18301598969379673	0.3966704275445214	0.42031358276168196
0.1515071278109787	0.7177138891719832	0.13077898301703816
0.04529960433844066	0.7835005938974543	0.17119980176410518
0.17160715660191125	0.5256501567179108	0.30274268668017806
0.10527219061962334	0.38468852148852123	0.5100392878918556
0.030087519693267617	0.7632739472739059	0.20663853303282662
0.19776307319997405	0.6586795105123671	0.14355741628765895
0.10366309821242492	0.44336436883186214	0.45297253295571305
0.18640039857528842	0.3510451218732839	0.4625544795514278
0.14547887009169513	0.7957003664737725	0.058820763434532464
0.08309030834537512	0.8045239517591511	0.11238573989547379
0.05793576785276322	0.6508735315760945	0.2911907005711424
0.09164655095467203	0.723344886401204	0.1850085626441242
0.1571888875535985	0.44955535548139713	0.3932557569650045
0.1891576307059124	0.27853275716590625	0.5323096121281815
0.03277564227200669	0.8576919223518986	0.10953243537609478
0.10440437415514509	0.5882194425810947	0.30737618326376026
0.13666444855616186	0.584042112849847	0.27929343859399125
0.05704923619618607	0.8817812894427154	0.06116947436109865
0.07705809429118143	0.8567063420645171	0.06623556364430155
0.18100654337446614	0.31223617031138184	0.5067572863141521
0.07167064264793255	0.4945669049370266	0.433762452415041
0.10315033475745924	0.5484823638031414	0.3483673014393995
0.02614461239450122	0.5933999078400547	0.38045547976544425
0.024103168250797335	0.5994671685235574	0.3764296632256454
0.13070680440107124	0.5158790413739122	0.3534141542250167
0.14073280659655407	0.5889960202551607	0.27027117314828536
0.13169997476483364	0.697340679852325	0.17095934538284152
0.19112762034086983	0.47706279658554696	0.3318095830735834
0.15554455668067635	0.3785560577286068	0.46589938559071703
0.0574634160905686	0.8547656282250945	0.08777095568433702
0.19423073800840482	0.4737664363374606	0.33200282565413475
0.13082212215359695	0.7952442730602169	0.07393360478618616
0.1511650383609942	0.5185532028868921	0.3302817587521138
0.08008522056647527	0.7457073006420543	0.17420747879147055
0.08871926404868252	0.4487068795665258	0.4625738563847918
0.12107014874463037	0.7670920034416794	0.11183784781369033
0.17755485173336202	0.27704302117608476	0.5454021270905534
0.06369182213436742	0.3819277657365311	0.5543804121291016
0.1793898057221091	0.2771845905067341	0.5434256037711569
0.050814737810411736	0.8210639612223792	0.12812130096720917
0.14387741404290194	0.5858211513491332	0.27030143460796496
0.09439094645398485	0.6721072266795753	0.23350182686643986
0.017265127341587028	0.708113962634376	0.27462091002403705
0.1914451273975441	0.6784799746255498	0.13007489797690625
0.037643437503867117	0.6865055345179324	0.2758510279782006
0.0850463952342923	0.3836572621405456	0.5312963426251622
0.07081641499559405	0.6229467044357008	0.3062368805687053
0.17117696963782514	0.3759116180781352	0.45291141228403975
0.049597187116496744	0.8560304765840051	0.09437233629949832
