0.2590661035449929	0.07135160747205449	0.28933938732909253	0.16230362563187367	0.2179392760219862
0.26788637522882974	0.07703483906851498	0.2873371803413952	0.15523471734142286	0.2125068880198369
0.2614788650239664	0.07302909307166466	0.2854238775135249	0.17023539244033709	0.20983277195050673
0.25452254747050385	0.07241450945505803	0.2901945730664083	0.17136321701127571	0.2115051529967538
0.2635456763539322	0.07467039190605226	0.2849594506694658	0.16468043310653094	0.2121440479640185
0.25770742109560535	0.07238746616292133	0.29098751042592463	0.16873751268808462	0.21018008962746376
0.2649267621330755	0.07101993164116496	0.2875426153261914	0.15968453464348503	0.2168261562560829
0.26036005226377057	0.06822085942173356	0.28671064888131453	0.16693692852771716	0.21777151090546393
0.26622838425103285	0.07488107817811698	0.29098291931439757	0.15723527379879612	0.21067234445765623
0.25472079588613195	0.06952037140664463	0.2895430004270431	0.16939520898437363	0.21682062329580637
0.26691507128255615	0.06593439385044053	0.28559193766907376	0.16870567932192554	0.21285291787600377
0.2642755950106135	0.07207648613540382	0.2908093214212576	0.15959471915625378	0.21324387827647104
0.26056538743425717	0.0733665577081519	0.29013320858992625	0.15833453063846803	0.21760031562919638
0.25901315997781027	0.0732840025500284	0.29044185428953573	0.1624503263356195	0.21481065684700582
0.25228185863872504	0.07728828973544918	0.28719988266256713	0.16790823394354265	0.21532173501971572
0.25623745091341926	0.07669300516976317	0.287209681059215	0.16137189102863767	0.21848797182896462
0.2630787352718939	0.07217109593790944	0.2905838966522059	0.16262161255224558	0.21154465958574495
0.2618335542635465	0.07621893272421221	0.29052139097283947	0.16150541705140667	0.20992070498799492
0.25175993671867714	0.07188794856130551	0.2899716144775494	0.16834750491232123	0.2180329953301465
0.2699833876872863	0.06871421276653872	0.2921198058319418	0.15872413908699684	0.21045845462723606
0.27059781157070567	0.07469174008997995	0.28922496841829604	0.1518971733282279	0.2135883065927902
0.25988185597888913	0.07511138031210905	0.2900129080115055	0.16268786435127405	0.21230599134622197
0.2679912089894046	0.0777948253840012	0.28750164082796315	0.15592263605883175	0.21078968873979906
0.26799684707626614	0.06907500214524523	0.2888364611262091	0.16218068779252076	0.21191100185975853
0.2613643006185544	0.07694055484400059	0.2918815349088212	0.15898604993874188	0.2108275596898817
0.25316221801448247	0.07778290197067358	0.2898928705667133	0.16464663058829743	0.21451537885983293
0.26514250321735533	0.07552849968179542	0.2901092498427631	0.15794018583414376	0.2112795614239421
0.2556932588717881	0.07637226155972972	0.2876252270726033	0.16306649962069092	0.21724275287518766
0.25921215743622694	0.06651963616205742	0.2924036353919971	0.16869060848833206	0.2131739625213862
0.2592445279947108	0.07462556820014885	0.284891094958563	0.16730167859847947	0.21393713024809763
0.25621273141022816	0.07373028980882326	0.2867517443897291	0.16397681073519055	0.21932842365602867
0.2581006481819935	0.07158426918388805	0.2853216714414713	0.1706706600341855	0.2143227511584614
0.25264241284900923	0.071406539964472	0.28844039977154684	0.17064762576815606	0.21686302164681556
0.25472923670535624	0.07310006851626222	0.2863257533798492	0.17208434625545782	0.21376059514307427
0.26086835252108037	0.07055491320498003	0.2849899704224585	0.17260694393170656	0.21097981991977427
0.25739421320371453	0.06920833418418176	0.29218508901362333	0.16428930310514506	0.21692306049333507
0.26151471153067474	0.07014321165242934	0.28577767588167446	0.16498375744337365	0.2175806434918475
0.26992191551547196	0.07535448049896017	0.2854991882035953	0.1592251665868522	0.20999924919512014
0.2634845702937693	0.07023257846888553	0.28648594804348193	0.16958916500871749	0.2102077381851455
0.2631841916903367	0.07486927805044447	0.2910873560853271	0.15641716650213344	0.21444200767175806
0.25398692149310764	0.07580272144661135	0.2864122854923228	0.16870860145908217	0.21508947010887572
0.2549786667504673	0.07610937592516853	0.2854899521597528	0.166318370867164	0.21710363429744706
0.2705897636578223	0.06812777657569721	0.2908523597289478	0.15501694710199185	0.21541315293554064
0.2713515596198715	0.072797825766029	0.2865388946792351	0.15707263092616303	0.21223908900870106
0.25685242619890136	0.06683067551914942	0.2920431208819507	0.16751687478257815	0.21675690261742014
0.2657995002643019	0.06717454462597044	0.2878293449266759	0.16087840973074052	0.21831820045231098
0.26321806458137353	0.07138288201009052	0.289185327988083	0.16306369017680217	0.21315003524365053
0.26910809376555456	0.07646857385009885	0.28598623524436295	0.15768078082430953	0.21075631631567382
0.26962879479456364	0.06814610506067362	0.2859093934447215	0.16365615221371618	0.2126595544863248
0.2546898864412929	0.07498592537766374	0.290427504301195	0.16509489389934776	0.21480178998050034
0.2703491840401223	0.0718190045104441	0.2883372317904666	0.15315070890181348	0.21634387075715328
0.25470171812786585	0.07475975525506509	0.28622908425250965	0.16599902077395423	0.21831042159060493
0.2661676759696677	0.07055868505705926	0.2853602658839983	0.1679086117085562	0.2100047613807182
0.26716071844867506	0.070400338323646	0.29116075152652177	0.15966099109200918	0.21161720060914774
0.25805999740435787	0.07183982850396659	0.29067005429078996	0.16685701376854498	0.21257310603234036
0.2712452079171808	0.07071137101847699	0.28519464468896116	0.1605504138988173	0.21229836247656342
0.26059497311931196	0.07346475135907071	0.2923059896494213	0.16232108430221986	0.21131320156997593
0.26977567772175015	0.06625270268864164	0.2889670640123186	0.15786993079524342	0.2171346247820459
0.2691250905832515	0.06644332072361159	0.2921890139468813	0.15594949449447942	0.21629308025177593
0.25208423618350534	0.07437586883288713	0.28743464338086855	0.17312159953881226	0.21298365206392644
0.26079640155449524	0.07063122239789404	0.28914163034739293	0.16480449115840173	0.21462625454181575
0.25529289939452066	0.07493026410818499	0.28747048646835355	0.1684961266175214	0.21381022341141917
0.26030008434472596	0.07149154806747321	0.2894953089744341	0.1609712565087239	0.21774180210464258
0.257326097068343	0.06924837527791372	0.2899573375365628	0.16632253711567294	0.21714565300150734
0.26664667383738916	0.0734542089856128	0.2895998734074471	0.15646948318779	0.21382976058176065
0.2605954913724177	0.07322927027738299	0.29233999848140363	0.15772045534735968	0.21611478452143568
0.26349577725582324	0.07109876875262566	0.28905545326863596	0.16168916664204347	0.2146608340808714
0.26998748060116606	0.07016802213113343	0.28484957948094214	0.15772181912194236	0.21727309866481578
0.2618275241168101	0.07255260207342631	0.2912315045318612	0.1551572894691146	0.2192310798087876
0.25438640401941376	0.07233940865173893	0.2863382600016706	0.17284776601850066	0.21408816130867575
0.26196966221695783	0.0661629935985929	0.2884456896156594	0.16549631624410227	0.21792533832468733
0.25712599975544104	0.06794656825136897	0.28636867730439564	0.17072004476043415	0.21783870992835996
0.26494760584769306	0.06730857700523776	0.29155549755538945	0.16490868277965534	0.21127963681202414
0.2546038803562109	0.07093328394360254	0.2894857301747065	0.17445449311231345	0.21052261241316636
0.25645832721550615	0.0739343103421419	0.28643653394878676	0.16929469506165531	0.21387613343190962
0.2584817651597023	0.0677431730340598	0.2875689382109838	0.16815510100097003	0.21805102259428383
0.2682656345213057	0.07168445648365379	0.28659166883465453	0.16167519577999376	0.21178304438039197
0.26024706697800126	0.06741949331216895	0.2866840332029597	0.16850263969181262	0.21714676681505718
0.25854042294826385	0.07567739723136638	0.29064244143225065	0.16269124035190852	0.21244849803621035
0.26653341773011285	0.06620977086818416	0.2856129354408611	0.17161359592587472	0.2100302800349669
0.2571843168350221	0.07415093059940034	0.28842649147304533	0.16103353224341704	0.21920472884911496
0.25934122627554684	0.07453663672887878	0.29154863020339455	0.16320677262937752	0.21136673416280208
0.25645636678466327	0.06978283585215778	0.2861613712349822	0.1692865410895557	0.21831288503864082
0.25461979637635923	0.07010682256906406	0.2917567875765233	0.17123361840514045	0.21228297507291272
0.27002220524867754	0.0669758364389236	0.2890862468127186	0.16355386556056997	0.21036184593911
0.2659057817129379	0.07315269910789512	0.29211635628581156	0.15410332596277812	0.21472183693057706
0.25560298316120955	0.06811061156944406	0.29151078954726833	0.16863466512927722	0.2161409505928006
0.2521889070673758	0.0739505907235753	0.28784836519236146	0.17278296470985058	0.2132291723068366
0.2692548098901862	0.06743833899772966	0.2851383283100574	0.15914888285308604	0.21901963994894036
0.265975725220263	0.07287811100177388	0.29086623240128195	0.15527340686407629	0.2150065245126046
0.26647325465154	0.07000627827187511	0.29183476450298645	0.1563391479532581	0.21534655462034014
0.2627474128364513	0.06882157184332177	0.290087601843788	0.1596869521735901	0.21865646130284855
0.26651818262926763	0.07114095351847652	0.28892931462022886	0.15780961836083182	0.2156019308711949
0.26945388385479857	0.0707477900892508	0.2859569136603004	0.1620302033982535	0.21181120899739647
0.26675488485539683	0.06712264742199114	0.29112697737607884	0.16481885437942279	0.21017663596711014
0.2671880930340328	0.0705953841872162	0.2909802728598978	0.15504964445564856	0.21618660546320442
0.2672693621077081	0.0662488015884975	0.2863858262478011	0.16370903995429134	0.21638697010170171
0.2695960202385626	0.06910732864959307	0.2861867343218262	0.16128261781362066	0.21382729897639716
0.2625956970449655	0.06722094724463884	0.29270400108322986	0.16523992773140056	0.21223942689576503
0.2712935001096107	0.06923823461851378	0.28952373183762786	0.15243284421530096	0.21751168921894645
0.2711181820207305	0.06971809199597154	0.2849655045735745	0.15570102998501417	0.21849719142470897
0.25764114746240124	0.07384176924638441	0.2927298153032737	0.16072092518142023	0.21506634280652018
0.2647380952574844	0.06768363733270019	0.28668553036475247	0.16165472910144701	0.21923800794361564
0.2614070388137084	0.07531923170159645	0.2872856004218311	0.15977452912066414	0.21621359994219963
0.26674321396696243	0.06706458706259974	0.2910762949867549	0.1620746599085942	0.21304124407508837
0.2586451668403362	0.07813480205807431	0.2855929491766495	0.1640676645635058	0.2135594173614339
0.2708861451466839	0.06762899592309382	0.290405260052189	0.1537519429254317	0.2173276559526013
0.27008609686384344	0.06720214977466826	0.28594877026231025	0.15745955878576412	0.21930342431341365
0.25178698366578633	0.06907484997550345	0.2918192748305928	0.1701010881855918	0.21721780334252536
0.2564607773445837	0.07090721854417131	0.2876522495787893	0.1708393438630677	0.21414041066938772
0.2591917240224358	0.07507218916679657	0.28681510637724694	0.16712165762564893	0.2117993228078715
0.26558225560585524	0.07018994260183467	0.28967892497327963	0.156442761512354	0.21810611530667617
0.26468400987770807	0.07348223446843963	0.2919736096857601	0.15771987931455977	0.21214026665353217
0.2714383541380302	0.06874154363735199	0.290015980406599	0.15675957984878935	0.21304454196922923
0.2569016286554168	0.077285643063163	0.29052462279148866	0.15764171305590316	0.2176463924340281
0.2531216965706346	0.0712509954001726	0.29245033451933966	0.16760734511243974	0.21556962839741314
0.26196338564695054	0.06990839895332604	0.2915576226057002	0.15720764096572107	0.21936295182830187
0.2560015313025316	0.07249444149474121	0.28694687525795337	0.16688910428127804	0.21766804766349554
0.2578667334629864	0.07737002991781593	0.2884529081437524	0.16076775036585184	0.2155425781095932
0.27087623550064993	0.07595180000424329	0.28833065865115254	0.15343353646231295	0.21140776938164102
0.25821921081111077	0.06797207459665569	0.2884135070555231	0.1685691717444052	0.21682603579230503
0.26512524144770316	0.06917657524349907	0.2884574112350233	0.1617721261431551	0.21546864593061912
0.26783023012682217	0.06666458742446607	0.28910859100846975	0.1662440516698518	0.21015253977038995
0.2654421981009927	0.07586638367178465	0.2861862934234753	0.15555004026658187	0.21695508453716528
0.2687471840244393	0.07102211757969995	0.29040239249442856	0.15578134345625905	0.21404696244517288
0.263889216972226	0.07674878511966521	0.2912716820688033	0.1573796060523834	0.21071070978692188
0.2563768008966748	0.07566922398636068	0.2880973897201024	0.16604981189543308	0.21380677350142877
0.27125652976562836	0.06828423196753586	0.28823227647650607	0.1622001335319101	0.21002682825841934
0.2533819008835965	0.07351677931818826	0.29269421088516095	0.16801673973755424	0.21239036917549978
0.2596060297357161	0.06950889262342985	0.2899583886067421	0.16974421241723453	0.2111824766168771
0.27026376769830446	0.06994385146088178	0.287224816183443	0.15839231146493782	0.21417525319243266
0.2529298739365231	0.07772026831596746	0.28641103871696355	0.1724503321785938	0.2104884868519518
0.25999208515796585	0.06940634729251013	0.2886848518819286	0.16567393623443472	0.21624277943316045
0.26556105220671344	0.06694280299218594	0.29070077563449537	0.15956480093360453	0.21723056823300044
0.2577239392233951	0.07267091536224182	0.29194506141238075	0.15907207147113364	0.21858801253084845
0.26880851874431777	0.07056613317429103	0.28907891086309845	0.16139151763333107	0.21015491958496146
0.2634189086220343	0.06934843235225066	0.28551055272923964	0.16632389553272453	0.2153982107637506
0.26699956369442424	0.06872385862703029	0.29021045130298967	0.15817763045657263	0.21588849591898293
0.2571255279121811	0.07589917564610071	0.2849497624787444	0.1655370474076379	0.2164884865553357
0.2713704835918523	0.06860782712125466	0.2895524692097601	0.1511929067334092	0.21927631334372352
0.25351258157957074	0.06659920026171784	0.2898180320905466	0.17303645772198067	0.21703372834618392
0.2674329028077104	0.06900101829912272	0.2871241576649406	0.15922421956943222	0.21721770165879373
0.2548147737094848	0.07704443047979836	0.28659901753958894	0.16518041376403325	0.21636136450709445
0.2620595798087936	0.0762157952584091	0.28596086129037673	0.16363364241292835	0.21213012122949196
0.26430537403322873	0.07429029326987319	0.2850731324281901	0.15933365039900488	0.21699754986970288
0.25876846631663564	0.07576623425675567	0.28714398119811224	0.1667238353370939	0.21159748289140237
0.25421265190158604	0.06594975059055638	0.28839260586353466	0.17230585366667833	0.2191391379776443
0.2658953424398019	0.0718601748467339	0.29039434297966277	0.1551304829299495	0.21671965680385172
0.2690179096435797	0.06615941365376204	0.28484313924933163	0.16732567702444856	0.21265386042887782
0.270508207401138	0.07385742518375779	0.28546928188537257	0.15382642724794537	0.2163386582817859
0.2599126147854788	0.06763222381598588	0.2916575086700804	0.16556320231169458	0.21523445041676012
0.2700777339766846	0.0695552914804902	0.2904892567525369	0.15588291073605248	0.21399480705423551
0.26786079333365914	0.06883627732506917	0.2885382596915581	0.16105688760926945	0.2137077820404438
0.26718670306061765	0.07358121245476676	0.2863927603517533	0.16163759223795385	0.21120173189490818
0.26596631584181296	0.0771367613752518	0.28734692045285365	0.15488607911974236	0.214663923210339
0.26944910808574474	0.07019865380759902	0.29009127536113066	0.15119648022317927	0.2190644825223461
0.26087858291481114	0.06853106409037002	0.28589957438200564	0.1727093218825474	0.21198145673026558
0.26423531484467466	0.0767409482553097	0.28886922854211444	0.15768704328965852	0.21246746506824243
0.2518987809141565	0.07218497767813842	0.291641765923431	0.1728427261837627	0.21143174930051117
0.2520787115462229	0.0736705957329988	0.2848492664063299	0.17132065302038055	0.2180807732940676
0.2609601406513339	0.06805736947852034	0.2904346002930299	0.16893571285572148	0.21161217672139407
0.2668357376178259	0.07393968008798193	0.2878023988854298	0.15446807227132997	0.21695411113743213
0.2686054265389187	0.075531084770002	0.288960844117969	0.15276952739930832	0.21413311717380168
0.26260245392970805	0.07480972626422464	0.2909665505499363	0.15273832923008443	0.2188829400260463
0.25387274582190633	0.0768822473997421	0.28716988420958467	0.1720730453032735	0.21000207726549314
0.27038884606092173	0.07032286287818484	0.2915046715018387	0.15129173007205207	0.21649188948700243
0.25921540662192716	0.07000231108225063	0.28823943074639485	0.1707229575364953	0.21181989401293183
0.2601240079798036	0.07396327535751207	0.2872491212012595	0.16863223144806455	0.21003136401336
0.2600815477003136	0.07651541487207074	0.2907116356078448	0.15504083453202638	0.21765056728774423
0.2605699986039133	0.07725572313296473	0.29270138328228384	0.15961277350184935	0.20986012147898853
0.264634362500192	0.06945298530657262	0.28698636107566167	0.16900538230794926	0.2099209088096242
0.26136841548796286	0.07049765391865448	0.29238788416183464	0.16022479385209032	0.21552125257945748
0.2653745848409768	0.0676442572759321	0.2877723918399974	0.16250659918520055	0.21670216685789287
0.2589419645718903	0.07595340639796867	0.2871458440440369	0.16748615968320646	0.2104726253028974
0.2554304118655332	0.06870508973196426	0.2900619670005177	0.1717246047862058	0.21407792661577882
0.26209189836486074	0.07177134267168334	0.2901704670734327	0.16536735047953163	0.21059894141049135
0.25784230982845346	0.07131369385026742	0.29236377304261874	0.1680399517691151	0.21044027150954497
0.269837328005899	0.06796904985524804	0.2874031518489769	0.16264580183045058	0.21214466845942523
0.26256278840882025	0.07591665401054411	0.28794491483359014	0.15912640143644277	0.21444924131060247
0.2692462125328308	0.07158651182509843	0.2915315689443487	0.15432125575651837	0.2133144509412035
0.2682957955892894	0.07165385194567786	0.28976078345765754	0.1557889361051361	0.21450063290223878
0.26022379814869173	0.06865053605849022	0.2866117403792521	0.17303581061180764	0.21147811480175807
0.2627348089320626	0.07074585124616448	0.2906874481140878	0.15976321054278508	0.21606868116489975
0.26987571773124525	0.0749970722763765	0.2872467340744279	0.15273465387906893	0.21514582203888108
0.2699237995867575	0.07713226246475326	0.28717155683147555	0.1527649194521262	0.2130074616648872
0.2566677157719162	0.07464955131421888	0.29270275568459386	0.1612301073442013	0.2147498698850695
0.27062597177651354	0.07305371920505449	0.28835694541407914	0.1545513703036562	0.21341199330069638
0.2694838145414823	0.06918532248183043	0.2911360407033015	0.15376615785310815	0.21642866442027733
0.2698227910385931	0.07229017553824696	0.2913853176082384	0.155282221408386	0.2112194944065353
0.25245248642791973	0.07100851479319478	0.2881522919011711	0.17158813893421718	0.216798567943497
0.2553432922161725	0.06660622576453809	0.2922243829381242	0.17062598820584288	0.21520011087532206
0.2698594304656627	0.07359144736457487	0.2871133112295634	0.1568994972874807	0.21253631365271805
0.26406981352734493	0.07547320323235669	0.2926248521218242	0.15772222601727032	0.21010990510120367
0.2563131577127432	0.0776506658370097	0.28543896739628427	0.16399352038438703	0.21660368866957558
0.26890381931204577	0.06990930965834469	0.2868517778853946	0.15856787346919177	0.21576721967502294
0.2705831651182727	0.07293418977147023	0.2898505530354108	0.15441583386438848	0.21221625821045753
0.26200230554339377	0.07339160857227386	0.287313252086679	0.1584787557259317	0.21881407807172137
0.2594369168811203	0.07565713407705144	0.2871013675688924	0.16274017069895721	0.21506441077397845
0.26746597154378277	0.07370318520506552	0.2912342099112354	0.15128045755578146	0.21631617578413462
0.25678457037247854	0.0768681945280305	0.2862945637279133	0.16810577391929885	0.2119468974522786
0.25195968825087217	0.07472467624237267	0.2894527599696808	0.17259785901189192	0.21126501652518218
0.2673183095942729	0.07780623644731871	0.285779370406723	0.15287198686513112	0.216224096686554
0.25972217115958246	0.0669293436656209	0.29231966929879505	0.16830691508507534	0.21272190079092604
0.2559899985976463	0.07458539151001181	0.28898116854834494	0.16192073840966972	0.218522702934327
0.2550372156300294	0.07616955229941992	0.29072403892364534	0.1635276086924072	0.21454158445449784
0.25381326381055686	0.07059101560997633	0.28841114893601905	0.1746398326319957	0.21254473901145188
0.2601046666585274	0.07637658489116234	0.2889108854907548	0.15896710178746898	0.21564076117208625
0.252770011310906	0.07531014510821595	0.2863226528525458	0.16635700055943026	0.2192401901689017
0.2661068848042364	0.07182206592948728	0.2877431016412803	0.15998540913490894	0.21434253849008683
0.25867383119710263	0.07704613713111474	0.28526971987524924	0.16618958159724184	0.21282073019929126
0.25500487586149784	0.07709079332269958	0.2906428863044867	0.16636124431451474	0.21090020019680086
0.2678264336140129	0.0723780429478561	0.2857350186912304	0.16086781607984674	0.21319268866705354
0.2679511310176016	0.07084408807654988	0.287354600027677	0.16355190147999626	0.21029827939817503
0.2660560663212227	0.07729640806068971	0.28776240162175015	0.15867014317758416	0.210214980818753
0.2570795230980664	0.07369971333837733	0.2852546647899723	0.16995951441648263	0.21400658435710113
0.25984657356844143	0.0683099172177059	0.2892787172173221	0.16877548684285493	0.21378930515367536
0.26090804259350403	0.0734898016029413	0.28845743134381535	0.16060455910549437	0.21654016535424467
0.2621051700721888	0.06940045122629362	0.2895027350470584	0.1619367472196063	0.2170548964348526
0.26038409131787577	0.0670250805303852	0.2891218368484025	0.16441572188719716	0.21905326941613915
0.2678530208295281	0.0782466289033902	0.28660795998423877	0.15118524396531635	0.21610714631752634
0.2628904707669215	0.07397599062368101	0.2908875271264346	0.15975827837015155	0.21248773311281105
0.2675333596180889	0.06681847986041264	0.2905119839936323	0.16224459571186856	0.21289158081599735
0.25895603870592376	0.07583662263032201	0.28699210563501754	0.1613755366518782	0.21683969637685824
0.27099334695577426	0.0755916368724781	0.28525132881487314	0.15164955281794096	0.2165141345389333
0.2703170128189294	0.07355706803030368	0.29134981822728184	0.1546681989026533	0.2101079020208315
0.27088026536842463	0.0676818788152197	0.2916325885178654	0.15392896289996919	0.21587630439852087
0.25333611559219754	0.07479076002581297	0.29140578012826357	0.1658159133945264	0.2146514308591993
0.25585468318287524	0.06957942970889741	0.2906349437073054	0.1685760651163781	0.21535487828454353
0.25626862027776864	0.06641922671204281	0.29219768452773953	0.17324915648722586	0.21186531199522288
0.262073474460948	0.0736541286245744	0.2883878831966371	0.1657670237443292	0.21011748997351098
0.2565920702527727	0.07422973573577243	0.2921533635407143	0.16207724397404888	0.21494758649669146
0.27159108640189145	0.07063190069010783	0.28840806923421475	0.1564149073920056	0.2129540362817801
0.2598375444667931	0.07428545745783052	0.29150216768321124	0.1620835436853008	0.2122912867068641
0.26093668080411114	0.07113355799025392	0.2876471867061377	0.16919829687187743	0.2110842776276195
0.25725187536526006	0.06941528309887854	0.2924303355007042	0.16330001552584883	0.2176024905093081
0.2684778469965017	0.0663583170375869	0.2889154360273669	0.15939679765938727	0.21685160227915687
0.26223802045416633	0.07040715183619106	0.2881355339073203	0.16380248193580876	0.21541681186651332
0.26024748467637604	0.07173855561890025	0.28500784344026164	0.16395722168279742	0.2190488945816644
0.2706512915870469	0.07029709011474822	0.2876705458047701	0.15240786291372732	0.21897320957970717
0.25772108171443253	0.07530826051006238	0.29143410895492683	0.16271395338109274	0.21282259543948526
0.25160871671883267	0.07273044181917213	0.2868854491311753	0.17227779895043727	0.2164975933803824
0.2609090050663078	0.07353638180056529	0.2900219948485499	0.1608925285330041	0.21464008975157264
0.2597161705252018	0.07197974005979943	0.2866778591798671	0.1704482989538982	0.21117793128123316
0.2528670069551689	0.07097862790152648	0.2862527240477214	0.17373689293857467	0.21616474815700837
0.2599614959148183	0.07024527794460184	0.29100396091216085	0.16863094298974504	0.21015832223867367
0.2655304317576768	0.06947809269526128	0.28930072929295453	0.15941207660603476	0.21627866964807232
0.2705325544577305	0.07193904672628051	0.28983068758506436	0.1511359013428763	0.21656180988804802
0.25809255542420667	0.07558507483752767	0.28711645903823163	0.16104355542176155	0.2181623552782722
0.2561749281788949	0.0717985785590812	0.2896699375422517	0.1657386100998433	0.21661794561992864
0.2659620705551661	0.07419155860186308	0.28782473685220256	0.16190520375688902	0.21011643023387896
0.2615984436472142	0.07725138125178219	0.288411956199751	0.15852273153268281	0.21421548736856957
0.25555453746654316	0.06758488150578643	0.2873371393963214	0.17331865189229162	0.21620478973905716
0.2660414972662943	0.0723552900198075	0.2880646493243011	0.1558133900203648	0.2177251733692321
0.2642695083392478	0.07075387051567739	0.28937300627651374	0.16415594533685807	0.2114476695317028
0.2704200127110025	0.06782404462879929	0.287788427303999	0.16190168052128992	0.212065834834909
0.2516281640490017	0.06883636784349131	0.2902706349172045	0.17277841623827506	0.21648641695202714
0.2667341845026644	0.07267392147671778	0.2874450843684381	0.15531768865910714	0.21782912099307233
0.26269360494254296	0.0670314225588722	0.2924568667541535	0.16124549426639836	0.21657261147803272
0.25906847040419034	0.07685698926413426	0.2897179390224852	0.15982283880306203	0.21453376250612793
0.26378449881033417	0.07719550169249631	0.2916881827063486	0.15114181375849794	0.21619000303232266
0.25414170052980756	0.07340300520685836	0.2855182400807309	0.17353432746873282	0.2134027267138701
0.2647482349579864	0.0699401044113058	0.290086545175071	0.16329868406923306	0.2119264313864035
0.26870746539108475	0.0710843648105017	0.2905018568249564	0.15546356069210324	0.21424275228135364
0.26110790222287356	0.06996388298474499	0.28763460429813664	0.16470363163180018	0.2165899788624444
0.2592230049823649	0.07183214887549486	0.28517450076216083	0.16872604266569458	0.2150443027142846
0.25623363946610483	0.07486049468120828	0.2861288117605504	0.17184522330744798	0.2109318307846883
0.25960417442458034	0.066242908359714	0.2861808138040431	0.17149662024532286	0.21647548316633944
0.267710233355665	0.07522185372942748	0.29145165728186845	0.15377714400808487	0.2118391116249539
0.26920080157129145	0.06890636091407801	0.2887725457371918	0.15754007969152106	0.21558021208591743
0.25824181485312564	0.07679520406878233	0.289024375682352	0.16602622312478518	0.20991238227095457
0.26398188917638554	0.0762183107728097	0.29269447244741026	0.1570905291517967	0.21001479845159754
0.27211605403498085	0.07650864813499639	0.2880469336644371	0.15275333260689675	0.21057503155868867
0.26148610001068506	0.07505396193513084	0.28528416265571893	0.15963102424220196	0.21854475115626293
0.27209106540239675	0.07195091220039701	0.285957624452499	0.15829630323742933	0.21170409470727766
0.2629917067937396	0.07262849739609942	0.2920791444107813	0.16206785373950727	0.2102327976598721
0.26619825836329275	0.07665305540998245	0.2893343774589199	0.15403700277094554	0.21377730599685915
0.255655308917849	0.0741049388036353	0.2899223949311076	0.1656897202440143	0.21462763710339355
0.25781444906440576	0.07644568059762329	0.28813693419115904	0.16366282818587363	0.213940107960938
0.26293147972249786	0.07422245245541562	0.28882427551288786	0.15960113112193378	0.21442066118726466
0.27124696216289407	0.07328137198221255	0.2879781221097535	0.15218969106194838	0.21530385268319127
0.26140714808889587	0.07313239812692321	0.2852438101157722	0.16955125608072133	0.21066538758768713
0.25792589625746165	0.06800899450330411	0.2925185618775935	0.17064350379649554	0.2109030435651449
0.2629421665081247	0.07774092372385129	0.290533238863571	0.15114735972232068	0.2176363111821321
0.25733964821309585	0.07241898971838068	0.2922001359823604	0.16152488941944287	0.21651633666671996
0.2668271618109624	0.06843893807987647	0.2857432871809332	0.16320815015816728	0.21578246277006036
0.26870749698804597	0.06743163899149701	0.289441753870638	0.1636645927679025	0.21075451738191625
0.254939230566483	0.07148077605713898	0.2858252008977853	0.1744692015464036	0.21328559093218888
0.2562314379758131	0.06726241541204561	0.28937689568703917	0.1718129043572516	0.21531634656785026
0.26834122945873257	0.0713546544434343	0.2904755452978499	0.15969674876777798	0.210131822032205
0.25960416932938585	0.06847264063971112	0.2867435894554613	0.17394482280794996	0.21123477776749155
0.25851768689730165	0.07758286819042978	0.29092873863157037	0.15501506997356868	0.21795563630712922
0.25462919907529374	0.07708238247318266	0.2889457359704428	0.16462783809886397	0.21471484438221658
0.2626631898144521	0.06686843106439666	0.2854698076001535	0.17475652700990874	0.21024204451108874
0.2580145794708773	0.07407421488868929	0.2866482643132535	0.17082275997312324	0.21044018135405637
0.2646859581653496	0.07481216655991982	0.2878547726251578	0.1559838624354627	0.21666324021410982
0.2683173395621404	0.06603509546453232	0.2900353149638891	0.15885384618261636	0.21675840382682157
0.2668069433235428	0.07042203050327003	0.28884066026084054	0.16252766675664415	0.21140269915570223
0.26735839167386766	0.06702898205882704	0.29058965750042703	0.15839549193469005	0.21662747683218797
0.2645901099734161	0.06868951191407047	0.28729365588849454	0.16418096068402854	0.21524576153999012
0.2692966588266259	0.07569516634244293	0.2879533325180374	0.15590003124786417	0.21115481106502934
0.2545092209161685	0.07763292195592872	0.287877948013167	0.16175146602794543	0.21822844308679007
0.2568799442574078	0.07202515153063793	0.2860092548694684	0.1693665156691137	0.21571913367337195
0.2686928073801325	0.07337210241852565	0.28557914163676645	0.15369352321673768	0.2186624253478374
0.26741027638914217	0.0764982163621449	0.2880798612575191	0.15168035911956418	0.21633128687162936
0.2698000346587839	0.076175752394136	0.28748003763770913	0.15605102616775104	0.21049314914161965
0.25589086425177504	0.06991362698261888	0.28695491769232345	0.1692738725113093	0.21796671856197306
0.2602989829919725	0.066708457302498	0.2875035565324439	0.17389396886760825	0.2115950343054771
0.26995551050321265	0.06694940510467456	0.2897354958013749	0.1600759309917299	0.21328365759900764
0.25610997098135047	0.07316473794241016	0.2885243721508878	0.16889982490945876	0.2133010940158925
0.25796610903210004	0.07486589148714981	0.2869889218127057	0.16969512245767043	0.21048395521037375
0.26516306961869196	0.07068663213440904	0.2871152102043261	0.16487427380655253	0.21216081423602007
0.26246369582772744	0.0672897661908981	0.2866881734947587	0.17280972411758339	0.2107486403690321
0.2549081940705197	0.07008959382653071	0.2902126559203281	0.1722682546176596	0.21252130156496168
0.2529417813898833	0.07231531393168508	0.2896299223373394	0.1696886308509211	0.21542435149017083
0.2703750741578682	0.0734867352424961	0.2908419221118393	0.15163912278534697	0.21365714570244917
0.25343149368245055	0.0661803912798963	0.2925806004200489	0.17195217709424124	0.21585533752336272
0.2599672589758331	0.0708660798861066	0.29226642491550064	0.1616925557592316	0.2152076804633278
0.2533786356683174	0.07589458813772121	0.2853529670092053	0.1719558345903816	0.21341797459437417
0.2716978759158952	0.06725537296970618	0.28907775996977614	0.15460819306447995	0.21736079808014225
0.255297201846517	0.06965005413996198	0.2904590483555081	0.16886144256547667	0.21573225309253602
0.2604973104402517	0.07722148258556127	0.2880659286150167	0.16058549337982303	0.21362978497934706
0.2664718177802886	0.06856417951243926	0.28496220441259684	0.16386196256544047	0.21613983572923456
0.27055571720834737	0.07283887126331862	0.2885670169276559	0.1525337110088932	0.21550468359178468
0.25936134047891185	0.07670014693304679	0.28794157961938527	0.16119255209229508	0.21480438087636072
0.255965849758962	0.07067117523312955	0.2894541368282253	0.17042510320102738	0.21348373497865544
0.2643041924614952	0.07245223877995455	0.2914892411006459	0.1593299805560545	0.2124243471018496
0.271199458158624	0.06644217863346849	0.2890279262835208	0.1605140348764224	0.21281640204796395
0.2662330686803528	0.07025223230199679	0.2871873441203022	0.15800880180719115	0.2183185530901568
0.2532072126572473	0.0780563620980017	0.2913516099446725	0.16073065847476242	0.2166541568253158
0.2620488460606663	0.07616484307562474	0.28587924963989964	0.16052287112068206	0.21538419010312704
0.2700673958175394	0.07719177822890744	0.28903960637182674	0.1531711025513909	0.21053011703033522
0.26698131078302645	0.0658891480713169	0.2868955769816816	0.16176754416206143	0.21846642000191335
0.2651599190291421	0.06731086292083535	0.2867307142592385	0.1701810729917528	0.21061743079903095
0.25769567436017465	0.07750712384104501	0.2918020526555391	0.15938052115867485	0.21361462798456618
0.2618940938812055	0.07571199387942323	0.2866179689595413	0.15773510727596907	0.2180408360038607
0.26457190225888527	0.06829784721064844	0.28899364600297384	0.16738145864258183	0.21075514588491037
0.26010724914689454	0.06860945044068126	0.2914327583287804	0.16615639856249922	0.21369414352114435
0.26589705966811705	0.07723573294258843	0.2855590803060579	0.15721236627668103	0.21409576080655526
0.255324763862198	0.0747095074230448	0.2894467280997083	0.1666778523765867	0.21384114823846195
0.2524822210602915	0.07393972626706219	0.2922245366297377	0.1670043397933581	0.21434917624955024
0.2683927860036203	0.07166486028842686	0.2903540935242682	0.1545187565847769	0.21506950359890742
0.27179604384929973	0.07216406956879703	0.2914462351280096	0.15419172534550216	0.21040192610839123
0.2591848310095453	0.07175454978775891	0.28773632958056594	0.16782806377285925	0.2134962258492703
0.2670169879170054	0.07430954712855473	0.2919076504288892	0.15169372085245428	0.21507209367309607
0.26097523014183366	0.07318484172845374	0.2861772010116204	0.1667157307911483	0.21294699632694367
0.25707775548626466	0.07758397172620048	0.28735748369198255	0.15968879127751068	0.21829199781804137
0.2624875381959111	0.07208766310137654	0.28822831356573075	0.16064125711063054	0.2165552280263508
0.26281109255590485	0.07250790211597624	0.2874592842508974	0.15857307412976293	0.21864864694745828
0.2533230285735036	0.0775357678593707	0.28520772790542553	0.17017660753784458	0.21375686812385533
0.26132938003291073	0.07260493238959492	0.2918584457060616	0.15735415971258152	0.21685308215885096
0.26489706826931125	0.07230161962410966	0.28978595178481226	0.16041161065195317	0.21260374966981335
0.257623293258499	0.07794628641376936	0.28817528290837263	0.1616037253221662	0.2146514120971926
0.2699246302217735	0.07023245116508628	0.2907399261687112	0.15747931204341825	0.21162368040101054
0.26606492608605087	0.07542004414569657	0.28903035982621594	0.156792260943819	0.21269240899821737
0.2584438921253206	0.07748929663176454	0.2926561640449307	0.16017609121488535	0.2112345559830985
0.2571835024162988	0.06678880540393861	0.29038299647953564	0.17181947354850366	0.21382522215172306
0.2694965218700242	0.075942347960256	0.2853635114809723	0.15301689437271973	0.21618072431602756
0.25473933779439994	0.07045638762531242	0.2903263660509763	0.1713987259964666	0.2130791825328445
0.2603453095969598	0.06991495448745702	0.29242584257137305	0.1584609112293016	0.21885298211490833
0.25175191344127124	0.07045950129163198	0.2891095199987056	0.1715674764080836	0.21711158886030738
0.26930960512344204	0.07018276236461729	0.28594709638905685	0.15870392833032215	0.21585660779256144
0.2617187499708792	0.06961551584219183	0.2911590695764538	0.1609405923487651	0.21656607226170982
0.2565390442078475	0.06940864884499623	0.28967151207168995	0.1666610035475844	0.2177197913278816
0.26545750293605264	0.07635165128451525	0.28665969368135114	0.15479485950327818	0.21673629259480257
0.2540554047500099	0.06772297573269173	0.28913937275330803	0.17084341003069495	0.21823883673329508
0.265597244320782	0.0763270344158574	0.28782999035156503	0.15164685135950373	0.21859887955229151
0.2713182127355095	0.07195731008078624	0.2891610771000449	0.15633690368236525	0.21122649640129376
0.2713439218403332	0.07723542637743772	0.28902492099574767	0.15254949974839505	0.20984623103808608
0.2694287285127773	0.07772950519210227	0.289396897035089	0.1533517362401382	0.210093133019893
0.2711683320449757	0.06819943458449806	0.2898127959252015	0.15745074457454836	0.2133686928707761
0.269677809560466	0.07050842253778233	0.2905575210621795	0.15716172399152467	0.2120945228480472
0.25905989654037576	0.07155549760348032	0.2853067426817623	0.16874496462682342	0.2153328985475579
0.2567308266291694	0.06767146219560052	0.2915650386542741	0.17407924117549065	0.20995343134546512
0.25570608110058235	0.07433592295688579	0.2876573019332081	0.17012410135687386	0.21217659265244962
0.2537053870830759	0.07366376216973242	0.28953058995829584	0.17311766773074735	0.2099825930581483
0.2569166039339874	0.06933775893224378	0.289379735420536	0.170267088773848	0.2140988129393845
0.25257559281507513	0.07484081394820605	0.2918574925232235	0.16734214520033658	0.21338395551315847
0.26962411753653825	0.07041560962499044	0.2853460482110249	0.1603237754646809	0.21429044916276524
0.26027430797387685	0.07622319158394253	0.2897565838498829	0.15971191170194773	0.2140340048903498
0.2717183038420693	0.06611632254039376	0.28740041909152997	0.16408865198462336	0.2106763025413834
0.2679910878892139	0.06649351428749992	0.2864901692752113	0.16854811308950468	0.21047711545856995
0.2655765895521839	0.06661420434024085	0.2882439185733222	0.16123946289125404	0.2183258246429988
0.260399461497367	0.07218144451364344	0.29190059352232645	0.16318842758562713	0.21233007288103575
0.2642117649969885	0.06998950044581573	0.28792672564721855	0.1655408327107924	0.2123311761991845
0.25313452777202966	0.07638753984788668	0.2856567149962994	0.17162063278306766	0.21320058460071636
0.2660414169094113	0.07704395038223565	0.2862067480312575	0.15438564504446062	0.2163222396326347
0.2664469542603508	0.07821171330068777	0.28497877533323807	0.16048528947762206	0.20987726762810105
0.25234115271115126	0.07008932838375143	0.28569109709208484	0.17320983288820077	0.21866858892481145
0.26055780896085845	0.07569120473994931	0.2923522465122189	0.1576239412726239	0.2137747985143492
0.25563563744245604	0.07214920002468572	0.29258208286902326	0.1666222591385909	0.21301082052524378
0.2574023384559929	0.06690277848951157	0.2878619902037105	0.17225010660353868	0.21558278624724603
0.2583426267899698	0.07407237257741642	0.291188830721377	0.1654542968014991	0.2109418731097374
0.25205913794314355	0.070823215194901	0.2901124831580918	0.17219288368369093	0.21481228002017252
0.25880003891054343	0.07831429179007228	0.28709163220879985	0.16466789195404782	0.21112614513653635
0.2560728242584119	0.07764474241192323	0.2914994857002433	0.1561379779452924	0.21864496968412891
0.25939249313672424	0.06921780899743865	0.2898045933245805	0.16947062004394203	0.21211448449731432
0.2617824845338774	0.07795234817899248	0.29223063267886595	0.15204003652294074	0.21599449808532312
0.25441371171505067	0.07677311393060181	0.2921420624079294	0.15743555159468312	0.21923556035173475
0.265938208306736	0.07312795816657963	0.2881169754139831	0.15891548600144817	0.21390137211125282
0.2640045816583647	0.0671456075352066	0.28981910073662187	0.1689786591914283	0.21005205087837825
0.2529571975824007	0.06944714127292945	0.2926973049119572	0.1666728648883905	0.2182254913443219
0.2563452700028006	0.07540709276200963	0.2887515630261146	0.16083682343734632	0.21865925077172854
0.25692276826584076	0.07804953974562352	0.2868620033550348	0.1645991396667179	0.21356654896678273
0.2618071041560102	0.07067409152640819	0.2923421994997293	0.16417814250431287	0.2109984623135392
0.27088666090653635	0.07033423733934158	0.2885696491727203	0.15860832727238702	0.21160112530901448
0.26534780756351894	0.07055118340424602	0.288182409900032	0.16195314924663584	0.2139654498855669
0.26463860362880354	0.06660568139511167	0.28598321527239656	0.16657527138250067	0.21619722832118726
0.2672709821894713	0.07578285122679475	0.28716178499894374	0.15673809709510395	0.21304628448968596
