0.17716539854973729	0.2729813811969478	0.5498532202533151
0.1796742723900822	0.26852609962263707	0.5517996279872808
0.18181787753554096	0.26861450703727957	0.5495676154271796
0.17791516758372358	0.2693961418562291	0.5526886905600474
0.18069705458456511	0.27474771028792433	0.5445552351275107
0.1815240185490392	0.26954797361906646	0.5489280078318944
0.18075349036632507	0.271196409690039	0.548050099943636
0.18060072122145096	0.2742800060310341	0.545119272747515
0.17946773813795366	0.26918418058011284	0.5513480812819337
0.18116199363011465	0.2724409028076309	0.5463971035622546
0.17932349792178937	0.2687867134885761	0.5518897885896347
0.18197212328417922	0.2706854634122153	0.5473424133036057
0.18072997074475763	0.26903043136651883	0.5502395978887236
0.17712426236753817	0.27274625797211804	0.5501294796603439
0.17990844701466133	0.2744316941078589	0.5456598588774799
0.1812198502903886	0.27005766441820367	0.5487224852914079
0.17885451748452966	0.27501804736881064	0.5461274351466598
0.1790849257369019	0.2717737629005576	0.5491413113625406
0.1801890301162982	0.26816748462448986	0.551643485259212
0.17696607538472056	0.2725654807429132	0.5504684438723664
0.18105690161058977	0.27205999051841523	0.546883107870995
0.17821647487312667	0.2714497749606875	0.550333750166186
0.18139841476344812	0.2731239073370664	0.5454776778994856
0.1765656323218809	0.27270601782098913	0.55072834985713
0.17955837901746444	0.2743103251705531	0.5461312958119826
0.17988781827232345	0.2720093089274929	0.5481028728001838
0.1809184719479266	0.2680067048992236	0.5510748231528498
0.17946568442783414	0.26808083217622203	0.552453483395944
0.18292246674092316	0.2711567550366728	0.5459207782224041
0.1785517165303987	0.2688024990517677	0.5526457844178336
0.18129683451134113	0.269871446475281	0.548831719013378
0.18154690945235413	0.2718556471312097	0.5465974434164362
0.17640026916351492	0.27458799329791633	0.5490117375385688
0.17950425411350548	0.2693671092141441	0.5511286366723505
0.18056817894872598	0.26979986909270337	0.5496319519585707
0.18029890585346106	0.27470385287221727	0.5449972412743218
0.18051530049599634	0.2681651155630742	0.5513195839409295
0.18299502902910014	0.27098963825054273	0.5460153327203573
0.17865432754114394	0.26989856615351016	0.551447106305346
0.18104291796513722	0.2696909610894376	0.5492661209454253
0.17969046495561525	0.2707033103415036	0.5496062247028812
0.18291162943505349	0.2693600407166574	0.5477283298482892
0.18269742245286968	0.27182375211184595	0.5454788254352845
0.18002822795567505	0.2697158252435838	0.5502559468007413
0.17912181998092647	0.27357543762421094	0.5473027423948627
0.17799666307663406	0.2717846680554713	0.5502186688678947
0.17820490249183654	0.27268228459931165	0.5491128129088519
0.179489937802898	0.27173067836729453	0.5487793838298076
0.18256265363026916	0.27088007840224976	0.5465572679674813
0.1768356541263134	0.27117304147632265	0.5519913043973641
0.17933786024676118	0.2710961919494546	0.5495659478037843
0.1794868696211337	0.2705989393425901	0.5499141910362764
0.17881260788289466	0.2696457552364904	0.5515416368806151
0.17984487153343398	0.2721677690222926	0.5479873594442736
0.17783091408745788	0.27241868940720626	0.549750396505336
0.1787589635807775	0.27390877456242646	0.5473322618567962
0.18112093900405948	0.2705575210962338	0.5483215398997068
0.18087619593275156	0.26969954426470966	0.549424259802539
0.17819242254157372	0.2725021203107361	0.5493054571476903
0.1821075036823176	0.2700415755998839	0.5478509207177986
0.18003232350653509	0.27253355519818495	0.54743412129528
0.17726315141698434	0.27487735571380695	0.5478594928692089
0.17960820729437915	0.26964738459669707	0.5507444081089239
0.1811487066385941	0.2699460759896784	0.5489052173717276
0.1816134644665398	0.27303309459039754	0.5453534409430627
0.18307643832967652	0.268827268607481	0.5480962930628426
0.17844623076631794	0.2697267784354028	0.5518269907982793
0.17634460674828448	0.2749403474216191	0.5487150458300966
0.18053142425192484	0.26780271370917863	0.5516658620388966
0.1817667071614001	0.27171827217347516	0.5465150206651248
0.17919133921182767	0.26924552808965874	0.5515631326985136
0.17635664529433032	0.27458025333520464	0.5490631013704652
0.18093401948907128	0.27109261220015585	0.5479733683107729
0.18313755455166833	0.26862560375339595	0.5482368416949359
0.179817569316432	0.27330750693494266	0.5468749237486255
0.18151557264261892	0.27177467117659193	0.5467097561807892
0.18251564805317622	0.2711369586277548	0.5463473933190692
0.1816513998257406	0.27057561727174495	0.5477729829025146
0.18196007298695507	0.2683644436536905	0.5496754833593546
0.1798922706215026	0.26835735340313216	0.5517503759753654
0.18022728702877883	0.27231953841221207	0.5474531745590092
0.17889804036286786	0.27458474639694924	0.546517213240183
0.1792077146524896	0.26870880540574194	0.5520834799417687
0.17842895523901645	0.2742007411423415	0.5473703036186421
0.17781454914609554	0.27050007422193434	0.5516853766319703
0.1808898436544421	0.2745324846734813	0.5445776716720767
0.18276418507931844	0.2682030444201855	0.5490327705004961
0.1771320269940968	0.2732118367780506	0.5496561362278527
0.17852777892751767	0.2727424004241704	0.548729820648312
0.18152252582954803	0.2691563894541557	0.5493210847162964
0.17987372714313182	0.27314551698502876	0.5469807558718396
0.18193743349381533	0.27301164714788595	0.5450509193582989
0.18135467993021875	0.2699627797368448	0.5486825403329365
0.18156921191144343	0.2718527363275297	0.546578051761027
0.18052225972444524	0.27209263063130634	0.5473851096442485
0.18211377364546863	0.27079442819442784	0.5470917981601037
0.18130554962891232	0.26917855179072336	0.5495158985803644
0.18250018048116964	0.2677662840626334	0.5497335354561971
0.1800481494234509	0.271124675305103	0.5488271752714462
0.17968427701409734	0.2721530386769794	0.5481626843089235
0.1779136501009177	0.2737464870782739	0.5483398628208085
0.18047453788755413	0.2744501027182908	0.5450753593941552
0.17913186604037004	0.27167677819297975	0.5491913557666503
0.18198898963691604	0.2683155539495323	0.5496954564135518
0.180005366223047	0.27331458362029754	0.5466800501566556
0.18029308490282833	0.27207888183941803	0.5476280332577538
0.1807134465005406	0.2711918006761415	0.548094752823318
0.18073722316262514	0.268773895173937	0.5504888816634379
0.18219378741294995	0.27243765670629144	0.5453685558807587
0.1824553451238548	0.27126148357620955	0.5462831712999358
0.18036685992350107	0.2739052236558448	0.5457279164206542
0.1810360712351518	0.27214577845732263	0.5468181503075257
0.18196068193007786	0.271480650809835	0.5465586672600872
0.17896488450888473	0.2700810728713207	0.5509540426197946
0.17721278310233385	0.2714277341315971	0.5513594827660692
0.17830129599569283	0.2710909388032402	0.5506077652010671
0.17909161183592395	0.27123886050048296	0.5496695276635932
0.18015422606181394	0.26968855547027526	0.5501572184679109
0.17821355662316682	0.2729199964555486	0.5488664469212847
0.17856999502623894	0.2749966328925892	0.546433372081172
0.17981253144623638	0.27444268472908345	0.5457447838246803
0.17833038528714912	0.26996086747871784	0.5517087472341332
0.17822005133412416	0.2744145543618437	0.5473653943040323
0.17859451010441454	0.26963388177016856	0.5517716081254169
0.17716818366576065	0.27042876022147755	0.552403056112762
0.17753613311994842	0.27358318516388375	0.548880681716168
0.1794694964918865	0.27431279106715223	0.5462177124409614
0.18150802058843438	0.27270283125247147	0.5457891481590942
0.17789788186712177	0.27415084037784637	0.5479512777550319
0.18253425100681978	0.2708434487804602	0.5466223002127202
0.17715771838461472	0.27255936276350873	0.5502829188518767
0.1768691464183307	0.2710256992755401	0.5521051543061293
0.18279594712279063	0.2708342244104191	0.5463698284667904
0.18122858793634417	0.2702650972039783	0.5485063148596777
0.1805704653696965	0.2727161429853583	0.5467133916449454
0.18154982639347098	0.2717647699370436	0.5466854036694855
0.18065975765410794	0.26946144983966236	0.5498787925062298
0.18277392611036727	0.27208070796280903	0.5451453659268238
0.18296794551284937	0.2708374393957931	0.5461946150913577
0.17636982086187825	0.27314650877806057	0.5504836703600613
0.18186603145010738	0.2735948456961175	0.5445391228537753
0.18270174211066964	0.26870873773843573	0.5485895201508948
0.17969606051989384	0.2693311156768391	0.5509728238032672
0.17790431381346122	0.27473762308144306	0.5473580631050958
0.1768437615826507	0.2734030868285828	0.5497531515887666
0.18100754327949894	0.26974611985940916	0.549246336861092
0.1797419950085672	0.2732050785172383	0.5470529264741947
0.17791354433729098	0.2707037633140058	0.5513826923487033
0.17988043219956795	0.27236679014643705	0.5477527776539951
0.18066339042733257	0.2718053651374688	0.5475312444351987
0.18098207484061962	0.27114840803463885	0.5478695171247416
0.17968210007499427	0.2720729719291374	0.5482449279958685
0.17907414649397554	0.270467100607827	0.5504587528981976
0.17860132285169567	0.27148471236666	0.5499139647816444
0.1794269293987453	0.268378661738064	0.5521944088631907
0.181877357891951	0.2695498034304106	0.5485728386776385
0.1811368919422372	0.2684248710623085	0.5504382369954544
0.17807611047480051	0.27342374489609517	0.5485001446291045
0.17852104181600614	0.27050265532347706	0.5509763028605169
0.17885796020270045	0.27269212721947617	0.5484499125778235
0.17842383718841037	0.2706113910888832	0.5509647717227065
0.18219291008263247	0.26901895774179607	0.5487881321755717
0.1828846182755781	0.26819068077273195	0.5489247009516901
0.18144064032122995	0.27393571586383053	0.5446236438149397
0.17869302323440148	0.268952523838885	0.5523544529267136
0.17888156089255144	0.2738307296023182	0.5472877095051305
0.178329155274969	0.2745938068055801	0.5470770379194511
0.18035060212078352	0.27434753757349095	0.5453018603057256
0.1793297605500232	0.27400162880313417	0.5466686106468427
0.17725806320749976	0.27369535368855846	0.5490465831039419
0.18057046081507946	0.2711902467412129	0.5482392924437077
0.17783143915618832	0.27143269783622453	0.5507358630075873
0.18006944848447415	0.2707403975360821	0.5491901539794439
0.17976166241795666	0.2728335478818365	0.547404789700207
0.1811369133378828	0.2679033880100419	0.5509596986520754
0.18024028616365098	0.2713584323367756	0.5484012814995736
0.18130415907023395	0.26802346756365225	0.5506723733661139
0.17852848660956727	0.26919730104695233	0.5522742123434805
0.1804402498368907	0.269365153571807	0.5501945965913024
0.18311474543470865	0.26787545015457426	0.5490098044107172
0.18269983911465065	0.27029518254902396	0.5470049783363256
0.17986740166031726	0.2710991678969154	0.5490334304427674
0.18105210098488592	0.2699376733414819	0.5490102256736323
0.1764497196129756	0.2749157991280925	0.548634481258932
0.17857272055354126	0.26958399554075174	0.551843283905707
0.17938139063751993	0.269184993705294	0.5514336156571862
0.18082995427430784	0.2696351160376448	0.5495349296880474
0.17865757840649077	0.2715405149206511	0.5498019066728582
0.18316842188956345	0.2700350183421749	0.5467965597682618
0.1823805807030393	0.2728289483316838	0.544790470965277
0.17663791394967765	0.2717856117708926	0.5515764742794298
0.18138538269640972	0.27101955147019186	0.5475950658333986
0.18185791049149674	0.2710431950388823	0.5470988944696211
0.17905006572715637	0.26943758898310644	0.5515123452897372
0.17738156710314495	0.2735360552634269	0.5490823776334283
0.17640759760020996	0.27360341146181244	0.5499889909379777
0.18334973914605518	0.26815489032226486	0.5484953705316801
0.18164013166539025	0.27360528136871176	0.5447545869658981
0.18198612420920351	0.2712219763376341	0.5467918994531625
0.17748584559816744	0.27005107187203786	0.5524630825297948
0.1825147300711298	0.26783356003020276	0.5496517098986675
0.18252141859195795	0.26875901593145	0.5487195654765922
0.17733644856304792	0.27039540783667315	0.5522681436002791
0.17928121776773007	0.2708483901938463	0.5498703920384238
0.18014457733915387	0.2678811484032672	0.551974274257579
0.1792529436720769	0.2706444850425974	0.5501025712853258
0.18205422976396538	0.2688441448049773	0.5491016254310574
0.1766449147333786	0.27254110367534	0.5508139815912815
0.18263970352503253	0.2708652904729689	0.5464950060019986
0.18103212772931607	0.2707144691360975	0.5482534031345866
0.17779979798350673	0.2716527660750123	0.550547435941481
0.1822786149049684	0.26793263475083284	0.5497887503441989
0.17994843346449454	0.2696888125646978	0.5503627539708078
0.18101180816481233	0.26862179728410945	0.5503663945510784
0.18109551084852638	0.27008762726575813	0.5488168618857157
0.1800502036429387	0.27504809019811716	0.5449017061589443
0.1806397921604993	0.2702939958668103	0.5490662119726906
0.17708291071442697	0.27032507554513296	0.5525920137404402
0.17913160007880702	0.27331485111328374	0.5475535488079093
0.18231648513411164	0.2691607316952882	0.5485227831706002
0.17871797736268866	0.2702634493376352	0.5510185732996763
0.1815294163981292	0.27019383319359114	0.5482767504082797
0.18246588371147507	0.2714380436072842	0.5460960726812408
0.178697664500522	0.2747261371145716	0.5465761983849066
0.1814706846814874	0.2710620291986615	0.5474672861198512
0.18135638649900207	0.2700423518972526	0.5486012616037454
0.18058340269054446	0.27412479464726075	0.5452918026621949
0.18279179126715886	0.2681329731429479	0.5490752355898934
0.17883998202271434	0.2714334643623483	0.5497265536149376
0.18015748351515246	0.27481128809983585	0.5450312283850118
0.18015959201865014	0.27386816403694214	0.5459722439444078
0.17883274758269868	0.27291937947199274	0.5482478729453087
0.18330068881689854	0.27129789407396676	0.5454014171091348
0.18348505838101856	0.2687820962764375	0.5477328453425441
0.1774841729027774	0.2740171909069465	0.5484986361902762
0.1800473650056031	0.27190644077496473	0.5480461942194323
0.18254389799759552	0.26823022773486876	0.5492258742675358
0.18066267687236406	0.27473136000214854	0.5446059631254876
0.17892399077830834	0.27441132417249725	0.5466646850491945
0.18131690395377809	0.2723566867443262	0.5463264093018958
0.1812293225318925	0.2699797879907622	0.5487908894773454
0.17725252693405064	0.2724212152885831	0.5503262577773663
0.18077019287635582	0.2742503092962103	0.544979497827434
0.1821268318120549	0.27132112490045446	0.5465520432874909
0.18312159901292682	0.26872538446167615	0.5481530165253972
0.17675473128852193	0.2716977836713674	0.5515474850401108
0.17788418396340439	0.2718112214717847	0.5503045945648111
0.17918602194235697	0.26937060278608926	0.5514433752715538
0.180689840785744	0.2696361644049937	0.5496739948092624
0.1772253861359811	0.2735410653155141	0.5492335485485049
0.18166718576448107	0.27205700802188193	0.5462758062136371
0.1775397604674658	0.2740035590446981	0.5484566804878361
0.18333990531901412	0.26947080688962155	0.5471892877913644
0.18306880215545038	0.27170678761473954	0.5452244102298103
0.17927575321094108	0.270286398629148	0.550437848159911
0.17670679376908816	0.27332144136546443	0.5499717648654475
0.18299524892923816	0.27227881515719216	0.5447259359135698
0.18172848856997026	0.269029749990531	0.5492417614394989
0.17793308918462372	0.27410921814122713	0.5479576926741493
0.17866226548916606	0.2722938257167308	0.5490439087941033
0.181062449052275	0.26948614519392206	0.5494514057538031
0.17737845830061486	0.2723596838149377	0.5502618578844476
0.17970841181629446	0.2735264034223328	0.5467651847613728
0.17740731419694666	0.27023618454068876	0.5523565012623647
0.17875889757045685	0.273360184822294	0.5478809176072493
0.17786799982070992	0.27195351455216565	0.5501784856271246
0.17839556461112885	0.27374358870050064	0.5478608466883707
0.17997947000426218	0.26974267529264734	0.5502778547030907
0.17964891400654762	0.2743303819971299	0.5460207039963225
0.18068655067352682	0.2690543303474034	0.55025911897907
0.18247600643537662	0.26951164345130424	0.5480123501133193
0.179048128851495	0.27224996759669823	0.5487019035518069
0.18324373172234118	0.27213541224897614	0.5446208560286828
0.1803501694335639	0.2740035130340862	0.54564631753235
0.18120768215439897	0.2714652969337374	0.5473270209118638
0.1818588118792907	0.2728270452578051	0.5453141428629042
0.18137692702676797	0.26985765920089744	0.5487654137723347
0.17886409032883843	0.27072786083795375	0.5504080488332079
0.1794308784090975	0.2704331762801663	0.5501359453107364
0.18282891053402683	0.2717873785663806	0.5453837108995927
0.1804079683819312	0.2748796662139124	0.5447123654041565
0.1785385593315622	0.2696427753993188	0.551818665269119
0.181129917805837	0.26895163085806495	0.5499184513360982
0.18200706839493103	0.2719857715657768	0.5460071600392923
0.18213682809966947	0.2725162184407506	0.5453469534595801
0.1781838862317835	0.2711759695273202	0.5506401442408964
0.1798256838977167	0.2739433017055849	0.5462310143966985
0.1827765781312544	0.2722258959567093	0.5449975259120364
0.17825804063567746	0.26931360482737887	0.5524283545369437
0.18004318690495832	0.2678278039648516	0.5521290091301901
0.1819199982084131	0.2711205178954479	0.5469594838961391
0.17780887316965166	0.2701457045378005	0.5520454222925479
0.17802774355795442	0.2731235482624458	0.5488487081795999
0.17856513545619765	0.271304178435287	0.5501306861085155
0.1780913948739899	0.26943408351302023	0.55247452161299
0.17781128343909328	0.27084633289041304	0.5513423836704938
0.1773807870518518	0.27423639236584846	0.5483828205822998
0.18127606006246427	0.273062386817978	0.5456615531195578
0.18051032846322995	0.26866640168101885	0.5508232698557514
0.1818829495593273	0.2697211665110557	0.5483958839296171
0.17990819746487832	0.2717163704550037	0.5483754320801181
0.18090036927249714	0.2743303192414366	0.5447693114860663
0.18231282701487334	0.2715630240656047	0.5461241489195221
0.1765047115116985	0.2740376791191142	0.5494576093691874
0.18314973303643442	0.26972243749695113	0.5471278294666146
0.18344937681065693	0.2690462695176134	0.5475043536717298
0.18094175587364128	0.26800804303671	0.5510502010896489
0.18255290075078678	0.2703305816456158	0.5471165176035976
0.17859662597946055	0.27371930393194166	0.5476840700885979
0.17690470996803367	0.2747246295269907	0.5483706605049757
0.17919143612786997	0.26901085392384816	0.551797709948282
0.18266212500390075	0.27123946407475363	0.5460984109213457
0.17654470326152805	0.2746919315399903	0.5487633651984818
0.17895960360434107	0.2748184093913896	0.5462219870042695
0.1778274175255126	0.2713572232186556	0.550815359255832
0.18198718771377034	0.26878049096097234	0.5492323213252575
0.18236646704319703	0.27003695237971004	0.547596580577093
0.18292942402162485	0.2707437908658406	0.5463267851125346
0.17978144340505	0.26918776832308505	0.551030788271865
0.18303988551168016	0.2721497266106909	0.544810387877629
0.17864821074534504	0.27505724545388077	0.5462945438007744
0.1764481981522472	0.2712740993999065	0.5522777024478465
0.17891089417847142	0.2713652596019582	0.5497238462195705
0.18124236910611305	0.271928099969441	0.5468295309244461
0.17954447009801675	0.27221088595844517	0.5482446439435382
0.1772249827884501	0.273368908407912	0.549406108803638
0.17992289916349652	0.2743511489856595	0.5457259518508442
0.17734857932957737	0.2721578899580013	0.5504935307124215
0.1820234487769649	0.26832285805161094	0.5496536931714242
0.18099746069503156	0.268556324463452	0.5504462148415166
0.17715207929444793	0.27138754780771535	0.5514603728978368
0.17796011110856033	0.2704421252843269	0.551597763607113
0.17967884289758856	0.26986425612270015	0.5504569009797113
0.17670691305366998	0.2735421407010376	0.5497509462452925
0.18026041068414403	0.2742080713250023	0.5455315179908538
0.18176494821418743	0.2711183565925489	0.5471166951932638
0.17740827633450215	0.2700142045978475	0.5525775190676505
0.17996609507105837	0.2711558439770985	0.5488780609518432
0.1831601459206893	0.2699438867024274	0.5468959673768834
0.18112207822866766	0.2696893319844309	0.5491885897869015
0.17919177454807828	0.2702066470916362	0.5506015783602856
0.17985187080455373	0.27121460478335624	0.5489335244120901
0.17744477762852703	0.27185229275864026	0.5507029296128328
0.18191294503401467	0.2729356692082068	0.5451513857577787
0.1809451074595971	0.27029196763422686	0.5487629249061762
0.17905680889145165	0.275002404311687	0.5459407867968615
0.17845886865476435	0.27365014969666407	0.5478909816485716
0.18342795629106745	0.27174217370840004	0.5448298700005326
0.1829120423915568	0.27223133180831005	0.5448566258001333
0.18253819375196953	0.2698888827347352	0.5475729235132955
0.17991835615623805	0.2740067934607107	0.5460748503830514
0.1824567996201244	0.27205529394382455	0.5454879064360512
0.1813959506783709	0.2725310580595348	0.5460729912620944
0.17727573724512313	0.2716492659276632	0.5510749968272137
0.18092422487821677	0.26824342026982323	0.5508323548519601
0.17866642041738745	0.2701797677389497	0.551153811843663
0.1804980631211606	0.2727079144412612	0.5467940224375784
0.17764048832223261	0.2727635353041108	0.5495959763736566
0.1810224024781798	0.27363192549667575	0.5453456720251446
0.1814453650916888	0.268645724934615	0.5499089099736962
0.17953248899885751	0.2717115375883783	0.5487559734127643
0.17672799710540602	0.27375994068786225	0.5495120622067319
0.18130173265773683	0.2722467385856705	0.5464515287565928
0.18014214537872605	0.26775130254113566	0.5521065520801385
0.17782500522959263	0.272556239952559	0.5496187548178485
0.17969510855782558	0.26805806820588385	0.5522468232362907
0.17866365118425773	0.2736185697558007	0.5477177790599418
0.1807424230798936	0.27383005620690193	0.5454275207132045
0.17967269283143317	0.2743580133667416	0.5459692938018254
0.1763613767109968	0.2743875897458875	0.5492510335431158
0.18200671605086613	0.27184385524410415	0.5461494287050299
0.18205336737140307	0.2705835370004927	0.5473630956281044
0.17657523732053482	0.27130173195751955	0.5521230307219458
0.1786777109577661	0.272917726650045	0.548404562392189
0.18322927762690025	0.27170256656753106	0.5450681558055688
0.17676427719631788	0.2742164240795761	0.5490192987241062
0.178687581895353	0.2742382729787348	0.5470741451259122
0.18009686702907432	0.2691227633133831	0.5507803696575427
0.17849909412740447	0.274295439721783	0.5472054661508127
0.17995351350933814	0.2725240571225429	0.5475224293681191
0.1820349908378317	0.2677869548549497	0.5501780543072187
0.1811719597750637	0.2719423142145307	0.5468857260104056
0.17966787377011506	0.26822973801350597	0.5521023882163791
0.180647471509107	0.2690990950429998	0.5502534334478933
0.1781482907310799	0.27307866226654454	0.5487730470023757
0.17948918854638307	0.2694047386512019	0.5511060728024152
0.1811046457694037	0.2715328133517926	0.5473625408788039
0.1825497618797897	0.2700747139807608	0.5473755241394496
0.17997695857494844	0.269188541683406	0.5508344997416457
0.18079468086013797	0.268084857640685	0.5511204614991771
0.17661446009792303	0.27363545478932605	0.549750085112751
0.17919961427440506	0.2744837310841553	0.5463166546414397
0.18066868183122278	0.2731777766418757	0.5461535415269017
0.17925667110295607	0.2745981265119821	0.5461452023850619
0.17635508427304805	0.2713660299867505	0.5522788857402016
0.18165060478769623	0.2710583003977597	0.5472910948145442
0.18212816889266248	0.2678430322961174	0.5500287988112202
0.1828283859939653	0.27023692416272366	0.5469346898433112
0.17981185864384058	0.2722287247429619	0.5479594166131976
0.18222483483522578	0.27096549728195685	0.5468096678828175
0.17972764432248828	0.26813035884555264	0.5521419968319592
0.17889580477788747	0.2698451470609212	0.5512590481611914
0.17796984916496295	0.2725843640384702	0.549445786796567
0.18119740675718424	0.27283062895112487	0.545971964291691
0.17743304087817655	0.2742012081228786	0.548365750998945
0.1806395306022196	0.2741431869112877	0.5452172824864928
0.17771711700172246	0.2744368321929748	0.5478460508053028
0.179154027361026	0.2703497870723314	0.5504961855666427
0.18038044564227573	0.27092883337714035	0.548690720980584
0.17785996247132535	0.27389473342145415	0.5482453041072206
0.18115351258533083	0.2700655505621036	0.5487809368525657
0.18155630792616267	0.268294743351393	0.5501489487224445
0.18080316319714088	0.27285303942805955	0.5463437973747997
0.17905379591482412	0.2708879642732025	0.5500582398119734
0.18005489658288057	0.26878998302629487	0.5511551203908247
0.18229498654772577	0.27264308920183394	0.5450619242504404
0.17941518302131237	0.2730118352536227	0.5475729817250651
0.18012285769423103	0.26840255664550333	0.5514745856602657
0.1827541623706047	0.2724232231199483	0.5448226145094471
0.1802574882607553	0.26975866273974985	0.5499838489994949
0.17738973094119023	0.2726672721434552	0.5499429969153546
0.1801452969794091	0.274006772806922	0.5458479302136691
0.18310874659860601	0.2714405835613369	0.5454506698400572
0.18271365135740963	0.27208394365228616	0.5452024049903044
0.18016376888181357	0.2733776661630893	0.5464585649550973
0.18321931143245304	0.27051955084310236	0.5462611377244447
0.1770482029334764	0.27304323636928035	0.5499085606972434
0.1798005071692176	0.27369922538168523	0.5465002674490973
0.1782993518589475	0.2699270600399097	0.551773588101143
0.18040471601613506	0.27447488585836344	0.5451203981255016
0.17809895906521456	0.2748606531344022	0.5470403878003833
0.17722229601061532	0.2716943833985976	0.5510833205907872
0.18087086857591503	0.2709941225259035	0.5481350088981816
0.18320992823375512	0.2679142486224966	0.5488758231437485
0.18317567968224494	0.2683352194308287	0.5484891008869265
0.1793202375313935	0.2712857668482372	0.5493939956203695
0.17640958890882	0.27303995916392293	0.5505504519272572
0.18208867140065493	0.2689251524159637	0.5489861761833815
0.18126558133034035	0.2724141683170997	0.5463202503525602
0.17826646158236364	0.2713048747752511	0.5504286636423854
0.17769214957479246	0.27040944190177074	0.5518984085234369
0.18313200576282868	0.2690242199751561	0.5478437742620154
0.17720794730164982	0.27127870798171855	0.5515133447166317
0.18250404429542533	0.26825605656370055	0.5492398991408742
0.17807278284655043	0.2725072941744382	0.5494199229790115
0.17978172811981452	0.2728975995625911	0.5473206723175945
0.18086255555355474	0.27282653054483547	0.5463109139016099
0.17848508353120301	0.2705904658502835	0.5509244506185136
0.17742425539905157	0.27196990929301323	0.5506058353079353
0.1823238974872794	0.27141297272592896	0.5462631297867917
0.1790704421185495	0.2743732739601985	0.5465562839212521
0.176701603346017	0.27437057128820247	0.5489278253657807
0.179601344597796	0.26990525388243725	0.5504934015197669
0.18078204789320163	0.2710126373889647	0.5482053147178338
0.179973811787569	0.26907349144861226	0.5509526967638189
0.17917448140202186	0.2725346129213596	0.5482909056766186
0.18126214805018867	0.27200385304074054	0.5467339989090709
0.18088918040914306	0.26883812093436155	0.5502726986564955
0.17749085441206075	0.27252477619367504	0.5499843693942643
0.17964359218148854	0.2735639694194792	0.5467924383990324
0.17864921169366346	0.27351153596477984	0.5478392523415568
0.1774968309839428	0.27211400381321793	0.5503891652028393
0.18138702594413394	0.26963318644137946	0.5489797876144866
0.17927806578998312	0.26904050723854517	0.5516814269714718
0.1784709698400641	0.2705236447102285	0.5510053854497076
0.17809821374592516	0.27101659630181596	0.550885189952259
0.18130245091679992	0.27240441037823493	0.5462931387049652
0.17736560526311015	0.27190179870988845	0.5507325960270015
0.17706280333006855	0.27474990313503383	0.5481872935348977
0.17968232943722487	0.2746754045782202	0.545642265984555
0.1773767197618459	0.2715618244874475	0.5510614557507068
0.1784782132847302	0.26983111086962686	0.551690675845643
0.1797290872602797	0.26825195822002434	0.5520189545196961
0.1806277213368411	0.2685052723875217	0.5508670062756373
0.1791910140032146	0.2722280954782522	0.5485808905185332
0.17898822467356662	0.2718500310789332	0.5491617442475003
0.1816713254762666	0.2697968699419983	0.5485318045817352
0.18116522924724685	0.2681757943108303	0.550658976441923
0.1765869945074969	0.27149792427494435	0.5519150812175588
0.18339220044619686	0.26869665824132416	0.5479111413124791
0.1824955536429477	0.2678428284013913	0.5496616179556612
0.17821314764902924	0.27148140116737507	0.5503054511835959
0.18189182142408172	0.2717484710822333	0.546359707493685
0.18136200482185638	0.2740411007986939	0.5445968943794499
0.1775844840512296	0.2710850046157187	0.5513305113330518
0.18244189219223708	0.2715101190380357	0.5460479887697274
0.182664449745852	0.2704977174594786	0.5468378327946695
0.18143510930967394	0.2734493803414746	0.5451155103488516
0.1799753671423493	0.2744232818033439	0.545601351054307
0.17839513150760242	0.27011856500993536	0.5514863034824623
0.18168920798896027	0.2713666364269229	0.546944155584117
0.17811753642994677	0.27255466044438903	0.5493278031256643
0.17789849185771792	0.27057987990907395	0.5515216282332083
0.18005557268932615	0.2740950052907634	0.5458494220199106
0.17773522362151337	0.27301589091221345	0.5492488854662733
0.1774956736688851	0.2728663206932346	0.5496380056378805
0.18069870745373184	0.27053401766593455	0.5487672748803337
0.1780135236540999	0.2700344067569892	0.5519520695889111
0.1794307392896611	0.2739164347588599	0.5466528259514791
0.18273855101474398	0.2719920536913123	0.5452693952939438
0.17959319029294277	0.27169922961487925	0.5487075800921781
0.18102635424366803	0.27197734790621586	0.5469962978501162
0.17995809062499607	0.2727196978028609	0.5473222115721431
0.18064363366439418	0.2723742310160492	0.5469821353195568
0.17750760573042457	0.271213923475506	0.5512784707940697
0.1807934731172248	0.27289122911753666	0.5463152977652387
0.17736787676793567	0.27294203482804863	0.5496900884040158
0.18211229081688257	0.27016734431676226	0.5477203648663553
0.1786875573596787	0.2686516711934852	0.5526607714468362
0.18306514543973157	0.2706601466753666	0.546274707884902
0.1799282127099598	0.2724811800501424	0.5475906072398979
0.17759180392852175	0.27128358897249805	0.5511246070989803
0.1798871354588174	0.27333108904198455	0.5467817754991982
0.1784492357236851	0.27338227138935506	0.5481684928869599
0.1774421266909464	0.2730734848556629	0.5494843884533909
0.17914289323078525	0.2693636702332306	0.5514934365359843
0.18324827127450888	0.2696506905594654	0.5471010381660258
0.17870236249697075	0.27162507334573993	0.5496725641572895
0.18123973756226153	0.2716306168910493	0.5471296455466894
0.18129211134429332	0.2736951597752404	0.5450127288804665
0.1786592599354343	0.27391823808575194	0.5474225019788139
0.17979254351239604	0.2694412527792784	0.5507662037083257
0.18250460840578211	0.2721056644200781	0.5453897271741399
0.17743344261851837	0.27191684619940976	0.550649711182072
0.17864823234385332	0.27176142018036986	0.5495903474757768
0.1767182606114335	0.27106455568420246	0.5522171837043641
0.18195694822567998	0.26813513960389757	0.5499079121704226
0.1788119662691431	0.27215124837466786	0.5490367853561892
0.18064065938570192	0.27019891921700295	0.5491604213972953
0.1801712109852626	0.27255898051873845	0.547269808495999
0.18168988023590418	0.26809345716601357	0.5502166625980823
0.17718838471400825	0.27040144144754397	0.5524101738384479
0.17872581234817952	0.2738965853689909	0.5473776022828297
0.17904590428207906	0.26898266748437843	0.5519714282335426
0.1828664409397041	0.27155759781544453	0.5455759612448514
0.1813600968644012	0.26962333775142966	0.5490165653841693
0.18072838283038875	0.26866375619338934	0.550607860976222
0.17910547568226576	0.26844084048475836	0.552453683832976
0.18283921388932553	0.2710805837489414	0.5460802023617332
0.18334113278811126	0.2680760349550075	0.5485828322568813
0.1783290595094041	0.2718539215806396	0.5498170189099565
0.18243679857527947	0.2706540723152263	0.5469091291094943
0.17965559259592684	0.27059888027135487	0.5497455271327184
0.1779289365300933	0.27452757932711075	0.5475434841427961
0.18097919255429618	0.26995880287187246	0.5490620045738315
0.17781791687757542	0.27120874643091303	0.5509733366915117
0.17754312306819373	0.2711012138700616	0.5513556630617449
0.17923719429803026	0.27013460559077274	0.5506282001111971
0.18311453021964696	0.2715840276746301	0.5453014421057231
0.18007265025015753	0.2698150114690987	0.5501123382807438
0.1779531023791144	0.27233435312925347	0.5497125444916322
0.1814660003908563	0.2688759702625703	0.5496580293465735
0.17891562355611745	0.27316713192326775	0.5479172445206149
0.18000458709700964	0.27087991153060864	0.5491155013723819
0.17798127612333062	0.27444017582713237	0.5475785480495371
0.17966268349482975	0.2729251156613587	0.5474122008438116
0.18302925050524846	0.2718414492426372	0.5451293002521145
0.17881228806309363	0.27404783967126517	0.5471398722656413
0.17703440951228558	0.27124412127336384	0.5517214692143507
0.18017798312878064	0.27156593584860333	0.5482560810226161
0.179223942139235	0.273813567795959	0.5469624900648061
0.17690441070710947	0.2714021811187913	0.5516934081740994
0.17654564460242927	0.27207696307461476	0.5513773923229561
0.17907584636264312	0.2693573948657303	0.5515667587716266
0.1784945113320669	0.27073326559363253	0.5507722230743006
0.18220079954946283	0.2686279665239548	0.5491712339265825
0.17659401918825163	0.2742343464217147	0.5491716343900338
0.1777895528376848	0.271614347536039	0.5505960996262763
0.1805161272136117	0.27314171937446324	0.5463421534119252
0.17800949973465963	0.2722503488702009	0.5497401513951395
0.17752170171228343	0.27337946883864217	0.5490988294490745
0.17935142625729752	0.271873110574169	0.5487754631685335
0.17748375199569183	0.27458528659224857	0.5479309614120597
0.18124364762951414	0.2733292316072942	0.5454271207631918
0.18142664647163131	0.2690676367335861	0.5495057167947828
0.1771878355296487	0.2732480741564788	0.5495640903138727
0.17820659296849578	0.27116453298707666	0.5506288740444276
0.1811727669986384	0.26928898090331366	0.5495382520980481
0.17809746412909097	0.27262900011284236	0.5492735357580667
0.18295831250852754	0.26837473419165786	0.5486669532998147
0.1800029617298953	0.2689348257070894	0.5510622125630154
0.1826662031520254	0.2692220916994258	0.5481117051485489
0.17860943321101003	0.2686843257047546	0.5527062410842355
0.18181625950328645	0.2716619084510737	0.54652183204564
0.1780012917418596	0.27175334098779835	0.5502453672703421
0.1817936935788844	0.2681850446151691	0.5500212618059466
0.17717302866787454	0.2747739238022576	0.5480530475298679
0.18193236626283546	0.26918485373376644	0.5488827800033982
0.1792163080153539	0.2700813171811145	0.5507023748035318
0.18297796089416507	0.26822038338470644	0.5488016557211286
0.18242318269477031	0.2723351374178006	0.5452416798874292
0.18160621018643064	0.2684274615042206	0.5499663283093489
0.1799193548897194	0.27486760259631243	0.5452130425139683
0.18197620465487369	0.2683828749603519	0.5496409203847745
0.1796241481180823	0.2725483476487872	0.5478275042331306
0.17841647090479326	0.270623609490367	0.5509599196048399
0.17991117453354227	0.2687728679264427	0.5513159575400152
0.18047187675229298	0.26899980740864277	0.5505283158390644
0.17711036510817635	0.2722219720980844	0.5506676627937394
0.18045574623627797	0.2707158895102644	0.5488283642534578
0.18166706627471108	0.26785102994835347	0.5504819037769355
0.17836500302727387	0.27177393579896864	0.5498610611737575
0.18148202652675915	0.2683207530025956	0.5501972204706453
0.1805909093241937	0.27170679893233957	0.5477022917434669
0.18345252373152332	0.2697783201358668	0.54676915613261
0.1799811369090918	0.26953869480249637	0.550480168288412
0.18251782533850378	0.27024849069427564	0.5472336839672207
0.18201548174661647	0.2689400576941032	0.5490444605592805
0.17766259680303553	0.27087200643779147	0.5514653967591732
0.17982144257695806	0.2677509010441647	0.5524276563788774
0.1818549857719851	0.27015226186165	0.547992752366365
0.1782644919218757	0.2696675791808622	0.5520679288972622
0.1799794819745708	0.27002385933217243	0.5499966586932569
0.17706712886415119	0.27078341818049617	0.5521494529553528
0.18154238111825974	0.2720215863636646	0.5464360325180758
0.17765717233834888	0.27437073707320125	0.54797209058845
0.1765350687531776	0.27353400816524864	0.5499309230815739
0.17867359987731943	0.27437078362452727	0.5469556164981534
0.18186378813024218	0.27182611054807304	0.5463101013216849
0.18276456736559282	0.2685774247773036	0.5486580078571037
0.17768714196266688	0.27270232349806245	0.5496105345392708
0.17865737996944456	0.27341760141745297	0.5479250186131026
0.17930297916422017	0.2748239593086386	0.5458730615271413
0.17991917314102177	0.2717495778162286	0.5483312490427498
0.18185922756157852	0.26852208108556774	0.5496186913528539
0.1804115843053968	0.2706350643772858	0.5489533513173175
0.18139341052017438	0.27263071242511583	0.5459758770547098
0.18230168081784842	0.268492183481672	0.5492061357004797
0.1800366525972577	0.272400522700639	0.5475628247021034
0.18016173637836735	0.26919232356162426	0.5506459400600084
0.1798100210027881	0.27484099807124496	0.5453489809259671
0.1784074167619673	0.2736610301064922	0.5479315531315406
0.1781053429665621	0.2694434214824048	0.5524512355510331
0.17826233345116033	0.2735251397360351	0.5482125268128046
0.18237568572420715	0.2709720869127567	0.5466522273630363
0.18088125295365484	0.2684295654448752	0.5506891816014701
0.17782015740584403	0.2716281617572744	0.5505516808368817
0.1779230870237241	0.27171427114333846	0.5503626418329375
0.18101490434527787	0.2742033700969928	0.5447817255577294
0.17933691366685992	0.27441195374302885	0.5462511325901114
0.1829972577844071	0.27033657566293623	0.5466661665526568
0.17897598080510088	0.2747385557359347	0.5462854634589646
0.18009493351998992	0.2726615539934916	0.5472435124865186
0.18319604289709707	0.27133033240347426	0.5454736246994287
0.1823409774181424	0.2698801316369381	0.5477788909449196
0.18122294231775551	0.26926930533604637	0.5495077523461982
0.1802651644029047	0.27226538050773863	0.5474694550893568
0.18138816918727596	0.26887503553878817	0.549736795273936
0.18008260694240905	0.2681616412446468	0.5517557518129443
0.17877149288276253	0.27459040656441586	0.5466381005528218
0.1791468687537181	0.27201409694844414	0.5488390342978379
0.18145823393426214	0.26902887385531393	0.549512892210424
0.17782078727563932	0.27004622733828704	0.5521329853860737
0.18081714250006814	0.27324109574837097	0.545941761751561
0.18123060365376695	0.26828710569712544	0.5504822906491078
0.17884312290978713	0.272665228150054	0.548491648940159
0.17819048635190693	0.27123864176198736	0.5505708718861059
0.18093296152374835	0.2694526856432156	0.5496143528330362
0.18124641451845722	0.27360037766337025	0.5451532078181727
0.17810262815425373	0.26973341416131424	0.5521639576844322
0.17952878157389443	0.2735856427831872	0.5468855756429185
0.1793710405881512	0.27269114156945945	0.5479378178423895
0.17931840175684918	0.2709393330771689	0.549742265165982
0.17811602287868705	0.2693880723790535	0.5524959047422596
0.17735902952370566	0.2744804117022133	0.5481605587740811
0.17797623817871075	0.27376547656570316	0.5482582852555863
0.1787272280774323	0.2745625039923084	0.5467102679302593
0.18131282840353377	0.2729088516178878	0.5457783199785785
0.17936832743202025	0.2709302029816274	0.5497014695863525
0.1784625453738116	0.2715183818028635	0.5500190728233251
0.17951902739077832	0.269065497864711	0.5514154747445108
0.1784418911585282	0.27110039383017276	0.5504577150112991
0.17737522025969268	0.273557625531528	0.5490671542087795
0.1822255487480915	0.2705389340558226	0.5472355171960861
0.18157856186195986	0.27239302443959446	0.5460284136984458
0.17823230528910008	0.2725689408891505	0.5491987538217495
0.17957135335203908	0.2702673946180976	0.5501612520298634
0.18292807855332607	0.2701541988986102	0.5469177225480638
0.17912614250517445	0.2705520768918466	0.550321780602979
0.1788643746853476	0.27389182007055873	0.5472438052440938
0.17913555461928757	0.2743047233642091	0.5465597220165035
0.18173212968370658	0.27195103471386906	0.5463168356024245
0.18300732971895564	0.27063240536167626	0.5463602649193682
0.18114418739242677	0.27064533204438906	0.5482104805631843
0.18291708092843761	0.2712001016741814	0.5458828173973811
0.17779747056874792	0.27234670526513616	0.549855824166116
0.180242256482981	0.2696091315419933	0.5501486119750258
0.18020757726220488	0.26774230177932534	0.5520501209584698
0.17969467803632835	0.2722758178069323	0.5480295041567396
0.17705986934216084	0.27324693809814693	0.5496931925596923
