0.24746005445889102	0.18973749625826927	0.10513455807665933	0.28092056953828554	0.17674732166789459
0.24502082420589477	0.19311569119534022	0.1047948196249036	0.2832788595785328	0.17378980539532835
0.24902982887919822	0.1872164917396626	0.10463179467390156	0.2833749396721073	0.17574694503513005
0.24451813709824144	0.1932734698012285	0.10681799812532627	0.2803555316521311	0.17503486332307244
0.24423981858278165	0.1900347731841974	0.10638146640115387	0.28147491771141797	0.17786902412044886
0.24937618270975315	0.1812227056446787	0.10707732602030966	0.28330869869084374	0.17901508693441448
0.24704257697759194	0.18680850433790833	0.10425397686492541	0.28420775598956627	0.17768718583000778
0.2471725569392388	0.18321191441926443	0.10498205308456868	0.2856096151323231	0.17902386042460475
0.2511242288164183	0.18549259686541697	0.10487614321330106	0.28367791477664017	0.1748291163282232
0.2504393562726104	0.1849022323170019	0.10600794143637149	0.2796785734487489	0.17897189652526707
0.24607842583531303	0.18616201841776836	0.10659549321901839	0.2818140388187276	0.17935002370917238
0.24379296463778816	0.1890080501374492	0.10514980678751576	0.28344683720819486	0.17860234122905183
0.24789916043698174	0.18532050503163588	0.10577403643886137	0.2814870745293074	0.17951922356321337
0.24874049608653093	0.178408571468207	0.106689110194631	0.2871234245451801	0.17903839770545074
0.2447015821784967	0.1884730920090814	0.10627592433895981	0.28566399099053996	0.1748854104829219
0.2511993977762087	0.18164258503009864	0.10686070085294141	0.28584111190331385	0.17445620443743717
0.2445238547171627	0.193514459807423	0.10621832490358586	0.28183513118932013	0.17390822938250805
0.24489172919621216	0.18886593107548524	0.10457635224242699	0.28691779874718837	0.174748188738687
0.24353863758635577	0.1879202542832461	0.10568334489961664	0.2830055689211204	0.17985219430966082
0.24791247112875647	0.19167015173171878	0.10470771816289529	0.280786739396048	0.17492291958058123
0.2473429645124659	0.18487708509904005	0.10755402384248648	0.2811430992792949	0.17908282726671243
0.24410757650159506	0.18756486530960145	0.10698087341469574	0.28422042625317095	0.17712625852093652
0.24650729231885368	0.18295252879041118	0.1071020596414847	0.28475035762685974	0.17868776162239045
0.2502574354932575	0.1847291965580511	0.10743526319338463	0.2825921056023813	0.1749859991529252
0.2481634831332247	0.18850299249137942	0.10534187195044178	0.2801062152620811	0.1778854371628727
0.24539987670219282	0.1926220212812927	0.1043839272622478	0.2798846301192247	0.1777095446350418
0.24726337694469602	0.18275513575441954	0.10498566119908342	0.2852241050544698	0.17977172104733097
0.2500661275933561	0.18464453313646448	0.10445990823959055	0.28621276282886415	0.17461666820172445
0.24431247333231496	0.18563560407790058	0.10605945639318308	0.28528725521695036	0.17870521097965075
0.2486085526933804	0.18377929182530828	0.10578905675436888	0.2838500813125534	0.17797301741438876
0.25056042537272455	0.18170896071866832	0.10694663967565346	0.2808537854270945	0.17993018880585893
0.24852793763659387	0.18488874338805236	0.10654334749602845	0.28596911414227855	0.17407085733704653
0.2480336731775329	0.18568221493787226	0.10570123702150802	0.28515895295962645	0.17542392190346012
0.24622213540589005	0.18910274486690046	0.1049045400756345	0.28596278588780444	0.1738077937637703
0.249643012729707	0.18787677865179372	0.10487399239187553	0.27958964042996526	0.17801657579665825
0.2483922472281458	0.18567924387355333	0.10473857188328818	0.28272230703819634	0.17846762997681606
0.24444553514971035	0.18876011947725688	0.10677594967997714	0.282083384755899	0.17793501093715644
0.24821075294932088	0.18883207700716215	0.10615804569014317	0.2802501109619353	0.1765490133914382
0.24471323276118423	0.19001916076746628	0.10539287018941529	0.2820730771176914	0.1778016591642425
0.24521397278396784	0.18922954638328918	0.10613926833131246	0.2830178084267491	0.17639940407468116
0.2483286685484079	0.18083524276721022	0.10597809680079008	0.2855532314930853	0.17930476039050622
0.24654191126432023	0.18737396931084296	0.10440775594689684	0.28525587245995687	0.17642049101798285
0.2504429376770668	0.1895221595187004	0.10462646680078694	0.280997270344192	0.17441116565925363
0.25061990189510763	0.17976594513585054	0.10606387302601337	0.2839553293164563	0.17959495062657194
0.2494497254619849	0.18009512504499955	0.10641396210388242	0.2840689060784819	0.17997228131065102
0.24656131729286412	0.190260863015414	0.10471531983504442	0.28398827691819883	0.17447422293847833
0.24716279188850432	0.18982145089056643	0.10741175836323576	0.2789979349726582	0.17660606388503505
0.24623741869030308	0.18313522777606728	0.10731771673213661	0.28576009985855066	0.17754953694294212
0.24428456920992503	0.19352229453700964	0.10469764701501601	0.28024515498882246	0.17725033424922665
0.2504235275249663	0.18486293446780255	0.10529273098847312	0.2841190945797047	0.17530171243905307
0.24897943618581514	0.18500936642915614	0.10610575501562616	0.28457953125677915	0.1753259111126232
0.2446130904923945	0.1914537459728986	0.10545786440567549	0.2820598728311098	0.1764154262979214
0.24940785422459852	0.18722299452817187	0.10552684613131472	0.28335242353811346	0.1744898815778012
0.25016207459893797	0.18081319248018002	0.10676631090990958	0.2823871407186343	0.1798712812923379
0.24922637796532593	0.18735400232395	0.10447236805924388	0.2825740663185825	0.17637318533289748
0.2511351039827384	0.18736406892278426	0.10475136632825882	0.27929190226588313	0.17745755850033518
0.25072282468890056	0.1803970517510805	0.10698710619298045	0.2837990074350926	0.1780940099319456
0.2505738219573096	0.18486235203579265	0.10566609872009848	0.28410249169398816	0.17479523559281088
0.24901893439721223	0.18152713260369865	0.10623890185332266	0.28397159189914445	0.17924343924662178
0.24456139187002318	0.18755164644555045	0.10598062602006862	0.2833506266922357	0.17855570897212178
0.2435710020261389	0.19629873611235857	0.10656122915491374	0.27840896649266855	0.17516006621392
0.2455254064216615	0.18714159593902893	0.10640970442543178	0.28670029594989965	0.17422299726397789
0.24498120335012596	0.18957441167950767	0.1044928575772342	0.284765377954014	0.17618614943911787
0.24449503703737857	0.18711773223615957	0.10505180510743256	0.28392380203173273	0.1794116235872963
0.2485138870455249	0.18362470545436857	0.10676860739946847	0.2842859363667885	0.1768068637338493
0.24484230900825976	0.1902769749153981	0.1043217825835526	0.2825329217759263	0.178026011716863
0.25066236974921047	0.1871823599264626	0.10516915730640954	0.2784461665686258	0.17853994644929133
0.24781347830203973	0.18835893776439033	0.10484520241528295	0.28107610778342657	0.17790627373486018
0.24565250489694088	0.1862998282922254	0.10484293439090744	0.2837134509858244	0.17949128143410162
0.2448223708367179	0.18736876011569903	0.10577946788544407	0.2838790738125703	0.1781503273495684
0.2511719584802821	0.17957627322267852	0.10463718142129817	0.2851024917865508	0.17951209508919014
0.24909112071505357	0.18615575038940216	0.10720732245898966	0.28261280207538003	0.17493300436117432
0.250954199400596	0.18281999407945385	0.10747835353627393	0.2843016761798019	0.17444577680387408
0.2449398907009091	0.18227202621605923	0.10685675478477807	0.2869180317037536	0.1790132965944998
0.24815438472193657	0.18848804558408447	0.10525562043892372	0.2833193847459673	0.1747825645090877
0.2492769389717036	0.18235142744495011	0.1047077012334571	0.28434717683231514	0.17931675551757378
0.24492178273836304	0.19059621931219495	0.1043394925819188	0.2824515393312865	0.17769096603623644
0.2441779104579701	0.19410306800356622	0.1057552070690285	0.2786297698170054	0.1773340446524296
0.2478337933234646	0.1904854298999871	0.10681926673192256	0.2810626533692029	0.1737988566754226
0.24430274216653253	0.18915598282540314	0.10745885354390751	0.2839545467069022	0.17512787475725441
0.24577060974998188	0.18324387625839625	0.10634182092055533	0.2858182954278286	0.17882539764323765
0.2494511442122495	0.1853649022258729	0.10436568617108452	0.28457814911655194	0.17624011827424085
0.24788675287225737	0.184777566058617	0.10436898612866173	0.2836186909160764	0.17934800402438725
0.25035100963324375	0.19009834574924894	0.1045901603699421	0.2806956980286772	0.1742647862188877
0.24671814369697898	0.19436655696455601	0.10588416844703773	0.27917794707975047	0.17385318381167658
0.24742596741285294	0.18340984280121075	0.1046953720163635	0.28665238382948144	0.17781643394009108
0.24393450450092177	0.19114258912957618	0.10497232503701526	0.28244987051022385	0.17750071082226268
0.24912785844074203	0.1886398076351908	0.10503241478989708	0.2792340188369368	0.17796590029723297
0.250813842074195	0.18612978119255166	0.10652640917060933	0.2822717053441915	0.17425826221845225
0.2503200559677585	0.17903211470776476	0.10701358747333792	0.2857806441242108	0.17785359772692771
0.24564633774208028	0.19042685733465525	0.10482992177116517	0.28145971439899803	0.17763716875310104
0.25114706020472843	0.1871820108753084	0.10645547603801211	0.2800425036047942	0.17517294927715665
0.25095684969590043	0.18895513391202975	0.10460359829115815	0.28104810051491097	0.17443631758600045
0.24511223143126615	0.19190447780267014	0.10673910891420937	0.2803610421059468	0.1758831397459072
0.24969943983483567	0.1820440538131559	0.10589103805590491	0.28323465652852153	0.17913081176758172
0.2440112213441865	0.18724456315134705	0.10536260995170263	0.2845139140775923	0.1788676914751713
0.24997613505319316	0.19073187506908826	0.10479712766224625	0.2805083459441756	0.17398651627129644
0.24739524651419498	0.19343902523726517	0.10509836512506242	0.28024170312543645	0.17382565999804075
0.2453491250461345	0.18821672780534532	0.10697136655953333	0.2841819998305075	0.17528078075847908
0.24871957904366648	0.18982933732761323	0.10735625695229904	0.2799849624693628	0.17410986420705818
0.2504711902311774	0.18635193464772093	0.10587941156606726	0.2835212038646885	0.17377625969034569
0.24925236814975021	0.1811846078250972	0.106782802532394	0.28568058287455456	0.17709963861820383
0.244152483747476	0.18942177439929334	0.1053840245345497	0.28226196861192154	0.1787797487067592
0.24499335777692582	0.1938029428197409	0.10548582686505925	0.27864489304615164	0.17707297949212217
0.24820976194764277	0.18505615823894314	0.1056510752548989	0.281715549248291	0.17936745531022394
0.24943683537467384	0.1839106719091196	0.10617126065418654	0.2839391455903874	0.17654208647163233
0.2438255310307512	0.19040185952355346	0.10560496387389982	0.285288314604903	0.1748793309668923
0.24558806975467376	0.1832198332035954	0.10685759880267337	0.2855282431015744	0.17880625513748286
0.24856051839696008	0.19111968109602356	0.10487919034508955	0.28093621508081207	0.17450439508111448
0.24735725674872716	0.18508744658201165	0.10472981619976121	0.28548047547799815	0.17734500499150158
0.24778574046569318	0.1898056349367242	0.10584034668694345	0.279929064141316	0.17663921376932293
0.2459990941129493	0.18753669778673931	0.10539062388652126	0.2839978763798156	0.17707570783397422
0.24727652506519304	0.18902555298823343	0.10528988945125371	0.2810565094004601	0.1773515230948594
0.24786811569205067	0.17772880453236156	0.10757190470990517	0.287142192679212	0.17968898238647035
0.2476995356494669	0.18282524123704724	0.10549953698204421	0.2860483045076966	0.17792738162374483
0.24454189612688865	0.19385716863937777	0.10441000034371255	0.2799825160933382	0.1772084187966826
0.24625035119550184	0.18420297326802415	0.1058723444856736	0.28528800210115723	0.1783863289496429
0.24992365704757658	0.18808229727134815	0.10632372125605384	0.2791557450434953	0.17651457938152593
0.24709063433270295	0.1903217623823948	0.10492668457577714	0.2819427879883256	0.17571813072079928
0.250759892809316	0.1831658618585023	0.10691975673459228	0.2840473930446515	0.17510709555293766
0.25009623424262645	0.1871524609133136	0.10480933159984582	0.28153674230688036	0.1764052309373335
0.2476467340902694	0.18184676567795485	0.10711948446806127	0.28396006466604823	0.179426951097666
0.2447322646463812	0.19300519909808062	0.10627935220180944	0.2810473962179516	0.17493578783577687
0.24433561362530534	0.18492720587355407	0.10715165338045787	0.2853705508350704	0.17821497628561206
0.2492288696662834	0.17985851596114216	0.10689917203917641	0.2871138132814255	0.17689962905197232
0.24951015244580732	0.17948564432013153	0.10679092388843855	0.28569667318960484	0.17851660615601744
0.24720420697450274	0.18671184825005033	0.1071920844856815	0.28053107044795217	0.17836078984181297
0.250997516066643	0.18651753985113415	0.10476884915619535	0.28232035557971225	0.17539573934631505
0.2503730966870155	0.1861129784234165	0.10704710490835909	0.278751795385159	0.17771502459604965
0.2504217393869826	0.17781583633494094	0.10647810309750794	0.28662188348257167	0.1786624376979966
0.24998023868897595	0.18744320681202656	0.10510465628904755	0.28266584104190967	0.17480605716804
0.24939693552140343	0.18440707573260068	0.10628458875484961	0.2851187046063741	0.17479269538477188
0.24650698402468452	0.18749239431343903	0.10708007735074446	0.2844165507415112	0.1745039935696206
0.2483443053836389	0.18924811087385274	0.10748179800729064	0.27896366801894834	0.17596211771626916
0.24596592264003814	0.1879180831551466	0.10545133513744435	0.2807822394616544	0.17988241960571622
0.24461839557587972	0.19171502953418035	0.10662291323339548	0.28219253476186834	0.1748511268946759
0.24490536692808143	0.1949511371225292	0.10529026060143003	0.2802067600434216	0.17464647530453745
0.24439425409569862	0.1933380536841771	0.10523091288968527	0.2788862693188042	0.1781505100116345
0.24605306656646855	0.1851420912950475	0.10632826856684366	0.2839400992214842	0.1785364743501558
0.24640273904482685	0.1883178009145505	0.10512181167904551	0.28150792295827926	0.17864972540329765
0.2478282402476284	0.18661583908022475	0.10451037620891476	0.28627262535165654	0.17477291911157533
0.2465032383722301	0.1857470491886431	0.10719959422685855	0.28115336020122844	0.17939675801103952
0.24960524700749628	0.1871554076551422	0.10445702058932227	0.2842932234716283	0.17448910127641074
0.24916895769314865	0.18311498150576333	0.10579719643656624	0.28474881438166955	0.177170049982852
0.2505926638144682	0.18296744573751303	0.10722491147090514	0.2843234163190257	0.17489156265808775
0.24881491531608316	0.18745636414163372	0.10678627505700974	0.2789075247781686	0.17803492070710453
0.2500476236757413	0.19168686232105112	0.10563598113622405	0.27847314724503985	0.17415638562194344
0.25049853888216606	0.18769257777638232	0.10485607313612551	0.279207868387823	0.1777449418175028
0.2473334910018482	0.18764125255670142	0.10430430727494347	0.2854062422124226	0.17531470695408402
0.24918301407141102	0.18547908599323987	0.10726139166126755	0.27931231670540113	0.17876419156868015
0.248698617617231	0.18247986489991536	0.10641570692323098	0.28536716448020305	0.17703864607941938
0.24940418073983897	0.19105543802480174	0.10438579439694336	0.2805813933953954	0.17457319344302027
0.2463983969790115	0.18424424868067268	0.10523757471790618	0.2864594871908128	0.17766029243159656
0.24467818127387123	0.18594374387013676	0.10742215615363777	0.2830041208745347	0.17895179782781928
0.24702017892656217	0.18571431033623576	0.10592005179334466	0.2822544669046684	0.17909099203918874
0.24820288122372725	0.1892425638849867	0.10723754903193858	0.2787367887533242	0.17658021710602304
0.24604891977549298	0.1867467635915234	0.10733001769217049	0.28536538324107724	0.17450891569973567
0.2454370715451963	0.18938799776238413	0.10533715624006582	0.279946544321972	0.17989123013038147
0.2503816762100501	0.181291234837905	0.1058044695141066	0.28572579541194243	0.17679682402599567
0.25065962092767546	0.18949474505701924	0.10556917935305248	0.28047537040872456	0.17380108425352797
0.24886351663619344	0.18624036460211324	0.10534501476927044	0.28518729822827804	0.17436380576414462
0.24994448808094055	0.18459382751220102	0.1073130646857098	0.2798105583425855	0.1783380613785629
0.25103098173080807	0.17877839606879162	0.10611138472569834	0.28566370395288865	0.17841553352181308
0.24946104250867865	0.1898863850920996	0.10498825837137903	0.27996521983144	0.17569909419640248
0.2509899738784519	0.17972912540701608	0.10552175160080694	0.28708888161753165	0.17667026749619313
0.2503960877441293	0.1843007328302747	0.10497737179454422	0.2830263307585283	0.17729947687252323
0.2502031379301745	0.18391558694590937	0.10522884023894395	0.2815971483737887	0.17905528651118324
0.2473406351951748	0.18861039872355295	0.10554065193317931	0.2836975030141509	0.17481081113394176
0.24919770279930625	0.1884007491289341	0.105409452843628	0.28073085499970274	0.17626124022842865
0.2482080173990514	0.1879624255479601	0.10669062866465263	0.28294365194555027	0.17419527644278535
0.24708493748290844	0.19150084164506173	0.10501518392261106	0.28077838512052355	0.17562065182889494
0.25067778247755945	0.18274261567334948	0.10544595895059684	0.2830673373415125	0.17806630555698144
0.24882906555583845	0.1867195613876008	0.1066487849443797	0.28140960326827036	0.17639298484391047
0.24545362461700737	0.19481259704918755	0.10515009049074564	0.2805510741827165	0.17403261366034267
0.2454025996141751	0.1906589496462566	0.10650559942203633	0.28280762728692094	0.17462522403061081
0.249772050540647	0.18926081986173252	0.105417425367491	0.27945004242872973	0.17609966180139952
0.24582630959857668	0.18894361098924148	0.10724097864438469	0.2830058735856368	0.17498322718216014
0.24819549422090997	0.19156793064023997	0.10518814350147339	0.2788819951201114	0.17616643651726496
0.24976512106129922	0.1821587178792942	0.10577533183746451	0.2827626639271369	0.1795381652948049
0.24790573624560774	0.18717575558152308	0.1051718981853751	0.2834476105234871	0.17629899946400673
0.24833731249445304	0.18142173397360792	0.10426491859235164	0.286993474855533	0.17898256008405417
0.2482889523786202	0.18603368712535082	0.1073221529560038	0.2821349429420358	0.17622026459798917
0.24493295544484112	0.1905993474613923	0.10440681742212805	0.28010388927765084	0.17995699039398744
0.24373453202605952	0.19085800985488421	0.10640819545243256	0.2830189480768903	0.17598031458973312
0.25105449078803616	0.18165511860926126	0.10660140353588549	0.2864713049429114	0.17421768212390545
0.2503029097124301	0.18639130891821815	0.10495494813772627	0.2824886430113877	0.17586219022023758
0.24897247892020716	0.18696496773148802	0.10753242682263353	0.2790828072367902	0.17744731928888083
0.24795876144710902	0.18836901365037445	0.10760390445886436	0.2799348770732373	0.17613344337041462
0.24782538580560193	0.18585721854230713	0.10662179998131575	0.28241189779702414	0.17728369787375078
0.2497537836913783	0.17889132708710195	0.10581202783058341	0.28682228406233673	0.17872057732859936
0.2461883998674675	0.18310687205694065	0.10738232344159462	0.2865370607800405	0.17678534385395653
0.24492561198475704	0.18574095639140797	0.10697184297437803	0.28250508920007134	0.17985649944938537
0.2477395232830779	0.18592953379526808	0.10497874652734605	0.28625962913814407	0.17509256725616362
0.246962024833342	0.19330445722890627	0.1056554787641387	0.2798371810817234	0.17424085809188938
0.24722071495768594	0.18703488371759375	0.10563975789069602	0.2821830862187135	0.1779215572153105
0.24467965809225944	0.19061225310342522	0.10592468223584245	0.2812237071668906	0.17755969940158203
0.244732200091781	0.1867496122494231	0.10743802272293884	0.28167580965135197	0.1794043552845048
0.2482967730331679	0.18941646054261943	0.1070520347266103	0.2796162394674211	0.175618492230181
0.24438301710883736	0.19050460156010365	0.10615001884468288	0.28058738223257346	0.1783749802538024
0.2496404289372781	0.18656882477510892	0.10728934903618906	0.2825634500090627	0.173937947242361
0.24576447825805564	0.18712642007702265	0.10581928272591119	0.2829705242582595	0.1783192946807507
0.24528082173582716	0.18800523233867686	0.10715375704300566	0.28060689168223585	0.1789532972002542
0.24458246071979767	0.18904631382194226	0.10658846444579999	0.28256473933890225	0.17721802167355757
0.2508204142328452	0.18375749204451494	0.10751908318943539	0.278461024707128	0.17944198582607623
0.2463419089665308	0.1927110697547498	0.10571382574937767	0.2789165545578978	0.17631664097144364
0.2438382712782614	0.1856701551879345	0.10607981232763451	0.2847172792939418	0.17969448191222748
0.24875843787440727	0.18959434195279648	0.10476912085161481	0.28021348161072507	0.17666461771045616
0.2499585991812327	0.18531518063555924	0.10561535227949118	0.2799028161679935	0.1792080517357231
0.2506521172751733	0.18873548100510326	0.1045681236644622	0.2793181520849594	0.17672612597030155
0.25086842940232507	0.1860149948558688	0.10501766652264521	0.2822188796655287	0.1758800295536319
0.24552330863994695	0.18231357939913378	0.10706811678662624	0.28672840938434846	0.1783665857899443
0.2451022758522472	0.1880637793172111	0.10435201170592791	0.28291654550941137	0.1795653876152022
0.2502663515877519	0.1823279641888286	0.10544309161314287	0.28587562929175275	0.17608696331852364
0.24356790650206112	0.19419836309639213	0.10536869676897441	0.2795808484621538	0.1772841851704183
0.2444930121114844	0.19672146953392197	0.10442237929439437	0.28033029769891377	0.17403284136128527
0.24362547216312563	0.18819525002196918	0.10593257309571132	0.28252745918362054	0.17971924553557306
0.2488218593661542	0.18630741452287744	0.1066780824252837	0.28049466354538755	0.17769798014029684
0.24755466054770045	0.1836895264391003	0.1064702461326909	0.28461888047026684	0.17766668641024122
0.25108937551847477	0.18140691325375236	0.10584529130070096	0.28308651249517014	0.17857190743190157
0.2440320268146161	0.1958589380155226	0.10582773174955515	0.2785663471521383	0.1757149562681676
0.2441290915602433	0.19453536538231844	0.10504512118809234	0.2817129151418357	0.17457750672751
0.24381398297516416	0.18955976063880722	0.10504359892665215	0.2827498625775035	0.1788327948818727
0.24374259189445296	0.18809275838054879	0.10448184232827218	0.2867247557425393	0.17695805165418652
0.2510653832529803	0.18217528454609583	0.10759542362381973	0.28406502027407027	0.17509888830303366
0.24659012155950621	0.19003720007833189	0.10711009869224873	0.282259414871253	0.17400316479865993
0.24513991494245507	0.18217899223833744	0.10720534187117373	0.2871146773900645	0.17836107355796899
0.25031602972693195	0.1815485825165582	0.10548387898721705	0.2835603785842051	0.17909113018508746
0.2472205133743685	0.19028556801827723	0.10599072860579616	0.28107860905612986	0.17542458094542798
0.24662707961171576	0.1829845147925817	0.10733295762943508	0.2842106762792236	0.17884477168704366
0.24365799511836883	0.1938091313789167	0.10479688451248134	0.2785002927854032	0.17923569620482968
0.24450013823255853	0.1909618499595906	0.1061705227989711	0.28152358877848854	0.176843900230391
0.24605942676307668	0.18806948863001516	0.10760238904287041	0.2836063374349687	0.17466235812906877
0.24773678725814088	0.1834356740285972	0.10730635508482132	0.2850275521869168	0.17649363144152355
0.24518379742084725	0.18957075497983275	0.10710936897043685	0.2833600185554105	0.17477606007347235
0.24585857611609624	0.18680485942032285	0.10500311389567056	0.28253741824221834	0.17979603232569175
0.24665602947492954	0.1812794583851839	0.10749282559795957	0.28689711542106033	0.1776745711208665
0.25084432812186525	0.18297014310256665	0.10455303615157081	0.28400475320977053	0.1776277394142265
0.24693607355715488	0.18959175736147957	0.10678573638036604	0.28078007929903953	0.17590635340195973
0.24726467824333365	0.18912052812754573	0.10611230811756314	0.27959784555843215	0.1779046399531251
0.25074487590763195	0.1815698607183415	0.10602821652705977	0.2832518011545041	0.1784052456924624
0.24916902378439107	0.18207577121664695	0.10647217749656865	0.28255500863052696	0.17972801887186618
0.24843934216461655	0.18814642090528969	0.10510328755332701	0.28272542040344584	0.17558552897332064
0.2488163182408372	0.18596108171436873	0.10611461566921535	0.28434374505997456	0.17476423931560392
0.24670791628879224	0.18527228264521187	0.1049110154487119	0.28545853493215084	0.17765025068513288
0.24993305807002583	0.1886445705018986	0.10530417990743011	0.27917361704955346	0.17694457447109177
0.2469342763504582	0.1803318236330128	0.10713881633050065	0.2869679525540467	0.17862713113198136
0.25007966271673954	0.18349537440031258	0.10570686174994008	0.2842759294815906	0.17644217165141696
0.2468880377002991	0.18514821129487996	0.10526586178479418	0.28443459699352525	0.17826329222650125
0.24910835867579842	0.1804883475003135	0.10626183083760105	0.28515481131830445	0.1789866516679824
0.24520525367398682	0.19047903057137264	0.10622982202511717	0.28115174360684625	0.17693415012267683
0.24423134740446095	0.19037531423306786	0.1056524159380148	0.285522894231749	0.17421802819270715
0.2474232339147342	0.18821775539070346	0.10610168856042211	0.28154948997008244	0.17670783216405755
0.24958524300035018	0.18747076560627007	0.1056051042462124	0.28190131905314686	0.17543756809402022
0.25070874892781614	0.17786235848226684	0.10623573872127824	0.2863547244522744	0.17883842941636416
0.2473592923749451	0.1841841826159633	0.10519173608462712	0.2863543155849899	0.1769104733394743
0.24408358046725567	0.1959559086604175	0.10622410024600998	0.2796736795201172	0.1740627311061994
0.2448859739350455	0.18266916244204914	0.10668319216572945	0.2859500688941734	0.17981160256300222
0.24672020546140894	0.1826423707918332	0.10652015757115224	0.28550194463723705	0.17861532153836834
0.2451623894235349	0.18668759383757533	0.10434046943218356	0.28722375197601324	0.1765857953306927
0.2504406128641123	0.18950213455348894	0.10568229669946601	0.28042695302302345	0.17394800285990902
0.24683852129812536	0.18784118322464127	0.10629947085152378	0.27995066706390315	0.17907015756180622
0.24424893164814576	0.19030132135420508	0.10480565613506777	0.2846534419792622	0.17599064888331897
0.2467763348411145	0.18738406062535676	0.1051149049987214	0.2828998625878836	0.17782483694692355
0.24706610428648365	0.18065997206986875	0.10683458515368438	0.286571777129439	0.17886756136052398
0.24503762682865438	0.18589916805460702	0.10593106916339207	0.284272977724453	0.17885915822889328
0.24473438449773582	0.19124987362090562	0.10555912412042412	0.2846214750970922	0.17383514266384203
0.24796029582865617	0.18888401223545137	0.10464398180732676	0.2800905471424171	0.17842116298614832
0.24916858682122833	0.18083641415284227	0.10712534490782219	0.2844529098969039	0.17841674422120302
0.24503106543904252	0.19099447949868698	0.10745179427302624	0.280761588747226	0.17576107204201796
0.24699725056231142	0.1908170763906575	0.10549781681005307	0.28240802158239564	0.1742798346545821
0.24663373771225938	0.19449172079572116	0.10570984423867925	0.2784656124754952	0.17469908477784474
0.2485553263145817	0.1901068680713934	0.10457206159615731	0.2796746790734125	0.17709106494445484
0.24718347077307584	0.18916879656368493	0.10629116638969642	0.2827988091017042	0.17455775717183838
0.2473903885182144	0.19008326812630588	0.10495502071142321	0.2819679638033581	0.1756033588406982
0.24989200242624848	0.1840770582466019	0.10556790332851665	0.2833399418496472	0.17712309414898553
0.24728042016653184	0.19075277025952997	0.1059366352225023	0.2811816329790159	0.17484854137241973
0.24537765966038072	0.18372341130372682	0.10759595456760665	0.2852339994185179	0.17806897504976765
0.244630261716503	0.19529624505564872	0.10539998433287005	0.27882914089493116	0.17584436800004682
0.2443374976254187	0.19071437763081894	0.10625365733404527	0.2848415394422006	0.17385292796751628
0.24751610898830328	0.18507787679774973	0.10698946174466939	0.28355352594989947	0.17686302651937788
0.2506678976793624	0.1798792221823446	0.10747799928880532	0.2845747048466367	0.1774001760028507
0.24588141844764758	0.18673956309165488	0.10665392660274052	0.283335168628024	0.1773899232299328
0.24468158166659731	0.19357306665119622	0.1071918794060953	0.2803984013576655	0.1741550709184454
0.25029043466358136	0.19024167000012848	0.1042411174102452	0.2798233275957077	0.17540345033033702
0.24641777147465	0.19099509863699962	0.10686201933376457	0.27855434139319774	0.17717076916138783
0.24740728348266305	0.18516944947676672	0.10585741479644575	0.2843474273287575	0.17721842491536666
0.24605743012020465	0.18835750027979503	0.10444225726738621	0.2872373382157048	0.17390547411690907
0.25016975903467364	0.18043693104038666	0.10589413659572673	0.2853558695480125	0.17814330378120025
0.24630179194095686	0.1911675783204158	0.10534521969873817	0.28331208336169966	0.17387332667818925
0.2506197457704639	0.18265904720657639	0.10439083725487634	0.2868157428908565	0.17551462687722663
0.2484656318253377	0.1798048740737299	0.1052468495372563	0.2866981400081052	0.1797845045555707
0.2459131080509237	0.18976409207359846	0.10440187102184817	0.28143846853928256	0.1784824603143469
0.24730346835853623	0.1919938533958344	0.10656015895960717	0.2792937961118881	0.1748487231741338
0.24506622709258807	0.19309227514942856	0.1067611184225718	0.27985287720124963	0.17522750213416163
0.24551372414434108	0.18872750088418697	0.10437397700795996	0.2831188180860794	0.1782659798774323
0.243798496578207	0.1883616051875851	0.10597871673360901	0.28634061529897537	0.17552056620162323
0.24590131560362793	0.18774536250941562	0.10604369459985881	0.2835658635699041	0.17674376371719328
0.25003345430426527	0.18466546697369746	0.10461537814810361	0.28184970045523916	0.17883600011869422
0.24668731479667588	0.18960235585409482	0.10497493950441647	0.27990253743721805	0.1788328524075945
0.24494096676253185	0.1885173646167697	0.10646879765008038	0.2804009523052304	0.17967191866538743
0.24952870426939705	0.18608871258609788	0.10587215807478101	0.2807934788430972	0.17771694622662662
0.24876192666178606	0.18324160575276627	0.10659831101717103	0.2818964618497265	0.17950169471854988
0.24977490276165676	0.1849727825007314	0.10743830944425667	0.281256142433027	0.17655786286032787
0.24956693119208112	0.18368015772345125	0.10591877463504984	0.2815785768233209	0.17925555962609668
0.24556272051507153	0.18606927738405857	0.10703923161070635	0.28371644934561047	0.1776123211445528
0.24371599869052296	0.1918527049546501	0.10509501500645836	0.28377226880010736	0.17556401254826098
0.24454870295224185	0.18948781831236047	0.10701762972127178	0.28091036508494954	0.17803548392917612
0.25078566302189736	0.18303984242641802	0.10459646885124009	0.2828217744274482	0.1787562512729961
0.2502804856206218	0.17959739076296938	0.10479045361636757	0.286656650754618	0.17867501924542306
0.24548869100687137	0.1883334619563255	0.10630929570581028	0.2810861321381636	0.17878241919282897
0.2494894358351784	0.17949899329461524	0.10614738848599331	0.2860582651554273	0.17880591722878547
0.24716662490075503	0.1852310848338102	0.10592696581647507	0.2828591835791381	0.17881614086982137
0.250140124215527	0.18455969329859978	0.10649619368176028	0.2836944174318727	0.17510957137224
0.24397897903888793	0.18292045368406004	0.10696612774548435	0.2870071806067862	0.17912725892478126
0.25024932867965605	0.18260506996332435	0.10700317866800015	0.28499489943920875	0.17514752324981048
0.248060239081695	0.18957713799914033	0.1064982389224536	0.27875712148434845	0.17710726251236236
0.2494519009884385	0.18554904973125486	0.10494078775177894	0.2819568517395324	0.17810140978899508
0.2478701583192964	0.18152439777591795	0.10641835019148352	0.286696801687231	0.17749029202607086
0.24672565823437564	0.18132129213904108	0.10567087448280463	0.2872517906640294	0.17903038447974898
0.24898740053481083	0.18314870126805194	0.10633978418064818	0.28333097427881865	0.17819313973767015
0.24905250789215488	0.18800257404078366	0.10519963558409731	0.2814789089039088	0.17626637357905509
0.24868912246068767	0.18360202678510174	0.10630780613172128	0.28164613909096403	0.17975490553152504
0.24597950358219534	0.18549067942710573	0.10625837213417817	0.2861512823337554	0.17612016252276502
0.2436245513280882	0.19512030638123276	0.10553843418942414	0.2795833864114345	0.17613332168982015
0.24682836445810707	0.18703917508493423	0.10618838327757116	0.28052533951829245	0.17941873766109487
0.24693172735581637	0.18521571792676456	0.10581966864982552	0.28226394170866	0.17976894435893329
0.24443658986199154	0.18717354916715664	0.10728676917716323	0.2840261889142688	0.17707690287941957
0.24860452852837187	0.1831856849296596	0.1070450217205357	0.28353312942781106	0.17763163539362153
0.24658113206125337	0.18669776533799426	0.10688129594987443	0.2813564811877359	0.1784833254631418
0.2510148387837038	0.1813577105291494	0.10683287619521042	0.28276980800516927	0.17802476648676688
0.24614085650747392	0.18810731711969172	0.10642846783946903	0.2794281946056001	0.17989516392776497
0.24849892764723364	0.18294225463629796	0.10516192765281607	0.28628837305534216	0.17710851700830996
0.24659294089092595	0.18965818897390888	0.1045161852175503	0.2830127730039954	0.17621991191361927
0.24664559950037643	0.18421335134775205	0.10648959318103308	0.2836770547337793	0.17897440123705888
0.24619956527318815	0.18809134785294312	0.10546453233612976	0.28097001358443263	0.17927454095330608
0.24467452003960002	0.18932858759689303	0.10584416497705475	0.2852474110304886	0.17490531635596332
0.24512921092511075	0.19313975607142334	0.10488704986387239	0.2816124669467062	0.1752315161928871
0.24603587052268663	0.1911475311533711	0.10505719187262735	0.27888453323058804	0.1788748732207266
0.24397711651983173	0.19114478394116663	0.1068668816832735	0.2832904885605132	0.1747207292952147
0.25066072388578814	0.18630771886954112	0.10474648576502917	0.2822021996696618	0.1760828718099795
0.24988372988530916	0.1860452670225877	0.1052413858206714	0.2791004563255831	0.1797291609458484
0.24888547460779564	0.1793294775684011	0.10727272007900544	0.2864101570443445	0.17810217070045306
0.24413133362048933	0.19274301429495658	0.10424929952117017	0.28020975660741776	0.17866659595596587
0.25019504610655763	0.18597477614542887	0.10595732424044452	0.2816937077865458	0.17617914572102295
0.24360710154678772	0.1893270949295496	0.10509513109324962	0.2853270183308595	0.17664365409955332
0.244803231636127	0.18573980910700008	0.10684004408717457	0.2837168637998495	0.17890005136984863
0.24514422744578068	0.19494356904739835	0.10629514687843428	0.2790893274814489	0.17452772914693757
0.24537070913823472	0.18971472310921572	0.10655471676074608	0.2801206760955061	0.17823917489629712
0.24892934066148645	0.18490703668136685	0.10741139239747134	0.2819088707808471	0.17684335947882804
0.24352788483943652	0.19259692961365193	0.10664037538821036	0.2817514948451829	0.17548331531351802
0.24845015069212195	0.1867073591136228	0.10591987841129824	0.27922908951131264	0.1796935222716441
0.2485285620782914	0.188389677479105	0.10723644634230992	0.2812846469269546	0.17456066717333882
0.24380857840372633	0.18706029952768685	0.10457066020702158	0.2869805194087878	0.17757994245277717
0.24414945281989858	0.19525214860270265	0.10565576818924695	0.28002177801430783	0.17492085237384372
0.24985340092217678	0.1788778567626872	0.10601368327452172	0.28699186836650614	0.17826319067410787
0.24998028068930658	0.18190546920361508	0.1044719259313873	0.28667954138133955	0.17696278279435124
0.2469983957583603	0.18764441625289927	0.10439983062587854	0.2825778817720568	0.17837947559080483
0.24813828477999839	0.1861645850397135	0.10687425301430464	0.27911271629107237	0.17971016087491085
0.2502463569718553	0.18069248314473713	0.10574567604084831	0.2848789537744477	0.17843653006811128
0.2502043640802637	0.1843123907229872	0.10738474603958977	0.2798729343542973	0.17822556480286178
0.25024911416285356	0.18426716822049494	0.10493178352639786	0.2844162869231675	0.17613564716708585
0.25013889167819514	0.1859635191997671	0.10476966001010918	0.2795699662362403	0.17955796287568804
0.24376153819354754	0.19197788703187957	0.1066849117226397	0.2796280767254563	0.17794758632647667
0.24956677595598345	0.18819731137360715	0.1046456364021322	0.2818809499462931	0.17570932632198388
0.24478661784207686	0.1855538101322014	0.10593090448819446	0.28661342819802427	0.1771152393395028
0.24859243892351263	0.18885400678376846	0.10616180457559725	0.28065629250085444	0.17573545721626702
0.2467332107764944	0.1908637304332074	0.10439794193870919	0.27881778083197606	0.1791873360196127
0.2508319613199125	0.18119746270137851	0.10500832378181847	0.28508258377785334	0.17787966841903702
0.24997239180493677	0.1840260517938827	0.10524085816329663	0.2866787487070469	0.1740819495308367
0.24451525765239857	0.19185984931185548	0.1072909219031669	0.2801824184165177	0.17615155271606112
0.24365328605937828	0.19137088882019299	0.10584154313348651	0.28019093381942567	0.17894334816751634
0.24820386446131565	0.187882148195365	0.10489040834285666	0.28485283223005353	0.1741707467704089
0.24475519649777247	0.18857970051418912	0.10756670694164207	0.2833532916653438	0.17574510438105231
0.24748305423722222	0.18495109742248353	0.10470850510255572	0.2867123901886214	0.1761449530491169
0.24980891219843676	0.178115657790473	0.10753364528521431	0.2854690916776979	0.1790726930481778
0.24964997365950786	0.18151167158702783	0.10650350476387656	0.28322394941962686	0.17911090056996065
0.24449809915664017	0.18581277446022912	0.10741832651314621	0.28394509139494173	0.17832570847504253
0.2436629845418265	0.1889324037886087	0.10713050225987572	0.28535242653225157	0.17492168287743723
0.24598459165905368	0.19353208800818508	0.10582011682145599	0.27908813118860754	0.17557507232269745
0.25118018959579974	0.18595230362057272	0.10532538709374847	0.27932373682084893	0.17821838286902988
0.25100267444597985	0.18276058112556876	0.10531277888414375	0.2823343952091383	0.17858957033516906
0.2456710653080249	0.18573204335723376	0.10545397274666607	0.2865440495917264	0.17659886899634863
0.2449707608934545	0.18563667633712877	0.1063420665549193	0.2841636394631888	0.17888685675130836
0.24718815427881707	0.18600518789014164	0.10531182378725273	0.28318349035051316	0.17831134369327517
0.24754085688056274	0.18144918227625084	0.10741888648766278	0.28413863177050724	0.17945244258501614
0.24943457764967142	0.18300159339588337	0.10672070920187827	0.281856365666007	0.17898675408655965
0.2510392770394965	0.18355018946139495	0.10485015498962265	0.285365270658696	0.17519510785078968
0.24845543573385992	0.18737202212248638	0.10600838836986856	0.27878749865526403	0.1793766551185208
0.24684552872621351	0.18972992738714717	0.10479457189264295	0.28082789641151396	0.17780207558248215
0.24861222490259638	0.18394017030837964	0.10630062747166424	0.28342777066528774	0.1777192066520718
0.2454233435684877	0.18758882340045321	0.10519913222218197	0.2830801331545229	0.17870856765435397
0.2436203241556556	0.18997680426746444	0.10572419996678668	0.2855040267162055	0.1751746448938875
0.2442067266864722	0.19244798366398969	0.10755890102276965	0.2818633147806219	0.17392307384614633
0.24574154353348804	0.19631834960221836	0.10423321658028703	0.2787771163820168	0.1749297739019895
0.24808385569272437	0.19230535922713504	0.10472054435937538	0.2784402943346026	0.1764499463861624
0.24696945025054967	0.18867540187379306	0.10758890261041779	0.28200288321949085	0.17476336204574835
0.2505469376875531	0.18982307835548398	0.10464280521456693	0.2803197267123451	0.17466745203005057
0.24503469751277127	0.189144367480504	0.10730558356373099	0.2818929077591126	0.17662244368388094
0.24819433964510634	0.1877580455605733	0.10589453439743943	0.28045085434162215	0.1777022260552585
0.24918954138162186	0.18319786046283718	0.1074466754233915	0.2856477818668065	0.17451814086534267
0.24539795738508657	0.19297194377384036	0.10454652113922425	0.2797511571637121	0.17733242053813641
0.25096915321061725	0.17865151341844857	0.10617021401062238	0.2869598264532726	0.17724929290703895
0.25027722805765096	0.18946886664538792	0.10626708600899264	0.27995925534968463	0.17402756393828356
0.24449910185486362	0.1926075103793406	0.10497019323501448	0.28190736723084076	0.17601582729994025
0.24987174085292826	0.18804862790393984	0.10484722270179507	0.279358262250171	0.17787414629116555
0.24477926943284337	0.18806822679953658	0.10593709184821937	0.2835891681042603	0.17762624381514014
0.24861478338832493	0.18553325513657884	0.10688675749438996	0.2812770593464119	0.1776881446342941
