0.15498356390154439	0.3848631945784935	0.46015324151996223
0.15594802982934425	0.38414739461221353	0.45990457555844233
0.15609017797291175	0.3836769298979833	0.4602328921291051
0.1559624170462096	0.38337452701275565	0.46066305594103485
0.15585968038476788	0.38373676574516496	0.46040355387006726
0.15611285400303782	0.3836201755854652	0.46026697041149717
0.15514964310169277	0.38374612322681256	0.4611042336714948
0.1557496670295962	0.3838481531071171	0.4604021798632868
0.1553176232427113	0.3839311284459307	0.46075124831135816
0.15405821450045934	0.38458159748720855	0.46136018801233225
0.15561602969677057	0.3834504755848936	0.460933494718336
0.15586740902719953	0.38403921676740094	0.46009337420539964
0.15620888195636662	0.38383811057738	0.4599530074662535
0.1551945436881204	0.3838735723295675	0.4609318839823122
0.15596925482771296	0.3840986104963428	0.4599321346759444
0.15573773215605202	0.38439120731292076	0.45987106053102733
0.15559558773236293	0.38344572889623896	0.4609586833713982
0.15553031539169865	0.3838347577374402	0.46063492687086127
0.15640117780150398	0.3837622413929777	0.4598365808055185
0.15441885792909288	0.3841669240049819	0.4614142180659253
0.15545945821113727	0.38468279155514346	0.4598577502337194
0.15484867729284119	0.38480671381501186	0.46034460889214707
0.15498760796807057	0.38471875318787246	0.4602936388440571
0.155063887007796	0.38364906996995923	0.4612870430222449
0.1548093571436078	0.3843949066388383	0.460795736217554
0.15537578667994445	0.3844702133485426	0.4601539999715131
0.1560371048171384	0.3837469719270119	0.4602159232558498
0.15581868019764322	0.3837033098099662	0.46047800999239064
0.15528656072723074	0.38358042115262425	0.4611330181201451
0.15477939067693375	0.38478273302875754	0.4604378762943089
0.15568091897908365	0.3834542280418426	0.4608648529790739
0.15508000457487925	0.38423956989689567	0.4606804255282252
0.1550275170942517	0.38376333028163034	0.4612091526241181
0.1544421332386911	0.3842725538532826	0.46128531290802643
0.1545336403165326	0.3845494299405344	0.4609169297429331
0.15520849449697605	0.38446177980359614	0.4603297256994279
0.15602378977731413	0.38372506601508677	0.46025114420759927
0.15547379037227005	0.3841994538382215	0.46032675578950855
0.15464626527917164	0.3848494118829321	0.4605043228378964
0.15483402098883048	0.3840257888457815	0.4611401901653881
0.15497443906053654	0.38403511208249075	0.4609904488569728
0.1550576528315359	0.38391053991749935	0.4610318072509648
0.15434641570585889	0.38467384530881443	0.4609797389853268
0.15646292368939502	0.3835380746458792	0.45999900166472596
0.1551779060489228	0.3841690961068894	0.46065299784418795
0.15473600516397107	0.3841831921978309	0.46108080263819806
0.15417418087281648	0.3845149977184543	0.4613108214087293
0.155112455585577	0.3847347134257669	0.4601528309886561
0.15523500862254794	0.3839858768168533	0.4607791145605989
0.15458220157607355	0.3841276428033067	0.46129015562061987
0.155965062772362	0.3841140770069556	0.4599208602206825
0.1558495586971695	0.38362580527509316	0.4605246360277374
0.1549786385829561	0.3838471888931832	0.46117417252386084
0.15436140673128051	0.3847163940590909	0.4609221992096287
0.15508575593066865	0.38377029645868604	0.4611439476106455
0.15502780248348647	0.38388927056863226	0.4610829269478814
0.1541678222426043	0.38426104083438023	0.4615711369230156
0.1544655988206229	0.3849095852305905	0.4606248159487867
0.1560125893513548	0.38418003183634397	0.4598073788123013
0.15507507992173206	0.3847671816725363	0.46015773840573176
0.15518583450205004	0.3848328910448319	0.45998127445311815
0.15459835992134946	0.3847442658277556	0.46065737425089504
0.15618128717838042	0.38390049540683924	0.45991821741478045
0.1553791436341908	0.3842206955308569	0.4604001608349524
0.15555904900884185	0.3837031172557485	0.4607378337354098
0.15488884951144122	0.38473135887062865	0.4603797916179303
0.15441053628829504	0.3845159252823185	0.4610735384293866
0.15563169494884768	0.38354617173392314	0.4608221333172293
0.1562055946875848	0.3839653072001501	0.45982909811226524
0.15497156226381187	0.3838366180843412	0.461191819651847
0.15477134996543995	0.3841786112262827	0.46105003880827744
0.15551540753485665	0.38421584904971756	0.46026874341542584
0.15519371029022783	0.3844690199918179	0.46033726971795447
0.15597059897366006	0.3837576165913437	0.4602717844349964
0.1561443330482969	0.383386025879644	0.4604696410720593
0.15464685317994462	0.38465025438148376	0.46070289243857176
0.15555082861891512	0.38462637732365534	0.4598227940574297
0.15474690148587375	0.3848709137673922	0.4603821847467342
0.15519232773922292	0.38380799105447	0.46099968120630724
0.15548123631138944	0.384129625838054	0.4603891378505567
0.1559420856768971	0.38399825987880726	0.46005965444429575
0.1564151846752856	0.3837138487379816	0.45987096658673293
0.15432552989833787	0.384549382881839	0.46112508721982326
0.155674556053957	0.3840550975883387	0.4602703463577044
0.15489938062431285	0.38404633910275976	0.4610542802729275
0.15530433107183228	0.38417143695543066	0.4605242319727372
0.15577479894641275	0.38395692262852327	0.4602682784250641
0.15514378973426227	0.38442196452884203	0.46043424573689584
0.15427663828846716	0.38422493858011764	0.4614984231314153
0.15498339082808538	0.3845746705183445	0.4604419386535703
0.15599867465387438	0.3838096360398034	0.46019168930632237
0.15604132996959955	0.3835365869784185	0.460422083051982
0.15622305571725636	0.38337078731859153	0.4604061569641522
0.15400597835529362	0.38447690732055484	0.46151711432415166
0.15536912255540025	0.38359017874289214	0.4610406987017077
0.15519040114401228	0.3843706517593709	0.4604389470966169
0.15607687225503036	0.3839173240746713	0.4600058036702984
0.15515446387859327	0.38349752756594896	0.4613480085554579
0.15428907125784258	0.3845554955366804	0.46115543320547714
0.1543872242879044	0.3842019140962841	0.4614108616158116
0.15502577491900138	0.3838411929226228	0.4611330321583759
0.15551728445402668	0.38453742656862505	0.4599452889773484
0.15494178424258018	0.38447514401762184	0.4605830717397981
0.15550036586371485	0.3844002708783961	0.46009936325788914
0.15512710028407958	0.38440871420760925	0.4604641855083113
0.1554095066163544	0.38381488617201936	0.46077560721162636
0.15420779066567827	0.38490259250514947	0.4608896168291724
0.155061550510047	0.3848406917748466	0.4600977577151065
0.1550314188262062	0.38342137950944233	0.4615472016643516
0.155936466244109	0.38388341656280406	0.46018011719308705
0.15403978211308453	0.3845122468041665	0.4614479710827491
0.15642797592056407	0.38341713477794115	0.4601548893014949
0.15622126678357728	0.38343910271539305	0.4603396305010298
0.1556046859029139	0.3840933013967412	0.460302012700345
0.1558856819965997	0.38386826436505	0.46024605363835036
0.15498254273231893	0.3839644161119027	0.4610530411557785
0.1555740007510487	0.38446873931899783	0.45995725992995357
0.15594047159855678	0.38336899921746054	0.4606905291839828
0.1541743306549483	0.3845301963995048	0.46129547294554707
0.15547404596493553	0.38426800967818825	0.4602579443568763
0.15427916100010994	0.3843422655592737	0.4613785734406165
0.1547010222907175	0.38410837318879876	0.4611906045204839
0.15444559704621347	0.38471464253345666	0.46083976042033004
0.15413257941290653	0.3846615215846788	0.4612058990024148
0.15453836733619875	0.384168736572504	0.46129289609129737
0.15513680149434209	0.3842082918838132	0.46065490662184483
0.15643428067151624	0.38363623012453013	0.45992948920395377
0.1564966396908395	0.3835950158046984	0.45990834450446216
0.1542915550866935	0.3842582011983807	0.4614502437149259
0.15457478136982641	0.384505882929023	0.4609193357011507
0.15432777147305482	0.3848154468452945	0.46085678168165084
0.15539008478933533	0.38371177173823423	0.4608981434724306
0.15546755879176108	0.3842052410525461	0.46032720015569295
0.15522183486852223	0.3837223225846618	0.4610558425468161
0.15505911616335974	0.38373195048848996	0.4612089333481504
0.15556013631934537	0.38343736929996786	0.46100249438068697
0.15630651524199773	0.38370542445012085	0.45998806030788153
0.15575812478325524	0.3834138571350347	0.4608280180817102
0.1561747378320002	0.3837828497228578	0.46004241244514216
0.1555629096075925	0.3842856593861339	0.4601514310062737
0.15494696636414257	0.38408349034026995	0.4609695432955876
0.15615043927920155	0.38375232112269875	0.4600972395980998
0.15385912197397766	0.3846704917521924	0.46147038627383
0.1554659606479351	0.3845328391768572	0.46000120017520785
0.15489054002792144	0.3848299386305401	0.4602795213415386
0.15612743537355828	0.38349992959593354	0.4603726350305083
0.15509972578094455	0.3847055836830574	0.46019469053599815
0.1557494020038533	0.38413881353135604	0.46011178446479084
0.1546180268092005	0.38470080172354737	0.46068117146725224
0.1551852308081344	0.3833620367883586	0.46145273240350715
0.1553998188222684	0.3835957891199486	0.4610043920577831
0.1559784070642004	0.3841008494586725	0.45992074347712725
0.15555492816711827	0.38436066005146996	0.4600844117814119
0.15507660445617635	0.38410928432882274	0.460814111215001
0.15524536469336037	0.38352902886709855	0.4612256064395412
0.15576869633117618	0.3842469897930708	0.4599843138757531
0.15542169964120242	0.38372207359645316	0.4608562267623445
0.15456369957050486	0.3842334253717314	0.4612028750577639
0.15517667445580502	0.38425865892873967	0.4605646666154554
0.15640869050776693	0.3835367768464187	0.46005453264581453
0.15539269774038583	0.3841427342190621	0.46046456804055225
0.1555106505556627	0.38373812703452737	0.4607512224098101
0.15576610837381805	0.3836014239613063	0.46063246766487576
0.15429810337749417	0.38476590543062117	0.4609359911918848
0.15412249531397898	0.38443734229844606	0.46144016238757507
0.1540552917840553	0.38445216847759345	0.46149253973835136
0.15529839872896972	0.38366275382675835	0.46103884744427204
0.15494539173111957	0.38470998839826653	0.46034461987061404
0.1555893940070619	0.3835966098490594	0.4608139961438788
0.1556144590757429	0.3841833072927525	0.4602022336315047
0.1544726986231293	0.38442791322934955	0.46109938814752127
0.15483414051324434	0.38455107450293996	0.4606147849838158
0.15540348600400472	0.3839896424967337	0.4606068714992617
0.15494425925329497	0.38439848071766924	0.46065726002903584
0.1552453480960021	0.38358055734856406	0.46117409455543396
0.15558017451763284	0.3843088467502576	0.46011097873210965
0.15495393262017396	0.38451139569281634	0.46053467168700984
0.15535039812522733	0.384046019503199	0.4606035823715737
0.15532156312162465	0.38354812139084415	0.46113031548753136
0.15501739988673108	0.3839657212751472	0.4610168788381218
0.1551256555445578	0.38480848195498013	0.46006586250046216
0.15484874798894616	0.3838027062564368	0.46134854575461715
0.15462254012711724	0.38470707175642926	0.4606703881164536
0.15555293011016455	0.3837119252577376	0.46073514463209797
0.15428611314128937	0.38447100696649933	0.4612428798922114
0.15468471979278436	0.38433587364415733	0.46097940656305847
0.15590240163934266	0.384195104433822	0.45990249392683547
0.1561345057725692	0.38341858404073503	0.46044691018669587
0.1555180433085281	0.3834465092309536	0.4610354474605185
0.15479280569570858	0.3840915140405682	0.4611156802637234
0.15429739820077076	0.38464012370828443	0.4610624780909449
0.15472124086758016	0.38483075816976875	0.46044800096265126
0.1559667743940294	0.3841322338262818	0.4599009917796889
0.15457128665601141	0.38474145594422177	0.46068725739976696
0.15464444722942028	0.38492977848565063	0.46042577428492926
0.1551377002653835	0.383931916735206	0.46093038299941064
0.15571041758493126	0.38354025972091443	0.4607493226941544
0.15622360419020495	0.38389734631452593	0.45987904949526925
0.1547889736334247	0.38411526155933845	0.46109576480723696
0.1540791134173341	0.38434480176448266	0.46157608481818335
0.15394319188766492	0.3846915789327395	0.46136522917959577
0.15523512401998973	0.3846133235377967	0.4601515524422137
0.15497841402917145	0.3840249297485923	0.46099665622223635
0.15526248293465844	0.38438849496958594	0.4603490220957558
0.15553909914757402	0.38387201982999986	0.46058888102242623
0.15585252284255002	0.38411035533525434	0.4600371218221958
0.15513650978219243	0.3844072225620429	0.4604562676557648
0.15495165267188488	0.38446416155470053	0.46058418577341476
0.15497009159594574	0.3841151096653051	0.4609147987387493
0.1547883088457429	0.38412050925482033	0.4610911818994369
0.1551560687099681	0.38446404429603337	0.4603798869939987
0.15458711664905533	0.3847159917575515	0.4606968915933932
0.1559848271170681	0.383522702083443	0.460492470799489
0.15514846682514855	0.3834823389886209	0.4613691941862307
0.15588197686104965	0.3841069012533957	0.46001112188555476
0.15613125929589117	0.383694054000683	0.46017468670342593
0.15531344254958698	0.38488567772858095	0.4598008797218322
0.15518600922170706	0.3835551098253718	0.46125888095292134
0.155101475969948	0.38456022023231895	0.4603383037977332
0.1559792779409421	0.3836181917485102	0.4604025303105478
0.1551898163320195	0.38436870856231803	0.4604414751056626
0.15564342738468145	0.3833663812576922	0.46099019135762653
0.1554663284639758	0.384343186558297	0.4601904849777273
0.15526597656030333	0.38472433567703657	0.4600096877626602
0.15517709902582622	0.38412262894219396	0.46070027203197994
0.15631225095989082	0.3836284112601833	0.4600593377799259
0.15502830029476583	0.38452675345243215	0.4604449462528022
0.15509181331035904	0.38384382746988244	0.46106435921975863
0.1560024105091231	0.3836290288836248	0.4603685606072522
0.15500233547752523	0.384785969008581	0.46021169551389396
0.15511674844234635	0.38396803021128173	0.46091522134637203
0.15614788920794948	0.3833861392194124	0.46046597157263824
0.15476238690405172	0.38413579646503526	0.46110181663091315
0.15470456985243877	0.38392895159217505	0.4613664785553863
0.15495323982950043	0.3837495432271609	0.4612972169433387
0.1555675924662578	0.38377960172977726	0.46065280580396506
0.1548368938116394	0.38466958111573196	0.46049352507262875
0.154709600725464	0.3841097663567196	0.4611806329178165
0.15572302099707036	0.38379516450748097	0.4604818144954488
0.1542366190455115	0.38448732482468545	0.46127605612980316
0.15644156264735135	0.38348391998884823	0.46007451736380056
0.1548029680426447	0.3847601615955293	0.4604368703618261
0.15647735579906136	0.3837090356631405	0.4598136085377983
0.1556890372934691	0.38431062539847916	0.4600003373080519
0.15527475830466922	0.3835914463380605	0.4611337953572704
0.15397478304918072	0.3847549664372226	0.46127025051359677
0.15584066546017356	0.3841077084237886	0.46005162611603795
0.15636615448311975	0.38338153637683947	0.4602523091400409
0.15478930442896546	0.3837364938988161	0.46147420167221853
0.1561706230680829	0.3839618098716397	0.45986756706027754
0.15618213948431836	0.38344930409554245	0.4603685564201393
0.15588711462039756	0.38385880132001243	0.4602540840595901
0.1547385022383495	0.38377384953206006	0.4614876482295906
0.15465831064516278	0.3846612031395661	0.46068048621527125
0.1549306616424543	0.3840820245141746	0.4609873138433712
0.15569548866174748	0.3842409793857205	0.46006353195253213
0.15542690071222123	0.38406683489508514	0.46050626439269376
0.15548375013932098	0.3834346318648217	0.46108161799585745
0.15539525537473975	0.3841742683588666	0.4604304762663938
0.155101166981494	0.38397456902324145	0.46092426399526465
0.15606632357911532	0.38375324269970745	0.4601804337211774
0.15636730697255588	0.3835971457815761	0.4600355472458681
0.156359793459306	0.38347696269605575	0.4601632438446384
0.1550698897638347	0.3846535927631588	0.46027651747300663
0.15437238049366106	0.38486768391519083	0.4607599355911482
0.15627971618783412	0.3833789699751014	0.46034131383706456
0.1539655532795165	0.3848696897560805	0.4611647569644032
0.1552890068559828	0.3841772787165831	0.4605337144274343
0.15478269142236062	0.38368865024776844	0.46152865832987106
0.15436376577882702	0.3846678212951727	0.46096841292600044
0.15521432134333818	0.3841206541190729	0.46066502453758895
0.15575970981379428	0.3837417546087005	0.4604985355775053
0.15580522984646095	0.3835729578728058	0.46062181228073334
0.15649336310362458	0.3834643902736674	0.4600422466227081
0.15467889320850442	0.38392998592130806	0.46139112087018763
0.15389765257940452	0.3847498715303976	0.461352475890198
0.15413785460848975	0.38450074782875887	0.4613613975627515
0.15454107176541995	0.3842914194506535	0.46116750878392665
0.1562849467689643	0.38374487487961806	0.45997017835141774
0.1550684858876747	0.38439781087662855	0.46053370323569687
0.15525821786309252	0.3842433423630377	0.46049843977386995
0.15533428060471646	0.38475147151893097	0.4599142478763527
0.1556022210409561	0.3838933449627168	0.4605044339963272
0.15443101310723042	0.3848076864189085	0.4607613004738612
0.15548731843999564	0.3837226557853213	0.4607900257746832
0.15461434769458948	0.3843427516978206	0.46104290060759
0.15518374253723188	0.3834797715213376	0.4613364859414306
0.1543692452567301	0.38456100997440096	0.4610697447688691
0.15517693816643147	0.38404648715029344	0.4607765746832752
0.1544218354114662	0.38442797194801065	0.46115019264052326
0.15632944051027337	0.3837978063465735	0.45987275314315323
0.15610110016431888	0.383732195914578	0.4601667039211032
0.1562907682182115	0.38342684465660787	0.4602823871251807
0.1560787178773565	0.38383124797664386	0.4600900341459998
0.15466470329244403	0.38447702265493705	0.46085827405261903
0.15397303313242539	0.3844886847747577	0.461538282092817
0.15543950164334272	0.3844301571332273	0.4601303412234301
0.15568789368159147	0.38363841503651497	0.46067369128189367
0.15584383540215213	0.3835677787672113	0.46058838583063666
0.15417601106883433	0.38443428143476455	0.4613897074964013
0.15547719819272415	0.38340252358496896	0.461120278222307
0.15473254260315145	0.3839951143559355	0.4612723430409132
0.15563352614480896	0.3842802661167554	0.4600862077384357
0.1542623607930369	0.38452710846756605	0.4612105307393972
0.15593052400660748	0.3841625552164707	0.4599069207769219
0.15540648012129735	0.38365864743929406	0.46093487243940867
0.15427779217024454	0.3846912748400294	0.4610309329897262
0.15508633727825483	0.38451459915365266	0.4603990635680927
0.15610356899275712	0.38405986609856624	0.45983656490867675
0.1553636825945759	0.384508030951703	0.46012828645372117
0.15535673565996155	0.3834742739742459	0.4611689903657927
0.15544929972013533	0.3841335626455672	0.46041713763429765
0.15608182721159616	0.38350691375538637	0.4604112590330176
0.1552511579411303	0.3842636655891426	0.4604851764697272
0.15456703869011207	0.3839689337120469	0.4614640275978412
0.15501257579251437	0.38467049141013115	0.4603169327973546
0.1561437618160916	0.3836101486892366	0.46024608949467194
0.15496704325232022	0.38471003377897445	0.4603229229687055
0.15461075773168448	0.3840454758615512	0.46134376640676444
0.15575220089883757	0.38345325018648196	0.46079454891468064
0.15544449116517506	0.38472241127518364	0.4598330975596414
0.154735491216146	0.38405842508264143	0.46120608370121263
0.1546042933258501	0.38484654977282046	0.4605491569013296
0.15543953315821668	0.3836535407807732	0.46090692606101025
0.15497200096288838	0.38425505472015703	0.4607729443169547
0.15522243190241072	0.38427745070615926	0.46050011739143015
0.15521009121103418	0.38482725613406044	0.4599626526549055
0.1550599813149082	0.38382740566682083	0.4611126130182711
0.15522990344057316	0.38418692212299543	0.46058317443643154
0.15482353210559913	0.38479590454678614	0.4603805633476149
0.15514901391424266	0.3846851150036027	0.4601658710821548
0.15599831902880829	0.3837780286651966	0.46022365230599527
0.15544084710004175	0.38439670863614767	0.4601624442638107
0.15467422979993886	0.3846659670302573	0.460659803169804
0.1553376176674889	0.383995168443901	0.4606672138886102
0.1539919073551902	0.3846929062130819	0.461315186431728
0.1556050579765585	0.3834822736278791	0.46091266839556244
0.15495676006343148	0.3838955914710772	0.46114764846549144
0.15414688306950947	0.38434957848409806	0.4615035384463926
0.15449518314036503	0.38416113064091445	0.46134368621872063
0.15507840152540475	0.384645842219313	0.4602757562552824
0.15475138002045655	0.3846101983927062	0.4606384215868373
0.1558040969170283	0.3834049093815716	0.4607909937014002
0.15530974758010213	0.3835769547903867	0.46111329762951125
0.15462215577154692	0.3840278369254277	0.46135000730302556
0.15397092145571195	0.384780215814376	0.46124886272991217
0.15569517735673188	0.38345966262577785	0.46084516001749043
0.15575184645210827	0.3838378140349088	0.46041033951298305
0.155387676983292	0.3840722542581283	0.4605400687585798
0.15418700739353902	0.3847086748726095	0.4611043177338515
0.15587654795711756	0.3843253310539197	0.4597981209889629
0.1543576008402423	0.38483714739366026	0.46080525176609755
0.15589997650671655	0.38360770220572904	0.4604923212875545
0.1544452505458846	0.3843497067099739	0.4612050427441416
0.15388035941443265	0.38476765019195125	0.4613519903936162
0.15584193504152977	0.3842918411481304	0.4598662238103399
0.1562727327816976	0.3837628022757539	0.4599644649425486
0.1550140902968559	0.38393256175789664	0.46105334794524755
0.1540389193570026	0.38456935574462686	0.46139172489837066
0.15501197078469459	0.38446589375266804	0.46052213546263754
0.154865657612903	0.3835794795306846	0.4615548628564125
0.1555469649615621	0.3836124755542632	0.4608405594841748
0.15420133183593224	0.38454746564908215	0.46125120251498575
0.15483985544522041	0.3846074014502448	0.46055274310453487
0.15408849245631068	0.38462403728664685	0.46128747025704264
0.15534068977005405	0.38385989859580166	0.4607994116341444
0.15414723400817298	0.38485423253553647	0.46099853345629066
0.15508538485329842	0.3848170784802181	0.46009753666648356
0.15439470759226878	0.3846022351611369	0.4610030572465944
0.15474567087822383	0.3840093257454871	0.46124500337628926
0.15539038426303148	0.3835552913986075	0.4610543243383612
0.15492507182438947	0.3848975346245084	0.4601773935511023
0.15572684795870267	0.38434271469291326	0.4599304373483841
0.15474308818467097	0.3842331070602618	0.4610238047550673
0.15436716546626866	0.38424138914455347	0.461391445389178
0.15551808698444636	0.3842413619971592	0.4602405510183946
0.1547555327551185	0.3845739907893525	0.46067047645552917
0.15462381456884283	0.383849096035148	0.4615270893960093
0.15487990165058718	0.3837824465376672	0.46133765181174574
0.15473434978826503	0.3840425140472342	0.46122313616450084
0.1557959943731172	0.3837805716604777	0.4604234339664053
0.15521829091436745	0.384883961285454	0.45989774780017867
0.15520715066826107	0.38375180278571447	0.4610410465460246
0.15583021828585314	0.3842271562052998	0.4599426255088472
0.15464701350412713	0.38428003207940303	0.46107295441647
0.15493999077284626	0.38392742493631565	0.46113258429083825
0.15434086310363618	0.3846595845241089	0.460999552372255
0.15630234409384502	0.3834991177994749	0.4601985381066802
0.15606622505389772	0.38337501213115965	0.46055876281494273
0.15411466651528877	0.384920073510163	0.46096525997454835
0.15582501976393653	0.38383262795993367	0.4603423522761299
0.15492531429033277	0.38460232990137583	0.4604723558082916
0.15473694788180886	0.3841274797374396	0.46113557238075165
0.15487736748366088	0.3847047811227217	0.46041785139361757
0.15579175881403404	0.3838545674523548	0.4603536737336113
0.15456713915757078	0.38473636429743896	0.4606964965449904
0.15571071343210402	0.384088549844098	0.4602007367237981
0.15498830030343186	0.3843941711114275	0.4606175285851408
0.15528493672871818	0.38413394212191154	0.4605811211493704
0.15475463550870774	0.38436508132816927	0.4608802831631231
0.15647535731628257	0.38362908596088396	0.45989555672283355
0.15448933635695816	0.3843721109335706	0.46113855270947135
0.1560774703198007	0.3835650988637696	0.46035743081642977
0.15388739428977993	0.3846802702762356	0.4614323354339846
0.15440370589112237	0.3844815589359928	0.46111473517288504
0.15605736296142927	0.3839132157498098	0.46002942128876106
0.1552134405324464	0.3841176011854144	0.4606689582821394
0.1542591992173487	0.3842707648105855	0.46147003597206593
0.15443158249750344	0.38450392992637356	0.4610644875761231
0.15643624391572086	0.3837353689852946	0.45982838709898466
0.15605445713071645	0.38374754889662754	0.46019799397265615
0.15552405638204325	0.38383716467074436	0.4606387789472125
0.1545607244918797	0.3840677219747095	0.46137155353341097
0.15518021073207722	0.38378430417154863	0.46103548509637426
0.15435260470852757	0.3841295374987364	0.46151785779273613
0.1553409898293604	0.38344753111651736	0.4612114790541224
0.15521600516453005	0.3845694730488258	0.46021452178664424
0.1552872485209411	0.3840150474157295	0.46069770406332955
0.15528227272522077	0.3836017237629223	0.46111600351185705
0.15574717316760206	0.3835891604113697	0.4606636664210284
0.15474742062067515	0.38425833166227474	0.4609942477170502
0.1548123352609877	0.38459810285519525	0.46058956188381717
0.15490433152195238	0.38409160117187224	0.4610040673061755
0.15621881973784818	0.3838137438282438	0.45996743643390814
0.15565262942481267	0.38399386367635546	0.46035350689883203
0.15550284430380884	0.38363051591568204	0.4608666397805092
0.15554871409963034	0.3843500805732534	0.4601012053271164
0.15557950297929113	0.38449249039010613	0.4599280066306029
0.1550587480731367	0.38448675372585217	0.46045449820101125
0.1554698387236928	0.38402269441088893	0.46050746686541844
0.15481801133606815	0.38410600715285226	0.46107598151107965
0.15482823619974517	0.3841087633994648	0.4610630004007901
0.1555283036805975	0.3843145789375463	0.4601571173818564
0.15479495350296435	0.384781047117667	0.46042399937936884
0.15563767314917293	0.3845286800314565	0.45983364681937067
0.15646561435893885	0.3835602418890957	0.45997414375196555
0.15501064304437423	0.3840095741894819	0.46097978276614393
0.15578165093220658	0.3841033287368594	0.46011502033093415
0.15512311136037515	0.38451484477575654	0.4603620438638684
0.1559995560417657	0.3837145994969383	0.4602858444612961
0.15444429500704954	0.38432599623159	0.4612297087613606
0.1550798928885544	0.3846100781781861	0.46031002893325956
0.1541301887981379	0.3849124924973194	0.4609573187045429
0.15628843613847432	0.3835744282717914	0.4601371355897344
0.15566202202043292	0.3835700826061166	0.46076789537345064
0.15507297518371546	0.38441795146105007	0.4605090733552346
0.15463876982876257	0.3843781732260864	0.4609830569451512
0.1558180131529302	0.3840149902653573	0.4601669965817127
0.15559001829367203	0.3842104616091976	0.4601995200971305
0.1544837728356711	0.38445703020840727	0.4610591969559218
0.1545081783655789	0.38432709573561963	0.4611647258988016
0.15649148074759733	0.38363273192023983	0.45987578733216294
0.1559093139736069	0.3840295181995738	0.4600611678268194
0.15547436001232784	0.3838734898719947	0.4606521501156775
0.1544730680784493	0.38484179158897475	0.46068514033257607
0.15442716453468092	0.3846528520969734	0.46091998336834583
0.1556165297900367	0.38338156655471106	0.46100190365525234
0.15510369188829232	0.38363246238291693	0.46126384572879087
0.15561067025308706	0.3842884179281473	0.46010091181876583
0.1562279248553019	0.3833623792709339	0.46040969587376435
0.15482810068700864	0.3844724221418718	0.4606994771711197
0.15566403007355728	0.38436623673691983	0.45996973318952306
0.15493878560959837	0.38470563653475276	0.46035557785564907
0.15647146717573884	0.3837022192297007	0.4598263135945605
0.15525967631785992	0.38487364259524726	0.4598666810868929
0.15504391045592408	0.384431048937603	0.46052504060647304
0.15539651733932427	0.3848041005151316	0.4597993821455443
0.15544917429445676	0.3841264342620653	0.4604243914434781
0.1552537342676597	0.3844977065877253	0.4602485591446151
0.15415629009136328	0.3849278129923635	0.4609158969162733
0.15486009636577197	0.3845738987672362	0.46056600486699195
0.1554929527112878	0.38381316919658187	0.46069387809213047
0.15542260700620564	0.3833680444754972	0.4612093485182973
0.1549691468745139	0.3843946756713937	0.4606361774540925
0.15597364683313725	0.3839283959631936	0.46009795720366925
0.15563162440456121	0.3842875202361341	0.4600808553593048
0.15522912972433572	0.38486748060136566	0.4599033896742987
0.15480099348744275	0.38411720785680586	0.4610817986557515
0.15454205689571435	0.3841209973014288	0.461336945802857
0.15486786958108817	0.38427427848008594	0.460857851938826
0.1556091637280549	0.38393325381133114	0.4604575824606141
0.15518107901023387	0.38418555063419735	0.4606333703555689
0.15472038542369915	0.38416659563687083	0.46111301893943013
0.1558042236076973	0.38363629132434085	0.46055948506796196
0.15469949482645706	0.3843778539720062	0.46092265120153686
0.15439094769686396	0.3843148026301851	0.4612942496729511
0.15613690651124412	0.3835424252893902	0.4603206681993658
0.15594979809235257	0.38403808598972733	0.46001211591792024
0.15629086735158954	0.38369498691952325	0.4600141457288873
0.15445585127254338	0.3846097378299019	0.4609344108975548
0.15517095014558677	0.3834770879830947	0.46135196187131866
0.15512343160286812	0.3844530647983144	0.46042350359881756
0.1543998577049982	0.38484931814674356	0.46075082414825835
0.15472930635758375	0.3842319270547238	0.46103876658769255
0.15450356283514405	0.3846951647963523	0.46080127236850377
0.15535133235263218	0.38414848064197327	0.4605001870053947
0.15468727485654565	0.3839992016185309	0.4613135235249235
0.15489102965071813	0.38456270090308686	0.4605462694461951
0.15587315392897017	0.3841880198881961	0.4599388261828339
0.15552339564018752	0.3845458233065814	0.4599307810532312
0.1554406559266271	0.38362809180946156	0.46093125226391146
0.15628224061849438	0.3837408001728133	0.4599769592086924
0.15629512188695885	0.38370824586362645	0.4599966322494148
0.15454966768208173	0.3843392432338021	0.4611110890841163
0.1552683110164374	0.38450674074301117	0.4602249482405516
0.1556284518957336	0.3845444681663043	0.4598270799379623
0.15520864756754194	0.38427695874051054	0.4605143936919476
0.15543378600338664	0.38464830801798167	0.4599179059786318
0.15510720217953416	0.38479673652695306	0.4600960612935129
0.15428911867052275	0.3849013593030214	0.460809522026456
0.1554902784477289	0.3839014217159033	0.4606082998363679
0.15515567484795473	0.3838133012855759	0.46103102386646944
0.15532272027227895	0.38454808592792594	0.4601291937997952
0.15487235237922145	0.38404390749636996	0.46108374012440867
0.15449690870318666	0.38398108915820606	0.46152200213860745
0.15426743692672024	0.3849260949569002	0.4608064681163796
0.15468779863350415	0.38476303649723054	0.46054916486926545
0.15574850411350777	0.3834487372370702	0.4608027586494222
0.15518602566640075	0.3843608348694574	0.460453139464142
0.15525405255088212	0.383934869011952	0.46081107843716596
0.15481899566263857	0.3837171776402423	0.4614638266971192
0.15466725982265966	0.3838764661011121	0.46145627407622836
0.1549469851653707	0.38384226866601184	0.46121074616861757
0.15447686120762563	0.3841054593171683	0.46141767947520623
0.1556669451964237	0.38428411531050943	0.46004893949306697
0.15502985559377555	0.38347064926934576	0.4614994951368788
0.15463974850759848	0.38422747467143414	0.4611327768209675
0.1556142856835149	0.3837910561137384	0.4605946582027468
0.15566672716502447	0.3836388235862109	0.4606944492487648
0.15568470269823947	0.38409275662400083	0.4602225406777598
0.15428341028351472	0.384189630059509	0.46152695965697643
0.1545707614308241	0.384577614673791	0.46085162389538503
0.1553861215318092	0.383383401048813	0.46123047741937784
0.15508148252605825	0.3836512998110075	0.4612672176629344
0.15602910986549848	0.3835368760371896	0.460434014097312
0.15473740220378085	0.38375744329513395	0.4615051545010853
0.155284362801216	0.38459796476818114	0.460117672430603
0.15574267331741826	0.38417370531256134	0.46008362137002046
0.15573050179557585	0.38398640851416166	0.4602830896902626
0.15604752595674568	0.38392049407624995	0.4600319799670045
0.1551638526428601	0.38345599044482964	0.4613801569123104
0.15464126039573417	0.38403937043933056	0.4613193691649354
0.15579540374922407	0.3835171820967196	0.46068741415405645
0.1550465036550125	0.3840801472603496	0.46087334908463806
0.15504072681157327	0.3837088616990847	0.4612504114893422
0.15471346373572742	0.3842582956892409	0.4610282405750318
0.1557567511659889	0.3841066451917052	0.460136603642306
0.1548161122587574	0.3843738037251375	0.4608100840161052
0.15478049099067118	0.3839838700892096	0.4612356389201193
0.15398269810632803	0.384681554705532	0.4613357471881401
0.15560279719067818	0.3837924626705783	0.46060474013874364
0.15538210481175735	0.38337943404038854	0.4612384611478543
0.15386087890224803	0.3846817570561092	0.46145736404164295
0.15534738549277372	0.3844698079881095	0.4601828065191169
0.15480910835040185	0.3837296774849693	0.46146121416462904
0.15524074946691974	0.3845042123355698	0.46025503819751057
0.15515402792110192	0.38384663669819724	0.4609993353807009
0.1549688531889329	0.3848698330077643	0.46016131380330294
0.1560393524760418	0.3837301469925833	0.46023050053137504
0.15555522716375914	0.38416636270048604	0.460278410135755
0.15530736558371258	0.3845026185747055	0.46019001584158203
0.1558764105650425	0.3842439415137064	0.45987964792125124
0.15568824012958038	0.383675904746178	0.4606358551242417
0.15446155922757043	0.3847845331221642	0.46075390765026547
0.1561271346190335	0.38339779413412933	0.4604750712468373
0.15598872275002046	0.38392178324264725	0.46008949400733234
0.1548690940815836	0.38365719741338944	0.461473708505027
0.15427935133107865	0.38457873559369116	0.46114191307523034
0.15648339344169557	0.3836955396641275	0.45982106689417707
0.15476389790134065	0.38413693669931104	0.4610991653993485
0.15507186190898964	0.3833805639735193	0.4615475741174912
0.15503959886813357	0.3842269461631713	0.4607334549686952
0.15547172287930422	0.38394104828527853	0.46058722883541736
0.15501806782308053	0.38388336687455876	0.4610985653023608
0.1558990213399956	0.3835170167966702	0.4605839618633343
0.1554884350921295	0.38347589951252825	0.46103566539534235
0.1541820441814426	0.3844616707823123	0.46135628503624526
0.15482193518893117	0.3847783765008186	0.46039968831025035
0.15588073594746377	0.3838347767005228	0.46028448735201355
0.15511414470912144	0.3835236962564819	0.4613621590343967
0.1557786143889307	0.3836354595577033	0.4605859260533661
0.1552955248080926	0.38362049711349994	0.46108397807840756
0.1544008116217593	0.3849246769066943	0.4606745114715465
0.15498151382076783	0.3842480461373391	0.4607704400418932
0.15389781927727228	0.38485979107429275	0.4612423896484351
0.15553429450414064	0.38395085697217146	0.46051484852368807
0.15593929724815114	0.3840842435521912	0.4599764591996578
0.15623743585323352	0.383836398985882	0.4599261651608846
0.15541107747637317	0.38371035529483843	0.4608785672287885
0.15511041304156947	0.38385318704714555	0.4610363999112851
0.156276244577499	0.3838891534757624	0.4598346019467387
0.1555089248987548	0.38440343150728185	0.4600876435939635
0.15511560599044755	0.3835631929088965	0.461321201100656
0.15438095249138312	0.38461807035330126	0.46100097715531574
0.15582698095257283	0.38366114127626916	0.4605118777711581
0.15635863747111145	0.38362622801463164	0.460015134514257
0.1551686446232486	0.3846217994907714	0.4602095558859801
0.15613466493302774	0.3835726247490881	0.4602927103178843
0.1558328586681741	0.3840414134412858	0.4601257278905402
0.15572968331872236	0.384080349558661	0.4601899671226168
0.15501996526966638	0.3842019364873507	0.46077809824298305
0.15562716969250312	0.3842030108632088	0.46016981944428825
0.1549349889721437	0.38378455647226045	0.46128045455559596
0.1558949671033222	0.3834284454663734	0.4606765874303045
0.1541674283531786	0.38461017796411884	0.4612223936827027
0.15545889948185698	0.3835476963859245	0.4609934041322187
0.15416930344224428	0.3848602468516414	0.46097044970611445
0.15452137366395935	0.384302767927553	0.46117585840848774
0.15480026241336947	0.3847837774842702	0.46041596010236047
0.1552547504884008	0.3834308124867736	0.4613144370248258
0.15472886484464615	0.3848234850343626	0.46044765012099137
0.1553843811864692	0.38471027231002614	0.4599053465035048
0.154229311167259	0.384351513850816	0.46141917498192514
0.1556791339489027	0.38388278634584727	0.46043807970525014
0.15493855871934042	0.3846121447928885	0.46044929648777116
0.15551415428196086	0.38425291513999393	0.4602329305780453
0.15617039429229468	0.38391218380972847	0.459917421897977
0.15505302828474887	0.3835945732107708	0.4613523985044805
0.15594746386647856	0.3839556895536378	0.4600968465798838
0.15502777569619408	0.3845477704701436	0.4604244538336625
0.15391730460358632	0.3848086535583231	0.46127404183809073
0.15398294338358298	0.38461720160880286	0.46139985500761427
0.15461376458727988	0.38485481508949254	0.4605314203232277
0.15480904889177316	0.3836335968938456	0.4615573542143814
0.1548560760252515	0.3845301890168224	0.46061373495792624
0.15425142430631966	0.3842152787956129	0.46153329689806755
0.15500167539820647	0.38345994283457446	0.4615383817672192
0.15434562162924464	0.3849151530984941	0.4607392252722613
0.15562133446241436	0.38386056204916535	0.4605181034884204
0.15501359637018192	0.3848310485509076	0.4601553550789106
0.15527533547240627	0.3835067282539351	0.4612179362736588
0.15558296469934133	0.3838324543790661	0.4605845809215927
0.15520073643707416	0.384665724861348	0.46013353870157797
0.15520384933923714	0.3844875004012645	0.46030865025949846
0.1549706819492645	0.3844293523631753	0.46059996568756023
0.15503992950420792	0.3838446223131016	0.46111544818269057
0.1550716342506125	0.38383288696651063	0.46109547878287693
0.15552141044227613	0.38431715088922774	0.4601614386684963
0.1538938787779729	0.3846002757348001	0.4615058454872271
0.15555503211214478	0.38387383305015427	0.46057113483770107
0.15562730688388726	0.3843740925578553	0.45999860055825753
0.15478446276675228	0.384121194990165	0.4610943422430829
0.1553104041492955	0.3844665529904526	0.46022304286025195
0.15532800959351156	0.3841468548577773	0.4605251355487113
0.15423293889407352	0.38444092132149676	0.4613261397844298
0.1547766135702519	0.38435990040389867	0.46086348602584953
0.15514279588153024	0.38431967111771775	0.4605375330007522
0.15556576169890052	0.38447726864526843	0.4599569696558311
0.15395988232675178	0.3847521590562568	0.4612879586169915
0.15402182764112	0.3845383271244245	0.46143984523445564
0.1552184745546809	0.3839145720706165	0.4608669533747027
0.15448892707434098	0.38414743145422453	0.4613636414714346
0.1550590851766955	0.3849288095345759	0.46001210528872866
0.1542513849911087	0.38458079318119454	0.4611678218276969
0.15428635330559348	0.3845580062581997	0.46115564043620694
0.15446399894777535	0.38414740124911073	0.461388599803114
0.15505023394114364	0.38383183666806153	0.461117929390795
0.15506663472285942	0.3835735697705015	0.4613597955066392
0.15560363926980406	0.38402930233208504	0.46036705839811104
0.1544307590403602	0.3848161061255821	0.46075313483405783
0.15511657571572707	0.3848735696076307	0.46000985467664235
0.15507010341272903	0.38386962023206017	0.4610602763552109
0.15404739722806995	0.3848749167122244	0.4610776860597057
0.15385146935698543	0.38475756218921864	0.461390968453796
0.15393027243048082	0.3844988484441764	0.4615708791253429
0.15562405636420423	0.384138147343574	0.4602377962922219
0.15409454708353187	0.3844953187816789	0.4614101341347894
0.15543120637808738	0.3839497789402774	0.4606190146816354
0.1545496883070776	0.3846005942449911	0.46084971744793146
0.15521242833085863	0.38384942015032747	0.460938151518814
0.1548308968858553	0.3844294621530271	0.46073964096111775
0.15574458723405704	0.38346546007492854	0.4607899526910145
0.1550231951460972	0.3842657303551493	0.46071107449875365
0.1558435796289125	0.38365890044073503	0.4604975199303526
0.1541741479367461	0.38431811829200224	0.4615077337712518
0.15486706255612195	0.38380706507462825	0.46132587236924993
0.15480505253849036	0.3844831525929078	0.4607117948686019
0.1553571989334092	0.38447275590651014	0.46017004516008075
0.15397545934447252	0.38448490950750697	0.46153963114802066
0.1551522126945741	0.3846708886990379	0.4601768986063881
0.15460888078033672	0.38485328533480645	0.460537833884857
0.1540118999455547	0.38452598702036694	0.46146211303407847
0.15495428463833497	0.3844546571112306	0.46059105825043456
0.1541456772925939	0.38441519786888045	0.4614391248385258
