0.3242268293575983	0.2561167293348752	0.41965644130752655
0.38962160264570644	0.28576412285188024	0.3246142745024134
0.22988257183592586	0.28111718882276604	0.4890002393413082
0.43327067872517777	0.49112623364629515	0.07560308762852719
0.27279985582022126	0.48049171270547436	0.2467084314743045
0.39567266792967964	0.3039461344290888	0.3003811976412316
0.4092343818473969	0.48872665889519773	0.10203895925740544
0.226455479724391	0.3008610428720586	0.47268347740355054
0.3880058459297679	0.4858388965172208	0.12615525755301144
0.2630692058538846	0.4917286080211464	0.2452021861249692
0.3128821059396394	0.493378916796345	0.19373897726401576
0.2856431704300305	0.4551338582513976	0.25922297131857197
0.3935557942037995	0.3669249755137707	0.23951923028242994
0.34528004370140986	0.42039237727012396	0.2343275790284663
0.3499169802885245	0.47809831647469975	0.17198470323677584
0.33985337583027136	0.37170735171020064	0.2884392724595281
0.33968929113017193	0.4347754532908198	0.22553525557900836
0.31686608939341565	0.33706576657110904	0.3460681440354754
0.22764520686223227	0.281458975161711	0.49089581797605686
0.2459354674666871	0.2961775300338849	0.45788700249942804
0.2990761854849905	0.48994829094032466	0.21097552357468494
0.2595238646058185	0.4153119460143648	0.3251641893798169
0.3728806917729408	0.3650950207722867	0.2620242874547726
0.30627118575308165	0.3747822178238738	0.3189465964230447
0.3111665918942005	0.2937162958343556	0.395117112271444
0.23235613545044637	0.39283445696594654	0.3748094075836072
0.3417410597125784	0.2611603774143291	0.39709856287309264
0.21846342208805847	0.4340274662122337	0.34750911169970794
0.3843393115121429	0.44692126197338855	0.16873942651446863
0.32116984463222353	0.4515685812692183	0.22726157409855832
0.2732167538630573	0.33476040542023267	0.3920228407167101
0.28568388834340747	0.44977575320316326	0.2645403584534294
0.25696362951742036	0.3512900403435803	0.39174633013899945
0.386183310217031	0.44527122555892484	0.1685454642240442
0.22999411725801316	0.42093583553148717	0.3490700472104997
0.41517176751806073	0.35321399964187755	0.2316142328400618
0.285989272801872	0.24756677184579373	0.4664439553523344
0.2235057578468128	0.43311328434157603	0.34338095781161126
0.30421672874467376	0.4468691348525356	0.24891413640279075
0.30582530261107604	0.49315095519143376	0.20102374219749033
0.3959635268135423	0.4579540578993581	0.1460824152870997
0.29937094065144126	0.45060193228682416	0.2500271270617347
0.31258526848587176	0.3452893671017226	0.34212536441240576
0.24529319566048402	0.4029635221309263	0.3517432822085898
0.2699548977518566	0.3446682489260133	0.38537685332213023
0.2158496805669624	0.49352120602192817	0.2906291134111096
0.39628221377667	0.4682728015746097	0.13544498464872037
0.4170821343425676	0.416066524244259	0.16685134141317354
0.38573001173158017	0.39691224141427556	0.21735774685414438
0.29673851888772806	0.3708390322202088	0.33242244889206324
0.22046306857097134	0.49541467922823	0.2841222522007988
0.42486213493967195	0.48869619433647227	0.08644167072385592
0.43284799257473816	0.46797107016707756	0.09918093725818439
0.23879699522484502	0.24326065787855333	0.5179423468966018
0.31297899587629224	0.36672651765303593	0.320294486470672
0.3772203031363147	0.4691071237425442	0.15367257312114121
0.3132848384937484	0.38786558389619685	0.2988495776100549
0.41010417707995117	0.4651841979839715	0.12471162493607746
0.33965205511144564	0.2668446313073987	0.39350331358115576
0.25091727108451306	0.359149166906971	0.38993356200851603
0.40048620312165406	0.2592638939950133	0.34024990288333273
0.23003375139802093	0.24798488954403117	0.5219813590579481
0.32927613044763526	0.4679216992573091	0.20280217029505576
0.38785369422178073	0.3630577727813444	0.24908853299687503
0.24107422624135474	0.49180552033620234	0.26712025342244305
0.3752461484080779	0.4580786506150436	0.16667520097687866
0.3713661624733891	0.3569432996496499	0.2716905378769612
0.3760580391095709	0.249647476096367	0.3742944847940622
0.3376385107360455	0.36731581565230753	0.2950456736116471
0.27155989721884677	0.35338716723828684	0.37505293554286645
0.37562538240256954	0.29879245047500824	0.32558216712242233
0.34494844110364814	0.3663324625432919	0.28871909635306003
0.3680343468320935	0.37385063099559823	0.25811502217230836
0.31213353150520373	0.4137798865808538	0.2740865819139426
0.3690143524319299	0.3719087940667407	0.2590768535013294
0.32846451720819597	0.4045935607572198	0.26694192203458433
0.2917393902758815	0.2834504443121314	0.4248101654119872
0.2664871655327551	0.24507331157539247	0.48843952289185255
0.42330763631001905	0.24113007316568397	0.3355622905242971
0.38841590204333054	0.35939023816972426	0.2521938597869453
0.3326697608134328	0.46829144591070115	0.1990387932758662
0.36757915947573794	0.24986089501660036	0.38255994550766187
0.33260231257428763	0.255237248628529	0.41216043879718345
0.31982188303523273	0.39743123299938077	0.2827468839653866
0.31542030185993586	0.3258192944352245	0.35876040370483975
0.2768906685704686	0.38738598788093115	0.3357233435486004
0.404456508597561	0.2521817532190386	0.34336173818340054
0.21137987524404417	0.4530838403689571	0.33553628438699884
0.40805796038882414	0.393571937665178	0.1983701019459979
0.21764349626959023	0.4150373989695974	0.3673191047608125
0.350880275608323	0.387795953269631	0.2613237711220461
0.3912600772031598	0.36658384071663147	0.24215608208020878
0.33783473274213544	0.49566307822413763	0.1665021890337271
0.41240873110371046	0.35198978901824907	0.2356014798780406
0.37694712169916045	0.2748454134386294	0.34820746486221027
0.32238004888122496	0.38555285520960164	0.2920670959091735
0.3618795486852515	0.42705960921925723	0.21106084209549136
0.2798130114090017	0.3018680553403821	0.4183189332506163
0.3392323178962849	0.27228373612761775	0.3884839459760975
0.36257203456368237	0.36893580912304436	0.2684921563132734
0.29531968336881703	0.31184700912990193	0.39283330750128115
0.290970058525393	0.4849796595788105	0.22405028189579665
0.31215881784379784	0.33343255327702465	0.3544086288791776
0.31996499261652245	0.37356578737485485	0.30646922000862287
0.25852564682797874	0.36027371484270754	0.38120063832931383
0.289075759011936	0.34116200349244363	0.3697622374956205
0.2499454075165634	0.4112963671855955	0.33875822529784116
0.37185715785934587	0.3223495277802633	0.3057933143603909
0.33411942533951716	0.3405281101086378	0.32535246455184513
0.27316123016206834	0.2919570074367159	0.43488176240121595
0.3191853400512054	0.39632880017397765	0.28448585977481705
0.41495138764583167	0.2999165772351401	0.28513203511902835
0.3397487658778229	0.24804436943502883	0.4122068646871484
0.31782008658446625	0.30562420257664225	0.3765557108388916
0.3488890137905637	0.2588592256939998	0.39225176051543664
0.25461877688159595	0.36177113895681845	0.38361008416158576
0.3698612598605599	0.30530718744188506	0.32483155269755515
0.2795991814776403	0.4427362751690461	0.27766454335331375
0.38577739417510865	0.44516024960566986	0.16906235621922164
0.33627709767867514	0.3762628692709457	0.28746003305037926
0.2520047340765531	0.30480769076682035	0.44318757515662666
0.3022331022550734	0.43263077083120033	0.26513612691372634
0.40546574976176086	0.4301064130949631	0.1644278371432761
0.30772293384129024	0.4314303630895703	0.2608467030691396
0.24453198603528775	0.41950602448334473	0.33596198948136763
0.36062151920107577	0.2660744003240342	0.37330408047489017
0.3716198782692639	0.4398579787147453	0.18852214301599093
0.41264370820031565	0.31859712371384663	0.2687591680858378
0.4068264359967199	0.39762070274479877	0.1955528612584814
0.38369853810728105	0.2829961534849792	0.3333053084077398
0.29621922336129214	0.39695607953217554	0.30682469710653243
0.4266913432332201	0.3180930483660576	0.2552156084007224
0.25870699620360416	0.42378653879662787	0.3175064649997681
0.42667208635672005	0.3898885500276338	0.18343936361564625
0.23767861117106204	0.3693020475371004	0.3930193412918377
0.3987767203917937	0.31281375418977364	0.2884095254184328
0.213732629961599	0.3450961820481928	0.44117118799020827
0.3835516474005058	0.46421218639014067	0.15223616620935362
0.27759617308879914	0.30299417357449504	0.41940965333670593
0.26302643950036897	0.2666343898994432	0.47033917060018793
0.2800497887735018	0.4261340635815142	0.2938161476449841
0.42186043482824775	0.2625765952631585	0.3155629699085938
0.3286701104285283	0.2437206135633594	0.42760927600811244
0.2721937586092167	0.3219676424150585	0.40583859897572494
0.34183860346495015	0.37079576946811205	0.2873656270669379
0.3924349149732159	0.26873254672894015	0.33883253829784404
0.3187189514724467	0.49176344433578784	0.18951760419176555
0.40508354293802995	0.31634293173417294	0.2785735253277972
0.4129394701392433	0.28465659756206285	0.302403932298694
0.42336156043756773	0.39149951760673735	0.185138921955695
0.25846825737731105	0.39689055334259055	0.3446411892800985
0.43272690728307056	0.4205996037224653	0.14667348899446425
0.3219258781527097	0.3458673923109021	0.33220672953638836
0.2644797496535919	0.3468626146890045	0.38865763565740374
0.30128985851783535	0.3733094962972196	0.32540064518494516
0.32490635752646213	0.47305697260604407	0.20203666986749386
0.3675706014790184	0.284890204355675	0.3475391941653067
0.3510214983600998	0.3872578411344031	0.26172066050549725
0.2272168166296104	0.45372670222249883	0.31905648114789087
0.42270769125993257	0.34765146758002297	0.22964084116004457
0.27151411392477803	0.27057187011151906	0.45791401596370307
0.3572857501510138	0.3860422043114773	0.25667204553750905
0.3383028190986378	0.2615765873071922	0.4001205935941701
0.3989305772836209	0.3682468768218083	0.2328225458945709
0.29070327728250206	0.32090150059071937	0.3883952221267787
0.4035784080760536	0.38986373042430567	0.20655786149964078
0.3494875187955855	0.4604142673055811	0.1900982138988335
0.4049446994449314	0.47841791773519365	0.1166373828198751
0.25823683057325764	0.4716925255249368	0.2700706439018057
0.37801046295581003	0.3349176391005988	0.2870718979435913
0.33915033655023624	0.4122930453623793	0.24855661808738455
0.41026249342266186	0.32377411206073964	0.26596339451659856
0.4249383393929244	0.3509235829264913	0.2241380776805844
0.24764175695998708	0.462215642375713	0.2901426006643001
0.352193454139198	0.31015476189127894	0.33765178396952317
0.29949239091564195	0.3213029463541847	0.37920466273017345
0.3367284895161402	0.3643768589833543	0.29889465150050565
0.38417382435694736	0.25287764495578036	0.3629485306872724
0.28698681450579183	0.3008952645655618	0.4121179209286465
0.26997577212400714	0.28309474677441754	0.44692948110157543
0.3872755768677373	0.4145138156849867	0.19821060744727617
0.3158303282013112	0.4690024242919346	0.21516724750675434
0.3870158990430486	0.41823957334607553	0.194744527610876
0.385792253589936	0.3977003068088507	0.21650743960121338
0.2699512168582514	0.4789878000714828	0.2510609830702659
0.2585928358989617	0.37819075362332877	0.36321641047770964
0.22368498203596865	0.3422335068103699	0.43408151115366156
0.4004495905278907	0.367686906380849	0.23186350309126047
0.3720984527975078	0.33021909494044377	0.2976824522620486
0.3148406267785664	0.3369056558820765	0.3482537173393573
0.34115042289360914	0.29603615456977805	0.36281342253661286
0.41702800361195724	0.3565300865336823	0.22644190985436058
0.3701834162765232	0.42778232791780424	0.2020342558056727
0.3615829714936212	0.3700490231438389	0.26836800536254
0.24669015944606257	0.3845055705728756	0.3688042699810619
0.39974947839169955	0.3188003004000846	0.28145022120821594
0.2501423394354683	0.4357388406936059	0.3141188198709259
0.2860734543758139	0.40176831033990024	0.31215823528428605
0.3917804568536439	0.36119476131125955	0.24702478183509669
0.2641946355292264	0.362564259595751	0.3732411048750227
0.23251193544920729	0.40296689842426314	0.3645211661265297
0.3350823706307783	0.3035341685573846	0.36138346081183725
0.21431262793144368	0.4724457470501122	0.3132416250184442
0.23839550204748072	0.2524522660689405	0.5091522318835788
0.23398774363955455	0.3580229961824661	0.4079892601779795
0.2982365774242205	0.2944010235879987	0.4073623989877809
0.3698029985748962	0.27754635982070724	0.35265064160439674
0.2846595246539524	0.4501743789082073	0.26516609643784045
0.36511255919522967	0.44664593184224405	0.1882415089625264
0.3772846288633711	0.32606159965693254	0.29665377147969646
0.2666281388669715	0.27511745142550575	0.45825440970752285
0.25423051709817435	0.3882629742589543	0.3575065086428715
0.2698204611893572	0.24491041904320765	0.48526911976743525
0.3105368363443349	0.2895283259468901	0.39993483770877514
0.38142949304114643	0.32948460712000566	0.289085899838848
0.33733049749921784	0.27574224686521354	0.3869272556355688
0.397755584995606	0.4442552574445032	0.1579891575598909
0.24455379562070495	0.3629549652325819	0.39249123914671324
0.29741585406225796	0.44281429385952037	0.2597698520782218
0.27252282783398213	0.3258292091663487	0.40164796299966926
0.2913144386790465	0.37086646000850343	0.3378191013124502
0.3680946556217673	0.47309915437246985	0.15880619000576296
0.32186970384719976	0.3126800523488643	0.3654502438039361
0.27683316554409293	0.33214384925491697	0.3910229852009902
0.3529657360520373	0.3241919394217261	0.32284232452623673
0.2896989116845553	0.3365359063967231	0.3737651819187217
0.38887605297341726	0.47562677731999115	0.1354971697065917
0.28802383465981546	0.37531465760420885	0.3366615077359758
0.3952132289751047	0.24199249933256226	0.36279427169233314
0.2917859852301886	0.3820371498033431	0.3261768649664684
0.36183573637951233	0.46187586939091363	0.17628839422957412
0.2876075240328998	0.3397798054987518	0.37261267046834856
0.25460123118685696	0.27209713121409507	0.47330163759904814
0.4240665388187973	0.25799284383481114	0.3179406173463917
0.2676497341856198	0.3315973281699293	0.40075293764445097
0.35281523341179705	0.2691004491832457	0.37808431740495735
0.22218046263736713	0.3064368965191392	0.4713826408434938
0.2963145508213515	0.4493546428282438	0.2543308063504049
0.2763154210370167	0.2636975292245084	0.45998704973847504
0.3525964456484658	0.4764625465197046	0.1709410078318297
0.3942158277498712	0.2558482224067878	0.3499359498433411
0.41589670192491024	0.26648003159785366	0.31762326647723615
0.21786052930831512	0.4629257108423226	0.3192137598493624
0.23132765076466133	0.24303828945006045	0.5256340597852783
0.3464160648222017	0.2549048932464657	0.3986790419313327
0.24109027909880032	0.3257760880571163	0.4331336328440835
0.3490790842444733	0.43460480133424073	0.216316114421286
0.28009397895251265	0.45927663996729384	0.2606293810801936
0.2907046701115686	0.3248282933230113	0.38446703656542025
0.4182573463916748	0.37628794898530704	0.20545470462301832
0.28162975680972124	0.37181921650260835	0.3465510266876705
0.3367514329045016	0.2768276133009824	0.38642095379451613
0.2864862276160365	0.47931792814471563	0.23419584423924802
0.4008100094607886	0.43331880330595285	0.16587118723325867
0.23066207843517417	0.43940543294988854	0.3299324886149374
0.25657151671916356	0.4779369304450046	0.2654915528358319
0.3927941094288179	0.2749522742528753	0.332253616318307
0.3593814932176873	0.2651284553785642	0.3754900514037486
0.4080641300934005	0.2835573182861697	0.30837855162042993
0.2944259637484916	0.3805496922856297	0.3250243439658788
0.32307605836866543	0.4024247081201635	0.27449923351117117
0.226739398809966	0.30520576046305403	0.4680548407269801
0.2504086707507718	0.36047463659200907	0.38911669265721927
0.38765259452427814	0.4408006047759834	0.17154680069973866
0.32679640711613	0.46901783515602646	0.2041857577278437
0.33190945853770326	0.32381200248040426	0.3442785389818926
0.2329315923064571	0.30648181535181523	0.4605865923417277
0.2632127057517316	0.2671840183329137	0.4696032759153547
0.3868448146300639	0.31043278344505015	0.302722401924886
0.2505328468185929	0.2970926605474704	0.4523744926339368
0.400139344493794	0.248115785968184	0.3517448695380221
0.3859815393344266	0.3235713221400334	0.29044713852554005
0.3747282421408422	0.48183539002871	0.14343636783044791
0.24325883601317025	0.25229833079293507	0.5044428331938948
0.2773306940393951	0.2876358869051199	0.43503341905548515
0.2612100530502737	0.388460467770866	0.3503294791788604
0.28145466281193504	0.4334748733615468	0.2850704638265183
0.33167755964404	0.4843978583776175	0.1839245819783426
0.34615964736437815	0.3456286138588977	0.30821173877672425
0.337496863176393	0.2709923350750707	0.3915108017485364
0.39740728453692153	0.45571248849482227	0.14688022696825626
0.37590998167238904	0.4443629329243609	0.17972708540325014
0.3915490051921592	0.41023127494833656	0.19821971985950437
0.23279375606448888	0.28656494020577944	0.4806413037297318
0.2743759772543633	0.2531459933437818	0.47247802940185507
0.35529892921002015	0.46578974261684736	0.17891132817313254
0.43251225436094404	0.35605352477470514	0.21143422086435093
0.3288206543729895	0.3382057030781825	0.33297364254882805
0.33260839846274404	0.24375117667927443	0.4236404248579816
0.3873847593154781	0.4472455040093999	0.16536973667512206
0.32337238988095973	0.27650468858138133	0.40012292153765905
0.3704331317488597	0.447397062628897	0.1821698056222433
0.34282539159807346	0.34212268102504023	0.3150519273768864
0.21830349642602553	0.2861523173677026	0.49554418620627205
0.28632654242041783	0.3076991573473425	0.4059743002322398
0.30688310955178116	0.4185973994392622	0.27451949100895673
0.4267371285929069	0.3599462066743112	0.21331666473278202
0.4138672193580274	0.28817314860922966	0.29795963203274306
0.3575764512880298	0.4570944511715898	0.1853290975403805
0.426613650253393	0.44908998627755486	0.1242963634690522
0.38013847922990845	0.44988157968752884	0.16997994108256279
0.28764435138108474	0.25655410033210313	0.45580154828681224
0.38763199440254215	0.27963250802558504	0.33273549757187293
0.3338697577457135	0.2765493396003398	0.3895809026539468
0.3650617412024693	0.35291161501443746	0.28202664378309333
0.35540335841562076	0.47572709398559726	0.1688695475987821
0.2705179637628957	0.41077052281309717	0.3187115134240072
0.22969059767464112	0.28743458723537335	0.48287481508998564
0.4345755144474872	0.2990414047516744	0.26638308080083845
0.3439521183393058	0.314752289493923	0.34129559216677136
0.4261176591343139	0.3967194794337363	0.17716286143194993
0.33473591888068077	0.48213476975189357	0.18312931136742577
0.299968771855757	0.38502860512205433	0.31500262302218884
0.3909764712980587	0.4616351306271852	0.1473883980747562
0.2530137055206627	0.494747291918069	0.2522390025612684
0.34606736202976907	0.4205957749844012	0.23333686298582987
0.2456190431135073	0.41112947726740456	0.34325147961908825
0.3882563727149364	0.3705138936403741	0.24122973364468955
0.2120593149581747	0.3347213331092735	0.45321935193255186
0.2553654710141793	0.3601861163881166	0.3844484125977042
0.29310003343155283	0.2497203113058647	0.4571796552625826
0.4263895580878331	0.3814784315733804	0.1921320103387866
0.23436087549986834	0.40727247003125455	0.3583666544688772
0.2540185994150888	0.4582673240320004	0.2877140765529109
0.24558417719954143	0.46004150222923224	0.2943743205712265
0.35317915466826794	0.3426806230942557	0.3041402222374765
0.33978601822346644	0.42458672075261744	0.23562726102391618
0.23699957672435193	0.3355630357817445	0.42743738749390364
0.2621947346119542	0.24482852205755615	0.4929767433304898
0.4328375934246229	0.33129364016732843	0.23586876640804877
0.3620353187067566	0.36868951231542013	0.2692751689778234
0.21554377041254058	0.3345640829575554	0.4498921466299041
0.22142312941570136	0.2990553675979164	0.4795215029863824
0.21474115652930378	0.2750661312991005	0.5101927121715958
0.2123662699009064	0.3644654643601499	0.4231682657389438
0.3916861228120991	0.4086291081651401	0.19968476902276092
0.32709460273398194	0.4878185255934644	0.1850868716725538
0.4063377847255496	0.38784617696783236	0.20581603830661818
0.22047416428356625	0.2945042361077643	0.4850215996086696
0.4006506160993005	0.31240478277710865	0.28694460112359094
0.25376635334626596	0.48441444704811937	0.26181919960561484
0.4019903328348331	0.4038585707644608	0.1941510964007062
0.24238643336566185	0.2648676779193745	0.4927458887149638
0.3266801150301148	0.3830255052834355	0.2902943796864498
0.34032702771270057	0.46403664264210964	0.19563632964518987
0.33597111917654315	0.31839936627055865	0.3456295145528983
0.2336246881715456	0.3837938313821849	0.3825814804462696
0.39643141602506926	0.47995569363200397	0.12361289034292683
0.32141226721932714	0.3454814683151069	0.33310626446556607
0.22630015822668662	0.3283161921600906	0.44538364961322285
0.28232820139865705	0.2602540376394068	0.4574177609619363
0.22020486698915182	0.4441136193293064	0.335681513681542
0.3981038762402494	0.46011410686698173	0.14178201689276898
0.24511808490512937	0.43019455581404514	0.3246873592808256
0.32937433716136677	0.4843564633551197	0.18626919948351364
0.27462552879615487	0.30714622816764614	0.4182282430361991
0.28737031017050096	0.3168458284297602	0.3957838613997389
0.22255456598782086	0.39634276649041345	0.3811026675217658
0.2875725453694034	0.31767379155229925	0.39475366307829746
0.22458533298323521	0.45195372469215334	0.3234609423246116
0.22199490033993702	0.3786360206102714	0.3993690790497917
0.33988032625726117	0.3089421660634157	0.35117750767932326
0.38402561230319304	0.269869143905826	0.34610524379098107
0.30296086760216356	0.48290062203591444	0.21413851036192216
0.27750438279149775	0.32859072294146174	0.3939048942670406
0.31220516585466834	0.44816981232743747	0.23962502181789427
0.38573077213966456	0.3109641064286718	0.30330512143166377
0.4159863447579032	0.32928932058838406	0.2547243346537128
0.3055962838542181	0.40841935544791264	0.28598436069786937
0.21634583806563717	0.28918834792725645	0.4944658140071065
0.29486288356423385	0.37046549718445343	0.3346716192513128
0.358491755069112	0.24807546547347195	0.3934327794574161
0.3077803156523184	0.3317366143639777	0.36048306998370405
0.25058681569610675	0.38432267008514304	0.3650905142187504
0.23603153842986518	0.27609148291273855	0.48787697865739643
0.29427199607025983	0.2818570956229866	0.42387090830675367
0.4297366807004598	0.43067815076148414	0.13958516853805616
0.21703233086970575	0.45249367514263555	0.3304739939876588
0.42084926440763387	0.3881954087758178	0.19095532681654837
0.2113347314780474	0.41657080069314173	0.37209446782881095
0.3431536426314041	0.2645058430020524	0.3923405143665437
0.3172882077615203	0.49492856882628955	0.18778322341219028
0.2798324014392704	0.29273163050518614	0.4274359680555436
0.39868742377532457	0.37839125872354973	0.22292131750112582
0.2560600425977503	0.388348985080536	0.3555909723217138
0.28817548724823655	0.2720990703322853	0.4397254424194782
0.40730429767072884	0.3650399820532602	0.22765572027601105
0.24779860655441988	0.3433123529454319	0.4088890405001483
0.3143584779873692	0.352867766845814	0.33277375516681695
0.2466770374165643	0.3376304405151846	0.41569252206825125
0.37443635430814365	0.30828970604517153	0.31727393964668493
0.23244628808809759	0.4649747262881728	0.30257898562372965
0.3248866784691004	0.4496978998156177	0.225415421715282
0.3531903195989131	0.4013632960741699	0.24544638432691712
0.42493204032202997	0.4073505283343425	0.16771743134362763
0.23300326707205768	0.38469285927178587	0.3823038736561566
0.35033303550568684	0.2763610036862436	0.3733059608080696
0.393701574765582	0.36233834391235514	0.24396008132206298
0.22963793280110187	0.39938934980364954	0.37097271739524873
0.2527739672525632	0.299292315245555	0.44793371750188193
0.3841299411051391	0.274935926488434	0.340934132406427
0.24164287599683706	0.42036917701818777	0.3379879469849753
0.3123547317837111	0.41512739593289294	0.272517872283396
0.4000334489069677	0.38298665154386075	0.21697989954917168
0.3807595981260734	0.30546523227833794	0.3137751695955888
0.3581720249772965	0.4352245262123025	0.2066034488104011
0.27700495438729184	0.34756133088924274	0.37543371472346554
0.39329355581235137	0.4826827030310512	0.12402374115659753
0.2529147058655079	0.41379696542202915	0.3332883287124631
0.3224390031154568	0.4662247887668836	0.21133620811765966
0.2601272514319863	0.3801861721229201	0.3596865764450937
0.29071012862338813	0.3503135072063256	0.3589763641702864
0.22115836898711894	0.25014293066637383	0.5286987003465073
0.3846969766191034	0.3948208979568249	0.2204821254240718
0.3191310866255169	0.40706031724380354	0.2738085961306797
0.3884106360947843	0.3163012321077129	0.2952881317975029
0.25023326903202475	0.4422593693194428	0.30750736164853254
0.2621236165665455	0.4519332398854949	0.28594314354795974
0.242139723059496	0.2537993011691767	0.5040609757713275
0.3162334475343724	0.26502685638546264	0.4187396960801651
0.36384722289545224	0.2853688531996993	0.3507839239048486
0.3113991502960301	0.43787874538704064	0.2507221043169294
0.2303939287390029	0.2479141312783999	0.5216919399825973
0.34682947339249093	0.2972488181268482	0.355921708480661
0.23825728452488304	0.41629861762065856	0.3454440978544585
0.3470242338472987	0.3682225498029579	0.28475321634974354
0.32267688382427506	0.475007564976074	0.20231555119965108
0.31073311484598104	0.3819511490771412	0.30731573607687784
0.312748865270674	0.4784021890477185	0.2088489456816076
0.4195549175823496	0.24557646041236791	0.3348686220052826
0.3004162088464969	0.38915015786887464	0.31043363328462864
0.3146239727990903	0.2595336315507012	0.42584239565020865
0.4078947662567985	0.4530408638180371	0.13906436992516455
0.3669331859572986	0.4648358543809544	0.16823095966174711
0.24396241822933984	0.4865034651410729	0.2695341166295873
0.2340936427466208	0.44853591811213434	0.31737043914124496
0.37328277254596365	0.2677357704080341	0.3589814570460024
0.21596145837261474	0.47335930968624995	0.3106792319411354
0.396718702130888	0.37272454442518543	0.2305567534439267
0.35069418092460897	0.42940933359510813	0.219896485480283
0.4143623591464049	0.37853731730114565	0.20710032355244953
0.24856774154162714	0.45800341223578206	0.2934288462225909
0.392056229965463	0.2884513684167379	0.3194924016177992
0.4171973126650971	0.25424681436854135	0.3285558729663617
0.4037927768297191	0.49001751331174537	0.10618970985853562
0.3158297403682739	0.4846741361143478	0.19949612351737844
0.43189042953123385	0.369719013253738	0.19839055721502824
0.4336138329265496	0.32818030142119226	0.23820586565225826
0.31929471482724936	0.4714203064260521	0.20928497874669869
0.2936828061895782	0.3948280604381518	0.31148913337227013
0.36305398563800023	0.39878554524002424	0.23816046912197564
0.25538664309985565	0.29125029567855165	0.45336306122159276
0.40789892833048463	0.32190155679263044	0.27019951487688504
0.3485656521512358	0.362101236273278	0.2893331115754863
0.2254444675720023	0.4760822753893591	0.2984732570386387
0.2949242740715863	0.42905202797663977	0.2760236979517741
0.40016196893562217	0.3043686859058886	0.2954693451584894
0.39149480279364873	0.4730281316797876	0.1354770655265638
0.42147613010086893	0.46896508778064216	0.10955878211848899
0.369428024996045	0.31893296735728766	0.3116390076466674
0.4062861536693933	0.30448437659816935	0.28922946973243746
0.21554327001010193	0.4127850323064226	0.3716716976834756
0.27091919773993584	0.3501304441095606	0.3789503581505037
0.3085635271095176	0.3845878133763099	0.30684865951417256
0.2671099119542403	0.2893620540916358	0.443528033954124
0.3732411270449114	0.3831433951844342	0.24361547777065456
0.2351635083162235	0.39912164368072406	0.36571484800305254
0.21538251220666582	0.4126757068392845	0.3719417809540498
0.41598638917903663	0.42765208234234875	0.1563615284786148
0.24151328539926373	0.39904613965323366	0.3594405749475027
0.40154323359400546	0.3206658800957018	0.27779088631029286
0.3587572530665166	0.44744443443818877	0.19379831249529472
0.25666163622497984	0.2519616535169781	0.49137671025804225
0.23200459185801556	0.4855188434059097	0.2824765647360749
0.24851731018246284	0.46414681053942397	0.2873358792781133
0.39935957408063905	0.39260966341037573	0.20803076250898536
0.3396006531092216	0.35374691320572826	0.30665243368505024
0.3081912285034793	0.4632836533775614	0.22852511811895937
0.2469718072979435	0.3252475922825997	0.427780600419457
0.2565446922453169	0.4637398389601018	0.2797154687945814
0.35781429555850247	0.29907053809406847	0.3431151663474291
0.41304001712760496	0.25276257731983	0.33419740555256516
0.35053727540863683	0.3618184890735797	0.2876442355177835
0.3936870932938811	0.2581943805956891	0.3481185261104299
0.29069377969937815	0.3553741730569009	0.35393204724372107
0.3965366130130986	0.41335807213375053	0.19010531485315096
0.33468771650650053	0.3351914080643873	0.33012087542911234
0.3061199638540758	0.47785503574091526	0.2160250004050091
0.2226323821069267	0.47611827929682904	0.30124933859624436
0.26544122664557834	0.33728598100772567	0.3972727923466961
0.2926407556927939	0.29504670039328906	0.41231254391391714
0.32324925718608893	0.43789781423486174	0.23885292857904944
0.4069392366449445	0.43867090181303103	0.15438986154202453
0.3848818884698664	0.33246522237599907	0.28265288915413467
0.2263109249742115	0.351772198605116	0.4219168764206726
0.3579303890664265	0.32320891696013965	0.318860693973434
0.3008901823129988	0.476977539854048	0.22213227783295333
0.3038388290935006	0.3623357212531983	0.33382544965330124
0.2931389694172917	0.36071363097989084	0.34614739960281765
0.29129218034815085	0.28602936027487225	0.42267845937697707
0.3077082356677553	0.43376832939542	0.2585234349368248
0.363904425141923	0.4768795089269048	0.15921606593117232
0.346138282613378	0.27477901461974463	0.3790827027668775
0.2520425051806092	0.283163162729362	0.4647943320900289
0.3758604454526447	0.34907581260268505	0.2750637419446704
0.35314651216477183	0.3849398590196258	0.26191362881560254
0.3227594729963544	0.2519426873991475	0.4252978396044983
0.3838205563848711	0.4611503787896203	0.15502906482550868
0.2303714021735385	0.4353750424155421	0.33425355541091956
0.26136691081887825	0.2827070250564925	0.45592606412462944
0.3335501134344927	0.45751218786329406	0.20893769870221332
0.4024501594520865	0.3585329342422728	0.23901690630564082
0.3702385373527022	0.3036091351181738	0.32615232752912415
0.24595833775777642	0.24501650542594638	0.5090251568162774
0.27839815754929553	0.4721468410698223	0.2494550013808823
0.24478950531656973	0.4012489750723257	0.35396151961110467
0.2458169379897731	0.469819844391683	0.28436321761854405
0.26136335335498373	0.3259498088984405	0.4126868377465759
0.2432996506776579	0.3389180394558154	0.4177823098665268
0.22400904346383657	0.37047035003649137	0.4055206064996722
0.3625257400584123	0.3224685404931964	0.31500571944839134
0.2911079380011131	0.4876328309231861	0.22125923107570092
0.28009987894158317	0.3542557702876921	0.36564435077072477
0.40255585050143927	0.33513007508607684	0.262314074412484
0.2141769394252826	0.3516981668509439	0.4341248937237736
0.3186202345380633	0.2447633762975388	0.436616389164398
0.3016522776393141	0.41704308057455924	0.28130464178612674
0.24514364325132945	0.43908701805623174	0.3157693386924389
0.39117335564736083	0.35061268777617977	0.2582139565764595
0.26874869648387567	0.47894769082508615	0.2523036126910383
0.28965432504626915	0.3276003454208839	0.3827453295328471
0.3792476899225792	0.4104767085036961	0.21027560157372482
0.2765983105702409	0.4925502546588729	0.23085143477088624
0.406618440865294	0.48346142237308554	0.1099201367616206
0.33350674847137557	0.4686222256088205	0.19787102591980407
0.2274010949385537	0.26054454633724305	0.5120543587242034
0.28347153263638036	0.4732990333356153	0.2432294340280045
0.3406549031997287	0.47068690904734267	0.18865818775292872
0.3512690244776926	0.3454400186667509	0.3032909568555566
0.22964409920653814	0.35433889954981584	0.41601700124364616
0.25930793920716577	0.24814001563145116	0.4925520451613832
0.3960343879960224	0.37888737915517345	0.22507823284880427
0.4347804106708174	0.26905427350681566	0.29616531582236705
0.22636966004880024	0.37502937348930787	0.398600966461892
0.2387792547566721	0.487616118801397	0.27360462644193106
0.3252511506947949	0.4581271359828506	0.21662171332235464
0.26998456748486954	0.4464607068963682	0.2835547256187624
0.32903707771795554	0.40035073705176144	0.27061218523028313
0.2194504222081498	0.2670164510820042	0.5135331267098461
0.371177343746389	0.3299429646291933	0.2988796916244178
0.36849153915495275	0.46660500595289345	0.16490345489215397
0.40104142141492305	0.42794379148006584	0.17101478710501122
0.21199971086592873	0.4080086006020749	0.3799916885319965
0.3958814891629814	0.3174462315216858	0.28667227931533296
0.21426157525809786	0.31949032587678006	0.4662480988651222
0.26423563919998416	0.29298929082588476	0.4427750699741312
0.24500028196331372	0.33066324219110277	0.4243364758455836
0.4028859077173222	0.28227451769320894	0.314839574589469
0.23367242958219833	0.4475808287346794	0.31874674168312234
0.4140439597302761	0.265577687189159	0.32037835308056506
0.24518104045937567	0.46291217401467805	0.2919067855259464
0.2864579440917017	0.46689998722387205	0.24664206868442634
0.4197050562578312	0.2914781334077287	0.2888168103344402
0.22946025371836587	0.4787395831541156	0.29180016312751866
0.3193294008053491	0.4568319731789111	0.2238386260157399
0.2799489391249958	0.39080696681713534	0.329244094057869
0.3860841216726683	0.3506913433752349	0.26322453495209686
0.3793226452602524	0.3057379934464847	0.31493936129326305
0.3748467676909774	0.4353031055003173	0.1898501268087054
0.35554835578713334	0.34243745258144564	0.3020141916314212
0.22271812859693937	0.3507126520147872	0.4265692193882736
0.4161226573290891	0.39232056292605466	0.19155677974485635
0.3493430364334931	0.30948396385194055	0.34117299971456644
0.3918443041752212	0.31615708053937525	0.29199861528540366
0.3262021573699718	0.44213874485651095	0.23165909777351731
0.36124637702246276	0.39535979068101934	0.24339383229651804
0.4192864961921704	0.4311259363102476	0.1495875674975821
0.41799486251217427	0.4096486657571531	0.17235647173067273
0.2200288588058549	0.32869574556501013	0.4512753956291351
0.2511089490694843	0.2901518873165387	0.45873916361397715
0.37071874060814414	0.4491409873697487	0.18014027202210728
0.2738748000580137	0.4829567493010176	0.24316845064096884
0.2292641264307624	0.3156956529569627	0.45504022061227495
0.41537446405046236	0.36328723625857634	0.22133829969096142
0.3345489362759175	0.33056229042053503	0.3348887733035476
0.4064492451288555	0.2770966603326785	0.3164540945384662
0.42363484096925064	0.39168296678520775	0.18468219224554175
0.4284040452477944	0.41645979133952127	0.15513616341268446
0.40639708207085795	0.359724581595837	0.23387833633330518
0.37529410520660655	0.3948513057003138	0.2298545890930798
0.2452020941357972	0.4797292742656501	0.2750686315985528
0.23180795401126453	0.2833563594121431	0.4848356865765925
0.3254714565722481	0.4461771111959564	0.2283514322317956
0.35936047632812534	0.43410931126791813	0.20653021240395664
0.43102083901764743	0.3361080091633637	0.23287115181898893
0.3336601488016617	0.4261477134449182	0.2401921377534202
0.2678863994806085	0.37579860827018463	0.35631499224920704
0.42004640389381276	0.2639714598651826	0.3159821362410047
0.2974134048590443	0.36776398568326496	0.3348226094576909
0.24106518881672434	0.47080452083043084	0.28813029035284493
0.423897460303298	0.4601854182473671	0.11591712144933503
0.24843208800071398	0.39031500989876744	0.3612529021005187
0.2806766974757153	0.36754096376967615	0.3517823387546086
0.3619459395894567	0.47381222681432245	0.164241833596221
0.2125175034717584	0.29387996716841525	0.4936025293598265
0.3009507636520646	0.24201758613433083	0.4570316502136047
0.33089028719507935	0.30665488623056336	0.36245482657435735
0.34788257326612937	0.3443811401320168	0.307736286601854
0.3880144266926305	0.3561296218595483	0.2558559514478214
0.2474063294521093	0.39711241601213465	0.3554812545357562
0.3577152737917433	0.3154996230190486	0.32678510318920817
0.22533153684276927	0.39979097883016634	0.3748774843270645
0.413470304276204	0.28233148302537986	0.3041982126984162
0.3994600995740255	0.367807457184043	0.2327324432419316
0.4228509741690507	0.477248647408146	0.09990037842280344
0.2531895858764373	0.24531725429874812	0.5014931598248147
0.42850791144901157	0.4716460890805605	0.0998459994704281
0.2891404883043272	0.42053093288817145	0.2903285788075015
0.4112219491201569	0.40475537094605596	0.1840226799337873
0.2385698225059437	0.36800034477628896	0.3934298327177675
0.3760856525551081	0.2830061970484603	0.3409081503964317
0.3805472160029541	0.3936501306570626	0.2258026533399834
0.31567663113375005	0.270580617604566	0.413742751261684
0.2535407426409666	0.32024847525284106	0.42621078210619245
0.32984292319349784	0.40443412950471214	0.26572294730179014
0.31870644477508886	0.4134447379507953	0.2678488172741159
0.4041535874534383	0.4415109097909503	0.15433550275561142
0.25252817529309973	0.4451215210014076	0.30235030370549276
0.41982846008238406	0.2704238406627665	0.30974769925484963
0.26568858579704524	0.48057335063456186	0.25373806356839307
0.28001978936603145	0.4671435699047897	0.25283664072917894
0.2159712413228124	0.3041370206299787	0.47989173804720897
0.3635123154522507	0.28393802464479917	0.35254965990295023
0.3218576090619876	0.49320446265766427	0.18493792828034822
0.2377223273939868	0.3475063674574848	0.41477130514852856
0.42394744833528114	0.27825211515352155	0.29780043651119736
0.3898354257246941	0.3006687373184118	0.30949583695689414
0.21786250720494515	0.48007675469379907	0.3020607381012559
0.35640680383859147	0.28235752108522255	0.3612356750761861
0.23174509692995568	0.31270960185410995	0.4555453012159345
0.21098903118028456	0.3745151153754531	0.4144958534442625
0.3277572395857083	0.4463919480354665	0.2258508123788253
0.23144982129126118	0.2984034483927545	0.4701467303159844
0.38140680438513236	0.44909156235349357	0.1695016332613742
0.32906869089629803	0.3504816069831204	0.32044970212058166
0.32650024992666027	0.43097636534366796	0.24252338472967186
0.40079047078516616	0.27778453538638703	0.3214249938284469
0.4066520152379363	0.30294391887917704	0.29040406588288675
0.2711092179102225	0.4860128649467907	0.2428779171429869
0.42577023009136605	0.494188289194455	0.08004148071417905
0.2640661415613593	0.2690198394380261	0.4669140190006147
0.32607965393555843	0.44501640469824066	0.22890394136620099
0.3219161082577151	0.2537027685553873	0.4243811231868977
0.21310306676586624	0.3651426962018811	0.4217542370322528
0.36917763407010074	0.41085516264250094	0.21996720328739844
0.2379061516036793	0.37786419540644633	0.3842296529898745
0.21812589742815852	0.31518436672217315	0.46668973584966844
0.33404013864113874	0.4913364032793692	0.17462345807949214
0.2342382954824154	0.2676562775904924	0.49810542692709237
0.26034333187264674	0.28782926911284573	0.45182739901450764
0.35433080512350246	0.4428589623576437	0.20281023251885394
0.415457362298349	0.3640098347665981	0.220532802935053
0.2615123655070567	0.2432392440866883	0.4952483904062552
0.36395686487509005	0.3440058915591879	0.29203724356572214
0.35171407383755865	0.3248694744954242	0.32341645166701727
0.37668009820981935	0.4077483482889496	0.21557155350123114
0.40927210823398874	0.26347171114523826	0.32725618062077305
0.28719674143482954	0.3923361386096533	0.32046711995551724
0.3811705675108852	0.4045756499069868	0.21425378258212813
0.39493629929439034	0.4464123363970877	0.15865136430852203
0.3921139735125389	0.26568028570125224	0.3422057407862089
0.3861649979414786	0.33727410738768926	0.2765608946708322
0.31188966533013046	0.32907624125687185	0.3590340934129978
0.2542920837831525	0.2953138427264267	0.45039407349042093
0.28496381009105637	0.24375899221545708	0.4712771976934867
0.24557136237977753	0.45191767659715465	0.30251096102306796
0.42531837925467264	0.38366490327822594	0.19101671746710153
0.2605907604866266	0.2505211248859348	0.48888811462743875
0.3080160369625082	0.29780037693756306	0.3941835860999289
0.36409665081240744	0.4969629268720031	0.13894042231558956
0.2786975973167528	0.3867289302599481	0.33457347242329927
0.21742290026540806	0.3886414063544552	0.3939356933801368
0.3117285439194267	0.3972348723453351	0.2910365837352383
0.40163403916562407	0.43113948233163024	0.16722647850274583
0.3383137141702671	0.487066321038854	0.174619964790879
0.24121548654501293	0.4644779787708996	0.2943065346840876
