0.35001757366419667	0.4002014616584938	0.2497809646773096
0.35002171333929777	0.40031578993539674	0.24966249672530566
0.34989620907586955	0.40019946734689393	0.24990432357723666
0.35038774575925197	0.399760906670105	0.24985134757064315
0.35019860556118776	0.39979996161237547	0.2500014328264369
0.3503854556444874	0.39975181022403594	0.24986273413147672
0.35017799445114095	0.4000305633180681	0.24979144223079114
0.3501692694648809	0.40019549237311575	0.24963523816200345
0.35016430274352905	0.399945815207965	0.249889882048506
0.35005248582156223	0.40022922020782764	0.24971829397061024
0.3499225984993092	0.4001089555070795	0.24996844599361145
0.3500481091965398	0.4001153413687136	0.2498365494347468
0.3504069555784433	0.399678565254583	0.24991447916697382
0.34979518077617594	0.4003548358154202	0.24984998340840392
0.349908897534701	0.4001699742989363	0.2499211281663628
0.3496975858780163	0.4003652900539908	0.249937124067993
0.3496495899423433	0.4003340893840778	0.25001632067357904
0.350002360947385	0.3999331892980147	0.2500644497546004
0.35007022341567723	0.3998541961380998	0.25007558044622313
0.35014096562713587	0.39982345355783155	0.25003558081503274
0.349861921044269	0.40037546301275473	0.24976261594297633
0.3502069170618676	0.4001286616149458	0.24966442132318667
0.34991171929858816	0.40028408246869823	0.2498041982327137
0.3501102553707465	0.40003575894526455	0.24985398568398906
0.35038443748306003	0.39965419257007234	0.24996136994686777
0.35003394413483435	0.4000753038630025	0.24989075200216332
0.3500776602671754	0.4001171318693818	0.24980520786344293
0.34987158847372535	0.40022066549228047	0.24990774603399435
0.3501594068903521	0.3998881979628835	0.24995239514676454
0.34969390538471723	0.4002498560054013	0.2500562386098816
0.3499691007140713	0.4000725132334463	0.2499583860524825
0.3499254507465673	0.40028995109836385	0.24978459815506895
0.35016577283630673	0.3998095088526862	0.2500247183110072
0.3499306618734214	0.4004095699578985	0.24965976816868019
0.3496718770537571	0.40022942747742474	0.25009869546881836
0.35016581294409804	0.3997252085546191	0.2501089785012829
0.35027536086715005	0.3997460005801877	0.24997863855266234
0.35006752588967327	0.39996591643077245	0.2499665576795544
0.3500355704957003	0.39980891140703845	0.2501555180972614
0.3499161486547493	0.3999771069738308	0.25010674437142
0.3502000148984287	0.3996977303339341	0.2501022547676373
0.3501199852910975	0.3999509609897379	0.24992905371916466
0.3499391588429168	0.4003706897125631	0.24969015144452014
0.3499483837016877	0.400004537305756	0.25004707899255646
0.34973975072809704	0.4002683238032514	0.24999192546865168
0.34991447068180803	0.4004281473126401	0.24965738200555193
0.34986030665320317	0.40022111032375574	0.2499185830230412
0.3496662631684198	0.40033038879104454	0.25000334804053576
0.3501905508998061	0.3998916007278449	0.2499178483723491
0.34992903889003807	0.40032940488931223	0.2497415562206498
0.3501517309200191	0.4000958334634541	0.24975243561652688
0.3498488431821561	0.40038964877412864	0.24976150804371539
0.3497931925530177	0.40035167698457397	0.24985513046240843
0.34980937142383073	0.400041669290362	0.25014895928580744
0.3502755564837575	0.40003183710678664	0.24969260640945595
0.3503822963394673	0.399835297270902	0.2497824063896308
0.34964873484379944	0.40049610041543227	0.2498551647407684
0.350016675096624	0.4001242146112459	0.24985911029213023
0.3501249791005303	0.3997406499098404	0.25013437098962943
0.35022920703508625	0.39982509919972364	0.24994569376519019
0.3501860608559675	0.39988397038466084	0.24992996875937185
0.35024274967570246	0.3998646263048718	0.24989262401942586
0.3496974665633925	0.400202859037337	0.2500996743992706
0.34993238733946064	0.40021490657684844	0.24985270608369098
0.349750295486904	0.4003927740802042	0.24985693043289195
0.350339066362648	0.3996544038701557	0.25000652976719634
0.35017836420626114	0.3998352902427771	0.2499863455509619
0.3503871420981907	0.39993635141329764	0.24967650648851178
0.3503397058264484	0.3999393862067321	0.24972090796681962
0.3496544884899937	0.4003425403638617	0.2500029711461447
0.34984908126605274	0.40008477372575535	0.250066145008192
0.3498587199284906	0.40012929414857445	0.25001198592293505
0.34993212549164837	0.40004441881244834	0.25002345569590345
0.349668475956783	0.40044279236055474	0.24988873168266235
0.34986881648981	0.40030294068967504	0.24982824282051508
0.3502185098712427	0.4000436222930337	0.24973786783572371
0.3500298214461882	0.39980938421744555	0.2501607943363664
0.35004770448690437	0.39995390827492283	0.24999838723817291
0.3503164479507095	0.4000302249343266	0.24965332711496405
0.35016018084422623	0.3998574066736921	0.24998241248208178
0.35031515956329584	0.3999863392415587	0.24969850119514558
0.3501010617169376	0.3997871068250289	0.2501118314580336
0.3497701367740547	0.4002726419756299	0.2499572212503155
0.35033438614114143	0.39979849918269855	0.2498671146761601
0.3503924925895586	0.3998986770517493	0.24970883035869218
0.34991538260787813	0.40023602127510305	0.24984859611701887
0.34983115517416846	0.4002255050645147	0.24994333976131697
0.35002126667229233	0.4001318026876522	0.24984693064005553
0.3497719771643522	0.40024469275763486	0.24998333007801307
0.3501581679783357	0.4000556551033288	0.2497861769183356
0.34982865293129173	0.4004342568106188	0.2497370902580896
0.3499775923005846	0.39998269760790506	0.2500397100915104
0.34991991726282057	0.4004083620495681	0.2496717206876114
0.349801082346189	0.40015128678505996	0.25004763086875115
0.35023571454556435	0.39968426234061327	0.25008002311382255
0.3499531379591205	0.4000856127247454	0.24996124931613425
0.35007902508273875	0.40009657012206934	0.24982440479519202
0.35008484216849467	0.39983856294193343	0.250076594889572
0.3501433699610505	0.4001172417452078	0.2497393882937418
0.350243381794162	0.3996732889601065	0.2500833292457316
0.3498081580670755	0.4004324893185997	0.24975935261432491
0.3502603143733741	0.3999295447702461	0.24981014085637987
0.3498067486042799	0.40016331214101797	0.25002993925470224
0.3497689377615874	0.4001664739516682	0.2500645882867445
0.35003996728335246	0.39983011271577074	0.2501299200008769
0.3502090758493184	0.40014090962448456	0.24965001452619714
0.3501087793994417	0.40018723360707686	0.24970398699348156
0.35023892756363373	0.39987764346680554	0.24988342896956084
0.35038099390687855	0.3998091569023804	0.24980984919074123
0.3499371243920688	0.4002977389989237	0.24976513660900757
0.3496586495802495	0.4002278324432073	0.2501135179765433
0.34985710613727355	0.40049406483478067	0.24964882902794594
0.3502864320034452	0.4000571915641438	0.24965637643241106
0.3501917126310521	0.4001042254790447	0.24970406188990335
0.3499446710155544	0.4000408768044642	0.2500144521799815
0.350159993482377	0.4002009564276713	0.24963905008995185
0.35035387011120445	0.40000596245211645	0.24964016743667922
0.3499632482073881	0.40024659367796217	0.24979015811464977
0.35016404984750993	0.39993096457038213	0.24990498558210805
0.3500745678814161	0.4002500397450237	0.24967539237356026
0.35013533907178185	0.40003541129788744	0.2498292496303308
0.3499046271467834	0.40010168096752174	0.24999369188569498
0.3500438627531021	0.40008240984470944	0.24987372740218855
0.3499482834414144	0.40010921292602963	0.24994250363255607
0.34996160243002006	0.40013957906671294	0.24989881850326712
0.3500856376655659	0.4001520277173017	0.24976233461713257
0.34984960961954226	0.4003356932919334	0.24981469708852444
0.35010163929234306	0.3999511965873884	0.24994716412026868
0.34983459423448404	0.40016267169194336	0.2500027340735727
0.35021270969404633	0.3998979466556804	0.24988934365027338
0.35037187273272874	0.3998491898241133	0.24977893744315807
0.3498538602362123	0.40010325332238494	0.2500428864414029
0.3498872307176709	0.4001848730815329	0.24992789620079633
0.34976883543419546	0.4003846459179616	0.2498465186478431
0.3500189021895876	0.39989287945763935	0.2500882183527732
0.34969781882394047	0.40016228824467504	0.2501398929313846
0.35023444047143454	0.3997188441660776	0.25004671536248796
0.35038715991074576	0.39979958745396416	0.24981325263529014
0.34987611024241927	0.4004662225304786	0.24965766722710225
0.35037781978357974	0.39990588440679753	0.24971629580962285
0.35018021982329756	0.3999691824252337	0.24985059775146884
0.3501247175186679	0.400219759711177	0.24965552277015518
0.3501511400685509	0.399893929265687	0.2499549306657622
0.350066150231493	0.40012510697118603	0.24980874279732104
0.3502485866531123	0.3996619487609813	0.25008946458590653
0.3497971342578169	0.4004927990718609	0.24971006667032228
0.35015099342919775	0.39995467084675884	0.24989433572404354
0.34964286992820737	0.40036792754620865	0.24998920252558413
0.3503478096754329	0.3997304219594886	0.24992176836507862
0.3501643588528326	0.4000282330773052	0.24980740806986235
0.34987789371122	0.4004648359127603	0.24965727037601979
0.35005076460001183	0.4000519679231069	0.24989726747688143
0.34975951002575095	0.40022062258674596	0.2500198673875032
0.3500531427815068	0.39998778613203534	0.249959071086458
0.34973780344850425	0.40038273875567404	0.2498794577958218
0.34983059858228577	0.40043901236817925	0.2497303890495351
0.35001142271160346	0.40005368301364314	0.2499348942747535
0.3499922481524312	0.39985838693896925	0.25014936490859974
0.35010125163583034	0.40003128780865616	0.24986746055551362
0.34989533390145233	0.40014521617168425	0.24995944992686353
0.35026244032244935	0.39975584735112746	0.24998171232642336
0.3497238600732583	0.40032576612485704	0.24995037380188484
0.3499552532480938	0.4002641402694192	0.24978060648248712
0.3496668017886394	0.40041118896480754	0.24992200924655317
0.3497587707172874	0.40041969011443795	0.2498215391682747
0.3497828559329311	0.4004309772369231	0.24978616683014582
0.35021085876907976	0.39991375559740944	0.24987538563351097
0.3501754666148857	0.39993158880496427	0.24989294458015016
0.3504066746331711	0.39992648535693376	0.24966684000989525
0.3503329222834586	0.39982247977004287	0.24984459794649866
0.3498414396446009	0.40009997378973694	0.25005858656566227
0.3499329856931702	0.40005617706071195	0.25001083724611795
0.35013886780069914	0.3997195398300144	0.2501415923692865
0.3503753846414007	0.39971298316060844	0.24991163219799098
0.35040900521366086	0.39985854920872027	0.24973244557761898
0.35005228728714505	0.4001188380771498	0.24982887463570527
0.3499101038788281	0.40011822247124096	0.249971673649931
0.3500110036131008	0.40018393077578407	0.24980506561111526
0.3502345939223105	0.3997805783290194	0.24998482774867017
0.35005602905799527	0.3998971143974861	0.25004685654451875
0.3503107838572159	0.3997459152577002	0.24994330088508393
0.3503182980049708	0.399757948495483	0.24992375349954632
0.35004971458572987	0.40020313624531534	0.2497471491689549
0.34984927333440485	0.40042829415241904	0.24972243251317622
0.35015811604537034	0.39975345136543977	0.25008843258919
0.3501190542226968	0.40022071631329137	0.24966022946401195
0.350118951689056	0.4001163054680158	0.24976474284292832
0.34980433228915375	0.400424555527613	0.24977111218323333
0.3502670182157781	0.3999174691690612	0.24981551261516083
0.3502303992404308	0.3997611714958581	0.25000842926371125
0.3498341279442472	0.4001439849140237	0.25002188714172924
0.35003555936629793	0.4000422756994438	0.2499221649342584
0.3499613197702604	0.3999784499569057	0.250060230272834
0.3497314042436213	0.4004317368268785	0.2498368589295003
0.35014999819405435	0.3998525950277564	0.24999740677818943
0.3504098149759123	0.39965823994226646	0.2499319450818214
0.35041591028649965	0.39974832963455387	0.24983576007894662
0.3498860684420949	0.4002781564510535	0.24983577510685165
0.3501618201033059	0.40011739906343663	0.2497207808332576
0.34987923881949334	0.3999989505274416	0.25012181065306516
0.35024884402572604	0.40009552820239475	0.24965562777187936
0.35019801091169167	0.40015568505912125	0.24964630402918722
0.34999757213188876	0.4000560269004937	0.24994640096761767
0.3501281910381545	0.3999271331461649	0.24994467581568075
0.35038152004729445	0.3998526807586485	0.24976579919405717
0.3497544292424659	0.40030220306954156	0.2499433676879926
0.3497768090815804	0.40028025779456516	0.24994293312385454
0.3502144490443158	0.3997196740389223	0.250065876916762
0.3503360231906135	0.39992107809742705	0.24974289871195954
0.3497848245535177	0.4003068451893287	0.2499083302571537
0.34973642800464294	0.4002585324621104	0.2500050395332467
0.349961368506353	0.3998951836722122	0.25014344782143483
0.3500828515276013	0.3999533547262166	0.24996379374618216
0.34996860046533673	0.4000798077537196	0.24995159178094378
0.350232187933768	0.3998225888497844	0.24994522321644772
0.3500347633601072	0.4001564564853173	0.2498087801545757
0.3501367731363914	0.399811722918606	0.2500515039450027
0.3496860783004717	0.400339032226427	0.24997488947310134
0.3498623418429072	0.39998644885807355	0.25015120929901935
0.3500771984878396	0.40010971010529645	0.24981309140686409
0.35001131810598235	0.40018942748944525	0.24979925440457254
0.3499890607131756	0.39989861211854477	0.25011232716827975
0.3498801921693669	0.400056293209261	0.2500635146213722
0.35034556422891416	0.3997352567298938	0.24991917904119212
0.3497165031318533	0.40027512836980195	0.25000836849834485
0.3499621892216352	0.39996850739162115	0.2500693033867438
0.3501779468333098	0.39976918609574086	0.2500528670709494
0.35000421401541004	0.4000173548969111	0.24997843108767898
0.35010730864449546	0.3999138009614332	0.24997889039407145
0.3497467107987484	0.40017168699613004	0.25008160220512166
0.35018918886621425	0.39981605638527995	0.24999475474850588
0.3502012307383218	0.3999391346399784	0.2498596346216999
0.350379115536542	0.39981771505758057	0.24980316940587755
0.3501627639354276	0.4000785842551845	0.24975865180938805
0.3500927407730693	0.4002291692974885	0.24967808992944235
0.34974977363899734	0.4003850194231562	0.24986520693784664
0.35018117550855354	0.3996898302069117	0.2501289942845349
0.35030653399960615	0.39992063784178383	0.24977282815861016
0.34985038281119313	0.4001785207901347	0.24997109639867224
0.3499753607325576	0.4000160371755943	0.2500086020918482
0.34996695561976005	0.4001107623186968	0.2499222820615432
0.3499554752228293	0.3999107677311561	0.2501337570460147
0.34969645609071254	0.4002929909130115	0.25001055299627606
0.35029047007291225	0.399896971716573	0.24981255821051485
0.35024622462038485	0.39997340152386535	0.24978037385574992
0.35012457010796305	0.39973713099506714	0.2501382988969699
0.3499635864396291	0.3998886601987801	0.2501477533615909
0.35021548456962037	0.40000008542120613	0.24978443000917358
0.3501032702847698	0.40013339842162954	0.2497633312936008
0.35027025402808487	0.39980905582832404	0.2499206901435912
0.35033430606795113	0.3997237393836678	0.24994195454838117
0.34997393375130537	0.4001960040670405	0.2498300621816543
0.3498314139588196	0.4001475866068639	0.25002099943431666
0.35025699343077205	0.39993910248342907	0.24980390408579897
0.34964342193306364	0.4004641259290016	0.24989245213793485
0.35007406774559185	0.3999370207652821	0.24998891148912616
0.3501672485183747	0.39989062691900157	0.24994212456262382
0.34982418916008895	0.4004007421470597	0.2497750686928515
0.3497397065137642	0.4002980618761195	0.24996223161011644
0.349817258620268	0.4000609230272036	0.2501218183525285
0.35015252598358737	0.40019310281653686	0.2496543711998759
0.35032231789163143	0.3996399327888846	0.2500377493194841
0.35032209287831517	0.39977510429913593	0.249902802822549
0.35022191717970674	0.39999012605414846	0.2497879567661449
0.3501840323707535	0.3997965209552122	0.2500194466740345
0.3496724080968285	0.4002470945240033	0.2500804973791684
0.3500406659143265	0.3998895496958267	0.25006978438984695
0.3501291388477485	0.39996661820948776	0.24990424294276387
0.34991085581662423	0.3999612781548226	0.2501278660285533
0.34983923800778666	0.4002049033428315	0.24995585864938197
0.3500630379789759	0.39996317213431926	0.24997378988670496
0.34984389645180763	0.4000722883760549	0.2500838151721375
0.34994153321236765	0.40018399747061423	0.24987446931701826
0.3498634137404523	0.400050612714437	0.2500859735451108
0.3499411895482931	0.4004217279184386	0.24963708253326844
0.35017366750906914	0.4000205679232913	0.24980576456763962
0.350278466601292	0.39969415330349223	0.25002738009521586
0.3502682112710223	0.39966975941336075	0.250062029315617
0.3501360903065038	0.3998880262123691	0.24997588348112726
0.3503653712279165	0.3997551148309776	0.249879513941106
0.35032994228689196	0.3999686808783498	0.24970137683475838
0.3501499898353379	0.399924266972144	0.2499257431925182
0.34972551033534666	0.40033325085263094	0.24994123881202251
0.35014790944477187	0.3999472793099741	0.24990481124525415
0.35032853458063495	0.39987419868464796	0.2497972667347172
0.3502786632270578	0.39999485669843093	0.24972648007451137
0.3503995248618461	0.3997428167833481	0.2498576583548059
0.3500107608724217	0.4000237111778394	0.24996552794973895
0.35011234478452546	0.4001674418054557	0.24972021341001896
0.3499218419987412	0.40003745443055694	0.25004070357070196
0.35005670971889274	0.4001016851069312	0.24984160517417614
0.3496408502200058	0.40040647409685515	0.24995267568313911
0.3502419802271741	0.40009009757775715	0.24966792219506878
0.349935025236823	0.40007597010794416	0.24998900465523294
0.35028079587258665	0.3998096413852543	0.24990956274215917
0.3497470629655749	0.40045953376198123	0.24979340327244398
0.35011003241397415	0.400249564541888	0.24964040304413798
0.35005844036651906	0.400114125139388	0.24982743449409306
0.3500606222400546	0.4002521121403198	0.2496872656196257
0.34974036677708403	0.40044110656418386	0.24981852665873222
0.3499446025562724	0.40035028015639523	0.2497051172873324
0.350335744757324	0.39970693043038086	0.2499573248122952
0.35037059477059795	0.3999762423773554	0.24965316285204675
0.35020832667343577	0.39983123474020454	0.2499604385863598
0.3500698610058925	0.40025568742310547	0.24967445157100213
0.34981811521130657	0.4000927479228129	0.25008913686588063
0.34993231441143924	0.4001180531785866	0.24994963240997425
0.3502998091718241	0.39995889883901553	0.2497412919891605
0.34998774342407335	0.4000381531360724	0.2499741034398544
0.350065947277873	0.4000176910949375	0.24991636162718955
0.3501463110622539	0.40006239527298304	0.24979129366476316
0.34978666483373233	0.40034103987318814	0.24987229529307964
0.35026527295720933	0.3998542726071161	0.24988045443567472
0.3501803435130432	0.39988709210536555	0.2499325643815914
0.3498443655364786	0.40020649462279023	0.24994913984073133
0.3497885485664119	0.4000593787293255	0.2501520727042627
0.3499832522306016	0.4000374972486501	0.24997925052074835
0.34981776052796953	0.4003852010700446	0.24979703840198597
0.34990850110406146	0.40008004646647977	0.2500114524294589
0.34974968075350416	0.4002699199009725	0.2499803993455234
0.34978601537688736	0.4001609657106069	0.25005301891250586
0.3499710265899164	0.40036508005318233	0.2496638933569014
0.3499092725688412	0.40030699705833317	0.24978373037282575
0.35015060627184386	0.39990297417757137	0.2499464195505849
0.35037389280745324	0.39971332041882934	0.24991278677371753
0.3496536281040385	0.4002673358320017	0.25007903606396
0.34968128834587725	0.4001720678477331	0.25014664380638973
0.3499105726743491	0.4002745389738227	0.2498148883518283
0.3503798737052045	0.39968172856618045	0.2499383977286152
0.3498124577250485	0.40015022066504585	0.25003732160990577
0.34969181309229674	0.40050883008216365	0.2497993568255397
0.34994304246857416	0.40041594515042545	0.2496410123810005
0.3500600168148223	0.40003135999434897	0.24990862319082885
0.3498377547717113	0.4001770138975719	0.24998523133071696
0.3502484894807931	0.3998949894506265	0.24985652106858047
0.3503582355841584	0.3997511237992246	0.2498906406166171
0.3499278327708163	0.4003465113762576	0.2497256558529262
0.34977685755898336	0.40008484074474837	0.2501383016962684
0.3501197880100912	0.4000650567879415	0.2498151552019674
0.350165591425959	0.4001441646937719	0.24969024388026922
0.35028392141064946	0.3997832985424612	0.2499327800468894
0.35011237256898387	0.40015276806776473	0.2497348593632515
0.34977157607222575	0.4002437514706966	0.24998467245707778
0.34998516980716915	0.40007662733680793	0.249938202856023
0.3499480118081364	0.4003065094261207	0.24974547876574302
0.34986284857057093	0.40025076979896324	0.24988638163046595
0.34968459899251086	0.40021032232296505	0.2501050786845242
0.34998906464921486	0.40021460941226517	0.24979632593852008
0.3497766959007411	0.40049445242247084	0.24972885167678813
0.3500408074291585	0.4003018899166596	0.249657302654182
0.35023841029876557	0.39975471231210774	0.25000687738912675
0.34982659441727615	0.40005671678729116	0.2501166887954328
0.3503679610087724	0.3999278936793811	0.24970414531184665
0.3503220938586175	0.3999163992381854	0.2497615069031972
0.3501357090565154	0.39976329424722934	0.2501009966962554
0.35016439550632655	0.39977771064913464	0.2500578938445389
0.34981900941647626	0.4002610703008616	0.24991992028266224
0.34998495196134	0.40016844124954354	0.24984660678911658
0.3502909372304428	0.399641089069387	0.2500679737001703
0.34969924631937116	0.40033547410928294	0.249965279571346
0.3503172145071885	0.39987165188965773	0.24981113360315388
0.34998030356936694	0.39998586865381075	0.2500338277768224
0.350144116595225	0.3999064890785926	0.24994939432618246
0.35023712226500076	0.40003404946065546	0.2497288282743439
0.35013340399897763	0.39971718845942505	0.25014940754159737
0.35005380267144487	0.3997910728169319	0.25015512451162336
0.35016923539887435	0.3999298656256019	0.24990089897552387
0.35003472566558586	0.4001269609318378	0.24983831340257645
0.350314525443618	0.39986291858811135	0.24982255596827074
0.3499039447702731	0.40010187928369334	0.24999417594603368
0.34972482572659874	0.40025343549751147	0.2500217387758899
0.34971551118468064	0.4005182126612582	0.24976627615406125
0.3497506037759016	0.40042489764253575	0.24982449858156275
0.34980247082794486	0.40030764529671337	0.24988988387534192
0.35018615363016153	0.40004018783723133	0.24977365853260725
0.3496776678838758	0.400294647718565	0.25002768439755935
0.35015651256435576	0.4001157487715239	0.24972773866412046
0.3503151941750499	0.3999362110164997	0.24974859480845052
0.34997698807360633	0.39999010723002193	0.2500329046963719
0.35005498297061893	0.39985544695311	0.2500895700762712
0.3499934405282652	0.39989913666149224	0.2501074228102426
0.34981882077361537	0.4001966465618693	0.24998453266451545
0.35039734281352347	0.3997624498560445	0.24984020733043216
0.35019677742720073	0.3997946574625917	0.2500085651102077
0.3503026679502241	0.3999889358526738	0.24970839619710222
0.3498461790646702	0.3999964353231431	0.2501573856121868
0.350262212311765	0.40002896714234903	0.24970882054588606
0.3499809060845716	0.3999805145952342	0.2500385793201943
0.3501493005813283	0.4001606981736393	0.2496900012450325
0.3501247435267507	0.4000020181182872	0.24987323835496222
0.34982465602128104	0.4002773199803944	0.2498980239983247
0.34964386393449765	0.4002164715003568	0.2501396645651457
0.35012158746739064	0.4001304915764453	0.24974792095616422
0.3501678624759069	0.3999240448557693	0.24990809266832387
0.34966052498602906	0.4002545390665475	0.2500849359474236
0.35014525212945197	0.3998591543359877	0.24999559353456047
0.3500263203343692	0.4001454955220795	0.24982818414355137
0.3504103896686256	0.3997724128260171	0.24981719750535739
0.35018913626293374	0.3998923834235303	0.24991848031353614
0.3502130080000365	0.39982996479543487	0.24995702720452867
0.35024607981489086	0.400000988675462	0.24975293150964722
0.35004346914218476	0.39989219426733774	0.2500643365904776
0.34988365569438035	0.4004151908064721	0.24970115349914768
0.350410480796424	0.39966109102138636	0.2499284281821898
0.34994949032188244	0.4001174679610433	0.24993304171707437
0.3502996826927992	0.3997179240430365	0.24998239326416438
0.3500077997900826	0.40021761201006595	0.24977458819985154
0.350264030474374	0.39969933158558923	0.25003663794003683
0.3503162344123709	0.3998462288862147	0.24983753670141454
0.3503086955449777	0.39982973823999635	0.24986156621502614
0.35004468814573564	0.40020370998093024	0.24975160187333423
0.349896299965037	0.4001730538271	0.24993064620786304
0.34993446104071546	0.4000287073854545	0.25003683157383016
0.34995636298411553	0.39996700580278643	0.25007663121309814
0.3498424848720586	0.40049194751779216	0.24966556761014938
0.3497439063744378	0.40017598869328463	0.25008010493227767
0.34989211188392855	0.4004021664130271	0.24970572170304445
0.35024547341277185	0.4000814483990753	0.24967307818815296
0.35025252814409275	0.3998524335705227	0.24989503828538465
0.3503643625125442	0.3999754250297717	0.2496602124576842
0.3501130967122229	0.4001508000382623	0.24973610324951495
0.350054345984262	0.39987530304556795	0.25007035097017016
0.349923148178248	0.40012803440182454	0.24994881741992755
0.350112568214744	0.39991960938453375	0.24996782240072238
0.35003410777859484	0.40028836456803263	0.24967752765337264
0.3504142335110922	0.39967027271131333	0.2499154937775946
0.35010707938956476	0.39983692672883486	0.25005599388160044
0.3504142430744465	0.3997773858131633	0.24980837111239032
0.34991923470179237	0.40001038781175824	0.25007037748644945
0.3500579170790956	0.39979680674520834	0.25014527617569615
0.3503565419613691	0.3997450575334393	0.2498984005051917
0.3499610212507745	0.40029625786067125	0.24974272088855443
0.35036831704782423	0.3999189367791087	0.24971274617306716
0.3499724222717047	0.40024145491358004	0.24978612281471535
0.35003900622941875	0.4000781180655069	0.24988287570507445
0.3498489813969749	0.40026201146918927	0.24988900713383594
0.34970346272878516	0.40020619256650936	0.2500903447047056
0.3501868130417223	0.3999280257791339	0.24988516117914397
0.3503508102004485	0.3996457996821914	0.25000339011736017
0.34980334802307306	0.4004893455156229	0.2497073064613042
0.3499468728483482	0.40035132196304246	0.24970180518860946
0.3502036735643306	0.3998920039031052	0.2499043225325643
0.3501883988723442	0.4000493341956708	0.24976226693198506
0.3503642784189839	0.3998419834282317	0.24979373815278455
0.34978506817947624	0.40048294556720676	0.24973198625331713
0.35012203059211455	0.3999821290055394	0.24989584040234614
0.3500639271998636	0.39998938574501913	0.24994668705511736
0.35040785373317856	0.3997279620389075	0.24986418422791404
0.3503559659384527	0.40000616255007787	0.2496378715114696
0.35022138110631446	0.4000451814129717	0.24973343748071397
0.3503672394578626	0.3999245173280701	0.24970824321406743
0.3501975552427026	0.3997771275139477	0.2500253172433498
0.3498435491799536	0.4004452616730644	0.24971118914698215
0.3497714705975872	0.4003646457381291	0.24986388366428386
0.34988115015536747	0.39998352561838735	0.2501353242262453
0.34967354122879407	0.40018535123352095	0.2501411075376851
0.3502400203488339	0.40008273359170926	0.24967724605945696
0.3498900893555611	0.40003826690862154	0.2500716437358174
0.3497442142316187	0.4004872632422777	0.24976852252610365
0.35028734027490116	0.39968089069193047	0.2500317690331684
0.3499816168632625	0.4001557564759465	0.24986262666079112
0.3498793651809369	0.4002365462731631	0.24988408854590013
0.3501505692770546	0.39971918113287513	0.25013024959007035
0.35000293097700214	0.39995949057246616	0.25003757845053176
0.35032589724090285	0.3997835562450398	0.24989054651405745
0.34997433882557594	0.4002963681448373	0.24972929302958685
0.3503112105347676	0.3999647679651237	0.24972402150010886
0.349810008925402	0.4002999172343855	0.24989007384021264
0.3501910559880276	0.40003578613013324	0.2497731578818393
0.3502381271508509	0.3998112830102182	0.24995058983893104
0.350192920396405	0.3998708322556067	0.24993624734798844
0.3503908142241713	0.3997623127805122	0.24984687299531666
0.3502319478592123	0.39967802282153053	0.2500900293192572
0.3501209442176283	0.40020205705738127	0.24967699872499055
0.3499312599951656	0.40038179292357423	0.24968694708126027
0.3497251520349329	0.4004351895987318	0.2498396583663354
0.349697601546639	0.4003440828636534	0.24995831558970769
0.3503204179710524	0.39986467130920145	0.24981491071974624
0.3500690495253468	0.4000480404137492	0.24988291006090413
0.3499239140863322	0.400197482509876	0.24987860340379187
0.350194737825927	0.399889200736558	0.2499160614375151
0.35036345448328354	0.39987874597456624	0.24975779954215033
0.3501548726820626	0.4001695635900766	0.24967556372786093
0.34993978047618046	0.4002286335236983	0.24983158600012131
0.35002649556714693	0.3999832931341643	0.24999021129868887
0.35007722696549126	0.39989144715145414	0.25003132588305477
0.34966132382216236	0.400450961468762	0.24988771470907573
0.34982989088153643	0.4004580608960162	0.2497120482224475
0.35036696263242745	0.3996466046403963	0.24998643272717636
0.3499042654267591	0.4004476202915379	0.24964811428170308
0.34966806413039236	0.4003537248188165	0.2499782110507912
0.34987731518579185	0.40041475782954616	0.2497079269846621
0.3498669755406884	0.40049336127983487	0.24963966317947683
0.3501528147326056	0.40016569451335005	0.24968149075404447
0.3500467507970886	0.3998139371392722	0.25013931206363926
0.3503469364094889	0.4000066587007062	0.24964640488980505
0.34995080073290247	0.400285385258662	0.24976381400843567
0.3500709502900373	0.4002553144980564	0.24967373521190644
0.3499313191802848	0.40000332555919793	0.25006535526051743
0.35019045921999237	0.3998609920894177	0.24994854869059002
0.34973110912125577	0.40041797965645787	0.24985091122228648
0.35017756099031927	0.39990380673750875	0.2499186322721721
0.3501412125607336	0.4000376557404595	0.249821131698807
0.35010798218030803	0.39975132257394436	0.2501406952457477
0.3503038826390119	0.39974576780305043	0.24995034955793777
0.3503160674916451	0.3996977359985444	0.24998619650981058
0.3503761951049995	0.3998588215714667	0.24976498332353392
0.349887345495564	0.40000465106569316	0.25010800343874295
0.3502484889561212	0.39985366204531325	0.2498978489985656
0.3500924598392344	0.4001108763081551	0.2497966638526106
0.3502770353269262	0.40005604136865847	0.24966692330441542
0.3501714474230594	0.39975710252075936	0.25007145005618137
0.350020838695785	0.4002406512653256	0.24973851003888953
0.34999297600822177	0.3999005823855138	0.2501064416062645
0.35016243521351953	0.4001425873139659	0.24969497747251468
0.3497776565397323	0.40025811491743646	0.24996422854283137
0.34986672493655124	0.40031823970589847	0.24981503535755034
0.35019001665342464	0.39989699664497885	0.24991298670159667
0.34996549511849456	0.4000488823413408	0.24998562254016476
0.3501852525418294	0.39967831410103033	0.25013643335714036
0.3502635973488771	0.3998493223234596	0.2498870803276635
0.3501598890616675	0.39992031970600295	0.24991979123232969
0.35020598970463657	0.40013972527713815	0.24965428501822542
0.34994771287626913	0.4003484115563608	0.24970387556737023
0.3504145532919538	0.3997053928799269	0.24988005382811934
0.34980566498164517	0.40037494312934985	0.24981939188900515
0.3502418379243774	0.39997770598611704	0.24978045608950566
0.35029222352117984	0.3999862004458233	0.249721576032997
0.34990754397377044	0.40028973550202773	0.24980272052420197
0.3500781055277288	0.399822136802462	0.25009975766980935
0.3500980123714146	0.3997425570741312	0.25015943055445433
0.35031593629286195	0.39994090156138673	0.24974316214575146
0.3500723262602732	0.40007644858099733	0.24985122515872962
0.34983886090983646	0.40002905967373803	0.2501320794164257
0.34971992319948253	0.4002407107553182	0.25003936604519944
0.3502314471100156	0.4000566085475636	0.24971194434242094
0.34990488198311215	0.40006184003521983	0.25003327798166813
0.35035833512917	0.39990779585535374	0.2497338690154764
0.350320496837806	0.3999206004303356	0.24975890273185847
0.3500044109376057	0.4003110508662572	0.24968453819613717
0.35009676852002974	0.40000446929507977	0.2498987621848906
0.3503555695933103	0.39990753231740167	0.24973689808928812
0.35008137414545043	0.39976224643801195	0.25015637941653773
0.35018684408745	0.40012785387017136	0.24968530204237877
0.3497891227721683	0.40010129069224093	0.2501095865355909
0.3502410975261585	0.3996966513998125	0.25006225107402913
0.34979999450920823	0.40033161847322873	0.24986838701756314
0.34975453485417096	0.40032244935269823	0.24992301579313092
0.3496775403584301	0.40040573276130703	0.249916726880263
0.3499735818262537	0.4001235871731675	0.24990283100057892
0.34966780570433253	0.40026190143635565	0.2500702928593119
0.3500826526631942	0.39996904717884624	0.24994830015795966
0.35015867429279895	0.40019777287940234	0.24964355282779882
0.350028996547291	0.3998206103722575	0.2501503930804515
0.3500901997451917	0.3999669393137544	0.24994286094105406
0.35020179771924076	0.40011718132284124	0.24968102095791816
0.3499225884818508	0.4001048255014788	0.24997258601667047
0.34985708433243373	0.4001895673363996	0.24995334833116678
0.3503506438725297	0.3998368955539771	0.24981246057349332
0.3503634413688489	0.399877279769549	0.2497592788616022
0.3501378332330556	0.3998395329801573	0.25002263378678724
0.34967465260132374	0.40033981799798307	0.2499855294006933
0.3499190509692398	0.40024325226457474	0.24983769676618556
0.3499470979601266	0.40014191762772283	0.2499109844121507
0.34997471836951954	0.40033218799563364	0.24969309363484693
0.34966378901071027	0.4003077624134279	0.25002844857586193
0.34993439323860837	0.40001250107728664	0.2500531056841051
0.35008688793611076	0.4001787899700897	0.24973432209379962
0.35007261344467105	0.39982319612410055	0.2501041904312285
0.3498766602415365	0.40040937672727434	0.2497139630311892
0.3498028573319097	0.40006135064003306	0.25013579202805736
0.34996650777831184	0.40023915490792	0.24979433731376827
0.35026784443265596	0.3996589311466191	0.25007322442072505
0.3501004686473049	0.4001977215467068	0.24970180980598844
0.349804485825592	0.40029441828725276	0.24990109588715537
0.35012638024765963	0.4002234875012772	0.2496501322510633
0.35015198741711795	0.39973206611351664	0.2501159464693655
0.349729045048246	0.40051630546037364	0.2497546494913805
0.3497727677871177	0.40028328203430175	0.24994395017858068
0.3501087391488037	0.40015897600855155	0.24973228484264487
0.3496789222057344	0.4002272311434274	0.25009384665083834
0.35021178338324	0.39994325015386384	0.24984496646289628
0.35036131176130275	0.39969559797327836	0.24994309026541903
0.35019646819365513	0.4001629176611367	0.2496406141452083
0.3501027552248059	0.39979563122354284	0.2501016135516514
0.3503375510626379	0.3997975467309708	0.24986490220639138
0.3503129821379628	0.3999351189788838	0.24975189888315355
0.35011612549006177	0.3998919913315579	0.24999188317838045
0.34995766411443563	0.4001292620571683	0.24991307382839612
0.350249406987206	0.3999366867585747	0.24981390625421937
0.3502643093150065	0.3997712370617944	0.24996445362319922
0.3502721639346234	0.399710830840627	0.25001700522474973
0.34964448958679595	0.400371551699614	0.24998395871359008
0.3496507820630713	0.40028844523326923	0.25006077270365956
0.3498332463546409	0.4003419440476968	0.24982480959766243
0.3500864322536291	0.39981894211161056	0.25009462563476037
0.34967244034003153	0.40033360687453345	0.24999395278543507
0.3497854038302378	0.4004352210729177	0.2497793750968446
0.350224232670339	0.399804146379867	0.24997162094979408
0.3502673909109294	0.39983780055368845	0.24989480853538226
0.3501053134858729	0.40008546510124166	0.24980922141288553
0.35008668609425164	0.4000836321490025	0.24982968175674597
0.3498621486586837	0.4001396954979414	0.24999815584337504
0.3504120198047379	0.399677287051062	0.24991069314420022
0.349780965618715	0.4001420244851901	0.250077009896095
0.34977086998065593	0.40044175423684597	0.2497873757824982
0.350202466676455	0.399709368569389	0.25008816475415613
0.3501353401735622	0.4001334708873817	0.24973118893905621
0.35022927845825724	0.400001197970281	0.2497695235714619
0.34990583034907485	0.400084826150673	0.2500093435002523
0.3499534254562781	0.4002338715718111	0.24981270297191085
0.3502176605830855	0.3999923500060395	0.2497899894108751
0.35024041641978265	0.3997468973980665	0.25001268618215094
0.349952786637032	0.4000288199104461	0.25001839345252197
0.34995535115407694	0.4000283868357992	0.25001626201012395
0.350274013927274	0.40006264190203333	0.24966334417069275
0.35009597450380414	0.399910135484643	0.249993890011553
0.35030644303213626	0.39985992740610066	0.2498336295617632
0.3501131269725781	0.40021232446764476	0.24967454855977717
0.3498151465238774	0.4003123103502507	0.24987254312587193
0.34984583450820306	0.40021074078319885	0.24994342470859818
0.35013177419109653	0.4001980050558217	0.24967022075308185
0.35019417480220916	0.400069231740089	0.24973659345770194
0.34992017147321486	0.4001251944367471	0.24995463409003815
0.34988735692076545	0.40020691397006936	0.2499057291091653
0.35012374162327725	0.40002049346360824	0.24985576491311462
0.35030174165528605	0.3996848901600366	0.25001336818467745
0.35016190595493507	0.3999831354960943	0.24985495854897072
0.3497087523099578	0.40024381439326273	0.2500474332967796
0.3497186837001679	0.40039222067166697	0.24988909562816525
0.35003730954023343	0.3999718901722581	0.24999080028750859
0.3500141040691907	0.3999559116188972	0.25002998431191226
0.34993221282204134	0.4001152909484662	0.24995249622949253
0.3496639966307854	0.40051155571752006	0.2498244476516946
0.3497014638792122	0.4003060661479842	0.2499924699728037
0.34995927098844537	0.4001812720923367	0.249859456919218
0.34984128477850746	0.4001300239258243	0.2500286912956684
0.3502991173521016	0.39993770159458647	0.24976318105331202
0.35019660219072657	0.3998634463052275	0.24993995150404602
0.35023766448086613	0.3997467912823457	0.2500155442367883
0.35041297844867136	0.39976324459106505	0.24982377696026367
0.34991509029826545	0.39999353724470954	0.2500913724570251
0.3502045067177205	0.40014785738954206	0.24964763589273753
0.3500664467953801	0.4001329423384326	0.24980061086618738
0.3501036024588388	0.3999945176700099	0.24990187987115142
0.35036979407049906	0.3997458035081955	0.24988440242130555
0.3501646893943736	0.3998085586428364	0.2500267519627901
0.34976553647097264	0.40014762706389967	0.25008683646512786
0.34990525071956186	0.4004167367437082	0.24967801253673005
0.3496478343312936	0.400519790536108	0.2498323751325986
0.3503095180265855	0.3997205960535279	0.24996988591988673
0.3497046972625406	0.4003971259736006	0.2498981767638589
0.34988187564116136	0.40032920488952517	0.24978891946931361
0.3498234916993498	0.40013144499776165	0.25004506330288867
0.34977126151700777	0.40025217761647913	0.24997656086651324
0.35030654899078617	0.39984737300332623	0.2498460780058877
0.3503031301686484	0.3999612543235357	0.2497356155078161
0.35015782746419355	0.39983487421697556	0.250007298318831
0.34976527039359806	0.40023392724715634	0.2500008023592457
0.35023216230759885	0.3997161848627074	0.2500516528296939
0.3498678085001923	0.4000652825011648	0.250066908998643
0.3497375244854292	0.40044459662923504	0.24981787888533588
0.3498959357615605	0.4003146111356697	0.24978945310276995
0.3503247296372027	0.39991769847701214	0.2497575718857853
0.35031501094907275	0.39965718068935147	0.2500278083615759
0.3502631532776674	0.4000368684504138	0.24969997827191895
0.35011523574145936	0.3997261222803519	0.2501586419781888
0.35020510689007467	0.3999596695085244	0.24983522360140104
0.3499031960481538	0.40036510039406686	0.24973170355777952
0.3501254057634413	0.4002039343277966	0.2496706599087622
0.34997818189962643	0.39993331578961483	0.25008850231075885
0.3501284656186062	0.4001580992199937	0.2497134351614002
0.34988759031936284	0.40015521103730006	0.24995719864333724
0.3498693988258923	0.40038424667264205	0.2497463545014658
0.3498624497893898	0.40014342744259634	0.24999412276801397
0.3501814020122185	0.4000132085200127	0.24980538946776892
0.34985032810592226	0.4001660124562602	0.2499836594378176
0.3499755019980392	0.39998400030902787	0.25004049769293313
0.34984737234890734	0.4000017423417947	0.2501508853092981
0.35000539919976126	0.4002689114865787	0.24972568931366013
0.3498333207614566	0.4001044327162469	0.2500622465222966
0.35028260174209913	0.3998651620006634	0.24985223625723757
0.34998444119849853	0.4001995155299767	0.2498160432715249
0.34987873020501065	0.4001380192891162	0.24998325050587325
0.3499199696290185	0.40000115183945906	0.25007887853152255
