0.6825621704238666	0.08509659017874033	0.2323412393973932
0.2790198393519644	0.16944999005921116	0.5515301705888246
0.12065955617450841	0.41374409518154226	0.46559634864394944
0.39161039943564996	0.49237916579516916	0.11601043476918099
0.1711128504074833	0.6905568096259087	0.13833033996660815
0.12765680752856787	0.4930428218385845	0.3793003706328477
0.17078764850255662	0.3666956037457164	0.4625167477517271
0.18361307509055622	0.46638031258337703	0.3500066123260669
0.6526834737807173	0.13063662697948766	0.21667989923979514
0.5616610140660232	0.17072922281103456	0.2676097631229424
0.11417599870112993	0.44281622946680826	0.44300777183206197
0.5337588102486732	0.353643052276265	0.11259813747506187
0.8455629002310996	0.02828344278962358	0.1261536569792769
0.45647845291027245	0.34584793948347436	0.19767360760625327
0.08714167046952959	0.41586102793640034	0.4969973015940702
0.07626800409958556	0.6237565394275124	0.2999754564729021
0.3720279587085792	0.3263930430419712	0.30157899824944967
0.1523539813859749	0.6982328456908089	0.14941317292321632
0.09443940912854279	0.3674857290915514	0.5380748617799059
0.2880938074986722	0.48139121638957993	0.230514976111748
0.5510489034857836	0.24825319948418306	0.20069789703003343
0.33699444973303727	0.48735888550055856	0.17564666476640428
0.4704959903303977	0.11686784862045421	0.4126361610491482
0.6908239273307485	0.09770723666974052	0.2114688359995111
0.8103811923503957	0.06357746195688091	0.1260413456927234
0.7135502829804644	0.06956206543851484	0.21688765158102086
0.07862550822751135	0.7548407197113813	0.16653377206110745
0.6888632032414932	0.13440731374498405	0.1767294830135228
0.4207748534338274	0.03430931945296428	0.5449158271132084
0.2716949376496546	0.26212548388406903	0.4661795784662765
0.553449099812528	0.09624675972274793	0.35030414046472413
0.09055982790859657	0.7227519096100996	0.18668826248130393
0.27885619742826695	0.6298013367323732	0.09134246583936007
0.3466731508316462	0.25566256078654315	0.3976642883818108
0.6454543179979382	0.04560273943109727	0.30894294257096466
0.16853896767875	0.3149669697219036	0.5164940625993465
0.045249498809124655	0.6343947542268145	0.320355746964061
0.33615315626235087	0.17349303494129928	0.49035380879635
0.09764964547569016	0.37130109767135494	0.531049256852955
0.04448091806741372	0.6478521993936903	0.30766688253889607
0.3770531417698201	0.13990320024645886	0.4830436579837212
0.14133409353951898	0.6486380462178845	0.21002786024259662
0.29185185783778766	0.45434007418059796	0.25380806798161454
0.05486375969409596	0.6528557435448763	0.29228049676102785
0.36636073919944867	0.21043459739043768	0.42320466341011376
0.05644680447977923	0.43595259872205894	0.5076005967981619
0.15004810954863929	0.3928765636490404	0.45707532680232044
0.5105364237972614	0.23747732536305477	0.2519862508396839
0.31047859535837163	0.5525331321526384	0.13698827248899
0.6633445661553697	0.11930771449563488	0.21734771934899544
0.3623620816951298	0.36112046870508574	0.2765174495997846
0.34578087619684206	0.1349295870119646	0.5192895367911934
0.607502081506223	0.29983327775182367	0.09266464074195344
0.44965347912709774	0.4397229903685515	0.11062353050435086
0.22014771851469184	0.4025137336756274	0.37733854780968085
0.5430818722558355	0.1471672011574213	0.30975092658674336
0.1440516130144622	0.5649889467922825	0.2909594401932555
0.21760711145910977	0.6426905623662156	0.1397023261746747
0.4723812032415829	0.06609817235406129	0.46152062440435593
0.1933867608392943	0.466215455310611	0.3403977838500949
0.3039983109442033	0.45624543197182527	0.23975625708397152
0.2847693771187731	0.19909203071654785	0.5161385921646792
0.0759623915169218	0.42127253642535184	0.5027650720577264
0.0767308365069137	0.7837751002650164	0.13949406322807012
0.21584603004614894	0.40143311799644765	0.3827208519574036
0.208739101260082	0.5864122796158906	0.20484861912402752
0.5688298251133805	0.11551562900652074	0.3156545458800989
0.49027679227758436	0.12169791479010175	0.38802529293231397
0.5550135567334937	0.16495600227156076	0.2800304409949457
0.3085035063517957	0.44149251573685766	0.25000397791134676
0.3329528843282324	0.39734773468894213	0.26969938098282564
0.06592664522203207	0.7885795802481663	0.14549377452980172
0.05887222510442941	0.8382294163938362	0.10289835850173448
0.5890467675226978	0.2607007930400364	0.15025243943726596
0.2896026781811414	0.37139495455670923	0.33900236726214955
0.6397409123428021	0.12640829771029632	0.23385078994690178
0.3817063570445889	0.4514310697784412	0.16686257317696998
0.6090360670938181	0.31278473965340353	0.07817919325277845
0.18201423250286236	0.7189716590545896	0.09901410844254804
0.07777764539452747	0.7700871854782048	0.15213516912726788
0.5121966851176487	0.28648837379782516	0.20131494108452622
0.4910349933638031	0.21369673505665066	0.2952682715795463
0.36922416004371117	0.32543449659453866	0.30534134336175023
0.2421746835899268	0.24604720399806923	0.5117781124120041
0.28393945118517433	0.5577654176628414	0.15829513115198443
0.3879868567342396	0.47006832604811555	0.1419448172176449
0.5817187378135646	0.33582548381415855	0.08245577837227697
0.48694178146633293	0.2783620979234913	0.2346961206101758
0.3295243923370492	0.47778761927673985	0.192687988386211
0.2580238689938839	0.6444800347068338	0.09749609629928235
0.3151934966183267	0.42488723510259524	0.2599192682790782
0.5173099103996254	0.09016151587943572	0.39252857372093897
0.1463541921492442	0.4599300995100517	0.39371570834070424
0.0585524308069606	0.6401188317538193	0.3013287374392203
0.30816494991847704	0.5338210324847344	0.15801401759678865
0.732573549835363	0.049630638546211914	0.2177958116184252
0.47215368164640076	0.05412854177773602	0.47371777657586334
0.2832184697499157	0.37975306820267585	0.33702846204740855
0.5736411503166214	0.10223342101133107	0.32412542867204763
0.4292747450040913	0.20453716298034336	0.3661880920155654
0.3414667717033262	0.4020928105806355	0.2564404177160384
0.7431005546353202	0.1198454352759844	0.1370540100886954
0.32596099074250834	0.5656403704456815	0.1083986388118103
0.4923687487248337	0.27627054880227603	0.23136070247289037
0.3466401306787041	0.5559937912844688	0.09736607803682726
0.4671505306013736	0.34794466107129596	0.18490480832733053
0.20876084298897252	0.20444862579513	0.5867905312158976
0.874630255118932	0.04951145041334132	0.07585829446772674
0.09487875610292071	0.6925334366313056	0.21258780726577384
0.3299999412268007	0.5823580642183807	0.08764199455481875
0.06386853504821516	0.6998078394025482	0.23632362554923675
0.0698606832970477	0.778544426801627	0.15159488990132536
0.4781050791077509	0.13426816713036946	0.3876267537618797
0.3042527545200963	0.4459037792036227	0.24984346627628112
0.4678248188795245	0.3995471486019523	0.13262803251852337
0.8704197341409894	0.039303767949208424	0.0902764979098023
0.11892835447758765	0.6314770025906717	0.24959464293174077
0.540462812021174	0.02668219420283402	0.43285499377599207
0.26710932149880207	0.1740689669021302	0.5588217115990679
0.7035428780289074	0.16161279662002076	0.13484432535107202
0.1876959662080026	0.5460306714728408	0.2662733623191567
0.5100617439127318	0.06542520571140648	0.42451305037586173
0.3146357003681971	0.3957363926398532	0.28962790699194974
0.5804697852886396	0.07442550089938538	0.34510471381197527
0.19628544350951804	0.4266457123687859	0.37706884412169617
0.09917019768379026	0.4028707100448508	0.49795909227135904
0.39984699239706567	0.34027477402406925	0.2598782335788652
0.09876882789094779	0.5295436927470687	0.3716874793619837
0.27720854589364397	0.26971690765463574	0.4530745464517204
0.580015425656254	0.3419429725532619	0.0780416017904843
0.0962445571280752	0.7312538720132586	0.1725015708586663
0.23430817228983059	0.5435961609401685	0.22209566677000106
0.11423197264976331	0.4824437045036801	0.4033243228465567
0.5554365135238384	0.33176922382237073	0.11279426265379094
0.21785756596370587	0.6122225577105981	0.16991987632569622
0.5626395710162493	0.2864670765400194	0.15089335244373148
0.18104162016254918	0.5479314883322388	0.2710268915052122
0.3085569015221353	0.17138809141104885	0.520055007066816
0.5353440078353107	0.3550587441584526	0.10959724800623685
0.4987576697847659	0.2186065484330963	0.2826357817821379
0.1122717207273356	0.648439381694139	0.23928889757852556
0.513571409535839	0.2123497047489232	0.2740788857152379
0.4658059877072319	0.31171783066396935	0.22247618162879884
0.18467649592810878	0.36400400042221703	0.45131950364967427
0.14708563728732438	0.38631755069167795	0.4665968120209978
0.06726124193814403	0.7594519607732524	0.17328679728860372
0.175647293568399	0.5063660705695434	0.31798663586205766
0.13100592943873784	0.4726277733806766	0.3963662971805857
0.42414120104606257	0.2954586314952326	0.28040016745870494
0.2797302134207862	0.4811972411570327	0.23907254542218118
0.31730694522194697	0.5653860254441814	0.1173070293338718
0.27169326850603764	0.2769172638239641	0.45138946766999843
0.6652182462566884	0.2458230500911785	0.08895870365213324
0.08486476129933068	0.5402641310823901	0.37487110761827935
0.3672120083080995	0.1851194203249701	0.4476685713669305
0.18853339674810077	0.4474265552742556	0.3640400479776437
0.5666756395318848	0.17273365325145973	0.26059070721665545
0.34463761733115417	0.2645832403229135	0.3907791423459324
0.611784041537571	0.28299993036409904	0.10521602809832997
0.4963249075933591	0.029678179355036305	0.47399691305160463
0.5779485608327615	0.3183259206342698	0.10372551853296891
0.42037554495083773	0.33500017571351787	0.2446242793356445
0.1582312857067222	0.6518862495891311	0.18988246470414688
0.3740286701258609	0.07394992814440882	0.5520214017297304
0.08471691496380726	0.7274794008733526	0.18780368416284027
0.4516857771643019	0.47046198341908096	0.07785223941661723
0.4735120657572347	0.07776224326236231	0.44872569098040305
0.28532367193235897	0.5526520472064146	0.16202428086122658
0.20313138735934172	0.39888251088545024	0.3979861017552081
0.22749478398518386	0.6848442955718719	0.08766092044294449
0.6454214527913267	0.2399747515179292	0.11460379569074425
0.3817455624670306	0.40963743958183274	0.2086169979511367
0.45419949606011567	0.027900160431337417	0.517900343508547
0.13231262464275767	0.4610165996428668	0.4066707757143757
0.7828529945224144	0.062418310910319685	0.15472869456726604
0.548074928677277	0.11224126378723456	0.33968380753548855
0.49927997270020463	0.04412913013256081	0.45659089716723467
0.09704077232633734	0.3812515636441275	0.5217076640295353
0.445941127504048	0.4285566918325283	0.12550218066342378
0.5773724599182757	0.2003765220332344	0.22225101804849
0.17952807256217124	0.6665370300386095	0.15393489739921934
0.4036461266555467	0.07409614437369244	0.522257728970761
0.036841077197200534	0.4176539894964331	0.5455049333063664
0.5820117206834667	0.025620756007607826	0.3923675233089255
0.3479434550372798	0.4457154618971726	0.20634108306554774
0.037189435203514754	0.8136349012473929	0.1491756635490925
0.3923342775278133	0.3842664927146171	0.22339922975756976
0.3266272683263052	0.5819158939045509	0.09145683776914407
0.13344831830819062	0.7663381899726177	0.1002134917191918
0.5888440661408849	0.20241263614455443	0.20874329771456085
0.28607699639495626	0.18664742732962736	0.5272755762754164
0.5504938619261492	0.33083982344978213	0.11866631462406874
0.5620457518857132	0.33161973115852295	0.10633451695576396
0.46504668315506964	0.3684042079389042	0.16654910890602623
0.14322705986907344	0.5804255878584341	0.27634735227249263
0.11939380265867622	0.6720048326054582	0.20860136473586569
0.41700228109235354	0.09304308147801563	0.4899546374296309
0.3149265316552142	0.12325453634731387	0.561818931997472
0.3193844554136539	0.23639597404014254	0.4442195705462037
0.3852194554241152	0.25106443080355256	0.3637161137723323
0.16409730041147214	0.48175992748671986	0.3541427721018081
0.1254449451565548	0.7001093240665487	0.17444573077689662
0.24467368073714243	0.35518941686613975	0.40013690239671795
0.1030704404391497	0.45165089902877054	0.4452786605320799
0.5694031357678148	0.35013282340919627	0.08046404082298914
0.16481798092752956	0.30442722786634585	0.5307547912061247
0.3232048888466322	0.19344032686833618	0.48335478428503176
0.2722455811250326	0.4971021240041751	0.23065229487079242
0.4423403125725196	0.2542356373173455	0.303424050110135
0.676677137648458	0.22657896638632133	0.0967438959652207
0.3779647626829567	0.2807728679374009	0.3412623693796425
0.6355546196567876	0.05454493793993559	0.3099004424032769
0.24664045757076863	0.42568829980533507	0.3276712426238964
0.45249851469581975	0.1714317204397731	0.37606976486440724
0.6398400711770711	0.10043662192845268	0.25972330689447637
0.576605753200951	0.33667483015778615	0.08671941664126293
0.26112564036401464	0.4162398739447439	0.32263448569124165
0.27120052420380614	0.2941087716862416	0.43469070410995236
0.3778612964003449	0.3251843126803669	0.2969543909192883
0.1967672206322127	0.41088710662972133	0.3923456727380661
0.7051820460445173	0.12975071432374885	0.1650672396317339
0.42471461323825044	0.3469276103976733	0.22835777636407636
0.3567922512684252	0.2688484944715025	0.37435925426007244
0.06431236688036296	0.6944475287339265	0.24124010438571078
0.27539686110606754	0.6273753054233233	0.09722783347060934
0.355738917555407	0.14784557127300765	0.49641551117158544
0.49713912750674805	0.08964891059430305	0.41321196189894904
0.27383151659414756	0.37639015767514755	0.349778325730705
0.1711081135851787	0.29249075301110106	0.5364011334037204
0.21915547882616251	0.2578156833737034	0.5230288378001342
0.1837318751692104	0.6462683452164897	0.16999977961430002
0.1871607803361898	0.6689322943905571	0.14390692527325316
0.5789877882326491	0.15044884797579672	0.2705633637915544
0.28647871320778484	0.17564642051659923	0.5378748662756161
0.36822427030406274	0.12215525194770932	0.509620477748228
0.31249932022953575	0.30121523624088603	0.3862854435295783
0.09979461874181722	0.8047311028281279	0.09547427843005504
0.7576889951112054	0.029688424214950104	0.21262258067384454
0.672636799222927	0.10629701399459413	0.22106618678247894
0.5636383565190797	0.2026021869016471	0.23375945657927338
0.6356098548019214	0.2512728722874459	0.11311727291063273
0.03642393558827134	0.8685370895653827	0.09503897484634613
0.06873015101633162	0.3950419824575744	0.536227866526094
0.301345340688841	0.44306540064859495	0.25558925866256416
0.5903887505631626	0.24562799816839626	0.1639832512684412
0.4367959662902092	0.35283264980501977	0.21037138390477111
0.29478356813209566	0.3681367979208624	0.33707963394704205
0.45957799132358046	0.45668711042267685	0.08373489825374275
0.5245986200495664	0.1198955456465638	0.35550583430386995
0.5905948703112349	0.03878547634404089	0.37061965334472435
0.19862764219539805	0.34309201978217	0.458280338022432
0.6750899140405882	0.11064742314007692	0.21426266281933504
0.5116221952934926	0.09139533630305074	0.39698246840345675
0.18087672252023704	0.5140549278209454	0.30506834965881774
0.3341164794268532	0.078647394803324	0.5872361257698229
0.37973146798603113	0.3519909647534472	0.26827756726052177
0.7603891128446832	0.038084623353595304	0.20152626380172156
0.35112237387434264	0.14240817559025012	0.5064694505354073
0.35490701748512077	0.32417336556152654	0.3209196169533528
0.506426594315053	0.265642703651043	0.22793070203390411
0.41378324556709173	0.23067267863525653	0.35554407579765185
0.42296202917365205	0.11181106524642995	0.4652269055799181
0.2348141484526815	0.2010639647314716	0.5641218868158471
0.7407581213853813	0.10139496385239677	0.157846914762222
0.2392890619127095	0.2716783272565345	0.4890326108307561
0.6199752003708163	0.1788705141530492	0.2011542854761345
0.29826133064549476	0.11674278335189381	0.5849958860026115
0.21134067781707003	0.3502835453201175	0.4383757768628126
0.05427693629984931	0.6301508928064241	0.3155721708937267
0.4208848268319299	0.23759000018216966	0.3415251729859005
0.2084627897203331	0.3718649530043134	0.4196722572753536
0.24520123641327662	0.5380869092348947	0.21671185435182885
0.3706096240331196	0.2254097465699347	0.40398062939694585
0.3644217541702877	0.4156486851089851	0.21992956072072728
0.20086851844223355	0.28035112689684377	0.5187803546609228
0.18918485966533743	0.6453050605766736	0.1655100797579891
0.4599719158624236	0.3336406806210629	0.20638740351651363
0.8446962391059901	0.02635152099008431	0.12895223990392563
0.42212639497817744	0.5022463830076237	0.07562722201419897
0.2502520657987817	0.6102626928617405	0.13948524133947787
0.5431437554897669	0.1478586800297438	0.3089975644804894
0.4299053925034476	0.2001976781434471	0.3698969293531054
0.5842210246369298	0.14153676565951603	0.2742422097035543
0.26468292540631444	0.4895795568765845	0.24573751771710114
0.738017960535075	0.07959734462064894	0.18238469484427614
0.6882881299309561	0.16646447725681407	0.1452473928122299
0.17557872358402438	0.31161593981814095	0.5128053365978349
0.2682352909632934	0.5589173388771651	0.1728473701595416
0.2911044666333147	0.6050738347667954	0.10382169859988996
0.7879772376613743	0.040621742109383185	0.17140102022924264
0.5068443839723675	0.14646574182783506	0.34668987419979747
0.37327912221682236	0.3157943756802206	0.31092650210295714
0.18577067689596588	0.298016709783368	0.5162126133206663
0.32205414820521683	0.2817769103290264	0.3961689414657569
0.35718609726378525	0.392588700728674	0.25022520200754084
0.6493940251711391	0.20974281997302735	0.14086315485583367
0.3036828852804434	0.5410061349929123	0.15531097972664443
0.34691787364621385	0.33177696729535666	0.3213051590584296
0.16894718213385806	0.6867121314686827	0.14434068639745934
0.17456355303983653	0.35803258738788685	0.4674038595722767
0.6957926757863452	0.13901287662778022	0.16519444758587476
0.28303507345687223	0.5833070905131474	0.1336578360299804
0.4569887773969395	0.2776387955598144	0.2653724270432462
0.06144338569995583	0.4019890185728499	0.5365675957271944
0.5001238168166301	0.18219334521086808	0.31768283797250196
0.7886214821279385	0.061450421487989404	0.14992809638407217
0.44477370407785227	0.24011449234380794	0.3151118035783399
0.05318067555795186	0.812623959062029	0.13419536538001925
0.6300189559543873	0.2292335151093038	0.140747528936309
0.45228166174949513	0.17578123676675345	0.37193710148375153
0.36902325713268125	0.253875674251809	0.37710106861550985
0.1213012303305642	0.4416601824727546	0.43703858719668126
0.6476019440962116	0.20983822004953223	0.1425598358542562
0.07527378975718468	0.8305939034028896	0.0941323068399258
0.2117401580394182	0.5931431350665182	0.1951167068940638
0.41308912674543163	0.37162656293396	0.21528431032060846
0.1441646149237728	0.44149986871615365	0.41433551636007365
0.15834626225765427	0.585194421511136	0.25645931623120977
0.1777899347193398	0.45218220968438194	0.3700278555962784
0.04914865447505845	0.6742374475014055	0.2766138980235363
0.6631480211575265	0.19546841488219271	0.14138356396028093
0.24944950283306827	0.5080105986033587	0.24253989856357316
0.40167558673148795	0.2855280615166456	0.31279635175186654
0.09565429014360222	0.7207007317317229	0.18364497812467495
0.4109566762378634	0.3278066556080708	0.2612366681540659
0.16117411304535276	0.6241090085920449	0.21471687836260256
0.0864844990641973	0.7161385211377798	0.19737697979802307
0.3478976917321379	0.18869664781458234	0.46340566045327986
0.14969983508016652	0.3117184107001327	0.5385817542197009
0.47404827723168463	0.2007105481884612	0.32524117457985424
0.41021852358448013	0.16577931111270655	0.4240021653028134
0.3335442385973484	0.3812070121587881	0.2852487492438636
0.397993849266103	0.06441752320419175	0.5375886275297054
0.10956234084993888	0.4233612783550668	0.4670763807949944
0.2701526871681392	0.2774544419435221	0.4523928708883388
0.33114933853855033	0.5054022753531902	0.1634483861082597
0.7268604514637195	0.03366562629657238	0.23947392223970826
0.30279383050915754	0.2694613500650642	0.42774481942577836
0.44612195141766	0.41408778612640207	0.139790262455938
0.22723139347943128	0.6282956378719885	0.1444729686485804
0.10447952500119825	0.7026138443655423	0.1929066306332596
0.5021177619289453	0.130278509090599	0.3676037289804558
0.6540117074554057	0.04196040542894092	0.30402788711565354
0.4223564721056571	0.17508360587317723	0.40255992202116575
0.27423383579401134	0.46797256698495876	0.25779359722103
0.6286380238306596	0.12722293985666136	0.24413903631267914
0.36534678545635646	0.25945022850717747	0.3752029860364662
0.3176613463976883	0.21045949470830908	0.4718791588940027
0.107990051258119	0.6266025956258641	0.26540735311601704
0.45031680506429506	0.45461686023070547	0.09506633470499959
0.6859257061852438	0.12043866412191315	0.1936356296928431
0.5529155062660336	0.05371363195139334	0.39337086178257313
0.2872193361672373	0.5461226815460396	0.16665798228672327
0.5961159651083772	0.10216540897734122	0.3017186259142818
0.3370677134945832	0.3850222594943561	0.2779100270110608
0.6950205167638357	0.05670143605996297	0.24827804717620142
0.25248068335609797	0.49498839349451235	0.25253092314938985
0.06100424981391839	0.39248334281634917	0.5465124073697325
0.043606676363486474	0.6194547585621701	0.33693856507434344
0.055447631321413504	0.4846910286930607	0.45986133998552586
0.05312821412854796	0.35787017924756326	0.5890016066238888
0.6054156045791566	0.2557536289279797	0.13883076649286374
0.05090826931125403	0.7389778775505602	0.21011385313818584
0.07225040379089548	0.5185866479203224	0.4091629482887823
0.5399993757847376	0.04888533790141175	0.41111528631385075
0.375497412537482	0.14142591682649136	0.4830766706360268
0.1581356552848312	0.7610250321324235	0.08083931258274546
0.22768757299456263	0.4876341550816644	0.2846782719237731
0.276682427875536	0.20888846251865986	0.5144291096058042
0.6652850992785889	0.2445873846608686	0.09012751606054259
0.13046167802356773	0.46205029283042753	0.4074880291460049
0.32987986447443274	0.23832927700596424	0.43179085851960314
0.7079702978708955	0.07067936460033053	0.2213503375287741
0.44547717837135636	0.15212429777768174	0.40239852385096203
0.3456664320917599	0.4124406655293391	0.2418929023789011
0.5291628133333646	0.3721953485760911	0.0986418380905445
0.6985934439629551	0.04924430460320112	0.25216225143384385
0.046922866298934274	0.5334087436955588	0.41966839000550704
0.0529036314396375	0.359261808722528	0.5878345598378346
0.2587581841507905	0.1726770916905664	0.5685647241586432
0.3155959742260093	0.20278207661881265	0.4816219491551782
0.5568659592518921	0.33443203548379247	0.1087020052643155
0.5620863663247718	0.18842738877878068	0.24948624489644766
0.13994987082729907	0.38634169234538623	0.4737084368273148
0.38021412008612754	0.16426191989073077	0.4555239600231418
0.6317480187645399	0.0642009200472306	0.3040510611882295
0.10224370613911188	0.3740238734678484	0.5237324203930398
0.630899225950479	0.1610121007078642	0.20808867334165695
0.5505171814543928	0.26183850688541205	0.18764431166019535
0.1188564336669154	0.6675966820703387	0.21354688426274598
0.7832669993695249	0.056247618910696295	0.16048538171977883
0.33981497360894214	0.37169229179297714	0.2884927345980809
0.2831774964501922	0.5464398381855818	0.1703826653642261
0.6114713467906234	0.2561985786181481	0.13233007459122856
0.13959413383945835	0.38636621831311896	0.4740396478474228
0.2259753892607337	0.6886494326223279	0.08537517811693851
0.35829637093222877	0.3125722139535706	0.32913141511420074
0.5176275934257263	0.14645699388355363	0.33591541269072017
0.4480871151370904	0.28803538072603896	0.2638775041368708
0.700238399997412	0.13482617554466864	0.16493542445791942
0.10862036189836877	0.7705638942193113	0.12081574388232005
0.3518681492794491	0.2746211748594478	0.37351067586110315
0.22829055470898607	0.6331994933342702	0.13850995195674387
0.7103346491626078	0.08587871961397148	0.20378663122342083
0.045267910284161106	0.7627391101185594	0.19199297959727965
0.1596147450886261	0.2774990440664987	0.5628862108448752
0.06266700641888456	0.8013966881961624	0.13593630538495316
0.3147832944566178	0.11452753160212914	0.5706891739412532
0.09734927480826056	0.7432869990506628	0.15936372614107686
0.12660501686213638	0.4353364660281989	0.43805851710966487
0.4128710106356972	0.38125411078206267	0.20587487858224018
0.3166835596935524	0.35095003769718625	0.3323664026092615
0.4485853612618595	0.4272395845311687	0.12417505420697186
0.4417787422917482	0.3286319428161538	0.22958931489209808
0.5179293534016631	0.2148966461120908	0.2671740004862462
0.2702570112617433	0.3038972063095402	0.4258457824287166
0.22234806731479775	0.6834591031295936	0.09419282955560876
0.1634904786051986	0.671110306691831	0.16539921470297048
0.289891685498711	0.3802811222633553	0.3298271922379338
0.5862596272962453	0.05533771769135731	0.3584026550123975
0.04673286751625527	0.4612948934291707	0.49197223905457416
0.0370687329632155	0.7010930439294254	0.26183822310735927
0.25799125388661254	0.517443862188757	0.2245648839246306
0.03517934831697478	0.47145328149950283	0.4933673701835225
0.28304830001345294	0.6374733362875571	0.0794783636989902
0.6342546353383861	0.1937069706297663	0.17203839403184773
0.35211269177608073	0.09970059173657342	0.548186716487346
0.1450895357811245	0.3771465376915243	0.47776392652735133
0.2003090093199722	0.4440561745606577	0.3556348161193702
0.5395434305439222	0.1860035654667264	0.2744530039893516
0.18324885084910683	0.2870869091772256	0.5296642399736677
0.5040561985567997	0.33062850009186767	0.16531530135133268
0.4942505945679244	0.3622730093272263	0.14347639610484944
0.41705964255688616	0.04012276509268953	0.5428175923504244
0.7841581918501339	0.0882176367715985	0.1276241713782676
0.4303759650100971	0.3494009183986196	0.22022311659128335
0.6167400766582726	0.03780420314880972	0.3454557201929178
0.6772067440015803	0.1065514680404657	0.21624178795795407
0.33176148543714884	0.34845079797005163	0.31978771659279964
0.37884331836312135	0.40679352066897745	0.21436316096790134
0.3344247718472816	0.447450885058264	0.2181243430944545
0.2751441924294946	0.44670188926951204	0.27815391830099345
0.5734660118315451	0.2266735330446577	0.1998604551237973
0.47115986481756156	0.1485274663585743	0.38031266882386416
0.4337051270061518	0.3141022101884343	0.25219266280541397
0.4422063170587883	0.24945933098913867	0.3083343519520731
0.3734111100441665	0.21079258010162175	0.41579630985421184
0.046991880005677056	0.8176269182676922	0.13538120172663093
0.34768417443188837	0.0810690414734937	0.571246784094618
0.44301207291973815	0.3465625046362951	0.2104254224439668
0.5653712869404386	0.31585776622139267	0.11877094683816874
0.6171624368839748	0.07293584074555282	0.3099017223704726
0.2828505949275681	0.362437197774456	0.35471220729797603
0.11859164494601243	0.5709642081490738	0.31044414690491384
0.5381373343940242	0.09359637801337095	0.3682662875926049
0.34493013066365763	0.35740893738523405	0.29766093195110843
0.41967902283887654	0.41834027744664504	0.16198069971447857
0.5855647681524934	0.12084534989097093	0.2935898819565358
0.20721585831304634	0.2263682006652863	0.5664159410216675
0.3016149104403995	0.41552862349776964	0.282856466061831
0.6529493529400117	0.07712943354859941	0.269921213511389
0.22721183167499742	0.3985853307906642	0.3742028375343385
0.2641049035222078	0.1553406974833648	0.5805543989944275
0.1297445671636096	0.5936706235660867	0.27658480927030393
0.6138201120198945	0.10569400938223023	0.2804858785978754
0.8558204483569619	0.028929038803716667	0.11525051283932153
0.07181985190296569	0.3693441319918806	0.5588360161051538
0.15783712150925933	0.46163351313522555	0.38052936535551524
0.5634373881558732	0.15849212522460043	0.2780704866195264
0.41362644412599964	0.05755905739537792	0.5288144984786225
0.07088511021914184	0.72208999221882	0.20702489756203823
0.21750445656180176	0.30117102589479006	0.48132451754340827
0.07521934176756107	0.600195651561736	0.324585006670703
0.8402702994652237	0.08340139953220688	0.07632830100256949
0.17275610500908778	0.5205847239573577	0.30665917103355467
0.37952576065823734	0.2214187802398041	0.3990554591019586
0.5099308484443714	0.3912405991785422	0.09882855237708651
0.3795168658270953	0.5356966941382382	0.0847864400346667
0.14704224503430308	0.3897859938870899	0.46317176107860714
0.40625937066479667	0.2772015146635334	0.31653911467167006
0.47297844287384283	0.12815656373373965	0.3988649933924176
0.3527017331525128	0.49298811606704807	0.15431015078043922
0.6425087130038851	0.20217537860380336	0.15531590839231163
0.6106343724953254	0.22127767860656056	0.1680879488981141
0.5842980377584994	0.15708945820408207	0.25861250403741864
0.4166314961551776	0.09307826306979239	0.49029024077503014
0.40877802630393245	0.3665537091163919	0.2246682645796757
0.19180223572969649	0.409749076553129	0.3984486877171746
0.6602406413459715	0.1244356434883584	0.21532371516567017
0.4839482928056959	0.11422588208361042	0.40182582511069376
0.37166254025933165	0.11769360872384871	0.5106438510168196
0.04180818321110069	0.6274787243146813	0.33071309247421815
0.38866933755924865	0.29942921762433594	0.3119014448164155
0.3556982439870521	0.42245817231406824	0.22184358369887983
0.30392243553944753	0.4659728025218899	0.23010476193866267
0.37373067376993063	0.1588563639873586	0.46741296224271084
0.10920370952886546	0.7230993291856682	0.1676969612854664
0.3362688668693007	0.32434661402052023	0.3393845191101792
0.060160252389874436	0.535235166747638	0.40460458086248763
0.3103676652663304	0.46934663020241396	0.22028570453125573
0.3657874530625961	0.4687971775062951	0.1654153694311089
0.0783689957051153	0.7602292828500641	0.1614017214448207
0.6414018712215311	0.0750450262141043	0.28355310256436467
0.4083924187159738	0.14422903941647638	0.4473785418675499
0.496313499767737	0.0638067111930462	0.43987978903921693
0.1924226987077638	0.6561077072130059	0.15146959407923044
0.3546121746426701	0.42213518671528083	0.2232526386420492
0.4156093815746373	0.06742946382993475	0.5169611545954281
0.3192508244150727	0.1308107159223092	0.5499384596626182
0.3195465581417413	0.21853257790792432	0.4619208639503345
0.20213733452578755	0.32780583778032113	0.47005682769389145
0.1378965830832089	0.5281641468714384	0.33393927004535284
0.4055350591659824	0.22020693652460321	0.37425800430941447
0.4111509265013515	0.17979095060213854	0.40905812289651006
0.248292362572544	0.6604809798540408	0.09122665757341536
0.5447114797305856	0.34797592853283843	0.10731259173657601
0.03564219345548958	0.8314192035055334	0.1329386030389771
0.41423180123429	0.4845288338974715	0.1012393648682387
0.29192817633319146	0.31828659975823737	0.38978522390857134
0.19531836308365436	0.2668586068495204	0.5378230300668254
0.30144967176212495	0.3984781730320165	0.3000721552058586
0.5487840856046491	0.3489593786763373	0.10225653571901366
0.5538665437726387	0.23344131397950785	0.21269214224785357
0.6482975590358263	0.03509086149610763	0.3166115794680662
0.3250871372044261	0.26067954112658237	0.4142333216689916
0.21960666895373734	0.5552002816111328	0.22519304943512997
0.7936369130163363	0.0659378288559197	0.14042525812774403
0.6317000289084505	0.090417729845849	0.2778822412457006
0.27732868820422163	0.603932882934802	0.11873842886097655
0.4769000551333372	0.37485326359878013	0.14824668126788282
0.2906358477755205	0.21650102290692347	0.49286312931755616
0.5639779829856112	0.3434849407726927	0.09253707624169616
0.04681558549096293	0.5409302698381211	0.41225414467091615
0.10807177319610711	0.563457570599592	0.328470656204301
0.6305279858034879	0.23192032767741427	0.13755168651909794
0.762622544566625	0.0483659485441984	0.18901150688917667
0.7723258113330006	0.08565608854292661	0.14201810012407284
0.5051157691186415	0.3304288566186877	0.16445537426267087
0.5277864686774594	0.391386522265206	0.0808270090573347
0.39450666144384083	0.2598513241644994	0.34564201439165987
0.6216557291451398	0.07576890852759421	0.3025753623272662
0.2871394189569097	0.4205379855244772	0.2923225955186132
0.5450256753498482	0.2865971275419736	0.16837719710817828
0.3301461479263813	0.31009491737024014	0.35975893470337866
0.3052804250750586	0.11925820670722731	0.5754613682177142
0.04410461427660928	0.7222945834338808	0.23360080228951002
0.7881822118878016	0.05695748769806752	0.15486030041413096
0.08921513918620927	0.6207549177312688	0.2900299430825221
0.7144144064423061	0.06557912389944776	0.2200064696582462
0.17536106289487785	0.2872147803663996	0.5374241567387228
0.7189151528253332	0.13566703179352146	0.1454178153811454
0.7254407650985574	0.06730683752763184	0.2072523973738109
0.042537003711739185	0.45684528342094266	0.5006177128673183
0.4177657723014113	0.2618067854988064	0.32042744219978236
0.14034350204520057	0.28914035889219397	0.5705161390626056
0.500655846897749	0.12522757144105454	0.37411658166119655
0.2806331747130658	0.2571914732348828	0.4621753520520515
0.12434361676363315	0.6322131823986066	0.24344320083776044
0.032357605120557464	0.7657936964021141	0.20184869847732856
0.19129984311642118	0.6779713819367164	0.13072877494686252
0.5729263655665466	0.1920771538735238	0.23499648055992967
0.04006894474834499	0.7089817615775895	0.25094929367406565
0.31654927989534215	0.40875923961871585	0.2746914804859421
0.3195431381236236	0.30711947688463104	0.37333738499174546
0.6512896811454166	0.14540982333628916	0.20330049551829432
0.035203938907244936	0.4773096939212602	0.48748636717149496
0.4611256533943525	0.23752668593407744	0.3013476606715702
0.36996462044626516	0.550651074035691	0.07938430551804393
0.330365554882956	0.2539963901898462	0.4156380549271979
0.7240728401913007	0.044209868606875535	0.23171729120182394
0.16265391538606194	0.5288779972901744	0.3084680873237638
0.04076072524897667	0.5143195178709172	0.44491975688010627
0.18850564988807672	0.6076626657789974	0.20383168433292598
0.40365195944191656	0.42820447791953353	0.16814356263855004
0.607098770682478	0.13825431744119793	0.25464691187632427
0.1672690407191712	0.7216018399261956	0.11112911935463335
0.11381015262972091	0.6392044345814508	0.2469854127888284
0.054363654701931774	0.617800941067389	0.32783540423067925
0.7683685782432562	0.028821472712188934	0.20280994904455502
0.4219626680939351	0.40755278139898377	0.1704845505070812
0.3688199951198356	0.4790488177505348	0.15213118712962967
0.25905779515531013	0.3441520299282974	0.39679017491639257
0.6071593154034773	0.09282724529623548	0.30001343930028734
0.6272860008478194	0.22930846502063357	0.14340553413154716
0.2333135562885123	0.35478130280494174	0.411905140906546
0.776470940981695	0.13242366521134277	0.09110539380696231
0.13117839858612562	0.363770237551079	0.5050513638627955
0.36949226956868275	0.20273941377084723	0.4277683166604701
0.0440877579603971	0.6509965931159349	0.30491564892366807
0.16181448146826757	0.569740437117883	0.2684450814138495
0.4155391932383684	0.47620712581007324	0.10825368095155846
0.10226595521256479	0.6834068962924228	0.21432714849501255
0.0874662128590728	0.42042924856710046	0.49210453857382686
0.6567373569837915	0.2642201368194255	0.07904250619678299
0.3343530664463105	0.4902334694555985	0.1754134640980911
0.1762782715967917	0.423875318967093	0.3998464094361154
0.09049810954484977	0.3583488393301638	0.5511530511249866
0.5042940347852831	0.3190932313569557	0.1766127338577613
0.08872638448725428	0.4160150683415101	0.49525854717123574
0.5918975057052782	0.05730999871507414	0.35079249557964776
0.3047654331831502	0.17741639686521404	0.5178181699516359
0.3087376666941536	0.20035280800636332	0.4909095252994832
0.03974293823795405	0.8225978690771523	0.13765919268489385
0.15120860150308862	0.7002751037628459	0.1485162947340657
0.2985354677212973	0.1399097736241062	0.5615547586545966
0.4761162825064621	0.1622483868119932	0.3616353306815448
0.27457051280247247	0.3269443227747806	0.39848516442274706
0.21077800019794515	0.3461337317554125	0.4430882680466425
0.13904360716734676	0.4661852038581081	0.39477118897454533
0.2711482556066812	0.2994488605844013	0.4294028838089176
0.06671195151823117	0.5381509390960408	0.3951371093857282
0.34821768983913604	0.15551772189410423	0.49626458826675984
0.3232201120426056	0.29178245487154525	0.38499743308584927
0.18568315299344998	0.4308669524447896	0.3834498945617605
0.2287202456624188	0.608993382760417	0.1622863715771643
0.3133487405234453	0.21603493767122947	0.4706163218053253
0.39627435231741714	0.2318727760986769	0.37185287158390606
0.3170292416002597	0.445832287054146	0.2371384713455944
0.20748914688565992	0.4570570122781499	0.33545384083619034
0.1893474578354844	0.590227201232121	0.22042534093239474
0.046611398955683114	0.5230883793362795	0.4303002217080375
0.25018407301462375	0.5485530179134656	0.2012629090719108
0.15763308537082776	0.6028450924783706	0.23952182215080187
0.47937610518076734	0.18937833110222219	0.3312455637170106
0.16149778016511412	0.5124700670862798	0.3260321527486062
0.10870345513235527	0.5394617757523024	0.3518347691153424
0.5717060632736596	0.09202250055006261	0.33627143617627797
0.20108142059813564	0.35521735817931155	0.44370122122255296
0.29784451665732736	0.4953784510969724	0.20677703224570038
0.4867388367103923	0.22050986177124454	0.29275130151836326
0.2551499788602046	0.5556856934177961	0.18916432772199954
0.24104874308147461	0.1754235707570984	0.5835276861614271
0.18638889061014757	0.46249362674702277	0.35111748264282977
0.6228768332845652	0.2917424047439876	0.08538076197144726
0.051866465602735834	0.8661516802667589	0.0819818541305053
0.8128870512744805	0.09018582382091361	0.09692712490460603
0.375972274632413	0.26641923280201074	0.35760849256557636
0.3652272239556707	0.3223740540417541	0.3123987220025753
0.14180407086067925	0.7113860197346003	0.14680990940472063
0.40961976345769713	0.4171990703128428	0.17318116622946017
0.05540847084840239	0.832233317868724	0.11235821128287388
0.17601473989292635	0.4779029726704761	0.34608228743659764
0.6520990833293592	0.16172413170119454	0.1861767849694463
0.6998205692597225	0.08294947880133219	0.2172299519389454
0.6633299543560156	0.24388593543878923	0.09278411020519522
0.40548294676967733	0.15928933091035574	0.4352277223199671
0.32138947158277614	0.1816262288737916	0.4969842995434324
0.16753190725876085	0.2638806280631557	0.5685874646780835
0.049565590263052406	0.4652522311138314	0.48518217862311636
0.29292065462455924	0.2299950703430298	0.4770842750324111
0.6340296940319496	0.08472754259717602	0.2812427633708744
0.4665217179926404	0.30599221694746476	0.22748606505989494
0.12734477576138892	0.7651776804907366	0.10747754374787466
0.07383870194464187	0.5474845109868866	0.37867678706847174
0.036762506263322114	0.44344696531167865	0.5197905284249993
0.2805772301298129	0.4704459075874592	0.248976862282728
0.8787753600627243	0.03362370742973597	0.08760093250753981
0.4361255516652202	0.06033287857961733	0.5035415697551625
0.29543581317842305	0.30501403440026026	0.39955015242131686
0.3111073650585996	0.33861296498342514	0.3502796699579754
0.28009451184898326	0.25888679162395245	0.4610186965270644
0.5053894441591096	0.36146820395642215	0.1331423518844683
0.35219557349206543	0.16697823160609407	0.48082619490184064
0.4183394218424982	0.2056070988941689	0.376053479263333
0.2926046834077807	0.5364646402346249	0.17093067635759449
0.24228890033656764	0.23053197577961443	0.527179123883818
0.05475040199787973	0.7463896200345093	0.19885997796761118
0.03755128575771388	0.6805633972090868	0.2818853170331994
0.148680712098362	0.4970719298276621	0.35424735807397606
0.12144167191922012	0.7692446548941251	0.10931367318665494
0.6191842194935049	0.17440454094499425	0.20641123956150093
0.2505936890214061	0.4803809667443576	0.2690253442342364
0.415687339215414	0.4885948933576981	0.09571776742688795
0.07772757810399816	0.6580292856322915	0.26424313626371054
0.5150937293546238	0.35823151707891787	0.12667475356645835
0.32743735663237916	0.3595934249807658	0.31296921838685515
0.4009711657427557	0.48135882357778426	0.1176700106794602
0.17172533095329867	0.7221907813312576	0.10608388771544386
0.10946337333954342	0.7190607869331669	0.17147583972728975
0.2524404505404219	0.18956280823495186	0.5579967412246263
0.545645576334966	0.1671146767068226	0.28723974695821153
0.32265786239640054	0.35073527104663765	0.3266068665569619
0.25060126571993646	0.5619828338891517	0.18741590039091202
0.6367645697496717	0.17218355571600513	0.19105187453432335
0.7212585166360962	0.1375882021803837	0.14115328118352016
