0.1818761958711378	0.09085745641246794	0.09093721744209624	0.27274665199235104	0.3635824782819468
0.18198517644428097	0.09081860200309218	0.09089888577819871	0.27265540525255955	0.36364193052186844
0.18186991236076744	0.09091656855557964	0.09091349017576225	0.2727188172593318	0.3635812116485587
0.18180724138183751	0.09089162488053024	0.0908705549492305	0.2727799648479236	0.36365061394047793
0.1819619336251317	0.09080403785494776	0.09088146167291632	0.2727138545605601	0.36363871228644395
0.18199483695709745	0.0907687422671208	0.09088196778918411	0.2727044311608505	0.3636500218257469
0.18175499568500916	0.09099760551671068	0.09090168083111494	0.27264091966876847	0.3637047982983965
0.18183399912105305	0.09095202593249342	0.09090130324089303	0.2728040086169816	0.3635086630885787
0.18205031893831097	0.09080616519315055	0.09087578653942634	0.27275118077249677	0.36351654855661514
0.18179844310779877	0.09092418621533992	0.09088807082685517	0.27277881986920416	0.3636104799808017
0.18204563728049186	0.09078342845434373	0.09092426434679253	0.27268792241667156	0.36355874750170014
0.18197265857769404	0.09080254873315743	0.09092455920307792	0.27276154773398364	0.3635386857520868
0.18187508249096185	0.09088141490405928	0.09093790281944264	0.2727793407403382	0.3635262590451978
0.18175608551400788	0.09100169244108766	0.09086468794153099	0.272667309727059	0.3637102243763143
0.18184591527961624	0.09090533889368893	0.09092276570633048	0.27277148628441467	0.3635544938359495
0.18200255402758236	0.09070192543298936	0.09091392969156291	0.27263628279837376	0.3637453080494914
0.1818249966582191	0.09098672242358259	0.09088844811730047	0.27265392911539965	0.36364590368549793
0.18178013129174056	0.09088913300336574	0.0909039526043341	0.2727730283474493	0.36365375475311007
0.18176590100729798	0.09087450126759636	0.09088233800579704	0.2728062383679008	0.3636710213514076
0.18204666039454348	0.09084558021476899	0.09089964225603235	0.2726452434744293	0.36356287366022566
0.18181510088924402	0.09079932808210989	0.09088104841816481	0.27276667364613083	0.3637378489643502
0.18189512156515006	0.09083570126483859	0.09092308945522287	0.2726879939395671	0.3636580937752212
0.18200916538098574	0.09073538641000228	0.0909273962862023	0.27272249133400506	0.36360556058880444
0.18185165465722647	0.09078194319089226	0.09093749460445973	0.27279777178421977	0.3636311357632015
0.18175718531160687	0.09087881073957903	0.09088928437101128	0.2727759864348517	0.363698733142951
0.181751809391011	0.09091766716335661	0.09093942192156904	0.27272663568482153	0.3636644658392416
0.18175968139922377	0.09074954675496548	0.09092935080009616	0.2728143263491422	0.3637470946965722
0.18187910584145311	0.09077003201070166	0.09090148225479702	0.27278031737697905	0.36366906251606895
0.1819472344737314	0.09076655273362765	0.09093584866088959	0.2726714290085299	0.36367893512322125
0.18190285311425056	0.0908167007317493	0.09090819946688851	0.2726737583022057	0.3636984883849057
0.18188900529442453	0.09098292011517006	0.0909057943818593	0.2727105148676661	0.36351176534087976
0.18198985378817753	0.09077688594000742	0.09087946335519265	0.27275816321190244	0.36359563370471976
0.1818699349951168	0.09083953574504598	0.09092193286640313	0.27266728336093793	0.3637013130324959
0.1817538393997387	0.09080646982232131	0.09094033426017979	0.27278547751861426	0.36371387899914576
0.18196685397083026	0.09075014044220407	0.0908718692184434	0.27279752846352906	0.363613607904993
0.18189084912190462	0.09089760276854594	0.09088922775156622	0.2726925355659355	0.36362978479204755
0.18184646279428576	0.09092132832211497	0.09092814746321662	0.2726928494585251	0.3636112119618573
0.18195506060949992	0.09077381998428374	0.09091612972781461	0.2726424567573137	0.3637125329210878
0.18190260216344636	0.09087829032951589	0.09087942858702802	0.27276067375994334	0.36357900516006614
0.18190022761002478	0.09103062053754811	0.09086551327954416	0.2726843284453218	0.363519310127561
0.18182574332500068	0.09086968653369107	0.0909430736948558	0.27273966231522684	0.3636218341312254
0.18183617654380024	0.09085619095452037	0.09088754847339525	0.2727106141472392	0.3637094698810448
0.18176700854757802	0.09092554727798761	0.09092049595381844	0.27267144589735526	0.3637155023232605
0.18191073479613373	0.09080718109627792	0.09094263096652634	0.27278721319892546	0.3635522399421363
0.18193432486995104	0.09077326337071258	0.09087729504644854	0.27281259054901286	0.3636025261638748
0.18178562053632166	0.09097509148165679	0.09091292833387117	0.2726718997963059	0.3636544598518443
0.1818243400864913	0.09093870399929746	0.09091076010892854	0.2726755695274848	0.3636506262777977
0.18176764628906233	0.09100296201407969	0.09093268896818921	0.2727523255812735	0.36354437714739507
0.1817461544268945	0.09101408582893308	0.09087717838100812	0.27279444216842474	0.3635681391947393
0.18186867039188814	0.09082453871168761	0.09092563434992235	0.2726865209566462	0.3636946355898555
0.1818074334642135	0.09093363328358084	0.09094068060769078	0.2726786125616876	0.36363964008282706
0.1819122871252718	0.09075482793793846	0.0908650064098524	0.27277480347289346	0.3636930750540437
0.18184542757349711	0.09081108808886917	0.09092224392325976	0.27280565973825255	0.3636155806761212
0.18183609508676601	0.09081601318143678	0.09092819358027508	0.2727166170107196	0.36370308114080235
0.1818343047419047	0.09088659563659071	0.09088283821086125	0.27271454681082713	0.363681714599816
0.1817964222915172	0.09085242866518173	0.09093066375461803	0.2728084052848132	0.36361208000386963
0.18187730019126377	0.09077066399352741	0.09094521120400499	0.27270562053320724	0.3637012040779964
0.18178579452095317	0.0908766168031335	0.09090134079270927	0.2728036972308122	0.36363255065239164
0.1820024296999294	0.0908580001069255	0.09088880962377718	0.27271355775407896	0.3635372028152888
0.18199508877328247	0.09082314707717032	0.09090427054261192	0.2727000777934911	0.363577415813444
0.1818966841558313	0.09086642332026493	0.09086830183660537	0.27273648379652043	0.36363210689077774
0.1818541354675698	0.09102394587146835	0.0909197393059404	0.27265280146175735	0.3635493778932639
0.18195369395358701	0.09083558994067395	0.09093559401532295	0.27271277432305785	0.363562347767358
0.1817709750935423	0.09092585389842349	0.09087125263769098	0.2727279097552913	0.3637040086150517
0.18184536151001962	0.0909934369671453	0.09093564066696111	0.2727082085449978	0.363517352310876
0.18185301178233318	0.09098745336188849	0.09086959682225132	0.27276498552203987	0.3635249525114869
0.18199861190907712	0.09073606721560462	0.09092573570176185	0.27276281831085075	0.36357676686270546
0.18191982128947123	0.09084896142602082	0.09094017012526631	0.27263580744732263	0.36365523971191877
0.18180237279680972	0.09091616889126121	0.09087565420993346	0.2728050934537634	0.363600710648232
0.1818710745191661	0.09072225115710186	0.09092699140733367	0.2728133918896171	0.36366629102678105
0.18176987638807982	0.09100514141171766	0.09088009194492136	0.27276486946820744	0.36358002078707347
0.1819182188864225	0.0909175369463999	0.09091751181700852	0.27267940805954516	0.36356732429062366
0.18190273693689105	0.09081407365141911	0.09092273627716016	0.27269705256338106	0.36366340057114843
0.18187870210749305	0.09098056598441501	0.09092630916485497	0.2726552348979009	0.3635591878453359
0.18187730435604307	0.09086301635939757	0.0909352698654184	0.27272901995308785	0.36359538946605285
0.18194135465219166	0.09090828220522842	0.09088212748784644	0.27266264238726623	0.36360559326746705
0.18182680269097218	0.09073952999619093	0.09092646613694973	0.27278384633967734	0.3637233548362096
0.18199681018746067	0.09083818807331731	0.0909380391109427	0.2726942874205195	0.3635326752077596
0.1819100049584239	0.09082621496100773	0.09088388875047551	0.2727840051172631	0.36359588621282957
0.18190594339201052	0.09089901336626716	0.09090169623746869	0.2727497764246824	0.36354357057957104
0.18192799994947373	0.0907547439586658	0.09093537679485668	0.2727069201472907	0.3636749591497129
0.18193179497284317	0.09067998362059035	0.09087492000508585	0.27277988068988035	0.3637334207116001
0.18201808315773282	0.09087372717816515	0.0908716814423768	0.2727091362204922	0.36352737200123275
0.18174522403756616	0.09098134189494425	0.09093327756248284	0.27274514279635964	0.36359501370864694
0.1818970650085727	0.09092167825261607	0.09086900130361178	0.27278945985210923	0.36352279558309
0.18193147733714846	0.0907382843507254	0.09091240784624405	0.2727418752271142	0.3636759552387677
0.18185770120516884	0.09068709586375756	0.09089564274267223	0.27281613939653043	0.3637434207918708
0.18191442132115238	0.09074244941786008	0.0909148406571067	0.27271936068102337	0.36370892792285725
0.18198846369604912	0.09071443670186666	0.09093965589134528	0.2726813988403586	0.3636760448703801
0.1818031009942657	0.09089446718795352	0.09093143705890533	0.2727262538197618	0.3636447409391134
0.1819247921678647	0.09078481835726412	0.09088259056031603	0.2727731694662584	0.3636346294482965
0.18180314932756458	0.0909548660322313	0.09093329178147982	0.2726970377023463	0.3636116551563778
0.18191923585136432	0.09084455044972456	0.09090613070618705	0.27279536119986314	0.3635347217928607
0.18204054119560228	0.09075798573304494	0.09089124323605718	0.27264900004046805	0.3636612297948273
0.18184771785512074	0.09076465318568534	0.0908849279287898	0.272758784556121	0.36374391647428295
0.1818135478869532	0.09083637579135787	0.09087060016341228	0.27278777323035475	0.3636917029279217
0.1819890881027497	0.09081587653313591	0.09091403661193426	0.2727062868458574	0.36357471190632257
0.18196960447564392	0.0908542452899308	0.090876421445984	0.2727611871206095	0.3635385416678316
0.1820068035062073	0.09071641903196509	0.09088571466570854	0.2727415862300542	0.3636494765660647
0.1817989448463383	0.09101814332508833	0.09086873488127281	0.27270865637019504	0.3636055205771053
0.18191749049334247	0.09087450480812581	0.09093561246062976	0.27273642743806126	0.3635359647998405
0.18192560155262505	0.09078786106834254	0.09091126005725082	0.2727567332130564	0.363618544108725
0.18175620774623719	0.09090195373368133	0.09094333611451585	0.27270773360790157	0.3636907687976638
0.18181898964882465	0.09085520584476674	0.09091593438642694	0.27280538698352486	0.36360448313645666
0.18179907497656564	0.09094098504525039	0.09088803701024081	0.27267365267641863	0.36369825029152436
0.18185395426451775	0.09097005957193839	0.09089300111142894	0.27263476712384704	0.3636482179282676
0.18190741319391668	0.0909041307160889	0.09089521664358247	0.272735288694722	0.36355795075168973
0.18193032527096467	0.09072310728139032	0.09090244109937963	0.2727056836074456	0.36373844274081957
0.1817413472891166	0.09101285889955285	0.09090767237056396	0.27278926202278475	0.36354885941798165
0.18190993085419438	0.09068257668790888	0.09092472798727823	0.2727443190351597	0.3637384454354586
0.18197578072527865	0.09081086955714546	0.09091707032226995	0.2727245918952	0.3635716875001057
0.1818810404892457	0.090875797271845	0.09093434303278378	0.27278977121657005	0.36351904798955526
0.18178692285885956	0.09085497201724434	0.09093563935835212	0.27272609284144034	0.3636963729241035
0.18200161740634763	0.09078575100746272	0.0908887950397408	0.27272579979657074	0.36359803674987795
0.1817879364601718	0.09092422592549138	0.09086824271261723	0.2726908637136098	0.3637287311881096
0.18184724070168806	0.09102936799879445	0.09086598099803932	0.2727116156403568	0.36354579466112125
0.18183692036678256	0.09088863961383287	0.0909294796829103	0.2727787632027892	0.36356619713368477
0.18185659468747	0.09092241185515593	0.09090040808674302	0.2728054970170514	0.3635150883535794
0.1818379828916548	0.09102153304420406	0.09087063948243704	0.2726849955829163	0.36358484899878757
0.18196133601771386	0.09089083923477306	0.09092203192884432	0.2726905011479698	0.36353529167069876
0.18183632238161518	0.09092882549967869	0.0909211463003273	0.27276181084844364	0.363551894969935
0.1819982359923128	0.09087558679334329	0.09087742418252609	0.2726818123368554	0.3635669406949622
0.1818996352217214	0.09076799380812592	0.09093154899436859	0.27267621304811035	0.3637246089276735
0.18195263719374338	0.09076142005282418	0.0909052750437304	0.2728028656415873	0.3635778020681145
0.181796471149383	0.09101610811582785	0.09087320557954738	0.27279248681136853	0.3635217283438731
0.18190117239839793	0.09081894377792676	0.09091777678127468	0.2728067979547951	0.36355530908760525
0.1818468535081122	0.09083895124272491	0.0909221106567868	0.2727442784899331	0.36364780610244274
0.18198053581841311	0.0907599458317712	0.09088528190821266	0.27267473488781024	0.3636995015537926
0.18200616435421937	0.09075144696192967	0.09092146678183957	0.27276667067472615	0.363554251227285
0.18177563234964939	0.09102214741228322	0.09090570843420506	0.2727743644322868	0.3635221473715753
0.18194663581667392	0.09082000606743156	0.09087017448071909	0.27266331501240176	0.3636998686227735
0.18179022130983286	0.09091819423111125	0.09087000347871085	0.27274617027123116	0.3636754107091137
0.1818490948846453	0.09094038762167382	0.09088423681235124	0.2726563689885194	0.36366991169281004
0.1818331190329315	0.09087715700194948	0.09094050052520472	0.27267350646444033	0.36367571697547374
0.18186898310674304	0.09076845940011782	0.09092484829047759	0.2727748316132198	0.36366287758944155
0.18199472731980873	0.09067889026977352	0.09092914987359131	0.27281053587682913	0.3635866966599971
0.18191744981123187	0.09096838346508689	0.09093122589648409	0.27263731142317577	0.36354562940402113
0.18176601994592745	0.09085364474778085	0.09086742322430963	0.2727948786301551	0.36371803345182674
0.18191699077228737	0.09075116435838691	0.09093263209102938	0.27265960535540656	0.3637396074228895
0.18200470995115894	0.09086187970467971	0.09088996895848557	0.27268533177650556	0.36355810960917
0.18197656899617806	0.09079754560380292	0.09094160801360103	0.27267864875736925	0.36360562862904855
0.18182028516593193	0.09096241662526969	0.09088352129748276	0.27279946739555605	0.3635343095157594
0.18177276227905248	0.09094365922376968	0.09089627517077153	0.27272239458401354	0.3636649087423926
0.1820143758155794	0.09089449871388217	0.09087288075024427	0.27271239976858663	0.36350584495170735
0.18174914573038864	0.09092919172606702	0.09092732444744445	0.2728032637259833	0.3635910743701164
0.18199323867208728	0.09076013097279219	0.09092702939128117	0.2726741653028829	0.36364543566095625
0.18180642726060067	0.09092530716463235	0.09092617294445095	0.27267875414849607	0.36366333848181975
0.18191515344274828	0.09083891667306741	0.09092151584902394	0.27277520851022574	0.3635492055249344
0.18183613284082562	0.09082317550101016	0.09092048740280162	0.27272114946358855	0.3636990547917739
0.18188186868103498	0.09087730277146243	0.09092628855735109	0.2726352829447615	0.3636792570453898
0.18186134772906393	0.09083783404475818	0.0909138839723927	0.2728138563871989	0.3635730778665861
0.18200208740758977	0.0909396200907383	0.09090605790029846	0.2726345024636037	0.36351773213776956
0.18176847743738445	0.09088644486050343	0.09092833201924247	0.27272646267976586	0.3636902830031037
0.1817942375123567	0.09092170118934298	0.09092805943676974	0.27273062774438805	0.3636253741171423
0.18188655676958979	0.09102844875164381	0.09089122225339505	0.27268416598859185	0.3635096062367793
0.18200074509461212	0.09080918786559242	0.09089120176443297	0.2727305662099831	0.3635682990653792
0.18192921728720512	0.09083650794322183	0.09090132779126343	0.2727963395629006	0.3635366074154087
0.18198778456445144	0.0907030642538173	0.09092563805661283	0.2728114170867833	0.36357209603833496
0.18201911664909107	0.09074797970131393	0.09091476157410122	0.2726798058372283	0.3636383362382653
0.1818532799806552	0.09088452960107123	0.09090875286955509	0.27280179507663405	0.36355164247208427
0.1819089292923956	0.09080871249441486	0.09087722017761243	0.27279738251293345	0.36360775552264346
0.18200650696300003	0.09075584677533324	0.090898576669222	0.2726468032315046	0.36369226636093993
0.18176021940944992	0.09079846446785085	0.0909448502855866	0.2727701469258331	0.36372631891127927
0.18202215440191521	0.0908185384387375	0.09092284774641429	0.2726386509298405	0.3635978084830923
0.18183463084007676	0.09088755509219137	0.09093213877886733	0.2726883696582316	0.3636573056306327
0.1818144243821031	0.09094380685342808	0.09093011359012458	0.27265607741987236	0.3636555777544717
0.18181813323628918	0.09086097324151662	0.09093283793671242	0.27268847748823144	0.3636995780972501
0.18191723441648702	0.09083655025484114	0.09087030752563649	0.2727757618068647	0.3636001459961705
0.1819142035030678	0.09087515381878844	0.09089087437022103	0.2727444292696753	0.36357533903824724
0.18189769745217477	0.09093185922370653	0.09091319000484724	0.2726615864459472	0.36359566687332406
0.1817504136660618	0.09099183748046041	0.09094300521978338	0.27270383629930184	0.3636109073343924
0.18184998470745853	0.0909480751903187	0.09088673689498325	0.2727785690394252	0.36353663416781407
0.18174415570760788	0.09097791629618296	0.09092277428031101	0.27277913866529724	0.36357601505060066
0.18185799682534587	0.09074709309261782	0.09094486715966661	0.272786238807271	0.3636638041150985
0.18201905285429668	0.09089653962658661	0.09092320238201357	0.2726544545722916	0.3635067505648113
0.18195396581511714	0.0908750431330279	0.09093175741966686	0.272687275260187	0.36355195837200094
0.18202597025014888	0.09069036374864144	0.0909180082590231	0.27278782276955876	0.36357783497262763
0.18181768234311932	0.09092877558809946	0.09092424826952707	0.2726612014411033	0.3636680923581506
0.1817813533626801	0.09077660830605372	0.09093397203214576	0.272814764663027	0.36369330163609315
0.18179532106937363	0.09094652699393974	0.09088662464082722	0.27270354370606875	0.36366798358979047
0.1817635800094512	0.09101124690700797	0.09088015395450841	0.2727326346801848	0.36361238444884736
0.18174513432796896	0.09097742023520483	0.09089059847981326	0.27272669263744004	0.36366015431957266
0.1818651695443735	0.09080607697265777	0.09091456283731678	0.27281429979298544	0.3635998908526663
0.1819241947403435	0.09071999449790422	0.0909101623412163	0.27276712084370175	0.36367852757683405
0.18179644555966049	0.09094735581196897	0.09090360346577275	0.2726518010758815	0.3637007940867161
0.18200454740005412	0.09070999210615327	0.0909350170105046	0.27278046339568235	0.36356998008760544
0.18183855017677583	0.09091379516957293	0.09093663829809022	0.272703914034694	0.36360710232086685
0.18187162824307684	0.09082139542142742	0.0908729756594272	0.27274845861867003	0.36368554205739834
0.1820180843120261	0.09085646489436273	0.09089824242095615	0.2726471422863465	0.3635800660863083
0.1819430367293186	0.0908151446349774	0.0908808457696093	0.2728056460068318	0.3635553268592626
0.18191752203574096	0.09079365958819546	0.0908978174741755	0.2727198999546294	0.36367110094725846
0.18174593552551332	0.09088452018492173	0.09087596032609008	0.2727785161912248	0.36371506777224993
0.18180558160813295	0.09096006117098485	0.09092489626383064	0.2726536702885796	0.3636557906684717
0.18189078083001273	0.09069003995862755	0.09088057386832855	0.27280736881170425	0.36373123653132666
0.18191790268653135	0.0908122905521305	0.09088125114670653	0.2727866774277984	0.3636018781868331
0.18178124548587066	0.09086485550871376	0.09087598473096827	0.2727937198693386	0.3636841944051085
0.1820535360797214	0.0907633957228755	0.09087251248729886	0.2727131666395621	0.36359738907054195
0.1820429920595259	0.09088521409991177	0.0908894469845567	0.27263447544200947	0.3635478714139959
0.1819194847256111	0.09093230908256138	0.09091841168861729	0.27270699938396464	0.36352279511924546
0.1819375439381633	0.09088814005254162	0.09090886667401676	0.27268224890095316	0.363583200434325
0.18196462968088897	0.09069651898007734	0.09087545367942002	0.2728151695344496	0.3636482281251638
0.18198033143857056	0.09068699889330298	0.09090236739671366	0.2727371560042332	0.36369314626717936
0.18199481498755077	0.09073641918481952	0.09087351311884694	0.2726480735869667	0.3637471791218159
0.18194155341947013	0.09086696108196442	0.090938558045241	0.27270991843860637	0.3635430090147179
0.18199672453076665	0.09079882420144542	0.09089405901847983	0.27264956955834774	0.3636608226909602
0.18175769968329658	0.09101862761524024	0.09086977012408035	0.27269096293599365	0.36366293964138896
0.18191833006127667	0.09081716945618701	0.09092857217462777	0.2726971609764029	0.36363876733150546
0.18186431802155595	0.09083264650152638	0.09087198127011202	0.27273328883376063	0.36369776537304477
0.18195420419103525	0.09073048371912237	0.09091586269122484	0.2726925026746245	0.3637069467239928
0.18188684443236058	0.0910244322757738	0.09089753191201004	0.27266616743302075	0.3635250239468346
0.18184655201762598	0.09092239191280349	0.09089692670004049	0.2727147132152369	0.36361941615429294
0.18182973877875314	0.09099491256458847	0.0909009488136302	0.27276524781364886	0.36350915202937917
0.18179865461586092	0.09102359169416406	0.09089834235735747	0.2726648198841068	0.3636145914485105
0.18178222376353226	0.09095971031684197	0.09087709911973194	0.2727125211223726	0.363668445677521
0.18185945596210357	0.09086036428299972	0.0909060001203807	0.27278963307131415	0.3635845465632016
0.18179802577590126	0.09098510190044576	0.0908866769301174	0.2727360319845608	0.36359416340897455
0.18192519639843868	0.09080698470454299	0.0908851679442494	0.27279907694933886	0.3635835740034299
0.1817510536649758	0.09076079194784958	0.09094496940818379	0.2727984535451162	0.3637447314338744
0.18187019105972585	0.09075079188430507	0.0908963059328261	0.2727737131176414	0.36370899800550127
0.18176381418135906	0.09093035109535097	0.09087350997671487	0.2727463465659089	0.36368597818066595
0.18185019864385107	0.0908811675528497	0.09092981011181028	0.27266317363069587	0.36367565006079283
0.1820144809737399	0.09086883120791783	0.09087681905684125	0.27270123634661536	0.3635386324148855
0.18204074671922768	0.0906796387199018	0.09088984319414738	0.27270910083310856	0.3636806705336144
0.18184523706148747	0.09081825985294872	0.090895145639454	0.272782557588628	0.3636587998574815
0.18183619928744904	0.09082768044518795	0.09094141862080325	0.27273990496177325	0.3636547966847863
0.18183041622742505	0.09091378371061659	0.09093448715262631	0.2726353535308411	0.36368595937849074
0.1819210683352569	0.09067873854269455	0.09091187375156466	0.27281027901051064	0.363678040359973
0.18192684486557514	0.09089238179739556	0.09089387900823817	0.27266919235592524	0.3636177019728657
0.1817434017935756	0.09080799541651277	0.0909134946013353	0.27280988463145617	0.36372522355711995
0.18186564517288611	0.09086197429262284	0.09093332792575924	0.27266671027963435	0.36367234232909723
0.1819837142175705	0.09086378276722026	0.0908966506121851	0.2727486299284063	0.3635072224746176
0.18186665509313477	0.09079978382912834	0.09092750048460167	0.27276086757811	0.36364519301502496
0.18183595982348794	0.09097833232394031	0.09089533390938637	0.2727146410372737	0.3635757329059115
0.18179142727659356	0.09088305318292171	0.0909319351388516	0.2727000699881134	0.36369351441351955
0.18189495588996435	0.09082359314177985	0.09088235148516664	0.27266089355051093	0.363738205932578
0.18179488883847772	0.09096794004247984	0.09088806693573177	0.27278587778173563	0.3635632264015748
0.1818177451782041	0.09090904890391002	0.09089311426930266	0.2726665161426713	0.36371357550591177
0.18178305892208335	0.09085041550389684	0.09091569616007664	0.2727712227813827	0.3636796066325602
0.18179112543822754	0.0909600027154703	0.09087244039729211	0.2727680735008448	0.36360835794816504
0.18177160917197577	0.09093915839033775	0.09088523682313779	0.2727947116781657	0.3636092839363828
0.1817897628152254	0.09077814816385993	0.0909248188597737	0.2728047098322606	0.36370256032888015
0.18189248941350217	0.09081703305773334	0.09090492427375266	0.27265960059460825	0.3637259526604034
0.18181965984562592	0.09084988143588044	0.09094111746629123	0.27277223329649036	0.36361710795571184
0.18201318098757208	0.09076690494882034	0.090893906409489	0.2726529702706124	0.3636730373835059
0.1818149145426973	0.09099215312252967	0.09089899356699349	0.2727159832072633	0.3635779555605161
0.18191462524260849	0.09085596784260637	0.09087179065095093	0.2727521139057917	0.36360550235804234
0.18176597812572237	0.09102604350454868	0.09090843680710128	0.272730332209425	0.36356920935320247
0.1819497756758249	0.09082200117710193	0.09087060715032602	0.2727991689325944	0.3635584470641525
0.18180926072136594	0.090926380718128	0.09087135414664407	0.27268682081838036	0.3637061835954814
0.18202626530070232	0.0907475309482993	0.09092608929627624	0.2726909122519062	0.3636092022028157
0.18191421510757627	0.09086558284988314	0.09090917020321077	0.27278671267290955	0.36352431916642003
0.18191558857015905	0.090788425660619	0.09092473662090933	0.2726578521470183	0.363713397001294
0.18186348486992815	0.09072026701856316	0.09091843170559441	0.27278848975238185	0.36370932665353223
0.18195709836190654	0.09082778848805022	0.09089871312821823	0.2727589302332966	0.3635574697885282
0.1818607127392374	0.09091224539212979	0.09093303684667654	0.2727670550935097	0.36352694992844636
0.18183807857404122	0.09089946785631328	0.09091825235557194	0.2726652969497204	0.36367890426435295
0.18187685610260307	0.09080960517208862	0.09089678318104873	0.2727081150545834	0.363708640489676
0.18182340111720952	0.09093568230589316	0.09086752316362962	0.2726916219053235	0.363681771507944
0.18201028572577788	0.09068426449131935	0.09092478438188738	0.2726490945700635	0.36373157083095176
0.1818077919348053	0.09082029915919465	0.09088861465337808	0.2728091559389444	0.36367413831367734
0.18191423795012984	0.0908896430944969	0.09087352798256325	0.2727976633588832	0.3635249276139265
0.18190928479319962	0.09085879389440621	0.09086590802527317	0.27266894666043046	0.3636970666266903
0.18176771000936415	0.09091776009414199	0.09092967168977141	0.2727749637778428	0.36360989442887937
0.18183848202305408	0.09091443959165638	0.09092368473180945	0.2726942714494624	0.3636291222040175
0.1817618916129003	0.09092335511823553	0.09092798795480636	0.2728128207507055	0.3635739445633521
0.18183224999200337	0.09089157134121445	0.09088270442116766	0.2727973293848889	0.36359614486072545
0.1818879065568971	0.09075545416743389	0.09089975991976085	0.2727949040344724	0.3636619753214356
0.18184947116971842	0.09082696896786122	0.09088705825459886	0.2727901583197252	0.3636463432880961
0.18183132531492655	0.09095928745921572	0.09091599350919613	0.2726815966676277	0.3636117970490337
0.18194691601599408	0.09079584156351439	0.09086628842173058	0.27279255867183255	0.3635983953269283
0.18177735383900556	0.09102973299779402	0.09089422182106757	0.2726391540782027	0.36365953726392997
0.18179435130802085	0.09084633602142744	0.09089945346508908	0.2727483561522494	0.363711503053213
0.18194538275394942	0.0908362799257256	0.09094422404967806	0.27266060782083956	0.3636135054498071
0.18182613669117897	0.09086175678626315	0.09092238385963997	0.27269554361363263	0.363694179049285
0.18198382306036545	0.09079370352560456	0.09090310859442575	0.272716402281874	0.36360296253773006
0.18178503017497724	0.09101853770908847	0.09089342199776396	0.27278454020108567	0.3635184699170845
0.1817784316705924	0.09102697974600595	0.09089386333960162	0.2727376733290101	0.36356305191478966
0.18191522750668335	0.09076836821972538	0.09094239529346719	0.27280849694423054	0.3635655120358934
0.18191422541828128	0.09077911243221189	0.09087268753022784	0.27270639943393044	0.3637275751853483
0.1817847272820154	0.09085297448361061	0.09087419607742026	0.2727975108654935	0.36369059129146003
0.18203225173481152	0.09086229768664451	0.09094137523312754	0.2726426694353377	0.3635214059100785
0.18196803843371417	0.09073209921996597	0.09089538720986853	0.27267433948987374	0.3637301356465773
0.1817782068894433	0.09084968210423884	0.09088959260698747	0.2727919681025987	0.36369055029673153
0.1818709668213556	0.09088320661434093	0.09093643789765594	0.27278386635899443	0.3635255223076529
0.18202813077117674	0.09072284024744817	0.09091635837157377	0.2727792323763344	0.36355343823346675
0.18179136796236492	0.09098562644548923	0.09089044153829265	0.27273621523238517	0.36359634882146785
0.18186425203340187	0.0907124925880177	0.09089120373913293	0.27279755966777186	0.3637344919716755
0.181763173391081	0.09094465488415923	0.0908686799695568	0.2726820875845427	0.36374140417066003
0.18191655889933706	0.09076133211235482	0.09093445353510933	0.27264933278665404	0.3637383226665445
0.18191044324935823	0.09083840042726259	0.0909084161483738	0.2728113520286126	0.3635313881463926
0.18205176344185758	0.09073131046984995	0.09090521325528808	0.2726982521271727	0.3636134607058315
0.1818014913729868	0.09078608613083958	0.0909181513659919	0.2727742827377876	0.36371998839239394
0.1819632709990928	0.09082459901019402	0.09092547516433086	0.27267057995665567	0.36361607486972647
0.1818688409241151	0.0908288854394628	0.09092339155563306	0.27275763340215003	0.36362124867863876
0.18189711208541648	0.09083268395452941	0.09093781975754724	0.27278264401337016	0.36354974018913655
0.18188585237687707	0.09089602647623965	0.09087321052709517	0.2726992285776226	0.3636456820421653
0.18196731018470536	0.09074913557811283	0.09092388928736879	0.27266049710499274	0.3636991678448201
0.18179387450036952	0.09082299681531376	0.09093900271335696	0.2728046615016331	0.3636394644693265
0.18204231256567005	0.09075456758865057	0.09092930985038002	0.2727554536952267	0.36351835630007245
0.18200669980059647	0.09078716616765538	0.09091597964763566	0.2727116010117107	0.3635785533724015
0.18176128000559655	0.09079310303126278	0.0909292680215277	0.2727761610142669	0.36374018792734586
0.18195214928383907	0.09081070732032749	0.09091771686435848	0.2727817179967231	0.36353770853475165
0.18193378472072547	0.0909204935402601	0.09090340517803888	0.2726359672374521	0.3636063493235232
0.18179834016243201	0.09094175505431099	0.09088863261681669	0.27281105534511113	0.36356021682132894
0.18188354789666666	0.0909420621389433	0.09090202304703793	0.272692033061993	0.36358033385535893
0.18184382923474765	0.09101283555487248	0.09087477306101098	0.27271620901359933	0.36355235313576933
0.1818050200095434	0.09087804365010271	0.0908669236458328	0.2728164956232203	0.3636335170713006
0.18178433749116463	0.09097849097033917	0.09090804743335094	0.27267358522819585	0.3636555388769492
0.1820515026277053	0.09070379270665133	0.09089312477423084	0.27269826110744017	0.3636533187839721
0.18175294054082122	0.09102329468241842	0.09090267386289873	0.27266382312131887	0.3636572677925426
0.1817974706305334	0.09097042571188038	0.09091238417084321	0.2727187615416784	0.3636009579450644
0.18202345450512084	0.09070558003944057	0.09086792036774309	0.2727978244115259	0.3636052206761694
0.18201960039618123	0.09069329644733815	0.09092980315642066	0.27271949692256614	0.36363780307749366
0.1817746011900773	0.090913761860508	0.09087695232339602	0.2727286916955121	0.36370599293050637
0.18174778555342766	0.09089937518357191	0.09094410448553528	0.2727613507495208	0.36364738402794416
0.18176853848572552	0.09093822604046344	0.09088736259174199	0.27278401824527676	0.36362185463679203
0.1817701015498357	0.09102946075914095	0.09086461372807328	0.27266709267120726	0.3636687312917426
0.18198023423973522	0.0907618767365696	0.09091764155613437	0.2727749879311203	0.36356525953644026
0.18183746779290172	0.09085616024512819	0.09089484593388664	0.27273186340655814	0.3636796626215251
0.18176696061660091	0.09082859029985155	0.0909308119716658	0.27281670554572635	0.36365693156615514
0.18193582064407593	0.09072253645483919	0.09091995335672864	0.2727394923701473	0.3636821971742087
0.18192248104176456	0.09096563795968128	0.0908691033388677	0.2727039852783498	0.36353879238133646
0.18203252398105982	0.09085518178751262	0.09087895399779637	0.2726706485899924	0.3635626916436386
0.18175470686979486	0.09092633957751356	0.09092387170047801	0.27269813826187744	0.363696943590336
0.18184128651619608	0.09082703796279723	0.09092059313192682	0.27267026729456595	0.36374081509451367
0.18183195090880494	0.0908001071084213	0.09087476449441789	0.27276819876284697	0.3637249787255087
0.18194991267809976	0.09082626316079277	0.09092665679152301	0.27268825867542434	0.36360890869415996
0.18186592602407803	0.09092107205989493	0.09094148310609318	0.27274691336638474	0.3635246054435489
0.18177389428813073	0.09095860255267361	0.09088927150421842	0.27270847773083134	0.36366975392414563
0.1818683207668248	0.09096968151868688	0.0908657923456379	0.2727605665172906	0.3635356388515596
0.18176347526553763	0.09099709653713195	0.09092053045217124	0.2727437661505967	0.3635751315945623
0.18179386014342147	0.0910031974439519	0.09087731658420063	0.27278419129763803	0.3635414345307878
0.18180900662713906	0.09077974136098088	0.09091415745208667	0.27278115840823025	0.36371593615156295
0.1819398153115028	0.09075693987387257	0.09092535195509763	0.2728128742049879	0.36356501865453894
0.1818485454825225	0.0907760415238622	0.09094467843357099	0.27275416920440765	0.3636765653556365
0.18200532451268847	0.09068717074007177	0.09089843909435472	0.2727064719955428	0.36370259365734203
0.181767779823214	0.0909125201265295	0.090918616891125	0.2727068842248283	0.363694198934303
0.1818928838391535	0.09091528259539225	0.09091760597818105	0.2726594387674441	0.36361478881982895
0.18201806472402826	0.09080437886498113	0.09087071353651005	0.27272378490987187	0.36358305796460855
0.18174380005575536	0.09083117131446387	0.09089031704930553	0.27280298425350624	0.3637317273269687
0.18188853824153706	0.09099949421794581	0.09089715926772585	0.2726522349545254	0.3635625733182657
0.18193004267176083	0.09083636238544585	0.09086472985580449	0.2727766092871511	0.3635922557998375
0.18202555697172368	0.09079508688984873	0.09086480071248612	0.2726477830777309	0.3636667723482103
0.1818990749598527	0.09073996117654473	0.0909359627649457	0.2727398796797378	0.36368512141891896
0.1820159866264534	0.09075588108948004	0.0908751410491977	0.2727761483824087	0.36357684285245995
0.18204322287523758	0.09082783679908746	0.09093116834170503	0.2726767363730397	0.3635210356109301
0.18177416617586942	0.09090354017273987	0.0908934400516237	0.27277224152127827	0.36365661207848854
0.1819908980197258	0.09073104323127962	0.09088764659583232	0.27269647646861933	0.3636939356845427
0.18177595394449197	0.09093393760189761	0.09091389187161089	0.27281271708791777	0.3635634994940816
0.18182705040739763	0.09074192978502765	0.09091530051832755	0.2727978145350251	0.36371790475422183
0.1818242684822049	0.09077384007530798	0.09093771813143744	0.2727886432822928	0.3636755300287567
0.18183580669551644	0.0909240771693121	0.09093993403110427	0.2727339068390672	0.3635662752649998
0.18187465435050468	0.09095980716265088	0.09090429849844364	0.27274771152724686	0.36351352846115376
0.1817987683688564	0.09088243486340224	0.09091534155721939	0.2727577219929707	0.36364573321755106
0.18195832269572568	0.09082762771639542	0.09093316797007069	0.2726552458739694	0.36362563574383855
0.18181599320695924	0.09095245828009156	0.09089637311924267	0.27275200806085603	0.36358316733285034
0.18184547632940204	0.09081638320980676	0.09090852238438565	0.27269873667943045	0.36373088139697485
0.18188978930114874	0.09080977043646592	0.09089422692083321	0.2726954419518328	0.36371077138971913
0.18182764236221374	0.09091486860082114	0.09091787751723615	0.2727078416826296	0.3636317698370991
0.18178660521778794	0.09081466052475497	0.0909433398458936	0.272793206039055	0.3636621883725083
0.18201643914710502	0.09075527276515286	0.090867257234767	0.272658146507168	0.36370288434580694
0.18187694655982956	0.0909250641662943	0.090899564781381	0.27264863381742277	0.3636497906750722
0.18177624255369548	0.0909277432163971	0.09092527808011186	0.2726681765549278	0.3637025595948675
0.18198019933203202	0.09083334262517168	0.09089295464799842	0.27273763628063014	0.36355586711416754
0.18199347801132854	0.09071914230531936	0.09088964234998279	0.2727368823886622	0.3636608549447069
0.181798355670517	0.09091644350860333	0.09088057247910562	0.27275909089973677	0.3636455374420371
0.18179067035705965	0.09095009743642035	0.09093920706570459	0.2728078537287611	0.36351217141205405
0.18202383406629224	0.09084291388448201	0.09091860773446007	0.27266583118196197	0.3635488131328035
0.1818122925246306	0.09096321161664091	0.09087846953077637	0.2727627859700749	0.36358324035787704
0.18179554927438052	0.09086883207017976	0.09091031051848428	0.2727822398220873	0.3636430683148679
0.18194862667331196	0.09080126622111104	0.09090327970248388	0.27267300568272423	0.36367382172036866
0.18190032419926322	0.09091250471801618	0.09088350381235552	0.27264322553141496	0.36366044173894985
0.18193637096753343	0.09075173377630744	0.09091292384297342	0.2726517694418825	0.363747201971303
0.18203999961477763	0.09084842214658223	0.09087274434114634	0.27267396709783637	0.36356486679965727
0.18195831626857845	0.09090905486445341	0.0908657444338497	0.2727145973726236	0.3635522870604947
0.1819117827639421	0.09073785899662086	0.09093599155999021	0.27274246011859266	0.36367190656085396
0.1819363801463981	0.09086818529861614	0.09086953431900724	0.2726970619543221	0.36362883828165626
0.18178968258217792	0.09080218857614729	0.090924586927008	0.2727912764450934	0.36369226546957323
0.1820365405185405	0.09083490682202158	0.0908815727837703	0.2726991125927046	0.3635478672829628
0.1818516501914931	0.09091576682568595	0.09090525252687326	0.2727645050676877	0.3635628253882598
0.18185447743088567	0.09090789005278556	0.090913471690245	0.27265601091266933	0.36366814991341423
0.18186622361208732	0.09070327873641273	0.0909341236298583	0.2727619129147134	0.363734461106928
0.18189578916254434	0.09080451470459627	0.09086560971805518	0.2728131290720433	0.3636209573427607
0.18185010792324638	0.09097955378129968	0.09090733039582616	0.2726760164098718	0.3635869914897557
0.18181345182592196	0.09100111267910246	0.09086717586989126	0.2727526599404514	0.36356559968463276
0.1818307579699149	0.09092423465728244	0.09088736778847742	0.2726414720112338	0.3637161675730912
0.1817438514205859	0.09098806664841505	0.09090218130569733	0.27266134529541486	0.3637045553298866
0.18174738842533902	0.09091479323761245	0.09087811739046239	0.27279631553832717	0.36366338540825877
0.18188134994163588	0.0908255101784622	0.09089354570817022	0.27270201964735274	0.36369757452437873
0.18190571991304405	0.09072538626712971	0.09091447600767447	0.2727333630307523	0.36372105478139927
0.18184081843591127	0.09087078215168132	0.09091417159692877	0.2726863255904999	0.3636879022249786
0.18193006100585943	0.0907793389951122	0.09091670071232641	0.27280423326587433	0.3635696660208274
0.182043569085802	0.09072732951714135	0.09089008550588074	0.27281685090786933	0.36352216498330636
0.18181089311211057	0.09099660495238987	0.09091522022904855	0.2726456633165165	0.36363161838993424
0.18198568011067004	0.09080051815865493	0.09086905209021805	0.272716587695581	0.3636281619448758
0.18187441589587836	0.09081492748221784	0.09091278518664414	0.272758445787162	0.3636394256480975
0.18193425892898726	0.09067688360636833	0.09092701076915818	0.27277085344799656	0.36369099324748944
0.18183111266060137	0.09091895913095492	0.09094429430119269	0.27264050004454293	0.3636651338627079
0.1818709377170169	0.0908290064986455	0.09091933170963443	0.2726721201885491	0.3637086038861539
0.18188363486557568	0.0907699631941569	0.09090997036204265	0.2727702606194299	0.36366617095879467
0.1818914932384459	0.09078499989205004	0.0908998569458402	0.2726823032667649	0.3637413466568987
0.18193645923960974	0.0908947708859364	0.09087490240600837	0.272683267922015	0.3636105995464302
0.18177963685839194	0.09097166404899665	0.09086833691831546	0.27264824703649726	0.3637321151377985
0.18194425426300853	0.09080245167383204	0.09093492563941254	0.27278681814264205	0.3635315502811046
0.1817540807898582	0.09084065080352856	0.09086773079294469	0.27280306206526506	0.3637344755484033
0.18180610422623733	0.09100683954635977	0.09093200755878712	0.2726749224789776	0.363580126189638
0.18200874946782947	0.09070406544800476	0.09092545990762237	0.27263415309673344	0.3637275720798097
