0.02879567644823676	0.04433216155059663	0.17096158706721656	0.04822727369211205	0.14084379912966524	0.30381856472320323	0.2404965524186228	0.022524384970346464
0.025944529289537693	0.05109847607405041	0.18342105395322994	0.04737248614990841	0.1285707975997596	0.3150968912731994	0.2254093639627685	0.023086401697545902
0.025555529744421213	0.04874784130912936	0.14141126495400855	0.04503593017409545	0.13479467443750728	0.34578988603094796	0.23787972106609268	0.020785152283797334
0.033016547860248324	0.044976216964843344	0.1586303642027237	0.048848247076195686	0.1365973937244343	0.35103300474150295	0.20602600885635897	0.020872216573692537
0.020207122131211147	0.04118006073759528	0.14701460130718288	0.04280809371260534	0.13436762742617936	0.36075556072605913	0.2288028168426639	0.02486411711650277
0.036170724545845925	0.05040616522989724	0.17265428596924848	0.04613997293978003	0.12789336364485465	0.33528465404980046	0.20758172631958566	0.02386910730098736
0.033534837084244706	0.04814396347334003	0.1450805138772773	0.04822906739578732	0.14564406590444984	0.3329158006870533	0.22642566632835076	0.02002608524949659
0.02873186004852976	0.04223543158486873	0.1450754917192563	0.040172879726536756	0.14501336191718586	0.36070667173612225	0.2160519338634465	0.022012369404053655
0.0371595396532253	0.042183642155238635	0.1912048159486398	0.042388169270153125	0.14127585589945135	0.3022282494342958	0.22252494053033572	0.021034787108660025
0.024075435558516503	0.042825683216836885	0.17968258852169905	0.04793913860030234	0.14328442567949806	0.3143149169322765	0.22638849878217276	0.021489312708697667
0.039159435049229	0.049964815799137044	0.15904838718647768	0.043408330926121994	0.12923478330975016	0.3197392264082966	0.2349947420847228	0.024450279236264527
0.02993583808694046	0.042130566169308076	0.18840691909407653	0.046858357889438956	0.1456185103860877	0.3198284371806829	0.20782739285408658	0.019393978339378615
0.033973467424342374	0.04730393538802945	0.16476696525454096	0.04934957867541165	0.13329103210308368	0.33349732371364926	0.21496160071875065	0.022856096722191716
0.02231904677725613	0.047303207018177626	0.19714039534562988	0.04412791224492281	0.13506259588343955	0.30705311631628485	0.22737428465653162	0.019619441757757372
0.02348405697427959	0.046998441633784	0.14508551927121205	0.04313910524281016	0.14228841625872918	0.3258887954504347	0.2499012659629874	0.023214399205762695
0.03288162799036021	0.050610535507399135	0.18846547026095684	0.04281470881056816	0.1353635110589316	0.30456691289150617	0.220466648832015	0.02483058464826271
0.02400721997099435	0.0415195877490185	0.16836534431700836	0.045288048934777766	0.13457802922445974	0.3356790493690107	0.22856008386528862	0.022002636569441722
0.02479838290983291	0.04060992086271839	0.19472941178428133	0.04734458481593598	0.14028032907311158	0.31270999493535434	0.217013136906516	0.02251423871224925
0.034422561205787516	0.040629053573193796	0.15964222151963295	0.04239476708988894	0.13599031820419222	0.32714867948433973	0.2393549658184046	0.020417433104560068
0.0245332978082511	0.05013577187300344	0.1430235494019534	0.04224511818684035	0.14322653546935749	0.36585024874445626	0.21016681700127657	0.020818661514861198
0.035559918343523234	0.050873628426585965	0.14865546688089154	0.04660560890802139	0.14274298528374027	0.3452681807174615	0.20530938003744142	0.02498483140233443
0.025689388168994562	0.04343236359260158	0.16398608323192337	0.04804972387408836	0.1257884581188903	0.3423336150325925	0.231486480403693	0.019233887577216086
0.03942544249180696	0.04050196605144886	0.1849967848157742	0.041339515437184865	0.1422316872312597	0.3003460726977733	0.2305151112333667	0.02064342004138517
0.031782107463874346	0.04853533544555884	0.15535671379890767	0.04867932634703792	0.13425901475955065	0.32132706862916155	0.2385043477751136	0.021556085780795223
0.035302391527544594	0.04085095672901533	0.1627428970354839	0.04927207655069528	0.13589443920912442	0.3417890858778141	0.20995412446520087	0.024194028605121307
0.03933889148840272	0.0478417363263757	0.19027125065703565	0.046013796013839245	0.1271937250851229	0.3141560577157283	0.2118127785553956	0.02337176415809973
0.03912693955759319	0.045162732289755564	0.1913926935985288	0.047338569076746356	0.13013164777899078	0.30657022962746483	0.22087274598776893	0.019404442083151313
0.03106383226011969	0.04313940237506067	0.17769375610477886	0.0449385336544284	0.1388279657547751	0.3261790993317858	0.21702387176577861	0.021133538753272646
0.033554271047456424	0.04782467360856722	0.18511646291369677	0.041078972235455494	0.1388718191830053	0.31305394395966835	0.21750483805357387	0.022995018998576353
0.03026297829102194	0.04718300175537925	0.16850724743845946	0.04441620616454625	0.13716267530011375	0.30575913965011126	0.24510675976801302	0.021601991632354933
0.029981123375288632	0.04957795722075019	0.18243988855834473	0.044424313180229505	0.13248288093254612	0.30316301609550667	0.23783208040583487	0.020098740231499074
0.02524651475197036	0.04731447056585243	0.17620639209137873	0.04787757124310202	0.13933466353307425	0.3103541610075878	0.2310671545570407	0.022599072249993524
0.03394106950152537	0.04671326857732691	0.1684134831126752	0.046993900224726576	0.13219182629405457	0.3058269891436452	0.2425112654339639	0.023408197712082093
0.038080568617091096	0.04893014251469033	0.14986249653849634	0.043201238125474925	0.14026421131056563	0.3122140994870754	0.24259000593370755	0.024857237472898502
0.023985574983274693	0.04140794776085702	0.15783236883585222	0.04432874768694198	0.1304832091913378	0.36176039070858423	0.21563710817352344	0.024564652659628455
0.02199224586279712	0.05043828038741298	0.19444000491935814	0.042114373275667	0.13245350410025541	0.3099159404167243	0.22709895526954466	0.021546695768240184
0.028461161269158486	0.04469880666104624	0.1578683691231763	0.042099316039081666	0.14312105570388484	0.323187188511591	0.23843021485090324	0.02213388784115805
0.02152885764980915	0.04113467043405672	0.16200870902279868	0.04706996636977648	0.14587434136521563	0.32255341097200285	0.2384057946896478	0.021424249496692527
0.036380781518042624	0.04676407520947179	0.1439579771329688	0.044615050531209774	0.1459795110375457	0.35289587598677297	0.20569700040253527	0.02370972818145295
0.02961170074647157	0.0510002625327432	0.18851580142305788	0.04299004200136533	0.1389730330188384	0.3191649866446832	0.21029413997321467	0.019450033659625582
0.02354384574721377	0.046639480386841126	0.1654265963392247	0.048308459627947206	0.1277493038159741	0.32167496320125594	0.24248689422045278	0.02417045666109019
0.02616007051422005	0.04155349284809062	0.15052685904369678	0.049971113482773055	0.14358072314377596	0.3487352286789058	0.21792774564790246	0.02154476664063512
0.02506471205682284	0.04890304301938521	0.1669741886659762	0.04527256325746304	0.1344051990433459	0.31322762863477166	0.24606951025824217	0.020083155063992775
0.03063331369782954	0.042590232067935	0.14351632703340053	0.04474685932739081	0.1258457837611764	0.350193084581505	0.24150750966473292	0.02096688986602968
0.023645973693934702	0.044700452711926034	0.18622372635505696	0.045678219622276556	0.12693026728729045	0.3344606922762338	0.21490538729037112	0.023455280762910202
0.021818308516358645	0.0471631457511343	0.1793807352081755	0.04186340039309355	0.12536090613292378	0.3389217980860797	0.22315014527816907	0.02234156063406531
0.026155942435430485	0.05155437695651273	0.15344554948010647	0.04776222213809389	0.14062775573343597	0.3501417646591966	0.21043355208370118	0.019878836513522444
0.02244069495903181	0.04078537602130211	0.15465228207009346	0.04907823575723315	0.1368563986576279	0.3345723569382567	0.23779744826328506	0.02381720733316961
0.023544011465349346	0.043756279043856566	0.1864438547833692	0.04795208856726159	0.13990505500435566	0.30279437951982013	0.2317070515333879	0.023897280082599448
0.03722053049283944	0.05034945159676783	0.19779383927000743	0.0404500094919356	0.13713349692497298	0.31000732218512017	0.20736623310341556	0.019679116934940843
0.024325003561369227	0.04858161884080424	0.18243632215410818	0.046715107521695956	0.12611974643183113	0.34715204579307096	0.20411426383027276	0.02055589186684738
0.02296423529430011	0.04924931041110078	0.16104205609666258	0.046268691285360763	0.1425699220588331	0.32978669472279526	0.2269855218619073	0.021133568269039893
0.025976330141124063	0.04649408728045011	0.1955330126598897	0.0430588327359029	0.13213213231620907	0.30517632177083875	0.22810921966653774	0.023520063429047458
0.03813502191204127	0.04012288699880101	0.1613159308218664	0.04792078994356913	0.14319939134556572	0.3174698846126246	0.2322047276322215	0.019631366733310174
0.025176979903008448	0.04524126006666987	0.14424822211253552	0.042445878599010806	0.13868327468630084	0.359166732462768	0.2215906269202004	0.02344702524950601
0.02388422843662423	0.042722701235995725	0.17122642117240264	0.045035952181792294	0.14515825455598946	0.3056382962095281	0.246412930266334	0.01992121594133328
0.023308491533197417	0.04006997081575192	0.18953241473625887	0.04786020619579458	0.13147676698108474	0.30589191872234667	0.2390035128078848	0.022856718207680843
0.02949964365518981	0.044396716118954294	0.16197020334482948	0.04185734333925108	0.13419498950930794	0.3517446334433594	0.21541087294845573	0.020925597640652077
0.021767349990956072	0.049888328998381304	0.1648604346694658	0.04321163954068313	0.13708574190776895	0.31978317457428695	0.24383753681476122	0.019565793503696388
0.02172311850718535	0.04037085272771307	0.16468308776413035	0.047747468293588155	0.14090040110205398	0.35559114504581646	0.2087558519831264	0.020228074576386076
0.033002719129486546	0.041610421374097456	0.17559338272480052	0.0461901251007998	0.12644939980068653	0.31910178081724955	0.237354984728609	0.020697186324270367
0.02865600032411937	0.040720895650250444	0.1743854086950472	0.047449526804290654	0.1318113809909977	0.3078889529327484	0.24868215504866348	0.020405679553882505
0.027158921372447825	0.04601578078259208	0.17173241763657093	0.043016739116399666	0.1361695315353271	0.3165040882925746	0.23561495584502798	0.023787565419059617
0.02856413175296807	0.04853016228501561	0.17750143401589594	0.049402524801153064	0.13568076180917973	0.32090437530321236	0.21739242439482345	0.02202418563775156
0.03355526663136184	0.05122158328191033	0.15822257916231153	0.04290197755860793	0.13826979525398697	0.327184870509434	0.2268757449660248	0.021768182636362418
0.03555374479123864	0.04991628468345387	0.1440341349417758	0.043763974422622406	0.13052039653334338	0.3696097178610605	0.20662639193646745	0.01997535483003779
0.025797823122332544	0.041972131603623564	0.18186884659016297	0.044280503139307856	0.12764726812028385	0.3366444625157298	0.21710147673109725	0.02468748817746194
0.038197936078508896	0.04071126895106229	0.14422382390156185	0.04665721557934219	0.1453674901816658	0.317809110331736	0.2428281859531945	0.02420496902292832
0.02253244512098053	0.048653307260047976	0.15295363337070952	0.04202815483777457	0.1295053244161597	0.33440439759163887	0.24950140521699515	0.02042133218569349
0.03600932428247103	0.04800525463391114	0.17409850030318708	0.047080062133201206	0.1461013872016681	0.3010256025155987	0.22789878561997268	0.019781083309989927
0.03307468221470128	0.04738772891914278	0.17400399553700546	0.04327918081377295	0.12726350270078726	0.33312643493996935	0.2171188167691459	0.024745658105474785
0.03859413790271897	0.05089265114836489	0.1441721233908597	0.04213488538169992	0.1271075185356546	0.3486845551012712	0.22651615944622994	0.021897969093200548
0.026759733076787084	0.04412178684476567	0.14666746146381454	0.04648194205292709	0.14469177701749272	0.3486441773094948	0.21749671912024715	0.025136403114470685
0.02486642439029013	0.050267541802518995	0.17426749534100877	0.044309979758329815	0.14351070804198662	0.33149090471775267	0.2093653667260459	0.02192157922206682
0.03548523883429891	0.047723323119325464	0.16377094533856748	0.045632037788171556	0.1383207246677019	0.3147137003080973	0.23382071329570953	0.020533316648127686
0.02318589858002823	0.04522736582291163	0.14899557270953218	0.046433310470767306	0.1370818809906071	0.3316540878931027	0.2466092768138179	0.020812606719232823
0.027018580429820416	0.04795355625281916	0.14980788847110654	0.0476623359720669	0.14295005041633974	0.33227281530780417	0.2314894461570941	0.020845326992948734
0.021578684499909948	0.0425025411837127	0.19564052190089826	0.04364575970257799	0.12494725397310745	0.3162990772376576	0.23101936094054554	0.024366800561590282
0.020795894749670807	0.04810392518278718	0.17951649003455603	0.044312208735324085	0.14258728315335478	0.31387971689130667	0.2275186673218157	0.023285813931184535
0.021660797513216784	0.04368930172406288	0.16901113651038122	0.04984942339727985	0.145118503303709	0.32286728153187516	0.22291002987525302	0.02489352614422194
0.03293128261816243	0.04068898100217194	0.17679793514160502	0.04458258653011318	0.13098570387717445	0.3112606016759858	0.23767545418969938	0.025077454965087592
0.027039979637077174	0.04016080241725618	0.1726412698891916	0.04551629868710608	0.1433933737038228	0.308898679992055	0.23816337733428514	0.02418621833920584
0.038107468715440865	0.04209062131345677	0.14979216099894122	0.04538863328358739	0.12929733105863692	0.33177018073639464	0.23978926365532718	0.023764340238214762
0.0373843980271531	0.042728647707391224	0.17986175770087046	0.04651346846123784	0.13003630636621802	0.30910084240485924	0.23494804464179875	0.01942653469047116
0.02588596438365115	0.04618220712725872	0.1793316412110616	0.044413254645112435	0.1345378023018823	0.3062683691918765	0.24084424580608343	0.022536515333073687
0.024455391999252896	0.04930281779781667	0.1720942533751078	0.041061359000311395	0.13727736113477337	0.3506564377454031	0.20327098384200584	0.021881395105328688
0.03161891196007177	0.04407840133806018	0.15679880039815117	0.04601880208026385	0.14497222349327815	0.31239501370268075	0.24159531347122332	0.022522533556270596
0.035541727961241526	0.047331076963082766	0.1804034015145835	0.04259879914278146	0.14688247460735498	0.3191338294965278	0.20625702875661275	0.02185166155781501
0.024417651079674696	0.04492661643450839	0.17688360498289385	0.04258604043458468	0.14146837769191603	0.3068272855223472	0.23916147111218522	0.02372895274188974
0.02106610777829132	0.04539335511186145	0.18711474784004772	0.0432840517961883	0.12716715459613645	0.32649482288223625	0.2274175315271013	0.02206222846813702
0.03866653341240714	0.041991476878591394	0.1931097612890859	0.04750490155618807	0.13699280548853937	0.31662806636593177	0.20303584149911819	0.022070613510138032
0.03696868525615582	0.04053759777414938	0.17497503361692343	0.043128512885906314	0.13612941343648274	0.33745474751743176	0.2085638696254879	0.022242139887462486
0.039036439452074925	0.04496889456587182	0.15976269575260005	0.0449376031615632	0.12855172372893664	0.33230649727943173	0.22939475073567162	0.021041395323849715
0.021845912136230022	0.043778309764040915	0.1429318847985936	0.04747655767230605	0.13575310444595315	0.34989332107635385	0.23904175826133273	0.019279151845189482
0.026107978695855447	0.050438687861851156	0.15659904861097204	0.0412084791284153	0.13832987469369706	0.34623324735445843	0.21867979609064528	0.022402887564105092
0.03136599275234264	0.04537352521521448	0.15297346107640653	0.04907040226215818	0.12632297400079748	0.33170979900197206	0.23995487279188799	0.02322897289922045
0.03815759304493792	0.04737009343282614	0.148070495888221	0.04696651180412083	0.14333259025794381	0.3457305936741213	0.208829518221756	0.02154260367607283
0.034119225510742146	0.04782372324702054	0.1641497634584656	0.046255572338185155	0.13923015505202832	0.3117253811830628	0.2337389154303019	0.022957263780193304
0.03808750185024812	0.04655279644753224	0.14913309387004758	0.04756186792929183	0.12966025914134524	0.3264165449630234	0.2424367186534243	0.02015121714508708
0.024475637942741504	0.04213774224844047	0.18399136784715836	0.042408453389963935	0.12992546229333457	0.35118071657449995	0.2033348787688091	0.022545740935051933
0.023871849806906847	0.04160718471570676	0.15277371231406373	0.04359552094829447	0.1309778238575142	0.34254588562843014	0.2414383002575742	0.023189722471509494
0.024688692949804386	0.04020522416892364	0.1858082962459441	0.04295248411556006	0.1358400199840717	0.3017484943647741	0.24531054282992304	0.02344624534099883
0.038191492157272355	0.04493635076793086	0.14684792887794448	0.04882965165997252	0.12542542634293552	0.3467046691064774	0.2279268770539793	0.02113760403348733
0.021799696568514618	0.046548784041810704	0.1763355164368779	0.04823465581403652	0.12708237743817366	0.3465915657909845	0.21275583517400515	0.02065156873559676
0.021582616910245378	0.04136659045388033	0.16694075142101317	0.04321291747677203	0.13934169907423072	0.33798376565207056	0.22693665060416573	0.022635008407621865
0.03686362681369157	0.04964260631891497	0.18820134043331965	0.04634306448757043	0.12996722711691036	0.3079164041453094	0.22063836308197626	0.02042736760230711
0.03462496157819643	0.046057961074067524	0.16649216752649473	0.04073021650826043	0.13695960643355096	0.3150410256655963	0.24067657818710642	0.01941748302672701
0.03400253053379845	0.042490576698245214	0.15687297376359466	0.04109937079226912	0.14621288941619187	0.3294058435839753	0.22987682813646565	0.020038987075459563
0.031328587034384875	0.040679444568600315	0.15607345564542596	0.04398762134179371	0.13267431210262787	0.3239079545781205	0.24921875505261476	0.02212986967643181
0.019909049305540785	0.04102890379191204	0.17495790910787715	0.04233649230651365	0.13105505560434053	0.32536862491352203	0.2452413754801592	0.020102589490134465
0.026151002492464465	0.050831112453900776	0.1448207861225171	0.04437266168674138	0.135041361647852	0.34889584240662386	0.22861643893490416	0.021270794254996117
0.0321358219024826	0.04617359621168067	0.16370824978229698	0.04140364110056087	0.14233884415854872	0.3387759696004795	0.21190757520072492	0.02355630204322559
0.02881309301788801	0.041992655466371875	0.1866449123260659	0.044214551121034076	0.1339616358443005	0.3013612112271695	0.24230076983407	0.020711171163099895
0.025266060867246046	0.04139368891453514	0.18102385269471707	0.04809446279030176	0.14405802496720865	0.3058181887797129	0.2313213445552598	0.02302437643101843
0.03522777624346904	0.04156140400063596	0.17831707606614178	0.042636753308990236	0.1319581956085674	0.34196401857015774	0.2086063891434076	0.019728387058630115
0.023475282662761512	0.041798033411072896	0.18942089175374893	0.045001049388784145	0.1437427626876205	0.3297732658121433	0.20333794172901895	0.02345077255484959
0.027305965214091565	0.040531329497063534	0.19764181172193854	0.0497359983573277	0.13751484102264352	0.31617715665947305	0.21001895759118247	0.021073939936279443
0.03522117308504097	0.04711425221463192	0.17086665424177055	0.04274504668734966	0.14140959724932906	0.32421308729977016	0.21740419474262274	0.021025994479484736
0.02677047989039938	0.04103897049013941	0.18229902805221784	0.04558845997248065	0.1436145134938441	0.29895760547574424	0.23776029510912317	0.02397064751605102
0.021510556864261357	0.050246941404972906	0.14128775826449214	0.046860574921963494	0.14221976500617897	0.35679738081574214	0.21840921432628047	0.022667808396108324
0.03548088584007299	0.04712823074981179	0.170864852544588	0.048716581881802584	0.1412464274975248	0.31751043856929256	0.2155943661777996	0.02345821673910746
0.03944076141337656	0.04529721864468775	0.15279364595040953	0.045121203727664844	0.1256355189921711	0.3433885666400126	0.22567689346442812	0.022646191167249266
0.02578362347784438	0.04671696217248866	0.19232824318886482	0.04092475724937157	0.12951502059883496	0.2994345488693085	0.24422312030632679	0.021073724136960154
0.022505141305105503	0.04866663492266335	0.1505124522174634	0.040742691487775845	0.13230638923428528	0.3691505726885068	0.21489119985666155	0.021224918287538086
0.03715266623550105	0.04699462510812141	0.1552830002628262	0.04031568798798579	0.13345615440694492	0.3406576937748347	0.22305844330532903	0.02308172891845675
0.0197819428963264	0.04925825361180938	0.14842152852182242	0.04406673307644808	0.12583770992709137	0.34824545821023606	0.2408951503264537	0.023493223429812374
0.022684360695850253	0.04056912480250639	0.16873017250734013	0.04143151378273882	0.13935338644846731	0.32922780106167415	0.23519045389662888	0.022813186804793883
0.027139696700349977	0.05140677103948796	0.1597431905136236	0.04538108375613656	0.1248007073939674	0.3490229835317666	0.21946386820125477	0.02304169886341295
0.039064544098191614	0.043362400908775786	0.17055005093073072	0.04030747637626313	0.14649321666424014	0.325104474117636	0.21225476044261682	0.02286307646154563
0.03164591702443931	0.04059923140668946	0.1417249651957962	0.044691102630236096	0.1396455219373404	0.35433792135185843	0.228336666687444	0.019018673766195926
0.022754263753414564	0.04236271215612618	0.16806271990791485	0.04957436190495368	0.13203900036347682	0.352301940774431	0.20920479580045281	0.023700205339229924
0.03680859730935507	0.04109254852732101	0.14343609756844078	0.04786347804946749	0.1253465552681469	0.3610445829104856	0.22073789387017345	0.02367024649660951
0.028572943831955758	0.048106338762040526	0.1417730541405001	0.04183997390508344	0.13496756470882007	0.3342412213125194	0.24750896854370144	0.022989934795379113
0.026462368062636576	0.04128927742065007	0.14700806512343256	0.04462135565174061	0.14331753302785338	0.3526134606492722	0.22381575006621077	0.0208721899982037
0.02679647809867164	0.04306101469596792	0.17322123937464529	0.04660044744439258	0.12519306637981586	0.34604778746246456	0.21726058424953976	0.021819382294502226
0.025740322263848633	0.04095882241082263	0.1429857728014202	0.04800322224356768	0.14201148761782317	0.3609341979895075	0.2179684052244144	0.021397769448595602
0.036686862926896824	0.04262144503785269	0.15742362501963836	0.048732283825595746	0.14451706529244146	0.32656872322029973	0.2243406753482761	0.019109319328998897
0.022527669348731946	0.04551024025205984	0.16899514948209401	0.04052602957344463	0.14611592383153957	0.3179180877158361	0.23932826334081525	0.01907863645547847
0.03505530629388552	0.04440181944114055	0.14632197477512257	0.040376218677379866	0.14595192848705577	0.32166654054441246	0.24313105191117082	0.023095159869832238
0.027608477358913253	0.04821078771640615	0.141465772473665	0.048973571879761355	0.14276228409703348	0.35038192163636583	0.21886787117229511	0.021729313665559497
0.028524830171726176	0.047010744349503364	0.16894458035977056	0.04900288260760802	0.1382476444179951	0.30432502488526897	0.23890592508863578	0.025038368119491825
0.028045773332022364	0.048298623302235236	0.18234092158117113	0.0499506308340506	0.14319691636814727	0.3071920152998867	0.21654896661606482	0.024426152666421702
0.03377284353657864	0.04107078354307532	0.16662848355296567	0.046540937328731255	0.1399567043092648	0.3344153309942609	0.21782688178873422	0.019788034946389074
0.03236895277375301	0.04231269508114986	0.14445672504147497	0.04483022846310361	0.14421862916751402	0.32465557684174373	0.246904159923717	0.020253032707543556
0.024853832502921405	0.04285238762669211	0.183012737887141	0.040420952241695396	0.1265873532356825	0.3334165717544866	0.22452446863254955	0.024331696118831292
0.03555077586572111	0.04577660939030384	0.18625112038672587	0.042381655583582103	0.14018941831769596	0.3115318699128817	0.21325231468805922	0.02506623585503004
0.03421719084800676	0.04538103282640123	0.14552128656449434	0.04308831523632882	0.1340597025545186	0.3654539692485991	0.20898007795149837	0.02329842477015262
0.02080578288020088	0.04817287600244807	0.16803333133979287	0.040402462408151596	0.14709529445446684	0.33853247519243573	0.21428010684912835	0.022677670873375425
0.028138512784662617	0.04213985788499476	0.1727809282201534	0.046349495125528606	0.14031298992587096	0.3219474359754214	0.22392220759668074	0.024408572486687347
0.032325034634175465	0.04702760287219282	0.19183985484316676	0.042790151899243095	0.1453458366950509	0.3069623803507482	0.20910890900513865	0.024600229700283943
0.02261956117309133	0.045380170999214584	0.19064494415319988	0.04827405456067156	0.14289930114840316	0.32305733989593843	0.2039321068544706	0.023192521215010198
0.033162394370124346	0.04510150406615103	0.14179347903720144	0.04159581465963942	0.14367480813499767	0.35927625250383055	0.21482135627466625	0.020574390953389143
0.03493636330161634	0.04276968138516271	0.1755274489777591	0.047758162901349474	0.13455949868048606	0.3066131467156495	0.2380019162479692	0.019833781790007443
0.034306724329818794	0.041202333174115216	0.1976619658534633	0.04116211995296715	0.13641536499934398	0.31923848189090964	0.20507694922808525	0.02493606057129652
0.03153678225026918	0.04608742084549804	0.1631223826701217	0.041569332740804765	0.12881396953563953	0.3157729924057461	0.24832037901257717	0.02477674053934334
0.027543076738099415	0.04728625218826141	0.16746993209826716	0.04250181105067158	0.13369014756469316	0.3152891705123265	0.2437360980280767	0.022483511819603924
0.030259679239149295	0.04309045209550205	0.1432038454829761	0.04261632713704795	0.14679293387022804	0.3349048876808738	0.23921208764885102	0.0199197868453716
0.034404702141576815	0.0513943621913379	0.15009622632295358	0.04046246035279161	0.1363276396056775	0.3231140806093356	0.2413606180495912	0.02283991072673562
0.03213411549225867	0.04679706689007583	0.17284985795037072	0.048848065970591895	0.14578951188590272	0.3020521482677455	0.23038225322672262	0.021146980316331887
0.021815979361848592	0.04503428885665717	0.17982325941791488	0.04630652212432039	0.1431673406221718	0.3379019459099376	0.2033221228253907	0.022628540881758683
0.030548268885114235	0.04417757666797577	0.15991759078478907	0.04925679934559182	0.14010919472136577	0.34901163397060075	0.20654519200853613	0.020433743616026318
0.020550831492357757	0.045263030015877725	0.1472857790409653	0.0422457443174466	0.1382486907716249	0.37256016388001834	0.2115849522328825	0.022260808248826675
0.026649198008984284	0.04566258300061665	0.14211205841841648	0.04303130873133357	0.12575213405254632	0.3507650562654639	0.24615928518894004	0.019868376333698604
0.03045657406913853	0.04173017077737606	0.1584124962006969	0.0419616443498336	0.1292605281148686	0.3555501569616435	0.22066408740583202	0.021964342120610575
0.028784376018513497	0.050622349297367794	0.169209270046005	0.049435654434520485	0.1435364245561332	0.31760370703440843	0.21664835066007987	0.024159867952971564
0.02415111044731004	0.050803839615088164	0.1543421608280038	0.04397824215577047	0.13907122594608323	0.32869502821931545	0.23762487264058613	0.02133352014784254
0.036532928862799824	0.043404854886259225	0.154899140166762	0.04265982734929029	0.1301829652514704	0.32196815826303815	0.24766031454032858	0.02269181068005134
0.03059650064332009	0.05089882574108438	0.16847674652995093	0.048643629408442565	0.12792195846999777	0.3177116373268795	0.2331661328519369	0.02258456902838768
0.02676787627543198	0.04830630446076406	0.17282596679217083	0.04882580021772108	0.13203060311724146	0.3378269517340704	0.21375321441314082	0.01966328298945913
0.030017369802011695	0.04283229710505486	0.16795062794237725	0.04541812526747606	0.13121570147824665	0.3421343137751839	0.21537879222701511	0.025052772402634316
0.023946065638784528	0.041159255802573166	0.16652320094630596	0.045183433609875326	0.12964806389348552	0.33618390252212416	0.2375452425797016	0.01981083500714957
0.031115065776597756	0.04430446820995243	0.14308221010035815	0.0460797551472546	0.1251057138950901	0.3764061058828597	0.21153140121040045	0.022375279777486615
0.029768439307468572	0.04724908203742126	0.15320065920792875	0.04561467763311863	0.1331794466911137	0.34713639495738324	0.22174248562189952	0.02210881454366609
0.02349723450790231	0.04898382412114524	0.1524542553369956	0.04714688160398181	0.14726915796435275	0.3298584905972584	0.22782825709661075	0.02296189877175288
0.02968968724487875	0.048733331040503786	0.17936975536903593	0.04185731647322506	0.13382171979246016	0.31956280932488457	0.22346090688044834	0.023504473874563142
0.02633317732926363	0.051540994344735525	0.155121688537825	0.042880761860073224	0.1276181008922312	0.3253732527335308	0.24593806317157252	0.025193961130767967
0.027699913812471458	0.046836183625590666	0.18627302242924382	0.04337840283887248	0.12813730095865078	0.3092252451660969	0.23336344728993258	0.025086483879141128
0.030446232984768964	0.040699801017238774	0.19535486395448198	0.04039074199854545	0.14335503668951582	0.3190258671946691	0.2069230526347608	0.023804403526019008
0.01992959124666205	0.050287253239158655	0.1750212342399959	0.04209819806665903	0.13384095895134168	0.3301787904407862	0.22884501886235098	0.019798954953045317
0.020927628680636384	0.04593948230046693	0.18151808168088418	0.04507828849712178	0.1370897641884803	0.30618242973801846	0.24250390945127365	0.020760415463118104
0.03435709472496762	0.04832115340123719	0.14982058626661332	0.047918522945919334	0.12957036713034548	0.32575951602706876	0.2408121473142908	0.023440612189557286
0.0315542482025752	0.043106903950998574	0.14354198676787788	0.043257056864744056	0.1354239187953578	0.3579508741244264	0.2214720011132457	0.023693010180774216
0.02264027907732899	0.04558756510679339	0.1743565729329688	0.0415089230978518	0.13731100391716083	0.3469770952236826	0.2083352764479491	0.023283284196264367
0.03895514060397033	0.04697756373023179	0.15740865292619177	0.04376158239486476	0.13751890344280057	0.32561185788250974	0.2270993055892567	0.022666993430174157
0.021394755503843718	0.045390381031073526	0.1794153871022312	0.044074582333893664	0.14446922212041352	0.3163698958901234	0.22458651315692996	0.024299262861490895
0.038079890467148575	0.04017188732882772	0.14941913003688825	0.04086851263704572	0.1339132363285644	0.33542608801379026	0.23868432850206361	0.023436926685671294
0.028704249068160298	0.04038206633031577	0.16766070757607252	0.0441932556429136	0.132582123786866	0.33623414828224507	0.22981056996146917	0.020432879351957395
0.029969625851245074	0.05029409774018308	0.14386057113176684	0.04176178568566245	0.1324926279961938	0.37318639242443696	0.20696204958629083	0.02147284958422077
0.028285262377246795	0.047465323988779756	0.17712595091629119	0.04761280625436684	0.14628466337957632	0.3058526256842725	0.22765009033688766	0.019723277062578842
0.032816067336666796	0.04517308780422691	0.17616028462375	0.04201112290517822	0.12953934861597077	0.3092226958317258	0.24483758326307165	0.020239809619409674
0.026927100802659087	0.04896207612562521	0.1508491718771463	0.047642129359035085	0.13038718946247874	0.35571856492630505	0.21502157511247394	0.024492192334276394
0.03190625155641044	0.04816311164693805	0.17059167231447664	0.04588233635813206	0.13441167253617126	0.34137332476664806	0.2068119717539077	0.020859659067315628
0.028319794804587684	0.04534023922536355	0.15797342770488537	0.0442821420221827	0.1315914318068033	0.3528858141961433	0.2170700230219768	0.02253712721805709
0.03310954218756908	0.04076430084553778	0.1552568732365209	0.04627175763752678	0.13544743276193685	0.33497174700787236	0.23506463805458336	0.019113708268452684
0.027400114909804305	0.04662272698979569	0.14488897743690254	0.04201192548314414	0.1396692395554962	0.37257085216541613	0.2042183999899065	0.022617763469534313
0.0357162408963336	0.04850840313756366	0.1451422224392893	0.041274498996205125	0.13363050779071978	0.36318760011534357	0.2122585367255787	0.020281989898966082
0.030247633158318993	0.04711738453399285	0.16095491206487592	0.04360850168071717	0.13845961471359222	0.33613571894272515	0.2220427950798386	0.021433439825938927
0.03255838465946842	0.04136876310610271	0.15501422152937813	0.04793998353813271	0.13572455564404898	0.3366908845767817	0.2288875255420813	0.021815681404005846
0.02694640796384888	0.048033044716420586	0.15000408034048543	0.048739365196524914	0.13580144665743263	0.34409504900817267	0.2243515184529594	0.022029087664155303
0.03581962520801575	0.04960674360951252	0.1471786883653342	0.04928323046642964	0.13139443429458642	0.35032599642404116	0.2145783780845047	0.021812903547575438
0.03038065164115117	0.04493497336471369	0.17992053306645273	0.041887916589596355	0.14269888289713223	0.32615907521895	0.21055042984640526	0.023467537375598396
0.02172972832647213	0.04234261494686156	0.181019538132566	0.04186989446588292	0.1432015068167039	0.33262143826948287	0.21742317885525492	0.019792100186775546
0.033166310079249764	0.04822189228893338	0.19002799939050663	0.04865693688563266	0.13576348985850664	0.31096142873087096	0.21399845104106427	0.019203491725235472
0.02203327760028602	0.04413314525607338	0.1674955148406191	0.04734242814110334	0.14124837801789558	0.3203926378531171	0.23386060205050976	0.023494016240395543
0.02191836718718214	0.05109390587246354	0.1685326301896969	0.04437503468481202	0.12797233692088655	0.3250054767222309	0.23608289804001914	0.02501935038270861
0.02342477165019441	0.047937629549937896	0.16845415566112276	0.04771638757545682	0.14574815791508802	0.33355070737454534	0.2098035755150724	0.023364614758582244
0.02161481971075388	0.04673272699567932	0.14149315147964198	0.04302312211448753	0.14236584578099085	0.35878309023485977	0.2222302055093277	0.02375703817425877
0.022867571860200664	0.05055428446939168	0.16201410947890768	0.042964771760569107	0.13849262060507644	0.3250198523271658	0.23513164959161026	0.022955139907078176
0.03048793790647983	0.04975407379697942	0.15588417419310974	0.0464633465407842	0.14348314762767722	0.3114119392619488	0.23836545005487964	0.02414993061814094
0.03004536821439055	0.0416922647579014	0.1659445963022605	0.04401005210322202	0.1337917473773108	0.34534599084052264	0.21719012798168907	0.021979852422702895
0.033528247744109174	0.042516972110480625	0.1791005434732636	0.04349575542893122	0.13384599458337476	0.3188696751574558	0.2256021872254267	0.023040624276957994
0.031232276692173405	0.04643223647534854	0.18468365053778385	0.043765160644447035	0.14423807738991154	0.31373869970228296	0.21421016199675424	0.021699736561298158
0.020558618139112333	0.043313907315804354	0.14396827885190622	0.048394520533593874	0.13502475539236963	0.36461499489487603	0.2231199718275722	0.021004953044765184
0.02658211379766595	0.04024977154542861	0.16708972525087418	0.0474644305495992	0.13458365270157863	0.35103555899604444	0.21031246782035357	0.022682279338455236
0.023441594023911813	0.050956491188873854	0.15959482389352558	0.049073579170059944	0.13230433715823048	0.3596046716630167	0.2042941350486906	0.020730367853690854
0.025823686416880293	0.050693212923015415	0.1787605144036883	0.04961066540187804	0.1290337294046976	0.3140967085204702	0.23010721315196628	0.0218742697774037
0.03719970387838549	0.045475413681506135	0.15156116650223653	0.046684776882796916	0.12663643979030687	0.3627101152375858	0.20491563422705733	0.024816749800124716
0.03222910213536147	0.04141373726236017	0.14449484543994562	0.043286502712065716	0.14315137278013956	0.3394939673936693	0.23489479690158016	0.021035675374877827
0.026702103556529258	0.05142139171122778	0.16221086749001196	0.04538675659371075	0.14591254812527588	0.324042980022233	0.22140996055344622	0.02291339194756495
0.030093293144801164	0.04428729764734515	0.1931984547417655	0.04725252511595403	0.1393565887822853	0.3049710751465099	0.2165699325746964	0.02427083284664236
0.02225698355695488	0.04960625363341489	0.18878088398757806	0.045437080497001806	0.13822750903623757	0.32239089998985027	0.20919792855376168	0.024102460745200643
0.03587862606774357	0.04390983207532065	0.183714260093799	0.04553779573083075	0.13104917142526526	0.30196403164153435	0.23637981893412538	0.021566464031380933
0.03688794304997205	0.044072406940114536	0.14880164869303508	0.043075056676470866	0.14240000387398594	0.348706517688787	0.21451652371175267	0.021539899365881604
0.02133883947051493	0.0486729063532159	0.16604708927319173	0.04774283866497635	0.1295585065389426	0.33117805936536626	0.23595769929224725	0.019504061041544785
0.03473381536687063	0.04926603744731506	0.1586386769363955	0.040664545161692336	0.138683869755491	0.3400169776732841	0.21364223363300194	0.024353844025949298
0.034250410889686056	0.04509597917849667	0.1608582668886635	0.04095367130286118	0.14358808267747147	0.33825726384314253	0.2136308005642771	0.0233655246554013
0.02883739259570757	0.042637928075687614	0.17756926064012551	0.04574433313958559	0.12980815577886792	0.34857965401327884	0.20663019966749638	0.02019307608925039
0.02014599417077234	0.05022158756700257	0.18163295144391037	0.04577427297848294	0.1265515165198426	0.3374326859007759	0.21622427878437225	0.022016712634840896
0.021515501089049094	0.04852616592298982	0.17412593897018014	0.04748855809331162	0.128127482300396	0.33701213152965404	0.21903566525726048	0.024168556837158656
0.020647466164745	0.048557731310184385	0.17193515882942376	0.047002418968164456	0.12915974161161467	0.32123972325378924	0.2408260106191174	0.02063174924296092
0.0258261348653549	0.05029734994197495	0.14557394159602108	0.047627183511922536	0.14569341838911942	0.31758720340939706	0.24810470392679762	0.0192900643594123
0.020114834980848734	0.05122387938427221	0.14440176343453429	0.04052086031263112	0.13190509048797994	0.3470805195760249	0.2413506682320981	0.023402383591610523
0.03283878469686166	0.04744309203785767	0.1643124506876456	0.0467018731641408	0.13401840557787337	0.33768996849242194	0.21754504155895557	0.019450383784243186
0.03364381760751921	0.0504330345472036	0.18438692968998316	0.0491715824218254	0.13115463730033972	0.31217197314952416	0.21455797218496683	0.024480053098637655
0.029536292687636606	0.047170396827648856	0.184161672593361	0.046260199669182614	0.1395640157781733	0.3020673589571588	0.22743697862020096	0.023803084866637653
0.03646099178450246	0.04408025615909095	0.18688701896593743	0.047637371678497284	0.13217048092237255	0.3222163086942268	0.20967813511810401	0.020869436677268316
0.03398546775341661	0.04385511725608504	0.15417686700383273	0.04919644318779201	0.12551163070905397	0.36975913631535784	0.2031605757739298	0.020354762000531795
0.020712599945719626	0.046941637478967194	0.15334657671181837	0.04213427908549296	0.13313329388252806	0.3512074476438433	0.23064527406591356	0.021878891185716676
0.0270231545494507	0.04498757791102456	0.19096744021563544	0.047633000813632156	0.1274821317537028	0.33079175004692035	0.20639855604682553	0.024716388662808314
0.023419489215254607	0.04337517419189865	0.17499045754838	0.04653194801661216	0.14442635649915486	0.33331259605796665	0.2117800717098065	0.022163906760926402
0.03848406011904443	0.04280794195021248	0.1491578620626361	0.04424219763097423	0.13092007236090056	0.35160616697534797	0.22027471867067056	0.022506980230213414
0.024299535928274912	0.042831354926081075	0.19544207898909585	0.04019269612899069	0.14737865076835246	0.3182921276374267	0.20662157718623242	0.024941978435545728
0.028305593029189474	0.04948223359785332	0.1446139078994682	0.043742970540042544	0.12706332351593733	0.3628916600415007	0.2234526668364537	0.020447644539554527
0.02157076623602175	0.04453691028134314	0.19007585633484514	0.04211473977187978	0.12615631711697617	0.34582037147053846	0.2055954151201879	0.02412962366820756
0.025717526978917646	0.0406646787232945	0.17078051890990933	0.04932845274018559	0.13935307160032923	0.3236018854175647	0.22803548963964515	0.022518375990153605
0.02135712644930192	0.04118108853155865	0.17759702817763887	0.04549865678377689	0.12882475712123997	0.3521070315156317	0.2085563765812321	0.024877934839619698
0.029298294919118506	0.04089371035799283	0.15991835180342523	0.048788444747760215	0.12677062518428486	0.3504189508704806	0.21873662463299345	0.025174997483944153
0.030819947911187986	0.046442578505446	0.16006746130951732	0.041310948527970334	0.1259678338470926	0.3364016224312613	0.2340225670933133	0.024967040374210936
0.026401752502294512	0.043889765402143885	0.1624761489765157	0.04880963363564704	0.13321581369537305	0.3427210338424179	0.21793546223756155	0.024550389708046266
0.029106334232335926	0.04585804198028731	0.19037942210855796	0.046801679790556105	0.14346505926876124	0.2992226833076834	0.2227892321977123	0.022377547114105584
