0.04905567414735923	0.21134848335943637	0.7395958424932045
0.13833705160236762	0.26077934025807703	0.6008836081395554
0.10725168870834864	0.180150072650476	0.7125982386411754
0.10645809740222986	0.19730249822842708	0.6962394043693432
0.029615061379549834	0.15136407300703758	0.8190208656134127
0.07742635916658641	0.055565670215087515	0.8670079706183262
0.11880842168997499	0.2923554995187678	0.5888360787912572
0.13344780479005716	0.20740618047047318	0.6591460147394698
0.13379952115298768	0.2917649076678123	0.5744355711792001
0.10231934557104833	0.3425462002754478	0.555134454153504
0.057977961314257975	0.4088218323064032	0.533200206379339
0.07959860065200447	0.28549218598468545	0.6349092133633102
0.12964448352794938	0.24898015799984868	0.621375358472202
0.06798308883526616	0.2887129375542886	0.6433039736104453
0.048065861731341086	0.37525987534778926	0.5766742629208698
0.13848343237111985	0.41959466955595637	0.44192189807292387
0.07520327901827151	0.041419393304106766	0.8833773276776218
0.028395874603660387	0.13328748420028552	0.8383166411960542
0.01956824673746438	0.37445991215260876	0.605971841109927
0.08958154764597082	0.050737791595773074	0.8596806607582562
0.1673314988386821	0.04323561492215833	0.7894328862391597
0.08762004707128768	0.19126338720525796	0.7211165657234545
0.10152572251628442	0.26487557681331075	0.6335987006704049
0.07604894856212668	0.16342026344352426	0.7605307879943493
0.039291734500141506	0.04573411957357504	0.9149741459262837
0.02675360577291519	0.09935870380202744	0.8738876904250575
0.019761919501186997	0.37058338222084136	0.6096546982779718
0.13880019458637233	0.16080918261040128	0.7003906228032265
0.16494217500381214	0.32498993631644807	0.5100678886797398
0.036107659494100774	0.34367555346312423	0.620216787042775
0.0601933439326755	0.12762484389613193	0.8121818121711927
0.16754310017739893	0.10853293767409333	0.7239239621485078
0.1292875626052164	0.16174420335198508	0.7089682340427986
0.06398109033933869	0.23800868014325183	0.6980102295174097
0.12262163754398553	0.14066578698995524	0.7367125754660593
0.16872212125766908	0.19326927519570852	0.6380086035466225
0.03835701056315366	0.2906620014562715	0.670980987980575
0.024330418566673007	0.24240010485099708	0.73326947658233
0.0621787728119369	0.404071738985721	0.5337494882023421
0.1305805263189377	0.35443964193192495	0.5149798317491374
0.11581647876323109	0.2635914404008421	0.620592080835927
0.1536351458204499	0.42019824951541834	0.42616660466413187
0.06003894563081946	0.3299517090300408	0.61000934533914
0.15405060921704083	0.4225049155767723	0.423444475206187
0.09459235868948801	0.192192449629922	0.7132151916805901
0.13642171593651176	0.12355504627174752	0.7400232377917408
0.11308479477288585	0.400906982930201	0.48600822229691326
0.1338304137086815	0.21485629482335375	0.6513132914679649
0.04046835479421612	0.33609198918254324	0.6234396560232407
0.09977220697101438	0.4055651311705768	0.49466266185840896
0.09151808385817578	0.42174715550563274	0.48673476063619164
0.08585948900597992	0.28390054959742067	0.6302399613965997
0.04872680630692233	0.18608979679730286	0.7651833968957749
0.04995221506299463	0.3709681256799183	0.5790796592570872
0.04744576106748699	0.10696411554514845	0.8455901233873647
0.16314068529992337	0.06414602781270984	0.772713286887367
0.10747557061444504	0.0936392778699966	0.7988851515155584
0.05857444104763576	0.34775816223188444	0.59366739672048
0.10809493295690586	0.26036758781940295	0.6315374792236914
0.08528541590112254	0.22952094321210548	0.685193640886772
0.07977802131024442	0.26573198384981755	0.6544899948399381
0.12814923273337997	0.34267635163691806	0.529174415629702
0.033580968254544874	0.06970690444899208	0.8967121272964631
0.03945078939598318	0.1019596982403757	0.8585895123636412
0.0272936743694126	0.19516623982978926	0.7775400858007983
0.0356127051828381	0.1890541864233577	0.7753331083938044
0.05170291983850961	0.08479064984965284	0.8635064303118376
0.11780294100786698	0.11661744401920615	0.765579614972927
0.13029786229594742	0.15986509519532005	0.7098370425087327
0.10055574905068443	0.37213725947123416	0.5273069914780815
0.1503647519515067	0.34520754408650106	0.5044277039619923
0.12200974267785142	0.3970249634924083	0.4809652938297404
0.08242122234143723	0.23553796461131019	0.6820408130472528
0.06223343038957446	0.38138932745307763	0.5563772421573481
0.09511475616257631	0.3266581132008403	0.5782271306365835
0.08341882202748307	0.051738291657767665	0.8648428863147494
0.13920914385151428	0.32808304150154	0.5327078146469458
0.09027205234556374	0.3530301664179225	0.5566977812365139
0.1354318131459074	0.2996173397180187	0.564950847136074
0.16818801929303626	0.3767559209087481	0.45505605979821573
0.1442648416605385	0.17873094937662876	0.6770042089628328
0.07175772871450758	0.21942300511339613	0.7088192661720963
0.1430367012883655	0.06597608422931195	0.7909872144823227
0.12419585456947327	0.16587429516646357	0.7099298502640632
0.047825712612454885	0.29133509777150735	0.6608391896160379
0.07859263915701709	0.1684473646841502	0.7529599961588329
0.1373758845581945	0.0775232013172158	0.7851009141245898
0.053754766122797726	0.37093655409766363	0.5753086797795387
0.13162460772930873	0.375401812611488	0.4929735796592034
0.13727231773900342	0.09852088237758311	0.7642067998834136
0.10471873546473828	0.14105270752537274	0.7542285570098891
0.06866575376601408	0.06777570356232987	0.8635585426716562
0.12667309094140566	0.1498967772912406	0.7234301317673539
0.14703646857728436	0.40997558766235376	0.44298794376036205
0.14532759878051837	0.1838094378759332	0.6708629633435486
0.030788514550882384	0.18921038004760468	0.780001105401513
0.11228645888293623	0.14731165702171695	0.740401884095347
0.05438179483669925	0.10952116963639347	0.8360970355269074
0.026875914255274524	0.21517064000445646	0.7579534457402691
0.13218620887483978	0.10721937699598907	0.7605944141291713
0.12142173027200526	0.37159132672031003	0.5069869430076849
0.030464989793168917	0.29997336156843346	0.6695616486383977
0.1373930626905296	0.3805038349760059	0.4821031023334647
0.13438475996808077	0.16611821627558487	0.6994970237563345
0.16796796109583115	0.26195698847969634	0.5700750504244726
0.07912395839877351	0.3478123222931099	0.5730637193081167
0.06413556092376466	0.09217167101691537	0.8436927680593201
0.03661808302121672	0.1725823476399233	0.7907995693388601
0.125232046986751	0.338855776094523	0.5359121769187262
0.16474339921114972	0.3103197873305078	0.5249368134583426
0.07770613921304848	0.07650352574954761	0.845790335037404
0.11039395308532901	0.2217234031034524	0.6678826438112186
0.1715121068129807	0.09854822004857988	0.7299396731384395
0.15334421513855118	0.18313757345165066	0.6635182114097983
0.03495841134181227	0.12168586716886534	0.8433557214893226
0.09318186577862259	0.16040266976449644	0.7464154644568811
0.11005210881321018	0.11370974980948803	0.7762381413773018
0.036059256127375316	0.421722679620248	0.5422180642523767
0.02118602200156805	0.412022374287013	0.5667916037114191
0.16958977543232084	0.1007037173873542	0.729706507180325
0.030488036523998563	0.26963721979083477	0.6998747436851668
0.02503943652415508	0.06770968144058132	0.9072508820352637
0.04135370861936016	0.35174871868543	0.6068975726952099
0.1456547427894324	0.16268830727273043	0.6916569499378373
0.07720293030254016	0.19838636231569096	0.7244107073817689
0.16850686874725482	0.06829066608772116	0.7632024651650242
0.03521871233329649	0.04381036012609363	0.9209709275406102
0.09963157503666711	0.29754457158905956	0.6028238533742734
0.07536147829337497	0.2621106710885872	0.6625278506180379
0.024278210931765465	0.3058901371078336	0.6698316519604011
0.025786156080106426	0.27454884779484945	0.6996649961250443
0.1260711218438016	0.2433441558068284	0.6305847223493701
0.035380206491296584	0.18990576032324555	0.774714033185458
0.10471540844954	0.4116860583721551	0.48359853317830503
0.11849869899448873	0.29863221580048294	0.5828690852050284
0.08716928234280902	0.2035840560583455	0.7092466615988455
0.022761344293307395	0.2996279682349061	0.6776106874717867
0.07687459391507484	0.18461601031902367	0.7385093957659017
0.10174211498697419	0.3266596869796334	0.5715981980333926
0.12420979600889398	0.1383144096444909	0.7374757943466153
0.02207041477465821	0.25942331879877484	0.7185062664265671
0.030679834856763677	0.1724101881666631	0.7969099769765733
0.11578795121101834	0.42621593798676033	0.45799611080222147
0.0863762113789513	0.25642668353845677	0.657197105082592
0.12790925324564836	0.25272557843471405	0.6193651683196377
0.14427866975587894	0.0834613946057701	0.772259935638351
0.1612031377884386	0.2891187567539722	0.5496781054575893
0.1546924309412326	0.08257540125604701	0.7627321678027206
0.05612260338484604	0.33548510693813466	0.6083922896770194
0.1584008656215754	0.3465013552325825	0.4950977791458422
0.031137523972961934	0.36819762845185133	0.6006648475751868
0.08650723724309528	0.06786939154968608	0.8456233712072188
0.02338520494546209	0.15515177188723622	0.8214630231673019
0.16931071826005284	0.09130449507349248	0.7393847866664548
0.07867478756127833	0.3282636085229943	0.5930616039157275
0.01877627407709953	0.42126038081458694	0.5599633451083137
0.04263037090073396	0.15753350003206595	0.7998361290672003
0.0815401658604682	0.15614793710795455	0.7623118970315774
0.16060099131275976	0.05066404598706392	0.7887349627001765
0.03694044920412359	0.2339138652444488	0.7291456855514277
0.09620408712832854	0.23478534951959562	0.669010563352076
0.03912900147862258	0.1702356777368518	0.7906353207845257
0.021852714627021097	0.1159637144297872	0.8621835709431918
0.1482999597819361	0.3296862993687503	0.5220137408493137
0.16896129885483824	0.19832224157453332	0.6327164595706285
0.14122734873676762	0.07982537571272486	0.7789472755505076
0.12105354546859992	0.06732642277116263	0.8116200317602376
0.1283231405568388	0.18288009139974662	0.6887967680434146
0.1557946655268767	0.1556853843829325	0.6885199500901908
0.10250625747280351	0.08860618803284673	0.8088875544943499
0.07476060236337784	0.2390804017182099	0.6861589959184125
0.06029717139946	0.25082909095473493	0.6888737376458052
0.07989633477414221	0.27729535791089327	0.6428083073149646
0.1406193584846197	0.3133086172801562	0.5460720242352242
0.15445677466633784	0.24393070929977084	0.6016125160338914
0.03386817912527873	0.1053727339133046	0.8607590869614168
0.06396804437431552	0.1686680895852703	0.7673638660404143
0.16187020181013073	0.04191934755653676	0.7962104506333326
0.04496328129639954	0.32718933255139304	0.6278473861522076
0.11993762154296028	0.23221864337116488	0.647843735085875
0.039987884203287916	0.1503771654380164	0.8096349503586958
0.10812969464103894	0.3045738423195754	0.5872964630393858
0.07813321027851239	0.13187834916439642	0.7899884405570914
0.06691723230110141	0.05305482190267141	0.8800279457962272
0.12640767718307022	0.18894703188454345	0.6846452909323865
0.053572284296154515	0.2672066896240717	0.679221026079774
0.13023663439091757	0.078359587243431	0.7914037783656516
0.08215938943432105	0.3181523415511637	0.5996882690145154
0.07803508086238331	0.3710012343818367	0.5509636847557802
0.029780579098364957	0.39575140063898284	0.5744680202626523
0.08524767331464583	0.16217934150024066	0.7525729851851136
0.15352599374744985	0.23563786697888559	0.6108361392736646
0.1405151270393796	0.2928668545290956	0.5666180184315249
0.1656029376232089	0.15810803304741664	0.6762890293293746
0.169750027382424	0.09737049335059061	0.7328794792669855
0.08508798034358706	0.2096463056482493	0.7052657140081637
0.030243533585606386	0.32141179220377075	0.6483446742106229
0.17138741476701613	0.28636951942291083	0.5422430658100732
0.07527838669906456	0.32324798617161443	0.6014736271293212
0.017853552517047844	0.3977282024843681	0.5844182449985842
0.02071953867772708	0.14434834106730085	0.8349321202549722
0.13853674674822297	0.23454149331850413	0.626921759933273
0.16953660216213526	0.2787688384654797	0.5516945593723852
0.15778220901590956	0.4171923896394453	0.4250254013446452
0.058630897489602596	0.13076861397250528	0.8106004885378922
0.15669417025110227	0.0660919134317196	0.7772139163171783
0.08069799363046104	0.056871694113519555	0.8624303122560195
0.11033306967743176	0.20524409269173577	0.6844228376308326
0.12632407688703795	0.15683315532899944	0.7168427677839627
0.12768024293228364	0.36113815303679125	0.5111816040309252
0.02289783180298277	0.2534368900050055	0.7236652781920118
0.16798557556275195	0.15860155599777626	0.6734128684394719
0.03768218775586196	0.11428167982876286	0.8480361324153753
0.16402365108214612	0.17080385896963757	0.6651724899482164
0.08581350207745442	0.32161619724170293	0.5925703006808427
0.14912955706249198	0.15516922146932577	0.6957012214681824
0.10180664582891402	0.1677909462847582	0.7304024078863279
0.10976560313453063	0.08672424062695966	0.8035101562385099
0.025732365883499808	0.357301790618665	0.6169658434978353
0.04839149105689622	0.07442931829850141	0.8771791906446026
0.027437193147367367	0.37858885918481977	0.593973947667813
0.0770035956118188	0.20085168163739633	0.7221447227507849
0.016713991357598268	0.12749374928587265	0.8557922593565291
0.05867309345232541	0.09295605886713493	0.8483708476805397
0.04322151872657776	0.4043531867922281	0.5524252944811943
0.055567301690623516	0.1825839324587016	0.761848765850675
0.07454892424532494	0.2875387849015377	0.6379122908531375
0.08591124364732775	0.3305648042659026	0.5835239520867698
0.13303836607879702	0.06248562839320693	0.8044760055279961
0.03677768580413915	0.09729042309625968	0.8659318910996012
0.07278087756982754	0.4176005826059027	0.5096185398242699
0.0526455120222884	0.06955044010057065	0.8778040478771412
0.06973740041600329	0.16637621474233008	0.7638863848416667
0.11287819040034128	0.2648263950656605	0.6222954145339983
0.04148508520483429	0.09421597447317298	0.8642989403219928
0.0195494327664823	0.34177157620012577	0.6386789910333921
0.12052063211329322	0.27534745417132295	0.604131913715384
0.10414905356309276	0.22663025936767145	0.6692206870692359
0.02927733683473749	0.15577969347628362	0.8149429696889791
0.03270912918269725	0.29675985287051265	0.6705310179467903
0.10523172264882302	0.0994461803646447	0.7953220969865324
0.14265942463825088	0.17439917598079568	0.6829413993809537
0.13529261275082938	0.37016068674860975	0.494546700500561
0.0691182566612053	0.351110762737841	0.5797709806009538
0.07598910175849805	0.3311937245469113	0.5928171736945907
0.16538369872938774	0.21354541297286228	0.62107088829775
0.1692816435865912	0.10084007693515779	0.7298782794782511
0.08296522846834148	0.2792743989034533	0.6377603726282053
0.10245940652523575	0.19489283543870906	0.7026477580360553
0.021199141840131663	0.12332834857185304	0.8554725095880155
0.1288791108784782	0.19451489584284257	0.6766059932786793
0.08441608829679245	0.355637731488625	0.5599461802145826
0.15237621113231742	0.32780502813600515	0.5198187607316775
0.132482693970374	0.0942674257156258	0.7732498803140004
0.10180346347884953	0.24600989173708085	0.6521866447840697
0.10902508680172346	0.163749271460032	0.7272256417382447
0.0628369212260993	0.13522623991987145	0.8019368388540293
0.03931226804917731	0.4075711416526259	0.5531165902981969
0.07759422349786982	0.19724975975558678	0.7251560167465434
0.10791437091725795	0.05921410147838024	0.8328715276043619
0.08310665064595346	0.4037545755991741	0.5131387737548725
0.0686040517552286	0.14901036538824478	0.7823855828565267
0.16643613699918336	0.19699290240380818	0.6365709605970086
0.09839231417961583	0.32851864157628263	0.5730890442441017
0.16274534028155124	0.3214179134773195	0.5158367462411293
0.0994514019744833	0.17197115271984154	0.7285774453056753
0.08782153547865135	0.0599481849289446	0.8522302795924042
0.025769888037894484	0.21188441598847274	0.762345695973633
0.04339221746570765	0.37688131196139535	0.5797264705728971
0.04639606516483463	0.24549706511688008	0.7081068697182854
0.03796667001682724	0.252448835904376	0.709584494078797
0.1368239601252198	0.10187358789274104	0.7613024519820393
0.10859939887443998	0.06114905838538587	0.8302515427401743
0.09002492968264017	0.1772769131221583	0.7326981571952016
0.04180989635090121	0.18867774347002017	0.7695123601790788
0.052746949974022406	0.05870306741670617	0.8885499826092715
0.15676763886220021	0.3363486286345414	0.5068837325032585
0.12475547522811009	0.13964202821437077	0.7356024965575192
0.10750320006809355	0.0930148606098036	0.799481939322103
0.14225002235461387	0.16635228593052248	0.6913976917148638
0.15127693367842704	0.16051316084051445	0.6882099054810586
0.13956482913469254	0.3711728019796307	0.48926236888567687
0.0650529978122873	0.11049749616083415	0.8244495060268786
0.12182283924331266	0.2662257736367696	0.6119513871199178
0.07048475581005209	0.17127928040214513	0.7582359637878029
0.16250114811014466	0.11121183522029976	0.7262870166695556
0.1368778204287812	0.24661441539926585	0.6165077641719531
0.15916359010407546	0.31684783470914424	0.5239885751867804
0.13377873964894138	0.0864704796387481	0.7797507807123106
0.15446822360180926	0.16104281039710114	0.6844889660010898
0.02522019960641958	0.32777892085621757	0.647000879537363
0.1649497746819492	0.11077326522601211	0.7242769600920388
0.038399538066566485	0.38219192095323873	0.579408540980195
0.08936033324618048	0.16546128588468267	0.745178380869137
0.15985541018749833	0.38975888949771986	0.450385700314782
0.019044530132134363	0.25495030358592424	0.7260051662819414
0.13619416740687862	0.21548784571425295	0.6483179868788685
0.12068522803920237	0.09534090278872043	0.7839738691720773
0.15291114890847696	0.06853238727386468	0.7785564638176584
0.1541706708524589	0.3632775709188212	0.48255175822872004
0.021915686824195146	0.1605199006266959	0.817564412549109
0.15478660243762796	0.20669324264035996	0.6385201549220122
0.06633687085324247	0.37249600348508816	0.5611671256616695
0.023777155614918333	0.25413293178304	0.7220899126020419
0.099805982805584	0.18860013072002288	0.7115938864743931
0.13142937299169918	0.3641154988985943	0.5044551281097066
0.05795570190493621	0.3709838223675176	0.5710604757275464
0.1467451527320372	0.17947198195107508	0.6737828653168878
0.161116342485588	0.219824777426867	0.6190588800875452
0.017546586732586855	0.13108529315184275	0.8513681201155705
0.1365836699688337	0.38929294574345	0.4741233842877164
0.01963841938019545	0.162709048417695	0.8176525322021098
0.020922677401845613	0.38980403091151794	0.5892732916866366
0.06670183323784268	0.18871642331024022	0.7445817434519172
0.06827739231870567	0.18093389389737707	0.7507887137839173
0.15277481182797895	0.19088872818260916	0.6563364599894119
0.0899697123615924	0.14849754073566032	0.7615327469027474
0.08889977530203602	0.10773540234079215	0.8033648223571719
0.09030193421628635	0.20254927852857102	0.7071487872551427
0.06796760393234297	0.41962315350902957	0.5124092425586276
0.04699385129113909	0.3463970298856567	0.6066091188232043
0.16969345656443086	0.19044991891384444	0.6398566245217248
0.08996527031675475	0.2397756187718115	0.670259110911434
0.17066854321177352	0.38091903986682074	0.4484124169214059
0.14338351285891193	0.3905654804341436	0.46605100670694466
0.09435325465031968	0.32102265981979794	0.5846240855298825
0.16287555946303545	0.35203212521696065	0.485092315320004
0.05507324683632925	0.16775031024369902	0.7771764429199719
0.11701396629335714	0.2192287678882484	0.6637572658183946
0.04067202295754019	0.07201592783692035	0.8873120492055394
0.018260043435437245	0.21789480453947324	0.7638451520250897
0.13340647790436422	0.33702324107546466	0.5295702810201712
0.06367518502044234	0.370966389219645	0.5653584257599127
0.16034545933202088	0.06620157369237739	0.7734529669756018
0.16536736534138774	0.13379960460913598	0.7008330300494764
0.11170023875927573	0.2864041738615749	0.6018955873791495
0.07463394264728113	0.4208576380184632	0.5045084193342558
0.10943672029752666	0.3604482560359431	0.5301150236665304
0.06686377030155932	0.13790383067426118	0.7952323990241796
0.1450244033956452	0.40736491943208486	0.44761067717227004
0.04397199395475271	0.286170195253087	0.6698578107921604
0.054720310193777155	0.2693202197843161	0.6759594700219069
0.04657290564555516	0.24557010137692964	0.7078569929775154
0.06290641278925369	0.07872074910728621	0.8583728381034603
0.10101696328909976	0.3872170412274335	0.5117659954834668
0.15236920257572928	0.14828997438152047	0.6993408230427504
0.11901204476452279	0.173739334320468	0.7072486209150093
0.12143266691148663	0.08351716978153503	0.7950501633069784
0.05276551135779284	0.3122985522409365	0.6349359364012708
0.1317974187159444	0.30068483477424457	0.5675177465098111
0.16830267491869522	0.2218852405990471	0.6098120844822579
0.11244978931689806	0.32138980188159977	0.5661604088015023
0.052811625943851026	0.18513483066442077	0.7620535433917284
0.13971505384740954	0.2816017515405669	0.5786831946120237
0.1266244581086256	0.3342974498319775	0.5390780920593969
0.1471125015337565	0.28278250692949936	0.5701049915367442
0.046721997394305326	0.1782892240417224	0.7749887785639724
0.16629764499930985	0.06229099837384622	0.771411356626844
0.11148701869675082	0.07115611500927554	0.8173568662939736
0.09530101432244831	0.40523310650373745	0.49946587917381435
0.023901572229679924	0.1785161919215048	0.7975822358488154
0.14346288379843292	0.3905057311073864	0.4660313850941808
0.06923526767061622	0.10959712606810873	0.8211676062612752
0.08906656152115716	0.20603349297926135	0.7048999454995816
0.07276391685112371	0.09768557802647876	0.8295505051223977
0.06578979158400561	0.1458813605895481	0.7883288478264463
0.15572905605580264	0.06452590487015131	0.7797450390740461
0.12711178361127146	0.3218427315716576	0.551045484817071
0.12124212704294726	0.3244387772316719	0.554319095725381
0.1300783570555383	0.2912350809120724	0.5786865620323894
0.07806617428269047	0.3472736541491608	0.5746601715681489
0.02957542060705487	0.06020125643297192	0.9102233229599734
0.1557670338152944	0.32021876859203835	0.5240141975926673
0.16315644166983662	0.09740229472232076	0.7394412636078427
0.1276666243436375	0.25183186267268465	0.620501512983678
0.13678707436874735	0.05142704943319637	0.8117858761980564
0.09039575172433867	0.12499891666741247	0.784605331608249
0.14725540746592092	0.32211741710236985	0.5306271754317093
0.11667488113335792	0.33410556562940774	0.5492195532372345
0.12902704676495244	0.42169017406134046	0.44928277917370724
0.08431891774948624	0.15759986197491477	0.7580812202755991
0.16610892769885827	0.045228334783009805	0.7886627375181321
0.09342366190630078	0.12612649690987354	0.7804498411838258
0.1702926063140941	0.18877259467058072	0.6409347990153254
0.03929390096706098	0.18494306385037454	0.7757630351825646
0.0547841404963238	0.2542784479714437	0.6909374115322326
0.07906704414967858	0.16702881129292713	0.7539041445573944
0.10067370031469627	0.2069197545993079	0.692406545085996
0.08795271913424052	0.1338398712574699	0.7782074096082897
0.13290406251115286	0.22684514778844145	0.6402507897004058
0.06600032286589602	0.0771937002960773	0.8568059768380268
0.01651016359418378	0.3650446454647215	0.6184451909410948
0.11681056760342959	0.3230016987461964	0.5601877336503741
0.03663204257197106	0.37146579068350954	0.5919021667445195
0.10925959353811815	0.08781084203347367	0.8029295644284082
0.0739370056103057	0.11314574095121363	0.8129172534384808
0.07772432802576223	0.1598947354822699	0.762380936491968
0.1491545680507727	0.4272883186046008	0.42355711334462665
0.056019861435975093	0.25922458765009326	0.6847555509139318
0.026921688878959904	0.2718245997286957	0.7012537113923445
0.10992982084439645	0.2688444198928714	0.6212257592627323
0.02319925358528241	0.21511334005054275	0.761687406364175
0.09854110267731697	0.11385424651083548	0.7876046508118477
0.019338003146774863	0.2314036066652983	0.7492583901879271
0.1627992956321831	0.23775960699875137	0.5994410973690656
0.06565603183297919	0.2743940304874711	0.6599499376795499
0.11796610706586885	0.16240242243230946	0.7196314705018219
0.09585057891734083	0.05735852026471988	0.8467909008179394
0.036039843270390726	0.099039011533256	0.8649211451963533
0.04335490857864055	0.32350348561946396	0.6331416058018956
0.02362192277140418	0.17718956734283473	0.7991885098857612
0.07768325940633214	0.1618960302541213	0.7604207103395466
0.02208042047270725	0.3447701138860088	0.6331494656412842
0.13626043745582275	0.12067757940254878	0.7430619831416285
0.11018037840273331	0.264547272680262	0.6252723489170048
0.03398564813111887	0.31937643054581216	0.6466379213230691
0.14051760175232061	0.20924227707737003	0.6502401211703095
0.059470545370348904	0.06644785969670286	0.8740815949329483
0.12430620144956234	0.07544436731119086	0.800249431239247
0.14691893222378463	0.346597798206813	0.5064832695694025
0.03004854015535602	0.38142648419711983	0.5885249756475243
0.07402410511670443	0.38240161569876885	0.5435742791845268
0.0285798928521096	0.3028477746679053	0.6685723324799853
0.04105198467409321	0.4028164702355792	0.5561315450903277
0.11701981159259839	0.08057412122728402	0.8024060671801178
0.15763080750051547	0.12408289886058915	0.7182862936388955
0.15185629290591943	0.13516389425803954	0.7129798128360412
0.17051828423421694	0.1128954403431201	0.7165862754226631
0.15482944382384556	0.33474361591311214	0.5104269402630424
0.07985357977467122	0.37883015317389257	0.5413162670514363
0.14654196333277408	0.10365612759168136	0.7498019090755448
0.03612440748842405	0.3446209056130782	0.6192546868984979
0.01672049468856901	0.38179747870406266	0.6014820266073685
0.15899108648694896	0.2860612607425862	0.554947652770465
0.0804879776504292	0.12381547294259204	0.795696549406979
0.06833494776556981	0.1552578534353128	0.7764071987991176
0.06719548009355114	0.1029838165910485	0.8298207033154006
0.09401554934881082	0.16449471734212334	0.741489733309066
0.0365674444297418	0.1493685359136155	0.8140640196566428
0.1568499148005733	0.09361210317693486	0.7495379820224919
0.057454330290304056	0.188897057825005	0.753648611884691
0.16616884755862335	0.40719815893507094	0.42663299350630585
0.14322380744942587	0.4277326040516413	0.42904358849893287
0.039225420593890226	0.4195849870803645	0.5411895923257454
0.12691112846195834	0.049879911804080024	0.8232089597339617
0.12035396385584296	0.1039446180420178	0.7757014181021393
0.13102814762452197	0.2101003985358037	0.6588714538396745
0.1573340505620777	0.3544456972699721	0.4882202521679503
0.03953604006973088	0.42642428164816437	0.5340396782821049
0.1598241611941596	0.35403843359089837	0.4861374052149422
0.04018143501651822	0.25063088270381245	0.7091876822796694
0.10210794815127283	0.3492250376368644	0.5486670142118629
0.16947989576506164	0.1283528271344398	0.7021672771004986
0.16723286627490772	0.31844455041554914	0.5143225833095433
0.04132756006450755	0.07291326406235171	0.8857591758731408
0.08490681835752911	0.3876808451582352	0.5274123364842358
0.09480184625892873	0.1823520237199718	0.7228461300210995
0.018868684445535744	0.3000495692442484	0.6810817463102159
0.023390782228232765	0.38721293667405093	0.5893962810977165
0.027007648522480776	0.3189483613772026	0.6540439901003168
0.11581841152039257	0.39668196906507686	0.4874996194145307
0.12238195695493187	0.16241647648516017	0.7152015665599081
0.08946823294987263	0.11828076874739146	0.7922509983027359
0.14892088736339648	0.4242762126062517	0.42680290003035193
0.056298684944456556	0.406286687597605	0.5374146274579386
0.14607799996222248	0.242541065291116	0.6113809347466617
0.06269261040163265	0.12575452837111434	0.8115528612272531
0.14197621542457525	0.2722167871086202	0.5858069974668046
0.14821847908086744	0.12976919344687535	0.7220123274722574
0.0925980313559033	0.2551208172477812	0.6522811513963156
0.025667762186467435	0.10859513132560342	0.8657371064879292
0.1512588442585473	0.17391598776740247	0.6748251679740505
0.10822467027662483	0.17953590325909424	0.7122394264642811
0.03438282684027044	0.2452338082693094	0.7203833648904203
0.017791397768245787	0.05278959610939271	0.9294190061223616
0.022118229265370715	0.18109343307901116	0.7967883376556182
0.020762384397551292	0.08572153238653399	0.8935160832159148
0.05990741750271589	0.0490293356714494	0.8910632468258348
0.10982927867736444	0.059304154812860166	0.8308665665097755
0.03895752304401445	0.25792995251472867	0.703112524441257
0.12322316108508691	0.2961023077860628	0.5806745311288504
0.055014118286720926	0.2919164801347407	0.6530694015785385
0.05481767037722951	0.047326146713273065	0.8978561829094976
0.07209866963679912	0.2265624442050967	0.7013388861581042
0.11708404626528368	0.29059167392298213	0.5923242798117343
0.12657834613762536	0.24787498520573256	0.6255466686566422
0.0489088703260942	0.13146217016712894	0.8196289595067769
0.14820988332901763	0.3294204823641378	0.5223696343068447
0.08970909664416937	0.3938771781571012	0.5164137251987295
0.06213783711194276	0.1714777603272079	0.7663844025608495
0.08507891442288185	0.2815213299498515	0.6333997556272668
0.14515836305565014	0.4145354319706832	0.4403062049736668
0.11103742972359629	0.32795198603850817	0.5610105842378956
0.09530939087644355	0.21146934687258442	0.6932212622509721
0.028374039783006122	0.29011811919127417	0.6815078410257198
0.11924132123996595	0.3165088397706514	0.5642498389893826
0.03587607893111039	0.1257642499003077	0.838359671168582
0.0709434634644065	0.29594550408426035	0.6331110324513334
0.08356981020843118	0.2740414574573275	0.6423887323342414
0.10524612993448029	0.36181109362772496	0.5329427764377949
0.17114845946804313	0.4099982307835541	0.41885330974840285
0.016637356235000234	0.19895643140238817	0.7844062123626118
0.03235162157820659	0.08553909113885438	0.8821092872829391
0.13959284454780357	0.14866703627324418	0.7117401191789524
0.029423376177961147	0.18144850091203932	0.7891281229099996
0.12564992618100995	0.22222434678874783	0.6521257270302423
0.07245592789386052	0.36315481793094245	0.5643892541751971
0.10966662398198562	0.26697192039720846	0.623361455620806
0.036785837875584315	0.3042207965850314	0.6589933655393844
0.06356894725421225	0.23774124596733204	0.6986898067784558
0.13225899692633225	0.05063528831716324	0.8171057147565046
0.0661203624156852	0.11356226123208446	0.8203173763522305
0.07426000591625309	0.41307943992546337	0.5126605541582836
0.037657034372432785	0.357392723453721	0.6049502421738464
0.025249578368491843	0.10813209415946734	0.8666183274720408
0.05449866495705624	0.08122395441028668	0.8642773806326572
0.16126875029061954	0.12806027398772452	0.710670975721656
0.11459103562888126	0.26938549532768263	0.6160234690434362
0.15784811742372015	0.26579166790951825	0.5763602146667617
0.1675912179459451	0.38517097172282494	0.4472378103312301
0.11901842225692544	0.28478851479400924	0.5961930629490655
0.08111155539286796	0.30867428459435364	0.6102141600127786
0.09310350224532271	0.2061704127525138	0.7007260850021637
0.027718815194329283	0.10242303264577679	0.869858152159894
0.09431932361025935	0.12278556787331621	0.7828951085164246
0.14558055684052718	0.2936890985795707	0.5607303445799023
0.07709426228258687	0.18367777117142292	0.7392279665459904
0.16164439873972078	0.08398178521295638	0.754373816047323
0.04549919011316217	0.04117372541926334	0.9133270844675746
0.15587654694275804	0.38070070200230455	0.4634227510549375
0.10268549154572412	0.1963829589121731	0.7009315495421029
0.07017150912446551	0.2526214379280548	0.6772070529474798
0.07556808426221207	0.3317795209828499	0.5926523947549381
0.1247184763021254	0.19878460908974072	0.676496914608134
0.08209131002145709	0.12994029143498842	0.7879683985435546
0.13034234979818127	0.32896479773362375	0.5406928524681951
0.12718199808843222	0.19035932004903422	0.6824586818625337
0.04445126503679275	0.20251478818256458	0.7530339467806428
0.08368570739290634	0.354015711503342	0.5622985811037517
0.09602237559080731	0.16622621737092552	0.7377514070382674
0.06844412452411325	0.2694647879733859	0.662091087502501
0.1656711717210975	0.17607981628030916	0.6582490119985935
0.01732855778734399	0.18045224985567904	0.802219192356977
0.06638876806740535	0.2223100417746674	0.7113011901579274
0.036368034511840175	0.21073751154699943	0.7528944539411605
0.029925785189130694	0.2764716832880157	0.6936025315228538
0.04355163776433657	0.20531910381092183	0.7511292584247418
0.041002722640120726	0.29042167707273814	0.6685756002871414
0.02008973283831106	0.3473409423048292	0.6325693248568598
0.1505992198208195	0.2486637480769548	0.6007370321022258
0.028610745287415862	0.18497630907967233	0.7864129456329119
0.14928119733170347	0.2448119267173863	0.6059068759509103
0.1429142515418624	0.2450687731738343	0.6120169752843034
0.09586482615366373	0.16640814171243534	0.737727032133901
0.13600724406577686	0.14141218221989793	0.7225805737143253
0.15025499574411996	0.2312625562470053	0.6184824480088749
0.15090555698588715	0.0574419480864129	0.7916524949277001
0.0923449475129231	0.17667108473849122	0.7309839677485858
0.1632430797505673	0.36739223978981683	0.469364680459616
0.0440671286281466	0.04676815664728706	0.9091647147245665
0.17098481468121757	0.2910033323676518	0.5380118529511307
0.02283547693954946	0.2055080395957275	0.7716564834647232
0.05071405689065461	0.2890826998113199	0.6602032432980256
0.07694831553396203	0.34274683628826713	0.580304848177771
0.04945132515331058	0.2549994820581882	0.6955491927885014
0.1121829443928321	0.2846177547021508	0.6031993009050172
0.14263681820490476	0.3043662834700012	0.5529968983250941
0.05198099099899339	0.33616047484835054	0.6118585341526562
0.06484675787706023	0.17145265947206012	0.7637005826508798
0.16262113206772877	0.3840361586172513	0.45334270931502
0.03576629076602961	0.41106556578464976	0.5531681434493207
0.07688318960593149	0.13862621860168095	0.7844905917923877
0.12412568543446229	0.1694587618554044	0.7064155527101335
0.0843218024003966	0.07453187103466219	0.8411463265649414
0.13664110924000245	0.34036769294272773	0.52299119781727
0.07614956808341505	0.2335324231152882	0.6903180088012969
0.08888271618567817	0.38313515586786256	0.5279821279464594
0.12018702925128708	0.3890526120185624	0.49076035873015067
0.03882965456602755	0.3487600356269081	0.6124103098070645
0.1116224042541199	0.3181417869464459	0.5702358087994343
0.08946981439881185	0.35035796898741445	0.5601722166137738
0.1361945686981467	0.2724942229910953	0.5913112083107581
0.06405638501766814	0.38672527545877133	0.5492183395235606
0.12953104282519118	0.3204087914911006	0.5500601656837084
0.12601058359772657	0.28405478542984886	0.5899346309724247
0.05997359841088279	0.10530694061116308	0.8347194609779544
0.05095778100350101	0.11725621420006505	0.831786004796434
0.07956028185246394	0.4198590211408228	0.5005806970067134
0.07232339324838871	0.3109060771517147	0.6167705295998968
0.10647383910512759	0.09871654405948713	0.7948096168353853
0.0632334168193387	0.07476986881844283	0.8619967143622187
0.15326755391334787	0.23556068064832764	0.6111717654383246
0.05674345300165923	0.11009170063616344	0.8331648463621775
0.06587618472898144	0.20241252710257487	0.7317112881684438
0.08929757823297657	0.11387031619976073	0.7968321055672628
0.12020520048810801	0.15340011279950994	0.7263946867123822
0.019339016570366963	0.3683644460811581	0.6122965373484751
0.07692792864972708	0.2004765332250261	0.7225955381252469
0.06650587097504301	0.37258817520269905	0.560905953822258
0.08907591925380312	0.3484356732549256	0.5624884074912714
0.06714192580107914	0.36551811083369057	0.5673399633652304
0.08156825524787115	0.4185238710765993	0.49990787367552963
0.12002911429785132	0.2690813954090741	0.6108894902930746
0.16538841575605728	0.13611590680917668	0.6984956774347661
0.11171079313165377	0.33315181853026316	0.5551373883380832
0.052600404951589075	0.0810791066710132	0.8663204883773978
0.04062593759057914	0.26225287412305787	0.6971211882863632
0.03680988880320052	0.12294748340472322	0.8402426277920764
0.019204094773046132	0.4226658952791088	0.5581300099478452
0.16261596857030558	0.31801093771428834	0.5193730937154062
0.01783916411113662	0.20184650088966322	0.7803143349992003
0.029562520597848085	0.15082456946453238	0.8196129099376197
0.0440418667507948	0.21473053632674785	0.7412275969224575
0.04201001205060684	0.23179587146978906	0.7261941164796042
0.09170268501035614	0.27167017403467725	0.6366271409549668
0.048912518427026264	0.28305621481694776	0.6680312667560262
0.02732263395607637	0.2058300448646802	0.7668473211792435
0.09863103788945751	0.25854595405216213	0.6428230080583804
0.15574800956945825	0.3382119898913788	0.506040000539163
0.12004930593596422	0.0921369455234142	0.7878137485406217
0.10598442080852943	0.3534439169814502	0.5405716622100204
0.15870250238635855	0.3150653920713755	0.5262321055422661
0.024960855197743714	0.07999652608304414	0.8950426187192122
0.03315556250888779	0.1694143136346118	0.7974301238565005
0.11194949686604588	0.21232078410619876	0.6757297190277556
0.1286737194218322	0.32618371007139674	0.5451425705067712
0.042712290285769894	0.22698330266971906	0.7303044070445112
0.016674109091905254	0.1424554453441946	0.8408704455639002
0.10349147164688241	0.2160908959315881	0.6804176324215296
0.14142557546192472	0.1277403516592624	0.730834072878813
0.13262654147203223	0.16152456851167196	0.7058488900162959
0.111352577876113	0.34517730636654753	0.5434701157573396
0.026957496024382466	0.2296322934819236	0.743410210493694
0.03217171639631228	0.25818234340963375	0.709645940194054
0.1097754048767188	0.42457757040330446	0.4656470247199769
0.023269453356684955	0.2789732042209838	0.6977573424223313
0.036641664827341325	0.09536877056177578	0.8679895646108831
0.0360816874860605	0.366822397749928	0.5970959147640116
0.12288000442616509	0.376683119251378	0.500436876322457
0.13386093215445138	0.4151004418299749	0.4510386260155738
0.14951428579288986	0.1674994746873547	0.6829862395197555
0.14326545986621597	0.25901595360847185	0.5977185865253123
0.10140123786803013	0.3119229068445847	0.5866758552873854
0.03800937564502099	0.19910233866423524	0.762888285690744
0.12468227737102555	0.14023709139584978	0.7350806312331248
0.08087112472025776	0.19058035001829443	0.728548525261448
0.041969808352144644	0.2994949197664941	0.6585352718813613
0.12928947838339383	0.11057492948894929	0.760135592127657
0.021499963862749827	0.04341564876167969	0.9350843873755705
0.07102280433203056	0.24030179736932689	0.6886753982986427
0.020322494795572466	0.4116708787312722	0.5680066264731554
0.0964974205972865	0.41011490542377316	0.49338767397894046
0.152816066426259	0.12931920867131316	0.7178647249024279
0.08851797577630865	0.27696524639588216	0.6345167778278092
0.08431676845301345	0.16648229613588578	0.7492009354111009
0.02819503758300379	0.2672736832807537	0.7045312791362428
0.12720913563206734	0.3874234775459151	0.4853673868220177
0.16757574134686526	0.2031639701422576	0.6292602885108772
0.09104329390293248	0.3845035963614226	0.5244531097356451
0.0947207270213753	0.4050512426009043	0.5002280303777206
0.15997186241200995	0.4242819107038568	0.41574622688413343
0.11303421833067859	0.42761014556624566	0.4593556361030759
0.017465260450925446	0.36811910414616633	0.6144156354029083
0.08879877029643751	0.20190058256947999	0.7093006471340826
0.05550462883191748	0.19687636755586643	0.7476190036122162
0.019660739021682694	0.1456322924010565	0.834706968577261
0.10365383420551261	0.3991580044873935	0.497188161307094
0.06705459906255351	0.1516501864704829	0.7812952144669637
0.15421983012376375	0.30644064476172894	0.5393395251145074
0.1346891833545517	0.4068639355242836	0.4584468811211648
0.13128100260226488	0.32417210416529363	0.5445468932324415
0.16199486235627808	0.18235861614595228	0.6556465214977697
0.15846913179195488	0.29916413466646496	0.5423667335415803
0.10047922529843989	0.20437483637236276	0.6951459383291974
0.1401152915315368	0.06911435938795679	0.7907703490805065
0.029174071128566903	0.12297407598088017	0.8478518528905531
0.08613860799527018	0.16058116516108661	0.7532802268436433
0.1557189492520485	0.40695107520489726	0.43732997554305436
0.1594312291180048	0.2339858983894613	0.606582872492534
0.1488354322380348	0.2013160588983265	0.6498485088636388
0.13207432396002766	0.15842880492864478	0.7094968711113276
0.13829017146169645	0.32186733513044574	0.539842493407858
0.11423766051672202	0.3950259619283978	0.4907363775548803
0.11522028579063281	0.38086173478575375	0.5039179794236136
