0.12294883709490483	0.03979255613098222	0.17041236218662187	0.11925370758605683	0.14074141921927946	0.13141221091488167	0.17397666982148408	0.10146223704578884
0.13199459202707026	0.04471966540113452	0.16707954204621453	0.10179687024550216	0.1172229624817302	0.13807522679569365	0.18501028002178613	0.11410086098086836
0.12634979306415334	0.046107794320651804	0.17528596823190823	0.11640666730935263	0.12147514017585428	0.12385654505251	0.1845181074278019	0.10599998441776765
0.13362825264609682	0.043514628588105855	0.17595250889729824	0.07424106436253186	0.08996397636735205	0.1915689081297023	0.18294635499568174	0.1081843060132309
0.12742743358557296	0.04129155295756684	0.17636169435093835	0.07533283406162436	0.10925281135716912	0.20102415556147787	0.15903082955103465	0.11027868857461565
0.135847863691876	0.04530323893431383	0.16122724723066723	0.10991618935148537	0.07653276372780804	0.18092632698229094	0.18235107389623273	0.10789529618532566
0.13034642084190248	0.04430181063939098	0.1647335538543956	0.11382534221420057	0.10796531794385454	0.16976636790615265	0.16693978079752342	0.10212140580257954
0.1332535132691545	0.043972216638663214	0.1543995389923629	0.10591291596292846	0.1877159945932472	0.07574082524091708	0.18461252797898775	0.11439246732373874
0.12293022920649768	0.04280577390776963	0.16928749284000985	0.08334630316627538	0.0953613272204449	0.1999454951521689	0.17682547816398259	0.10949790034285088
0.12365697840677614	0.042586832859486654	0.1767009092387541	0.09190362768989284	0.12109658516827394	0.17477409576303635	0.16234969947473946	0.1069312713990403
0.11844348516804319	0.04191358206857479	0.17277497900616517	0.0901201999444996	0.13941448440700882	0.1488742573791136	0.18274809836167008	0.10571091366492454
0.12598930532825572	0.04462948310301271	0.15530425670998138	0.10417393568714278	0.14890228587597693	0.13927835867541494	0.17926340205588923	0.10245897256432612
0.12243194196081475	0.039909360434989744	0.17200158372591612	0.1244558636523927	0.11784605884681534	0.12724943388310725	0.18327411992307785	0.11283163757288606
0.12391301898608326	0.0417752010044629	0.17800033837025156	0.1220310778697148	0.11939057135752601	0.13033170250302187	0.17058953043415204	0.11396855947478732
0.12432085658585355	0.044404615832729685	0.16953435816474904	0.1254738414279175	0.12655908216332706	0.11429629441007289	0.18530923266342159	0.11010171875192847
0.11900724514649968	0.04277295635173592	0.15729272659059024	0.10458604068013437	0.11022554501181192	0.17801835486526968	0.1736427136746762	0.1144544176792818
0.12102604956603713	0.040606305819438304	0.15826000845548682	0.07768648060148922	0.1876270196226905	0.1368087634828029	0.16730314762978094	0.11068222482227398
0.12469326543970818	0.04352365907492292	0.1757392563220979	0.07567539087536698	0.14686728346269376	0.14877010650203798	0.1725387833235333	0.11219225499963875
0.1296590592947359	0.043519848707124956	0.16400588715456296	0.09328825044812844	0.13933677389164967	0.1675476952920733	0.1582545098038283	0.10438797540789627
0.12385498508094343	0.04239930725668571	0.15376728261934042	0.09072733483581491	0.14842341286591088	0.152647305693695	0.1846081860649513	0.10357218558265814
0.12080613072538535	0.040752153835027394	0.1608507548114791	0.09271831135066522	0.16525177915828568	0.1320300428830793	0.1722291977164585	0.11536162951961927
0.12905910589715314	0.0439260840100171	0.17010938986358	0.10066584438228376	0.18514071332723717	0.08676092832763929	0.1721699939352444	0.11216794025684493
0.13321431168985387	0.04088169711913707	0.16840524085218234	0.07511821396899526	0.15786476011042103	0.13532540859650985	0.18347970100117475	0.10571066666172566
0.13501934280399563	0.04520582275715766	0.16072080828124286	0.09372007022639911	0.2193388988343868	0.0616731613802335	0.17683443873962176	0.10748745697696248
0.12202834959426319	0.0405483288690975	0.16799433688351856	0.11394642517805847	0.17851968510700106	0.0955637940010727	0.16627001318444024	0.11512906718254809
0.13481827053270642	0.04185923785122375	0.17404178582430077	0.10365837243562835	0.0726331756509134	0.19132157233749053	0.18093497666624636	0.10073260870149023
0.11793951090161536	0.041915581899094376	0.17155772775284073	0.11356477348215947	0.1672230923491496	0.10614184385609524	0.17482967527227097	0.10682779448677401
0.12488404555455386	0.04220636202406847	0.15311822629321287	0.10519499675437743	0.21801269382221763	0.074446651459555	0.17688067900742702	0.10525634508458753
0.13353347962775514	0.044553661489458884	0.1536644043889477	0.08148923787088053	0.1971032839648258	0.09747178668575834	0.17811903348264496	0.11406511248972846
0.1331358657463181	0.043304151395741966	0.17628282062967182	0.1108888277112637	0.17567375018719367	0.09238529114060229	0.1586009307470722	0.109728362442136
0.13468899335472545	0.04341694977203721	0.170877891525396	0.1134403441378649	0.1823139735376284	0.06750692240688455	0.17828794201875528	0.10946698324670794
0.1332196967970648	0.03985171405937778	0.17398340377224708	0.07592998386256375	0.1443274718398317	0.15755127738441008	0.17050263216674835	0.10463382011775627
0.13641108420634385	0.042368550663175686	0.15527965260780413	0.11045825280322755	0.2279623836787617	0.060490561301793325	0.16270354470259837	0.10432597003629522
0.12997405918937596	0.04514085838559334	0.17328859576200384	0.09612977302322862	0.2164219293019065	0.054000054626292746	0.18157959225882495	0.10346513745277378
0.12805556077979333	0.040828487286242054	0.1739052787822423	0.12096150648931574	0.19431067673198857	0.0738247564164777	0.15844874976044873	0.10966498375349135
0.12803350045128986	0.04014326233717365	0.15746867353261804	0.09420001087427601	0.22471843158441984	0.07250491662854094	0.1818027599354678	0.10112844465621362
0.13543528917822367	0.039666943509409344	0.15350294893302385	0.10116198439125561	0.18325465806019073	0.1137306460320587	0.16100178702686815	0.11224574286896973
0.11758925223158097	0.042621167552988545	0.1770916715873334	0.10707065322170056	0.1592885596899296	0.10692150765553451	0.1812234295314311	0.10819375852950107
0.13457931739354037	0.04016173284115676	0.15635548902319368	0.10033902977913657	0.16047659728780353	0.1309177002853695	0.16654778852418434	0.11062234486561504
0.13654242153532511	0.04435324541179374	0.1717287126316213	0.11707257887058237	0.14422493594354235	0.11147525952809337	0.16048200451542588	0.11412084156361565
0.124698200164971	0.041536564560991585	0.17788133202418893	0.09138460292135508	0.24836215555809396	0.04136081253772901	0.15952310947793605	0.11525322275473412
0.13333987870744854	0.0425311997510109	0.16025305660141262	0.10941903188072961	0.22271368900352476	0.053597643048412094	0.17388035861731543	0.10426514239014582
0.1287580452338528	0.04512136399522597	0.17307222188015295	0.08417214180139138	0.2393138893504428	0.06541712915542541	0.15948250945231723	0.10466269913119122
0.13274644716066342	0.04172006453703024	0.16659789508807948	0.11279021863069011	0.20844470573892795	0.07461603335183767	0.1574229999055899	0.105661635587181
0.13326169680392305	0.044354806130615765	0.1581149655088332	0.0940565170863941	0.224985721354958	0.08279084305347964	0.15720513530620325	0.10523031475559277
0.12879656859964858	0.04313704318286128	0.16323251417331053	0.11528927480962717	0.1737708956400742	0.11859357129995605	0.1581425086635524	0.09903762363096956
0.1197222586846946	0.04215736057476943	0.15993238551694572	0.11489943614061764	0.18902058645982023	0.10418037638297428	0.17115929890086745	0.09892829733931041
0.12556374668158984	0.0460442382314772	0.1710338919553858	0.10411628680110008	0.1294434769487252	0.13726560300662174	0.18498549879130108	0.10154725758379882
0.13509428921928093	0.04354673087708248	0.16074348550972145	0.08709443149737625	0.16052597519650746	0.14074356612647126	0.17008261538724123	0.10216890618631874
0.12037068219164561	0.04277298385676803	0.16387118951166044	0.10700774309324879	0.15505992646142475	0.1433425979148704	0.16557384297481664	0.10200103399556515
0.13508733560828448	0.0408565643313611	0.1570734990402487	0.10395273318189083	0.08451051283191433	0.19224551951101376	0.1803713391131407	0.10590249638214588
0.12633893377103234	0.04390112836391008	0.17468019897010753	0.11795943785975907	0.08890167187170366	0.166961344228245	0.17197277957735635	0.10928450535788575
0.1184811709874387	0.04556009545622393	0.17232408060717122	0.09837458124696437	0.09040666036960726	0.18688803892525913	0.183693234086226	0.10427213832110918
0.11776945973712048	0.04144604211397858	0.1745461037879863	0.1191621068824236	0.13632348249711038	0.11152060546069563	0.1843844764058316	0.11484772311485317
0.1190448881558783	0.046136515768866904	0.16761708562369526	0.10433640166972155	0.2011761555808292	0.08789916886649218	0.1722038212370714	0.10158596309744497
0.13527788731797077	0.04511642339774896	0.15780250323571943	0.07700878783556175	0.25994177921709993	0.036749733810361424	0.1808383928675857	0.10726449231795179
0.1308738451387039	0.04625640318319017	0.16818564657993967	0.0951258080270157	0.24820205986926464	0.04363096772640346	0.1657083719608979	0.10201689751458434
0.12538740249512637	0.045552017121713695	0.15285076597415	0.09314951176751568	0.25847980872595666	0.041595655671868986	0.1798690273974205	0.10311581084624788
0.13466636373570318	0.04082043439312652	0.17913979382585404	0.07501608180165298	0.21238044116093244	0.07723815261174902	0.17805326066482707	0.1026854718061545
0.1364413937717616	0.04519948219208966	0.179551069861771	0.12482570538719133	0.16101044309865656	0.051349858375878646	0.1859449875271282	0.11567705978552273
0.12578753351175323	0.04442914548057872	0.16309674859044188	0.08010994577878666	0.1792722031014749	0.1367467025148771	0.1595090963548309	0.11104862466725637
0.1354829697898643	0.040880199214434865	0.1777940165349852	0.09644420366721804	0.10290908107997955	0.16097915680988598	0.18279394172536118	0.10271643117827071
0.12041435555205582	0.044794264670081574	0.16223924050215158	0.12611369295640143	0.10325774737378099	0.16245726978221087	0.16893640212446018	0.11178702703885736
0.13144502560626106	0.0459949952461504	0.17302013761535484	0.11031769469504181	0.10165486367197539	0.16575730046831227	0.1691607586942117	0.10264922400269227
0.13458028017987986	0.04575922485271734	0.17235283184395844	0.10828258297886906	0.07407350695162065	0.17420577058792666	0.1837202670739036	0.10702553553112419
0.1331849088909888	0.043878057381852076	0.15961919458151266	0.08315061407797888	0.09116391178985236	0.19451838411070943	0.1809722713560012	0.11351265781110438
0.1252803002713866	0.04384261808727394	0.16306646553767096	0.09493038633653209	0.10113071160571924	0.1850882475375251	0.18078602338614225	0.1058752472377496
0.12301982728364419	0.04361818473491241	0.16936989206043615	0.09828420470071421	0.12189729454756454	0.17038323745485842	0.17344947040712236	0.0999778888107475
0.1282089476619662	0.04140343264685921	0.15541033254763906	0.12277255415984786	0.1299174676823096	0.13714671112458943	0.17023746933466521	0.11490308484212322
0.12758811254489877	0.04077933537641863	0.17520165240623384	0.10306033661497649	0.09619232779011512	0.17310347773406237	0.18464956565917934	0.0994251918741152
0.13157208295083936	0.040094313979283105	0.16309140449451848	0.09701093232736019	0.09388191417185615	0.18327240460283134	0.17720807236718533	0.1138688751061258
0.1256843351441645	0.04550748685387819	0.1713368828498822	0.11028296304186397	0.13117009844823788	0.14025662364509095	0.17296175188737756	0.10279985812950454
0.12639837451428498	0.04242227113320833	0.16690427702046415	0.1067299208090974	0.09871783081503076	0.18251921299496926	0.17097194779041558	0.10533616492252933
0.13517095368143223	0.04514760229269921	0.17064265661253078	0.11523886980311178	0.08523959741778744	0.1635633274566915	0.17050622860019754	0.11449076413554928
0.1339582616282241	0.04021676068693886	0.16937452063498198	0.10219911715961336	0.10135306948235423	0.1842416282621199	0.15724118266687453	0.11141545947889282
0.11776616418956123	0.04544960687048065	0.17370566677269644	0.11466046029983258	0.12902867890385344	0.15541641350596117	0.16172227830685773	0.10225073115075656
0.12169459864222168	0.044726078942012706	0.1594903744084057	0.12099133429138165	0.15846608408414495	0.13451606434511246	0.15880659691186977	0.10130886837485086
0.13439143085393557	0.04045251687766144	0.17294999916335824	0.07550647997344448	0.13990116488013557	0.14279665894216403	0.18521673109961595	0.10878501820968448
0.12818706320596437	0.04376090582131223	0.1794576292414629	0.10399104013709487	0.11352047021594228	0.16967739269471702	0.15993436163260144	0.10147113705090463
0.1331825238242532	0.0431283384857208	0.1550969853392538	0.09012257082664094	0.12923945685517038	0.16159892258660308	0.1724387073495301	0.11519249473282746
0.13016494913794766	0.042119961937923514	0.15944537335644585	0.11771746499642385	0.0773923836586179	0.2049122698720598	0.16557703454012945	0.10267056250045178
0.12869150198322007	0.04397182600166383	0.1641563990393517	0.12036560745768388	0.1255401350116851	0.14098867212947874	0.1767535449642017	0.0995323134127147
0.1293259723281202	0.039849985985410286	0.17023902543123615	0.0848684278657933	0.15557794256075747	0.1534813768728027	0.1590000869134556	0.1076571820424241
0.13547296333911787	0.04312723550989779	0.1589331134753419	0.0885777486665088	0.11309479984637633	0.18548996793010047	0.1762968604465415	0.09900731078611513
0.12124092103935127	0.04476331283102919	0.17189982987991936	0.1029885009733569	0.10070150042015562	0.1881970424793743	0.17026348922857962	0.09994540314823352
0.12818648140841454	0.04155525230504713	0.15359424558779747	0.0930971925558425	0.09723577220894336	0.19500761632040842	0.17900370410222158	0.11231973551132478
0.13658547595136158	0.04030751602923366	0.17894972624998054	0.08534663226530075	0.07653084359153739	0.20273205224670449	0.16566841466848872	0.11387933899739268
0.12247926865136266	0.04411243268847892	0.1667220912498168	0.10510545907333932	0.09726396867247794	0.1943214561449505	0.16986982371259046	0.10012549980698317
0.12599493780598828	0.044469391584811835	0.16427721623744634	0.09126048448693577	0.10088558686319438	0.18949677650979918	0.1690320697091007	0.11458353680272326
0.13262888141405552	0.04158722160977102	0.17117450402667836	0.12274123757215005	0.07285049211568587	0.17911508103890467	0.1690215158703609	0.11088106635239339
0.1233433931863795	0.04243303559251374	0.16402260989978143	0.1263474573869028	0.1513940854207554	0.10887291299917282	0.17528646265346234	0.10830004286103175
0.13273236275486433	0.0443319163364739	0.15571526978526357	0.09172358180399283	0.15828553564499628	0.14096276821781306	0.17340303536039606	0.10284553009619976
0.1345254757747246	0.042299992845139536	0.1756468806369254	0.09071176236289169	0.19645131526099857	0.06222371247852797	0.18555777704780135	0.11258308359299066
0.11740966197345745	0.041854326410685955	0.16233920309160563	0.09538809442413199	0.21751184000747478	0.07024713362004031	0.1797515800010734	0.11549816047153028
0.1218820712845006	0.0427066395251723	0.15416450612124266	0.09189633497982666	0.25607611440016576	0.04491677363877848	0.17755799173145825	0.11079956831885504
0.13548476186192693	0.04449069352171907	0.16698041424695567	0.10563267278129057	0.19744663745013197	0.06753671464192124	0.17500122942833246	0.10742687606772183
0.12342845187149286	0.04512474956669142	0.17777685800933674	0.07469003621099873	0.2506942328105324	0.05532812461190449	0.15997153441181972	0.11298601250722337
0.12677807870241498	0.040946652633248676	0.16579938793036628	0.10442199213803124	0.21562225001794305	0.08869697036173274	0.15792738683333812	0.09980728138292465
0.12714539828306537	0.03984938215716799	0.15906062253702669	0.0983023398742285	0.16156638289861097	0.12045260507602147	0.1822464535282545	0.11137681564562432
0.11704718256260711	0.04058441919095655	0.1724202964529318	0.10465110432040997	0.15324649191685194	0.13248247936758392	0.16858611961887487	0.11098190656978361
0.13354197364381395	0.04066425020036964	0.16647508360077953	0.11141873008974373	0.1628181995770427	0.10706531670868016	0.17261574342492125	0.10540070275464877
0.12679992937383736	0.04013379490376129	0.16476824441457538	0.09562349148089959	0.14617807554702142	0.1430299901645681	0.17057168143228063	0.11289479268305597
0.13453954866178733	0.04568539006266345	0.16744053489642585	0.12012097366995028	0.0869855656320333	0.1615611515233449	0.17725491490650008	0.10641192064729457
0.13110023859294123	0.043987261302710495	0.16570601748842348	0.10495786747177183	0.12456122092742954	0.1627015197436296	0.16594357833144513	0.10104229614164853
0.12326147157333793	0.042066623000302936	0.16075873101389063	0.07643343411998327	0.22286156579534483	0.10625956044521542	0.16813444739041863	0.10022416666150616
0.11751255668774138	0.042592106054040416	0.16861885169507754	0.07580054293612944	0.13639121587053848	0.15818000907709495	0.18513189718233025	0.1157728204970473
0.1276479787429725	0.04357336038938296	0.16606973425683247	0.10671018070748177	0.1856725404922517	0.09885755493099022	0.1570653312008271	0.11440331927926106
0.11849417408722486	0.040704239933000444	0.17904858841061952	0.12385773767467077	0.15134255500013036	0.10301312463450296	0.1784687031836104	0.10507087707624045
0.12363832371654514	0.0417389558615449	0.17895272599334056	0.1078954787302438	0.09560257250943138	0.16813576145153872	0.18445280557607416	0.09958337616128111
0.12310185574119754	0.044447731104483884	0.15783874825626082	0.12161345501680217	0.1140326054920317	0.15400886518074236	0.17634331495244754	0.10861342425603378
0.13527316619908902	0.03964615581961527	0.16622443747881105	0.08045930479307467	0.1530459512990605	0.13760445396679724	0.18459228091969698	0.10315424952385503
0.13117631588198955	0.04583284267943248	0.17276318002058394	0.08647984165436177	0.23364660487590408	0.06105203683042203	0.1624857418888738	0.10656343616843217
0.12030855348289976	0.0397246481617923	0.15759075854334767	0.10133344672093927	0.22431961222058575	0.07581907461673537	0.17822846591787445	0.10267544033582521
0.13222283619233452	0.043815536730047996	0.1574026813409071	0.108760220107982	0.18838306329897145	0.09780794489699314	0.16314273067976967	0.10846498675299393
0.12098443564942175	0.042405073959721054	0.1795750064700326	0.0945437209711302	0.13910934503015607	0.1548969458058599	0.164312024047738	0.10417344806594017
0.11680318446956878	0.044496991935630226	0.15913068006179734	0.10083166322588173	0.11591727983821837	0.1809455761582311	0.17238446781153893	0.1094901564991333
0.12479389900309869	0.040210693462886374	0.17671372171296068	0.11127410092636734	0.06970094448544556	0.20130636771433674	0.1697130990583811	0.10628717363652328
0.13172261022934584	0.0433308833826197	0.1578314336609294	0.07802823916577847	0.12664762262139717	0.19059845290582372	0.1605738138419184	0.11126694419218712
0.12626936915963932	0.045643844772405184	0.17823977116474687	0.07865598134373378	0.18025832976013326	0.10573717465690882	0.17694714778475962	0.10824838135767291
0.11686972895015889	0.04444444845801962	0.16739367623910256	0.10773768844279172	0.2127441557439812	0.06127514224618001	0.17373744829170965	0.11579771162805613
0.1337999098314182	0.04388014314877427	0.16821651003708193	0.11315732941949573	0.15123033001451125	0.11772413908142619	0.17047660559115263	0.10151503287613958
0.11793898231439899	0.04519777772337909	0.17878266095100032	0.09391703975724619	0.11659864686028211	0.16697619367613042	0.17478674697285704	0.10580195174470562
0.12206917946124138	0.04629034066328243	0.17483328754989227	0.09763523996685855	0.1083887309716159	0.15727628657552462	0.1864719920386982	0.10703494277288642
0.1328273394218297	0.04509043944242046	0.1552267364688656	0.08867802814579662	0.16627846110591007	0.14509353585000484	0.16624020738380818	0.10056525218136432
0.12583011187702084	0.04077407337798322	0.17681623890738127	0.09345330559075943	0.11045342709798701	0.17078331174207811	0.1725307868763462	0.1093587445304437
0.1208577115020754	0.042351513313553996	0.15730593546004737	0.09168960459173589	0.1400200850808802	0.1684865492163489	0.16825292231098793	0.11103567852437007
0.1350044895750093	0.04334751166932979	0.16845680910789484	0.07648560625039844	0.08135903952904172	0.20116784319551761	0.17930282809298856	0.1148758725798195
0.12181774851416566	0.040576937642164496	0.17840152987192814	0.08822011313896627	0.10618906640353697	0.1763823150926056	0.18227160096682776	0.10614068836980489
0.12772443223487673	0.04143900965707227	0.1743680092631942	0.08928941988255784	0.07529598297892157	0.20118163925402932	0.18330456705912518	0.1073969396702227
0.13382751348027774	0.04185551669317608	0.16579536076061763	0.08504125213368226	0.08026665534538077	0.19491696145236687	0.1826658838549633	0.11563085627953512
0.11941276474358542	0.043780618489142886	0.15487044920284257	0.12289924414918804	0.11567030363243495	0.1786257225477403	0.16289177350662976	0.1018491237284358
0.12358972341247297	0.041312745196425235	0.17486053093621814	0.12064803734068401	0.1048672747162479	0.16592181369521708	0.16595061489364793	0.10284925980908653
0.12053666013676505	0.040639686126092825	0.15873432307167049	0.10334367223965348	0.1040960949705656	0.2012498349991837	0.1600522673332376	0.11134746112283102
0.13535804168064433	0.04407625735126	0.1569763648530928	0.11633280427227201	0.13672297128996638	0.13109173733835153	0.17991439890091646	0.09952742431349629
0.12048057616911813	0.045183253096594475	0.17683037840517632	0.12054778597582344	0.12326629500695681	0.11487879500166387	0.1835296470526517	0.115283269292015
0.13284316826588202	0.04515469773510686	0.16438623873102418	0.08056903231432447	0.19514556183819864	0.09978415479993219	0.17986808860650316	0.10224905770902824
0.11974787900010996	0.04346720495480132	0.16890134462160863	0.07749100199220024	0.15558367027987513	0.1531882198033238	0.16692296767172587	0.11469771167635481
0.12062422948762393	0.041808285460758404	0.17725983219222577	0.11320641918506787	0.138047583422449	0.1344158019082134	0.1589887680610268	0.11564908028263468
0.13426993226194742	0.042025868990288845	0.1769037846150131	0.11459884827521648	0.13994223523928287	0.10511725842797223	0.18493697904364823	0.10220509314663065
0.12628823651652715	0.044169176721697	0.15429127236619064	0.09128322968299192	0.16824744692224913	0.1525510147257598	0.16398619943508824	0.09918342362949585
0.12198816115719979	0.042566341040617836	0.1695769437373593	0.11182727490227526	0.19312496377114763	0.07866016532885198	0.1766224980181178	0.10563365204443019
0.12054469208455049	0.042498897089900636	0.17434544015246148	0.11958660217299992	0.19578416353234898	0.07298079337455132	0.171923703539071	0.10233570805411597
0.12400815234870521	0.045399038021130655	0.1718683252597403	0.07516554018017937	0.21848623400404904	0.08649113904977726	0.1691421115690565	0.10943945956736142
0.12833427671219547	0.044713274564914515	0.1598912377367765	0.11439075081142458	0.21254006106735185	0.06262993484530997	0.16575752719015463	0.11174293707187229
0.13012909018158234	0.0452238092524256	0.17414009638920896	0.11736600096076497	0.20245037057222176	0.03705329209835935	0.18451025028367474	0.10912709026176204
0.13541970802396	0.041056357129907156	0.15617978784015318	0.09345901049536101	0.19971631988856386	0.09691705128108435	0.1710542226084778	0.10619754273249239
0.1188719567256129	0.04379903428303056	0.16078969986101493	0.09623852446350979	0.19251826505630792	0.12124854534270674	0.16399058306865316	0.10254339119916375
0.12606260408760675	0.04572093407403374	0.16238332620026696	0.09384176192052124	0.10207792144170472	0.18979840971620798	0.16813830471054694	0.11197673784911144
0.13514806985668076	0.04496551917423254	0.16664844237405715	0.0901819140508477	0.1135442750319004	0.1770163319077952	0.16622263303966348	0.10627281456482254
0.1290685049049086	0.040030757849176965	0.17072737004781596	0.11790965407630558	0.10086860219018642	0.17073770279473935	0.16410352905225833	0.10655387908460859
0.13496640074369215	0.04284638292610088	0.1560076470116802	0.0939264174221965	0.09780814778604814	0.1822179755908063	0.1796874954505165	0.11253953306895913
0.12119708194101875	0.045413661273191824	0.1572246202798513	0.10413131255947916	0.09091718485561143	0.195609313663627	0.1766306460162598	0.10887617941096053
0.12562310198808324	0.043235010404766	0.16737739805642624	0.1139571695722093	0.1277787963040013	0.16553156195431673	0.15745238935160252	0.09904457236859444
0.12541148857150078	0.04629282071180377	0.16058212890965032	0.12520811804109813	0.08828847049580377	0.15807170654312186	0.18242359563052957	0.11372167109649159
0.13636857164330657	0.04466424010831921	0.16774012177292924	0.08620181521901579	0.118808536177218	0.17215953740064302	0.17389967565739795	0.10015750202116996
0.11773509361747753	0.04472166037174925	0.174293070138747	0.11809927127488697	0.16083004584232627	0.11811982910216631	0.16532543546269518	0.10087559418995126
0.13149550927082673	0.042782457046424555	0.153506855882846	0.12668824761350686	0.19568336710605522	0.08633243933017164	0.15928099845143523	0.10423012529873354
0.13634596777765262	0.04074416661361399	0.1731522024593064	0.075461094773186	0.13007060825822386	0.1578455288185749	0.18160453033844032	0.10477590096100169
0.13470496996701503	0.04628463223843751	0.1645726973945157	0.10879535568555672	0.11794359043650338	0.1559967305437643	0.16983082265746538	0.10187120107674175
0.11862579511119498	0.040683706842752174	0.17348059020444734	0.11115036951248145	0.08636285701460089	0.19747473844135072	0.16203710308180952	0.11018483979136272
0.11781602829489422	0.04306545715124849	0.1797243578876472	0.11047153777986292	0.1282863140070299	0.12897990483767308	0.18178203997524192	0.10987436006640204
0.12882842739758732	0.04406984565150776	0.16847358925195857	0.12291888878795885	0.1252779495310431	0.13664317429367645	0.1617468004605614	0.11204132462570632
0.13418628809195995	0.04333745521879573	0.16970094353724124	0.1257602902332486	0.17382982697421184	0.07384892605483166	0.17922220792210952	0.10011406196760118
0.12079191939993741	0.044464144638450054	0.1578975701987627	0.07445855032791929	0.24707020449790226	0.07866602691759797	0.1674088773416746	0.10924270667775549
0.12667502015148094	0.04575872177834041	0.15596316790409961	0.10092265866926393	0.13931672445928772	0.1512715474255679	0.17855384636342853	0.10153831324853077
0.1180398843874498	0.04195194040952627	0.17644970985768044	0.0843665090654728	0.13619252244442812	0.15624833283113435	0.17810347547265248	0.1086476255316555
0.12975183379495528	0.04207291866501427	0.17024649975332704	0.07524926222430048	0.1730487456043931	0.13328879770950336	0.1691285146936306	0.10721342755487569
0.13451579852691717	0.042926490051154356	0.1588014229258274	0.11084969564931481	0.17559058472236366	0.0902813257023959	0.1811744114470027	0.10586027097502376
0.1365311803580197	0.0431379185449	0.15906573111471933	0.09731367151665213	0.2010536863896233	0.06913748079799586	0.17829095138900342	0.11546937988908607
0.12775575294810548	0.04200864817092051	0.16173472523083304	0.09821460765973264	0.2500136989261126	0.05605100742124376	0.15753412458577754	0.10668743505727417
0.13220671237111858	0.04543039011370886	0.15997332467706085	0.10327929132189065	0.2461119312294492	0.03703570410721234	0.17279180283550669	0.10317084334405263
0.13233090525545518	0.0406542139566774	0.15303647990802766	0.1267386092166549	0.21698347898155546	0.04697938970565825	0.18356277491925072	0.09971414805672021
0.12445983942238444	0.04604706951976842	0.15534567221693404	0.0885257865752634	0.20928916584804028	0.09365452260972126	0.16742222829649994	0.11525571551138797
0.13284443781177574	0.04065513647376924	0.17531871796215467	0.12600222329130678	0.12922257564597897	0.1234218007709697	0.17164814513752666	0.10088696290651802
0.13371137040966447	0.04554761634589041	0.156097610122288	0.10948719141589029	0.10409589993029846	0.1757570325406433	0.16854520943141207	0.10675806980391275
0.13477936115437464	0.040468347514442046	0.1794902863052465	0.11543414743416597	0.08834582757099119	0.15780240999501838	0.17038179392064473	0.11329782610511634
0.12053397535242033	0.04323766308994362	0.16816287837128743	0.11776540651369752	0.10472202719027987	0.15127146004557443	0.18490866381531068	0.10939792562148586
0.1273505802731663	0.04301741876876382	0.1668314425822031	0.08224703108012094	0.15627094922707546	0.12600896224836222	0.18309256133124766	0.11518105448906031
0.1291823223252642	0.045764301466493615	0.1711781187841649	0.11734506735545328	0.17155961172833195	0.08740100890644353	0.17465258219726248	0.10291698723658584
0.12679809834222633	0.040034812826009014	0.16031711341312174	0.12216019921741456	0.1345768503927167	0.12525414531929707	0.17824679641309593	0.11261198407611842
0.11822153638487261	0.04065116006766804	0.17868329041141096	0.09803045321230977	0.21189164324434354	0.06693830517552246	0.17246609404928992	0.11311751745458251
0.12795255011144188	0.04103389749510965	0.17001268019824217	0.0981254413563068	0.16721828947205464	0.11636383487706922	0.17248366251914335	0.10680964397063206
0.12296880952701177	0.04625815657697037	0.17227311425562383	0.10584655045812802	0.17741936485525509	0.08285292286529888	0.18409124477223393	0.10828983668947788
0.12510132330835597	0.042590414430932255	0.1646805987881834	0.0798125173529054	0.17146305276981944	0.1333371482676019	0.1767533969398971	0.10626154814230432
0.12845663298091717	0.04269171495237116	0.15476615199108865	0.07426635320841175	0.13684972805022055	0.1796386274987735	0.1718238317567402	0.11150695956147677
0.12957429781412866	0.04505289783078657	0.1704165835612693	0.11970428097346814	0.08931996786778336	0.16771932981029813	0.17211452531182048	0.10609811683044516
0.12971833125052637	0.04545887920954872	0.17491028702082603	0.10584055645002233	0.10288969458303737	0.15013865235782503	0.18094749648289654	0.11009610264531738
0.13546743571797998	0.044741036733103715	0.17173138357641776	0.1037722645806308	0.08399048849300234	0.18510689866099272	0.1636804165260473	0.11151007571182514
0.13423303550017202	0.04455811982443847	0.17513176702833824	0.09948417055055223	0.15619070572431362	0.11514006845109569	0.16716056560085302	0.10810156732023651
0.12760397425471987	0.04478828996974436	0.15557470781703284	0.09648512309922684	0.11778166924439354	0.17625179637214916	0.17884791057503885	0.10266652866769434
0.12353124825522618	0.04422515301748041	0.1796156375745764	0.08255504444185802	0.1269227501891485	0.17248488345566354	0.17103484902532837	0.09963043404071836
0.12997026709654233	0.04418700529015057	0.16516452133689316	0.11063512090165406	0.17970985099085585	0.09167383781751129	0.16988915217312148	0.10877024439327106
0.12886470366159736	0.046150078172913805	0.16663514120777603	0.08526036718650512	0.1373919327541868	0.14690410933974968	0.17677517871091314	0.11201848896635791
0.13616517117626503	0.041797062342309316	0.1756918131683314	0.12093744303636775	0.07403593168161457	0.1589697241392959	0.18154704569043778	0.11085580876537802
0.1196940708763445	0.04301102364390097	0.1758957054971145	0.10815816058362407	0.07554577661754833	0.20546872758908752	0.16732055879206947	0.10490597640031041
0.12215325007179008	0.04097129455660521	0.1751525646004925	0.10450556711215458	0.19152768514667703	0.09346673561209931	0.1640273219643587	0.10819558093582235
0.12422034722068842	0.04430520456608712	0.15753437671306925	0.08547709177973101	0.2149380226367162	0.0856682206523367	0.17692844614531059	0.11092829028606051
0.12480296427499851	0.04371849037104493	0.15897930486178896	0.1050865513584733	0.20753687757445116	0.08087227899912522	0.1641549774543862	0.11484855510573146
0.12115133353105828	0.03982055513961655	0.1630848031137152	0.09079393553517856	0.2508852142692536	0.05307413569375599	0.1783296184947544	0.1028604042226672
0.131810053546189	0.040675118051013454	0.16942517435731308	0.08598211491702373	0.24264300348206053	0.06018598472690313	0.16543504579980858	0.10384350511968829
0.12426646062279967	0.04570166845244289	0.15267837520711858	0.12209026316347694	0.23147595578252278	0.06135356936411243	0.15921450181994753	0.10321920558757898
0.1292161648589442	0.04553511753605902	0.17060844565512953	0.10811250652047309	0.1918285408354111	0.07929393414840728	0.16757284611146023	0.10783244433411536
0.13531862402665812	0.042518263439023596	0.15907832383849757	0.09117736573873768	0.2184424068514807	0.070363349250643	0.1699737546366648	0.11312791221829435
0.13575244798796987	0.045636109653598614	0.1610009735809924	0.0863445349322515	0.20152478989237313	0.09361957177684439	0.16952718220794918	0.10659438996802065
0.12094729669093543	0.04393657612437739	0.17209080195413753	0.10674979937176732	0.2367236638626265	0.038649039057168794	0.16922520128846222	0.11167762165052457
0.11742940375327078	0.04187163052021886	0.16078555755466079	0.09833764308518216	0.2580751650916071	0.04664352227057528	0.1724963111294553	0.10436076659502956
0.1246330856928834	0.04446706863725297	0.17142279134731708	0.08288672876741235	0.23804926194326687	0.06609084263653173	0.1579664846444284	0.11448373633090701
0.1366660267132455	0.04586813789784776	0.16233012040545575	0.12572543509291037	0.20361172577647269	0.05679323538292065	0.16397143889507054	0.10503387983607648
0.12239188755072532	0.04258467553141071	0.17922173659743584	0.07957584774365886	0.20316726323200313	0.09668476953197977	0.16934865722932269	0.10702516258346344
0.13130099833830547	0.04190508023183566	0.16663761362842605	0.09194715830511058	0.23082183713874216	0.045083373833816776	0.17648819484683126	0.11581574367693184
0.1274136868214807	0.040327999851235405	0.16187750552880117	0.08597394010270354	0.19754704606549273	0.09733691631296541	0.17641103500722896	0.11311187031009186
0.1306553315476972	0.04097447436820552	0.15508868669625034	0.10628918244893512	0.11963515352579493	0.16513223951892664	0.18171450045762091	0.1005104314365691
0.1369053709120189	0.04062717918092837	0.17817266806048188	0.08345517956977244	0.1265167634941723	0.14974879664472948	0.1730363883257684	0.11153765381212799
0.12340328490893279	0.046298928049051655	0.17378427478605782	0.10050174778520368	0.1233331828646302	0.13819924290461613	0.1846176388017516	0.10986169989975589
0.1280736790270088	0.045663058148105784	0.17746023276973094	0.09133064439508315	0.1556313158086381	0.14034571323517858	0.1589634085995585	0.1025319480166959
0.12506113319617915	0.04503648781800593	0.17832819334483102	0.10342354079683758	0.16267548850556401	0.1110589898527791	0.1690094008389565	0.10540676564684653
0.12371262011431389	0.04448471924713614	0.17240631558965722	0.0804296084747364	0.163359840733919	0.13760049539232483	0.17611918003436827	0.10188722041354403
0.12593968991305807	0.04517385535179244	0.16612571173514112	0.09819992125860517	0.20839290726765752	0.08009816681243037	0.1604543740667135	0.11561537359460157
0.11682124680156655	0.044832860482728304	0.16982116523426088	0.07512445550748684	0.23473253960838242	0.0698710693693814	0.18478832027654865	0.10400834271964471
0.12169673699828522	0.04433653872291582	0.15862649902419068	0.08345862617485712	0.24687290158742486	0.06085664356169619	0.18176648646678858	0.10238556746384131
0.12771030932586147	0.0405537254447144	0.16330559545967951	0.07463300088811725	0.17928421879244066	0.12716351972525503	0.17187629619515268	0.1154733341687787
0.11950893249081007	0.04072424969844245	0.1658024624901823	0.10978427720550435	0.13972179835092913	0.1532953057436731	0.16928304886026857	0.10187992516018984
0.12940214333989802	0.04499216390703595	0.17275156372253903	0.1198424962150565	0.0772043830993343	0.17986359655627815	0.1606776849304532	0.11526596822940463
0.12461703289977843	0.044245652035373825	0.16011773639496915	0.11704582989092019	0.11067473304608898	0.1648921924874353	0.1727645675465999	0.10564225569883398
0.12830767758191505	0.043695926393561776	0.15327330182293514	0.09024421623894432	0.14180244998407848	0.18509151066168786	0.1576174431944823	0.09996747412239489
0.13435159696444876	0.04534911289058169	0.15572972108410538	0.12539466108815434	0.07630692104980924	0.18202750811059654	0.1758689268962216	0.1049715519160822
0.11903669096850636	0.04271854636215432	0.15334690449563682	0.09672234628167595	0.12407666015175621	0.1698308843804885	0.18570175574399117	0.1085662116157905
0.13502431763963832	0.044031297757899227	0.16088008173536433	0.08776301649102336	0.19874340022310438	0.08607703610245157	0.18257335234907193	0.10490749770144667
0.13513533644986442	0.04216968799411179	0.17932079888656494	0.09480369530676155	0.14459889467883114	0.13475929580699422	0.15810848064693142	0.1111038102299403
0.12204914134527854	0.042633200603301835	0.1654363779856512	0.10885671498607864	0.13159904690670335	0.1356177654386122	0.1841746087617807	0.10963314397259333
0.12926467201821062	0.04393382320510213	0.15411781085000598	0.09662374910980204	0.13060831608510337	0.16294744467259745	0.17793890364924636	0.10456528040993184
0.13085478317215743	0.04066668731040826	0.1708389307509881	0.10859514480795682	0.10286771450298059	0.16123011162557677	0.17004480410955508	0.11490182372037673
0.1226846834858975	0.04363444892868863	0.17839813782891983	0.0933209407445752	0.1275841665743668	0.15587247305720725	0.17531166607902585	0.1031934833013187
0.11862167938644794	0.04264087646643419	0.17745097399009607	0.07525455287261329	0.19054624953426658	0.12966695986277293	0.16362351138082404	0.10219519650654474
0.12925777435998373	0.04497527800772584	0.1622952461172124	0.11045470821363673	0.17096730559627893	0.0918524611964009	0.17503606263171734	0.11516116387704388
0.1264494464148089	0.042216603091063704	0.16694451320702616	0.11289060451838018	0.07917944698454063	0.18496268066246002	0.172732239528526	0.11462446559319422
0.1331623617674515	0.041993051442089535	0.165974311697886	0.08199060404881947	0.09607992942524517	0.18570868651078926	0.18470821169712018	0.11038284341059863
0.11899721568219923	0.04569637446793191	0.16079543252338185	0.10013591689579124	0.1340760221635794	0.1694960069263861	0.15796474122495013	0.11283829011577991
0.13202905451048524	0.04503335543013108	0.16358160795120302	0.08109060095075153	0.08238678165993077	0.20341084523893344	0.18556748017281358	0.1069002740857511
0.12484258905331523	0.0439301637056219	0.1661759023394436	0.07990400396276977	0.11841872031849948	0.17653652804058836	0.18178719384328149	0.10840489873647993
0.13492923078152497	0.04511706446910213	0.16950926226954274	0.09682262956217183	0.16329292701215348	0.11289219959527534	0.17210636266060367	0.10533032364962563
0.12510040563398078	0.04246166455305324	0.16246949667400884	0.11337279994121213	0.1694876692036097	0.12305515209679542	0.16162082546931197	0.10243198642802771
0.13089000848728669	0.046055566294625164	0.17407196188972723	0.10221108371909454	0.11012727414957571	0.16655685426983202	0.1592128335508821	0.11087441763897632
0.13174035217616006	0.04186807532419867	0.16475152039817767	0.11842224205238919	0.13686078061214993	0.12053755361842024	0.173950719633937	0.11186875618456703
0.11672309176932993	0.0405104350885708	0.1563331184607817	0.09455836475578555	0.21442995991197084	0.08932396866811186	0.18276728884442558	0.1053537725010235
0.11936928336427952	0.04097353907919482	0.16084163440778199	0.11910300390382667	0.2542079151474069	0.03712845994720965	0.16307418350303443	0.1053019806472658
0.1323517570850484	0.04003180546686573	0.16812144248840558	0.10137169748610003	0.23381102899603723	0.04248013167663911	0.1669643498821666	0.11486778691873714
0.12500554976675204	0.04500743243114333	0.1778901260583101	0.08713038213776741	0.2182534668523876	0.07112061147866894	0.1630017393319718	0.11259069194299856
0.12797746233391377	0.0448063166722667	0.16303983762399932	0.08752149611687127	0.254489137138753	0.03727877090864612	0.17984245954566494	0.10504451965988472
0.13586041322460213	0.0421485953044021	0.16528320268455604	0.0790379364734021	0.21789158339896392	0.08485095073333457	0.1696090495189844	0.10531826866175453
0.11884356835663983	0.04161782896042779	0.1654283327856283	0.09905756420387958	0.2150885187285479	0.08748872873118227	0.16255078080565763	0.1099246774280365
0.11906094967411636	0.04221661154335614	0.17817440186914985	0.10314863591738105	0.1338665306722767	0.14301849968408725	0.1761301156021159	0.10438425503751657
