0.16886176297211794	0.3709439849885992	0.460194252039283
0.17305767352443902	0.31685607456811243	0.5100862519074486
0.17095108449102997	0.37174599414459625	0.4573029213643739
0.18757236550475975	0.2506734938333654	0.5617541406618749
0.17339679582845188	0.31133295752926743	0.5152702466422808
0.14838051923986428	0.3236786777745068	0.527940802985629
0.1541894785691755	0.37497538806488806	0.4708351333659366
0.15429389779405697	0.3677732779177155	0.47793282428822764
0.18493010523583076	0.338711040440053	0.47635885432411634
0.18113141067110236	0.27600531544828	0.5428632738806177
0.16234057028999152	0.32232145265563317	0.5153379770543755
0.1672277687262117	0.29182228776506924	0.5409499435087192
0.1694131600521929	0.31256539023559143	0.5180214497122158
0.1810572120464769	0.2565972567820882	0.5623455311714349
0.15020029488123515	0.29967535441594656	0.5501243507028184
0.1705620479588901	0.2702874001578843	0.5591505518832256
0.17775563191788724	0.3791122958430053	0.4431320722391076
0.18366204733429337	0.32569456617405346	0.4906433864916533
0.1838784174144732	0.33445373475480056	0.48166784783072636
0.15434932230987516	0.29107904417371283	0.5545716335164121
0.18609701166091797	0.2634125653390369	0.5504904230000452
0.18644418702615764	0.2738760116582337	0.5396798013156088
0.16228622009577492	0.3438765016168855	0.4938372782873397
0.1534498663324701	0.2962113691411408	0.5503387645263892
0.18044029708675274	0.258498323914818	0.5610613789984294
0.18353628384820406	0.3117854976534186	0.5046782184983775
0.18092530182231836	0.30324039399700636	0.5158343041806754
0.16404353886839199	0.37512207926287694	0.46083438186873116
0.17061000167231155	0.32022599084981307	0.5091640074778755
0.162523548368364	0.322338423073598	0.5151380285580381
0.1741224010379629	0.27874092363370934	0.5471366753283279
0.15908454356430768	0.2993238905204888	0.5415915659152036
0.18852425579863671	0.28831182565509345	0.52316391854627
0.15535318355385153	0.34895844229099604	0.49568837415515254
0.1522217640636214	0.3402891033870035	0.5074891325493752
0.17965611080786165	0.3253773389697869	0.4949665502223516
0.18623434698219493	0.32113760715462464	0.49262804586318054
0.15633614121568581	0.3858930357984406	0.4577708229858737
0.1881480188737656	0.3436550456608387	0.4681969354653958
0.18271194687517212	0.32215423615785627	0.49513381696697173
0.18629619230563865	0.3575313956926205	0.45617241200174097
0.16693356126865916	0.37380210164182126	0.45926433708951975
0.1485700819148997	0.2860840135476406	0.5653459045374598
0.17263328378540058	0.3281979169899023	0.49916879922469726
0.18858834669980223	0.29946494390464184	0.5119467093955561
0.1752781371601518	0.28229420237852043	0.5424276604613278
0.18668650120399566	0.28949537353464333	0.5238181252613612
0.15622980189449961	0.32538813806891886	0.5183820600365816
0.15081102003228486	0.2980720215569543	0.5511169584107609
0.1829118183574386	0.3058864574760852	0.5112017241664762
0.15395406602341308	0.3881191898762625	0.4579267441003245
0.1648361693289958	0.35927932449771915	0.47588450617328515
0.18556447471755602	0.2931730514485052	0.5212624738339389
0.15345476268559016	0.3837055212032452	0.46283971611116476
0.17875522099985575	0.31276960014449184	0.5084751788556525
0.18401251011230252	0.34903960571668047	0.46694788417101707
0.14951615013746483	0.3395174775556647	0.5109663723068707
0.1645173835028207	0.29043080025135354	0.5450518162458259
0.15010100581852462	0.32702323044115844	0.5228757637403171
0.18527437792822485	0.35483027334677786	0.45989534872499743
0.17657764759002537	0.3546824908672771	0.46873986154269764
0.1720126045276634	0.2995919363295115	0.5283954591428253
0.1500173848601713	0.3108082569213979	0.539174358218431
0.1770135156593094	0.2979796380613263	0.5250068462793644
0.16597071405105435	0.38109724391012567	0.45293204203882015
0.18537227313184357	0.34288739573842897	0.4717403311297276
0.1604600196729237	0.3892127583987517	0.45032722192832475
0.15622526557200936	0.29828327270303734	0.5454914617249534
0.17423249265524543	0.3373803709566462	0.4883871363881085
0.15457502763712633	0.3141661117119376	0.5312588606509363
0.16241686518951606	0.3834033077162304	0.45417982709425364
0.16275733422655522	0.38141980274097964	0.4558228630324652
0.1848552348645261	0.34313109233607764	0.47201367279939643
0.1619422187975159	0.36591832083004083	0.47213946037244336
0.15155813228340165	0.38432033778989305	0.4641215299267054
0.16808243351030833	0.37342373681095026	0.4584938296787415
0.1793322968540987	0.27223522857451005	0.5484324745713913
0.17465472755602737	0.3118117437715205	0.5135335286724523
0.18859305356668155	0.2801213184510135	0.531285627982305
0.16956683657568525	0.33809096541846334	0.4923421980058515
0.15499645358302364	0.3643481077293396	0.4806554386876368
0.18818098093262361	0.2867648623172307	0.5250541567501458
0.17643419554511952	0.25776177425362223	0.5658040302012584
0.1877304641869782	0.2886684979639455	0.5236010378490764
0.18545983860416437	0.31234544415837473	0.502194717237461
0.1680694114195519	0.30436494608111353	0.5275656424993347
0.16277891605289574	0.34782142600083527	0.4893996579462691
0.1734493761042554	0.37137233336172115	0.4551782905340236
0.18861289996298014	0.3353824484089065	0.47600465162811345
0.16648996169730274	0.27882857544935497	0.5546814628533424
0.16893010252552898	0.29245200204715044	0.5386178954273207
0.1818590304655443	0.3713029584674982	0.44683801106695764
0.18166459324236817	0.33677929546608226	0.4815561112915497
0.18700358538821601	0.32147041569023566	0.4915259989215484
0.159449670002784	0.38864954363198995	0.4519007863652262
0.17205451910214578	0.28624000325475357	0.5417054776431007
0.16409793300826905	0.27854517380879257	0.5573568931829385
0.15387093460057538	0.35865819233223845	0.4874708730671863
0.17229208247437627	0.2831630362806896	0.5445448812449342
0.17982783501714347	0.27657894612989675	0.54359321885296
0.16533115320506786	0.306707370405619	0.5279614763893132
0.16871637682286916	0.3616410083709858	0.46964261480614516
0.15421312331643322	0.334975714615397	0.5108111620681699
0.17635042408793397	0.3141838681578148	0.5094657077542513
0.15021531837489271	0.38828063689996006	0.46150404472514733
0.18871650084887776	0.2969631978575696	0.5143203012935528
0.18405460475168076	0.2752524710842611	0.5406929241640582
0.18762353827866288	0.3465003167248904	0.4658761449964468
0.15858875414888576	0.2772648546650598	0.5641463911860546
0.1571729692662318	0.39396184336837164	0.44886518736539666
0.16939990101563684	0.34546744312006894	0.4851326558642943
0.15250823431978747	0.3526935971753979	0.49479816850481473
0.1672645371640203	0.3210919039152778	0.511643558920702
0.17153630022764454	0.32940517029370797	0.4990585294786476
0.16137251553501863	0.2880556269521122	0.5505718575128693
0.17126370965196683	0.3150067701523358	0.5137295201956975
0.15714752462518425	0.3518447591386557	0.49100771623616013
0.15173308124695567	0.2879641209268496	0.5603027978261949
0.17793469225936356	0.2693595447804767	0.5527057629601598
0.1521606491647542	0.33890858638820426	0.5089307644470417
0.15909939614647947	0.3492848593989164	0.4916157444546042
0.17431156918098106	0.28640227606091995	0.5392861547580992
0.16836554395754258	0.266182584825978	0.5654518712164796
0.15945920047503817	0.30943549958156863	0.5311052999433934
0.18527976835789658	0.359320619910107	0.45539961173199656
0.17254145208415658	0.31757551729360234	0.5098830306222412
0.14778160292146414	0.2936065811338111	0.5586118159447249
0.15772766589487125	0.3863419985650154	0.4559303355401135
0.1558925554979869	0.32071711293520455	0.5233903315668087
0.17466535006198616	0.3353253786564537	0.4900092712815603
0.15187041488986616	0.3602801186086174	0.48784946650151656
0.1780839115964356	0.37388291305169846	0.44803317535186604
0.16141421000208606	0.3892957278856716	0.4492900621122424
0.1624820593172849	0.2936440401848761	0.5438739004978391
0.1609237891146383	0.3033603305122035	0.5357158803731583
0.16647186091098579	0.3416680859562527	0.49186005313276165
0.17024491432164818	0.3856743132057736	0.4440807724725783
0.16791972483333856	0.30439246094836353	0.527687814218298
0.183410861740636	0.2901560162183837	0.5264331220409804
0.1498472953527823	0.28611529805877806	0.5640374065884397
0.16709972870072898	0.31527187829371073	0.5176283930055604
0.18585073272969113	0.26974410493110246	0.5444051623392065
0.14856194151606364	0.31124917329411805	0.5401888851898184
0.18380553589799806	0.3178436094027048	0.4983508546992973
0.18185003415754644	0.30211564416390374	0.5160343216785499
0.18489273637131212	0.3028261429558051	0.5122811206728829
0.174588165406913	0.31464979286517375	0.5107620417279134
0.1686057339373075	0.33846242273721533	0.4929318433254773
0.16607529091281176	0.34664167202978546	0.4872830370574029
0.18508762031573228	0.3573244577236687	0.45758792196059916
0.1577209364576409	0.31428922382672964	0.5279898397156295
0.17067589383501033	0.3586043875137047	0.4707197186512851
0.15561228569195457	0.3164432039032345	0.527944510404811
0.17308343971977308	0.36555207097622633	0.46136448930400065
0.15999297674476504	0.35299348502094907	0.487013538234286
0.1728152652215057	0.33066705281677045	0.49651768196172397
0.14881324372480798	0.3863788452337249	0.46480791104146724
0.1554967905700989	0.3941425964719867	0.4503606129579145
0.1762568016313373	0.28365377429891386	0.540089424069749
0.15891367991947977	0.2838944016954482	0.5571919183850722
0.15375658963354577	0.3656035319489611	0.4806398784174932
0.18462644015582358	0.37019696668520247	0.44517659315897407
0.16051564161872423	0.30492672207795546	0.5345576363033204
0.17389044729909042	0.27952815602936876	0.5465813966715409
0.17397948577517325	0.37899267157375066	0.4470278426510762
0.15445775240878204	0.35343233181474454	0.49210991577647356
0.18085021869287424	0.36866668484679216	0.45048309646033374
0.1634156335221499	0.3131834641534631	0.5234009023243871
0.17562421011354046	0.32966922770391854	0.4947065621825411
0.1615558432894108	0.38355409728501416	0.4548900594255752
0.15891317960329673	0.312734579809454	0.5283522405872494
0.18098321389826627	0.3548812723320544	0.46413551376967943
0.1568602471283134	0.36307910385369435	0.4800606490179924
0.16180184245096407	0.3181274258576044	0.5200707316914317
0.16438143337804448	0.3803288896648588	0.4552896769570969
0.16343599155392913	0.35288519500127824	0.4836788134447928
0.17584705725018984	0.37237412203778447	0.4517788207120258
0.14916375277713728	0.32686252532071314	0.5239737219021496
0.1863183938708008	0.26453622984686165	0.5491453762823377
0.15745613487815574	0.3789650438546968	0.46357882126714756
0.1510794132944322	0.36654925974643215	0.48237132695913576
0.16776233817806924	0.34149411713401845	0.4907435446879124
0.1737406254268614	0.28923938859031384	0.537019985982825
0.17804433953998966	0.2918454159902992	0.5301102444697113
0.1613690035163362	0.3734387191724786	0.4651922773111853
0.1669036510814068	0.3803114244835199	0.45278492443507345
0.1586998700955988	0.31823012622867564	0.5230700036757258
0.16062556681075738	0.27986618213088876	0.559508251058354
0.17620326064992264	0.33159381605023097	0.4922029232998465
0.16977446904084778	0.2968852679997252	0.5333402629594272
0.1516281405040453	0.38291123673642674	0.4654606227595281
0.1568551413676503	0.33012155719540076	0.513023301436949
0.1830639389083375	0.2993730068712176	0.517563054220445
0.1873814508299429	0.36084667620583266	0.45177187296422455
0.1747313324802885	0.35902099204132604	0.4662476754783856
0.15794151926825614	0.2980085484657457	0.5440499322659983
0.16410961107776875	0.370601892223857	0.46528849669837435
0.18750690481129845	0.32504430771708864	0.487448787471613
0.15954581635273493	0.29836303179652174	0.5420911518507434
0.1708735985984726	0.27709138089400687	0.5520350205075206
0.15889911570234527	0.33626516727298233	0.5048357170246726
0.1584905682980326	0.31300218549617165	0.5285072462057958
0.1667342762008929	0.3018221290658394	0.5314435947332679
0.16215789492983845	0.30769825110963717	0.5301438539605245
0.1784185413783006	0.33939065233404414	0.4821908062876554
0.14883717541907848	0.30350273180110093	0.5476600927798208
0.18496365301210907	0.29780491817776583	0.5172314288101252
0.17595944698227312	0.26274754811352224	0.5612930049042048
0.17976335525271048	0.3583482464428882	0.4618883983044014
0.16559283404317648	0.3399965466288234	0.49441061932800023
0.16909961762591214	0.34740629082471686	0.48349409154937106
0.17157975281160825	0.3489811930254616	0.4794390541629303
0.17050313453641436	0.3457953576114175	0.48370150785216826
0.15347304338755846	0.3244749114898429	0.5220520451225987
0.17477582771731962	0.28036743389233443	0.5448567383903461
0.15585800853528683	0.31227913545351443	0.5318628560111989
0.1586715057906603	0.34686002419463224	0.49446847001470756
0.1770109645876231	0.26852488881359754	0.5544641465987794
0.17556102668472542	0.29142293223015964	0.533016041085115
0.18846426111626507	0.2997467303308408	0.5117890085528942
0.16145496977026813	0.37415567942328165	0.46438935080645033
0.1558254298943964	0.33765208707036826	0.5065224830352355
0.15430508140360283	0.2893059974987731	0.5563889210976242
0.15450908982594705	0.2866842141512188	0.5588066960228343
0.18455468774014552	0.2675457445674406	0.547899567692414
0.18420644177308762	0.26162568423107047	0.5541678739958421
0.15268592083923593	0.28732834165178484	0.5599857375089794
0.1863056944688924	0.36289642987533643	0.4507978756557713
0.1631504631057496	0.2799995731583338	0.5568499637359168
0.15186858735439152	0.38507246802768685	0.46305894461792174
0.1740678876081919	0.2934713016828729	0.5324608107089354
0.18532015138234034	0.3420294096912058	0.4726504389264539
0.18244520386251714	0.35850469013978975	0.45905010599769325
0.1539558707298136	0.32749787763053106	0.5185462516396555
0.17241482233988537	0.3129016110815245	0.5146835665785903
0.15420706377881432	0.3305096900864104	0.5152832461347754
0.15850010515580873	0.3683106757952398	0.4731892190489516
0.16798445486078928	0.3825589748066666	0.4494565703325442
0.16089209426847487	0.34489007685096534	0.49421782888055993
0.15327132090438922	0.32169939534259717	0.5250292837530137
0.17115734372544755	0.27745008376739755	0.551392572507155
0.15797784714479648	0.3790081535937845	0.4630139992614191
0.1671153076209328	0.3303349411774553	0.5025497512016119
0.16559141365647123	0.3312550180349437	0.5031535683085852
0.1481122839422664	0.3753100369333701	0.4765776791243636
0.1843344416326786	0.3524259826939652	0.4632395756733564
0.15600768649227875	0.2916535362248118	0.5523387772829096
0.16042350853963078	0.33834175203504585	0.5012347394253235
0.17535600832924203	0.2860985865052504	0.5385454051655076
0.1815622629464274	0.3318214360098122	0.4866163010437605
0.15065689971039298	0.36354775261562033	0.4857953476739868
0.17405169857940966	0.299703737755704	0.5262445636648865
0.17195510101367653	0.3106862767649413	0.5173586222213823
0.16059774967359575	0.3835363841502609	0.45586586617614344
0.1847648852902321	0.30079747231089565	0.5144376423988724
0.17396991188188743	0.3471485473449537	0.478881540773159
0.14910826232425384	0.37581018875420175	0.4750815489215445
0.15627373332367742	0.3931768743571332	0.45054939231918945
0.18461248684499362	0.3091657448597082	0.5062217682952983
0.15789562769471105	0.38701651811400345	0.4550878541912856
0.15543645178795276	0.32574581149379556	0.5188177367182518
0.1841531020071845	0.3391204354708146	0.47672646252200107
0.163075094389447	0.34996834727074005	0.486956558339813
0.1687143697072186	0.3248080717097781	0.5064775585830034
0.16960903669548394	0.33181397836634224	0.49857698493817393
0.1624794437046803	0.3772089768784255	0.4603115794168944
0.16723059689487202	0.3636026501545419	0.4691667529505862
0.1616520716431758	0.27979329477815273	0.5585546335786716
0.16922847424769805	0.28037120760176554	0.5504003181505366
0.1570759519050443	0.33989835540751423	0.5030256926874416
0.1667858806056326	0.385702896783299	0.4475112226110685
0.14886447487994384	0.34318778198872557	0.5079477431313307
0.15665378051623963	0.38963142673471723	0.45371479274904325
0.1510328630641246	0.3920762994415084	0.4568908374943671
0.15154263152464748	0.34068301358403996	0.5077743548913126
0.1813718422228015	0.3688698935058943	0.44975826427130433
0.14954232818032778	0.3618643133097928	0.4885933585098795
0.17026195669164956	0.3649083034073378	0.46482973990101273
0.1600092021770847	0.34967616038383353	0.4903146374390819
0.17973831139728152	0.37637098251478235	0.44389070608793624
0.16942261645621048	0.3377500723772473	0.4928273111665423
0.18514300181705134	0.2820162272622309	0.5328407709207179
0.1803943867733893	0.29728964681436487	0.5223159664122459
0.16920300537080482	0.33173116092242144	0.4990658337067739
0.16157833026990423	0.34222371666193385	0.496197953068162
0.18694683677868074	0.3552429872873872	0.4578101759339322
0.17675787419171915	0.29503113902911365	0.5282109867791673
0.18686502317646533	0.25055961873168026	0.5625753580918545
0.16437669766149163	0.28129792573020285	0.5543253766083056
0.15288493636101827	0.317106510352103	0.5300085532868788
0.16566953204515358	0.36651892539947306	0.4678115425553735
0.14969671847171495	0.3130778194419709	0.5372254620863143
0.17326438017561607	0.30251773251661035	0.5242178873077736
0.16480436740850363	0.3920362406955962	0.44315939189590026
0.17592077123843997	0.36512638629886485	0.4589528424626953
0.16619490464074443	0.37120333554880797	0.4626017598104477
0.14940582901410077	0.3099368954602216	0.5406572755256778
0.16686772241483233	0.3499105069577486	0.48322177062741917
0.18813757167621428	0.2541415120127824	0.5577209163110034
0.15969372161527554	0.3652330983410921	0.4750731800436325
0.18062509326899528	0.2563030368271257	0.5630718699038791
0.1852914931894207	0.287068876890626	0.5276396299199534
0.1788621584985432	0.35124568245299825	0.46989215904845866
0.17197333966017583	0.3730273115915826	0.45499934874824166
0.18175027771936197	0.2858388747332987	0.5324108475473395
0.18792990083510114	0.26047495463278053	0.5515951445321184
0.16176352187183946	0.3796359120984654	0.45860056602969523
0.1537611220389686	0.3596293395326501	0.4866095384283814
0.1840078904549684	0.3387294471703247	0.47726266237470694
0.1555784694413363	0.36807535340514047	0.47634617715352334
0.16964562331247066	0.335771795730559	0.4945825809569705
0.17245745494578096	0.3382227114004797	0.48931983365373943
0.15083578455580265	0.2887223364040437	0.5604418790401537
0.17987312815530634	0.30970675959595473	0.5104201122487391
0.17727802281002047	0.36888880756745007	0.4538331696225295
0.14995528220663845	0.3615136412111738	0.48853107658218786
0.16580284467518008	0.37431564825465535	0.45988150707016473
0.1707613691065344	0.34922124960993406	0.4800173812835316
0.1558515023243554	0.3688573039999693	0.4752911936756754
0.18424965173383104	0.3573616314564594	0.4583887168097097
0.14861827068820338	0.32443701972086186	0.5269447095909349
0.14875892949623384	0.33171613552906365	0.5195249349747026
0.1550644886839741	0.34666515017587013	0.4982703611401559
0.15070696570784647	0.36982683850983544	0.4794661957823182
0.1698216364422777	0.31080203128677925	0.5193763322709432
0.1559792513188148	0.3406768833840746	0.5033438652971107
0.15256146928730224	0.3938243985048232	0.4536141322078747
0.16132228912435329	0.3324619715935133	0.5062157392821335
0.1543782398569595	0.28564963181697733	0.5599721283260632
0.17379096482219594	0.34779169501323604	0.47841734016456816
0.17001155923944675	0.2983076223715466	0.5316808183890067
0.1662468034726067	0.3297040271519709	0.5040491693754225
0.16216912992479016	0.37146688510521936	0.46636398496999065
0.17384401083416565	0.3106388305533718	0.5155171586124627
0.15103208609738553	0.3911814097550231	0.45778650414759153
0.15402756031162232	0.3057369957833284	0.5402354439050494
0.15643282254955976	0.39961917046728185	0.4439480069831585
0.1585889737785972	0.33926427421384026	0.5021467520075626
0.14848936364247645	0.40358488910634627	0.44792574725117745
0.16327057145821797	0.37220965942625095	0.46451976911553117
0.16634803481103064	0.337171320072915	0.4964806451160545
0.18415066876638658	0.25322135928440465	0.5626279719492089
0.17372130793551976	0.3108240911155727	0.5154546009489076
0.15551579587954958	0.28738319896899206	0.5571010051514584
0.18875806797435113	0.31355284967394964	0.4976890823516993
0.14894105602137664	0.4063156229302922	0.44474332104833125
0.15368434499228598	0.3969157735533008	0.44939988145441334
0.179116240702886	0.31395611138838336	0.5069276479087308
0.14770535145585464	0.2899598381872673	0.5623348103568782
0.15244544675751864	0.31324365020912165	0.5343109030333598
0.17811010551714712	0.29724609987261436	0.5246437946102387
0.17581888003187449	0.2674621401848235	0.5567189797833021
0.14788465483759927	0.3071493568499474	0.5449659883124535
0.18853596758750651	0.31854060049101285	0.49292343192148075
0.16988245590397477	0.32640543226181845	0.5037121118342069
0.18204335630368518	0.3697661261823088	0.4481905175140061
0.18358268332771588	0.2960935928504482	0.5203237238218361
0.18056053259324364	0.286038621653781	0.5334008457529754
0.18302077622803628	0.33647118678731736	0.4805080369846465
0.18285008042904513	0.32946831469707255	0.48768160487388246
0.1719659602113407	0.26781327105569996	0.5602207687329595
0.16009705426199647	0.35720316647969347	0.4826997792583102
0.15964069328968622	0.34746992474477967	0.4928893819655342
0.16024580246633424	0.38329513241622554	0.45645906511744033
0.15606753221634392	0.36441960795279643	0.47951285983085973
0.16764615424842128	0.3030687840653669	0.5292850616862119
0.16307921565906824	0.339452490175058	0.4974682941658739
0.15270414016410408	0.3987795601938392	0.44851629964205686
0.18059867204469832	0.35835759697317404	0.46104373098212775
0.16882593855881692	0.29404940295388615	0.5371246584872971
0.1870359571159423	0.3436077932315057	0.4693562496525522
0.14870498576915644	0.33535276718341106	0.5159422470474326
0.18715340200887604	0.2718077665854124	0.5410388314057117
0.18377397359053219	0.3401146357505942	0.47611139065887376
0.16142803488431895	0.3752162158476252	0.46335574926805595
0.18533861765903972	0.2590468210932299	0.5556145612477306
0.17971352627016463	0.3395410974318745	0.480745376297961
0.1734861333939481	0.3005930981790625	0.5259207684269895
0.1823568350713115	0.3229088585917869	0.4947343063369017
0.16649611583687307	0.3178570431235975	0.5156468410395295
0.16000902230667785	0.39343143992106405	0.4465595377722582
0.17311082217788992	0.35869830906257244	0.46819086875953775
0.15612083159193818	0.2935254629007739	0.550353705507288
0.1608369998082977	0.3210578249720143	0.5181051752196881
0.15537021586710748	0.29529866836745333	0.5493311157654394
0.16235522927653598	0.3608970617409745	0.47674770898248964
0.1513457118842014	0.31256898160432445	0.5360853065114742
0.17677395916964395	0.2836813403727386	0.5395447004576176
0.1530556616326187	0.3739987668708387	0.4729455714965427
0.15425250156409617	0.3822095007678712	0.4635379976680327
0.18207395897434372	0.2576938550324399	0.5602321859932164
0.15923897485165087	0.36223452901942327	0.478526496128926
0.15808818089268684	0.37687172734981655	0.4650400917574967
0.16510757088331388	0.30184471073323316	0.5330477183834531
0.15893345995837407	0.28611046333864754	0.5549560767029785
0.15401738979041027	0.3557718781519942	0.4902107320575957
0.17193971657800122	0.30308897365482435	0.5249713097671745
0.17790767869103735	0.33637557194350115	0.4857167493654616
0.1717211531293013	0.33193830622285075	0.49634054064784805
0.16936410031581953	0.26479585437348874	0.5658400453106919
0.1762073145544505	0.35059796520701914	0.4731947202385305
0.14956207345469963	0.3801055355375519	0.47033239100774865
0.16304425372463696	0.2872253346064182	0.549730411668945
0.1862392699726747	0.31299788630575276	0.5007628437215726
0.15123329793359425	0.37160653899762863	0.4771601630687773
0.1672052363817032	0.3108109767818919	0.521983786836405
0.1693799706235466	0.3242796563576373	0.5063403730188163
0.1515933089173304	0.37241067894632573	0.475996012136344
0.17744623749807628	0.2607862978847204	0.5617674646172035
0.1670764499466389	0.2760974901385381	0.556826059914823
0.148678168764159	0.2884481635400268	0.5628736676958144
0.16795202924083974	0.30078311338000585	0.5312648573791545
0.16731183790001836	0.3195705699935051	0.5131175921064767
0.15071458898277335	0.3296604891835101	0.5196249218337168
0.18667608320375495	0.25239384550375743	0.5609300712924877
0.16677121350491686	0.3356814672555666	0.49754731923951667
0.15876282304032263	0.31420873647743713	0.5270284404822403
0.14834976575618714	0.3934603515573488	0.4581898826864642
0.16206323594907635	0.3014845791999126	0.5364521848510111
0.18353716503091838	0.31082938482578554	0.5056334501432962
0.16795964872881242	0.3111618925260286	0.520878458745159
0.16202139582266026	0.3670522562273262	0.47092634795001376
0.17253463558102272	0.3439841439892119	0.4834812204297655
0.1650062917313824	0.34029464520976505	0.4946990630588527
0.17671724701145114	0.29993604935806706	0.523346703630482
0.18272221350219642	0.25248525187174437	0.5647925346260594
0.17814026546824072	0.28783494122505743	0.5340247933067019
0.15050345439447269	0.3303257502170065	0.519170795388521
0.1845585293931239	0.3553078867292352	0.46013358387764103
0.1756955443731722	0.36911735393694955	0.45518710168987836
0.18370358310045468	0.27775507277142447	0.538541344128121
0.1755611711428861	0.3001691597465791	0.5242696691105349
0.17282914666514962	0.29442704487647336	0.5327438084583771
0.14842580442354356	0.2906090456725296	0.560965149903927
0.1859480725608536	0.3310870014650088	0.48296492597413776
0.17255661063833783	0.3112340313697818	0.5162093579918805
0.14907036667643808	0.372992425348456	0.477937207975106
0.15757178971396982	0.3533565095706146	0.4890717007154157
0.16711470269725193	0.3080635606349904	0.5248217366677578
0.16520425993197924	0.2827999855859052	0.5519957544821157
0.1526999792846805	0.3042080487858427	0.5430919719294769
0.18202713616140617	0.3124996159215819	0.5054732479170121
0.16132018614230487	0.3318901034054815	0.5067897104522138
0.16975885173006947	0.2783553357794442	0.5518858124904864
0.15277234114926638	0.30787040725782044	0.5393572515929133
0.1638166146398048	0.30262461172953226	0.5335587736306631
0.15760294164500985	0.3503261315212557	0.4920709268337346
0.15174383189602925	0.35945444167681495	0.4888017264271559
0.17685491368456976	0.359949531066935	0.46319555524849537
0.17469336797460094	0.32898823458391524	0.4963183974414839
0.17612953016827426	0.3527763481123791	0.4710941217193467
0.1784511504316313	0.33831842593402295	0.4832304236343459
0.18532768425470605	0.24902171851887578	0.5656505972264183
0.1731807098132687	0.36090165932585316	0.4659176308608783
0.1718206492346483	0.3654427555880741	0.4627365951772777
0.18781607583298454	0.3566557082688595	0.45552821589815606
0.16908573083306133	0.30656985235015755	0.5243444168167812
0.1655236187673232	0.2906404198295185	0.5438359614031585
0.18512723456283767	0.2638302673722119	0.5510424980649505
0.16533937878032792	0.3238936246271024	0.5107669965925697
0.15961460142382128	0.3538691821960807	0.4865162163800981
0.1620286390112441	0.3707696456842684	0.4672017153044876
0.16223185794327122	0.3810922987946104	0.4566758432621185
0.14758749225370268	0.3497560549282326	0.5026564528180648
0.18153166024515205	0.2897311363749143	0.5287372033799338
0.16081571931783847	0.2872445682208729	0.5519397124612887
0.18139423670672306	0.2865610798333215	0.5320446834599556
0.15323642043213415	0.33394222059375667	0.5128213589741093
0.15627760787430892	0.3475078004456752	0.496214591680016
0.15504960901039289	0.31040935918852874	0.5345410318010785
0.1605180111981711	0.30772299267672093	0.5317589961251081
0.16689151757181614	0.3521989747803726	0.4809095076478114
0.1598145319378487	0.35011605106414756	0.4900694169980039
0.16456816429808505	0.3803765248402088	0.4550553108617063
0.15511835641729282	0.4017812350292649	0.44310040855344246
0.1650719014966335	0.274133322771542	0.5607947757318246
0.1677951372496352	0.3235906259097857	0.5086142368405793
0.15264955345214698	0.3240229679907986	0.5233274785570545
0.17599855110206478	0.32605143241719586	0.4979500164807395
0.1511750673964507	0.3510465736471535	0.49777835895639594
0.18304750828072325	0.3390503620228753	0.47790212969640156
0.14988932219188394	0.4033138200271842	0.446796857780932
0.17117704076618628	0.30606525792229333	0.5227577013115206
0.1681380838375186	0.36799700882228165	0.46386490734019986
0.16140066332388578	0.33298545244279437	0.50561388423332
0.16136637916571617	0.3513265026478257	0.4873071181864583
0.16534680536624957	0.33231505183482346	0.5023381427989271
0.1506339114911161	0.39426119701790824	0.45510489149097577
0.16103425048642625	0.31484988460675933	0.5241158649068145
0.15916854102295894	0.3334708972423963	0.5073605617346448
0.17839388383433444	0.3510318954966861	0.4705742206689796
0.17857703551493997	0.3104729200066657	0.5109500444783944
0.14766687464263809	0.33141931147877435	0.5209138138785877
0.17495543802674562	0.3392366287847131	0.48580793318854143
0.17046092391936152	0.3606767029273166	0.468862373153322
0.16447027888356075	0.3323480611203543	0.503181659996085
0.14991181750470114	0.293420099327826	0.5566680831674731
0.15682326943790625	0.2807563624270785	0.5624203681350154
0.15346075820838348	0.36400466203564447	0.4825345797559722
0.18498039595620536	0.33482248885226434	0.4801971151915304
0.15302774714258527	0.33586500319985424	0.5111072496575606
0.18286789211407986	0.2637373051479339	0.5533948027379862
0.15269279819544138	0.36281979887971316	0.48448740292484554
0.16174929736766705	0.32118224799503176	0.5170684546373013
0.16658193904426244	0.3560844093407165	0.47733365161502117
0.16182961247754057	0.330153856743589	0.5080165307788705
0.1560602617870484	0.367180707841797	0.47675903037115464
0.18345136669451878	0.3630500331494704	0.45349860015601096
0.17562866801650726	0.31707850233968493	0.507292829643808
0.17603415369430908	0.37925256117352546	0.4447132851321656
0.17975395409488157	0.3765381796918243	0.4437078662132943
0.17559961540157132	0.2906902505995312	0.5337101339988977
0.17734985754632893	0.34094863633462913	0.48170150611904206
0.14759409844934035	0.3213624921865134	0.5310434093641464
0.1788351433969962	0.2675578014125535	0.5536070551904504
0.16618326728908367	0.3798428144100482	0.4539739183008683
0.15806229595782179	0.3287438839376591	0.5131938201045193
0.1826784553057879	0.31192790297373263	0.5053936417204796
0.18312420420042952	0.28667929341238985	0.5301965023871807
0.15065630148465173	0.29220627091460305	0.5571374276007454
0.16361032900713385	0.32339487593555244	0.5129947950573138
0.1645624043828365	0.3386348006563649	0.4968027949607987
0.17780735679653445	0.2588667581968087	0.5633258850066569
0.1601611916062703	0.32351061123522623	0.5163281971585036
0.16376947960060312	0.2872604849641085	0.5489700354352884
0.15129792571466602	0.3674231614548439	0.4812789128304902
0.16793210880865492	0.34464548572116016	0.48742240547018506
0.18038513028198291	0.29502725452331546	0.5245876151947018
0.17435455811893658	0.34330769722282517	0.4823377446582384
0.16996074594246607	0.34938402153156856	0.4806552325259655
0.147552479413159	0.3362304139017836	0.5162171066850575
0.167939304212582	0.38286517506517864	0.4491955207222395
0.1522422521965474	0.3483992734762468	0.4993584743272059
0.14774435752485215	0.29210619228940804	0.5601494501857399
0.17759376371591232	0.3058736451158329	0.5165325911682549
0.15423267060335225	0.3900390076186962	0.45572832177795164
0.18654669694499404	0.3586937230519309	0.45475958000307515
0.17832661124025312	0.35867601657512815	0.4629973721846189
0.162466885918352	0.3918685447595616	0.4456645693220865
0.1485387876266245	0.2879068925071346	0.563554319866241
0.175454021730954	0.2820219773236637	0.5425240009453824
0.15581830559958723	0.3225741141507276	0.5216075802496852
0.18192735004913893	0.30637815749541053	0.5116944924554507
0.185864791471242	0.3223813610072185	0.4917538475215396
0.1709885595393062	0.29238250982471736	0.5366289306359765
0.15322400127384414	0.32494667555304113	0.5218293231731148
0.15678798542828187	0.4001203516634181	0.44309166290830015
0.16058771735113897	0.3742314317008457	0.4651808509480154
0.18193488905766292	0.3051626500716701	0.5129024608706672
0.17143437430361774	0.35151932229355376	0.47704630340282866
0.17371021149649904	0.35285784181085816	0.4734319466926429
0.18686247483812377	0.3284110580915302	0.48472646707034617
0.18297776135404506	0.264914093884663	0.552108144761292
0.1591728151265294	0.36492281013763245	0.4759043747358383
0.1647268311784679	0.3815289433024537	0.45374422551907856
0.17586517162186868	0.32022572217830364	0.5039091061998279
0.1507564499841017	0.37314860692034907	0.47609494309554934
0.15030144145877317	0.3743875967246488	0.47531096181657817
0.15546487400340292	0.39709046312303725	0.44744466287355994
0.1539079872881838	0.31687261663172017	0.5292193960800962
0.18820897917530444	0.2612811757653967	0.550509845059299
0.1792115658391761	0.3617650193744293	0.4590234147863947
0.1809756201877933	0.36566642699351354	0.4533579528186933
0.16612387323072075	0.36657863918317135	0.467297487586108
0.1639926746615977	0.30164035258269384	0.5343669727557085
0.18480726181769547	0.28010858945530764	0.535084148726997
0.17802899617250478	0.30678317114929265	0.5151878326782027
0.1519200333778653	0.3342973336018391	0.5137826330202957
0.18021420649628866	0.3525420901538826	0.46724370334982884
0.17704295972644327	0.26236257747138403	0.5605944628021728
0.18066700738888952	0.29879105057158073	0.5205419420395299
0.1541526123711363	0.31152630829311995	0.5343210793357439
0.16147339257579696	0.3655868281916541	0.47293977923254904
0.16137895735516888	0.37269353010175155	0.4659275125430797
0.16993226507851458	0.30284196415161474	0.5272257707698709
0.15686848521849328	0.32062375675014093	0.522507758031366
0.16885310586798508	0.2773420498964353	0.5538048442355797
0.15168643140377777	0.29901558317466015	0.5492979854215622
0.16862762800262862	0.2923253159888089	0.5390470560085626
0.17387779334274744	0.3468829005615046	0.47923930609574805
0.16984338355795014	0.31259313917249243	0.5175634772695575
0.16736838187047867	0.2954915531946414	0.5371400649348801
0.17841105051117506	0.275054866182449	0.5465340833063761
0.15235402589202496	0.3909573183709315	0.45668865573704365
0.17010649114026702	0.31192311282063406	0.517970396039099
0.18157687616940815	0.33394203952777	0.484481084302822
0.17250227477936866	0.36621537605112653	0.46128234916950495
0.1755600280091469	0.26714213784756785	0.5572978341432854
0.17179408306580496	0.33367892157374135	0.49452699536045386
0.17541223922583482	0.31718296415796693	0.5074047966161984
0.18401376174785372	0.262451582788677	0.5535346554634695
0.17939314966822156	0.3362227568231047	0.48438409350867384
0.1793089456018839	0.36724058051002134	0.4534504738880949
0.16104597731017195	0.3514531279871961	0.48750089470263214
0.18056471120432174	0.35417660772650456	0.4652586810691738
0.18702153312690853	0.3285489993895759	0.48442946748351573
0.16446384051276117	0.3293571358774075	0.5061790236098315
0.16514296788953398	0.37945843403807034	0.4553985980723958
0.176774615001558	0.3037978082299537	0.5194275767684884
0.1550993445133374	0.39369957782269505	0.4512010776639677
0.1788238442866701	0.36127874169630353	0.45989741401702655
0.15710856615173258	0.37099810309563747	0.47189333075263007
0.18629035198904287	0.338786644804124	0.4749230032068332
0.1619990126736021	0.2763570846182727	0.5616439027081254
0.18337952143340308	0.3187068711023244	0.4979136074642726
0.18258273750564077	0.2596257760411873	0.557791486453172
0.18267978287012668	0.293566312559894	0.5237539045699794
0.17243201194380403	0.29554897834825977	0.5320190097079364
0.16778023849563922	0.38172187349791464	0.45049788800644625
0.1639604352256251	0.38710184159465744	0.44893772317971764
0.1686535418567294	0.3294000340601292	0.5019464240831416
0.1664614725031062	0.3432443289886707	0.4902941985082232
0.14958033253566613	0.34154549774427584	0.5088741697200582
0.18682447517578676	0.3147845841414964	0.498390940682717
0.15845260400280853	0.29251077253760116	0.5490366234595905
0.17062328726249038	0.3108131553686359	0.5185635573688738
0.15909741086326046	0.37601875163291	0.46488383750382967
0.16263226374889556	0.357115292322955	0.4802524439281496
0.1752236124719082	0.3083131390084296	0.5164632485196623
0.16572455440701997	0.32886093159812935	0.5054145139948508
0.15680494017891367	0.3196410970833195	0.523553962737767
0.18776212875218048	0.27048269051646445	0.5417551807313552
0.15102220450897727	0.2989526957193892	0.5500250997716336
0.18733543094947477	0.28892761074331574	0.5237369583072096
0.15273131060527653	0.39213536732247883	0.4551333220722448
0.18534465761061258	0.3518537852811533	0.46280155710823423
0.15513475418597245	0.3451634323723523	0.4997018134416754
0.1675239970764156	0.3188914698217267	0.5135845331018578
0.14877542897172824	0.3026315366243165	0.5485930344039553
0.18749384071508127	0.25373077526636195	0.5587753840185569
0.17940918820324497	0.27015331348257	0.5504374983141852
0.17805698422065333	0.25743582030484197	0.5645071954745049
0.17479727363373013	0.28645229176600334	0.5387504346002666
0.16331414483295548	0.2919046845349823	0.5447811706320624
0.18590567028360064	0.3183588424523032	0.4957354872640962
0.16332179059915045	0.31614966886829193	0.5205285405325577
0.16834308177604082	0.33006237742458866	0.5015945407993707
0.16897381994183588	0.34472842911761814	0.4862977509405461
0.15229379355421443	0.39984421887229415	0.4478619875734915
0.15536381344584319	0.38089315274111235	0.4637430338130446
0.1875377605411858	0.35528684088645196	0.4571753985723624
0.1673174961837933	0.3062959612484675	0.5263865425677394
0.15690635896223026	0.2944858600233299	0.54860778101444
0.16839863433858437	0.2726416157590231	0.5589597499023926
0.17547744712016494	0.3175673391938411	0.506955213685994
0.1694570218258852	0.313339189147837	0.517203789026278
0.17899152036583435	0.26672043606514434	0.5542880435690214
0.14769384249186357	0.3358288169862586	0.5164773405218779
0.1555479081844244	0.30289568017173224	0.5415564116438435
0.1859036985924989	0.285404605989596	0.5286916954179053
0.15214245066866974	0.3954701075580617	0.4523874417732687
0.18144657960604044	0.31346233169909277	0.505091088694867
0.18693422611621954	0.33927783967324826	0.47378793421053234
0.14824618201825385	0.3311577836268761	0.5205960343548701
0.17817902976412406	0.3197341325733755	0.5020868376625005
0.15425585899832628	0.31711944581574225	0.5286246951859316
0.17593714305441893	0.3113112715811699	0.5127515853644113
0.15950933095602374	0.3075590166366252	0.5329316524073512
0.17480659178927677	0.34455588982295005	0.4806375183877733
0.16188625207847	0.3290878871863246	0.5090258607352055
0.16196044546149646	0.3884985375464149	0.4495410169920888
0.17864049383441197	0.3373933288851882	0.4839661772803999
0.18557651643959525	0.36749859677509655	0.4469248867853083
0.17078221069972874	0.32693631086705577	0.5022814784332156
0.1644325369973609	0.2809890250800807	0.5545784379225586
0.1805829551717234	0.26267243076239655	0.5567446140658802
0.15105873547336443	0.29249113233246304	0.5564501321941726
0.1602347060368057	0.3049142184827919	0.5348510754804026
0.16377593469774013	0.29139604092108806	0.544828024381172
0.1750557227604735	0.3152100414868425	0.5097342357526842
0.1752003048311883	0.35649236671395834	0.46830732845485346
0.15435873905871253	0.3192192605609638	0.5264220003803237
0.16699374164624708	0.37192064732881763	0.4610856110249354
0.16774066196535997	0.3358841205794603	0.49637521745517976
0.1566617280592677	0.3415265337343632	0.5018117382063692
0.17196833325242034	0.34331929066543904	0.48471237608214074
0.18053671281090214	0.3659291090929966	0.4535341780961014
0.1614123158646653	0.3814672105716282	0.4571204735637066
0.14761440986091826	0.39590583924650524	0.45647975089257664
0.15798258687078304	0.39721490296074413	0.44480251016847294
0.18867606564019312	0.26886097151105287	0.5424629628487541
0.15384043604679015	0.32860065115050774	0.5175589128027023
0.1617157567180426	0.32557813987381756	0.5127061034081399
0.17391657210444414	0.2853336482010418	0.5407497796945142
0.16375252616939376	0.35722108495069993	0.47902638887990645
0.15455868705372575	0.2913408573404998	0.5541004556057746
