0.2425392578866818	0.083738344755394	0.32609401094486484	0.15923441871124616	0.18839396770181294
0.2420511800826939	0.08540436215850063	0.3172523580130935	0.1638243691990681	0.19146773054664365
0.24362717917528542	0.08592271014560796	0.3206772822719888	0.16291833140460202	0.1868544970025156
0.2398508513402201	0.09115813708498875	0.3271348136269522	0.16276385994317685	0.17909233800466182
0.24089206527661777	0.09264794045406233	0.3178555285963941	0.16775971816858026	0.18084474750434532
0.23713854828169756	0.09242935784326478	0.3164425022870674	0.16018672888479302	0.19380286270317698
0.24079501369986947	0.09234289399785392	0.3232959105423423	0.16129815622224652	0.1822680255376875
0.2442871438099118	0.08676809675338078	0.3215296383134032	0.16351663207595712	0.18389848904734685
0.24080987110217678	0.09026332925536111	0.3205729779024387	0.16375617405586756	0.1845976476841556
0.23640790521144467	0.08607348416448493	0.32318290176092634	0.1627779728136641	0.19155773604947968
0.23964151879710732	0.08468243738936727	0.31690965636778606	0.16128214761390422	0.19748423983183488
0.24417538668242994	0.08591605083414146	0.3229587904203315	0.15894033797523882	0.18800943408785808
0.23683632100852803	0.08327663483113668	0.3181139649143201	0.16166452069749768	0.2001085585485173
0.24204270177851878	0.08626632610148416	0.32745596265596694	0.15924570690718653	0.18498930255684334
0.23577488026623822	0.08601538654986833	0.318377859646304	0.16263427895463564	0.19719759458295358
0.23873680734109254	0.08937950207138595	0.3240994043930267	0.16506130012001158	0.18272298607448303
0.2386211419633444	0.08938102757726546	0.3187837961639337	0.15937308445174928	0.1938409498437069
0.23688110432998138	0.09170893269757847	0.31825747654972236	0.16324350356888018	0.18990898285383737
0.24309044126335774	0.08818762980522371	0.317751952882628	0.16518849539581454	0.1857814806529758
0.24321026487979103	0.08423140201276552	0.3251724660882681	0.16729961368691376	0.18008625333226136
0.23967542822006477	0.0899669692124679	0.3162648014167149	0.1627240069892561	0.19136879416149608
0.24119848953843231	0.08323375948680689	0.3267289448409497	0.1672724615364728	0.18156634459733803
0.2365100412245561	0.09478740314016924	0.31715051287527074	0.1588776588568089	0.19267438390319477
0.2408085070961574	0.08390459073912226	0.31740716799730573	0.16391855547945292	0.19396117868796148
0.24411883574868215	0.08875751223910765	0.3190320281323771	0.1664074386063405	0.18168418527349234
0.2439222354781042	0.08657716452173991	0.32305441741579455	0.15848948888821923	0.18795669369614182
0.24149694717587802	0.08754890462987944	0.31926536784776216	0.16470104699523508	0.18698773335124508
0.238348742764162	0.0890592438709085	0.3246508721982536	0.16082349966659737	0.18711764150007826
0.24431952807607193	0.08396544430415787	0.3242392217357418	0.16397530592815748	0.18350049995587067
0.24131568569923628	0.09414979028417803	0.3179935103534949	0.16647135379873804	0.18006965986435253
0.23932277036011437	0.08987732725415808	0.31809427387835365	0.1637115846843471	0.1889940438230266
0.23541571319597687	0.09487038338000418	0.32063164504370684	0.15957416239889793	0.18950809598141394
0.23998594018419345	0.08499583482594768	0.32581031246106984	0.16556519286706028	0.18364271966172852
0.2411375868088954	0.08599648630912354	0.31750280859361085	0.1631142624509302	0.19224885583743978
0.24014131747735426	0.09153984453675769	0.32418229080089817	0.16299752094375639	0.18113902624123324
0.24359170611089376	0.09332372775002401	0.3172572338231966	0.16321957268196036	0.182607759633925
0.24254751454374832	0.08803368878457599	0.3273956515685693	0.16191693775185442	0.18010620735125168
0.23943738390604533	0.09146684558250842	0.3212787243363595	0.1589834928782247	0.18883355329686186
0.23953224565093836	0.09461617277320616	0.3192199751068411	0.16199551736199228	0.1846360891070219
0.2390010232470645	0.08364375847205498	0.3274651175305102	0.16783769798597095	0.18205240276439916
0.24395819755019943	0.09154061047141228	0.32336276417671467	0.15950183219678937	0.18163659560488402
0.2426600277531034	0.08895775327335825	0.321848774420852	0.16288234173221863	0.18365110282046748
0.24202968776598183	0.09028933070935291	0.3230445004391244	0.1610055284465741	0.18363095263896648
0.23910590669280377	0.08933612844560536	0.3174520193084755	0.16403224678724593	0.19007369876586921
0.23823664199575167	0.08853899916481259	0.3198581602308954	0.16134467510700912	0.19202152350153093
0.24118506238899276	0.08572648969065488	0.32708497743361264	0.1652143867863603	0.18078908370037916
0.2428717682096901	0.08447479437871293	0.3172268232762507	0.15854460695012149	0.19688200718522458
0.23879705227645814	0.0925359036093056	0.32852233128406644	0.16081408505435835	0.17933062777581119
0.2362416906930286	0.09300680489450588	0.3265280062766857	0.16320445558264132	0.18101904255313828
0.23637669905939146	0.08472100726289518	0.32628598807575715	0.16411035288539594	0.18850595271656004
0.24138335911282335	0.08393386965229462	0.3255862473422783	0.15944988523509976	0.1896466386575037
0.24009053324300095	0.09512490131469763	0.3187061484232333	0.16338822703679604	0.18269018998227182
0.24441178249757306	0.08483226874090942	0.3228628635300279	0.16518332639427785	0.18270975883721152
0.24307042438787896	0.08759746158690358	0.3221317295776748	0.16320645436525966	0.1839939300822828
0.2388199599947384	0.09294355913589691	0.31808772796512713	0.1610711273285998	0.1890776255756375
0.23814840600293768	0.08634348871760492	0.3216217703554025	0.15951027063189424	0.1943760642921604
0.24045515854607913	0.08548084991526024	0.32580143353314983	0.16760963449000915	0.18065292351550138
0.23750414884215454	0.08461565663944579	0.32379993211245156	0.15904834046915245	0.19503192193679542
0.24161708562813183	0.08976780614581872	0.3278997938967725	0.15937530194338823	0.1813400123858885
0.24036276473002466	0.09323098551539315	0.3263656940382583	0.16188039960553824	0.17816015611078537
0.24433955158071302	0.08943563127589892	0.3173252884254897	0.16128132347532761	0.18761820524257047
0.2439581090075997	0.08613628444560743	0.3199199953102211	0.15954917027877646	0.19043644095779505
0.23683878526847763	0.09025816574496458	0.3252869204369443	0.1601515279632388	0.18746460058637443
0.24166863118822668	0.08758628502619975	0.3173232692312092	0.16102423373550218	0.19239758081886194
0.23863512613963084	0.08891081545694389	0.3255676491008537	0.1642366979113407	0.18264971139123062
0.2409134218168433	0.08649725247564888	0.3286386702748574	0.162244291173951	0.1817063642586992
0.23537419337697532	0.09246835215778422	0.3175400103559337	0.1634821452190976	0.19113529889020886
0.24227019236321234	0.08805920133612626	0.3214083777179371	0.1647318956574528	0.18353033292527124
0.2426262031833311	0.08354458464135642	0.32026441252537907	0.16415816603419764	0.1894066336157355
0.23929879892869527	0.08416898391398357	0.3245269914640527	0.16811067689586098	0.18389454879740724
0.24045008407072288	0.09154242422165695	0.32435377696412676	0.1595072259921898	0.18414648875130338
0.23631647985805038	0.08789209088547627	0.32339268914790253	0.15950231015198013	0.19289642995659045
0.23988936837346092	0.08391655789148195	0.3265079340203164	0.1669092064959884	0.18277693321875207
0.23991042916000543	0.08412472448342982	0.320338676330958	0.16561120158278125	0.19001496844282523
0.23920885388454743	0.08989085996664421	0.32232791910933783	0.16674269195417454	0.18182967508529574
0.24105480553010172	0.08913800828137448	0.3247874397173701	0.16110950588427814	0.18391024058687533
0.23951950591662566	0.09370141497282829	0.325737563911466	0.16055033314838504	0.18049118205069475
0.2391911254091446	0.08856535963206404	0.3284570753968935	0.16564800218132567	0.17813843738057197
0.2355388853603541	0.09113437394375441	0.32498133884988945	0.16024040150554208	0.1881050003404597
0.23548690056541624	0.0896170607689458	0.32506804932467104	0.16376178142780853	0.18606620791315817
0.23840496365445776	0.09299918795621927	0.31980209320848435	0.15908974914125962	0.18970400603957877
0.2393343068035725	0.08391996252722697	0.3196613268131852	0.1595260808913837	0.19755832296463136
0.23692825701389045	0.08445318280052092	0.32300717443782745	0.15926331919310302	0.19634806655465795
0.2441603995303085	0.09455288209831039	0.3171417359508347	0.1612958956704313	0.18284908675011483
0.23902104342433866	0.09038252597107167	0.3180022722340813	0.16770274523579537	0.18489141313471275
0.2416847932556076	0.08608301848495432	0.31885042924526574	0.16504880672574404	0.18833295228842806
0.2356524652561799	0.09228852795486217	0.3184607007495185	0.161504856734424	0.1920934493050152
0.24419234718753627	0.0917047571642789	0.3241808514627644	0.15882142476116717	0.18110061942425307
0.2378821045165772	0.0886668000133515	0.32081494656492704	0.16703825321551546	0.18559789568962853
0.23800800672242844	0.09445531576579166	0.32829003355373954	0.1603504321614408	0.1788962117965993
0.23571380225930225	0.0921647063434512	0.3194929026931912	0.16192829320569946	0.1907002954983557
0.24425920572336124	0.0894322765605643	0.3170434159305403	0.16267050917993725	0.18659459260559663
0.23786251080759283	0.09249698317162514	0.3232103505982643	0.16772586405687465	0.1787042913656428
0.2418717350281806	0.08343554806197598	0.31782294505993836	0.16097602107824396	0.19589375077166088
0.2385596224624863	0.08475334260276811	0.3260734796716467	0.16440434970854004	0.18620920555455867
0.2443208146249569	0.08333291946755961	0.3198664641272433	0.16744398679687947	0.18503581498336047
0.23783344862357902	0.08631173731959475	0.3180676980713349	0.16675093843184718	0.19103617755364394
0.2356863618480538	0.08738771571574096	0.32343297895594225	0.1605310691768137	0.19296187430344905
0.2364279110546589	0.08863459315229621	0.32771485516281795	0.16056264225189673	0.18665999837832997
0.24035718655274263	0.08560905565897191	0.3239296454802923	0.16170989226391688	0.18839422004407605
0.23787360471291719	0.0889514294002653	0.3249559614102654	0.16618233302349836	0.18203667145305352
0.2390845525651796	0.09329939324880274	0.32184136579977896	0.1615502265133037	0.18422446187293473
0.2364775061318008	0.08982046267707311	0.3208276567910918	0.16661069060483108	0.18626368379520297
0.2355605005838935	0.09066722725442838	0.3175877531192786	0.166113246876766	0.19007127216563327
0.23688421401920107	0.0848393397479113	0.3203637017533737	0.16750997324422096	0.19040277123529273
0.23614175875613405	0.08874637644443109	0.31733184058165215	0.1617472625112937	0.19603276170648878
0.23607782592242596	0.08391202199949346	0.3279360348213748	0.15917495621752276	0.19289916103918275
0.23986208555980143	0.0889142285544796	0.3212904398634519	0.16400014259170992	0.18593310343055694
0.24422096571293606	0.08884545380787877	0.3184877546638489	0.15885061892060434	0.1895952068947317
0.23833356273772088	0.09260678513426536	0.31901796976359575	0.16730677836839697	0.18273490399602074
0.23929876405229603	0.08889636539564992	0.3185781178003647	0.16685237477535086	0.1863743779763382
0.23717808957138597	0.0951866812732088	0.3271205819338205	0.16060423216556588	0.17991041505601862
0.2414075146670419	0.08677930720191367	0.32466527654578037	0.16064047491433436	0.1865074266709294
0.2419671301133385	0.08714382433531484	0.3236224560900879	0.1676994993716213	0.17956709008963725
0.23650483442148737	0.08842675384016285	0.3171257826171497	0.1611149019637212	0.19682772715747865
0.23659669924266924	0.09298122518754717	0.3222445011216144	0.1595806163392369	0.18859695810893204
0.24040864591779068	0.08348773971686922	0.325637539369215	0.1640539047811128	0.186412170215012
0.23973432820973545	0.08604509932956171	0.32768006695405033	0.16316036136136047	0.18338014414529183
0.24378717683675197	0.08495509049843533	0.32455437144626237	0.16710222763174298	0.17960113358680715
0.24191247480607786	0.09207495357799587	0.3185837771412475	0.1614345032105868	0.18599429126409173
0.23928644998731652	0.09405758722125718	0.32132022498341506	0.15959834371475307	0.18573739409325796
0.24217355618465172	0.08617336627199272	0.3237105174293867	0.16446838616583928	0.18347417394812932
0.24017773919626448	0.08461378369545977	0.3166221324147397	0.16001259074104499	0.19857375395249086
0.23746764948890714	0.09265957526431177	0.3162865105317416	0.16750678711181016	0.18607947760322907
0.24104518150860427	0.08701173983107505	0.32376241571183173	0.16429831285808372	0.18388235009040496
0.2430706725330146	0.08578815718145823	0.3199936889539792	0.16169782580676445	0.18944965552478324
0.23772437532098128	0.0836033078732176	0.31933594670678866	0.16632301738668648	0.19301335271232573
0.24016629176048315	0.0873232089652849	0.32184663368487954	0.1593329631784361	0.19133090241091605
0.24399454723091546	0.08732046254248028	0.3264007658781521	0.15871548873338054	0.1835687356150714
0.2415128454524643	0.09109665701694795	0.3216708198235949	0.16467150454363472	0.18104817316335783
0.2383204372502575	0.09278469838059	0.3194217912250896	0.16194497177294184	0.1875281013711208
0.2387518824586332	0.09256566222193403	0.3253142762328246	0.16088153058166116	0.18248664850494672
0.24190445799232801	0.08346025260130202	0.31979150192431777	0.1652132015684791	0.18963058591357285
0.23767629216601094	0.08670297449011083	0.32865782409704564	0.16216277795932163	0.18480013128751072
0.24326445088202536	0.08721620016974264	0.319338075560807	0.16564836217154535	0.18453291121587936
0.23815633456399454	0.0920837504104139	0.32022281781034845	0.16488919218377296	0.18464790503146988
0.23829237168231793	0.08885728671644966	0.3213561091480342	0.1600438449580433	0.1914503874951547
0.24034909822505612	0.08643024469227004	0.3226093507438984	0.16188075236944108	0.18873055396933408
0.23872567741856696	0.0857838450996361	0.3214168288940913	0.16105724086550946	0.19301640772219594
0.24102005245127184	0.08891930210980141	0.3193852992307182	0.16721162014775937	0.18346372606044892
0.24239168843294423	0.08534411556882346	0.32515093388936633	0.15874666274651822	0.18836659936234756
0.2436394784916188	0.09009516980098983	0.32015014827160204	0.16011104618997454	0.18600415724581454
0.24005483783294865	0.0897284356208784	0.3251815553893088	0.1623017541064909	0.182733417050373
0.24394817111102804	0.08696367799251463	0.3215657366498412	0.15867564123856198	0.1888467730080539
0.24425635059509399	0.08827002568402932	0.3277705680909088	0.15876973605611228	0.1809333195738553
0.2402656244414292	0.08762520687565031	0.3241887950628085	0.16690883929848155	0.18101153432163014
0.24275908306789978	0.08924539593367853	0.3188459008883584	0.15855808054284173	0.19059153956722133
0.24259512183100557	0.08552701682236372	0.3263289752226818	0.15897241608777765	0.18657647003617106
0.23872430547884604	0.08920367943751167	0.32470780610675526	0.1628703039675623	0.1844939050093245
0.23740672649830158	0.08919287714593616	0.32501179978196576	0.16248314397224695	0.18590545260154928
0.2433970770683566	0.0859334208644851	0.3209894456879177	0.1637591272298088	0.1859209291494316
0.23761651706970033	0.0920918408415019	0.3224503374950264	0.16377988127429122	0.18406142331947994
0.24103492015015981	0.08675044472289845	0.3207821397709691	0.16760361141152236	0.18382888394445002
0.24211236037235245	0.08753107092749175	0.3268410877064321	0.16311940664846994	0.18039607434525354
0.23587151409368728	0.09446802805554275	0.31935429301282214	0.15932137908151303	0.19098478575643452
0.2405272611811843	0.08445103125109649	0.3229309406290267	0.1589575046918182	0.19313326224687397
0.23818915927526613	0.09408154194817213	0.3234977226986694	0.16420243289473416	0.18002914318315796
0.23804159400046873	0.08358188353436212	0.32193997799238383	0.16719465665911695	0.18924188781366816
0.24233989759754604	0.085254058964865	0.31662232383403677	0.15981017173581402	0.19597354786773794
0.24069156635257866	0.0879962008605534	0.3199492510134828	0.160207776321997	0.1911552054513879
0.23680227797280246	0.08808662474405383	0.31653833734740333	0.16572559305661116	0.19284716687912898
0.23887548153307933	0.09052272605913254	0.3208854207717804	0.16251940445840088	0.18719696717760662
0.24250591632290236	0.08658063531087903	0.3267283137188994	0.16356273730913873	0.18062239733818022
0.23601786774971073	0.09051356554770032	0.31736221559138694	0.16498072422574633	0.19112562688545545
0.24009338276619466	0.09152823943746108	0.32082020556100227	0.16492509598650332	0.18263307624883843
0.23972610472241523	0.09001790916125361	0.32117070377545787	0.16273670274486485	0.1863485795960082
0.2406281792467477	0.08622805607618804	0.3215489463687983	0.1633825631233009	0.1882122551849648
0.2353910848530778	0.09502402967996224	0.3266021330591456	0.16469984060911677	0.17828291179869737
0.24269531001451716	0.0882018961561887	0.3238912941905189	0.16580170977666253	0.17940978986211248
0.240530381077863	0.08854029588269648	0.32350820615340126	0.15975685644681065	0.18766426043922832
0.23913553150800243	0.09115811460939874	0.32165890708948625	0.1624241905591377	0.18562325623397463
0.24356030158150835	0.08539680539949134	0.3284576325365002	0.16428903539515385	0.17829622508734608
0.23555273446154623	0.09228389469508116	0.31766433667530447	0.1664212433925352	0.1880777907755327
0.23759275101845695	0.08878149780155006	0.32059816088540133	0.16101631668823654	0.19201127360635484
0.24332623874573006	0.08644563620571015	0.32505154567601996	0.1669779630045135	0.17819861636802606
0.23571459372918022	0.09373555149400394	0.32271201826459417	0.1684691747083754	0.17936866180384603
0.23712134312194966	0.09378344733349608	0.32372684081162895	0.1630178465467595	0.18235052218616557
0.24156226675451498	0.086888948567032	0.3196871823121481	0.16075229374193323	0.19110930862437148
0.24380474974421262	0.08729259833091502	0.32550175733441034	0.16294100946823029	0.18045988512223146
0.23789817235186053	0.08381200166478993	0.3258979440324937	0.16227041965335043	0.19012146229750518
0.23677502579792178	0.08642427063757213	0.31915153677856345	0.16706493805920655	0.19058422872673583
0.24352416219026302	0.09071768554022579	0.3174851150039978	0.1680047676136621	0.18026826965185105
0.2397968889981578	0.08690583410763153	0.3252851762979687	0.16605530075426553	0.1819567998419762
0.24373507962696245	0.08857819044651391	0.31775236249103317	0.16251462636557207	0.18741974106991818
0.23936468252059248	0.08321886297230395	0.32452583873297425	0.16681492005382736	0.1860756957203017
0.23591907697627562	0.09038315153785825	0.3262288060590989	0.16557148813740105	0.18189747728936595
0.23791321170729465	0.08641061897911026	0.3201082084726772	0.16058418518176848	0.19498377565914915
0.24130780719620176	0.08900008788411472	0.3181366566581439	0.15972388826582182	0.19183155999571758
0.2377321678429257	0.08815688107902574	0.319058041419483	0.1615608936144987	0.1934920160440666
0.23711811341213318	0.08905215987681035	0.324918005218816	0.16374780432358788	0.18516391716865244
0.24260014266125152	0.08929110486446534	0.32104716877446493	0.1673139688870645	0.17974761481275345
0.23617288546483098	0.0859771617073021	0.32784512775858626	0.16734902270971383	0.18265580235956658
0.23882122424119795	0.08631155117567571	0.32500930493250624	0.16592553449592856	0.18393238515469135
0.24153235885091648	0.09160522019971845	0.3165564013328884	0.16109446668535732	0.1892115529311191
0.2384513459603874	0.09489742835522648	0.3165291419766707	0.15851586397170073	0.19160621973601447
0.23735374628409833	0.08951483173911824	0.3174386708014962	0.15933414881643324	0.19635860235885375
0.23594345009175538	0.08606665868722915	0.32144170859754195	0.16689077957820828	0.18965740304526502
0.24436839037549205	0.09276625427156221	0.3172867157943987	0.15922153909779257	0.18635710046075424
0.23823173863702174	0.08711299030729273	0.32445671534772286	0.16396695867016156	0.18623159703780093
0.2379802560938617	0.08703405328767573	0.3230444423284612	0.1616374306646307	0.1903038176253704
0.24379365575939002	0.08959210116860535	0.3172991451942129	0.16575788983851952	0.183557208039272
0.23552076249480475	0.0868750616552134	0.32109025664522484	0.16154592819740862	0.19496799100734818
0.23652726547793726	0.09363646024245055	0.31946846288895897	0.16275716085656727	0.18761065053408568
0.24414249815442168	0.0923653005608909	0.3179358248337744	0.16273924143911772	0.18281713501179503
0.23970489336554887	0.08387882516520358	0.3182231934875597	0.16156234482741333	0.19663074315427428
0.2368938226520901	0.09328359952562304	0.319991988397866	0.1684296603261528	0.1814009290982678
0.2386114821007992	0.09070450566787813	0.3278755979671414	0.15883490458502425	0.18397350967915682
0.2362576168919131	0.08889839383732254	0.3171923849010878	0.16012086735398656	0.1975307370156897
0.24365496791043134	0.09400666357430788	0.3166678372129252	0.1644353135798229	0.18123521772251242
0.23985228762886818	0.08422270307581918	0.32676218783671596	0.1673769424179808	0.18178587904061563
0.23942879987391336	0.08358938871999647	0.32627560628497077	0.16759941209014648	0.18310679303097271
0.23816879256014734	0.08432361516890317	0.3256260668257598	0.16029981702073104	0.19158170842445843
0.23699129773430086	0.08946765423342783	0.3270641226846482	0.16167898754490434	0.18479793780271858
0.23668033139152256	0.08695499429418525	0.32522387336720165	0.16315794578005705	0.18798285516703322
0.23816540820793292	0.08622480178816588	0.321459514067095	0.16330183125771175	0.1908484446790942
0.2397042372819534	0.08822485240614338	0.3215305291856738	0.15924424215916397	0.19129613896706518
0.23911936330535982	0.08394824215450361	0.3232173904569728	0.15892214133960028	0.19479286274356328
0.24282333803054085	0.08899766407170662	0.32078906849781247	0.16219427261437577	0.18519565678556407
0.2373403807036923	0.08971025951218242	0.32855980296334086	0.15947471769087354	0.1849148391299107
0.23612443311729195	0.09476357415908479	0.318622646932462	0.1621322003429778	0.1883571454481832
0.23750074710829172	0.0910130924139881	0.3169562208584121	0.16470650254528474	0.1898234370740231
0.23608232532778936	0.08767778871539547	0.3281624118181041	0.16790953940570966	0.18016793473300116
0.24169140107855352	0.09106083483051933	0.3248104809694833	0.16265179113893305	0.17978549198251054
0.24347921716406692	0.09525396768822303	0.32024388179489144	0.15967536340057914	0.18134756995223922
0.23556802936709473	0.0867770223224146	0.32053244043515533	0.16714089525777348	0.18998161261756163
0.23839102709725732	0.08850203543094291	0.32413941542774444	0.16454855917373723	0.18441896287031787
0.239308862503389	0.08657164679682634	0.318114904232628	0.16533376542726114	0.19067082103989524
0.23562101032112226	0.09283022781682695	0.3232257832450735	0.1609444468244259	0.18737853179255112
0.23853359346726194	0.09414447431896593	0.32714491969109516	0.15903000964425515	0.1811470028784216
0.24410765146284494	0.08663676847065084	0.3213934030952877	0.16493802480801334	0.18292415216320296
0.24354013329850593	0.08609663421274577	0.3234133480439301	0.1655141999317091	0.18143568451310882
0.24053803470888988	0.08615912268831075	0.32211002596160343	0.16403138785767776	0.18716142878351794
0.23632531067484988	0.08667490000297179	0.32355305898716946	0.16691255115477313	0.18653417918023546
0.2361020612948876	0.09345078984075032	0.3273729304012399	0.16364210007083912	0.17943211839228285
0.23679432652161173	0.09324343463245083	0.3196134950068866	0.16638813057641788	0.1839606132626327
0.2430162403970464	0.09534531473004172	0.32136187350777967	0.15932086585719543	0.1809557055079365
0.2373406404373892	0.08582416955055149	0.32719577687056645	0.16193333498111992	0.1877060781603727
0.24177436021888968	0.08453726957327594	0.32707866241022326	0.16369937292391978	0.1829103348736911
0.24323237163796096	0.09123339806660931	0.3192666274691704	0.16090025540239422	0.18536734742386485
0.23628419344757678	0.08994022128874674	0.3252891093101474	0.167041906484261	0.18144456946926782
0.24237107704478103	0.08724319391880328	0.3236490091075311	0.16335328412611788	0.18338343580276648
0.2420240916165472	0.09476641558898274	0.3190126572823081	0.16404186102926982	0.18015497448289186
0.23791347186731693	0.08595191713366303	0.321576712315516	0.16193650816781358	0.19262139051569022
0.24237027855300725	0.08407665190909983	0.3287428816018437	0.1608864229820518	0.18392376495399718
0.24302813895272243	0.08659391934685952	0.3264888497214887	0.16307457250824858	0.1808145194706805
0.23928975581815748	0.09515146282915414	0.32143644212003575	0.1613795427977825	0.1827427964348699
0.23911923683096847	0.088118145891134	0.3257386671022609	0.1640576188275308	0.18296633134810558
0.2437719086285821	0.0905765489315385	0.31772935430510996	0.16423747544250372	0.18368471269226544
0.2371980952001729	0.09025896876331532	0.3271180503387195	0.15981082259027596	0.18561406310751608
0.23749656427327936	0.08870712196619293	0.31956896125322004	0.1610088832618132	0.1932184692454942
0.2358958641919863	0.08327140476775052	0.3273420692539297	0.1642557449506719	0.1892349168356613
0.23993990537056134	0.0889993661034626	0.3218442898901933	0.16794742689359082	0.1812690117421917
0.23914819578846191	0.0864579673818798	0.3202973847924614	0.1609232602895733	0.19317319174762332
0.23912216884514736	0.08625914444496936	0.32655684114634076	0.16845324822229374	0.17960859734124857
0.23573151908026957	0.08918421111000761	0.3276080345683954	0.16144281617788317	0.18603341906344406
0.24310698539217715	0.08678565265400819	0.32269213389132	0.1672618909526818	0.1801533371098126
0.23895139709042224	0.08730454006975977	0.32609298406804393	0.16176539231828135	0.18588568645349246
0.23665907390859567	0.08361739033757797	0.3186424163350372	0.16365642310081496	0.19742469631797396
0.23966698790250635	0.08368265744965807	0.3256544320721477	0.1602059742780463	0.19078994829764132
0.2402918139771293	0.0892320476574069	0.31907854981963346	0.15851823629351597	0.19287935225231412
0.24252564366395585	0.08980033073653108	0.3185145352777243	0.1586112574648782	0.19054823285691036
0.24063055204674477	0.09294593631302293	0.3190542565200041	0.16635491768506339	0.1810143374351646
0.23751066725401548	0.09303263458450883	0.3183202909733494	0.15946403334349654	0.19167237384462948
0.23732615066026552	0.09437546362973462	0.3262643873625876	0.16175709068869815	0.18027690765871385
0.23763990298617813	0.08846140705657932	0.3208133958580268	0.16260060655784922	0.19048468754136627
0.24394162633650815	0.08669410168254617	0.3274920540875946	0.1586621748670781	0.18321004302627275
0.24261802497997678	0.08456364906520267	0.32745530391590516	0.1663867232424021	0.17897629879651303
0.24057520804449484	0.09073942386227471	0.3188320438352922	0.16457710119515973	0.18527622306277827
0.24400612059946472	0.08921023610093749	0.3203922295914927	0.158897139025244	0.18749427468286078
0.23982723416743965	0.08661200871520054	0.3207097486628623	0.1658741846992669	0.1869768237552304
0.24181960683258408	0.08866162524467736	0.31724742572231535	0.16204173185606247	0.1902296103443605
0.23793079092217995	0.09517177420640972	0.31755373922235275	0.16353724822099483	0.1858064474280625
0.24058130945060108	0.08545660627917162	0.3286905697746224	0.16446936563774964	0.180802148857855
0.24181098508912752	0.08528341523135112	0.3235782579140069	0.16404877983389607	0.18527856193161812
0.2367604707093356	0.08955539988658949	0.32205607357436017	0.16699666230721721	0.1846313935224973
0.24005359345135555	0.0897408736280691	0.3180846844834688	0.16726038445181096	0.1848604639852953
0.23873385180448148	0.08355613438895394	0.3266319637569681	0.16432171801775391	0.1867563320318423
0.2391601389652867	0.0879917273999172	0.3206239447586844	0.16475019447147737	0.18747399440463414
0.23828820137547735	0.09323889095075906	0.31834165763903827	0.15958975478693802	0.19054149524778707
0.24285036447324798	0.08787794880470877	0.3164737854902351	0.1622906416600202	0.19050725957178768
0.23932245302882033	0.08697883326247108	0.3225537707130616	0.15936998049279671	0.19177496250285
0.23688365432547956	0.09413070417013361	0.3202190580840264	0.16367360271912396	0.18509298070123625
0.23865007716572367	0.0884799638447569	0.3259974217735022	0.1594584704528266	0.1874140667631904
0.23570379444915662	0.08784256520399021	0.32596153333241007	0.1683128021662284	0.1821793048482144
0.23617893445006005	0.09524430490553049	0.31760126304048775	0.16755521471813706	0.18342028288578438
0.24273498655733838	0.09376308516446163	0.31794967028771415	0.1653558162625059	0.1801964417279797
0.23960219543455724	0.08583392180726587	0.32664646630573013	0.16385561053026235	0.18406180592218416
0.24007952237693975	0.08405951703999733	0.3275654612208859	0.16330953280084437	0.18498596656133243
0.2368297400872451	0.08641222344212161	0.32283932450756814	0.1681522425218566	0.1857664694412083
0.23744699225972654	0.08738214339051956	0.32300642995368944	0.16397120901904225	0.188193225377022
0.2400846269102625	0.08738905720657184	0.3194100850050873	0.15911927426757289	0.19399695661050523
0.23632777444484776	0.08827215587869869	0.3215140526123146	0.1633614399760112	0.1905245770881275
0.2439577213873118	0.0843080815510216	0.3252435323134706	0.16056625794178128	0.18592440680641448
0.24381524882628103	0.09000460031179575	0.3211616506736436	0.16617513945223203	0.17884336073604734
0.2408314235799925	0.088309038350154	0.3198332280918588	0.16846991054629704	0.1825563994316974
0.23640697975683744	0.08431046481835008	0.326137430411478	0.16058725323411072	0.19255787177922348
0.23734827291776447	0.0920901432925512	0.31654232581022407	0.167844307863378	0.18617495011608198
0.23669630891377716	0.08960550922489262	0.3279860124845423	0.1639770904360035	0.18173507894078414
0.24242258073705136	0.08450434134377144	0.3229891383836361	0.1653681628964931	0.1847157766390478
0.23811031290428983	0.08849604718218716	0.32853738781619024	0.163596008177308	0.18126024392002457
0.24342530696005796	0.09163658553548436	0.31785023403380247	0.16057444139740296	0.18651343207325202
0.23578247728041596	0.09245882095580893	0.31886391979361206	0.15971184304957084	0.19318293892059193
0.23607205425532923	0.09254265914096092	0.3197801153442918	0.16662539364181142	0.18497977761760642
0.23942956479381378	0.08371428394898633	0.31752204431022835	0.16536599152418346	0.1939681154227878
0.24441519020714114	0.08806308698755713	0.31830705555657657	0.16804803786235453	0.18116662938637038
0.24181482477809962	0.08905236565887945	0.31654987222806313	0.1603459323627297	0.1922370049722279
0.23905422263853077	0.08550744786065573	0.3202913605741965	0.16005155817492323	0.1950954107516935
0.24038712541943685	0.09196110657580304	0.31646730067074746	0.16793200790773993	0.18325245942627244
0.23836352791894283	0.08964980422898493	0.3226260347621058	0.1611730098367791	0.18818762325318714
0.24230800155949017	0.09035436133133938	0.3174921386512956	0.16249396744055883	0.1873515310173158
0.23831325778408352	0.08726869936992712	0.31762542575495434	0.15924728200722493	0.19754533508380984
0.23569177793449575	0.09543154474083732	0.3225251570415399	0.16443102781628294	0.18192049246684389
0.24282334919735382	0.09291561467960814	0.31916677831794665	0.1646199091211747	0.18047434868391643
0.24153778896078326	0.0846666546243281	0.3167703256734765	0.16806544245000082	0.18895978829141105
0.24293604053011278	0.08426209822994504	0.3183975001367769	0.16296370099886776	0.19144066010429722
0.24387991650961766	0.08372901563492376	0.3244983011612388	0.1661064196244424	0.18178634706977717
0.2408113065735525	0.0857212952938003	0.31928270572195605	0.16191226234750675	0.19227243006318417
0.23690980135053097	0.08844263959631067	0.32597159829777145	0.1609175560539956	0.1877584047013911
0.23809924631793142	0.08677902270626431	0.3207233689165823	0.167232598730915	0.18716576332830673
0.23591225013011102	0.08516235210270216	0.3176225590121496	0.16535631839620524	0.19594652035883176
0.23818687729878604	0.08991480597533553	0.327726146457782	0.16548565747159769	0.17868651279649855
0.23697771836715775	0.09014649345860354	0.31634352871525145	0.16009474824986153	0.19643751120912548
0.23665858450120797	0.08717970828870257	0.3228415405590119	0.16017338403380188	0.19314678261727544
0.2364352040737663	0.09082152168846298	0.32515544712711875	0.16414824604077646	0.18343958106987526
0.239487930193172	0.09481491458693302	0.320954154629939	0.1607508717936615	0.1839921287962943
0.23716794635373512	0.08796314485816528	0.32052131130042294	0.16685782396118198	0.18748977352649449
0.24318420086256354	0.09259606401692448	0.3174490266992495	0.16438044952083633	0.18239025890042587
0.23807652758507136	0.08649437599422077	0.32781762789997004	0.16692608006388546	0.18068538845685214
0.23675875671011304	0.08623964016804295	0.32655767567014327	0.15932084363471202	0.19112308381698848
0.23614416103636554	0.08823907307785661	0.31791365638918606	0.159855898024225	0.19784721147236656
0.24377126075981576	0.08611235117778877	0.3267369552940147	0.16028454168116174	0.18309489108721883
0.23848949149174087	0.08393982182998128	0.32635577570857033	0.1621788067616049	0.1890361042081023
0.23710176793890256	0.08767706218389633	0.3246134799746748	0.16392719945163448	0.18668049045089155
0.23823474530390074	0.09337641591198514	0.318297306289614	0.16485028124175774	0.18524125125274213
0.2421751415305335	0.08687238731884393	0.3209130758787113	0.16134787213500634	0.1886915231369046
0.24427568456067839	0.08765075917541335	0.3171269481775756	0.16555384712224636	0.18539276096408613
0.24104003829929643	0.09518734208346177	0.3163606482724823	0.1648499661896576	0.18256200515510165
0.23730817065356047	0.09355487214537274	0.31716369343163925	0.16226714080403307	0.18970612296539419
0.24247691816435496	0.08424966698003958	0.324116243446413	0.1618972114679303	0.18725995994126193
0.24389025747346493	0.08353983042589337	0.31974309482937624	0.16696732181414262	0.18585949545712255
0.2407093119801728	0.0847385806335976	0.32229741842538856	0.1625620260226379	0.1896926629382029
0.23930478962595597	0.08659857951635769	0.32645006538249133	0.16636789473483798	0.18127867074035675
0.24240072703259272	0.09448035693062555	0.3210408320749941	0.16061517964717206	0.18146290431461534
0.24384752610204552	0.0835995618522854	0.3211094625171803	0.15849088420988633	0.19295256531860216
0.24390855752287488	0.09069080508162164	0.31789572963218504	0.1604708841499048	0.18703402361341342
0.2373916901538305	0.09521612256820468	0.32025608734496713	0.16172283618670275	0.18541326374629466
0.23651332803059322	0.09141333517061191	0.32620751844571305	0.1589536405588839	0.18691217779419764
0.2365017348667686	0.08411200311410068	0.3176515651209483	0.16318507848011604	0.19854961841806615
0.2443683518725967	0.08917807706859815	0.3194932972964905	0.15911179069280917	0.18784848306950525
0.24058344256060077	0.09200830519781733	0.3249783381222998	0.16028467662345103	0.1821452374958308
0.23854807717763388	0.08715206313095233	0.318081780002572	0.16536948994798079	0.19084858974086075
0.2418304303364017	0.09155763024991327	0.3176086133535006	0.16373033858257702	0.18527298747760715
0.23583321534701668	0.08791692485982898	0.32035207002179894	0.1605610513059902	0.195336738465365
0.23775822705511912	0.08772658374304748	0.3210894633676359	0.15873179466617188	0.19469393116802544
0.2402583331849688	0.08850653351765732	0.31684328378958526	0.15966164929602739	0.194730200211761
0.24070768654589358	0.09087580095056745	0.3186800527717048	0.15971641260956831	0.19002004712226564
0.2396454851449409	0.08356398009084264	0.3170372292757424	0.16137114851045048	0.1983821569780233
0.24228159131544907	0.08698539344059388	0.3183559701994376	0.16745847451976958	0.18491857052474958
0.23984736684248414	0.08667128396950205	0.3245790250758262	0.15903031621308467	0.1898720078991027
0.23994088313293674	0.08857647922156847	0.32428050281922705	0.15901345483800278	0.18818867998826472
0.24125872483968053	0.08977118997374926	0.32733680956570654	0.1608996251466629	0.18073365047420048
0.23910733053125985	0.08810082983332099	0.324407015044996	0.16653977909898096	0.18184504549144193
0.24127994250376625	0.09472396678956868	0.3175552274695097	0.16294023542846492	0.1835006278086902
0.2367708299487993	0.08404242184614542	0.31677397139376373	0.16679403659652303	0.19561874021476824
0.2393400565869777	0.08555205176815177	0.32290258615703765	0.1630662008556929	0.18913910463213976
0.24266551182984847	0.08593703002658494	0.3201667508494707	0.1616234543610451	0.1896072529330505
0.2402996840355483	0.08521733716595652	0.31681052980024504	0.1678550269890945	0.18981742200915536
0.2390265896593833	0.08561739446248211	0.322137937364945	0.1636103513508935	0.18960772716229587
0.2377839930138304	0.08636978204163887	0.3238522583094414	0.16658630105603256	0.18540766557905652
0.23753062341753084	0.09260670272759469	0.3197436661458365	0.16810088468609197	0.18201812302294576
0.24216882640232745	0.09137889590386267	0.31653914726633936	0.1633303523779499	0.18658277804952034
0.2364493965800165	0.08610731839455374	0.32181056113953116	0.16123967443196183	0.1943930494539365
0.23583068120253142	0.08680334401177614	0.3273020712347002	0.16612016584240846	0.18394373770858355
0.24272385314050818	0.09117192482261842	0.320465178122295	0.1649863048736965	0.1806527390408816
0.24214802252722403	0.08594330327025061	0.3209741934541215	0.15921042669087	0.19172405405753368
0.2415853681599281	0.08521576129502961	0.3203073704090843	0.1661173657315014	0.18677413440445634
0.23883019818276796	0.0882107920459234	0.3173329147704971	0.16643174113052198	0.18919435387028938
0.23819665160445352	0.08763606574560999	0.326523501244148	0.16759565326313253	0.18004812814265575
0.23903641698157574	0.09283074674867871	0.323118358169374	0.15908733792613533	0.18592714017423595
0.2426907640431601	0.09044914022323357	0.32784301617223105	0.15936148981522924	0.17965558974614584
0.24118350623917006	0.08672386230725204	0.3253375809651523	0.16277272408372273	0.18398232640470263
0.23802482528294527	0.08361405954981892	0.3172843754096875	0.16291213816039757	0.19816460159715052
0.2373156145342216	0.09130783762619704	0.3255223612509843	0.1586226412545515	0.1872315453340453
0.23705629204982037	0.09022594138210614	0.32326575327732027	0.16585738103077946	0.18359463225997355
0.24037778167354118	0.09533774299826069	0.3197880766736889	0.16534149895039274	0.17915489970411624
0.23775467284402574	0.0861083845159249	0.3281170385569794	0.1648404088437247	0.1831794952393451
0.24316500821220105	0.08646231465860543	0.318857139813743	0.16427262413649346	0.18724291317895686
0.23618087625496764	0.091514922680304	0.3240833406667595	0.16827000336573328	0.1799508570322353
0.24320214610743257	0.09067385774338735	0.3170609020252362	0.167705983710217	0.18135711041372668
0.24432999273462064	0.08567133834576478	0.3252722416074685	0.15984646636900432	0.18487996094314157
0.24346730492797636	0.09187313768378837	0.32320263125613935	0.1608504600794347	0.18060646605266098
0.23807545742569008	0.08825523969797149	0.3179901471071475	0.1607948775648646	0.19488427820432608
0.24061739483352237	0.08413767328637183	0.3248012596070433	0.1592808072741531	0.19116286499890914
0.23638046550190694	0.09437065127037361	0.32116358154337815	0.1673009966499067	0.18078430503443432
0.23773524526872744	0.08482694376272021	0.3228803327486076	0.1663150263637359	0.18824245185620858
0.24018805552731085	0.08618910791534154	0.32718403986254413	0.16356259213295848	0.18287620456184472
0.23677019608616037	0.08916507043689427	0.3229078230977944	0.16447969085543815	0.18667721952371258
0.23840312684724915	0.09125125055016119	0.31716979557521524	0.16298189785798894	0.19019392916938524
0.2437007871044769	0.08807760385348515	0.3188254964276769	0.16010490994864623	0.18929120266571461
0.23826448138886896	0.08519078210761885	0.32001925022705724	0.16149482740331428	0.19503065887314042
0.23887202427025128	0.08873814313636974	0.31903847572113486	0.16846280128338584	0.18488855558885803
0.24226680964886566	0.09106799887277418	0.3180527177516338	0.163566003877438	0.18504646984928816
0.24243761479050832	0.08491000161039666	0.31958935520634624	0.16170312758493233	0.19135990080781623
0.24159901197001438	0.08387978657452362	0.3241625052255284	0.1655874529691792	0.18477124326075414
0.23884007395692225	0.09383409273454046	0.3240794012266196	0.16114616014689404	0.18210027193502337
0.2371059316508269	0.08460262530437006	0.325839392763762	0.16534436038032582	0.18710768990071497
