0.23219539197380584	0.22495882196388362	0.1012916494820739	0.2676416891909781	0.17391244738925832
0.2321948475689622	0.22495212723946623	0.1012935005374221	0.26764644976922336	0.17391307488492586
0.23219249081773125	0.2249578114267622	0.1012918098423332	0.26764447142025366	0.17391341649291947
0.2321948580120195	0.2249525125304308	0.10129372532812672	0.26764396541891616	0.17391493871050656
0.23219412663534567	0.22495742774985866	0.10129235106613166	0.2676411360741686	0.17391495847449517
0.23219457604126295	0.22495278094403612	0.10129260531499844	0.26764672363929204	0.17391331406041022
0.23219272144947967	0.22495310886037903	0.10129220957785622	0.2676481440631138	0.17391381604917103
0.23219217915272977	0.22495340191533822	0.10129374186106105	0.2676465004319592	0.17391417663891154
0.23219453795169984	0.22495375740492432	0.10129240681132692	0.26764380609688593	0.17391549173516277
0.232195189192533	0.22495635671923167	0.10129385598608237	0.26764107340966414	0.17391352469248855
0.23219229653491258	0.22495551162882857	0.1012912420514204	0.26764764163368315	0.17391330815115508
0.23219309339412594	0.22495569986403255	0.101291027009912	0.2676435403942251	0.17391663933770418
0.23219488487598158	0.22495609700131627	0.10129267513588848	0.2676413297292826	0.17391501325753084
0.2321938732368412	0.22495536379433903	0.1012934896046287	0.26764503636467823	0.17391223699951258
0.2321931776178149	0.22495469076016844	0.10129210000082683	0.2676436602928366	0.17391637132835303
0.23219373936050888	0.2249561319000001	0.1012922586745716	0.2676449692450026	0.17391290081991656
0.23219278059174883	0.22495861022361674	0.10129296766394189	0.26764174496303483	0.17391389655765746
0.23219218611424997	0.2249588948011806	0.10129154648591555	0.2676422779073854	0.17391509469126823
0.23219440374769632	0.22495713551315927	0.10129247170153427	0.2676445961410819	0.17391139289652802
0.23219149716243737	0.22495832217040374	0.10129109191984091	0.2676450670543311	0.17391402169298661
0.2321955148679098	0.2249534540961769	0.1012912246027838	0.26764865530482657	0.1739111511283027
0.23219679453223138	0.22495434772048647	0.10129360909316952	0.26764158209962263	0.17391366655448973
0.23219248040713505	0.2249594769917581	0.10129108754836534	0.26764466371475093	0.17391229133799033
0.23219107926261967	0.2249557451452393	0.10129393102641482	0.26764705510596654	0.17391218945975942
0.23219470718237464	0.22495384021778397	0.10129150627927203	0.26764727804033805	0.17391266828023108
0.2321968141651219	0.22495437890944783	0.10129354421620257	0.2676426412306977	0.17391262147852982
0.2321946977049967	0.22495416995582881	0.10129250943546102	0.267644493026184	0.17391412987752924
0.23219477563486068	0.224954127422748	0.10129129307809556	0.26764399029901137	0.17391581356528416
0.23219577314457343	0.2249545720854711	0.10129223094807763	0.2676455030380241	0.1739119207838535
0.23219105375891844	0.22495688580956125	0.10129294981601662	0.2676474874031591	0.17391162321234438
0.23219142571161688	0.22495563673095378	0.10129354589343519	0.2676467899627867	0.1739126017012072
0.2321968963448845	0.2249548118781445	0.10129354718036392	0.2676421911259299	0.17391255347067697
0.23219114417422215	0.22495493083214987	0.10129314656988403	0.26764593535280357	0.17391484307094013
0.23219379492557501	0.22495426348796393	0.10129334865634662	0.267647236794043	0.17391135613607114
0.23219698383020576	0.22495359453110284	0.10129248620294785	0.26764167806468614	0.17391525737105717
0.23219653128080955	0.22495526604691066	0.10129140022226558	0.26764344192217354	0.17391336052784043
0.23219408330377395	0.2249558778374837	0.10129313571477615	0.26764216224971316	0.1739147408942529
0.23219329067345568	0.22495687800241765	0.10129226416790424	0.26764171657470737	0.17391585058151482
0.23219223599755384	0.22495439985220278	0.10129342530234328	0.26764361595824604	0.17391632288965383
0.23219545871548464	0.22495735340756484	0.10129125407285211	0.2676437936237971	0.17391214018030104
0.2321924911673244	0.22495537416201106	0.10129397221900925	0.2676438383699581	0.17391432408169694
0.23219155953324686	0.22495766974292197	0.10129128158077548	0.2676451427554484	0.17391434638760706
0.23219524149036164	0.22495670917343985	0.10129220097640614	0.2676437568037583	0.17391209155603382
0.23219224481788664	0.22495655214874447	0.10129151123770652	0.2676438814057993	0.17391581038986284
0.23219359359150427	0.22495329363898559	0.10129144280257113	0.2676467943563318	0.17391487561060695
0.23219539592979838	0.2249582862216704	0.10129291997878259	0.2676412273034303	0.17391217056631805
0.23219286288870877	0.22495243171605322	0.10129335793389235	0.26764800953369655	0.17391333792764888
0.23219195475948112	0.22495783019132473	0.10129123401014001	0.26764231094754565	0.1739166700915083
0.23219151200954272	0.22495592343529547	0.10129348147228456	0.26764301194338236	0.17391607113949464
0.23219207884692267	0.22495923281597663	0.10129186141306419	0.26764366731611655	0.17391315960791978
0.23219251268883656	0.22495843923258244	0.10129301246709235	0.2676418491484336	0.17391418646305482
0.23219232956320385	0.22495718027238992	0.1012930186836337	0.26764442292463286	0.17391304855613937
0.23219504157675835	0.22495515369531244	0.10129376418757668	0.26764207384931443	0.1739139666910378
0.23219120574586355	0.22495746880377776	0.10129258671930448	0.26764549816465205	0.1739132405664019
0.23219383750017353	0.22495222005305116	0.10129269155898848	0.267647975777461	0.17391327511032556
0.2321945286336296	0.22495716906384608	0.10129185644390938	0.2676431045975025	0.1739133412611122
0.23219307556351879	0.22495800199715774	0.10129120891017807	0.2676418147627311	0.17391589876641406
0.23219305003991667	0.22495382908699943	0.1012920795967629	0.267644202716002	0.17391683856031884
0.2321930244221001	0.22495532018909103	0.10129248097072463	0.2676446019107259	0.17391457250735803
0.2321951684909868	0.22495844248307165	0.10129124343459067	0.2676413484938203	0.17391379709753035
0.23219321727066491	0.22495496277554025	0.1012938690676862	0.26764557138820444	0.17391237949790395
0.23219698558806806	0.22495210205390964	0.10129324292998423	0.2676429181140235	0.17391475131401435
0.23219613884054993	0.22495215083691097	0.10129177620536159	0.2676442741907381	0.17391565992643915
0.23219481173621975	0.22495860314210137	0.10129251691336781	0.26764175478077884	0.17391231342753197
0.23219395798585207	0.22495868915337297	0.10129353769689273	0.2676417490886477	0.17391206607523435
0.2321950212259488	0.22495374619564668	0.10129323706157353	0.2676436523108132	0.1739143432060175
0.23219168932763323	0.2249584214913591	0.10129188048559036	0.267644498449899	0.17391351024551802
0.23219664214479296	0.2249562409153871	0.10129192134540882	0.2676411507638396	0.17391404483057127
0.23219611500774762	0.22495547432462282	0.10129205121634703	0.26764516345793304	0.17391119599334925
0.2321932384109171	0.22495290834940865	0.10129307646915514	0.2676466931101329	0.17391408366038597
0.2321920338696584	0.2249523588466656	0.1012916390399337	0.26764823589697767	0.17391573234676438
0.23219150393733007	0.2249520755314239	0.10129385814194955	0.26764731786855356	0.17391524452074272
0.23219187345915607	0.22495314787741433	0.1012926510455717	0.2676462063508984	0.17391612126695927
0.2321941468252556	0.22495433563246478	0.10129157360319704	0.2676468184647979	0.17391312547428447
0.23219261096242794	0.2249520400785059	0.10129303693758043	0.2676487793684882	0.17391353265299733
0.2321928781782649	0.22495366120988627	0.1012912382150329	0.26764655334151743	0.1739156690552983
0.2321931252255595	0.22495381135602643	0.10129370343684779	0.2676480773346081	0.17391128264695793
0.23219386898759037	0.22495405039342473	0.10129307436291873	0.26764703872422146	0.17391196753184446
0.232195786976595	0.2249554447602822	0.10129154229337908	0.26764155837583387	0.17391566759390964
0.23219519055262727	0.22495273778826644	0.10129195608174583	0.26764444423020617	0.17391567134715405
0.23219695078256844	0.22495429633963676	0.10129340256821535	0.267642633981395	0.17391271632818425
0.23219248902436057	0.22495637926097417	0.10129330326018297	0.2676420541547708	0.17391577429971122
0.23219580998567957	0.22495318601333808	0.10129233261706681	0.26764572082896304	0.1739129505549522
0.23219629554652843	0.22495292254161553	0.101293397340314	0.26764528040455887	0.17391210416698294
0.2321936601074032	0.22495644550296914	0.10129119004450815	0.2676452258196784	0.1739134785254408
0.23219438293204725	0.22495557730312934	0.10129154168718363	0.26764381652349245	0.17391468155414708
0.23219311186198197	0.22495776980070328	0.10129114318503503	0.2676410752966802	0.17391689985559927
0.23219370145551224	0.22495863161653867	0.10129121769494251	0.26764122492512066	0.1739152243078857
0.23219142677169363	0.22495753715471623	0.10129215892099248	0.26764587288156766	0.17391300427102974
0.23219621000291052	0.22495563480058245	0.10129292176058859	0.2676427305077814	0.17391250292813681
0.23219529929552157	0.2249579785269077	0.10129258633087697	0.2676421897953477	0.1739119460513458
0.23219249416486992	0.22495891485545316	0.1012933577332022	0.26764384865356383	0.1739113845929106
0.23219210628326648	0.224952079175259	0.10129335178907538	0.26764725512891374	0.17391520762348514
0.232191343616543	0.2249594117195153	0.10129268436670587	0.26764384685424747	0.17391271344298811
0.23219480238043944	0.22495873541934097	0.1012916954782965	0.26764282643943316	0.17391194028248969
0.23219255990699408	0.2249537185271519	0.1012938129830138	0.26764770374122915	0.17391220484161085
0.2321940797345154	0.22495307066260078	0.10129365572405444	0.26764657538283915	0.17391261849599005
0.2321954578664875	0.2249564791248044	0.10129213047915923	0.2676435081241758	0.17391242440537283
0.23219656933035787	0.22495255354475793	0.10129327762955481	0.2676448228885036	0.17391277660682555
0.23219307240504877	0.2249540284653555	0.10129144736463896	0.26764722888176873	0.17391422288318775
0.23219134046254947	0.22495528722381836	0.10129326508503467	0.26764765078238406	0.17391245644621323
0.23219602429305336	0.22495624974175843	0.10129176533609006	0.26764377864894473	0.17391218198015318
0.23219143469991943	0.22495808497363892	0.10129205508949135	0.2676417375539528	0.17391668768299726
0.23219452623134873	0.2249542151557683	0.10129140662496686	0.2676429964352035	0.17391685555271236
0.23219273079191016	0.22495562347470932	0.10129264297338167	0.26764226467506547	0.17391673808493313
0.2321923621193624	0.22495558695553805	0.10129133912514658	0.26764896285843115	0.1739117489415216
0.23219351308821007	0.22495616883387204	0.10129175711913325	0.2676417120837599	0.17391684887502448
0.23219323212838405	0.22495716564659632	0.10129140649889394	0.2676429501694597	0.17391524555666574
0.23219371576934572	0.22495809923517815	0.10129130024279982	0.2676444568673025	0.17391242788537356
0.23219332956999195	0.22495906207187508	0.10129242357895006	0.2676416390516908	0.17391354572749185
0.23219130845735758	0.2249539815959514	0.10129199670594836	0.267647315626253	0.17391539761448938
0.23219678872982802	0.22495777403991557	0.10129129099973067	0.2676410637071548	0.1739130825233707
0.23219678279829983	0.22495346266200308	0.10129171098708752	0.26764513450583277	0.17391290904677653
0.2321919388848856	0.224954747833232	0.10129321419921472	0.26764650401454776	0.17391359506811968
0.23219378863272377	0.22495560337574388	0.10129164165429311	0.2676464090073936	0.17391255732984537
0.23219403884013418	0.22495426863624696	0.10129137727788755	0.2676466733936047	0.17391364185212638
0.23219634357212726	0.22495260423616598	0.10129301589584322	0.26764291281668184	0.17391512347918145
0.23219565691409091	0.22495377050728263	0.10129345037846052	0.26764474375830644	0.17391237844185925
0.23219392757494428	0.22495784452809608	0.10129253702490318	0.2676413565472047	0.17391433432485148
0.23219426535762444	0.22495786570764406	0.10129122477311561	0.2676427197617275	0.17391392439988818
0.2321933942308258	0.22495747566516405	0.10129130948805591	0.26764632016835344	0.17391150044760054
0.23219583189578413	0.22495473416825332	0.1012933233648594	0.26764314722446253	0.1739129633466404
0.23219130589375137	0.22495742019662612	0.10129211743908981	0.2676439674663087	0.17391518900422376
0.23219214323001186	0.2249555213744547	0.10129258615219693	0.2676466750865327	0.17391307415680352
0.232194287285233	0.22495427574335639	0.10129250038219026	0.26764492683837227	0.17391400975084786
0.23219481682540527	0.22495409700345403	0.10129365683518582	0.26764445042312224	0.1739129789128324
0.23219151208276717	0.22495938766974802	0.10129356030142506	0.267641621036178	0.17391391890988153
0.23219451787238787	0.2249541984511101	0.10129165831762302	0.267647662855283	0.17391196250359575
0.23219412709679862	0.22495458992385078	0.10129156575222316	0.26764767302282055	0.17391204420430667
0.2321913630048446	0.22495542956128045	0.10129372778341339	0.2676456960285402	0.17391378362192106
0.23219148773033885	0.22495656392590663	0.10129316025434816	0.2676464572248526	0.17391233086455357
0.23219581536018896	0.2249567730231809	0.101292208892187	0.26764132269218366	0.17391388003225924
0.23219592534639627	0.22495203856150642	0.10129357223126159	0.26764252118990917	0.1739159426709263
0.23219583904008034	0.2249523618478477	0.1012922016304805	0.2676439614178945	0.17391563606369673
0.23219475928318573	0.22495530885134155	0.10129265643728426	0.26764396498983123	0.173913310438357
0.23219555112931387	0.22495274105397292	0.10129331193061007	0.2676427462634684	0.1739156496226345
0.2321961514613668	0.22495433862909495	0.10129106763514184	0.2676459105616028	0.17391253171279336
0.23219357484348874	0.2249572219018773	0.101291318260642	0.2676451311768677	0.173912753817124
0.2321921956684434	0.22495455502032785	0.1012913708534085	0.26764597890774344	0.17391589955007658
0.23219301979552615	0.22495387032501868	0.10129190773825021	0.2676460129793751	0.1739151891618296
0.2321920545939323	0.22495520761600624	0.10129322043644988	0.26764697270167087	0.17391254465194045
0.2321946846026619	0.22495693184669605	0.101292203375097	0.26764494285664997	0.1739112373188948
0.23219527747866192	0.22495370679334345	0.10129245104312769	0.2676442200970078	0.17391434458785893
0.23219208165682736	0.2249528879087638	0.10129280521891518	0.2676489035947632	0.17391332162073023
0.23219192158341034	0.22495736407857217	0.10129258311033419	0.26764612136797844	0.17391200985970462
0.2321946218056691	0.22495614747131976	0.10129350622955675	0.26764178118910875	0.1739139433043454
0.23219252390024983	0.22495834039729046	0.10129377476729153	0.26764344089033937	0.17391192004482858
0.23219302619448032	0.22495392219384	0.10129338627507431	0.26764646682079496	0.17391319851581016
0.23219355833805644	0.22495397743778392	0.10129146748422459	0.26764472334898964	0.17391627339094515
0.23219589991366174	0.22495554103462356	0.10129279900781378	0.26764280232099047	0.17391295772291018
0.23219205768985002	0.224956224567827	0.10129276261328303	0.2676428363744348	0.17391611875460494
0.23219488327255816	0.22495342165152676	0.10129165296174157	0.267644209113684	0.1739158330004893
0.23219327591068092	0.22495953103829847	0.10129128006678773	0.26764329272756615	0.1739126202566665
0.23219406150290023	0.2249535816808175	0.10129371455860821	0.26764648513847716	0.17391215711919666
0.23219255813887654	0.2249587680392561	0.1012916412148668	0.26764502533683676	0.1739120072701635
0.23219440010138237	0.22495815599327026	0.1012917690996186	0.26764442893674734	0.17391124586898118
0.232191979897003	0.2249571569833849	0.10129374838263319	0.26764588373537407	0.1739112310016046
0.23219251789190165	0.22495702846953408	0.10129206976634646	0.26764568943723255	0.17391269443498503
0.23219299321407794	0.2249596889644819	0.10129300850166714	0.2676428531301755	0.1739114561895973
0.2321956441916411	0.22495201074344107	0.10129183496245606	0.2676453409920082	0.17391516911045335
0.23219180957025065	0.22495221659366346	0.1012931303237144	0.26764682532341866	0.17391601818895258
0.23219485355387084	0.22495604102703423	0.10129111448033683	0.2676448066252205	0.17391318431353736
0.2321935053281448	0.22495271606896103	0.10129288731645579	0.26764563146234177	0.17391525982409634
0.23219207340446332	0.2249539316007219	0.10129350589689622	0.2676474150990682	0.17391307399885012
0.2321964017350705	0.22495316774621982	0.10129233321044966	0.2676442233367999	0.17391387397145994
0.23219325667801113	0.2249542427816578	0.1012927205503899	0.2676437452400508	0.17391603474989015
0.23219157419759315	0.2249595183124008	0.10129295566365666	0.2676442391043583	0.17391171272199088
0.23219266847127656	0.22495792669200718	0.10129259092954761	0.2676436333542621	0.1739131805529063
0.2321948022315199	0.22495616421678896	0.10129121721823854	0.26764216180625783	0.17391565452719454
0.2321957070106811	0.2249573619623088	0.10129162146015655	0.26764248710347865	0.17391282246337464
0.23219576498386796	0.22495882283819668	0.1012911910135162	0.26764207805108775	0.1739121431133311
0.23219354121333186	0.22495860863443967	0.10129165729661468	0.26764431664514066	0.17391187621047285
0.23219686183925686	0.2249542606825617	0.10129361585429154	0.2676428314925776	0.1739124301313121
0.2321934049414814	0.22495581273042628	0.10129239026769629	0.26764706529571614	0.17391132676467963
0.2321932345667413	0.22495366553650917	0.101292821060989	0.2676434938715134	0.17391678496424687
0.23219404722635145	0.22495670295544773	0.10129232184184522	0.26764541692738253	0.1739115110489728
0.2321913599215016	0.22495539610955473	0.10129363386261583	0.267643225407948	0.17391638469837956
0.23219489298243237	0.2249560956648874	0.10129293624944362	0.2676410090314323	0.1739150660718041
0.23219217130718675	0.2249536780816792	0.10129203049297558	0.26764609396210226	0.17391602615605598
0.2321955700985146	0.22495776544790852	0.10129383675775668	0.2676415504780398	0.17391127721778019
0.232192296274089	0.22495261486705587	0.10129259304116431	0.26764839958619807	0.1739140962314925
0.23219273750253308	0.2249577334394508	0.10129363207841044	0.2676413565804655	0.17391454039913995
0.23219268121339953	0.22495323561179026	0.1012936967888419	0.26764840294747316	0.17391198343849495
0.2321944513241802	0.2249573723918146	0.10129237093884297	0.2676413203886407	0.17391448495652131
0.23219575712243196	0.22495442197991072	0.10129138641295972	0.26764246454858115	0.17391596993611622
0.23219382277994136	0.2249542551157569	0.10129144185976698	0.2676487066590722	0.17391177358546236
0.23219269390808242	0.22495418629574437	0.10129115921270805	0.2676467088024478	0.17391525178101713
0.23219145561977841	0.22495758572895969	0.10129308568151672	0.26764435076775234	0.1739135222019926
0.2321934808394216	0.22495540411846196	0.10129150771561647	0.26764368515321224	0.1739159221732875
0.2321925377638956	0.22495737058307258	0.10129269508026653	0.2676438435431787	0.17391355302958633
0.23219138742228168	0.2249573196757154	0.10129243184745312	0.26764363786123513	0.17391522319331443
0.2321920367478465	0.22495732004068567	0.1012917083539522	0.2676433795115968	0.17391555534591865
0.23219331029970633	0.22495608894812624	0.10129100652841119	0.2676480169689354	0.17391157725482054
0.23219666558267388	0.2249570262860197	0.10129220082538126	0.2676424800492624	0.17391162725666254
0.23219157342995966	0.2249545114151996	0.10129196820545802	0.2676460929092086	0.17391585404017393
0.23219527444546775	0.22495328761982356	0.10129195720341903	0.26764351655987884	0.17391596417141053
0.23219350608312805	0.2249561587952475	0.10129139253408728	0.2676449665794779	0.17391397600805908
0.23219446354016277	0.22495773804562214	0.10129355763247093	0.26764249365670456	0.17391174712503937
0.23219323411405174	0.2249594869190363	0.10129260395939026	0.2676428375396582	0.17391183746786326
0.23219135001527255	0.22495438562684467	0.10129346743030312	0.2676464315023448	0.1739143654252346
0.23219541525615847	0.2249540740325466	0.10129240525617886	0.26764545270422313	0.1739126527508927
0.23219658482133193	0.2249539498295148	0.10129179118015934	0.2676447422291438	0.17391293193984986
0.2321929480511809	0.2249573874045308	0.10129163958055021	0.2676461213178167	0.17391190364592116
0.23219126066657605	0.22495475027801834	0.10129339727516826	0.2676478147600343	0.17391277702020283
0.2321959700228502	0.22495295099649087	0.1012917724088537	0.267648048138431	0.17391125843337396
0.23219164086530703	0.2249540195423636	0.10129119854273445	0.2676483871250601	0.1739147539245346
0.23219283543832125	0.2249541126546254	0.1012923859731141	0.26764686875610666	0.17391379717783234
0.23219378881239874	0.22495360381069232	0.10129156195071776	0.26764564351096365	0.1739154019152273
0.23219375688064275	0.2249589397952402	0.10129258375247574	0.267643389733637	0.17391132983800406
0.2321923030500166	0.22495492568442466	0.10129184876391883	0.26764878474178005	0.17391213775985961
0.23219271646929293	0.22495606413297006	0.10129307794006986	0.2676460969446466	0.17391204451302034
0.2321920004570776	0.22495813402477735	0.10129379725784812	0.267644371771684	0.17391169648861268
0.2321925740237959	0.22495623651391933	0.1012932940088678	0.26764629655766203	0.1739115988957547
0.23219649158025832	0.22495470814049476	0.1012917585074265	0.2676456856931697	0.17391135607865052
0.23219254575085424	0.22495794418019008	0.10129120516547614	0.26764680919757156	0.17391149570590775
0.23219316905856274	0.22495909086358737	0.10129331139407123	0.26764114306506626	0.1739132856187122
0.2321939094492931	0.2249540029510647	0.10129378553200981	0.26764137753397516	0.17391692453365698
0.23219472627979898	0.22495817575482802	0.10129170821713782	0.26764338705302315	0.17391200269521184
0.23219513677933773	0.22495630753707113	0.10129161689898139	0.2676449852629482	0.17391195352166128
0.23219568712574243	0.2249568359120227	0.1012937447683051	0.2676425841421231	0.1739111480518064
0.23219163593881872	0.22495713346191545	0.10129159933077352	0.26764748843288694	0.1739121428356051
0.2321921282476452	0.22495958478001382	0.10129186101475675	0.2676422180434118	0.17391420791417217
0.2321969436307579	0.22495684029865617	0.10129283359947261	0.2676413584318824	0.17391202403923064
0.2321939219533617	0.2249584039987239	0.10129105132013608	0.26764187281262697	0.17391474991515116
0.23219644464044525	0.22495627855277145	0.10129256545418469	0.2676413284712392	0.17391338288135916
0.23219422420675778	0.2249536661350054	0.10129121286617018	0.26764554042889366	0.1739153563631727
0.23219335024646393	0.22495662627069424	0.10129314574745123	0.26764513857193273	0.1739117391634576
0.2321919650806707	0.22495432643163327	0.1012933563321648	0.26764785462388935	0.17391249753164165
0.2321931540208827	0.22495268363709248	0.10129317683614619	0.26764844396056886	0.17391254154530952
0.23219358748104726	0.22495588443131384	0.10129302274557767	0.2676462812236613	0.1739112241183997
0.2321952910811198	0.2249568349295384	0.10129190539534591	0.26764442710251823	0.17391154149147733
0.23219125608695645	0.2249533674957395	0.10129341041956864	0.2676456876195594	0.17391627837817578
0.23219181451880716	0.22495680115886207	0.10129373566446412	0.2676411764326418	0.17391647222522458
0.23219305789427017	0.2249559037186382	0.10129340565631724	0.26764175150825226	0.17391588122252188
0.23219590726325173	0.2249575352763312	0.10129107197242444	0.267644403284975	0.17391108220301738
0.23219408293837857	0.22495237117049408	0.10129358855684437	0.26764434165026174	0.17391561568402103
0.2321963818816699	0.22495333616668764	0.10129346653035372	0.2676419361577016	0.17391487926358692
0.2321954585272243	0.22495278612115302	0.10129307803691753	0.2676461012534369	0.17391257606126798
0.23219200147380642	0.2249550409286763	0.10129236661085472	0.26764582592289554	0.17391476506376674
0.23219473457037226	0.22495286325720845	0.10129218876298557	0.26764796643033306	0.1739122469791004
0.2321920535492626	0.2249537326095133	0.10129365476941543	0.2676452569461231	0.1739153021256853
0.23219439279650594	0.2249557664844438	0.1012913843840357	0.26764422296687806	0.17391423336813627
0.2321921978439614	0.22495517194524728	0.10129384347749248	0.2676443178154084	0.17391446891789022
0.2321960295983753	0.2249547030304258	0.10129226446281869	0.26764407627487047	0.1739129266335095
0.2321911589299898	0.22495464670719678	0.10129250778202163	0.2676461363553949	0.17391555022539662
0.23219522365527967	0.22495755202748582	0.10129205085244479	0.2676412992593614	0.17391387420542803
0.23219165247719298	0.22495600278840974	0.10129272310467782	0.2676456578995075	0.1739139637302117
0.23219616479866842	0.22495282103776953	0.10129143324948611	0.26764707329139076	0.17391250762268493
0.23219685251167116	0.22495370292036038	0.10129128917152108	0.2676426051295915	0.17391555026685568
0.23219208632512195	0.22495487053858682	0.10129245097073385	0.2676455608952505	0.17391503127030666
0.23219504881843722	0.2249561589638655	0.10129306753161466	0.2676445940967484	0.17391113058933397
0.2321963607626724	0.22495248883759023	0.10129370558560054	0.26764493543885226	0.17391250937528435
0.23219439590494448	0.22495476968297176	0.1012914873106496	0.26764411691457785	0.1739152301868561
0.23219570071051746	0.2249536671566097	0.10129352921221073	0.2676421903081273	0.17391491261253458
0.23219259016233001	0.224957222475207	0.10129141891016946	0.2676421338595828	0.17391663459271048
0.23219435719169962	0.22495972433201672	0.10129122142257838	0.2676432209472822	0.17391147610642282
0.2321919751890401	0.22495525769298896	0.10129247736390642	0.26764420793064336	0.17391608182342091
0.2321919667938888	0.22495733508188853	0.10129234054413098	0.2676431037486973	0.17391525383139414
0.23219181042904907	0.22495936303074282	0.10129297121183904	0.2676423142895328	0.17391354103883602
0.23219238841382295	0.22495332267941534	0.10129259042825141	0.2676460736930143	0.17391562478549577
0.2321920709733768	0.2249567094062815	0.1012930275465071	0.26764258848337175	0.17391560359046254
0.23219157015347563	0.22495963680588937	0.10129290822173795	0.267641143727005	0.1739147410918918
0.23219274389039482	0.22495616463383727	0.10129187450084727	0.2676441430925862	0.17391507388233418
0.23219233547050439	0.22495888387752197	0.10129177766955495	0.2676423103378544	0.17391469264456405
0.23219194292646478	0.22495601439473367	0.10129120929657655	0.2676474463922601	0.17391338698996467
0.23219583107195924	0.2249546576093024	0.10129157357088023	0.2676422626244066	0.17391567512345135
0.23219416017899666	0.2249583547067753	0.10129101320353029	0.26764172539373754	0.17391474651695993
0.23219665850990012	0.22495288085927195	0.10129303066713836	0.26764318743079	0.17391424253289933
0.23219418013656212	0.2249567071925976	0.10129160544381169	0.26764549213731853	0.1739120150897098
0.2321915369440528	0.22495956607782627	0.10129118818533299	0.26764497558398137	0.17391273320880632
0.2321925422835262	0.224956302412834	0.10129201189600444	0.26764680974877675	0.17391233365885841
0.23219485761099085	0.224953234172598	0.10129101910808323	0.267644063971079	0.1739168251372487
0.23219548409722363	0.2249574497857906	0.1012928106030401	0.2676425699443261	0.1739116855696193
0.23219414660431684	0.2249536602919528	0.1012929817973222	0.26764668022221594	0.17391253108419197
0.23219242224042727	0.2249536624094809	0.10129264385800633	0.26764705075948125	0.17391422073260404
0.23219492470546008	0.22495273891303563	0.1012919692125108	0.26764707734798315	0.1739132898210101
0.23219352314525077	0.22495262418241002	0.10129296884327929	0.2676476236513713	0.1739132601776884
0.23219169585439003	0.2249560556523173	0.10129327603497351	0.2676432993794908	0.17391567307882816
0.23219499091624612	0.2249576627399028	0.10129390861465347	0.2676420932425562	0.1739113444866411
0.2321916481066177	0.22495781605468246	0.10129171394242735	0.2676465088208905	0.17391231307538174
0.23219297842199846	0.22495493619912627	0.10129329796756807	0.26764318812059085	0.17391559929071612
0.2321913765336494	0.22495836508079264	0.10129362569681878	0.2676437009700786	0.1739129317186603
0.2321967283203593	0.22495386798510997	0.10129377818465574	0.267643639409495	0.17391198610037972
0.23219284008092217	0.2249560829563588	0.10129100948670738	0.26764398444347204	0.17391608303253936
0.23219291986184198	0.2249583538975476	0.10129104471383843	0.26764314528613276	0.17391453624063902
0.23219237649480445	0.22495539341435394	0.10129223089347726	0.2676434432176519	0.1739165559797122
0.2321928930490763	0.22495731830911958	0.10129205574490237	0.26764192428645484	0.1739158086104467
0.23219347419780872	0.22495993430803982	0.10129317715816004	0.2676419664868184	0.17391144784917284
0.23219105208342206	0.2249567439357602	0.1012936622719493	0.26764362603962266	0.17391491566924552
0.2321915377177235	0.2249589174341759	0.10129298753155286	0.2676439442438318	0.1739126130727157
0.23219678175817138	0.2249526374841972	0.10129367731575734	0.26764147677085137	0.17391542667102247
0.2321956104167958	0.22495228587984675	0.10129325922531822	0.2676424530435138	0.17391639143452517
0.23219100028756384	0.22495795112712685	0.10129284308237614	0.2676469772092808	0.17391122829365213
0.23219150191153132	0.2249559950571443	0.10129245224030543	0.26764588987423726	0.1739141609167814
0.2321910827905331	0.22495338025220823	0.10129115920574056	0.2676482789393513	0.17391609881216658
0.2321924726324281	0.2249535879771309	0.10129298617685727	0.2676456591482058	0.1739152940653777
0.23219307534431077	0.22495242677287455	0.10129212822817019	0.26764683313624693	0.17391553651839736
0.2321952950986188	0.2249524077176219	0.10129219744032814	0.2676448626165834	0.17391523712684753
0.2321969118209678	0.22495772780221485	0.10129186647888568	0.2676417578366863	0.17391173606124516
0.23219149446228426	0.22495464748638372	0.10129101524109886	0.2676476217813767	0.17391522102885623
0.23219178535048718	0.2249560144106834	0.10129196945624579	0.2676456248985249	0.1739146058840585
0.2321962009016623	0.22495280797343725	0.10129157115234373	0.2676458470692463	0.17391357290331022
0.23219283087345471	0.22495227258273046	0.10129162439404088	0.2676465869219256	0.1739166852278481
0.23219275755397908	0.2249521130410122	0.10129300687616537	0.26764582129940023	0.17391630122944285
0.23219326755844535	0.22495335920834097	0.10129271528691139	0.26764640574768817	0.17391425219861384
0.23219507948655768	0.224953121584366	0.10129228588927149	0.26764420679397544	0.17391530624582915
0.23219439718097407	0.2249533003964564	0.10129386037917588	0.26764379706598784	0.17391464497740558
0.23219692647365597	0.2249527493969294	0.10129157503897984	0.2676461156453097	0.1739126334451248
0.2321937357212624	0.22495447995656723	0.10129176442194615	0.26764583792826846	0.17391418197195552
0.23219626697871654	0.22495575392997322	0.101291407875832	0.2676423586198619	0.1739142125956161
0.23219178294987664	0.22495460276158208	0.10129191075849416	0.2676480995035707	0.17391360402647613
0.2321911258800309	0.2249566029664538	0.10129227162363416	0.2676430007741282	0.17391699875575264
0.23219385297477363	0.22495450047955212	0.101292232066831	0.2676481072128757	0.17391130726596735
0.23219126671728624	0.22495481011064383	0.10129348736666903	0.26764631592540156	0.17391411987999908
0.23219676803576622	0.2249539296938775	0.10129215730751642	0.2676455494838912	0.1739115954789484
0.23219158680445567	0.2249550566988651	0.10129362511781449	0.2676433724597711	0.17391635891909338
0.23219378213421493	0.22495786049579933	0.10129282523700059	0.2676430921534141	0.1739124399795708
0.23219602087224073	0.22495676571505918	0.1012919019011381	0.2676415430659445	0.17391376844561723
0.23219132178612562	0.2249564617817663	0.1012934191568996	0.2676450972168989	0.1739137000583094
0.23219214353709294	0.2249579384282801	0.10129271958803486	0.26764527618334577	0.17391192226324612
0.23219373463355925	0.22495681691261596	0.10129261573597739	0.267642257304608	0.17391457541323913
0.23219649432080988	0.22495567594736143	0.10129109799093348	0.26764456673685416	0.17391216500404078
0.23219506592722522	0.2249538241744192	0.10129101910557375	0.26764396291140624	0.17391612788137542
0.23219189510558574	0.22495702385292368	0.10129168648664345	0.2676482318177027	0.17391116273714424
0.23219541636083757	0.2249560843822841	0.1012921334070312	0.26764226036517164	0.17391410548467523
0.2321920405014742	0.2249555342700773	0.10129363444549798	0.2676438174389788	0.17391497334397144
0.2321910664544015	0.22495875930840042	0.10129310024411349	0.26764200148274975	0.17391507251033464
0.23219214980661892	0.22495779126451107	0.10129297234241298	0.2676443334021582	0.17391275318429858
0.23219324114354634	0.22495219559775823	0.10129175189900028	0.2676487353912694	0.1739140759684255
0.2321933575735856	0.22495332392566486	0.10129157800143442	0.2676470269821634	0.17391471351715146
0.2321943833217445	0.2249522232322019	0.1012939509049004	0.26764622192659643	0.17391322061455652
0.23219258863533312	0.22495454303408888	0.10129377141755465	0.26764272117207916	0.17391637574094396
0.2321928716406792	0.22495691121571304	0.1012912641141623	0.2676468832588435	0.1739120697706017
0.23219483302929894	0.22495658401765598	0.10129347440859028	0.26764273789117904	0.1739123706532755
0.23219430692402407	0.22495223234905778	0.10129308466274009	0.26764734978225524	0.1739130262819226
0.23219638953409738	0.2249558655366275	0.10129356181220606	0.2676414259609322	0.17391275715613663
0.23219302618205936	0.22495287784416404	0.101292505781608	0.26764879248845064	0.17391279770371768
0.23219465318263388	0.2249545252499529	0.10129125580501054	0.2676443649498355	0.1739152008125669
0.2321932041841804	0.22495438073022017	0.10129173561631623	0.2676458983498682	0.1739147811194148
0.23219469569645262	0.22495210431038132	0.10129119348627708	0.26764662579162746	0.17391538071526128
0.23219593681492678	0.22495422938145662	0.10129110013391408	0.26764593581468976	0.17391279785501246
0.23219222766107625	0.22495871795091735	0.1012922291283734	0.2676453357270522	0.1739114895325806
0.23219574721329916	0.22495623546200633	0.10129327669827967	0.2676437106086643	0.1739110300177503
0.23219156733394447	0.22495529150334634	0.10129372921338191	0.267648068218434	0.173911343730893
0.2321948890980664	0.22495550494608715	0.10129273463557799	0.2676457350212711	0.17391113629899713
0.23219295093161207	0.22495607012342184	0.1012923689720048	0.2676449480038905	0.17391366196907057
0.23219156769663007	0.22495841831656804	0.1012924740558105	0.2676434150154424	0.17391412491554872
0.23219223519590063	0.2249526903014299	0.10129262091560091	0.26764741802360775	0.17391503556346058
0.23219369190461314	0.22495334124184102	0.10129213707217623	0.26764861036237475	0.1739122194189946
0.2321950624325153	0.22495501578806612	0.10129233607957155	0.2676460500878914	0.1739115356119554
0.2321952807392756	0.2249536503830649	0.10129108898985364	0.26764554984342176	0.17391443004438387
0.23219225277324232	0.22495601539056106	0.10129177237388422	0.2676476244165037	0.17391233504580847
0.2321956986115048	0.22495333883280005	0.10129203951229092	0.2676431671916905	0.17391575585171348
0.23219211374712423	0.2249583943858162	0.10129205396402582	0.2676438357746812	0.1739136021283523
0.23219663023791665	0.22495571626980765	0.10129135273568392	0.26764162223930854	0.17391467851728298
0.2321953183767011	0.2249542207313916	0.1012917777486412	0.2676427995510135	0.17391588359225235
0.23219515078509134	0.22495255133899794	0.10129144332418603	0.26764506252372045	0.17391579202800395
0.2321937765101604	0.2249522697406925	0.10129304298524316	0.26764751414996246	0.17391339661394128
0.23219134746893044	0.22495723336500437	0.10129142722226	0.2676487790738695	0.17391121286993538
0.23219134819452605	0.22495552089746673	0.1012927967086687	0.26764620438869524	0.17391412981064305
0.23219172607071803	0.22495356547874845	0.10129131867150998	0.26764782588764346	0.1739155638913798
0.2321918716046864	0.2249530510727459	0.10129203475178643	0.26764781970659435	0.17391522286418667
0.23219455642796147	0.22495392119643293	0.10129206948099188	0.2676429419648237	0.17391651092978974
0.23219486294814679	0.22495535528350605	0.10129387475822124	0.26764219185203264	0.17391371515809298
0.23219615697215715	0.224952773454769	0.10129308601222763	0.26764595228344823	0.17391203127739777
0.2321928966207057	0.22495571073662063	0.10129385179642618	0.2676460138621283	0.17391152698411902
0.23219176473915162	0.22495485122890277	0.10129187681329356	0.2676476427726466	0.17391386444600523
0.23219467636934865	0.2249545255016158	0.10129301745172625	0.2676411323416172	0.17391664833569187
0.23219572926957005	0.2249578740138187	0.10129139376013258	0.26764123808894447	0.173913764867534
0.23219305013478692	0.2249550463203479	0.10129127154804266	0.26764846395080233	0.17391216804601997
0.23219322364405953	0.22495768345429085	0.1012912093488144	0.2676437709496101	0.17391411260322484
0.23219196169579615	0.22495580657243155	0.10129282946013392	0.26764256399398856	0.1739168382776496
0.2321922191420719	0.22495389693351547	0.10129287256504403	0.2676463925980508	0.17391461876131759
0.23219384127087084	0.22495695902612955	0.1012932860365552	0.2676435313702371	0.17391238229620706
0.23219581018983074	0.2249560887827463	0.10129391415268282	0.2676416852556484	0.17391250161909144
0.23219150980504108	0.22495591223056322	0.10129219461716396	0.2676451687320375	0.173915214615194
0.23219347037105703	0.22495935414721965	0.10129185552865393	0.2676411911493377	0.17391412880373142
0.23219430639769117	0.22495490461436096	0.10129207998101987	0.26764321652858225	0.17391549247834548
0.23219450935946465	0.22495698385963173	0.10129174694313839	0.2676410419175551	0.1739157179202099
0.23219527159424502	0.2249524688918331	0.10129266225305153	0.2676453802247143	0.1739142170361558
0.2321922759860992	0.22495831930687474	0.10129221874669692	0.2676460186269143	0.17391116733341466
0.2321930551676255	0.22495453951095568	0.10129248184550803	0.26764500348216	0.1739149199937505
0.23219114437351163	0.22495586781718108	0.10129159673909267	0.2676471908895701	0.1739142001806443
0.23219346448992678	0.22495272705844094	0.10129336608162527	0.2676487802845535	0.17391166208545325
0.23219242665059636	0.22495761157379082	0.10129244866685486	0.2676448402489681	0.17391267285978962
0.23219292900546973	0.22495399612067546	0.10129385184893636	0.2676432030622026	0.17391601996271563
0.23219577875919378	0.22495758280515038	0.10129268459405809	0.26764272771062714	0.17391122613097038
0.23219293044561215	0.22495673673572192	0.10129393182842995	0.2676422963633017	0.17391410462693396
0.23219349531900202	0.22495728021732533	0.10129176872622273	0.26764504379311393	0.17391241194433577
0.23219379069203133	0.22495432888384137	0.1012920308494509	0.2676469831798251	0.17391286639485104
0.23219210631865717	0.22495581538454207	0.10129240842791737	0.2676468235470173	0.17391284632186588
0.2321924520591998	0.2249529441716362	0.1012937597994586	0.2676439820697226	0.1739168618999826
0.232191020965454	0.22495535137337694	0.10129153367657152	0.26764653019050566	0.17391556379409165
0.23219436757894787	0.22495796986648833	0.10129209728278274	0.26764405517721357	0.17391151009456723
0.2321916609698565	0.22495719865426625	0.10129336309721966	0.2676446384479143	0.17391313883074305
0.23219468717622876	0.2249596275900476	0.10129212811959266	0.2676412968034686	0.1739122603106622
0.23219631472517097	0.22495284053253173	0.10129358782066818	0.2676456459840012	0.17391161093762764
0.23219384681037147	0.22495687193736835	0.10129231949192694	0.26764441995931537	0.17391254180101762
0.23219111127559286	0.2249545777381226	0.10129242171062422	0.26764679528831825	0.17391509398734178
0.23219660165569794	0.22495444565612105	0.1012932183940093	0.2676425956779446	0.17391313861622687
0.2321964392479995	0.224952615172056	0.10129332291540422	0.26764325482945384	0.1739143678350862
0.2321958304440528	0.22495308141297526	0.1012935986550998	0.26764633515867564	0.1739111543291963
0.23219514833386978	0.22495612937680903	0.10129192305537	0.26764511571169425	0.1739116835222567
0.2321925872553523	0.22495751913409867	0.10129328849543447	0.2676418976351942	0.1739147074799201
0.23219649678009058	0.22495713356396188	0.10129268026410813	0.2676417112425086	0.17391197814933057
0.23219275099582704	0.22495438050074013	0.10129293706587422	0.26764491474199015	0.17391501669556828
