0.11197424839816007	0.0869041068904047	0.11020971978971175	0.15764289128160844	0.06908987576199332	0.19172345577048244	0.07140171118873323	0.08078604979975863	0.0342757393863157	0.08599220173283165
0.27100419648185875	0.054660825609989694	0.0871374527548507	0.12232928411949168	0.06910119028905157	0.16756930707645895	0.05688530380802192	0.05142759225344111	0.014108116034508733	0.10577673157232667
0.185039031877608	0.04459501717274577	0.1211561424254445	0.13034785135607416	0.06628599251106948	0.19838094780531135	0.059564290229058896	0.05414311146388378	0.031898143790227707	0.10858947136857622
0.2175870015850172	0.05098536917223824	0.08870412974319886	0.1750062422654705	0.05328852740453428	0.16694522055500005	0.05776425517267929	0.07602200185608644	0.026994928568668627	0.08670232367710634
0.21123986970551598	0.04964258917513051	0.11781449248407505	0.11715827195921079	0.06866584053146041	0.19001382495093339	0.06351860227831455	0.07018668397223554	0.018102463500329097	0.09365736144279449
0.21438507359551992	0.0951790968564983	0.09464041132046408	0.12921111783162398	0.05604871997994636	0.17270385884921657	0.04988566801919144	0.07275811731197088	0.010593822905687597	0.10459411332988071
0.11963452100297471	0.09629654794176283	0.1182017438058034	0.18909406322359518	0.04301301363465492	0.19842771702979206	0.052465365159459196	0.062154601306307775	0.017715247401893536	0.10299717949375631
0.16445698845576845	0.09783530960968129	0.07279861966574777	0.17577536409391753	0.05008737246676681	0.18321095848117935	0.05918435494063168	0.06737420453124401	0.028085427384298325	0.10119140037076468
0.1351053003430273	0.06609544656404436	0.11867973923699716	0.14953319284050653	0.04791825496373136	0.208415542942454	0.053652140494089486	0.08132186257738172	0.03756176584270674	0.10171675419506118
0.093707891960088	0.04130775208638391	0.10804947757460323	0.23916437230589915	0.07045664180134396	0.17012318810159877	0.06599217362654916	0.07409848205843625	0.03442244449087695	0.10267757599422056
0.22368751327328687	0.055997290207861254	0.12686630324841056	0.13058891727887878	0.04625340387950972	0.1634197037479858	0.06538270676493554	0.07393018294250911	0.02414547599963747	0.08972850265698472
0.20944652920578471	0.05260821325796013	0.08448419003305024	0.20783133627905898	0.07269457276628688	0.1590899584992304	0.054610234521932845	0.05343784481885883	0.019277273601350398	0.08651984701648643
0.21176222739569056	0.06772329600095298	0.09801795468406223	0.1353981713736941	0.05429955973946313	0.14674137438211934	0.07317024082845931	0.08379353365342927	0.0260438162495102	0.10304982569261874
0.1219736923712868	0.06020819471460399	0.11752998652536746	0.19166521365842132	0.07239277661049931	0.16295323665030198	0.0645230201132269	0.07848266978005133	0.03660959566524459	0.09366161391099626
0.10966380716849597	0.06622112782456126	0.12288747039838664	0.2385313155975603	0.043304176478498456	0.15790195258871714	0.07169607239560837	0.05486639941989682	0.0334024192881425	0.10152525884013244
0.1549039197028919	0.08862779758512139	0.10136144004582594	0.19651282485863306	0.05812769229062122	0.14595542151206703	0.06370646111761444	0.04854630188241318	0.03405862322553907	0.10819951777927264
0.20557860040745796	0.06730051382057836	0.11061865614494924	0.17546429539349828	0.0423911666100413	0.14465890142442447	0.07219399846340556	0.05286141401536698	0.032357986760991414	0.09657446695928629
0.12957837337484251	0.031305157656116925	0.10828615507257514	0.2476367330981809	0.06514509604535944	0.15430421437151065	0.06865169457999008	0.06562197793640949	0.02623005326137265	0.1032405446036421
0.15635677840933507	0.07800592817067926	0.1291205264767929	0.20054828078900894	0.052291859295803794	0.13939515480015965	0.05821502614894334	0.07119739326740195	0.02822641167241162	0.08664264096946334
0.11015980853688363	0.0947472571080345	0.12449748508838457	0.2259777736729086	0.048218325370532514	0.1542466969996487	0.05931422600168555	0.061040465120479566	0.021501377118268272	0.10029658498317401
0.20859337783745968	0.034749418722923545	0.10296147371122194	0.17129730161875686	0.04846511269958167	0.1622084491772475	0.0600562284223878	0.08594543820874298	0.019830751385127576	0.10589244821655033
0.16514885679935853	0.06450217638927494	0.11679278090928649	0.1932823325662646	0.045429704521968574	0.16440939267849874	0.06793153592954529	0.07104895323818722	0.0217598324779973	0.0896944344896182
0.20357088725058467	0.06038027836349767	0.10272925980107615	0.1555258765850794	0.05309626208271746	0.19586967739543812	0.04986609387954069	0.07404129037845428	0.018420887477564638	0.0864994867860468
0.08466488596718119	0.05679541226063234	0.12418658404053548	0.24765409639994262	0.045995793175192194	0.17429476621803164	0.0634922244894113	0.07805279937887631	0.0347204059204991	0.09014303214969775
0.13115216955714895	0.08230669363150332	0.09620058247679793	0.18275848551958496	0.0666839662222507	0.1629958190438307	0.061307081448440603	0.07762249808051389	0.034774813085650946	0.10419789093427792
0.23536371006813706	0.049541214334050496	0.11513968647819722	0.14662007615404088	0.05108303736920627	0.20113475457706778	0.04834880865378413	0.05521322586691427	0.011193100139387124	0.08636238635921452
0.17688807799208633	0.07689710449819953	0.09329082363491137	0.18023378172035429	0.04793093615530232	0.1626230606117673	0.06869187367289714	0.07645046648902155	0.011527394681805442	0.10546648054365462
0.19115343275937324	0.036633828803540325	0.0891838088053925	0.14396495537727266	0.043348024619538114	0.2136997937389487	0.05838992578902717	0.07978866008348923	0.03643388016925246	0.10740368985416539
0.26003794943625624	0.07635470202237789	0.07419977377096493	0.1620649810711267	0.053555591444553005	0.14695388919418384	0.05867890837006581	0.06426161915219697	0.011288365068986894	0.09260422046928746
0.23941635996242838	0.031728032880856336	0.0798632746276895	0.16027591008250203	0.0628423614664699	0.2126126607148141	0.06116819907882187	0.05424109606748457	0.009508896518429066	0.08834320860050407
0.23052368621617508	0.07828756668964264	0.07965049414289435	0.13366580797958003	0.0709904086291561	0.1502921537361181	0.0507477686411412	0.08556019498962537	0.014388936731293961	0.10589298224437298
0.10855559487214078	0.0844303215951558	0.0936042395666095	0.1840396476571744	0.06278917770715099	0.19517316773277169	0.07169763716238149	0.06583981405752198	0.03722410279839987	0.0966462968506934
0.16239445970082397	0.06729291935323828	0.12021893099782577	0.20336867892362115	0.04425935781911285	0.18139754336935168	0.055839438119870896	0.05089972679275963	0.012591000502054597	0.1017379444213411
0.10737172381734553	0.058074560880531534	0.1287668069605702	0.2508993878447487	0.07038078516903924	0.16401943130294738	0.057472850139201934	0.05225622861493005	0.011066339408267525	0.09969188586241781
0.06458555864277565	0.0910615483243001	0.13002268538800263	0.22042204135893306	0.042525582273020265	0.18706253177052948	0.06342407201950678	0.07645847500256171	0.023463729688122742	0.10097377553224753
0.11280660810873124	0.059731893142407594	0.09914989782920731	0.272246292715466	0.06896004849795011	0.15350090903105496	0.06364552032874381	0.049146242789608156	0.017013447825582867	0.10379913973124788
0.2630997306180518	0.08344762098851675	0.08299105809607377	0.15094651027650507	0.042308428781214276	0.14072095808891338	0.0487935033719678	0.07272217218532828	0.018532764712961627	0.09643725288046702
0.16545271208594314	0.08223581249518411	0.12803930257181634	0.17914892521847847	0.06305211340905004	0.16548864460748128	0.058426355580672745	0.05102425829407435	0.013310668663992248	0.09382120707330714
0.23049227027349117	0.06846689902863237	0.0742408440916666	0.19001305130215357	0.044401156031471246	0.15524311915937225	0.05658531016264561	0.06504324613732104	0.022310870565384375	0.09320323324786155
0.1622650998910396	0.0610190436697557	0.10527128980139812	0.20711603413050902	0.05644078912107117	0.1550098475928119	0.06788070259509636	0.05324904174596427	0.031774073566872854	0.09997407788548089
0.12414715914441596	0.0947626311248554	0.09043346409592457	0.18857049327006292	0.042131579731741975	0.18416807725297696	0.059030008676246734	0.08426563301592813	0.03665312240148404	0.0958378312863633
0.20093546933299283	0.0964610073903393	0.1279469758856783	0.15601303521309162	0.0511406952228902	0.14000691980052682	0.053481940001465986	0.05389424394210151	0.026368779027497374	0.09375093418341589
0.23560581224956928	0.031298772532115396	0.10576098231587104	0.13203009235485202	0.06747667497289608	0.16594562166628998	0.05798693142776574	0.08027748661165518	0.023471257687163224	0.10014636818182186
0.08535207667057625	0.09758556252440315	0.11125537107835119	0.20070494491093754	0.05480465223411524	0.18064526655810403	0.06557488879338791	0.07425933162350845	0.023081925932833508	0.10673597967378268
0.1681539651967653	0.06660016184477141	0.1279892496332972	0.14812242608830387	0.0487881197650299	0.20782990175963453	0.055431299608427985	0.04886015417344993	0.03578643528062432	0.09243828664969543
0.23773541942975374	0.07843356024180088	0.09162388174529344	0.14115183744577692	0.04806750130109805	0.1469196851217393	0.05736681523196608	0.07022802250942772	0.030956919092742313	0.09751635788040142
0.12831474311785696	0.0367274927790444	0.1258484525095508	0.1996873757141525	0.06949167084278271	0.17932815779487177	0.07238847635155256	0.06201362945388603	0.03187734798805156	0.0943226534482506
0.15229559488350114	0.08057161956792791	0.09427656121997338	0.16633648538240775	0.07197016093996209	0.1699534244339604	0.07223058327327159	0.06023684374514434	0.033832698755330376	0.09829602779852092
0.3034530601402025	0.032301242579415315	0.0986106885870824	0.11071274870766379	0.06483229946370281	0.14834717765316632	0.06302973076006521	0.05767452943627541	0.02698197695424899	0.09405654571817698
0.12526866700670905	0.08120162193820862	0.1049990011775681	0.1945778969616051	0.05821067807480696	0.19220233357279104	0.06151336684526963	0.058122063411204114	0.017264419355832436	0.10663995165600487
0.17069872621345938	0.08497461717532637	0.09393547626761559	0.13372229019942364	0.05074402448326222	0.21469669527765553	0.06842612431651483	0.06799699376214496	0.012173760665872488	0.10263129163872488
0.1608702688209431	0.09834335837346768	0.08354039273128315	0.17822788381968038	0.06718172961480581	0.19350515767329513	0.04821212492903684	0.06227042568771778	0.010355151144905372	0.09749350720486463
0.16328697695183736	0.08817417390407874	0.09712604985870574	0.1730711625152923	0.04971722254852282	0.14501566871304059	0.06487344614963965	0.08443734356100915	0.03253835386680912	0.10175960193106443
0.14098896956098922	0.07157188542765201	0.07594929581325925	0.23723079977140826	0.06297607680327408	0.1568384248586156	0.05334390576256728	0.0836056050684727	0.027867613825468762	0.08962742310829273
0.14722596439072994	0.03253094835871706	0.1108534644982661	0.15708466315426645	0.06685622691957165	0.21445163328493444	0.07098530270784213	0.06910649667220475	0.029673831735235287	0.10123146827823207
0.160086232057225	0.06074474980361869	0.12413602614794778	0.1759791615525872	0.044839600773495	0.18798804553255072	0.07208768739878964	0.049218580365272775	0.027885806017172804	0.09703411035134031
0.23800434050973585	0.03962940363553757	0.11556312630252277	0.14500481689245606	0.058215314867148364	0.16469475626056398	0.0597473261530909	0.057575339545414966	0.0250388792425162	0.09652669659101312
0.2652810749945923	0.04447194120756204	0.08756198378332038	0.12133960848150485	0.04797545304171197	0.15832113151172506	0.06666961394820395	0.08187686395046131	0.035076604828490565	0.09142572425242737
0.3145484555487431	0.06443905422133074	0.08366111193966395	0.10986774365714293	0.04254220300507164	0.1513981143016327	0.05842532413014838	0.06560063185308766	0.0096996443527919	0.09981771699038672
0.18530722212372505	0.06101183431711018	0.08031136012007815	0.16910308537548444	0.060184144133759616	0.16675049704235137	0.07167688931402781	0.06657243878604718	0.03353350876330234	0.10554902002411369
0.1382672515894667	0.09618371544810779	0.07088701229055545	0.14744313631446793	0.06043424764909495	0.20358774119861364	0.0687552616338848	0.07610608163713503	0.030768602696510855	0.10756694954216277
0.12082034269900258	0.04072189550627441	0.1184805057428144	0.2647665084820826	0.06199509589584731	0.1445793411479182	0.06257788882844276	0.0511203339801431	0.036309679953679425	0.09862840776379514
0.21276074660098912	0.07059213828122053	0.08065867416733778	0.21660475579560678	0.04942300431502869	0.13901709683687255	0.047469357319138795	0.06761197576128353	0.012986503813646313	0.10287574710887576
0.07984688429233086	0.04155971664375642	0.11199211781646215	0.2528032463538468	0.05773575229619691	0.19753094532742077	0.06298720165128753	0.06163657906114951	0.029585751854421083	0.1043218047031279
0.1419719458835148	0.04433396566536332	0.08588688398782338	0.21681989567538199	0.06246505975476735	0.19056308731930854	0.07039940669556152	0.0667658247532308	0.02718376407478003	0.09361016619026817
0.20262168716955983	0.08283257860387816	0.09457435216675573	0.12570580110069945	0.062401898739904496	0.1682190563957825	0.07226671389178735	0.07618863376363641	0.02767642511087265	0.08751285305712324
0.13261560076500545	0.03131430096323236	0.09716917582083746	0.21347198978732343	0.049342360717727726	0.17861096479648947	0.07273845557676392	0.08331668389926739	0.03581742889501603	0.10560303877833668
0.13825545729109334	0.0893876857031445	0.08818708693404263	0.20609121781408468	0.04776762525397885	0.15835537830996516	0.07157889031489052	0.07017951551149434	0.02385791175261756	0.1063392311146883
0.15221877087662183	0.09145612655613682	0.08015370936005481	0.15959482970853836	0.06656000519789126	0.19833808939081113	0.062453556394701744	0.06904120851985093	0.024298693542553457	0.09588501045283954
0.07850971520123473	0.04397476988765669	0.09968371321515326	0.26970417911264016	0.04899179974709315	0.2104047924033834	0.04836501603144946	0.08352332307590618	0.021918481941110943	0.094924209384372
0.23299226733517947	0.07215182548196224	0.07684501754074902	0.18853695373362778	0.05133525020899042	0.14290197589172104	0.053099925138683626	0.06428465147846701	0.031265331789399955	0.08658680140121926
0.09348164754736236	0.06334729630598682	0.13011180831391783	0.24330746615502408	0.06429495765656121	0.16781972399737444	0.06006525334292354	0.056446161987843996	0.016371973743535745	0.10475371094946995
0.1328826320078843	0.041802908406225775	0.10835973510462034	0.21773379155428593	0.0418501729110107	0.20187494747981652	0.06109494293382123	0.06221326161244886	0.02981163460690478	0.10237597338298154
0.14962829917814802	0.08368513401767354	0.11889759363137083	0.2046185889245422	0.04940104860030822	0.1551520220495744	0.05579753646370649	0.04711329439705043	0.03690753864670758	0.09879894409091816
0.15397208316227579	0.0480359068038684	0.09761823914081265	0.2540561790472857	0.06038743661452419	0.14373316076093595	0.04851959198203914	0.08791613142804178	0.011959284669718143	0.09380198639049808
0.24026175749192036	0.09636573636275718	0.07937511933539752	0.1101861891122824	0.0542344396441438	0.19784129788580945	0.04846357395315787	0.07346026954083935	0.009123600170835938	0.09068801650285588
0.1761588038969524	0.06478603813752719	0.07272930274364234	0.18155892998932116	0.05592640690262132	0.1555555829402835	0.06445245076344983	0.08478076797865189	0.03564543818449299	0.10840627846305724
0.18414204501981857	0.06265266023198574	0.11508367440664703	0.17518887104273576	0.06695882177299087	0.1616406611086179	0.05153227376505921	0.05922885608268676	0.02047042266878686	0.10310171390067119
0.11873244043095818	0.0411169564629733	0.11578123881203242	0.24019804411565315	0.05452666280195431	0.1697225657528718	0.07243983136812719	0.06271600542480349	0.01747128861625792	0.10729496621436815
0.23941347677843844	0.03357217835775368	0.07605824924514434	0.15001390037772336	0.04312325130597343	0.17933358315550024	0.07008056080238503	0.08591379020913928	0.020567381513719327	0.10192362825422269
0.08658794761881355	0.08672072863798223	0.11537348993065245	0.22919908210059864	0.05688587323255573	0.15692260345658463	0.050610225207297285	0.08311355384811492	0.030452358855842826	0.1041341371115577
0.16505757032418691	0.03363550018988626	0.12976211452801864	0.20534037461220717	0.06207867919105691	0.1672273579392399	0.0709375709205805	0.04850380238693838	0.031142038312187134	0.08631499159569808
0.1812118417738988	0.049095235802787504	0.07515886714374509	0.20248736908495335	0.04617724949964238	0.17162114363685305	0.0631267166873967	0.08753039125592865	0.02922344932347902	0.09436773579131537
0.23201753993381624	0.08256776290212454	0.08395930205415796	0.13059016463360354	0.07154794964011747	0.17844413546392138	0.05751474633596743	0.045430400527069606	0.027295764662596284	0.09063223384662528
0.1840296978993835	0.09713987142894374	0.09467177935104928	0.15608373031769732	0.056516314728147735	0.18020305191623046	0.05086076038901616	0.04800987165731619	0.028367102060028918	0.10411782025218652
0.18280831399461434	0.042964226200528664	0.08299466175775261	0.2129091013192802	0.06523436399106489	0.15322940357584142	0.05118220405044003	0.07976623347924053	0.026581176617527874	0.10233031501370934
0.2763085684533549	0.064875267090467	0.0788962760424019	0.11694655557843094	0.06917702178279053	0.15823928082179983	0.06745307155034604	0.05318522121396886	0.019683125517027777	0.09523561194941202
0.22075570801898708	0.04759093899729277	0.07337427968466054	0.15533063468444874	0.05952528394848337	0.16920425224166785	0.06543230347576165	0.082545443034922	0.02489014935540748	0.10135100655836837
0.26743646588753084	0.06823245203935996	0.08011724487459432	0.13178821223055467	0.05118721755083062	0.180383663026229	0.055033029157207834	0.05052100372691972	0.013911796250021383	0.10138891525675146
0.264520712043857	0.035207739429967286	0.11706654139502151	0.1651244131985373	0.05018933657312629	0.13872455907389464	0.04983283061050637	0.052677986651681774	0.034302930216950425	0.09235295080645708
0.14231777581913188	0.03641528619667102	0.09316386934325838	0.2397166064461258	0.06377448762210855	0.19490798179337315	0.04842002796897193	0.04573724629232036	0.028850287835493094	0.1066964306825458
0.15566299743517542	0.0443045147287389	0.12206880576659561	0.1928476479602722	0.06473622227932671	0.17118762848983204	0.07312843908041392	0.07436748462183099	0.012619381503691199	0.08907687813412286
0.06669901475726261	0.09059531792234343	0.11721984474535842	0.25421530836913303	0.054534665134880214	0.16826719668800755	0.05181136719199382	0.0676098946505779	0.037769276576063396	0.0912781139643796
0.17189919114865254	0.07778890628129642	0.11455854044470493	0.11479857226263708	0.06338196914039218	0.19245612363529885	0.056439316232113075	0.0733133589775808	0.03436784542615269	0.1009961764511713
0.13548737685345874	0.03220176905943818	0.11430389522708423	0.2398020465646501	0.05631948360983108	0.17216642141516322	0.06121677662959476	0.05612059848688861	0.03167299869554224	0.1007086334583487
0.08859518228435562	0.07101490358433812	0.13060052479973186	0.21810729561438214	0.06331536584435887	0.16606919813811602	0.05853945634326596	0.07625691927218604	0.029740824942826816	0.09776032917643851
0.10635523448498754	0.051123734654101416	0.09880817983603869	0.23380113941265868	0.06616884382882773	0.17159597540768728	0.067780872002789	0.0768817810507272	0.022287123718977245	0.10519711560320517
0.20530670753905864	0.08290937700109074	0.08845714608302359	0.12245943924850702	0.0481722303136164	0.2030863803961772	0.0672308780559103	0.061521000308774006	0.016596268112753443	0.10426057294108852
0.09945498840502243	0.08793473049795962	0.0971167057198001	0.23952476503834247	0.06513311544049316	0.1713843139830153	0.07162732620206536	0.07092501091930695	0.010883732762245843	0.08601531103174873
0.1690118877366233	0.059612438909226594	0.11445428463650123	0.19441254383696963	0.04639837712472015	0.17837362273131657	0.04943141018564015	0.07349479326016573	0.022699427199239605	0.09211121437959692
0.1845134523551439	0.08893547432485557	0.09925752247560879	0.11783477412826317	0.059293415795759356	0.191190630991041	0.06859716272838925	0.07319212441528827	0.029517227681694513	0.087668215103956
0.15428506935650815	0.0519629642467873	0.08684591328872825	0.1795822461505336	0.07135515187569672	0.18815355340228931	0.07164672325236777	0.07303587719595114	0.02638904152342772	0.09674345970770999
0.10373173879379431	0.09907574447475162	0.07346478556670803	0.22676424371989473	0.06255048497177625	0.16269471455512932	0.06700529871276775	0.06697532333523701	0.0293308678335001	0.10840679803644082
0.12869202749426012	0.07741709242846466	0.09664252601442919	0.26123970820716363	0.05380021857191142	0.15000604483281704	0.05900274428057327	0.06477856385175679	0.019784053795585066	0.08863702052303875
0.20224803488706117	0.06451075283479363	0.07300008055959223	0.17324024159557128	0.04823800282779026	0.19380587910330566	0.06995338668087753	0.06266676517033373	0.015364379045808257	0.09697247729486608
0.08390632746569135	0.09612740673497007	0.11643515291671588	0.25975362914712113	0.042412937730695086	0.13903381180277857	0.0611267192928268	0.06428664173511439	0.03327707410283047	0.10364029907125619
0.15550706279016713	0.05868959960935353	0.0921306395680669	0.2455408358030371	0.04843262806257147	0.14740089437912968	0.05137791052943399	0.07901660049274561	0.016604046960714977	0.10529978180477947
0.23272032881384164	0.037113777487029875	0.10548433173293453	0.1688027875556955	0.06293092415317217	0.16608813121327293	0.06004468960333218	0.05031077709331739	0.027908024598765666	0.08859622774863786
0.24075748731470403	0.05324560879469907	0.09974917462167882	0.16550438358455616	0.060350180525174435	0.1414777882618932	0.07293546124061481	0.050033805399450564	0.02355731030163781	0.09238879995559084
0.2346783758103741	0.04964065544404527	0.1142279990641705	0.12706976630422512	0.06497927601802125	0.17654290093493083	0.04763302447563533	0.06346640763734243	0.03381941898613078	0.08794217532512418
0.18592486941242625	0.07205395297070027	0.12496218715188126	0.1679884240798682	0.07147264597808664	0.15212576350025306	0.050059420695159694	0.05343432568100241	0.016157378163092873	0.10582103236752921
0.11708344777023524	0.04061292467481773	0.12275468238624668	0.2652651483892614	0.0640033481934516	0.16694898820798393	0.05455917235499426	0.05957240455298274	0.0146314922564829	0.09456839121354338
0.1224112437467152	0.07878713516196253	0.09581445552643365	0.2143806462554522	0.06128311170836021	0.19970196605198193	0.05672940767044372	0.05985830680001738	0.014926133706498007	0.0961075933721351
0.12629093397340702	0.043741866449181495	0.1095748785143211	0.24551820330848806	0.04857042622817389	0.15508074472569422	0.058943790664063266	0.08022870911179804	0.030734092666059226	0.10131635435881366
0.14063829793741395	0.09685207391902594	0.09803877948612745	0.18328293558311048	0.05015105164484336	0.2016185469109312	0.06174404765848369	0.045938173643948726	0.018054864158250514	0.10368122905786459
0.13300368806993168	0.0786225645882086	0.07266433901023284	0.2584392368736083	0.05345684126734653	0.16782491930287194	0.06814759291579672	0.057117909279238675	0.020723665047824552	0.08999924364494007
0.14907944180605656	0.05445084144963576	0.08385777102765671	0.20229561334899387	0.06424530038087614	0.1946937861771424	0.05529342855552606	0.07312882094676593	0.023084155580982646	0.0998708407263638
0.1472250360118641	0.07504997847699882	0.10516703230481474	0.16890477676221993	0.0689471833518649	0.18592391727768817	0.0489862923978326	0.08513976910672405	0.018284181483782594	0.09637183282621004
0.09231606826678491	0.06295070080830259	0.10915773898576037	0.2000585554410611	0.06656815899228605	0.21457268616931113	0.06549948105004025	0.05876115217122252	0.026408769221105313	0.10370668889412568
0.15739725750728722	0.043085793689699475	0.10876074058449775	0.19450391097480463	0.06996665686992748	0.16376477761486977	0.06553442988934643	0.06153489200361837	0.031068930027559713	0.10438261083838898
0.19139680607241602	0.08942449855200164	0.08794948977485395	0.1301708238082167	0.046018788957452796	0.17368603253029663	0.06211034440088752	0.08137939127133365	0.036795164749532844	0.10106865988300812
0.13737110905298683	0.06563894353620392	0.09571826975555987	0.2646324312270766	0.04790241586528547	0.1387994547259496	0.05546546806592902	0.07986248839426813	0.01027194161940212	0.10433747775733841
0.15147392071255145	0.060338851436241465	0.12233431650905179	0.19466385166154815	0.061532024609900045	0.1649482970240293	0.06684166283472891	0.06853425007855225	0.018920419333489563	0.09041240579990698
0.10270893751360072	0.08573142948716453	0.11894298017310756	0.2088143543261061	0.046751183060260895	0.1802245060918229	0.056454979578546394	0.06382848503329594	0.03602393706862979	0.10051920766746514
0.14095294764527844	0.03409683718995518	0.08872210955391968	0.2554674661601151	0.0712896641130305	0.14659457459590208	0.07286858940396525	0.07861784844693522	0.021720621613907268	0.08966934127699118
0.27079422488278526	0.03739482554226284	0.08473744749253383	0.11874367499196656	0.06208702243562026	0.18695024664934343	0.04897066859016962	0.04765630360377502	0.037826713471597655	0.10483887233994528
0.2087699837691661	0.054564916095111674	0.09307070513042312	0.1882237584674306	0.05229970390701795	0.18375267143235202	0.0511395080064779	0.05942841261630033	0.009934466510298362	0.09881587406542178
0.22163336664246958	0.06827063091433419	0.07126956598386347	0.18802698015838462	0.04989265020182697	0.16949551406962404	0.060327716133403285	0.05651206066378497	0.010866330701507165	0.10370518453080152
0.08695666076074555	0.05616569734027447	0.11096891084607764	0.24880974571441766	0.05266633981984115	0.18414395878813933	0.06019802756529527	0.0878048711622529	0.021003293450551616	0.09128249455240439
0.2096014317619479	0.047887979575781184	0.11582805343418454	0.1658615123770493	0.05578462625528526	0.16470707771372128	0.06156354511728948	0.050056188776057435	0.029949479931013212	0.0987601050576702
0.1976107702210338	0.03417357143572694	0.08464700643385498	0.23609141499373493	0.047192880725522676	0.16639706999910905	0.05556104035683884	0.05760550254211576	0.02980534984514907	0.09091539344691382
0.24270916614664018	0.06641696181312512	0.08238781289436842	0.14349649314023089	0.07111968667971902	0.1561075000840665	0.06440319689052795	0.0714372608847024	0.014470940900332033	0.08745098056628735
0.11267211333865619	0.07101174291846524	0.1262620520528243	0.16935693007276797	0.07056853563865743	0.20175581625653805	0.05365481758185098	0.07538169514517443	0.028915389354259816	0.0904209076408056
0.1183225124270626	0.06916775589453444	0.12294817553107475	0.23138789886079686	0.05673525138266744	0.16340358726124052	0.07131567696978297	0.05522906475920835	0.009358635665362533	0.10213144124826949
0.22591984943950777	0.03967782412451096	0.12399720301531156	0.1375837516538856	0.06295118691721399	0.14703099101463435	0.04990140871377666	0.08076419612639331	0.028111694787451194	0.10406189420731435
0.19919656624807694	0.05200962445118183	0.07411238355608855	0.15233128776158533	0.056825669289894895	0.17446731590255232	0.07181880514370896	0.08913427442558827	0.027801053978645476	0.10230301924267725
0.10815781678078096	0.055957048873389106	0.10324240507932245	0.19427050590682599	0.052693203127312085	0.18522823005734584	0.06878887114160609	0.0864641975194891	0.037656547213252435	0.10754117430067595
0.23198348761003368	0.05038654375580141	0.07883320505657693	0.1898504634099622	0.05735560260790615	0.1535981993977931	0.05696246825538377	0.04908719110213025	0.03598693460260664	0.09595590420180566
0.11095063017495481	0.09098968065130951	0.09817356902059243	0.23203640174718532	0.05801392902762742	0.18413052861646376	0.04813134357243778	0.05949883669718307	0.026991200114196784	0.09108388037804907
0.1138372167338704	0.08807141586574008	0.0974292919069636	0.20767738425431798	0.06770431760730485	0.18643860474710255	0.06120672002980518	0.06809058461143808	0.01979755131218909	0.0897469129312681
0.1760730654262221	0.05055711055504055	0.11951019866157254	0.1395149267644769	0.04300511168706069	0.19126234232632963	0.060418901856681216	0.07935353820698565	0.03346048533512176	0.10684431918050882
0.09612521543064835	0.08011673219754906	0.07551619195772988	0.20638858689812256	0.07016898679128589	0.20247028646200904	0.06856507595779615	0.08524316656502323	0.010106633447067054	0.10529912429276879
0.07976245046807	0.08581300672724498	0.11872736412898141	0.20574644213558024	0.05168767445739476	0.19819552247878636	0.05744743010665827	0.08150702801208277	0.018894230679734336	0.10221885080546683
0.13846753399245393	0.05759057059415156	0.08231262297282857	0.23638469114261162	0.04452293171188511	0.2070534576609267	0.05481633329779596	0.06429361679508219	0.02724515007314908	0.0873130917591152
0.09507108283421394	0.08232941223603638	0.09909086521402993	0.24514777619034533	0.04785180570586833	0.18447970823350032	0.06768535981124724	0.06003401762667687	0.02882899270697191	0.08948097944110975
0.15037353504331302	0.05377273044049461	0.114599582849481	0.1928856698383939	0.06628580734820139	0.13990412223319063	0.0692706926388371	0.08756257152161898	0.026767308056663608	0.0985779800298057
0.17333406340357682	0.09445734058533964	0.10433588176251979	0.15320167324790024	0.05909651657927649	0.15808088592107714	0.05636533919751326	0.07817858555612883	0.019963558948523183	0.10298615479814453
0.18438482350656976	0.08934493307196321	0.10043814970876398	0.1549782290387798	0.04579524635194704	0.14822941974619724	0.0674478392121746	0.08301547636106509	0.03810948797510584	0.08825639502743327
0.171057378374177	0.036999412452722494	0.08247530608208871	0.19798297445276108	0.05680465886817435	0.21375507141934463	0.0709002859188415	0.051439826691450335	0.02676523312755505	0.0918198526128847
0.21580816720664264	0.07655748123612874	0.11547285099271687	0.1354109825858838	0.061954575942895974	0.186085116117489	0.051759200294449546	0.04848502422730966	0.017068983507209562	0.09139761788927406
0.20246696802266312	0.06441302515578712	0.0745667995704264	0.216333992612595	0.04300161976825622	0.14220808560643441	0.058110491645561535	0.08387747796712847	0.018617498844536257	0.09640404080661133
0.12403671304415527	0.09288245292647843	0.11850200712044498	0.13492998070509338	0.06493169807476154	0.19754659561330307	0.07058555536699454	0.07569267696585276	0.014282981347652754	0.10660933883526319
0.21092427913582507	0.06426195134365613	0.09494213661871853	0.12147839153189346	0.04774200223943864	0.2043935801449513	0.052140680788902535	0.0852053877410153	0.028538778716642565	0.09037281173895631
0.1847323491852555	0.04825205118206308	0.07241637363465361	0.20749208833155797	0.06315806656342149	0.20215882373748534	0.060915121648894746	0.05447789915540188	0.01872090971861186	0.08767631684265431
0.08029446654997366	0.08785879732985759	0.07309272022565955	0.2571957326876919	0.06611183444506755	0.1918410766573368	0.05704048095705541	0.06236359495208869	0.025257048399082896	0.09894424779618596
0.1339146029339079	0.061593811400932924	0.11917943368456703	0.26655105265103535	0.04477532697854898	0.15680643570535555	0.06212615841490034	0.05110305269639116	0.012651750871314718	0.09129837466304598
0.20252531032955878	0.05116150489204642	0.07145814628210025	0.2149319041223216	0.05226128998045244	0.15993215318815285	0.05980073283486704	0.059186951544861525	0.027718315938600135	0.10102369088703875
0.21060185880440008	0.04430470877149509	0.12566547848765042	0.1446991597158891	0.0530979047586961	0.18196334197033473	0.05857738180523104	0.05276695739958248	0.027857480097087883	0.1004657281896329
0.13131078067451354	0.04803116074655259	0.09252258029325611	0.27232937530307244	0.05173554576769586	0.16808169272907197	0.06583195449702176	0.04539936668050383	0.03400364585145996	0.0907538974568518
0.14047530910813075	0.06800235586773731	0.1200482479608026	0.17803961373450233	0.0704272673680795	0.1845619355880258	0.07114474522953296	0.05658083079415414	0.015700716186856922	0.09501897816217757
0.2618751770773663	0.058951500434810365	0.10305403549820692	0.10647202946610584	0.04971633604219816	0.18315728231836456	0.055596981325163976	0.06501674576695501	0.023198791523178316	0.0929611205476503
0.16949089462966657	0.04004413886353857	0.07182480722300964	0.17680590978914307	0.06046559583169782	0.208676535846347	0.06285953368678109	0.07411177668969304	0.02968881591177258	0.10603199152835047
0.12286094532635543	0.09812971298277055	0.0929441541519356	0.18209744470867212	0.050499010385624175	0.20977477496740243	0.06059632253336594	0.055234072520693275	0.027810052005594527	0.10005351041758584
0.14909921022605144	0.09546548654507894	0.09498885774051036	0.17057663263890369	0.04802997546153295	0.2080648400514442	0.060001168514862646	0.05003801459216545	0.026486590530688997	0.09724922369876123
0.16282405935484512	0.07640395082816472	0.1280993795343835	0.1662911529283075	0.06898865049371042	0.14618903603331604	0.061436841572190704	0.0784799900821532	0.011565696591832125	0.09972124258109659
0.23483354175688986	0.05400485733644412	0.11291806534650341	0.16738652287107786	0.047753036757885316	0.14212142768831593	0.058805135155576144	0.07195572393194816	0.023198741487212293	0.0870229476681467
0.207742568363165	0.05747203330063863	0.0863162554893292	0.21356041935909661	0.05938225930859826	0.1430156719249914	0.05988703788330748	0.05366296816063273	0.022040361493296412	0.09692042471694409
0.17535030075970343	0.04869781669245142	0.07953355554671308	0.22686437390872666	0.07054560860333506	0.1776223353995547	0.05483603379859292	0.05731809622209512	0.012314662104914983	0.09691721696391248
0.20346236390240896	0.03245820908848711	0.08594793666125532	0.2064567139921487	0.06401571436963735	0.16596882836923332	0.07166922200758513	0.06540261840238257	0.013068324360783076	0.09155006884607826
0.21578134545464384	0.052807131774734575	0.1005100930568511	0.16283613142000997	0.04449515630643783	0.1859126921110153	0.061517808876438346	0.05622793162008034	0.01973797600858035	0.10017373337120816
0.1288552001234173	0.09005917352452349	0.11660551333716804	0.17583018514218735	0.0632461013346273	0.19394841822340164	0.06075070808710527	0.056674971042342925	0.01985683589936013	0.09417289328586652
0.18290069530673309	0.054660430475946896	0.10726712259743641	0.1563188897036383	0.058468834731487375	0.1992074815398861	0.051977090342824266	0.0532952482900079	0.03285876001399435	0.10304544699804517
0.25281437618129454	0.0543559987600077	0.07546525026208034	0.152070060232614	0.05518696103994336	0.15110017604572085	0.052970733782122345	0.0723962142335162	0.03212742123152758	0.10151280823117285
0.26479656420578085	0.05584773009596998	0.08114941681011988	0.14052386237976244	0.06633315017552728	0.1639790818883456	0.053498131008490935	0.05801978150944202	0.01893595317154874	0.09691632875501208
0.17745787182469586	0.036012690037954376	0.1026142428117712	0.2023901059959983	0.06007091450578977	0.15085179741124619	0.06045141172793454	0.07207037663572896	0.03231776886360642	0.10576282018527428
0.1879630816495762	0.060435876735234845	0.11368493432669545	0.20946956508855435	0.061372781196989565	0.14508690045222697	0.04916311522641024	0.04987594272499904	0.02416565561052271	0.09878214698879048
0.1834841656140573	0.07189998491801988	0.12263834957802387	0.13456359041218263	0.05124152580659659	0.1791441168002355	0.05308971101896873	0.07758073566560199	0.036241429568229205	0.0901163906180841
0.2620192152924609	0.06927468750150881	0.07567799521201754	0.14714670306912717	0.061735525705561504	0.14160342655944158	0.05280486269250966	0.07765630089563033	0.00939005086621264	0.10269123220552964
0.21643908908692022	0.08254772650629105	0.07474819707466121	0.12225673433229997	0.05756332071649138	0.19396142017037807	0.06984869536134083	0.060361072868269756	0.03623270796818538	0.08604103591516195
0.27426271350677983	0.034052489668864455	0.09469098538578427	0.14538336960405862	0.0449799684453433	0.1439289347349555	0.06625321366077107	0.057888751100484026	0.030982232194670292	0.1075773416982884
0.10839220325881124	0.07483914044380063	0.08694450971670538	0.26743522015172017	0.05104579590299494	0.15051724694171048	0.06130578166443229	0.07967499497649543	0.012160636354893353	0.10768447058843605
0.06914444787520474	0.096041834582619	0.12090984421814593	0.26728537335517555	0.05684784235705295	0.1554634414943381	0.0502665591679131	0.06511232503755712	0.01981828815227167	0.0991100437597218
0.19426356661868796	0.04744887306561446	0.10262687839517959	0.16055033354259599	0.04214939840124169	0.19124328108739025	0.05394442707619823	0.07687809382305273	0.03404588785765822	0.09684926013238075
0.1493182965152105	0.08212810052122997	0.09304333277583475	0.18285796724382392	0.060246518106016736	0.21510437034306715	0.05696307019398613	0.045111230043877064	0.025645024145207418	0.08958209011174631
0.13406455395200495	0.08084448199865295	0.08809788271248122	0.181840413359379	0.06930552007002871	0.15518676332405892	0.06888163603727426	0.08649319787217079	0.03558340056037561	0.0997021501135735
0.1481292931464162	0.06930538426438934	0.07762168095911529	0.24926548836418078	0.05075787471807436	0.15543325418862425	0.04978364783807115	0.08111080248588376	0.025539012448091453	0.09305356158715328
0.06616422128669504	0.09858018854511806	0.0968984373911208	0.23237296180950884	0.05929366484869716	0.19312049987620128	0.05825053491527408	0.07743111443892339	0.0228466985130618	0.0950416783753995
0.16010237599128777	0.06641126632375799	0.12672968666302387	0.19501296556843004	0.06919191166811717	0.14676409034442364	0.05148817675175336	0.051483933727844135	0.03279403252993775	0.10002156043142413
0.14703092704449666	0.040088508178114185	0.09178725549567954	0.16976480629469373	0.06861994324859746	0.21004534696239224	0.07021591118642519	0.08299652079947874	0.030879329054916735	0.08857145173520539
0.08090787017806728	0.07276203882463539	0.10929068453818067	0.2408498562138381	0.06836639389243018	0.19934668656452326	0.057172443375246754	0.05986717511432273	0.02554815910679155	0.08588869219196398
0.14234537665729233	0.04686871820491657	0.08028325787765095	0.26969929724840813	0.05977096845407291	0.14062453629738714	0.05443912219558101	0.08277570859590702	0.016494800464215892	0.10669821400456796
0.12931963107900965	0.08003855248342213	0.10054693106674856	0.14448690023226946	0.0656432488114713	0.2119079298583651	0.06430220881044513	0.07863815205036892	0.02390832763400534	0.10120811797389435
0.2805452635240055	0.09400408337271313	0.0735239724915724	0.12843381943217685	0.04735924446855263	0.1411448008842978	0.0573060503073436	0.0514008265466308	0.037837670121924814	0.08844426885078224
0.23570482481994265	0.06747350809058124	0.11383078738523385	0.1325899633063152	0.047926574330920145	0.14998771948043885	0.0599433893155832	0.07679516120906926	0.02824057509651222	0.08750749696540318
0.2392124520404994	0.06620654838967965	0.10105446119190332	0.10959677813405706	0.045321199399037185	0.2066831700571122	0.06892980127459646	0.04763413809803001	0.019596289886837703	0.09576516152824674
0.14893948216193587	0.07383010511327344	0.11564372687329662	0.18618432799371243	0.05067938730534468	0.18002113483016474	0.07261027058964868	0.04804114147206421	0.017663216329997317	0.10638720733056185
0.1936436612076503	0.0982427789232161	0.0969621596423431	0.13914948809528904	0.06815707522750641	0.1557775715148994	0.0677330742985541	0.053053826942270337	0.03356550834896806	0.093714855799303
0.19331211713651425	0.0813413029398235	0.07094097326648167	0.19973076972701004	0.0498331226309215	0.14851292042927755	0.06557517161871493	0.06337670263501788	0.037763258444081224	0.0896136611721573
0.10676888421164613	0.032907948588773606	0.10161706091321034	0.24659917009215132	0.05724764446183804	0.19492787626458413	0.07062711246550175	0.07724411131768252	0.018878259693932378	0.09318193199067966
0.08887531272727162	0.04137879555766317	0.11290913192296465	0.2319985347042287	0.06302151501105077	0.21115337038045157	0.07133970228058203	0.07119007950816475	0.014583589601830482	0.09354996830579215
