0.15864819314618955	0.16079048957153627	0.33099428543795106	0.2544415511272718	0.09512548071705113
0.16158277419343017	0.15914485695074687	0.3231969093559326	0.259435393391588	0.09664006610830217
0.15951851557257934	0.16207307856209116	0.32262960322809914	0.25827874878380885	0.09750005385342128
0.16386431434566556	0.15842764700028106	0.3279240937254947	0.25449869949925463	0.0952852454293038
0.15624210189804727	0.16407680900840238	0.3286648059089607	0.2539802041437321	0.09703607904085731
0.15666619708015975	0.15851376241098292	0.3294402575100307	0.2576274382978325	0.09775234470099396
0.16405517025263416	0.16119401842641679	0.3211097058766696	0.2588710464324649	0.09477005901181434
0.15834558933006998	0.16044857813966693	0.326962006728383	0.25766158523589716	0.09658224056598277
0.16043930429707262	0.15959769022430598	0.326577499186867	0.25541015343037754	0.09797535286137667
0.1606956134996956	0.16327744117592605	0.32292146573679315	0.258040344174039	0.09506513541354598
0.16389705327152276	0.1595277148530403	0.3281234290881514	0.25222896667861294	0.09622283610867244
0.15897056939105056	0.16378865193769157	0.3229177236557291	0.25763584950959545	0.09668720550593307
0.15802379641105885	0.16031661439002406	0.3288030258523836	0.25736496332574815	0.09549160002078516
0.16081231770862936	0.15994873550448857	0.3267378817158195	0.2556891439762256	0.09681192109483672
0.15824214796739272	0.1579793302188489	0.3303361635870456	0.2563246533275433	0.09711770489916925
0.16225469727659814	0.1629308158246694	0.32028059601327996	0.25751414375939874	0.09701974712605359
0.1626452465773832	0.15868943342563913	0.33138816523800113	0.2521333614191024	0.09514379333987394
0.16433792570231975	0.16130616234104445	0.3193258646753286	0.25791041495271755	0.09711963232858949
0.16380724142999753	0.16300457383627237	0.32208713732103955	0.25203713077465884	0.09906391663803157
0.16346495888964185	0.15901662375738493	0.31927806138326376	0.26035364655780513	0.09788670941190418
0.1585693581175987	0.1601835767683135	0.32823747632894873	0.25551694659190805	0.0974926421932309
0.15806080598991773	0.15895502029889141	0.3302053244882245	0.2571606363570197	0.09561821286594652
0.15870121592267095	0.15886222069229355	0.331148957269007	0.255797705492969	0.09548990062305932
0.15732314082945403	0.16054716488575815	0.32644730558846746	0.25756116647410005	0.09812122222222008
0.15961673676135452	0.15991054421242612	0.3291497080127062	0.25515797041582533	0.09616504059768759
0.15955361567743084	0.16096732307502545	0.321070637916578	0.259346195820499	0.09906222751046652
0.16226987347807736	0.16205316559698574	0.3175601601999153	0.25957851551774014	0.09853828520728128
0.1647066717478259	0.15885000010176806	0.3228186405972781	0.25529515548572185	0.09832953206740591
0.1574053204880274	0.15853989368370816	0.32814256013634024	0.25820589422728485	0.09770633146463911
0.1643578427239707	0.16168526395845473	0.3220252487779214	0.25271825094559747	0.09921339359405552
0.15778641873692295	0.15770953513093944	0.33012711687697094	0.25793469511609035	0.09644223413907613
0.15876897863155023	0.16289715218661976	0.3230218898091472	0.25946342644708464	0.09584855292559788
0.16448158662308804	0.1641520896827938	0.319161937693622	0.2558341560623828	0.0963702299381132
0.16129862785354399	0.16173742539180452	0.32534143721210795	0.2527971378139867	0.09882537172855657
0.16149526641702222	0.162707789528333	0.31828486602597106	0.25959422281134326	0.09791785521733029
0.16245215956551973	0.16364014221329867	0.3197602001690702	0.2560322062930491	0.09811529175906208
0.16467772569127181	0.16426095992385792	0.31907605549224	0.2537848725653283	0.0982003863273018
0.16453935027986233	0.16224051649125754	0.32548598639760784	0.2527784410884448	0.09495570574282729
0.1607042822380314	0.16199660868855026	0.3246689175623415	0.2542200714854632	0.09841012002561342
0.15942131882401792	0.15903183657667216	0.32464534029892816	0.2606238696626788	0.0962776346377027
0.160624130701094	0.16181411014486438	0.3189390294861508	0.26033444007749185	0.09828828959039881
0.15777617214921746	0.16465534103686327	0.32895157802882036	0.2521052990376097	0.09651160974748901
0.15708313030239207	0.1597249665728585	0.32412535953719585	0.26051460379811064	0.09855193978944274
0.16476511471182725	0.16222072382074232	0.31689257827182227	0.2573820199179585	0.09873956327764949
0.15947687931087995	0.16091476984297864	0.3260994974906518	0.25717095371016957	0.0963378996453198
0.16476943338374628	0.16379440877317358	0.31938872461511825	0.2546791299324249	0.09736830329553683
0.16322102116978016	0.16244851858029272	0.3228642073150063	0.25664947137663496	0.09481678155828563
0.16250050639425734	0.16342070301618422	0.31728598761250165	0.26103661939659334	0.09575618358046326
0.16010904554120206	0.1605841312366298	0.3227471944742947	0.25757271326788467	0.09898691547998856
0.15661585708585743	0.16315870469108074	0.32944352145699635	0.2544112601698516	0.09637065659621372
0.16226706990035483	0.1599970640328433	0.3217637931397216	0.25702504406158333	0.09894702886549678
0.15828636086866732	0.16406203996877378	0.3252990667889427	0.25715305991327264	0.09519947246034333
0.15646316459842247	0.16341770544027617	0.3288572754452795	0.2540173065281772	0.09724454798784442
0.157277104772776	0.16342240004504854	0.3223602698725736	0.25823473212398274	0.09870549318561893
0.15716355133052573	0.160971405721464	0.323689621176494	0.2602466486103071	0.09792877316120896
0.1634991803106159	0.1597084318745034	0.32699840209547426	0.2519308065694751	0.09786317914993116
0.15681502811589915	0.16287440162986244	0.320461842323327	0.26109087238604073	0.09875785554487049
0.1613654597230746	0.15869398933252302	0.3246694798507017	0.2574890155144901	0.09778205557921038
0.16436823772837483	0.15833551860091732	0.32170569666079596	0.256665703783111	0.0989248432268007
0.16460577774760482	0.15935289098984967	0.3238607185604297	0.25464185376847054	0.09753875893364505
0.16149175078930023	0.1631117327332422	0.325789767028982	0.2547338463808816	0.09487290306759381
0.16012033111429166	0.16459701386461592	0.3208224463597567	0.25607192070429985	0.0983882879570357
0.16228941647927797	0.15788529355505157	0.32379604328901945	0.2606426543748848	0.095386592301766
0.15661721477355967	0.16314605971171442	0.32978030271129066	0.25534621078750797	0.09511021201592712
0.1608907846592897	0.1596059603767592	0.32225609807620703	0.25970834270606424	0.09753881418167967
0.15900550017403053	0.16184176120764734	0.32846376203685945	0.25420707849292073	0.09648189808854177
0.16037237429505707	0.16054404062739272	0.32154152169318706	0.2606192344876296	0.09692282889673336
0.16460130695924846	0.1611787370528109	0.324259329254127	0.25344211543469664	0.09651851129911684
0.163711646880908	0.16125785550589636	0.32660862463327683	0.25194273984135285	0.09647913313856575
0.1634951909097402	0.1606724860660147	0.3262689373713298	0.25456233222016666	0.09500105343274849
0.15956427330623907	0.15902834489117776	0.32765722723763124	0.2575026260980065	0.0962475284669452
0.1606916244418063	0.15991885616518225	0.3229961697780933	0.2610526017390443	0.09534074787587361
0.16040017771730403	0.15961536298035695	0.327354250996566	0.2570524354387003	0.09557777286707247
0.16463297626674728	0.15774626252132948	0.3233943129524596	0.2567804587499228	0.09744598950954067
0.16121148024980445	0.16441161462384168	0.32460755072040637	0.2526992843405346	0.09707007006541266
0.16364444444332937	0.1582211836983997	0.3261892878769152	0.25439175526260616	0.09755332871874937
0.1571672996106635	0.15908360800042914	0.32551074827483706	0.25979528276191477	0.09844306135215532
0.15913428546172295	0.1595567401507127	0.3284053386931753	0.2548965445657495	0.09800709112863938
0.16086144691729853	0.16062295158895046	0.3285360496966734	0.2529227112596364	0.09705684053744107
0.1630017446442445	0.16236209694257753	0.3207244681802919	0.25909310571457034	0.09481858451831555
0.16088892062376542	0.16016201107414885	0.3277315208795408	0.255354377770706	0.09586316965183861
0.15872187948878874	0.1642712748789897	0.32627990467903106	0.25580966344908035	0.0949172775041099
0.16267605404246419	0.15938262441442524	0.32581525623806473	0.254908084528494	0.09721798077655167
0.15748967220486607	0.15955582595431989	0.33035660555503876	0.2534719167197467	0.09912597956602832
0.16143392929895614	0.15804842449668263	0.327076554955565	0.2562397130545641	0.0972013781942319
0.1567752888257649	0.16321027828595946	0.32105829209751	0.2598282111154957	0.09912792967526973
0.1585967286465491	0.15999729661181414	0.3269707091053084	0.25675618878677214	0.097679076849556
0.16036910044366998	0.15909491321002203	0.3293795191257064	0.2531321507381496	0.09802431648245181
0.16282028785240982	0.16215414060302058	0.31932857388253605	0.26031915840011405	0.09537783926191923
0.1599777830180557	0.1607081170421996	0.32076254708229784	0.26029328885275055	0.09825826400469609
0.16370767587867918	0.15979980733017854	0.3200350050305053	0.2593979573481875	0.09705955441244926
0.15822487067018354	0.16416354480977402	0.3265906180434886	0.2550313428014102	0.09598962367514345
0.15627775636880883	0.16371305297610286	0.3298639175657364	0.25443544411171887	0.0957098289776328
0.16375891156896114	0.16113661774989077	0.3187912710749572	0.2608730366159357	0.09544016299025505
0.15853127456458047	0.1624619579834941	0.32350550305731496	0.25832486868341653	0.09717639571119377
0.15865704670962108	0.16062989008368467	0.3283921908297561	0.25687518563402634	0.09544568674291162
0.16209028054769567	0.1603621127127005	0.3252182801483858	0.2560464328424475	0.09628289374877039
0.16186352338023957	0.15866950669639568	0.3311212190127394	0.25344895770535497	0.09489679320527014
0.16177512762251547	0.1596236770854505	0.3260513078448507	0.2551554006938237	0.0973944867533594
0.16248191425608055	0.16152779419469984	0.3261528669922833	0.25425300846509946	0.09558441609183665
0.16097637487452948	0.15904500741694771	0.3267171644763974	0.2554294280415002	0.09783202519062499
0.1633983154219778	0.16056886844716842	0.32184639508618806	0.25516898313212893	0.09901743791253657
0.16295120593193407	0.162079956725362	0.31712963668737315	0.26064443478769594	0.0971947658676347
0.15990220386774787	0.15781021700938216	0.32790898286121306	0.2570604017011115	0.09731819456054518
0.15845363838184656	0.15805676862009346	0.3268841871097252	0.259147434268462	0.09745797161987259
0.1596209909026193	0.15982459195655266	0.32447620227179097	0.25854823987699777	0.09752997499203908
0.16147822180822763	0.16305526689004818	0.31894161535992527	0.26059220438681086	0.09593269155498785
0.1642214586955797	0.16239790142165475	0.3187490864161532	0.2569210432294185	0.09771051023719365
0.15946411986989778	0.1614690113111912	0.3292751125060188	0.25348828078559205	0.09630347552729995
0.1595345034007841	0.15828157823530759	0.32754005702988115	0.2581063790206142	0.09653748231341283
0.16466180904382458	0.15846501991677112	0.3195474161735958	0.25818714549779603	0.09913860936801228
0.16073718392127193	0.16250291286136026	0.31703332358171005	0.26098806508246064	0.09873851455319696
0.16201568098689223	0.1639844279474854	0.3175944167426751	0.25789142674454363	0.09851404757840343
0.1565810419797902	0.16292379892662467	0.330067248381536	0.2544419725890664	0.09598593812298248
0.1597872357788463	0.1594558910882048	0.3267140177203701	0.25918618970579177	0.0948566657067868
0.16363172226812484	0.16231066546078338	0.32233489112748004	0.2549543193670568	0.09676840177655475
0.15978296704770478	0.16051538069301186	0.3279407409253011	0.25642401328498104	0.09533689804900099
0.16065397801604567	0.16366602018997167	0.3217116496042268	0.257954489261422	0.09601386292833365
0.1594256758539325	0.15944478403410273	0.33199636558031187	0.2537136519212886	0.09541952261036413
0.1633366213528986	0.15953280771352618	0.32175153892479064	0.25633032981957937	0.09904870218920502
0.16035118587091834	0.162785455355169	0.31837786644643473	0.2602690342336438	0.09821645809383396
0.16157941044023527	0.15956261281747244	0.31970695075200933	0.26029400624097504	0.09885701974930769
0.1603827761029929	0.16216224912925808	0.32469162355059034	0.2557714058453898	0.09699194537176863
0.16254706359091003	0.1645913061324784	0.32544454514887555	0.25242416828886793	0.09499291683886793
0.156139389909432	0.16449251109782528	0.32379331631764957	0.2578400526773563	0.09773472999773664
0.16179521879687064	0.15876299592627627	0.3261806010457249	0.25689085245027654	0.09637033178085147
0.15690292469553888	0.16456454057067085	0.3237547516689943	0.25740854243567446	0.0973692406291213
0.15990277175706172	0.16275456995633586	0.32277316240299003	0.2578865550274029	0.09668294085620933
0.15899115969790378	0.16035999573075121	0.32579850210528993	0.2564210500952142	0.09842929237084072
0.15881720032345145	0.162294369902086	0.3275547147261515	0.2525027438532413	0.09883097119506964
0.1598261762005601	0.15880676240032768	0.33024668770011956	0.2553549385060627	0.09576543519292971
0.1580653539759257	0.16423743809940936	0.3245809331354647	0.2542113026250069	0.09890497216419311
0.15852731205091272	0.1606861072133925	0.3248681145944576	0.25721737196464983	0.09870109417658718
0.15990393568261105	0.1586558032247911	0.3253734879631919	0.2580101187337786	0.09805665439562719
0.16114706901371945	0.16270579680253477	0.3167877201254576	0.26077236859174147	0.09858704546654652
0.16196989514010066	0.15774808833791906	0.32896057187645344	0.2554171392183297	0.09590430542719693
0.16230645105727065	0.16266203742310964	0.31743908532061993	0.26035188790639097	0.09724053829260859
0.1582836426601299	0.1641207411926004	0.32034391151823394	0.25867591207162166	0.09857579255741393
0.16280648922464153	0.16122374133630202	0.323904693691579	0.2539149268483242	0.09815014889915306
0.15963929339942615	0.1611618667088243	0.32364907224629436	0.25964821936848403	0.095901548276971
0.15745613938617914	0.1611168482084867	0.33082251888949216	0.2537802274630716	0.09682426605277017
0.1564801640323183	0.1612580610246526	0.3284100899139164	0.25492140057779133	0.0989302844513212
0.1599757428239985	0.159238347175807	0.33079354755236046	0.25225992106736156	0.09773244138047228
0.162795638160983	0.16357679022927474	0.32031630469713407	0.2582564551591203	0.09505481175348766
0.16100248020608188	0.1584873145799551	0.3267386967094629	0.2551356517963033	0.09863585670819659
0.16387577745912482	0.16217092041177725	0.32498545331585305	0.25231483034834	0.09665301846490468
0.15889944279807866	0.16330070681770276	0.3231989991944661	0.25919755724577664	0.09540329394397565
0.15733361000066956	0.16281778004417075	0.3295838761299136	0.2524386259135265	0.0978261079117194
0.16399869048808116	0.15901397900496403	0.3196492684999484	0.2608678823431075	0.09647017966389873
0.16286127018068391	0.16381151372936692	0.3217091766579023	0.25284787298087125	0.09877016645117548
0.1629731129535314	0.15773385156744396	0.3243834606639568	0.255859134475514	0.09905044033955368
0.16030534529746154	0.1632192976284679	0.3252035105831397	0.25384775654304725	0.0974240899478834
0.15723147256548237	0.16173192088850188	0.3319589481825812	0.2532940171847547	0.09578364117867971
0.15614620688668526	0.15789204682494945	0.33109170217469913	0.25704823484424144	0.09782180926942453
0.1594185710962167	0.1607651923309207	0.32763137756968685	0.25556648895948325	0.09661837004369231
0.1581855096134815	0.16181181205072498	0.3313288898901582	0.2535133981295109	0.09516039031612426
0.15945376084489196	0.16063565424504656	0.3215486637613316	0.2600362897267436	0.09832563142198611
0.16316026650965637	0.15835847670465072	0.3283402790217544	0.25476081404098777	0.09538016372295055
0.1583975950901118	0.15960375822213727	0.33040210322718244	0.25355334864590345	0.09804319481466477
0.16339848676144833	0.15901750707113807	0.32026607822477127	0.259012640044826	0.09830528789781617
0.15740600343612848	0.16070000885165303	0.3288612861039585	0.2546236521783621	0.09840904942989773
0.16063710115010676	0.15930616277316195	0.3253986584908305	0.25828307087701763	0.09637500670888294
0.16311020704019719	0.16090261757876909	0.32154519287741956	0.25879810139098514	0.09564388111262886
0.16472214797504364	0.16061616534954753	0.31980982033998	0.25750434608369666	0.09734752025173198
0.16177442227553812	0.15846225218402069	0.3306551822855899	0.2518417356715722	0.09726640758327894
0.1630198819196235	0.16468313558826606	0.32070694051683035	0.2543069329472488	0.09728310902803111
0.1586305141738542	0.16024786233352664	0.32420931217892646	0.25901928772189414	0.09789302359179836
0.15622327754994514	0.1603687089098757	0.3318454183215843	0.2547685788037814	0.09679401641481329
0.16278944974445958	0.1581017382352926	0.329411146995263	0.2535185040544509	0.09617916097053367
0.16041274216976584	0.1629322722557604	0.31944509591651693	0.2580880275818743	0.09912186207608226
0.16065628091067316	0.1638793690489152	0.319858615404758	0.2582659857247633	0.09733974891089016
0.15672755839054195	0.16343020435779992	0.3247736368592389	0.25605101506883726	0.09901758532358183
0.1627818490617133	0.16167879305162697	0.32483010232148357	0.2542934258971083	0.09641582966806768
0.16319055187238493	0.16261340370069025	0.32412508764988146	0.2546517465037256	0.09541921027331757
0.16043236815811923	0.16461719898597782	0.3184282979474214	0.259772230130061	0.09674990477842033
0.16286064726455873	0.1632093972902937	0.31777615082792	0.25764152192422407	0.09851228269300327
0.15906713110886678	0.1620821600850237	0.32968514726403897	0.25198671699529357	0.09717884454677674
0.1633939687432252	0.1585288564783153	0.3233538942470117	0.25635897897071963	0.0983643015607279
0.16199345857056244	0.16048333215927088	0.3212768733143656	0.25736821157176293	0.09887812438403798
0.16256348230892487	0.1626767861533179	0.31956877293243396	0.2574970972091771	0.09769386139614601
0.15866315144959173	0.1582524021726921	0.32933500108222624	0.2579391708919374	0.09581027440355233
0.16020395464872877	0.16142553724919767	0.322775857856767	0.25848708825764743	0.09710756198765892
0.16032309973941955	0.16103526464468865	0.3247924656919152	0.2572125166969308	0.09663665322704561
0.16050663123945802	0.16164727226297373	0.32655773308770975	0.2545322724766611	0.09675609093319719
0.1624818473936755	0.15902211714528863	0.32075618197460654	0.2596568864983379	0.09808296698809126
0.15989988345598005	0.16404272711408313	0.3262948569842871	0.2533160205211411	0.09644651192450837
0.1646157798008758	0.16044799535094384	0.32197487571398253	0.2565543115060727	0.09640703762812496
0.15897372453063158	0.1624877912671832	0.3225921143871076	0.25689004766263623	0.0990563221524412
0.16212945062985645	0.1632644691326556	0.32105581452512677	0.2552142805159375	0.09833598519642354
0.15783005461297503	0.1599256592946527	0.3282513073219482	0.2584730849746647	0.09551989379575923
0.1633129784898343	0.1576940359641284	0.32867386094995543	0.25519196502809	0.09512715956799167
0.1627643209224731	0.1600255756681776	0.3257619747474214	0.2566585208230941	0.09478960783883364
0.15802355106036609	0.1621566653902815	0.3238224642134609	0.25809464635664725	0.0979026729792441
0.16453255568669678	0.1623612367617579	0.3202551492400707	0.2547612628937589	0.09808979541771559
0.15663678450512716	0.16116924342479597	0.32490395263520955	0.25851077376818443	0.09877924566668267
0.16370965920937255	0.16275913901488637	0.3175241945817965	0.2581574430756421	0.09784956411830233
0.16279851132531734	0.1612213656647963	0.32537906525059157	0.2532577935494325	0.09734326420986208
0.1585045543412791	0.1595888829456231	0.324413716496305	0.2603105309699642	0.09718231524682837
0.15786356914161326	0.16044569917274576	0.3257904901876528	0.2608842082270847	0.09501603327090329
0.15699527342830633	0.1639794517895478	0.3275942828089401	0.2528302366202883	0.09860075535291729
0.1609120447515221	0.15907948397985544	0.3297012883122301	0.25394700346815624	0.09636017948823594
0.16008912705563214	0.16142206143657067	0.3231702060323169	0.25674796094199737	0.09857064453348269
0.1569709979060101	0.1645256839907242	0.32921191858145615	0.25319504018764594	0.09609635933416341
0.1624701463204359	0.1607020131007028	0.3207680412657905	0.25727079683900944	0.0987890024740611
0.1582753202375385	0.16374692208222505	0.3194499318804462	0.2599930709561601	0.09853475484362996
0.15963216501050104	0.16311853478599825	0.3219285908579798	0.2591369254766153	0.09618378386890539
0.1564021717673573	0.1611259150099482	0.32908705769944835	0.2571380366225815	0.09624681890066443
0.16124245025147166	0.15913948244462256	0.32700916754445597	0.25516020791657223	0.09744869184287733
0.16338579522891908	0.16446780441511405	0.3184244128964689	0.2587792346153833	0.09494275284411449
0.16376831972022557	0.16251144815472335	0.32479637078649815	0.25348905764708674	0.09543480369146601
0.16285338052648374	0.16006967690724844	0.3251507867421338	0.2550372930631516	0.09688886276098213
0.1584768481160516	0.16216894802355658	0.32082171698366013	0.2606220289111633	0.09791045796556812
0.16054992507411076	0.15877762476586024	0.32406231260256796	0.2607232403258051	0.09588689723165575
0.15692903232246025	0.1587397261376621	0.32838581775306885	0.26066114903000437	0.09528427475680433
0.16170056652050854	0.15947130907390272	0.3255683246697462	0.25768972301329995	0.09557007672254234
0.1616735063188281	0.16406011218009323	0.3193819470642527	0.25873269388111453	0.09615174055571124
0.16061802712181034	0.16313086984090286	0.3182824748704384	0.2588332147576402	0.09913541340920796
0.16314484598038126	0.16408949415403415	0.31845822505303134	0.2561266638239853	0.09818077098856783
0.15731696713253726	0.16457832296696656	0.32216126229170006	0.25851880148823025	0.0974246461205657
0.1628397237759715	0.16000380510912351	0.31934489477518135	0.26028767161623534	0.09752390472348813
0.1616717140065567	0.1616029832557707	0.3246512699127779	0.25543081320669253	0.09664321961820202
0.16340893137768275	0.16398835163749487	0.31723316055198975	0.2581686291918336	0.09720092724099882
0.16067980055773023	0.16276812668381804	0.31932441548499	0.25932679076452986	0.09790086650893168
0.15844685392475394	0.1593357231906302	0.32682871591933527	0.2574817689984501	0.09790693796683024
0.1595906298528545	0.16167166633739116	0.3230347611945563	0.2573475591019453	0.09835538351325251
0.15911164660360017	0.16309852498074062	0.3265124198297471	0.2529388127659417	0.09833859581997023
0.15979276353733707	0.16342388891581888	0.3209529806716126	0.2576745332371456	0.0981558336380856
0.16300185384114002	0.1608743282232601	0.31914601522651087	0.2596515686801486	0.0973262340289402
0.16219702922901447	0.16142888557196897	0.32256082759370314	0.25521164486857106	0.09860161273674213
0.16257726655113292	0.160992822189337	0.3270497470784712	0.25374226921435056	0.09563789496670815
0.15950581576413334	0.15827860953962236	0.3269585637054688	0.257646501530557	0.09761050946021832
0.16026551719388887	0.15894461892148679	0.3301903467832931	0.25547827213179203	0.095121244969539
0.15728341580183006	0.16237538106948116	0.33181353198357844	0.2525455767824929	0.09598209436261723
0.16474904048277636	0.16107236386246626	0.3210633772666801	0.25391293376186586	0.09920228462621127
0.16447839461481745	0.16324500148487534	0.32154774328766034	0.2535037187744268	0.09722514183821984
0.16298193694288443	0.16360022577554023	0.32151377231040645	0.25483811179382204	0.09706595317734663
0.1589183560403455	0.1590739854443925	0.32904390187335686	0.25563197013545613	0.09733178650644884
0.1563874030885485	0.15916554523585058	0.32975531824717985	0.25916482862127255	0.0955269048071483
0.16274796221873672	0.1624076953653638	0.32114719888037935	0.2550647051905923	0.0986324383449276
0.15911165651479456	0.16118216149300701	0.3319522283947866	0.2520261882770969	0.09572776532031474
0.1565905304725374	0.16428051110294117	0.3200767520818676	0.2607711563096283	0.09828105003302529
0.15942947644710626	0.15778264123753674	0.32542995794016394	0.2590702581874457	0.09828766618774716
0.15812864977549296	0.16420561169180936	0.3269607928502274	0.2525675549012071	0.09813739078126305
0.1613865107313152	0.15797172675336385	0.32147600810416554	0.26047311830007813	0.09869263611107706
0.1562916303782371	0.1622811405854922	0.3287005952523485	0.2546436695401074	0.09808296424381462
0.16455629540763567	0.1603424229476937	0.31763596321715326	0.25971780780006404	0.09774751062745313
0.1631879977886508	0.16039017851858817	0.322598496903306	0.2579740611178427	0.09584926567161214
0.15854735460376193	0.16031558617666827	0.32927407457550384	0.2547228388944352	0.09714014574963058
0.16001259142350124	0.15807086212351118	0.3280278639184135	0.2550725815380167	0.09881610099655713
0.1609641108660464	0.1609808232175101	0.32184656470769896	0.2598667852611825	0.09634171594756182
0.16203823206597254	0.16342591966321818	0.3194245036633379	0.25928767228816624	0.09582367231930491
0.16473137761850726	0.16012309723682094	0.32419224116279927	0.25423452592365303	0.09671875805821933
0.15641774102556893	0.16068168674236827	0.3300288999805292	0.2550535683061704	0.09781810394536303
0.1588597268472453	0.15775290198172812	0.3253586437985979	0.25946172465639294	0.09856700271603555
0.1614896893925667	0.1585194635466523	0.32335344927931997	0.2600419268285531	0.09659547095290778
0.15960978197169942	0.15865604434005598	0.32830735398184285	0.25635329818488106	0.09707352152152052
0.15933950116624968	0.16146995650037632	0.32462439638175966	0.2589378926843061	0.09562825326730809
0.16229395464717908	0.1584243176699985	0.3224617513730101	0.2587465558868785	0.09807342042293367
0.15935651801169676	0.16409238203622492	0.3262420693397307	0.2532726087728238	0.09703642183952357
0.1613265882541782	0.16304110881333242	0.32055428185971374	0.25712337486135944	0.09795464621141597
0.16070055762682917	0.1592247822742518	0.3244899800293693	0.2606566116567761	0.0949280684127735
0.1630034024919351	0.16319752838433832	0.3248959977294339	0.2518608211607192	0.09704225023357331
0.15716048340117808	0.16321742652448948	0.32632684997245	0.2579728770429056	0.09532236305897668
0.1565633926285416	0.16183900481654245	0.32753764795707463	0.25684958795496415	0.09721036664287698
0.1639533878566526	0.16364594739281685	0.31833985435679824	0.257570204045508	0.09649060634822416
0.16256765124004624	0.1598682417393028	0.3257082949445913	0.2538615481643305	0.09799426391172897
0.15695375544447054	0.1588539689268774	0.32805616863296494	0.2584982447309707	0.09763786226471623
0.1588017326689325	0.16116173564732922	0.3311263087349736	0.25368282967683575	0.09522739327192872
0.16305588659514048	0.16336632683880897	0.3167337238636363	0.2589516923141688	0.09789237038824522
0.15921041117744827	0.16242610475886904	0.32504195133868113	0.2581668038233146	0.09515472890168677
0.1588390949648609	0.16263951220197292	0.3249851138324201	0.2574960034776228	0.09604027552312307
0.15720022432137276	0.1644126882094895	0.32243852966871256	0.2591851351846797	0.09676342261574525
0.15907911743859734	0.16230159748046025	0.3242069815642614	0.2571754772084685	0.09723682630821226
0.15950309817168332	0.15837805443021027	0.3310028196338072	0.2563231131336763	0.09479291463062281
0.1573133229994354	0.16344990225534411	0.3266802532105106	0.25546149317215416	0.09709502836255551
0.15918805122118562	0.15983467382852246	0.32501723391877635	0.25686751973888666	0.09909252129262869
0.1586716822909949	0.15937170835849473	0.3323027653048343	0.2521774859209315	0.09747635812474431
0.1578943738620353	0.15818310265695668	0.33230256330007957	0.2558630731738598	0.09575688700706847
0.15824787071740193	0.16051821252960408	0.3326084173160433	0.2521393138371371	0.09648618559981335
0.1603774492788721	0.1600138100074698	0.32425237008371777	0.2561466797534488	0.09920969087649134
0.15691198479785534	0.16359201952494598	0.32527843050029415	0.25616652939449674	0.09805103578240754
0.1634485643663857	0.16290686699326318	0.3223587042840521	0.25569877565799437	0.09558708869830446
0.15669608420814377	0.1606830187281631	0.33052870707935444	0.2551955190200927	0.09689667096424581
0.15775800694149072	0.15809821622231954	0.3299787871706656	0.2555347781809737	0.09863021148455026
0.16291557322664946	0.1603273845212499	0.3203088836241649	0.2581471611893371	0.09830099743859849
0.16272201234820133	0.16360968581265833	0.31923118847145	0.25882680079385895	0.09561031257383118
0.15802479328448557	0.1639153036852594	0.32874766406471057	0.2528254648281266	0.09648677413741769
0.1618707201066738	0.16049825397330197	0.32833704323147705	0.2529644815865627	0.09632950110198425
0.15760032955677883	0.16063470736177432	0.3228217290813532	0.2606299480854014	0.09831328591469204
0.15885290591452797	0.16202408112600059	0.3299666061013775	0.2527545491845129	0.09640185767358089
0.16259793208009574	0.16449847740173887	0.3174837511308595	0.2566318022618338	0.0987880371254719
0.1593769134360159	0.16353856874726863	0.3261140554122327	0.2553418355784527	0.09562862682602988
0.16174772074815283	0.16383806232433468	0.3187721545638005	0.2578160202056049	0.09782604215810693
0.160236682436132	0.16097844988714857	0.31928997787955044	0.2603718790810653	0.09912301071610348
0.16387652324236057	0.16176072289669757	0.32102964729530276	0.2554876455817517	0.09784546098388724
0.15886396821363857	0.1610621816456133	0.3247289961612517	0.25969700988004607	0.09564784409945011
0.1625540942844738	0.1618383121811532	0.3272585531037041	0.25338659342342773	0.09496244700724099
0.16177186699144858	0.16011131953670416	0.3273791420232164	0.25536911998151496	0.09536855146711566
0.15810633434766652	0.1581163001403793	0.3286504787505127	0.2579579165268489	0.0971689702345924
0.16473143232188533	0.1607562258548051	0.32047235889336223	0.25850929136204226	0.0955306915679049
0.1580901233155509	0.1632512820411998	0.32558593791875556	0.25785409837906687	0.0952185583454267
0.15641216684341136	0.16220572479697218	0.32490873710981005	0.26047163418509267	0.09600173706471353
0.15654447851236064	0.1628792632619997	0.3210857392101276	0.26065107484874894	0.0988394441667629
0.15699805320054336	0.1614729714653439	0.3310634993550552	0.2552939428682541	0.09517153311080334
0.16090653789966589	0.16092068168535067	0.3298455426328959	0.253310582597668	0.09501665518441935
0.1568548117500531	0.1592690320893989	0.3279377643975665	0.26064330600993446	0.0952950857530468
0.16252118886960226	0.16108321877389867	0.3203478624699707	0.2582606541669856	0.09778707571954254
0.1565531050539566	0.1627032858675797	0.32553899823669247	0.25956306974380017	0.09564154109797086
0.16193239354207273	0.16292520233221874	0.32236400837203105	0.25472881835148914	0.09804957740218814
0.16036934816010934	0.1579731515515887	0.3266326927846417	0.26008020999213216	0.09494459751152792
0.16380214699911666	0.1644385085738914	0.3213676131979071	0.25480081186939146	0.09559091935969316
0.16008565829381405	0.15769684945889448	0.32585830774511726	0.2608217640493214	0.09553742045285267
0.15869858798019792	0.1606610459491441	0.32723137949570336	0.2565516796636518	0.09685730691130266
0.15616587981403396	0.1626222625735926	0.32868188438158297	0.2545505974476523	0.09797937578313795
0.1567284859476596	0.16232988861907996	0.32964055708067114	0.2560987300678701	0.09520233828471901
0.1594641623019186	0.15889261999765453	0.3282911919431508	0.2547558827782022	0.09859614297907367
0.16316628085043153	0.1594326624145695	0.318895340369736	0.26081081485727764	0.0976949015079851
0.16066892089843002	0.16386373451369687	0.31968804911093973	0.2577039476813166	0.09807534779561661
0.15874784355061358	0.16019254553533294	0.32465988751283037	0.2574310378784057	0.09896868552281725
0.15666069443452418	0.15794381944376362	0.3321848351298949	0.25595267699870156	0.09725797399311556
0.15731495035126603	0.1640590328446444	0.31875527064883613	0.261080582188627	0.09879016396662627
0.16309950904956572	0.16258513508504296	0.3264461533351495	0.2522150147634961	0.09565418776674553
0.16084064377556928	0.15887877639484493	0.32713148529837344	0.25587919116754937	0.09726990336366279
0.15670056994898163	0.15812324091678692	0.33035395514792754	0.25754874505194636	0.09727348893435729
0.16296943655570187	0.15799885875349381	0.3287905861041499	0.25369346502817447	0.0965476535584798
0.15964864769163825	0.16279175651273609	0.32719485623732947	0.25299606772326105	0.09736867183503492
0.1566941882439961	0.1622604250969736	0.3291356037655149	0.2546749509550887	0.09723483193842655
0.15895473681427097	0.1614384248485412	0.3246056168902397	0.25983756803793595	0.09516365340901198
0.16048020842170369	0.16112087577903988	0.32676404447377394	0.2560576370076818	0.09557723431780038
0.16270984597347324	0.1633543163466322	0.31817668363013957	0.259837057516487	0.09592209653326775
0.15970712859558808	0.16469076760195434	0.32498336285722473	0.253923518951078	0.09669522199415463
0.15797068357030988	0.15996402253263237	0.33179839786919396	0.2522804929327467	0.09798640309511698
0.1606818790651739	0.16074198031930031	0.32468795469472433	0.2590023891014897	0.09488579681931152
0.16073016098817128	0.15971320932609778	0.3260494999602884	0.2573016875810128	0.09620544214442953
0.15617915941457258	0.16178094676042717	0.3307754204597737	0.25581941088356736	0.095445062481659
0.16462645639358836	0.15974179788748838	0.3256876339285176	0.2527554792481371	0.09718863254226837
0.1588591427287534	0.1603838667207275	0.32600014752737927	0.257286698090102	0.09747014493303763
0.15802406904105268	0.16001558464234833	0.3254459034360149	0.26034972539911916	0.09616471748146471
0.15814344270015912	0.15843891866424342	0.3315638034081172	0.2550748486410795	0.09677898658640052
0.1584906570173468	0.15967713459469804	0.3321816670612891	0.25418496302422006	0.09546557830244584
0.1574444379973162	0.159991287450018	0.33074913994740507	0.25409384504559107	0.09772128955966945
0.16111657222895495	0.1598208860186659	0.33192666855641295	0.251928687944422	0.09520718525154401
0.1598133517239099	0.15790467472028932	0.3270516095610326	0.25720698776036593	0.09802337623440209
0.16156971532837866	0.15920860168223122	0.3203940096084587	0.26020418638878307	0.09862348699214812
0.16388687100546823	0.1604346594648851	0.3169416993841574	0.26040546283395244	0.09833130731153661
0.16385194131137892	0.16104770410648112	0.32212222040529864	0.256911149479653	0.09606698469718815
0.160572313445014	0.16159171512991027	0.3287515412921181	0.2530422299394462	0.09604220019351123
0.15757884098945268	0.16320205785258224	0.3248894318811437	0.25702008734586435	0.0973095819309568
0.15925290587991386	0.1622651957646708	0.3307079913681581	0.2521269077756098	0.09564699921164721
0.16161907975061093	0.16372633659598906	0.32668184464868105	0.25233363594580394	0.09563910305891479
0.15693432679014546	0.159807648777046	0.32815445540663546	0.2581904381200886	0.09691313090608426
0.1561119342231439	0.15939505558899972	0.32933677808800493	0.25897517994025787	0.09618105215959338
0.1608477054258996	0.1625297106954445	0.32261102976512535	0.25755143906147704	0.09646011505205329
0.15777330388279565	0.16334835606473164	0.32596990857165425	0.25525691338073875	0.09765151810007949
0.16380490650415852	0.1614273566782153	0.3250857978993514	0.25211590004013834	0.09756603887813625
0.16036498319400347	0.15822115814045193	0.3310669310918217	0.25191040331908376	0.09843652425463888
0.16478563388146333	0.16089739764004388	0.31903789010077077	0.2597142464858162	0.09556483189190557
0.16376972654391403	0.16043090313202096	0.32596999390777026	0.25395289387587616	0.09587648254041843
0.1583949316380361	0.16397396728254765	0.32371818399523544	0.2547740924049982	0.09913882467918235
0.15915163290812329	0.1586336180323923	0.33215594152370653	0.2531136188138358	0.09694518872194191
0.15629718990943864	0.1581865774315223	0.328005079843664	0.260290842342372	0.09722031047300285
0.16292724702667905	0.16337691410591212	0.3174164791122106	0.26028134173946355	0.09599801801573449
0.1564170853467468	0.16274900628168865	0.3224048939822522	0.2598528567572977	0.09857615763201452
0.15756074154852062	0.16226717367868274	0.3321064100903349	0.2532992184624361	0.09476645622002547
0.15921847873950173	0.15977549855561646	0.328102561024875	0.2562329987797096	0.09667046290029699
0.1575335957294492	0.1612654465412621	0.3256919485534977	0.2590612718977146	0.09644773727807619
0.15883292011325145	0.16128986466196948	0.32826820220929676	0.25516189471775214	0.09644711829772995
0.15987794443115977	0.16056428971624945	0.3303129051397726	0.25297895000169524	0.09626591071112275
0.15613382086432637	0.16353298172828992	0.32516213337263067	0.25937022554713574	0.09580083848761714
0.1561228329268068	0.1645720847327741	0.3231514013545321	0.2608258134824453	0.09532786750344151
0.15942390758684719	0.1642525629879037	0.32011204268585536	0.2608090226192056	0.09540246412018799
0.1584198979527508	0.1589279425846339	0.3325199725143585	0.2526042553253631	0.09752793162289342
0.158864461279527	0.16103410125718393	0.3264076453605885	0.25855970998805833	0.09513408211464197
0.15898530013870485	0.16102907711490821	0.33081134238260734	0.252600857856916	0.09657342250686343
0.1617356594628174	0.16191060538923002	0.3260548957317186	0.25502832775480655	0.09527051166142726
0.15831770355373453	0.16344950428040345	0.3245507455210867	0.2558564918259367	0.09782555481883841
0.16408884579075858	0.16073538193340312	0.31830044208419306	0.2587450725903866	0.09813025760125849
0.1598886662710653	0.15928157902844176	0.32539292731501634	0.25855517172604014	0.09688165565943621
0.16333668985978514	0.16280726184888872	0.3197513742318474	0.258153082822363	0.09595159123711551
0.16016172858600897	0.16330254341787864	0.3253121092571645	0.2525194402942724	0.0987041784446753
0.15683003618818725	0.16347665574497627	0.3253036742016835	0.25539813794544824	0.09899149591970455
0.1611735442793738	0.15922560935531102	0.3265440592213386	0.25625310964290693	0.09680367750106947
0.1617370063198612	0.1581451967106016	0.3261585032767037	0.25704035835434536	0.09691893533848794
0.15956930716399645	0.1637066129830616	0.3242055363900483	0.2547276427274603	0.09779090073543314
0.15995749461814696	0.16241391766836105	0.32420911737534774	0.2577732068115098	0.0956462635266343
0.1598488350760611	0.1624930681980803	0.3265420697214092	0.25475500973969384	0.09636101726475535
0.16375528637392855	0.1633370392257989	0.3233418611682553	0.2527368006550109	0.09682901257700612
0.16031236865879017	0.1585993214102494	0.3267532084747911	0.256562771620866	0.0977723298353031
0.16442888278085072	0.16081099372920993	0.32146702885906603	0.2553424220393143	0.09795067259155885
0.16222722234805198	0.16159792368845752	0.3233102481788139	0.25471848077795073	0.0981461250067257
0.1645022037113889	0.16193868203954823	0.3202104127067822	0.25500916050363975	0.09833954103864073
0.15635949604423116	0.16170038579446416	0.3289488915183016	0.2565069695808777	0.09648425706212518
0.15914316060444006	0.15912319084985016	0.3255239360742024	0.2599896081583925	0.0962201043131147
0.15889851585308204	0.16228610908417684	0.3223466112460667	0.2593699588886641	0.09709880492801012
0.15617759728948616	0.16463806352560129	0.32039357768746135	0.26075904485428913	0.09803171664316182
0.16333754284170637	0.15939522236025072	0.32860536614649594	0.25325143634391306	0.09541043230763371
0.16109184501438853	0.16107532638716243	0.3253416428813007	0.2549657855129661	0.09752540020418199
0.1586095632198347	0.16318136300160127	0.32201927068504393	0.2604920600568736	0.09569774303664635
0.1633766783748412	0.1586517805445222	0.32687649044811723	0.2522948430719438	0.09880020756057539
0.1579109782849526	0.16429095721724504	0.32664631764301544	0.25537907874994936	0.0957726681048374
0.16344444734185282	0.15797136501830258	0.3269478381712655	0.253485997037095	0.09815035243148393
0.1588647168838994	0.16446936350011493	0.3188506137290136	0.26066567101515686	0.09714963487181502
0.160890637550872	0.157742536408541	0.3263214146298754	0.26001830526252534	0.09502710614818603
0.16073444121711167	0.16230607242320882	0.3221693644611778	0.2586089487287354	0.09618117316976613
0.16093868791072705	0.1616089823940619	0.3265196033102149	0.25390274024586096	0.09702998613913491
0.16424886271158454	0.15846753582587836	0.3246987642687159	0.2554534815616869	0.0971313556321341
0.15808019547925523	0.1581728315164761	0.329471396577506	0.25782047616203996	0.09645510026472257
0.15643778182543638	0.16382858297643338	0.32697338457428904	0.2576939896374238	0.09506626098641724
