0.023737022964542123	0.025015428680152135	0.10083480290652092	0.10041813675867942	0.09207042909715396	0.17224989948784034	0.1484304022662154	0.1439483757343046	0.03774641864793119	0.15554908345665994
0.035370852705844544	0.029953058028990204	0.12043214794581147	0.1611687723087411	0.07050522551969461	0.20945608988089423	0.04312042351012368	0.1433171755061641	0.04252603649908585	0.14415021809465023
0.0397244154288472	0.03048503349264027	0.12106981555294001	0.1570253434278365	0.06627664825331205	0.1767339751331491	0.09760789011212301	0.11864703315530065	0.03680745775125038	0.15562238769260084
0.030325065239829488	0.030391007028553824	0.10068763848384704	0.12794603050011139	0.07480399405347973	0.18462414065965738	0.074889208054027	0.1820766851065883	0.04089649661952541	0.15335973425438043
0.03670952322182132	0.04152309504066784	0.11917743537654843	0.006194041368847672	0.06812258843465288	0.18426521031494597	0.11442503071525219	0.22322166631677054	0.029805601691867398	0.17655580751862582
0.026383241032720148	0.02901869687552655	0.120823769588322	0.08043782080442405	0.07824787674305875	0.1857947623481186	0.07410471801398932	0.21572432022058474	0.0375494717173026	0.15191532265595326
0.02520043035156748	0.024806927770786857	0.11207289828565946	0.07311318317802604	0.07465570587710528	0.17396500269403725	0.10887807074255727	0.22469148767645725	0.03087804990205399	0.15173824352174914
0.037298410108572155	0.03353861650979928	0.10196181529392931	0.12148698678282008	0.07128508887762726	0.19887591791981013	0.01548662107823398	0.2196319086424271	0.04455532600878474	0.15587930877799597
0.02381639432421981	0.024483227021302165	0.10797740239243066	0.2292510694650764	0.07345712061243104	0.2053952805354959	0.05675612892383676	0.0756416544058337	0.03826933856556995	0.16495238375380364
0.03520197396751629	0.03968344240986629	0.11111549236250197	0.1890944232305129	0.08196562354431859	0.2148400579562843	0.04070662856730599	0.07991487419297558	0.04436749508733276	0.16310998868138538
0.03599693927261012	0.03191180183707437	0.11840299164584024	0.09413853888905062	0.08991466964541169	0.19181251529810828	0.1394231471665112	0.1188228830509989	0.03553248121469589	0.14404403197969873
0.03352268486515063	0.02574773852025254	0.1179865987817616	0.06865961209437077	0.07482929249877879	0.2004366678023236	0.10853613402620912	0.18195389192942513	0.04179077382534124	0.1465366056563866
0.038539066243485146	0.02465723885271419	0.12334551064216966	0.09119563958499927	0.07258501045497467	0.2133052984071936	0.03569691076479252	0.21824215115894907	0.031687352078201406	0.15074582181252047
0.022651572293621705	0.027587318591679635	0.11572049687708756	0.19336836584975464	0.07605100950310234	0.17322120507319594	0.08288456189532825	0.13664064812221824	0.03436839147495516	0.13750643031905652
0.03578890239088864	0.03803857484731071	0.1109804091161576	0.2050128669415231	0.08904908004243182	0.17291548520958727	0.014341728060981648	0.15731477109883546	0.034407866803284295	0.14215031548899948
0.028634573264023022	0.0298839090070655	0.11588207728742678	0.17557497098469532	0.07160564371354095	0.18976850569917436	0.13116921304943083	0.05202382251794622	0.040076843297211735	0.1653804411794853
0.022711872891016616	0.03194329525351465	0.10027912815552213	0.15010939145189894	0.08819163423362265	0.183011652445947	0.1443925243097386	0.09644069227886665	0.029872869596273763	0.153046939383599
0.023759720047377045	0.02666778942646053	0.119636188803902	0.20386468075672826	0.06997526755776277	0.2268579576132364	0.0644358694342061	0.07103283075676081	0.0370047510585462	0.15676494454501994
0.035628749528580764	0.033766371552461275	0.11341643481415951	0.2811193218884868	0.06911028022135302	0.18868972761797334	0.029161476280432294	0.04682358727920033	0.03791971292216484	0.16436433789518776
0.02334611104558547	0.0267521480123471	0.1141543050263369	0.14478329468819573	0.07717588383200022	0.1684764365474791	0.012315554424157035	0.20883116497332582	0.04460900482309999	0.17955609662747268
0.022976238796810794	0.03757770879750458	0.12505496228754015	0.15223416717223046	0.0676532498514505	0.1958226911741696	0.0860300105101113	0.11623010251595253	0.04207625304876451	0.15434461584546563
0.0313768433568799	0.03395295005814927	0.11489749228889848	0.10257618047448082	0.07104503393704117	0.20225788443969078	0.14411120814742168	0.10398421933328672	0.03221288318631271	0.1635853047778385
0.0381056948976322	0.03930508823059915	0.11533916438657255	0.12493536090435745	0.07005638422602371	0.1933398285582259	0.1373619236845873	0.0930189997019489	0.03773261673928176	0.15080493867077105
0.028956150813879547	0.03409001439214587	0.10822967367508073	0.12132669184028663	0.08467147551911745	0.17792700566831227	0.15020766082899445	0.07299208719636033	0.044425542884169854	0.17717369718165288
0.03875144497522445	0.03261787589946415	0.10699219720040634	0.12801193482146536	0.0746759818182624	0.22909497281231705	0.09801545620729317	0.09080396938262922	0.043747926806157474	0.15728824007678044
0.03571711202896094	0.0301087693598569	0.10498338653143535	0.09682998521349348	0.0862145191690878	0.2091437638226471	0.1386021259926198	0.08487880574507424	0.03857701530969494	0.17494451682712947
0.028504682378145837	0.02590102839408169	0.11058806026265089	0.08576881442810676	0.07484559282498235	0.19843028114851924	0.15042560309455585	0.1116073148885692	0.03276538210696202	0.1811632404734262
0.03959022371599971	0.036437747687873806	0.10743131503126298	0.06624704433499792	0.0772093553518425	0.17661222455874376	0.10624605478378052	0.17959273513514945	0.040567609350464176	0.1700656900498852
0.024485182174861675	0.03981108239895559	0.10814942532153367	0.13936072125687743	0.08989318588738054	0.17124509386066716	0.11897000357022676	0.10302785377654841	0.0367653035886424	0.16829214816430638
0.03469501684073599	0.027558114000270043	0.113801972635102	0.098083760696832	0.08241010344629755	0.2292529813313693	0.12105010029053015	0.10788671595541609	0.04290755353657335	0.14235368126687353
0.025239393372938942	0.04030999886755964	0.12641517916703587	0.028740577800421482	0.07518015312478256	0.218691684609352	0.0645658992417074	0.21254922583848654	0.029361812210961555	0.17894607576675403
0.03374564529055492	0.024337180311646125	0.11247414165378172	0.02933246363308517	0.08625707112581692	0.2137364567366915	0.08570104572629555	0.22736847251936615	0.034857749055942674	0.15218977394681932
0.03524935987699768	0.04089665056896499	0.11544835304197397	0.050013473214156924	0.07360223405658167	0.21288158176414362	0.13362994726188404	0.13316081863242912	0.04259621436101451	0.16252136722185348
0.03370872909060055	0.037270560053813434	0.1072970259516654	0.01901964314055335	0.08668059676973659	0.22245253490415368	0.15229840884959003	0.16184262520032844	0.04127090732052825	0.1381589687190303
0.025226739120910766	0.024392343342615627	0.10032211124442972	0.1608762675077745	0.08424687045845007	0.2201002126372694	0.08888220840077202	0.10498303527097808	0.031175178088145877	0.1597950339286539
0.034515841126089714	0.03298728675462384	0.10596902328018641	0.205891866005048	0.08656387764038526	0.1946349396456527	0.11141430970363742	0.046313716990468067	0.03114209028922213	0.1505670485646865
0.02718716966742496	0.026389985011854092	0.12128455319809892	0.13500549329232775	0.06893473966061342	0.19861516878863195	0.04394657725593423	0.1942270136972793	0.041298889234625935	0.1431104101932095
0.03670748354280974	0.03456834412653152	0.11320023781800642	0.18339348175735193	0.09007582638909248	0.19949744644558623	0.09398132437820089	0.07321165587356464	0.030133007386497643	0.14523119228235853
0.03802704225111574	0.02832880417507208	0.11460289628406295	0.16858440343614137	0.07474143313351508	0.1748748477716426	0.025420816498217425	0.16356109563119914	0.032033887628570026	0.17982477319046353
0.03915505840193842	0.03179422205695327	0.11673546869953526	0.1276690876436931	0.06835629296964538	0.19723323469308235	0.11020835840219631	0.10830937391495979	0.03002051598808371	0.17051838722991242
0.022170556580764042	0.02838912770591097	0.09988735179447529	0.11812206853783028	0.08322555311157775	0.17221146010534585	0.08684698208055197	0.185815314551196	0.03068959770456156	0.17264198782778628
0.026307210984542334	0.02980394962727638	0.10840388561078658	0.14562667735018442	0.08179893170270412	0.18771253578668842	0.06942766804851339	0.1650038038372231	0.03325769546931634	0.1526576415827649
0.031055296567602003	0.025824098500417975	0.12158314783573423	0.04291283476380064	0.08258894364634617	0.1691985414996474	0.10285991095520411	0.2190286600540324	0.034441224740103096	0.170507341437112
0.026242509455507004	0.0265593464687104	0.10280357953292595	0.041992074203253696	0.06848663161168257	0.19988225213758667	0.13436480643135607	0.2097520962489905	0.038887306912361724	0.1510293969976254
0.022784268148213785	0.027556048178713308	0.11025817584068179	0.060532621979181016	0.07198841451881507	0.2237571005611072	0.1446272079888764	0.15786605542869778	0.029250109285830356	0.15137999806988336
0.02742368370193421	0.03431744507392463	0.11562127781053583	0.1575950415324991	0.08926704863544462	0.18850621054455338	0.10419259333088116	0.07422765983370172	0.03368189906964136	0.17516714046688403
0.033599923731946896	0.03571523243849335	0.11545347849839721	0.18556717338529874	0.08057103400921932	0.17252634777473472	0.14422590541799868	0.05619642365525771	0.029617679932345556	0.14652680115630787
0.03647163810418037	0.040628465487168294	0.11106927419067023	0.05157579814248084	0.08957053099037585	0.21674995854702672	0.11379711092320798	0.15935423821853587	0.030473031388313324	0.1503099540080405
0.03878367906324611	0.040895798725751116	0.11328315343331419	0.14720536290848849	0.07916995629607641	0.16814979563868948	0.05888677952801245	0.16911158598871706	0.04287252446610671	0.14164136395159804
0.03243971517593704	0.02957593202741074	0.09802023036176201	0.09494982475705888	0.07528746373100242	0.2126131393690851	0.15646477934121272	0.08903791309280336	0.03976249057335728	0.17184851157037045
0.029374465091194277	0.026370956238337837	0.10167698678669301	0.08254719210711915	0.07756342080079667	0.19077268876716433	0.12267965491973834	0.15726652979271682	0.035485221878273646	0.176262883617966
0.036148863880752946	0.025805033754690204	0.11522658856003959	0.046171678705930044	0.08816469694809143	0.18213984193008387	0.14638246144761963	0.17610453594009634	0.040461536488638455	0.14339476234405749
0.03241486934723534	0.03507511186810329	0.10671031798832144	0.02143390830499735	0.06951954097077702	0.1662394892983085	0.15155593786590787	0.21976288756045254	0.030558789286526597	0.16672914750937007
0.0342601872514318	0.034279975536282384	0.1097146009289577	0.054200630774066616	0.0901039266186752	0.1988124059819102	0.0990552868672463	0.17046745217673687	0.030499446852571235	0.17860608701212172
0.03951340161361963	0.029330663445773675	0.10073068961722992	0.12006796367728721	0.07672453252522816	0.1895679148821032	0.0469703399770963	0.20003225863110252	0.03641142988258714	0.16065080574797228
0.03422955118051972	0.03743636623743915	0.10980357171797096	0.06633623395508115	0.0921662971431363	0.1896943982992968	0.1325927332668616	0.12673649711501345	0.037171908445179924	0.17383244263950096
0.03977906474134549	0.028198858561634232	0.11425424277899943	0.019816530011143987	0.08836728465814703	0.19675032311802643	0.10848314489984925	0.21179069187518562	0.03236134546746666	0.1601985138882019
0.025649303259708406	0.031735331597145644	0.12460757222654006	0.07527097264276361	0.08970062559878796	0.1873849047103067	0.13530894631572	0.14288432746011887	0.032783032472023674	0.1546749837168851
0.0295267177311115	0.03791577395612213	0.12529031453581618	0.014282628902284572	0.06847205751629104	0.19431272040254446	0.15466589311215648	0.19260208464632778	0.04021717562683181	0.14271463357051406
0.030731249717948453	0.032891015323716424	0.11676802013745502	0.06942041109070594	0.08383548832095786	0.22843127688806614	0.04115676586846787	0.194932071020638	0.044248998270440015	0.1575847033616043
0.029572008085122767	0.04022697287243054	0.11822411822941482	0.06802073571665038	0.08370902245963786	0.2228877236972009	0.020813430076527514	0.20958631384571258	0.033239454830096785	0.1737202201872059
0.023307676529875213	0.025788846833980875	0.09903994457674647	0.13404799560834124	0.07330667527489605	0.2179744047909699	0.09438736353764109	0.1336833651128665	0.033107848072406104	0.1653558796622766
0.03382492914098441	0.03158190742652829	0.10513342475442272	0.13784730918385216	0.06743464975712843	0.19494936512129094	0.010113430406761714	0.2098734415267311	0.04157783287299985	0.16766370980930043
0.03755265512898714	0.041019644843651226	0.12285448854674128	0.09080482872100049	0.07002495724035468	0.199738846915488	0.10496679169304104	0.12574940840947585	0.043015586417663516	0.16427279208359682
0.023881008162813716	0.039217354572941204	0.12434034525089122	0.155658480250567	0.07354022459393489	0.22751803138052484	0.10267520887133275	0.06585362496995885	0.03623864071652809	0.1510770812305075
0.02488766265165715	0.02525167455662375	0.11765349192732806	0.05636898541024097	0.07810466764633808	0.21965635450125917	0.15176618039656256	0.10819704655811266	0.043849674577996406	0.17426426177388124
0.03435284085149487	0.026740246436862944	0.10769629577167092	0.07691721034600925	0.08172939001098273	0.18676613812779377	0.057501672595234775	0.22088200470139735	0.03537947024848165	0.17203473091007176
0.03796735668620253	0.04079485275976868	0.10170434461844392	0.018840340873724645	0.09197576182386855	0.2072186292325104	0.11250324759602234	0.1947741870064129	0.04251628747556843	0.15170499192747766
0.034521992385074696	0.04068963107709942	0.126940519329562	0.05113674223365192	0.0701661405271441	0.18208342994423204	0.11652043293949113	0.18373576035888	0.03805204952404985	0.15615330168081482
0.035269658519574046	0.02631985102918101	0.10890603540715518	0.05300452109582718	0.08755393051653647	0.22123808331797282	0.1180924557295091	0.14482839726653407	0.031680619402858615	0.1731064477148515
0.035129502898254755	0.030749714335688932	0.10667864763566383	0.041894636211381765	0.09104293421226684	0.1838973464296351	0.06818531533949948	0.23006447433181898	0.042819710745791544	0.16953771785999877
0.03168940801687478	0.031182786690458333	0.12321735767268434	0.09649415890501674	0.08221138432737049	0.2043867839077283	0.06790880842653504	0.18218480429689696	0.033257475205904524	0.1474670325505305
0.028389298077763594	0.03500071813286079	0.1048963891757203	0.25346670414653644	0.07374101925638332	0.173978448686675	0.08828480182105147	0.05340714424845458	0.0420144299690392	0.14682104648551528
0.038884744317280354	0.02554948263746397	0.11379909436481	0.24191322228278245	0.07041705705491103	0.22932875370703215	0.02450201009014523	0.06691558766759066	0.04013980318667422	0.14855024469130992
0.02977536668308392	0.026732451700926987	0.1001745270835085	0.18037333932490718	0.08853121436807006	0.20225909509694417	0.10095409911011058	0.09097832664506306	0.032865566478262956	0.14735601350912264
0.03308391984897159	0.04095681709504736	0.11122428618478593	0.15261631698222253	0.08549009419110434	0.18466010577925376	0.07832049271596406	0.10310449322629824	0.040745762895014706	0.1697977110813375
0.03537753882330262	0.03715054091416056	0.10323173500134791	0.17466719835226702	0.07625890442944176	0.21691698132875792	0.08024609965600552	0.07023116382999083	0.03438315091014427	0.17153668675458159
0.031902417085737544	0.03544636149523822	0.10353825078844169	0.22856163884767372	0.07244780950311286	0.20922262647463508	0.02877281434084661	0.08942992935254888	0.04361826868123238	0.157059883430533
0.025182412570305443	0.02862032336993836	0.10612830519820111	0.2704401539136156	0.08919062427679343	0.17820793747177735	0.04900991901971529	0.07500865796386849	0.030051440570079413	0.14816022564570552
0.0393872906602214	0.025839988193778224	0.09821747700271831	0.13280201430302957	0.0742246093794071	0.1854693936465706	0.15354378382515801	0.06966936534970891	0.03967486547467556	0.18117121216473228
0.03556170882090022	0.02777865519653984	0.12003269522452113	0.03146784730077097	0.08929899371733288	0.21730975376692108	0.0720183557925945	0.1886342802204396	0.04419143477489361	0.1737062751850862
0.039279163449281534	0.035835580129096364	0.11208098895183577	0.13796623881575804	0.07433125821253503	0.17958988845379736	0.04075461408687092	0.1843144914545261	0.03949111577066187	0.15635666067563697
0.02878545190564119	0.03842400735723007	0.11786319015035542	0.15919092148191152	0.0780689699542027	0.17597520696124647	0.08930160714333887	0.11263093040070825	0.02942960310125542	0.1703301115441101
0.030893162947304362	0.02821939947500096	0.12416392597182142	0.06659185714480206	0.09063808487880516	0.20899621942475247	0.11718625081692338	0.1566089532014234	0.02896295861161151	0.14773918752755527
0.03794064691114024	0.038633253259387	0.11869546562051947	0.14295796637093938	0.08163660473772245	0.16686008066039176	0.053693532355256486	0.14585103346432446	0.044660109856849206	0.16907130676346954
0.030282945642773534	0.03006909601995862	0.11773113089051547	0.1875071031280531	0.07257482254680982	0.16911027959980623	0.08087325971899371	0.12029101352784566	0.02962372772240944	0.16193662120283436
0.030788823367212198	0.028075691696092198	0.1030248209377873	0.16505773760617004	0.06788605407940211	0.2234244935151346	0.03283520257080934	0.16057720822706098	0.02941897924028479	0.15891098876004645
0.03799358419799649	0.025365483361265956	0.10223105844153153	0.1820800052035632	0.07458762584890237	0.1950515991063665	0.1404274629302757	0.046317401586965	0.0347749322276137	0.16117084709551954
0.027414105960327992	0.03582799938065043	0.10624050479147493	0.16873324934983358	0.09149313979810322	0.2160726221418146	0.08900856476795681	0.0646184258945946	0.0352928450013025	0.16529854291394136
0.025524942092301564	0.03059499131729422	0.10056864869711178	0.2759011961764733	0.07089665831146104	0.1949537039340557	0.01914580814112954	0.09717816402389445	0.03422661450505106	0.1510092728012274
0.03726575627344708	0.03511580919249464	0.09934978940657957	0.1757747741199527	0.06777542064986233	0.1811626332626803	0.015340812997084535	0.1860783925781921	0.04019151032236204	0.16194510119734468
0.031419422396325974	0.02996699131353195	0.10466636180599205	0.1214305514892578	0.07504758946786268	0.21574134088818978	0.13431187711779485	0.1014873334377459	0.043724941408920526	0.1422035906743785
0.036611807966372686	0.026168390457938936	0.1105473765450485	0.07148358172744992	0.07542721256836896	0.2203037123522103	0.10742724755413062	0.17052814847067754	0.03759188166536188	0.14391064069244064
0.026029376940901294	0.038409290755715045	0.12627494286246427	0.02195623176528891	0.06814427799154814	0.22815240296357653	0.15500548134908881	0.1154526708338098	0.04448906888370738	0.17608625565389985
0.035592191304541276	0.03458538275856156	0.12488269891213394	0.12210410331613292	0.07395171015330271	0.1832938933508499	0.1334912289120982	0.0922814673714217	0.03492723328075413	0.1648900906402037
0.032155041122391315	0.03457903393496241	0.11647178895262808	0.116473260981361	0.08730830506461995	0.19833156897011756	0.12371059711714014	0.08571129817536506	0.03917410173460086	0.16608500394681364
0.027366926795294857	0.034824469943430664	0.11624935929445201	0.11815394303189793	0.07091482643176841	0.21428493430810536	0.023516799296901897	0.17257724944672304	0.04378636211695157	0.1783251293344743
0.022674567109567043	0.039694020493777224	0.11367670659153276	0.19802978375803573	0.0813952941706658	0.19021634453739775	0.0314100300950534	0.13185771939175062	0.04313080706541799	0.14791472678680176
0.025713694645052423	0.03886568489637662	0.10626550154424574	0.2719104072777821	0.08040462022788798	0.18689485327601826	0.0279516688475812	0.047466746278034336	0.04432464481348816	0.1702021781935332
0.03712037948648926	0.026534837247977533	0.09885909833536065	0.30058767894124566	0.06746437953906556	0.18142362966986203	0.01148243600641019	0.07122879669816075	0.037791626377529246	0.16750713769789916
0.023922990442970957	0.027302320818119077	0.09822906039902665	0.28388376237152185	0.08041474748382912	0.1874659362455026	0.03842685274558634	0.07915779387489366	0.04176715936655143	0.13942937625199828
0.025933979804985727	0.02978384712107532	0.09851210597076611	0.1539039203315053	0.09229065904392333	0.2085372221149215	0.07163048541688923	0.13117553991330497	0.04241764419390648	0.14581459608872202
0.03595858349283003	0.039125027267981824	0.11879145672781413	0.05255194950976241	0.07157335005787545	0.22216991089947669	0.14556404686457153	0.12855952690779168	0.030846658305648242	0.15485948996624802
0.03553488798981645	0.03976914211101967	0.1002671352196038	0.10391795372746002	0.0772262676446924	0.22587617680229283	0.12045294020686166	0.11207894664862197	0.032738011774596745	0.15213853787503445
0.03888238877948019	0.030727917568158222	0.11045271379454479	0.18426543084914965	0.06964671763081008	0.19594081031499355	0.089330643709594	0.0919921520519433	0.04006872909167758	0.14869249620964864
0.02982022409991364	0.038065992107547186	0.10715491787958109	0.10760269175970584	0.08727516738650688	0.22606357375634123	0.1494865661849778	0.04601766580066931	0.041853529909020123	0.16665967111573693
0.03555264220399189	0.030217362809243573	0.11033271976132661	0.2505769182631858	0.07076425601836114	0.17427407109291831	0.06993464384371391	0.05885630805804401	0.03439561008105059	0.16509546786816423
0.029941484380347508	0.039614322950000926	0.12338617310914728	0.11787723580296922	0.06733855053613888	0.2241210747451844	0.06992472898221702	0.11639476619788505	0.030466635476864568	0.1809350278192452
0.033923483795898574	0.02612425792476733	0.11658771956125227	0.039388730599640175	0.07204165074762153	0.2200499751266478	0.11070788452525948	0.17037538451334333	0.03052249463807466	0.18027841856749485
0.025717236088341658	0.041618060388208734	0.1157838681464513	0.138663920492586	0.08288432586362268	0.17510332553376218	0.05271701956533338	0.16211412995075145	0.03802182061778666	0.16737629335315599
0.02357104548909164	0.027378054449428285	0.10976791347262746	0.26690231353108945	0.07403645177145698	0.18289497664732038	0.02958952921215774	0.08445752550882792	0.03677504385039326	0.16462714606760692
0.0293340600524752	0.025082823804426058	0.12422120878624932	0.19789649946942048	0.08900613602921424	0.18942005674689116	0.02573575601557851	0.11723048482037524	0.037280793705605594	0.16479218056976433
0.029696627928975025	0.036494209625798815	0.12705427316171022	0.10297620280044605	0.06675221456296163	0.20510607076123255	0.02826663413338533	0.22245185651235913	0.03824643872036251	0.14295547179276874
0.03753941661453442	0.03941223411652811	0.1218160358730163	0.0845151743389947	0.07382866883498126	0.2153900771911169	0.03289792256925486	0.22287906095891422	0.03267911485613964	0.1390422946465196
0.02832142783243015	0.03894969991253717	0.11172092818421957	0.08742828092069554	0.08502161972911865	0.2147366083827721	0.060246343642121836	0.16755440553590384	0.03584262432087755	0.17017806153932363
0.03964820359772129	0.02558289958143141	0.11658755791833504	0.15638382809700818	0.08097643219845065	0.18615609402507133	0.09623986334239341	0.08976358588068278	0.04230844601711982	0.16635308934178605
0.03543726139105592	0.035810051058008066	0.11112787322772899	0.06983668424687739	0.08612260596910915	0.1801821997727126	0.16238658858431668	0.11941653161420943	0.03490548414296267	0.16477471999301913
0.02222618465523346	0.027570424521603604	0.1234262336282775	0.263038390093746	0.08119314113018153	0.17448709165406065	0.034802744426172164	0.07899637377357635	0.02900494025850832	0.16525447585864045
0.03149900112884757	0.04033237794252559	0.12712386802841363	0.1801163016395756	0.06623014899803129	0.1947477451547428	0.10488035668096937	0.06541765249757597	0.03861423966283512	0.15103830826648304
0.03978518549310786	0.03775050470052582	0.11169647975739251	0.14000537012396397	0.08172488565421404	0.18379896648451194	0.04435851743901117	0.16256378575747954	0.036757142827813574	0.1615591617619796
0.032529880401908406	0.031889045454351464	0.12237986526487094	0.08621270750840165	0.0679408251231402	0.2222531973170842	0.01948158738203258	0.21696947854675602	0.03010277379601227	0.17024063920544225
0.037767836092910276	0.03883668198263501	0.1017592054570303	0.026023099829574833	0.08594563960868504	0.21698008955457926	0.12764859457630842	0.16825838069668592	0.035727860469516745	0.1610526117320742
0.025337523355111843	0.03249732390900158	0.12112518367219398	0.1005447956976768	0.07933963006135177	0.22083155758747564	0.07305916719499986	0.14271152150130204	0.038316043644599805	0.16623725337628673
0.030726771430649807	0.024556993833349305	0.1087530132678844	0.21604251088857718	0.06669039460611498	0.17779424871935912	0.10748808657075574	0.05299231847012333	0.03820044658085945	0.17675521563232666
0.028215625653228132	0.03451359336827829	0.11461504240234402	0.12766002957579223	0.0717421736934321	0.19998243773486113	0.1531376779147884	0.06087784372163641	0.03128377885074665	0.1779717970848927
0.029554175563041893	0.03492143146765225	0.11745945129210064	0.07361475303529262	0.07982381984981123	0.21836762881934577	0.13425623864390004	0.09128085767848704	0.040900210700282005	0.17982143295008657
0.037303049449369866	0.03035063686674655	0.12203218982339295	0.10803442918332395	0.07453944616312558	0.1748047554478095	0.14331464203247204	0.11656632223469737	0.030402506136807186	0.162652022662255
0.03429085150149033	0.02722323224358464	0.10883205489288619	0.14800623130571983	0.06780274316714714	0.1800625044364974	0.07334188672807615	0.16589265448609158	0.040574586134401715	0.1539732551041051
0.025414040766388604	0.03273005056529868	0.11286958260588442	0.22414097752866818	0.07800972082667985	0.21734881461984318	0.047266782081096206	0.06740551711878442	0.02901187843185747	0.165802635455499
0.03145943602556141	0.03579381403173898	0.10237308231781372	0.23273588028662523	0.08658736917997034	0.18107544670731002	0.07085511458860463	0.07907490626877858	0.03740284967070183	0.14264210092289528
0.02439328441685827	0.03322236235957751	0.10731844944636697	0.1606880498311774	0.09178627141430462	0.21117043833516963	0.04228282231647937	0.14200515599163221	0.03424323896388351	0.1528899269245505
0.033292254352485284	0.03147379201468843	0.1045789218581296	0.18627037981257313	0.06973093242252966	0.2273582595092703	0.014923277844955896	0.12187967106340575	0.031863884884328175	0.17862862623763381
0.022292712024888486	0.028696679947792958	0.12639957798432713	0.04598538743458564	0.09169709726637833	0.1863356444710031	0.0627711768883589	0.22630955310297185	0.04091027351918038	0.1686018973605133
0.02993139668392636	0.027749752032834363	0.10314187012841938	0.055376708060745246	0.0836174147441155	0.22134102593156352	0.11283761679712573	0.1715135437239086	0.03768789521341922	0.15680277668394207
0.028832257033548178	0.02999134696599713	0.10185699593956987	0.04141488964055598	0.0768051974403135	0.20671182522595377	0.1596347909835646	0.1703491641131064	0.03611333207536174	0.14829020058202885
0.02381436349131899	0.0395523135693923	0.10884762549695622	0.0711577692449818	0.06604317234377033	0.2246325814303637	0.07868724517427306	0.17927192780607462	0.04332966030453568	0.1646633411383333
0.03902787589797092	0.025964691952276922	0.12345641732392706	0.1128919501921378	0.09255144268488391	0.20286673067012073	0.09131570575871627	0.1264153898400961	0.035479567576867876	0.15003022810300243
0.03972019546456291	0.02819264821924916	0.10481001385826098	0.08103110892114357	0.06670377204933362	0.2111017170859357	0.123114380934575	0.1738140144203298	0.02948569436184928	0.14202645468476005
0.025051886407293014	0.030060709471645256	0.10062588031237059	0.16421734378227676	0.06637789268749937	0.18423510669712234	0.024126390750025387	0.195943195648065	0.02966518266028481	0.17969641158341754
0.030322364974843433	0.035979192661046336	0.11012806767490857	0.1524936993438251	0.08970844148768203	0.1694834187602987	0.03839361669483724	0.19001492597345337	0.033089686065859394	0.1503865863632458
0.022248775117815617	0.03460957815175643	0.11370489181368101	0.031166260944327576	0.07903992903199786	0.18540584204913024	0.15292234651517034	0.18088690088806508	0.03756880806091443	0.16244666742714145
0.02761350664256952	0.0360473152857262	0.11072091626216578	0.1179851917781819	0.08472593246400152	0.19883408991226625	0.1188046911458057	0.09269969201538882	0.042068446343322796	0.17050021815057154
0.03787464916437011	0.03631813859792342	0.12454927846198341	0.10343223245097075	0.07690963388058226	0.19153017025814414	0.06895176079177165	0.14785169330594566	0.04266077845129561	0.169921664637013
0.03862148880902219	0.026204249344059502	0.12264938549818644	0.24529700163683604	0.07268046600353414	0.19052398410949034	0.022825578269590294	0.06983651307668512	0.04005012181673129	0.17131121143586464
0.02616993228405584	0.027214275091048137	0.10800065279815377	0.1974901012167518	0.08636482650486531	0.19011120844026808	0.04042218550105179	0.10957859984877091	0.035740440911340945	0.17890777740369346
0.03483992549024231	0.030980781600267862	0.10518521616441401	0.28721020643653256	0.06883680662266878	0.17116725003201	0.050947258544806244	0.0665648800381495	0.03739580793753551	0.14687186713337327
0.02452102783121897	0.02903327182016055	0.1251139555270845	0.27280444373323093	0.07687571898224665	0.16734159379215147	0.05648187919184129	0.06230093180357538	0.03988534119095541	0.1456418361275349
0.0318791880491336	0.026279249314907285	0.11852688188033561	0.21851318302999795	0.08350333054039648	0.17599610078277708	0.09238243638555546	0.04608815299843116	0.04092444628627545	0.16590703073219
0.03535413335996261	0.02711160072291814	0.11488286280662736	0.2340271727314419	0.0873644879701016	0.2079266089232794	0.025628832990662598	0.08813976183622514	0.03969900668939293	0.13986553196938825
0.038899901835509836	0.0407058558351214	0.09965365233695941	0.216807820835342	0.07358628763302398	0.20077896177283777	0.06016872391262736	0.05829396016826555	0.043024559254430744	0.1680802764158819
0.02898769034072414	0.0413170961747197	0.11830274036978543	0.14392299787228705	0.07103998452240201	0.1899897313023112	0.13432175216608744	0.08025863736196011	0.03145725133638948	0.16040211855333342
0.029206119878054174	0.03489114572840532	0.10592774899002941	0.1981158219001328	0.07424553251858666	0.2257487286527956	0.025440703316675112	0.10677415231368695	0.03497761046975796	0.164672436231876
0.037140825879423606	0.04127800413312357	0.12070781114038814	0.09800605234070928	0.0711993606701688	0.22748270519738012	0.02961842613459935	0.2032450934150964	0.033645627403292494	0.13767609368581823
0.022802560268059754	0.02772324832461799	0.11155167498049422	0.038562871544343666	0.0739973482644456	0.21296221612991814	0.1563231668282241	0.17019153212129895	0.04441375966070297	0.14147162187789458
0.02723602823358212	0.034963967502092685	0.10936218083379778	0.11418453819555434	0.06820348765713868	0.20397671558900632	0.1038842141115095	0.12340596257766544	0.03822487683937116	0.17655802846028196
0.023879068433445755	0.027426477992832196	0.12127619992377002	0.0575182854594861	0.07439488807582091	0.21777067421299545	0.16204196895123738	0.10929491656630244	0.04173124057954708	0.16466627980456267
0.037007512200792056	0.024394726229972782	0.10053525950356121	0.11126921868038307	0.08108329707640971	0.2041360174116027	0.13983378757109602	0.1082148921252162	0.035955530876275635	0.1575697583246906
0.024161074309167155	0.03233552458961719	0.10659345903020238	0.1376926185853328	0.08121456577991698	0.1775454808664721	0.030218887739720812	0.19790192558860364	0.03725407519081181	0.17508238832015519
0.029345109789514878	0.03838242976053021	0.1024717295683672	0.16082284557817839	0.06753235860136698	0.18686326256744323	0.03252829143996662	0.19079769794219703	0.03604353289710399	0.15521274185533154
0.03210033483288223	0.03625169085639417	0.11404453421657942	0.0743944971677284	0.07087252575912452	0.20413631792339654	0.12018642214618845	0.13282012027686727	0.04289176780690513	0.17230178901393392
0.024451243482516524	0.03994493305382733	0.10607291644744357	0.12882329532335052	0.08667891216103321	0.19831642962496165	0.01619356603734355	0.2147715885826263	0.036068555522344045	0.1486785597645533
0.030633400191697732	0.03511387271684052	0.1188697456537362	0.06320976926769019	0.08330759888473299	0.20184152703216107	0.16003007940378317	0.11891434082911918	0.04045116057597799	0.14762850544426095
0.031852986316746004	0.032310338044642256	0.1068627159220554	0.041168455631544996	0.08161655807337602	0.18746216310857788	0.1507721838757785	0.14973173731317577	0.03836018427019226	0.17986267744391093
0.032428390924583134	0.03174061166713066	0.11748570204805034	0.1339270514705956	0.07486669942706127	0.20948146574260093	0.046675090209624494	0.15228777434706176	0.03172940221387373	0.1693778119494181
0.023041860877447015	0.0400433895036234	0.12077789865181203	0.18125233385608236	0.070884645050008	0.18547268254107324	0.030102001904446687	0.14923625076462643	0.0421798907980256	0.15700904605285526
0.02787876436488651	0.039230879095487114	0.11847084020584717	0.22262591771246834	0.08153849770969436	0.18201578142383484	0.05678991154390818	0.05909252875096903	0.042974224137899676	0.16938265505500483
0.023235057428891398	0.03626472039918088	0.11311960723211578	0.26007729433447707	0.07628907644642494	0.2021692323459668	0.038676454503873435	0.05061647160165096	0.041421672953197465	0.15813041275422127
0.023978454421639997	0.027358598036851506	0.12639239524589133	0.24649757364736619	0.089487105063541	0.20691454049064578	0.012943357094457028	0.0523617763500382	0.0446429624041607	0.16942323724540834
0.03388935840876384	0.0341753007803883	0.10789856356047492	0.14468898348236214	0.08290705088762607	0.2188943302846169	0.06090460704904656	0.1266336933679279	0.03210962238174982	0.15789848979704357
0.03519729949499956	0.03801927845338768	0.12340239156758409	0.14329596039786685	0.0752002735111307	0.17479797707351016	0.1114122773558186	0.09582507953545179	0.042188054007902175	0.16066140860234834
0.025616138775508154	0.04183201111151537	0.12492643777554445	0.18995076316346632	0.09010812860911346	0.16918566463400603	0.0638195953638504	0.08138019866575227	0.04213473885411328	0.1710463230471303
0.03768079689362022	0.037193235085866166	0.12429427878055155	0.24482134310538634	0.07068208480835753	0.17231184506500294	0.051812043574397816	0.07867151498598907	0.03495381666268188	0.14757904103814645
0.02555473842160086	0.03335644944222507	0.1161846499465049	0.17124965443466011	0.06930750999004465	0.21467577634118873	0.09414984616488917	0.06369379171146575	0.03395865588093096	0.17786892766648985
0.024209376474039104	0.02491712131967963	0.11030442875603745	0.17121995296062822	0.0673321143788982	0.22220775502425155	0.14528747535087316	0.057548241853911636	0.030217533308562	0.14675600057311902
0.032977069703037626	0.03872184748162987	0.09831929304314983	0.23281598051074343	0.0932339297560126	0.20028275537391405	0.06559034783215612	0.05223138975626662	0.04242638104633525	0.14340100549675472
0.039060383849514865	0.03032335341853863	0.1268730679199368	0.13198657171906344	0.0938250206744368	0.17622372923052493	0.12223973434363652	0.07745652733611252	0.042063235897484515	0.15994837561075098
0.0371158554251691	0.040739170737352934	0.11561559392961845	0.07473376812988228	0.089916123156607	0.2274644691841729	0.16292477351602236	0.05977599035525072	0.03011185486255992	0.16160240070336437
0.02493294798128852	0.030801185807178263	0.10833777542075276	0.05745570805956318	0.08363771560759911	0.2013126365071145	0.14788714310597742	0.16489841335486172	0.029878561879551402	0.15085791227611312
0.03501329037705192	0.028658860084265672	0.1262917900790351	0.10094230175555888	0.07456257282010016	0.18594718468000732	0.051803491786983555	0.17502545626004667	0.04366364225343598	0.17809140990351474
0.03309026603860951	0.026860499594963477	0.10512304361015173	0.1464413070902843	0.06970368550128342	0.20627762760844698	0.016878006195044468	0.18931919761525268	0.04181945801175532	0.16448690873420815
0.037074510618151216	0.025851620610699566	0.1258346448228294	0.1379821952195754	0.0762611490427886	0.16794299402044777	0.05152277438687245	0.1862390534086099	0.03286163424515781	0.1584294236248678
0.02819708607697781	0.026596935875194988	0.11371680505391876	0.08146448505055165	0.08658562312272032	0.22610913773567343	0.011082441018580955	0.22360533094268858	0.03622086599286689	0.1664212891308266
0.025896615912272145	0.03155618945228987	0.1066055632798307	0.019159026759042713	0.07349016492156797	0.2179905027198793	0.15851036826820383	0.1769634194407255	0.033107367443478905	0.1567207818027091
0.03865423628815209	0.04024333445192971	0.09836996292541153	0.07560592175538094	0.09078463345379112	0.2261105571852784	0.040598499109728174	0.19748102855105	0.035077835376712385	0.15707399090256569
0.029950743912695213	0.0348942988112903	0.12181628369212087	0.10755983215134982	0.0789452833332542	0.19247511750848573	0.03353350051207406	0.20190293789118566	0.0312949813705673	0.1676270208169769
0.03118509224014407	0.03927624240650983	0.1117221027380225	0.04203775472339046	0.08004691834819742	0.2003846363826745	0.1612426230299085	0.14180564797241124	0.03379881731673706	0.15850016484200447
0.03242340691949171	0.02925676009870752	0.112055277118833	0.08088595071096176	0.07339044618786084	0.2142087062029595	0.07240018940179771	0.19216891917821816	0.035871409372542254	0.15733893480862754
0.035989648379227926	0.03299605351038748	0.10056998994544782	0.09468264620483091	0.06836643713892038	0.21343064348122362	0.07377700402686277	0.16978701682920389	0.039384174404	0.17101638607989522
0.02904258150120853	0.03605382360609205	0.11267438892102548	0.06020631481756731	0.09258765143497298	0.1987939561824429	0.14846282954104098	0.12971629175637445	0.031193851124065627	0.1612683111152097
0.034104514403286657	0.028673484156015533	0.11751687484637403	0.13453681228684314	0.06846683379783339	0.17637582070453356	0.15905062521325478	0.09506500111780136	0.03466491853247303	0.15154511494158449
0.022157784341176878	0.03071058746086376	0.10703377550617674	0.12236886695537329	0.07186102064557838	0.22576971112490452	0.15502251759956365	0.07987395864919766	0.03337627117580369	0.15182550654136145
0.029742291333468174	0.038790213527278475	0.10074867517857289	0.137892905264776	0.08180295843688469	0.17614364594919518	0.15845341476204683	0.10252761805560341	0.03545227401230654	0.1384460034798678
0.026405181162576202	0.04049678449692386	0.12144788627993919	0.18227729939377868	0.06806746275915239	0.18917363009622462	0.018938999101337353	0.136142705150073	0.04414485861106888	0.17290519294892587
0.03263224497900789	0.030416200875444582	0.09839803700861544	0.16126247328504367	0.0759624274062663	0.18568767644411574	0.14396041436347234	0.08607507462035222	0.0314759150585001	0.15412953595918175
0.0234250575625011	0.030698514599692306	0.09989892596123626	0.1952050907289714	0.07046891429921198	0.2129253224040383	0.06756525541161247	0.11212754000679231	0.04093075170150007	0.1467546273244438
0.03293263581635274	0.03980985352710827	0.11499519304934697	0.17628057834478966	0.09364482796453695	0.17324783965813317	0.07980052209496372	0.10209111231173355	0.03771318578897161	0.14948425144406338
0.02223342575005012	0.025803221087500716	0.1202430238815727	0.23997028799730968	0.08602921062772813	0.1969301715161027	0.011171688208947844	0.11512072858658741	0.030087464371663597	0.15241077797253716
0.026443480101143294	0.03639780970531305	0.10809148140811452	0.25013861639985446	0.06693221746568888	0.19118077210244366	0.05298295206449463	0.06111878113903836	0.03837254251232752	0.16834134710158172
0.037859706922842615	0.03540392221356095	0.10624781928655329	0.22317112178713502	0.08120070289472733	0.16941369949992838	0.010982967022632642	0.1366158276290273	0.03433599140623329	0.16476824133735923
0.03392417804080486	0.025697643774076642	0.12422909349799188	0.10659719228213754	0.07343436904378708	0.1890066933829188	0.11774752298076013	0.12460387478825233	0.043874850291505264	0.16088458191776547
