0.1527323233675435	0.041743869432926115	0.21582262067910823	0.11182932283451963	0.052105995269745936	0.08771612830872785	0.2173745650683645	0.12067517503906407
0.15954599146888276	0.04582275295699256	0.19545895411064124	0.11949340765594067	0.07418686891468057	0.06990979861485486	0.21660447287373363	0.1189777534042734
0.14659910009798932	0.04665600496734722	0.21210290666382903	0.13106034072196687	0.06980211663302421	0.07147279619891403	0.21866087117503563	0.10364586354189342
0.14747902776765123	0.05220518480618025	0.20208811077001038	0.13301691789429812	0.06109280639069635	0.06946250506316942	0.21315658298556148	0.12149886432243254
0.14882613017187205	0.04935865502279983	0.20261915301466438	0.11311245601852271	0.07034247383419731	0.08025922699368469	0.21778256400736268	0.11769934093689614
0.1546073373958734	0.03788597453116245	0.2073143203611515	0.12058108242444772	0.056440396151898456	0.0821297004677079	0.2348942439280586	0.10614694473969977
0.14664667793912634	0.045647738174514244	0.20813171472870007	0.11921096147240157	0.06164240950725648	0.0872256303468173	0.21078384566289882	0.12071102216828498
0.15685053578732697	0.04132433938662841	0.21859739677835058	0.1116829426195203	0.05881595580884942	0.07965229526829237	0.2291144252122161	0.10396210913881557
0.15166008181337548	0.038567554685289496	0.21468955480556362	0.1256552475808448	0.04594211144899972	0.07680243682575619	0.23848167797216674	0.10820133486800373
0.1504644813641147	0.03805247847435762	0.20638288691768128	0.12168598054352968	0.07546396766074728	0.08004835860318779	0.2294981162120725	0.09840373022430893
0.15561935597626508	0.03915871582499014	0.19790780607262465	0.1297831830127345	0.08333934850135444	0.06954937071623495	0.21468324885365284	0.10995897104214315
0.15461958034781348	0.040516484811845	0.19887927973841624	0.117447247798321	0.05785998960497925	0.08873998906921501	0.2304609101500391	0.1114765184793707
0.15753400058006245	0.04215375250851014	0.2138766384083342	0.117570030572009	0.06229314445594117	0.08847940227475859	0.21948473366777002	0.0986082975326142
0.15638313981524044	0.0546224664187446	0.21283010486169784	0.11302735950491016	0.0526717039710799	0.07379994184903653	0.22060292643946333	0.11606235713982697
0.1482089457011065	0.05214883510988526	0.1989842746003802	0.10852623665197135	0.07163954193666991	0.07763422307054768	0.23554337137751216	0.10731457155192675
0.1621878846038268	0.04226542655664248	0.21420856235871394	0.11102478146453768	0.08259216503130173	0.09012818304224514	0.19793171261337117	0.0996612843293608
0.1653580993827205	0.05077241459907121	0.20603221984399706	0.13242925289012578	0.05178572111752443	0.08393757428304534	0.20448461950402338	0.10520009837949211
0.14679536696301837	0.04829610683198016	0.2070328641179731	0.12679606391268128	0.07851117237522207	0.0876071778935684	0.20722837897316923	0.0977328689323872
0.16027385267980956	0.05282103985848763	0.21172068358730142	0.13215310681776254	0.048142361068179096	0.07035383989707042	0.2189600570471435	0.10557505904424559
0.14629014212229188	0.04066210571603343	0.21330245819828259	0.123039175277604	0.05359418899217969	0.08778473993318014	0.23026492016101338	0.10506226959941466
0.1591734861074864	0.04351499550994638	0.217994505787458	0.11165984012316284	0.06334715269830452	0.07816848160909545	0.21153629755407524	0.11460524061047092
0.1530228491171371	0.04983954320813788	0.21513882549652957	0.13413182764027984	0.05564375369588534	0.07871560781421325	0.20036022010652374	0.11314737292129304
0.14901179305381568	0.04232073509408159	0.2055812202369724	0.13061966206195563	0.061077243934946845	0.07287324592837181	0.21983669379127269	0.11867940589858313
0.15557764684721842	0.048072314248769246	0.2030667579678631	0.1127920900739679	0.06740618987062366	0.08744562275702983	0.21616848288436707	0.10947089535016055
0.1491532912313261	0.052637059396423116	0.194445153979179	0.12877592635858703	0.07118810825313092	0.07646456417611056	0.22611460806781336	0.10122128853742973
0.15096768366282687	0.05591316844065462	0.22048473334830604	0.1153894463960593	0.06531506527683416	0.07897840187880924	0.2110821208822879	0.10186938011422166
0.1467831573124361	0.0394379360385501	0.20725767525526648	0.13490068543490405	0.085477792781863	0.07760765485697962	0.2003990233603249	0.10813607495967552
0.16113440241709825	0.05140112395172812	0.19384274154135436	0.1317699008897427	0.053323458357212306	0.07244798196762993	0.22061001912280653	0.11547037175242761
0.15868321880482883	0.041869699879726774	0.19518244084460135	0.11332635980578587	0.0781967892041588	0.07803696800533258	0.2202794444129041	0.11442507904266146
0.15360586117910685	0.04095340097973467	0.21424612554491945	0.12469479414444531	0.054301713793837164	0.09165149685339226	0.21674838249585854	0.10379822500870556
0.1572477971960011	0.04602784971867954	0.21346429238673326	0.1273966407025505	0.056869040906014995	0.08598836890823067	0.2083126717081148	0.10469333847367493
0.15761219982637342	0.04922040434094109	0.2169993395949834	0.10836039050637063	0.053732094485527696	0.08253415928876223	0.2249963233671903	0.10654508858985103
0.16223269631752665	0.047845196375563406	0.19701512731268267	0.11869390070997168	0.07085217113430599	0.09419062623736627	0.2116301843374189	0.0975400975751642
0.1505656562630784	0.041356519385942286	0.19626928860281306	0.11978089695102556	0.06873752368141237	0.09062157564624115	0.23569118080672247	0.09697735866276447
0.16388972794787166	0.04234769770682063	0.19432132049260462	0.12707571900622583	0.06980024151806451	0.08386343114151534	0.2125169400196431	0.10618492216725406
0.15560430306881026	0.04538592690169628	0.2052485182020446	0.11407370240248076	0.06369521953638362	0.08922927098686184	0.21169687365052392	0.11506618525119845
0.14618557283876452	0.04596552891459593	0.22081520659179354	0.10981836013189633	0.05916388835409066	0.09259843283330416	0.22579290834105376	0.09966010199450089
0.15744136953591753	0.04015737045623567	0.21672534540434446	0.1089979163312077	0.06308349534089858	0.0904811734630818	0.21123343803626857	0.11187989143204545
0.16036247554978278	0.052966111423799214	0.20108748844172242	0.12809400590324296	0.06495698786783427	0.07627036120698541	0.21294731587240573	0.10331525373422697
0.14951447182760225	0.055873031461318	0.19475208097867996	0.11182205300807184	0.05951048156506965	0.09400758051281528	0.21394099624420243	0.1205793044022403
0.1518579008733167	0.04222447901175856	0.204599986173659	0.1265665196934627	0.06163137475295247	0.08452862342870716	0.21121700498068274	0.11737411108546046
0.15266477175007198	0.045245001865625634	0.2024821415698404	0.11587802550685668	0.058735374443919186	0.09311918922963393	0.23538323249217133	0.09649226314188067
0.16246340607276574	0.03885981706215445	0.19942668265370722	0.13092452432301296	0.05632888966671516	0.09232168455175435	0.2183235837454645	0.10135141192442543
0.1521524351078208	0.037821777036701545	0.19569853210513288	0.12332486307271347	0.06687609704753304	0.07785645039726723	0.2354060499947715	0.11086379523805931
0.15576111836245582	0.043096674920645825	0.2024692141842116	0.11424915676934877	0.07632918995880661	0.08428343290506651	0.2091616702868715	0.11464954261259316
0.16284810951115392	0.03900596513568429	0.21167163714666032	0.11117238456566839	0.061534655137358105	0.09353258154019048	0.20020517417504907	0.12002949278823526
0.16370373551088027	0.041906263043296615	0.19787144590982841	0.1320468959096608	0.07386442915950833	0.08071185951793161	0.21014551308039803	0.09974985786849572
0.14882115783804245	0.03914224646288496	0.21241860553119843	0.11475716653067594	0.08458136358856688	0.09102628420039648	0.20625294524833104	0.10300023059990354
0.16293704056029296	0.057530280222465466	0.19386114769624396	0.1204967381388031	0.08401498429068688	0.0817138208086241	0.19803394017459375	0.10141204810828955
0.15176589098100873	0.046493061278373285	0.21676387853709797	0.11784817894456742	0.06456442086651162	0.08732768195700402	0.19968779818173388	0.11554908925370283
0.14759578168699192	0.04042221175293323	0.21494040521895663	0.13003925720975357	0.0856363184779394	0.07891634176012935	0.20222079538574111	0.1002288885075546
0.15153021761445035	0.03946832188577426	0.2012001898163298	0.1162326223628663	0.05786226506287624	0.0878824672079505	0.23776869264086445	0.10805522340888785
0.1579786105148815	0.04705853647945753	0.2023237820095602	0.11569785898241727	0.06997558860821945	0.07959794296657846	0.21425514679289026	0.11311253364599513
0.14883149488652792	0.0564893949110179	0.20574021699941036	0.13421928962274066	0.06622652645292278	0.08521377765612775	0.20066852774855903	0.10261077172269337
0.1498278650313473	0.039553572648668586	0.21084759418274313	0.11352921824734416	0.0747245379906338	0.09343917607166037	0.20382256235002116	0.11425547347758133
0.14713267951969056	0.040408280655454806	0.1954018733255638	0.12250219464300749	0.07434911651614913	0.08310294751865081	0.23552250248680057	0.10158040533468261
0.14911454153886178	0.04246243484514908	0.21531070584353823	0.11020082762307323	0.057143196272092855	0.06990797404604836	0.23429156949010954	0.1215687503411268
0.155056991431684	0.04310983573125696	0.19484129538538886	0.11591458355309141	0.07973582499394558	0.08387673080571056	0.20939401255421577	0.1180707255447066
0.1633363503295841	0.05401106458511801	0.21126453230212752	0.11534558454151342	0.06567504553292425	0.0814125640831546	0.20672288909920464	0.10223196952637326
0.15985470347618935	0.0561386188399246	0.20687765698747562	0.11318672497590793	0.06890684165720215	0.07796658221132327	0.1963183637978505	0.12075050805412633
0.16440297180394603	0.054169976140146806	0.20012006528029597	0.12059480779535245	0.05011692540182326	0.08979782797064398	0.20498057638186845	0.11581684922592284
0.16290323573915771	0.05467779182302723	0.2004327091474759	0.1305799530446642	0.060818529516751096	0.09127574073678123	0.20056208501098716	0.0987499549811553
0.15047124688782	0.037960536996086286	0.2127415101915558	0.12405798199128391	0.0723380999037348	0.08296862450244463	0.19946972786081346	0.11999227166626092
0.16325331813261745	0.046489514865490064	0.20126562573053425	0.11009376801801621	0.07570205246552013	0.08532073689240054	0.2013396983297277	0.11653528556569344
0.15158460036121044	0.048628545219569344	0.19641596815655368	0.11597704431555972	0.07405470429731908	0.07227347721914455	0.2329569174481939	0.10810874298244907
0.15978018273126993	0.044002106716664796	0.19675694226635376	0.13102233305804808	0.06319990784248192	0.06961544653915488	0.22895084508451974	0.1066722357615067
0.15665001025162936	0.05008991563167782	0.20657856141973874	0.10979611187085227	0.06757516781734874	0.08396708357927929	0.22646085571569574	0.0988822937137778
0.14625838258541002	0.04588402540525334	0.21952229695260939	0.11783242964005324	0.059014243702942754	0.08043885594612601	0.21310800922241319	0.11794175654519176
0.15389292936445298	0.04907668937354902	0.2178494928607746	0.1345833011206751	0.04882717022413502	0.07003046754682316	0.22211215768866568	0.10362779182092424
0.16108210620020968	0.053468048668603566	0.20409482767782774	0.12194439025758412	0.05489852454136679	0.08168415941303775	0.20342739521731434	0.11940054802405581
0.15878318582765885	0.03896935362191563	0.2155028639388336	0.11356999778402868	0.07225244158053001	0.0810893407261831	0.21810489853608256	0.10172791798476735
0.16353724390992497	0.04363591490623453	0.21558736363241124	0.10839273674122654	0.08497189452193132	0.08132500174876071	0.19714294190412407	0.10540690263538632
0.15098975193913078	0.04889942503051732	0.19734608131543457	0.11243976589925626	0.07633932905954346	0.0767180332100018	0.21991621363780994	0.11735139990830555
0.15246983566621183	0.039369985053454806	0.21571230525910207	0.12360787866153228	0.0581938417478859	0.09223275556722589	0.20919449742505947	0.10921890061952755
0.1467447523853443	0.04920155478045078	0.21287328219776097	0.12949091947121605	0.052909352931615014	0.0851710588760028	0.20914401508194153	0.11446506427566833
0.14746576697734753	0.04541660775176315	0.21909993201985783	0.12631373872974186	0.05675063847654774	0.07524472423959194	0.22532497948417385	0.1043836123209759
0.15619766912257546	0.052085707967640255	0.20483271099181966	0.12964707967628375	0.07162927020807802	0.07973268742764589	0.207225082753706	0.09864979185225073
0.1526137865804755	0.047954584027100025	0.20910234511195835	0.11633211803691924	0.058702690998868365	0.0816730878683889	0.23447648628721818	0.09914490108907117
0.16515178816162712	0.0421570380972405	0.20244303109592754	0.11689394145780686	0.0628812736382654	0.07145603798288364	0.239142508080056	0.09987438148619276
0.15690049664934735	0.03927038970650834	0.21183842959071397	0.11113405407709114	0.07471636525698913	0.08065101827558085	0.21474814650413032	0.11074109993963868
0.1518226724843347	0.044377072835531814	0.2025500532997151	0.11142536657409863	0.058573779989307184	0.09025347517847018	0.23104437795116461	0.10995320168737752
0.14644381582138144	0.056365536887069925	0.20021222802372535	0.12403427652423406	0.057923409914074867	0.07975552495396634	0.21497736198740078	0.12028784588814698
0.1564943086889213	0.044081586373854426	0.2178077193896008	0.1229330884485484	0.0578261579664532	0.08209150881529101	0.1981717544923873	0.12059387582494331
0.1651388340547942	0.04600678321505475	0.20458887879825832	0.1299777768160952	0.05551777449862949	0.0782735342149288	0.21673529399092523	0.10376112441131372
0.16203314308580904	0.03799250882784118	0.19449884163179842	0.13019754376133277	0.04708101263936822	0.09410903977550507	0.2183733428097201	0.11571456746862498
0.16149129134436563	0.055668766932741295	0.20532987351893103	0.11269426137396346	0.06680548237208285	0.07782599709025413	0.2143290015805294	0.105855325787132
0.16042908199652492	0.05339657017753521	0.19619880711252208	0.11526906210733792	0.07386878719847566	0.08986237164010798	0.19646387852491948	0.1145114412425765
0.16003943426916722	0.040835037994823686	0.19397850855183063	0.1278275565591799	0.05261055029830122	0.08156144635683507	0.2391082636464028	0.1040392023234592
0.1506739446737273	0.03961806562404824	0.21446948949463704	0.13377360017114368	0.04886485389143384	0.07841720172692435	0.2274138877224764	0.10676895669560894
0.15576651723097573	0.05503694850479918	0.20078967476233836	0.11252830483431739	0.055875705679068965	0.08774257361652044	0.22790079000777508	0.10435948536420464
0.14770029932837833	0.05528082664418492	0.19473157038751704	0.11322527963545043	0.05929719572452537	0.08826955907387635	0.24058422809227104	0.10091104111379633
0.15856915306848	0.03975425618092154	0.21039181939577833	0.11892819807287199	0.05173562149461494	0.07969081798651641	0.2295655131862023	0.11136462061461425
0.1547629430661537	0.04136295794741117	0.2085678271511346	0.1129991833014334	0.08243136898917086	0.08096263217013155	0.22069185646094863	0.09822123091361584
0.15671769497500398	0.03863330248288016	0.19673926371351413	0.12963921247815732	0.07525605845851766	0.0745128214005009	0.2191065455276117	0.10939510096381388
0.15984817518426164	0.05643286285313967	0.1941770295051532	0.1210520311231903	0.049232916475733524	0.07116847971215126	0.23908885840039812	0.10899964674597204
0.16002566479426858	0.054474421834120546	0.20734900291802805	0.11478277931698247	0.05463652993735468	0.08600900472558712	0.21381244175926184	0.10891015471439647
0.15005614651158167	0.04704665183983241	0.21580196792902273	0.11471519488107684	0.05168314153596351	0.09365727671628887	0.22408020780211185	0.10295941278412193
0.14616410644408095	0.056590066546916465	0.21573547943495314	0.11406054118455328	0.04882330669139191	0.07387534388094737	0.23844451994239224	0.10630663587476442
0.15472366051145184	0.04051628799617833	0.21173970173339918	0.11748934833058794	0.0575583952924464	0.06924413708457666	0.23799941201512448	0.11072905703623498
0.16430227634695804	0.04276460671950509	0.2094754588533001	0.11478191250241265	0.05434000499784007	0.08277717293928658	0.21823559520616712	0.11332297243453018
0.14645982933650822	0.04083439378426157	0.21810817608038552	0.11161689167056424	0.06970941311171935	0.08281672393581205	0.21004982754401552	0.12040474453673326
0.1585741771587919	0.04598839546494031	0.20448645973800886	0.11554895969857504	0.056459803773758296	0.08280773704121444	0.21790535497730845	0.11822911214740241
0.15645560464309674	0.0473078347959124	0.21851101517108162	0.13479576778182986	0.05450805649776329	0.07166319416017078	0.20058071835077293	0.11617780859937216
0.15431121889233163	0.052369623988900466	0.19679546965762307	0.13308393913520128	0.05885265442554824	0.08112524819440878	0.20265070858591222	0.12081113712007413
0.1555545453866774	0.04909047254364078	0.21921382553119476	0.12730102094240728	0.05422842800923558	0.07237013686472585	0.21332266855247187	0.10891890216964628
0.15851489565571275	0.038637709285748195	0.2064898162492579	0.11690022286744123	0.06411251656750143	0.07606781355348963	0.23839522482505693	0.10088180099579172
0.1535535854473984	0.05136482193824776	0.20910817039721374	0.11217416777870502	0.07742778204860176	0.07892328654971002	0.20601561494939186	0.11143257089073123
0.16172372441822397	0.05095961780656755	0.2149960622942616	0.11458525120422011	0.05395380788721983	0.08021868601035448	0.2134547726022724	0.11010807777687981
0.15749933791680182	0.05401003081576358	0.21300053417501347	0.1211013914142806	0.07961518412504426	0.08059299024904992	0.19707823240085892	0.09710229890318724
0.16545981203601978	0.03916410556850733	0.19919104615472744	0.1283325174744114	0.05336046538225646	0.07920852912206244	0.22150080934029065	0.11378271492172433
0.16417457498293378	0.053970335542459225	0.2143471032517601	0.1167793423410942	0.045864524380920604	0.0936380214487508	0.19860354292375137	0.11262255512832964
0.14773555300931707	0.042753271963627215	0.19816005605761494	0.11586436330661222	0.06944418195778214	0.08613847852511428	0.2355799365448965	0.10432415863503539
0.15879059484996264	0.052565235940013305	0.20293559651545506	0.13087495226285153	0.06560952821827892	0.08105869852374692	0.20192036102992367	0.10624503265976777
0.15311291559031412	0.03898379089248802	0.20997673852904689	0.12416621871267189	0.07121547676300474	0.08886085926232658	0.20304111699949257	0.11064288325065497
0.15535038185308978	0.04125452369815495	0.20220938475730194	0.13400944638486148	0.0664496647403727	0.08051975176845746	0.21103393203915724	0.1091729147586042
0.1564987738530539	0.043761493152940006	0.2129260709319396	0.12616211351311168	0.04994749362156169	0.07835371105184248	0.21230906804981362	0.12004127582573676
0.15324824961105968	0.04712284706718384	0.22059569137128898	0.12546374057004256	0.046908447487201424	0.09339769451453048	0.20536049727222022	0.1079028321064726
0.15483062294506741	0.05509374926984355	0.20563669554712877	0.11190666859064897	0.07067531850135371	0.08014429935669648	0.2149380783488183	0.10677456744044256
0.16332814018044872	0.04381053632528534	0.19659396387542988	0.1177437808380898	0.0526483009231503	0.07718363877319022	0.22762534226043057	0.12106629682397493
0.1640039017524798	0.04346938555233221	0.199193388309931	0.11285585781000414	0.05771050985644273	0.08157729507782949	0.22019203129812967	0.12099763034285074
0.16554971908693022	0.051728548748428416	0.198948802205748	0.10886176537034488	0.06562807707437679	0.09319480007976508	0.21144621004729283	0.10464207738711354
0.15345380079773768	0.04325246834246066	0.20153191598252845	0.1283468637386019	0.059077753929953264	0.07652174046885621	0.23260792789558216	0.10520752884427945
0.1644528188066487	0.04205392184360904	0.19646645375026756	0.12188190674063346	0.06793943911853326	0.07410108828075122	0.22031323029041064	0.11279114116914589
0.15767360359641455	0.05388220778098293	0.1983116069960949	0.12371188890437347	0.050975304507562075	0.08113033800173007	0.22751209421940177	0.10680295599344
0.16013996669097508	0.05629043283834606	0.21030588853825574	0.11017384687704847	0.06158409622006966	0.07590949549974203	0.20452596994546474	0.12107030339009796
0.14808605443407633	0.055613316954873274	0.21583702898433532	0.1168155245715826	0.06464952298434931	0.07622746428445551	0.21289877205872126	0.1098723157276062
0.1490734898924863	0.04344011969138924	0.19644308145244305	0.12002621783319568	0.07997144474382603	0.08983679351969912	0.21441520141441778	0.10679365145254258
0.14745463096972783	0.052568590319665195	0.21605693431161083	0.12128678199569773	0.051260115449938845	0.09201331091642002	0.21315643836005232	0.10620319767688693
0.16508522931996966	0.037503651859913306	0.20540251589349484	0.12081497677079125	0.06415293373084	0.07101017073877619	0.22473525872857722	0.11129526295763728
0.1613891754605708	0.05316776650974664	0.19986062616189015	0.12511066055786482	0.07792047302429819	0.08682708457503602	0.19736876368237777	0.09835545002821541
0.1481795082776093	0.04679066038456531	0.20419578331153004	0.1197048438477779	0.0779076708492811	0.09358958092214956	0.20713001045355128	0.1025019419535353
0.16361766569100056	0.03987852975989238	0.22152365731998788	0.10897062469463961	0.06361191429182365	0.0697847156313885	0.21139038966332135	0.12122250294794584
0.14762167222657818	0.03926151440712895	0.20072932557463863	0.12367479409893009	0.08335671207993622	0.08075059526365566	0.21568575251831035	0.10891963383082173
0.1507790034127846	0.050565947988102475	0.20150699880114042	0.11166126481549199	0.07811346854030303	0.08404457876630486	0.20742616152800766	0.11590257614786473
0.16304536542694448	0.038778351797124994	0.19967849323481793	0.128519776565546	0.06756549878566256	0.07666394119373679	0.21229518639453834	0.1134533866016287
0.16023958560605	0.03998404863200464	0.19594599907682336	0.11564828550278278	0.05448778191461785	0.08468898416549672	0.23142139011633772	0.11758392498588671
0.15919615016573113	0.04215625259212041	0.22013419193734707	0.11785105236259588	0.07097177272751895	0.09307846139629149	0.19696275181881023	0.09964936699958457
0.14810492444543188	0.04449234136893199	0.20835957631723115	0.11528592391085088	0.06874082751236511	0.09096294762759487	0.21678785893378305	0.10726559988381087
0.16004063800999327	0.047202036761478786	0.2000307189795994	0.11421483756271668	0.07130770066288193	0.08531714380290498	0.1996866012232526	0.12220032299717214
0.15536240325544132	0.052696344936129666	0.21021255267883018	0.10922139941279524	0.08530536754394724	0.07283798671099863	0.20872504345607487	0.10563890200578262
0.14714760165053978	0.04318746864906868	0.19854072041099363	0.12836736391193393	0.060577968773151164	0.08019868899716204	0.24043090497597253	0.10154928263117806
0.1622287195517624	0.041090796424251896	0.19957346762235273	0.12042961487899079	0.046402251673757916	0.09215823749285207	0.2205927777380589	0.11752413461797302
0.15571961892401076	0.05762759512509601	0.20246191932736057	0.10978011026322745	0.05912766806908849	0.07831013455074834	0.2218841665745498	0.11508878716591832
0.14966001749668492	0.04625847398256608	0.197514919797374	0.12720528063390654	0.05171117588443305	0.09105983705748363	0.22234095541248536	0.1142493397350662
0.15646255144694582	0.04685775274988106	0.22123144152190144	0.12855912701045202	0.04749937932778785	0.08407866757915461	0.21823971872324688	0.09707136164063014
0.16411744924613636	0.053236363869094264	0.21918652230048702	0.12623056225421217	0.05037539212559328	0.08002075490848476	0.1992188022172905	0.10761415307870144
0.1603583701660687	0.056405615318961336	0.20814183036001058	0.12445922702643812	0.047505418948058195	0.08681856563951958	0.20625301403183594	0.1100579585091073
0.16177350041634506	0.04874749364492598	0.21680647382433416	0.1085962969992306	0.08092333351438488	0.07062422487064757	0.2140944817410669	0.09843419498906464
0.14948345596996215	0.05054001533833824	0.19917976983931154	0.13517165254178462	0.06784793986579171	0.07686159460153828	0.203202476523705	0.11771309531956822
0.15415324418295992	0.04124428362365576	0.2032252655164262	0.12577735597448636	0.08026459702601985	0.09056354604857825	0.2061388373396838	0.09863287028818966
0.16347916254108916	0.04848906099504946	0.20906060070007376	0.11509190023509515	0.07384235526367106	0.08995193954673156	0.1992124361717216	0.10087254454656804
0.16258626399776432	0.05302698815978166	0.21460789102436162	0.1255852477753632	0.06009533061387412	0.07183228371685316	0.21416379534978838	0.09810219936221327
0.1543583765629587	0.04345397522703405	0.2191117492608824	0.11983278228972073	0.08549080033458883	0.07127441630557872	0.20510995131261991	0.10136794870661642
0.16102500963430832	0.055973459920213006	0.2137235323619106	0.11184262167602596	0.05564732741651526	0.0922844894284117	0.1969595323434832	0.1125440272191317
0.15513186691746975	0.05765492175402637	0.20780479836853089	0.13108997471720474	0.056051320840156654	0.07323594027629543	0.20516806512293226	0.11386311200338371
0.15765777071712406	0.03828425006687283	0.21838860914049474	0.12934132912236945	0.07363613744706068	0.07257760105831983	0.19837183217004428	0.11174247027771389
0.1465749549062797	0.057485767193828516	0.2140132016176434	0.11484617003626943	0.04787292148366798	0.07732031202612677	0.22768738106792263	0.11419929166826134
0.1543025457612171	0.040159350004890446	0.20542454675094862	0.12699481394611653	0.06297280590797089	0.08423417586454442	0.2292928207709869	0.09661894099332483
0.16249631926267186	0.042989353585452875	0.21160766830046268	0.11269950588090655	0.06140268135225711	0.08785918975011145	0.21378946188895542	0.10715581997918185
0.16305148011845338	0.04042654492801821	0.21589300589964022	0.12301010637714878	0.05861099357108311	0.07556547964524901	0.22683744076842915	0.09660494869197787
0.15654295905683108	0.05445467239712558	0.1967874428328948	0.11250610769259771	0.07885776585078949	0.07852748380677466	0.22434720542195424	0.09797636294103229
0.1538966406724099	0.04512516870206429	0.21781293623492004	0.11757687226460525	0.05855445140973786	0.07970658878276105	0.21493094733334467	0.11239639460015668
0.16524005634940805	0.03925526956823393	0.20786888086970018	0.1133635899307752	0.07346658582921226	0.08494808818266286	0.20142342741208347	0.11443410185792383
0.1620108719526624	0.03852496936490696	0.2017701927547271	0.12455963987753954	0.051621676244976766	0.09011194294430082	0.21217047402878308	0.11923023283210313
0.15596740180204807	0.04946789503469255	0.20570878163877027	0.11891979889104211	0.04786439216404785	0.07787456342749877	0.2285570027328217	0.11564016430907849
0.15299294521864132	0.039504488784268724	0.20108388100759156	0.11199700459065381	0.07771954574494347	0.07105369536535011	0.23069333065958378	0.114955108628967
0.16275266825103657	0.04100161676151004	0.2209903213785574	0.10861393874686488	0.06337189840466033	0.08325994333378044	0.22233052773161133	0.0976790853919788
0.15330992042267866	0.03870454955552757	0.21709394292668863	0.12373903467981309	0.051174311729885125	0.07925769361990304	0.22750779784113728	0.1092127492243663
0.14813278352402903	0.05590353961436735	0.20992714527765083	0.12390311454621047	0.05191406693423693	0.07383809809854323	0.22169601597369998	0.11468523603126192
0.1565122695873658	0.04287611884260664	0.2085416960131852	0.11940813046782114	0.08412260534137639	0.07732536197030929	0.2014774995358415	0.10973631824149384
0.1584276533239436	0.054302311432676595	0.20185541890357978	0.13277393636432905	0.06718678962872164	0.07371904415385283	0.21547107360175638	0.09626377259113995
0.15237575916021698	0.049435257520959286	0.20277807072777013	0.12642857403826782	0.06440245701881503	0.07868112408393518	0.22766166203397276	0.09823709541606261
0.15042779123247976	0.045128009349311285	0.20047846267533592	0.12475179191697416	0.08415530513461081	0.07200913416723478	0.22524630109072508	0.097803204433328
0.1538494320608237	0.04864511307542696	0.21301858309498067	0.11412153692094579	0.08585843827850201	0.07388314012622593	0.21371573315746903	0.09690802328562567
0.15437585666025455	0.05464634010145433	0.21544184023201127	0.13092568167150206	0.04837496735050803	0.08333044617905105	0.2064486022431301	0.10645626556208836
0.1499973819755638	0.04125014185941858	0.2023477467565925	0.12334397467723002	0.08351015784187418	0.07284407991088568	0.2046136742205962	0.12209284275783876
0.15458475948192835	0.05460955366597761	0.2104630345024975	0.12246433336074711	0.0541111245108879	0.07790150757404726	0.21124120534231464	0.11462448156159936
0.16410392529761392	0.05569867925298139	0.20207879603614465	0.12283112722528002	0.058376984604818855	0.08166071114912549	0.20517022201420398	0.11007955441983146
0.15913642542037998	0.03991132807000494	0.19480238456276336	0.12647377848936825	0.08553271804720224	0.0916706982429272	0.20223914838067505	0.10023351878667877
0.14894194373761063	0.04894874895633898	0.20989462035063255	0.13449135134255955	0.048068194952635424	0.07690384843903705	0.21454152099615564	0.11820977122502996
0.15551876172183138	0.043513949606930946	0.21975521232496809	0.12375294249227176	0.06250427574168957	0.09365502889402252	0.2030787742178585	0.09822105500042705
0.15694614515843044	0.03802099458530757	0.20091661087369697	0.13087505750871148	0.0715106874475302	0.07679558671807876	0.20526198069049156	0.11967293701775275
0.15991975040396098	0.05163876130899957	0.20676737178953025	0.11059552847969671	0.06799883893239111	0.09020482831993182	0.20052725065785493	0.11234767010763441
0.14702919895854588	0.041329207604073506	0.20417248497685375	0.11275148423512615	0.08211331922990256	0.07686064354232638	0.21707201159631628	0.11867164985685527
0.1628296913767865	0.04527435578560032	0.19888210482907123	0.12227036596368113	0.0552249923192311	0.08685127227507274	0.22377067879212126	0.10489653865843548
0.153572624922482	0.05043758905046694	0.20148615377621368	0.12846724877524482	0.06368888808544729	0.07444248675784934	0.21482688041991205	0.11307812821238361
0.148589112812891	0.05384478300691667	0.1993982176853959	0.12703916366869675	0.06937299175542513	0.0766251833090715	0.22095801532561699	0.10417253243598582
0.1652612173247846	0.03967084655324886	0.20760942510900887	0.1156785620574793	0.07056727499353624	0.0696867050514127	0.21564407727223606	0.11588189163829311
0.15689290433099093	0.05526175404617592	0.20847411402556937	0.10884439656658101	0.07144989335097882	0.07936935993428593	0.20449847821141862	0.11520909953399919
0.15294559418620945	0.05401307668758025	0.214793447378748	0.13187951728646613	0.04718803452076922	0.08135530260820262	0.21729444054262687	0.10053058678939718
0.15570134553323947	0.041466173806398735	0.21691500737073283	0.10875326878116996	0.07803139852960371	0.08882228878189888	0.21182825023778926	0.09848226695916695
0.15242318379565406	0.057624729705581995	0.1961435947629224	0.11803312139392802	0.07396566217497708	0.08699963155713938	0.20026263945923692	0.11454743715055993
0.15943643494598564	0.038212399547677606	0.2020117870721755	0.11297309183780915	0.05299051953202211	0.08765305106828081	0.2372792605160664	0.10944345547998247
0.14686695270964997	0.042934266662715395	0.20025849811912594	0.12955838877120385	0.06357649234224164	0.08987220688779429	0.21194880963671853	0.11498438487055014
0.15003521313234758	0.05606386597693663	0.2089039829084824	0.12647568919805996	0.06239784494997934	0.09070569201683822	0.20630676135626158	0.099110950461094
0.1476796304006018	0.042987353319355215	0.21785256716920154	0.12571157178092013	0.05794415546122207	0.07459360988586125	0.23560346204884353	0.09762764993399423
0.14852160945328766	0.04168366161948184	0.20631051588961555	0.11772002695146251	0.06896322797162334	0.08152777584703935	0.23778608882451452	0.09748709344297497
0.16483151451519176	0.042844377114526724	0.20841415776297567	0.11119781748116016	0.06826431640836826	0.08020438283745054	0.2143838339014717	0.10985959997885497
0.16478502055447786	0.04890842178790658	0.19747031351733774	0.11025667915296415	0.07584104166015798	0.07459076924244329	0.21702567191010302	0.11112208217460914
0.16479208816747679	0.037764594950660174	0.21726705738238	0.12165619300752882	0.048647250482312734	0.07486778992492252	0.22055775578253103	0.11444727030218772
0.1461293942005366	0.04722024896161317	0.214354554338032	0.11317237563822889	0.08343662246220482	0.09418748800159296	0.19805835574338865	0.10344096065440268
0.15761979852030783	0.05332429860494152	0.1966311148621212	0.11270860471526843	0.0512946470827087	0.08900589318542834	0.22399046750829132	0.11542517552093237
0.14670373522382507	0.047941508442499364	0.21627047190246496	0.1134544423528581	0.07672694454554248	0.08144182654941534	0.21378645727423293	0.10367461370916149
0.15770477510326303	0.05653101929242489	0.19895299277062883	0.1319356553551424	0.0532314547895576	0.0732010136141612	0.21835778355917673	0.11008530551564505
0.1493951031975478	0.05312606691374053	0.1977369293166781	0.12959065431764524	0.07471115987997828	0.07849176130960454	0.2080418169215247	0.10890650814328057
0.1518264478805308	0.05228698078956959	0.22136590823587868	0.12213798770265927	0.05812111323854001	0.07187411262690492	0.2124999425638328	0.10988750696208371
0.16128875643801488	0.048084959315239525	0.20521911589142605	0.13000605337214535	0.05990124211294211	0.08093303916867985	0.20667714731915945	0.10788968638239255
0.14809236205633158	0.05216385315927634	0.2147758017329585	0.11954084651986718	0.06855506498788225	0.08045288202433445	0.20783632155222959	0.10858286796711994
0.15144493459536507	0.05312237582642003	0.20330005148164862	0.12870986682745217	0.06055442435916779	0.07004530187052463	0.23178057875256863	0.10104246628685284
0.15275420519900484	0.0397352268722153	0.20481042757801993	0.12494541496881027	0.08088110519269781	0.06985059259521487	0.20473289641610964	0.12229013117792711
0.1614094277733301	0.056990875418691175	0.21528658735938977	0.12092529480950784	0.05401575089939738	0.07354149470410007	0.2187722831295224	0.09905828590606107
0.16269799264554574	0.04887287550368913	0.19503639380002108	0.11059616492481736	0.06867730668856876	0.07475504986882997	0.21859223460091837	0.12077198196760931
0.16245523911974513	0.053542967689256316	0.20294635488025883	0.11112255393789289	0.0639635593821005	0.0749956518749765	0.21156563887646568	0.11940803423930392
0.16124670793856477	0.04042399145068733	0.21067616473822998	0.1260682243517588	0.06274196448242375	0.08849296812759058	0.20784464346968368	0.10250533544106089
0.1638054310852671	0.04918774831790797	0.21229229521979662	0.12502617702082353	0.05802898731091963	0.07043333464036783	0.22424941021525743	0.09697661618965964
0.1546987649814038	0.04888908366370838	0.22126622909386717	0.12525825827295808	0.07383965329810563	0.07243752854135654	0.19825247877842017	0.10535800337017998
0.16079304866761227	0.05471897021162764	0.21145535208418048	0.1110660534897813	0.05358278934882063	0.07866803381523116	0.21321485060079026	0.11650090178195596
0.15568019466806846	0.0489668690280993	0.215053355640727	0.12030010833063556	0.06332284830673582	0.09397379253085085	0.20118849336829137	0.10151433812659143
0.15788331587130708	0.05033495289775777	0.2181827695178719	0.12626623054787403	0.0692289962270891	0.07184695400641172	0.19771062670193384	0.10854615422975435
0.15215252136357235	0.04106809322538818	0.194629783012702	0.13081046953607886	0.05644313731322809	0.09161745511912112	0.22813605349547977	0.10514248693442943
0.16241111513955322	0.03968235489262403	0.21756946948095407	0.1114454789233651	0.05591049767237263	0.0892329946714224	0.201521869714416	0.12222621950529236
0.16104624369576603	0.04835386375366388	0.21291340457956232	0.11468917371385817	0.054074143226577664	0.07500130470986624	0.23613035578537622	0.09779151053532925
0.16398335991152627	0.05452806235070712	0.20754867823725903	0.10826434740940931	0.05118647209511196	0.08036563595451077	0.23588536456697412	0.09823807947450114
0.1486471697035336	0.0547276526571729	0.21652803681501726	0.12859427875587193	0.06159483490260011	0.07339582152793693	0.21697257205158138	0.0995396335862857
0.15380665404371388	0.04430583528312229	0.21615809173846992	0.13310288389525943	0.06360068762620241	0.09340617405713422	0.1981511920585224	0.09746848129757521
0.15699568244677745	0.05700085442260443	0.21852379187774867	0.11604406260425243	0.055403185180942977	0.08042539447830613	0.19717230962965082	0.11843471935971688
0.14730815432663136	0.04325636880515524	0.2100309773188251	0.12566236629083588	0.05742933485605413	0.08017657485272744	0.23831691598104954	0.09781930756872109
0.1610951312922408	0.044903498708267695	0.214554434941575	0.11025057581936924	0.057959028430424275	0.06943905224307886	0.23091196534487518	0.1108863132201687
0.15551670611708346	0.04195800463770291	0.20408178538311042	0.13470612721234365	0.04765880641760241	0.07802094889742317	0.23766012606357706	0.10039749527115677
0.1488945329775058	0.051431304409061754	0.21110282893691396	0.11096898386960705	0.05844950595687516	0.07150198567024285	0.2260538532310154	0.1215970049487778
0.15461040279767974	0.04648893035002534	0.1969978506408507	0.1291870559179899	0.05868380018172187	0.07079778509172654	0.23329474950124846	0.10993942551875727
0.15569400977241674	0.039798527198555075	0.20857654834149053	0.11971889893400967	0.07557578533875244	0.07052387665081172	0.2245388251844525	0.10557352857951115
0.15242198217201783	0.043807125778170516	0.20492333873984758	0.13536567782732287	0.052412651734464036	0.08030840637381978	0.2122746191350614	0.11848619823929576
0.16244722421287594	0.04419600442243486	0.2059301032521889	0.1294275097001988	0.05790418872421664	0.0795719491929164	0.20956018788305963	0.11096283261210854
0.16031644898244365	0.03901236783587331	0.2065520590307863	0.11704665756181415	0.06728958983072492	0.0858736099952781	0.2086869859641929	0.11522228079888641
0.1644954333614969	0.0445974342474217	0.20899262944046026	0.13486114528779664	0.05338900805584097	0.08374644958011133	0.21288398907760098	0.09703391094927098
0.16431553753990688	0.03899072931131212	0.22119396416684467	0.1244371234871968	0.07361339421044431	0.07170770647589789	0.20062074842584024	0.10512079638255684
0.16038666903429794	0.0467211532505733	0.21501653542331234	0.1353396215285309	0.05168825505799783	0.08821536186664469	0.2006686826715131	0.10196372116712965
0.1487285851120431	0.04807979317131879	0.2182947622737511	0.12427160028149305	0.05153814300559667	0.07787832568558635	0.21941867340131166	0.11179011706889909
0.1535863363878193	0.04604434794781517	0.20586098345702156	0.12819349553474327	0.053264302562826216	0.08901168497835849	0.22556794630539645	0.09847090282601928
0.16072221690028343	0.03748423109453222	0.2055024483775811	0.10826220182177529	0.07127375227168853	0.07947180930209813	0.2289566255118425	0.10832671472019853
0.14984176805991062	0.049326711652964206	0.19490947845572149	0.1311236426969254	0.0581977922797115	0.08528067846580664	0.22222618572949016	0.10909374265946971
0.15691467384069105	0.05400753390159378	0.20208187973705374	0.11374295873396856	0.07516993007469304	0.07183309737757863	0.22405878619835334	0.10219114013606762
0.14913335029889047	0.056964954249238864	0.2187505779123956	0.12101899472397472	0.05335981008700605	0.07535810586311147	0.21643714321482518	0.1089770636505574
0.1472857735418604	0.04613965020892362	0.21683722568737918	0.12285279617161969	0.07023929835553414	0.09141788396533343	0.205360153185754	0.09986721888359536
0.16492462374896105	0.048581400198206004	0.21744921603735684	0.1144129172350953	0.0670175619817387	0.07059060058162715	0.2083428429230039	0.10868083729401085
0.14957937364343382	0.039536960719801215	0.19904458257788804	0.12796017957672814	0.05302008567538456	0.0868571884737436	0.23742452951654536	0.10657709981647501
0.15434748592815078	0.038550644547810875	0.2008581631952664	0.11970723020126495	0.0649660031977604	0.09034296819405514	0.21620204997782042	0.11502545475787082
0.146592009209864	0.05682647578473021	0.21898244527804223	0.1340740737197852	0.046808350741149474	0.0870772551028601	0.21003732985611961	0.09960206030744892
0.16077024131832307	0.050552205347187004	0.20476529730220974	0.11853592450397503	0.058973018181450204	0.09132114695729238	0.20077423586608445	0.11430793052347793
0.15465428242893586	0.05270161051179198	0.20831317459951154	0.12843076133577933	0.06499506750714379	0.07087086243630147	0.21311464090749738	0.10691960027303839
