0.32485196052712695	0.27725051611886653	0.1371452886470904	0.12748678029606123	0.1332654544108546
0.3217076484460571	0.2732183101879716	0.13776811520893056	0.1255508070335653	0.14175511912347513
0.3239775471678231	0.2744539391849098	0.13726870020398665	0.13927972449545428	0.1250200889478258
0.3203289308941153	0.2770909137107889	0.1396450480615185	0.12520836566688726	0.13772674166668974
0.32007398389880404	0.2763952904640359	0.13934515577377746	0.13751153070022182	0.1266740391631605
0.32106163723235004	0.27566520862220145	0.13800414813905273	0.13227213339790786	0.13299687260848758
0.32315375488801107	0.27557505982748676	0.1365953708710063	0.1224210871837683	0.14225472722972723
0.3247168613381456	0.27404932611443455	0.13796832201293266	0.13418273629733818	0.12908275423714874
0.3221231442806677	0.2788462780377608	0.13713177499765097	0.12202032138512323	0.13987848129879704
0.32312810336761355	0.2762231862290114	0.13729317449627698	0.1186170569766535	0.14473847893044428
0.3194953880917948	0.2777158564500184	0.13861043217244406	0.1242370842081164	0.1399412390776261
0.3195380383551787	0.2731427923890502	0.13719322969521636	0.1272553497523528	0.14287058980820166
0.32360468675782517	0.2770568393274372	0.1374439567563393	0.11909253690840307	0.14280198024999496
0.32453549499695256	0.27761657690663843	0.13952815654420328	0.13042404566633597	0.12789572588586942
0.3245821411819497	0.27607917970322793	0.13649291724090637	0.139535579828018	0.12331018204589764
0.3190045030392873	0.27767789558428824	0.13913251201049945	0.12846687909748924	0.13571821026843545
0.3230808216916888	0.2754664945729716	0.1381377076500909	0.1302220344053741	0.13309294167987432
0.3198013903190291	0.2795721477735611	0.13907536812348414	0.13142258475011964	0.13012850903380574
0.3191411935949793	0.2752230373728862	0.137722679851259	0.12707279255908588	0.1408402966217893
0.3186794202525963	0.27513361606046766	0.1381294071085069	0.13342104204561706	0.13463651453281178
0.32533442385505323	0.2751576863112606	0.13937759912391792	0.11924872501100645	0.1408815656987615
0.3186562089695798	0.2755953818960353	0.13974404127336226	0.12453417703254957	0.1414701908284728
0.32524139392519225	0.27640490978618937	0.137120966971161	0.12532414970632944	0.13590857961112765
0.31996328807883073	0.2753925577913312	0.13967251209647205	0.1264197337542533	0.1385519082791124
0.31987047814329295	0.27972485707140715	0.13904703695942439	0.12433808042524103	0.1370195474006342
0.3262246419009329	0.27623155091873863	0.13688760024443236	0.12086665152263591	0.13978955541325985
0.32570030582907505	0.27665407303179346	0.1390640313062665	0.12820305959601827	0.1303785302368464
0.32275604294716603	0.2776609109305785	0.1366409216298098	0.1324801305429555	0.13046199394948993
0.32464309492808147	0.2793684320946942	0.13744191975953401	0.1340165936452261	0.12452995957246392
0.320385410064855	0.2779027008902643	0.13641985901287518	0.1250082525635564	0.14028377746844886
0.32417973630874175	0.274198878978377	0.13918571485814174	0.11904913380136817	0.14338653605337098
0.32070750264406356	0.27794832589206747	0.13733568812556968	0.12086642337409052	0.14314205996420848
0.32588575579482815	0.27569496971440277	0.13805891215442684	0.1150027616775226	0.14535760065881925
0.3231123066068149	0.27617355043728636	0.13708905734179894	0.1212040017025623	0.14242108391153718
0.3187572373175306	0.27840628490427954	0.13962130455871744	0.12389065713007172	0.13932451608940039
0.321240286641565	0.27725231203972	0.13912779503399425	0.1361531418176944	0.126226464467026
0.32440661869611187	0.27581520645298585	0.1366957910543117	0.13261829608258358	0.13046408771400672
0.3220348180082714	0.27626522368616047	0.13981570353348094	0.12476498940608487	0.13711926536600202
0.32384236165500824	0.27891824013869176	0.13799692021270615	0.1297488543605278	0.12949362363306582
0.32189360414370777	0.2750107972701378	0.13790520390281477	0.1335177191276811	0.1316726755556583
0.32337833177631153	0.2745164704308598	0.13911425081242024	0.12415669753551184	0.1388342494448963
0.32464660817744495	0.2758391979079531	0.1386288475162123	0.11495361540305082	0.14593173099533863
0.3246067098862388	0.2745264807426949	0.13872640989979634	0.12550044494669546	0.13663995452457423
0.32011767350896964	0.27809465811287126	0.13772589380336092	0.1260988802695968	0.1379628943052011
0.3238473822574357	0.2746672590196216	0.13925465642425258	0.12186044749488505	0.14037025480380477
0.3221014630939272	0.27887467651533726	0.1365723912811666	0.12581030036613405	0.13664116874343452
0.32270117689501254	0.272662281780799	0.13965611430166336	0.12433327415562127	0.14064715286690357
0.32493658913386914	0.2735102250410146	0.13863297932565263	0.12180533115755462	0.14111487534190875
0.3232302589497122	0.2747836894099993	0.13760946273614022	0.13904157682107476	0.12533501208307324
0.32542946199636225	0.27528244839977617	0.13808441519109316	0.13137658525054052	0.12982708916222754
0.32238464961656854	0.27279060575851677	0.13891911214924052	0.13251703067542803	0.13338860180024584
0.32459755234983406	0.27956875658590963	0.13692779839003946	0.12702794088106675	0.13187795179314984
0.32357525337958426	0.27751868443981587	0.13948809576606702	0.1352185892387877	0.12419937717574481
0.3234123418917828	0.2796934359465304	0.13803938730080878	0.13024028355312556	0.12861455130775215
0.32097466066074837	0.2768317279673357	0.1389299564559113	0.13070657545179354	0.13255707946421083
0.320968635696417	0.27669697973823737	0.13708896552353875	0.12825509735144874	0.13699032169035785
0.31985065764739434	0.27910543781863495	0.138043389267413	0.13116249765360355	0.13183801761295386
0.3203278708886307	0.27962653921112957	0.13793020690568367	0.12774094204536524	0.13437444094919054
0.3255302325753713	0.2743135672121595	0.13897121762659886	0.12448173034443831	0.13670325224143176
0.3227419559842477	0.2734106311291599	0.1376281633615019	0.12186976376397318	0.14434948576111703
0.3182161176967	0.2787932242448611	0.13824321876918594	0.12049550166833183	0.14425193762092084
0.3187224022301788	0.27797357708567033	0.13734573326080968	0.11984811348963692	0.14611017393370399
0.320646482153744	0.2795069547207276	0.13974733628052574	0.11329798151998097	0.1468012453250214
0.3216440459462179	0.27527404426179525	0.1388771271873323	0.12525463290760303	0.1389501496970512
0.3236488517921474	0.2760279597151158	0.13656064442682844	0.12067952267300881	0.14308302139289922
0.32295414640818654	0.2783621606234002	0.13804025454185473	0.11419603804328426	0.14644740038327397
0.3216780340150711	0.27928037733600564	0.13845552883153456	0.11828299212238083	0.14230306769500753
0.319600278160178	0.27575169759803314	0.13922666418415303	0.1221732892238453	0.1432480708337902
0.325565326671316	0.2783358409454011	0.1372876021193946	0.11219503937369829	0.1466161908901897
0.32378347525918083	0.27859593597352994	0.13680609334797494	0.11822052064444945	0.14259397477486455
0.31920198649260656	0.27413633161988404	0.13665641864506817	0.12364214418932963	0.14636311905311125
0.3208548003718004	0.272982508134733	0.13855374315060887	0.136614938624606	0.1309940097182514
0.32400919746333257	0.27368845174901973	0.137666367801844	0.13118334010064867	0.13345264288515477
0.31895119010886214	0.2786631383407613	0.13959073232813607	0.1346069772037511	0.12818796201848914
0.3232294921613459	0.2763437472610146	0.13740796629265728	0.12580897966128013	0.13720981462370174
0.31856243916372273	0.2735998990116796	0.13668880248804888	0.13601463376082168	0.13513422557572674
0.3256450194965994	0.27888314301755773	0.1369277767448106	0.118206127646259	0.14033793309477294
0.32072752498142526	0.2733941911332545	0.13924214552281755	0.13211215025931974	0.13452398810318264
0.3195783591290431	0.2756318577966106	0.1395284605129737	0.12833500510538742	0.13692631745598483
0.32141335931863996	0.274617875715166	0.1381718647390727	0.1369079734570711	0.12888892677004998
0.3234225407417961	0.27868433257440745	0.13849330435466695	0.12841638272760084	0.1309834396015284
0.31875033551866894	0.2754444251573368	0.1367142428984592	0.13737546134619394	0.1317155350793408
0.323359640056348	0.27280933766647364	0.1381945662137745	0.11934832345827914	0.14628813260512447
0.32104477857940117	0.27904905817017056	0.1380288205722365	0.1235736652440942	0.13830367743409727
0.31818708175764004	0.2742643759050709	0.1363507788191195	0.12824205259801244	0.14295571092015683
0.3245516316593025	0.2789064662643086	0.1378048749483002	0.13213424624377462	0.12660278088431376
0.3206764929139928	0.2727987315417707	0.13954001529462867	0.13515550136245716	0.1318292588871503
0.3253609876853345	0.27527946158023686	0.13731046509709124	0.13899332885991536	0.12305575677742177
0.3191511836596389	0.27379752328382395	0.13683729135929984	0.13240222042767186	0.13781178126956514
0.32167805935310434	0.2765267799821547	0.13749381008446415	0.12918170834947423	0.1351196422308022
0.3187227383683681	0.27548893078806075	0.13733724654022827	0.1253195731563752	0.14313151114696732
0.3254617417260983	0.2740528119499896	0.13817244178032537	0.12412643709364707	0.13818656744993932
0.32437946968378933	0.2769066828087894	0.1395273502414156	0.12361601767658698	0.13557047958941842
0.32534991291993276	0.2784479659107023	0.13632360515194158	0.12446732893098589	0.13541118708643715
0.32068266774899684	0.27439642487787486	0.13811471460106434	0.13851220493815822	0.12829398783390547
0.32014287872814107	0.27847082621745906	0.139552036530522	0.1389233070956977	0.1229109514281799
0.32414075471820775	0.2728015378902975	0.13878682883706472	0.1325849905430097	0.13168588801142
0.31994225198623333	0.27941825027834744	0.13720079750178835	0.13062112174113627	0.13281757849249426
0.32074796968741653	0.2742525759606909	0.13828283223182009	0.12452403178362373	0.14219259033644843
0.3222955021042245	0.27957874753247836	0.13767037069077923	0.12177654339539096	0.13867883627712668
0.32598669346276965	0.2777471306705298	0.13966533456179409	0.11214296897988589	0.14445787232502033
0.3232259446340158	0.2787818167020962	0.13752298360630533	0.1363320836595629	0.12413717139801948
0.32229085338476227	0.2739005085288453	0.13675308524600638	0.12581250637468294	0.14124304646570282
0.3245861623793602	0.2787223222874857	0.13743726815420815	0.11251060683850497	0.14674364034044066
0.3248026386434287	0.27606945094843677	0.13813202524714957	0.1340818848283608	0.12691400033262387
0.32575193722498785	0.2789928043788549	0.1364070912256941	0.13578611237065777	0.12306205479980509
0.31881680599485174	0.27295496411845144	0.1365641794448468	0.13927995070206386	0.13238409973978593
0.32584587718227775	0.277289945325189	0.13783904636457456	0.11308384800784575	0.1459412831201126
0.3243147245628183	0.2792162943342884	0.1378060309231995	0.11578547896856056	0.14287747121113292
0.3203576967345141	0.27538347828794024	0.1389628294458089	0.1223736078377975	0.142922387693939
0.323697476477647	0.2746475207926232	0.1376577187675282	0.12691366610089647	0.1370836178613048
0.3188625605317746	0.2729404886001228	0.13681383759797228	0.12765430166362135	0.14372881160650866
0.32168931967333436	0.2773112530922187	0.13648579080167889	0.1259162528381054	0.13859738359466237
0.3219256519724948	0.2728264609662633	0.13717179087437692	0.12896043314443426	0.13911566304243045
0.324922043538791	0.2745131375713704	0.13895897894158946	0.11965549556472235	0.14195034438352644
0.32278671243972573	0.27971509058780564	0.13814049355044672	0.13560705909717236	0.12375064432484924
0.32357761633744087	0.27677733788731307	0.1385012024336016	0.13198909423240868	0.1291547491092355
0.3252910003529607	0.27559455597111615	0.13710348114928075	0.1309818582834596	0.13102910424318248
0.3207567272437148	0.27752378066540395	0.13826106220652462	0.11828465423949883	0.14517377564485748
0.322060854501232	0.2772147797078295	0.1372530313511438	0.13369528147069826	0.1297760529690961
0.31942404493030896	0.2786490371644883	0.13806078599071464	0.13824438823809174	0.12562174367639609
0.3236595479394432	0.27564760316701375	0.1379065705024861	0.1256397206804858	0.13714655771057094
0.3244590197338968	0.2783295189687799	0.1381304528819687	0.1322961972010503	0.12678481121430407
0.3206278353585712	0.2794990918546602	0.13841175903905312	0.13373999659071645	0.1277213171569987
0.3225387407861861	0.2743697877025162	0.13772419809849284	0.1279431902050086	0.13742408320779592
0.32129780842677447	0.27767463308343293	0.1373262867750398	0.12717002071726527	0.13653125099748725
0.32579990744654275	0.27835130091578986	0.13905210545628033	0.1300128632122181	0.12678382296916862
0.32568124686090705	0.2789473113104477	0.13665242093415994	0.1295221563030522	0.12919686459143281
0.3184831076782736	0.27553899104636603	0.13839988153902394	0.13521117851149575	0.13236684122484038
0.3249581169976927	0.2769614391073419	0.13896340022926673	0.11827505651307199	0.1408419871526264
0.3219782973642364	0.2738307230682072	0.1389499372387949	0.11981949281793305	0.14542154951082814
0.3247636114371242	0.2794682941618629	0.138802555930457	0.1192477759514625	0.13771776251909307
0.32353120265670376	0.27595812173825524	0.13901833665826802	0.11799528424150514	0.14349705470526747
0.3238853511660383	0.27444527122920376	0.1370204076107604	0.1368038890793713	0.12784508091462599
0.3249633298445848	0.2757000210063984	0.13948912470957725	0.13600647962664336	0.12384104481279588
0.32624308228586807	0.27465942267580834	0.13685220684953325	0.13588174366420588	0.1263635445245842
0.3252096200675604	0.2792192145070487	0.1365100716395893	0.11467383349914873	0.1443872602866526
0.3204518887909352	0.2759865295618428	0.13934603137827223	0.13672187591581175	0.12749367435313777
0.32299423861477994	0.2778575795717768	0.13948181220685377	0.13140081267754794	0.12826555692904124
0.3240394972825149	0.272936212103551	0.13736025546389885	0.1388093110157571	0.12685472413427773
0.3257190331259745	0.2793001690589059	0.1384170701339888	0.11577326763628486	0.14079046004484566
0.326099388650792	0.27973476883321013	0.13674565238315434	0.12325303093858124	0.13416715919426203
0.32429407350479267	0.27620191717421005	0.13692172368765443	0.11673938900658305	0.1458428966267595
0.3259723982731325	0.2742133765541586	0.13794507622452254	0.1274542965973393	0.13441485235084674
0.32386155680535333	0.27726003691586865	0.13859998198228576	0.12431455541729759	0.13596386887919434
0.3246547245249496	0.27530137869949795	0.1371078831807277	0.11646117106151882	0.14647484253330564
0.32370058313130073	0.27875997807703473	0.13711784343477673	0.11579449287601677	0.14462710248087074
0.3182904682079188	0.2784109734036805	0.1371792375722054	0.1297650727536787	0.1363542480625163
0.3238732569274606	0.27924689677938486	0.13706441390206767	0.13388897019120632	0.12592646219988024
0.3259968887580325	0.2740403322350301	0.1396258011238956	0.13308592512182943	0.12725105276121207
0.32203927098819035	0.2730233660840251	0.1389522467823402	0.13409245976455897	0.13189265638088504
0.321771870268942	0.27906200791394464	0.1370030701990588	0.1271257013557903	0.135037350262264
0.3245097799167013	0.27690146801426896	0.13699058102851827	0.12926041164546181	0.13233775939504935
0.32106559854602906	0.27566537689716136	0.13639752455572843	0.13592047856818013	0.13095102143290074
0.3258318425317487	0.27560047090387707	0.13886558551674621	0.13310265002359822	0.1265994510240295
0.3256669834348008	0.2759224567256302	0.13694653671746157	0.12910108705553247	0.1323629360665746
0.31931056088421345	0.27306206546436773	0.13812027286416767	0.12513059396315368	0.1443765068240972
0.32585699357239983	0.2735912727854513	0.1378126341500285	0.11693306495768624	0.14580603453443383
0.32313363700050146	0.2786434290356043	0.13856300208531286	0.11453480862214177	0.14512512325643934
0.3246943979903552	0.27727927005841607	0.13693014001342518	0.12648984516343934	0.1346063467743639
0.3244814120531755	0.2757023909471183	0.13853845800393128	0.13421438270545916	0.12706335629031548
0.31921122972608823	0.27722594918758986	0.13888966375766754	0.12983780294044717	0.13483535438820693
0.3257935312395042	0.2797112719368449	0.13773095391494952	0.1316221586593691	0.12514208424933196
0.3261232936706111	0.2772178541434438	0.13859075588610648	0.12276436456451158	0.13530373173532673
0.32443388740200696	0.27703042833055297	0.13724392745738181	0.11816484769887868	0.1431269091111793
0.32587046143458304	0.27459464483050566	0.136317123023407	0.136653576705552	0.12656419400595192
0.3201604869146303	0.2736869378076691	0.13814908715135946	0.12844323668104882	0.139560251445292
0.31941601560140165	0.27454354620895693	0.13739767506402706	0.12183334624037663	0.14680941688523744
0.325689674279798	0.2749614848366047	0.13900549358048814	0.13498089908513855	0.12536244821797027
0.3200088441055907	0.27679619662255495	0.136954462473238	0.12368966473493352	0.14255083206368246
0.3239170523348055	0.2773461801207871	0.1381852563633833	0.1212819646964497	0.13926954648457407
0.3238823339085831	0.2789934136087372	0.13731702648747146	0.11719068665123714	0.14261653934397078
0.32230431251746766	0.27272143371023083	0.13895675835693921	0.12338848412942591	0.14262901128593608
0.3198198729743831	0.27847479491360605	0.1388651158824063	0.1276340244647694	0.13520619176483484
0.3248690513702123	0.2764195034331	0.1366127721991509	0.12662605267337995	0.13547262032415647
0.3190785500283473	0.2738121422820369	0.13711148526570366	0.124482766291858	0.14551505613205384
0.32517135522374707	0.27818046741109603	0.13764459727988643	0.11514837422924529	0.14385520585602488
0.32245626530873606	0.2777295022198248	0.13785270826970142	0.13505519308463346	0.12690633111710403
0.31925246127960716	0.27827895796527713	0.13932750219987322	0.1387554728671737	0.12438560568806845
0.32392026512395483	0.27437732463265857	0.1387523867965184	0.12822079431993916	0.13472922912692872
0.3225505507215747	0.2735001702276606	0.13812048429074558	0.13385933767640387	0.13196945708361502
0.31867248260450565	0.2752143655386464	0.13923295043796596	0.12462286949013131	0.14225733192875034
0.3235163167189943	0.2782992474564375	0.13788607036468079	0.12192709345022829	0.13837127200965882
0.3234469076661369	0.27834183901300624	0.13784155838834397	0.11963575065975358	0.140733944272759
0.32328347870694174	0.27498107411424383	0.13926473512936868	0.13031904377825942	0.13215166827118602
0.32256769189432666	0.27617192965525117	0.1388047597474542	0.129360583559719	0.1330950351432487
0.31980665798675845	0.27564147543349615	0.1387109907037561	0.12745827181230657	0.13838260406368239
0.32401146550662396	0.2732213443529862	0.13920563273803777	0.13776903077395714	0.1257925266283947
0.3224183698749226	0.2768308166089287	0.13938779906398363	0.1340662948706325	0.12729671958153221
0.31957467630537034	0.27776475398815026	0.1387987612194132	0.12230763260653024	0.14155417588053568
0.3256848016478487	0.27723373177291066	0.136866343456271	0.11848641262989147	0.1417287104930779
0.32013484447621343	0.27676934577213724	0.1375553488068333	0.11974216290459912	0.1457982980402166
0.32460009953724245	0.2768063093564097	0.13850397552912475	0.12498182657482797	0.13510778900239487
0.323904765872425	0.27565409234114724	0.13855901821503055	0.125194153089692	0.13668797048170483
0.3187530365123604	0.27707104053453363	0.1386354227975841	0.13279727841777283	0.13274322173774872
0.32426607197584406	0.2728588716707235	0.1385715785732992	0.12589507565463337	0.1384084021254996
0.32118399583764873	0.2786264299296917	0.1375819009171841	0.12249663626185728	0.14011103705361788
0.3254261553655351	0.2782755409241131	0.13702493189121695	0.11945553383462791	0.13981783798450664
0.32573251856798535	0.27587466066308164	0.13692620832641467	0.11617092461368785	0.1452956878288302
0.3242030108164626	0.27292381238058533	0.13855068867825643	0.11799334172944802	0.14632914639524733
0.3245413323639976	0.27542768006689766	0.13739430824396914	0.12836489374414267	0.13427178558099262
0.32415103301224846	0.2750447539725321	0.1397242288592342	0.13798071098123021	0.12309927317475482
0.32423695309046374	0.27796003536002234	0.13833168710545396	0.12390192186933577	0.13556940257472389
0.32595148596773404	0.27385065205421005	0.13634610956565385	0.1339658579844218	0.12988589442797993
0.3182505419187541	0.27972171440183347	0.1390873861940555	0.12684323713780069	0.1360971203475559
0.32580032823334143	0.27453231015377	0.13715421868334876	0.12801406957588035	0.13449907335365918
0.320265806192108	0.2779341753852518	0.1368463152769629	0.12994419620252368	0.13500950694315336
0.32417616917536807	0.27270104625553754	0.139052535798274	0.13446710281675753	0.12960314595406253
0.3229292058406033	0.276032751106026	0.13883468674488492	0.12161389458238618	0.14058946172609935
0.3259874117301196	0.2747948408645963	0.13906856984808608	0.12620275917981824	0.1339464183773795
0.32166411950242524	0.2747266954802111	0.137166021345623	0.1370207295776783	0.12942243409406198
0.3188128007701055	0.2741689834934	0.13722701349341082	0.12447420270572782	0.14531699953735552
0.3242198413547521	0.27692691437948713	0.13923678955375024	0.12694215611810977	0.13267429859390042
0.3240191635536301	0.2774227744784454	0.13667034274211273	0.13490559469521568	0.1269821245305958
0.3208240868299357	0.27784617905012315	0.13946205651696972	0.12577394217445786	0.13609373542851333
0.32292654983631053	0.2775143731705392	0.13897010379998498	0.12813898738915774	0.13244998580400727
0.32232701854194495	0.2747662890690587	0.13954140641320442	0.12685589100329786	0.13650939497249373
0.32151376418645194	0.27303357416164764	0.13904228448800943	0.1335223893961052	0.13288798776778554
0.3245769503768513	0.2760675923376354	0.13695426941742606	0.1391620362696755	0.12323915159841145
0.32544711539535837	0.2728540789967442	0.13689436396225985	0.12670044831288857	0.13810399333274873
0.3218892193922264	0.27436187935589995	0.13862630736486567	0.12157479459139564	0.143547799295612
0.3228486786057344	0.27934562373474403	0.13878681920393438	0.1121590122171849	0.146859866238402
0.32362709603914663	0.278359588102595	0.13932117811751119	0.11547505913951964	0.14321707860122723
0.32314037100034054	0.2766432232499095	0.13965986471489344	0.12614882588866574	0.13440771514619046
0.3208220047640126	0.27951439863005584	0.13788754569442302	0.12147761318115316	0.14029843773035508
0.32608414743286274	0.27681291602268393	0.13770251752705115	0.11824798167591388	0.14115243734148794
0.3217232908177935	0.27613854424533335	0.1383107750171509	0.11798946442325907	0.14583792549646285
0.31869925900595203	0.27892912577423445	0.13732127968811542	0.13077940006716043	0.13427093546453733
0.3208247907534753	0.27581576777028854	0.13866019337258217	0.12384975052421451	0.14084949757943915
0.3214261228568612	0.2778580205999393	0.13774999022900758	0.12268926083765787	0.1402766054765338
0.3234220093761007	0.27277489129153754	0.13691020458122782	0.130525227215128	0.1363676675360056
0.32116124554088243	0.27785944885507075	0.136330093798988	0.1208575882978718	0.14379162350718672
0.32400962888644613	0.27793347955907005	0.13975768986342765	0.13036028747668027	0.1279389142143756
0.3217369391189362	0.27342358033582376	0.13804234676854207	0.1252470652682848	0.1415500685084129
0.3222604349266338	0.27495054611531783	0.13712751832668685	0.1392773663553408	0.1263841342760204
0.32404864737651773	0.2796499353513771	0.13786891177350288	0.1235876461006079	0.134844859397994
0.32034482351011406	0.27307204068284974	0.13754824029028329	0.1249325836063314	0.14410231191042125
0.3194629646938254	0.27604787719653445	0.1392039327304994	0.12367824767220553	0.14160697770693492
0.3241334928280202	0.2754763853890685	0.13932814567990878	0.12663988508430962	0.13442209101869268
0.3238625071234073	0.276063392416714	0.13765926124752698	0.12433213051448352	0.13808270869786787
0.32306112768224804	0.2794809943558818	0.13649731396783546	0.12060054319633903	0.1403600207976953
0.32192306784494884	0.27955613935965984	0.13951719731753848	0.12589250237740823	0.13311109310044436
0.3229355263928497	0.27814179736506445	0.13871315116518879	0.1186923934851469	0.14151713159174983
0.3235787550899587	0.27971871752407684	0.1376993955002162	0.11677689400485124	0.14222623788089672
0.3241284727154283	0.276334687433221	0.138532040002197	0.1309749108848568	0.1300298889642966
0.31865666548962956	0.27629693046011394	0.13651735300315043	0.12375168531290022	0.14477736573420558
0.3203865149407612	0.2773549870273784	0.1388987512690994	0.1274307196453165	0.13592902711744417
0.32538084512549265	0.27515856649350506	0.13838572490287995	0.1240980338349648	0.13697682964315724
0.32313566602713495	0.2785699714862101	0.13958590733812035	0.11241598892264011	0.14629246622589417
0.3254276799283592	0.2794206347709206	0.1376025311946676	0.1308055214009877	0.1267436327050646
0.32055436377915786	0.276898780547722	0.13977061840871385	0.1260885860367831	0.13668765122762283
0.32252114214938316	0.2734914311496278	0.13729005825455215	0.1361337097174095	0.1305636587290271
0.31922317172100173	0.27744092189051184	0.1366152153828109	0.1260990126202494	0.14062167838542583
0.3188707866439644	0.2749147236475287	0.1366907540540781	0.13356829732834305	0.13595543832608542
0.31875071267115107	0.27296371591509544	0.13853798714041757	0.13817747934489624	0.13157010492843937
0.32440987761502765	0.276685239253634	0.13805563989104022	0.1366248790050781	0.12422436423521971
0.3185548133251275	0.27974532283310194	0.1372506382385122	0.13908285544374832	0.12536637015950983
0.32392635864328273	0.2754997066237096	0.13801211424961735	0.12282591885720452	0.1397359016261855
0.3244500444574401	0.2764393005424771	0.13962190976680275	0.11723395584427226	0.14225478938900749
0.3238300529817286	0.2745201857806709	0.13857605675703896	0.11808062211772498	0.14499308236283628
0.3191181340093061	0.27959291459047936	0.13708414517741507	0.12383377400399545	0.14037103221880368
0.3230922284495785	0.2743228874948761	0.13897123825478688	0.13542501185708877	0.12818863394366944
0.32362470273660154	0.2784895978183477	0.13962721817227827	0.11440807732014081	0.14385040395263138
0.3190330453495084	0.278381109695684	0.1391864257929038	0.11714646200407179	0.1462529571578318
0.3258606596571871	0.2778241557383339	0.1380025610316198	0.11181713351253089	0.14649549006032803
0.32088000257804616	0.277077841589794	0.13949853640481089	0.13244087525120052	0.13010274417614814
0.3256401170124651	0.27461910342465795	0.13781270694144038	0.123544493670049	0.1383835789513873
0.3236206381823076	0.2761606357977858	0.1374006431535596	0.12692816945726565	0.13588991340908105
0.3226822844233586	0.2766555973137824	0.1364838243497203	0.11876654977664468	0.14541174413649366
0.3245603615259551	0.2750367660633118	0.13822321718356206	0.12680200053145438	0.1353776546957164
0.3248922352206771	0.27408369183741665	0.13782745454264372	0.13452867923811745	0.12866793916114475
0.3197460287105422	0.2757970731411954	0.13850092210343967	0.13514927638317709	0.13080669966164532
0.32509028502663756	0.2739028199472504	0.1386428208670946	0.12517189992763428	0.13719217423138286
0.3262041340302948	0.2793692629624611	0.1374441255823617	0.11005944058805002	0.14692303683683205
0.32318870685180245	0.2794602448138205	0.13969060273341105	0.11740022710034442	0.14026021850062131
0.3230208426832116	0.27726360921406606	0.13667377806715247	0.12351621918727909	0.1395255508482905
0.3251708122093634	0.2734757826414728	0.13676323590795642	0.1264988333222455	0.1380913359189616
0.3225233764727451	0.27400646730282463	0.13733383928782433	0.12240057730886118	0.14373573962774444
0.3197559713915312	0.27741592917453917	0.13861707375868831	0.11890705099980711	0.14530397467543388
0.319655728842799	0.27809611505903836	0.1380598617924335	0.12499222983456572	0.13919606447116312
0.32133136783841215	0.2776656836324781	0.13982033688140566	0.13570177852465887	0.12548083312304495
0.32156131928515325	0.2792483658728753	0.1368912357474818	0.13069000482247528	0.13160907427201407
0.32422472981920525	0.2766475574256484	0.1366567177247619	0.13017778253691625	0.13229321249346793
0.32485976218197155	0.27790644135877535	0.13700576722571056	0.11901727698453059	0.1412107522490117
0.32478426267142024	0.2774505500023477	0.1381549151026272	0.13134481417708735	0.1282654580465172
0.32464362440726136	0.27504907844758153	0.1386755176849729	0.11594262415932276	0.14568915530086118
0.32178539830298913	0.2785076611347489	0.1385696170511554	0.11504430875913388	0.14609301475197237
0.32091892571083785	0.27432110934927717	0.13936608464100397	0.1310168720411883	0.1343770082576924
0.3193763607679158	0.2744254313772676	0.13728578413676457	0.12731555009013346	0.14159687362791826
0.31832397933737266	0.2737064071199813	0.13632765760016496	0.12753936558590817	0.14410259035657255
0.3201676409988038	0.2784233290285787	0.1371853303870751	0.13148447735511803	0.13273922223042411
0.32308572371530875	0.2757737745147856	0.13943897467566568	0.13065968711361525	0.13104183998062444
0.3216454519349857	0.2748562240769496	0.13916979385416436	0.13452902311120044	0.12979950702269955
0.32477913660719493	0.2752371160296109	0.1372155658460299	0.12899327616902145	0.1337749053481425
0.32104843143657597	0.2772118347733417	0.13699521997495606	0.11852832920646095	0.14621618460866503
0.32289514008802406	0.27740672000011624	0.1394604654980438	0.12749172608343598	0.13274594833037964
0.32039566314375284	0.2731704305122681	0.1372351005395818	0.1271001717501399	0.14209863405425704
0.324325219655144	0.27555601318179573	0.1392395065759514	0.12816594860451572	0.1327133119825928
0.325548488280233	0.2789514038364094	0.13665446071576862	0.13096062942469416	0.1278850177428945
0.3222018333179729	0.2793219065550048	0.13817838387997652	0.1321816390514166	0.12811623719562887
0.32417147781192746	0.2732425898193597	0.1379308901422433	0.1319262899702625	0.13272875225620667
0.32178864135892227	0.2736983363464622	0.13671427608140085	0.13825209539590924	0.1295466508173052
0.31904626787313084	0.27697086150267414	0.13795172039333067	0.1301022873261218	0.13592886290474226
0.3183590528881552	0.27405791532330814	0.13883251410842565	0.12882798968294468	0.13992252799716598
0.3217833747075179	0.27785418077883584	0.1396158558556269	0.125840683467854	0.13490590519016513
0.32403423958539523	0.27943437217576056	0.1376056038287858	0.11422555746257679	0.1447002269474813
0.32569431811988503	0.27315634407742034	0.13694261119466397	0.1281751342299954	0.13603159237803497
0.3200121915682539	0.27783411313067774	0.1379242849782131	0.12976371495786276	0.13446569536499223
0.3242950837565252	0.2752134218200063	0.13835078422351912	0.12924909004021007	0.13289162015973902
0.32470312113353766	0.27814889744945537	0.13865009781392257	0.12179423601875378	0.13670364758433035
0.3245564927776353	0.27378665108062583	0.1369043514399106	0.1296326855966924	0.13511981910513554
0.31813028744112326	0.279017341532976	0.13673779318491752	0.1252483301905581	0.14086624765042483
0.3258723309196819	0.2782723295749401	0.1367473065159162	0.1267406880023179	0.13236734498714361
0.3221113976287745	0.27960802364482185	0.13875083072399713	0.1338646117320704	0.12566513627033582
0.3221421482846668	0.2746718156640169	0.13739499029764743	0.1297096770571608	0.13608136869650775
0.31998604477469467	0.2790246366120542	0.13713885933954956	0.12707465518897768	0.13677580408472362
0.31949137737139	0.27852185704005106	0.1375667422345707	0.12638177275490925	0.13803825059907865
0.32513255526672574	0.2749024446543653	0.13829480323581358	0.13728904827775174	0.12438114856534332
0.3262685012816691	0.2746434713049135	0.13853035329233526	0.13450919355440544	0.1260484805666764
0.32279905684625754	0.2776013085176723	0.13781705150554613	0.12897024752448816	0.13281233560603556
0.3255369503600844	0.27481308795979675	0.13894809006030628	0.12745036889577485	0.1332515027240374
0.321144331966586	0.27970218365081934	0.13683967610505268	0.13329098598050898	0.12902282229703277
0.32123931116411863	0.27507530175903905	0.13729234804808693	0.12003019565159562	0.14636284337715944
0.32006394657162385	0.2797019945416363	0.13906847528238186	0.12292659160482654	0.1382389919995312
0.3257311987936993	0.276008811235094	0.13697297762093563	0.12388358140767247	0.13740343094259827
0.321789553029761	0.27286717251157366	0.1373663290077547	0.12116807916236039	0.14680886628855
0.31948874662948	0.2762426533000085	0.13792222298197082	0.1213241444933007	0.1450222325952397
0.3192649863876762	0.2792869502852512	0.13923737730693558	0.13041137104327089	0.1317993149768658
0.31915870084609943	0.2728703852271421	0.13930167859412682	0.12694324271397947	0.14172599261865193
0.3190161030173594	0.27367612415004006	0.13933456445939935	0.12165251288352598	0.14632069548967488
0.3250317963724101	0.27763408390397204	0.13854061658887262	0.12155142997632655	0.13724207315841835
0.3239990053610655	0.2757506035956491	0.13891192238019773	0.13230253413412812	0.1290359345289592
0.3220472258854604	0.27636438176116696	0.1386991807799982	0.13853502984685762	0.1243541817265165
0.3193793962717034	0.2795727668050094	0.13645659284586084	0.1310675260798853	0.1335237179975407
0.3255019490610679	0.278880861416101	0.13903986028592433	0.12883571569547392	0.12774161354143254
0.3226815248871764	0.27514931573787915	0.1373972875725606	0.13050143523477775	0.13427043656760584
0.325074212600199	0.2738537133323503	0.13909193550359064	0.13181454688968725	0.13016559167417252
0.32420632558444806	0.27599046846492925	0.13692749375328414	0.1234720050229381	0.13940370717440015
0.31953816966327625	0.27853923167090233	0.1370110779726091	0.1388153285027143	0.12609619219049772
0.31941484160767364	0.27768417254367084	0.1398134766340362	0.13016365315772382	0.13292385605689516
0.32301571645131066	0.2762382302809451	0.13660372531813988	0.12974793621002978	0.1343943917395743
0.32191077966563675	0.27456858137497986	0.1364113846367055	0.13282696486694007	0.1342822894557375
0.32221701614748804	0.2757409079722534	0.13859366339926288	0.13798986392803148	0.1254585485529639
0.32483665764510433	0.27545639485999207	0.13787474323229795	0.1278758591256166	0.13395634513698876
0.3262173918335708	0.2732139310272717	0.13727614309251376	0.130948653599813	0.13234388044683046
0.3189868584210994	0.27616775813253003	0.13800733743392055	0.1328882460930254	0.13394979991942424
0.3242606920057787	0.2737362503780734	0.13763957400647908	0.1360661687717099	0.12829731483795861
0.3261588102662538	0.27301678320885414	0.1376224734173191	0.13617313046573343	0.12702880264183922
0.3257747786197838	0.27594721035757913	0.13815212025191645	0.11775360281987221	0.14237228795084808
0.32184673366480526	0.2765335251853509	0.13771056631797862	0.12104674573101146	0.14286242910085342
0.324234000778491	0.2770400673256042	0.13644111328624253	0.12115787632042871	0.14112694228923323
0.32625058015476127	0.2768866871792395	0.13674716257821254	0.12361439423542728	0.13650117585235916
0.3222368279389773	0.27776748608236307	0.13966373449318797	0.1161027191565211	0.14422923232895027
0.31833911493901146	0.27264986640920974	0.13705925037103145	0.1385904221963256	0.13336134608442143
0.32091335998806975	0.2756873759166607	0.13715652941153197	0.12527487148246091	0.14096786320127636
0.3258055340115657	0.27678069836022995	0.13710355067922747	0.13707627340260053	0.12323394354637598
0.32117226233926877	0.2774156427531632	0.13843948342797413	0.12508707255168935	0.13788553892790426
0.3192576808229193	0.27663898676458903	0.1364456762063067	0.12220616947711697	0.14545148672906769
0.3238118641900751	0.27873730037976485	0.1363706953996584	0.11737583314078845	0.14370430688971286
0.32427643175721926	0.2786668797048799	0.1379548354033622	0.11594395672447248	0.14315789641006588
0.31915252310558967	0.27500744880314226	0.13778768050925605	0.1266605103284085	0.14139183725360321
0.3253632916414157	0.27826209890239895	0.13692784707261227	0.12028029361828999	0.1391664687652828
0.32427821568887893	0.2778593281044799	0.1381614811730062	0.12458891863349583	0.13511205640013885
0.32138471265009444	0.27567853799851577	0.1389408120532615	0.12447651633634223	0.13951942096178577
0.3261447490714531	0.27508272618285523	0.13645756336761056	0.13275038969702913	0.1295645716810517
0.3206748390722322	0.2736927224846055	0.13799588967493287	0.13234758090955112	0.13528896785867797
0.32463352481339597	0.2765979243179203	0.13708695304206503	0.13044881088834132	0.1312327869382771
0.3247298925041886	0.2764395793430628	0.13933159916117385	0.13565368442948633	0.12384524456208813
0.32416848562145184	0.2767717697044275	0.13718782710547436	0.13464398139413225	0.1272279361745138
0.32488849032104644	0.27685189105950175	0.13662629586727268	0.11786522686067344	0.14376809589150538
0.32521962189670967	0.27529859291733716	0.13641943607146295	0.12941660845778102	0.13364574065670887
0.3255819645183953	0.2735534664957063	0.1362897525386055	0.13312972682022228	0.13144508962707033
0.32588532038796914	0.2755608272370559	0.13923431909157793	0.13609460913030497	0.12322492415309177
0.32296795507896775	0.27959228140783215	0.13644249441923265	0.13237895046476064	0.12861831862920653
0.3216495811492162	0.276877852765686	0.13795654929284779	0.13913761870792782	0.12437839808432188
0.3253002746828848	0.27748076768456814	0.13872177506487077	0.1340827345601338	0.12441444800754214
0.32420804632375344	0.27696655821596616	0.1373402390676769	0.13836663844240765	0.1231185179501955
0.32330833953668925	0.27963415187623714	0.13784577074919604	0.12276350623317699	0.13644823160470035
0.3190377856938439	0.27644065672089874	0.13964444148790767	0.13503363706032295	0.12984347903702642
0.31886953638901677	0.2753450317694854	0.13975115464569368	0.13863115683320887	0.12740312036259502
0.325853313980026	0.27316358493592163	0.1365448210346369	0.13360889579638874	0.13082938425302643
0.3254416128824152	0.27470001747172085	0.13930163239246288	0.11628253763314648	0.14427419962025428
0.3222964792879044	0.2742253791724048	0.13738020142457022	0.12503300713254878	0.14106493298257144
0.32050162119747866	0.2763425593091195	0.1365463638261792	0.12027099994214603	0.14633845572507626
0.32564684466237853	0.27561702379283104	0.1367417178959371	0.13439446646306652	0.1275999471857865
0.32577290948136245	0.27474239628998	0.13658821896709908	0.1253493465885221	0.13754712867303612
0.321440852661127	0.2746025145700594	0.13726229106826637	0.13340655772006058	0.13328778398048635
0.3241403096406891	0.27820376843081684	0.13768595938186987	0.12337004361177215	0.13659991893485177
0.3243647492176297	0.2752173177585609	0.13880078061958698	0.11893060586590797	0.14268654653831417
0.3204355763772876	0.2739346387178213	0.13900472667404842	0.13747052903013052	0.12915452920071185
0.3235045417944791	0.2766937967290697	0.13964160853736182	0.13370386282309463	0.12645619011599452
0.3248646757852467	0.272702124929176	0.13872636798821864	0.12209861614419158	0.14160821515316674
0.32499033010738004	0.27313921162284927	0.1372985329193356	0.1323564502909359	0.13221547505949885
0.31931412947939086	0.2728796034194989	0.1389258006295039	0.12316245397099204	0.14571801250061406
0.32210568119584687	0.27881337182702126	0.13693525647611526	0.12463126167906514	0.13751442882195114
0.31837130698414295	0.2738611131755171	0.1396233693842547	0.12214639683875564	0.14599781361732933
0.31979101244126534	0.2767061839256947	0.13654911646462609	0.12608900685397104	0.1408646803144426
0.3182637915731117	0.27800459901776564	0.13764193919533327	0.13024587157223075	0.13584379864155838
0.322517443092365	0.27405757016041865	0.13899335502256963	0.13854339271221344	0.12588823901243296
0.3231527089690745	0.27765117753076907	0.13827494683278962	0.13704337590730573	0.12387779076006077
0.32348812744187855	0.2783541083653196	0.13728537088420859	0.12847433098343172	0.13239806232516124
0.3200817552922913	0.2792192578625147	0.1383813856515931	0.13477139243750075	0.12754620875609984
0.3182457141227886	0.2782118679168852	0.13782052982201726	0.1260931426587908	0.13962874547951787
0.3253864111974419	0.27401937599320764	0.13715156586853017	0.1280199336708262	0.13542271326999383
0.3197869480976185	0.27542621413296675	0.13826703442154706	0.12000425871151277	0.1465155446363546
0.3214968835612022	0.27509370356119944	0.13828221862522408	0.12279070021875099	0.14233649403362303
0.3255960247495161	0.27890967167670155	0.1383497785274233	0.11265620824976197	0.1444883167965968
0.3184200595769441	0.27800765722535736	0.13974655002754083	0.11703334685228697	0.1467923863178704
