0.03865374981956013	0.06825483484985785	0.13272590238123183	0.1282157935293337	5.844152896131161E-6	0.04198935272062901	0.07153540714136762	0.0949888917647172	0.09218612502257337	0.33144409861783314
0.038644231545769174	0.06825782132474556	0.13272684633187742	0.12822036573534018	5.807089636156171E-6	0.04200164178757827	0.0715333883249931	0.09498936228689667	0.09219070189499723	0.3314298336781662
0.03864389493959596	0.06826291623278286	0.13274142971775493	0.12821805083164053	5.817829177356959E-6	0.04203413829373999	0.07153476931951833	0.0949767978315403	0.09216343619904667	0.33141874880520306
0.038639546084011114	0.06827367936323608	0.13274434785857211	0.12821449570420906	5.80291759154361E-6	0.04203607491655794	0.07153763865786003	0.09497890691186099	0.09215854554843006	0.33141096203767106
0.03863389911464152	0.06829239587303049	0.1327415731946763	0.12822407409166614	5.824602523157862E-6	0.042034428388471545	0.071529463520295	0.0949764876171325	0.0921398877578546	0.3314219658397088
0.03864971278353192	0.06830009676773113	0.13276500624560403	0.1281992968315401	5.858753784407367E-6	0.04204927656359471	0.07153545723227384	0.09498494729303152	0.09211326380243433	0.331397083726474
0.03865616233375848	0.06831073312334424	0.13277154899474006	0.12818343827738815	5.844097878668353E-6	0.04207043145229637	0.07153353745220294	0.09499569102402708	0.09208789800018098	0.33138471524418306
0.038647949294109876	0.0683263978535865	0.13278417803430673	0.12817473048577907	5.791026435109092E-6	0.042058642697435394	0.07153571360134162	0.09499747834312583	0.092083288199928	0.33138583046395187
0.038648226449744236	0.06831453799046038	0.13277333838326394	0.1282056052859303	5.792451916480923E-6	0.0420350031038029	0.07153925137243057	0.09499118406643818	0.09212160259019865	0.3313654583058144
0.03865790782274892	0.06834772548017685	0.13277045101705648	0.1280802759221829	5.84181101330461E-6	0.04210511965861054	0.07153115303537672	0.09498698663576169	0.09219584090218741	0.3313186977148852
0.03862777096386478	0.06835448539826483	0.1327849645700106	0.12806809521706283	5.808669537893385E-6	0.042110191894162555	0.07154326259608981	0.09500005208716963	0.09217025017635283	0.3313351184274842
0.038647353266250684	0.06839158914217805	0.13272787632553343	0.12803340702017746	5.778850072760133E-6	0.04208147866300882	0.07161469924384409	0.09502751831412391	0.09213595216582328	0.33133434700898756
0.03864306997734353	0.06840002133174529	0.13273714192834796	0.128040490281786	5.850688808900495E-6	0.04210167761505214	0.07157613985385408	0.09501362022803725	0.09213463102203215	0.33134735707299273
0.0386596338142667	0.0683528626384887	0.13275001379996088	0.1280233799689946	5.7793709246495295E-6	0.04205622910248588	0.07160553175708587	0.09502835763540811	0.09216574725833912	0.3313524646540455
0.03863613407029169	0.06830230546238647	0.13276774691917492	0.12805512043465922	5.834463206719209E-6	0.04208033370796849	0.07165076456544252	0.0950035975510667	0.09212257208755736	0.33137559073824596
0.038651895930165034	0.06827939138505063	0.1327554201356882	0.12804776935519102	5.8410821174720295E-6	0.04202099151091684	0.07168377656493116	0.09500526472086145	0.09215966060121046	0.33138998871386777
0.03866423442970586	0.06836283681608867	0.13287931439102169	0.12807280523731027	5.799325080796391E-6	0.04214113555432597	0.07164645935174804	0.09498270348873612	0.09195974843363272	0.3312849629723499
0.03866191651272845	0.06836751731291184	0.1328811798191971	0.12806860882055476	5.793636628115273E-6	0.04213190520185711	0.0716474595716457	0.09498731444340872	0.09196405306125496	0.33128425161981323
0.038634907826768476	0.06837833818677025	0.1328688969486189	0.12807797433397414	5.782079120109085E-6	0.0421242355761729	0.07165154343458002	0.0950208302239147	0.09197234085992416	0.33126515053015637
0.038504308282072255	0.0683569929389383	0.13288747980962679	0.128103948616427	5.7901016271844075E-6	0.042191602903489785	0.07163760665461764	0.09500825298497642	0.09205066568192272	0.33125335202630185
0.03848480476368684	0.06834453925247777	0.13288202313323721	0.12812066397208666	5.854908412872284E-6	0.04210778643497384	0.07164477350279772	0.09502570407246312	0.09210375213228401	0.33128009782757994
0.038460136843538606	0.06830046996926797	0.13283391725335936	0.1280815550133175	5.7776569128836774E-6	0.04215121652575683	0.07161008984675692	0.09507866685593014	0.09218821558082692	0.3312899544543329
0.03846858056599618	0.0682751283493107	0.13281890904525012	0.12803812671818765	5.785887028042502E-6	0.042142429838610995	0.07161909682418979	0.09511118960189885	0.09220529924080192	0.33131545392872574
0.038463859051156755	0.06828295859940645	0.13282770649043613	0.12804650755963037	5.839695851564408E-6	0.04214623662159332	0.0716137341379807	0.09509310939930173	0.09217561873011154	0.33134442971453143
0.0384615760131092	0.0682934121663173	0.13282664911139863	0.12803638413648596	5.8271737368859045E-6	0.042159348793174935	0.07162678939211507	0.09507900710218734	0.09216090117447018	0.3313501049370045
0.03845284447311336	0.06828935853324664	0.1328271477447843	0.12805945054733323	5.822681454367706E-6	0.0421523468221512	0.07164587446936782	0.09506873141791768	0.09214845587567763	0.33134996743495376
0.03844288879503613	0.06828888399840362	0.13279231325200025	0.12810848628663044	5.790268415448163E-6	0.04215272080433259	0.0715934853390982	0.09500689751369448	0.09216051684728815	0.33144801689510067
0.03843020992447595	0.06828916247112994	0.13281573367986396	0.12811391297111008	5.801477010347611E-6	0.04216917873539023	0.07158528672252953	0.09500918959494534	0.09216022154759095	0.3314213028759537
0.03843613158996288	0.06833963672907396	0.1328090429521336	0.12810109960942478	5.805339847717028E-6	0.04217340925334683	0.07158235208110711	0.09500099214342546	0.09215209740964309	0.33139943289203455
0.03842954643700374	0.06838572086696029	0.13281182932019284	0.12812769724837506	5.822005173891642E-6	0.04217376965035363	0.07154213247780156	0.09498387628081234	0.09213850706692481	0.3314010986464018
0.03843933221368594	0.06837296000204315	0.13281299343997952	0.1281148543231566	5.775863909401879E-6	0.042183243880859984	0.07153588023807952	0.09498492726089758	0.09210652409314533	0.331443508684243
0.03843771805114605	0.06837229177856675	0.13282038232678545	0.12810171867012668	5.788095194012022E-6	0.04218424122115847	0.07153890683061082	0.0949848878255265	0.09210145607952422	0.3314526091213611
0.03846156463866576	0.06837164259032548	0.1328280497369148	0.12808496053081	5.846046870178201E-6	0.04217773835568692	0.07154635331849007	0.094980318506298	0.09209662077786884	0.3314469054980699
0.03845196614183692	0.06836434093926444	0.13283935742339759	0.12807702441158508	5.777765201470109E-6	0.04218668277348586	0.0715415537198682	0.0949802419197467	0.09210223442476291	0.33145082048085084
0.038450706496343835	0.06837349174536424	0.13283753093995435	0.12808705811019439	5.81558358049572E-6	0.04218550834809101	0.07152889231147452	0.09498714293203492	0.0921039672825147	0.33143988625044757
0.038450983006491773	0.06837214036984876	0.13282745728100132	0.12806906626765785	5.824129490725194E-6	0.04217913308324677	0.07153558039856772	0.09499121093538816	0.09211916955710503	0.3314494349712019
0.03846869264903031	0.06837874544495728	0.1328244269172841	0.12808774299628994	5.851742915771729E-6	0.042187910717781475	0.07154916464810529	0.09498435706794114	0.09207678888857429	0.3314363189271204
0.03845658407548392	0.06838723893038322	0.13283816627277306	0.1280865345231876	5.826029716382575E-6	0.04220382947262362	0.07154758312736571	0.09497831990007283	0.09206870156842567	0.33142721609996806
0.03844124448144218	0.06839803549928469	0.13284711747525893	0.1280790075441424	5.810793296964767E-6	0.04217359517766674	0.07157923963488538	0.09505806546568156	0.09201886437653395	0.33139901955180723
0.0385371308979159	0.0682544570238302	0.13285658071053597	0.12807564025229465	5.786679602229339E-6	0.04220876953446533	0.07155514726926086	0.09509363784376028	0.09201454123755093	0.33139830855078367
0.03854912965417752	0.06825877312190362	0.1328503616241084	0.12807747341560413	5.825235705775311E-6	0.04219512704867846	0.07154881944976066	0.09510190662894219	0.09202597170048823	0.33138661212063103
0.038551091144805524	0.06828548802425083	0.1328182996382551	0.12810515913126339	5.822717353345941E-6	0.04219546791698495	0.07153796871685258	0.09508278221089697	0.09203793250315889	0.3313799879961784
0.03856523449757157	0.06828553177867819	0.1328056426648871	0.1281067284271512	5.820247673871126E-6	0.04221147781695745	0.07152857916876926	0.09509147921922029	0.09203963858980344	0.3313598675892877
0.038551202768491596	0.06828117067572259	0.13280208670093321	0.1281053303074158	5.800617092238669E-6	0.04222548411086341	0.07153791240599167	0.09509345420791845	0.09204135751174576	0.33135620069382526
0.03852946180487754	0.06826264925341237	0.13280569311323523	0.12809915656522752	5.811887956300166E-6	0.04219455542211546	0.0715638980939226	0.09508674549197586	0.09206183161212593	0.33139019675515125
0.038513469898772176	0.06827251646204435	0.1327935490734733	0.1281040108409212	5.807576520605595E-6	0.042189387266927655	0.07156024097973729	0.09509772807036938	0.09207944838392393	0.3313838414473101
0.03851073444878829	0.0682596598819845	0.13280393984885588	0.12810542138633407	5.788108782253665E-6	0.04219645914913136	0.07156284648395238	0.09509490308141832	0.09208268229470506	0.3313775653160479
0.038491846422609645	0.06839447585282338	0.13287693939131626	0.12797205313837132	5.794888706403545E-6	0.04229543998974741	0.0715383723646793	0.09502394122194711	0.09207628357680561	0.33132485315299354
0.03837431146205676	0.06839878718446368	0.13298387129565548	0.1279182526980823	5.849222682013933E-6	0.0421776765465198	0.07158631207345607	0.0950661680557046	0.09216582028936163	0.33132295117201765
0.03837210547874425	0.06840066413743412	0.13300467784605086	0.12792362101971744	5.819283590655089E-6	0.042186473963368845	0.07158003562471052	0.0950671957331479	0.09214371898488716	0.33131568792834826
0.038361547825307	0.06832770683455339	0.1329941453129884	0.12785562886742557	5.780608175603996E-6	0.0422004993531162	0.0716453831933806	0.09510573267669481	0.09216779782380875	0.3313357775045497
0.03834261541520174	0.06832815698136141	0.1330588835825357	0.12781710482980274	5.8270998476994684E-6	0.04220737203587478	0.0716222544946111	0.09513346191108402	0.09213456935097525	0.33134975429870567
0.038269430203046434	0.06833954685904994	0.1330355573802146	0.1278197067160326	5.813264706139298E-6	0.04222392056961928	0.07173270529308975	0.0951452102387759	0.0921222099457918	0.33130589952967354
0.038248180982456886	0.06831378197445206	0.1330461794935327	0.12782424842155382	5.836398599814996E-6	0.04223572144029558	0.07174332265916089	0.09512730213719794	0.09213236031039046	0.3313230661823598
0.03824587041180711	0.06830993603755349	0.13302841955370942	0.12783238102698882	5.826259895494457E-6	0.04224009630524306	0.07173923027344925	0.09515473818168636	0.09213218520921886	0.3313113167404481
0.03824333936224663	0.06827322772953262	0.13305733343209608	0.12787210836736418	5.8113936880904715E-6	0.04223427190865035	0.0717048218242109	0.09519526235730362	0.09208727696641221	0.3313265466584953
0.03824687160111338	0.06827209823176364	0.13306959346266378	0.1278660604998839	5.782583672939157E-6	0.04223569833002769	0.07172709566209029	0.09519343231017072	0.09205688329509347	0.3313264840235202
0.038245606138804136	0.06827544027378935	0.13307603665498247	0.12789063176372745	5.821873676689626E-6	0.04223956207720096	0.07169743790836576	0.09518180396529001	0.09205800733705138	0.33132965200711184
0.03823334360096886	0.06825868168926812	0.13308537372879348	0.12791205721013976	5.854248679479368E-6	0.04222504811465047	0.07167079718083394	0.09519060931492122	0.09207404156589152	0.3313441933458532
0.038272796488597785	0.06829335240239388	0.13305497644314118	0.12790720878839268	5.85280233196539E-6	0.04221964095234142	0.07165010009543603	0.0952015647581699	0.09200142935253702	0.3313930779166581
0.0382936341293774	0.06830258541499185	0.1330565895690738	0.12788412810637773	5.812891618828253E-6	0.04224099955224536	0.07162779502595978	0.09518651814650989	0.09200149730211175	0.3314004398617336
0.03844915797133759	0.06832575396284259	0.1330587976784926	0.1277638572132347	5.843451774373287E-6	0.042282517091775655	0.07160764427188032	0.09519256706957267	0.09200972635911264	0.3313041349299769
0.038450656740327646	0.0683165716753208	0.13304326944110081	0.1277467096873214	5.810327301750129E-6	0.04229390896375728	0.07160499652954296	0.09518471240409462	0.09201285785814046	0.33134050637309226
0.038542321287937276	0.0682935517657243	0.13299971277432476	0.12775634981868653	5.845629155676324E-6	0.042322320190328624	0.0715708457642569	0.09519697891518064	0.09196501056441382	0.3313470632899914
0.038567151780710185	0.06829325152097404	0.1329902966956875	0.12775223001867458	5.833319866879738E-6	0.042336008404983215	0.07156613180908633	0.09518860029904735	0.09193973031940765	0.33136076583156227
0.03850209089795048	0.06836829221570044	0.1329728710570101	0.12778967397605417	5.825568340056542E-6	0.042331283389098556	0.07154943042540998	0.0951813581422141	0.0919306201754008	0.3313685541528213
0.03852784161568634	0.0683496201510879	0.13297205756951122	0.12779771526631833	5.846665991002253E-6	0.04232602489137932	0.07154530250384401	0.09519102128771557	0.09193896614857563	0.33134560389989065
0.03850535373892913	0.06827000153332886	0.13295352013068554	0.12787573498572943	5.845832135309426E-6	0.04231283938026395	0.07157148746141695	0.09521302345264535	0.09198351993756401	0.3313086735473015
0.03848428232014672	0.06827791591939052	0.13292509473818756	0.12785425356305236	5.852781960108411E-6	0.0423217240480762	0.07155744184039517	0.09522600206130157	0.09201049581144038	0.33133693691604943
0.03850699187826494	0.06827025909349571	0.13286846094350607	0.12790529162011235	5.806274515116061E-6	0.04233043289389958	0.07157081593179167	0.09522969360508987	0.09198433276585888	0.3313279149934658
0.03853709802660207	0.06832620369753686	0.13291103404351426	0.12786245809988256	5.852096735634027E-6	0.04234957944059809	0.07154577759334844	0.09517243325980797	0.09196288612350476	0.33132667761846935
0.03854495953228083	0.0682693238530554	0.13300415939893848	0.12786241031720513	5.8252794123275775E-6	0.04230188435115131	0.07155799191428101	0.09515522252399478	0.09188906587645261	0.3314091569532281
0.03854402518353178	0.06825876238949857	0.13300098861876652	0.1278819786122007	5.799680251869499E-6	0.042282708144106756	0.07157587100252878	0.09515984194057554	0.0918937028735546	0.33139632155498483
0.038549107837673374	0.06825615626125822	0.13302448201460726	0.12789274624559513	5.77875159264718E-6	0.04227640143934279	0.07156413266362313	0.09514171010950265	0.0918668293997151	0.33142265527708975
0.03855513178621438	0.06826419878591596	0.13300518485729593	0.12788006273835542	5.84227069760912E-6	0.04226304910885924	0.07156155233424323	0.09514143585383729	0.09190254634679715	0.3314209959177838
0.038553430568670305	0.06828758662466823	0.13298756605852774	0.127882081264752	5.787428335471412E-6	0.04224803608631089	0.07156301462244702	0.09516296458149509	0.09188847771632191	0.33142105504847136
0.03854086303854316	0.06826825311509087	0.13300896101261056	0.12787293405521158	5.778660240082778E-6	0.042244099289635524	0.07155223779497435	0.09519639096459559	0.0919136367708532	0.33139684529824515
0.038540980334343715	0.06825895789072506	0.1330384165624054	0.12786150191578868	5.777594026451505E-6	0.04221593443105266	0.07153005794753667	0.09520821583787614	0.09195195987336893	0.3313881976128763
0.03853238445479093	0.06828213738011119	0.13302950456168067	0.12786636588247963	5.789634401467958E-6	0.04220758269922617	0.07155196576062792	0.09520784601555206	0.09192796222631416	0.3313884613848158
0.03851516286387626	0.06827907767451435	0.13302545115676326	0.12790300924390785	5.853244360795595E-6	0.042179770025472366	0.07153279159040443	0.09527439077801343	0.09192263358799149	0.33136185983469574
0.03853014568920328	0.0682555507652473	0.1330278955919788	0.12789916872620044	5.842574094361286E-6	0.04218037112263625	0.07153620897851858	0.09527865202196842	0.09192935440091926	0.3313568101292333
0.03850445990673291	0.06835303831802637	0.1329107732691841	0.12780985302836023	5.8531905995778954E-6	0.04221630931059678	0.071549131169193	0.09532824836143339	0.09196307031832292	0.33135926312755076
0.03862021187548112	0.06835009347270923	0.1329221433153083	0.12779832894087242	5.784184919449542E-6	0.042049454235029565	0.07158842281839088	0.09535142128018646	0.0919912764474538	0.33132286342964873
0.038622308887908775	0.06834894639040498	0.13291868578934146	0.12779397611894086	5.820355665223098E-6	0.04203441133014691	0.0716149221268319	0.09534466922686388	0.09199194796243733	0.33132431181145866
0.03861825414725919	0.06836387599245523	0.13286826759662845	0.12780353697803776	5.822576152711423E-6	0.042043247945619255	0.0715956047282475	0.09535000642024798	0.09201654064637715	0.33133484296897475
0.03858148855208298	0.06826801067268148	0.1329188246362013	0.12773653926899628	5.853920388446121E-6	0.0419910205013887	0.07163853869442702	0.09545590495804925	0.09207576225221471	0.3313280565435698
0.03855722873277649	0.06829072778926558	0.1329184141933596	0.12773231836527715	5.796958564258103E-6	0.041998787978054106	0.07164399782376768	0.09545388951832744	0.09209140873187271	0.33130742990873496
0.03857279530919761	0.06831396281608691	0.1329247100310867	0.12772818798927862	5.85783970437348E-6	0.04198836434833565	0.07161389146062641	0.09546890975171592	0.0920568063158625	0.3313265141381053
0.03853836607444727	0.06830165611783948	0.13289521057380982	0.12772056620647448	5.786480088851298E-6	0.04200608274546	0.07162220041905781	0.09548620442787627	0.09206735803966307	0.331356568915283
0.03853593225752234	0.06843690193449459	0.13280874756066233	0.1276261599434875	5.8221261227259236E-6	0.04205364894591636	0.07166581017321497	0.0955670554424196	0.09201317548440188	0.3312867461317577
0.03848038661045962	0.06850453198029775	0.13287110260231505	0.1275485638561656	5.796745848024587E-6	0.042000779523397744	0.07169120662421466	0.0956312120566469	0.09205914651635722	0.33120727348429746
0.03843402975155844	0.06858109900813675	0.13284716557515944	0.1275895370893704	5.8374100121993955E-6	0.04198273120817976	0.07167517029500522	0.09559676224366409	0.0920864543245539	0.33120121309435985
0.03843579284344686	0.06856679595497413	0.13284416064152132	0.12758822989686802	5.854164154411867E-6	0.041977271523946605	0.0716792348512979	0.09561989937744497	0.09209213871542113	0.3311906220309247
0.03846103698658465	0.06853502071106324	0.13282837881734433	0.12753202738670624	5.81068327365486E-6	0.04208050649838502	0.07163921283060509	0.09551373531909868	0.09215836628094627	0.3312459044859928
0.03845079499153027	0.06852938502138985	0.1328426553788936	0.12752287877392265	5.793909021598043E-6	0.04206942226561165	0.07165348103959261	0.09552436325906263	0.0921548274218658	0.33124639793910937
0.03845397360876794	0.06853193265232196	0.1328418443934048	0.12751694391165747	5.838816060838026E-6	0.04205766775940184	0.07164603845440874	0.0955304139486333	0.09215483259602374	0.33126051385931937
0.038615256453760835	0.06850288162578232	0.13291238642028058	0.12729412232047704	5.778401722486559E-6	0.04217251290883611	0.07158361882210826	0.09554611970829092	0.09218515830630801	0.3311821650324335
0.038641520857568924	0.06849078292326975	0.1329016280066162	0.12726925054872285	5.8331956104967775E-6	0.0421872192426154	0.07157087041671256	0.09556284537070162	0.09218241678959939	0.3311876326485828
0.038623875909451655	0.06847026954213392	0.13289491780882529	0.1272666311453211	5.819853261854191E-6	0.04219240967828438	0.07158079129195727	0.09555981140328619	0.09218633132872879	0.3312191420387496
0.03863021178100784	0.06850324186425481	0.1328980131343236	0.12725565292867205	5.803257370651238E-6	0.04218149537813315	0.07156175440647307	0.09553535416520116	0.09220876318703553	0.3312197098975282
0.03861984962709857	0.06851757770613294	0.13288068471958464	0.12724167900736655	5.837958313603675E-6	0.04222409241770922	0.07154767699192076	0.09551032897264844	0.09220236772845736	0.3312499048707679
0.0386102894176727	0.0685063794727676	0.13286999293290372	0.1272674709227112	5.781068623547658E-6	0.042224409932852563	0.07155473682633745	0.09550917177362193	0.09221508642791884	0.33123668122459043
0.03861355510713526	0.06851990781316801	0.13286692257100755	0.12728162754088732	5.80908547216652E-6	0.0422303010391603	0.07153623006041866	0.09550371486084902	0.09221538051880414	0.3312265514030976
0.038557320860054776	0.0684753797718553	0.1328661966830348	0.127227391871818	5.830416107882597E-6	0.04226362554978734	0.07157698739214971	0.09554205076392186	0.09220424661143156	0.3312809700798388
0.03857561613572688	0.06854529939741694	0.1328733108064239	0.12716353671764224	5.785170000188744E-6	0.04224072847477835	0.07164135867128239	0.09550911503368167	0.09207214916739478	0.33137310042565266
0.03860353325049332	0.06849140353071434	0.13283686017949808	0.1271086338651826	5.8271029522577455E-6	0.04223813045169637	0.07165760466604933	0.09554690502277466	0.0921500454262713	0.33136105650436776
0.038573263315820616	0.06850637293978598	0.13279808410824945	0.1271175276801745	5.790954397191794E-6	0.04222041061224867	0.07169434462814825	0.09558021465692135	0.09216943388454828	0.3313345572197057
0.038538244344360505	0.06850273884246202	0.13285301545646697	0.12728490893111022	5.829364608148091E-6	0.042209751133219856	0.0716879880438625	0.09554963735901328	0.09209807938130252	0.331269807143594
0.038585255337681874	0.06844837929766145	0.13279912496807944	0.1274146782721928	5.781036245725013E-6	0.04222581146864669	0.071641484029881	0.09551412528679132	0.09204349714880641	0.33132186315401324
0.03864002204859103	0.06837333576592708	0.1327238507463054	0.12753255171533404	5.833878557695571E-6	0.042325850963056605	0.07172312254978543	0.09545545039404994	0.09191504722384805	0.33130493471454475
0.038639641240492933	0.06836424514999202	0.13275716548376693	0.12752513201505478	5.825971215553394E-6	0.04231288028874823	0.07168994357358946	0.09544535490234755	0.09190968692799528	0.3313501244467973
0.03842798744770569	0.06845301188821237	0.13278756774975142	0.12724473072316297	5.808546543570325E-6	0.04238204956926515	0.0716215959601329	0.09574222804086195	0.0919947221115637	0.33134029796280035
0.03835187251440399	0.0685087034987292	0.13276582112542745	0.12712312092374686	5.798635001830199E-6	0.04244029803678158	0.07166529112041624	0.09576095936723494	0.09207154825396952	0.3313065865242884
0.03838588874821672	0.06851568036486891	0.13283149357696886	0.12705044578056082	5.783308623510952E-6	0.04243102491721456	0.07166319835440127	0.09578334980598059	0.09204524672844498	0.3312878884147198
0.038401774100225716	0.06857347001348195	0.13278369034125603	0.12704998177901242	5.855988256406319E-6	0.04244789052674434	0.07177838665238209	0.0957263518244035	0.09205420052831587	0.3311783982459217
0.03843899677168275	0.06851906142908695	0.13277227658098378	0.1270232390024366	5.7883357767601895E-6	0.04249063149023284	0.07180877046062761	0.09574007509905476	0.09204899609867533	0.33115216473144266
0.0384207476339556	0.06855762974702231	0.1327933247465417	0.12703742727135894	5.794411538473376E-6	0.042472996216780204	0.07181387367097691	0.09573111715969841	0.09203436642591684	0.3311327227162106
0.03851405414856063	0.06846298003043433	0.13273340090320931	0.12700429435288274	5.817462039828247E-6	0.042539551301938386	0.07167204803715312	0.09580357053652812	0.0920759721762253	0.33118831105102825
0.03851295936854502	0.06844042653709075	0.13275233036442174	0.1269979248093503	5.841600045936035E-6	0.04254353763116615	0.0716766717506277	0.09580837052312295	0.0920786816797361	0.33118325573589336
0.03846758359076548	0.0686929935449505	0.13291151786667182	0.1272097428086422	5.797822650588369E-6	0.042372984634149735	0.07155617825682964	0.09555711183349393	0.09197928760048377	0.33124680204136236
0.038494772907729805	0.06874087266067987	0.13290121607576677	0.1272242190398879	5.810503150502355E-6	0.04232387709885582	0.07156934766903376	0.09557420240818802	0.09195690073819247	0.3312087808985151
0.03850288686659005	0.06873972819713797	0.13290082618875093	0.1272571718722304	5.813897534998058E-6	0.042313420215342984	0.07157268396239266	0.09556942853128256	0.09195112241439968	0.33118691785433774
0.03848512969809317	0.06852137201382316	0.13274784034435666	0.12731729558372867	5.7812478201635376E-6	0.042959503845256805	0.07171529863230935	0.09512257303141052	0.09186101355489125	0.33126419204831026
0.038433677328444396	0.06849174315222728	0.13272822192812422	0.1273342162052086	5.799091177358107E-6	0.04301022157546317	0.07173726104717822	0.09509610182371916	0.09183896766182235	0.33132379018663527
0.03842868423092825	0.06848161511438905	0.13274590873165307	0.12733515269174794	5.847142681800199E-6	0.043011779036091345	0.07171283866895872	0.09509693636186506	0.09183779601245427	0.33134344200923055
0.03840648364043257	0.06848707164730646	0.1327260780652217	0.12736251924100805	5.850075863705895E-6	0.04296919487189729	0.07178324311747171	0.09509464389256202	0.09184864755556854	0.331316267892668
0.03840160061319299	0.06848383795454391	0.1327287013826019	0.12736798050252984	5.808255817654762E-6	0.0429621429302631	0.07176578404983518	0.09511201631035461	0.091831100718019	0.3313410272828418
0.03863964826493047	0.06844219372222024	0.13284184187175405	0.1273119164743569	5.823578501804039E-6	0.042906837952429756	0.07171698773004023	0.09501271743173216	0.09174060201255604	0.3313814309614783
0.03860290488715289	0.06846426090285093	0.13289420149125367	0.12732446343237933	5.784832009345098E-6	0.04287886844466311	0.07167898904267868	0.09500973886748819	0.09175378749058122	0.3313870006089426
0.038575330833304944	0.06848740893142266	0.13290751740868248	0.12733353933396385	5.810871248401739E-6	0.042847033753930126	0.07171370986431441	0.09500708895646358	0.09172559190475396	0.3313969681419156
0.03850524485827303	0.06845594345957129	0.1328308918763677	0.12739025252460326	5.823789759759612E-6	0.04287676198443789	0.0716737621012987	0.09504386500697462	0.09180763775467983	0.3314098166440339
0.03851943762593213	0.0684283639595657	0.13287989068338607	0.12735737278409226	5.8211194393226195E-6	0.04286513096531315	0.07166755353634216	0.09499721045182269	0.09183290567291715	0.3314463132011894
0.03855517657070373	0.06841988849598023	0.13289838921680713	0.127354031473213	5.8153653797327065E-6	0.04288810878074664	0.07166287061664829	0.09498418750237084	0.09181650488279242	0.33141502709535803
0.03855440479785492	0.06842276112412388	0.13290902491827833	0.127376521018406	5.802448536137983E-6	0.0428758723727872	0.07162296057527381	0.0949983125227291	0.09181205312284599	0.33142228709916466
0.038546682654424486	0.06847979026720169	0.1329016039551138	0.12737279870360846	5.821299009792225E-6	0.04287779853537356	0.0716161271953978	0.09498396552440402	0.09178964630011162	0.3314257655653548
0.03854992545056631	0.06841458454490694	0.13284879065495556	0.12742975965589942	5.8207967543605355E-6	0.042891727100548005	0.07161466550796805	0.09501018024655686	0.09181863218018511	0.3314159138616594
0.03856597527145651	0.06840800574924424	0.13284632950246744	0.12742267535181223	5.7944417057725905E-6	0.04286673347879063	0.07161628627397967	0.09503864749918411	0.09181022219372303	0.3314193302376363
0.0385908627039222	0.06839071733702953	0.1328099511534761	0.12744854446643022	5.777873364296027E-6	0.042842729399560575	0.07162034360204649	0.09504489393566642	0.09179301647630633	0.3314531630521978
0.0386275490855194	0.06840732057512366	0.13278337663875645	0.12742041929704295	5.80520500352566E-6	0.042863866539203925	0.07161937680776957	0.09504602357020325	0.09181755557803978	0.3314087067033375
0.03863913482464706	0.06840174611993627	0.13278354241732526	0.12742679598448156	5.821497234700934E-6	0.04289125438853701	0.07160911285539437	0.09505093866610946	0.0918158063285685	0.33137584691776584
0.0386247636394143	0.06838756077677584	0.13281721952636766	0.1273907473679344	5.79374146934819E-6	0.042904804394600184	0.07163313518041026	0.09502941263899563	0.09181244278705206	0.33139411994698037
0.0386204512835218	0.06839648489400779	0.1328084622922481	0.1273963893268172	5.836295700736849E-6	0.042913912234595716	0.07162886269428914	0.09503346538983196	0.09180186513199559	0.33139427045699194
0.038594480641880535	0.06845289272081759	0.13281677280732065	0.12742611799993347	5.829866212184176E-6	0.04290600947986862	0.07162833489426838	0.09501307018372884	0.09179558990152804	0.33136090150444164
0.03852647098124794	0.06852149949077903	0.1327665193979436	0.12750586711562387	5.831441988041197E-6	0.04290339488513514	0.07153087207629866	0.09499285526531201	0.09185581934982667	0.33139086999584505
0.03852348512544199	0.06854647424853674	0.13276222175743094	0.1275053517619401	5.7839940465070905E-6	0.04289540589050542	0.07153052235031071	0.09499638742980596	0.09184687517156219	0.3313874922704194
0.038515541214494756	0.06854357127262645	0.13277546128091314	0.12750119138770744	5.830885298610533E-6	0.04288956129866511	0.07153231447478064	0.09499510465914646	0.09184935338222071	0.3313920701441467
0.038501829827273834	0.06853752630505427	0.13277835549043113	0.12750749023825153	5.795618653284262E-6	0.042884703832375165	0.07153920134722544	0.09500386410492659	0.0918522824988855	0.3313889507369233
0.03850701530591569	0.06852706009376153	0.1327664772391804	0.1275172770957228	5.828434437166186E-6	0.04285116430060899	0.07155572556644596	0.09503435937054261	0.09178535627368839	0.3314497363196965
0.03849618012222383	0.06853937292330234	0.13276156481431875	0.1275752244509866	5.7955875175513816E-6	0.04282111668268503	0.07157679372284743	0.09499581245361179	0.09177820800912578	0.3314499312333809
0.03851863064968805	0.0685330221661376	0.13278395773097912	0.12755148684977569	5.80270045848208E-6	0.04284710872980556	0.07160783353163308	0.09499463057197575	0.09174538376754898	0.3314121433019977
0.03848636518228016	0.06853425759190288	0.13280363057558095	0.12761226043050827	5.780648466804927E-6	0.04286463233249984	0.07163089034694814	0.09499511674738498	0.09172970684120418	0.3313373593032238
0.03845605629607238	0.06848356414440848	0.13286454077258766	0.12771495514528614	5.835194659006837E-6	0.04278818696998958	0.0715406527429082	0.0949776988944382	0.09172967687154923	0.3314388329681011
0.03846359443710416	0.06848353131978063	0.13285570366153404	0.12769499467086376	5.848972247313178E-6	0.042792296044959585	0.07154505399412499	0.09497987746661592	0.09175115444306017	0.33142794498970946
0.03844112502370281	0.06841434368336968	0.13281314185197904	0.12778511008247637	5.8567115428370675E-6	0.04289900380176093	0.07158518466616273	0.09503016955657863	0.09173594070398555	0.3312901239184414
0.038420172304997224	0.06842558048254044	0.13281912866694323	0.12778232379491128	5.847681487619605E-6	0.04288765119304074	0.07158473472759573	0.09502547659108157	0.09175004903635299	0.33129903552104917
0.03848290899600754	0.06842772680626115	0.1328328282867142	0.12779400182738565	5.8480890614276415E-6	0.042880388348459725	0.07157913479074138	0.09500669910902824	0.09171124129605256	0.33127922245028807
0.0384480197421416	0.06849268918813736	0.13273580318868802	0.1278462545993856	5.826282739748723E-6	0.042884764777278137	0.07164043022322869	0.09500953587662404	0.09169221462449148	0.3312444614972853
0.03821299007057641	0.06867746264100943	0.13273401216697367	0.12761324634351243	5.796979993005769E-6	0.04287789664511929	0.07170119333300978	0.09520134732512614	0.09171098556820317	0.33126506892647667
0.03819162209402543	0.06869198885778	0.13274627030166458	0.1276134301507787	5.778643451970211E-6	0.04289996829129053	0.07170186323713286	0.09520317550975471	0.09169648430158388	0.33124941861253737
0.03817879865463885	0.0686840252680585	0.13275331347402708	0.12760962322764996	5.837632646180091E-6	0.042897304595451526	0.07172424593328129	0.09518550195254655	0.09169887217648146	0.3312624770852186
0.03825065600272032	0.0685690099861467	0.13281622231408616	0.12760109784341062	5.854969301208324E-6	0.04297778617833873	0.07173840623887111	0.09512562905151666	0.09167914858574189	0.33123618882986666
0.03827468526773523	0.0685925902993729	0.1328139767784784	0.12748559336832882	5.81313354407198E-6	0.042971128487212115	0.07177432072226529	0.09517003622181622	0.09164168118344737	0.3312701745377996
0.03830529562227865	0.06865372474353497	0.13280812049816526	0.1276104111425082	5.815060295566443E-6	0.04292157032678179	0.07188057654878081	0.09506313617544829	0.09154462415774973	0.33120672572445675
0.038312425618156724	0.06863973848064772	0.13279045505209813	0.12763001698583837	5.794978995624089E-6	0.04292927479559877	0.07187821324299253	0.09504855959410563	0.09155927449892003	0.3312062467526465
0.038281768188335875	0.06856424252160143	0.13278768376014613	0.1276779136655894	5.834766005449743E-6	0.042948355977214824	0.07187346196374046	0.09503123452441303	0.09161011475262956	0.33121938988032384
0.03829015654823319	0.06853374049344892	0.13279708537006807	0.12770386370945339	5.782036706314386E-6	0.04296682298296139	0.07188188960875438	0.09505623489912322	0.09156469224660907	0.3311997321046421
0.03830691772606172	0.06861663442236891	0.13287421827780732	0.1275780863380233	5.81147436769236E-6	0.04279786911717151	0.07179012267478287	0.09535451744275956	0.09160590896388017	0.33106991356277693
0.038272492791712936	0.06856976038471796	0.1330105771272888	0.12758418168252084	5.781511951380436E-6	0.04272045554161916	0.07176981314026057	0.09545134651021181	0.09159636388746967	0.33101922742224693
0.03826502283566162	0.06857453670204634	0.13300702868587572	0.12759544213416338	5.842131560629404E-6	0.04271877983944621	0.07176390963897927	0.09544838400211926	0.09161330157441262	0.33100775245573494
0.03833920713952061	0.06856815347885042	0.13303544059784816	0.12755059989732173	5.83654333134731E-6	0.04269820902113006	0.0718180336019752	0.09544073444991852	0.09156900156269028	0.3309747837074137
0.03831845952716964	0.06856652793159763	0.1330455753549734	0.12760146632683364	5.78428145618648E-6	0.042686994215147815	0.0718078261293695	0.09543789155465357	0.09157854283589023	0.3309509318429084
0.03831587990690968	0.0685597818192504	0.1330231733341435	0.12758185176272838	5.815364499048292E-6	0.04269368022963736	0.07183161440702585	0.09545559964964949	0.09158703794604758	0.3309455655801087
0.03829188047680362	0.06858445566440839	0.13303250178450937	0.12756054693160535	5.854523362255892E-6	0.042688163509494115	0.07182662823702746	0.09545427731556785	0.09160908828579922	0.3309466032714224
0.03827019701715592	0.06862381364471774	0.1330245303806083	0.1275576862725929	5.83949982876919E-6	0.042695064001270655	0.0718084789981522	0.09547715813661187	0.0916172725769876	0.3309199594720741
0.03828454877066309	0.06862563158129627	0.13301516622111303	0.12755969467009398	5.790536551988912E-6	0.04269041562855382	0.07180564517540837	0.09547089886202506	0.09161699741582383	0.33092521113847057
0.03839780085622165	0.06858718610174273	0.13300421800170265	0.12751923151500896	5.8284176371742324E-6	0.042625889842459005	0.07181890556995504	0.09547823889712406	0.09157535450052603	0.33098734629762266
0.038407627296356404	0.06858598724000414	0.13300903580863682	0.1275120809139247	5.8514986704533145E-6	0.04262763848776323	0.07180929326683083	0.09546660524455078	0.09158519475796889	0.33099068548529376
0.03843723140794389	0.06859667285305619	0.13298454292625947	0.12749218421885047	5.84505864367757E-6	0.042625504869902825	0.07179744070595964	0.0955019601160736	0.09157533038127573	0.33098328746203454
0.0384354580492593	0.06861105907991999	0.1329772760580818	0.1274863451058833	5.796238805505505E-6	0.042629544378902234	0.07178957004618397	0.0955159716274546	0.09156628485679918	0.33098269455871016
0.03841251560534805	0.06865000123346936	0.13298916111031567	0.12751575218244615	5.7814689180812895E-6	0.042624241291596573	0.07181335740536762	0.09550571899495788	0.09152905038272453	0.33095442032485606
0.038393129224593855	0.06860241724950429	0.13302164007020328	0.12753176515119244	5.784967513258743E-6	0.04262727051478332	0.07182223089924236	0.09549703684354907	0.09155360025828202	0.3309451248211361
0.03838954987561957	0.06859036512942354	0.13301788324373778	0.1275214412699295	5.808592030448478E-6	0.04264119239804336	0.0718392748182346	0.09549450688369734	0.091541112319375	0.3309588654699089
0.03836870670666192	0.06862615009449326	0.13301659179514652	0.1275177462590867	5.8067825551982866E-6	0.04264222367610199	0.07185172199533729	0.0954956578784224	0.09152653585539954	0.33094885895679516
0.038513629054691384	0.06856106286802979	0.1331998521659922	0.12780973751387992	5.801938911115245E-6	0.042624122028381825	0.07189967264680436	0.09534949547741582	0.09121258622063681	0.3308240400852568
0.03861454468097355	0.06866761072308145	0.1333324284203844	0.12786157005477897	5.792277622748698E-6	0.04254141055943725	0.07170850190001529	0.09519086418718935	0.09116063023222878	0.3309166469642883
0.03859448662683172	0.06864485391696082	0.13330723667629804	0.12788113153815125	5.833297929275227E-6	0.042529149551280135	0.07175679474943225	0.09520421788778743	0.0911319967799602	0.33094429897536887
0.038635426187048794	0.06865483723003461	0.133304114246881	0.12785100688934076	5.846368054673867E-6	0.04248281346760624	0.07177273262942441	0.0951762356064612	0.09115511329826703	0.3309618740768814
0.03854995171017287	0.06870763876223296	0.13336851743015804	0.12787844207253168	5.827150146742177E-6	0.04244985926528455	0.07173992572545423	0.09514811339560275	0.09103114620966161	0.3311205782787546
0.0385949244924929	0.06869971062165574	0.13333042475592996	0.12788179973242014	5.805788189816585E-6	0.04247333624084533	0.07172510204879404	0.09513980401038488	0.09104420248691254	0.3311048898223747
0.0386533370256093	0.06866044763834298	0.1333466238295532	0.1278543473842637	5.8516451355572485E-6	0.042418486871929895	0.0716931418528538	0.09516820612822513	0.09104085614605004	0.33115870147803644
0.03865264218879176	0.06865404548825499	0.1333404642799959	0.12784844016806846	5.813319057565436E-6	0.04242665933428184	0.07171814316372732	0.09515158732453471	0.09105730914198484	0.33114489559130256
0.03866731726901801	0.06867413547642202	0.1334252994733941	0.1278332087484003	5.804398588091231E-6	0.04238157235303349	0.07169887553859669	0.0951483344877811	0.09100951791941869	0.33115593433534757
0.03866067094141332	0.06866051529006716	0.13343675459117244	0.1278694075178369	5.8246413424251076E-6	0.04237997895189004	0.07169905145624453	0.0951223934075345	0.09102449653904851	0.33114090666345014
0.03863203048835023	0.06864932621422772	0.13338579611192347	0.12786921812672375	5.795891913532025E-6	0.04235323693961417	0.07170237649198252	0.09514927116711121	0.09102319953245389	0.33122974903569957
0.03858999404727563	0.06864343666103348	0.13335328271445912	0.1278233611257295	5.8477335355827664E-6	0.042388452173725014	0.07169490256721511	0.09516422926955641	0.09104507543827903	0.3312914182691911
0.03860259990409744	0.06864630538739955	0.13333884009530836	0.12782185143443944	5.793560826680699E-6	0.042372638819386	0.0717059358661472	0.09518823378588169	0.09101532071557651	0.3313024804309372
0.03854079962241504	0.06879067792322097	0.13331335434919384	0.127915109056919	5.8402488719300205E-6	0.0423416395132847	0.07170255084133663	0.09511518761687765	0.09099218769050739	0.3312826531373729
0.03852757451196413	0.06881165341408876	0.13333308626132317	0.12796856716721278	5.811051650775334E-6	0.04235785906791176	0.07164387162867004	0.09508733320670493	0.09100573416725725	0.33125850952321645
0.03852079951499538	0.06878609452937273	0.1333986831723664	0.12795607575902265	5.8377604614801015E-6	0.04229560818188138	0.07159293343534848	0.09507672263608975	0.09106200203988916	0.3313052429705726
0.03852697218254	0.06877918972848922	0.13339735659922003	0.12795942273033784	5.783266221762173E-6	0.042302771330556654	0.07159365746581901	0.09507958268119242	0.09104696735508336	0.3313082966605397
