0.15249333133513837	0.017017386527528877	0.04340234592392338	0.07144095768555346	0.039619781548413585	0.033941624903583836	0.09902090200051816	0.1824643216706371	0.36039348915039887	2.0585925430434415E-4
0.12458510082061605	0.04435630143381772	0.051977874154322284	0.08347070435978879	0.03092390687632357	0.0554599542788997	0.09218375542382021	0.18217596209192138	0.3347449277568025	1.2151280368774553E-4
0.1107904450765049	0.05240218429195058	0.06623012106754936	0.12413387790609057	0.020578380190214407	0.03816305247821718	0.05844711338256693	0.1913118344967912	0.3378358024990598	1.0718861105497857E-4
0.14812256595685325	0.02463737551542884	0.07719627580112393	0.13068212254276348	0.027210230969982083	0.03362071787468597	0.08836093846490282	0.17545615959656288	0.29470067824989016	1.2935027806526556E-5
0.13821813701859031	0.01998779840437334	0.10529797312219427	0.11553063935361216	0.018021086650927623	0.045603198639358605	0.07749561527640621	0.1841329915102052	0.29555504707770364	1.5751294662855186E-4
0.15120593898670126	0.03715525071866743	0.11007057608828749	0.11997357538539186	0.026851219347216154	0.04996272859710735	0.08914132117950771	0.13133842542062163	0.28411011659560453	1.9084768089448756E-4
0.17816799522757437	0.024543095903086218	0.08666532913662657	0.12067008034657442	0.023799814607404143	0.04564572872482048	0.08541653243819379	0.11762384665025993	0.3173987615399099	6.881542554992848E-5
0.16577474661405328	0.02782424873517006	0.11152889798648913	0.14513213600277047	0.040232696796645546	0.034705985650935564	0.07764476331362752	0.10493464611137555	0.29219489757633665	2.698121259606112E-5
0.20407087312147154	0.018844096330465715	0.11857087421593446	0.13202371758469658	0.028288841162634748	0.04245358651748168	0.0619449347435936	0.11340607813558366	0.2803829464966028	1.4051691535121869E-5
0.20998660581767814	0.021762984496928053	0.1366748228947868	0.08664657865248006	0.03356300231279001	0.037112053496086	0.10776276945648847	0.10178451774937289	0.26450782715315935	1.988379702300841E-4
0.23594149360526911	0.01996882931163678	0.1303969006557254	0.09119230639175474	0.02017164125926929	0.042472994033151724	0.08705198497960433	0.11678095390774802	0.2558594744102743	1.6342144556603933E-4
0.26203121231353227	0.030572912568514826	0.15246050971304623	0.07634135365030546	0.029918229619874295	0.04297273342799737	0.04473719330253326	0.1330911355746126	0.22769102281246495	1.8369701711849762E-4
0.2599633364289097	0.06180542881964973	0.13532651387138922	0.07942562555443937	0.03800283373843004	0.03219380109903909	0.07686020620366822	0.11121245151907719	0.2050467123615734	1.6309040382385398E-4
0.24837799645995678	0.06733153862764339	0.15968068685952222	0.08782704682709949	0.024868655233453732	0.05403773127270287	0.07000987857420399	0.10065214011007703	0.1870486728215635	1.6565321377680353E-4
0.24970270876823325	0.08299372562148659	0.1807143614998774	0.07624902227758812	0.025461974565611348	0.08319617970909106	0.06558615696809586	0.08203241517558665	0.15395914118608145	1.0431422834815407E-4
0.2520029893495389	0.10735018312792452	0.2234368125749122	0.0906367072960701	0.022943357129333236	0.05326597230974108	0.048002168683301726	0.06646618857771597	0.1357274789055998	1.6814204586219905E-4
0.23889866297096118	0.11148619776193408	0.22654006307874985	0.08982467128200039	0.02151963208023848	0.033614213663632875	0.0433342241442015	0.08338692663189717	0.1512706534994367	1.2475488694758952E-4
0.2396329836584819	0.09228196327579147	0.22432591447048597	0.07203330847658547	0.03509644927156401	0.031056880079484497	0.046787613040526185	0.11344325805184394	0.14514285474906827	1.9877492616808545E-4
0.18757868306768788	0.0924596396477159	0.23697016774662455	0.07488020644347654	0.026799892074531984	0.04412485281247979	0.04819162221048086	0.12914931010952468	0.1597535555780367	9.207030944104189E-5
0.2105430923197149	0.08498752958839949	0.2185238060058185	0.08205577206892278	0.02976111718072108	0.04916889676926933	0.06098591632088701	0.09793937704685436	0.16585951814665387	1.749745527584584E-4
0.23993086885970238	0.06942226758726001	0.2060297225581307	0.08632119030940823	0.03892856119521414	0.04357336508912826	0.05042729628612562	0.10596225822448786	0.1593568019820128	4.76679085297943E-5
0.2363492418682543	0.062168696986791935	0.21282194460419288	0.06557308349160139	0.03287963966449668	0.054891027351917226	0.04480154818451482	0.10757367656404147	0.18290692289701982	3.421838716928527E-5
0.24451877053376486	0.07804828494524865	0.1995476785613094	0.11711247291784879	0.023674239974792483	0.05103259270883377	0.06070405808024975	0.07569294459426647	0.14955529921249947	1.1365847118620376E-4
0.21725929430793967	0.07851403220724393	0.2066827012344398	0.1573233693471766	0.020545265385713052	0.0653121240693082	0.047243853797735026	0.06703341674389496	0.13989836660206126	1.8757630448733298E-4
0.21972780600660097	0.0827491433269996	0.21245495027933742	0.15827145516591218	0.019745836494210744	0.06275900660055933	0.04821178763132973	0.05860691944401369	0.13744072197043183	3.237308060430322E-5
0.1821556226957946	0.09843899991740966	0.1543697926044898	0.11374423307777644	0.03749971153923193	0.08498246046343691	0.10293296667965064	0.06435166712237297	0.16135535053228348	1.69195367553443E-4
0.18155779601446287	0.119798962402963	0.15213960704522467	0.11167880274842551	0.024304970134567658	0.09305081772895026	0.10393790868604266	0.06117952491439299	0.1523374320946056	1.4178230364633726E-5
0.17846238852193586	0.12278800171157048	0.1429202528947674	0.11172928730986045	0.021927044976829124	0.09541589243429477	0.10554906949937654	0.058636977763299916	0.16249733864702826	7.374624103706484E-5
0.20348730124901926	0.13756950854204983	0.11163894711196437	0.06950228406185052	0.018354508534700872	0.10552198048627867	0.1052286146913724	0.08442674122049734	0.1641013326326315	1.6878146963504592E-4
0.20758582357663746	0.08829348041225188	0.1238888629565989	0.10699207013633492	0.027901528684221882	0.1295832512142847	0.10701210284200395	0.06724936930045619	0.14141421693696327	7.929394024665248E-5
0.2138916404290867	0.08332753513314546	0.12195813084926527	0.12713487877310492	0.03704387351247983	0.11433711041564923	0.09536631041226883	0.06590846476646611	0.14092981375341382	1.0224195511969458E-4
0.21417907455109625	0.09567482454414697	0.1337407492123529	0.11321249389383037	0.036877518174589424	0.1154140716561823	0.08838324593717353	0.0646168222213984	0.13773999403397377	1.612057752559265E-4
0.20032327045873477	0.08144146910162012	0.14094059939957815	0.11072940146157276	0.022530096055361645	0.11333090440451808	0.07698206533242036	0.09108429015860259	0.16245495434415796	1.8294928343347283E-4
0.20257033241513955	0.06927094750350571	0.1296108439535074	0.08338832713211919	0.02042813785083139	0.11118787912841763	0.07056418532287495	0.09824237864813784	0.2145944528411025	1.425152043636746E-4
0.2225174180757151	0.0758361212542496	0.13419480989546193	0.08336190193964499	0.038090680257454164	0.10559971951634776	0.08241060182702989	0.07123481624411779	0.18656540504213043	1.885259478481699E-4
0.2509163976860971	0.05503697565023753	0.12813129550796154	0.06768214878938104	0.03168577616498733	0.10019974695955912	0.10091307572742741	0.1128743296798669	0.1523623256854085	1.9792814907330925E-4
0.24235376412614795	0.0628835560166662	0.18653687909670258	0.05432211361341709	0.023724725296088933	0.08404414008127056	0.0773965830209705	0.09169489244400365	0.17684563004130913	1.9771626342314497E-4
0.22656832543513405	0.04312378957006016	0.24394441694128133	0.09498735443315798	0.021801558352420383	0.04535194903490293	0.10243578002245352	0.07041233831992788	0.15127015447946845	1.0433341119307771E-4
0.24455593629280958	0.028961793316012244	0.2282863508159338	0.08271698661997547	0.035396514325693074	0.06132873413190619	0.08410047325081292	0.07173830847939296	0.16290813698549664	6.7657819669136865E-6
0.2279838667677766	0.018337255562690932	0.23394751857527868	0.1041725462199634	0.026682375766867286	0.05481147346566653	0.08608393737561314	0.06888319964838416	0.1790727652141746	2.5061403584561437E-5
0.23193526014295485	0.03388656646995866	0.21042883815412305	0.12217341065771689	0.029893906353408495	0.07875519262756137	0.04356830860726278	0.07350635962209327	0.17574366991605617	1.0848744886428341E-4
0.22366769826002458	0.05552475505370067	0.1958478074610694	0.11679589421317525	0.030868908159564126	0.08241058401702828	0.05836176568579128	0.06851301375761024	0.16785502437754274	1.5454901449327152E-4
0.24788293666161382	0.07506381776663137	0.15181093931526563	0.10600646135798009	0.03717771757060677	0.06044701975921862	0.08752364653639219	0.07102722002299242	0.1628717134440523	1.8852756524664893E-4
0.21534454287943927	0.06867519820262619	0.2367764251389466	0.07099146561861436	0.025788313046675906	0.06453566624501754	0.09645988304150221	0.08008558834380755	0.14116407564708996	1.7884183628028016E-4
0.16937828998090487	0.047159116105494656	0.23271797199070882	0.114616066147742	0.026039122612480606	0.10121828792444146	0.04397561937541034	0.10639711599331245	0.15833730823322162	1.6110163628306473E-4
0.16596828924819823	0.01996445997439239	0.24646816624595042	0.08020095085180814	0.04161546943800628	0.10762144531345634	0.05016613315118481	0.134211041252172	0.15373398088079182	5.006364403943586E-5
0.1933135250012324	0.01660049528260045	0.24432054742598963	0.0853385437576043	0.031015738657630562	0.1220970044446549	0.06531700544889543	0.10719869950213173	0.13464970672130425	1.4873375795616817E-4
0.20299284356903435	0.04118088098080576	0.22977569975418666	0.07410246355155846	0.01989396270960514	0.12226091945735744	0.06460263998074842	0.10707427672444296	0.1380735636387274	4.2749633533234466E-5
0.20048848528108315	0.02919047046269578	0.24565861021904117	0.08061470750365096	0.025176740886782886	0.12365791742943079	0.06727716978965775	0.08469489263641446	0.14316784085262282	7.316493862005724E-5
0.18386874470055634	0.03064780335867852	0.2377078488224869	0.10341728234720546	0.02172239732914895	0.12998668302953498	0.05019945294150932	0.10174437002082203	0.1406562745945095	4.9142855547884556E-5
0.1633145859939737	0.0171346464690353	0.2621340827425754	0.12077723519483236	0.03414695747165769	0.09997253012018104	0.049913966324955546	0.0952890122870768	0.15720426763880402	1.1271575690806335E-4
0.10608381270485721	0.016552865456396865	0.268403344695554	0.12708233701555366	0.030343075971839245	0.042684117530626786	0.10542272836650429	0.11673185066693653	0.18657038412230026	1.2548346943107302E-4
0.12632009706936861	0.021800262145663107	0.26266448847815915	0.12162670200885024	0.03428519897954549	0.04021336887311481	0.08739121212113304	0.10337130885920223	0.2022700637010138	5.72977639493738E-5
0.11619569056922212	0.033296227588706484	0.2644281004188725	0.11993849507189791	0.03961365158772384	0.039121578283057484	0.08207636717670821	0.13900905028208493	0.16618020294811808	1.4063607360838282E-4
0.11139067111498353	0.056265057288674925	0.28051230070553124	0.1041684328655865	0.031194989708782414	0.03519223291877552	0.07744953897757975	0.1343347914512324	0.1694698782091037	2.2106759749992988E-5
0.11382412678150873	0.07573651716067104	0.2795999105738561	0.11646496790128545	0.021362610886890968	0.05475165676187034	0.0872833989492996	0.09924189466824394	0.15167739124830593	5.7525068067817986E-5
0.09724727069032929	0.08461531003726165	0.26954994001648547	0.12115685838858349	0.035207037502714505	0.04243169696794812	0.0802961671996063	0.113418881769199	0.15606503087112675	1.1806556745319607E-5
0.08998557499263779	0.07555018302012785	0.2550997739495786	0.13482742366748385	0.03919277989680997	0.031119724661864814	0.09501261711800617	0.13061772532778168	0.1485033135564205	9.088380928880258E-5
0.08425332686764685	0.08850019173782117	0.2724991770274015	0.1322714566209421	0.025805969746357155	0.04742989013421722	0.0802056625025913	0.12870400729540385	0.1401961284582532	1.3418960936566193E-4
0.0479592496443313	0.1113110230174921	0.23982406648483517	0.1369914263292738	0.022970589655911478	0.058755545070556955	0.0926090634726721	0.13788456164057605	0.15162556833659246	6.890634775856552E-5
0.055773177095646664	0.12890441620548854	0.2150183977554475	0.14117744582601485	0.04018397277405212	0.06347236764019862	0.04408629909401222	0.16820215493440052	0.1431429163197397	3.885235499929973E-5
0.07688396811841564	0.061841049214789584	0.18359867349026432	0.17394816866688229	0.025164132047472018	0.059771852692055275	0.07514387321607609	0.1690775076366408	0.17449672859729795	7.404632010592216E-5
0.06911076603836712	0.021233509629483574	0.23225443470406631	0.1751628540479902	0.020715303050141673	0.05557882918359612	0.050313799822627375	0.1887610850822301	0.18669942223904448	1.699962024530599E-4
0.06316236248981494	0.03402147466977318	0.21795782369087063	0.16223027832893352	0.030855508449376123	0.049397281923020946	0.05855898225261536	0.15983834256793691	0.22394714888855136	3.079673910698355E-5
0.07341506257134187	0.07176210930354554	0.22673806652970324	0.14766166935922787	0.027137675896570276	0.06211908961905541	0.05007881625825945	0.13114807251749042	0.20975820184339591	1.8123610140997892E-4
0.07635106549921723	0.09499912708948954	0.23639825283392113	0.10218953584683496	0.04169952244235672	0.058555186579714764	0.050666564727429274	0.12100627678926412	0.21801423427722394	1.2023391454825394E-4
0.0505822775185889	0.13265907961654	0.1782867189815892	0.1747542251617743	0.02322246353054211	0.06254400905576683	0.05066154167529203	0.14130948860894513	0.1859362133088323	4.3982542129158975E-5
0.044164628988047065	0.14900052734857616	0.1630223831849309	0.15110082194125296	0.03017295654736732	0.09728550719282256	0.06221898987622891	0.1305085854637494	0.17244727598732784	7.832346969693926E-5
0.05945053423059397	0.14985079025886208	0.14620395618587118	0.15983352576487464	0.038500956014534224	0.08290131035713261	0.05074514337925099	0.10769834931586834	0.2047640920139997	5.134247901229794E-5
0.06402856252562518	0.14099169240317286	0.16705992097425537	0.17035807785977214	0.03077170328202221	0.06981718178705201	0.08505986906126503	0.1051546954253907	0.16657907207265377	1.7922460879075952E-4
0.05264701633911541	0.11767832459463269	0.1733388164516112	0.16294573819798291	0.029289928529765072	0.03773791575372199	0.09287361152777818	0.13035018367693996	0.20304885580069515	8.960912775742014E-5
0.09737123001927835	0.13603968818100748	0.12673019608877362	0.16893736035721557	0.023608492157331365	0.05290067693864424	0.053869143268017936	0.16160908059863613	0.17876210853872998	1.7202385236529671E-4
0.08870971172825695	0.14080775379359112	0.13114135463180868	0.1452742270940412	0.027880944023359777	0.06461787019154912	0.08519879860923549	0.14650005338990968	0.1698097528963316	5.9533641916367785E-5
0.10565285248153967	0.154541418083957	0.12313495139047226	0.12207341793267706	0.036198496554924395	0.0770924057733184	0.09154856957186745	0.11849627667902303	0.1711985595244005	6.305200782023845E-5
0.11120714960074299	0.13892189456335768	0.15222808925831585	0.13452867997599843	0.023563430632903642	0.06084947759326963	0.08789073000693316	0.11501720971219637	0.17566602920336194	1.2730945292020734E-4
0.08518834900349705	0.13131584329890858	0.1686765500461671	0.15685499175474807	0.035123168437900046	0.034414967771932634	0.10641462867212573	0.13424528734054936	0.14758364132474985	1.825723494215531E-4
0.05850282927361394	0.1097776169272924	0.17345459364532367	0.13137616615520167	0.041657636489716605	0.06446501567003046	0.10395277858419312	0.14573580657743473	0.17105742869146168	2.0127985731685505E-5
0.07339320362748943	0.13916800566814802	0.14310752428605353	0.17463137548001012	0.034330130186946986	0.0330280428950165	0.09351096009733721	0.14616110167276453	0.16255077763781248	1.1887844842119188E-4
0.054128638787709946	0.15039127269422503	0.18309814566161503	0.1298975288300538	0.023927577180441875	0.07065397150770042	0.057937904393455954	0.1773922404090438	0.1523862727281407	1.864478076134407E-4
0.05925180702869135	0.15923390187087444	0.1931610368398089	0.08092638816053961	0.01923163290225703	0.10213156742112811	0.04958421093129887	0.19652377391364853	0.13990654056916282	4.914036259039134E-5
0.04003565214886782	0.17403278598368127	0.18708500239208087	0.10876050412339192	0.019069061569705822	0.10778197774972603	0.04635159401436707	0.1796757767879214	0.13700331171416857	2.0433351608918626E-4
0.03554889662094514	0.17875337929836338	0.1990083661006951	0.09960294536804885	0.04143479100367201	0.09031437388860902	0.043695086905524795	0.16761731063439966	0.14381552863966687	2.093215400751497E-4
0.0671188192475568	0.19142995146133998	0.21047515510980483	0.0615924294408236	0.024594357534982972	0.04742920029396774	0.09924134782340237	0.14417761077050023	0.15393207953787535	9.048779746057E-6
0.08727933562873975	0.1682059858115274	0.19131642454177888	0.06008479572941239	0.01955085819112927	0.03670454264477785	0.06972460554768624	0.19854702243225056	0.16856191947837978	2.450999431788392E-5
0.09347702390568632	0.14284420648256269	0.20779915429527818	0.09394405759819585	0.03758061904613588	0.06729794076641935	0.052013544078794986	0.15784561615965148	0.1471733562377706	2.4481429504633057E-5
0.10105669412810864	0.13233649403470957	0.19322453162342762	0.12419726471222498	0.021933388817345037	0.0639928402890436	0.07177560063520874	0.14312571091196485	0.14821213774957548	1.4533709839145703E-4
0.0640973589112529	0.07484018552445305	0.1764206356952172	0.14225055021511163	0.022178610133057455	0.10577408496135857	0.06552139888096833	0.1337835801481006	0.21498736209874558	1.4623343173471304E-4
0.09573541503094382	0.04368373991484833	0.185220077695801	0.0847339780509447	0.02027190519756819	0.12043627762536299	0.07157724645813687	0.08374677011408202	0.2945255186225772	6.907128973476784E-5
0.11819675381393943	0.04890800354495361	0.1802040803372632	0.11730404489622165	0.030134732248038615	0.1050444513381479	0.057577347671463566	0.09008561505918163	0.2524389248709399	1.0604621985049745E-4
0.09954895380342996	0.06540639401262009	0.16839611714326966	0.12097457897779516	0.020988974269279814	0.10469826470950447	0.07593659474549018	0.09917167918649909	0.24474673334813996	1.31709803971522E-4
0.059866828234532446	0.0635986553672832	0.1694262682437283	0.10258502315470963	0.022310537388891147	0.12193240233458508	0.06176308061459733	0.13082039550149266	0.26756156164662076	1.3524751355944997E-4
0.07080375543829451	0.08419551217696304	0.12984630588961876	0.0632701703426915	0.030503774018753566	0.11958907594147897	0.0904742123392496	0.09231253206651885	0.3188981034280654	1.0655835836574645E-4
0.04975044946613419	0.10124495686502503	0.1429771212734294	0.07357704262872478	0.01823707567726171	0.07915472082530006	0.08419512171372096	0.10395594566162908	0.34670271874622677	2.0484714254796754E-4
0.05028425637908611	0.11039956609462466	0.11482953215525954	0.09391398913511204	0.025528661648689333	0.07711662951903503	0.0651414032344442	0.09720035310127556	0.3654430101015454	1.4259863092805358E-4
0.043308048985473246	0.09306432078747141	0.10360992477639122	0.12097065836680773	0.018039792377640793	0.0939294429908039	0.055737396963697	0.10911507067420607	0.36213125278309183	9.409129441677322E-5
0.07191503581786866	0.07702705872880897	0.09862028255481489	0.13068850810361637	0.019961466296352703	0.09705543441023494	0.0591841114966773	0.08432591438425033	0.36105214689216447	1.7004131521131116E-4
0.07787766035280343	0.07612298688586178	0.10849828832480422	0.10912630565073476	0.03385848486875198	0.1273414083868926	0.06064583827008949	0.12096362550258921	0.2854439099599341	1.2149179753841166E-4
0.07480102244592432	0.09579917560053451	0.133149408022715	0.07110546139089284	0.02711343878782224	0.11421230312740384	0.058823945951704336	0.13092556723407547	0.29391385856695823	1.558188719691933E-4
0.1180067209766593	0.08054581173376284	0.10302783109599632	0.08186858411260868	0.02915065606255167	0.0586052650307293	0.06643583626297962	0.08830286102488516	0.37401319758575774	4.3236114069297726E-5
0.14032065564435225	0.0881815815617464	0.12518088623215545	0.07388727243697524	0.019764641869937857	0.05214017854392588	0.053139910723958565	0.07772482540902438	0.3694599605645846	2.0008701333923407E-4
0.1369567300415811	0.08999062131613098	0.12706546140865688	0.08946572380051168	0.027611586786450745	0.04103956005832167	0.04564866162755285	0.08609975177370163	0.3560840547168983	3.7848470194071226E-5
0.11049319906031749	0.13796847079824273	0.11331302647210201	0.10722010141041047	0.02948601722463573	0.06205084114661076	0.06365941487473271	0.07675804790142446	0.29898068691290236	7.019419862118459E-5
0.0677536209854388	0.1697695263869088	0.12458743291723896	0.11382336033287833	0.018993224616331655	0.05237607089645338	0.057878476551860264	0.1156158510598051	0.2790759167596812	1.2651949340347635E-4
0.07235526355317828	0.115368850584204	0.13044281100325544	0.09237956905745578	0.037302358868433735	0.0803370726022182	0.09606034125726963	0.11162628346175713	0.26402444653819274	1.0300307403506015E-4
0.10652175564204586	0.07240670621740819	0.11900799772692255	0.09881827059184001	0.02802757452400438	0.03713409038239501	0.09512658819156337	0.13354822394461996	0.3093723924408123	3.640033838823997E-5
0.10306096090397217	0.10240668981482087	0.0922791850595292	0.08101783647489058	0.04187923930984567	0.04374152797599435	0.0880485760500461	0.1409963612614364	0.30636341794271393	2.0620520675064535E-4
0.0937671742051296	0.11283038160603152	0.11398875214047499	0.11849996846643998	0.021542228763330507	0.07440512199375675	0.0745164246421702	0.12837119674487485	0.26186580763233624	2.1294380545532066E-4
0.12132397201105213	0.09537312184083208	0.05452196514926885	0.14683223539667345	0.03670255674163206	0.07091450622414266	0.08517511372542409	0.13789088532089466	0.2510979011962821	1.6774239379785394E-4
0.09547996250391691	0.09584690018980281	0.05487540503720369	0.1558265923176816	0.02558870801887117	0.10163174090858577	0.06380393930636932	0.14209185554244275	0.2647833241071447	7.157206798116822E-5
0.07448666522042278	0.08730307995745475	0.058060987080456594	0.15293900185122805	0.028220108383555695	0.11464783855071567	0.08266100709528745	0.11033450900294715	0.2913177313786415	2.9071479290321278E-5
0.08579578753877853	0.08184772409159671	0.0537120428637325	0.1620556356724766	0.02169812654213228	0.1269638863264565	0.06726182749679355	0.12165045889941181	0.27888534695832484	1.2916361029663426E-4
0.1043739867021492	0.0592686104638441	0.05232131408557354	0.17204853218165625	0.03434177454610636	0.12662803737033362	0.0667699707910489	0.1126573831387067	0.2715427980762979	4.759264428344512E-5
0.11392923825989064	0.042419068654909735	0.05228870361316068	0.13507913880611486	0.0220791703657119	0.12202410006208668	0.07306265283669297	0.13226432462072263	0.3067286098117405	1.2499296896939516E-4
0.1055977671261274	0.020011161430801727	0.0698306048014756	0.15436121117954427	0.03913829213023348	0.11904006896756947	0.07745005274301536	0.09772720794662075	0.3167398195076851	1.0381416692682721E-4
0.08984802123704981	0.053634387474590366	0.06432074376664368	0.14541455505624068	0.03631313323602191	0.10381438565046121	0.06575525405187904	0.14812498124463874	0.29269534189244933	7.919639002516854E-5
0.07761902064449969	0.04398389024398917	0.047285745523325505	0.17396916313029542	0.021576795224480846	0.12537705472624153	0.06780227155030175	0.14999677255424004	0.2923058036414628	8.348276116328102E-5
0.09090309933563873	0.022912643905489957	0.061327387228870996	0.10253216659183624	0.03876295786288823	0.1280376643444435	0.07758696695139033	0.1578815274654041	0.31989249530595815	1.6309100807973542E-4
0.0876896356699467	0.033261595440910396	0.07819909034325395	0.10948106472879927	0.03279261581073126	0.10963924641136585	0.08989235324363005	0.13563153193017952	0.3232893520913296	1.2351432985338584E-4
0.06628649663897743	0.07016086910574729	0.061099131915126906	0.10053191616348597	0.020388851768556718	0.08636316056366564	0.09841873062436052	0.149057217709203	0.34763104864934574	6.257686153077202E-5
0.0840844781051363	0.054709857920758345	0.06553653949529556	0.0979661279377299	0.022211894449449196	0.10409459381816007	0.10576395238197175	0.11278338197441674	0.3528262253040187	2.294861306338658E-5
0.04841226649135907	0.09777547315478861	0.08738151982640151	0.07046138975562537	0.023075787880311394	0.10829921875988908	0.10313756177086647	0.12346491409096945	0.3377889734176841	2.0289485210496505E-4
0.04622897624458676	0.059925621770552114	0.09539782938143174	0.07136058492068215	0.025060661824910457	0.12081928460729546	0.08153758886098858	0.16185273369515263	0.33767586455547266	1.4085413892740706E-4
0.048067999606357235	0.06882652159970892	0.08884798138702793	0.13323678869590358	0.02081879429940063	0.12498937052364392	0.0699026928419503	0.16295479172577276	0.28223978125908616	1.1527806114856876E-4
0.04254783993280825	0.016378762525462442	0.11303158422551736	0.13964195653976005	0.02429201919432855	0.114526039670299	0.09886119208508232	0.19923540160215816	0.25136433411795434	1.2087010662957531E-4
0.06432924428261826	0.054746275475513514	0.12901496242829652	0.16745303330023176	0.04046864020340035	0.08266977096017987	0.0826828634545213	0.10961871383000642	0.2689828165630659	3.367950216610904E-5
0.06991099446827743	0.07868434377632695	0.13753145235224964	0.1670027126909967	0.02674504991364375	0.10161182516696879	0.07022765783934701	0.09654589726236695	0.2516561493323142	8.391719750852622E-5
0.060500951722112624	0.04962590671813736	0.19733284483893793	0.14453718069960486	0.023890637118291785	0.10790087016214131	0.07665700426025454	0.10943972352755087	0.22992281060322572	1.9207034974295933E-4
0.057741714971886376	0.05547445825680021	0.21729282179659176	0.1636829967647883	0.04049685772963813	0.10050971947071857	0.08762206441850406	0.0634310035920196	0.2136595312168567	8.883178219623589E-5
0.11717395971353653	0.07902320024000495	0.22857698801163456	0.10813934702833645	0.034436931053209066	0.08781255757258051	0.0703513014251507	0.05914130214790735	0.21514821512336013	1.961976842797114E-4
0.10698802761018143	0.109627635766946	0.24214164540025862	0.11419065587088606	0.019324086379058025	0.053278835950157345	0.06569140372820545	0.07725263294492243	0.2114065292794845	9.854706990011786E-5
0.12042549766082719	0.1273630771866137	0.22837427508794866	0.09016516679953333	0.02924849093610668	0.04020885523045313	0.0539472787505656	0.06830771969832948	0.24190037750735377	5.926114226842416E-5
0.12808917501456618	0.10929709722659348	0.2238085829908672	0.06344243483324677	0.03532697744075265	0.04159390055429853	0.04703099487635182	0.06815579549096473	0.2831265285320718	1.2851304028674293E-4
0.14711740948606594	0.11043512511869495	0.22059084749594426	0.05971289826216955	0.03395121041993639	0.051452661421754795	0.0444190952551303	0.06815853150915874	0.2639637270996659	1.9849393147909622E-4
0.13834306358638465	0.1055621406902238	0.17711159433043488	0.057074550334013714	0.03872585550415951	0.058754882540020606	0.05564791117020707	0.08974275597035408	0.2788544055598062	1.8284031439541604E-4
0.16175391568094266	0.07557738396626443	0.1833540843828006	0.11256667877350779	0.01766913794701512	0.056673427792219885	0.06754886763130388	0.07037935472974453	0.25433533668913255	1.4181240706846732E-4
0.14685810583447545	0.0700815563638866	0.13708076844916287	0.05934565592240276	0.01815384055155468	0.040076206836161865	0.05961374082257585	0.11745323585494002	0.3511679488787939	1.689404860458904E-4
0.13442035803192467	0.05009772699310627	0.16163180894472962	0.05315942463091223	0.02941191983940787	0.05015384973057572	0.05736050077060104	0.09880166157340485	0.364889188705031	7.356078030665292E-5
0.16845836130984299	0.052593705001081806	0.14798613023712137	0.06261239569280763	0.020724802352454053	0.05838577798232697	0.04663261190680147	0.09501051289322117	0.34745542240900124	1.4028021534116808E-4
0.1684047981735195	0.06337796544316517	0.1706682955214863	0.0847567007787676	0.017786095638023358	0.03257524932616224	0.046082920759306964	0.07871044059125362	0.33753436356872224	1.0317019959289742E-4
0.14122250955392088	0.07104171835997528	0.1818097824689048	0.07378891282368077	0.02066869090304041	0.05287890506230647	0.0824223962070319	0.06113228623953818	0.31494978162742343	8.50167541777691E-5
0.11466788368234478	0.04326672276692876	0.18538022582349506	0.07398063711101949	0.03382426799983128	0.07776521294916391	0.04320866458962038	0.10161096353356805	0.3261833352979757	1.1208624605253681E-4
0.128231647673409	0.03166178627695475	0.21815749883175617	0.05865913016723013	0.03251190217529294	0.053881461732151976	0.04326604748854774	0.11027355356573255	0.3233470577179025	9.91437102214332E-6
0.10010460059387055	0.04540547237019949	0.20684418625724404	0.08849616379824961	0.03707235098556985	0.04664339199477171	0.06625335935421847	0.07234149838509532	0.33668804941678593	1.5092684399495293E-4
0.12131388042365682	0.03662529656455868	0.17596449512517914	0.09358288479756563	0.03338486632651329	0.035191157123079075	0.05200727178499279	0.13154864709370573	0.3203004231275611	8.107763318766781E-5
0.11393885506512205	0.052627046048477295	0.17706810987052368	0.08025641094494348	0.020434701673082215	0.048204489229742305	0.04598708902463366	0.13215686355584588	0.3293024063166136	2.4028271015816283E-5
0.1381624439531951	0.028157156411917336	0.15833528672565875	0.08639135983749291	0.039380579714808475	0.03817636947873097	0.056740466519902485	0.11835383198113071	0.33629642192016646	6.083456996694436E-6
0.15844754293728652	0.06456594850994907	0.13231745069978246	0.08452990872597216	0.02113365983091854	0.07121893062321048	0.0484471460962235	0.12639496755578908	0.29293133003192945	1.3114988938620065E-5
0.16394196610831496	0.04137491405223337	0.15285864791823764	0.11369823434950858	0.025000763404808196	0.08123425585393937	0.04814262162029571	0.13004873459039815	0.24352680520180625	1.730569004576854E-4
0.1224903027433126	0.05813733706595961	0.1820878946692866	0.11809725296412174	0.026642230892465868	0.08367176267265197	0.06382658093762125	0.12397500180719029	0.22103138593924276	4.0250308147166125E-5
0.09914664202457799	0.05121671214487986	0.20319731132666002	0.13398222500189771	0.027395599429285697	0.07533434650603911	0.0619912634439668	0.12072744066514546	0.22696895405766981	3.9505399877501346E-5
0.1313342447215603	0.06904177588335525	0.23596724796486634	0.08574018763792114	0.021490311217013155	0.04385286408526418	0.05138193872209657	0.13589681844404394	0.22508472050096945	2.098908229096058E-4
0.11966714706582675	0.07974183509299897	0.1862620238135453	0.0820731599201322	0.03227657934126828	0.047782305352369485	0.04600494642737608	0.17323031011891732	0.2329256976730984	3.5995194467161595E-5
0.11941029998985285	0.08842595170135906	0.16884149210942057	0.1025694079699057	0.022360716671343206	0.032892552870308955	0.056845692651964895	0.1721972897382037	0.236370041083229	8.655521441200409E-5
0.09284149508227546	0.11671166149363449	0.16676910474806853	0.09389735475246036	0.03847361983643162	0.03758147981467187	0.1045722359949368	0.11044733201367332	0.23859209285488248	1.1362340896499401E-4
0.10578303309017838	0.10577438744117783	0.14399782065423386	0.1219246950098116	0.041427171488823654	0.06154007327642311	0.09807161065556441	0.09468021023044897	0.22659274914941396	2.0824900392414636E-4
0.12860295179418338	0.08320960036012336	0.135013518682874	0.15148465682974174	0.04151373213167376	0.046969286239335405	0.09204263283246933	0.07720406920007039	0.2438358346299771	1.2371729955146238E-4
0.11447460733790454	0.05884589191508503	0.10164215023649491	0.16925980011186448	0.026782079605816952	0.11435640082468812	0.08683240213131235	0.07247933769498471	0.2551532577109702	1.740724308786218E-4
0.13566291551739665	0.08302600045068737	0.1090525837916659	0.16496746134416868	0.03664081148302932	0.058759705530870655	0.09871201389375267	0.05963809383380077	0.25339327810072276	1.4713605390512252E-4
0.12041949892786505	0.11099317039083918	0.09879928236754627	0.16145738322428033	0.021211978825873154	0.06734798380433538	0.0976233459434189	0.09066093134074338	0.23127889734447504	2.0752783062326363E-4
0.08917358806654924	0.13144952027088738	0.10011347236509824	0.17276071349895067	0.041139112902357874	0.06036633203172268	0.10743335497243074	0.06471478573612764	0.2327887407622553	6.037939362017741E-5
0.0727152936038845	0.198700719724335	0.0922758030689663	0.15775045517473713	0.030840967116480406	0.09409731918367695	0.060731241331036294	0.06937915033310157	0.2234878617237681	2.118874001368065E-5
0.07061286479619482	0.17584097010419503	0.10495074748472973	0.15468088941759237	0.02126582346921929	0.06228929244446336	0.07107045818518211	0.08993544006698867	0.24920862117974957	1.4489285168507726E-4
0.06935564842214481	0.17212480756466514	0.09574916038369523	0.1698218081376381	0.02244406300295762	0.08184023168245728	0.10091320833305739	0.07885039491858352	0.20888589578297775	1.4781771823221823E-5
0.07542486761947789	0.17002054711911024	0.09318885318745265	0.16609343907042706	0.03784787406233792	0.06353139320566784	0.08930250760596946	0.10081340295329148	0.20373254840624078	4.456677002463716E-5
0.1318680696648181	0.15376243626960195	0.10548668352630487	0.1625986466487725	0.030998209006187563	0.05156404708957123	0.09299376088871346	0.09583423862597351	0.17484524895157733	4.865932847938903E-5
0.14398939860158302	0.1976520223775029	0.08866001863920739	0.16607424466682918	0.02128525843480525	0.05295793952445151	0.06315166847550797	0.10428829870218759	0.1617865101370576	1.5464044086743733E-4
0.15471728889738856	0.18507447192058935	0.14062769701521668	0.12712905834207314	0.024687670772775838	0.053911859318381404	0.08279025930855799	0.07765141595415062	0.1533685441040589	4.1734366807488765E-5
0.11684040103880307	0.2009119344421157	0.09165484071704988	0.0917444459593813	0.037816558983851487	0.0834116768451269	0.1004827759471492	0.07076368087594614	0.20634549002580294	2.8195164773286985E-5
0.11239745983932593	0.19275479403006965	0.11304888953666775	0.05763141591290064	0.027759398542510305	0.09156805711515054	0.09505959929634138	0.08365545015132297	0.22608570112436327	3.92344513475279E-5
0.13026736760151905	0.16846269480478346	0.14031896521380835	0.062225689687642596	0.028045868352971556	0.06301059671708749	0.08939194149434938	0.08781758593936473	0.23039765079815822	6.163939031512966E-5
0.11552471541508826	0.1673718783496539	0.14078933791339365	0.09028672341498925	0.030123209545601104	0.05198843553748798	0.06244635517984196	0.10062747373892139	0.24071291063146688	1.2896027355552286E-4
0.13780095068337073	0.15154058735132647	0.15612395940703497	0.0843478002611098	0.019988460544740946	0.04063188927863054	0.08256867381230111	0.09949958440408502	0.22737761305604387	1.2048120135647877E-4
0.13312242464240057	0.10053578710206952	0.12979620139629752	0.10986139711800569	0.018946070211624408	0.1032470666991827	0.08465667278918859	0.11571593388098456	0.2039837887424633	1.3465741778304063E-4
0.11896375537810851	0.0893684293618784	0.16588063862580105	0.09615875916663416	0.03232846116020087	0.11061215258440013	0.08739562074155766	0.09527349656540982	0.203829396862373	1.892895536363265E-4
0.13809680931425775	0.09376842379977397	0.18049619451041246	0.10447715988937976	0.026229894422691427	0.11364183973197486	0.046554390708983484	0.08790799155040967	0.2088028308218136	2.4465250302863062E-5
0.1822053607480726	0.10842447036433003	0.11346590765461431	0.14840158287973448	0.02398042597194326	0.11424922165215506	0.07775177464190505	0.061697301248484784	0.16967668580666284	1.4726903209745512E-4
0.20166209997524387	0.12104663339267122	0.07207874700338368	0.15465557118296325	0.024389264607056094	0.12067198353263842	0.09614079037086522	0.06228808095982783	0.1469947315397239	7.209743562641702E-5
0.1915372435049627	0.0950560764782512	0.08973328937489389	0.11765300327425282	0.03942280162110672	0.12736331368829262	0.0535677186403263	0.11804468592203157	0.16755565557264873	6.621192323327807E-5
0.2202908310844643	0.08564874743929911	0.08792455281126081	0.06337717290360301	0.03839859776523851	0.1216469962040378	0.0673432541398424	0.05952315599654787	0.25574123320410097	1.054584516050755E-4
0.23341093401059154	0.055173831434640996	0.08956949115006872	0.05357941462557268	0.03562151525888431	0.11969513887078755	0.04787271305289248	0.10840415587503115	0.25650036294250184	1.7244277902854488E-4
0.24280209700020983	0.08473892697404559	0.08568626969993477	0.07193969194579762	0.02586864108608701	0.12156713623685216	0.046723041839670236	0.09508044680859229	0.2255083723498268	8.53760589835384E-5
0.2553087293714657	0.09268960787540469	0.0729331917494631	0.06719501151569038	0.02641802563080757	0.12485680285408096	0.04851213907383972	0.07949741937216666	0.23253787394693293	5.1198610148059376E-5
0.22927035080257552	0.07021882823857323	0.0912406817829171	0.05249785050317627	0.03975185645200939	0.1192240063537662	0.04426439939070824	0.10605399187247713	0.2473010578273072	1.7697677648954857E-4
0.23858400734603114	0.060539154810476434	0.09783805556355278	0.060024838406862485	0.028448633698347825	0.1148292909160058	0.05982086637053405	0.09808839060287217	0.24175868045043547	6.808183488163366E-5
0.23956899405094045	0.038981292856191944	0.09365892956466547	0.07671463352835578	0.03222448977624276	0.08591765789605124	0.06503190233412247	0.12963527074864092	0.23811459845940375	1.5223078538507961E-4
0.2592936941698633	0.031055888066022844	0.04233564176726036	0.10781189482768366	0.04009724941636829	0.07537130050775506	0.053519159732298136	0.1422285900353233	0.2482355422879704	5.1039189454524236E-5
0.24856442297278758	0.05225869593187824	0.046638224183292054	0.11875795208581069	0.03975793690765668	0.04496496301871583	0.08123475784170284	0.11262347917108714	0.25510300724051793	9.656064655079455E-5
0.23548297308246707	0.054325153387947966	0.0635239671677592	0.070408435442309	0.026086559093180348	0.06753063173452546	0.05711718908367229	0.1575246500385864	0.2679869929126532	1.3448056898943128E-5
0.245511587103228	0.015890824158792005	0.0920872441267087	0.08062177123957394	0.0338727856969587	0.09085989356728585	0.04864970406208012	0.14900588485189137	0.2433261175792346	1.7418761424654872E-4
0.24839057770293926	0.029545617050524983	0.11064082952530319	0.10613087812772176	0.03209669558050364	0.0661404417354797	0.05952176730827115	0.12539947629384338	0.2220338170732788	9.989960213398208E-5
0.2574171474111345	0.03611047505476857	0.13152942090815567	0.09143596858457625	0.03544612493194295	0.08042290798287974	0.05322845747749888	0.12130244020513392	0.19304096129297332	6.60961509360708E-5
0.25933259457400704	0.04067459369685909	0.11652803326472927	0.061397480984948474	0.03324037983251864	0.07121157088392198	0.0822746688297041	0.12084723581751597	0.2144616966736443	3.1745442150982184E-5
0.25699018478410174	0.04413704724770777	0.12881509677003242	0.06567382643675108	0.018389511003450626	0.0711155606808435	0.07702917476929935	0.11708158352445884	0.22056955705306971	1.984577302847207E-4
0.24532611514434044	0.03450656986061984	0.11545419163753463	0.06977258037883756	0.03322681364768809	0.0823225294210186	0.06986711624554232	0.10022516073403012	0.24911028623853038	1.886366918577992E-4
0.24142617156665136	0.03800420203844165	0.11014775570950008	0.09356150499635824	0.019740437734851984	0.11900740928948544	0.0772395368511988	0.06248640687859743	0.2382726825938707	1.1389234104415558E-4
0.23223063850391773	0.06039913623434645	0.10736388875401418	0.09812881195232467	0.02590935434303286	0.1096833687555872	0.08344007700881541	0.06248545418982436	0.22033308271373944	2.6187544397551776E-5
0.25003305153914934	0.03907594729906779	0.12459949978839358	0.11567726439834597	0.04021292443116516	0.09150171811071067	0.0434995481528069	0.06147236262954877	0.23373236537998537	1.953182708262502E-4
0.1708535757514773	0.04547158387686934	0.14175412947040356	0.14243187815305394	0.0218853353517639	0.12461349629848228	0.04711612330236364	0.06476238580544846	0.24098394490578628	1.2754708435110118E-4
0.13488426161771055	0.035380267255006675	0.1598115163070993	0.16418221655790133	0.02205010247323977	0.1091819076348406	0.06219259023959829	0.07597934524351653	0.23629213582301944	4.5656848067454625E-5
