0.1008892816277589	0.410466505948451	0.4886442124237903
0.14022961131305478	0.38224700032896547	0.47752338835797986
0.12840168950443953	0.39092939790798104	0.4806689125875795
0.15379524052893007	0.384320287323132	0.46188447214793804
0.14631567762597575	0.386904721907799	0.46677960046622535
0.1233553630876856	0.41128276569687194	0.4653618712154426
0.14726157378672627	0.3842316460345004	0.46850678017877345
0.12766718103360555	0.38640878282187596	0.4859240361445186
0.11637055853711456	0.4046304328634035	0.4789990085994821
0.12734429070300451	0.4017158411578256	0.47093986813917
0.12812995597527027	0.41013827835909783	0.461731765665632
0.14921822404390708	0.3902331069527039	0.4605486690033891
0.1224655390428997	0.39118429407592326	0.48635016688117716
0.14063607653909943	0.38720397880850876	0.47215994465239186
0.1491391334320682	0.3918104556830994	0.4590504108848325
0.1163196304545221	0.41055462056532943	0.47312574898014864
0.14647682112644156	0.39164341268885444	0.4618797661847041
0.14901854467947462	0.3916812626828442	0.4593001926376813
0.13911274566233717	0.40239375287071233	0.45849350146695056
0.11211917596683627	0.39635264841755025	0.4915281756156136
0.1182516655021433	0.409036204139134	0.47271213035872284
0.1429970164046466	0.38354067543902515	0.4734623081563284
0.11607449181609147	0.40619046563589206	0.4777350425480166
0.13507666466869045	0.40356946453685766	0.461353870794452
0.13082336421922697	0.3882569309978615	0.4809197047829117
0.10828175359090797	0.39755675385154354	0.4941614925575486
0.13257464893553983	0.39928643213360415	0.4681389189308561
0.12650653925199815	0.4039575039776977	0.4695359567703043
0.11211950892878805	0.3943147513077393	0.4935657397634728
0.12432491168545037	0.39147609763571284	0.4841989906788369
0.137016386317885	0.3884872925120131	0.47449632117010204
0.11290788846827021	0.39941299229818056	0.48767911923354934
0.1034994775049026	0.4111629412308425	0.48533758126425497
0.10938915964674156	0.39892299076656107	0.49168784958669753
0.11915122067087336	0.4105026390558999	0.47034614027322685
0.1252269236145746	0.3879644730885864	0.4868086032968391
0.11789328844841518	0.40500592679686753	0.4771007847547174
0.09761879080326485	0.4111415909366095	0.49123961826012574
0.11678368358875399	0.40738618241015245	0.47583013400109375
0.14488553401883414	0.38415065780327134	0.4709638081778946
0.1267613361747103	0.38384309278424183	0.48939557104104797
0.09778870340239204	0.408211967827293	0.49399932877031505
0.13857421081694862	0.3872263221297214	0.4741994670533301
0.14551106720230722	0.3844107187934767	0.4700782140042162
0.145030801700811	0.38778139302217884	0.4671878052770103
0.11474909082484452	0.4051610177345635	0.4800898914405921
0.13525999671348893	0.38606923457696596	0.47867076870954517
0.12960756154355452	0.410757756054764	0.4596346824016816
0.11780164970960388	0.40254896910656107	0.47964938118383516
0.10555406170155207	0.40937515520582113	0.4850707830926269
0.14973919270319647	0.3812122981760417	0.46904850912076196
0.12400788639625634	0.3851227767935223	0.4908693368102215
0.0981819240486092	0.4101515708535137	0.4916665050978772
0.13356225832510787	0.3835447706919782	0.48289297098291406
0.13028522612653673	0.39907324734647837	0.47064152652698504
0.13511989797451163	0.40131129555888734	0.46356880646660115
0.1241915540559908	0.41103414663280563	0.4647742993112037
0.1322476736875668	0.39646652931111986	0.47128579700131346
0.12087825122842999	0.39870153142495185	0.48042021734661833
0.1502507866328571	0.3873658637269163	0.46238334964022676
0.10643375604044145	0.4048654188233092	0.48870082513624946
0.10743447155362401	0.39889652766568107	0.49366900078069503
0.11455332862867743	0.3990705143757129	0.48637615699560977
0.12521505004241712	0.38471394800010156	0.49007100195748143
0.12909326751836464	0.39989743398933647	0.47100929849229906
0.13308459719967555	0.392956050487074	0.4739593523132506
0.1397110740499313	0.39490209577504787	0.465386830175021
0.11008715651697798	0.40292962832538626	0.4869832151576359
0.12259471766380053	0.40344690020004603	0.47395838213615354
0.1309245783894234	0.387223215891907	0.4818522057186697
0.11168578347277536	0.39662891999356154	0.4916852965336632
0.11613358033139315	0.3976316437178674	0.4862347759507395
0.13674448792092486	0.3886869178039432	0.474568594275132
0.1331042911664776	0.4007783949107038	0.4661173139228188
0.13528027841060666	0.40029889298945026	0.4644208285999432
0.10272557192927392	0.4039363750188302	0.49333805305189604
0.14068227793102095	0.3877576495579973	0.47156007251098186
0.14253377673531986	0.389538821354037	0.46792740191064325
0.12203722574686438	0.40707395612252295	0.4708888181306128
0.12034937413585492	0.4008714460445415	0.4787791798196037
0.13155029841592353	0.40667720599798207	0.4617724955860945
0.11940693147890566	0.38636796813252694	0.4942251003885675
0.11330303965723582	0.395717861000694	0.4909790993420703
0.14639774094741453	0.38613220142548194	0.4674700576271037
0.1306027473395205	0.3947621911851845	0.4746350614752951
0.13014728375153767	0.3882128754290143	0.48163984081944816
0.11341809907901901	0.3942713652679922	0.49231053565298893
0.12024184921548864	0.4064027621914296	0.47335538859308185
0.13037126009461625	0.38159835390778496	0.48803038599759885
0.1490531404177667	0.38599995965182987	0.4649468999304035
0.12072775105999853	0.41136634947720085	0.4679058994628007
0.10264414957162143	0.4039276702779707	0.493428180150408
0.1303653998158918	0.3976458660574813	0.471988734126627
0.12672063760249908	0.4012767445592908	0.4720026178382102
0.13263769461849864	0.4031286871566732	0.4642336182248282
0.13191613707653496	0.40202775877543806	0.4660561041480271
0.12413920362230457	0.39050771597334716	0.48535308040434844
0.11571689520013917	0.39982172365162616	0.4844613811482348
0.1484217656770138	0.39364120749450965	0.45793702682847665
0.13405999473630772	0.38218483406005466	0.48375517120363776
0.1235868113020368	0.3992896501472675	0.4771235385506958
0.1453777557933755	0.38194193793125136	0.4726803062753733
0.1453898004768337	0.39185985752037333	0.4627503420027931
0.12508982759109655	0.38561935395117436	0.4892908184577292
0.13729346594016795	0.38209537550078887	0.48061115855904335
0.1392354486519042	0.38592330598461383	0.47484124536348205
0.14763196821941044	0.39008630824420515	0.4622817235363845
0.09985759526297205	0.40971955859461606	0.49042284614241194
0.1478180457490808	0.38472209052728296	0.46745986372363635
0.14419907294723838	0.3970712714571428	0.45872965559561896
0.12128792247723016	0.40325339796034343	0.4754586795624266
0.1261484962355329	0.4005277449737988	0.47332375879066846
0.11354841141743174	0.39501122668446365	0.4914403618981047
0.13022162978283097	0.3889020502315178	0.4808763199856513
0.1346486755708599	0.39107233796348895	0.47427898646565125
0.1578769036344736	0.38305391557176544	0.459069180793761
0.15696793039799878	0.3820411695154957	0.4609909000865057
0.10918753328270028	0.40760165517549773	0.4832108115418021
0.10484190810041702	0.4021743958931691	0.492983696006414
0.13615842382239934	0.3905919432138807	0.47324963296372013
0.13017480084241678	0.39869717436004737	0.4711280247975359
0.13045208985603307	0.3887327140029731	0.480815196140994
0.1383176267151014	0.40398023164681207	0.4577021416380867
0.14253526555408935	0.3914544438852837	0.46601029056062704
0.1317593157603752	0.40283291516904896	0.4654077690705759
0.1310473461388951	0.39928148198039065	0.4696711718807144
0.13327772062812046	0.3865542432122344	0.4801680361596452
0.12136083102056078	0.3874790543578361	0.49116011462160325
0.1215727183438588	0.3938650528460109	0.4845622288101304
0.11764922588367918	0.3910593250768613	0.49129144903945965
0.12284262351331021	0.40685660763715964	0.4703007688495302
0.1059975321601272	0.4043612578763767	0.48964120996349625
0.10812542025409436	0.40777297964415604	0.4841016001017497
0.11781052146169826	0.39875190454634535	0.4834375739919565
0.1222265693777938	0.39052468872103985	0.48724874190116646
0.13290564544304445	0.391564178343484	0.47553017621347166
0.12267291636090194	0.40303890784774854	0.47428817579134963
0.14469939318103311	0.39746962192870317	0.45783098489026386
0.1129202554128097	0.4010265293130024	0.486053215274188
0.1357746922279805	0.3862387380914716	0.477986569680548
0.1267377488329636	0.3859828227010116	0.4872794284660249
0.1152468167647602	0.3949187094504207	0.48983447378481926
0.1046531798011818	0.40931936429023197	0.4860274559085864
0.12083976697096363	0.3891775367926643	0.48998269623637214
0.09846526264581099	0.4097036495105455	0.4918310878436436
0.12031918092150029	0.39959993355385814	0.4800808855246417
0.11781407063636101	0.3944151621537365	0.4877707672099026
0.11646642367822557	0.4065641636597472	0.47696941266202736
0.1089843972143919	0.4103731063883904	0.48064249639721784
0.09975988027642385	0.41082252755981896	0.4894175921637573
0.13742195186641207	0.4009687176117613	0.4616093305218268
0.10842209859007718	0.40140290476198937	0.4901749966479336
0.10431344667824563	0.4013720905641044	0.4943144627576501
0.1012443481488447	0.4046029421218196	0.4941527097293359
0.14781712689483253	0.3896038480921	0.4625790250130675
0.1280175380505124	0.40025803580725805	0.47172442614222965
0.13809191515917107	0.3951575047236697	0.46675058011715936
0.11476353769242664	0.3914756530649104	0.4937608092426631
0.13615481513792344	0.3831679293165009	0.48067725554557583
0.13992107246059812	0.38413903786222153	0.4759398896771805
0.13489797593428865	0.3960155053728921	0.4690865186928194
0.13417426256660187	0.3938006286610638	0.4720251087723345
0.13982980725619165	0.3932789838468587	0.46689120889694974
0.12305586381138112	0.3865032405650665	0.4904408956235525
0.1256740257721621	0.405384724695812	0.468941249532026
0.12331716897180212	0.40098632556875824	0.47569650545943976
0.13257980380091428	0.38722146327416807	0.48019873292491777
0.1242898777476581	0.3958605710411468	0.4798495512111952
0.1221833677045811	0.38699757786960903	0.49081905442581
0.1112928013076736	0.40124661082255303	0.4874605878697735
0.12983611918588991	0.3910183267059751	0.47914555410813514
0.11625471876553142	0.40779015970138865	0.47595512153308
0.12317472534347446	0.4078378276972401	0.46898744695928557
0.12180467187139021	0.39469055421247035	0.48350477391613955
0.11769437149975764	0.3994063682665942	0.4828992602336482
0.14850746790349523	0.38166072927387706	0.4698318028226278
0.14507561887174883	0.394019173275139	0.46090520785311223
0.11918753029475787	0.38879757657866615	0.4920148931265761
0.09887230493149518	0.40874312279474667	0.4923845722737583
0.1325112034869282	0.4094090391515077	0.4580797573615642
0.12537392522957785	0.3819863666079224	0.4926397081624999
0.12195941678399586	0.3964839396108904	0.48155664360511385
0.150550775392417	0.384192511554837	0.4652567130527461
0.12430282196690118	0.38631086015431176	0.48938631787878717
0.14029563148453397	0.38235632768044747	0.47734804083501864
0.14683774918719283	0.38574435102347227	0.467417899789335
0.12362797253569163	0.3997919079125044	0.47658011955180407
0.13223019894034377	0.40170475977204984	0.4660650412876065
0.13621146537444986	0.4006385230505317	0.46315001157501856
0.1448075635601324	0.39051929402559793	0.4646731424142698
0.1167244093439424	0.39779142157499914	0.4854841690810586
0.1255348889517514	0.39989267491464725	0.47457243613360145
0.1402935007895778	0.40174380982992886	0.45796268938049345
0.09896430019777186	0.4085762242906643	0.49245947551156394
0.1351048933025758	0.3986732581085314	0.46622184858889293
0.14872578276725634	0.3909367814956658	0.4603374357370779
0.12268270049436264	0.41110045666590833	0.46621684283972914
0.11652596198629042	0.39958650019216774	0.4838875378215419
0.14485294436004587	0.3870684026156641	0.46807865302429014
0.14027124925005832	0.3820021166821052	0.47772663406783655
0.13123526097705085	0.38781260820047075	0.4809521308224785
0.15620369293397263	0.3858318624760827	0.4579644445899448
0.14997323200081114	0.38698174439130567	0.4630450236078833
0.12780862229069118	0.3908775322879735	0.48131384542133543
0.13163164796772792	0.38250367251307515	0.48586467951919704
0.1406037795854232	0.38959982184663433	0.46979639856794253
0.14502086723434393	0.3956369721358421	0.45934216062981414
0.12768744956832861	0.4018971714359135	0.470415378995758
0.1533052184254513	0.3854259223825684	0.4612688591919804
0.10797916495511561	0.4096525938935975	0.482368241151287
0.12696068247159087	0.3879558080030846	0.48508350952532464
0.12718040338564018	0.38333259871736747	0.48948699789699246
0.10957433466428582	0.397587758873162	0.49283790646255227
0.13835844244185147	0.39052908820853494	0.4711124693496137
0.1322289713079931	0.3990801654342625	0.46869086325774445
0.10969542789509246	0.397810535916416	0.49249403618849164
0.10802276181512102	0.40192225498155143	0.49005498320332763
0.13510651495558615	0.3985649589165985	0.4663285261278155
0.11808682734727374	0.39167222261791845	0.49024095003480794
0.14920252661750388	0.39265160482771044	0.4581458685547858
0.10489723445142973	0.4030121992940082	0.49209056625456216
0.13326976419549477	0.394738207838632	0.47199202796587336
0.13400537081633607	0.3895897348338764	0.47640489434978767
0.12784837512285818	0.38340807711979585	0.4887435477573461
0.11854784144143618	0.39891869019091364	0.4825334683676503
0.13344502457525168	0.38720831946028267	0.4793466559644658
0.10356594421834037	0.4048868839671963	0.49154717181446345
0.14323946264049686	0.38534224610038703	0.47141829125911616
0.1319209198323488	0.3925808565553633	0.47549822361228805
0.10706046428042826	0.40151872964978547	0.4914208060697864
0.11977375660223949	0.40893573560722535	0.4712905077905353
0.1076598111738108	0.4012883299885109	0.49105185883767843
0.12385731892333254	0.38754636102671375	0.48859632004995385
0.1126255929639984	0.40590571708637035	0.4814686899496313
0.10828955288396452	0.3989781028663489	0.4927323442496867
0.12891155420072936	0.40886397032148186	0.4622244754777889
0.12358940455002862	0.4108424073955967	0.46556818805437483
0.1342081229133487	0.39812838234140996	0.4676634947452415
0.1386676158843328	0.39440233459757496	0.46693004951809236
0.11861065481477207	0.3907076331078567	0.4906817120773713
0.12915206836492732	0.38684751429339725	0.48400041734167554
0.11476165703775931	0.3961299923504714	0.4891083506117694
0.12498091873769218	0.39395441394325376	0.48106466731905423
0.13250181563970448	0.3847594996674512	0.4827386846928444
0.1310543516425744	0.39953061766893705	0.46941503068848867
0.11144836470120817	0.4084140274781839	0.48013760782060805
0.1302573543290998	0.39922331212451234	0.470519333546388
0.14145212280312566	0.3854343668900714	0.47311351030680304
0.13605573702037746	0.3950498164183526	0.4688944465612701
0.10827504968482168	0.3980644618310274	0.49366048848415106
0.1224657875404383	0.4048525267459976	0.47268168571356417
0.111737437361696	0.40281434142583994	0.48544822121246417
0.11687134152069378	0.4069261168413763	0.47620254163793
0.13073519419046684	0.39800317162304405	0.47126163418648925
0.12048843732761233	0.39620929230618296	0.4833022703662048
0.14244034906314007	0.39692157874684214	0.4606380721900179
0.10855818265079506	0.4085756811114384	0.48286613623776664
0.14799881424221561	0.387912011111582	0.4640891746462025
0.13335968210016053	0.39619793261060826	0.4704423852892313
0.14970384738361325	0.3820703006928442	0.4682258519235427
0.1515280505372102	0.3821997707145908	0.46627217874819904
0.11588408217312945	0.39500734899145046	0.4891085688354202
0.13441287480160363	0.4006374378169103	0.4649496873814861
0.12033996603276281	0.3905063293389243	0.48915370462831304
0.15454092246875556	0.38296721049050625	0.4624918670407383
0.14992439096220467	0.3855196966001423	0.46455591243765315
0.14831894481989794	0.3882787867136741	0.46340226846642807
0.1293224106662776	0.3821270911215344	0.4885504982121881
0.12379987412293708	0.39058499915494793	0.48561512672211504
0.11864220792712143	0.39613283308625163	0.4852249589866271
0.12907096062984735	0.38896307208784703	0.4819659672823058
0.12998676572064177	0.39551085662071234	0.474502377658646
0.12023084228668074	0.38769079468944445	0.492078363023875
0.12638130641500894	0.404860740570324	0.46875795301466716
0.14672020642679912	0.3880652015474223	0.46521459202577864
0.12377620082208002	0.3864802016180717	0.4897435975598484
0.10988995992790043	0.3963833261813704	0.4937267138907293
0.14330167125284957	0.38415000592654847	0.4725483228206021
0.15463020917736453	0.3870708922854713	0.45829889853716427
0.1454157897894314	0.3943786973996358	0.4602055128109329
0.11658334417197674	0.39768679136665525	0.4857298644613681
0.11331121263102933	0.4039794497075395	0.4827093376614313
0.1315704665305073	0.3936058880235262	0.4748236454459666
0.12263088100753233	0.4010267151857726	0.47634240380669524
0.15170062577969082	0.3888745581467187	0.45942481607359065
0.13649220237864604	0.3890488261578666	0.4744589714634875
0.13032012448993918	0.3973173418800542	0.47236253363000674
0.13603807112040361	0.4026778913946032	0.46128403748499336
0.11251889023514788	0.40507809637665915	0.482403013388193
0.1334043818122513	0.38165132874519936	0.4849442894425494
0.142844232939405	0.3985191048253024	0.45863666223529276
0.12464346842390978	0.401361265604237	0.4739952659718534
0.13812861373312896	0.3864808154533791	0.4753905708134921
0.14788355207392373	0.38746286083543624	0.4646535870906402
0.13194885473621704	0.3816147544229437	0.4864363908408394
0.13366347814723747	0.40487330873197613	0.46146321312078653
0.12715649972814802	0.3888652423462368	0.48397825792561533
0.13919714437408498	0.3975050765783196	0.4632977790475955
0.13244954166418849	0.39420839936898594	0.4733420589668257
0.12757202458926264	0.39591815123611	0.47650982417462745
0.10624820728296408	0.40756684433567375	0.4861849483813623
0.12708560825224807	0.39007053404932446	0.48284385769842764
0.10204823096842947	0.4076578051479029	0.4902939638836678
0.11132633520930107	0.39743123006784564	0.49124243472285334
0.12174207473130011	0.4102186845954089	0.46803924067329117
0.10726899513825061	0.40497471245457695	0.48775629240717255
0.14412454559975724	0.3878969470726406	0.46797850732760227
0.12596480288265743	0.39725149816389393	0.47678369895344874
0.12100000234140507	0.38713747388407965	0.4918625237745154
0.12216483857525895	0.39442307898111933	0.4834120824436219
0.13504421420247564	0.4050653753487619	0.45989041044876255
0.14473470997313476	0.3895834799645027	0.46568181006236264
0.10346296473642258	0.4033289480663926	0.49320808719718495
0.12335493907915457	0.40108550256310666	0.4755595583577389
0.12264050766392826	0.3985920789513526	0.4787674133847192
0.13210513419501352	0.40620045175895775	0.46169441404602884
0.12033103924828611	0.3981907938687438	0.48147816688297024
0.10978294722184687	0.40147779687633667	0.4887392559018166
0.1141276253963184	0.3968942153691013	0.4889781592345804
0.15442267673275384	0.38612544260265236	0.45945188066459397
0.13124396294807852	0.3823974793227551	0.4863585577291665
0.13163100733041733	0.38171097472268417	0.4866580179468986
0.1177278045962945	0.3964840793679051	0.4857881160358006
0.1300026599628754	0.383815588367903	0.4861817516692217
0.14352820920576592	0.3878574880956294	0.46861430269860477
0.13893261996446105	0.38671687405045096	0.4743505059850881
0.11789823009166936	0.4033549685141891	0.47874680139414166
0.1392457108336816	0.3874242269213318	0.4733300622449867
0.1294234155911339	0.38816752004942184	0.48240906435944436
0.12216851318833291	0.395860333968024	0.4819711528436432
0.1269335716000232	0.4078562752541358	0.46521015314584113
0.13523690497045399	0.3886230119691922	0.47614008306035394
0.12557826259298283	0.4080626652146135	0.4663590721924038
0.154877524127423	0.38397436578824795	0.46114811008432915
0.12564769060310566	0.4015417706224942	0.47281053877440027
0.12222401364286073	0.38745894639525746	0.49031703996188186
0.09744077698959891	0.4084803998179356	0.4940788231924656
0.11413685764446171	0.3923931692175369	0.4934699731380015
0.12115698977410272	0.4034069491925021	0.4754360610333953
0.13304315653605914	0.3890763152765378	0.4778805281874032
0.12499760248300612	0.40730901324727276	0.4676933842697212
0.1346167319983314	0.3963030766914905	0.46908019131017825
0.12238860057028289	0.40821501836920454	0.4693963810605127
0.11925825391921141	0.39100252684637304	0.48973921923441566
0.13401634765583081	0.39340533178213843	0.4725783205620309
0.10410989163757334	0.4112769213740645	0.4846131869883623
0.1494156276815538	0.39097375364661896	0.4596106186718274
0.14274324662384646	0.38327333854845114	0.4739834148277025
0.12729247627855672	0.38458156943771377	0.4881259542837296
0.14276657944468932	0.3942261969642019	0.4630072235911089
0.14561709329329114	0.38209681562114484	0.47228609108556413
0.13051672759505129	0.40928206739136097	0.46020120501358786
0.14929529366410488	0.38631186449327887	0.46439284184261637
0.13813712451336443	0.38399190094703867	0.477870974539597
0.108390413774694	0.4040698637415718	0.48753972248373434
0.11840302190242735	0.3909114364241072	0.4906855416734655
0.14180483516845285	0.3877553470708776	0.4704398177606697
0.15581997115199886	0.38393582413338606	0.46024420471461525
0.10445682224791392	0.4024048735658312	0.49313830418625504
0.11055413711549228	0.4058754771072125	0.48357038577729533
0.15094440720641986	0.3883818912687352	0.4606737015248451
0.13001704095249955	0.40237289457680925	0.4676100644706913
0.14823861574386743	0.38324506447368534	0.46851631978244734
0.12272326713109	0.40634777777190645	0.47092895509700367
0.14396538383290275	0.3897169728238962	0.46631764334320114
0.12673911850352532	0.40225749434147867	0.4710033871549961
0.12418795946407235	0.3873425592270228	0.4884694813089049
0.1246439843328283	0.38966671135569886	0.48568930431147295
0.11162754400005809	0.40453628120537477	0.48383617479456725
0.12314902703128375	0.3866085815489568	0.49024239141975956
0.1480278601396977	0.3891187643729468	0.4628533754873556
0.13342902072518448	0.3902518086356923	0.4763191706391233
0.15045750549567066	0.3869954879095747	0.4625470065947547
0.14484534537079174	0.3841052979430239	0.4710493566861845
0.13083915324896528	0.3878721483992208	0.4812886983518141
0.1532176006766413	0.38703455255657315	0.4597478467667857
0.13205539368694413	0.3957598971825102	0.47218470913054583
0.1213054528234884	0.3928262617185072	0.48586828545800453
0.15423315553635356	0.38478002499938246	0.4609868194642641
0.11900583850022473	0.3875482268352227	0.49344593466455267
0.14744961998174833	0.3854183167116303	0.4671320633066215
0.13077196166539207	0.40738191874164564	0.46184611959296246
0.13541724298905655	0.40004776176438295	0.4645349952465606
0.10701543763133636	0.41029141641463085	0.4826931459540329
0.12718254879772403	0.39975174969282357	0.47306570150945254
0.1312741981116802	0.4072145282254932	0.46151127366282674
0.13220455617126853	0.3820474222785611	0.4857480215501705
0.15054631117119774	0.38556898399497547	0.4638847048338269
0.1262927096660852	0.410636151478925	0.46307113885498996
0.12423993878797729	0.39378033504552745	0.48197972616649537
0.10114502127950431	0.41002459510472566	0.48883038361577014
0.12178429199405225	0.4013015028351061	0.4769142051708417
0.11549407533687323	0.4053644624977068	0.4791414621654201
0.11364073742968109	0.4052062740681014	0.48115298850221766
0.12398962291842944	0.41053806570020646	0.46547231138136425
0.13613356958687997	0.3946044335562069	0.4692619968569133
0.130243346743532	0.39654831246681566	0.47320834078965246
0.12010403777382853	0.39193866467587096	0.48795729755030065
0.14567586109987063	0.3939533472886387	0.4603707916114908
0.15292297981639272	0.3836524065739241	0.4634246136096833
0.14283989691393206	0.39919566735086454	0.4579644357352035
0.14461685574145575	0.38758185760109676	0.4678012866574476
0.137856647646457	0.4012591914393816	0.4608841609141615
0.12535708593175698	0.3996781454428474	0.4749647686253957
0.11336682346613769	0.3956439845372517	0.49098919199661073
0.12763888471844492	0.3899474658404184	0.48241364944113685
0.12533866867706267	0.3887568527255412	0.4859044785973962
0.14142495320025544	0.3875095019013232	0.47106554489842145
0.1203227628616308	0.4021321098237832	0.47754512731458615
0.12893257691082172	0.39896325736999166	0.47210416571918673
0.10093175651490699	0.4077297457905445	0.4913384976945486
0.1522565498825706	0.38821020958270686	0.45953324053472266
0.11773115616872509	0.3905901716648744	0.4916786721664006
0.11737203521352163	0.39893361915941605	0.4836943456270625
0.12232310990277295	0.38665965385685	0.4910172362403772
0.12536321025750805	0.3871915006644054	0.48744528907808665
0.12508328173968053	0.4112413186674133	0.4636753995929063
0.12523932238831606	0.38843338371546776	0.48632729389621626
0.15363227621354392	0.3842638556472517	0.4621038681392045
0.14087912092356092	0.38418117436583243	0.47493970471060676
0.13446486055204254	0.3887187303581445	0.47681640908981304
0.10798611601209956	0.40635923953682307	0.4856546444510775
0.12756653106361715	0.39530953088414017	0.4771239380522428
0.10210489614173535	0.40618240189281274	0.491712701965452
0.13947266293564453	0.3884699116467376	0.47205742541761797
0.10795649486498562	0.3992967440109551	0.49274676112405946
0.15162621570758583	0.38775198258745225	0.46062180170496203
0.10417029189825516	0.41043760143969793	0.485392106662047
0.14498037331070307	0.3863284753814046	0.4686911513078925
0.1472407504783523	0.3912230723757665	0.46153617714588135
0.13254117847508445	0.384853288779739	0.4826055327451767
0.1363429091907276	0.3878932208465298	0.4757638699627427
0.11154725755162131	0.4067103798601294	0.4817423625882494
0.1224583716901449	0.40396821779286773	0.4735734105169875
0.1182315661494609	0.4111296530423526	0.47063878080818666
0.14203335444116183	0.39065117134474125	0.467315474214097
0.1018234926039458	0.4061659849474683	0.492010522448586
0.13788636570013516	0.3900909014863795	0.47202273281348545
0.1366698951812908	0.3953450947864311	0.4679850100322782
0.11235881043619278	0.4095292493666313	0.478111940197176
0.12771603694149558	0.39508067825566917	0.4772032848028354
0.10184423324118363	0.4040776088477054	0.4940781579111111
0.11846334397665054	0.3888452280570709	0.49269142796627874
0.1254208075909485	0.40847591280878054	0.4661032796002711
0.13856638050467668	0.3847118017391779	0.4767218177561455
0.14096237367841957	0.39515476115225256	0.463882865169328
0.12269687211591121	0.4002297183374249	0.47707340954666405
0.13216523059821456	0.3978240484491539	0.47001072095263163
0.11837303603050903	0.4043385737761053	0.47728839019338576
0.15996511528642182	0.38141141579924276	0.45862346891433553
0.14139089583950393	0.38201354169494617	0.47659556246555007
0.13554920134578569	0.38300564831936124	0.4814451503348532
0.10953372520524679	0.4080714959601214	0.482394778834632
0.14350915643681125	0.38866547586093236	0.46782536770225647
0.11789898933363879	0.38885819495194235	0.49324281571441897
0.11564779624133137	0.39760205155625117	0.48675015220241763
0.1217749015331045	0.4094010955068838	0.4688240029600118
0.12286492364901497	0.4002427637058581	0.4768923126451271
0.14874427541202961	0.3899906517783782	0.4612650728095923
0.10327883553775974	0.41019559628579677	0.48652556817644366
0.12317339856509268	0.3864715832927097	0.49035501814219773
0.11664314402776965	0.4114856593610326	0.4718711966111979
0.15194996355559662	0.38245231380930467	0.46559772263509885
0.12267827819105223	0.39303320129766445	0.48428852051128346
0.09583453898770389	0.4115683967630854	0.4925970642492109
0.14724845898366706	0.39118377728913506	0.461567763727198
0.10292449563231004	0.4072489051597011	0.489826599207989
0.11220502884277911	0.3996682614527469	0.488126709704474
0.12746020566368088	0.40318586588612826	0.46935392845019097
0.10463799854721362	0.4047935210160523	0.4905684804367342
0.11061588325435973	0.4026020741270473	0.48678204261859315
0.12944858704526258	0.4036972974463751	0.4668541155083624
0.1280487453750223	0.39654060085794174	0.4754106537670361
0.1268298105915287	0.4091857300949543	0.4639844593135172
0.13587108061228306	0.3931304932204739	0.4709984261672432
0.12878902075718848	0.40268714636845837	0.4685238328743533
0.11942341461469586	0.40962347668836674	0.4709531086969375
0.1416854763475584	0.3892907753113493	0.4690237483410924
0.12867142988781471	0.3852510457084867	0.4860775244036988
0.14048469356974036	0.3831763667446367	0.4763389396856231
0.10153415765201396	0.4114690497714481	0.48699679257653805
0.12742676769701114	0.40345782800777097	0.46911540429521803
0.1395143128437508	0.3940153484620159	0.4664703386942334
0.10171868839910012	0.4101964720963592	0.48808483950454085
0.12209776561707614	0.3910734817030678	0.48682875267985615
0.11981986899023889	0.3957449188880128	0.48443521212174845
0.14821245444044073	0.38527866625367685	0.4665088793058825
0.1184306353998888	0.39358841561967095	0.48798094898044037
0.1163204461188132	0.4055937022195787	0.4780858516616082
0.13346328851883282	0.38465767667069983	0.48187903481046745
0.12057629848577048	0.4033673450098302	0.4760563565043995
0.13080480857291088	0.38758694236658453	0.4816082490605047
0.13437494390526467	0.39772939514639494	0.46789566094834045
0.15332234120468524	0.3818739190253667	0.46480373976994815
0.14184057473937361	0.3993776346422266	0.4587817906183999
0.12714764191275763	0.40098366859263745	0.47186868949460503
0.13067866859486246	0.39596017507689113	0.4733611563282465
0.13655029474350688	0.39124167629176837	0.4722080289647249
0.10012727230979218	0.4064170049164476	0.4934557227737603
0.13491685152717475	0.3950464919266995	0.4700366565461259
0.10744660884209017	0.39962977854766346	0.4929236126102465
0.1103423811412303	0.406966358466987	0.4826912603917829
0.12692716933503267	0.4000884226164689	0.47298440804849856
0.11810261268564684	0.4016329963898875	0.4802643909244658
0.12938209510530657	0.38788486128432437	0.4827330436103692
0.1311356200592252	0.4102329159567535	0.45863146398402144
0.11884058344562823	0.40144847606363243	0.4797109404907395
0.12769702490444212	0.3831355731837345	0.4891674019118235
0.15151410905670637	0.38311636275665245	0.46536952818664135
0.12061767521972838	0.4066589927045601	0.47272333207571166
0.1213428822479852	0.39387566097867055	0.4847814567733444
0.10692451703800859	0.4063417364937704	0.4867337464682211
0.13280594986670177	0.4010272987589629	0.4661667513743354
0.11422909310141369	0.4105228082181287	0.4752480986804577
0.13880552160677712	0.38337496372646784	0.4778195146667551
0.13522754194763195	0.39519401574084884	0.46957844231151935
0.1249061925903143	0.4030502617101275	0.47204354569955836
0.13965623606921224	0.3959838299827141	0.46435993394807373
0.12099376170255133	0.3858650958288966	0.49314114246855223
0.12204703521723881	0.39040784208159557	0.4875451227011658
0.11917702525551027	0.39678606603176453	0.4840369087127253
0.10960005496089392	0.3988287548693264	0.4915711901697798
0.1396802021373622	0.39850267120395233	0.4618171266586856
0.12984474215219438	0.3928999821147035	0.4772552757331022
0.12374035460606508	0.39986997149025294	0.47638967390368214
0.1285483205565869	0.38207058004266925	0.4893810994007439
0.10934808875557622	0.409606772657	0.4810451385874238
0.12675183297627474	0.40664604558777173	0.46660212143595364
0.13148304149404624	0.40135785838768134	0.46715910011827255
0.15457091442313675	0.3840389251503902	0.46139016042647324
0.1173759803448613	0.4063192125774472	0.4763048070776916
0.12106368099115472	0.38968359669424685	0.4892527223145986
0.12293122460625411	0.390972079554895	0.48609669583885096
0.09452366373972207	0.4111105892415746	0.4943657470187034
0.12738228278233615	0.4067019684057671	0.4659157488118968
0.1328644143199954	0.38184462913115425	0.48529095654885046
0.14403786768506005	0.3858168634848914	0.4701452688300487
0.12311517017881002	0.40856899338274033	0.46831583643844976
0.11274706239833912	0.39608869842890604	0.491164239172755
0.1288296617352101	0.3842144888039884	0.4869558494608016
0.10529702570015648	0.40996470949642494	0.48473826480341864
0.13823381700080795	0.3966407956484184	0.46512538735077374
0.12147624000243357	0.4019104063536912	0.47661335364387536
0.13692635127594643	0.3856152551970487	0.47745839352700503
0.11340063159863939	0.3972392107355084	0.4893601576658523
0.14231207964110787	0.39534188431827594	0.46234603604061636
0.1355193042567217	0.4021932146480156	0.46228748109526274
0.12250460259296617	0.3836510752589302	0.4938443221481037
0.10508473003251867	0.40043655854172516	0.4944787114257563
0.11662070857325241	0.4050126653540751	0.4783666260726726
0.1496534332387936	0.39080073747135996	0.45954582928984655
0.11387640445865893	0.40535680711669164	0.4807667884246496
0.1559282471366558	0.38404527886135276	0.4600264740019916
0.10706665799847015	0.402419471091233	0.49051387091029697
0.14543029874436986	0.38583949500870357	0.46873020624692674
0.13114456183066975	0.40507506272433336	0.46378037544499695
0.1321230329984502	0.3997049758840646	0.4681719911174853
0.14289489279302353	0.3880671341099185	0.4690379730970581
0.12402065964247222	0.40220798375251376	0.4737713566050141
0.12294951752942768	0.4084088288745159	0.4686416535960566
0.1460924899333444	0.3843629096700312	0.4695446003966245
0.1386258705126625	0.3851394764324383	0.4762346530548993
0.11202252427998882	0.40748624532790756	0.48049123039210373
0.11951378008502464	0.4022716101868368	0.4782146097281387
0.1546880253602006	0.3813955548552464	0.4639164197845531
0.15127683645591444	0.3831226732411922	0.46560049030289347
0.13420551457295196	0.38800486489481384	0.4777896205322343
0.12490159805286888	0.3931372685644518	0.48196113338267943
0.11646339040540543	0.39682574085399513	0.48671086874059954
0.14851300157499414	0.38564349943273124	0.46584349899227473
0.14251410696264816	0.3866661032928839	0.47081978974446803
0.10411824183957663	0.40172507307608774	0.49415668508433575
0.12957230043277382	0.4002319421775465	0.4701957573896798
0.12161286628173013	0.3931091181301548	0.48527801558811523
0.15194009669005493	0.3853890781305762	0.46267082517936897
0.1318462266749301	0.3964404085751256	0.4717133647499444
0.114104572499242	0.4040935563146348	0.48180187118612333
0.11056858374612949	0.4041136175839988	0.48531779866987185
0.10957476659126686	0.39669119569119005	0.4937340377175432
0.14530772266847788	0.39099508075847916	0.4636971965730431
0.12445649816739313	0.39412389377082746	0.4814196080617796
0.14123732320914117	0.38317038214250104	0.4755922946483579
0.13844380500488307	0.38163294517303203	0.479923249822085
0.12090936795021592	0.39097337975099805	0.4881172522987861
0.12295331519320057	0.3915931993811824	0.48545348542561717
0.12171364898205297	0.4108467768835531	0.467439574134394
0.11660495784551345	0.39998650226268706	0.48340853989179966
0.1431356382161828	0.38485017141170397	0.4720141903721134
0.1462502018599481	0.38852936232625457	0.4652204358137974
0.12051277708136493	0.40650107015093095	0.47298615276770417
0.13960167634487258	0.39143882094174853	0.468959502713379
0.10084133776771628	0.4065620172943873	0.4925966449378965
0.11625098621435656	0.40273598232707464	0.48101303145856894
0.11412999851383371	0.3978863870279201	0.48798361445824634
0.1255642682804095	0.40276062923543504	0.4716751024841556
0.14050278399559424	0.39796640049229925	0.4615308155121066
0.13495355054526845	0.3975680995231943	0.4674783499315374
0.12865970778125352	0.39436306723829967	0.4769772249804469
0.14208894106888575	0.38727607264487557	0.4706349862862388
0.1371388530404949	0.3941365896664543	0.4687245572930509
0.1305477537209187	0.38554922500274924	0.48390302127633217
0.1423496665954867	0.40005395279744815	0.45759638060706526
0.1200838391742694	0.4090827216810815	0.47083343914464915
0.12733583117923303	0.3869064180924948	0.4857577507282722
0.1120344801410314	0.4030104327999794	0.4849550870589893
0.12250540407327418	0.38650400463220724	0.4909905912945187
0.12299294183721438	0.3838222032461503	0.49318485491663544
0.10500879068526242	0.4095196669782307	0.485471542336507
0.12837712734539636	0.409092352569124	0.4625305200854798
0.10996928708791404	0.40429273937408317	0.4857379735380029
0.10720451090301397	0.40721246238202735	0.4855830267149588
0.10573767098375281	0.4026932633081294	0.491569065708118
0.12412422527805311	0.39717578532204356	0.4786999893999035
0.11896912408150745	0.3981345153006911	0.4828963606178016
0.13089986592104236	0.4102016332499391	0.4588985008290187
0.13368951017161412	0.3857151111346519	0.48059537869373414
0.12916888500314364	0.3818678987398319	0.48896321625702455
0.1337904530116648	0.38132520861891533	0.48488433836942
0.10643534155438428	0.40191313897949343	0.49165151946612234
0.12279793118642451	0.3837690210844567	0.4934330477291189
0.12032739915492807	0.4099138624220227	0.4697587384230493
0.13656211653810943	0.3951818390648389	0.4682560443970518
0.13598091781095067	0.3954853926379369	0.4685336895511125
0.12341148134483843	0.387234990337619	0.4893535283175427
0.14167996879637845	0.3877693404586817	0.47055069074493994
0.11195619400466983	0.3948917567257932	0.49315204926953704
0.10846465093252144	0.41123046125382523	0.48030488781365344
0.13668844656810014	0.39319167064683774	0.4701198827850622
0.1585692815584599	0.38361455970444147	0.4578161587370988
0.14350023854222338	0.38854225730981623	0.4679575041479605
0.11690339236111524	0.4074689789493029	0.475627628689582
0.11359222280148396	0.4053503617260316	0.4810574154724845
0.1228617494790731	0.39376791750333673	0.4833703330175903
0.11635300423158199	0.39225371487135313	0.491393280897065
0.11687028831425678	0.4056080546141765	0.47752165707156685
0.1274321870447751	0.40372514647912977	0.46884266647609524
0.11916827134595032	0.4073335527830947	0.47349817587095516
0.1385836491058574	0.40266925132306863	0.45874709957107407
0.1332482119213272	0.381859258001213	0.4848925300774599
0.1282429313373396	0.40405654572780025	0.4677005229348603
0.09759451383217121	0.4091768386657582	0.4932286475020707
0.13682942938473772	0.4054654582212175	0.4577051123940449
0.14439778347921467	0.38251857418544655	0.47308364233533895
0.09809396934235204	0.4090349429324634	0.4928710877251846
0.1503688289192401	0.3905076401286927	0.45912353095206726
0.12916868393108594	0.39144373891390016	0.479387577155014
0.1526125683442653	0.38946952238065224	0.4579179092750826
0.13970968136659728	0.3885778341789942	0.4717124844544086
0.11861106580292313	0.40781303823207404	0.47357589596500294
0.09600639903839964	0.409491745255933	0.4945018557056674
0.12695151836388247	0.40753043792313437	0.46551804371298333
0.12950809237747607	0.3953389177228302	0.4751529898996939
0.11889225264668224	0.3994837941351954	0.48162395321812246
0.11147677292534713	0.41059460605819287	0.4779286210164601
0.12555368724776872	0.4005455893556573	0.4739007233965741
0.1196565651752815	0.3904974420290439	0.48984599279567476
0.13140181849135457	0.38791016628705033	0.4806880152215952
0.1349424183089299	0.38454098160721034	0.48051660008385993
0.11675330378892748	0.4014652400431227	0.48178145616795
0.10000927847939978	0.40731233584706883	0.4926783856735316
0.11301304324361403	0.39273597157947215	0.49425098517691396
0.12548795984265626	0.3840257002833901	0.49048633987395374
0.13658656484406362	0.3996646523873122	0.4637487827686243
0.1181119054675141	0.3973925734836091	0.48449552104887683
0.1004058662682889	0.40608912518161305	0.49350500855009816
0.13280977374088868	0.4075374818682467	0.45965274439086473
0.1441163456671069	0.38867998074440574	0.46720367358848747
0.11249428916704707	0.4077065279469267	0.47979918288602635
0.13523558499706803	0.40357693997727095	0.4611874750256611
0.1237153358160924	0.4074745201170651	0.4688101440668426
0.12728818936247532	0.4114714811812023	0.46124032945632254
0.12415519280937154	0.38947953775577676	0.48636526943485175
0.10300081256698768	0.4042592705217987	0.49273991691121377
0.11536170438143065	0.39142377483473684	0.4932145207838326
0.1495300320761196	0.3893043107508405	0.46116565717304003
0.11449021016790878	0.40734015033827137	0.47816963949381996
0.15629034392113927	0.3835201518108077	0.46018950426805316
0.11262921224541983	0.4113070917475612	0.4760636960070191
0.15264663477076168	0.38662491797694376	0.46072844725229467
0.1221911240533827	0.38522778388542966	0.4925810920611878
0.13098972002088152	0.4096159685324552	0.4593943114466634
0.12577511311713985	0.40756825506465266	0.4666566318182076
0.14004359614080863	0.39797909689784927	0.4619773069613422
