0.12084210888567892	0.4875110165980894	0.39164687451623187
0.23571229585654596	0.2678065829813435	0.49648112116211063
0.08595587362356061	0.6422716803111197	0.2717724460653198
0.06353477663088619	0.414383471751551	0.522081751617563
0.5550903623671213	0.26296677052756	0.18194286710531887
0.12301224958859619	0.3367200620062461	0.5402676884051578
0.26968237810501394	0.20175982521622196	0.5285577966787642
0.13632661991677786	0.39478903411496763	0.46888434596825457
0.14994618264290283	0.46904304434928523	0.38101077300781205
0.10130483037939311	0.47230443040542136	0.4263907392151856
0.3046237476500828	0.2947670030979106	0.4006092492520067
0.10752269378461998	0.5526946854295486	0.3397826207858316
0.05627988804958395	0.38460850344536646	0.5591116085050496
0.36296642814909663	0.15828241957680542	0.47875115227409804
0.19540428761408582	0.3841958648351434	0.42039984755077087
0.3858873980760732	0.14138361256022813	0.4727289893636987
0.2073605847167593	0.2608092835144449	0.5318301317687959
0.6348462247278903	0.14821553116353808	0.21693824410857168
0.29697128408664514	0.13278940685028467	0.5702393090630703
0.24729639731754544	0.5612930173427595	0.1914105853396951
0.2986735009573223	0.1602435726395791	0.5410829264030987
0.43825257488745484	0.29296680483030846	0.2687806202822368
0.2208613521126101	0.2704449666732154	0.5086936812141747
0.432797013204129	0.3743600899170532	0.19284289687881787
0.7645021694014411	0.04988847096309046	0.18560935963546843
0.08612652330917098	0.5464623708950216	0.3674111057958076
0.15117215736137465	0.2858500584974943	0.5629777841411312
0.15477520770093733	0.46485002151876625	0.3803747707802965
0.09179382669875213	0.4594783334236545	0.44872783987759346
0.3639428196192888	0.07857489108380483	0.5574822892969065
0.1783508660759744	0.43765292923480276	0.383996204689223
0.20666983718424414	0.30632828776164744	0.4870018750541086
0.08215393529174037	0.6419880977577261	0.27585796695053366
0.14039975032787483	0.47678592843485257	0.38281432123727277
0.18997472384020836	0.5190882109971864	0.2909370651626053
0.18818517640350316	0.2621913784462531	0.5496234451502439
0.488793107964154	0.0769233494651318	0.43428354257071433
0.365686070138653	0.30156593107026153	0.3327479987910856
0.5255962345126303	0.14633225117402898	0.3280715143133408
0.4338290403327131	0.2786879808801732	0.2874829787871138
0.4218940694261565	0.29635051466217577	0.28175541591166786
0.08869599780597193	0.6920980080927243	0.21920599410130392
0.5763292367003586	0.16359898195701758	0.26007178134262393
0.15544308226133938	0.292490893235731	0.5520660245029297
0.30061702874977053	0.41817116554648937	0.28121180570374027
0.5448239088714684	0.2758325847976158	0.17934350633091592
0.4689545098341131	0.36410938910061036	0.16693610106527665
0.15418767863208027	0.4667711024317869	0.37904121893613296
0.4114983702224898	0.09170814590063797	0.4967934838768724
0.465995965650674	0.22685104250008284	0.3071529918492433
0.32619306637011947	0.1187794069073328	0.5550275267225477
0.6222733895398926	0.07456060637043627	0.3031660040896712
0.1526633486566244	0.3937475436876015	0.4535891076557742
0.236274624576168	0.24806466906170146	0.5156607063621307
0.22633392042671824	0.2983506699753169	0.475315409597965
0.6195049088545144	0.08089968605996578	0.2995954050855199
0.6274776382912532	0.09727165265634258	0.27525070905240423
0.08352123939896644	0.6475166897941109	0.2689620708069228
0.7145254580543152	0.06845984182314924	0.21701470012253565
0.2248850349026031	0.6119652011623791	0.16314976393501807
0.18264683262908543	0.6108723282530009	0.20648083911791382
0.09472521937833256	0.451822073097518	0.45345270752414957
0.17863070870996206	0.6184476987242606	0.20292159256577735
0.11703183399389191	0.34702008947294677	0.5359480765331615
0.21769836613396193	0.5435615581814791	0.23874007568455907
0.1516330116024563	0.5703025976835299	0.27806439071401395
0.0577377796959167	0.39676748095446646	0.545494739349617
0.45656812255245083	0.2509880652327864	0.2924438122147629
0.09756636170163038	0.6357927960419731	0.2666408422563966
0.14200146948940984	0.4013731804366495	0.4566253500739408
0.17898933919147939	0.3078328169775046	0.5131778438310162
0.5073784053025528	0.06480457873333773	0.42781701596410954
0.5822065815249764	0.23262510635951916	0.18516831211550444
0.36345286800397	0.4714219601764166	0.1651251718196135
0.19792991987860742	0.25258069515097137	0.5494893849704213
0.2047428771271102	0.3660502123635429	0.429206910509347
0.500876827950079	0.3349727912495437	0.1641503808003774
0.2096601190282418	0.4824152516697756	0.3079246293019827
0.3742759008328002	0.3875420156089595	0.23818208355824033
0.3980196421878692	0.4211160781259807	0.18086427968615018
0.37125283217319127	0.084318980747632	0.5444281870791768
0.28252679894788735	0.2510174608577328	0.46645574019437996
0.21056531078309418	0.44581843056163706	0.3436162586552689
0.17751600602449058	0.4186193897223228	0.4038646042531867
0.06625555851933651	0.40789010024037853	0.5258543412402851
0.3768370243322989	0.4088514527519393	0.21431152291576194
0.4810342851727978	0.1100864484158671	0.40887926641133526
0.4129991885176589	0.25679785453050286	0.3302029569518384
0.651782851950651	0.12754002034841544	0.22067712770093373
0.6944799581929374	0.0779951793253425	0.22752486248172016
0.16957162096419715	0.3008810888791154	0.5295472901566876
0.19529741393029992	0.34116340671144035	0.46353917935825983
0.31725455362518223	0.47953624498250713	0.2032092013923108
0.5827274898823802	0.1751662312634512	0.24210627885416874
0.6530799489895449	0.1950279830707382	0.15189206793971702
0.19779094244272047	0.2401638512245311	0.5620452063327486
0.2484472549829762	0.16970069649772018	0.5818520485193037
0.1304226805103227	0.5787064582628715	0.29087086122680594
0.17157982686640688	0.280124563213503	0.5482956099200902
0.0923746796654698	0.3486135867120827	0.5590117336224476
0.7003308553601257	0.07803391783145441	0.22163522680842002
0.4647867704289854	0.10528049259306019	0.42993273697795453
0.3532731883552778	0.2262621534390411	0.42046465820568124
0.565135988262498	0.22054828900063683	0.21431572273686522
0.15593550790137328	0.5323131786912134	0.31175131340741347
0.1977696501868014	0.6222967153165473	0.1799336344966515
0.36849447939212704	0.22294261604337912	0.40856290456449396
0.09556358451897828	0.6650662398015403	0.23937017567948154
0.21585108550993248	0.4166788027543807	0.36747011173568694
0.16826547722426347	0.31827660495926524	0.5134579178164714
0.43590861570034745	0.29601298594084985	0.26807839835880287
0.40441120720707113	0.4371793126737476	0.15840948011918138
0.649361584922451	0.17346402797480562	0.1771743871027435
0.3893857900968723	0.06608335550533906	0.5445308543977887
0.3434406756870023	0.3583466615297706	0.29821266278322717
0.4930557137933816	0.1486546609222701	0.35828962528434843
0.24293651821228124	0.4045358916946985	0.35252759009302037
0.3354987203939451	0.2366325049991037	0.4278687746069513
0.6022289334264048	0.2241585323192768	0.17361253425431847
0.07841014297039373	0.5856782212218272	0.33591163580777916
0.05636437922704429	0.7222586349048536	0.22137698586810214
0.331641099615615	0.48571327238652895	0.18264562799785616
0.2852454105585013	0.21822195349169615	0.4965326359498027
0.09797464581061163	0.5680240036634027	0.33400135052598584
0.5607372740776935	0.19389715327778664	0.24536557264451997
0.3057937505586137	0.5405930511671798	0.15361319827420666
0.3623885723195548	0.3828924701389361	0.25471895754150925
0.12320882066070363	0.6780217811799413	0.19876939815935524
0.315922143654059	0.4524656594803812	0.23161219686555987
0.22175345214122022	0.3072920487665475	0.4709544990922324
0.44866739008038137	0.14239415332733502	0.40893845659228373
0.38441916908441764	0.153032188753945	0.46254864216163744
0.10725605104242447	0.6596051477295246	0.23313880122805097
0.08869410999657612	0.5408574444758356	0.3704484455275884
0.30898510875708607	0.34318820506009057	0.34782668618282353
0.4595536004167664	0.2673031823256489	0.2731432172575848
0.07614888496092026	0.7068725473489248	0.21697856769015503
0.133340927019174	0.6493105039025602	0.21734856907826594
0.7295670699253175	0.054381164913918534	0.21605176516076408
0.12264720084679989	0.4015415396037164	0.4758112595494838
0.39873386820353013	0.39929123801129096	0.201974893785179
0.1463499097237252	0.46063112767781045	0.39301896259846447
0.24769047382553402	0.16589928978072144	0.5864102363937447
0.08337687482372286	0.6925226129091435	0.22410051226713384
0.27990615683956843	0.5010791151040824	0.2190147280563493
0.26205663608012475	0.14332661218727188	0.5946167517326035
0.08368995895170273	0.555583945464713	0.36072609558358437
0.4127048694180567	0.1576217925328563	0.42967333804908714
0.2038242813368742	0.4296917697996209	0.366483948863505
0.6698264525684307	0.1276784167671449	0.20249513066442454
0.40884018376984327	0.26051967747688537	0.3306401387532715
0.156475219089694	0.5613601451250909	0.2821646357852152
0.23333155789664717	0.41199329758953623	0.3546751445138167
0.6295904702045622	0.1801188696054466	0.19029066018999133
0.3664227632718432	0.09364798185487372	0.5399292548732831
0.5201931855973215	0.14684156198993265	0.33296525241274594
0.35703581429918835	0.13897176155810087	0.503992424142711
0.41809975428126	0.32069323588863174	0.26120700983010836
0.29700231126995086	0.4967138462871227	0.20628384244292652
0.494011349651552	0.34242587097498256	0.16356277937346553
0.2525844076868572	0.38397012921421625	0.36344546309892667
0.7209613188489314	0.1051906543400907	0.17384802681097794
0.24587761532890579	0.3099051550962905	0.4442172295748038
0.29888791689321564	0.2925184130360887	0.40859367007069575
0.3863795517662398	0.3611279075612387	0.2524925406725217
0.5232197536910418	0.09823955682656421	0.3785406894823941
0.538169181814128	0.15827524876083152	0.3035555694250406
0.3093064597738163	0.18881155032681612	0.5018819898993676
0.6209871457749784	0.16191606423853128	0.2170967899864905
0.12302615219467888	0.488663859007068	0.38830998879825324
0.6746282758387757	0.15662227836605466	0.1687494457951697
0.08410892539565992	0.7119049666936191	0.20398610791072105
0.5260471360531289	0.13313575577719738	0.34081710816967375
0.4140233881753604	0.31631333302165304	0.2696632788029867
0.3147857331083049	0.14583915668197397	0.5393751102097213
0.4190333172610708	0.217398193167874	0.3635684895710553
0.6195919728160373	0.1929341640547882	0.18747386312917463
0.2551314802078458	0.19887921937396844	0.5459893004181859
0.12190663903005325	0.6512880489251525	0.22680531204479437
0.7176506886595262	0.10572299405723595	0.17662631728323797
0.7725862360178707	0.053066718682364455	0.1743470452997649
0.08616453665781429	0.6027548802937579	0.3110805830484279
0.5682396212298311	0.2112018416442089	0.2205585371259601
0.27260712597399495	0.351229645599348	0.37616322842665717
0.10317851227996716	0.3172415969325337	0.5795798907874994
0.292631206760323	0.4521897354847389	0.2551790577549382
0.17640495165999956	0.5617471074831111	0.26184794085688945
0.36768496175803494	0.2843699660988279	0.34794507214313725
0.06473415672844307	0.5485620474609987	0.38670379581055847
0.4089573034341013	0.23578630069858808	0.3552563958673107
0.679117499966817	0.11166806413552763	0.20921443589765548
0.5096319150674273	0.283569385472846	0.20679869945972684
0.5230753346518376	0.2708095770198565	0.20611508832830597
0.22505805039418125	0.28703009764433873	0.4879118519614801
0.13919641982208522	0.48829462311872157	0.3725089570591933
0.6864189928738254	0.07570295490323281	0.23787805222294184
0.3565851344816315	0.1900799916718624	0.4533348738465062
0.5258389313218028	0.07279782089596776	0.4013632477822295
0.3059137070334485	0.5419368502482004	0.15214944271835118
0.7124424576744326	0.05637997557660995	0.23117756674895756
0.3276451139198438	0.3573474909108787	0.3150073951692776
0.5191581651144688	0.060241497476496264	0.420600337409035
0.3784366003632274	0.2419998891362053	0.3795635105005674
0.41758236675581295	0.2761613163000334	0.30625631694415373
0.5722631409364844	0.06450051425175424	0.3632363448117615
0.6770378625782602	0.11417247960995966	0.20878965781178027
0.42401456534557147	0.37456162242320107	0.20142381223122757
0.346002829980521	0.2747039827346346	0.37929318728484446
0.23936089587690657	0.39036797235500115	0.3702711317680924
0.3506051272848224	0.42388354765688463	0.22551132505829308
0.25044940546641203	0.5093279688205724	0.24022262571301572
0.204058563831189	0.4716951749710281	0.32424626119778305
0.6549921293346163	0.1331897564074531	0.21181811425793076
0.1319559085905176	0.41395424422379534	0.4540898471856872
0.23866130470459285	0.22424860721348483	0.5370900880819225
0.12738583051475422	0.6448842893763029	0.22772988010894293
0.4246590258255089	0.32007227827481644	0.2552686958996748
0.3940559000821882	0.4299675381227577	0.17597656179505422
0.4185751249694064	0.40620664717558674	0.175218227855007
0.5049045702674372	0.19668076694664302	0.2984146627859199
0.5907212307754934	0.06412283559636445	0.34515593362814223
0.3559555016540642	0.4832740695103518	0.1607704288355841
0.10411711309187094	0.5539943338279726	0.3418885530801566
0.5413633540533878	0.2178949013051725	0.24074174464143983
0.39572845898134834	0.061979683473665725	0.542291857544986
0.48301665164738505	0.11310119720184636	0.4038821511507687
0.35277163061263156	0.48623895287676355	0.16098941651060494
0.3817867730692416	0.12451208846937478	0.49370113846138375
0.18664976430106223	0.6561176409593198	0.1572325947396181
0.1441444698493016	0.6517784900593734	0.20407704009132518
0.5315619750009737	0.18236761252984393	0.28607041246918247
0.5020656150414611	0.1515907773949197	0.34634360756361937
0.1552374193852482	0.3992430595487516	0.44551952106600023
0.3928500822562627	0.45240185986187936	0.15474805788185803
0.08175624254267833	0.4467902062220592	0.47145355123526256
0.09385038825127198	0.4789457098558396	0.42720390189288854
0.06802825441270166	0.5917198572885328	0.3402518882987656
0.2002775937979642	0.46404422635693476	0.3356781798451011
0.44735756627404977	0.05908717222903276	0.49355526149691753
0.3441309889658931	0.15068883600960895	0.505180175024498
0.22055115920527127	0.5405601672931574	0.2388886735015715
0.11075019651223758	0.5276166847808784	0.3616331187068841
0.4563965176973481	0.3495074168977693	0.1940960654048827
0.11217615926269597	0.5252216823997411	0.362602158337563
0.05236476727060985	0.7443284804326971	0.2033067522966932
0.254051233717084	0.44279494432692557	0.3031538219559905
0.23356207222345793	0.6166374417905485	0.14980048598599366
0.15056328749333459	0.4957298956995202	0.35370681680714533
0.5365823120159412	0.16739537034034824	0.2960223176437106
0.2650918861206991	0.5333906124223945	0.20151750145690644
0.5721706374266033	0.07136478378897138	0.3564645787844254
0.3532677213492874	0.201787331153129	0.4449449474975837
0.311918876831662	0.4657430376470376	0.22233808552130058
0.10852193073622735	0.6668924118241888	0.22458565743958386
0.5237734092705979	0.22656528816853524	0.24966130256086694
0.2903948710118216	0.264340764095937	0.4452643648922415
0.0651402886864701	0.7184751975125139	0.2163845138010162
0.13787595709357836	0.6307314182953283	0.23139262461109356
0.6321735566761023	0.15700454108497294	0.2108219022389248
0.58967524738171	0.19726205447731687	0.2130626981409733
0.5048675784806655	0.28204395288394296	0.21308846863539158
0.7424478912175763	0.08999790399100643	0.16755420479141742
0.6788255658769912	0.07209912881421737	0.24907530530879157
0.1910759290360687	0.25987823852962	0.5490458324343114
0.487594812036923	0.17329229747892352	0.3391128904841535
0.266770048250848	0.16331645789536253	0.5699134938537895
0.1931347573407338	0.5848204332770942	0.22204480938217208
0.3671642754693338	0.3424161082567235	0.2904196162739428
0.2864316742684075	0.521937492568972	0.19163083316262058
0.28129451356266155	0.3109352086028157	0.40777027783452285
0.2555584520309578	0.5280750847933493	0.216366463175693
0.33329767722944953	0.3468395089761263	0.3198628137944242
0.22618418487759973	0.24631443387719576	0.5275013812452046
0.5851714063836093	0.07841003826736848	0.3364185553490222
0.383341320503718	0.13157178482904472	0.4850868946672374
0.7496119473655868	0.09856416173382798	0.15182389090058535
0.49357040241985567	0.05145436006777593	0.4549752375123685
0.16331622177766075	0.6904157106244233	0.14626806759791608
0.755057633012198	0.08774063040695024	0.1572017365808519
0.35955276268490816	0.3757172438375496	0.2647299934775423
0.4934716474436718	0.26974209751274025	0.23678625504358808
0.1688334333474519	0.624131504427104	0.20703506222544424
0.32623322632459983	0.5174046863283412	0.15636208734705906
0.39032863559116016	0.1001287967877669	0.5095425676210731
0.14635270355726612	0.4435221355789696	0.4101251608637644
0.43895957307980255	0.4052115838520551	0.1558288430681425
0.332837681042931	0.07347366527469595	0.5936886536823731
0.18085563344303304	0.3150359158198258	0.5041084507371413
0.4913430049737708	0.25886814478059655	0.24978885024563277
0.5007523861099563	0.3006262098112611	0.19862140407878262
0.5790731436968126	0.2552095558277274	0.16571730047546007
0.5137797782941739	0.17014722687228068	0.31607299483354556
0.3206468297482813	0.3108695389647107	0.3684836312870081
0.14721080667778447	0.5869572957537705	0.26583189756844505
0.33718067980691413	0.10531781481311481	0.5575015053799711
0.4209657837230413	0.12519301841781183	0.453841197859147
0.22882290113930737	0.5783039370952433	0.1928731617654495
0.1568869901804863	0.5084541307869772	0.33465887903253655
0.29875626082070045	0.10945077399864786	0.5917929651806518
0.18635735165854772	0.6072803165223574	0.20636233181909502
0.11127095448704932	0.676305227615425	0.2124238178975258
0.4172296287619863	0.2903300307920206	0.2924403404459932
0.40807516204712646	0.1328324922354032	0.45909234571747043
0.21256548443628717	0.37713500149069507	0.4102995140730179
0.16209074097596002	0.26661464165214604	0.571294617371894
0.20206791589435535	0.5220100053936528	0.2759220787119919
0.09655573652199234	0.5251976337863168	0.37824662969169104
0.14454450984591394	0.48071050432592644	0.3747449858281598
0.19309891464322745	0.47123337662603526	0.33566770873073737
0.48059618198604814	0.29487984609460305	0.2245239719193489
0.41301828440061167	0.38961278843135605	0.19736892716803237
0.2606657177516075	0.24479420797558782	0.4945400742728048
0.2950249275641934	0.31607323825473393	0.3889018341810727
0.29748124529825376	0.48165248944329064	0.22086626525845565
0.2820547060017085	0.2734075377219763	0.4445377562763153
0.07701500083565688	0.6613913314025007	0.2615936677618425
0.3159452051643397	0.2727936860727331	0.4112611087629273
0.35405003446262223	0.09041211917189282	0.555537846365485
0.4747096270666182	0.22693070727793974	0.2983596656554422
0.0705425001111436	0.7436011369799578	0.18585636290889865
0.44168445257688993	0.19507831627268085	0.36323723115042933
0.2879608643828074	0.1464519827500347	0.5655871528671581
0.34387262928961415	0.33197071463367955	0.3241566560767064
0.3365279646365592	0.1369634276707395	0.5265086076927014
0.29290859222256316	0.11466717044440627	0.5924242373330307
0.64485327932355	0.17433571438386222	0.18081100629258787
0.5749678988406337	0.250575500317532	0.1744566008418344
0.44008051419708244	0.2957679010260895	0.26415158477682815
0.20391942663404616	0.6000096264541837	0.1960709469117703
0.4504684228879939	0.22099215362494318	0.32853942348706305
0.44749988480520014	0.3345348283481671	0.21796528684663286
0.1974599624598806	0.5457335879709416	0.256806449569178
0.11189634662798492	0.5838859030962219	0.3042177502757933
0.5927485724675436	0.11771677871176067	0.28953464882069574
0.14803447990597227	0.664466175614598	0.1874993444794299
0.13273578780991369	0.3634557718221417	0.5038084403679447
0.4341551687679477	0.09400098262788523	0.47184384860416717
0.5693859819578861	0.18488292306980914	0.2457310949723049
0.46032310592858805	0.3396315317891563	0.20004536228225572
0.5701554386942739	0.11800795482863569	0.31183660647709055
0.20954706528161615	0.5316187916892721	0.2588341430291119
0.4325862913236574	0.06442530897431442	0.5029883997020284
0.08861667265624751	0.4808416177555761	0.4305417095881765
0.3856492398360251	0.12353660477895095	0.49081415538502404
0.26956215309744536	0.3324181768132799	0.39801967008927486
0.3097169753044758	0.5265803676139043	0.16370265708162013
0.36663239038478157	0.28102318215202465	0.35234442746319383
0.47742287675419126	0.17133804517294737	0.3512390780728615
0.20852001305454035	0.4683192096295288	0.323160777315931
0.41820121492508444	0.10235413773051472	0.47944464734440095
0.41872801033013585	0.18458391791267023	0.396688071757194
0.2831001495378286	0.25456086556218827	0.46233898489998326
0.2827487038967067	0.34683793704026183	0.3704133590630316
0.15988371878630855	0.27003764021178367	0.5700786410019079
0.2421081314603553	0.5687916097829435	0.18910025875670122
0.12383385003282044	0.39985010108429075	0.4763160488828889
0.09238211489587772	0.41243876561440906	0.4951791194897133
0.36133901260152945	0.1565217680995406	0.48213921929893006
0.7132854797195669	0.06489889058541354	0.22181562969501967
0.3596322786677485	0.13108011757782154	0.50928760375443
0.5474529512053699	0.3054464844935268	0.1471005643011034
0.20865420658601663	0.49061109961535965	0.3007346937986239
0.08365761064793942	0.4751599304737518	0.44118245887830887
0.7891376123609333	0.056938379084944035	0.15392400855412278
0.15147637268461384	0.6910090870996177	0.15751454021576844
0.30444191839167595	0.4793224840027138	0.21623559760561037
0.09115897289285857	0.7085512721750785	0.20028975493206308
0.3212080816775555	0.3120334726808755	0.3667584456415692
0.10992629787115127	0.3614223537167255	0.5286513484121234
0.29290892427325604	0.45315958133778445	0.2539314943889596
0.14265378847860316	0.49962215738691196	0.357724054134485
0.4632450443402998	0.2272939202400164	0.30946103541968395
0.3214903456972713	0.3762709409194928	0.30223871338323605
0.08982565757989208	0.6379800871689574	0.27219425525115065
0.30420807961971336	0.40942367950679615	0.2863682408734906
0.34860028950957517	0.27338107418311164	0.3780186363073133
0.26796679366237014	0.32707795619964114	0.40495525013798883
0.2434967082499419	0.5772396391130907	0.17926365263696742
0.5258966607222046	0.11333984758008858	0.36076349169770683
0.36416197980996606	0.3505650134800229	0.2852730067100111
0.07348342203683395	0.540519584619473	0.3859969933436932
0.22386146153644598	0.24409054912934575	0.5320479893342084
0.06879356521401969	0.5602553941174548	0.3709510406685255
0.2766756177613615	0.5395262868310919	0.1837980954075466
0.3845812617720295	0.08031728801260468	0.5351014502153659
0.27609782582643505	0.5302947553356379	0.19360741883792723
0.3734603402839801	0.2953514853892366	0.3311881743267834
0.458003352706137	0.24607026912404448	0.2959263781698186
0.10925674526304557	0.4884413347975193	0.4023019199394353
0.7074890779116426	0.08041495946929694	0.21209596261906058
0.07622767853397372	0.5512532522495787	0.37251906921644773
0.663428985663248	0.05951888264428923	0.2770521316924628
0.23257447774095671	0.195092079345063	0.5723334429139804
0.6583345221253145	0.06382467032335887	0.27784080755132673
0.3081859578162466	0.43269564049283793	0.2591184016909156
0.2970068677757658	0.5027306025507006	0.20026252967353383
0.3797705001113221	0.2971967166684216	0.32303278322025636
0.4515656316154701	0.24012155644340868	0.30831281194112137
0.3966864274852439	0.2399826953380618	0.3633308771766944
0.1101828275641118	0.7281743702548965	0.16164280218099186
0.2653958366934338	0.1703497660302474	0.5642543972763189
0.36379458636175105	0.2920695854666923	0.34413582817155675
0.20371270951800483	0.3299627388487454	0.46632455163324993
0.3759753151702555	0.05511999046114313	0.5689046943686015
0.3505201479470302	0.14630691506157223	0.5031729369913976
0.4024006401166449	0.26692119536280234	0.3306781645205529
0.19037065876779724	0.36661027599489837	0.4430190652373045
0.22760064538218108	0.23704949692692323	0.5353498576908958
0.46353372044191055	0.18487485371106935	0.3515914258470202
0.34318589112923886	0.26531451748196017	0.3914995913888011
0.2324489802811958	0.47030327116536674	0.2972477485534376
0.2161800765615986	0.27172412593411993	0.5120957975042816
0.1369126193881229	0.6816814311156933	0.18140594949618385
0.5991181735820545	0.1661699069919807	0.23471191942596487
0.4086653232837167	0.38092448951707525	0.21041018719920818
0.29471483564765366	0.5148011756903509	0.1904839886619956
0.45549375836015343	0.3100032105798847	0.23450303105996195
0.10563582542583216	0.41272256710377025	0.48164160747039764
0.08758411202408539	0.7532034099278453	0.15921247804806957
0.342356876201205	0.31021268260870655	0.3474304411900886
0.05934824608571959	0.5434251961322704	0.39722655778201016
0.19004787090897862	0.48657116840749104	0.32338096068353045
0.36069895215844305	0.4073249506858742	0.23197609715568282
0.16529356320292832	0.2636255828001878	0.571080853996884
0.12297048254856327	0.6584982118852685	0.21853130556616845
0.5033957123413526	0.058866286488911124	0.43773800116973627
0.05817598577291516	0.7428333117566538	0.1989907024704312
0.05254374943593115	0.7737744449610108	0.1736818056030582
0.12127901726603149	0.28968182895715283	0.5890391537768158
0.24691433035090665	0.31673880319733255	0.4363468664517609
0.12172331414697501	0.36053600891862875	0.5177406769343964
0.181791892640249	0.5139603863430872	0.304247721016664
0.6622962925838349	0.04887413057339168	0.2888295768427734
0.4505478423475873	0.3798580806188438	0.169594077033569
0.32481524308690657	0.18391537238165295	0.4912693845314406
0.09394742098633915	0.6849836250193766	0.22106895399428445
0.44283965374421935	0.17768889203014834	0.3794714542256324
0.11750529893815764	0.4356520242989395	0.44684267676290296
0.581594636000274	0.11700376138670804	0.3014016026130181
0.13322921451763445	0.607012143220552	0.2597586422618138
0.10194215082748115	0.6068159521565107	0.2912418970160082
0.28384303735325705	0.13718978583244903	0.578967176814294
0.10092236391329529	0.7076480130656435	0.1914296230210613
0.1644806928058018	0.5732897161879816	0.2622295910062167
0.11386103329171512	0.6209101025154817	0.2652288641928032
0.4029870221709976	0.441801495800989	0.15521148202801355
0.19627524035447202	0.5741447422513073	0.22958001739422076
0.25109977266824607	0.5920444984925092	0.15685572883924487
0.05662820042311323	0.4295594810997329	0.513812318477154
0.5669666719207291	0.12806898050950688	0.304964347569764
0.1196929048273338	0.355210140283355	0.5250969548893113
0.19035253358666349	0.32447801517867325	0.4851694512346634
0.25424962152171493	0.1785783664480909	0.5671720120301943
0.31266500736543995	0.21955921542905465	0.46777577720550545
0.11932334868621014	0.6077194633191835	0.2729571879946065
0.33765112773242384	0.38379485618309594	0.2785540160844803
0.14953123258881731	0.588212151661208	0.2622566157499747
0.12911620310413058	0.4803032865069115	0.390580510388958
0.1311397618875908	0.4063877506835377	0.4624724874288716
0.07429387513849528	0.7379807614399629	0.18772536342154184
0.3138726601209103	0.45769561840105016	0.22843172147803967
0.5546927571380273	0.20400747887604215	0.24129976398593062
0.08419757821311324	0.4691955155752785	0.44660690621160837
0.17601267576675395	0.5911099123035641	0.23287741192968203
0.14921500665132142	0.5404659196657768	0.31031907368290185
0.08852716393142046	0.45227275673436307	0.4592000793342166
0.09251850468599104	0.4827984322211903	0.4246830630928188
0.15542341720499736	0.28695070536501044	0.5576258774299923
0.6936633334118493	0.08573004526101863	0.22060662132713216
0.3278277719816461	0.4888730085254378	0.18329921949291617
0.3704070084816	0.1828212740033378	0.4467717175150623
0.15733800021742686	0.6765736810172568	0.1660883187653165
0.08353433248236755	0.44933027156286487	0.46713539595476766
0.0667091733928602	0.6053512909988981	0.32793953560824185
0.40397749518753473	0.43239971505089236	0.16362278976157296
0.204667548710939	0.34005061622557414	0.45528183506348696
0.3847414955315476	0.21066710590922472	0.40459139855922777
0.4247004780838244	0.3760171847278347	0.19928233718834104
0.19633219467885665	0.4311046427968054	0.372563162524338
0.40386599903609066	0.2986577973951049	0.2974762035688046
0.09110908658992029	0.6580176692166382	0.2508732441934417
0.2023554374418015	0.30697538619681336	0.4906691763613853
0.1393869790562288	0.4064807792914081	0.45413224165236327
0.060818344153851345	0.6813112758876501	0.2578703799584986
0.31764671603425465	0.28326961886474983	0.39908366510099563
0.12796195363028354	0.5175461183296182	0.35449192804009844
0.19054090898155987	0.30372386242845667	0.5057352285899835
0.43100512142276426	0.27282661333032443	0.29616826524691137
0.384092719678242	0.1461618191164372	0.4697454612053209
0.2432651723222234	0.4755300416528885	0.28120478602488824
0.25651653042470596	0.2572876227108259	0.48619584686446826
0.13692771222929692	0.6778343390673741	0.1852379487033291
0.14047231541644972	0.6309971535278829	0.22853053105566756
0.7172376102978033	0.12436030397089243	0.1584020857313044
0.19341238674780553	0.6102685035164488	0.19631910973574573
0.14301458867772027	0.6571120964791678	0.19987331484311205
0.3432050615430249	0.3542354481524566	0.30255949030451856
0.11140651872263463	0.4771731468806032	0.4114203343967623
0.6116610114484833	0.06589575326844899	0.32244323528306773
0.511735418642854	0.16728187757983592	0.32098270377731025
0.2746385049878297	0.32717569523283985	0.3981857997793306
0.48291716437657534	0.11428658345829348	0.40279625216513126
0.34669179895913405	0.2548942506161357	0.3984139504247304
0.7249822669318227	0.08280201120793107	0.19221572186024638
0.49241783025908115	0.3371900473040687	0.17039212243685023
0.3419884552732223	0.3848299137644753	0.2731816309623025
0.3752782172540837	0.14027103763774346	0.484450745108173
0.46606780558605543	0.3250991259148141	0.20883306849913058
0.48724617457751407	0.2280564063742323	0.2846974190482537
0.3250450348331786	0.25443010126009014	0.4205248639067314
0.09712351228814614	0.46388362470449784	0.4389928630073562
0.19040246433888416	0.5272910617424429	0.28230647391867303
0.08732897931368011	0.7335513187098783	0.1791197019764416
0.43672738774126457	0.21607937340829633	0.34719323885043923
0.46083217091983886	0.3514080343581419	0.1877597947220194
0.10312150965356665	0.4171344474620527	0.4797440428843808
0.05682993620015453	0.46328271323317766	0.479887350566668
0.3659845230527038	0.27554550574734205	0.3584699711999543
0.45290911462508177	0.06570965948795904	0.48138122588695936
0.3196127621386041	0.522471250340925	0.15791598752047106
0.1558078706422537	0.39251946431140217	0.4516726650463443
0.07141398314523206	0.4471198640293629	0.48146615282540517
0.20538322623301375	0.5306143868057188	0.2640023869612675
0.3619469330350136	0.19506084274499985	0.4429922242199867
0.22778992143001497	0.1960301390048282	0.5761799395651569
0.5136429224960379	0.16403923687527966	0.3223178406286826
0.053250200614327725	0.5892452962066791	0.3575045031789933
0.11080932656935955	0.3765148576672533	0.5126758157633873
0.22274369445310332	0.36844263600038607	0.4088136695465107
0.12745611181034394	0.6166951355959486	0.25584875259370754
0.27548028344970077	0.4519195248642973	0.272600191686002
0.6299933249861105	0.12711164791524815	0.24289502709864141
0.06160508437340195	0.4499538039242722	0.48844111170232596
0.1928034886352637	0.49379643061557854	0.31340008074915787
0.565605753677314	0.17712471950989106	0.25726952681279497
0.41490342955867265	0.07137263181884007	0.5137239386224873
0.212658844093835	0.21113891279782998	0.5762022431083351
0.5565224006494316	0.06712687738411166	0.3763507219664568
0.11215085777231931	0.3765455797582138	0.5113035624694671
0.10748034286974778	0.6510424917341802	0.24147716539607217
0.36648152160798564	0.08915350859281052	0.5443649697992039
0.5571332567652014	0.16044556640463026	0.28242117683016843
0.5851820642408723	0.13671124092197917	0.27810669483714867
0.1867155713708708	0.3909444527429231	0.4223399758862062
0.554398394665535	0.24954593824014182	0.19605566709432334
0.1991666150373684	0.2683681823862479	0.5324652025763839
0.06777423387659076	0.3691590134803468	0.5630667526430626
0.3436011258124384	0.44960507690461443	0.20679379728294728
0.5350436142637698	0.20105973703297272	0.2638966487032576
0.21242548861272748	0.47523185203145646	0.3123426593558162
0.18122289276782289	0.6392324316984289	0.17954467553374834
0.4257247541689219	0.19046400652874193	0.3838112393023363
0.29374757873245705	0.16471705652850946	0.5415353647390336
0.27612847937763263	0.17180619020893428	0.5520653304134332
0.6154639152411409	0.06327258063285357	0.3212635041260057
0.37351834472361933	0.12742890730700301	0.4990527479693778
0.06381246500500254	0.3728858870202218	0.5633016479747758
0.15831963069602067	0.6554920788171043	0.18618829048687519
0.07521553588426066	0.48302466552835205	0.44175979858738734
0.2277710733402935	0.5975304656443501	0.17469846101535655
0.319180047715402	0.3771389694389874	0.30368098284561074
0.3517404166478151	0.2425800874187694	0.40567949593341557
0.5868653034150817	0.13406507678571306	0.27906961979920536
0.5520244591789552	0.26686634656508534	0.18110919425595962
0.26652562994789675	0.37027117794222253	0.3632031921098808
0.16110514361338024	0.6194535293864193	0.21944132700020055
0.07039329304707187	0.5534898032063427	0.37611690374658563
0.29672819816151846	0.498335584860713	0.20493621697776865
0.3092390414707485	0.31487267278274983	0.37588828574650174
0.13360820677349447	0.3362352306023127	0.5301565626241929
0.10724946446250033	0.36286760461701384	0.529882930920486
0.6063260798843491	0.20235278618113414	0.19132113393451688
0.3350640848563158	0.4943106106117152	0.17062530453196917
0.2846846626776051	0.37246921272851535	0.3428461245938796
0.3245718860865664	0.4093600285457216	0.2660680853677121
0.19407527746940909	0.3414950864700863	0.4644296360605047
0.4340685893673043	0.0899942947624511	0.4759371158702447
0.11482582946693118	0.33720322898121285	0.5479709415518561
0.40258770291406043	0.2195314969427986	0.37788080014314107
0.4252554750084583	0.41923793419453226	0.15550659079700954
0.6450713764391317	0.1873689396950661	0.16755968386580233
0.4223008760773281	0.3701101007416298	0.20758902318104222
0.22961511465001594	0.4629618031567092	0.30742308219327497
0.5032133699643051	0.07695970809082936	0.4198269219448657
0.17275122483161195	0.3927332790194274	0.4345154961489608
0.5666917044642603	0.26259800728015376	0.17071028825558598
0.47402760762068596	0.07967312190287473	0.4462992704764394
0.13450776782409948	0.584218852333233	0.28127337984266765
0.35056191607001236	0.3748348657703355	0.2746032181596523
0.5332798674206771	0.20633549179586247	0.2603846407834606
0.3816288468030826	0.23783184777212563	0.38053930542479186
0.4482365944852532	0.2212986256377647	0.3304647798769822
0.42373095600238614	0.2834240469707314	0.2928449970268826
0.13620949534788207	0.4007779044539246	0.46301260019819346
0.22270295052386352	0.42015656751295577	0.3571404819631809
0.3756845523161465	0.11759169507954972	0.5067237526043038
0.3675109766404739	0.3620974853318046	0.27039153802772165
0.21469468042905654	0.5957860226145162	0.18951929695642736
0.2936550701944206	0.35776309593568106	0.34858183386989844
0.6676901350041384	0.11385155239936179	0.21845831259649995
0.16747483354579504	0.3312973906645411	0.501227775789664
0.628647917399087	0.15954609596287161	0.2118059866380415
0.17150652567869432	0.5084980221647677	0.3199954521565381
0.7463811224490556	0.05821452692519524	0.19540435062574923
0.6184600901486742	0.1354290680880436	0.2461108417632823
0.6708365875472629	0.16166526377844462	0.16749814867429252
0.32705196661488417	0.383839438960034	0.28910859442508197
0.4270889297063487	0.064493073203994	0.5084179970896574
0.053452905345658164	0.4621013657272378	0.48444572892710414
0.24064146383501694	0.5149771449969058	0.2443813911680774
0.2414639574079005	0.2699487551610472	0.4885872874310524
0.07561340202290734	0.6529086004315272	0.2714779975455657
0.5495385064795648	0.26654300500378036	0.18391848851665496
0.06740502195039255	0.46681741629224616	0.46577756175736146
0.08783194506811123	0.6607531208387079	0.25141493409318105
0.0968339898723573	0.4429637768013613	0.4602022333262815
0.4276157777450149	0.315236344195109	0.2571478780598762
0.31174266864607014	0.218765435150176	0.469491896203754
0.406303345311372	0.27357963271387625	0.3201170219747518
0.20804074843093445	0.6263405059583779	0.16561874561068785
0.08633457170924719	0.685373373852212	0.228292054438541
0.3580927611492254	0.08175818929020318	0.5601490495605715
0.2088863598249054	0.607438647981567	0.1836749921935277
0.11438691924513264	0.7271854014394976	0.15842767931536983
0.5535457110944815	0.09347683586252992	0.3529774530429887
0.08481769707797451	0.7682653890408603	0.14691691388116535
0.09094581389668147	0.7198825469339326	0.18917163916938604
0.19546446451771288	0.28445589322246745	0.5200796422598197
0.32298437200926167	0.12797473681299745	0.549040891177741
0.31619400363319805	0.11851736180545175	0.5652886345613504
0.48110220209600424	0.1678666527248056	0.35103114517919026
0.11540225551910843	0.45863114660047344	0.42596659788041824
0.5685207843853718	0.26503072679003303	0.16644848882459523
0.35158994664620424	0.4797185319199445	0.16869152143385138
0.27684248699641967	0.2695542465734192	0.4536032664301613
0.7473002897456515	0.05175410097032723	0.2009456092840214
0.3595704041181899	0.3918376133426699	0.24859198253914028
0.11689344316389638	0.29786665001548657	0.5852399068206171
0.26835546335820126	0.226128242294181	0.5055162943476179
0.4606520630839269	0.08112693925710823	0.45822099765896496
0.562140892968962	0.08924801567327811	0.34861109135776003
0.20757532557472297	0.47904018141024585	0.3133844930150313
0.11768847149245884	0.4218641707738484	0.4604473577336929
0.43889340634017693	0.16782776282667378	0.3932788308331494
0.3102468684338626	0.13296034125787595	0.5567927903082616
0.19735381906165253	0.47766774172130044	0.3249784392170471
0.18256386554734685	0.5844926297981774	0.23294350465447583
0.14743165513788642	0.4248280325109496	0.42774031235116416
0.27658987270492186	0.21355286677986815	0.5098572605152101
0.4225921090753635	0.402600754734303	0.17480713619033358
0.506422936301854	0.0494182389851896	0.4441588247129565
0.47740754853975015	0.21262323645353756	0.3099692150067124
0.1946357668707212	0.6007611555008655	0.2046030776284134
0.37084983138756855	0.11361207695640752	0.515538091656024
0.5937934067915035	0.23437075343860703	0.1718358397698896
0.5345558577574874	0.14664509723236793	0.31879904501014483
0.18194606993768464	0.3547025213142088	0.46335140874810665
0.16947095851475433	0.527262650707149	0.30326639077809686
0.19288353210760195	0.5882398659876679	0.2188766019047303
0.16979293209127988	0.457013963224314	0.37319310468440625
0.3214061248327824	0.09399821330836139	0.5845956618588563
0.7386615424077342	0.07697313568977326	0.1843653219024926
0.06088672041207621	0.45963770532695536	0.47947557426096854
0.2674863583385834	0.2919666351471276	0.4405470065142891
0.605017788182936	0.15856443560895342	0.23641777620811075
0.47239323119717763	0.2656098691977318	0.2619968996050907
0.4579929444574341	0.3528373920751117	0.18916966346745429
0.10893766455916326	0.7122965905229919	0.17876574491784497
0.2295877500496263	0.5807495245589804	0.1896627253913934
0.6448631667759045	0.10571175982466327	0.24942507339943232
0.2730203232066799	0.19478942235879992	0.5321902544345203
0.21354469098041817	0.5544653260579332	0.23198998296164872
0.2527055154766493	0.32253908894750644	0.4247553955758443
0.42483196678479096	0.2057525729528273	0.3694154602623818
0.6990964935748621	0.1142102910955829	0.1866932153295551
0.4160416242594393	0.053638006544296624	0.5303203691962641
0.5785967994241381	0.2664992608182423	0.15490393975761965
0.22443274414735653	0.28491804811935495	0.49064920773328863
0.49354717676275645	0.14152439607159917	0.3649284271656445
0.14114403892910776	0.3234269693773605	0.5354289916935319
0.3264303282687346	0.5077501772641675	0.16581949446709798
0.2745384564289648	0.4509826584888258	0.2744788850822095
0.35429451201063916	0.48390800442934395	0.16179748356001702
0.7058585349974256	0.13233579334361784	0.1618056716589567
0.3749348358620593	0.08233238558904943	0.5427327785488913
0.3912182036462057	0.07645027895400791	0.5323315173997865
