0.34972575607794965	0.40005738150063597	0.2502168624214145
0.34981550222344404	0.39976079074702825	0.25042370702952776
0.35014218926764573	0.3996119599733515	0.25024585075900285
0.35024535143454566	0.39969102243155963	0.25006362613389477
0.35017083989388414	0.3994543225462607	0.25037483755985535
0.3498944209156438	0.4000439136512672	0.25006166543308916
0.3500602279795346	0.4000237494081183	0.24991602261234713
0.34997523469798836	0.40004943800277837	0.24997532729923339
0.3499854218938377	0.39950181402012375	0.2505127640860387
0.3498722535937921	0.3997039991882134	0.25042374721799465
0.3499145678103061	0.4000238277162892	0.25006160447340486
0.3500564043618441	0.39966895974057876	0.25027463589757726
0.34992899621659257	0.39955560267871304	0.25051540110469456
0.3498525064242843	0.3996393003546033	0.2505081932211125
0.3501932307583907	0.39970311168195277	0.2501036575596566
0.35004510627016233	0.39962244261657204	0.25033245111326574
0.3499188262788559	0.3995756948512714	0.2505054788698728
0.34975354018172655	0.3997379193154128	0.2505085405028607
0.3499315051559577	0.3999960321117035	0.2500724627323389
0.3503187574991353	0.3997777735351372	0.24990346896572757
0.35023701381852895	0.3999197667330209	0.24984321944845028
0.3498865968083344	0.39950067126187017	0.2506127319297955
0.3498659720576553	0.3997976995616672	0.25033632838067765
0.34970452443091193	0.3995610169265954	0.2507344586424928
0.3502255200881178	0.3999210810374814	0.2498533988744009
0.34979941327481084	0.39972462378581486	0.2504759629393744
0.35025665875173295	0.39996025157827186	0.24978308966999524
0.3497424526092225	0.399606256503384	0.25065129088739363
0.3501855197112587	0.399542661324807	0.2502718189639344
0.3503123149292984	0.3999369652886875	0.2497507197820143
0.35010504835311945	0.3997071130749601	0.25018783857192056
0.3498350003943638	0.3999908151676313	0.250174184438005
0.35014698893314833	0.40002594189800733	0.24982706916884448
0.3501391343741658	0.3998691140581294	0.24999175156770492
0.3503015546991802	0.39957718798431924	0.2501212573165007
0.3503614140145608	0.3996886233621995	0.24994996262323976
0.35019151019216166	0.3999244245683574	0.249884065239481
0.35033853968251377	0.39982051582613154	0.2498409444913548
0.35017385422373554	0.3999548257410471	0.2498713200352174
0.3502968971845189	0.3997503863116873	0.24995271650379391
0.3500679037148734	0.3995432017193446	0.2503888945657821
0.3503583772489297	0.3995854154811399	0.2500562072699305
0.34977110513286236	0.3996124627309944	0.25061643213614343
0.3501258721120962	0.3994526669536835	0.2504214609342204
0.3502597344566287	0.39976885933689865	0.2499714062064727
0.34993492394518966	0.39960618575880846	0.250458890296002
0.3497053060412907	0.4000618759757582	0.25023281798295127
0.34994892018833884	0.3997545767942102	0.250296503017451
0.3499672559264779	0.3996226757772313	0.25041006829629087
0.3502141231646781	0.4001007446098861	0.24968513222543598
0.34991111477602754	0.39947472154546554	0.25061416367850703
0.3502399692963102	0.3996207412990475	0.2501392894046425
0.3502048959464171	0.3999501103457721	0.2498449937078109
0.3499526287201229	0.3994453208587233	0.2506020504211539
0.34999612850432	0.399506382755182	0.2504974887404981
0.3502187509072969	0.39981246084796634	0.24996878824473684
0.34971316374060674	0.39956393099307874	0.25072290526631463
0.3501456666284898	0.3998362790708565	0.2500180543006538
0.35034140686500725	0.39943785004206067	0.2502207430929322
0.35013202497965284	0.39990101706357123	0.24996695795677604
0.3499209554652253	0.3995608776978367	0.25051816683693806
0.35001503020682123	0.3999528164198603	0.25003215337331863
0.3503747902819491	0.39974332588636785	0.2498818838316831
0.3498900157750536	0.39941567947498274	0.2506943047499638
0.3503031474653599	0.39961636310506277	0.2500804894295775
0.35021835823658587	0.3999724342147779	0.2498092075486363
0.35021194520322024	0.3997495507079697	0.2500385040888102
0.35014771874367745	0.4000270719744876	0.24982520928183502
0.3503043763708703	0.39957035016052184	0.25012527346860797
0.3500697445540981	0.3995464509634752	0.25038380448242686
0.3499985014312237	0.4001220629663804	0.24987943560239603
0.3502721007002308	0.39968752469423285	0.25004037460553646
0.3498526110484076	0.39972642251017054	0.250420966441422
0.3503499055308374	0.3993896597300042	0.25026043473915854
0.35026662902389016	0.399658786740747	0.25007458423536294
0.35009168464219326	0.39955080900148376	0.2503575063563231
0.3497008364284098	0.40001959248407626	0.2502795710875141
0.3500513605211269	0.3996994979874925	0.2502491414913808
0.35020767984398915	0.39962575269968603	0.25016656745632493
0.35030226500578693	0.3993988306563878	0.25029890433782537
0.350007858588359	0.3996301418391517	0.25036199957248945
0.35010183970920533	0.39963723631558357	0.2502609239752112
0.35033120533110756	0.39964229208614543	0.25002650258274717
0.34984542075183156	0.39960217839000417	0.2505524008581643
0.3501194848024836	0.3994456639816226	0.2504348512158939
0.3501463006223211	0.3994852563701755	0.25036844300750344
0.34998425714412373	0.3996195320487593	0.2503962108071171
0.3501427225409467	0.4000328919337479	0.24982438552530545
0.3498628000997615	0.39988904970379574	0.25024815019644286
0.34986077042255415	0.3993940742594698	0.2507451553179762
0.3500884872710232	0.39990822887387967	0.2500032838550972
0.34988768812136756	0.39965833450500665	0.2504539773736259
0.35016896930784025	0.39998214102619717	0.2498488896659627
0.3502803961475263	0.39999634502318204	0.24972325882929175
0.3502970402779755	0.3996754841594271	0.2500274755625975
0.35016600986462265	0.4000859526611716	0.24974803747420588
0.35001882622751307	0.39945171768265453	0.2505294560898325
0.35034373539674046	0.39991519752074245	0.2497410670825172
0.3498254377065697	0.4000177770794039	0.25015678521402646
0.35028236888514896	0.3995885641570903	0.2501290669577608
0.350178033764695	0.3999828395469118	0.24983912668839336
0.35005887444160294	0.3996596400022138	0.25028148555618335
0.3500129154649508	0.3995660547854267	0.25042102974962266
0.3500849416074897	0.40008446994924546	0.24983058844326492
0.3500699739152911	0.39971689553696005	0.25021313054774896
0.35012463694101087	0.3995688452952874	0.2503065177637019
0.3503693334381997	0.3997030858000297	0.24992758076177068
0.3497726874099938	0.4000548611344543	0.250172451455552
0.35014534080835324	0.4000029268194427	0.24985173237220415
0.34977549227565363	0.3998176527922646	0.2504068549320819
0.34971104393401287	0.39987694578246535	0.2504120102835219
0.3501747050805264	0.39955991408729213	0.2502653808321816
0.35017974050249967	0.39985831433722496	0.24996194516027548
0.3501140567849882	0.3999579158467472	0.2499280273682647
0.3500590566231504	0.3998483128004563	0.2500926305763934
0.34986257606387533	0.4001001697588823	0.25003725417724243
0.3502729941837037	0.39958983719281405	0.25013716862348234
0.35006629959181945	0.3994543492214406	0.25047935118674003
0.3498410708255076	0.39947001593915676	0.2506889132353357
0.3501153417414511	0.4000606135787508	0.2498240446797982
0.34986106253155486	0.3998412084945791	0.25029772897386615
0.3497694113088432	0.39979598186069754	0.25043460683045937
0.35001341870540065	0.4001135001740522	0.24987308112054735
0.3502915057684794	0.4000318679183681	0.24967662631315266
0.350230311885476	0.399505594637536	0.2502640934769881
0.3498474289108055	0.39991375791111444	0.25023881317808017
0.3497665055485366	0.39947786982913486	0.25075562462232864
0.3503704826772561	0.3996583492289869	0.24997116809375702
0.3501462204866862	0.39964863097307757	0.2502051485402364
0.34990937816432915	0.39950160806428014	0.25058901377139087
0.3502782429975424	0.39975346575368764	0.24996829124877007
0.35014046914631203	0.4000705481751181	0.24978898267857
0.3499269772799017	0.39963533426104825	0.2504376884590501
0.3498437470322399	0.39952382870692804	0.2506324242608322
0.35005161931328055	0.39998221452087457	0.24996616616584502
0.3498748953057661	0.3997801407687178	0.2503449639255162
0.3499980676598033	0.39943049686649135	0.2505714354737054
0.3500192135786219	0.39947011868428406	0.25051066773709413
0.3501152911952834	0.3995177756986713	0.25036693310604535
0.34975319712301284	0.39997550381681324	0.25027129906017404
0.3498642853805696	0.3994019954089637	0.25073371921046683
0.35039098929009066	0.3996334630477736	0.2499755476621359
0.350094810161042	0.399734124472262	0.25017106536669614
0.3500899045843112	0.4000261691275584	0.24988392628813044
0.3498871740864571	0.4000173222779385	0.2500955036356045
0.350138434065212	0.39981578547104596	0.25004578046374215
0.3499207054402232	0.3997362636642053	0.25034303089557164
0.34976664285370895	0.3997281328762513	0.25050522427003985
0.35015477207535595	0.3994576698525329	0.2503875580721112
0.3499861052725758	0.39958572230234424	0.25042817242508003
0.35000661048079384	0.39994427456285897	0.25004911495634724
0.34983462004456467	0.4000296496607723	0.2501357302946631
0.34980987789404255	0.39959864101917564	0.2505914810867819
0.35034382461166513	0.3997769043535853	0.24987927103474966
0.34993604032200937	0.3993888327753644	0.2506751269026263
0.3502437931467696	0.3997787502952171	0.2499774565580134
0.35000963991068823	0.39979527820447	0.2501950818848419
0.35039013949155984	0.39987020908329457	0.2497396514251457
0.35005686303321293	0.3998636920744735	0.2500794448923137
0.35029404305701556	0.39975147805849764	0.24995447888448694
0.34989693461944604	0.40012211251220187	0.24998095286835215
0.3501711748749819	0.3995440689504741	0.25028475617454404
0.3502238372671183	0.3999911276756646	0.24978503505721722
0.3501712959049413	0.3997394659416879	0.2500892381533709
0.3500717234408382	0.39966076657020216	0.25026750998895975
0.3499494074852353	0.4001098735861101	0.2499407189286547
0.3503262531814333	0.3996311945658224	0.2500425522527444
0.3501085293567149	0.3996565323275605	0.25023493831572474
0.34994921216306146	0.3997297006720386	0.25032108716490004
0.35028368304062313	0.39996537185602776	0.24975094510334922
0.3501031926918123	0.39974149293693434	0.2501553143712535
0.3499092054022987	0.40011782959008024	0.24997296500762117
0.35005212306412853	0.3995199166148171	0.2504279603210544
0.34999452354905136	0.3994767239485256	0.2505287525024231
0.3500441218459933	0.3997558802298919	0.2501999979241149
0.3497717593865318	0.4000695385201594	0.25015870209330887
0.3499776735198472	0.4001225145674514	0.2498998119127015
0.34974517454701454	0.399652799891568	0.2506020255614176
0.350125143197825	0.399878317254758	0.24999653954741716
0.34995769760125545	0.40002077886547516	0.25002152353326945
0.3501494340924026	0.3994014752583126	0.2504490906492849
0.3499139458891917	0.39952791669802784	0.25055813741278055
0.35031716118252654	0.39954612149090735	0.2501367173265663
0.3498672600563457	0.3994290238905584	0.250703716053096
0.3498009507325448	0.3994541134783892	0.25074493578906604
0.3500017781879575	0.39998159022367774	0.2500166315883648
0.3500862195008882	0.39950182552674796	0.250411954972364
0.35012300500196164	0.39938806359635404	0.25048893140168443
0.3498864517619658	0.3994964187033925	0.2506171295346419
0.3497675981253942	0.39970128830498275	0.25053111356962315
0.3500868250964554	0.39951608145598805	0.2503970934475567
0.349750285759108	0.39979057061337786	0.2504591436275142
0.35024028409022384	0.39979708119796403	0.24996263471181224
0.35017293343396005	0.3997502352797891	0.2500768312862509
0.34998976709811563	0.400083626313693	0.24992660658819155
0.34969833746825835	0.39968092384340737	0.25062073868833434
0.34975131562626455	0.39956294222217387	0.2506857421515617
0.35013395281541737	0.3997581176964188	0.25010792948816396
0.3503072587258466	0.39965430618874453	0.250038435085409
0.34975597037868744	0.39979248477851376	0.25045154484279886
0.350280348160559	0.39986163576972744	0.2498580160697137
0.35010133231363677	0.3998051838294464	0.250093483856917
0.3498629059358924	0.3995240806106358	0.25061301345347187
0.35002019490672526	0.40008004140865094	0.24989976368462394
0.34986631272878266	0.40007418329907957	0.25005950397213794
0.3501887505550466	0.39948971247355636	0.25032153697139714
0.34997827060817494	0.3995809462069413	0.2504407831848839
0.35006813489675764	0.400090567351831	0.24984129775141148
0.34977891481188894	0.39963797535852774	0.25058310982958343
0.35019745647994627	0.3994308654632076	0.25037167805684624
0.350106648997422	0.3996108056168903	0.25028254538568784
0.3497597375810388	0.4000008055789065	0.2502394568400548
0.3500287714353863	0.399821091711149	0.2501501368534648
0.3497204645335953	0.39996202479591825	0.2503175106704866
0.3498689328708081	0.39981578616189756	0.25031528096729444
0.3497091283254974	0.39986883625221814	0.2504220354222846
0.35004405661777777	0.39944685088040005	0.2505090925018223
0.35032170369595583	0.399395917579379	0.25028237872466524
0.35020746202964675	0.3998896017967708	0.24990293617358256
0.34986279100770384	0.39982483171983274	0.2503123772724635
0.35002782422560114	0.39946238113255994	0.25050979464183903
0.3499198665343199	0.39941234946193926	0.25066778400374096
0.35012627149719244	0.39995384465140127	0.24991988385140645
0.3501017775643541	0.3994961742915043	0.2504020481441417
0.35007564038854894	0.40001045899296805	0.24991390061848312
0.34981303979055683	0.3998611853568879	0.25032577485255536
0.35030352898072925	0.3999905773159469	0.24970589370332397
0.35018504040895787	0.3995758746950424	0.25023908489599983
0.34978277485733994	0.3994860957292179	0.2507311294134423
0.34973252772143215	0.39969435722510865	0.2505731150534593
0.35012038605622997	0.39975976178629186	0.25011985215747823
0.35030260444018185	0.3994387298041505	0.2502586657556678
0.35003926833463955	0.39993278817270117	0.2500279434926594
0.34996145665426887	0.4000715358230304	0.24996700752270085
0.350392958196209	0.39974798650504256	0.24985905529874852
0.35001461489164815	0.3994595105775066	0.25052587453084535
0.3499390662943971	0.40007128722774676	0.2499896464778563
0.3502921782487687	0.3995832874480153	0.25012453430321613
0.35006747191629906	0.40012086857848417	0.24981165950521694
0.3501477209796273	0.3998611650151848	0.24999111400518795
0.3500541858976818	0.39973321724754696	0.2502125968547714
0.350200966383734	0.3997475308078001	0.250051502808466
0.34990015512004874	0.40012184282046176	0.2499780020594896
0.349786899371829	0.4000709376856043	0.25014216294256686
0.3501331075860377	0.39952471435247194	0.2503421780614904
0.35021126025717775	0.3995414742940948	0.25024726544872755
0.35026459476771915	0.39977568233923555	0.2499597228930454
0.3498769128050321	0.3996080550535357	0.25051503214143234
0.35009340849997195	0.39951075744483355	0.2503958340551946
0.34990712106922434	0.3999553030132179	0.25013757591755786
0.3502477477484561	0.39960156953125814	0.2501506827202859
0.34986248151650023	0.3996582435987253	0.25047927488477456
0.3496968656895724	0.39955630088409205	0.25074683342633564
0.35015894039973505	0.40006965812096296	0.24977140147930216
0.3502966671189931	0.39961522754064976	0.25008810534035725
0.3500162039210344	0.39951644498339306	0.25046735109557267
0.3497298899543182	0.3996447447517707	0.2506253652939112
0.3499984343350433	0.4001003818200636	0.24990118384489327
0.35005265033805005	0.40002613985438185	0.24992120980756816
0.349913942495903	0.39988907194034806	0.25019698556374903
0.34992052642126215	0.3998392190309518	0.2502402545477862
0.3503270094852914	0.39966551001094963	0.25000748050375904
0.34977657933291423	0.3999277591932672	0.25029566147381876
0.3502225726107754	0.3994318995667604	0.25034552782246433
0.3500123591273203	0.39944698820131175	0.2505406526713681
0.3501071316544938	0.39980309802463243	0.25008977032087387
0.3499761039364183	0.39962636823100367	0.2503975278325781
0.3498959293726154	0.40003125240986326	0.2500728182175215
0.34998006473735876	0.3999658582600601	0.25005407700258125
0.3502518264511219	0.39950942408788565	0.25023874946099256
0.3497841633160615	0.39996885417597083	0.2502469825079678
0.3501386862235204	0.3998809736249518	0.24998034015152792
0.35019569518632426	0.399880478695598	0.2499238261180778
0.3501234580905812	0.3994402721655433	0.25043626974387556
0.3503688358945571	0.3997430871230591	0.2498880769823839
0.3502949681234612	0.3995845467092754	0.2501204851672635
0.3499757491910192	0.399506500504199	0.2505177503047819
0.35002409446115945	0.3995082962656563	0.2504676092731843
0.3502283880303233	0.3999321010877539	0.24983951088192285
0.35026416625440493	0.4000245333138321	0.2497113004317631
0.35026218284811594	0.3995371856964862	0.250200631455398
0.35033257672780943	0.39980248176888045	0.24986494150331026
0.34971713888430284	0.4001216981832718	0.25016116293242546
0.3500893803136578	0.4000325906079142	0.24987802907842813
0.34996445843807084	0.39997913993201517	0.2500564016299141
0.35007164344658515	0.39972381838374893	0.2502045381696661
0.3498740691548218	0.3996766005348923	0.25044933031028604
0.35012452412374184	0.4000305237872296	0.2498449520890287
0.349917492992003	0.3995694726868989	0.2505130343210983
0.35004711199208505	0.3996087574634575	0.2503441305444576
0.3500868262891036	0.40006062647129537	0.24985254723960118
0.34970431313495914	0.3999831822297225	0.25031250463531846
0.3503444064740022	0.3997962608901213	0.24985933263587656
0.3499576153251585	0.3999309782454529	0.25011140642938867
0.35018706213767287	0.3998141584775924	0.24999877938473486
0.34988509329938694	0.39975387716876487	0.25036102953184836
0.34974020066133854	0.3995372469422078	0.25072255239645375
0.3502258463004372	0.3998814624020815	0.24989269129748143
0.3503187077556516	0.3998413543545113	0.24983993788983722
0.34972116627766037	0.39982357933119766	0.2504552543911421
0.3503180719299405	0.3996781295542078	0.25000379851585175
0.3503289794778042	0.3997072907480529	0.24996372977414297
0.34980464845286674	0.399553538745773	0.25064181280136033
0.3498547645627098	0.4001066475038591	0.2500385879334312
0.3503788309346305	0.3998779767402701	0.2497431923250995
0.34987820691889127	0.3994236137677238	0.250698179313385
0.3499446451480059	0.3996600627412584	0.2503952921107358
0.3498069617965166	0.39990199049381714	0.25029104770966637
0.3498493252249965	0.39955210774042205	0.25059856703458155
0.35026411768655275	0.3996808834706283	0.250054998842819
0.3502488511072466	0.4000383597774176	0.24971278911533595
0.3501382092574623	0.39974908260443986	0.25011270813809794
0.34995315398945365	0.3996567548358015	0.250390091174745
0.3499725811150085	0.3997111199849841	0.25031629890000745
0.35011653190499603	0.3995996500254998	0.2502838180695042
0.34980260239706273	0.39995159359651117	0.2502458040064262
0.34976231677699965	0.3997102104737331	0.25052747274926734
0.3499289472108751	0.39961088084305973	0.25046017194606535
0.3499308860324548	0.39996721032739324	0.250101903640152
0.349929148369441	0.39967856988570316	0.25039228174485595
0.34974338274698313	0.3996875017605933	0.25056911549242367
0.3497482801823938	0.39952652120260673	0.2507251986149996
0.349937578134408	0.39990059730349087	0.25016182456210123
0.3500776054070416	0.3999470167046194	0.24997537788833912
0.3500957970267454	0.4000349640760821	0.2498692388971726
0.3498126145673748	0.3999536371582608	0.2502337482743645
0.3503504731388704	0.3995952352195112	0.2500542916416185
0.35030266833672824	0.40001927534476867	0.24967805631850323
0.3500122411123734	0.3995938881701664	0.2503938707174604
0.3499073682739472	0.3996487778193827	0.25044385390667023
0.349839443698131	0.39998214743060206	0.250178408871267
0.3498191326735719	0.399938638212866	0.2502422291135622
0.3497669328257811	0.40009328636250974	0.2501397808117093
0.35018078006971637	0.4001041302993305	0.24971508963095324
0.35011173402024504	0.3995603814310053	0.25032788454874977
0.35008947271474317	0.39990995989094985	0.2500005673943071
0.3500197401241584	0.39984338554697896	0.25013687432886283
0.350128379643314	0.39985649448362753	0.2500151258730585
0.3499379680758905	0.3996819259215048	0.2503801060026048
0.3499046641217019	0.3994450435058926	0.2506502923724056
0.3503167346343296	0.3994700227042113	0.2502132426614592
0.3502350313709583	0.39990628997299893	0.2498586786560429
0.35025885583974237	0.40005867227495717	0.24968247188530052
0.350237064817158	0.39968424200533725	0.25007869317750486
0.35023448348858177	0.3994221250534642	0.25034339145795415
0.3502400401958664	0.3999882370606954	0.24977172274343828
0.3500041669997419	0.3994121145786822	0.250583718421576
0.35011921650132155	0.3999061258628031	0.24997465763587542
0.3503555861871141	0.39944268438197084	0.2502017294309152
0.3497423900148248	0.39971073289791226	0.2505468770872631
0.34988531261659184	0.3995204125584457	0.25059427482496255
0.35033335672123866	0.3994545733821489	0.2502120698966125
0.3502639188300687	0.3999030161496946	0.24983306502023683
0.3501936693431425	0.399972950119187	0.24983338053767062
0.34999642416048554	0.39955190160158277	0.2504516742379318
0.34974731010570687	0.39986486238431596	0.25038782750997723
0.35016402938319313	0.3995966558596902	0.2502393147571168
0.35013498410434357	0.3998247412698944	0.25004027462576206
0.3503476813357423	0.3994886570461198	0.25016366161813797
0.3501224894594021	0.3999710034528847	0.24990650708771328
0.3502692382152351	0.3996177721248207	0.25011298965994433
0.34993019511451356	0.3995804119766277	0.25048939290885885
0.3500130714855242	0.399815055819686	0.2501718726947899
0.35039008463135474	0.39952847335377123	0.25008144201487414
0.3498617636016374	0.399461429090207	0.2506768073081557
0.3499362628792645	0.40011954773747666	0.24994418938325896
0.3503274539862051	0.39979431467434945	0.24987823133944562
0.3501208718130496	0.39997805540234227	0.24990107278460824
0.3499885081947062	0.3995380077909834	0.25047348401431047
0.3503117913608793	0.39972474965227467	0.2499634589868462
0.3502917741651067	0.39944147335788954	0.25026675247700386
0.35027506420016813	0.4000533287856949	0.24967160701413707
0.350328524618437	0.3999147159755401	0.249756759406023
0.34981102063101416	0.3999450082958257	0.25024397107316027
0.3499690628423874	0.39947810209986945	0.25055283505774323
0.35004642934157765	0.3995780477073019	0.25037552295112064
0.35006939686717964	0.39980487852909746	0.25012572460372295
0.3502550943224694	0.3999450870410644	0.2497998186364663
0.3501500380336086	0.3994613689991971	0.2503885929671944
0.34981048372270146	0.3999109614974003	0.25027855477989835
0.35013940058095505	0.39995100134611244	0.2499095980729326
0.35000142460449624	0.3996959422468511	0.25030263314865275
0.3501872332132438	0.39977046904858365	0.25004229773817266
0.34986488302195795	0.39942536163697906	0.2507097553410631
0.34982089884118744	0.39971686016158064	0.250462240997232
0.3500044847571998	0.4000751827237402	0.2499203325190601
0.3499721701540613	0.3997958856789762	0.2502319441669626
0.3497674459715194	0.3998656537945266	0.25036690023395414
0.3499608636515774	0.3999428658939205	0.2500962704545022
0.35036667310768715	0.39992819963046244	0.24970512726185046
0.35035225907162737	0.3997392477032375	0.24990849322513528
0.3502646805103807	0.4000051457463182	0.24973017374330125
0.3503405258736393	0.3997430943201964	0.2499163798061645
0.34990962849200213	0.3997280631003848	0.25036230840761325
0.3499363909535054	0.39955646670598977	0.250507142340505
0.35026390879686103	0.3999651256565073	0.24977096554663178
0.35029370620686384	0.399723357440114	0.24998293635302227
0.34979619451945027	0.3994542056840632	0.2507495997964866
0.3501496273494855	0.3995110717672308	0.2503393008832838
0.3497377835445651	0.39982430720335616	0.25043790925207887
0.3497148194061734	0.4001140369271099	0.25017114366671683
0.3502537292275175	0.3999950471380896	0.249751223634393
0.34999539791555134	0.400006811889907	0.24999779019454177
0.3498031924152655	0.399762369090277	0.2504344384944576
0.34993845910108834	0.39968617464324896	0.2503753662556628
0.3500635605814386	0.39999314342241965	0.24994329599614187
0.3501592904030478	0.39939535263072934	0.250445356966223
0.35010460845360625	0.4000927847327179	0.2498026068136759
0.3502294578982699	0.39982771008188	0.24994283201985013
0.35038784435358294	0.39970726726018185	0.2499048883862353
0.3499444195465599	0.39991745392580036	0.25013812652763984
0.35038858019927616	0.3996155587355954	0.24999586106512858
0.34981096735724776	0.399810513538387	0.25037851910436537
0.35006413712071155	0.3995514577446008	0.25038440513468774
0.35022306334663883	0.39965100225267075	0.25012593440069053
0.3503430768438648	0.3994788065154648	0.2501781166406705
0.34996081395594036	0.40005278225650115	0.24998640378755854
0.35008545115184897	0.4000411728871203	0.24987337596103087
0.3502414810519606	0.3994691224805898	0.2502893964674497
0.3503451163545183	0.3997647048413503	0.24989017880413147
0.3497555394667998	0.3999894167713955	0.25025504376180485
0.3499286754029744	0.39995705975243745	0.25011426484458826
0.3503469714414066	0.39996671606610457	0.24968631249248896
0.3501448014821722	0.40011326021105653	0.24974193830677138
0.34999550513011574	0.39940197800268085	0.2506025168672035
0.3502334144023923	0.39944689941921363	0.25031968617839423
0.3498532802477801	0.39942798053861944	0.25071873921360055
0.3503793408849203	0.39949705240887357	0.2501236067062062
0.34981548724639355	0.39962292333944904	0.2505615894141575
0.34991191836325325	0.39946254261784886	0.250625539018898
0.34978245313454276	0.39988334749132204	0.25033419937413526
0.34974173035123085	0.40003921810027937	0.2502190515484899
0.349905372887293	0.3999024941976405	0.2501921329150666
0.35003681589121827	0.3994177988163282	0.2505453852924536
0.3498206711140513	0.3995493608451283	0.2506299680408205
0.3502761259505507	0.3998667172256376	0.24985715682381182
0.35018809407849766	0.3996441478461403	0.2501677580753622
0.35026470496169115	0.39969269265175555	0.2500426023865534
0.3501695530714722	0.3995444011303978	0.2502860457981302
0.35004782702434145	0.39961924945902055	0.2503329235166381
0.34977432219547244	0.39970282265356444	0.25052285515096323
0.34972876417460014	0.3999635732973825	0.2503076625280175
0.35029656697582184	0.39945013363678966	0.2502532993873886
0.3502366626612862	0.3994188217829315	0.2503445155557824
0.3503392324898882	0.39942285251013887	0.25023791499997305
0.3499331097480037	0.39968169024868316	0.25038520000331327
0.35012275880099253	0.39947349926280395	0.2504037419362036
0.3502653964580584	0.3997426229647355	0.2499919805772062
0.3500983010236702	0.39999385367217904	0.24990784530415092
0.3498109987297964	0.4000606539036652	0.25012834736653855
0.3497174525599489	0.4001211550923756	0.2501613923476756
0.35016084676873216	0.3996169708139604	0.25022218241730754
0.34970661383016555	0.39980237101175725	0.2504910151580773
0.3500465938643775	0.3994949506679142	0.25045845546770845
0.3500248981399647	0.3999101028325214	0.250064999027514
0.3503069258469003	0.3994368261512675	0.25025624800183227
0.3498055513152813	0.4000135967240587	0.25018085196066014
0.34973466603120873	0.40012297681591774	0.2501423571528736
0.3502172379544831	0.399631126887773	0.25015163515774397
0.350249083816145	0.39985925091274804	0.24989166527110704
0.349998213295015	0.3999747449903688	0.25002704171461637
0.3502086856358666	0.39994913395273995	0.24984218041139358
0.35002022904452773	0.39976694376556354	0.2502128271899088
0.3502326083965431	0.39991355554455477	0.24985383605890227
0.3501243932602624	0.3997343306057566	0.2501412761339811
0.3502937029353764	0.39973641087958833	0.2499698861850354
0.35013280010555603	0.39977088700389185	0.25009631289055223
0.3501103193748534	0.39998833660794647	0.24990134401720024
0.3498575234949254	0.39991977798546546	0.2502226985196093
0.3498235208783221	0.39945744037971903	0.250719038741959
0.3500192994463476	0.39984436180041594	0.25013633875323654
0.3497816285301616	0.3996326194123236	0.2505857520575149
0.3499841889362672	0.3995738430260779	0.25044196803765506
0.3499475457982918	0.39940251732629517	0.2506499368754131
0.3497482766242564	0.3995420808590244	0.25070964251671934
0.3498513336980954	0.39988279779243374	0.2502658685094709
0.3498299776895207	0.3995054834094529	0.2506645389010265
0.3500607511762986	0.39987559345615475	0.25006365536754677
0.3502705293468982	0.4000119234299496	0.24971754722315231
0.35028242881188737	0.3997828587719945	0.24993471241611823
0.3500052601160707	0.40006524864062604	0.24992949124330338
0.35021839287551587	0.39976117275730516	0.2500204343671791
0.3501791610569418	0.39994099836193064	0.24987984058112767
0.3501471743313455	0.39981626044809015	0.25003656522056444
0.34974042339058026	0.3997179513368771	0.25054162527254276
0.3501468249464696	0.40009516362958586	0.24975801142394463
0.35027514979504293	0.39949628206471866	0.2502285681402385
0.3502852007837783	0.3997844773572756	0.2499303218589462
0.3503522444234881	0.39964225937871833	0.25000549619779366
0.3503534681842536	0.3999513324129518	0.24969519940279472
0.34989345422883394	0.3998667693758469	0.2502397763953193
0.3498453674730717	0.39969241467567185	0.2504622178512566
0.34988886104593836	0.3995379131806147	0.25057322577344704
0.3498085183904092	0.3996379574039899	0.25055352420560095
0.35039000681894633	0.39953249645348843	0.25007749672756535
0.35016810734784576	0.3997004997283814	0.25013139292377295
0.35023641603996347	0.4000286718497005	0.24973491211033616
0.3502514758621706	0.39982113763181243	0.24992738650601706
0.3501321144576271	0.3998176804891575	0.2500502050532155
0.35013982596201837	0.39981397173350197	0.25004620230447977
0.35010589554669613	0.3994747983375798	0.25041930611572416
0.3502492558814966	0.3994045585363352	0.2503461855821683
0.35026100158044204	0.3996134412717346	0.2501255571478235
0.3499587123558885	0.3996918008837236	0.25034948676038804
0.35012545288515823	0.39953403056539655	0.25034051654944534
0.34985612054787524	0.3998493067243203	0.25029457272780453
0.34972631874493904	0.3995387285161882	0.2507349527388728
0.3503776242122029	0.39995814244446937	0.2496642333433278
0.350387989067667	0.3999399960106528	0.24967201492168034
0.3496976316695477	0.39991520978545747	0.25038715854499494
0.3502142921767631	0.3998786901743016	0.24990701764893541
0.35007077601494974	0.4000418083240948	0.24988741566095554
0.3498133994021123	0.40005459041574054	0.25013201018214726
0.3502359784071086	0.3999432901477067	0.24982073144518485
0.35023091171393456	0.39999491193978576	0.2497741763462798
0.34985316435596425	0.39999634030179826	0.2501504953422376
0.3503375535685119	0.3996653812244325	0.24999706520705572
0.35023367140622086	0.3997007976449536	0.25006553094882567
0.35023250681133133	0.4000527750433521	0.24971471814531665
0.3498529897012346	0.39985451194933364	0.2502924983494319
0.35005097595488344	0.3997487920665721	0.2502002319785446
0.34990424876482723	0.4000651325670212	0.2500306186681517
0.3500251902865946	0.399778746777364	0.25019606293604146
0.3503378359468431	0.3999249703565275	0.2497371936966295
0.3500904343487332	0.3997664995297114	0.2501430661215555
0.35018660716742733	0.39939006482631356	0.2504233280062592
0.3497491413562251	0.39962075061849905	0.25063010802527597
0.34977601034318473	0.39969913495817694	0.2505248546986385
0.35011085446669243	0.39978646138311447	0.2501026841501932
0.34971008428914063	0.3997409807820941	0.2505489349287654
0.34970380577830923	0.40007496915987273	0.2502212250618181
0.3499956758326952	0.39996788465073485	0.25003643951657006
0.34969790173774484	0.39963611016812983	0.25066598809412544
0.34993644399744434	0.39940225206504243	0.2506613039375134
0.35013652229082987	0.39995568965440814	0.2499077880547621
0.3502800995110143	0.3997552041811839	0.2499646963078019
0.34986181972993163	0.39987618003458064	0.25026200023548784
0.34996631406242684	0.39957102904229413	0.25046265689527913
0.35003649920592433	0.3993961645505488	0.25056733624352695
0.34984852875717615	0.3994316259920066	0.25071984525081736
0.3498176355738445	0.39984621181572727	0.2503361526104284
0.350236384507286	0.3994569444539104	0.2503066710388037
0.3502705257906683	0.3997904376378275	0.24993903657150424
0.3498425482133582	0.39968719243558193	0.25047025935106
0.3498712524308695	0.399468930051958	0.25065981751717265
0.3497736169270501	0.3994847813194665	0.2507416017534835
0.34992088849621067	0.4000693738126915	0.2500097376910979
0.3497792448660717	0.39989822974684236	0.25032252538708605
0.3500432823279067	0.3994456001548276	0.2505111175172658
0.3503541418961643	0.39968440846192405	0.24996144964191172
0.3500125655611012	0.39993239716394896	0.25005503727494993
0.3503580709360148	0.39971572082528967	0.24992620823869563
0.35024248062686353	0.39943553323435976	0.25032198613877676
0.3499621583937256	0.39985370176701573	0.2501841398392588
0.34983686641968986	0.39997102087634107	0.25019211270396924
0.3503284964566712	0.39991759089243817	0.2497539126508908
0.3497407892550053	0.39976834838783404	0.2504908623571608
0.3497468215261339	0.399765817901111	0.2504873605727552
0.3503064925238436	0.39986006319655076	0.24983344427960572
0.35022412431076094	0.3994936098456681	0.25028226584357105
0.3500668340903888	0.3995123001908265	0.2504208657187848
0.3502294867588123	0.39952589299007213	0.2502446202511157
0.3499761041990121	0.3994377150199774	0.25058618078101064
0.34998906685515996	0.3995355005454214	0.25047543259941873
0.34985987473027047	0.3996932899007497	0.25044683536897994
0.34988567627733635	0.3995706649965105	0.25054365872615325
0.35003971030560077	0.3999527184999244	0.2500075711944749
0.3498310944222483	0.4001182565229881	0.2500506490547637
0.3502278292348593	0.39945319318933464	0.2503189775758062
0.34999627858686116	0.3995162787447224	0.2504874426684166
0.3497736578407668	0.39957234340061365	0.25065399875861966
0.3503026003636708	0.3999635505700861	0.24973384906624324
0.34992165177623985	0.39962356725201	0.2504547809717503
0.35030226674219134	0.39955446699273084	0.25014326626507793
0.34982234953191904	0.39959396170167427	0.2505836887664068
0.3503067973138676	0.39967163756505114	0.2500215651210813
0.3499798779591791	0.3998440789764233	0.25017604306439767
0.3501307045095396	0.39977353283442135	0.25009576265603917
0.3498607585316401	0.3994224494883267	0.25071679198003327
0.35021436152291174	0.3996983900603591	0.25008724841672925
0.35017489297827714	0.3994961250649	0.25032898195682296
0.3500872461104189	0.39953006110169664	0.25038269278788455
0.3500000403056578	0.3995152169766517	0.2504847427176906
0.3502373439457049	0.39984411644593176	0.24991853960836347
0.3497670500470621	0.39947831630480224	0.2507546336481358
0.3499855246144021	0.39954260270549125	0.25047187268010673
0.34996225894306426	0.3999293927477552	0.25010834830918066
0.3497052519784714	0.3995633491156984	0.2507313989058303
0.3498000774131386	0.3999195245429393	0.2502803980439222
0.3500169911004088	0.3999906324246483	0.24999237647494305
0.3503597317523182	0.3998611514039121	0.2497791168437698
0.35036505143942454	0.39959549568211705	0.2500394528784585
0.3502546405296978	0.4000536457931798	0.2496917136771225
0.34994975395628414	0.39965582610503436	0.2503944199386816
0.3503231951880392	0.39953428670616614	0.2501425181057948
0.34981444066361583	0.3994958311212114	0.2506897282151729
0.35024672848904426	0.400012844833504	0.24974042667745183
0.3500863567986033	0.39973406442923914	0.2501795787721577
0.3501703639002382	0.3995194229946109	0.250310213105151
0.3500852581737826	0.3994239963755486	0.2504907454506689
0.34993213116657923	0.3999712789307188	0.25009658990270206
0.3498657154632841	0.4000479416990762	0.2500863428376398
0.3500405064068218	0.4000019581902424	0.24995753540293586
0.3503340566573003	0.3998154093516583	0.2498505339910415
0.350000888262726	0.3997798369794228	0.2502192747578513
0.3497449695751693	0.4001216823561499	0.25013334806868087
0.3501356565945362	0.39981943834632916	0.2500449050591348
0.35001430232125824	0.4001059896576661	0.24987970802107579
0.35029274089590434	0.39963510719440604	0.2500721519096898
0.35007650726619416	0.3995277385294194	0.25039575420438653
0.35015865091622955	0.3997580597446	0.25008328933917057
0.3503143494344496	0.39998122825528887	0.24970442231026163
0.3497287379969698	0.39980336414862006	0.25046789785441026
0.3499977473645787	0.39973714594153165	0.2502651066938898
0.35024169606058747	0.3999516415528574	0.24980666238655524
0.3502510856077034	0.3994283335974671	0.25032058079482966
0.35004724390538744	0.3995187888865759	0.2504339672080368
0.3499620707543094	0.3996048467908192	0.2504330824548715
0.3500189107892794	0.40010613760758335	0.24987495160313736
0.34991019161808323	0.3998957481240697	0.2501940602578472
0.3501953911266022	0.3998442435873977	0.24996036528600024
0.3501355056415855	0.4000671406233987	0.24979735373501588
0.3501675212444418	0.39991808568909515	0.24991439306646318
0.3502991661771908	0.3999854437074538	0.24971539011535554
0.34971736363159966	0.39990599995450604	0.2503766364138944
0.3501446324051929	0.39942749250227905	0.2504278750925282
0.3502664838099204	0.3998750819287745	0.24985843426130516
0.3500952466072772	0.3999704491199799	0.249934304272743
0.3499818497996629	0.3994942740545976	0.2505238761457396
0.35030855190154436	0.3996712597465748	0.25002018835188095
0.35030096568597857	0.39957250676566547	0.25012652754835607
0.34987867532819883	0.4001057233046567	0.25001560136714457
0.3503681028194293	0.3999416104953387	0.2496902866852321
0.3502487537524455	0.3995570543947902	0.25019419185276437
0.3497568499381005	0.400118242927538	0.25012490713436153
0.35022582650473977	0.3994693796215882	0.25030479387367216
0.3503453389469821	0.3998351505065856	0.2498195105464324
0.3501401128346453	0.39966319237437686	0.25019669479097795
0.3498801058243538	0.399774022326337	0.2503458718493093
0.3500269601631629	0.39946133036318604	0.25051170947365115
0.3500034930267185	0.39971169764959186	0.25028480932368974
0.35002069212727827	0.39950745987490965	0.2504718479978122
0.3502822079136757	0.3999850191963624	0.24973277288996198
0.35031129141842154	0.3996528368490533	0.2500358717325253
0.350248831506505	0.39981313701412	0.2499380314793751
0.3500397083249289	0.40005087600005385	0.24990941567501734
0.3498455776094624	0.4001269008710238	0.2500275215195139
0.35014089621547984	0.39984813524200274	0.25001096854251753
0.3496981459027858	0.39981294303736625	0.250488911059848
0.3500363625657789	0.39991118416053917	0.2500524532736821
0.3500541280972818	0.3995532522111494	0.25039261969156895
0.35025004025836187	0.39980976838545823	0.24994019135618
0.3502398670983174	0.4000834817143316	0.2496766511873511
0.35019253326864946	0.40010125479283754	0.24970621193851314
0.3499411483230598	0.3996996594984604	0.2503591921784799
0.3502620003215652	0.3998044340319435	0.24993356564649144
0.3500946867207684	0.39939565622804796	0.25050965705118383
0.3502375670597693	0.40005200140157393	0.2497104315386569
0.35018555207046614	0.4000905660355418	0.2497238818939922
0.35021160780616095	0.4000254510116863	0.24976294118215292
0.35001989885451235	0.3995224003755257	0.250457700769962
0.3499296953390486	0.3997701446646266	0.2503001599963248
0.3503364464668455	0.39968601612729004	0.2499775374058646
0.35015573175853953	0.3996184782407488	0.25022579000071177
0.34973136866040067	0.4000914043964338	0.25017722694316563
0.34982735467255577	0.3994573367656343	0.25071530856181007
0.3502444561895186	0.39962760072163317	0.25012794308884834
0.3498397885396804	0.39992712428431954	0.2502330871760002
0.3499004657131495	0.39993522081596833	0.25016431347088236
0.34987511537784166	0.4000662161954308	0.25005866842672764
0.35033819810150435	0.39977646400049827	0.2498853378979975
0.3499550949838497	0.4000060327587007	0.25003887225744975
0.34992587178884754	0.39986953084304394	0.2502045973681086
0.350171776835987	0.39964863156296293	0.2501795916010502
0.3499258125128811	0.3996422980200149	0.25043188946710415
0.3502789009310567	0.39946850162292535	0.2502525974460181
0.34978593449039674	0.39973617557633084	0.25047788993327247
0.3500584565176505	0.3995603984823273	0.2503811450000223
0.34995834289041494	0.39943022212750784	0.25061143498207733
0.3502780635772762	0.39974670633037934	0.2499752300923446
0.34984708554146604	0.3995206168568304	0.25063229760170364
0.3497580880923752	0.39966082714540224	0.25058108476222274
0.34992673849114375	0.3998294778107541	0.25024378369810224
0.35031204374573377	0.39945598908197866	0.2502319671722877
0.3497385734115352	0.39954567434827043	0.2507157522401945
0.35022808290963786	0.4001048330225697	0.24966708406779253
