0.2861098995031236	0.3715900203070077	0.3423000801898688
0.2871154936823336	0.3720657532413244	0.34081875307634213
0.2872691850265294	0.37321797758235986	0.3395128373911109
0.28514722635064454	0.37246230504063127	0.3423904686087243
0.2872434816700419	0.3721776462098873	0.34057887212007093
0.2860021563237891	0.3712036134722986	0.3427942302039124
0.28777232539004777	0.37317650777249556	0.3390511668374568
0.28589865010877225	0.373705272091514	0.34039607779971387
0.2881775833057603	0.37261593029707535	0.33920648639716444
0.28551102867966144	0.3732788284250012	0.34121014289533746
0.28753851700400623	0.37152877853628935	0.3409327044597045
0.2873589618418718	0.37102831019369326	0.3416127279644351
0.2874489974718957	0.3714906464154199	0.34106035611268454
0.2861751734948755	0.37351268854378444	0.34031213796134024
0.28728017435874736	0.37333270709038935	0.33938711855086334
0.28683265090341475	0.3736314615126722	0.33953588758391323
0.2870756416578266	0.3710386672084173	0.3418856911337562
0.28586440715416317	0.3720393350900345	0.34209625775580244
0.2864342058347673	0.37192469715656845	0.34164109700866435
0.2851597127695121	0.3723655650630328	0.3424747221674552
0.2869957307809447	0.37397317695489946	0.3390310922641559
0.28625030049425315	0.3731409289526461	0.3406087705531008
0.28614287824508794	0.37171812872584953	0.34213899302906264
0.28562720164030514	0.37256502839441763	0.34180776996527734
0.28642890579952085	0.3714574827333408	0.3421136114671385
0.28765114953805987	0.37150588874829027	0.34084296171365
0.2869967747108225	0.37125798228990603	0.34174524299927156
0.2860369785364667	0.37207467621061036	0.341888345252923
0.2877686835144737	0.37205128234258755	0.34018003414293885
0.2882965944731095	0.3724896565837932	0.33921374894309747
0.28505620922380237	0.37302488209900736	0.34191890867719044
0.28547605606790716	0.37318472911582845	0.3413392148162645
0.2872831505498883	0.3730092984439154	0.3397075510061965
0.2850775807313449	0.3728770951346261	0.3420453241340291
0.28864205892538175	0.37260723100709986	0.3387507100675185
0.28774766679423003	0.371998488521784	0.34025384468398606
0.2852751920958636	0.37378850048463264	0.34093630741950387
0.2876427819872977	0.37256972121923376	0.33978749679346865
0.2865593218139928	0.3728839254452849	0.3405567527407224
0.2875300544322041	0.37170379837306144	0.3407661471947345
0.28596798414338176	0.3735879505736851	0.3404440652829333
0.28716644928577195	0.37191658076083384	0.3409169699533944
0.28705127512516865	0.37375463441548773	0.33919409045934373
0.28822615422813536	0.37223342544829036	0.3395404203235744
0.28754720732225403	0.37143691011055685	0.3410158825671893
0.285415913467466	0.37371432052755976	0.3408697660049744
0.2861443044613409	0.37392020443987983	0.3399354910987793
0.28657823062891147	0.3708956010956758	0.3425261682754129
0.2865318605756862	0.37328286282660983	0.3401852765977041
0.28552370177901515	0.3716457728333434	0.3428305253876416
0.2863445680775828	0.37227531312047113	0.3413801188019462
0.28576217831689654	0.37292808095930724	0.34130974072379633
0.2853870588638564	0.3734690260053279	0.3411439151308158
0.2866995167852586	0.3723495681658841	0.34095091504885744
0.2859965966161326	0.3731234735742176	0.34087992980964993
0.2853529034080726	0.3736910891007123	0.34095600749121513
0.28510089017836315	0.37299585323383055	0.34190325658780635
0.28766610668186354	0.3731802461848383	0.33915364713329826
0.28586293204414603	0.3714377051943859	0.3426993627614682
0.28679606657762885	0.371555581232886	0.34164835218948525
0.2870226705794495	0.3722015625085088	0.3407757669120418
0.2870405462295011	0.37310198488758683	0.3398574688829122
0.28862256840507916	0.3717479880219514	0.3396294435729695
0.2878068845781198	0.3709310857345397	0.3412620296873406
0.28507502453438915	0.37355294919223475	0.3413720262733762
0.28706861091223473	0.3718826811219446	0.34104870796582076
0.28768729117991554	0.37296185627706385	0.3393508525430207
0.2881095929119121	0.37329151099706953	0.33859889609101845
0.28668745340788515	0.37388658024393145	0.3394259663481835
0.28805526495680434	0.37247425575379384	0.339470479289402
0.28504008645609913	0.3739247424159182	0.34103517112798276
0.2873941706277201	0.37240197507156947	0.34020385430071054
0.2877648768148402	0.3732504365716958	0.3389846866134641
0.28538759728972146	0.3732276518918058	0.34138475081847286
0.28719266761067724	0.37325065145804065	0.3395566809312822
0.2871564766958218	0.37160536191999044	0.34123816138418794
0.28709979225132193	0.3735979272409107	0.3393022805077675
0.2861840820697548	0.37374681235008905	0.34006910558015624
0.28801112688191155	0.3718571559129947	0.3401317172050939
0.28543100894648593	0.37183543085434495	0.34273356019916923
0.28671510412539314	0.37306953170691776	0.3402153641676892
0.2876265772554074	0.3730947943950152	0.33927862834957745
0.28524034279049965	0.37370426161500236	0.3410553955944981
0.2871399653484544	0.37383420042635745	0.3390258342251882
0.28555803029511373	0.37216018953818	0.3422817801667064
0.2863670417796885	0.3727398825519641	0.34089307566834753
0.2865159048917107	0.37206052010959684	0.3414235749986926
0.2866092159587947	0.3729553787533518	0.34043540528785365
0.2855955815265791	0.37309880680620316	0.34130561166721785
0.2879521739697332	0.3716871048512492	0.3403607211790177
0.2864078654246257	0.37227418809616564	0.3413179464792087
0.2865335870295975	0.3727776739612501	0.3406887390091525
0.2867289127943593	0.37087358953054744	0.34239749767509337
0.28629472177780346	0.37192790308162654	0.3417773751405701
0.2858903337868095	0.37162306092928443	0.3424866052839062
0.28766965363198554	0.3714043882306246	0.34092595813738996
0.2882033894943249	0.37165679740612384	0.3401398130995514
0.2854796650028119	0.373779061901057	0.3407412730961313
0.287407042033321	0.3710708561479578	0.3415221018187213
0.2884764089157107	0.3723524235126244	0.3391711675716651
0.28761686055211394	0.3734742657019742	0.338908873745912
0.28849714202322635	0.3710171239377262	0.3404857340390476
0.28580046811164167	0.3715782831061265	0.3426212487822319
0.28609929006851725	0.3717704986021602	0.34213021132932264
0.28544495182086965	0.37386127678091874	0.3406937713982118
0.2864287620406232	0.37311699926218334	0.3404542386971936
0.28834309275398906	0.3717229672443477	0.3399339400016633
0.2856788676762583	0.3722864830225067	0.34203464930123517
0.28753780995745715	0.37121280960450054	0.3412493804380424
0.2875956789933559	0.3715645273699006	0.3408397936367436
0.28653067980158914	0.3715174961944998	0.34195182400391116
0.2863251212166992	0.3731157546913028	0.3405591240919981
0.28707134015818425	0.37293165559460195	0.33999700424721385
0.28838357613059223	0.37189700679731164	0.33971941707209624
0.2866415894317801	0.37275186362243495	0.34060654694578507
0.28566022255999224	0.373645554079863	0.3406942233601449
0.285780351303436	0.37265735917841875	0.3415622895181454
0.28525801137371215	0.3729118689889656	0.34183011963732235
0.2857468333640629	0.3716564937682353	0.3425966728677019
0.2882498866174815	0.3720913499229732	0.3396587634595454
0.28839175239139914	0.37134614221633944	0.34026210539226154
0.28664788174284483	0.37195484142558793	0.3413972768315674
0.2871825771914992	0.3726962483402897	0.3401211744682112
0.2868046850205962	0.3719452846093162	0.3412500303700877
0.2867549088357805	0.3715680788404408	0.34167701232377884
0.28636973214568595	0.3716588839912539	0.34197138386306025
0.28550324798104104	0.3728100080654142	0.34168674395354487
0.28838592723264106	0.37190706227887516	0.33970701048848384
0.2863106942570227	0.37102464662457973	0.3426646591183977
0.2874805363093058	0.3719483683225344	0.3405710953681599
0.2871272499598157	0.37303198022578293	0.3398407698144015
0.2874395825683425	0.3709137363878529	0.3416466810438047
0.287024674679078	0.37142350390254036	0.34155182141838175
0.2863283659645066	0.3736429466605034	0.34002868737499015
0.28681705739448815	0.37272015665702474	0.3404627859484873
0.28853157672585417	0.3713508725681874	0.3401175507059585
0.28638875485446846	0.3721595488056718	0.3414516963398599
0.2876740605097687	0.3720085814470365	0.3403173580431949
0.28801448615959946	0.37152587975786017	0.3404596340825405
0.28708674808490475	0.3719865097386293	0.3409267421764661
0.2884470914406289	0.37250820371151744	0.33904470484785376
0.2870057621259572	0.3733202898356413	0.3396739480384016
0.2870195622188535	0.372811865536407	0.3401685722447396
0.28794054051747486	0.37153105088367133	0.34052840859885397
0.285452003606066	0.37363960712256866	0.34090838927136546
0.2855170018547887	0.3724038317100551	0.34207916643515635
0.2869893378410484	0.37139774655257757	0.34161291560637413
0.28737438914096697	0.37223750985876863	0.3403881010002645
0.288066376930749	0.3719966112794636	0.33993701178978747
0.2862339798657867	0.3722293102439935	0.3415367098902199
0.28772335945507477	0.3709383440692852	0.3413382964756401
0.2874677788326281	0.37196369274191404	0.340568528425458
0.28715065562158404	0.37146685960052894	0.3413824847778872
0.28860893630578527	0.37134446245401526	0.3400466012401996
0.28684181535516334	0.37111350217441796	0.3420446824704188
0.28708064486992046	0.37274234101016	0.3401770141199196
0.28805300006133455	0.37138683857078914	0.3405601613678765
0.2870345310500204	0.37262366513265643	0.34034180381732326
0.2872948171765656	0.37184373264103154	0.340861450182403
0.2881477059044548	0.37178337618781	0.34006891790773536
0.28866449870997807	0.3714531166853063	0.3398823846047158
0.2863451168157931	0.3730923802476459	0.3405625029365611
0.287100958440594	0.37117231969613096	0.34172672186327513
0.2877456946084166	0.3723095710626682	0.3399447343289153
0.2881722493812357	0.3726828782627326	0.3391448723560318
0.28664454529275457	0.3715204418024062	0.34183501290483936
0.28795360815507665	0.3730097229820904	0.3390366688628331
0.2857681304048372	0.37215473990954034	0.3420771296856226
0.2865155936382241	0.370896014348441	0.342588392013335
0.28815614752873553	0.3726431591942748	0.3392006932769898
0.2850176117587379	0.37280984707243003	0.34217254116883217
0.28847658069466375	0.3709483170415341	0.3405751022638023
0.28591404347799454	0.3723760703153267	0.34170988620667886
0.28668757416299334	0.3735312621342787	0.3397811637027281
0.28689542134255175	0.3732380274897154	0.339866551167733
0.28555826549621294	0.3736231150945452	0.34081861940924196
0.2877228257287225	0.3732382519945281	0.3390389222767495
0.2871477411236772	0.37241092534577813	0.3404413335305448
0.28699930929298817	0.3734414457422866	0.33955924496472534
0.28824767238335874	0.37217283534830736	0.339579492268334
0.28762658163057153	0.3708997246718685	0.34147369369756014
0.2878625516364424	0.37180403046096316	0.3403334179025945
0.28779305383372833	0.3735552068693673	0.3386517392969045
0.2868084263119978	0.37385729566610965	0.33933427802189264
0.2868089399737159	0.37129286030369946	0.3418981997225848
0.28672185506846537	0.3737169871784477	0.3395611577530871
0.28655778321831415	0.3731771894280033	0.3402650273536827
0.2858082829448198	0.3734445096208644	0.3407472074343159
0.28724689962109795	0.37226209431036456	0.34049100606853755
0.2863957297030079	0.373288549870182	0.3403157204268102
0.2878284606685488	0.3710701490362493	0.341101390295202
0.2874064839747818	0.3731833472407292	0.3394101687844891
0.2865638764866171	0.37270914097320373	0.3407269825401793
0.2878746173117495	0.372690763400649	0.33943461928760166
0.2863723639027541	0.3723773416758198	0.3412502944214262
0.28559176411430914	0.37286567087903494	0.34154256500665603
0.2874820924217228	0.3718716593626627	0.3406462482156146
0.2867988827485119	0.37114234540494323	0.34205877184654493
0.2857354768311071	0.3723405854140966	0.34192393775479635
0.28595323662992744	0.3722632515322635	0.3417835118378092
0.28717863146891337	0.37360873334511574	0.339212635185971
0.2864849275016992	0.3735107409862186	0.3400043315120823
0.2885000922608872	0.3719172843106277	0.3395826234284852
0.2867747287807586	0.3714918965104038	0.34173337470883763
0.28693539627482084	0.3717085188492801	0.3413560848758992
0.28692449847703017	0.37284276146908585	0.3402327400538841
0.28647034169234686	0.37336940990593714	0.3401602484017161
0.2872799252836701	0.371856297888855	0.340863776827475
0.2879048890679724	0.37164791675267866	0.340447194179349
0.28557620917295884	0.37379150628286945	0.3406322845441719
0.286057224369759	0.3712986005941738	0.34264417503606726
0.2860896489194025	0.37142831924087066	0.342482031839727
0.28578900807880553	0.3715885293432755	0.34262246257791906
0.2873738850620551	0.3739296641003435	0.33869645083760147
0.28742831926038376	0.3734903662259915	0.33908131451362483
0.2885215946142368	0.37119538248569683	0.34028302290006646
0.28757303761869646	0.3715854298661164	0.3408415325151873
0.287857852272223	0.3728833510788552	0.339258796648922
0.2886676371699915	0.37253841186695835	0.33879395096305026
0.28756028327346406	0.3730899653534122	0.3393497513731238
0.287101249909113	0.3735147107048229	0.3393840393860642
0.2876333175982372	0.37207684882622016	0.34028983357554277
0.2872806503112218	0.3716213068698558	0.34109804281892253
0.2872327916643556	0.3726468294369259	0.34012037889871855
0.2853854911365107	0.3736829382182342	0.34093157064525526
0.2867036494180305	0.37103328051537143	0.3422630700665982
0.28501090259935297	0.37383663271271717	0.3411524646879299
0.285196191394285	0.3723323080951951	0.34247150051052
0.2886969735128069	0.3718354511622963	0.33946757532489696
0.28656506347641514	0.37086619792020314	0.34256873860338183
0.28810718578347505	0.3712979818726651	0.34059483234385995
0.28535344008221	0.3722590436649456	0.3423875162528445
0.28761842243201585	0.37129994308804504	0.34108163447993917
0.28750152754271086	0.37241783341528323	0.3400806390420061
0.2851282438594981	0.3737188597404838	0.3411528964000182
0.2860553716530162	0.37165256051842815	0.34229206782855576
0.28777773485393093	0.37311235270847853	0.3391099124375906
0.2873432770570716	0.3735483959254183	0.33910832701751026
0.286911661578119	0.37239317112155834	0.3406951673003228
0.28704910854618	0.37301381430178987	0.33993707715203025
0.2886210589465213	0.37155499969082134	0.3398239413626575
0.2857996422449527	0.3732868588226274	0.34091349893242
0.2860143179064779	0.37293854057761994	0.34104714151590226
0.2875545492065085	0.3719796831487607	0.3404657676447309
0.2886704291733095	0.371946424603742	0.33938314622294863
0.28535217332137724	0.37258321334182054	0.3420646133368023
0.28799099623325686	0.37339485078827184	0.33861415297847136
0.28613332452417073	0.3729090403527553	0.3409576351230741
0.2868239159569358	0.3735907701004762	0.33958531394258806
0.28702031366193204	0.37389707965043106	0.33908260668763707
0.28527748187224616	0.3726450344219409	0.34207748370581303
0.2856675112291172	0.3723185653698865	0.3420139234009964
0.28678609594482773	0.37131093119667097	0.3419029728585014
0.2867045069941013	0.373741694638271	0.3395537983676278
0.2870810173028791	0.37296064330021383	0.33995833939690717
0.2864794492714199	0.3709144686642403	0.3426060820643399
0.28610511420534573	0.37396697090101677	0.3399279148936376
0.28566592252344347	0.37333974287521016	0.34099433460134654
0.2886054818197029	0.37111842824121066	0.3402760899390865
0.28601009191139054	0.37347274651530005	0.3405171615733096
0.285552498513039	0.37180141836739344	0.3426460831195676
0.2881091253447151	0.37299518184179836	0.33889569281348664
0.28583689561855524	0.3717957140756367	0.3423673903058081
0.28679918752407785	0.3715023664651046	0.34169844601081767
0.28745556656481724	0.37329628828465056	0.33924814515053237
0.28807519893604033	0.3723397854020102	0.3395850156619496
0.28814675131267775	0.37175117853098905	0.3401020701563333
0.2865349083288903	0.3715471871795638	0.341917904491546
0.2884795723832515	0.3728818684387826	0.338638559177966
0.2874447842233914	0.37252553004171673	0.34002968573489195
0.2876866810135328	0.373034703188794	0.3392786157976733
0.28831193023028917	0.3721509682816064	0.33953710148810456
0.2859814416662642	0.3714878293684475	0.34253072896528836
0.2876770734380999	0.37244291927559975	0.3398800072863005
0.2860368870336361	0.37196071391354013	0.3420023990528238
0.28828680674938356	0.37189338604056615	0.3398198072100504
0.2873163410210532	0.3708889530486531	0.3417947059302938
0.2883894689246719	0.37269881967622764	0.3389117113991006
0.2867048730470216	0.3735468765840573	0.3397482503689213
0.2855430476890074	0.3718233474977103	0.3426336048132825
0.28790840157254843	0.37176214634156696	0.3403294520858847
0.28839733202892903	0.3720652510361467	0.33953741693492445
0.2879984143037399	0.37215776475631407	0.3398438209399462
0.286233451220146	0.3737066085624901	0.340059940217364
0.2850449220426838	0.37247416980153436	0.34248090815578197
0.28524980654137494	0.3736095618377067	0.34114063162091846
0.28814292554005827	0.37257722355955936	0.3392798509003825
0.2853947328475023	0.37365467913281514	0.34095058801968275
0.2854989746040636	0.3736531956487298	0.34084782974720673
0.28625371124066196	0.3732562623074068	0.34049002645193127
0.2851579274907483	0.37392209698201756	0.34091997552723424
0.2869173991784448	0.3729135597246561	0.3401690410968992
0.2865945281682902	0.3726816025060506	0.34072386932565935
0.28637176427086597	0.37352049349244476	0.34010774223668944
0.28768273028336133	0.37221680946369384	0.34010046025294494
0.28680904454315437	0.3723856236330707	0.340805331823775
0.28710850033520985	0.3731577689620683	0.339733730702722
0.28551763026295013	0.37185169703935084	0.34263067269769915
0.2853989382079499	0.37315925234200803	0.3414418094500422
0.28652219209398583	0.3710074591495916	0.3424703487564227
0.28648054422369107	0.3710261233987275	0.3424933323775815
0.2852860735491543	0.37305633834968255	0.34165758810116326
0.28803597156217514	0.3709548484222508	0.3410091800155742
0.28624532535334607	0.37376319723422813	0.3399914774124259
0.28535832476051354	0.3719209462098786	0.342720729029608
0.2861902406560636	0.3715300330353062	0.34227972630863035
0.2880838147628332	0.3709666601662525	0.3409495250709144
0.2857165347821976	0.37231305029678163	0.34197041492102087
0.2878710372544043	0.37353401102949474	0.3385949517161011
0.2871798065691181	0.3729732621126507	0.3398469313182313
0.287274856551983	0.3727107327425699	0.3400144107054473
0.2883886003532247	0.37116898471445825	0.34044241493231714
0.2874402863079422	0.37273000406825213	0.3398297096238057
0.28500402686368476	0.3726671966057949	0.34232877653052046
0.2858977838200781	0.3719911536687854	0.34211106251113665
0.2862432808762682	0.37343699625739346	0.34031972286633844
0.2863485588896482	0.370969180648446	0.342682260461906
0.2876104200319507	0.3719601078004687	0.34042947216758074
0.28738500729568117	0.3713438569729365	0.34127113573138246
0.2869435694238046	0.3735925342744106	0.3394638963017849
0.2861999301007436	0.3714385439119608	0.3423615259872957
0.28686176081673287	0.3715577177321962	0.3415805214510711
0.2860699110875803	0.37283389369888204	0.3410961952135378
0.2876182194967532	0.37272148033238733	0.3396603001708596
0.28782808894256107	0.37155593904481277	0.3406159720126263
0.28857438947224384	0.37182547758974704	0.3396001329380093
0.28501343630292386	0.37358774234993686	0.34139882134713945
0.28751423064572645	0.37252056445024095	0.33996520490403265
0.28651865853824754	0.3737535775587659	0.33972776390298665
0.2880456073495171	0.37119763090562985	0.3407567617448532
0.2854598292346815	0.3719988493749346	0.34254132139038396
0.288145143234961	0.3722717118691593	0.3395831448958798
0.2882124596029656	0.37132371899508526	0.34046382140194925
0.2873642913953731	0.37138338357042194	0.34125232503420505
0.28610400020043225	0.3713001235830279	0.34259587621654
0.28760931897619596	0.3734587146640859	0.33893196635971823
0.28622042915743207	0.37285271654545815	0.3409268542971099
0.2875772508721809	0.37157703195705116	0.34084571717076806
0.2863429623867211	0.3728256788566747	0.3408313587566043
0.2870055613716717	0.373354902079454	0.3396395365488744
0.2856012069461977	0.3727243399032142	0.3416744531505882
0.2868088638072505	0.3727069400786482	0.3404841961141014
0.28666189548304777	0.3728411982632738	0.34049690625367857
0.2851823042169548	0.37205337690122375	0.3427643188818215
0.2877449111464386	0.3709106555990326	0.34134443325452896
0.28771409495398614	0.372316231670623	0.33996967337539097
0.28865219330595443	0.37233608540669993	0.3390117212873458
0.28750557247618286	0.37198763326221973	0.3405067942615975
0.2859380166559877	0.3730387621835053	0.34102322116050704
0.2870175324641045	0.37261533203057723	0.3403671355053184
0.2873346889729132	0.37398278537765706	0.3386825256494299
0.28578989414299055	0.37133689646419765	0.3428732093928119
0.28627417468159827	0.3711280467774968	0.34259777854090506
0.28778206032127984	0.3731314049426767	0.33908653473604355
0.2880003829682826	0.37302581915707006	0.33897379787464743
0.28713930756854616	0.3737080203430838	0.33915267208837013
0.2877094678067655	0.37293627022764225	0.3393542619655924
0.2859174650741514	0.3731837857594798	0.3408987491663689
0.28810628288673834	0.37325831746038074	0.33863539965288103
0.28757944473191066	0.3711918077842287	0.34122874748386073
0.2884825882226352	0.3717250045635079	0.33979240721385706
0.28652813086423673	0.372206285293153	0.3412655838426104
0.28684562708947353	0.3710864721409248	0.3420679007696018
0.28663615541142656	0.3738942577810644	0.33946958680750916
0.2868415175445442	0.373324804102679	0.33983367835277695
0.2869895558262298	0.371711581548949	0.3412988626248213
0.2882141553429379	0.3709398592941377	0.3408459853629245
0.28776287312151727	0.3709536004629499	0.341283526415533
0.28861708432262123	0.37247031808686554	0.3389125975905133
0.286049591328388	0.3738017302802908	0.3401486783913214
0.2851358765719097	0.3724897045672473	0.34237441886084313
0.2851562385746611	0.37389589678550905	0.34094786463982996
0.2862099779094314	0.37294538137060346	0.34084464071996523
0.2865914438762465	0.3715260194924087	0.3418825366313449
0.2870801122632688	0.37325979572303086	0.33966009201370045
0.28797384311642477	0.3711879575789489	0.34083819930462644
0.28661976658184507	0.3733362819514784	0.3400439514666766
0.28554679418473344	0.37185450277144516	0.34259870304382156
0.28866481593184434	0.3710019570363585	0.34033322703179725
0.28849983518032185	0.3712186091768452	0.34028155564283313
0.28587858652822185	0.3712908544911355	0.34283055898064274
0.28751584627582283	0.37294234367629064	0.33954181004788664
0.28816733877142753	0.37299698053713326	0.3388356806914393
0.28706109985094497	0.37312772906018343	0.3398111710888717
0.2871000365770243	0.3720654732291569	0.3408344901938189
0.2874301783552756	0.373195995551537	0.3393738260931875
0.2856028276479475	0.3736087064656616	0.34078846588639106
0.28727053745729764	0.37243476543186577	0.34029469711083665
0.28651064256381337	0.37295458065885373	0.340534776777333
0.28707985942902936	0.37093581977359064	0.3419843207973801
0.2882429300250406	0.3709179947728544	0.3408390752021051
0.28540382841322204	0.3734347622165152	0.34116140937026285
0.28807888745323085	0.37169171174895993	0.34022940079780933
0.28708157627963404	0.3737271728759596	0.3391912508444065
0.2875954602694428	0.3735802034994373	0.33882433623111996
0.28567579240471797	0.37390592182174515	0.340418285773537
0.2877743125170281	0.37248886995966757	0.3397368175233044
0.2866501954096974	0.37230083977245215	0.3410489648178506
0.2868492897272511	0.37330244458656203	0.339848265686187
0.28741578323131495	0.3723886104817025	0.34019560628698264
0.28643252502055616	0.37393768269928357	0.33962979228016044
0.2853948057684252	0.37362394284781936	0.34098125138375557
0.2859994057150068	0.37374358109970085	0.34025701318529245
0.2855624454256023	0.3727272457036944	0.34171030887070336
0.28677386918384257	0.37309933914292365	0.34012679167323395
0.28702945273662045	0.37205751439867335	0.34091303286470637
0.2861007674715614	0.37143138589807834	0.3424678466303604
0.2870560872380253	0.37299329777957096	0.33995061498240386
0.2864615115886741	0.37338558132009503	0.34015290709123097
0.2867953898195059	0.37383834621331324	0.33936626396718095
0.2858031769541537	0.37170559039657874	0.3424912326492677
0.2871367146890785	0.3735905411965055	0.3392727441144161
0.286458104712791	0.37107852892088267	0.34246336636632646
0.28730612031284464	0.3732102605256117	0.33948361916154385
0.2882032308543069	0.3716186114550263	0.34017815769066695
0.287950011844065	0.3718871565749961	0.34016283158093896
0.285353745642031	0.3719905796966357	0.34265567466133345
0.28738047097082525	0.371179718316254	0.34143981071292084
0.2883564214820035	0.3714172048759666	0.34022637364203
0.285784376360924	0.371682771513811	0.3425328521252651
0.28781278034892566	0.37295624664113425	0.3392309730099402
0.28602357043509524	0.3736965073487212	0.34027992221618375
0.2875025402457446	0.3720318582303059	0.3404656015239496
0.28717301316298527	0.37188004949699927	0.3409469373400156
0.2861572709415209	0.37282237990860945	0.3410203491498698
0.28660655716792477	0.3738297257603377	0.33956371707173766
0.2873787333682559	0.37090922609746013	0.34171204053428406
0.2886238204713557	0.3715999662431019	0.3397762132855426
0.2858185641364891	0.3739244662009802	0.34025696966253083
0.2875647780176909	0.3725027261293425	0.3399324958529667
0.28576473800030244	0.372371827182665	0.34186343481703263
0.2881890466739101	0.37278939726498617	0.33902155606110385
0.288633955083402	0.3721209115713461	0.3392451333452521
0.2880276907736264	0.37324463449020656	0.33872767473616716
0.2879633257167621	0.3730036914339071	0.3390329828493309
0.2864135970573862	0.37239180613866746	0.3411945968039464
0.2853510315289526	0.3721882455059767	0.3424607229650709
0.28642376241953227	0.3728953784094393	0.3406808591710285
0.2853195836280998	0.37274289620671563	0.3419375201651847
0.2867762558621544	0.37201249796709035	0.3412112461707554
0.28595842017921774	0.37127489261573726	0.3427666872050451
0.28723660794086925	0.37381753179802224	0.3389458602611087
0.28737009585794127	0.37239418443371175	0.3402357197083471
0.28812423113815294	0.3726089421910924	0.3392668266707548
0.2853217870898313	0.37208270901451546	0.34259550389565335
0.2880425185744761	0.3726266530955119	0.3393308283300121
0.2863291084903028	0.37329586977272317	0.34037502173697415
0.2880231471603345	0.3727663055552122	0.33921054728445343
0.2863970336633121	0.3720279927978353	0.3415749735388527
0.2863318809499256	0.3721667955934634	0.34150132345661116
0.28793802724454576	0.3717165671937918	0.34034540556166254
0.2882424625451596	0.3722664656764696	0.3394910717783709
0.2862378199049784	0.37224698435307757	0.34151519574194417
0.28637971974423626	0.37157424725335647	0.3420460330024073
0.2858497681398653	0.3734056608711717	0.34074457098896316
0.28542956572975237	0.3736141856619528	0.3409562486082949
0.28684431751052464	0.37304064849860846	0.340115033990867
0.28844889931212375	0.3729163781405087	0.3386347225473676
0.2857899089726086	0.37395958492029974	0.3402505061070918
0.28517482979786357	0.3727237608892241	0.3421014093129125
0.28730444400175126	0.3709332762001769	0.341762279798072
0.28759368109530886	0.3717772908131328	0.34062902809155843
0.2851477540296544	0.37355834482778844	0.3412939011425572
0.287601216017911	0.37195176184783607	0.3404470221342531
0.2873264650130891	0.3723807952241486	0.3402927397627624
0.28694598718903197	0.3728933127886911	0.340160700022277
0.2869205967724465	0.37317300851878366	0.33990639470876993
0.285952040191523	0.3714808507401964	0.34256710906828075
0.28714751964164287	0.37224595258717896	0.34060652777117834
0.2867054932362397	0.3734814819174594	0.339813024846301
0.2854566881039391	0.37309620451675973	0.3414471073793013
0.2859826685662983	0.37313577472807735	0.3408815567056245
0.2861741225019564	0.37333368148600804	0.3404921960120357
0.286087104158752	0.37162272927900775	0.3422901665622404
0.2864182618981539	0.3726645055829229	0.3409172325189233
0.286665968331553	0.3731017790820191	0.34023225258642803
0.28871042918386447	0.3724081668338263	0.3388814039823093
0.28742885518875283	0.3724871506061577	0.3400839942050896
0.2882980262852426	0.37242510819183944	0.3392768655229181
0.28783161613285624	0.3727800456372587	0.3393883382298852
0.28662190439172597	0.37344962514156704	0.33992847046670704
0.2853256554130842	0.3739541066190913	0.34072023796782464
0.28618652473773665	0.37172390948653294	0.3420895657757305
0.28645632660413095	0.371234867198359	0.34230880619751014
0.2861560280905433	0.3710292157940879	0.34281475611536893
0.2860475622389828	0.3719881057693639	0.34196433199165344
0.28802807217978466	0.3717960881822562	0.3401758396379592
0.28658443746036194	0.37334271874069735	0.3400728437989408
0.28820644295495007	0.3711568153572261	0.34063674168782393
0.28588927294195143	0.37349982355671424	0.34061090350133444
0.28696113671973467	0.37181539449876855	0.3412234687814969
0.2856567865467562	0.37329725684455933	0.3410459566086846
0.2866335646783885	0.37187993642769174	0.3414864988939199
0.28774365502179305	0.3717851095024037	0.3404712354758034
0.28699695943738085	0.371576921699741	0.3414261188628782
0.28627095579789386	0.3728197921278194	0.34090925207428685
0.28661994755894393	0.3731496264264974	0.3402304260145588
0.28560565161330737	0.37258596561811147	0.3418083827685812
0.2872999977995386	0.3737020143476324	0.33899798785282914
0.28810033948137437	0.3726852428910463	0.33921441762757937
0.2870343400160007	0.37202331394918875	0.34094234603481066
0.2864751779164202	0.3738797383854075	0.33964508369817237
0.28692744475318405	0.3733779811055434	0.33969457414127263
0.2853752149354908	0.373478476208421	0.3411463088560883
0.2872062542861737	0.37247200760318255	0.34032173811064387
0.28603559834682074	0.37236221104150957	0.3416021906116698
0.28836349430557995	0.3719982518664223	0.33963825382799784
0.2875906575916995	0.3717361225506404	0.3406732198576602
0.28752882062093776	0.37225955591967985	0.3402116234593825
0.2865765276278379	0.3725928163777197	0.3408306559944425
0.28788690832553315	0.3730002175106253	0.33911287416384167
0.28815653197316937	0.3711969424845049	0.34064652554232583
0.2855035891627306	0.3717016123349367	0.34279479850233274
0.28546386621727454	0.37211877875103805	0.3424173550316875
0.2870843809680306	0.3713908279393568	0.34152479109261275
0.2866563000511777	0.37389060931284335	0.339453090635979
0.28573291846448995	0.37374489168855207	0.3405221898469581
0.2865599002211926	0.37344169161822716	0.33999840816058036
0.28593981318747896	0.3739448181254936	0.3401153686870275
0.2885899211694883	0.3726519937237415	0.3387580851067703
0.2865145965081742	0.37335167700060523	0.3401337264912207
0.28528826309279454	0.3734196459912467	0.3412920909159589
0.28612079041224364	0.3721613783389373	0.34171783124881916
0.2871575727677051	0.37140993424482643	0.3414324929874686
0.28691676365472213	0.37109265798771834	0.34199057835755964
0.28683745951029305	0.3713469328012457	0.34181560768846136
0.28562176362730923	0.37281914803661936	0.3415590883360715
0.28512383560232557	0.37221777345445733	0.3426583909432172
0.28627853203088227	0.37390113622916255	0.33982033173995524
0.2871388736950183	0.3711497950139854	0.34171133129099646
0.2871368953516066	0.3721672736316412	0.3406958310167524
0.2880913636024782	0.3731320392062294	0.3387765971912925
0.2859900945101443	0.37219582967037945	0.34181407581947637
0.2877180904094344	0.37123457413282934	0.34104733545773636
0.2866457634081948	0.3714780781636207	0.3418761584281846
0.28579789138825346	0.37184295928417754	0.3423591493275691
0.2872007026068951	0.3715428909836551	0.3412564064094498
0.2861516260952737	0.37247048833181495	0.34137788557291143
0.2860051163248825	0.3711896977416223	0.3428051859334953
0.28521589349383725	0.3732620752245507	0.3415220312816122
0.2885010187518025	0.3708967841126494	0.3406021971355481
0.28629139473436105	0.37190457064848903	0.34180403461715003
0.2861856179112031	0.37215285587981467	0.3416615262089823
0.2867235623464536	0.3712974340313794	0.34197900362216715
0.28498204782493647	0.37295573548180944	0.3420622166932542
0.28670946613350023	0.3717714683091468	0.3415190655573531
0.28564667701413404	0.3734223037099773	0.34093101927588876
0.28617881003980916	0.3716564016506486	0.34216478830954233
0.2850484825392502	0.37393102152277624	0.3410204959379736
0.28786488982225733	0.3733020958161964	0.3388330143615464
0.28561587470483984	0.37256279670044595	0.3418213285947143
0.2857690211660623	0.37201040271178415	0.3422205761221537
0.28523209191558646	0.37207575649126345	0.3426921515931502
0.2873975742453329	0.37185951086959873	0.34074291488506847
0.28809991812230606	0.37296375472498183	0.33893632715271216
0.2878149767546908	0.37257963070101596	0.33960539254429334
0.2885015280322667	0.3725247666440131	0.33897370532372034
0.28576747838145744	0.3734693166921778	0.34076320492636486
0.2865499126835615	0.37133684069785006	0.34211324661858855
0.287483982179503	0.3723336245948771	0.34018239322562
0.2852294492175137	0.37199865856461145	0.342771892217875
0.2886703818948396	0.3722531957953875	0.339076422309773
0.2883597175820528	0.3729411412650405	0.33869914115290684
0.2871889682022049	0.37110278296982424	0.34170824882797096
0.28502068399529623	0.37335406534137067	0.34162525066333327
0.28663170122689835	0.37348933474512797	0.3398789640279738
0.28699050670897835	0.37131857267624124	0.3416909206147805
0.28646229888061253	0.3732674718350377	0.34027022928434986
0.28833456268588814	0.3711725964117083	0.3404928409024036
0.28751990899725177	0.3736516563182143	0.33882843468453405
0.2858023738830643	0.373023163262379	0.34117446285455677
0.28596893939320445	0.37125951658256706	0.3427715440242286
0.28604979301140737	0.37373405881212846	0.3402161481764643
0.28687297551520835	0.37353200055883806	0.33959502392595375
0.28697388187262124	0.3729042650524942	0.3401218530748847
0.2873998167922884	0.3729825665856033	0.33961761662210843
0.2876657133022272	0.3721422511530548	0.34019203554471805
0.2867748952381066	0.37305584826761634	0.34016925649427715
0.2876731677180044	0.372251876485665	0.34007495579633074
0.28857456633798556	0.37179778589606965	0.33962764776594484
0.2858494651900561	0.3733935601883038	0.3407569746216403
0.2882548675121065	0.37144227536172125	0.34030285712617236
0.2851713474669716	0.3738209232281549	0.3410077293048736
0.2853171987924215	0.37308542301285363	0.34159737819472497
0.2881142370384202	0.37101137804095824	0.34087438492062166
0.2877213446959321	0.3708979933329036	0.34138066197116446
0.2854156590296897	0.37280940620875375	0.3417749347615567
0.28852541280468774	0.3714733199690457	0.34000126722626667
0.28850470986505994	0.3727651959958314	0.3387300941391087
0.2862934589312093	0.3709152569793657	0.3427912840894251
0.2854126499554318	0.3738071411483745	0.3407802088961938
0.2876933903664754	0.3717188178692344	0.3405877917642903
0.28542849539517645	0.37367365637200844	0.3408978482328152
0.28830520763160844	0.3724941030741813	0.3392006892942104
0.28669536416025226	0.3725606838526433	0.3407439519871046
0.2862229115594507	0.3725275605764697	0.3412495278640797
0.28642828882531624	0.37264838933036654	0.34092332184431734
0.2857757601463327	0.3728331921747741	0.3413910476788933
0.2866203989076375	0.3719097441266071	0.3414698569657555
0.286112975702563	0.37385492268746695	0.3400321016099701
0.2878728572941473	0.37294284072937933	0.3391843019764735
0.2861230584961349	0.37346863785979445	0.34040830364407076
0.28582244516906175	0.37333575215134535	0.340841802679593
0.2871864233919544	0.37157015286710643	0.3412434237409393
0.28723499532634333	0.37343710839161987	0.3393278962820369
0.28567956234147496	0.37307821919415124	0.3412422184643739
0.2878093432660243	0.373404592969824	0.3387860637641519
0.28642813633195724	0.3738470076592967	0.33972485600874613
0.2863026949229879	0.3718853838047791	0.34181192127223314
0.28539897481310156	0.37300880121246227	0.3415922239744363
0.2864707811062215	0.3711450390210992	0.34238417987267944
0.28694891977562786	0.3716943597722341	0.3413567204521381
0.2852587876450634	0.37294390574978	0.3417973066051567
0.28680403958529455	0.3730970488163516	0.34009891159835404
0.2867400115069211	0.371582393105595	0.3416775953874841
0.28786769352345876	0.37281270380147835	0.339319602675063
0.2863594149315073	0.372108533839222	0.3415320512292708
0.28812472406447	0.3732143703005054	0.3386609056350247
0.28783808778640707	0.37252491050900827	0.3396370017045848
0.2883069077691261	0.3724277083899611	0.3392653838409129
0.28507841630403163	0.37238681767511816	0.34253476602085037
0.2872350144022626	0.3720652079566934	0.3406997776410441
0.2874061091361607	0.3721367475882851	0.3404571432755543
0.28738153996356247	0.3717136957275708	0.34090476430886685
0.2862522057550836	0.37264422946454445	0.341103564780372
0.2886456524788016	0.37256721175073043	0.33878713577046804
0.2865660724268105	0.3728202434790998	0.3406136840940898
0.28730765300559696	0.3711502743725064	0.34154207262189673
0.2880613604022358	0.3723472749324467	0.33959136466531764
0.2867726088734802	0.37235910435121666	0.34086828677530323
0.28803363042325836	0.37234070257139634	0.3396256670053454
0.2857236021126799	0.37358103652466734	0.3406953613626529
0.2859982089264401	0.3714806907490804	0.3425211003244796
0.28806357773770025	0.37235808417059024	0.3395783380917096
0.2881067247125084	0.3719340737805346	0.3399592015069571
0.28793425093266956	0.3725501313015349	0.33951561776579564
0.2874564699270384	0.3726904489530703	0.33985308111989143
0.2849998093013575	0.37318680721597686	0.34181338348266577
0.28753845018038693	0.37223976149314936	0.3402217883264639
0.2849767132585558	0.37339787654894874	0.3416254101924956
0.2886247714228153	0.37091872201038206	0.34045650656680276
0.28630553046539386	0.3739593194629307	0.33973515007167554
0.28595454633973755	0.37349715070804984	0.3405483029522127
0.28632143118162456	0.37142965597044164	0.34224891284793385
0.288663652746866	0.3725248710779102	0.33881147617522395
0.2860225204899579	0.37111414757829225	0.3428633319317499
0.2867628138153889	0.37315066578745504	0.3400865203971562
0.2880521844688407	0.3717316762429041	0.34021613928825534
0.2876079108500744	0.3731536589489816	0.3392384302009441
0.2868160156951035	0.37113490892777995	0.3420490753771167
0.2855882505658063	0.3730162223664082	0.34139552706778564
0.28549680262980426	0.3716693670182333	0.3428338303519626
0.2863705433401731	0.3724882861298248	0.3411411705300022
0.2851218185063717	0.3725068561373336	0.3423713253562949
0.2878006746435826	0.3714166899923056	0.3407826353641119
0.28870906748509495	0.37232636056271773	0.33896457195218743
0.28634305228767276	0.3725837332977822	0.34107321441454513
0.2860566356966524	0.37325533025493424	0.34068803404841347
0.2863781589963415	0.373072185963659	0.3405496550399996
0.28566034110111815	0.3720722883805698	0.34226737051831213
0.2867774179238097	0.3729330092727938	0.34028957280339667
0.28670257437779995	0.37142763152225733	0.3418697940999429
0.2853802718199721	0.3738657627847083	0.34075396539531966
0.2860588442507978	0.373055448619667	0.3408857071295353
0.2858198423724858	0.37367101610563347	0.3405091415218809
0.2854906379066555	0.3737964406938291	0.3407129213995155
0.28758838764910766	0.3735322040087667	0.33887940834212577
0.2862290929142155	0.3730056443858181	0.3407652626999665
0.28804536383691226	0.37226875413712746	0.3396858820259604
0.2878406643223421	0.3727085500945848	0.3394507855830732
0.28688671943500954	0.37107551922492105	0.3420377613400695
0.2881708954017824	0.3714342138311227	0.340394890767095
0.2884263941546247	0.37131065154473863	0.34026295430063674
0.28549290037706165	0.373635723092824	0.34087137653011446
0.2875307547809143	0.37201058342154747	0.34045866179753836
0.2864504617914194	0.37252141077519585	0.34102812743338484
0.28656346813989303	0.37227974902168426	0.3411567828384228
0.2883750287410309	0.3710089454467278	0.3406160258122415
0.2856408736892111	0.3715075484718394	0.3428515778389496
0.2869653952585115	0.37278481131722585	0.34024979342426276
0.28674888085221206	0.3731283225226315	0.34012279662515654
0.28808468642057905	0.3714257265958075	0.3404895869836136
0.2877999864918958	0.37337239707850667	0.3388276164295976
0.28683985186935373	0.3726715737840377	0.3404885743466087
0.2861992921676164	0.3734223759061652	0.3403783319262184
0.2871430040925797	0.37218910316225345	0.34066789274516696
0.2875183341744997	0.37304506214627153	0.33943660367922884
0.28706355348096335	0.3714274146142991	0.34150903190473764
