0.1477122647333976	0.049568600405076685	0.18882665850670124	0.13331992172767124	0.055728794017550765	0.06300021499768996	0.21249890790160259	0.14934463771030967
0.15075962898521714	0.04955022725279265	0.1890603357402914	0.1341540755620284	0.05613706087072129	0.06476446239044972	0.20553481961529171	0.15003938958320745
0.14812410718183305	0.04968720745848293	0.18875811191959954	0.1312970375635103	0.05477726310143334	0.06533612610600331	0.2064840161938239	0.15553613047531337
0.1439080871281792	0.04971216251495765	0.18930801223255328	0.13023838431801932	0.06008441956950819	0.06943494732231079	0.20617518642084937	0.15113880049362194
0.14302384363893067	0.04966068017577621	0.18942011317719604	0.1306936635810166	0.05739354693160731	0.07038020521711286	0.20802725416257645	0.15140069311578364
0.14479415187839503	0.04973599208867248	0.18846145956826774	0.13197115436337858	0.053057854370259186	0.07412301618775105	0.20694812171680332	0.15090824982647244
0.13735058544980466	0.0498089085237271	0.18934214558110055	0.13045303320494006	0.053960484971354056	0.0764922325057712	0.20927737634818566	0.1533152334151165
0.13591391565870486	0.04975397796516473	0.18884581637319856	0.13320017515847257	0.05492625431312807	0.0713025862900551	0.2138117047929802	0.15224556944829568
0.13857812035882972	0.04967340942356917	0.18919307722198148	0.13230636542651122	0.056091431572142414	0.07097454760297633	0.21051028592368187	0.1526727624703076
0.13623336628877858	0.049742408149395165	0.18851364483931338	0.13295352351904993	0.05787946943282114	0.06456547926066519	0.21218419684203899	0.1579279116679374
0.13669280744373272	0.04975920490799769	0.1889261645518514	0.13205353469003425	0.0576718992894365	0.0682045187355234	0.21569845836763776	0.15099341201378605
0.13175353745742693	0.049679802961963976	0.1890436234180137	0.13006758427195894	0.06047544185090167	0.06699036500717023	0.21979158183781583	0.15219806319474852
0.13893089201504966	0.04967791048507919	0.18934748489232306	0.1307773635626166	0.0578872843824646	0.06665785469740533	0.21134984127128514	0.1553713686937762
0.1434805706825863	0.04964486339277163	0.18892786561122338	0.1321467993114381	0.05892701281014129	0.06368463878414304	0.20581605610974268	0.15737219329795338
0.13894826665516588	0.04978147803877313	0.18896381477688612	0.13332941836005344	0.060919594123288595	0.0630311458858951	0.2121579709142653	0.15286831124567218
0.1360439060927172	0.04974210019282457	0.1894076177470006	0.13095950344665108	0.0603815671035033	0.06964286687599616	0.21063888959974963	0.15318354894155725
0.13924530146798855	0.04958712792923828	0.1892009624338024	0.13333905645535427	0.05675216316844711	0.07011510063430666	0.20759820212625973	0.15416208578460278
0.14640846161486457	0.04962728275054863	0.1888027066101488	0.13277624921631276	0.05332108959614745	0.06415943802550506	0.20850177922976942	0.15640299295670312
0.14901228603492375	0.04968371897355961	0.18931959840463197	0.12964256964273635	0.054234809147292604	0.06590149511840442	0.20607929821409293	0.1561262244643582
0.1486138463417942	0.049826948967664	0.18875961655796897	0.1312864143604858	0.05548104498569632	0.06331970948817861	0.20605505220079673	0.15665736709741512
0.14242456402668	0.049677296398813686	0.18857643569123267	0.13310235349776303	0.06008356481062169	0.0657483715254077	0.20981463781711954	0.15057277623236145
0.14012450166850351	0.04963052095959447	0.1889783980900509	0.13313629711377156	0.0565416373670863	0.06315115196153526	0.2110355044186745	0.1574019884207833
0.1411507157528037	0.04949423383922616	0.18834160773577718	0.13220682578645576	0.05862691154280893	0.0632841796678087	0.21246385796570605	0.15443166770941336
0.1515755216201402	0.049711907187721185	0.1889150634473516	0.1297488786913284	0.0556409060343698	0.06353998902195988	0.2071880015680474	0.15367973242908128
0.15245615409197744	0.04980042217906293	0.18873726928161555	0.13010671295102014	0.05436512581672005	0.06359354295603245	0.21073757174951888	0.1502032009740523
0.14954630464636856	0.04979972497001507	0.18855572785489005	0.13222123711097725	0.058212049971582955	0.06260250491566549	0.2094399923201793	0.14962245821032108
0.13917391706534224	0.04960162315228708	0.18940738411343286	0.13188263031202388	0.054526906701791125	0.06774545080580713	0.2098020685728896	0.15786001927642584
0.1351063862966171	0.049734475112576795	0.1891609423065207	0.13316528350559945	0.05958863939206742	0.06582283001245891	0.21535861684742386	0.15206282652673558
0.13525536341941483	0.04979188948532179	0.18891511695006466	0.13178827136424756	0.055747252601989095	0.06622066726296874	0.21464191090233514	0.15763952801365794
0.1337116088062503	0.04958915149758107	0.18922974893998018	0.1311170897345928	0.06011140772366813	0.0668477786437443	0.2108542948400661	0.1585389198141169
0.1370031442298663	0.049634417471762754	0.18909061119748488	0.13347038467762812	0.06002563125917523	0.06674644230746868	0.2107049228507357	0.1533244460058781
0.14619020390919915	0.049529987580581816	0.1891789838632675	0.12993067646620088	0.059347564383177204	0.06327942742202036	0.21221793544644374	0.1503252209291091
0.1374323172051992	0.049699928216327474	0.18836120531862985	0.1298320863322569	0.05815116035824176	0.0651188244437157	0.2171257381080393	0.1542787400175896
0.1332552825704042	0.04956413743263531	0.18903624772936922	0.12980168822634588	0.05703175236223734	0.07381914032673097	0.21789258884912566	0.1495991625031512
0.13398451177948886	0.04983874024079918	0.18871453651886874	0.1298926285884291	0.05412667899370094	0.07145192231690115	0.22170356108751663	0.15028742047429516
0.135490637077193	0.04949144579559525	0.18836573405760237	0.1326227375603259	0.05969774745771006	0.07730529136756081	0.2073938387705796	0.14963256791343282
0.1259054089822933	0.04956948754099297	0.1887328689015405	0.1309334651767855	0.057964584677408934	0.07721299252346854	0.2105388314851528	0.15914236071235727
0.12263617328766602	0.04981058797935127	0.1892976590778817	0.1331288665767463	0.05800331361450056	0.07886664600070209	0.21588920831832475	0.15236754514482712
0.13246485868626276	0.04973166963760611	0.18903066034754645	0.13353666105033268	0.05582604316041212	0.0739879382745954	0.20752612937658757	0.15789603946665667
0.13491278673266086	0.04982174098986149	0.18844054473863425	0.1311256568643544	0.05495286288182771	0.07619017252680693	0.20798506676469863	0.15657116850115554
0.13980401433420844	0.049521780373859486	0.1893116628729674	0.13358547321220662	0.05383964029604878	0.06627690973035141	0.20811689151569507	0.15954362766466257
0.14098910987273142	0.04974674738492253	0.18882391565667658	0.13128423910524725	0.054747148404511434	0.06635881393090223	0.21316488352235527	0.15488514212265303
0.13670831479515116	0.0495755935318407	0.18939997852802237	0.13343285210432224	0.05808616373095778	0.06737806987587033	0.20791449422895736	0.1575045332048778
0.14534200101654743	0.04971404739059432	0.18926266954998894	0.13136692811143605	0.05668730923637012	0.06712413639626952	0.20885886902867287	0.1516440392701205
0.1448669053092747	0.04983431650760105	0.1883138220972504	0.13148044524697203	0.05371654416204151	0.06845063336724887	0.20753941906356688	0.15579791424604433
0.14123130857151225	0.049747821490473035	0.18900827410569357	0.1342309755089471	0.05994789950586012	0.06878760133942238	0.2072417134994406	0.14980440597865075
0.14316604365615423	0.04957518768485379	0.1890694003544875	0.1325173325599519	0.052894086601772874	0.06260232513828969	0.21276784637292098	0.15740777763156882
0.13543051891230207	0.04969194521070025	0.18901739214593466	0.13119817739955597	0.0602413979806353	0.06877952031397938	0.21202754796155232	0.15361350007533986
0.132933831299557	0.04978984289041748	0.18928419616933884	0.13044135576486401	0.06018990399851551	0.06317682898179358	0.2178358480929535	0.15634819280255982
0.12778124409388553	0.04963687891862539	0.18870261637271146	0.13186061484082953	0.05810758111185517	0.06999571311410667	0.21744327653714818	0.15647207501083782
0.12704892768184167	0.04961147216664963	0.18875151997631404	0.1311574408921484	0.059106562764156864	0.07428329076000748	0.2125754733394638	0.15746531241941786
0.12334818396677324	0.04977193731887107	0.18832961911311513	0.131020106841107	0.05897560797009642	0.07863303685617445	0.21936360166842334	0.15055790626543913
0.12475176292936414	0.04953161968938227	0.18939714882398156	0.13229265707868804	0.0588126506444443	0.07751141841707232	0.21526243957126473	0.1524403028458024
0.11931736861903887	0.04954149115373427	0.18841130896090344	0.13411116563882405	0.05948099155356053	0.07539259185897303	0.2214113948790184	0.15233368733594718
0.12142771155095938	0.04973749941931932	0.18923752766824115	0.13117557685453046	0.057611366872842046	0.0782617447438992	0.22288612779154449	0.14966244509866378
0.1205247262948473	0.04959990605166455	0.18848340077563308	0.13316906422035063	0.05727444205840866	0.07281002298587774	0.2238854023634484	0.15425303524976935
0.1282744757022872	0.04949568803913203	0.18842741044213446	0.13256425296339464	0.05892545344327199	0.06887396610827783	0.21770501342417453	0.15573373987732714
0.12633978279981567	0.04980723974360188	0.18937589276327668	0.13407844139492636	0.05708956236552504	0.07070807511209001	0.2147460741177593	0.15785493170300485
0.12302410228621964	0.04962297532057089	0.1888769665699639	0.13346689381943433	0.059833769524548344	0.07698443278175256	0.21015595827324712	0.15803490142426302
0.1295485409371989	0.04966145582069015	0.18858997178346323	0.1332535533544847	0.06079441292019595	0.07166081944050588	0.20699559221089636	0.15949565353256465
0.12955222835008548	0.04962220297612652	0.1890803194233704	0.12980233397836277	0.058217173793156995	0.06966103760792305	0.21896606513535868	0.15509863873561583
0.12023438574454112	0.04947645999143181	0.18909285159081307	0.13384386948065974	0.056622041949475496	0.07720967954238309	0.2192008805857691	0.15431983111492636
0.11642768788621609	0.04956314000384039	0.18875653030188333	0.133703494737398	0.05686531625210031	0.07155264395853814	0.22496432413720197	0.1581668627228215
0.1172829253369248	0.04957513408624452	0.18852625945020351	0.1306296400996634	0.05445192420089062	0.07632613253307534	0.22362156040311904	0.15958642388987854
0.12248199734948007	0.04954823849017742	0.18925159541763792	0.13177097771643023	0.05416677741128309	0.07036858361375284	0.22556300860160886	0.1568488213996294
0.12666910429503944	0.04975904998324482	0.18912428945968499	0.13401766217982375	0.05280508777611069	0.06489773438810482	0.22421698070602175	0.15851009121196952
0.1251765782219597	0.04948105235276552	0.18919775453600307	0.13426562289560448	0.060119675127188535	0.06725740127080827	0.22474648459400415	0.149755431001666
0.12805402529465215	0.04978092547941146	0.18848716383778516	0.13258704068482366	0.055960442949341424	0.06581113261064059	0.2241595240644	0.15515974507894537
0.13323331821943227	0.049838208853095436	0.18845464453752198	0.13237171874173678	0.059306793579769174	0.06543180614300882	0.22198894283426845	0.1493745670911669
0.1335539936223973	0.0496163560169391	0.18934159029751763	0.1308164353392113	0.055159234265951027	0.0660285419382387	0.2200358745104353	0.15544797400930943
0.12949818290848544	0.04961022933344414	0.18855989538164514	0.13067982698585895	0.05365834189061493	0.06853703545476258	0.22116812719414308	0.15828836085104547
0.13507587353467265	0.04959820506978736	0.18862540750902135	0.13242246941434713	0.053499331532356795	0.06361654539520797	0.2191999879519988	0.15796217959260775
0.12795542822406755	0.04957394788580506	0.18890283597326	0.13008960604547135	0.057500829682615134	0.07182042174982184	0.21623455222319685	0.157922378215762
0.13163377868677853	0.04959849152981302	0.18886085473075773	0.13396654099009064	0.05452475353212155	0.07017600394925136	0.21959726789549452	0.15164230868569248
0.1268045754129823	0.049627176048204505	0.18896670461429993	0.1314709071752909	0.05773986787454073	0.06731691568648418	0.22139293972133625	0.15668091346686103
0.1261679492783298	0.04964070872100837	0.18895152184184	0.13360268019523822	0.05445753237783105	0.07658741263987806	0.21866848772844283	0.15192370721743145
0.127793636109797	0.049541856195002745	0.18895183979457436	0.1339734625908686	0.05886670990655381	0.07003969387490916	0.21824542015902038	0.15258738136927372
0.13280662615241312	0.04959904411593702	0.18941693075398175	0.13300082899453372	0.056310193383406495	0.06436848500597853	0.21988865836371196	0.15460923323003717
0.14160270603421965	0.049545148444536294	0.18922147206807585	0.13052371519188147	0.056385482578159535	0.0675985574167069	0.20723386906327979	0.15788904920314029
0.13226335786037616	0.049731589528490536	0.18907823155787723	0.1331000467307509	0.052879801774551594	0.070010912186067	0.215383706378714	0.15755235398317233
0.12839609888651718	0.04979717892570373	0.18920945191048255	0.13002467263935197	0.0559804084797418	0.07175051258396907	0.21865744854621205	0.15618422802802143
0.1345733630259347	0.04952583699940409	0.1894071291670077	0.1302388101977867	0.053157007880268684	0.06900526591052761	0.21660443223060497	0.15748815458846538
0.13218743599160998	0.04977460461687842	0.18898713595276023	0.13091277815295999	0.05415430997573899	0.06949111309918565	0.21876233291399788	0.1557302892968686
0.13336463057756034	0.04974173839495759	0.18829263522842224	0.13207719401317505	0.05601084717592712	0.06328900044947161	0.21877855240143193	0.15844540175905383
0.13229245971819853	0.04967438985533809	0.18919061079925759	0.12981361795790097	0.05743193423542371	0.07057128381929509	0.2197346509903994	0.15129105262418632
0.11883127313813696	0.04950426084885745	0.189414906391223	0.13210499432261305	0.056888889254038594	0.0738956111722931	0.2230559710689449	0.1563040938038927
0.11989874124025943	0.04957390918823543	0.18905664041073836	0.13068603074550345	0.05305247853866782	0.07850958431883667	0.22337219703869954	0.15585041851905906
0.12081785804520234	0.04970723629657882	0.1883316772950968	0.13392454008756574	0.05876394100055847	0.07433621625715149	0.22436724620716378	0.14975128481068234
0.12473204532756246	0.049658213249623745	0.1885819001801114	0.13285806892880764	0.06026390711967303	0.06726770309406921	0.22429932610610923	0.1523388359940431
0.13848589112630386	0.04975279655041297	0.18874382223318953	0.1312274620127513	0.05941778633629692	0.0635833561273513	0.21907458883444003	0.1497142967792539
0.13161670690623362	0.04949815156665949	0.18880476929453913	0.13192466587316978	0.060221864889550655	0.07027700800708961	0.21608372996505693	0.15157310349770053
0.131547804355544	0.04961359775281449	0.1890549100317906	0.13395932697149326	0.05467707427962107	0.07149207295246163	0.22008041098944442	0.14957480266683032
0.12545949808616585	0.049709427522342045	0.18938183007764703	0.13392780121320064	0.05778818481322387	0.07763887925631469	0.21348669135168882	0.15260768767941682
0.11979006687856601	0.04966380298029269	0.18832847460410046	0.13030998393952006	0.06083719543827071	0.07860077653571457	0.21390217815915558	0.1585675214643797
0.12424559408066768	0.049486581625036954	0.1889582718871936	0.13009365261698502	0.055711198604909834	0.07365677244731411	0.21848504346942843	0.15936288526846412
0.12944419476122943	0.04976058742244216	0.18876131937384197	0.13277995256359465	0.055659587069553915	0.07042030873453878	0.21635939845252705	0.15681465162227176
0.12289297825285353	0.049779874405460306	0.1882716249554858	0.13341050735171542	0.06072626944003988	0.0754777287636301	0.21587114859778256	0.1535698682330322
0.1271000648075694	0.049745503708146635	0.18939983096566348	0.13248841168709805	0.05740003343262165	0.07532663515035265	0.21293032696987713	0.15560919327867076
0.13069875417243063	0.04954303197752628	0.18940516712436345	0.13076816448993628	0.055553525299082585	0.07705123232895383	0.21528187325574763	0.15169825135195908
0.12884529259978686	0.04970953917399169	0.1893961373180899	0.13332833853009432	0.054207689076675364	0.07280140938988797	0.2219400737780588	0.14977152013341483
0.12604852460685487	0.04959978252575985	0.1887222213900439	0.12985192444590046	0.05741756979074966	0.07847189206298472	0.21645226017869204	0.15343582499901431
0.12914902442561327	0.049633517443134656	0.18937840784958565	0.13048401494969933	0.059770463986569544	0.0741167776678447	0.2159763187458461	0.15149147493170653
0.13022531588536607	0.04977948457522274	0.1890632880443334	0.130156199903296	0.05819173969024877	0.07678062066075068	0.21631551203486066	0.1494878392059214
0.1259253652849277	0.04963457927487351	0.18828788701699206	0.13387433979606075	0.058537519138006366	0.0715321101799038	0.2167578951234944	0.15545030418574118
0.12288880010235667	0.04949048542741713	0.18834543228457507	0.13222019053869374	0.06041597334501189	0.07884351650104457	0.21595649039085918	0.15183911141004147
0.12057784950718006	0.04980503639641322	0.1889912873439023	0.1338656203237881	0.060235703461733237	0.07142527845915415	0.21944716203785428	0.15565206246997443
0.1161740380902671	0.049693989494042856	0.18916808478011854	0.13138542499205955	0.06004464831803534	0.07640576402922694	0.22236488517554603	0.1547631651207034
0.11167530324876696	0.04965032576646916	0.18932544237287374	0.13083197768146046	0.060720188171488595	0.07733641295699865	0.22229807798490142	0.1581622718170408
0.1180194638486106	0.04951853485110182	0.18919536304060153	0.13323144037043372	0.057876283019728164	0.07327440358490567	0.22298399479900857	0.15590051648560968
0.12266355621597955	0.049710289230320906	0.18921064302704543	0.13144254832265892	0.060288129191395784	0.07591771074089185	0.21523095688956473	0.1555361663821426
0.13188648432976932	0.0498373370239521	0.18921727314832337	0.13014140190183687	0.05470769962384206	0.0712620543542094	0.21566604579674337	0.15728170382132325
0.13050516244129415	0.04967553923958923	0.18836108538948976	0.13003305249481817	0.060592586458341535	0.06414707856984968	0.2174737313257583	0.15921176408085894
0.13371004056404343	0.04959485243785129	0.18913708453646216	0.13183072536709645	0.05804806400819748	0.0644385653612376	0.21595039456345103	0.1572902731616603
0.12964507900223035	0.04967242274723667	0.18920641460228105	0.13391785959203617	0.059368796797268156	0.0645582170376862	0.2150308127366558	0.15860039748460533
0.13213935010637795	0.0494960787971281	0.1893221797269432	0.13384851828364086	0.05853343070526178	0.06668413066059875	0.2135840835666479	0.15639222815340126
0.13358239152607462	0.049796991535687535	0.1891750602448564	0.13330070721562134	0.05910197449251431	0.06699474215853032	0.21237869696867373	0.15566943585804152
0.13185614745639593	0.049751658570548515	0.18832479686457343	0.13313968321905814	0.055011320582057405	0.07079021930485063	0.21388945902212894	0.15723671498038674
0.13487603899961823	0.049792470014863935	0.18928038781440065	0.1301977461692382	0.05666896549055804	0.06365999863757127	0.21723258287321537	0.1582918100005341
0.1416514673044286	0.04979849778784434	0.18887826016133033	0.13425369307300905	0.05520254396000432	0.06632693462758198	0.2098926048950296	0.15399599819077156
0.14096038799519456	0.04981401238472505	0.18845331638929877	0.13050541442499136	0.05748096137196712	0.07568392811269423	0.2055246888586834	0.1515772904624453
0.13996604871087362	0.04948811327702404	0.1887976579289296	0.12986615847360236	0.05997950753990933	0.07347599302558191	0.2064551876562586	0.1519713333878203
0.13503313051041846	0.04962595929997124	0.1892648479185288	0.13256659144584582	0.057317015548947026	0.07685533415861845	0.20905650854963412	0.15028061256803582
0.13948672132192455	0.04964968816101563	0.18878847147030892	0.1327886649269593	0.05620221056505885	0.07611377653873852	0.2058001387975661	0.15117032821842788
0.1346532102897845	0.049768654737577814	0.18853401266209896	0.1305143976308883	0.057091744515918266	0.07582290268652778	0.21003293864117117	0.153582138836033
0.13007841346839905	0.04948393257085647	0.1885500409685312	0.13302601937788572	0.05749994690420032	0.07883920157571357	0.2131012170294208	0.14942122810499273
0.1340268006350375	0.04972823777565141	0.18850114433185028	0.13434622262910761	0.054097710157686246	0.07515901581101508	0.2137465109261889	0.1503943577334627
0.14315651213694783	0.04953905238395115	0.188382073751442	0.13255761916509412	0.05562429201611488	0.06285859077900485	0.2137901900916015	0.15409166967584345
0.14139710041587705	0.049750964557610855	0.18838571788636366	0.13072991512951207	0.05796909724770838	0.06911950146679768	0.2119274018514385	0.1507203014446916
0.13794782898062732	0.04960213496189034	0.1893032382174861	0.13410766159393023	0.054177641166314794	0.0765769186185386	0.20717063438929542	0.15111394207191695
0.13059676284506458	0.049711999013197186	0.18876865320825148	0.13137775410496416	0.05414349037815312	0.07742168844556041	0.21221043888329916	0.15576921312150963
0.1300489689603095	0.049489025864979996	0.18908529103238753	0.13180814546287278	0.055651849698044834	0.07816747901768505	0.21498162982210475	0.15076761014161533
0.12525525465301174	0.049494188679937906	0.18925176476655758	0.13053396754080482	0.05368636627147742	0.07787316886927576	0.21961002589383158	0.15429526332510296
0.12353612547840065	0.04953631469790942	0.18903673992115866	0.13151585766637602	0.059190032153183664	0.07538062569026291	0.22082392877319135	0.15098037561951708
0.12453466758716919	0.04968413242464047	0.18827353469892566	0.13431100302509014	0.05627616851471662	0.07677460343304396	0.2141534914660646	0.1559923988503492
0.12406774348558264	0.04979663201804993	0.18864299598124004	0.1330826214984519	0.0555259868112606	0.07658121967707443	0.21283898971568405	0.1594638108126562
0.12815994779183187	0.04974502937097744	0.18909651616757922	0.13007447028112806	0.058402911583288586	0.07815367739277061	0.21054684189609194	0.15582060551633203
0.1311933459967423	0.049507742095785776	0.18886407518007298	0.13229946092396438	0.05358393147606981	0.07845797724379455	0.21467046549326146	0.15142300159030853
0.13276749351666345	0.04974230541065813	0.18859422345423255	0.13006634381725496	0.0562024426794233	0.07618975806528569	0.21619510844517403	0.15024232461130768
0.13704430982290658	0.04948094298123955	0.1883518040601102	0.12976244868162	0.053102770083890485	0.0758859031842049	0.21318179595375863	0.15319002523226943
0.1427110185201449	0.04970647395427684	0.18902930596628775	0.13287658812707007	0.055731470684324366	0.06740347115021354	0.21296151689335552	0.14958015470432676
0.1400741960695841	0.04963374204500244	0.1883294395622057	0.1330162994207835	0.05643978936923351	0.07271951455039039	0.2089996717501439	0.15078734723265624
0.137768540311903	0.04981087292861214	0.189138587738034	0.1327190780426079	0.055516057059200805	0.06287237704632245	0.21406265274949837	0.15811183412382113
0.13365483766547237	0.04959984667116828	0.1885818448346986	0.1319557459944723	0.05570502536328671	0.06758166877119295	0.21387377224719067	0.15904725845251785
0.1248615239822718	0.04954689114962184	0.18827012101949198	0.1320158500325933	0.05730503456707209	0.07680394730193357	0.21633597827829554	0.15486065366871965
0.12596883994437832	0.04956284523082777	0.18933367336655318	0.13389613695836433	0.059367506530347974	0.07402899187007936	0.21743639179587973	0.1504056143035691
0.1268690383593416	0.04976730498022819	0.188302406532361	0.13245974281281025	0.05805231481309589	0.07250077129819929	0.2211640134558385	0.15088440774812506
0.12881837770808324	0.04974877687974491	0.18885038424390505	0.13276412180673383	0.053906553404852134	0.06948184468889725	0.22481858356188317	0.15161135770590023
0.12630273748211415	0.04948464966621233	0.18903867349745457	0.12959100979185711	0.05557111694495312	0.07604274173782093	0.22242711482963812	0.1515419560499494
0.12467406296167803	0.04983765382469081	0.18905360974979887	0.1314384723442852	0.05996701160212546	0.06849539298500876	0.22487437330253196	0.15165942322988066
0.12295338607242182	0.04970236860354153	0.18908353320504973	0.1341117286747044	0.05702383908233764	0.07068726476900117	0.22031399522471284	0.1561238843682307
0.11648385925920103	0.04981799090750086	0.18941007043880964	0.13368118438122897	0.054971634514586504	0.07423525844415857	0.2249540276232176	0.15644597443129665
0.10927808594990224	0.04981284920248297	0.18847962440689253	0.13388496602953076	0.05890427727466506	0.07591827831784392	0.22503118701978247	0.1586907317988998
0.11320205331137885	0.049626793698814536	0.18915387184731203	0.13294501810466808	0.06099150369583638	0.0758658032396558	0.22199549233891636	0.15621946376341775
0.11026986491174448	0.049586852879656196	0.18833960087809634	0.1328709461458241	0.05910684760996246	0.07814673714335924	0.22435746885018562	0.15732168158117138
0.1087724243541309	0.04974898076922099	0.1884369060713938	0.13432975208227677	0.05868561449575174	0.0765688052914675	0.22497530244093406	0.15848221449482403
0.11702307900106615	0.04950290365632881	0.18933687088661127	0.13389344417126223	0.05631952112559349	0.07512513985390501	0.22467638728024195	0.15412265402499087
0.12655478244690965	0.04952712749663257	0.18908614834874027	0.13216473620070626	0.059156467638856486	0.07525680906170719	0.21835180263181173	0.1499021261746356
0.131789534876732	0.049834559360426925	0.18891846458990033	0.1316307049672049	0.05518667478833064	0.07826063604301106	0.2142598493766551	0.15011957599773884
0.13907211897870297	0.04981347817416196	0.18840800847481468	0.131038868051745	0.05448835800381198	0.06705021455586754	0.21202859138197205	0.15810036237892358
0.13040193654606663	0.04958150120494531	0.1889713211785763	0.13315866709955795	0.057367654812282495	0.06799718675355751	0.21382679183458594	0.15869494057042763
0.1316279746882832	0.04957932566821095	0.18912628073276894	0.13136475217246588	0.05885182908608885	0.06274209573431264	0.21723541794148304	0.15947232397638633
0.13849271475571256	0.049542789239226476	0.18890304743061428	0.1315381039845241	0.05912333116779504	0.06470862280275766	0.2110627758755363	0.15662861474383336
0.13333617860123467	0.04947688943637829	0.18849348590003445	0.13164768414936942	0.05905576422251112	0.07169167096544526	0.211688920798635	0.15460940592639155
0.1290024897781415	0.04969937224109075	0.1891140673733621	0.13103914657350957	0.058422871522604836	0.07364330857326544	0.2112451605598704	0.15783358337815523
0.13884141491030208	0.049602917764341364	0.18861300069402723	0.13312573991124943	0.05726906468320203	0.0704106403315232	0.2061433950689584	0.15599382663639605
0.14138782086082638	0.04982807458381616	0.18841854528688184	0.13378402122383698	0.0541197595984597	0.06944278350072591	0.20992044421103573	0.1530985507344171
0.13803092864207864	0.04968344775462169	0.1890186406124757	0.13343587077077892	0.05323341188120399	0.06932007681519492	0.21149994193558833	0.15577768158805763
0.13621549943801436	0.049534690980168106	0.18840218939545886	0.1316987454167124	0.05301832250046852	0.06674173075378953	0.2205680710609303	0.15382075045445776
0.13586666592687055	0.04973525979891874	0.18906609851300282	0.12999096280337497	0.055088915318602896	0.07102850630794669	0.21223839000598294	0.15698520132530025
0.13479168616382986	0.049706913846290654	0.1890117952760202	0.13113257570868697	0.05696748294586944	0.07570550578915616	0.20859033839819133	0.15409370187195515
0.1415223867864433	0.04950767705159778	0.18878705406250568	0.12977710077786517	0.05603713865165662	0.07265226848345255	0.20641264664636316	0.1553037275401155
0.14275139547530502	0.049772884303679904	0.18827568728329525	0.13062270209506477	0.06033406856886536	0.06752811643827697	0.2090637342447848	0.15165141159072776
0.14143158310750054	0.0498173144652328	0.18933505816058327	0.13157071996242525	0.05522435223511714	0.07145137710988678	0.20561411408147331	0.15555548087778065
0.14444438975820878	0.049638314619450966	0.18942890565246273	0.1311894880565409	0.05308501201633886	0.07218270366982552	0.20702869837120508	0.15300248785596693
0.1415320859950542	0.04975480789894306	0.18889392535412403	0.13050879080011032	0.053207390051008205	0.07014055346368003	0.20890003526098666	0.15706241117609326
0.14726305545969212	0.04948890860214253	0.18833644815614392	0.12986089366931672	0.05864659588536525	0.06483541136514263	0.20699220545055103	0.15457648141164557
0.14896642440251895	0.049648909886016515	0.18842447277900923	0.13267141705061056	0.052848451501825405	0.06756006390808691	0.20587631308409832	0.1540039473878339
0.14204503915636452	0.04956618765988276	0.1884175060704023	0.1298935408158631	0.05522988288040509	0.06915201587617456	0.20605323274146045	0.15964259479944704
0.1437918398960092	0.04951039091598619	0.18929562188408755	0.13006545138209552	0.05586376096293283	0.0668167349210979	0.20824694441232725	0.1564092556254634
0.1448464792516347	0.049584841849965755	0.1888164338372583	0.13215924864713602	0.05946703808271003	0.06707453660808572	0.20646333485605253	0.1515880868671567
0.14399811662623274	0.049725802155042256	0.18870404142277242	0.13270400548583172	0.053256985738950796	0.07112690687067796	0.20636676384180624	0.15411737785868562
0.141433849589887	0.04975202968320744	0.18941527928280544	0.13115586857486736	0.05319988950340329	0.07186070033974203	0.2058494286766511	0.15733295434943612
0.13788929764747423	0.04965876480243209	0.1883656742524944	0.13327789720952016	0.055831596288224344	0.07192996398182051	0.20888027090433228	0.15416653491370175
0.13862780634689353	0.04973541792918959	0.18889639861282542	0.13188985791224017	0.05492419830234262	0.06252475562930129	0.21418933999105938	0.15921222527614776
0.13606296576890115	0.04953063206943725	0.18900656021270096	0.13427023706383528	0.05484233946535352	0.06367076887368636	0.2155039595636118	0.1571125369824735
0.1386121784487488	0.04949408664636433	0.18877209093062802	0.13064173472410648	0.053518395176545525	0.0712122248673336	0.21126009986009459	0.15648918934617848
0.1393732557295658	0.0495416402395539	0.18843358629161855	0.1314516783565719	0.05667348318087369	0.06383080301055932	0.21176932435372678	0.15892622883752983
0.1433991441284712	0.049789524961718304	0.18897347329384795	0.13052575229683552	0.057089072868253196	0.06468758942640807	0.2109625536298109	0.15457288939465463
0.14227922313497995	0.049696716940405714	0.18921382655291422	0.13204315336103528	0.0592152534980112	0.07109993378660048	0.2065163900254463	0.1499355027006066
0.14527404658978443	0.0495779338192357	0.18922835596704063	0.13419500344644578	0.05407556664744713	0.06394281944875366	0.20696293501985524	0.1567433390614372
0.1441039566010961	0.049488300148054776	0.1884987581894631	0.1322325101257347	0.05618207532003784	0.06744536917872351	0.20794413038219997	0.1541049000546898
0.14425826284589308	0.0498390344807888	0.1888734029222588	0.1320055973559557	0.056979416548851775	0.06553015218314737	0.20764306253957548	0.1548710711235288
0.14208301052954592	0.049634991458654854	0.18830498004708895	0.13108118928212992	0.055430055287974234	0.06822379500271403	0.2107454114343753	0.1544965669575165
0.15251371621293386	0.049619060798203274	0.18882137399887539	0.130310577216131	0.05382176279492293	0.06537779640200778	0.20967359551105894	0.14986211706586663
0.147180306620953	0.049804233186847194	0.18873048878849066	0.12958407400222002	0.058731647313090204	0.06431843956404174	0.20613935224363558	0.15551145828072138
0.13877146691038633	0.04965530653031043	0.18830186762977397	0.13235548146360862	0.05752301307301179	0.07090014514172333	0.21041799168889003	0.15207472756229531
0.13416564437041126	0.049686931211635296	0.1893644276916631	0.1302075321142625	0.057144252354471306	0.07674731482443664	0.20659382265369192	0.15609007477942777
0.13633952776369931	0.04964646960142144	0.1886615404972699	0.13203201216456067	0.05504585071498655	0.06518428837853249	0.21509714932398225	0.1579931615555472
0.14000622273503516	0.049650288231599796	0.1893957592006062	0.12956399287792064	0.058183649871698565	0.06770667987978725	0.20649196336800585	0.1590014438353463
0.141406345456784	0.04979338016262498	0.1889138256735784	0.13232701793729196	0.058286621659449464	0.06366334929621596	0.20690817155722652	0.1587012882568285
0.1452939815115506	0.049480700565374375	0.1892632820229963	0.13306900389736015	0.052763689272757625	0.06286642545209795	0.2077251304105435	0.15953778686731926
0.1368478534847604	0.04969011518369218	0.18852032556590376	0.13004146467669872	0.05898298158942561	0.07344237251000399	0.20722442381484607	0.15525046317466906
0.13575553543456656	0.0496256444424045	0.18915437135759508	0.13121679621355645	0.054859570457730544	0.0756354573940011	0.21047766788894182	0.1532749568112037
0.12642251980950758	0.04981679395697165	0.18836389507459778	0.12962733590512918	0.05369934998913038	0.07208403235261239	0.22439564452153998	0.15559042839051085
0.1248427249146277	0.04971171307716775	0.1893482854006916	0.13245438367249118	0.05701609728379557	0.07669054792830354	0.21830914393533013	0.15162710378759234
0.1328448547469824	0.04964123967676751	0.18930330297304876	0.12983563764341322	0.053682029516234214	0.07882255233704796	0.21012695117221264	0.1557434319342931
0.1313263835592901	0.04981243570954966	0.18919697977791605	0.13019260931929574	0.059659661808160874	0.07751336286464039	0.20567943803689293	0.15661912892425406
0.1310515682127085	0.04952135020182892	0.18885929993070827	0.13102808031098034	0.057592379792011275	0.07500662997594239	0.20757082826676887	0.15936986330905129
0.13434443276960428	0.049509030719778205	0.18905715887531274	0.13341945904633878	0.06044633410975485	0.0679026892205401	0.20887495758705005	0.1564459376716208
0.13796103791882325	0.04972454273893934	0.18897163974044867	0.13172020826307385	0.05409100742354847	0.06823214163898375	0.21253706929432026	0.15676235298186214
0.14492413160884748	0.04958680026418358	0.18835572100965156	0.13073834017803632	0.056368355643179935	0.06568847665177976	0.2065183969596856	0.1578197776846355
0.1439370398126683	0.049732766873515216	0.18845777738320427	0.13048716750730102	0.05366116980502962	0.06468785834422772	0.21078474502286243	0.15825147525119118
0.138352329417861	0.049539889287585626	0.1893733803777682	0.13082477371815182	0.05410866238182402	0.06747231808952878	0.2109907699782473	0.159337876749033
0.13337242003871133	0.04956760379325484	0.1886900876032105	0.13146873548984236	0.05500633057942615	0.0694190312919641	0.21533839978096145	0.15713739142262909
0.12404509095954742	0.04979277107268276	0.18933948687881064	0.13298671498480819	0.06052715574002594	0.07689235363512786	0.2088777881871054	0.1575386385418916
0.12996192352164135	0.04973889815879458	0.18875219151330652	0.13132275208950794	0.06091862865873279	0.07535727594915692	0.21141641845062187	0.15253191165823782
0.12458937492376454	0.049537453917551544	0.1888663718181462	0.13265846495022904	0.05869183155629766	0.07707994769777526	0.2164454056125817	0.1521311495236538
0.1284917928699331	0.049602237432380555	0.1889139950604991	0.13049933269161498	0.05566504396157625	0.07462241450265947	0.21722220089016714	0.15498298259116922
0.12443850366563261	0.0496147047802917	0.18845538259781391	0.1333021497937528	0.0556702172726011	0.07701549037090694	0.21339046973931047	0.15811308177969025
0.12841522769390723	0.0496906690062939	0.18874613656759903	0.13019056622830372	0.05882989442916521	0.07145313630691678	0.21449678564906205	0.1581775841187519
0.13709784365841413	0.049818946549347126	0.18861606156187455	0.13228512642397894	0.05754727004397718	0.06603045155739942	0.21560235742687311	0.15300194277813534
0.1351580660155571	0.04950273764654063	0.18913122468408677	0.1305332296493851	0.055403487951951866	0.07482059441051313	0.21557998413019247	0.14987067551177266
0.1356351766269658	0.049714644920405546	0.18894449307372996	0.1324952281751104	0.05640222712295492	0.0780928432049873	0.20692674296502755	0.15178864391081837
0.13405314820606257	0.049692354885275014	0.18867042884340002	0.1341648930928348	0.05715065051748741	0.06706011880234415	0.21063397465402575	0.15857443099857008
0.12054981712477447	0.04951743534417116	0.1890464049376732	0.13268081886283872	0.060576752797336625	0.07101704577685707	0.21733757704447207	0.15927414811187646
0.11844679478929145	0.04964336050872871	0.1887862813172686	0.13136126237533827	0.059850689147439184	0.07196048657091275	0.22123103171843683	0.15872009357258401
0.11519867085569152	0.0498000589416812	0.18924111510102207	0.13323846213547652	0.057753390050302986	0.07078026073648708	0.22453022529706193	0.15945781688227648
0.11496037016729369	0.04949216815566239	0.1884333017519595	0.13376911540316572	0.059786606352812854	0.07132928968510442	0.2234465600440937	0.15878258843990753
0.1337027031343443	0.04974611883086168	0.18893891283430064	0.13228652276129693	0.05568626274570801	0.06351708624248106	0.22224946772637227	0.15387292572463487
0.1377862435887392	0.04963471526228862	0.18888490095722113	0.13335490554249313	0.055780355950685936	0.06482721271235276	0.22013163673302094	0.14960002925319804
0.139993257342787	0.04977676021784121	0.18854156129487706	0.13151037246314867	0.054947298068541775	0.0642524682971519	0.21772731156665986	0.15325097074899235
0.14482646774062222	0.04974091155299579	0.1885828191971266	0.1298944680197828	0.056817449288660726	0.06479998890839345	0.20850328653975886	0.1568346087526593
0.14362606535589206	0.049724628013176495	0.18863437440188247	0.1315085668638274	0.0563034181016904	0.06361874029305789	0.21722680802513214	0.14935739894534095
0.1314379888898438	0.04976145133165524	0.18877273640272574	0.13414189318555736	0.05597236833394989	0.06468848929655001	0.21680482892839498	0.15842024363132276
0.1330505580829966	0.04961520559938133	0.1885083466756013	0.1307918747050218	0.0536605789674507	0.0743497658113256	0.22042722838598008	0.14959644177224243
0.1292700008175886	0.0495938120567027	0.18900989602842122	0.13218770410135136	0.06050541855367464	0.06646670566459092	0.22096653133908883	0.15199993143858148
0.13255513996958632	0.04975901917621621	0.1885086210562974	0.13289770672618198	0.05315783501422565	0.07033175221979576	0.22239686103105927	0.15039306480663722
0.13845117489852732	0.049829144518570664	0.18875919759661375	0.12992638997700043	0.05722793660505565	0.06731271391373428	0.2144692412181096	0.15402420127238808
0.1360538209878075	0.04954647698648752	0.1893268361727442	0.1336467008872779	0.055877894398309494	0.06993104983909873	0.21509313063728647	0.1505240900909879
0.1343177398661435	0.049641223040980814	0.18901876034101586	0.13364047582569638	0.05346073150976345	0.07147109758695463	0.21322990748727225	0.1552200643421729
0.13632531518635949	0.04966937668275179	0.18890831681998796	0.13320108172604447	0.056459659550349525	0.07423496060240511	0.2072717856954235	0.15392950373667788
0.13424703863147427	0.04973954340534051	0.188333139773106	0.1311860389953882	0.055647687926075134	0.07592324239570868	0.21076668621100264	0.15415662266190439
0.1298582923191304	0.04983491242027814	0.1883648462835672	0.13269815659758033	0.05746403988704324	0.07293817237223509	0.2101827147768805	0.1586588653432849
0.1282227983755809	0.04981938309905398	0.18875001197576102	0.13250818087338376	0.058380307335344675	0.06935572040975978	0.2142164100635663	0.15874718786754938
0.12201920153501285	0.04969226034237689	0.18870797541021833	0.13225514763772703	0.05862033081856684	0.07275912620311129	0.21873638172444246	0.15720957632854413
0.12745485613886157	0.049626982009784645	0.1888085648377263	0.13258026501922074	0.05751387188683317	0.07528050990218868	0.2178015118360589	0.1509334383693258
0.12571761245851906	0.049551270664014366	0.18866873628454456	0.13423187027298808	0.06041450209666195	0.07385700000048193	0.20855395814724687	0.15900505007554294
0.12839056477928573	0.04954067641198481	0.18898452334549598	0.13391388627953213	0.05876781087878748	0.06682739087981576	0.21760579780058464	0.15596934962451325
0.12013203385420179	0.049617575811335524	0.18925916738977908	0.1304445462331034	0.060392846345547146	0.07451464850745823	0.21737829430350405	0.15826088755507053
0.11569036521713821	0.049840106144319385	0.18928839721440002	0.1322289003663779	0.06020357916689356	0.07622378360405829	0.21754686378322047	0.15897800450359195
0.11874301125359941	0.04957258130536027	0.1892424541867417	0.13029534155890415	0.05972193455386013	0.07842490258940003	0.21738006213113215	0.1566197124210019
