0.05978172732573967	0.1393207668448853	0.09650947098903047	0.04155273694799412	0.07003912737689197	0.06962254345435734	0.0635117244001773	0.0312862544015427	0.3348586725255947	0.0935169757337864
0.047448296631651864	0.08268314926243732	0.11185630163818239	0.034071050336146935	0.07470631933368796	0.1118524916439946	0.0614201134860282	0.05331451354593021	0.3223946014756994	0.10025316264624111
0.04646999910287714	0.11290593802861398	0.180116984985483	0.029425023473615322	0.07282819652764197	0.10690855736573585	0.08329554256844467	0.033359553862061894	0.2564360958868952	0.07825410819863096
0.0559448439324408	0.1469955822981951	0.09214326829623104	0.02962353160395549	0.08164898949809765	0.0875486239160972	0.09074301080561076	0.022758038665197433	0.3267365301261573	0.06585758085801721
0.04896606252537173	0.1533781269957986	0.09571477807054968	0.03958960068766824	0.08119290570553714	0.12892158784058924	0.0723342749405439	0.04029353903301479	0.24208660511272095	0.0975225190882057
0.0648869623414357	0.15085361576549272	0.1461653054061452	0.03748340690455722	0.06910765611504507	0.11295872002176416	0.07780396270739035	0.03755536710254576	0.2276780976015762	0.07550690603404761
0.06370519036074179	0.20269655244144325	0.08156916983077614	0.03383741138780616	0.08888035442606722	0.11363119988143384	0.07242050270348338	0.038392335623980284	0.23128648817660558	0.07358079516766236
0.04282994107678088	0.11735855477223125	0.13042505350537995	0.041606318144018474	0.08796585906264494	0.10347520755811626	0.08215690270123162	0.044254571804571104	0.2655324960376703	0.0843950953373552
0.055881394476403244	0.09762583875773248	0.15029286981593196	0.031045389792063297	0.09739150479719032	0.08634958311149127	0.06610231377248436	0.02942109310706699	0.3169233150760006	0.0689666972936355
0.06074549007612319	0.08996826964301223	0.13831536054489948	0.03535890394381941	0.10042183928817393	0.11611866546138734	0.08262233072527517	0.026988244034765546	0.27772109531127276	0.07173980097127089
0.05188458332985645	0.14394770551721892	0.09704590145781923	0.024235341412761055	0.08628348700306247	0.06450121723687434	0.06877692398011655	0.0460205487531745	0.3122806450696959	0.10502364623942055
0.0644721866873934	0.0952345592241913	0.15589525664958104	0.03381746992699118	0.08739086694781184	0.09679074148487905	0.06455786623657056	0.028316721192966493	0.28100405458766486	0.09252027706195025
0.04749859269735318	0.18699445528123143	0.14038769699408282	0.026673514422865557	0.08598314352767458	0.10874930315790542	0.06928523077994256	0.04026810302326761	0.21462751011095293	0.07953245000472389
0.049592796257293945	0.21990407428176023	0.08014554522241352	0.03631905473395623	0.10101018167117977	0.08554093212249975	0.0674323807273402	0.027398434095818408	0.23984855996911975	0.09280804091861818
0.045893307109063884	0.18023778941863047	0.13813285326791372	0.029450471743203005	0.09870984618078815	0.06685968812630896	0.0619345652876167	0.031198454050733793	0.23483877435763229	0.11274425045810899
0.06735697811356559	0.15294605970112177	0.10961425705075123	0.03905769448754687	0.10407166634638074	0.10741343527115273	0.06887300629419824	0.05332030380114457	0.22897749749946383	0.0683691014346744
0.059685557177369994	0.07820714780098117	0.10762961137924813	0.04244117197584539	0.09504090754536407	0.1258564196931965	0.08792730671479279	0.05268296571452591	0.23457200960295937	0.11595690239571663
0.05834248875923182	0.17259666450934688	0.14075854097420262	0.032996237368255715	0.0832667668320339	0.08013772133950921	0.07927935249584621	0.04104653740198671	0.22802400686143237	0.08355168345815449
0.05899652578411217	0.11629310656794987	0.11462121465292394	0.03697658056290408	0.07123671642367162	0.05743896484284919	0.09131134379064129	0.04076828127748411	0.30556306154181906	0.10679420455564465
0.05988247410650367	0.1343558489988198	0.12359476432609662	0.029106854922683584	0.06964268268506578	0.09507102410057447	0.06386222165198852	0.03066533712227819	0.3282230361473513	0.06559575593863799
0.0464355582523097	0.13046183906018444	0.15955504612831511	0.028804467946108123	0.10032882682712872	0.10742700089250361	0.07337081332088378	0.02855193358318961	0.22819501295831368	0.09686950103106323
0.055981966120410925	0.13397887379337758	0.11756491440255848	0.04561847907397408	0.09380994940037587	0.07241871732634453	0.06153963505220181	0.05477745140261629	0.28448601678879204	0.07982399663934839
0.06557747220453972	0.11576021632130123	0.11303561316693342	0.04313254250058383	0.07628030545605102	0.11317763953618878	0.06455326363988381	0.04604883489969987	0.2966484381056704	0.06578567416914792
0.04284402831262492	0.10344038539100775	0.16672364251894134	0.03689028314267147	0.09035657227731446	0.0863516247791787	0.06597652101865151	0.02770153719838153	0.2859019489568209	0.09381345640440743
0.046942978044194304	0.13586794795688745	0.17124196084786944	0.03244704869897219	0.08145767472940561	0.11744513956234018	0.08242099208435041	0.03600472412314823	0.231172664234848	0.06499886971798419
0.059373834766514415	0.21699972534786918	0.10048823732369898	0.03260803622306818	0.09571046809409049	0.09139443950163842	0.0783561494145044	0.02359218576583591	0.21393519183719262	0.08754173172558735
0.04584585019742654	0.08327531617507473	0.13740916264117042	0.04486644953758513	0.08887778007525218	0.07897647348433587	0.06779792683636479	0.05524705248351359	0.30857416817228706	0.08912982039698963
0.0486865251074586	0.19546812123129803	0.08065862038501793	0.03058628951576288	0.10158702647863957	0.0673979955226886	0.06791008420007669	0.048111749476191575	0.25151337497147275	0.10808021311139333
0.0569313547222494	0.21539030245580074	0.1012671266409307	0.03372659879910021	0.07013656782474112	0.08015745637609442	0.07049605998825242	0.03938075880907965	0.22067975349797989	0.11183402088577145
0.04512229766963436	0.0832728189275825	0.12523214908592828	0.04478695340572184	0.09830289035332077	0.10579062890884333	0.08814390792613581	0.052254218349968705	0.2901664762521597	0.06692765912070472
0.04381581421602509	0.14405109417603879	0.15449138850775357	0.04064910457675028	0.0720293791606344	0.12215478855039963	0.0834870339732861	0.03721062332531494	0.2328818518017856	0.06922892171201162
0.04341247953591928	0.24687888142631403	0.09721352441743682	0.032978323411379795	0.09486790489401295	0.06763603858541861	0.06687210881672956	0.03067573154839072	0.22634063044734937	0.09312437691704886
0.04829411896121717	0.15813024768059927	0.0967739015187347	0.03815745624441972	0.07336775261654284	0.08359021588264295	0.06992601753988595	0.05445140667389011	0.2975270531437968	0.07978182973827044
0.05305298598181351	0.203668103626373	0.1408432715827005	0.024719481419287676	0.07815610684859489	0.06968558134106183	0.08393261147552017	0.031702973912348054	0.22076576297096745	0.09347312084133293
0.06744563108961683	0.0833860118205407	0.13346855231680502	0.03154891809013023	0.07778790543787115	0.0999202170660898	0.09027191355193133	0.04273549950433887	0.2689041808726309	0.10453117025004517
0.04258851088774493	0.14522184777731684	0.08375164961253792	0.036756780454405585	0.08025480980104471	0.12246795635229926	0.06227495278009014	0.02674991394608331	0.2888120630019305	0.11112151538654681
0.051754304036534	0.1875902918612791	0.13047608175743552	0.03001374239966627	0.08787360688697586	0.05783843216943246	0.06462994517170653	0.030654505572155655	0.25760235021717437	0.10156673992764029
0.0491179429805609	0.16371381090251177	0.1040367812596904	0.03842240715701325	0.0722033836514031	0.08179533059461142	0.06302509549796276	0.02415531844755961	0.3038324928119165	0.09969743669677028
0.060293719363238685	0.12265949123533382	0.14776550932852886	0.02500832569827703	0.09240924633225163	0.06831602674013143	0.08833490108636471	0.05548500870315601	0.233903232978542	0.10582453853417585
0.0637865342609535	0.20701781623527193	0.12238560573153487	0.03507338212990091	0.08384817874423002	0.06339350351586606	0.08198800591703574	0.04791555077396156	0.21651684751115058	0.07807457518009481
0.052737853312842774	0.10273301377901616	0.14806149925565584	0.040327921330299436	0.10145515261779339	0.08800054545613317	0.08364215400875157	0.05599495597537682	0.21884770000143922	0.1081992042626916
0.04729631699597357	0.14423465854886902	0.07893332673750728	0.03526654666769502	0.09280871975086304	0.10031881906603561	0.07379105835185562	0.04515858261059414	0.2885376859164864	0.09365428535412033
0.06287444951150045	0.21264849880767395	0.08055541890264675	0.026020339138578874	0.08517933890171167	0.09878720405590867	0.06913539415003714	0.04343870927413019	0.21584004073741245	0.10552060652039985
0.04865165467728826	0.15937029622923915	0.11927524308206953	0.03971655279331629	0.09733758489416476	0.07372823831242671	0.07944682920274002	0.03840741069456634	0.2523933258332039	0.09167286428098506
0.05374689127435598	0.09747796498941183	0.12140871936492567	0.02701403313315405	0.09912965407392875	0.11037908704231782	0.0691448444874249	0.026594657902288515	0.29763022762974445	0.097473920102448
0.058796279879061136	0.12503316267084105	0.15350620185357908	0.030529089223906458	0.09948630501535291	0.10938423874573083	0.08207262627772625	0.025120569310739055	0.2439809013748278	0.0720906256482354
0.04467613279869218	0.10262614749962375	0.14252626407678476	0.026755871008286913	0.10294915705920096	0.09847584652298819	0.08542456533375684	0.0313439586866794	0.25816030289654673	0.10706175411744023
0.05137042838697849	0.11516931281138962	0.1554719205640099	0.026771887128419172	0.10409035556407535	0.07224639005354602	0.0700318615339899	0.046377408977765724	0.2481772774637374	0.1102931575160884
0.045027462054810945	0.12452073105980219	0.12253851630097048	0.025577245540728932	0.07920993827386175	0.08976378131844734	0.062406855860795876	0.053852482167690854	0.28488358253879476	0.11221940488409692
0.055569637356307704	0.1904446800805259	0.09877021554490069	0.0392120161380831	0.07186046648993406	0.08296798658296865	0.08707646204132627	0.026080511978719648	0.25975844104956997	0.08825958273766402
0.04444451785250014	0.1032277691149089	0.16833964348011643	0.03638690696678419	0.09516884300939421	0.09331260618579425	0.07266544156371518	0.04292591245952473	0.2662518836520035	0.0772764757152585
0.0580341334750498	0.09193346348124669	0.08668546329414059	0.04004137609952371	0.09057614611752618	0.08441017527484108	0.087002046728608	0.054643694834887964	0.3182345476028041	0.08843895309137187
0.06158636469909315	0.1802448149547965	0.109704860625204	0.029081138670228185	0.07943881334199498	0.0928515334209395	0.06187311936008784	0.05259371003496505	0.21694308894643988	0.11568255594625089
0.058895366311620505	0.20209715669719075	0.10545641965143793	0.024426068129228526	0.08082394228403511	0.08023906403401554	0.06268293725868908	0.04768895119914351	0.2271944786509021	0.11049561578373701
0.043290550203651634	0.13406116891614242	0.09292907364716535	0.04330035357832085	0.07393909829677382	0.12858063698044792	0.06783697288281489	0.05587426448336505	0.29505705724353504	0.06513082376778301
0.054230690057764916	0.1368291929607044	0.12311423302183397	0.034060967561423364	0.10011162526526826	0.09585096872929742	0.07194475520994228	0.03711505146106496	0.2750630823987623	0.07167943333393809
0.057971727861657295	0.13038196597247398	0.17919476570872225	0.043058495546177966	0.07085193916109248	0.07985796882995812	0.06626300343789912	0.03779869635021545	0.2392367847444264	0.09538465238737696
0.05192881124265588	0.16956093480870432	0.07299313343568435	0.03753365649807736	0.0829334795091912	0.10779168031328948	0.08367866416704949	0.026548499189985558	0.27076997012553755	0.09626117070982475
0.06250810914768677	0.1206217457520421	0.10856182004755535	0.03995880633428611	0.08211886748498738	0.06970489665375479	0.06395612790483046	0.04618149103557291	0.3023837978163153	0.10400433782296878
0.06012622282651905	0.1415842752474421	0.11766655735986126	0.03099291686466636	0.08138845392510827	0.12781845794469074	0.07386425756211393	0.054028099824805394	0.2457375162540954	0.06679324219069747
0.05327662220113957	0.2180016809738719	0.1042121894589995	0.039006378098404106	0.08276624822962263	0.06698459157925543	0.06308794559893435	0.04652993640881259	0.23877798777564785	0.08735641967531203
0.05187365965158996	0.1547543695865516	0.0911559749951117	0.024748551739465996	0.0910324936618819	0.10895573366550754	0.061034910270441056	0.022833980913005106	0.31040900549485223	0.08320132002159296
0.06080190001441073	0.11101945997617632	0.13175830786992568	0.026252251500504947	0.10057869396923542	0.07934069887450755	0.06438853574107631	0.03206526998423864	0.321115520799616	0.07267936127030833
0.06462029541849074	0.1709686549140702	0.1414260029162956	0.0412414524647115	0.08577404069468816	0.07531616646896289	0.08800573431252202	0.03120184905379346	0.2248002925126909	0.07664551124377456
0.044505186296356795	0.11848393352600757	0.1360563804589684	0.035689129203480274	0.08928898987922447	0.10399260453352133	0.08160270094606618	0.023872342909054364	0.2852111299872537	0.08129760226006696
0.048860964742029424	0.18329955473679455	0.15180319040900614	0.025229752005221623	0.07662641407888268	0.06629340874787837	0.076303661766404	0.025396150324154848	0.2678265241361367	0.07836037905349164
0.047113829872644016	0.08456178466514165	0.15687699991054252	0.0407230904846775	0.0710341202462908	0.12398558357392422	0.08473323713693076	0.04022299936286514	0.2771819268331165	0.07356642791386687
0.04926993978155689	0.13156263335022084	0.07474392287411072	0.02693222722152537	0.07226978614029471	0.08643264971074034	0.06828277852242792	0.05481217940020676	0.32394160800660415	0.11175227499231229
0.06493064632053293	0.18606864079263516	0.0742991477218052	0.026196245503273846	0.09827591909759834	0.08428115369474763	0.08096590889496863	0.044265955322816575	0.23047208114267392	0.11024430150894779
0.04418047700246504	0.1569159514772585	0.1419633222881977	0.029079470383616204	0.08697113058281292	0.10531758802432419	0.06382866063564004	0.0374053048464085	0.22705618778421244	0.10728190697506444
0.044528212412300774	0.1423615416118608	0.1290383647321331	0.03847451238472979	0.07204003735447398	0.0865975550117602	0.06439934255902884	0.04431148948456336	0.26856377648416346	0.1096851679649857
0.04415188838372069	0.10244364024716877	0.13882908785447132	0.0319983014823927	0.10167486818346465	0.11827208226982674	0.06266308387656219	0.04355990132080992	0.28740821837798963	0.06899892800359342
0.05865780450848805	0.08249556957880415	0.1618414853075119	0.025783668804477092	0.09460124358834324	0.05881103389062401	0.06407271198901374	0.043161212397623584	0.33332945403751546	0.07724581589759874
0.060552500152540906	0.1019389739866621	0.16067348608028986	0.03491505080670937	0.08838484865358767	0.0862515523980129	0.08530976241823769	0.028054204650494935	0.28838353386705173	0.0655360869864128
0.06394219051560622	0.07395029621245841	0.14939935838216922	0.03405955129001713	0.10020565153046719	0.09882456636649298	0.05925778109683191	0.05408044885374228	0.25439687348603146	0.11188328226618316
0.05672298315503289	0.09543248816166337	0.17369164110749707	0.0368946322454618	0.10346896507825654	0.060020670690309426	0.07795227347449146	0.04735815599305987	0.25018743368782065	0.09827075640640691
0.05143251632039333	0.10244265950801545	0.1291032954834472	0.037181516730296835	0.08457346527823409	0.12430746574405624	0.07974618432597859	0.04053431193833111	0.25305132929805624	0.09762725537319097
0.045327851179849894	0.11856525142840289	0.16755615770955948	0.037338675251734635	0.09436526183676672	0.08148382642608462	0.08675104104165318	0.046399068844486815	0.22193882410190824	0.10027404217955356
0.0480293625768982	0.14221181628733492	0.10663155668443519	0.0337524568293172	0.07615146837444206	0.12384245020759418	0.06157093118861016	0.03916811706501551	0.2936198723215576	0.07502196846479495
0.06586081997528545	0.11368111793773449	0.08484683984128187	0.03413488579704385	0.09171889812399672	0.06615146151099419	0.07765284560151378	0.05495015614283506	0.3227601111082238	0.08824286396109081
0.0505739057888088	0.08439858209682778	0.148762043703297	0.041363396378314654	0.08083917431207528	0.10863142062396003	0.08571132352905206	0.031422593114276934	0.2947507837850703	0.07354677666831719
0.06231955593883791	0.13828387401394565	0.11079004872211234	0.03457517967433857	0.07419911088623354	0.11873618097780124	0.06875633245190751	0.03387432113338783	0.25749041249049076	0.1009749837109446
0.060213005978340194	0.22762336461844274	0.08205757098911456	0.030210239332591884	0.09367425477270032	0.10558375756846787	0.06269382803648918	0.034000532562889416	0.23701785995758223	0.06692558618338157
0.051599171742191426	0.1606295491176472	0.12729665301982632	0.043051076196897575	0.08361985520062645	0.05791464965128801	0.08470654813372401	0.05441320185526698	0.26797782876872533	0.06879146631380673
0.05281100300660569	0.19073562133739413	0.09858365999486633	0.02670280194217317	0.1013245331503181	0.0891699064422154	0.075587600831919	0.045053892246195694	0.2516557759976131	0.06837520505069944
0.06142735475502702	0.1407242557875726	0.11148733908806704	0.044546068452427215	0.07415579618267897	0.057749310584356346	0.07130463435207515	0.04131207446018905	0.283998502182735	0.11329466415487159
0.05358431370706514	0.08315564332533945	0.13912122750495792	0.03659277866170002	0.09871353042886115	0.12698449693056058	0.06546987254656969	0.049940370207469886	0.27102688150917054	0.07541088517830559
0.047514303518809885	0.18180567372561227	0.1533516432301521	0.03387039486505761	0.0850097908724155	0.06550317174136527	0.08344475165097043	0.028581196252845317	0.25255767390160244	0.06836140024116913
0.0526015758695413	0.11156853569803209	0.12838157450974236	0.042879239534479224	0.09945008740937783	0.08509982408117932	0.06462149321277902	0.03679668644922056	0.2905469423841781	0.08805404085147017
0.04380894819318808	0.14313226083636102	0.08819206930893372	0.025476748702525254	0.09566317660495316	0.07811695331398469	0.08263869675543652	0.023589693529651706	0.3226678586650308	0.09671359408993502
0.05820392260278395	0.10838345601780996	0.16263318418085926	0.04456317272475749	0.09112761090749676	0.11821669889480194	0.06473496677843542	0.033656671745252525	0.2285772623301811	0.08990305381762151
0.06680505720768268	0.19048230244683773	0.14094593367254143	0.0375800609234665	0.07115737649936565	0.060011946521054294	0.08581788018307897	0.04042323083714523	0.23202429939186614	0.07475191231696139
0.05991951461517652	0.1843106729212183	0.15907413559711073	0.027654760477327636	0.06959703896601338	0.09679763478791485	0.06089179092038552	0.046197125999325545	0.21483781982655686	0.0807195058889706
0.05189300826915062	0.17832324141774558	0.10971958085061746	0.03222015916557128	0.07366478572312599	0.06188100421316905	0.07330237734508854	0.03294028257108417	0.28164532196821	0.10441023847623726
0.048113388210449706	0.19242497734134567	0.14235704627854434	0.0352454177974347	0.08189318581414565	0.07090573296852241	0.08619710341054551	0.04010072284656081	0.2235014130218606	0.0792610123105906
0.05558514072224458	0.10516075334132699	0.15277052973206162	0.026458204726070564	0.07190975804692136	0.12187720320957576	0.08997998909343756	0.02411591373198589	0.27647540557102723	0.0756671018253484
0.06397049944551575	0.11363506124719416	0.15955644074079542	0.038896187910451116	0.0876644176575982	0.07594633232935388	0.08184087227086148	0.027383084019972706	0.25678557143959463	0.09432153293866263
0.05302311298645376	0.16184009152916173	0.1020473277800897	0.044768766376253676	0.0987110096838068	0.07214029709576242	0.06686542838456568	0.046615144194630496	0.2745512388580716	0.07943758311120416
0.06199950804485779	0.09823274688849128	0.12117970019086827	0.0327697971273406	0.08367289207142078	0.09943342045595935	0.061801489235051736	0.042337295232253165	0.28783319977723104	0.11073995097652595
0.059449076411762926	0.08823972926638589	0.15948489000219418	0.04574962279551594	0.09431619503311897	0.09338926907746062	0.06316100684475237	0.0439594016869421	0.28306207979666465	0.06918872908520236
0.04272001337295565	0.1105476037919253	0.13502704319329778	0.03451775552647447	0.09407035403975818	0.0987188887019831	0.08444808558062082	0.022991645460836888	0.3022154189435253	0.07474319138862247
0.05543748193191964	0.1380058441031413	0.10235110033154507	0.0432803854111049	0.09793025973784403	0.11081337091934551	0.07818166792665547	0.03906865022152285	0.22196475246585928	0.11296648695106191
0.047532531635709425	0.21148908574419323	0.11974173027853258	0.028572305570335577	0.07843654073179197	0.08113217081858164	0.07000212911553523	0.027368044606404754	0.24134478390680247	0.09438067759211316
0.04954924110415658	0.11878153956376553	0.13651277207265541	0.03184588674080227	0.0827155322813571	0.0752799877885118	0.0603789314153476	0.0430233422062023	0.3022800847262495	0.09963268210095189
0.047510216130348976	0.0997256779197701	0.12700496349493048	0.045092006085420855	0.1009266656899721	0.09674688768593673	0.07790258060283395	0.05100197144338195	0.24263234246351695	0.11145668848388786
0.0626941373268514	0.10846811006400307	0.15177598343097842	0.02580426357094316	0.08699326873802593	0.09107500640550403	0.06301856219978588	0.02272392071651405	0.2715038004000986	0.11594294714729544
0.05633723744443806	0.10620538073886428	0.17963198612209125	0.027747734189374262	0.09217816151788681	0.0650678122489933	0.0756055513158227	0.05047264392373524	0.24127065840194345	0.10548283409685066
0.04668951100772363	0.10780626145710182	0.16967975263771795	0.037287636195967616	0.08333037884602709	0.10622248847631531	0.0810327226149376	0.04664931350035707	0.2414645453671287	0.07983738989672323
0.05830118061253225	0.10196334874366265	0.0932323537830208	0.024303648437118547	0.08651402262141931	0.09935027353492669	0.08530685816750086	0.047439811889962186	0.31252733273278605	0.09106116947707062
0.06335423997587368	0.11024652845276293	0.1449124872430673	0.030447020720922216	0.07715337988910007	0.11192388007609716	0.06592905273366434	0.02424818853970563	0.28359554881111	0.08818967355769666
0.05038711016116775	0.15416408892186712	0.09988139771712015	0.024431132370481737	0.09117586580883857	0.10563019787670937	0.08086619564024548	0.04940307028070556	0.2645221267645879	0.07953881445827633
0.06487260370423903	0.16442419186244692	0.09435993835224937	0.02812034185694233	0.07888222989347798	0.10934857038361993	0.06622445509986932	0.051827211815769526	0.26479052397108244	0.07714993306030316
0.06166288777633853	0.11981039527198097	0.13642082437149422	0.04573642720216109	0.08080448321579337	0.064140422738862	0.07331373877712641	0.038616933822837735	0.2978848901916191	0.08160899663178657
0.059139117864628596	0.11285426617870857	0.10813538785009442	0.032518864824537114	0.07315127947058327	0.11795682142077024	0.06552882772677214	0.03122102256086505	0.2864427094875318	0.11305170261550883
0.05915622691339705	0.08287663062742809	0.13825425791223375	0.042591124140178314	0.09438179108518499	0.10540497385027067	0.0786748834603761	0.04310452704096209	0.2581479264538119	0.09740765851615701
0.044579887870986545	0.08150600787517681	0.17869037029564	0.026582149141378908	0.09080950391578234	0.08555492279483481	0.06927016547516682	0.05347298839713213	0.3012046324476591	0.06832937178624252
0.05015698789293829	0.10436710097668861	0.14135469512121931	0.031464182144842465	0.0705830287582255	0.09238285436635255	0.08346111354157422	0.04440069557750117	0.3073114497020809	0.07451789191857697
0.05743148943062575	0.10647235558998584	0.10674055704801175	0.030094989236663205	0.09847196966988118	0.07125436475945149	0.07685758784090946	0.03140591713777377	0.3319376665923912	0.08933310269430628
0.04838776266816691	0.1301308232121362	0.11894423940906346	0.026744134577473183	0.10420852617018847	0.08104311986784399	0.07150310671636079	0.03567315264217408	0.3065475485712962	0.07681758616529681
0.045936794870841305	0.07432231318278058	0.14738223074320508	0.030562995613724317	0.09294703516639319	0.10679882225822662	0.08267992244721283	0.038354309536743555	0.2974156089814988	0.08359996719937374
0.05397491021032803	0.08752693507175976	0.14615611203642226	0.02615102510476855	0.08289169753973463	0.1183231949850234	0.06319584459699727	0.03263796446700046	0.306761003916662	0.08238131207130359
0.04510052241537048	0.09869370223040967	0.10423552223583539	0.027939571003299038	0.10257859825478566	0.0741861226469575	0.08439957070592324	0.04901030745633525	0.29843971715928763	0.11541636589179614
0.05252553241659446	0.1466904186795493	0.12567082785109368	0.031179821111818037	0.10249400734523831	0.07429806789205373	0.07013188131249512	0.025810719047355782	0.25755277719741526	0.11364594714638633
0.06478973137058268	0.14328117070483276	0.08515540117549929	0.04329582781727558	0.07246097416769941	0.06429753665866261	0.07922503582965845	0.026255893522258725	0.3082119565990638	0.11302647215446668
0.044156903409212606	0.17294723216877766	0.09292220828134418	0.032750261922027055	0.07121724977262127	0.10556563270125424	0.06944736699477497	0.03795416294516615	0.25997629928230725	0.11306268252251457
0.05746334061492689	0.12270751424415409	0.07411040312770467	0.03667358846724145	0.07993245826122827	0.06751290305905436	0.0842200480614789	0.03579649298742163	0.32564406578330707	0.11593918539348266
0.04826731869664544	0.1319979620428879	0.0888972820444463	0.04427797206783771	0.09546885569703338	0.10865190082954995	0.077714935466586	0.024645393774223923	0.28819910102351315	0.09187927835727623
0.046057556590964964	0.22377974130595538	0.07697410746237333	0.03944652523891873	0.08794935505409959	0.0737419877185653	0.0773265882985809	0.05210545145647753	0.22570742750997125	0.096911259364093
0.06042824848732254	0.08319297684776635	0.08399650144989472	0.029252361305241947	0.09728633537969707	0.11437786721630262	0.0876451565379974	0.034466530076300836	0.3024722711956387	0.10688175150383776
0.0466181516112219	0.14818839245760518	0.10672598988682125	0.04065901317120748	0.06957495480862881	0.07796357506237048	0.07793523107698987	0.05164911276749417	0.29174211091006974	0.08894346824759111
0.056494060224154215	0.15022254704032367	0.18086364808956124	0.03454259828919516	0.08328393380088558	0.0794925132552979	0.08784102412074567	0.03543986128014896	0.2157585293631191	0.07606128453656855
0.04304911167524178	0.10638290924012614	0.17152511523389224	0.04191320024356549	0.10191622851650872	0.10365305174499871	0.07842088866912428	0.05598345521458003	0.21620336163178128	0.08095267783018131
0.04632302601041498	0.14034417368495883	0.1601983691505704	0.03800939557609002	0.08612530873147356	0.06934439938201764	0.08886659199712081	0.02656323024072471	0.26052245160086007	0.08370305362576899
0.045666139897709845	0.09705993264696697	0.09877487279708021	0.04467844843879662	0.0826584923893272	0.0971767358137506	0.07487545022109238	0.04596772790136341	0.31395845490659086	0.09918374498732198
0.06079495929194928	0.12328132481528395	0.10449135446267786	0.03974418768912939	0.09355348908688524	0.09948696794634208	0.0704783476495936	0.04402916714455318	0.28743029948619964	0.07670990242738573
0.04403793090141959	0.17581842409157078	0.14263655595279434	0.028864666927189503	0.10013051082255499	0.07370698576811976	0.0897616145842796	0.03235390464354777	0.24416385974630295	0.06852554656222073
0.058317832720934056	0.21062100775576093	0.14260304017443398	0.032055223941258065	0.07818397683790272	0.08238949717296778	0.06677046116302299	0.04269142199689382	0.21321260622013422	0.07315493201669146
0.054524203021176505	0.12812535294291763	0.08982203413461817	0.04064514498055696	0.07738552105736766	0.06554310611066258	0.07668549456779516	0.048210129617822485	0.31383409074675894	0.10522492282032389
0.04859599835468313	0.09299076596223532	0.16286106385785354	0.038860358656574334	0.09050642426981556	0.1094563757419644	0.08615063677750953	0.024535701004173946	0.24486775426928603	0.10117492110590427
0.0425293751194244	0.08759446681359509	0.16936313609243978	0.041017053425478504	0.10185396794727962	0.10449720384008979	0.07953322286046599	0.035932542438602874	0.25940839164994	0.07827063981268392
0.05021204505795907	0.17528052663238303	0.0986445155830399	0.044866229874439494	0.0904846549506322	0.09818407067295572	0.05827968831958626	0.04112342502048771	0.24324652306723604	0.09967832082128054
0.06062095949918785	0.14054563944262094	0.08085094859991795	0.03514916341381269	0.08976238452320562	0.08559880399429652	0.08530891334285773	0.04842399691955605	0.27559266771621727	0.09814652254832738
0.057027715824689344	0.17254051052521155	0.1347236590954602	0.03495399454015942	0.07309913491321586	0.06387876883349486	0.07255944638183949	0.04241035076251764	0.2742308690271548	0.07457555009625674
0.04748157224904767	0.178893748512051	0.15793218990716	0.03071788657489974	0.07394272690379336	0.05670984192032819	0.08632898938944125	0.04362560802173661	0.212892837746667	0.11147459877487512
0.06457117605254659	0.11771740777122738	0.1266211704457007	0.028337710020734624	0.08263101824980998	0.12397731643810996	0.06302504992534858	0.03082793161506972	0.2638189278456157	0.09847229163583673
0.04372137806717108	0.09334009102844083	0.13356266864871064	0.028348451093572674	0.07538253529035248	0.11785008695374483	0.08039350635413565	0.03248344953485023	0.32307769680317716	0.07184013622584448
0.044095238267509745	0.13668022177760644	0.10415090167591229	0.044271101410512055	0.08438641388247191	0.07366653312061344	0.0876614797181462	0.044815088710076216	0.2854588539989134	0.0948141674382383
0.045782097850061494	0.21215013622376	0.07315180670502561	0.025468762312559776	0.08487734463620762	0.11594952512715301	0.07775088895179265	0.02787967892325681	0.22328977798386046	0.11369998128632258
0.06132933768644645	0.11674584725302674	0.099254562231177	0.026093289349286175	0.07501318454879025	0.11021448219605341	0.06030985656665485	0.054914475189002734	0.32359840992857436	0.07252655505098801
0.06580851627837013	0.11517373363186854	0.12211922579183315	0.036487859233050327	0.07426277091774139	0.07432422433968736	0.0836523986963559	0.033766269954105504	0.31880140984820354	0.07560359130878416
0.049788261433293075	0.07280129601141282	0.08880389081526234	0.04553116177187946	0.09050955749044076	0.08861049378437699	0.08172038730622547	0.055575944232489356	0.3208094694221367	0.10584953773248305
0.05210915625423904	0.17733971632572237	0.09254635912518261	0.04318793084541592	0.10139004275109587	0.09968323456745005	0.08892216664116223	0.03507277987602814	0.23047170749826607	0.07927690611543774
0.05753455415322697	0.08555197489548753	0.1544013237801119	0.0326039362875489	0.0706092057621518	0.11562994508086943	0.07653386180012382	0.04015436416727404	0.2874173274963711	0.07956350657683448
0.06618132803356389	0.07527915610428824	0.1169381164716263	0.045871795497095184	0.08108140055090571	0.0740063257675131	0.06208028021889051	0.03968236006354982	0.32949734838982114	0.10938188890274614
0.06673206484694848	0.14774980177302455	0.09137446601158317	0.0365719422253233	0.08115666491574	0.11647351385637078	0.07419045181473934	0.041436017802765304	0.24834175878156584	0.09597331797193925
0.06528384584187327	0.1010883982629295	0.1252082107250785	0.03413565272484026	0.09497022105553528	0.11026414045618547	0.07358057719120137	0.04393082760787625	0.25635313202792986	0.09518499410655021
0.0530645211677109	0.1041136837467693	0.10574718696732112	0.036750577896978595	0.07662304394769359	0.10295426613744675	0.06766960655546662	0.04120348010996605	0.32528673219546794	0.08658690127517914
0.0474519149357148	0.12027347411383522	0.12272159166717463	0.041149628209532406	0.08376093263702965	0.0837194226918215	0.07088036535900617	0.044034739651720986	0.29192473081616205	0.09408319991800256
0.06341589034078243	0.090012234402333	0.10855395299396461	0.03754037668535085	0.09895151008107694	0.11471156107496441	0.08466672225792692	0.04183724980385673	0.2581386189300632	0.1021718834296809
0.06535267313624418	0.16733637261437428	0.10922169158774792	0.042947342039007526	0.10135334569348642	0.07357549001151101	0.058899599949329924	0.03891722643274643	0.2574080087856499	0.08498824974990239
0.05732642607411947	0.16029682511452015	0.12767969282691288	0.02720156334479601	0.07000551615380168	0.09724491079076716	0.08912643005594358	0.03411424705519624	0.2538909746907406	0.0831134138932022
0.047666017952280336	0.1928888606005154	0.0751302193973873	0.043206410331511076	0.08562805946258228	0.08119812295064216	0.07236782442528596	0.04287634108069981	0.26629028286748213	0.0927478609316135
0.053916397569537935	0.18359662918876246	0.09756787690323945	0.024612056858206166	0.07920577587685278	0.10864026983154228	0.09127793421399089	0.040094562688696364	0.24293895703579343	0.07814953983337819
0.04833096454362319	0.15292453467384673	0.08877767324512433	0.03465502282832958	0.08182867620398697	0.08646099988011562	0.07885360389062662	0.03945719436303826	0.2979685503560703	0.09074278001523839
0.05832626128671495	0.12554892834557235	0.15055959480243697	0.03818619226101205	0.08442977376951422	0.06206378635467692	0.060059724428528014	0.029861237649536687	0.2798145962220831	0.11114990487992477
0.04680727480731383	0.14306387947927582	0.16012354309457927	0.040632937869859546	0.09643646258215229	0.06178828684372959	0.07855391378109663	0.025274392548567767	0.2563055281166586	0.09101378087676669
0.04789543974473184	0.16076782794173483	0.15481592548997652	0.02879942114731704	0.08346721213259269	0.09256934154503246	0.06942303968174732	0.03552692087876573	0.25200921186535846	0.07472565957274313
0.05243632866917315	0.09503910819603831	0.15805064585012418	0.04533609926941207	0.09595017096945016	0.10124070384787014	0.08182530809903428	0.031138238830932613	0.2700543643650321	0.06892903190293298
0.06026407177252038	0.18364963961830666	0.11129846778059863	0.037596913704320084	0.07750055176929956	0.09191397837546048	0.06350335551130512	0.0266124613894229	0.2780614930524571	0.06959906702630912
0.04389484361243418	0.13543309174833065	0.15162882549177836	0.046136251843656946	0.0858229565676554	0.07007377907215553	0.06041912434765469	0.05512137282244596	0.28574282531599177	0.06572692917789649
0.04372311853740761	0.2104742517062162	0.08651414536073876	0.037331907378462426	0.0700094292443251	0.0840011609750775	0.059640535526655554	0.023509288686321045	0.3121773038979658	0.07261885868683006
0.06716588366099703	0.17733640991963162	0.10068117565516164	0.030915171452126577	0.06923394998978838	0.06190810798677388	0.07097637442385875	0.026782439059893137	0.2954028390128127	0.09959764883895621
0.05440509415750382	0.16739806448730704	0.13717346894399327	0.02877566958816692	0.07350615474897731	0.10764446315059593	0.076669496421596	0.04149693705783657	0.23822494031550157	0.07470571112852152
0.051973833343453124	0.1905887488445781	0.09330154166102395	0.04449502940685203	0.07627325291310673	0.06573231017641984	0.08308171510645788	0.05599545508385703	0.24489925272453428	0.09365886073971706
0.05273172867036068	0.17905059477526114	0.16813541928166623	0.046009100735142444	0.08358186581049451	0.09301313359164709	0.05968730819993179	0.02753464518257498	0.21940719245122187	0.07084901130169925
0.06709177387248116	0.12064882509835051	0.1793735139151559	0.03692923964268713	0.10067532116754738	0.0781400824058685	0.06427234349108314	0.03727805190097701	0.21273184564618636	0.10285900285966292
0.06532148667278698	0.201825984235488	0.08460842496523158	0.04049751297102228	0.06959688844206724	0.08457999414378972	0.0745634072875746	0.030351624350094655	0.24754004022304238	0.10111463670890257
0.0531071203289992	0.13681983152004243	0.08552997011462951	0.04283764472936344	0.07571905830379161	0.10397465866687114	0.08137263117970713	0.024013324542970227	0.3089518656781579	0.08767389493546739
0.05052747166357961	0.13907188930786782	0.13398566923393418	0.027839784124709055	0.08678949538595374	0.07130818374830768	0.07106170829508916	0.04879835322339737	0.2865760093912139	0.08404143562594749
0.043299144772622845	0.17806693406579674	0.09979855342809432	0.0399860051439654	0.09056877256639317	0.10955129194586978	0.065945257144442	0.04427342055422909	0.23440370732587962	0.09410691305270702
0.048873498653803235	0.12260352874901709	0.13123025970642216	0.04184935444476879	0.08501974748375653	0.1278343990522401	0.08518962773346904	0.03307173602055759	0.255094043289616	0.06923380486634954
0.05473223849763845	0.09248101791222385	0.18010374166540372	0.03258642002936821	0.103818450136349	0.08977751037613743	0.06745814859387059	0.02454334544322548	0.2473754581709271	0.1071236691748562
0.05986050478065085	0.14220700163657007	0.15582255641917844	0.04288768654379375	0.07154212366810374	0.0991063395312775	0.06320829634674818	0.027930045193363937	0.27312605972439313	0.06430938615592041
0.062408785076658174	0.1410896003836361	0.12273795864522791	0.040367697380426996	0.0900680449080804	0.08730968961122612	0.08381165944437226	0.0328437485719634	0.2616928651593491	0.07766995081905953
0.04858499227133143	0.22543885369260508	0.09287300752045907	0.027732816799610094	0.07919859855846939	0.08618855528710408	0.06525276121945629	0.03125636485270633	0.2561462448891168	0.0873278049091415
0.05975272464347607	0.2014428412454658	0.0757000295996828	0.04030307760017921	0.07009217582201711	0.05866944782648314	0.057915390374053057	0.029954786113957813	0.3117213194408123	0.09444820733387269
0.045278877095793424	0.19612826331933333	0.11334188464584574	0.038160610992890594	0.0819666854827557	0.08136755304835949	0.08442329293661013	0.02429744889853719	0.22943464533990654	0.10560073823996789
0.06236013672519144	0.1379357115366594	0.11945347886538207	0.033092839085579126	0.07097115307375065	0.07433100990372077	0.08559370623687687	0.05291916543581535	0.26009489420710036	0.10324790492992396
0.054211227593238265	0.10862000693866733	0.12438692344901472	0.026660155131308552	0.09880515457831061	0.10525253337516785	0.08414305217611438	0.032487011363477036	0.2616568395631557	0.10377709583154551
0.06092524899427007	0.0752056096944881	0.09706278900368454	0.04175639718636208	0.08766199814080225	0.12433397797595139	0.07186823006756561	0.02233186499022949	0.3081128533216943	0.1107410306249521
0.0496962055087332	0.09182574546381454	0.14279653182739613	0.04601742520155798	0.08427310499052038	0.07940213389688582	0.07386402673129691	0.02429933347515323	0.3030291197172621	0.10479637318737975
0.04585070074825357	0.14095643096552596	0.10970845959664838	0.04324681535701534	0.08954785156302857	0.09357219014895062	0.06847578702025559	0.045516474841640744	0.28092960605299383	0.08219568370568743
0.062151627708966574	0.07923202776186396	0.09864471628871235	0.04058405215541917	0.08673472622393798	0.11962503724427369	0.07928702361166141	0.05481274853630994	0.2844278398887528	0.09450020058010206
0.057643783854342316	0.13889348042522026	0.1805288098254329	0.035713038741042244	0.08979305524952619	0.07703810724668567	0.059962426966782174	0.047247425149728926	0.23735464543288587	0.07582522710835343
0.06572343812866448	0.1357676006043778	0.11641013437152922	0.042021417721637	0.080609994826149	0.08904412266861159	0.09085544961683482	0.024472409434796796	0.26049694976801996	0.09459848285937932
0.06320849778748297	0.19785749101013056	0.09822070859349258	0.03412725646219411	0.09559825892220712	0.06337138569075115	0.08230379853233619	0.02864799850160339	0.2329902776406878	0.10367432685911414
0.048611953556142506	0.11139031052203247	0.1748488095795266	0.035194944825161584	0.09752050639574183	0.08039886687238701	0.0674001835609434	0.03587461898883497	0.238879903650225	0.10987990204900465
0.06644170139566284	0.08606959420489481	0.14039112296330386	0.032963266437157634	0.09514626724156146	0.07661554342884438	0.06457841472037615	0.05437432146143382	0.29556845393969966	0.08785131420706535
0.046580747690665114	0.14169662052779441	0.11928045933376724	0.037290391986203986	0.07407640234878024	0.06033617022115159	0.08655617962956184	0.037245194370932266	0.28927933390243177	0.10765849998871148
0.05216226411126694	0.1483126929675846	0.13482950864434162	0.02640077642099202	0.0705086040864852	0.10103209306236877	0.08768351293969014	0.03306300144663055	0.23247438314348118	0.11353316317715903
