0.24085435999296656	0.0593231007853256	0.3159381460899371	0.15301385506727094	0.23087053806449953
0.23656805236584322	0.06065206469409748	0.31422250325167705	0.14862157778290036	0.23993580190548164
0.23877953245054087	0.06198391355480634	0.31963722716865983	0.15090124498917726	0.22869808183681545
0.23696565231942252	0.05582556310947839	0.3196108034711444	0.14852967944428716	0.23906830165566728
0.24060748084673741	0.06978817531935838	0.3092183774517353	0.1492502373670143	0.23113572901515436
0.24173227339991046	0.04671082784530933	0.3168104308773755	0.1532291821512668	0.24151728572613765
0.23532871280015374	0.062180626402609684	0.3190130470526431	0.15312279932685	0.23035481441774322
0.2401396395415342	0.07499345676575339	0.3070591226627647	0.14825499006330672	0.22955279096664077
0.23644189258040837	0.06313324124620884	0.3160056737010295	0.15524819059545195	0.22917100187690106
0.23513437210370144	0.06209420728620338	0.3077011139361373	0.1520748322657853	0.24299547440817235
0.23904549415589388	0.058651557123862386	0.32067480367303525	0.14863766332388884	0.23299048172331943
0.23874167007142394	0.05537745604027838	0.3148084429794301	0.1544706083912331	0.23660182251763417
0.24126164066398606	0.04602826970804011	0.317692785193306	0.1557473201225298	0.23926998431213775
0.23622557900728802	0.06982648746062489	0.3112197132727088	0.1522389463374677	0.23048927392191032
0.24002272489994103	0.06000290106142059	0.31184214048116005	0.15051336910844446	0.23761886444903363
0.2411157913583541	0.04855073118217762	0.32036930412398235	0.14850805943917478	0.24145611389631094
0.23928597965204662	0.05482647775210736	0.31156607460352215	0.15229426824651843	0.24202719974580517
0.23908384150176437	0.060766157956171324	0.312409458256535	0.1521187155786266	0.2356218267069025
0.23939697612818522	0.0740839924342678	0.3069907841413677	0.1498130963274269	0.22971515096875209
0.2349477008601083	0.06866121034443043	0.31329734143796084	0.14811339921899644	0.23498034813850377
0.236063292575728	0.05770218400068003	0.3163349671965409	0.15484974022238468	0.23504981600466615
0.23808801507389427	0.05796369214064531	0.312890974609955	0.1494330449110346	0.24162427326447058
0.23868844673136386	0.07218335280515331	0.3085827403083679	0.15321548403991425	0.22732997611520042
0.24178090887798626	0.05405248046148936	0.3159884486342675	0.14827002302187056	0.23990813900438604
0.24064459813990102	0.05597648404765257	0.3150956728598018	0.15396324717257434	0.23431999778007
0.23923198272458512	0.06442135528991119	0.31124597389585423	0.1499073950076817	0.2351932930819675
0.23660102272535005	0.05454809606807404	0.3172420874257974	0.1542156398318701	0.23739315394890814
0.24136869038618444	0.059922175894710744	0.3151816178519012	0.15273803957621945	0.2307894762909839
0.2389023988682557	0.052511364809555955	0.31822149121758725	0.15225648168279549	0.23810826342180544
0.24085607186015012	0.06623930896390057	0.3083845660322676	0.15017453428672645	0.23434551885695507
0.23478757591904104	0.06581821225323445	0.3147980259093229	0.15473392918598122	0.22986225673242017
0.24131746908753948	0.05382902489539701	0.3192597304203807	0.15225424393457307	0.23333953166210958
0.2416921588768563	0.05994423876594951	0.31589027544855985	0.15524977780476965	0.2272235491038644
0.24206118629864432	0.06273627014764308	0.3098301273544046	0.1543164313961131	0.23105598480319464
0.23755256155594628	0.0551659763951835	0.31314538497917105	0.15470265894317523	0.23943341812652372
0.23555911670552956	0.06212558367959675	0.3091064739738213	0.15056151470924825	0.2426473109318039
0.23740031248299598	0.05853261534066312	0.32080263469773984	0.1554778399987861	0.22778659747981478
0.24110804349479045	0.05576531084926886	0.3165447919517155	0.15551851499606295	0.231063338708162
0.23911050854303398	0.05733182816897589	0.31226098535847935	0.1534102177015592	0.23788646022795132
0.2380333193202902	0.0652852637089679	0.3143108574766355	0.14999796052927764	0.2323725989648285
0.23635470267054887	0.06506107489413948	0.31850437213466115	0.15290018188554255	0.2271796684151077
0.23762228339132524	0.06484187622283163	0.31565655314467794	0.1528978961205482	0.22898139112061677
0.23890988372634314	0.06044319920320329	0.3194969219246927	0.14945145219081804	0.23169854295494258
0.2381411455895407	0.06615187219220259	0.3070949240938319	0.1514331612268725	0.23717889689755214
0.23915567382779226	0.06433129064611512	0.3125211147466462	0.1497896569950242	0.23420226378442202
0.23462084982826403	0.05345982113648312	0.3201835808740674	0.15501033952618304	0.23672540863500213
0.2413920932162485	0.04885288425383602	0.31997376067328437	0.15298054232042202	0.23680071953620885
0.24090474732623435	0.059356456216416886	0.3145939790875485	0.1502649141913408	0.23487990317845925
0.23887068852820106	0.058913943853966255	0.3137279013784181	0.14815422472665238	0.24033324151276197
0.2368858186993057	0.0630677481197566	0.3118726861154103	0.15226913354502916	0.23590461352049796
0.23726874888157393	0.05176820361783216	0.3178166732124072	0.15402613896433714	0.23912023532384935
0.24023765425320043	0.0539686407403302	0.3164941723314771	0.15084484491775946	0.23845468775723255
0.24143102004001255	0.05218474073787599	0.3094772277046116	0.15479157645784927	0.24211543505965039
0.23686463394422247	0.06632614922062316	0.3102339529886383	0.1496069469716786	0.23696831687483724
0.2403676845943309	0.06034774049061403	0.3159503249212566	0.1486491570065964	0.23468509298720186
0.2400738620358407	0.06825089127836076	0.31035945511246144	0.14827687072223414	0.23303892085110267
0.23824719616305004	0.052730568198324806	0.3205543379657698	0.1517837599568009	0.23668413771605415
0.24169253443194527	0.05974609365896377	0.3154801981502176	0.15404790763535306	0.2290332661235201
0.2385696715204715	0.06077683802160677	0.30920712401346073	0.14994221514072625	0.24150415130373448
0.23993563209547547	0.05335306140525822	0.3196070075516928	0.14841933022884218	0.23868496871873102
0.23821841248726414	0.06288621546172002	0.3157531179265023	0.15333294541385206	0.22980930871066121
0.23499229010653533	0.0657331501031981	0.3144770681016889	0.1538099950469756	0.23098749664160184
0.23472248200407636	0.06686107901980518	0.31961589491811815	0.14965745917965498	0.2291430848783451
0.23836264156503417	0.05788980790700082	0.31910850297061255	0.14925241816360957	0.23538662939374266
0.23975000970586685	0.057204139726284464	0.31165104051167297	0.14854141954528452	0.24285339051089094
0.23939546011637963	0.05282462235506158	0.31665604342744635	0.15307894133820904	0.23804493276290317
0.23857784870604978	0.05387083855840544	0.31497684138311777	0.15499219017065935	0.23758228118176744
0.23931196463578475	0.059524706916079057	0.3186760669463136	0.15173440887802758	0.23075285262379477
0.23892890526683783	0.05141285554237199	0.32044755576550366	0.1523470322753167	0.2368636511499696
0.23939674529395305	0.06571588132351222	0.3141927372922085	0.15037171698594864	0.23032291910437733
0.23802778226764068	0.05921741750086312	0.30787678140998126	0.15222756434637183	0.24265045447514283
0.23915963578117985	0.059214231463496414	0.32012646874394224	0.15018602347632645	0.23131364053505482
0.23700207978874982	0.06572104814572641	0.31262207573859113	0.1541534640849752	0.23050133224195718
0.24070772363861576	0.06264640142557334	0.30737898672102304	0.15041004853909246	0.23885683967569513
0.24015495101570275	0.05322515642453851	0.3152296359440853	0.15048829373138878	0.2409019628842844
0.23548918465421265	0.07121472306780849	0.3119185963300488	0.15229106592909544	0.22908643001883433
0.23580396252259345	0.06490875798015577	0.3077690920284144	0.15251708754696908	0.23900109992186708
0.2354601104870977	0.061516093453515025	0.3138735124897014	0.1525069787286857	0.2366433048409999
0.2411792040700582	0.06472804772654461	0.31225958371618046	0.15465059092441372	0.22718257356280278
0.23838073468785376	0.06437632132418694	0.3177144823849277	0.1515160754721158	0.2280123861309155
0.23609081735308826	0.056186269739775724	0.31645781877358187	0.1537052188728062	0.23755987526074773
0.23874738689368685	0.053815901342209926	0.3163386658857632	0.1505429821929515	0.24055506368538826
0.23869795320880546	0.06438674189887544	0.3196577396516687	0.15008719832043543	0.22717036692021467
0.24184889311112273	0.06004014815410985	0.3128907572203796	0.1525444249715892	0.23267577654279836
0.23999472145211684	0.05736437256645682	0.3137520550194303	0.14963571724003927	0.2392531337219565
0.23690872514426958	0.0677645382927238	0.31141178510799855	0.1488351272121481	0.23507982424285973
0.23482161038512783	0.06737706458409592	0.31459599307438246	0.1529846523334971	0.23022067962289644
0.23849692448916282	0.05365808272339348	0.3202413014351276	0.1530195083869374	0.23458418296537847
0.23973636649652175	0.06130932615179388	0.3100755436206622	0.1509981440150934	0.23788061971592858
0.23483014669460633	0.05625615354565894	0.3158737982554698	0.15378732998080205	0.23925257152346263
0.24087662579296154	0.07112830091602834	0.3080069781860909	0.14820938902159458	0.23177870608332438
0.23553705741947764	0.06470434709507888	0.3114496292583282	0.14976117018326904	0.23854779604384602
0.23586208215150573	0.06758252746571886	0.31829139000660966	0.14882981976654808	0.22943418060961743
0.24126825963062434	0.05239076808052165	0.3163647731178861	0.14954681486666416	0.24042938430430352
0.2411288949138283	0.05889883826349687	0.3193384587567713	0.14839961952143674	0.2322341885444665
0.24004442106075835	0.05204177336423582	0.3126612990119901	0.15367569519723742	0.24157681136577808
0.24133751389351038	0.050684526222449344	0.313475563259619	0.15152531313710893	0.24297708348731212
0.24132695835645007	0.06085354763898146	0.3073441424346368	0.15518719940581743	0.23528815216411397
0.24186930112771754	0.06759453654441719	0.30708758791022883	0.15481383744165506	0.2286347369759812
0.23956302040346383	0.06342607503619987	0.30930630614821597	0.15019636362155564	0.23750823479056443
0.2407735826295013	0.06142446266923687	0.31314962240203903	0.15001593699235355	0.23463639530686903
0.2362092704247823	0.0628249316943138	0.31690873337833736	0.1492631652649812	0.2347938992375851
0.2390669617754261	0.05326836976681906	0.3205334723868778	0.1511699534473645	0.23596124262351229
0.2369650517796579	0.06541597847678282	0.3077726504349474	0.14981040594685646	0.2400359133617552
0.23809824400181606	0.06724326129987243	0.3143191725465322	0.15114072928183397	0.2291985928699451
0.24102889380966414	0.05952516625427193	0.31715814179989665	0.15008580976924002	0.232201988366927
0.23618217762953725	0.05865601623799635	0.3166283337498278	0.15077615698162877	0.2377573154010096
0.23524145397078844	0.060011764965483744	0.3163089820125743	0.15483721324580177	0.23360058580535153
0.24203972929597134	0.04387321172447142	0.31802751703415344	0.15574721427326363	0.24031232767213992
0.23751683526839518	0.05942620099420645	0.3147422509355805	0.15157988607190878	0.23673482672990886
0.23960005048056993	0.052615273403303325	0.315632371445177	0.15381101912972417	0.23834128554122536
0.239831219177915	0.06648978579198161	0.30928514532737883	0.14817170139479563	0.2362221483079287
0.23691093541752828	0.05676058755906055	0.31872218704025057	0.15558285675258549	0.2320234332305749
0.23858066725089955	0.05904210212693142	0.3135521572044916	0.15012613509810477	0.23869893831957245
0.23598175648759934	0.05851472362999849	0.3153721489215307	0.15308645674904361	0.2370449142118276
0.23610825358520557	0.060257403569303425	0.3139516776721342	0.14833327794764503	0.24134938722571153
0.2403824026628288	0.0681294487155471	0.30827285293390555	0.1538646680910773	0.229350627596641
0.240808421301338	0.06412905046297651	0.31162101670975756	0.15197779942396056	0.23146371210196715
0.2367478462208081	0.0680676216287956	0.3162914420882388	0.14918275356356211	0.22971033649859515
0.2354181871880193	0.0676073439294946	0.3139857678550144	0.1531465630035225	0.22984213802394893
0.23762476952307687	0.06618598603298909	0.30927052346361056	0.1510254350282967	0.23589328595202658
0.23891382187569288	0.0615073007913397	0.30823944278682525	0.15507078228666715	0.23626865225947483
0.2410035429253538	0.05178185957191178	0.31857608564907924	0.15223307620073007	0.23640543565292488
0.2384460714824902	0.06531479331579296	0.31233401733187127	0.1538071212706322	0.23009799659921315
0.23688397539885803	0.0707372787107243	0.3099536333128955	0.15481292532715552	0.22761218725036644
0.23575003657839363	0.059289208440995944	0.31019301262599	0.15506101925236684	0.23970672310225338
0.23517757523210137	0.06754554005963381	0.31262199171900246	0.1485519938922674	0.23610289909699475
0.2350140360665659	0.05791500510165415	0.3185905735937149	0.1503683795976706	0.2381120056403942
0.2355012504733628	0.0539941188793642	0.3188253457219221	0.14987151015432854	0.2418077747710221
0.23578555557839276	0.06215944959349137	0.31479024298926894	0.1542675348594087	0.23299721697943795
0.23935933184169184	0.06360145274855245	0.3165153707348732	0.15072062275525408	0.2298032219196282
0.24072307771196502	0.0655505308139708	0.31155068633908023	0.15227663702847327	0.22989906810651042
0.23521951143678976	0.06804410127922025	0.31066935120362654	0.15290250461810012	0.2331645314622631
0.23943312636644687	0.06269300249382082	0.31110550400267084	0.15521395004763547	0.23155441708942578
0.24011249835574627	0.051340298749141616	0.31879727325710494	0.15468285592649314	0.23506707371151375
0.23578546254519375	0.0754738734950385	0.30798812819111165	0.15288638568051466	0.22786615008814123
0.23926684024469794	0.05475817321506471	0.3170543896718179	0.1515546689936929	0.2373659278747262
0.2360618916794167	0.052516101850093505	0.3195681685757683	0.15033007016898883	0.24152376772573236
0.23570215496412522	0.05885810460715546	0.31412580425399883	0.15571048678123414	0.2356034493934861
0.23658049990496377	0.0626061279521763	0.31756864641281024	0.15450482535947335	0.22873990037057604
0.23763449563677197	0.06832151765522415	0.31540766563295203	0.15045804843492688	0.22817827264012466
0.23851391383862278	0.057689364403010646	0.31279391955402325	0.15270085435489955	0.23830194784944353
0.2405406019985792	0.06921049977593294	0.30856108038050567	0.15390571676531917	0.22778210107966274
0.24022297790885994	0.05191144855019525	0.3208958571501064	0.153288230796946	0.23368148559389218
0.23945754619680454	0.05879183002346983	0.31039518043670594	0.154807974231904	0.23654746911111543
0.2399019755272663	0.07101223468177803	0.3074725576965721	0.1503795984857175	0.2312336336086658
0.2379874483852432	0.06159675068945039	0.3197221018150944	0.14876934691723148	0.23192435219298024
0.24185830758832508	0.055831197209470745	0.30855908412309574	0.1557988775334485	0.23795253354565962
0.23809716564622918	0.06722796819930038	0.3127321569669644	0.14940540909820044	0.23253730008930537
0.2385724492183945	0.07408486057536207	0.3085098929950887	0.1501159820842076	0.22871681512694697
0.23604061086839087	0.05406331066728476	0.31554843564567986	0.1534233694304252	0.24092427338821903
0.2371639048405191	0.056527463273094575	0.3146441854584179	0.15316157405100053	0.23850287237696763
0.23750458689977294	0.053293878891255086	0.31625482555823636	0.152322297348008	0.24062441130272735
0.23900013117297975	0.06057483556785134	0.31000615754123895	0.1489425511129681	0.2414763246049616
0.23893193596596607	0.061659479445026505	0.31342793643184524	0.15310554393383163	0.23287510422333024
0.2402904486223028	0.06314084275524848	0.3139712571276402	0.1511815161879783	0.23141593530683
0.2357191381337283	0.06035332238599195	0.31803235834310106	0.14881144043864383	0.23708374069853463
0.2411768454253419	0.04895049772911725	0.31702316952799015	0.1530478926796947	0.23980159463785578
0.2388808618001591	0.06896235548346152	0.3103551629545121	0.14956717733911462	0.23223444242275246
0.23554608356997306	0.07122893441270148	0.30723742097338747	0.14927778910005496	0.23670977194388282
0.2356805054080597	0.06933830602601312	0.31531506659878034	0.1500601392276022	0.22960598273954436
0.23560530524810827	0.05337702458950813	0.32019391751253296	0.15309488581502878	0.23772886683482158
0.23558178716638606	0.06115458420535244	0.3175957512168397	0.1480191907748546	0.23764868663656696
0.24115872607728805	0.04559073339964803	0.3181142307629365	0.15462966780643383	0.2405066419536933
0.23587610416528235	0.06386648212281651	0.3161024657031977	0.1506692077882451	0.2334857402204581
0.23722537139933927	0.057278926585584505	0.31730114501325307	0.1555790742353318	0.2326154827664911
0.23536933273735278	0.06526815541763242	0.3091609097104696	0.15289544787399564	0.2373061542605493
0.23499183975108767	0.06700281429578958	0.30763041887745235	0.15452546912791126	0.23584945794775888
0.24014094758924026	0.05898450449520998	0.3129143567391618	0.15115503671428016	0.23680515446210754
0.23623201955281195	0.06617760434683193	0.3148550498458142	0.1517375026710756	0.23099782358346607
0.2372284466944135	0.06308854698881167	0.31318751106307224	0.15545594011874458	0.23103955513495777
0.23736617992114523	0.06615053570087329	0.31502428878279354	0.15382567444286444	0.2276333211523233
0.23725229096409303	0.07365163174058098	0.309399432882949	0.15189932252983712	0.22779732188253965
0.2375134586170604	0.05073929560496507	0.3209059844895096	0.14858583873502226	0.2422554225534424
0.23896028276291442	0.044921502138364044	0.3180282107112095	0.1551270284211322	0.24296297596637956
0.24079096306105474	0.059347209644687454	0.3151532113785934	0.15197007517696443	0.2327385407386997
0.2352270720208159	0.06306896849552526	0.3193742656531723	0.14851077221522346	0.23381892161526283
0.24109262025628944	0.04919815492294066	0.3129570152306729	0.15370733117121058	0.2430448784188862
0.23514042617439665	0.0722499998200608	0.3076859689731277	0.1515915496594865	0.23333205537292803
0.2353330424364449	0.0599758014062228	0.3096117446197527	0.15553800593072004	0.23954140560685927
0.23556611455776497	0.06297546824571351	0.30826667639108163	0.15161989521877647	0.24157184558666311
0.2388481438113792	0.053028196125335186	0.3173908224204348	0.14955198515563586	0.24118085248721466
0.23966109676557715	0.054496071881091956	0.3182934834752722	0.15475391225216042	0.23279543562589805
0.24146440375711575	0.05757209078439138	0.32019806440586596	0.15162285233186973	0.22914258872075688
0.23681837336573128	0.06937397689906294	0.30822065034367296	0.15034852568992074	0.23523847370161183
0.24030007914189905	0.06049450376313162	0.319100062499868	0.14962107408088526	0.23048428051421585
0.23797610740907668	0.05891382947874926	0.31395848426070594	0.15523445139535405	0.23391712745611382
0.23490951685467	0.06380328451419412	0.31128235151372524	0.1536073895415091	0.2363974575759013
0.23824825891855478	0.058192529676061755	0.3132075955870569	0.14931589341572302	0.24103572240260326
0.23631237725478638	0.06922244347413004	0.3075785460273104	0.15481861051161783	0.2320680227321551
0.23840122168770983	0.06069510364384789	0.315422205925048	0.15221826201954203	0.23326320672385203
0.23490417724475976	0.0515349837605103	0.3194458148130717	0.15455244503390453	0.23956257914775345
0.241023820550692	0.05269116801885884	0.32026833936415033	0.1501960459578444	0.23582062610845422
0.23568888713029212	0.05694323845917401	0.3163805145691998	0.15004142922041386	0.24094593062091993
0.23586110000434937	0.06030797781783506	0.31788330268884524	0.15143735788550067	0.23451026160346938
0.24162542924926167	0.05406234654389791	0.31609982761808303	0.15573570456864816	0.23247669202010898
0.2398718649821983	0.05749344621861752	0.32060097086672623	0.153894550719357	0.22813916721310068
0.23485325284328362	0.05778262955042837	0.31709004085490783	0.15000267743520604	0.2402713993161739
0.24097707891162096	0.06391838781587672	0.3144279829474221	0.14810970594732087	0.2325668443777591
0.24009087370642895	0.06184178631652992	0.31926947982303616	0.1485769915083821	0.23022086864562258
0.23698898358752832	0.06759149540121984	0.3071453444154463	0.15040693743433378	0.23786723916147154
0.23972133013405258	0.0533580039751646	0.3203111667255925	0.15224392627664982	0.23436557288854024
0.2398838284318696	0.06069174122855259	0.3184257076591986	0.15351953460419843	0.2274791880761806
0.23712035850666452	0.051872135621683246	0.3204016162576616	0.14835266890207877	0.24225322071191163
0.23836945135581322	0.0732940643962034	0.3077608263935906	0.15122027124636298	0.22935538660802957
0.23513263686138625	0.0688072208334197	0.3165443414942877	0.1482265114560748	0.2312892893548313
0.2350292953906776	0.07807006898463775	0.30875358588903584	0.14927433053838485	0.22887271919726374
0.23734357413974266	0.06873522103651888	0.307775970609336	0.15307868175270373	0.2330665524616985
0.23872803930959596	0.06426137478784943	0.3084956049683162	0.15308077830701905	0.23543420262721917
0.2413463457665387	0.05604276528954655	0.3144610909896151	0.15408440051459274	0.23406539743970667
0.23923982822964956	0.06181680152374966	0.31337215197018814	0.15414012491554102	0.23143109336087136
0.23793894399653637	0.07262842942605577	0.30988879341396264	0.15218078436592314	0.2273630487975218
0.2346302291043193	0.060053013672610706	0.3205691372587261	0.15308584737770758	0.23166177258663606
0.23930573651044318	0.06585689006206658	0.3141422180861643	0.14918893534037908	0.23150622000094662
0.23505983034357536	0.05685363826911766	0.31373997790118247	0.1539579956241445	0.24038855786197982
0.24179437352190697	0.06013589227164917	0.3137848184945764	0.15414243084548654	0.23014248486638075
0.24001012317163753	0.056218028729370345	0.3188213764427733	0.15298635559819249	0.23196411605802608
0.24067710836744746	0.06824206589187937	0.3073247543118568	0.15232603434610797	0.23143003708270818
0.2395082532784958	0.049403073056753066	0.3185716876655236	0.15066821701854946	0.2418487689806779
0.2374162730360667	0.05972099185982002	0.30874782249945	0.1516483478291819	0.24246656477548117
0.24069163063128257	0.06157652491275423	0.3101690076511309	0.1547398877781553	0.23282294902667675
0.24004762172621086	0.04521714781874489	0.3200562409889054	0.15368547643990707	0.24099351302623154
0.23989751230157905	0.06954016632428034	0.3099704996995698	0.14894990126903773	0.23164192040553286
0.23551561390670947	0.0730882286492312	0.31088283170831194	0.15332816225529905	0.2271851634804481
0.23580542705062557	0.05869815783440033	0.31900512004884723	0.1523612811373695	0.23413001392875715
0.23766654903051404	0.06382721281738021	0.3131246325464701	0.1499326126100573	0.2354489929955781
0.23833220038569883	0.05937085948309037	0.3207205641378535	0.15059659836315803	0.23097977763019903
0.23979400075027357	0.0718787501824869	0.3082964886665168	0.14972942421612398	0.23030133618459847
0.2385707064091527	0.056367765953405174	0.3167109352036612	0.15566222310687527	0.2326883693269054
0.23583820304605582	0.05568708007753062	0.32043683466212686	0.15188196609684532	0.23615591611744116
0.24186103096751532	0.05318889631755455	0.3197026448893045	0.1522821399047756	0.23296528792084975
0.23572828409627297	0.06358088220715649	0.31266865457114135	0.15171106365360645	0.23631111547182246
0.23863338984558002	0.058008696448240055	0.3171019860651014	0.15333051565460676	0.2329254119864715
0.23955847219405407	0.05397543474868094	0.3163770386837327	0.14821788082723128	0.24187117354630075
0.2413351913736835	0.058809905261735934	0.3173013502806874	0.14977117012209973	0.2327823829617932
0.23527813198567915	0.06311366638604235	0.3172061119132164	0.15419249358972137	0.23020959612534048
0.2379881669072931	0.05925396734319574	0.3154025353218458	0.14880848731671753	0.23854684311094762
0.23854283875155957	0.07104466181669944	0.309247337975724	0.15324961573666918	0.2279155457193476
0.24125219690789168	0.06923998712110441	0.30915266622759113	0.1505754369754088	0.2297797127680037
0.2376264548446934	0.06825979167104443	0.3115428438752022	0.15120582191931806	0.23136508768974168
0.24200059832014637	0.06711886865092126	0.31343197181617233	0.14981269743589667	0.22763586377686315
0.23486764844432934	0.061804253665312475	0.3113420448975362	0.15274086662834335	0.23924518636447833
0.234848600083036	0.05525527157987831	0.31579615493407737	0.15451820598077945	0.23958176742222864
0.2390634981226487	0.046405102968537754	0.3202984378560687	0.1535570886030361	0.24067587244970848
0.234604287534169	0.05919496854875925	0.30955881211259995	0.1550800409152207	0.24156189088925084
0.23860318735112004	0.06903911287309844	0.31328179262959827	0.1504358098718679	0.2286400972743151
0.24084375336379793	0.062183169683227374	0.308388118327962	0.15233788322147004	0.2362470754035424
0.23915820279153882	0.06425692749015732	0.3084047246847325	0.1501985808787955	0.2379815641547756
0.23852880521790973	0.05350047822528867	0.3134231455856507	0.15448620055360288	0.24006137041754777
0.23467355918198055	0.0677931357173262	0.31536193328303364	0.15197508365104448	0.23019628816661486
0.23511351740278869	0.06388680721872411	0.3097031084179259	0.15435744008178154	0.23693912687877955
0.23784095434370522	0.05746828984323224	0.31708404136400603	0.15083247049214893	0.23677424395690733
0.24121041850947317	0.04905212833647846	0.3151464978902908	0.15519397066612337	0.23939698459763398
0.23676420434144854	0.06592576468930578	0.3127647327589123	0.1516788156627787	0.23286648254755443
0.236076899332346	0.05574207034701101	0.31419093608727555	0.15537710795223428	0.23861298628113287
0.23819567118658752	0.055656278948306714	0.31674666862949347	0.15578741429814522	0.2336139669374668
0.24017238359271495	0.05843103706530062	0.3157989633294649	0.15099666693035102	0.23460094908216828
0.2415955681243861	0.057566195922519825	0.3151525443429069	0.15326668687490658	0.23241900473528035
0.24070814674779667	0.051006711472024346	0.31978605260618886	0.1500208307364266	0.23847825843756323
0.23612480266415473	0.06547444195124921	0.3128172891905059	0.15460989792376917	0.23097356827032078
0.23864878729167738	0.07012056182999946	0.3093509515463067	0.1510586152600757	0.23082108407194052
0.2406050824681707	0.05387494882125199	0.31926499821629717	0.14898376827333087	0.23727120222094905
0.2404785927259062	0.06020548969776085	0.30714829014770656	0.154015435441934	0.23815219198669219
0.23909035756125935	0.053890033787046765	0.3118884806671154	0.15223700362766313	0.24289412435691513
0.2403668619295982	0.05956798339052699	0.3121782905410613	0.15458440591396924	0.23330245822484408
0.24108707998811713	0.062115279590880895	0.31903804803322466	0.15034840500535304	0.22741118738242405
0.23727237563367587	0.05825994362970022	0.31798274554641526	0.15059360825752294	0.23589132693268544
0.242037216195072	0.06447635965243911	0.3153483096973083	0.1480347605435609	0.2301033539116194
0.2371260319542947	0.0634371379046079	0.3069494280810966	0.15542009714779412	0.2370673049122065
0.24117928385830337	0.06691612354538631	0.31250488129988074	0.14968642976359686	0.2297132815328324
0.2394267945521259	0.06126590648720448	0.31002298172654197	0.15364622905419795	0.23563808817992943
0.23545818630204324	0.07122757422052198	0.3069277679747302	0.14850783893445213	0.2378786325682522
0.24075725140174536	0.051710264052395344	0.313629041424252	0.15427351579986343	0.2396299273217436
0.23480121810443688	0.06501000354766337	0.3162037751800444	0.15140539493354824	0.23257960823430684
0.2414234708189392	0.06546169320483713	0.31163750349875186	0.14847716373092362	0.2330001687465479
0.23877609480694106	0.0554027886951389	0.3177326965866369	0.15017471573398683	0.23791370417729607
0.2385738506375082	0.058529590865172565	0.3112673263186093	0.15187425125825418	0.23975498092045547
0.23613871890282234	0.066087841330662	0.31191542342167733	0.1535351365126988	0.23232287983213928
0.2353011650528857	0.059354650140135884	0.3091920896237223	0.15369224597310938	0.24245984921014652
0.2388053922938048	0.061226889537725815	0.31216546596581896	0.15111904388287642	0.2366832083197738
0.23752106483301516	0.05866319042999574	0.30942148031685207	0.15441840902095552	0.23997585539918126
0.2414431089246146	0.0680960115470742	0.3074447880210863	0.15273171184176296	0.23028437966546164
0.2419216260491892	0.060243823398477475	0.30730636592789484	0.1529441578276672	0.23758402679677104
0.23895483981338617	0.07707762242659262	0.307368187968796	0.14896888869785155	0.22763046109337343
0.23982525125969623	0.058051528044347434	0.31070198403532956	0.1521274800462033	0.2392937566144233
0.24152931563934643	0.06320317083465107	0.31391050170411183	0.15023555916159634	0.23112145266029407
0.23777052856747416	0.06184357968347637	0.31356870481610877	0.15344644775072386	0.23337073918221657
0.23951685862791575	0.05944167325929764	0.30718020018299885	0.15199649312235447	0.24186477480743307
0.23637326812462328	0.07271470455757889	0.3136542262289742	0.1480874581164617	0.22917034297236166
0.23674688252662354	0.05983183272350026	0.3105415770176172	0.15251967538894307	0.24036003234331565
0.2416593163575887	0.06214689085641467	0.3137401619433501	0.1488346396667945	0.2336189911758519
0.24155430200326058	0.0654210141546982	0.315658234243543	0.14941564372168603	0.22795080587681193
0.23894894224262223	0.054125211001795404	0.31338589273657136	0.15182074161351666	0.24171921240549418
0.24040367455007233	0.06346600386138693	0.3108864887338792	0.15036212175607883	0.23488171109858247
0.2366628579607432	0.06243209033894914	0.31760187777994575	0.14973421060865585	0.2335689633117058
0.2411456962984086	0.05065083157823447	0.31630229551991695	0.15447098490429634	0.23743019169914342
0.23922560149005642	0.056117006680466874	0.31561134025935395	0.149215229677832	0.23983082189229055
0.24144227564434478	0.05285035803681651	0.3147287890810071	0.15257339455017327	0.2384051826876581
0.23808445703086062	0.0674014099184578	0.31113664973202093	0.1541204138511692	0.22925706946749122
0.24073155307078709	0.06098131296364587	0.31171355254204847	0.14809782684557787	0.23847575457794043
0.23617118672647042	0.07236514663041807	0.3071190511188557	0.15358166843689453	0.23076294708736103
0.2395745128900283	0.06864574833917664	0.3122796673629031	0.14845570045579712	0.23104437095209468
0.23690584150713373	0.06644064890028956	0.30902760363109877	0.15535821265797706	0.23226769330350067
0.2363732623086704	0.06511053133775885	0.3155972492862016	0.15570317851483434	0.22721577855253453
0.23496189635770034	0.06902981939662295	0.3149734881882029	0.15361388138128704	0.22742091467618653
0.2405936647236353	0.054410757090662676	0.31874649078095163	0.1514118045973176	0.23483728280743255
0.2367593414563017	0.0617106987426127	0.31564627489296393	0.1489484193421366	0.23693526556598482
0.23755253571299806	0.05154426087974434	0.3193548830857303	0.15162587462667226	0.23992244569485477
0.23929879075540267	0.05756733511991163	0.3200963777686765	0.1515490901224736	0.23148840623353545
0.23906632040274184	0.06779746682837637	0.31105929040646846	0.15495285364911848	0.2271240687132946
0.23805797303610404	0.058012387538307675	0.31598661216474067	0.1490021903825821	0.23894083687826528
0.23937853410173374	0.06808561807220972	0.3100334632027672	0.15397281152799014	0.22852957309529892
0.2380035057261055	0.059990409363619296	0.3157948781799991	0.15521302258835695	0.23099818414191894
0.23894601631391138	0.05043682394603882	0.3177148321717288	0.15194550681173957	0.24095682075658115
0.23609927392092905	0.06856528043021876	0.31548033925028496	0.15034053600961467	0.22951457038895234
0.23766521438825	0.054467754676154445	0.3128560206169686	0.15224717965422363	0.2427638306644031
0.23893883330900673	0.05221000529674391	0.3130319412089948	0.1539749167543312	0.24184430343092317
0.23604464839851347	0.05398970555172447	0.3152299041530754	0.15208901717605877	0.2426467247206277
0.24078670566922386	0.05971746850000384	0.31068003990056436	0.1488082448638787	0.240007541066329
0.23829532190797956	0.061432433608190645	0.3090831459498849	0.1506378710646581	0.24055122746928653
0.23689638612071343	0.04929637370414866	0.31973215908650277	0.15523531195352566	0.23883976913510926
0.2415916151352405	0.05827989487628846	0.3136758741764572	0.154957770403261	0.23149484540875254
0.23878723736363033	0.06948096793447331	0.30822057511063716	0.14905406966466184	0.2344571499265971
0.2349844397544742	0.07696587162029012	0.3091509728165759	0.1495211278482675	0.22937758796039207
0.23704328011302658	0.0691788679800012	0.31071366355647917	0.1537290759083692	0.2293351124421236
0.235688604219439	0.050596469828562946	0.32009544001445267	0.15193191414867468	0.24168757178887051
0.23628052354207074	0.06296811370251959	0.3172484256073962	0.151215361243403	0.2322875759046102
0.23736102114968977	0.06084220858062728	0.3201665325958864	0.14880097623724226	0.23282926143655405
0.23721408428660473	0.05220037342721742	0.3160650217896807	0.1523418279529101	0.24217869254358682
0.23939546695347338	0.051504829993563817	0.31557250029253753	0.15289447582735297	0.24063272693307203
0.23894712043326452	0.0557288542233412	0.3207892277521896	0.1556929467317713	0.2288418508594331
0.23709900584244997	0.0689508511248888	0.308566480272141	0.15250180581253608	0.23288185694798386
0.2420645859544325	0.05128235678181617	0.31519654927415225	0.15327620763125388	0.23818030035834495
0.2406594115242897	0.06277748328358196	0.30942455858863305	0.15401331177435884	0.2331252348291362
0.2401189332880376	0.06433368005904602	0.31721807728375595	0.14804634340512685	0.23028296596403333
0.23921124938706273	0.06306870389120675	0.3176011819927592	0.15115616422181197	0.22896270050715906
0.23534254730830612	0.05604368737538279	0.319929156008698	0.15408703122369782	0.234597578083915
0.2360910689148074	0.050825979159630996	0.32016535261908163	0.1538817216904923	0.23903587761598744
0.23662361760499326	0.052458080757909836	0.3188472565801217	0.15290372197126983	0.2391673230857051
0.23849068520765232	0.056298644330883885	0.317224956266159	0.14968070602151273	0.2383050081737918
0.2374346069172715	0.062118996165028806	0.31143980063228	0.150861515477527	0.23814508080789248
0.2412923500243294	0.053983942501794446	0.3170131558653159	0.1522680905338259	0.23544246107473416
0.2361511476638935	0.05220518285221029	0.31677987578209593	0.15545647465603846	0.23940731904576157
0.24013329555458213	0.04978181259789058	0.3133482408806074	0.1550375302972654	0.24169912066965424
0.23706913312203884	0.07136735405482963	0.3132457047790022	0.15001594712429578	0.22830186091983332
0.2361253329388442	0.06884729743902068	0.30755507612164046	0.15120607380526105	0.23626621969523337
0.23996618954698493	0.06315382224095789	0.31768716469389624	0.14984709439448352	0.22934572912367712
0.2350753867213414	0.06590279829007961	0.3150526466638596	0.15394156855823626	0.23002759976648285
0.23839612317591483	0.0525529789509428	0.3202092813480192	0.15108877153220202	0.237752844992921
0.23476156557306588	0.06283578873570134	0.30703007576743163	0.15283862447839044	0.2425339454454105
0.23895376597065776	0.06447442641362972	0.313872426716372	0.14857264462922923	0.23412673627011105
0.2397522556854214	0.07005025496520978	0.30781876328022917	0.15191861435334922	0.23046011171579017
0.24055406290587938	0.05087233644307412	0.31928949878997975	0.15365809962619242	0.23562600223487404
0.2370161131136841	0.06617423736484562	0.3150867758193273	0.14973336805099813	0.2319895056511446
0.23559804783560107	0.053034930240248884	0.31947520324742035	0.15215897475172502	0.23973284392500446
0.23907676297985458	0.045525978878682455	0.3170788939512903	0.15575988861683265	0.2425584755733398
0.23936130982967863	0.05839042549177559	0.315416104927116	0.14827923363425932	0.23855292611717022
0.24140238734702146	0.06093886690405548	0.3130476993172287	0.14803472479786978	0.2365763216338243
0.2363060435946468	0.06093207670731149	0.3082082918138199	0.15399928020895848	0.240554307675263
0.23833787317489505	0.05830116842235597	0.30798557096752577	0.15493954963789225	0.24043583779733071
0.23869199305486039	0.06451109859485427	0.31460297005492954	0.14871090903833398	0.23348302925702158
0.23654172133885637	0.06299960871070745	0.30794406084442116	0.1516694794488081	0.2408451296572067
0.24138711365034252	0.05083705981634071	0.3180238611122774	0.15294201405809704	0.23680995136294214
0.23591379013461658	0.06862291245454169	0.31404598922148286	0.15269539569343116	0.2287219124959275
0.23975162201236908	0.06058620589939154	0.30870726888360683	0.15266409325549832	0.23829080994913396
0.24013845614707782	0.06197958793678118	0.3120590950455442	0.15093564711594906	0.23488721375464755
0.23658220449337342	0.06678244306471781	0.30732390248125097	0.15434168191596734	0.2349697680446902
0.23536834177636473	0.0693925624180316	0.3073307552639342	0.15513247223472507	0.23277586830694416
0.23823811261192457	0.06750217390273408	0.31163282038003615	0.15335531761609036	0.22927157548921465
0.23570347696377936	0.08013961427777713	0.3069095148677533	0.14919081626489272	0.2280565776257972
0.23683097634645567	0.06685045601293049	0.31909177293551555	0.14862164010384332	0.22860515460125475
0.23817016028864313	0.07398153724306483	0.3074359066634811	0.15071642021470144	0.22969597559010926
0.23884532926651153	0.06645185939960432	0.31232378049339465	0.1502010542735704	0.23217797656691888
0.23886856069883186	0.07410666218018139	0.3086435850376587	0.15022191185349804	0.2281592802298298
0.23674395804067772	0.06734395349788355	0.3104932724944765	0.14924046628495347	0.23617834968200851
0.23594619016144436	0.06761031797391706	0.3178498332970954	0.14875496521616682	0.2298386933513761
0.23865754269748174	0.06397651274392474	0.315086549073438	0.15258660993457762	0.22969278555057768
0.23552345891290577	0.06914630389063822	0.3119979645633784	0.15270285172484732	0.23062942090823008
0.23663338065213538	0.06720030370962501	0.31059594732903234	0.15029938621452021	0.2352709820946868
0.24129962429461962	0.05531013609160848	0.32027212877335376	0.1501768026470259	0.23294130819339204
0.23884733782988954	0.05445239486372322	0.3192090031787495	0.14920345327666923	0.23828781085096823
0.23618048491822824	0.050854089593817875	0.3185212261669027	0.15493094824635792	0.239513251074693
0.23796457818851566	0.053597896241360216	0.31998158615035843	0.15415319373622302	0.23430274568354242
0.23952260477893955	0.059239284836816175	0.31582109987279383	0.15527094096137617	0.230146069550074
0.2359943103746948	0.059981696078944435	0.31317772083536766	0.15399727890194045	0.2368489938090524
0.2417874920697105	0.06140389388790396	0.30928853321105576	0.1487835695026819	0.2387365113286476
0.23962854250810675	0.05799670091521028	0.3165108129628058	0.15114937422330788	0.23471456939056906
0.24023811082166663	0.05968952379135847	0.3096610733224099	0.1514025878375949	0.2390087042269699
0.2398591018334525	0.07150256189913967	0.30846116196878204	0.15068855492549046	0.2294886193731351
0.23733839318494415	0.07374593775703858	0.3091752739840244	0.149181710350185	0.23055868472380764
0.2362763639810745	0.06369801795217653	0.31994399678974805	0.15009937945565838	0.22998224182134233
0.24110391952314658	0.05628241209602253	0.30961732055328683	0.1554344053231823	0.23756194250436152
0.2398545951016722	0.06568764864513474	0.312289544172062	0.1508707433771433	0.2312974687039875
0.24162870932283317	0.06328201964101104	0.30782548939800625	0.14912111325757327	0.23814266838057596
0.23501584650277332	0.07163820617627581	0.3097147565076088	0.15100975566193842	0.23262143515140338
0.2415435880770794	0.06632729366143991	0.3077848856959757	0.15176032056505928	0.23258391200044548
0.23999956240262127	0.06816585372923845	0.3131184730460611	0.14991047999972235	0.2288056308223566
0.24071244914551593	0.05987875109410426	0.3090271360714591	0.15092773583484237	0.2394539278540781
0.23917354200037327	0.07478472099205677	0.306903168453778	0.15159497897277274	0.22754358958101897
0.23613199747039762	0.06294079960628993	0.3207843070939039	0.14973942346851607	0.23040347236089226
0.23917011043404973	0.06747239400978625	0.31049573307017286	0.15442231124755612	0.22843945123843473
0.2363242157771562	0.06604651835905206	0.3177096132901871	0.14813372038219075	0.23178593219141364
0.23702768218795825	0.06201899887713119	0.3148326244448522	0.15030476772903212	0.23581592676102597
0.2387904577140484	0.06032748536373597	0.3154854250627168	0.15141123579228283	0.23398539606721575
0.2350393525493774	0.06521159329278337	0.31802453465058067	0.15388088751354045	0.22784363199371782
0.23493968198484502	0.05490150189494403	0.31587774997983187	0.1540801796644828	0.240200886475896
