0.1767775727291262	0.036399491817156404	0.20106523929625145	0.106167982658733	0.08138897708933185	0.07322039863983762	0.18901048349474192	0.13596985427482133
0.1625087744050888	0.02256065066476405	0.20483437063213383	0.1133364018684964	0.09588170523115669	0.06375343268866433	0.20706679691954882	0.13005786759014684
0.17686041926099969	0.025435244282707825	0.22202960532406424	0.11899601514620269	0.06653875940822047	0.07585910238255443	0.18417319031420526	0.13010766388104517
0.16413212345519726	0.029775142339278388	0.21098743924310823	0.11085981216571761	0.052624246604723424	0.09714108544935583	0.21353382090597525	0.12094632983664377
0.17383913676183282	0.011031506699454074	0.18662362202174904	0.12405301167873557	0.09897270173283976	0.06505755633772081	0.1996356422192596	0.1407868225484081
0.1718653149570375	0.02539625527648927	0.20855284755480802	0.11935583419427617	0.0692324391100001	0.07117426990305288	0.19775370641537474	0.13666933258896102
0.17732840594651966	0.036824412599062176	0.20482833560489905	0.1101181291554963	0.05760643093122873	0.07841752917609372	0.19032434356748276	0.14455241301921737
0.16357740988072444	0.04223498570163932	0.19291462183344532	0.11241627708323755	0.09348763933857136	0.07317129560760269	0.18295758654732724	0.1392401840074518
0.16437641861788987	0.012615554762915315	0.2223239019958425	0.12738637203277237	0.07790488416867805	0.06281683935098946	0.182642320339401	0.14993370873151118
0.18032917238533233	0.03744801536232041	0.18555599558560643	0.11572192216765816	0.060025962350639867	0.09809276432990136	0.20071636766678908	0.12210980015175214
0.18079289402700438	0.01496126732701944	0.21111735000348664	0.1126315028723007	0.08923834828150266	0.07664699638953607	0.18490211406790918	0.1297095270312407
0.17286454155121925	0.023317407937586354	0.18615207438734913	0.10675157684337563	0.06276281129052726	0.09857349589421222	0.22188283734100797	0.12769525475472193
0.1662545603271975	0.020673026660550237	0.1995532073383935	0.10915464227022778	0.08060330693559511	0.08864212851325959	0.20608811064765437	0.12903101730712171
0.1723823562597733	0.04793818270934007	0.20002678888887981	0.12075789699476616	0.05207475805615332	0.06457341707242689	0.19679110074916611	0.1454554992694941
0.16332146550514237	0.028624711075568673	0.2229968177538761	0.1017058169843034	0.05017749911405832	0.07866302002136326	0.22293901757238038	0.13157165197330725
0.17864537847738376	0.024739135588568897	0.2177992284474649	0.09948612841375185	0.08548943355834056	0.07433333677725752	0.1884247732074619	0.1310825855297704
0.17186819464063635	0.025090385538656043	0.19632108900808476	0.12261938606699267	0.05276492704147327	0.09727183789096787	0.19777753867502987	0.13628664113815897
0.1679622841019367	0.012146667604017544	0.19762565089139522	0.12038782966424832	0.10721555800265978	0.08211104826567037	0.18604914122400598	0.12650182024606585
0.1607120783790603	0.031077719576411755	0.19658625599455476	0.11790875844089177	0.06629116139822516	0.07578880900472532	0.21154555683743703	0.14008966036869372
0.1657019891881377	0.01388087749764054	0.20242512417761122	0.11965466105390979	0.052318759478567636	0.09554532364515758	0.2145229670139665	0.1359502979450088
0.16189896945256835	0.01111474275312907	0.19458590592896544	0.1234533065472171	0.07491489253602812	0.09754439157256035	0.20790069868106154	0.12858709252846987
0.16607773419034122	0.04091562150024122	0.1999318825982584	0.12050003147189488	0.052279249975321365	0.07519480806110171	0.2020782088659043	0.14302246333693672
0.18007127614113647	0.010748963151838584	0.1934014387846657	0.10126034027365823	0.09903440958346846	0.07394259102915655	0.2231263059853381	0.11841467505073763
0.16904017316915512	0.00980751310629896	0.20230861541370548	0.12572030039665708	0.09711651326940961	0.08902748693750097	0.18546929902913453	0.12151009867813803
0.17556144706094834	0.048026435832767236	0.18616289571948014	0.1038878087592571	0.06442328189251138	0.09787710867988703	0.18258534275059116	0.14147567930455743
0.1678243213842335	0.021202295438821808	0.2185302625045933	0.10087680276121605	0.09520823136975703	0.061370572041153704	0.20287357848018517	0.13211393602003924
0.1754818124344108	0.010327591929029059	0.187226455710689	0.11952297898139541	0.09422384842582318	0.09133962320836378	0.1833065314811292	0.13857115782915935
0.17123246695209884	0.02773760769335161	0.18942820670975896	0.11783383726397674	0.06814446886012439	0.10101272447041953	0.18305077187757118	0.14155991617269847
0.17665940177838485	0.03044004848156759	0.22413963497235373	0.10560085811613076	0.06168532592614183	0.06660822452204115	0.21176574182217134	0.12310076438120848
0.17955099801349997	0.01563565629592782	0.19358692166759034	0.12660820991699662	0.0892771144583487	0.07246465002506051	0.20224101349821855	0.1206354361243572
0.1621603418135994	0.04283835154457609	0.20005358595227246	0.12353134882704303	0.07213194552946516	0.061204369432061104	0.21325163155702392	0.12482842534395863
0.16920995803142255	0.03706727377524052	0.20575003287743363	0.11682862483806349	0.07941109440799479	0.06275323618309576	0.19408866392159574	0.13489111596515327
0.16916797678957773	0.021382107461314165	0.20192620919065313	0.12607776310853372	0.08770627224172028	0.07686094466187203	0.19469012684304532	0.1221885997032834
0.17421645623592893	0.02113250457086202	0.21860443709911365	0.10290004632024018	0.06592815706937907	0.0693082795595856	0.20006431477193606	0.14784580437295425
0.16638793560315468	0.02137209548287959	0.18332262552075612	0.12090640058084291	0.06550538102507256	0.0800296529217423	0.2209375431963572	0.14153836566919437
0.16895350305260923	0.017398545203359053	0.20496469760993113	0.11386028446141032	0.1054774460843304	0.06481030931337237	0.19999531228400447	0.12453990199098276
0.1783564241012422	0.041978216262178555	0.19197492809569808	0.10365231744975471	0.06561338021981031	0.08667256838581883	0.19743005939442035	0.13432210609107675
0.160749159720477	0.020803706514253895	0.22780714004533203	0.12409614594759566	0.054247260088845894	0.0972767860338634	0.18495321832823425	0.13006658332139762
0.18129202580954296	0.02634861467352545	0.19333562319903191	0.1272770722428577	0.0507078105080922	0.061985612252036415	0.2110228910136695	0.14803035030124362
0.174329269951721	0.034404915483031026	0.19647208692353046	0.10754176554095222	0.07126390179776998	0.08997653919412715	0.18360627197031998	0.14240524913854793
0.17067385132748591	0.023342317868243256	0.21074746617898388	0.12732455705373305	0.05087880361080714	0.07732315382807868	0.20472594280743184	0.13498390732523596
0.17310818698143016	0.042849126793827866	0.2005743200340665	0.10559939891611379	0.07344787737099082	0.07921622503084826	0.20497582633612077	0.1202290385366016
0.1683051697428152	0.030972137717277776	0.1966978018612521	0.11925657396385439	0.09807938281892697	0.06297302624699049	0.19533082482358743	0.12838508282529537
0.1762860836447556	0.041161277173873495	0.2171553784958466	0.10560132614138544	0.07538589997960987	0.06327736074790721	0.18201811186144862	0.1391145619551729
0.180675934045892	0.032960342813955726	0.20295314727238756	0.10526929611321277	0.07836538963995085	0.0679260060620897	0.1873201967603369	0.14452968729217422
0.1663187323048142	0.02429587008841401	0.1851902976669874	0.11791585647743306	0.0756723528423925	0.0792154375125269	0.2215930349985022	0.1297984181089295
0.16366151343379975	0.018533042309157782	0.19071124160838593	0.10847971330440989	0.09379187699507	0.09692559563496761	0.18944700010643278	0.13845001660777598
0.16677734317456472	0.011337475647863512	0.20911238788476605	0.11766618491889817	0.08665646650454895	0.08402132385336462	0.18912163984163471	0.135307178174359
0.17468071695473497	0.019385508755132133	0.20243955919260834	0.10707690743775553	0.10209950614171998	0.07422651175763496	0.20007001006758796	0.12002127969282593
0.17731261027424877	0.051126659487967394	0.18775639707259997	0.12153251820479777	0.07558808431101505	0.06442755954067877	0.19742778734043823	0.12482838376825381
0.1691792467049402	0.034566272066007764	0.2267731752388713	0.11149150293624197	0.061891032480319075	0.06973342958763395	0.18784303713388845	0.13852230385209705
0.17026171089373118	0.030028095534950214	0.21532871844562806	0.11029931046946811	0.0545832494273802	0.09639563352465365	0.18453305314619917	0.13857022855798912
0.17940116160629022	0.015466838335834926	0.20103169711435792	0.1214001953972914	0.10301651675286508	0.06239999772372633	0.18794845811866256	0.12933513495097132
0.16046892865514767	0.019057028078528146	0.2210676780004612	0.10704460583306669	0.10721414807666639	0.07011555715236761	0.19421589034380868	0.12081616385995336
0.1658149201448377	0.02429344924792426	0.1997751387702108	0.1090863997862331	0.07353003165065303	0.08430013608579862	0.20040170001557217	0.1427982242987701
0.17455227503462828	0.048545203503565365	0.19426263137252386	0.11830977192027081	0.07507925102061214	0.06602905061280703	0.18914698356170928	0.13407483297388298
0.1660337579143159	0.026477315086505568	0.19369513563064317	0.10675164829067718	0.10646595823519488	0.08511821101230532	0.18381718221407795	0.13164079161627984
0.17179023134607185	0.03026182554687014	0.22286211811148793	0.11984399377931708	0.05579226667498004	0.0694265092054317	0.1847177967814229	0.14530525855441814
0.17577963238691088	0.01067640086975491	0.22160726467649222	0.11521251026757207	0.06613941888144911	0.07009609641614307	0.22219299655795846	0.11829567994371899
0.18014748592152297	0.018631879038153082	0.2161003654032308	0.10051385868035527	0.0711585004389663	0.0811804112097067	0.20792167251577856	0.12434582679228608
0.16905852014766332	0.016119073596457853	0.21413737554119172	0.10618471389114191	0.059687476394822164	0.09283792893119835	0.21849446256781918	0.12348044892970525
0.1687493587255224	0.04660528099448531	0.21614727321995258	0.10156486787950808	0.0827131080620562	0.06396431643036313	0.20097999918205042	0.1192757955060616
0.16839887948940446	0.03371910718060549	0.1933675779254656	0.10602156392594088	0.06768140485513649	0.09051178150337742	0.21982700058781365	0.12047268453225575
0.17133080962284064	0.03147495328808157	0.18864650423789026	0.12745403579872083	0.06498932803153437	0.08030728438007889	0.19496260771001817	0.14083447693083503
0.1635059381691835	0.03457063031164445	0.19687997714113095	0.10778932792498103	0.08501499672169475	0.07690835507573573	0.19295914110585544	0.1423716335497739
0.1678299862841246	0.04705939816547236	0.19169011534384336	0.10885008840697445	0.05658178327245163	0.07725865200433593	0.21648939958911387	0.1342405769336836
0.17826918883554416	0.012472099295303171	0.210371989964646	0.10330137697429717	0.07708112393759986	0.09766478598408475	0.191552758223472	0.1292866767850526
0.16545886514819574	0.04662012343202651	0.22105400854476723	0.10983983400119554	0.05439572764291761	0.07400046270164093	0.19711351561118573	0.1315174629180705
0.17456973023539152	0.012487071702495495	0.218721697482055	0.10950243082408949	0.0893892451878144	0.07391146765818413	0.18889048975756323	0.13252786715240644
0.16547758590075679	0.04921371479822066	0.18828107014896914	0.10345783563113485	0.07566110588037436	0.0638938266527378	0.21728972897510046	0.13672513201270572
0.1729171930023445	0.04181628344836483	0.18731973842750618	0.11860732578672785	0.075101071088053	0.08177279546896818	0.19473086852086008	0.12773472425717508
0.1692943775523747	0.04187579897181942	0.19954356896016034	0.10416738220596648	0.0798108815342462	0.06230831809915045	0.19743167486647994	0.14556799780980217
0.1666062930864653	0.03693973874180646	0.21958318730409193	0.10480621546931498	0.05394870051417	0.09214185759592886	0.20489655754660346	0.12107744974161869
0.17883191000811482	0.04374915330225883	0.1849891748386469	0.11250889280164104	0.059380902862474896	0.07591446837028275	0.2047664514196108	0.13985904639696967
0.17698639252966358	0.03621104307709597	0.19538649661066776	0.11140333936581334	0.054368501602469727	0.08273503703648528	0.1997074299859934	0.1432017597918107
0.16201466836012168	0.009411573785921182	0.2224949339390464	0.11114390034046029	0.09733387008488385	0.07613194917323865	0.18847574267863854	0.13299336163768918
0.171975364536556	0.010777336536261978	0.1938673661703037	0.12228303130197052	0.1047755261448539	0.07025542903769273	0.1903895536488377	0.1356763926235232
0.16088183174931114	0.03136664771025251	0.2146881077432456	0.10567143337704332	0.08376225976430184	0.07312136515809131	0.20825893607095147	0.12224941842680255
0.18072658625309196	0.049752254068942764	0.19320912930430031	0.11134182255209073	0.05347949337661956	0.07149049496958805	0.19620541676880476	0.1437948027065616
0.18046087236827205	0.012634214515644934	0.18660157585943632	0.1152195511101561	0.09855534905914898	0.09579590174035568	0.18801995271798583	0.12271258262899984
0.17338936471937963	0.009668375436905421	0.20652773471947555	0.12518371977091466	0.0979412108659684	0.07657037566979667	0.18040840724959992	0.1303108115679595
0.1753397717988654	0.025981420297398153	0.1992806014226143	0.122845743574645	0.08417784688717192	0.08111186128414413	0.18129953962381062	0.12996321511135023
0.17095141363249666	0.010317261060924537	0.22303968409860214	0.11529521263737319	0.07644123281221267	0.07452788021244222	0.19420254701765083	0.13522476852829748
0.16951534754595898	0.021411180654698644	0.1857247030018028	0.11868915836884229	0.10166067741059598	0.07546209144321867	0.2036957113494048	0.12384113022547759
0.17224852439091182	0.0304821508652819	0.21376932264298734	0.11407305132354031	0.06358796671905331	0.09020623148734058	0.18826980138199056	0.12736295118889393
0.1719457043997336	0.026164410927094553	0.2125173004708072	0.12611113696054854	0.07693449812595207	0.06747180867323632	0.19894329359377538	0.11991184684885207
0.17408035775629677	0.04587209613565037	0.18952298293181524	0.1088946202405286	0.09439670300067764	0.07241262656489364	0.18770453567544082	0.1271160776946967
0.16415708611762198	0.009984632023044046	0.2118528433102948	0.11884044725919579	0.08611704489245345	0.07884001596672632	0.2087191289943836	0.1214888014362798
0.16575925638516925	0.042515194610057344	0.18885124591545915	0.1030586840644368	0.09451828751903818	0.06124703532823471	0.19710862330362613	0.1469416728739782
0.16976200136228387	0.02411800023733157	0.18618733227172524	0.10487917020566193	0.07498637120681009	0.09307090680521776	0.21173731954875957	0.13525889836220967
0.17774986065364953	0.03268064727225284	0.20879838335475004	0.10687541285887014	0.07175963232182014	0.06945154142680278	0.19058380142509515	0.14210072068675914
0.18103724710764207	0.00948648825387538	0.1848827302617566	0.12599293155931882	0.06319957528521326	0.08559577365691484	0.20280598182223475	0.14699927205304406
0.17756164925476248	0.04518195337391066	0.19247847392999556	0.10310124264526525	0.05339764405535899	0.08179290772080752	0.2232760378234993	0.1232100911964
0.16831416824693268	0.026729540290962403	0.20002166376703126	0.12248807309817422	0.0691298999852562	0.09734644238563009	0.18842712019733504	0.1275430920286779
0.1735147397938746	0.028203742028580045	0.21947577993602396	0.11399289270125783	0.05965908530230361	0.07775696985722676	0.18367123338526156	0.1437255569954714
0.17356264816657763	0.015704999958435717	0.19117065962723603	0.10368206364690577	0.10419335651441104	0.0675285339042703	0.2125510219079734	0.13160671627418988
0.16323881419254457	0.014692718567266047	0.1938722230371428	0.11876113054348096	0.058880942135977915	0.09183707456442838	0.21232656424350083	0.14639053271565824
0.1780474207583498	0.012003149231305882	0.20775218785252564	0.12548054897275393	0.059444418303092245	0.0817882574990568	0.20464003558935595	0.13084398179355952
0.16903365591603353	0.011336676117913363	0.20790608905980784	0.09969417222380125	0.08059727531750574	0.08801437772173723	0.2107899344441878	0.13262781919901298
0.1745602339102894	0.009611649298234715	0.21073678548918726	0.10625393332646207	0.08995787515802905	0.06693808272234378	0.2202849781543049	0.12165646194114858
0.1706564501175941	0.012893874453685353	0.20085631710840596	0.11781896639913404	0.06232998271654781	0.08653928722965341	0.20368980937321768	0.1452153126017614
0.16971657484055908	0.05000997631662092	0.22021251907797418	0.1119882239305095	0.06519226763474012	0.07000571527564335	0.18781059700917963	0.12506412591477298
0.17039722555419842	0.039192563780562864	0.22023693381217901	0.10934033618828645	0.053318686335946705	0.06682091248979391	0.20570371190225645	0.13498962993677593
0.1713007475727128	0.012203941252787329	0.18485932985013345	0.11227572280584844	0.10178768370275501	0.08948938703519235	0.1913024677200426	0.1367807200605278
0.1650658554467292	0.01787261695439847	0.22750020624228873	0.11484126386620662	0.08033430471572434	0.06858271072027997	0.184124512909092	0.14167852914528048
0.17345741985675922	0.019340526734294997	0.2051502151584354	0.1235800582049999	0.06128404829421394	0.09457110192184573	0.19623953840539465	0.12637709142405595
0.16250261590356926	0.05170389400675779	0.1918143773527595	0.11996050736422749	0.049808671750725425	0.07167867368214306	0.21516708903764584	0.1373641709021714
0.16611616831458856	0.020088658997092904	0.19778668982750397	0.12284645752371101	0.09986053327531	0.06789115220041209	0.18683793205805063	0.13857240780333063
0.18087303228955326	0.011540181921866025	0.21740033804674766	0.10751748138737764	0.05617456794005379	0.07739319091406188	0.2029934929260787	0.14610771457426078
0.16915259257583568	0.01536744966660343	0.20144425968141044	0.12517470683502263	0.08614516310320443	0.09895980738341825	0.18017866562059776	0.12357735513390716
0.1716203932487475	0.02536726077486355	0.20739415603424877	0.12340251278245165	0.05830586761708609	0.06949008199308902	0.20465169189538587	0.1397680356541273
0.1669191455504961	0.03684100703986673	0.22451349335212462	0.10986754985591796	0.054597088996060444	0.06318458165447108	0.1975152898452169	0.14656184370584593
0.16046880368792393	0.018050177221931238	0.20928830541665522	0.11510798530076052	0.06967196746020338	0.09490500251034001	0.2091205783176915	0.12338718008449395
0.18117427467333144	0.050011901072890386	0.19963744167866115	0.11698313924749458	0.0638586659835778	0.08370945486648247	0.18010062973611168	0.1245244927414502
0.16621291370443347	0.012141363616992487	0.22910505610924298	0.10179801524273285	0.07716470694391034	0.0663772256638655	0.21768469822166708	0.129516020497155
0.17602596772998402	0.017797478380453785	0.21509533243749857	0.12659033248430857	0.07707013017707509	0.06094903944687688	0.20266289087002815	0.12380882847377464
0.1704558640208249	0.01675219527555502	0.18672578662291933	0.12020541182498394	0.08028400064690597	0.07351897669032179	0.21384950993598054	0.13820825498250836
0.1628530673411244	0.014058398002497502	0.1826967177500457	0.12504087230617428	0.1034427062732392	0.08710225464582118	0.18878085408369635	0.13602512959740115
0.16676671361677275	0.01975855254853251	0.20723716371558742	0.11536940175172222	0.09165844353013677	0.06639989441615854	0.2033087324358555	0.12950109798523401
0.16876262951379803	0.020231522309639566	0.2154544494048548	0.10986892904762799	0.0666789182625906	0.08495693969645862	0.20002590245252788	0.1340207093125022
0.16944487984406753	0.02137827864680944	0.19721822907248762	0.114261895179159	0.09370718007814326	0.0622539956073571	0.20819581805670406	0.1335397235152717
0.1750629461213463	0.010744936028174362	0.20593343889628712	0.11572334082172352	0.08502077019366172	0.0709183463796701	0.21334211528985544	0.12325410626928125
0.16620315204037636	0.04945069816723949	0.18478906548473545	0.1048357216273603	0.08003666077356608	0.07873648374153427	0.19301170653747196	0.14293651162771587
0.17615450312729608	0.017121488697786208	0.1841982930554817	0.11827409110896628	0.06844183049697351	0.07194427941696033	0.22135299738458905	0.14251251671194662
0.16062158184943753	0.0142859525978795	0.19336679611325613	0.111403635313874	0.09421397528393388	0.08073748454463509	0.22009275834060804	0.12527781595637558
0.1603490823481876	0.029435610242015922	0.21149171762825886	0.11992264839949413	0.05528459833466583	0.09384840897821026	0.19487103468918815	0.134796899379979
0.1635764809856892	0.04689078807190489	0.19262522803830007	0.11003096811684467	0.09600632265695197	0.07200573499842321	0.18321819909924744	0.13564627803263832
0.16606823329192533	0.011242696392472301	0.20022745827870841	0.11572828544724867	0.08831041912883567	0.08033042615956976	0.20194213864953153	0.1361503426517081
0.1800626976187176	0.016197993486586	0.20575812866360932	0.12649647532744634	0.051770870568087976	0.06870996518649436	0.21327114312616913	0.13773272602288897
0.17486825877361625	0.028281977683121767	0.18909294715568586	0.10875239806882733	0.07213510597397049	0.0760080957479573	0.22321715238256168	0.1276440642142591
0.1757598120889728	0.03256417498668977	0.21673984721112566	0.10115711667822445	0.0649579033887546	0.07632891805528569	0.21404345809902062	0.11844876949192623
0.166480980616054	0.02466003820471828	0.1875225462010841	0.1264909436471998	0.08887537143180158	0.07305999387124845	0.20350574046030806	0.1294043855675855
0.1674831073997895	0.019202621277894308	0.20352216714748217	0.12468546783924774	0.06169451675640636	0.09227723192075066	0.18317209516673355	0.1479627924916955
0.16545258864247878	0.025891892699824698	0.22376162972920755	0.10174295934306452	0.10129616769162987	0.06916011037615405	0.18431854172355228	0.12837610979408806
0.16162305422108114	0.020950969701679548	0.2132849355378021	0.12401501846264747	0.07880424567786085	0.0647878621605751	0.21074955165895082	0.12578436257940276
0.1634551555743048	0.016282928286250428	0.19169554701223096	0.10808434345438497	0.07561961389908231	0.09495057267624915	0.22037845554562277	0.1295333835518744
0.1726410425684399	0.032984574085855436	0.18233314055906003	0.12116787579179915	0.07551156452482294	0.07300287973311255	0.19525280035698725	0.1471061223799225
0.17754345632267643	0.04037012367571405	0.22570615500690652	0.11946708900382175	0.052600680829403446	0.06628178008114838	0.1971327346485996	0.12089798043172954
0.1693512765302312	0.04814871578734982	0.1823363507764823	0.10481488645803948	0.09631077749231799	0.08608408238514509	0.1807447366733086	0.1322091738971253
0.1726581339136642	0.011224346842066663	0.19369661697552995	0.11816567582270494	0.09715949203314857	0.09031912980875231	0.1902775466235458	0.1264990579805874
0.16279619936407574	0.019172171156365478	0.21482246116667975	0.11712094629086177	0.05208636259383767	0.10044540257878798	0.19197151082102004	0.14158494602837135
0.16182496297474777	0.011025234010009585	0.22220627017879646	0.10577348308115603	0.09168571788304111	0.06395459644622968	0.2044833391316055	0.13904639629441362
0.17718308685214185	0.018067033477233554	0.20837646801046808	0.11313481321754079	0.0716570583862239	0.09946891495009914	0.181918902867306	0.13019372223898645
0.16979672877377344	0.023562382367663448	0.19312785562060025	0.11173526538505311	0.07041876121766374	0.08031685348489465	0.22325223797714516	0.12778991517320593
0.1666217043821548	0.012855155637394686	0.18690685060900505	0.12582902329160023	0.08956130974404747	0.09428849480967363	0.20515119320134573	0.11878626832477822
0.16164411960554373	0.015309682068673044	0.22210223219723763	0.10141979258714909	0.09700522892012667	0.06636279935462044	0.18980250780003982	0.14635363746660934
0.17733724988229876	0.02302929717631738	0.2176355822681919	0.11505385646910518	0.0854913875371704	0.07924672691392959	0.18276198466244276	0.11944391509054375
0.16496036887166338	0.03508420385234404	0.20476334980861544	0.11449381830660098	0.09045850378801978	0.08097104387728482	0.18807833564147608	0.12119037585399528
0.16581232100897425	0.010866107331351182	0.18344866607739285	0.12093531065933988	0.1026996324736259	0.06537064065270778	0.20452022535956743	0.14634709643704044
0.1695167624318162	0.013520801743492544	0.20434079196246474	0.11411072881834293	0.09308305963642771	0.08265328854294547	0.18233589956776328	0.14043866729674687
0.16207141087162746	0.022560412418931766	0.1849341034488849	0.1069817621354715	0.07502776177654319	0.0995287465591936	0.22081966665509845	0.12807613613424892
0.16042055760804236	0.05002835279817007	0.18609617322238767	0.10707255144432658	0.06943806747838106	0.07235004451148186	0.20722457981029874	0.1473696731269114
0.17914180742524366	0.01741452763943238	0.1998706473342381	0.12338460976229938	0.050710057003190215	0.06767707970580042	0.21776753652766073	0.14403373460213487
0.17065142280854306	0.04561811023684674	0.19806533116213115	0.09986374218638988	0.060027434162243015	0.08820698435319585	0.1953529706288115	0.1422140044618386
0.16575563328234558	0.01598394073065293	0.19062169544192126	0.12222600571421816	0.07646914579559548	0.08005882135731297	0.20513111282141608	0.1437536448565373
0.16442477650779774	0.010874904324381582	0.18666414487896854	0.12470797676504368	0.08985073638797264	0.06938809957045941	0.20880428379740654	0.14528507776796964
0.1631117117375131	0.038988291882584306	0.18844634740170668	0.1099841140011361	0.0846932458298767	0.0826437536805983	0.19210154011219957	0.140030995354385
0.16366246132889692	0.03415516329920028	0.21183382327296757	0.10396951095742692	0.06151802641049843	0.07671453392355125	0.19893046259056185	0.14921601821689656
0.16898553835774419	0.028898176317125226	0.22318364874888427	0.11916849715139594	0.05441912319101433	0.06504707723750053	0.21018139111832163	0.1301165478780137
0.17434895675876477	0.024129724748945064	0.2055441891301271	0.11689501966775011	0.08282172600778587	0.07356969627601548	0.20208803473536868	0.12060265267524269
0.1684955589610257	0.05187335301438936	0.20778306742168545	0.11505360786815605	0.06335863328368523	0.083331196972042	0.1855779684587849	0.12452661402023106
0.16037691002590304	0.03739496387437352	0.1931350239996216	0.111309677003335	0.08008478211543342	0.06547831640924978	0.21130207139319215	0.14091825517889126
0.17521968179477568	0.0473643499958539	0.2175573080430927	0.1046332007704173	0.050400064927211774	0.06782599989734417	0.2149384121016641	0.12206098246964019
0.17622062723979517	0.017580479606959756	0.20634254074011754	0.10537002527578906	0.09911631530618699	0.08646607290580659	0.18874205094687257	0.12016188797847205
0.16466710641810506	0.04669816654803591	0.19288399292200012	0.10435869095356545	0.056209278235536134	0.07822163137434257	0.21382642225089352	0.14313471129752103
0.16602318540421274	0.051091837300851	0.19397560125490299	0.1269711177890802	0.07811996889820993	0.07114847799807816	0.19427343851544698	0.11839637283921776
0.1668852219546041	0.022640016750092334	0.19991470638224673	0.11406883364682417	0.08774293246686651	0.06911230656682757	0.19978276115440846	0.1398532210781299
0.18117406224131385	0.0341852163028486	0.18308939974317318	0.09973106702084439	0.08480703880914711	0.08503779159097011	0.20241005008069704	0.1295653742110055
0.1769550970913959	0.01988582320813309	0.20140725536518936	0.10823952172391653	0.08289004679083513	0.061458606898540366	0.19886268527101628	0.15030096365097312
0.17748034655160067	0.030332599524982837	0.18483026173611913	0.10410929342814726	0.09733827801649284	0.07871274133569653	0.1862970258761146	0.1408994535308459
0.16305253959679153	0.03791487035036872	0.19858370527980088	0.10790473303893758	0.08066728261801767	0.06721807277804714	0.19390738911308347	0.15075140722495275
0.1651439878491323	0.02122748824430598	0.20757341180342945	0.10728619289267097	0.0981754764147751	0.06909219823794871	0.18589751961657033	0.14560372494116688
0.16983918366006945	0.04623524235407424	0.21110301585249364	0.10511114707351456	0.0638515308223796	0.10005459535066205	0.1798372504904624	0.12396803439634385
0.16399746418518452	0.0406908035307767	0.21062562106216526	0.12132530522944707	0.057696681750882425	0.08812863771756299	0.19582356100690015	0.12171192551708074
0.1801073179483706	0.011937008551175882	0.20473657613500068	0.1257632963241937	0.07172889326315096	0.06277759210161407	0.2016434363979871	0.1413058792785068
0.1776697052626717	0.05168643400626563	0.18977209018572677	0.10137831271029299	0.08160980837347015	0.08802398384680568	0.1908297161277029	0.11902994948706394
0.1665568540562129	0.01872357918052113	0.20284906534907798	0.1055326056630386	0.07253760669259157	0.09223596204065225	0.20522253739933713	0.13634178961856822
0.16142300528257175	0.03310929907732435	0.18412805216033193	0.1268504203923226	0.07797572344165693	0.06181473849430058	0.22296424568080675	0.13173451547068485
0.17448663163257624	0.040989125414563454	0.20260537339868398	0.11824031067645367	0.07529842922742815	0.06352058716761093	0.2048152556792744	0.12004428680340895
0.1674758860613598	0.03160655958293811	0.21909969473887778	0.11602358028199876	0.058710959673889965	0.07592640645499742	0.2012346896685852	0.12992222353735272
0.16079354843580718	0.02352984648931314	0.2018864496355022	0.10097697347356205	0.09783094940455059	0.06946600004108917	0.22320074396475553	0.1223154885554199
0.16723214367273972	0.020654820789668113	0.1941818780991627	0.11408463522979546	0.06602767902036831	0.06720001186355408	0.22337780791474016	0.1472410234099712
0.16558701369867115	0.0461045224691234	0.21747562607646942	0.11015013134658083	0.07984422648326046	0.07209516836871066	0.18998734824491176	0.11875596331227208
0.17513732966846773	0.016153722135125184	0.22154073977463262	0.1236221827149723	0.08752453110091316	0.07312967735677536	0.1832825876785869	0.11960922957052647
0.16789545317255702	0.017599794383965986	0.19485792346496983	0.11856195028365236	0.07471683754389105	0.080779400291692	0.22013706276958966	0.1254515780896818
0.1805068864238202	0.015816339384210357	0.18920838076994786	0.10985160245733849	0.1006237975313352	0.08152832863748855	0.18257465440117612	0.13989001039468302
0.17131922479509995	0.03748238346258223	0.18594581021298998	0.10762143311987266	0.08875910001102998	0.07277405797496245	0.19774188825156644	0.1383561021718961
0.16339049326171987	0.015292161826856984	0.19481656669260083	0.11452458834634956	0.06137962277331764	0.09320690208255072	0.22108343070385955	0.13630623431274463
0.1656059731869771	0.03346340823859882	0.20374356704038343	0.10860087737685882	0.06482854901379598	0.07099529445024125	0.21636286941632776	0.13639946127681662
0.1661950963871493	0.013815053099724237	0.2126017975978739	0.10969286919180872	0.06635869482129161	0.09137056863374612	0.2145384582485867	0.1254274620198192
0.17984603903136015	0.03516192075710088	0.1882495027918979	0.09992270317600999	0.05984746938962571	0.08393581572546469	0.20286336140936745	0.150173187719173
0.17091632974445176	0.023260735035296035	0.19180488069170304	0.11797902729184956	0.0857309300715375	0.06835535303436144	0.20999289776785496	0.13195984636294547
0.16248475054333342	0.02747429275940458	0.20194756322090018	0.10765004421425287	0.06983054228662369	0.08979861032645392	0.19552833169647946	0.14528586495255166
0.1751238403499861	0.018389145499013937	0.1873723140970887	0.12483759194116084	0.06287974530489893	0.08241557383836517	0.2177210809418382	0.13126070802764786
0.1791909780730056	0.027209110494881922	0.22226481370348264	0.11608439578165267	0.06665363328772791	0.07433925395918005	0.18578714569390753	0.1284706690061614
0.16899937208636553	0.013420570117031932	0.1935168531241246	0.12753084020304997	0.08073584012325585	0.09619185593371998	0.18668757833682623	0.13291709007562566
0.17046772778620556	0.02345038570821667	0.19346436890394936	0.10158684210878709	0.07895111479591194	0.08193767236589462	0.2021052817509706	0.14803660658006396
0.16246833566498825	0.033889176725642595	0.20609528886879297	0.10991593431611435	0.0852658226665931	0.07629028703951161	0.1828122432360827	0.1432629114822742
0.164875919898399	0.026640207342746594	0.2291286799475855	0.11718366884682903	0.0782165474125748	0.07140420179202528	0.1928715737259141	0.11967920103392549
0.17034366654335367	0.01771899463952087	0.20669447991061957	0.10815892660153195	0.08829168296039729	0.08523082489716675	0.20509693031317378	0.11846449413423586
0.17676414505905252	0.024154140072026875	0.22149676349611092	0.10108520145438032	0.07340434536466367	0.08032921811463103	0.2019829579133106	0.12078322852582382
0.1610797098477484	0.02260269590804291	0.2180784860603016	0.11485025432563842	0.07974870683653126	0.07403114956640625	0.18135341413588918	0.14825558331944172
0.1797843651008751	0.02484323092959978	0.21080896090441406	0.10983451830746707	0.08690587084764567	0.07315338328115539	0.17985535963974353	0.13481431098909918
0.16206245010567255	0.025170137601294384	0.21910819913617285	0.10797747095895503	0.07751780009402981	0.08539050398643902	0.1921985030722807	0.13057493504515544
0.1668901490577737	0.042901732646264804	0.19705471101935162	0.10572087398351676	0.07213407506882866	0.09788518596023284	0.19067766240021344	0.1267356098638179
0.17654188131876966	0.03309545049322586	0.21824263135331207	0.10636076255119314	0.08449062031985202	0.07387712160361906	0.1826122823291865	0.12477925003084143
0.1718826725483496	0.02354774896147356	0.18719410499530673	0.11344715316835102	0.0691580502232362	0.08443714820941996	0.21058134364980047	0.1397517782440622
0.16837570683436903	0.012976883548817805	0.2018024056752242	0.12290728968450505	0.07008640948807324	0.07839548806860819	0.2155803715114598	0.12987544518894245
0.17930743118889772	0.010094123226795051	0.2049755016511146	0.10975945235449185	0.08537283733621909	0.08336343146141725	0.2041015930297377	0.12302562975132644
0.16490080490488007	0.01938253354606366	0.2075556367234928	0.1250031961172936	0.08218308993919962	0.07000773813335251	0.2084290351119674	0.12253796552375013
0.17727110244333766	0.013207717557117873	0.21049430358616833	0.12040868380119103	0.05581530299311248	0.09309566902616245	0.19586432331543435	0.1338428972774756
0.17083898423757304	0.043388713648575994	0.1939911397215452	0.10012191486375233	0.05417552167197465	0.09375982514117193	0.20144581844385934	0.1422780822715473
0.1735239876390079	0.016390327969646512	0.19884757033870337	0.12389821222398079	0.05796520985211204	0.0867312061353114	0.21475603320068487	0.12788745264055285
0.1773845203251983	0.03346688362055836	0.18713764804274272	0.10855091215404508	0.06072543517885691	0.09532329843877765	0.1991163298470175	0.13829497239280328
0.16338074922018758	0.030303378957765678	0.1886049057696585	0.11126197773363906	0.07598322210329692	0.0683553124629171	0.21917332626910652	0.14293712748342846
0.17505727434855672	0.02490933677095454	0.19772710589974268	0.10323091307493885	0.056086870524881274	0.09582404883030354	0.21919046958737826	0.12797398096324392
0.16366568084804253	0.02479506833538546	0.21407147395531623	0.11950031381373474	0.05147040794098928	0.07206044675997553	0.21435905231766117	0.14007755602889482
0.17941421164923885	0.01368591424503815	0.20216096620939267	0.11079877107482931	0.07516844735789602	0.09644360122468025	0.1845205951683776	0.1378074930705469
0.17007768594057487	0.03378395033391318	0.22540649148217862	0.09971427811474579	0.07437199066567701	0.06286669165940231	0.19863575852942875	0.13514315327407928
0.16693336120970767	0.03670476507021066	0.22411527679597937	0.10332272071658082	0.0712167012023925	0.06883663210911514	0.2031883907450649	0.12568215215094874
0.17611100312379335	0.018296350393336422	0.18325852339743248	0.12053816655498166	0.08965762222153553	0.06722670056526182	0.2191549295194116	0.12575670422424692
0.16716708055986965	0.04142932535378982	0.18243983922615942	0.10269009600524687	0.08853201963081055	0.06427093750182566	0.2164471675009932	0.1370235342213046
0.17529383443654878	0.014436545746731547	0.20124833918983587	0.10150479304125336	0.08703105303831615	0.09008736686667432	0.19978381277882934	0.13061425490181042
0.18147957296378528	0.02812464548581206	0.21554858891352716	0.11319524655352431	0.05048530991860417	0.0826443945918936	0.20740628372478231	0.12111595784807083
0.16354931636468456	0.01092035959818019	0.19724569217671134	0.10792419748575387	0.10541516134268754	0.07405566098655908	0.2079875659080228	0.13290204613740042
0.17664245043356075	0.03519714921000246	0.18557938283799555	0.11632093646452471	0.07410408669632731	0.0987265498134065	0.1843675423591086	0.12906190218507385
0.16400368616391953	0.02154203260594928	0.19210836612036042	0.12214419200986892	0.0921423439579937	0.07684611261683932	0.19493742799528127	0.13627583852978736
0.16371731062129374	0.0514664692305426	0.1850148620602817	0.10846062894229	0.08733168849985838	0.07006677778357595	0.21347033624701803	0.12047192661513936
0.17383896932904608	0.03711142427137093	0.1842961318442008	0.11797468154565778	0.09110599640796445	0.06380657698856415	0.2025763969081278	0.12928982270506778
0.16340593781952756	0.021586982197081522	0.1988066936495404	0.1186183570426983	0.06339405640454793	0.09192528236652897	0.2120747563372081	0.13018793418286698
0.17683912042607677	0.04158744276966121	0.21445016567863806	0.10142045753400242	0.056273682474688294	0.07079265896259268	0.19915467082058141	0.1394818013337589
0.1668608384585178	0.01808275717928154	0.19346003861002675	0.12182300724330032	0.05096999634746528	0.09511242590139253	0.22080176008498553	0.13288917617502996
0.1730401865517433	0.02675832073036291	0.22649953943856696	0.1114377005470587	0.05773132835138026	0.08985913465026982	0.1864909591604516	0.12818283057016616
0.17915195735126815	0.026966250910585535	0.18649174511094593	0.1051097016227658	0.07618524886082344	0.06753283590144468	0.21035056194125074	0.14821169830091546
0.16328115667031692	0.0239882962718911	0.20935257390647666	0.12438304998775192	0.07744481096858517	0.07482613610670913	0.1877180022042373	0.13900597388403163
0.16471179003950143	0.03477682654199772	0.1934683549418839	0.1205393626651542	0.07014686206727558	0.08625688837055026	0.19299672227985165	0.137103193093785
0.16050676350012194	0.02526097746501889	0.2292155955298421	0.10703158883028902	0.07937746127499895	0.0744780494524436	0.19620979446047165	0.12791976948681363
0.17658378365914473	0.051961355992403216	0.20610249584760953	0.101571435692472	0.05527575414482902	0.08597831872584481	0.1935001451303323	0.1290267108073642
0.16193138919847544	0.03377586788556314	0.19983378035076685	0.11138969453769318	0.0752736746172769	0.08568224487561407	0.21062529606778352	0.12148805246682669
0.17177468381609365	0.047227916543478465	0.19348272648454917	0.10088277683208702	0.09977402688422157	0.06697765092268367	0.1986983305625596	0.12118188795432666
0.1742859094453224	0.046832133800749146	0.1827206983937617	0.1185222958815003	0.08878317580002815	0.06642825269713554	0.20202909574703626	0.12039843823446622
0.16629674083103754	0.018192714743455546	0.18282187291288082	0.12687875890019354	0.08981782736670896	0.0983725529705268	0.18919995255737593	0.12841957971782064
0.17838836134324165	0.013904267403612947	0.19172825263463938	0.1254776907123168	0.10232934727681203	0.07290666521982936	0.19635885271553427	0.11890656269401331
0.1740907460757671	0.018671726857359877	0.22169607658044832	0.10260969217978733	0.05123007208024158	0.09154962963470478	0.2145511951245715	0.12560086146711932
0.16104013145784907	0.009362735480919954	0.18321781810120197	0.12482991061823617	0.09095194624808259	0.09039331796537223	0.20602322161197711	0.1341809185163607
0.17701296421201437	0.013120558589374123	0.18259910220332115	0.1252182841271356	0.090343519053426	0.06874379149883125	0.19490978132948966	0.14805199898640756
0.16800175364718722	0.051715942326721956	0.18862589616872644	0.10719812500074791	0.08811823953240142	0.07316423056295572	0.19334033221494745	0.12983548054631167
0.17080888819430118	0.026640062672506418	0.20282891164553135	0.10777058541524191	0.08312740969149808	0.06320730353467613	0.19614519629144583	0.14947164255479883
0.17813097598076935	0.022948502204512555	0.18419053238095193	0.12113886597168101	0.08558313559640557	0.08853096433588428	0.1801906770290035	0.1392863465007916
0.1750114124120492	0.011733697530511344	0.20354219197657766	0.10164865334806802	0.053052825679185275	0.09554999143551907	0.21947311976853523	0.13998810784955396
0.16330501388000207	0.022905499733660434	0.19073686397609352	0.12530706428238755	0.07345795579544653	0.09373379491959435	0.19953070009436022	0.1310231073184551
