0.13172810732963836	0.17289584195174368	0.25373643423437603	0.11712987307901981	0.324509743405222
0.13798915709162096	0.19494459433051206	0.22425208170516	0.11446973154584127	0.3283444353268655
0.13342751870760788	0.19184727466969415	0.23179411885656154	0.11443473620328566	0.3284963515628506
0.15982418939279586	0.17506500296821312	0.2244882727399318	0.11144159634499586	0.32918093855406316
0.15379463662098966	0.1613914760142036	0.24928660209625697	0.1080164664670549	0.3275108188014947
0.15089981923360696	0.15682008531255281	0.2657976005443359	0.1115923306769844	0.3148901642325198
0.14799361699582275	0.1757246368930311	0.2343934945333849	0.11509200138730584	0.3267962501904552
0.1573039961006832	0.15344029481629626	0.2692868685933331	0.11212258279379847	0.30784625769588875
0.15434159602173186	0.18021092335027275	0.23471888690762183	0.11641478136205641	0.314313812358317
0.15533991185313262	0.16719831299947358	0.24138985585020997	0.11619983354748711	0.3198720857496965
0.13370380125407788	0.17399116624130515	0.2543650069865021	0.1147635508014383	0.32317647471667643
0.14119979518107895	0.17039299678365533	0.2509807402625879	0.11279481272076822	0.3246316550519094
0.1376096509483591	0.19643594143355858	0.24569716789809287	0.11155227833085478	0.30870496138913445
0.13479925273086418	0.163878963847096	0.2676350120009599	0.11357979353905001	0.3201069778820297
0.14082184984967183	0.196058907264684	0.22161125780702493	0.1124794041027514	0.3290285809758676
0.15732632547472616	0.19027172783808333	0.22803077036362143	0.10881803858855468	0.31555313773501414
0.16000281571514083	0.18627533947562835	0.22113128884527308	0.11301072238054143	0.31957983358341613
0.15716420396775088	0.1687387751152472	0.24447463279910853	0.11227102741352088	0.3173513607043723
0.15226122634565775	0.1693520674263292	0.2602149187911804	0.11253203904344697	0.3056397483933855
0.1406512930850481	0.164835649894996	0.2699855034730387	0.11223518727741855	0.3122923662694985
0.14042072023724267	0.19112630343579654	0.23490268211317775	0.11538146697294073	0.31816882724084217
0.13996785673649204	0.1953631175852628	0.23577913037301057	0.11370879073764081	0.31518110456759363
0.133289978673058	0.1666521724301643	0.2599306382600307	0.11697542265517673	0.32315178798157007
0.1439406729202775	0.1634694140777322	0.26029629103802104	0.11738968888593021	0.3149039330780388
0.14247298092914332	0.19262697160370218	0.24178518527258508	0.11114402551085323	0.311970836683716
0.15485588647500506	0.17901636594261652	0.2441673801928687	0.11728608997761801	0.3046742774118915
0.15454982834988554	0.19343940004903787	0.23589659135926835	0.10990968956426836	0.3062044906775397
0.16007416505048733	0.15669398074415938	0.2462359898125357	0.11640355998657795	0.3205923044062395
0.15025554332434798	0.1549539065927129	0.2556858976920512	0.11392237184211772	0.32518228054877
0.15168637072303703	0.15318064538432072	0.2508244353031315	0.11388267379000332	0.33042587479950725
0.15666767309540358	0.15613496809370148	0.24478001841075184	0.11488744033371244	0.32752990006643046
0.1488105485916975	0.18026596261618202	0.23820385229818386	0.1087764963680225	0.32394314012591396
0.15726251298410193	0.15282713906434442	0.2676579779284648	0.11562542432173555	0.3066269457013532
0.13664369151961278	0.17721931063392993	0.25171566703923476	0.11453528254738518	0.31988604825983713
0.15156961741944158	0.17651622597950747	0.2338244759656011	0.11419644216743109	0.32389323846801854
0.1475892887446448	0.1716404395408046	0.25259154234108905	0.1158272547833464	0.3123514745901149
0.14394156612805328	0.16560157442003454	0.2671387302701659	0.11060514550685041	0.3127129836748957
0.14676717658074862	0.1568492654367945	0.25834285866002893	0.11396881317922125	0.3240718861432065
0.13864771166772571	0.1904595122664805	0.23250949714035862	0.11046053875215826	0.3279227401732767
0.13194190415305035	0.19684532462244625	0.24238946651496168	0.11535125568875954	0.31347204902078196
0.15295672085964623	0.16541438411391723	0.26276633673733474	0.11342310143406593	0.3054394568550357
0.13190631568844413	0.1646327236760035	0.26564587587159166	0.11598241967729453	0.32183266508666597
0.1495057564586611	0.15906426308848934	0.26963694702938434	0.1117583766049262	0.31003465681853887
0.13552968200655924	0.16935027244421508	0.25919791535625153	0.11421169982666984	0.3217104303663041
0.14218429933023113	0.1812845200753067	0.2469529641230984	0.11106348396983286	0.31851473250153073
0.13922435975448438	0.1916131420885569	0.23713067036526525	0.11412208019487563	0.31790974759681767
0.1445140778287564	0.1649163545871733	0.2585529547885665	0.11575044139991497	0.31626617139558866
0.13956514352788146	0.17491741803471095	0.26324356952218697	0.11060884991017385	0.3116650190050466
0.14414787303467622	0.15523091668402325	0.25871030918583515	0.11432173827002298	0.3275891628254422
0.14890993208428402	0.19073302763385672	0.24056985619757604	0.11565551909977964	0.3041316649845034
0.1322938682736043	0.18965712212775918	0.2452672655356941	0.11080374800726996	0.32197799605567223
0.14212064550261905	0.16025696912251897	0.25992660327131867	0.11321267185380518	0.3244831102497379
0.156778776050356	0.18726595788363676	0.21896019417091914	0.11252127311818944	0.32447379877689847
0.15066113776377127	0.16247849208460804	0.24643969936403393	0.11638869674658914	0.3240319740409974
0.1514748473089405	0.17992182364013962	0.25050147653806926	0.1123215906119297	0.3057802619009207
0.14392081388539035	0.19474839986412662	0.22970785106450703	0.1079739113844969	0.3236490238014789
0.15080236750884718	0.17289788972822234	0.2340169904371882	0.11654614235334763	0.3257366099723944
0.1363153299590653	0.16094516243862614	0.26338186987770146	0.11415420199892222	0.32520343572568466
0.13715926589613778	0.19739921673018335	0.24596585405478028	0.11231382380815742	0.30716183951074105
0.13862287281823032	0.17579295734210465	0.2472039911672931	0.11267428357000238	0.3257058951023694
0.1483531684000488	0.19505098994775888	0.223669434114784	0.11071115122749971	0.32221525630990844
0.13562103631920824	0.18176775513106713	0.26269423499719535	0.1103513008870181	0.30956567266551105
0.15405924386841688	0.163129998087495	0.2642423577160341	0.11346465675857975	0.305103743569474
0.1528583961676316	0.15687185056457753	0.24840014295834117	0.11376439560620237	0.3281052147032471
0.1487413150293985	0.19628086011852613	0.23430344771756392	0.11238784823102546	0.3082865289034858
0.1581775219521891	0.16980733172860946	0.24825331879920293	0.10848573432809566	0.31527609319190264
0.14503929072732583	0.17282922554103458	0.2532534217112439	0.1094482036815255	0.31942985833887005
0.14125785490723788	0.17525154653642178	0.24412170291802926	0.11431873544840486	0.325050160189906
0.1569991677704457	0.16227454233881045	0.265261191221608	0.1112333863384832	0.3042317123306525
0.13872958731124077	0.15954797474791646	0.2619703142906535	0.11064077031416279	0.32911135333602637
0.13240929977125987	0.15759486370177975	0.26824050200616	0.11682045409258252	0.3249348804282177
0.13520830236606224	0.15636354008419467	0.2672031651010324	0.11722984815094743	0.32399514429776305
0.14399004786222425	0.1826508435096779	0.2344336140131167	0.10978120594831997	0.329144288666661
0.14675970838811347	0.15233325686433183	0.2665491385807208	0.11178154173647112	0.3225763544303626
0.15556999735222843	0.19556025171253053	0.22080541122125258	0.11020620008144626	0.317858139632542
0.13878971885269228	0.17570629242569785	0.24656020713899304	0.11229862948832747	0.3266451520942892
0.15228448139658707	0.15382223966510206	0.2576908361198683	0.10989577079224531	0.326306672026197
0.15432656073814113	0.18117260547926384	0.22836703796330915	0.10983076294548441	0.32630303287380125
0.1368626358920852	0.1845829135933581	0.24072112219737307	0.11431559528780329	0.32351773302938014
0.14850065030844747	0.16424752832676273	0.24501338204738904	0.11209943004017922	0.3301390092772214
0.1406301965046017	0.1815719899119867	0.24689011426715263	0.1148144560068917	0.3160932433093671
0.1587578156817941	0.18053385633159003	0.2251996280704577	0.11468741108770883	0.3208212888284491
0.14933189393982568	0.15230326886561424	0.2581579305241899	0.11109169982239772	0.32911520684797224
0.1344719895417264	0.1605557565091476	0.27090411193689057	0.11345749131973817	0.32061065069249706
0.1478742025997848	0.193698364566063	0.22328191997899127	0.1149686818719203	0.32017683098324046
0.13240615538434047	0.17870320820961813	0.25004300692378517	0.11506892144810164	0.3237787080341544
0.15397125922296234	0.16454353591452864	0.2534941207616932	0.11324264559621114	0.3147484385046045
0.15353249911344524	0.17524823210044244	0.25504970169592855	0.10948915401714628	0.3066804130730373
0.14349023933180075	0.17593767452773515	0.2573430203685217	0.10831871623634122	0.31491034953560104
0.1539590323876457	0.16707267839819714	0.24759983237840105	0.11696910700478161	0.3143993498309743
0.15742171497463958	0.17598391294178523	0.24555987434125376	0.11038919985731097	0.3106452978850103
0.13493985184044444	0.18990728150219363	0.23401033340845853	0.11574587764715574	0.3253966556017475
0.14529366273558778	0.1866467331257529	0.243622116960027	0.11051241780624038	0.31392506937239173
0.13543008339312454	0.16924790747464322	0.2665485744365028	0.11618405999155305	0.31258937470417625
0.14945830183100373	0.16715137118027473	0.2568053595292588	0.10826481019117717	0.3183201572682854
0.15748067584943734	0.17826582911972552	0.24341677687202154	0.11639056567463346	0.30444615248418194
0.1506038320305435	0.1915883979773674	0.22492152687249417	0.11394204144966834	0.3189442016699264
0.15041414381022414	0.16884769705384856	0.2568841764135367	0.10934803557998155	0.3145059471424088
0.15230703411058027	0.1937053549526992	0.22094233864430146	0.11149767566375106	0.32154759662866783
0.13761817035456309	0.18271195195063406	0.24197338242168517	0.11535738777296722	0.32233910750015027
0.15307541015310813	0.16261752084831796	0.25644930571179964	0.11335283942352528	0.3145049238632488
0.1494854597688245	0.15562620356161322	0.26376279582924805	0.11281251276298188	0.31831302807733214
0.14268704122804132	0.15538571847486693	0.26254350671496846	0.11714078754688773	0.3222429460352354
0.15437616965236955	0.1564074198176206	0.2646859344272169	0.1114632003558417	0.3130672757469511
0.14701563443112287	0.1890018801855013	0.2238086936044409	0.11291054271408768	0.32726324906484705
0.15374608478659785	0.15861756244432584	0.2601311137854365	0.10992176739012569	0.3175834715935139
0.13790306217329512	0.1812102441050134	0.24726638578824206	0.11028077628623786	0.3233395316472114
0.15671563559410642	0.1596019028195231	0.261258938318364	0.11292025289011895	0.30950327037788733
0.13732699658253777	0.17879468078235303	0.24318290581247579	0.11323480465684499	0.32746061216578826
0.15375856388158418	0.1635703098341705	0.2625781543674506	0.11324909602446069	0.30684387589233386
0.14944120063169514	0.18746483384860424	0.23247925650628937	0.11435435519920509	0.3162603538142059
0.13717090890730507	0.19642197869495345	0.2494869928598187	0.11119884413719236	0.30572127540073024
0.1426302937541696	0.1900628961851232	0.23968789385347755	0.11043865572364109	0.3171802604835884
0.14010147379890442	0.1888203377690466	0.24758436907760942	0.10914752463716224	0.31434629471727715
0.15189696424568186	0.18716204748899865	0.23486236380978465	0.10797663639429962	0.318101988061235
0.13723713880226845	0.17547505774257596	0.2610343729097212	0.11171423819551989	0.3145391923499143
0.1593059937343063	0.16458454664104952	0.2560370904552189	0.114763677831458	0.3053086913379671
0.14624539839529965	0.18638964595745453	0.22003206256620056	0.1166698138077659	0.3306630792732792
0.14294665435517667	0.1739822929127355	0.26441963865938667	0.1137310197274069	0.30492039434529405
0.14827370311191462	0.15771749114854222	0.25344368011760265	0.11398132450601134	0.326583801115929
0.1583149919986146	0.19640646139394596	0.2249939022132703	0.1101538305863399	0.31013081380782903
0.1364088615512793	0.19349023287949513	0.25014239394481086	0.10910038450066886	0.3108581271237457
0.1409810493543992	0.16781399225163227	0.2667629056799208	0.11063056868874982	0.3138114840252978
0.13953013903889047	0.18177204851322784	0.2572751066029149	0.11132441475060735	0.3100982910943592
0.15659419854084494	0.17907181721194487	0.24041763237081798	0.11165341406378704	0.31226293781260495
0.13352754705744002	0.17649555444622408	0.26635659761043085	0.11055490797114534	0.3130653929147595
0.14463689903402532	0.18103858353338284	0.24598006511559223	0.10952591564726746	0.318818536669732
0.1590479604243135	0.17526489729605765	0.23498087813338153	0.11313257307357276	0.3175736910726744
0.13208632010252652	0.1933592684983305	0.2517933524662547	0.11029051897906152	0.31247053995382656
0.13901965881728	0.17747452152475454	0.24983472996454625	0.11625593999663329	0.31741514969678575
0.15122228805047166	0.17284994254003824	0.2477137697567045	0.11178912516856954	0.31642487448421586
0.15171660203761433	0.159434404114417	0.2548010513282214	0.11407965472832683	0.3199682877914203
0.1554231289587777	0.1787346028740694	0.22828600278504407	0.1154643362140637	0.32209192916804497
0.1550022947858794	0.18349868584478182	0.23376341080355212	0.10869564664993599	0.3190399619158505
0.14718132669091963	0.1918196808946936	0.238820808168888	0.11239364380067589	0.30978454044482273
0.15617892742044306	0.1568537420275774	0.25979676293444315	0.10928812524117945	0.31788244237635677
0.15522605475173928	0.17929196431604408	0.23685914152836193	0.11627288335729884	0.3123499560465557
0.13871498935403279	0.17081277238803444	0.2435212041449466	0.11645342868556594	0.33049760542742
0.15342303599184204	0.1632657690808852	0.25693934790990164	0.10864905752687475	0.3177227894904962
0.1396290773268204	0.19139350665599159	0.24035284540917656	0.11026875275197037	0.3183558178560409
0.14754209131143353	0.17489573797485813	0.24621779864185184	0.11185433137038696	0.31949004070146936
0.1471457855399637	0.16193569155739324	0.2663401135303136	0.11492361665002197	0.3096547927223073
0.14609479178955836	0.19254091023976883	0.2252050766236891	0.11216125279888474	0.3239979685480988
0.13935155678249433	0.17183341810568797	0.26953589757520535	0.11223610665989042	0.3070430208767217
0.1392594418120266	0.18095416061063152	0.2514436813880886	0.11118181682252799	0.31716089936672515
0.15171771630097558	0.17303995895180774	0.2417218082386018	0.11150566206731662	0.32201485444129807
0.14306057791384602	0.17197530576032063	0.24587057405281557	0.11178677152643895	0.32730677074657866
0.13269111672995085	0.1713845841389677	0.24973059531094058	0.11674820448489318	0.32944549933524747
0.1363158388821885	0.19119790607260845	0.2526045072538105	0.11413152547259682	0.30575022231879556
0.14785769546302674	0.17244567586177753	0.25166212392358167	0.11118205365537044	0.3168524510962434
0.14047980288550774	0.19537789246630233	0.2390282471126146	0.10982248365486592	0.31529157388070916
0.13658729261602368	0.1889267840803553	0.253240706893284	0.11487697012263957	0.3063682462876973
0.13972606951863054	0.18689738238661993	0.2561577471809986	0.1095147914412625	0.30770400947248827
0.15632925167518014	0.1660048722773333	0.2538321700318722	0.11474763617092618	0.309086069844688
0.14160545891969506	0.1780187384193162	0.2588342890359647	0.11329080503854684	0.30825070858647696
0.1521177536269684	0.19013821749555349	0.22240019628447671	0.11151593321520849	0.3238278993777927
0.14651990991175368	0.18422201336430805	0.23300400897897286	0.10805422379242781	0.3281998439525374
0.15763569424549695	0.186013934457395	0.22192260292206112	0.11732530543034311	0.3171024629447037
0.132781982350514	0.18563210755745585	0.24910834999305215	0.11173298463553838	0.3207445754634395
0.14608075285647204	0.17996152785700595	0.2288065645781445	0.11618265560540925	0.32896849910296805
0.13456521351671227	0.18618621923634487	0.2655169539680273	0.1085985825610964	0.30513303071781894
0.15843424294792796	0.16306558538265603	0.25695199460835577	0.10937863794350164	0.3121695391175584
0.15043367465460794	0.197246961461084	0.23328256955549928	0.11347906714752548	0.30555772718128305
0.1414205875992796	0.16419680776108875	0.2646698527103623	0.11088818755581095	0.31882456437345824
0.1565277967640598	0.16548055343433957	0.2548466717722816	0.11648138557363644	0.3066635924556824
0.13458719780631284	0.18436924241328867	0.2661482173523358	0.10906967146734162	0.3058256709607209
0.1456871281129843	0.15404694888551673	0.25856319642826486	0.11580238558547987	0.32590034098775406
0.1424114596798081	0.1956234762116672	0.2373099322922811	0.11355805828003498	0.31109707353620847
0.13219292078249	0.1945408632642949	0.24164410968471656	0.10831947769885387	0.32330262856964453
0.15254919900192423	0.18032694741754263	0.2500625988037116	0.11034520001968429	0.30671605475713704
0.1431521298093548	0.16617399825462886	0.26821991383240057	0.11478303209270663	0.307670926010909
0.13946055944587732	0.18708155947505456	0.2523143513429461	0.1134629695696298	0.30768056016649203
0.1321250420013025	0.19102381748833364	0.2431933819370133	0.11727845004275006	0.3163793085306003
0.13376348274889388	0.16367988713004805	0.2699459791287211	0.11481632493117498	0.3177943260611618
0.1335763348745559	0.17979669505378174	0.2600099944366527	0.1171174758866182	0.30949949974839136
0.1332943192850305	0.19535274844126838	0.2350123685634143	0.11112732149341181	0.32521324221687486
0.15277751772693784	0.15948278272063493	0.25449564032218097	0.11729273333896238	0.31595132589128366
0.1381739917106497	0.1913717255085699	0.24487171707304317	0.11636550359242377	0.30921706211531325
0.14153334290906794	0.1731064811115306	0.24165037379811027	0.11483274581846466	0.3288770563628264
0.13693952160392175	0.18862692427199595	0.2444239598175601	0.11331393191667113	0.31669566238985086
0.15351154235526013	0.19246087031849474	0.22488947207942367	0.10798560756475425	0.321152507682067
0.1325944757079141	0.19044229013068803	0.24797260842331975	0.11621088063251134	0.3127797451055666
0.15337072764256854	0.16034352296768442	0.2651289287018816	0.11020172392122916	0.3109550967666361
0.153581139289226	0.16729417181018896	0.25649308559689477	0.1102411596738653	0.3123904436298247
0.14589256381012874	0.19243570937806	0.23704890881112703	0.11105603826066934	0.3135667797400147
0.1349788904373282	0.1825559394842775	0.25881974355691495	0.10781149870199476	0.31583392781948444
0.15173163365426545	0.19535848653129276	0.2320764548177118	0.11323182531473405	0.30760159968199574
0.14737307810000413	0.17831873997046369	0.2314744866078675	0.11705537532195114	0.32577831999971335
0.14798820423517983	0.18171245016839577	0.24945386778492157	0.10938354315508235	0.3114619346564203
0.14136111343268465	0.17674188172478766	0.2563130041923316	0.11372042682009571	0.31186357383010016
0.15495792889838728	0.16643365257939893	0.2547116325970865	0.11406304398827766	0.3098337419368494
0.15397411357856605	0.1871569901293788	0.24437492106972494	0.11076633864810752	0.30372763657422247
0.15086602372675362	0.18505796959866241	0.22711398958013534	0.10815769279171923	0.3288043243027292
0.15414136521534852	0.18970191596115193	0.22932289910315312	0.11320282008863895	0.31363099963170726
0.148276738714374	0.1725596186560729	0.2470912880468385	0.11290156434611578	0.3191707902365986
0.1410848807173905	0.18910138066489335	0.22519585104362239	0.11495407451588856	0.329663813058205
0.1392917859046079	0.18625016403464692	0.23380394678735636	0.11264809410833544	0.32800600916505324
0.13173436920139678	0.17570746524800024	0.2637329933188388	0.11022921085567955	0.3185959613760844
0.13854172848144086	0.1556154551534968	0.2709989321735234	0.11505468881024533	0.3197891953812934
0.14617544579603736	0.18633522830133814	0.24766553493009835	0.11550541516808227	0.3043183758044437
0.1329382082230816	0.16280465251879184	0.2643635722577803	0.11136657829834133	0.3285269887020047
0.15452687610065924	0.17578634613527	0.23782142014617702	0.11414368722838122	0.3177216703895123
0.14508266887281512	0.15284068234242731	0.2711911228954968	0.11262483517452697	0.3182606907147336
0.14335004320100783	0.19371487222456363	0.23710930449438816	0.11647396103582357	0.3093518190442166
0.1336811612719246	0.1703744562261082	0.2606970040117978	0.1092459671746685	0.3260014113155007
0.13777734249878332	0.1553396549691728	0.2676557691709902	0.11103830866397757	0.32818892469707595
0.15321540686715399	0.15653242172831855	0.2511227267620522	0.11375038847533794	0.32537905616713714
0.1598588478016082	0.16039839023897653	0.23501251601426312	0.11460147947140935	0.33012876647374256
0.14416744807417342	0.19045943986867858	0.23675229110638024	0.11550262665154763	0.31311819429921994
0.138405226504187	0.18036244034817525	0.24679493963491153	0.10810190602808648	0.3263354874846396
0.13238042545705886	0.18844144296703758	0.23922351682848458	0.11118884492301666	0.3287657698244021
0.1403989751044456	0.1706372897901305	0.2685088000728084	0.11584619349422659	0.3046087415383887
0.15115704216072895	0.15870483335984426	0.25280742226780595	0.11254739256786232	0.32478330964375834
0.13826837421457783	0.16353573485612477	0.26490340931290124	0.10893183939921884	0.32436064221717714
0.15990461250468335	0.1779176754218879	0.22375853824385028	0.1136178336740133	0.32480134015556494
0.15741468981689255	0.1752901933108047	0.2345636795457715	0.11544964702321736	0.31728179030331366
0.14330479746267133	0.17310745721313858	0.2550119345772853	0.11719397042733137	0.31138184031957317
0.15214005409026143	0.15325608676588906	0.257739248190818	0.11303463289977647	0.32382997805325486
0.15887990725477197	0.15726486398670847	0.27056252261517355	0.10874874047485081	0.304543965668495
0.15241549072015487	0.18550006484748843	0.224202982231194	0.1080241682031188	0.3298572939980437
0.14424885102749035	0.1870319204995392	0.23601874948800217	0.1104229133145556	0.3222775656704125
0.15553665874608313	0.1871486187138834	0.23025755819793592	0.11421530493696741	0.31284185940513
0.1508207391402528	0.16995811023179677	0.24053666779621846	0.11378936198882217	0.3248951208429096
0.14373988019482795	0.1600084312049047	0.2511305386716729	0.1145029022553444	0.3306182476732499
0.1581454425311446	0.1755063109344708	0.25009992180607293	0.1118643311638064	0.3043839935645051
0.14447943022546303	0.17121233330529323	0.26887858738787296	0.10953257423668608	0.30589707484468454
0.15023698341956088	0.1782948912872181	0.23824693432793964	0.10957183297448085	0.32364935799080036
0.14360196934544509	0.15570980785629493	0.2666195670986397	0.10815684860013058	0.3259118070994895
0.13287085125664932	0.16691792585990745	0.26384608362222134	0.10810034455575582	0.3282647947054659
0.150173819291398	0.17959318475397384	0.24766854769205895	0.10818282731814031	0.3143816209444287
0.13762690545041634	0.1652911294328887	0.2571583920096638	0.11162794745533516	0.32829562565169584
0.13572168199679635	0.18120580369955747	0.26338163394414726	0.10912174931140482	0.3105691310480939
0.15763174958762208	0.1799733494810135	0.23862848220078925	0.11204978852614204	0.3117166302044329
0.13956818638478333	0.1849837838707158	0.23808891475335248	0.11620395759028795	0.32115515740086026
0.15282673826844786	0.18188957751759596	0.23265487454160727	0.10853733193317192	0.3240914777391768
0.1472785664250303	0.17609113539186544	0.23919160891870073	0.1170250839055705	0.3204136053588329
0.1486413736285177	0.1651494327982848	0.2639641955752591	0.1083932656754126	0.3138517323225256
0.15914921721104375	0.15465751452716003	0.25910972796892556	0.11725057341459644	0.309832966878274
0.13785858089201647	0.16906355026043685	0.2618019100750819	0.10842042235770474	0.32285553641475984
0.13580298480239056	0.18332761861374108	0.2596869253160318	0.11210246128925841	0.309080009978578
0.14543495817117894	0.16359598676220713	0.26694823641357257	0.11454635325822592	0.30947446539481527
0.13266297425048001	0.16494591451316115	0.2673974917606371	0.11305657258015799	0.32193704689556357
0.1517153282838591	0.17153084056848297	0.2347639489584078	0.11141044011386922	0.3305794420753807
0.14384814196521362	0.16305838961332048	0.2685890444952167	0.10885305152277594	0.3156513724034731
0.15898281492214933	0.15991019040152976	0.2355822165687957	0.11727954996452462	0.3282452281430004
0.14510749293701414	0.18323651365345733	0.23937278899584719	0.11725040669310058	0.31503279772058057
0.1443185583389492	0.1650828898890737	0.2526970776893158	0.11710824359141007	0.320793230491251
0.13824306885896692	0.1847992747342979	0.25042094720414904	0.11642907834578672	0.3101076308567992
0.15879736823158253	0.18560283442664166	0.2224628278378257	0.10876590039051479	0.3243710691134351
0.1442640276057333	0.16099990785534013	0.260864849471374	0.11201296300970141	0.32185825205785096
0.15071124740289257	0.15570035674321175	0.26818602499576716	0.1166934456721964	0.3087089251859319
0.1510789251885542	0.1542371093328032	0.2629676545271625	0.11195375347522268	0.31976255747625726
0.14682907380481658	0.17995878906847557	0.25236291261723487	0.11406100804573444	0.3067882164637384
0.15637835832824443	0.18580773837842596	0.23942313297941942	0.11292372121426579	0.3054670490996442
0.14470792340463276	0.1846679589672641	0.24693043787421448	0.10951774516761696	0.3141759345862715
0.13764934815657662	0.19736404792898166	0.22555949784936846	0.11222695700231326	0.32720014906275985
0.14179138458948962	0.1911458049001172	0.23657826309957017	0.110058137775522	0.32042640963530084
0.14586155880071705	0.16639805649363223	0.2615436756587404	0.109115868537115	0.31708084050979507
0.1458435353689746	0.17292794145010137	0.25270485042402513	0.1080409925589178	0.320482680197981
0.13882324343311905	0.18932428061937576	0.2363858543527178	0.11001837598477132	0.32544824561001584
0.13401884149994586	0.19027738065853456	0.25032215108629874	0.11074528792234622	0.31463633883287445
0.13387543242608912	0.18963072846875695	0.25001626795109705	0.11545326823076132	0.31102430292329536
0.13747745381825277	0.1911378188941754	0.23623765228232552	0.11400692392960748	0.32114015107563865
0.13550957234594013	0.16581667207292314	0.25566647992261227	0.11691566803560383	0.32609160762292044
0.14678485731662547	0.18241118674300477	0.23389485780420688	0.11424431105171659	0.3226647870844461
0.13351311687133058	0.18510108692098623	0.245771954343003	0.1108495514863645	0.32476429037831556
0.14572939421459719	0.15708877491684312	0.27102502138714646	0.1164986791648096	0.3096581303166035
0.13922011838640924	0.19585892162695084	0.24060497317956037	0.11407936099049526	0.3102366258165841
0.15025553589304108	0.19039472072958233	0.22013923112737022	0.11574429735557551	0.32346621489443067
0.15855469063320374	0.17430371490971586	0.2507928646587484	0.11068122089859163	0.3056675088997402
0.13941155770784952	0.18090187567455898	0.24497995259189742	0.11056083724656957	0.3241457767791244
0.13806171312392013	0.18669378782298007	0.2353716949616591	0.11544602756751816	0.3244267765239224
0.15785504202886705	0.16062864692810114	0.2589285885121119	0.11488018424457261	0.30770753828634706
0.14695998800203114	0.17755366357163582	0.25579046777931524	0.11398397748769759	0.30571190315932006
0.13253666463124147	0.19009803816347431	0.2419562941259253	0.10863941062149968	0.3267695924578591
0.15299321194367393	0.1918716226655436	0.24058690519661327	0.1079843093429025	0.3065639508512665
0.14022709627869384	0.17670083851479884	0.2484448424269803	0.11230669911003104	0.32232052366949576
0.1375966419849388	0.1665177595070917	0.2680718757733477	0.11630237910858796	0.31151134362603367
0.13236849140937124	0.18408414267686993	0.2681414386889664	0.11081868730028188	0.30458723992451037
0.1316568155421441	0.17556741515362734	0.252584268772404	0.11276466847557157	0.3274268320562529
0.14334602916708297	0.1612745346191337	0.2579507295976582	0.11600774672154117	0.32142095989458375
0.15243953787989362	0.18106140444732882	0.24246629670959488	0.11183570401123161	0.3121970569519509
0.14692720637106707	0.16925385118123673	0.2640414412205575	0.11067543046454428	0.30910207076259427
0.14175224723501395	0.17626201645604989	0.26167117275724283	0.11383033221074232	0.3064842313409508
0.15850411820683133	0.16633095194860875	0.2330012713680544	0.1167142160277578	0.3254494424487475
0.15963565262520804	0.16877959349300653	0.23644481742521453	0.11738793385103477	0.31775200260553593
0.15858037765607103	0.17156159385283734	0.230835345314198	0.10992026714898229	0.3291024160279111
0.13414613548346094	0.16984796341638578	0.26141772986293327	0.11421532024625641	0.32037285099096346
0.14366952516432918	0.1770808457097988	0.23702693482771842	0.11421405950615043	0.32800863479200304
0.15730330521039965	0.1915352895790844	0.22184676929603878	0.10988439179423037	0.3194302441202466
0.14534781385328552	0.15745506559176556	0.25726302661923683	0.11351449768108296	0.326419596254629
0.15907262446601478	0.16636730373499403	0.2368358610741617	0.1122848253958077	0.3254393853290216
0.15052674285616852	0.18089925262233522	0.23094908282284501	0.10785486539313388	0.32977005630551715
0.13462694696329652	0.18685847298730765	0.24725729809758812	0.11283764832510934	0.3184196336266982
0.15188305817499023	0.15540217533917353	0.26136864530681914	0.11732125427086047	0.3140248669081565
0.15506208777629513	0.1575307438733491	0.26574539686295023	0.11678913647443973	0.30487263501296563
0.15590208463544225	0.16977007386191692	0.24292298104986107	0.11238578705005227	0.3190190734027273
0.1366045667186071	0.19058617905633424	0.24225219601771666	0.11424587838809748	0.31631117981924434
0.15723184694314368	0.18333302080882663	0.2235200758075918	0.11449656376633105	0.3214184926741066
0.15528779238626877	0.18861635578569236	0.22661017533920605	0.11358868700249554	0.3158969894863371
0.13253490898504738	0.19263388518995697	0.25435085799310964	0.10787594860209893	0.3126043992297869
0.1539832937398449	0.15752013211903107	0.26034774810881117	0.11085598321037968	0.31729284282193304
0.15586656999356419	0.18144321040137235	0.23515753129582173	0.11539032304658882	0.3121423652626527
0.1378270181695504	0.17692949176614303	0.2616226366845714	0.1152833359781281	0.30833751740160686
0.1471339202292908	0.18269398230357467	0.23988645856015717	0.11699280120998107	0.3132928376969961
0.13889201497969944	0.19674279863564556	0.2274214093843944	0.11685237384712449	0.3200914031531359
0.14073150906053436	0.1710678384968869	0.2508247815922944	0.1150202468191859	0.3223556240310983
0.14597123740003765	0.15845354725461738	0.25236273781692486	0.11568376997722474	0.32752870755119523
0.1493138936771734	0.18691517054675014	0.2293473347317683	0.11323618414893111	0.3211874168953769
0.14960220068216568	0.18531810635097534	0.23127270181321988	0.11187845849336221	0.3219285326602767
0.1550801652769644	0.18612661688598658	0.2395099357350729	0.11197478267078	0.307308499431196
0.1570670573003661	0.15547657998526052	0.2596349566780677	0.11356749009953433	0.3142539159367712
0.15265895786568845	0.19242813715088308	0.22572226441895274	0.10779583895957548	0.3213948016049001
0.13766959019649372	0.18487831226642204	0.2371586535899607	0.11520554396313981	0.3250878999839836
0.1461226442508719	0.16783507983021706	0.26570851429981224	0.11483100122293571	0.3055027603961629
0.13478273440228725	0.17949909211553206	0.2439011811288025	0.11461948992754507	0.32719750242583295
0.14206379380968437	0.17645689717381713	0.26189233900126296	0.10780972930046787	0.3117772407147674
0.159041794396607	0.15995270714704996	0.24651780307008336	0.11723926024530834	0.31724843514095113
0.14533974013469703	0.16914844439332713	0.2492342463922775	0.11714943550095358	0.3191281335787446
0.1524622313462701	0.16461886603393494	0.25415989334924816	0.11476044490607307	0.3139985643644736
0.13177479298141637	0.1931324757914595	0.24027070066848194	0.11380424969201276	0.32101778086662924
0.14612672763595308	0.18918729925036254	0.23673148084358142	0.11508304952596561	0.31287144274413714
0.15610885074703884	0.18547562989047378	0.23705811158911905	0.1129592958789094	0.30839811189445876
0.1318130443509219	0.173083421373199	0.26815112756658777	0.11681240638495134	0.31014000032433986
0.14558972647628832	0.1620038751108427	0.25473956657395275	0.11234820712646368	0.3253186247124524
0.13482380177328368	0.17801786932347613	0.25208497781975725	0.10880041466451575	0.32627293641896704
0.14502161806372235	0.17126653718352414	0.25677068142847664	0.11065755846024694	0.31628360486402973
0.15122190395976795	0.1753207860495275	0.23942076046698899	0.11130008583886515	0.3227364636848502
0.14587756916765196	0.1697142224183885	0.2647438531020144	0.10860842335234075	0.3110559319596042
0.1339611212326668	0.1701035627430179	0.26282103185458877	0.114062507192983	0.31905177697674336
0.1523163407155353	0.15391031716267997	0.27138715618166737	0.11512128145642904	0.30726490448368815
0.15360560955225133	0.1539935003006061	0.2679896591232315	0.11542067237971194	0.3089905586441989
0.15407267965452937	0.1865766946091397	0.242131736434805	0.10861536813015266	0.30860352117137313
0.15505492780858082	0.18211943865591304	0.23212296435980112	0.11533120335531023	0.3153714658203946
0.15917562138527144	0.17053014625146598	0.23819647756028683	0.11613151451055391	0.31596624029242165
0.14950282220959238	0.19543602804483506	0.23861682169230314	0.11107657991345299	0.30536774813981626
0.15634549734542838	0.15931746037332362	0.27039986047225795	0.1094122102561416	0.30452497155284824
0.1336884689647198	0.19134166858251989	0.25704965226309867	0.11334449179833639	0.30457571839132513
0.15630014610364013	0.19483163570984938	0.2237272199267411	0.11563830945377701	0.3095026888059922
0.1434596118584125	0.1802859122657028	0.24827248594913617	0.11279979787714989	0.31518219204959846
0.15593954399483062	0.17826035613065488	0.23577839875357073	0.1095401375262215	0.3204815635947221
0.14748374577853318	0.1657019988842226	0.27025116335936017	0.10866712185899878	0.30789597011888514
0.15037380182902021	0.17119689802678012	0.2534914745138136	0.11372710643877998	0.3112107191916059
0.15339122582958478	0.17799598314180598	0.2239599458041059	0.11701424984333561	0.3276385953811676
0.15723951116032914	0.16504290497538004	0.24107268922267333	0.113624320477209	0.3230205741644083
0.15140561548024334	0.16051180839042606	0.2603972623832695	0.11583725990087597	0.31184805384518494
0.1430431340688449	0.18038954714429503	0.2557096054709109	0.11258422875169587	0.3082734845642532
0.1365905539096384	0.17980216892819648	0.2471422214829357	0.1089627860423306	0.32750226963689866
0.14903719695457768	0.19660200126943306	0.2237684071159833	0.1149693212315002	0.3156230734285056
0.14976960586249743	0.178829384784264	0.23511700423501394	0.11354664570013022	0.3227373594180942
0.15584812914858676	0.1595692319139565	0.26517516405940683	0.10862926130246799	0.3107782135755818
0.15580212200811552	0.18325326430114022	0.2441660684354498	0.11157247061564957	0.30520607463964466
0.15365760317539107	0.17530085776896634	0.23132811310758575	0.11732715149949693	0.3223862744485597
0.15548708543532969	0.18980393612273289	0.23146531718589258	0.11378665666404854	0.3094570045919961
0.1562411551436158	0.15590583310382594	0.24518219029026417	0.11239670010790594	0.330274121354388
0.13890908902125945	0.16676938652755152	0.2701261092883352	0.11018231063255825	0.3140131045302954
0.14535558009799426	0.1918002196870668	0.23368802354112572	0.11074901419144517	0.31840716248236783
0.14607395398353507	0.18772790710703172	0.22473407208878263	0.11200926498794134	0.3294548018327091
0.14737747887222558	0.15536710247291619	0.26644019935850244	0.10867227994198014	0.3221429393543755
0.13621551504040932	0.18294711037714015	0.25344633784428744	0.11454989515831004	0.3128411415798529
0.15124426214070572	0.19534746857461577	0.23294022757451555	0.1117586121313034	0.3087094295788594
0.1403913876926718	0.18337952283073128	0.23685323310352496	0.11702507270735829	0.32235078366571346
0.15522118644258093	0.18181935666042093	0.2502407082228985	0.10903056897635569	0.3036881796977437
0.1411547770619919	0.18744077990991176	0.2253395812034018	0.11550691452037076	0.3305579473043236
0.15111644685343248	0.1660520058058858	0.2555380485269834	0.11315916050068871	0.3141343383130094
0.14294167786328982	0.19647074950837612	0.2345465989919792	0.11487557808125401	0.31116539555510064
0.13518928253297846	0.19259171581942386	0.23850735163877707	0.11253877270864618	0.32117287730017424
0.1531974841517127	0.17202707202546647	0.2473947015810286	0.11125011617437786	0.31613062606741416
0.15714399272534407	0.18557293154771515	0.22832718754753606	0.11506383281611117	0.31389205536329334
0.14156676182952976	0.19221946301248397	0.24511480521530313	0.11710783617135967	0.3039911337713233
0.1545896746727039	0.1972834626788369	0.21966228701704826	0.11015173312186029	0.3183128425095505
0.13700301223585082	0.17558453058038948	0.24432882312894447	0.11716845405290419	0.3259151800019109
0.1404779191815476	0.1620681685123437	0.2686912291136172	0.1141502329047398	0.31461245028775153
0.14172249525416392	0.1771916426361547	0.2530632211406099	0.11684913981093938	0.3111735011581319
0.13270299294558624	0.18505110432010105	0.2650059010324616	0.11154430948087399	0.305695692220977
0.13366663069646328	0.1766315174791611	0.261472217357392	0.11354915723435179	0.31468047723263165
0.15992283192394402	0.17099279429641034	0.238652805119552	0.10905287849368084	0.32137869016641263
0.14745640254783499	0.15939951404121697	0.2606804256265877	0.11075421388317991	0.3217094439011802
0.13617485321959158	0.1836388520158084	0.2356381465649094	0.115330514341006	0.3292176338586844
0.14583351716365975	0.18391512997061904	0.2366222579438426	0.11125392231007332	0.3223751726118051
0.13988994349833053	0.1869379364928826	0.23590043004401123	0.11661040514012334	0.3206612848246521
0.14416905151661755	0.17415311284737964	0.2624695935891024	0.10891106143052454	0.3102971806163757
0.14702138128389694	0.1688714329283526	0.2486099522474377	0.11309828090552401	0.32239895263478857
0.1485142531488061	0.19703067585736364	0.23274905625762127	0.11383380610661521	0.30787220862959364
0.14644142063199503	0.18300604503084764	0.24016115002062977	0.11381430521511006	0.3165770791014173
0.1454787358445704	0.17836504690489607	0.24956877665967403	0.10979662094289754	0.31679081964796174
0.13576388620002242	0.19251454684925567	0.23224648800857134	0.11122237472881355	0.3282527042133368
0.13694616991311595	0.18144291558436454	0.2534061139488421	0.10996243743431075	0.3182423631193665
0.1375292168627555	0.17003202563444883	0.25826829080064034	0.11106931291882102	0.32310115378333415
0.14898872968266866	0.19116626631971612	0.21965120784909864	0.11592214023376934	0.32427165591474705
0.15267026134489825	0.17854689163978976	0.22739050732812682	0.11628539328294327	0.32510694640424165
0.14561394566732888	0.16257492959230474	0.2635120360833479	0.11180878648342173	0.3164903021735966
0.13408296936517428	0.19464529989490864	0.23757148857848126	0.11545841284921102	0.3182418293122246
0.14044459144542887	0.18987204472169864	0.23324280821393298	0.1129586884250677	0.3234818671938716
0.1519722420180196	0.17897581399691453	0.23442123854686914	0.11419260915775398	0.3204380962804426
0.1534037096097124	0.16652605681951224	0.26137690892556753	0.1113138802723941	0.3073794443728135
0.13525372852713263	0.15979063254899545	0.26725609102385145	0.11451328253824519	0.3231862653617751
0.1356997580718747	0.17024641856175415	0.27070740916609354	0.11401049236995286	0.30933592183032455
0.13293430642779608	0.17706132741331346	0.2586453647018318	0.11534290983857148	0.316016091618487
0.15756753182526	0.1693269068037334	0.23400234288847016	0.11406994090310205	0.3250332775794342
0.14386064327550302	0.18225269768077654	0.2322268598138355	0.1172942093331018	0.32436558989678294
0.15005961877121363	0.16191693418448716	0.26685824489582044	0.11474539695845237	0.30641980519002626
0.1514491277679504	0.16579674714282733	0.26713987916820653	0.10811055957505115	0.30750368634596437
0.1452338109624746	0.15985484861472202	0.26452190924903063	0.10865879663855404	0.3217306345352185
0.13471107655970588	0.19302230953592164	0.2520953788846587	0.11595351112475843	0.30421772389495516
0.13698860749999334	0.16207549657402992	0.2693228646110804	0.11658876584102401	0.31502426547387213
0.142145936963388	0.17729665481066453	0.23559894278494234	0.11719594781956325	0.3277625176214417
