0.03718475853122062	0.01574771390767367	0.3688768041962502	0.030937481490255783	0.06030675044154359	0.033548074203174544	0.05363331024220245	0.05668688729206208	0.3430714154233571	6.804272260005351E-6
0.03597514486231573	0.016216289075618215	0.36904732834421716	0.0312767092233769	0.06002918733284885	0.033582522927991756	0.05315402044358893	0.058197402100187	0.3425116080447106	9.787645144906931E-6
0.03463300457012447	0.01548012131974813	0.36910953715106426	0.03207520374238303	0.06032174401850281	0.03422916325440391	0.0541756392595384	0.05761261927574768	0.3423613775936665	1.5898148207071916E-6
0.03503068563482559	0.01579051087929255	0.36722746089544595	0.03240790227903374	0.060083637427457044	0.03560630653733772	0.05403546146913786	0.05766186669021125	0.34214927308184645	6.895105411866553E-6
0.03330027440866276	0.01545962010088378	0.36712530448517733	0.03247310014565041	0.060260482347818695	0.03434491862301034	0.05517912750092424	0.06020161853847292	0.3416466753952832	8.878454116248435E-6
0.031434002511370296	0.015698033475906856	0.36783550508409596	0.03396818090827941	0.06033732409711862	0.03413367098055822	0.056470498857468195	0.05865457156133757	0.34145890673014423	9.305793720701394E-6
0.030211571135932272	0.018040268363088058	0.3658624056268548	0.03348597349223609	0.058795271049383334	0.034465327035833326	0.05640509830519896	0.05937283906933299	0.34335155374884546	9.692173294745254E-6
0.0341030209186248	0.01787702582524918	0.36466079843738225	0.03290081276328867	0.05933833502593592	0.03348414342381137	0.05817773064347983	0.05752501482893823	0.3419296347537519	3.483379537830289E-6
0.032909102101898	0.018077790757244583	0.3653023639613292	0.03275859862768474	0.059500174131023015	0.033814938754787915	0.05723840010667605	0.05938264388675367	0.341008264923454	7.722749148800223E-6
0.03303004813184991	0.015266151953132745	0.36510941521652135	0.032988717752327146	0.057872721200438244	0.03737804062496217	0.05594692791510508	0.05959615639959338	0.3428048125681051	7.00823796494221E-6
0.0345372755016172	0.01728339968142903	0.3660052310496038	0.03343315760751023	0.0559335972369106	0.035481844403819615	0.055191221840553174	0.05978996011630444	0.3423425287227866	1.7838394652663903E-6
0.032819606510733776	0.016591058137200507	0.3674959893997834	0.03318443825687012	0.055191530431248026	0.033550429450542166	0.055782151506136815	0.06181525570173087	0.34356568977163243	3.850834121799096E-6
0.03267754794599552	0.01599949640729091	0.36809177010726196	0.03376390148930751	0.055787326030535565	0.03389306886391456	0.05479610022892483	0.061493685783667484	0.34349266367228304	4.4394708186151766E-6
0.03100890366290919	0.018824802225967788	0.36849885429329376	0.03069508621905505	0.046873557556583664	0.0369653852609637	0.062096111491323935	0.06839375947753533	0.3366400143350784	3.5254772892123754E-6
0.030723273158248895	0.020317014188605848	0.3648875785482915	0.032965264539334224	0.044111016367103635	0.04248605097646017	0.059137359971710816	0.06527275591727111	0.3400927884744752	6.897858498527976E-6
0.03132812076159698	0.018623238896418093	0.36362054659797505	0.03668596974229352	0.043988522750877404	0.04247560359394391	0.05931478907030918	0.0640260383510343	0.33993167442068	5.495814871581128E-6
0.03503833175182142	0.016931349769074414	0.36913534843248946	0.03641658022520658	0.043031492942186625	0.035707793188348186	0.055489555816835776	0.066371905402683	0.34187138112135507	6.261349999384103E-6
0.028797899674224928	0.023597421840153024	0.36825469259670995	0.034983166473481916	0.04575450732544155	0.03571323245435852	0.05409209503721024	0.06504403846622672	0.3437601089288117	2.8372033815254882E-6
0.02941224778447614	0.024226919986573767	0.36774066434648733	0.03549192638826294	0.042914262720860526	0.038496541722618606	0.05555562258700555	0.06269951397064846	0.34345826215800385	4.038335062780951E-6
0.029505743000537724	0.03264828687732277	0.36679041740585194	0.03357905751586153	0.04853046809551766	0.04284766673832845	0.05317943861988695	0.05626522955826368	0.33665122734329594	2.4648451333181276E-6
0.02923510836973972	0.032686867565697844	0.36688611200269444	0.035957634183323026	0.049719417372911086	0.04048462032282834	0.054131870237090894	0.05804965534092358	0.33284107750799247	7.637096798560061E-6
0.025255817647212228	0.03561117605278216	0.36826982409431797	0.03536501354865142	0.050712508585201536	0.03959698487907188	0.05725556567475504	0.056860312986360864	0.33106590308736883	6.893444278024963E-6
0.02560564381738789	0.032650182485059465	0.3691402913915972	0.035362740473328116	0.051220254184145844	0.040581946653202666	0.0594088584429177	0.05633954851252644	0.3296874416487847	3.09239104998027E-6
0.026364194030057436	0.02743815423966041	0.3692764917398809	0.03465017281005922	0.055690102775061825	0.03919034074479104	0.059260331841915405	0.05851262772232624	0.32961515685541243	2.427240835045641E-6
0.025893778104802673	0.025471464291022483	0.36874505214651265	0.03635613474902516	0.0568317090024165	0.038825402491067106	0.05874581002970261	0.05828456310125487	0.3308426971421283	3.388942067694689E-6
0.02600221001844462	0.025112240254626023	0.36763850934052533	0.036301639146039344	0.0554477769285395	0.04034633195308279	0.05811117271412365	0.059185920268081935	0.33185075400249714	3.445374039734439E-6
0.026829279919172527	0.026210761943150765	0.36785661032617234	0.039353622080366656	0.05663004864041251	0.038997742869074	0.05644760575297474	0.057176367933416856	0.3304937159212147	4.244614044926487E-6
0.024183440063704084	0.029491571902527436	0.368324687782032	0.0392866417992127	0.056238586911528755	0.040717322919342706	0.054071247235342186	0.05747702350084039	0.330204279144795	5.198740674713931E-6
0.01929294639315289	0.03193158309727791	0.36881147295419525	0.041004237526876326	0.05676850279175504	0.039781212182588614	0.05758288237668696	0.058959596981906504	0.32586335454356596	4.211151994490403E-6
0.02060649682982109	0.02857518787782308	0.36594406428226517	0.04347964146581185	0.05725177870737183	0.039318390913477	0.054426995792456495	0.06134093431059451	0.3290548671913885	1.64262899056411E-6
0.021635019920524398	0.024905314897995093	0.3663763667198578	0.0391296351596203	0.05947534564057007	0.03694316021392187	0.05795151807873686	0.05654908161745818	0.33703079745033576	3.760300979746556E-6
0.026976915186518277	0.02526237019319648	0.36343128788033524	0.042533145115357766	0.05916824940911483	0.0348776742210805	0.05403039904017709	0.05666634008105204	0.33705226758528833	1.3512878794114114E-6
0.0252195436714424	0.0256306357426255	0.36423075038157005	0.03981202099394157	0.05929369858942925	0.03357447417341977	0.059312702640686665	0.05759305251992579	0.3353243161887894	8.805098169736847E-6
0.026480979500012422	0.0241060880803753	0.3633974856991476	0.04069928526989941	0.0593953567831485	0.034021005658621734	0.058820695665381006	0.058457978552146864	0.33461192289208863	9.20189917855141E-6
0.029289602243978516	0.03884003173364787	0.35221253916070827	0.0335351713868039	0.047439443606296684	0.038934313596899396	0.06852060135798332	0.06178518912543072	0.3294346647349807	8.443053270565382E-6
0.028753495785689115	0.04027392066112348	0.35349141616830293	0.03154448683403571	0.04723989085472392	0.03905065739193461	0.06835279254539862	0.061829557777344515	0.32946162449736416	2.1574840829013953E-6
0.01836919225154074	0.03698220730658153	0.35527626301427934	0.03724689890244458	0.05241618059058497	0.03951058152622508	0.058611108592370106	0.06438778457315206	0.33719474066067184	5.0425821497557255E-6
0.017189726825990403	0.035981471593889244	0.35432919177558464	0.040356145054216065	0.053519640087302194	0.03915502649324747	0.05832423943754431	0.06183096797058655	0.33930996095611166	3.6298055274691654E-6
0.01843230820214914	0.03404866563493175	0.3545112998462931	0.04112220740655278	0.05630148570660308	0.0335350407215122	0.05732837155027653	0.06096678695195146	0.34374718807236176	6.645907368277304E-6
0.018867698941438582	0.031316078781339685	0.3547657221767814	0.042575075227768204	0.05400552880983305	0.03518830739113958	0.05570895195443618	0.06360834407738489	0.3439605802234249	3.7124164536384008E-6
0.023112738043779016	0.03420977085543696	0.3525881665952052	0.04352442796702275	0.05170151598496652	0.03427175312491976	0.056528243340963714	0.06122512800537667	0.3428286686873308	9.5873949985531E-6
0.022421884617747342	0.03176563001568593	0.35380912191364794	0.044892696773912645	0.05324301014959187	0.03431933486358911	0.05759145794705354	0.06107686095472135	0.34087299950988487	7.003254165527384E-6
0.02079705791008518	0.033528949489575896	0.3524798149846179	0.041009242672399845	0.052906880946875914	0.03861580473981187	0.056604730332899644	0.060693810847118515	0.3433615693420385	2.138734576787038E-6
0.025156197740613923	0.03385588392333973	0.3533839857735743	0.04111169781672287	0.052914345969889705	0.038377395502420156	0.05578223744308636	0.056578804109775345	0.3428378163635269	1.6353570507360304E-6
0.025825005778619917	0.03247939988640845	0.3544507441739366	0.03974407455762628	0.052537946595703225	0.038319727186334016	0.055619061433955896	0.058807642831493506	0.3422140040578896	2.393498032507435E-6
0.023620984789500338	0.03540791801584396	0.35177520478341223	0.04044028222503816	0.052049421158682704	0.03865769248677442	0.05877682315397324	0.05703009533285639	0.34223617524039124	5.402813527247141E-6
0.027087949381941742	0.03173082538665513	0.35825288494326263	0.0387750801931494	0.05301609217765933	0.03753030545776846	0.05661282666757135	0.0589132350223211	0.33807320209989744	7.598669773456468E-6
0.02692657812815763	0.03243186330177422	0.3596404864196153	0.03926507627976221	0.05004680937882029	0.03788848486189027	0.0565647924182994	0.059178588693975895	0.3380513204762024	6.0000415022659626E-6
0.028007285239206384	0.03517583443351592	0.3590862534953169	0.03677874663907553	0.049811849512296405	0.033354893499664334	0.06266466250643032	0.060833325454984835	0.33427885911145	8.29010805933339E-6
0.03026752494245659	0.028469888246667727	0.362240925889215	0.03173523171540722	0.05781099496936166	0.03512259905092857	0.056201422193428566	0.06177231395978259	0.336377653688515	1.4453442369749547E-6
0.02962873461788157	0.03021787577016534	0.36114195256316534	0.032623786268210456	0.059069250393278705	0.03490680009843408	0.05548688418210933	0.06217808767711176	0.33474477853168394	1.8498979594411269E-6
0.028914865873209905	0.031093550032238015	0.3609604054586035	0.03134153124516702	0.058824238796094906	0.03441095949730612	0.05611356625923294	0.06142568348293047	0.3369065078541928	8.691501024393755E-6
0.028318503397439895	0.03132393602783817	0.3574967760132659	0.031940595677422357	0.05210358248998354	0.03939206974718746	0.05852889124632445	0.06330465950110103	0.3375827867211967	8.199178240519966E-6
0.026923940729777898	0.030596536433908694	0.35997466901862035	0.030818145827348084	0.053068073668266026	0.03853778520446336	0.0587813487204956	0.06268316884766786	0.33861106038824995	5.271161202233254E-6
0.03061769270206109	0.03416559348427527	0.36298962859104045	0.035136316084634106	0.04745499498639162	0.04095737288513615	0.054402568794970976	0.05778750263586554	0.3364789087559074	9.421079717283898E-6
0.03387083126018074	0.036402889971673125	0.3589996058798021	0.03131121668973151	0.04435519950420164	0.04247425107895894	0.05469315261416419	0.06176615409051282	0.33611795928021104	8.739630563914247E-6
0.03627169692084388	0.03750746526756604	0.36009330948167806	0.031184984588750977	0.043098641338086593	0.04188675209411449	0.054650397337518856	0.060743792041620136	0.3345602649448927	2.6959849282748305E-6
0.03635431076459497	0.03737177330430687	0.36135818111104634	0.031213839800118354	0.04132421899052102	0.041131979181144224	0.05575916525577696	0.06096941396442734	0.3345142021294098	2.915498654040838E-6
0.03397624826217664	0.039036909604749696	0.3623206103775376	0.03182087386731619	0.04117456113160208	0.04223494131580848	0.0538597462852919	0.0610204442342877	0.3345530671159726	2.597805257145702E-6
0.03187445487826926	0.03625402536047849	0.36174105382726074	0.033147774750089606	0.04157068689621172	0.04160486486500197	0.05702803028409675	0.06171766835883352	0.335053533186877	7.907592880912473E-6
0.033178799588768196	0.03623538498246226	0.36136329082289464	0.03222836678245056	0.04424401107334656	0.041556180055872145	0.05503907176971926	0.06198900818431411	0.3341613956977252	4.491042447124505E-6
0.032856746481562144	0.03713033354559794	0.36024626526704084	0.03190808005581755	0.04304730046782697	0.04281989345963422	0.05530136870009099	0.06188094661520388	0.3348055004242408	3.564982984663456E-6
0.03445307662184714	0.03741495854013302	0.35904657522406463	0.03119633239037954	0.04297337581732847	0.04377973872406598	0.053696417483928456	0.06307867578815077	0.3343580117597643	2.8376503376920104E-6
0.03212572507569526	0.042006315990447914	0.36277022911476614	0.039820817941846505	0.036428011364802435	0.03766256064263251	0.054191779951619536	0.06670198003605782	0.3282836111559216	8.968726210353828E-6
0.03528023766711122	0.037245211394834	0.36046056478760535	0.043435437786884405	0.03691723111093287	0.03960244215157712	0.05426469310831941	0.06794388787497514	0.32484069218275596	9.601935004502349E-6
0.036497647609445696	0.03757796508084027	0.359060974949748	0.045859882036155306	0.035332273634652675	0.03920105037404607	0.05633818165656328	0.06588450479952779	0.3242386441777803	8.875681240597122E-6
0.04084949548840684	0.03667977694762753	0.3616795452955886	0.04511754661792305	0.03802369409909349	0.035357261873300905	0.05453672282042566	0.06608462653078673	0.32166486186381665	6.468463030553928E-6
0.04081814619330405	0.03763244635988567	0.36427157896527446	0.04516684063122049	0.03751277497076282	0.03510323256301141	0.05491588700101711	0.0634314788998768	0.32114066344665965	6.9509689875763E-6
0.04243772209324185	0.042874947803536845	0.3617268631827912	0.04451414412932464	0.03845347891054715	0.035584084537596844	0.05337832237314431	0.06284296158231431	0.3181784383394277	9.037048075088983E-6
0.04245260203005374	0.04157456833832431	0.3630662151778212	0.044810468187155776	0.039470925558531676	0.03461596187764958	0.05350897359844186	0.062490865534778416	0.3180083869352502	1.0327619932165577E-6
0.04651623953394128	0.04152845634034145	0.36194472631183366	0.04135347851644446	0.03814900407298636	0.03413926326147912	0.056865509980723455	0.06293291858784247	0.3165645559742472	5.847420160506878E-6
0.050759393257592336	0.04213659684319692	0.35584116920797193	0.03985566655542013	0.03393315469223995	0.03387233362294122	0.058145026926554925	0.06336655763000973	0.32208194641134696	8.154852725900108E-6
0.04971707304299686	0.036085344648767156	0.35379721872121167	0.04676012579152568	0.030042939652090858	0.03589029968949313	0.06049668059382478	0.06425688484245214	0.32294856133416344	4.871683474141908E-6
0.041291691007914605	0.03333364418981992	0.356928745758452	0.05010588511151066	0.03009940670664897	0.03802080438897198	0.05849754737491664	0.06697912529372638	0.3247399463628879	3.203805150842065E-6
0.04172415902257039	0.030759293930634465	0.35398584481730017	0.05628419432751197	0.03801220947068851	0.03501313273000371	0.06405769647826329	0.06102520631311294	0.31913716030152456	1.1026083900633754E-6
0.040665968114347174	0.032422460649440016	0.34979090980950694	0.05918572738993133	0.036648869160704534	0.03411008156055992	0.0663721637635117	0.06135124351773312	0.31944826224430306	4.3137899622403E-6
0.03890591289802425	0.03317603976668468	0.34949575768700836	0.05595809420743703	0.03799465982716974	0.03346218453314832	0.07017884715682002	0.06209537104861756	0.3187299741592457	3.1587158443729946E-6
0.034088915104927814	0.038424861682535005	0.3506707026958748	0.054198841567289636	0.03484940176445389	0.03707858757100929	0.07226300345537436	0.057179603795936215	0.32123697944085144	9.102921747564108E-6
0.03210790759893341	0.03819130315322147	0.35327707800933195	0.05345322704660593	0.030559680917800758	0.03956710690602662	0.07161765080597025	0.06002425974827633	0.3211939129298546	7.872883978618517E-6
0.024829622158920164	0.022831500113472417	0.35886844334363527	0.055471677652776476	0.05290303268629964	0.044056348194150295	0.06338321334798594	0.06324114389408728	0.3144108549869328	4.1636217397861275E-6
0.026164148858443037	0.02116307573724248	0.3602702440616826	0.054311383332654596	0.05614783394147763	0.04624865941626826	0.061379853328352975	0.06299142831250429	0.3113175667278541	5.806283519912969E-6
0.018983509856969616	0.019714525929472773	0.3669005805506691	0.05901972628433632	0.05489537018577112	0.04158408025157914	0.06472763341009567	0.06252283234389577	0.311647539036084	4.202151126606046E-6
0.01813480027475481	0.01722612637754181	0.3634271867736491	0.060452846034016454	0.05648273716725738	0.03894947699583768	0.06434792294385205	0.06175077932491555	0.31922309702967505	5.02707850009998E-6
0.01634158090382465	0.015579017150034277	0.3634871960276511	0.059629074940886415	0.05625796391988294	0.04035471946070082	0.06512159206616341	0.0625938876608481	0.3206302102293266	4.757640681654629E-6
0.017781459126662957	0.016088418539169813	0.36651564302172873	0.05750579353557059	0.06005794514900912	0.042693060544706396	0.06118086219647285	0.05937210029301061	0.318802489970826	2.2276228428264044E-6
0.01660002588971872	0.01653913558039609	0.3660511969479929	0.057527005771315365	0.05944862670155519	0.043721976770300174	0.059309389215727384	0.06154516616598584	0.31925524008386774	2.23687314071519E-6
0.01696352933403926	0.02196488153317669	0.3687337295418087	0.05243066671481614	0.0587547320709078	0.03907891144406894	0.059327172395156016	0.06287151396826968	0.31987172212336284	3.1408743938893258E-6
0.016992243267477294	0.02111176620205016	0.36802921655347615	0.05071033207831529	0.05923680115941488	0.04010334316564935	0.061652798076159206	0.060847245323906916	0.3213066980835789	9.55608997182944E-6
0.022902734019385765	0.02531245542635903	0.3616983256428577	0.03577807193967389	0.05908084357024136	0.03647158396038547	0.06412387967895405	0.07333883637190466	0.32128733748572663	5.9319045114109015E-6
0.029855871952229787	0.02783722941332563	0.3606112897921121	0.03303526807606079	0.05855917352472566	0.0344458962973751	0.05977530535758237	0.0709553070456879	0.32491940154519106	5.256995709676526E-6
0.028985431168767548	0.021430361691187297	0.3614932760635388	0.03078169660914455	0.052239726273851005	0.035328591529418904	0.0657970204622117	0.07738161241247007	0.3265556184681852	6.66532122486907E-6
0.03819766608231569	0.021307021123250836	0.3528468729038457	0.032955099304353155	0.051384756654160764	0.04304580855112113	0.058046454088847746	0.0757238683585571	0.3264907914798565	1.6614536913900357E-6
0.03243643773514239	0.02171870562551738	0.35666798164603214	0.03840302230002835	0.05372362077279704	0.0375265167290209	0.05981895782601177	0.07231041509824995	0.327390889347448	3.452919752136574E-6
0.027308615150632654	0.023606477674825238	0.35176537716744116	0.0412870225770461	0.05402376372161734	0.04280792415276363	0.057467521729816784	0.07576333321444967	0.32596301268234373	6.951929063719886E-6
0.028067674015997815	0.023883407848507482	0.3518869828034765	0.040520898559483105	0.055865245142439436	0.04276990179170203	0.05880770265643519	0.07337776869971303	0.32481259529623585	7.823186009503491E-6
0.026785231625941264	0.025330962124758105	0.3510651352613365	0.04084230975056883	0.05772203370551635	0.043614804668810035	0.05970946266510258	0.07084499598342787	0.3240780348177743	7.029396764154927E-6
0.02537494101140625	0.025519762987846015	0.35099833513403306	0.042252863422493174	0.06059336420246693	0.04270267582979615	0.06273711509890692	0.06646807172702102	0.3233480781545844	4.792431446173917E-6
0.025356544507184733	0.024037075741802846	0.35020319596498306	0.04491168015935345	0.06025224143683388	0.0441131785798281	0.06136215383833188	0.06634414138148445	0.32341176390475357	8.02448544398593E-6
0.025611116606969395	0.025005218427573445	0.34954554747121735	0.047501048866550516	0.060407820283611004	0.04455921117384773	0.06044616124219443	0.06254841691684826	0.32437192239187584	3.53661931204452E-6
0.02447564005495491	0.026037464202456256	0.34754297213192736	0.05077700002035436	0.05874347101687058	0.04112185983991322	0.06292196921426398	0.0628946923214687	0.3254775298504528	7.401347337815389E-6
0.024829300312808042	0.025372857674425223	0.34564266869250126	0.042186661561161146	0.0571003118604623	0.03973785184743138	0.07406896098873629	0.0661046866242848	0.32495367118689505	3.0292512946117345E-6
0.025486979892646963	0.025400036906689488	0.347101503598763	0.042812976954268465	0.056216359275949895	0.039998632210214456	0.07422055868488792	0.06601113534275405	0.3227487077145089	3.1094193167907624E-6
0.026578796870024693	0.026453642230125737	0.34454168806097696	0.042983945516296036	0.055974847702068405	0.04038864489636353	0.07313822454435026	0.06504886775561178	0.32488352241135027	7.820012832338019E-6
0.02778525197610919	0.024799206295773202	0.3456914311355729	0.042456321821797316	0.055176649802065506	0.04229837797041504	0.0743887997163955	0.06422741927280967	0.32316976965616534	6.772352896269873E-6
0.018603146302203	0.02572267679666669	0.3445402055634433	0.046634759023321086	0.059584120049797615	0.04177008584427821	0.07446256914255978	0.06319977930060841	0.325476544474317	6.113502804966364E-6
0.020892686574060335	0.02141461455495111	0.3473135186270244	0.04836931674483335	0.0598351348434611	0.04385776846077217	0.07568431554163534	0.059280232272181564	0.3233472266326273	5.185748453290229E-6
0.021706925738485275	0.01805663892641851	0.34988408006783345	0.04992890586537129	0.059622680169998554	0.044156056875744705	0.06516201541210087	0.06314520636623547	0.32833214164827745	5.3489295344794074E-6
0.023762157136368714	0.026363232314122423	0.3494781673450232	0.04477765371484777	0.05585262645714445	0.044043178870478324	0.06365169730705744	0.06259078693927167	0.32947931464556224	1.1852701238268537E-6
0.02083948687711172	0.03261948024344255	0.34819074550473433	0.03959764824681177	0.05586268803094043	0.03956401079283179	0.06220626529648792	0.06985471614114194	0.33126403431804863	9.245484489384115E-7
0.020656768978973575	0.03160018426019401	0.34696265552304645	0.04116873293711941	0.05327697147022564	0.04394614643081868	0.062046519169821936	0.06908058689565293	0.33125878175459283	2.652579554618395E-6
0.02652323198812967	0.0199770957650357	0.348721894031198	0.038689828649959124	0.044385097128720644	0.06494845526076035	0.06106809098279087	0.07637674868919313	0.3193069174218323	2.640082380211961E-6
0.02862391190470316	0.01532175089409775	0.34965744676483035	0.03852348489354107	0.04382889377175762	0.0656311403309642	0.05814332155496745	0.07882266935716521	0.32144162222064676	5.758307326422796E-6
0.029671082247556532	0.015788185731850243	0.3524056393746673	0.039242869836688836	0.045286610805878875	0.0646212067282739	0.06074642492750511	0.07612260092990972	0.31610907929860166	6.300119067853549E-6
0.04412530181050059	0.026777441917523168	0.35885541028691303	0.03312457600499598	0.020418758379198335	0.07207133134064786	0.05788456284128802	0.06790961535588035	0.31882575207366853	7.249989384158773E-6
0.04746200159060239	0.026177068207427295	0.354948214512844	0.03196223046434127	0.02201805813082469	0.07343354542336636	0.05808250949241485	0.067735934444002	0.3181755580954057	4.879638771479455E-6
0.050371006716430265	0.02256316492549272	0.3527349824964543	0.03153973466058743	0.024686841718363398	0.07131198144116516	0.06373453878958518	0.06422732099479692	0.3188246618228605	5.766434264101172E-6
0.04694157725859563	0.019987509447015037	0.35191514495253895	0.0323200352819875	0.023991081144852863	0.06926738027956367	0.06469224046001598	0.06284975842089649	0.32803115944280353	4.113311730405411E-6
0.04895816877472097	0.01922752191671548	0.3530339433844315	0.031470868012140954	0.021795383025728962	0.06735417668515432	0.06530488437553839	0.06194364593803234	0.33090635309052885	5.054797008199885E-6
0.049988570398787915	0.015407873522425078	0.354796677153875	0.033118148740066924	0.021802906877322267	0.06080843149951323	0.06484003099965693	0.06577138337922303	0.33346425699699195	1.7204321377528586E-6
0.0481872644379916	0.017147691606243784	0.3521522727648511	0.032336896316217084	0.019964386576839133	0.05889317728686279	0.06541551033605357	0.07050101049716614	0.33540021609666254	1.5740811122044729E-6
0.04828371893134998	0.015765306184535435	0.3537944093439133	0.033704822674006	0.01763789688057911	0.05821887922274523	0.06702326621125822	0.07310067622023403	0.3324644387194706	6.585611908041522E-6
0.04517825219915379	0.018004696969033687	0.35585461757418646	0.03319468242074139	0.016035765687536285	0.05987925230126992	0.066699447204036	0.06996520341094822	0.33518340434817345	4.677884920742392E-6
0.043625421497749124	0.01690520178031822	0.3561663210471421	0.034277386341623584	0.015592099493224695	0.06201796969219561	0.066545860781571	0.07119027797357098	0.33367368872123737	5.7726713672962005E-6
0.04227445669383838	0.017342894559024158	0.356505512479262	0.034654155582093324	0.016474771576836383	0.06249577616984338	0.06519274278380018	0.07162947281351548	0.33342533024304877	4.887098737901829E-6
0.04085542136799232	0.017992235495152165	0.3593347728034761	0.04088118367343813	0.016532745878000965	0.06568092594378575	0.062324354199524236	0.0654217382959045	0.3309708001847084	5.822158017407264E-6
0.04032510829026427	0.018229941088088758	0.3598208350194729	0.03856464232742635	0.01799268028022201	0.06625556555069861	0.06198398620887894	0.0670990803452669	0.3297247271871528	3.4337025286435008E-6
0.04127202414415662	0.018181019009816807	0.36067547550610396	0.04078181055127566	0.016725845177981744	0.06582855363124818	0.06127234487677614	0.06635731133299361	0.3289022372754666	3.3784941807502022E-6
0.04057965187400308	0.018235621316971956	0.36208517059807077	0.038779484571929944	0.01652515157420728	0.06480050203198212	0.06307674909002711	0.06694439443773118	0.3289692019215246	4.072583551922859E-6
0.04088613146596157	0.018259393204437743	0.3637867580027349	0.038606123202347374	0.016658614135495783	0.06667505537234314	0.0630781335153478	0.06532665585309394	0.32672162536884664	1.5098793910567343E-6
0.04154696889415311	0.01652209115480377	0.3635148725173529	0.03620737430347171	0.017519393296691305	0.06412557968696653	0.06477703234393459	0.0651786883676686	0.33060676341378575	1.2360211717604708E-6
0.03957734489050134	0.018964785162055728	0.3558721987197773	0.04102729182990176	0.021974708029173465	0.0656044587016846	0.06850909452243809	0.06140218300342868	0.32706600176936546	1.9333716736180673E-6
0.03946054826716301	0.018189043574278682	0.3580966090408577	0.041308965745383196	0.022952497559588433	0.06448583812104419	0.06711846312472083	0.06271523649340438	0.32566704615375297	5.751919806507022E-6
0.03698469899905514	0.016985145434981197	0.35446954186767254	0.04116102876899331	0.027732298486903742	0.06513151753597621	0.06977064488186283	0.06378739902563973	0.3239700693769915	7.655621923799427E-6
0.037148060563975224	0.018988959862818705	0.353365698754521	0.043369348538163356	0.028131474715437768	0.06506453801904205	0.07082035394485466	0.06055240546018818	0.3225542582612307	4.90187976839862E-6
0.03417163430948349	0.022253282234991206	0.3546898661439079	0.04177580390682799	0.024218967340375694	0.05993356317172658	0.07563604365389737	0.06346043327338931	0.3238538932766602	6.512688740245576E-6
0.036020413548771474	0.025280711913851478	0.3535555186603876	0.04056615273740762	0.024009724978649005	0.0564352629965638	0.07624811567362696	0.06639448444243967	0.3214825659995543	7.0490487481672526E-6
0.031070808389156587	0.024879407761484187	0.3579642871258124	0.03848701371346138	0.01795083784327077	0.055546963177371726	0.08404674926732043	0.06878097325734833	0.32127002234521723	2.937119557039347E-6
0.029732047313698454	0.025075402078329964	0.3568545546236107	0.03690845704343916	0.019675715067159774	0.06100307148979787	0.08012266011441846	0.0658488688756331	0.3247742048930137	5.01850089879019E-6
0.03097618546186165	0.0252805080012167	0.35896232925609084	0.03594344191032288	0.021882787015282346	0.060601288352884385	0.07688029404580131	0.06581092571739962	0.3236544004350315	7.839804108775161E-6
0.03461525917997742	0.029091908117591506	0.36003376761051237	0.039269349772539555	0.020749332733738565	0.05602749812335268	0.0739515583728487	0.06433856638100982	0.32192146654943865	1.2931589907366758E-6
0.03358764687346326	0.03058310691943708	0.3537941363535582	0.04015992477289419	0.024530302172948645	0.06052254277954967	0.07368114131005549	0.06373143920139837	0.31940543770732	4.321909375104571E-6
0.028219800132356962	0.025394408984132325	0.3537974017126852	0.04225632402844104	0.016414558926269446	0.0692137613609194	0.08034716170764636	0.06844768950184087	0.31590357698667326	5.316659035151106E-6
0.031073726698302204	0.024258950407739108	0.3529161487307286	0.04491634529794703	0.01627787009346897	0.06904870095241937	0.0774351003528227	0.06645421515069289	0.3176108184731998	8.123842679383375E-6
0.033194854542816246	0.02453003278362785	0.3468258864129841	0.042732396350580786	0.019431866249757998	0.06938069912502914	0.08080483829966098	0.06616165162590398	0.3169296499772417	8.124632397174536E-6
0.03242473378850344	0.024135330411876044	0.3464250121718004	0.0436253197472892	0.019324321321162047	0.06887252488350429	0.08185531398926543	0.06716195913440107	0.3161682441234473	7.240428750790451E-6
0.03803163101211047	0.0183313236539394	0.3390966705988916	0.04946009832223991	0.022329064986612093	0.06868130440797748	0.08439069772667225	0.06750107417044748	0.31217608670909025	2.048412019076129E-6
0.037920729048244214	0.018125476422079942	0.33852715608408873	0.05047248766651802	0.021503745101445745	0.06848808323547699	0.08393479222314917	0.06818942229997951	0.31283499408000304	3.113839014592945E-6
0.04127793172325983	0.01833667358706241	0.33596497816581383	0.04425126493462728	0.016658894673855923	0.0708067101554781	0.08927071427190722	0.06586639789751368	0.3175610628069385	5.371783543178799E-6
0.04282122411630139	0.016940938027045216	0.3391186627599274	0.04613261898959413	0.01681013842225995	0.07012931797309042	0.08853958363807583	0.06304334590669529	0.31645816342345995	6.006743550404647E-6
0.0422156953234903	0.015327538019971235	0.3381284343710724	0.04572073133132615	0.01685393056001512	0.07029959923054786	0.09003124793287944	0.06300092921809292	0.31841377381155955	8.120201045000441E-6
0.03984853315063129	0.016450710046041234	0.33780586748007835	0.04218639875242482	0.018628735208655114	0.06990853266103825	0.09348040257291085	0.06371400728325616	0.3179685219208112	8.290924152762336E-6
0.03953147820814838	0.021702006133608287	0.3348543098590189	0.042898424429584664	0.017767921498383146	0.0675751142622125	0.09486917324064344	0.061171460636633514	0.3196252779983146	4.833733452669353E-6
0.0399869710381998	0.02322924422686326	0.33285859536591555	0.040670399944849146	0.018231720818535316	0.061121317796679446	0.0987701303989427	0.060848171474096074	0.3242800963349379	3.3526009808049206E-6
0.038911567653259545	0.024596651165459713	0.3323576635634135	0.040208184843220245	0.018963996011095163	0.05825975526613152	0.09930561690766446	0.06509082203059915	0.32229833494152277	7.407617634000441E-6
0.04324815754136458	0.019417033131072	0.3409834846743537	0.03816925175967614	0.018438006703963755	0.061084212307766464	0.09496098649407432	0.06184393303895007	0.32184623017648806	8.704172290943668E-6
0.0386439778019682	0.01964030131861745	0.3407527647585948	0.04010997592653719	0.0206001634121198	0.06724336739165199	0.09796772081551729	0.059220084180228165	0.3158127808364737	8.863558291466456E-6
0.03623517811815087	0.022018654227024773	0.34781632230894094	0.03402461606199078	0.021005171010543194	0.06197728011874871	0.09508026275071038	0.06444855602995597	0.31739110237637447	2.856997559932961E-6
0.0431900793751326	0.030032829701356845	0.3357789454178476	0.03175644542030211	0.019418422281570286	0.055298761055286874	0.10267455924939138	0.06818583939403	0.31365850560297537	5.612502106983053E-6
0.03777460948611121	0.036798542204744544	0.3332160805283121	0.03828842439734859	0.021652429249238436	0.05344585905938976	0.09866032016451222	0.07084401459790868	0.30931830485249623	1.415459938272634E-6
0.03750364416355919	0.03756681638495321	0.3343893370980387	0.03443964070721102	0.023302770305048667	0.05458456632378936	0.09675966791424115	0.073223967628426	0.30822093148309115	8.657991641611296E-6
0.050498053935019466	0.019299561936567913	0.3399971889912392	0.03973359808362454	0.018979979945214068	0.06473234531074608	0.11424368956033563	0.056535023580599225	0.2959764220995171	4.136557136782959E-6
0.05289755905397667	0.017775092560581754	0.3401020100645101	0.03918405702262676	0.018393617353104866	0.06435623324356787	0.11517213435768636	0.05758812223292942	0.2945211529935006	1.0021117515537914E-5
0.04972450403067996	0.016979059997647372	0.33747002750373456	0.040010374541510414	0.017970200059615624	0.06141905013223226	0.11993399468091463	0.06077701108363718	0.29570803378106325	7.744188964722842E-6
0.05248735709463017	0.015446382970524627	0.3359520810397256	0.03629162178150172	0.020781535181516944	0.0688466565135438	0.11793080186538409	0.05987828364174332	0.2923786803181931	6.599593236608636E-6
0.04869679394130172	0.016341271007103766	0.33866522132276455	0.037751155329515285	0.019537844499433646	0.06514902619660272	0.1172059491600848	0.05955361929042559	0.2970922136532071	6.90559956077752E-6
0.049658627370646455	0.016875023659014526	0.3348779782524568	0.04057253013195278	0.022995939674104668	0.06525744580975926	0.11881707635848854	0.058400173965573995	0.2925436136002291	1.591177773888064E-6
0.051058855807367104	0.01641619167180411	0.3348508437643158	0.04132197419224894	0.02240100708834368	0.06404846120051166	0.11951133077502041	0.05961848281103795	0.2907656019372354	7.250752115009473E-6
0.05229887158942964	0.0162505696861191	0.33274308808629716	0.040924004726098695	0.02261264808063282	0.06392965265659495	0.11982991944971207	0.061968225464968385	0.2894370482188573	5.9720412899227915E-6
0.05341885022107007	0.015729652591712037	0.33541921037058003	0.040645508256629284	0.02153781647868387	0.06183862296599352	0.12069974901707793	0.06013368528703235	0.2905750289255128	1.8758857080886093E-6
0.05456099906530475	0.017928517778317457	0.3409083058571965	0.04097985943483192	0.01937404352563657	0.059155739362380375	0.11773254758603792	0.0631888783921146	0.2861696428958376	1.4661023423762076E-6
0.051812249447319034	0.01830278179330727	0.34215903730773617	0.03772777502199248	0.02138866397537402	0.06283391303539737	0.11567973062783735	0.06456857347055972	0.285523754789269	3.5205312075431427E-6
0.05192804857757284	0.0220772575299705	0.33937480649645085	0.03883286973377384	0.0192896373940456	0.06777107144906493	0.11352415936450794	0.06088264225442755	0.2863174703301507	2.036870035262983E-6
0.0529368808911793	0.021427955977295396	0.33798814173596786	0.03910267820135294	0.01984501420443291	0.06782822984004355	0.11194752439162706	0.062169621875949245	0.2867473551856866	6.597696465118763E-6
0.051612384531572436	0.025088727033680883	0.33917523157053775	0.03735586882347351	0.01754220938760348	0.06886787593286903	0.11340831835710631	0.06133224178998842	0.28560818728299603	8.955290172071861E-6
0.0512546008936574	0.024868908301823492	0.338413000541965	0.03672900368202939	0.01630129906450066	0.06750249440513889	0.11481167503809478	0.062067441928038904	0.2880492061126599	2.3700320915809314E-6
0.053051564561605605	0.02327458589308215	0.3390847913234632	0.036522264025199064	0.015459643967203479	0.06812151844497	0.11789460868880573	0.061770936080382984	0.2848148628882378	5.22412704995201E-6
0.05331636979938252	0.022933310385136685	0.3388009177400504	0.03600748057035234	0.01623333765977615	0.06887035191901515	0.11746264109095023	0.062319354878272865	0.2840507233039123	5.512653151282243E-6
0.05679669856297588	0.02255591108240676	0.33797660766331983	0.034548073803276916	0.01622942931973148	0.06965964382833537	0.11836965308367862	0.06071758866034986	0.28314084724849614	5.546747429169274E-6
0.055570123184752435	0.020383091385996185	0.3369475997238961	0.035342486311131294	0.01719286197606691	0.06796422616204106	0.11865066227369148	0.06284987180544446	0.28509268806002175	6.389116958327445E-6
0.05275554403657135	0.0210195975439722	0.33687134403969654	0.03304535173815394	0.020478516759310145	0.06743220789118204	0.11965741396699753	0.06297338031003197	0.28576454040499827	2.103309085996208E-6
0.05524406587704117	0.02456904605366267	0.338329491909737	0.035626536288910216	0.021513323602751294	0.06323317399715397	0.11474848899911987	0.059269571095280256	0.287457126539398	9.175636945621402E-6
0.057928696514669864	0.02293604204591372	0.3370138140282482	0.03345712485218513	0.02115756513371031	0.061559353147423834	0.12326670477937954	0.06147034262205295	0.2812087986164671	1.5582599493385585E-6
0.05825916297389082	0.020289110627714463	0.3375984261816496	0.0323210451394365	0.02040377192832811	0.06576083137061856	0.12363705649267616	0.062172831141276266	0.2795515208789603	6.243265449235036E-6
0.05730059737387248	0.02021720498301187	0.3369634834688828	0.03422694349579741	0.020764263039726616	0.06291102355476466	0.12400457520889613	0.060137279646137756	0.28346495778466324	9.671444247044692E-6
0.06210995761317369	0.023016559349410784	0.3343839145611297	0.03280545735709045	0.015586117296572041	0.06377451167456143	0.12214342852602637	0.056405083060628844	0.28977388495625994	1.0856051467639238E-6
0.06184993507934209	0.024081538634864508	0.33467573498681624	0.03243656247769955	0.016309740680757884	0.0638890683523101	0.12214058865431451	0.05630388940253884	0.2883111533500472	1.788381309028586E-6
0.0639717097307154	0.022414830378327436	0.33163437873342305	0.03150672202574473	0.020409279916922554	0.065673884467969	0.12191126272411308	0.059924647541440064	0.2825462749848948	7.009496449855712E-6
0.061998034173901095	0.021544598420616956	0.33413224239962497	0.031847627685798546	0.021018618437723305	0.06328433022166499	0.11886143596845343	0.06294114936408737	0.28436535780410177	6.605524027508691E-6
0.05737034130630507	0.026673539225663803	0.33053707432456475	0.04083757169197471	0.023960753517188016	0.05681860320565122	0.12128650135441715	0.05836420254458777	0.28414453665642425	6.876173223313575E-6
0.05621774791551101	0.027808370392746404	0.32914325528366123	0.043109416032926944	0.025848984040039963	0.05585754328214924	0.1193899306527166	0.05803247346558996	0.28458838847308787	3.890461570760229E-6
0.05499272136195628	0.026705724545374634	0.3265746811526921	0.04494072861734716	0.02500650565376268	0.05637645479174759	0.12251086920621912	0.05733489952800243	0.2855542180695665	3.19707333147623E-6
0.05550474393773103	0.02837340403960356	0.325008964651567	0.044392651489378196	0.02604543331404255	0.05694152431371864	0.12170471207074858	0.057594935850195005	0.28442958387991263	4.046453102826697E-6
0.056781495540662655	0.02723787505305887	0.32509683379343995	0.04331511341590312	0.026024559898452634	0.056576813684014376	0.12182651243126695	0.058320523742472805	0.2848173452602036	2.927180525080786E-6
0.055063207668221203	0.028097667451115485	0.3271423779525562	0.04429131594175611	0.031153849399621916	0.05349857764003057	0.11807896770593235	0.057278637913586464	0.2853906780006626	4.7203265170631115E-6
0.05432069967744326	0.02882488786716879	0.3272709883325147	0.04444887506148695	0.030812373050872116	0.052487703887464744	0.11918882583867535	0.05719653825093311	0.2854470279420873	2.0800913536483945E-6
0.05571115449527604	0.02828896064326654	0.32794313972970934	0.0441818601090137	0.030148043843053862	0.05398925866449319	0.11743318177422563	0.057113205602822625	0.28518188972870423	9.3054094348205E-6
0.056678411653633756	0.02786872568702431	0.3280793896842697	0.045038672197057275	0.02126502621806528	0.05575396998524544	0.12500320990095823	0.058202959968724516	0.2821011217587028	8.512946318706138E-6
0.05680079248418187	0.0315652872533848	0.32347042769040935	0.044040827471599375	0.03383664520857195	0.04934754178598219	0.12031333323309626	0.05695417719647686	0.2836634311527748	7.536523522505556E-6
