0.3485238517418843	0.4022691665390812	0.24920698171903463
0.34913539620092515	0.40210123230441697	0.24876337149465805
0.3487155875615801	0.4002880481218071	0.2509963643166129
0.35199382690261133	0.39753147812681056	0.25047469497057817
0.3501823170102136	0.4002497417315714	0.24956794125821513
0.3494336199548587	0.4023962509226846	0.24817012912245678
0.3508375612958475	0.4009754460354661	0.24818699266868655
0.3483633774435593	0.40169755219271863	0.2499390703637222
0.352817892889959	0.397719373770398	0.24946273333964303
0.34829100857756207	0.40173286495011296	0.24997612647232503
0.34792220678152214	0.4003560278681284	0.2517217653503495
0.35296478535871034	0.3965498140749065	0.25048540056638324
0.35097325495527903	0.39913278862970014	0.249893956415021
0.34861160186146933	0.4018512135951549	0.24953718454337584
0.35094718794848595	0.39733017641130974	0.2517226356402044
0.34758069446012174	0.40070289540899334	0.25171641013088497
0.35243402634168525	0.3972452857976835	0.25032068786063144
0.3479509472957378	0.4007313356403676	0.2513177170638947
0.34918166396578165	0.4028049449806942	0.24801339105352432
0.34923830736037603	0.39905553212781525	0.25170616051180883
0.35255216079362556	0.3973335629543745	0.250114276252
0.3505088503902253	0.3995010473852573	0.24999010222451748
0.35039130766669463	0.39845014292639536	0.25115854940691007
0.350711347595435	0.3997279326729224	0.24956071973164268
0.35082532759475227	0.4008030760198345	0.24837159638541337
0.34760938704210764	0.40275620843545423	0.24963440452243818
0.3478789703982177	0.40237495781018884	0.24974607179159364
0.34781769943593027	0.4038793240913706	0.24830297647269922
0.3508908100096238	0.39859232607809364	0.2505168639122827
0.3494111999099353	0.4017671835185212	0.2488216165715436
0.3485841660137484	0.40034610176850666	0.25106973221774503
0.34914516566526227	0.40021418735079844	0.2506406469839394
0.34922886996640035	0.3993191159492493	0.2514520140843505
0.35146134436739934	0.39694108844902504	0.25159756718357573
0.35299600426134636	0.3986843130488018	0.24831968268985194
0.34778976584912336	0.40227592471195384	0.24993430943892292
0.3517035245022214	0.39934479502511144	0.2489516804726672
0.3485693302512567	0.40033524606314896	0.2510954236855945
0.3487519797932576	0.39958369622338075	0.2516643239833617
0.35082000010600367	0.39772224494604536	0.2514577549479511
0.35302725149054437	0.39643802956621665	0.25053471894323914
0.3522516842493974	0.39615803022915164	0.25159028552145113
0.3480258733343891	0.40110603689078517	0.2508680897748259
0.3528000090173286	0.39789940352583253	0.24930058745683897
0.35309444313058064	0.39835210234849905	0.24855345452092042
0.34785162707255235	0.4015848213773359	0.25056355155011184
0.35186057239013957	0.3995331251595108	0.24860630245034976
0.35213541734318504	0.3970663786214386	0.25079820403537645
0.3519923259425122	0.3970292984940397	0.25097837556344826
0.3511631073513858	0.4002512607442055	0.24858563190440885
0.3495224679714126	0.3997340060217896	0.2507435260067979
0.35200038593119115	0.39875740417193345	0.2492422098968755
0.3538999567316215	0.39552085533957776	0.25057918792880085
0.3509990165660608	0.3989526419936808	0.25004834144025845
0.3519160371477804	0.39949876257145456	0.24858520028076517
0.3488278393426171	0.3995675761887737	0.25160458446860934
0.35244026865601147	0.39838171666701516	0.24917801467697348
0.34778361632610943	0.40378158443145057	0.24843479924244016
0.3485852906308681	0.4020806009705899	0.24933410839854211
0.3483332892291834	0.4007687302437373	0.25089798052707935
0.34823284725422937	0.40143787051200336	0.2503292822337674
0.34978960117299085	0.40216286662426765	0.2480475322027416
0.351007278314968	0.3981358188989075	0.25085690278612466
0.35389991082045086	0.39645224366750853	0.24964784551204075
0.35034942222806953	0.4013762731908289	0.24827430458110172
0.3517811508383005	0.39979519689813153	0.24842365226356802
0.35248296048278743	0.3960188802980633	0.25149815921914936
0.3533010959748012	0.3984668257248074	0.24823207830039146
0.3504375663300067	0.39809190259061034	0.2514705310793831
0.34922812842542666	0.40290484050888237	0.24786703106569108
0.35036811965064263	0.3988834832482863	0.25074839710107116
0.35151150908494017	0.39697449796351025	0.2515139929515497
0.34854266811840373	0.40060250679690557	0.25085482508469076
0.35389418970923076	0.3952625255628063	0.25084328472796313
0.35328571705027184	0.39574910083273546	0.2509651821169928
0.3539144370199135	0.3956131597430174	0.2504724032370692
0.350121963824787	0.40093612740032425	0.24894190877488886
0.35218784480620996	0.3999172246737772	0.24789493052001293
0.35199043582530354	0.39791770600508825	0.2500918581696083
0.3487910386817118	0.4011532919916543	0.25005566932663403
0.3535856223790913	0.39700979107918805	0.24940458654172076
0.34961282790456466	0.40071205024752854	0.2496751218479069
0.35144077343674157	0.4002410762832963	0.24831815027996224
0.34899270555473483	0.39933555783160923	0.25167173661365605
0.34892413437374914	0.4011277119007302	0.24994815372552076
0.35076812387876327	0.40066028139565135	0.24857159472558543
0.3499605956029144	0.4015130723496748	0.24852633204741087
0.3510790114150862	0.39833996454172	0.25058102404319393
0.3478700505530036	0.4033683749384528	0.24876157450854375
0.35318345464072526	0.3968524305379855	0.24996411482128933
0.3519154834470169	0.39746521159385007	0.2506193049591332
0.35044609056816967	0.40141922823503456	0.24813468119679588
0.35257500086356336	0.3996071965913033	0.24781780254513341
0.3492110431868875	0.4005586126479357	0.2502303441651769
0.3534782328479666	0.3961981809449848	0.2503235862070487
0.34945369786932245	0.4015492227033284	0.24899707942734925
0.3482841134108435	0.403664686637486	0.24805119995167063
0.35377368874309245	0.3970789157434066	0.24914739551350104
0.3498736219402132	0.4018057069409139	0.24832067111887307
0.348723972915985	0.40084284172722917	0.25043318535678594
0.35180758692387465	0.3992132773594154	0.24897913571671004
0.3493802226734751	0.3990028614298427	0.2516169158966823
0.34958865218669755	0.401674693071034	0.24873665474226853
0.3485582067474357	0.40271712301750323	0.24872467023506117
0.3502363324369701	0.4013912258353182	0.24837244172771178
0.35124827301351863	0.39978293634920226	0.24896879063727917
0.34855392431587634	0.4032007468144851	0.24824532886963868
0.3483745638789063	0.4004812333615826	0.2511442027595112
0.3535332718910884	0.39600870639851915	0.25045802171039255
0.3529975191651539	0.3973825175979039	0.2496199632369424
0.3488652183670112	0.3999650335713523	0.2511697480616366
0.3510619277440982	0.4007582386544752	0.24817983360142667
0.3519741274556618	0.3983490553689927	0.2496768171753456
0.35281817737565624	0.3983124779085154	0.24886934471582847
0.35215028331384435	0.3994234170156066	0.24842629967054913
0.3511483701889278	0.3989397089129584	0.24991192089811387
0.3536956320285297	0.3953271623963747	0.2509772055750957
0.35135438022266174	0.4007833382951653	0.24786228148217304
0.35369881366274475	0.39716501056830167	0.24913617576895375
0.34810794609614426	0.4029455196341345	0.24894653426972133
0.3477495667654884	0.4032361360415728	0.24901429719293888
0.35340927876936007	0.3976391964310354	0.24895152479960464
0.3503347160401816	0.39866767835689165	0.25099760560292683
0.3537523332194567	0.3963681277330143	0.24987953904752913
0.35385056611577864	0.39621503317806955	0.24993440070615194
0.3514021189347536	0.3976602382657872	0.2509376427994593
0.34817346552377315	0.40163304433509717	0.2501934901411298
0.3534731399418465	0.39729456535985924	0.24923229469829442
0.35197785594135056	0.39641849658375844	0.25160364747489106
0.3498372373129976	0.40019057082740594	0.24997219185959652
0.3516900409075628	0.3989320659215316	0.24937789317090575
0.34961591310272566	0.39905385806758675	0.2513302288296877
0.3528966261010461	0.3983569642640238	0.24874640963493022
0.35245397161662273	0.3973917446453719	0.2501542837380055
0.34970757652896556	0.40094105472975733	0.2493513687412772
0.352305308964256	0.3980093588247189	0.24968533221102526
0.35313746254336176	0.39570005476967224	0.2511624826869661
0.34903850598573133	0.40260172798640015	0.24835976602786863
0.34872780351002475	0.40093873526519824	0.2503334612247771
0.35071289720872023	0.39832900943532734	0.25095809335595254
0.35183102096624685	0.3978106071744059	0.25035837185934734
0.34947552961485634	0.4007235163615278	0.249800954023616
0.3520712409515308	0.3962598971571174	0.2516688618913519
0.35084353572482196	0.4004784017997455	0.24867806247543267
0.34878580751148286	0.4003481725820001	0.25086601990651713
0.3523115444144339	0.39653741019259187	0.2511510453929743
0.3511642161493094	0.39984309187660616	0.24899269197408447
0.3511137759725623	0.39795720502134063	0.2509290190060971
0.3527558759117271	0.39834425576384475	0.2488998683244283
0.34836057697847583	0.4029471888620855	0.24869223415943875
0.3523093617510828	0.3968522360630395	0.25083840218587783
0.3536991087468416	0.3978937212332241	0.24840717001993445
0.35060624961335324	0.39853347107801057	0.2508602793086363
0.3533568087005073	0.39791891275147806	0.24872427854801477
0.3500397653948538	0.4006341333344732	0.24932610127067312
0.35139782572501876	0.3980803381537913	0.25052183612119
0.35107301756045145	0.400319332344307	0.24860765009524166
0.3528450868691855	0.3993349567519691	0.24781995637884552
0.35309806749763745	0.39771944252933444	0.24918248997302822
0.3520958268479365	0.39919989569731895	0.2487042774547446
0.3487708879275798	0.39995229357684214	0.25127681849557815
0.35392560354645886	0.3951882624711693	0.25088613398237203
0.3500271075638114	0.40019849597076296	0.24977439646542576
0.35280508040108194	0.3993448401778944	0.2478500794210238
0.34804033145263313	0.40306241814690635	0.24889725040046065
0.35027167318931696	0.40096477828022326	0.24876354853045987
0.35389232329809533	0.39582464979242554	0.25028302690947923
0.3503165631483991	0.39966260701226675	0.25002082983933427
0.3531254750978047	0.39814592981602454	0.2487285950861709
0.3529096704242817	0.39633598566184863	0.25075434391386975
0.3530404748130496	0.39676353233743544	0.2501959928495151
0.3495501004719774	0.4007534426860936	0.2496964568419291
0.35202668558709627	0.39933498261137357	0.24863833180153022
0.34917858968108234	0.4003556143103274	0.2504657960085904
0.3482337877197732	0.40204669039627694	0.24971952188394994
0.35328754743518764	0.39561248687428674	0.25109996569052573
0.35334175134954293	0.3959527349344348	0.2507055137160224
0.35027865640209255	0.4002685840649301	0.24945275953297746
0.3479897261601268	0.40099487401073153	0.2510153998291418
0.35099942315565924	0.39916889081761436	0.24983168602672645
0.34920231257857137	0.401098624288987	0.24969906313244172
0.3490051195460692	0.40258498350876193	0.24840989694516896
0.35185311535983893	0.39766026866036824	0.25048661597979294
0.34867235066930696	0.40144295296145893	0.24988469636923424
0.3512516904893955	0.3986414256867882	0.25010688382381646
0.35215748127969265	0.39957864608334726	0.24826387263696015
0.35021202477450897	0.3990837665998455	0.25070420862564563
0.34895018773886644	0.40319031738716943	0.24785949487396428
0.34783222330900065	0.4033503330739245	0.24881744361707495
0.34950069283403645	0.400133757172812	0.25036554999315164
0.3481145863494999	0.40267433669058234	0.2492110769599179
0.35078747633372886	0.39998579314772054	0.2492267305185507
0.3529380059048764	0.39883073152957826	0.24823126256554542
0.35061081665529265	0.39895691980278825	0.25043226354191916
0.35211211159687783	0.39944883349245985	0.24843905491066243
0.3531722239880955	0.3988518150218091	0.24797596099009545
0.35086228301735395	0.39827740467163003	0.25086031231101613
0.3504709888698535	0.3995484382594433	0.24998057287070324
0.3513706895285774	0.39851290298412406	0.2501164074872986
0.3512608077124798	0.39928039424749473	0.24945879804002558
0.3523178569339656	0.3994514385140867	0.24823070455194776
0.34965215058739774	0.40112480780516035	0.249223041607442
0.3539214073068151	0.3966230143316963	0.24945557836148877
0.349261012462596	0.39988041035273697	0.25085857718466714
0.3513468791397527	0.39920691430586497	0.24944620655438238
0.3483195457376242	0.40122118889037167	0.25045926537200425
0.3490333559875316	0.4008062716415616	0.25016037237090694
0.3512193457686233	0.3977256119484331	0.25105504228294373
0.35093175384730735	0.4009557738667866	0.24811247228590616
0.35311102879257616	0.3972429253325316	0.2496460458748924
0.3478785606913559	0.40235290886976777	0.24976853043887642
0.34792158513064714	0.4030011283752547	0.24907728649409827
0.34859820392569596	0.4014131422175691	0.24998865385673508
0.3476765816103565	0.4007822157999532	0.25154120258969037
0.35030243869056726	0.4015922587621821	0.24810530254725077
0.3529702529740278	0.3979626120307314	0.24906713499524094
0.35163896761045815	0.3994434106952038	0.24891762169433818
0.351726063233847	0.3971844260360461	0.25108951073010705
0.3536883085485422	0.3959663287534234	0.2503453626980345
0.35338192191253615	0.39808750069577803	0.24853057739168594
0.35302758061891365	0.39541322672710105	0.2515591926539854
0.350109907644422	0.4017352449407774	0.24815484741480065
0.349144498004187	0.4027954914440117	0.24806001055180138
0.3516650481985184	0.39787347603483714	0.2504614757666445
0.3501643678207473	0.39859886185413307	0.2512367703251198
0.3491653513625087	0.4006457885997756	0.2501888600377158
0.3503110733895725	0.40109715319610617	0.24859177341432143
0.34934590001240573	0.40030504560277014	0.25034905438482424
0.3494508881778851	0.40267132683147755	0.24787778499063745
0.3510319220580803	0.39829104491242273	0.2506770330294971
0.3493724003011957	0.40051428384034243	0.25011331585846197
0.35074032473658867	0.3978764329389656	0.25138324232444587
0.35223012625068745	0.39638043086499497	0.2513894428843177
0.35296708962512685	0.3990772819272223	0.24795562844765096
0.3483181238481819	0.4012099027897124	0.2504719733621058
0.3537218962822355	0.3959778021548615	0.25030030156290306
0.35107012426148565	0.3982771824736705	0.25065269326484396
0.34810028222312417	0.40049797951647576	0.25140173826040013
0.35346890075648923	0.39708787732753287	0.24944322191597798
0.3487732638624259	0.40300054220745335	0.24822619393012083
0.3505493003563587	0.4006725640255391	0.24877813561810236
0.3481861675179333	0.4035299748991	0.24828385758296684
0.34867445987421847	0.4026501708577245	0.24867536926805717
0.34810158274503294	0.4005166185985295	0.2513817986564377
0.3481997803597445	0.4017341621589395	0.2500660574813161
0.35264029719943213	0.39690266018272374	0.25045704261784424
0.34883869644795906	0.39999797118147873	0.2511633323705624
0.34949781351974857	0.40129955760963604	0.24920262887061553
0.3536123927291939	0.3979209765472245	0.24846663072358166
0.3505626039321926	0.39939488942477464	0.2500425066430329
0.34898388527770474	0.40046439129013567	0.2505517234321597
0.3516484478375851	0.4005371758398896	0.24781437632252537
0.3518416216876004	0.39831471949680347	0.24984365881559623
0.34898571112904764	0.40106642414828847	0.24994786472266403
0.35183205949030333	0.4002025107732906	0.24796542973640615
0.3498174524236888	0.40008390876556105	0.25009863881075023
0.3530219510065273	0.3962000236657146	0.2507780253277582
0.351206170110835	0.3979558400752153	0.2508379898139498
0.34944918939956465	0.3990377387876487	0.2515130718127868
0.35205678935351237	0.39771125214028025	0.2502319585062075
0.3524804929676267	0.39892262894102437	0.248596878091349
0.35356005756861375	0.39853500445123835	0.24790493798014807
0.3527526227397172	0.39775817977940464	0.24948919748087828
0.3530822113469535	0.39580039800822303	0.25111739064482363
0.34915617981322317	0.4002065176917008	0.2506373024950761
0.34961899032623067	0.39915148570147035	0.25122952397229903
0.3479765640658117	0.4009644033240965	0.2510590326100919
0.3539093042941265	0.3956205515903657	0.25047014411550794
0.3519500332105446	0.3978535813359787	0.2501963854534769
0.3496079281712517	0.39982001102708004	0.2505720608016684
0.35093081386270936	0.40076133608740594	0.24830785004988482
0.34924473970696834	0.4001643156595937	0.25059094463343806
0.34978306064315745	0.4014313260024571	0.24878561335438548
0.35165924309608515	0.39775802073186006	0.2505827361720549
0.35210886482095316	0.3984500273197325	0.24944110785931445
0.34991653757902946	0.40144816381740644	0.2486352986035642
0.3535478558440192	0.39838801051665146	0.24806413363932944
0.3496357961901399	0.39913844610926413	0.2512257577005961
0.3528576480086748	0.39780624532529957	0.2493361066660257
0.3486727115510595	0.40025891921738044	0.25106836923156023
0.3521596004318886	0.39824701139185065	0.24959338817626087
0.3529566286955652	0.39885862367590474	0.2481847476285302
0.3500324477439819	0.4005302944227611	0.2494372578332571
0.3493070926807987	0.40028465071315533	0.2504082566060461
0.3481990514386039	0.4039461529984462	0.24785479556294998
0.34755889458260075	0.4033630994018526	0.24907800601554675
0.3531790047003789	0.3970712033603765	0.24974979193924474
0.3524296890340378	0.39708179645595526	0.25048851451000703
0.34959338574399124	0.4001955170610402	0.2502110971949687
0.34794080675730354	0.40343411158158204	0.24862508166111452
0.3503021600100941	0.4010528002262067	0.24864503976369928
0.34847879551311	0.4017763602077189	0.24974484427917126
0.3501161321766968	0.40123579886953153	0.24864806895377176
0.34959097479281087	0.40095865488514865	0.2494503703220406
0.3515222748943515	0.39713944914717614	0.25133827595847247
0.3491177232774408	0.40029833805679227	0.2505839386657671
0.34820255529304817	0.40384921702287657	0.24794822768407537
0.35106745034261755	0.39944886934119284	0.24948368031618978
0.3535639347462985	0.395314650971442	0.2511214142822596
0.3539743910572168	0.39629918761813937	0.24972642132464393
0.35100488826227944	0.40008486287757805	0.2489102488601426
0.3497727955654429	0.40231056009854255	0.24791664433601465
0.3510735853806956	0.4008606485533174	0.24806576606598707
0.35153406714031904	0.3985088576955323	0.24995707516414878
0.35062812202466176	0.3990193591767274	0.250352518798611
0.34785615301570294	0.40124412389793107	0.2508997230863661
0.34906227916226357	0.4003046953808299	0.25063302545690663
0.3537915207919725	0.3968344244487805	0.2493740547592471
0.34902888083008	0.40002232753890066	0.25094879163101946
0.35258757791595413	0.398025289183076	0.24938713290096998
0.3535497331818944	0.3965185874418572	0.2499316793762485
0.3529627605235109	0.39889792028978044	0.2481393191867088
0.35054618691439376	0.3981867484050301	0.25126706468057625
0.3494120518981759	0.40253076376148045	0.2480571843403438
0.35314389963666437	0.3979054955281573	0.24895060483517845
0.3499406654775596	0.39895486166686894	0.2511044728555716
0.35293649911745467	0.3982428366016726	0.24882066428087285
0.35058195927931757	0.4012481458785897	0.24816989484209284
0.3538232912648241	0.3961467937328826	0.25002991500229343
0.3504733366585051	0.39978042324363144	0.24974624009786356
0.3506227204563086	0.3988937580892834	0.2504835214544081
0.3524156231890757	0.39826614332987154	0.24931823348105286
0.3533942622823363	0.39665182982275016	0.24995390789491367
0.35228393669264196	0.3989689770384065	0.24874708626895164
0.35084503645898185	0.400214451908277	0.24894051163274128
0.35280274600374106	0.3978847022357181	0.24931255176054096
0.3536859770616895	0.39731041299886793	0.24900360993944265
0.3480228081621682	0.4019123832099585	0.25006480862787345
0.3492931536561606	0.400169826346279	0.2505370199975605
0.3511481563593545	0.39762528205003	0.2512265615906156
0.35094211703777833	0.4005052675643562	0.24855261539786558
0.35384564108415395	0.39619862521278515	0.24995573370306096
0.3508757942850528	0.3985311906236736	0.2505930150912738
0.3507237652729457	0.40061900294404873	0.2486572317830057
0.34850501814725315	0.4009654901250906	0.2505294917276564
0.3482650935615699	0.4007246817416549	0.2510102246967753
0.34762644689636846	0.4034173030756543	0.2489562500279773
0.3520992688938015	0.39827980319761763	0.24962092790858098
0.3528105039058415	0.3970075146619305	0.2501819814322281
0.353223373858205	0.39588240879035774	0.2508942173514374
0.34952273458066446	0.40249444816649727	0.24798281725283838
0.3509901533520213	0.3995546145325557	0.24945523211542314
0.3513486282709791	0.4001307827144067	0.24852058901461427
0.3502780247096946	0.4005146937500178	0.2492072815402877
0.3489477772334669	0.40098294808439516	0.25006927468213797
0.3485671697136808	0.3998530107297614	0.2515798195565579
0.35007552284112586	0.400570158852819	0.2493543183060553
0.35341662092253756	0.395662178977781	0.25092120009968155
0.3515986374117761	0.39934985639796194	0.24905150619026206
0.3527756835799777	0.3970006111283528	0.25022370529166965
0.35001414173534784	0.4015301841463308	0.24845567411832148
0.3527596840158814	0.39593041831959314	0.25130989766452555
0.3496580722271951	0.3995730993735682	0.2507688283992368
0.3480363075985284	0.400444487184058	0.2515192052174138
0.34828894899901996	0.4005437544936985	0.25116729650728165
0.34913676038901287	0.40079623409983406	0.25006700551115324
0.3516222967325814	0.39678656215329877	0.25159114111411995
0.3491196973990809	0.3992597583429223	0.2516205442579969
0.353365621077979	0.39824827422432874	0.2483861046976924
0.351170487549492	0.3990658849270643	0.2497636275234439
0.35326432918082407	0.3958828143031861	0.25085285651598993
0.3536490151723346	0.3972452862221369	0.2491056986055286
0.3492012753003865	0.40269615747622745	0.24810256722338617
0.351699811990109	0.4000982751603956	0.2482019128494955
0.34785089553458404	0.4026491966880684	0.24949990777734765
0.3530427157908085	0.39817021896960825	0.24878706523958338
0.3477895030259975	0.4038223478579548	0.24838814911604787
0.34840442049801335	0.40291024352323235	0.24868533597875442
0.3514662658296144	0.39878608924539194	0.2497476449249938
0.35177044114660716	0.3991954923917995	0.24903406646159346
0.34824916182427934	0.40277904796121033	0.24897179021451044
0.34832420807749026	0.40174985421287	0.24992593770963978
0.34926841694034183	0.4000653589549224	0.2506662241047359
0.35082698783084176	0.39754420055468487	0.25162881161447354
0.35226557106787826	0.39711512696942675	0.2506193019626951
0.34850637605786194	0.39982141809736893	0.25167220584476924
0.352268310166981	0.39613473603079236	0.2515969538022268
0.3519093033766189	0.39758275440504276	0.25050794221833844
0.3477967123340133	0.40100072177784246	0.25120256588814427
0.3496693537795905	0.39982524035340594	0.25050540586700365
0.3514108669404899	0.4004584217828365	0.2481307112766737
0.3499963752754	0.4011067446105122	0.24889688011408792
0.3520437333256122	0.3975574720015268	0.25039879467286114
0.34981576135186293	0.40132760677666857	0.24885663187146861
0.35294267314334227	0.39810629028319794	0.2489510365734599
0.3483245025107916	0.40297049584194267	0.24870500164726578
0.34877389006783843	0.4019648740494878	0.2492612358826739
0.3531423026479591	0.3978729905899169	0.24898470676212414
0.3478715857683655	0.4032311563912137	0.24889725784042088
0.3486498530090235	0.4019834045013646	0.249366742489612
0.3501222929104586	0.3997426405446042	0.25013506654493733
0.3487509343649287	0.4001754291040862	0.2510736365309852
0.34783744051031856	0.40251282284084205	0.24964973664883952
0.35113982928742066	0.3989010088734415	0.249959161839138
0.35076967415172233	0.39918543041806176	0.250044895430216
0.3498864616125067	0.40153337642208686	0.24858016196540653
0.3525364757301341	0.3988132029700496	0.24865032129981643
0.34910500866278493	0.40019272537288775	0.25070226596432743
0.350590494489818	0.39830829977493676	0.25110120573524536
0.35076241271333114	0.4010698984417087	0.2481676888449602
0.3517215999080597	0.3994349163223602	0.2488434837695802
0.3485612186304891	0.4010421867731536	0.2503965945963574
0.3507274755329309	0.399124352060463	0.25014817240660625
0.35341919915744463	0.3952720295715204	0.25130877127103507
0.35246970814366285	0.39892694184672167	0.2486033500096156
0.35255500602979084	0.39613614222515126	0.251308851745058
0.352240569779582	0.3964334914623626	0.2513259387580554
0.3477679831296921	0.4008208577836595	0.2514111590866486
0.3484293301151403	0.40046101803467216	0.25110965185018763
0.35119432997523203	0.39957337684213645	0.24923229318263163
0.3515013681591958	0.39903998246589173	0.24945864937491258
0.3480974471176803	0.4002901515073899	0.2516124013749299
0.3532187556461849	0.39694783704965875	0.24983340730415649
0.35060218278057875	0.4013680230005634	0.24802979421885793
0.3482569057160786	0.4035408047342528	0.24820228954966872
0.34838452255048125	0.400760266054753	0.25085521139476585
0.34902394546086246	0.40085021659306386	0.2501258379460738
0.3492883374342855	0.40128855899711935	0.2494231035685953
0.3523162091741179	0.3966120189235209	0.2510717719023613
0.3500214173089109	0.40171963225169044	0.24825895043939875
0.3479980794239395	0.4019220395683245	0.2500798810077361
0.3528049128281203	0.3983035955671898	0.24889149160468999
0.34764827837068973	0.4027216421168507	0.24963007951245966
0.3477315768582373	0.4018126148139471	0.25045580832781567
0.3505783377054824	0.39973836773591875	0.24968329455859894
0.35315634542177227	0.3960038355479013	0.25083981903032654
0.35380775348412746	0.39634834774424155	0.2498438987716311
0.35321127210394976	0.3987343289995484	0.248054398896502
0.3524437605866413	0.39705531408020006	0.25050092533315876
0.3507929119853597	0.39970278788168445	0.24950430013295594
0.3510555348113493	0.4001344862471666	0.2488099789414842
0.3500700722055599	0.3997008097704736	0.2502291180239666
0.35012471366760306	0.40053764231492067	0.24933764401747638
0.35178038803672357	0.3990198740099979	0.24919973795327863
0.34970964012744776	0.3999007196806912	0.25038964019186116
0.351745002661088	0.39652814787020835	0.2517268494687037
0.3477185554466705	0.4016514936275819	0.2506299509257477
0.3492546514863236	0.40154334677671005	0.24920200173696647
0.3536076606325252	0.3964885776887734	0.24990376167870154
0.35003716414788016	0.40062218923535015	0.2493406466167698
0.35092490019017897	0.3992911422377614	0.24978395757205973
0.3526508430934768	0.3993981606258823	0.24795099628064105
0.3526788121497954	0.3991137536863193	0.2482074341638854
0.3515374182158529	0.39738880040491165	0.2510737813792356
0.34837166917581186	0.4015649781969426	0.2500633526272457
0.35137129574860665	0.3983443291182582	0.2502843751331353
0.3530383863650944	0.39816343414833927	0.2487981794865664
0.35201410300395425	0.3994844653683266	0.24850143162771926
0.3500443069345765	0.398265100352225	0.2516905927131986
0.3508496557318156	0.4003118485558444	0.24883849571234018
0.3504813777712071	0.40067956716073355	0.24883905506805948
0.3500385853140249	0.4020831876088675	0.24787822707710777
0.3516937138842126	0.39677375314948193	0.25153253296630557
0.35152327739524103	0.39958534378943944	0.2488913788153197
0.35198185196232606	0.39812895953250566	0.24988918850516836
0.3528888326902978	0.3957275719651384	0.25138359534456395
0.3498747409370735	0.4021864015928226	0.24793885747010402
0.34852699905987233	0.40343172873558286	0.2480412722045449
0.3481734431356518	0.40038827818493933	0.251438278679409
0.3481523001868219	0.40312106555066984	0.24872663426250835
0.34999553869741695	0.3984777543408663	0.2515267069617168
0.34785412491087125	0.4023957627427051	0.24975011234642375
0.3516169168138892	0.4001776514532586	0.24820543173285234
0.3527412383300361	0.3993917487078924	0.24786701296207164
0.34806206502013876	0.402570992839391	0.24936694214047034
0.34914882991189977	0.3997068313055048	0.25114433878259557
0.3513205914657793	0.3989017031906198	0.24977770534360094
0.3477322301498099	0.4019370659087136	0.25033070394147655
0.3535012638665212	0.3963890590613578	0.2501096770721212
0.349679616035179	0.40013988365769804	0.2501805003071231
0.35335439942596747	0.396579706802952	0.2500658937710806
0.3535289909310155	0.39720203470193505	0.2492689743670496
0.3517377484517736	0.398680627107978	0.2495816244402485
0.35288389872853576	0.3966449626432953	0.25047113862816905
0.3485548015720019	0.4022711258323347	0.24917407259566351
0.35093727520658524	0.39891101298945014	0.2501517118039648
0.34956395699740306	0.40213541553717214	0.24830062746542492
0.3530588468576732	0.398588853946241	0.24835229919608592
0.35172419554722784	0.39975884129833456	0.24851696315443772
0.3483564026424998	0.4038527795188886	0.24779081783861176
0.3506050997800315	0.3981093152009808	0.2512855850189878
0.3487409130404054	0.4007842739775192	0.2504748129820756
0.3503086644133417	0.4014279545762526	0.2482633810104058
0.35368525388740957	0.398058225045313	0.2482565210672775
0.3477643018211959	0.4036770603688346	0.24855863780996962
0.3478909172963792	0.4032357645459993	0.2488733181576216
0.35183140756033676	0.3997503390153836	0.24841825342427976
0.3533077739879838	0.395224796335246	0.2514674296767703
0.3488304497517404	0.4031009838078698	0.24806856644038996
0.3501675085732475	0.39832311735763154	0.25150937406912105
0.3527998849843446	0.3957467932296065	0.251453321786049
0.34863151204586096	0.3998345110066057	0.2515339769475335
0.35341464768858194	0.39714752919528207	0.2494378231161361
0.34812665701742923	0.400661219869055	0.2512121231135159
0.3500149839963842	0.399123941857606	0.25086107414600994
0.34917701749084606	0.39925393792150465	0.25156904458764934
0.3479130417126716	0.4035677938366795	0.24851916445064898
0.3527546376896675	0.39926768050441946	0.24797768180591315
0.3483695487202642	0.40178536421423927	0.2498450870654966
0.3503395243836337	0.39824492516335247	0.2514155504530139
0.35388076106084	0.3962908904531831	0.24982834848597701
0.3492471399863188	0.4026415228428656	0.24811133717081568
0.3533621950733019	0.3973926606065373	0.2492451443201609
0.3539039679578859	0.3967332142888926	0.24936281775322164
0.34798500402360866	0.4018336113984597	0.2501813845779317
0.3486309213305284	0.402996096154961	0.24837298251451068
0.3539560200897061	0.3972699124825648	0.24877406742772912
0.3536141052345557	0.39540919490333315	0.25097669986211124
0.3528252692859363	0.39593904037437133	0.25123569033969245
0.34995337899184903	0.4005199242134101	0.24952669679474096
0.35140761838778317	0.3969919590660538	0.2516004225461632
0.35144337476708565	0.39743300180370755	0.2511236234292069
0.3485578852063046	0.4019634562784955	0.24947865851519996
0.3479800065742362	0.4003843694220319	0.25163562400373196
0.3523264085666896	0.39763625721293805	0.25003733422037244
0.35243634438401217	0.39689346546227566	0.2506701901537123
0.3501179202265613	0.3988724632198416	0.2510096165535972
0.3523184201975917	0.3970611042218657	0.25062047558054273
0.35010320279523466	0.3987594523462398	0.2511373448585257
0.35204962362348746	0.3978140771977029	0.25013629917880975
0.3520468956540706	0.39754178395001805	0.25041132039591146
0.3490343904614359	0.40213727331042703	0.24882833622813716
0.35228121798395295	0.39959443325148164	0.24812434876456557
0.3499754078452247	0.40078035554029046	0.24924423661448497
0.3508389971538661	0.39854484714557953	0.2506161557005545
0.351237005221501	0.39792073252332744	0.2508422622551717
0.35136380565628594	0.3995381870931306	0.24909800725058356
0.3488700184816033	0.3995652755988261	0.2515647059195707
0.3497626673667507	0.4016235672442525	0.24861376538899693
0.35060520885925567	0.40022983359344483	0.24916495754729964
0.3514331275305543	0.3988709388721693	0.24969593359727651
0.353457228420599	0.39583769676261316	0.25070507481678794
0.3490772742831235	0.3997518773900847	0.2511708483267919
0.3506590307010528	0.39810290220538647	0.2512380670935608
0.3531073800709814	0.3962226151292459	0.2506700047997728
0.3538454796531299	0.3975197678212722	0.24863475252559802
0.3532811205431274	0.39607335737486205	0.25064552208201063
0.3517951842204112	0.39977696545733826	0.24842785032225068
0.3478485912262287	0.4009610134244913	0.2511903953492801
0.350687474531748	0.3994208496815326	0.24989167578671956
0.34860847491164765	0.40260109513343995	0.24879042995491252
0.35191879726395736	0.3983839616715852	0.24969724106445756
0.35213597211474484	0.39793617151229305	0.2499278563729622
0.35197860841255646	0.3983766079015816	0.24964478368586207
0.353251117416283	0.39790324175278996	0.2488456408309271
0.35298492047515284	0.399035522246418	0.2479795572784293
0.3511288377759256	0.3988770730077919	0.24999408921628263
0.3484262157071592	0.40313980020609846	0.24843398408674242
0.3532884673904933	0.39812269553795204	0.24858883707155474
0.3486706179679879	0.4029146667380758	0.24841471529393644
0.34853349185754995	0.40300098301429943	0.24846552512815073
0.35103583572617364	0.39789197624923445	0.251072188024592
0.35262569117600684	0.397491152752552	0.24988315607144126
0.353295194331768	0.3961409967404184	0.2505638089278137
0.3482712232171011	0.4033887526189053	0.24834002416399376
0.35055639595893917	0.3982043581929593	0.25123924584810164
0.3494279276022345	0.4018363340681241	0.24873573832964146
0.3511225170250733	0.398769520068611	0.2501079629063159
0.35213603450619635	0.39854902657556834	0.24931493891823542
0.3493235442762252	0.39908306555274686	0.2515933901710281
0.3506635225925447	0.39953370493027507	0.24980277247718036
0.349262436927622	0.4012264648140074	0.24951109825837073
0.35210541516261157	0.3964595877805871	0.2514349970568015
0.3529663884705163	0.39836568240773573	0.24866792912174807
0.34891162755991995	0.4012738056711052	0.24981456676897495
0.34856433300777223	0.40237804344556427	0.24905762354666366
0.3531240741729336	0.39901111588327487	0.24786480994379168
0.3507584180552131	0.39991016513723343	0.24933141680755358
0.351332906839951	0.39715416171652307	0.25151293144352604
0.34910075208491403	0.40047718281306	0.2504220651020261
0.3536036565816103	0.39688926103090155	0.24950708238748825
0.3484308040789476	0.4027345490060466	0.2488346469150059
0.35304213440444526	0.3972260089155382	0.24973185668001666
0.3481936397022118	0.4025805582444007	0.24922580205338762
0.35161732300136844	0.3984084623662034	0.24997421463242825
0.3523243944348629	0.39773671670325406	0.2499388888618831
0.34872305158576933	0.4027530282211366	0.24852392019309416
0.35312412478883276	0.3965127649557962	0.25036311025537117
0.3497831038282143	0.40145720899241705	0.24875968717936875
0.34996163150694287	0.3995769487106699	0.25046141978238734
0.34881017624443933	0.40302352390547547	0.24816629985008531
0.349500583909853	0.4026669407594805	0.2478324753306666
0.3477876368496054	0.40345673774619256	0.24875562540420215
0.3501955847835647	0.3994278625140608	0.2503765527023746
0.34950309371556826	0.4008922538598029	0.24960465242462893
0.34870571631867414	0.3997734245196211	0.25152085916170486
0.35059897042677224	0.39850921627460445	0.2508918132986234
0.3477871465774206	0.4009638132252775	0.251249040197302
0.35052185704231864	0.4008224022370342	0.24865574072064728
0.3505775027746487	0.40139881503610836	0.248023682189243
0.3531393345402785	0.3963333936659023	0.2505272717938193
0.3483796396823205	0.4004299992286812	0.2511903610889984
0.35099527091144667	0.4006983265781313	0.2483064025104222
0.35154969005417036	0.3971567724099846	0.25129353753584516
0.3512248272291538	0.39863861829490976	0.2501365544759365
0.3491962447455612	0.4027037894743369	0.24809996578010202
0.3492393418825988	0.4020655442109698	0.2486951139064315
0.3533531855714294	0.3984670613494076	0.248179753079163
0.3487635710484668	0.39956304970664624	0.25167337924488703
0.3531429811834837	0.3974577059665637	0.24939931284995268
0.3518456228846079	0.3974385760565778	0.2507158010588144
0.3535359726031121	0.3986552110862864	0.24780881631060164
0.3483260015111622	0.4030436651244759	0.24863033336436194
0.3528471940705947	0.39753445010855415	0.24961835582085126
0.35261415046451317	0.39950170073658897	0.24788414879889797
0.34999519027806897	0.3983734476846892	0.2516313620372419
0.3506684724985179	0.40019901152999093	0.24913251597149128
0.3487663272158454	0.40275024622973976	0.24848342655441497
0.34810174659361687	0.4025550530696672	0.24934320033671606
0.347717686822014	0.40222947254251595	0.2500528406354702
0.3495670473966249	0.39933615012830737	0.2510968024750678
0.3486145412649106	0.40327393196652533	0.2481115267685642
0.3521305559140318	0.3977449879624717	0.2501244561234966
0.349774790731673	0.4003520652566458	0.24987314401168131
0.35108165647705714	0.3983848207247829	0.2505335227981601
0.348943192508474	0.40058823384371445	0.2504685736478116
0.34869367106275967	0.40026678434097773	0.25103954459626265
0.35170103106447137	0.40048074214559015	0.24781822678993862
0.3514886559824188	0.3997479505553452	0.24876339346223614
0.34839381580975504	0.4007726212763938	0.2508335629138513
0.35142840930230484	0.39872952790041727	0.249842062797278
0.34797386552816995	0.4003360211724468	0.2516901132993834
0.3486557923319054	0.402582776050393	0.24876143161770173
0.3531464164044897	0.39676972200941485	0.2500838615860956
0.35277969669270337	0.397578185621617	0.24964211768567973
0.3506144032746385	0.4013320998296042	0.2480534968957574
0.34861575178991955	0.40286581642914054	0.24851843178094007
0.350902919420844	0.40022698700821424	0.2488700935709418
0.34801176165876624	0.4033983999757022	0.24858983836553167
0.3528772169458022	0.3966073711659194	0.2505154118882785
0.34867159325071834	0.399702550749841	0.25162585599944076
0.3532201238437658	0.39528564352518936	0.251494232631045
0.34951280885271185	0.4003001543762911	0.2501870367709972
0.3482144889740077	0.40030429839605736	0.25148121262993506
0.3517372554653247	0.39933086188576705	0.24893188264890836
0.3501655494765981	0.39989904040789087	0.24993541011551113
0.3487958772784234	0.4000373618883876	0.2511667608331891
0.35283616400404855	0.39670263753976864	0.2504611984561829
0.35341030534949847	0.3955744271849385	0.2510152674655632
0.3513155020964869	0.3975536470411263	0.25113085086238696
0.3509194862256705	0.39879960633679334	0.2502809074375363
0.3484120329799419	0.40030824496942274	0.2512797220506355
0.3526462975574223	0.39853815494725986	0.24881554749531798
0.35222570947090137	0.3986043081894749	0.2491699823396239
0.3534041650092704	0.39727644973089016	0.24931938525983954
0.34858772512029407	0.4010323098430408	0.25037996503666526
0.34921172846797605	0.39936131354916826	0.2514269579828558
0.35261564546400054	0.39868172493518794	0.2487026296008116
0.34831766989769697	0.4017952185439653	0.24988711155833782
0.35033041138997634	0.40184284223556493	0.24782674637445884
0.34964434208766954	0.39870677448192765	0.2516488834304029
0.3508155753439735	0.4003479445877817	0.2488364800682449
0.3483926301432468	0.40072731243448967	0.2508800574222636
0.3482940262702017	0.4006732310496749	0.2510327426801235
0.3477013893762878	0.40282621880856834	0.24947239181514397
0.34922253692532695	0.4017840181009015	0.2489934449737717
0.35072170101959077	0.4009291767519627	0.24834912222844666
0.35050693802188565	0.398511809455687	0.25098125252242753
0.35080506682686563	0.4002413843458408	0.24895354882729367
0.35130780162684755	0.39935723458647554	0.24933496378667702
0.35222059196798344	0.39623672602802373	0.251542682003993
0.34887231696476967	0.4032650558395337	0.24786262719569674
0.35249935811784894	0.3958708051283978	0.2516298367537534
0.353548672289104	0.3970900180476675	0.24936130966322856
0.3479663255391029	0.403365514292821	0.2486681601680762
0.3501569594687691	0.3983770828178888	0.2514659577133422
0.35302882359974	0.3970668071624298	0.2499043692378303
0.3528340598221903	0.39723934058596316	0.24992659959184665
0.34954502085042094	0.4003330770293826	0.2501219021201966
0.3498249840992061	0.3987492803165989	0.2514257355841951
0.3525047001426228	0.3986079888238031	0.24888731103357423
0.3525687433811204	0.3964573657849298	0.25097389083394994
0.35039043156478644	0.40111663361796457	0.2484929348172491
0.3488633648269322	0.40318897065701953	0.2479476645160484
0.3507031033464554	0.3986643091804959	0.25063258747304884
0.3523360477380829	0.3981389774135392	0.24952497484837802
0.3494526814264248	0.40194653314043416	0.24860078543314115
0.350489861822193	0.3984618850673962	0.2510482531104109
0.35297808996373836	0.39803292857965544	0.24898898145660633
0.34987749602796914	0.4022408056072001	0.24788169836483087
0.35319850241004697	0.3954685918016706	0.2513329057882825
0.35085948194575023	0.39741651816578205	0.25172399988846783
0.35083194097590475	0.4000094273029507	0.24915863172114466
0.35130957895432374	0.39992500986927987	0.2487654111763965
0.3494380725740869	0.40144350771894083	0.24911841970697243
