0.24619490123652832	0.2100128077725699	0.08796380925802107	0.28038554625483264	0.17544293547804782
0.24550656206022176	0.21245616013178012	0.08617062695692418	0.2800769467683645	0.17578970408270922
0.24480985601754998	0.212235024967112	0.08906704644196048	0.28068744292830416	0.17320062964507316
0.24555466598599188	0.2115479536511068	0.0889737663874227	0.2802368651809876	0.17368674879449075
0.24594521568430494	0.21139793162656917	0.08930653795373672	0.2772960502617642	0.17605426447362474
0.243888222975945	0.20847172723385415	0.09351736913033118	0.2806547646180645	0.17346791604180492
0.24534938890047242	0.21078137198251917	0.08923935375982124	0.2798386993307713	0.1747911860264156
0.24677070964462913	0.20984514174859686	0.08678085415276955	0.28221832368634714	0.17438497076765708
0.24428632333260145	0.21047571934158155	0.0903011286565135	0.2812598291653613	0.173676999503942
0.24628581097784563	0.2094020020657074	0.08789452097915507	0.28077721325935573	0.17564045271793594
0.2421665840469602	0.2091516992435636	0.09429061386960601	0.2799264460609359	0.17446465677893402
0.24387551518987788	0.21163266089804714	0.09099542585935441	0.27998235976374136	0.173514038288979
0.2431932234964861	0.2117166163244031	0.09266802794326867	0.27878258588934207	0.1736395463464998
0.24562613925016083	0.21132352569982185	0.09087327718942168	0.27851621228702583	0.1736608455735696
0.24607577464703628	0.20935992437098344	0.09040738005096115	0.2809222542194042	0.17323466671161464
0.2465055750399929	0.2099254307649318	0.09096268770748177	0.2789051290158301	0.1737011774717632
0.246801865098295	0.2123270128317523	0.08867969904466569	0.2770897760070616	0.1751016470182252
0.2432168962763777	0.20941299287194803	0.09313451348040379	0.2799509373515352	0.17428466001973503
0.24363325398502225	0.21036469718045764	0.09524339637851456	0.2771577586889377	0.17360089376706758
0.24240083456482447	0.21140469178825017	0.08923091669404447	0.2823009790697527	0.17466257788312795
0.24626417117314034	0.20868167807108084	0.0865864748308725	0.2825873404260903	0.1758803354988158
0.24436257971207379	0.2100542361276707	0.08876735759454232	0.2823403252120895	0.17447550135362344
0.2469372666910834	0.21020040704183776	0.08882839260929952	0.2790569455399806	0.1749769881177984
0.2462481498259959	0.20891318901267963	0.09173323571404088	0.2781407033159771	0.17496472213130623
0.24632174192742867	0.20932383489356654	0.0876269989587115	0.2803246414269741	0.17640278279331892
0.24573782266997718	0.21176804315006598	0.08574323875232177	0.2803236124744215	0.17642728295321333
0.24222030579589499	0.21081412373456784	0.09445488685833468	0.27840768524200576	0.17410299836919646
0.2439878483300178	0.20923481518528764	0.096223920209745	0.2769604432580166	0.17359297301693272
0.24455456540854764	0.21132243847109564	0.09061129078346505	0.2777481668401282	0.17576353849676324
0.2449883416334581	0.20917246970816555	0.09281167937999256	0.27751364786320043	0.17551386141518316
0.24248965964809382	0.2115050651303339	0.0893977798287364	0.2814311862885983	0.17517630910423732
0.24569047129889404	0.21199021323486553	0.08522438191694492	0.2808736692237337	0.17622126432556157
0.24281038208246442	0.21030707799900672	0.08936359294446393	0.2814244616524719	0.1760944853215928
0.2427267696611416	0.21031040581260593	0.09088246474479571	0.28007545013545715	0.1760049096459994
0.24497307694732412	0.21030878504602443	0.08872931696463551	0.28196577265046474	0.17402304839155092
0.24720967025668206	0.2115951362139366	0.08454941927191739	0.2822299337610308	0.1744158404964329
0.2439009864941094	0.20886240072541604	0.091480664910079	0.27986883205413104	0.17588711581626423
0.24476272085865197	0.2102848192802023	0.08978852575857107	0.28096242176392594	0.1742015123386485
0.2465743827562318	0.21018207502934078	0.08556908087329511	0.2815574967648173	0.17611696457631482
0.24289608732661488	0.21221627758274614	0.09093266261077085	0.27811065493945647	0.17584431754041144
0.24627047525664253	0.21257899566504132	0.08761053194414539	0.2776257310139866	0.1759142661201839
0.2437683458955664	0.21177309413661907	0.09080091592267928	0.2785535959492861	0.17510404809584892
0.24453527451559684	0.20875004680216366	0.09311679210071191	0.27921334761127814	0.17438453897024916
0.24364300395033117	0.2107406823721048	0.09041439297382567	0.27941202203864723	0.17578989866509087
0.24274887321517208	0.20849841455131807	0.09401988025374095	0.27975944449071766	0.17497338748905097
0.24546333649378033	0.2120003654691389	0.08751003238654279	0.27846406150643	0.17656220414410775
0.2448362393609472	0.21161466155481556	0.08851247483445053	0.28100229604922455	0.17403432820056192
0.2432864699163865	0.21230670114376096	0.0870142499843242	0.2820290979585348	0.17536348099699328
0.24465440119656573	0.21149630045618203	0.08961375233041612	0.2800292668979439	0.174206279118892
0.2460464897102778	0.20906185837443816	0.08885439558237733	0.2816051213138186	0.17443213501908786
0.24446970646604416	0.21134091004222239	0.08676922077662708	0.2825575878397989	0.17486257487530724
0.24357793869622618	0.20953198749793026	0.092154109801032	0.2781922816327264	0.17654368237208487
0.24674899497458488	0.20967194352831928	0.09206154190996635	0.27777073999820845	0.17374677958892082
0.24553781892348678	0.20937779371761372	0.08702467349487894	0.28152049461764633	0.17653921924637397
0.2457650342213381	0.21029725652246012	0.08931165103458506	0.2792863272811108	0.17533973094050562
0.2429042214130451	0.20894463286523668	0.09159029067703499	0.28256920238635086	0.17399165265833214
0.24509641875340615	0.2106617463145219	0.09267693657615242	0.277776011697528	0.1737888866583913
0.24635963019385415	0.21145593019324743	0.09133473437752417	0.27761362348143537	0.17323608175393862
0.24515156441248237	0.20857218561247864	0.09332342027450281	0.27943195110979074	0.17352087859074516
0.24643634306898052	0.21045333044279582	0.08684676631880134	0.2796927418777051	0.176570818291717
0.2470991594501226	0.20925288483841115	0.08699912653640107	0.28018677264025993	0.17646205653480498
0.2466104855233462	0.21134064050410253	0.08976857598809362	0.27836713081124587	0.17391316717321154
0.24717825491861672	0.21245652895449166	0.086935598217141	0.27847094431242986	0.17495867359732054
0.24509705046777008	0.2087363784124445	0.08792063830762305	0.28171347828451443	0.1765324545276477
0.24497459383199977	0.20945978449592328	0.08890348289421368	0.2820894218311622	0.17457271694670082
0.24356360922764828	0.21224360178560306	0.09090134779554991	0.2791587352506762	0.1741327059405223
0.2463019657826845	0.21126663554734565	0.08911106492340395	0.2788192582319709	0.17450107551459476
0.2424399777867786	0.2102183758527955	0.0912989828595849	0.2816905025717775	0.17435216092906325
0.24524834668868706	0.20914184929894944	0.08911480289791407	0.27992249838869826	0.17657250272575092
0.24417969706378845	0.21069817497148902	0.08813824053474974	0.28045454067244757	0.17652934675752502
0.2465148227468085	0.21146061173041286	0.09033758854809933	0.2784439960666431	0.17324298090803594
0.24251318046788758	0.20853515093232408	0.09071942256966023	0.2819309276073015	0.17630131842282637
0.24360467580292738	0.21071029430599908	0.0913128169270747	0.2809940918450526	0.17337812111894602
0.24326057896938053	0.2103747801132062	0.09318048727656446	0.27956170517678486	0.1736224484640637
0.24488086952868254	0.20868590632293768	0.09075387803966373	0.28185151388047613	0.17382783222823964
0.2456430997391068	0.2089793034664547	0.09333289176520072	0.2775014024270343	0.1745433026022032
0.24308134467208137	0.210142535525063	0.09210294613060836	0.2810501361043415	0.17362303756790548
0.24639409072645346	0.2105485086334519	0.08661690708454686	0.28248297697554015	0.17395751658000735
0.2454854843582855	0.2085241555063422	0.09011964500754478	0.28181135210365493	0.17405936302417238
0.24421821235712055	0.2104963226194285	0.08662157996093524	0.2823018859847016	0.1763619990778139
0.24497087195356393	0.21200372814318336	0.08771832271385277	0.28216549769464344	0.17314157949475623
0.24473173817302807	0.21067969982771353	0.09046591959584543	0.280230223930148	0.1738924184732647
0.24423170579567743	0.2097503678429487	0.09541251238955245	0.2772803832170422	0.173325030754779
0.2457157575241269	0.20845857200046458	0.08821898917475202	0.2816870177874184	0.17591966351323787
0.2449623991653806	0.20845741397943857	0.09148379754404283	0.28057885571660707	0.1745175335945307
0.2450433927584875	0.21239375252097986	0.08910987732167613	0.27877223132387297	0.17468074607498327
0.24592846911212937	0.21143201186033375	0.08791261713835243	0.28161115076792126	0.17311575112126296
0.24230742948850736	0.20959419062537646	0.09432909520474711	0.27815111574161133	0.17561816893975746
0.24376436557663556	0.2095169598623044	0.09337798361406563	0.2780238433902593	0.17531684755673488
0.24252687880109025	0.20928663149956153	0.09222451137336006	0.27985894499188296	0.17610303333410496
0.2463854466893754	0.21118869645589483	0.08782596002625528	0.27894002235957965	0.17565987446889458
0.24249869183372696	0.20950082101400705	0.09096596008466189	0.2815195930116835	0.1755149340559204
0.24667972436296604	0.20929348042728566	0.0903398250651149	0.27997001244516706	0.17371695769946616
0.24523614113538417	0.20890436939957838	0.09180333117238369	0.27839862564446977	0.1756575326481838
0.2422774891711171	0.21122439403333032	0.09134452151407901	0.2794236924806145	0.17572990280085882
0.24477813865352038	0.21073443381054047	0.09253518773871489	0.2780476020916237	0.1739046377056003
0.24642613652715917	0.21171695613314237	0.08768345564857652	0.28087693775816	0.1732965139329617
0.24664588477103205	0.21147986868862761	0.08671247134828186	0.28045862567783975	0.17470314951421848
0.24698807391757804	0.21028433503027957	0.08492826521251098	0.2817544769598536	0.17604484887977753
0.2461111989435692	0.2107375179428198	0.08922153702478208	0.2783060154090782	0.17562373067975046
0.24301112430999075	0.20871725709512753	0.0926930592984775	0.27917372021920445	0.17640483907719956
0.24603675940891082	0.210186444495001	0.08685090829122649	0.28108102498665566	0.1758448628182058
0.24462821028632717	0.20855108039553732	0.09021987190440536	0.28178638424626884	0.17481445316746103
0.2470893624465868	0.20858460584424734	0.08963574947819772	0.2787945177182568	0.17589576451271105
0.24416599941669187	0.2104193040739119	0.09405675382977008	0.277155882026339	0.17420206065328686
0.24280807202457458	0.20843681963984903	0.09477837817106634	0.28034263049856817	0.17363409966594162
0.2426361250842689	0.21053916196661715	0.09278735988103391	0.27898205533704745	0.17505529773103232
0.24279780217726815	0.21075883113686036	0.08948107868756097	0.28158086178473	0.17538142621358022
0.24578798595096843	0.21107581729505354	0.09163217579924465	0.27810034606362855	0.17340367489110456
0.24386091104824092	0.2103408076858456	0.08940855537243235	0.28187242086485254	0.1745173050286283
0.24310203283763318	0.20975568788050877	0.09256584002675268	0.2791080865976582	0.1754683526574469
0.2468737339966089	0.209565123767758	0.08720497441001031	0.2797765456047653	0.1765796222208573
0.24355173421044976	0.21002170074185103	0.09162212341401792	0.2809799948874107	0.17382444674627034
0.24638609343166523	0.20961166994282152	0.09238782506019753	0.2777210451589609	0.17389336640635458
0.24596809848725415	0.20955009059297555	0.08793849680249939	0.2825054618435135	0.17403785227375718
0.24406538058361513	0.21045889001565068	0.08757291219564182	0.2824632324015002	0.17543958480359198
0.24523784602942986	0.2093341999493626	0.08907282527206775	0.2800259956841266	0.17632913306501294
0.2444443032317677	0.211535796536182	0.091402507342736	0.27802536773195186	0.17459202515736216
0.24283618937051799	0.20881931831934356	0.09372683647613066	0.27826148084612545	0.1763561749878821
0.24659060683130052	0.21077918094507753	0.08736208335317852	0.27982578496934607	0.17544234390109714
0.24480608262354547	0.21083635189500508	0.08883586021760286	0.2821800843466862	0.17334162091716016
0.2432008920260212	0.20854126037031379	0.09494264722221304	0.27961345939576815	0.17370174098568358
0.2459027204348	0.21026621621789693	0.08718352512373345	0.2826250369629438	0.1740225012606256
0.24638840487059796	0.21000107910493873	0.0889717258439582	0.28082501063581766	0.1738137795446872
0.2447693240448535	0.21073692820568551	0.0895831033580426	0.2804735698549676	0.17443707453645058
0.2450603293124209	0.21111008575729528	0.08802369822212909	0.28180543336284664	0.17400045334530784
0.2460234804543447	0.2096770937895896	0.08722939872486864	0.281176946346944	0.17589308068425288
0.24605441432372674	0.2112106278154733	0.08408146630762782	0.2824363934307725	0.1762170981223994
0.24567852814329091	0.20941422745505708	0.08785360360230593	0.28148896022378533	0.1755646805755605
0.24497677882036734	0.20884412723125298	0.08995594576847912	0.282591039390954	0.1736321087889463
0.2469883311239641	0.20853833739755231	0.08849600282684374	0.28214722694789374	0.17383010170374585
0.2472168907098117	0.21243018109733056	0.08518036534016565	0.28032596288951817	0.17484659996317364
0.24447735994132885	0.212049967154755	0.08855596586917705	0.27908066013260724	0.17583604690213164
0.24670806616594418	0.21234354958129806	0.08415333571600936	0.28059657600173377	0.1761984725350144
0.2449138132141176	0.20899452339605784	0.08992007566837255	0.2813195639788553	0.17485202374259648
0.244562345397792	0.21043225528375215	0.09092672269131061	0.27806577618388073	0.1760129004432643
0.24462243816749982	0.21139659914396045	0.08774266160522748	0.2811651418815036	0.17507315920180838
0.2422108085060416	0.20963121119195724	0.09465139616358013	0.2792554810352046	0.17425110310321623
0.2435543861336254	0.20974185426052974	0.09302566335894911	0.2784301803160366	0.17524791593085884
0.24451663365669724	0.21121191185359964	0.09314243761820029	0.27711318061761836	0.17401583625388425
0.24701796029986145	0.21144507189093215	0.0869774195695569	0.28004729602831174	0.17451225221133748
0.24373283751217684	0.21178721271865114	0.0919130775052704	0.27805334228613865	0.1745135299777628
0.24429671132490238	0.21234700139946827	0.08890327654587626	0.2800031540928112	0.17444985663694165
0.24695948525934527	0.20988726215967418	0.08823087324962632	0.2811407369002147	0.17378164243113928
0.24399027451010102	0.21195591908965658	0.08800267327121031	0.27990607495304626	0.1761450581759856
0.2454608098729016	0.21039585617024986	0.08936588220574315	0.2803199458102593	0.1744575059408458
0.24378947090048558	0.2103090640961645	0.0901797772121602	0.2818253522456369	0.1738963355455526
0.2438255187202765	0.20999308464915495	0.09177967956886472	0.2801688366072227	0.1742328804544809
0.24400805561469363	0.21132369418684419	0.09173782140133614	0.27945720804685736	0.17347322075026844
0.24397872450849528	0.21108607151134887	0.09130126787289482	0.27933401211626285	0.17429992399099795
0.2424267365391975	0.21100014164166456	0.09401770524548819	0.2785219271458364	0.17403348942781305
0.2435926649687023	0.20890068633021702	0.09521940582286927	0.27715735518903434	0.1751298876891768
0.24419311091663545	0.21085417503992876	0.09028687390269066	0.28146773015370996	0.17319810998703494
0.24665841655280119	0.21136467380847046	0.08794913140794468	0.27849823332785145	0.17552954490293196
0.24561294306524464	0.20868094918451913	0.0908594714686531	0.2787089703334589	0.17613766594812397
0.24677754328499305	0.21068125425913337	0.0856667565268946	0.2817048229980613	0.1751696229309174
0.24708111651630116	0.20931168103699538	0.09079866949599864	0.2787669240316334	0.1740416089190712
0.2462817130085171	0.2118079655520702	0.08881149726871572	0.27962055795666046	0.1734782662140363
0.24320098769002377	0.21088010756658288	0.09175695407248388	0.2778965098963626	0.17626544077454662
0.24231524304168572	0.21043733506471224	0.09187854784685219	0.28155830672579085	0.17381056732095873
0.24319150377233312	0.20850999725053765	0.09375353027812819	0.2796569167251495	0.1748880519738513
0.24554753405969298	0.2124211357213281	0.08501169099840207	0.2813380137412213	0.17568162547935529
0.2444009168505334	0.2100658738807353	0.09045089086369265	0.28191541494631245	0.17316690345872598
0.2444778868736263	0.21205542278969647	0.090839353968093	0.2772487101591066	0.17537862620947742
0.24535187781054968	0.21259291364687022	0.08622743192735335	0.2820828292397291	0.1737449473754974
0.24295928064500555	0.21242997744643474	0.09069776790107512	0.27870378235890514	0.1752091916485792
0.24268988215319692	0.21180847291382077	0.09452965180674211	0.27764100371427936	0.17333098941196062
0.24558602940861593	0.20946564393858916	0.0879641787219935	0.28137579594274464	0.17560835198805652
0.24713859160324614	0.21160433710643592	0.08723537416898987	0.279686807005231	0.1743348901160968
0.24299298581776957	0.20982362070805613	0.09579493339459173	0.2771049147517681	0.1742835453278142
0.24589677036665247	0.21165939294301367	0.08743413198705938	0.28000566062379956	0.17500404407947465
0.24343463551503403	0.20871899495300508	0.09231298057440558	0.2791395464498062	0.17639384250774884
0.24719951799516016	0.20881743942927758	0.08724870563868008	0.28215954287137524	0.17457479406550674
0.24621221332919135	0.2121137474073572	0.0869097014773407	0.2782624948269302	0.17650184295918026
0.245634635598813	0.21174044482908508	0.08557778721257807	0.28117933603039635	0.1758677963291273
0.24417927668136313	0.2090100065984733	0.0900032601938555	0.2814294361524802	0.1753780203738276
0.24415372427542475	0.21169769741230288	0.08625448375565055	0.28129983069181785	0.1765942638648037
0.2429266195860274	0.21224988069225165	0.0876992718968771	0.2809198776131968	0.17620435021164682
0.24433801679687195	0.2121695286369094	0.08701716359855212	0.2812139444730562	0.1752613464946101
0.24431789439119803	0.21029245836114205	0.09109720132708848	0.27919215341783366	0.1751002925027375
0.24397346059620476	0.20957160599057467	0.09253539069751168	0.27816287292521485	0.17575666979049379
0.24551336812378788	0.20852224226370622	0.09254832689717604	0.2789875622997628	0.1744285004155668
0.24721895672668562	0.208854926374165	0.08759016592383695	0.2817645718480774	0.17457137912723475
0.24686436495704106	0.20902022016728114	0.09214924848313863	0.278333089763108	0.1736330766294309
0.24521732129220003	0.2109079131143986	0.09011013123758402	0.27973142811417395	0.17403320624164312
0.2461981401259718	0.2096699445330179	0.086466050974404	0.2820028476771704	0.17566301668943568
0.24530741104303624	0.20845857420859012	0.09495876999108956	0.2771065743685306	0.17416867038875325
0.24427960907163696	0.21203316854941867	0.0885051582849584	0.27973879184534206	0.17544327224864364
0.24515516412523525	0.2119032819006435	0.08719563128498246	0.2802326037364511	0.17551331895268743
0.24378754375769254	0.2107892423106296	0.08831177216030302	0.2808071497324045	0.17630429203897013
0.24630264030549848	0.21110399521448853	0.09076716251240359	0.2771316634980575	0.17469453846955166
0.24436635269762536	0.20893141356741865	0.09296566854215314	0.28017364367534936	0.1735629215174532
0.24472734858335388	0.20983512382146371	0.09244908346033155	0.27952586517105854	0.17346257896379205
0.24337706804243048	0.20954680951555027	0.09477346230979952	0.2776846763675838	0.17461798376463566
0.24510535882332596	0.21210759243278424	0.08915459164883047	0.2794590625152795	0.1741733945797795
0.24691151372061496	0.21128789275766607	0.08827101284820812	0.2797963458713759	0.1737332348021347
0.2435470217557588	0.20911905872574052	0.09021386813722934	0.28253487945271605	0.17458517192855502
0.24248827887194052	0.20843086779293243	0.09317212477910802	0.2802675023177415	0.17564122623827724
0.24478176410549804	0.2106869512187729	0.08767774627165141	0.28084079641786963	0.17601274198620775
0.24611218179981642	0.21194836853992532	0.08446927099737889	0.2813252725031209	0.1761449061597582
0.2428343051920137	0.209545216358327	0.09142246980947517	0.2800632335600922	0.17613477508009162
0.2441344272861804	0.21077150517470944	0.08802685171207834	0.2821706125000908	0.1748966033269408
0.24355147431136784	0.2105148319496195	0.08802870055907319	0.2819778819585126	0.17592711122142668
0.2440550582026545	0.2109209894064397	0.0901241693861798	0.28108529116184094	0.1738144918428848
0.24575400384930574	0.2100520206289195	0.09236978935556282	0.27761888814229135	0.17420529802392035
0.2448417013965054	0.20846407064917105	0.08993448066562208	0.28074943799036917	0.17601030929833206
0.2432167216302995	0.21190709431489307	0.08968420538302165	0.2799123355173877	0.17527964315439787
0.24373424798158835	0.20972873268677764	0.09334959339488919	0.27828059443153946	0.1749068315052051
0.24550342495954988	0.21102155257642824	0.09141978130734398	0.2772093219249677	0.1748459192317099
0.24345134343508051	0.21058601391720394	0.09492782649048932	0.2776502513325906	0.1733845648246354
0.24506664129396755	0.21140803773273936	0.09092515215714003	0.27922094683706256	0.17337922197909023
0.24521968435005462	0.2097342460770863	0.09287508543389132	0.2776798009754862	0.1744911831634813
0.2451689982115204	0.21073960405548922	0.08845614550913544	0.2791334173141843	0.17650183490967036
0.24244625088344335	0.20985566079075998	0.09458233583130515	0.2780329814047551	0.1750827710897362
0.2469160087933137	0.2090816641680597	0.09233530511392632	0.27850559760917226	0.17316142431552778
0.2437504339031919	0.20881871020076123	0.093492149531701	0.27826626756279277	0.17567243880155287
0.24367714904603743	0.20851314189219206	0.09227107150726832	0.2800411432245128	0.17549749432998918
0.2434883480680806	0.21083962741055626	0.09034111947126561	0.2791862534769667	0.17614465157313064
0.24537749513169754	0.2109492470716046	0.09159457883709035	0.2785858231577018	0.17349285580190543
0.2433312898915747	0.20932664320773378	0.09390203379737598	0.2801805879048866	0.1732594451984287
0.24348985024463768	0.211490278041409	0.09050243913943307	0.2794199907865946	0.17509744178792538
0.2428115649655389	0.2084903649261322	0.09340926635010371	0.28214513435771665	0.17314366940050827
0.2425534964862221	0.21107807426760242	0.09274302129566642	0.279367120224163	0.17425828772634586
0.24226724503990954	0.21221711461045834	0.08871733519913359	0.2818853061703578	0.1749129989801405
0.2431547305661942	0.20867472318669067	0.09719352908321716	0.2769628895734575	0.17401412759044024
0.2426161370942098	0.21036229494166994	0.09332947101248523	0.2798391610718851	0.17385293587974965
0.2446820935435956	0.2121212244549572	0.08808781021302413	0.2815717941994335	0.17353707758898929
0.24341164981426086	0.20857823444486406	0.09524297795533172	0.2772719130166337	0.17549522476890944
0.2442063793664776	0.21072754455281514	0.09123690193645388	0.27781965000821984	0.17600952413603327
0.24590956725711782	0.21097703869218984	0.08835510385265052	0.2790945252105407	0.17566376498750091
0.24624768232001337	0.20856830439147894	0.0916146796886524	0.2778924769960358	0.17567685660381918
0.24285604687699333	0.2101670101377563	0.09412830750182957	0.27935555853708693	0.17349307694633362
0.2467818170230307	0.2099052839211734	0.08678025139000446	0.2801474191891284	0.17638522847666274
0.2439784574006228	0.20931651283439565	0.09205659375245945	0.2784227301671228	0.17622570584539907
0.2460146179879143	0.20997057522365029	0.08961699509328169	0.2808617276551392	0.17353608404001422
0.24369301243142819	0.2126054693087235	0.08936912659849602	0.2784421278443048	0.1758902638170472
0.2465520024465434	0.2104555326479712	0.0866378124247016	0.2813945847485898	0.1749600677321937
0.24533706752807638	0.2111072424794627	0.0933124631864776	0.2770692945555221	0.17317393225046102
0.24679420479962524	0.2112116844936232	0.08827099790087911	0.2798838550222986	0.1738392577835736
0.24273418338233677	0.21189714378910057	0.08900827865892937	0.28005135265032716	0.17630904151930588
0.24718265716091958	0.20957674825338263	0.09004198495975761	0.27695199737886367	0.1762466122470762
0.24396230860084916	0.2117998597869835	0.0891621944631114	0.28124030320228116	0.17383533394677458
0.24450382684047575	0.2120803661911904	0.08765638565589742	0.2797972083815997	0.1759622129308365
0.24707839619140196	0.21107286245762524	0.08338517807403839	0.28247920297035106	0.1759843603065831
0.24411104456973334	0.2125271378862842	0.09040658141250839	0.27896648236511407	0.17398875376635975
0.24691238073245272	0.2120295107315461	0.0873011877914534	0.27906486180537204	0.1746920589391755
0.24621456826045812	0.21239139547015493	0.08669555970704364	0.28150801477049975	0.17319046179184333
0.2429146346031939	0.21239008310884283	0.08999339354015626	0.2791829604645912	0.17551892828321558
0.2437668110561198	0.21087884691044925	0.09105287162228987	0.2786154231523246	0.17568604725881617
0.24318992390122068	0.2084499306269382	0.09327530774884123	0.2803330483882985	0.17475178933470117
0.24531144412646833	0.2115189803824766	0.08901210975848617	0.2795274214432626	0.174630044289306
0.24296438234959397	0.2088729828203987	0.09294959959690634	0.2790772184218999	0.1761358168112008
0.24290660397534433	0.2118143546881832	0.08760761892426773	0.2811323494215864	0.17653907299061813
0.246740493892763	0.21131579853363533	0.0853719996094639	0.2802541229756026	0.17631758498853492
0.24620637806436094	0.21174604705247116	0.08834294961682108	0.27777545822034594	0.17592916704600062
0.24661670842319666	0.2118583089099094	0.08619134501310183	0.2818068095562414	0.1735268280975505
0.24274968050426515	0.21003953985295482	0.08988533950150991	0.28258983853874253	0.17473560160252732
0.2442215817807385	0.20990818878307946	0.09317878362861987	0.2770690638512486	0.17562238195631333
0.24275464186423068	0.21056697091702514	0.09309214918995512	0.2780079281347577	0.17557830989403111
0.2454435582221132	0.21031328165587165	0.08822238196176391	0.28111228398670385	0.17490849417354712
0.24378254853263287	0.21011708133774332	0.0915042725383162	0.27879715658629506	0.17579894100501228
0.24376565592118674	0.2086186228593541	0.09566313444918575	0.278060291410203	0.17389229536007017
0.24265306042958085	0.20883360890422029	0.09300109180693021	0.2799172348358394	0.17559500402342904
0.2436440148940671	0.2102002669517816	0.09489397486931228	0.2777399867513247	0.17352175653351404
0.24392996861935184	0.20914175456777379	0.09207092568991021	0.2790393404793962	0.17581801064356767
0.24335578487393458	0.21161790253733115	0.0884018249906002	0.28117701674302853	0.1754474708551053
0.24328875496408311	0.21245055355251888	0.09273609223675754	0.27749936620578	0.17402523304086026
0.2451741529006189	0.2090111959347406	0.09031563116278299	0.2812688856267041	0.17423013437515317
0.24357358303253082	0.21151831022500794	0.09096669154915717	0.280675740511998	0.1732656746813058
0.24249853741837046	0.2103051970040326	0.09020974166503616	0.2803603219484738	0.17662620196408665
0.2424516650934553	0.21121414957659812	0.09137206359375964	0.2788589281279645	0.17610319360822219
0.24675218369808652	0.21138633605929874	0.08475657589611962	0.2809766390375109	0.17612826530898393
0.244217375651016	0.21206448009410758	0.0876891295107801	0.28022533163821517	0.17580368310588093
0.2453952306467017	0.20870802863135388	0.09148980189716586	0.28062052429943607	0.17378641452534224
0.2466239943215525	0.211763571202168	0.0894911220799353	0.27801335778498437	0.17410795461135958
0.24446480891630873	0.2096944601460956	0.09228969568786859	0.27913521627562105	0.1744158189741058
0.24697635298041168	0.20909345886220657	0.08853891500976367	0.2788080756810389	0.17658319746657894
0.24351461961990056	0.21136172145242943	0.0889741469453728	0.28045933629440867	0.17569017568788833
0.24673679565774514	0.20923033093020882	0.08867355148040623	0.27935497523543706	0.17600434669620252
0.24451454020343785	0.21024439214811536	0.09069318967748172	0.27790957929015114	0.1766382986808137
0.24579355256808344	0.2087914935174465	0.09058232178144843	0.2809990642144525	0.1738335679185689
0.24265605959111988	0.20879402012199771	0.094879929805794	0.28034588118186105	0.1733241092992271
0.24254521397783071	0.21128105724811963	0.09096107226412785	0.27952634203276006	0.1756863144771615
0.2454686200869774	0.21023976934185343	0.08866794992378392	0.27933621771895684	0.17628744292842816
0.24573564016862043	0.20900291825387007	0.0894000993912613	0.28067057021810815	0.17519077196813979
0.24369846111049376	0.21210583035695824	0.09073422109508611	0.2787548485452156	0.17470663889224605
0.24408690743414818	0.21244691117882608	0.0869761701032975	0.28031856387855963	0.17617144740516838
0.24599068427334128	0.21114564165402844	0.08915688706185208	0.2784516548254513	0.17525513218532665
0.24257231202579066	0.2101538142467252	0.09274911570667674	0.27903059566568367	0.17549416235512352
0.24320300701459024	0.2115807593751873	0.09075343912323935	0.2806827745572127	0.17378001992977013
0.2447050641528832	0.21206461897887896	0.08600244990444585	0.28136450539297225	0.17586336157081953
0.24472121258680782	0.21164127769829147	0.08940827074573969	0.2793784749494825	0.17485076401967828
0.24714792466230617	0.21003833399004226	0.08823620707120422	0.27974002777894497	0.17483750649750213
0.24643393925807044	0.20928335583925073	0.08995836532438127	0.2789639649054934	0.17536037467280388
0.24337576382263265	0.21120399064974063	0.08673795628427396	0.2821626908437267	0.17651959839962583
0.24377669610092242	0.21244713193485665	0.08723645925709586	0.2806755151357743	0.17586419757135047
0.24421393354818743	0.2084888658022215	0.09457922387374698	0.27940123308838594	0.17331674368745792
0.24506013707431593	0.20883091942062335	0.08802412758140948	0.2823886325911573	0.1756961833324937
0.24402767904446224	0.2125313604045165	0.08659536439325476	0.2826287696311776	0.17421682652658865
0.24400334060697446	0.208439856434065	0.09306894935643809	0.2808596019650598	0.17362825163746237
0.24330459598171097	0.2095134582979947	0.09350691775099128	0.2797035247920865	0.17397150317721635
0.2468342809734193	0.21159384555745386	0.08632394915651549	0.27975876768596936	0.17548915662664166
0.2438177950061356	0.21048136616819163	0.09181068085230108	0.27850495946582154	0.17538519850754988
0.24235017555671715	0.20900820363840794	0.09567773785060431	0.2795166297670675	0.17344725318720283
0.24345961725054008	0.21077318246542046	0.08848094190970873	0.28231874167365584	0.17496751670067462
0.24481621479894908	0.21068841207622543	0.09162653347911351	0.27948532544717836	0.1733835141985334
0.2458159574625151	0.21012635997479107	0.09228708873749449	0.27716475220089015	0.17460584162430892
0.24639592794910434	0.21240305051816497	0.08825509764717537	0.2771129520395433	0.17583297184601177
0.24665348248702584	0.2088191814522397	0.08950005676501908	0.28102723905305416	0.174000040242661
0.24285260510507414	0.20893476071673714	0.09079408780287228	0.2808162159287703	0.17660233044654583
0.24327736652170218	0.20970325223747005	0.0907049525285593	0.2809520549245437	0.1753623737877245
0.24279240527161072	0.2097115503472834	0.09314413357155403	0.28119954328314994	0.17315236752640165
0.24402998248393	0.211324023747351	0.09019085459250445	0.2783209528157048	0.1761341863605095
0.24267526682198232	0.2121671032918661	0.0874639426495772	0.2816599590147898	0.17603372822178429
0.24663291974782686	0.21229055274982575	0.08828405905098761	0.2782672433508493	0.17452522510051016
0.24542337000804482	0.2088513658046499	0.09214656913065304	0.278183594547883	0.175395100508769
0.2440598366890504	0.21085154914453128	0.09147082949753463	0.2795003716950708	0.17411741297381267
0.2452817843401916	0.21085066104380382	0.0890865546094567	0.2809463569625722	0.17383464304397545
0.24346553600311316	0.20899384287442346	0.09094293275128645	0.2825787024462006	0.17401898592497608
0.24479399833288104	0.209706932102303	0.08919287571555083	0.2814496150468173	0.17485657880244757
0.24385734260934744	0.21129730629160548	0.09005246767401372	0.27951025163452003	0.17528263179051307
0.24493824919658458	0.21214318937967597	0.08628043453523852	0.2819570958022564	0.17468103108624428
0.2425810708537701	0.21177333879032656	0.08900392958430156	0.2813351216683817	0.17530653910321983
0.24713900481178153	0.21022155957328645	0.08907956261659453	0.2775922999811441	0.17596757301719315
0.24592455528736623	0.2123675514247476	0.08850531246499482	0.2776921373654356	0.1755104434574555
0.24610576674481954	0.2116287745534085	0.08428881346846004	0.28256537351109867	0.175411271722213
0.24555860019994546	0.21037716898646175	0.09066442159652383	0.2783000968851473	0.1750997123319214
0.24660618166938617	0.2105199854207578	0.08476868674333407	0.2822430684516665	0.17586207771485518
0.24634885657075772	0.20864311728490056	0.08844546911515525	0.2824988233930118	0.17406373363617442
0.2429602885263397	0.21142211447193254	0.09347696842873122	0.2783627210102506	0.1737779075627457
0.2428971123356552	0.2106077451953453	0.09466848095519807	0.2782967913751986	0.1735298701386026
0.24434753631565048	0.21014949537426936	0.09379527620294745	0.2780758524671587	0.1736318396399737
0.24325898139308605	0.2089131685443838	0.09173393569467633	0.28136424282594374	0.1747296715419098
0.24379065917009834	0.21151436219845676	0.08994570344988115	0.2808694462969247	0.17387982888463885
0.2437853515477545	0.2092319259594575	0.09090567984028171	0.28242560396713046	0.17365143868537564
0.2469602200314791	0.21091151289029383	0.0862136479376261	0.2796585286846083	0.17625609045599236
0.24426618831262378	0.20975789065865097	0.09094801832359539	0.28152791365666724	0.17349998904846237
0.24316455671190282	0.21075355136809215	0.09006108087379887	0.28041421468650646	0.1756065963596995
0.24410429994714894	0.20946332230448578	0.0941875697700755	0.27797281278825575	0.17427199519003383
0.24233487596255437	0.2119084715370634	0.09450529602133419	0.278008026724069	0.17324332975497875
0.24635028004483348	0.21085126174202992	0.08879732440117628	0.27994170914214184	0.17405942466981822
0.24281755778869146	0.21076464959107144	0.09297820901697368	0.2795184163439468	0.1739211672593164
0.24550445036609647	0.21058407680213373	0.09271051030491902	0.27776149739990114	0.17343946512694938
0.2467013886109197	0.21036631375397696	0.08837444319481295	0.28000172416820335	0.17455613027208677
0.24624516546090391	0.20899318439761794	0.09152224328121564	0.2773647832102326	0.17587462365002968
0.2455923952818302	0.21138946621275922	0.0906081346817204	0.2770538724567623	0.17535613136692763
0.2432686822702429	0.20926046373897902	0.09162302261886003	0.2795090538783949	0.1763387774935229
0.24520877591030737	0.21255689224629043	0.0857572859946089	0.28210083175871115	0.17437621409008194
0.245679409392235	0.21052901889833645	0.0867401702951064	0.28148079016531763	0.17557061124900428
0.24357853556756742	0.21215130025968823	0.08740040259700105	0.2823664633159143	0.17450329825982874
0.2445839127726743	0.2105708396420064	0.09367765002783678	0.2775865943255772	0.17358100323190506
0.24336648695693103	0.21051274125702718	0.09278085476406568	0.27880703814021335	0.17453287888176253
0.24481593215122316	0.21119386814671615	0.09148989549452889	0.27855582805809176	0.1739444761494398
0.2471283364511746	0.2090582325330417	0.09167733699327635	0.27756177760637213	0.17457431641613497
0.24637300001495882	0.209832309635702	0.08607722935941592	0.282305830100997	0.17541163088892597
0.24337173877421342	0.21256348110566778	0.0896352709356159	0.27822204157102925	0.17620746761347345
0.24610352553866563	0.20888098389593457	0.08643220805383689	0.28200160891662057	0.17658167359494212
0.24568486566953832	0.20893291376050596	0.08952505691095228	0.2794279302516502	0.176429233407353
0.24440460955966195	0.20963942458940188	0.09105002251340975	0.2783409823778579	0.17656496095966825
0.24251269146716226	0.21198783559750567	0.09038665152966124	0.27926120253117676	0.17585161887449385
0.24218032424084862	0.21221401490155953	0.09013713683172049	0.2808772223015152	0.17459130172435594
0.24373205036972373	0.2091586229908902	0.09364047245804617	0.27966857254095656	0.17380028164038308
0.24633486058053827	0.21023489551339183	0.08982427139290973	0.2791833739878615	0.17442259852529843
0.24655214640008682	0.21258687355794298	0.0863885411976007	0.27888508837882164	0.1755873504655476
0.24695063056498698	0.2120197125397794	0.08518551680064808	0.2800232810772483	0.17582085901733702
0.24580788056912328	0.211079569117924	0.08761895074765323	0.2803906655343892	0.1751029340309101
0.24584008016037395	0.2118550259943719	0.0887363961445019	0.2773423115134045	0.1762261861873475
0.2432216042062253	0.21236645371002077	0.08990587481097427	0.2793502640698089	0.1751558032029705
0.24381192934757034	0.208909761712318	0.0923505728256922	0.2807456534048302	0.17418208270958896
0.2466915683405626	0.20900957290904484	0.08959156642431108	0.2781739462347785	0.17653334609130272
0.24338355306511528	0.21112744490792368	0.09283146925661094	0.2791424285138884	0.17351510425646144
0.24440218140203485	0.20852513897545222	0.09050640061201508	0.27995232469549725	0.17661395431500038
0.24418835063942884	0.21159607062999736	0.08835913827872462	0.2811577723607758	0.1746986680910731
0.24274891981502245	0.21119889126631225	0.09121859898178451	0.2810284881019343	0.17380510183494619
0.24558103102941253	0.21163722794330048	0.08690694960658947	0.2801592846870349	0.1757155067336624
0.24408923779378394	0.21101936992566897	0.0891731461047642	0.28138549042535477	0.1743327557504278
0.24276919821630766	0.2107157858950306	0.09350593963136536	0.2797488312158732	0.17326024504142296
0.242787982494643	0.20974043760772415	0.09449325263602029	0.27749035644737446	0.17548797081423784
0.24396128909254194	0.20935854545507537	0.09470755897591646	0.27885252136550526	0.1731200851109607
0.24375552143516288	0.21003579230296243	0.09153866240159154	0.2796971927415851	0.17497283111869777
0.24433846416093552	0.20980524795204814	0.09032755158521574	0.2789914364886925	0.17653729981310784
0.2468507249098383	0.21029463576486038	0.08631378661368504	0.2799532485085905	0.17658760420302558
0.24330596536833704	0.20923879812746446	0.0916744710708717	0.27928642285916044	0.17649434257416607
0.2454154862808248	0.21100235063496836	0.09093484968569424	0.27850821392404523	0.17413909947446715
0.245059360806	0.21175936860337147	0.09176115006438257	0.2771739654168255	0.17424615510942026
0.2454941078241657	0.21198123906895205	0.08713298978503338	0.28198899396603716	0.17340266935581147
0.2445269053442737	0.2098062064662315	0.08935734492745002	0.27976638246975194	0.1765431607922926
0.24593463135362864	0.2097357849329364	0.08854266497101297	0.2798069840512484	0.1759799346911734
0.2447011493185076	0.21031013966260562	0.08783898013948185	0.28241498884380095	0.17473474203560374
0.24501097299860608	0.21105755478888943	0.08652084264084992	0.28120649116460317	0.17620413840705113
0.24541426649115702	0.20898413198735727	0.08711937853294083	0.2825733506463994	0.17590887234214528
0.24469641649456378	0.21162295526972466	0.08846585401808706	0.2786528334390146	0.1765619407786097
0.24250285762571938	0.2104863969029997	0.09007776814898338	0.28079729785014473	0.17613567947215258
0.24404665596768313	0.21156034823019743	0.09074534480212182	0.27709341128199716	0.17655423971800024
0.24233274452918238	0.20846114322957127	0.09159262462419918	0.2822349409762077	0.17537854664083927
0.24362575025304908	0.20855392314025786	0.09183399054290624	0.281866947700235	0.17411938836355154
0.24647007163086715	0.21059868341429688	0.09072512143504932	0.27817401229345357	0.17403211122633283
0.24604344403447115	0.21118107586378057	0.08423626569849509	0.2824552393115374	0.17608397509171556
0.24334022651564224	0.21183106142757988	0.08952562604858627	0.27876377423148585	0.1765393117767055
0.24667678307471297	0.21088125700598398	0.0892966243508771	0.2770400343958347	0.17610530117259104
0.2426533335758973	0.20858403955590354	0.09301882630673687	0.2795967744714726	0.17614702608998947
0.24319375630756718	0.21248305231952705	0.08655719552743579	0.2820305960695575	0.1757353997759122
0.24438148363468107	0.20999017160990527	0.09374207702098973	0.2779516092768913	0.17393465845753242
0.2422118073071849	0.2116089527391918	0.09211800617702574	0.277986031045489	0.1760752027311083
0.24510137106626104	0.2096642646421571	0.08884705522425329	0.282191940549041	0.17419536851828732
0.24287320573238286	0.21005200047212674	0.09185836948081456	0.2805133490411288	0.1747030752735468
0.24719742851034035	0.2111171847508461	0.08655798750125442	0.2819626289925532	0.17316477024500568
