0.07560547757386497	0.0620370160755948	0.09459037376426187	0.14536811007491668	0.10428292638115196	0.19085328055026926	0.0935055803597713	0.05659329224325737	0.03453396615907636	0.1426299768178354
0.01912739117445421	0.12433719057994211	0.10739468514046707	0.16353718425786545	0.07031214438426175	0.1785709724482346	0.10039864382367204	0.048027716047165124	0.03573614906187285	0.1525579230820648
0.0315200553539281	0.04392950824743478	0.15726651717445236	0.15871593323034494	0.062300449962807286	0.22222641356316788	0.11055216849817147	0.04058787217747431	0.033440792617126874	0.139460289175092
0.07677642256643707	0.04397751058121076	0.11058526425811513	0.18198565790911386	0.06038368024000814	0.195270484023384	0.10300690834296129	0.04811553127816076	0.03636273201439803	0.1435358087862109
0.10262906612491601	0.020020215373331804	0.138729438267818	0.15405794992616706	0.07232055973414966	0.18926627073344568	0.10187359973971283	0.0465719434930923	0.0319130163485519	0.1426179402588147
0.032996453434070275	0.07022742157582085	0.13923022535273494	0.15765753063806298	0.0986021933339897	0.17634716220900198	0.11173010715973247	0.045305986364061454	0.028958859599529277	0.13894406033299606
0.04394812821415926	0.013076193307405892	0.09985297462829164	0.17148481354321346	0.07495823038552345	0.2255494559739562	0.10990794765588839	0.05616487511723334	0.03360326050760075	0.17145412066672766
0.12484089229721984	0.019359395745231198	0.11071852258323195	0.14343437233778963	0.058012796283418884	0.22343407176575666	0.10140614394504913	0.03912862672492937	0.037407763415410675	0.14225741490196256
0.08176549189907009	0.05964872784405159	0.13222519374459707	0.15094706185494808	0.06479267599177191	0.17986825083765484	0.10421076306050003	0.05781428639134227	0.026277360607750946	0.14245018776831314
0.03785517402762835	0.03898855260377295	0.14755233717575728	0.1717437912164853	0.08631921115076224	0.21113028380850818	0.08744011257500904	0.04414595351185258	0.03305742197852564	0.14176716195169847
0.06678415403033193	0.06372047336284523	0.13007077927778762	0.17490313317444778	0.061533228578480044	0.17412947086441222	0.09737626000938447	0.05758093939672087	0.02637761712177976	0.1475239441838101
0.11311306129648961	0.02326562042842835	0.11674931070766792	0.14861139902993736	0.05231373741195569	0.20637349379485487	0.10970289518830686	0.043013809450959124	0.03141345154946017	0.15544322114193998
0.034494709620640635	0.0810341278839991	0.09730572007154249	0.1525932756263697	0.10390688893774745	0.1907148652844186	0.09243349494637926	0.04938994807798969	0.037624562429716256	0.16050240712119682
0.042637316373776366	0.02263496427740408	0.1416772898971388	0.16914040324779714	0.1063740789484695	0.18305389467196387	0.09917943831308632	0.0432504490591707	0.041375028853248105	0.15067713635794516
0.10170521565320297	0.00924852732631791	0.1002924465044488	0.17854766693824659	0.10724952491945361	0.17511348406619692	0.10610459586262978	0.040638792633392616	0.02955157167881249	0.15154817441729823
0.10038363707283633	0.0240311462749426	0.09754508239491032	0.16159785596830445	0.07080353357866268	0.19245408467645617	0.09751656608602759	0.04196647942642637	0.03926949768806483	0.17443211683336862
0.034804577840566564	0.12060363092404604	0.11458647019082907	0.15069350661321243	0.07663599659697803	0.1932602999559167	0.0955613466189627	0.035519812150805116	0.02872882311956841	0.14960553598911497
0.041070941964571756	0.0182110584950545	0.1458618460505402	0.16091216024787627	0.10171778013271253	0.18232944545719826	0.09644770681356926	0.044821319723341836	0.03346609339567573	0.17516164771945963
0.10235293980683932	0.059472641599659835	0.11310288647989761	0.14927155397295094	0.0629634207041394	0.19376693337504453	0.10721781226724063	0.04195180174050892	0.03130428684586321	0.13859572320785551
0.105920693127362	0.06152024118515739	0.09144226715776178	0.14538135420808096	0.0700313683979168	0.2026704366702028	0.09115220005744078	0.046868374203622845	0.03073422828385436	0.15427883670860026
0.043807072693864094	0.07042801474167534	0.09406496570627434	0.17590673798609302	0.07269914289140736	0.18203056366988324	0.11135452659311486	0.04212000917176873	0.03984426854003082	0.1677446980058882
0.08431764686491561	0.037230430432833805	0.15007157481942546	0.15899211664981355	0.06051546636052779	0.1826120973517832	0.10814850345710908	0.04050688965294327	0.032072085540244044	0.14553318887040415
0.028042615314834166	0.07688360728368769	0.12229122843411461	0.16377684643248236	0.07429994014023042	0.1916149103153041	0.10846389473789951	0.047934497014773585	0.03676115327647683	0.14993130705019678
0.07740681731638567	0.03344664186347859	0.0957414279966566	0.14761244863471046	0.10446347137746949	0.20219150240744554	0.11171820307061102	0.04689515191154496	0.024753953159104294	0.15577038226259332
0.1020203657889916	0.018997845313726627	0.1547659899408113	0.14684349165691965	0.06278618854551735	0.2074466687420795	0.08970183027002365	0.041680106665168505	0.03101530849813955	0.14474220457862216
0.05094286360876096	0.04650996279469451	0.14412627406530454	0.14175217045058863	0.1038626514237698	0.19588372732802606	0.09730419177972134	0.04463841826656024	0.035479190003370395	0.13950055027920355
0.07665643540490494	0.047400779745991065	0.1231310428990747	0.16624493371141685	0.05120116078816703	0.2057121305943949	0.08809675238247655	0.04928860274430989	0.042433460308352766	0.14983470142091124
0.1089474685014569	0.027319816074464126	0.09423760853071764	0.14230797769800485	0.09189477687613729	0.2148117700328419	0.0884835231196283	0.0394894727079513	0.038970665511647344	0.15353692094715027
0.04032931583801401	0.05128297847216576	0.12260266459985078	0.16285983445782493	0.09279132127281746	0.1755282152533132	0.09699382601973236	0.05459952947913425	0.0377795734680905	0.16523274113905675
0.0541748135080391	0.046096602948555866	0.12095234674227227	0.1496503261119981	0.10667929029780068	0.1948389728512665	0.10884161312956989	0.040403884832663495	0.03619018487727131	0.14217196470056276
0.024943764697912943	0.06759225526719446	0.1563151734258911	0.14828951901879173	0.10545710422874853	0.17772903400141093	0.08770365317112716	0.05291366002874016	0.035446542071094045	0.143609294089089
0.07860247218681855	0.022551119184808524	0.12822292951396924	0.18251837905300164	0.059208862349905	0.17616127183730215	0.10863289120223045	0.045042740436010635	0.034636567219674175	0.16442276701627956
0.06369807330861983	0.07317912293065015	0.1396961902998856	0.1476244823525435	0.06366400596622018	0.17686577701433953	0.1033381612488878	0.052281120920492294	0.02611292593758728	0.15354014002077382
0.0842641927058207	0.050455153132544575	0.12733283377282642	0.1489535420306215	0.053306461250056426	0.21238394979208425	0.10253420053351994	0.03743090771808298	0.0380238305798642	0.14531492848457897
0.1054345117927465	0.03326928245869412	0.09670745463681589	0.15124517345122662	0.07065431482924586	0.20879199337191573	0.09811405036758154	0.05718990941293767	0.032929451571172844	0.14566385810766322
0.024947268128708844	0.07400625780074657	0.15509154961128796	0.1522209074188977	0.07869290357648616	0.19259633576931956	0.096896406527252	0.03565238361756996	0.04179160293790131	0.14810438461182998
0.07593646439297597	0.020935719384806997	0.140952571500865	0.16880338750373275	0.06460187475136772	0.1940199926686375	0.09166046741930228	0.05622173205367218	0.025468554294822476	0.1613992360298171
0.024147195528757118	0.08525053710895192	0.14875614713517854	0.1738203822399571	0.0616104319422605	0.1815556844896383	0.10562446290106524	0.04718592797951035	0.02835744034981534	0.14369179032486565
0.059415760997999986	0.044495902020230044	0.11233241644757716	0.15149648106388822	0.06319501803611952	0.2183386061428762	0.11095405488424845	0.04085369224475686	0.03647450768985039	0.16244356047245317
0.04666764552248652	0.028013877754896055	0.1248039358119166	0.1834270096843796	0.056143421544908395	0.20390869648599924	0.10524786054880864	0.0475996191167834	0.02981337382999505	0.17437455969982657
0.040814680187389006	0.03619917193671256	0.155266459816762	0.16711991539159365	0.05651998889604638	0.22365360144835272	0.10104326303301094	0.03499351177368577	0.03361177508975592	0.15077763242669098
0.05481466183427362	0.10880775383497736	0.11822485985366243	0.1689134606650466	0.056103674592801335	0.17851514939274896	0.09392637133699	0.045033112809137694	0.03183497796270392	0.14382597771765812
0.06652071205756063	0.010175402520929494	0.14862288099662052	0.15152730481341267	0.0601695061131845	0.21382402544849857	0.10677417919014555	0.05578374381756086	0.041805426460949896	0.1447968185811373
0.038168647688955865	0.07403030571577385	0.11120892040688696	0.1791271531044049	0.08270384255890513	0.18028525207302176	0.09489779736898059	0.051176784439634984	0.028390058160863568	0.16001123848257232
0.0862599474898036	0.035391544955636636	0.1236847706822162	0.1561579708868905	0.06918247548177497	0.1922038734372975	0.09565828460173739	0.04553432531384117	0.04306026855020095	0.15286653860060098
0.0903234739261553	0.01949054364495864	0.1257148918970212	0.15075209088376113	0.051989059807547464	0.20141509512964223	0.10650344861398865	0.047523969145841775	0.036740066670980565	0.16954736028010303
0.059250724808123226	0.0333407513321996	0.09939907448652605	0.18150853449531051	0.08339392535642215	0.18787620996235652	0.09370184893838716	0.05392066747825847	0.03687696368813938	0.17073129945427695
0.05814052047118394	0.031218168655740466	0.14914390822883	0.15844499142474933	0.0667286008929333	0.21279924895951058	0.08897475738380872	0.034541383739274636	0.040261464004201636	0.1597469562397674
0.038523341503664904	0.018062478189025996	0.1394753795086443	0.1592882743817544	0.10896233880716194	0.180766990664092	0.09245719783978953	0.05451928101713271	0.03601336400932119	0.17193135407941307
0.034567002675436026	0.11666799584240882	0.13353213304594405	0.14184000435272348	0.06190386494154368	0.19651661743845575	0.0903130606347482	0.04517456355056565	0.023886877542874968	0.1555978799752994
0.020021422055455193	0.06253779817545901	0.10144069982484556	0.16533057814170732	0.11096651399474665	0.2026438699096223	0.09889524337183833	0.04789332342154527	0.04269640396201235	0.14757414714276804
0.04530897518316557	0.06403512255846801	0.14495027419198112	0.16103585379226362	0.05563352620906723	0.22235471832151732	0.08974724210430143	0.03601064061626745	0.03666362730651761	0.14426001971645064
0.0829098080211452	0.08602292889296517	0.0961057855343353	0.14900437744661582	0.07125449084686752	0.1965686471474159	0.08847840208725355	0.03860209019173085	0.027881745397268634	0.163171724434402
0.07467564929221626	0.029082160431154636	0.1511171366782389	0.161095198582196	0.07889284817266376	0.18291122153956504	0.0930192755042028	0.0530148875218359	0.039151602555452455	0.13704001972247423
0.0417322577802819	0.030433251963158214	0.12702223314105507	0.15966202624281994	0.0997964297582032	0.17771311326939854	0.10890088664802061	0.04710920326398513	0.0393965176642187	0.16823408026885872
0.03971162660979401	0.049032488506364914	0.12178297438014093	0.1551063386065827	0.08644044799167831	0.20089505180681466	0.10178384431860336	0.05708639305309403	0.04208283887109308	0.146077995855834
0.05757783834458978	0.0794766938468611	0.11302150253490172	0.14173352670977835	0.05755031812413165	0.22232105006006075	0.08757868821980397	0.05147844025249406	0.042481114452892425	0.1467808274544862
0.05918869725785232	0.0750790419353414	0.0985668948176297	0.1569873316598816	0.09840468120159718	0.1939779702968118	0.10703550405053855	0.038418195287549986	0.024708074579159175	0.14763360891363828
0.10682734467001911	0.05659902598547448	0.09574221663237917	0.1609784258231791	0.05564252300746071	0.1835791999587334	0.09679026148901401	0.04259919014479753	0.02887007938013514	0.1723717329088073
0.05617347347125397	0.03075447481366142	0.11112032445156922	0.16503011661278363	0.059842076743371365	0.21919130465130104	0.10845318636497663	0.05543024259115551	0.03558287784935807	0.15842192245056919
0.055558399453987425	0.06267958251426822	0.11662842773252755	0.17450624269755388	0.07735177579175972	0.18590389474775693	0.10850135063637498	0.045354590859708166	0.03570143128535551	0.13781430428070762
0.04932024397727773	0.024286455648673336	0.1271876710602489	0.1830642205606202	0.07728557084781401	0.1985937169498468	0.11097195486804928	0.04625009530799208	0.023565976657464197	0.15947409412201344
0.05222782873860409	0.014536938744346653	0.13598410461802043	0.1545726050743937	0.1067063144879552	0.20791273391883225	0.09375514852056846	0.05623518457173986	0.02471931208998769	0.15334982923555168
0.028272344898504484	0.031034574420664582	0.14760592692089253	0.18302479263896465	0.07716556039391413	0.1824707396943901	0.09591805737214035	0.05416600121514365	0.036341441784463774	0.16400056066092175
0.08359516440243622	0.0345778043869715	0.13299384552134136	0.14945304757820368	0.08249725464389905	0.20084150655685268	0.10834007432256827	0.044434230507380906	0.023459956506729676	0.13980711557361664
0.03671495648216151	0.027328635522871084	0.14995297070601438	0.1537027661878217	0.08728915661603558	0.21025518122971654	0.10098386639923021	0.05257722241180306	0.029066102026424012	0.15212914241792197
0.04703586224472896	0.06937495993304868	0.10118197378495226	0.15662599691107837	0.0738918042830831	0.19627501893181537	0.10990369508965109	0.038189558470547856	0.03266842297278531	0.174852707378309
0.05432930345263785	0.041723266549273184	0.09801226854569918	0.1579283578011929	0.09271576874055207	0.19623637665325983	0.10240514782132598	0.05670444110710523	0.029404919326782228	0.1705401500021715
0.07902678749015826	0.0425343255778491	0.10438534775200099	0.14706769183205803	0.0826786953386284	0.20118822141384116	0.10231979296659396	0.046194648230183995	0.034911554705886305	0.15969293469279977
0.05839026774484342	0.013433584098346621	0.10979831426283748	0.17882530807660074	0.08305257783164348	0.1988066315715597	0.10241228990540324	0.04311534729337538	0.040514997202284915	0.17165068201310496
0.022770042304099194	0.05630198120697801	0.12754747135607436	0.17716715784999498	0.07598108507170072	0.22632762393434613	0.09551689750365654	0.040093663800176566	0.03837696486181947	0.13991711211115404
0.06090019527267445	0.07423655194409184	0.0978541380527347	0.1640110282825789	0.0799711627150998	0.1815659576487862	0.09375381792981825	0.05235024907591812	0.04033951212077863	0.15501738695751904
0.03477080665249682	0.01553365809311548	0.15484190814229054	0.14233427633589668	0.10256231812354644	0.1894407509630024	0.10429371805769158	0.0535126175738474	0.032895374108461495	0.1698145719496512
0.04892488892887015	0.028907552044643722	0.1566309985902064	0.14538245752464996	0.11070927268522285	0.1960562232867129	0.10013903341798261	0.03580493662271228	0.03491201094975534	0.14253262594924376
0.10738197714023644	0.046186193383062034	0.12800343173794584	0.15951468628946297	0.05660526313865346	0.20344803187980143	0.08748577158813706	0.04443879989384707	0.02331027224185432	0.14362557270699933
0.019498715478839038	0.06425945242165018	0.13758100453348548	0.16896311760428562	0.05538533131271228	0.20341447628256687	0.10164034031713011	0.054284821976981354	0.032665239325928616	0.1623075007464205
0.06409335805564984	0.02771331112798439	0.14006968551914678	0.1453886345893033	0.09650258811811312	0.22198175499525447	0.10195384556627932	0.037622167784269744	0.027908468488833146	0.1367661857551659
0.09256990687831097	0.015453653848766208	0.1525119420434487	0.17289816868055463	0.06422937510100739	0.2086694604418428	0.08758814037370274	0.045612682482657374	0.023703350024330383	0.13676332012537873
0.04566594846842545	0.06382555148760498	0.128666290896756	0.17887987988139964	0.056871198302863746	0.20868833063365072	0.10879282218061007	0.04266946994699529	0.025475281532811672	0.14046522666888242
0.021731748764455563	0.13928369528986106	0.11304781770394018	0.14169056944559785	0.08903877264501986	0.1744606609484899	0.1077789562663407	0.04399332563906695	0.032979967346340164	0.1359944859508878
0.033702748142778835	0.02725833463243059	0.14788264714057492	0.17513524710975956	0.10270362901965979	0.17800732549497914	0.08845492011775495	0.04649581466103648	0.041954315286728106	0.15840501839429766
0.035432410943435536	0.024354546723767564	0.11837226855073253	0.15209400577809185	0.11280122423839965	0.22157429204725043	0.09380837280686717	0.05194959260211798	0.040135508685174535	0.1494777776241628
0.022253981905048015	0.14674318393506006	0.1062254900384805	0.14255210839224297	0.06351776260475983	0.18392706243536877	0.10471581139563897	0.03883879567795755	0.028907210470681732	0.1623185931447616
0.11916062738016622	0.025239083204599555	0.11040008524635839	0.17009144573855378	0.05330582765839665	0.2005819520415282	0.11095102210074846	0.045580223831391715	0.026235071820035358	0.13845466097822162
0.0427529991828015	0.030862945070871783	0.12481928132514242	0.16964052817225667	0.07221943685303892	0.20284780640251415	0.10855711297209247	0.05098869712987217	0.041758633988100605	0.1555525589033093
0.09466054638030365	0.04902166530717951	0.09728658605430965	0.17977519044532675	0.05951688417655933	0.2035246134231747	0.09081619482091724	0.03907906337177525	0.03106042393758497	0.15525883208286886
0.034512681746390536	0.037401216432860276	0.15476015138981403	0.15370316802268527	0.07530004547822777	0.22325613917466897	0.11123619199475615	0.041929986603411275	0.02497706260438068	0.142923356552805
0.053491233085304596	0.07323684391561777	0.09988489372266013	0.1824540636133236	0.05789253588384337	0.21230715615165577	0.0879373374735822	0.04307200017663502	0.025284092309738673	0.16443984366763886
0.036985354179778954	0.07859112037833843	0.139116034722006	0.1635777918297751	0.07086221293656664	0.18369773576451953	0.11028580323971571	0.05400505207290245	0.0260210813578748	0.13685781351852244
0.12242032392862143	0.037055868414247226	0.11514366339261072	0.14863454174575483	0.05410325015118422	0.19262605276299113	0.10171144148360295	0.04428089487627688	0.03501888181035351	0.14900508143435703
0.0575367427144622	0.09996921961112105	0.10627500614605392	0.14309833232914823	0.09796882846277177	0.18395491181662096	0.09683329857259641	0.03717305288268567	0.02384755227756931	0.1533430551869704
0.026134451261990627	0.010159015016033918	0.15563312962272924	0.15345269972054473	0.08176676508315067	0.2220610143297732	0.10742402119876245	0.0378984441310884	0.033037899800908405	0.17243255983501837
0.04605062729885348	0.045858166340113464	0.14066888830176746	0.14821943226927223	0.0885027897735105	0.1813550939798353	0.1094113498710042	0.05390202394106144	0.033760016128315015	0.15227161209626694
0.03810239530681976	0.018399775303211213	0.15164350611041177	0.1599948142544222	0.09658060062595593	0.19660560077278272	0.0939652616168373	0.05230260154691054	0.026084632397413057	0.16632081206523563
0.12112601930232045	0.013494178806437843	0.09308703029797208	0.18137635824225634	0.06016978279563274	0.19830202317010615	0.09021985371963051	0.05823626430790482	0.03264050553627648	0.15134798382146253
0.039776892311747664	0.09069988897630032	0.12909391190876487	0.16095619023166113	0.06928019049260828	0.1740976780666935	0.09566352985128691	0.046471456888210694	0.037674694103352724	0.1562855671693739
0.06911727809950781	0.04420021308463293	0.12240499210218386	0.16755478214666417	0.07639027189429945	0.1906435406568408	0.1055118172816479	0.03580280415688997	0.03999329399979898	0.14838100657753409
0.026391282049629025	0.028583228426169296	0.15653934965709992	0.18380145657603236	0.08692843478511705	0.1920107400554335	0.09965319190785549	0.04213864518970263	0.028081402108428327	0.15587226924453235
0.05419280375673639	0.11769980759493591	0.11410645915297557	0.1512346758856178	0.05546669116369442	0.18178257060870856	0.09741759981831083	0.04882471320915158	0.041726383165692396	0.13754829564417653
0.06367077110108017	0.11141943288838956	0.10644400438017798	0.1514566937257131	0.05242085997341987	0.19772623846189147	0.09588838722660484	0.05525650271961034	0.02344984142923298	0.14226726809387966
0.11457204746247802	0.02463954711671351	0.10424633757129328	0.14673914992777315	0.061581882425419565	0.2026431624170834	0.1032396289759541	0.03593385922506494	0.04125269867557187	0.16515168620264808
0.03849563768568738	0.06843572409512126	0.13356013778960915	0.15929833357607193	0.07079473982975654	0.1843436922170133	0.0979505040695002	0.03624367340654305	0.03932094761346492	0.1715566097172323
0.03604882770776882	0.06881780703834589	0.10360940683612949	0.15780320261318748	0.08308556902928797	0.19661028110411657	0.09555965585557162	0.057897087589026265	0.03376438912088059	0.16680377310568534
0.0560026500614936	0.017559228964611692	0.11834549860415775	0.1833924574328362	0.0995143062848253	0.19515240316021604	0.09469615128754133	0.05813160818601916	0.024147468016232687	0.15305822800206625
0.10834654226515805	0.01681831255146027	0.13071446354637087	0.1709681493250315	0.052681975850997986	0.2017356136895381	0.09681677793391094	0.043184535822134745	0.02539815346991929	0.15333547554547822
0.018641440573706966	0.13425016969269604	0.13778182109090548	0.14508091519059044	0.06227324359315423	0.18609755649529436	0.10032950717913992	0.03537499221751311	0.030885044332399955	0.14928530963459952
0.04272646345972214	0.051606035992348205	0.11722385638880164	0.1643221832944781	0.07759778203706856	0.19193251034213893	0.09791805965037662	0.04439256907962257	0.040391494526058155	0.17188904522938508
0.04386136403573759	0.06593463439414071	0.14370238997427365	0.16332939022261778	0.06436207982129225	0.1879178836295743	0.09362598421553796	0.04575473391690036	0.03731345806707004	0.15419808172285537
0.03369555097631527	0.07624137553742842	0.09984565504775313	0.17915050209349428	0.09249264986433042	0.20606545746069	0.09639130401530029	0.0377203115109264	0.0421588761319349	0.13623831736182687
0.01973420307389316	0.052452332365518065	0.10118958373851634	0.18008685777090333	0.07616425380858609	0.2164270021472502	0.1115727599567638	0.049554246145417744	0.03457840584920803	0.15824035514394327
0.07821803743436444	0.030873456015850995	0.14003311369903915	0.14582994126060364	0.10692090987142597	0.18336480344943534	0.08922790208691062	0.04248602967337015	0.030414129543450644	0.15263167696554905
0.023544395289901654	0.1022772081938398	0.12639098457731288	0.1453911753286311	0.06532455086838243	0.21985804222368885	0.0943568369069919	0.052409906904838675	0.02903977014160304	0.1414071295648097
0.06513532254862153	0.022376513164924852	0.13556552984188128	0.16509841921036156	0.06984213454931282	0.20540327219094706	0.11178811735486237	0.03768997324927441	0.042673221210014656	0.14442749667979946
0.0203841502649197	0.13843608577891714	0.14145992404909902	0.14860659510174595	0.06772450572690028	0.18942133037605322	0.08864463491529656	0.03762425788703435	0.024924246666764613	0.1427742692332692
0.05789212443032759	0.04992106487872032	0.12525584819885666	0.1434446038154673	0.07934256553720702	0.20747110744935907	0.10038775716398926	0.03573985589191875	0.03525494364476418	0.16529012898938988
0.08269192911217339	0.016147225780966126	0.1447238112132112	0.14289997559090464	0.10166421878295102	0.18235035112567805	0.09977972038570107	0.05417541003522005	0.029918033465043098	0.1456493245081513
0.08456800486356698	0.04823420030352445	0.09148861350876948	0.158620263260311	0.06254674721519532	0.19551333419745465	0.1025533701662627	0.04488938911707591	0.03753185938994727	0.1740542179778922
0.12311751054877043	0.022150007989518064	0.09078576606815132	0.1723072002996024	0.08603454578873898	0.17701543070052772	0.11146118066442727	0.042902715322657256	0.033074090680097076	0.14115155193750945
0.048257790950095275	0.06736787067031359	0.09368922608424957	0.15761462051706746	0.11261189961454002	0.18637906515326533	0.09769372516127722	0.04885602508357392	0.0270792297406455	0.16045054702497205
0.10633189828068912	0.02589615511101881	0.11279698977930172	0.16516894932539017	0.07689358757704587	0.19234568613463437	0.11014480688059655	0.043910005540130234	0.025917275593355965	0.14059464577783715
0.1288241030942115	0.06383733127892369	0.09504507661764411	0.16437940527716408	0.05274045494860016	0.1762266366603469	0.0958856381202929	0.04975084963175061	0.027274821786354125	0.14603568258471178
0.09192856063631227	0.024845652736568274	0.10751832720756949	0.1620661585348705	0.08021358216956842	0.21519732437351027	0.10848855448425314	0.03671308161989255	0.036161017885421906	0.1368677403520331
0.06067985899570005	0.04282831580986202	0.1336425069808163	0.18104775118245275	0.05126796152854115	0.20747191717443608	0.09541412490374795	0.04048834731646212	0.04078606146034535	0.14637315464763617
0.11287428745433412	0.0638323818122904	0.1354214905090611	0.1473692369361484	0.0539151071510714	0.18707794615546208	0.0918452452151399	0.03772166293999965	0.026018784909614304	0.14392385691687856
0.05964600821423663	0.07989834589883063	0.11437041959016846	0.14579775053245247	0.0925682306624551	0.1728585475642092	0.10457097305984578	0.037098030092034356	0.0405898205651278	0.15260187382063953
0.02605318751407626	0.032212945753222255	0.1538157733400748	0.17088710892918765	0.10127852316449679	0.19114583702743368	0.10066142260533806	0.04781265452600945	0.029873687290470005	0.14625885984969111
0.05797294992319513	0.09576863228203235	0.1294250471335054	0.1633461674439655	0.07014023348792986	0.17607136155752814	0.09851486622021005	0.0365044810640342	0.026335473496862993	0.14592078739073636
0.03003002418026242	0.09944318687606876	0.10158287799320362	0.1440506022190472	0.08552053994482484	0.21217272765803888	0.10431936182037567	0.05586458513674812	0.023850070361823947	0.1431660238096066
0.06933605236290566	0.08117853481514989	0.1039918760913153	0.18161138434265117	0.05741685218669998	0.18608797495519586	0.09305291985435858	0.03542834956048711	0.036557446254296605	0.15533860957693985
0.05591189550521289	0.03908667907502554	0.1488675379346025	0.17181054148773386	0.08127571183738745	0.197999943118791	0.08911268775745382	0.04191803054017795	0.023866618055339323	0.15015035468827564
0.0597841819668546	0.035988328566558495	0.11225099052314777	0.180225955406129	0.08703514030360855	0.19288999544266344	0.09663241697722556	0.035890338207575964	0.04091468673729765	0.15838796586893897
0.06023599087207991	0.057087316590547374	0.13185708957046594	0.17559448525359944	0.058470713615151035	0.18241496016214415	0.10896810290918463	0.04014122940575805	0.03290034529917148	0.15232976632189799
0.04557354128831698	0.02379434083789468	0.14377533108039775	0.17408591875007717	0.10457101048773745	0.1940021866519453	0.09214023053990768	0.04011139136247722	0.024904626323944634	0.15704142267730117
0.04652370155042969	0.0747453276950083	0.13525276864253294	0.14902710357849885	0.1023411292117172	0.17697966280428887	0.10770646820977704	0.03773307423660128	0.0272452577673961	0.14244550630374972
0.10802640686065025	0.035781622306804706	0.10436212623194481	0.14276429092831888	0.0771079179203395	0.2028094264071943	0.10603876790005273	0.04582695357888562	0.0360878888645374	0.14119459900127174
0.06144154078821888	0.017415848777718138	0.13036875863248887	0.18286846393202938	0.07970738976989286	0.21149713249822233	0.09162687667585097	0.05239503978225309	0.0294324862754555	0.14324646286787002
0.025065251595644725	0.05722629557741836	0.14154997651380258	0.1601744543266047	0.05404164002174425	0.19415465293700268	0.11104537377660406	0.04806033693423076	0.04273022720366588	0.165951791113282
0.03551869282394553	0.020283722731332762	0.14773471257547335	0.14545481232797866	0.07925967797664034	0.21934105395317482	0.1115921387401389	0.05761672026190457	0.040680453155673334	0.14251801545373774
0.046057486037019355	0.04815684277949385	0.14484179934656705	0.18407347897515935	0.060389302155335535	0.17880081006846735	0.10636994139135028	0.05275401008261103	0.029421554804435465	0.1491347743595608
0.059396201563584786	0.052068850687823465	0.12418320307658501	0.1456074092222341	0.0595074094707753	0.21306563251914226	0.08978372275989956	0.057688997201711244	0.025990579316301957	0.1727079941819423
0.060054639031253604	0.09682763542074409	0.10195848139526063	0.15810364668594018	0.05647585751573663	0.18608653108900058	0.09490510452159118	0.04134791210478493	0.032724228035239875	0.1715159642004483
0.08420895319027713	0.06924522626889441	0.09389782787397961	0.16097711103715193	0.06978944795892825	0.18949635102563522	0.10162994200755034	0.041478103650269	0.02813597387022447	0.1611410631170896
0.10765398826776662	0.024252259402068835	0.11252509728314315	0.15327976581265293	0.10033819154364432	0.1879884612198094	0.09951751883501593	0.04518489822440719	0.028126151154680465	0.14113366825681112
0.022064264337651282	0.04177748427502923	0.1240488518850803	0.17232389369883971	0.07339707499018532	0.21253768279347796	0.09347980044212528	0.048828109757262074	0.03760179980823716	0.1739410380121117
0.09346433502153653	0.020200035859445742	0.10212124309388153	0.18147713662252013	0.09743505570002564	0.1840304758770528	0.10720402156378116	0.04441241571076292	0.031660002486302685	0.13799527806469078
0.019510732708419035	0.06786653827012945	0.11565683332347323	0.16888421040381904	0.1004266833056583	0.20495028065009552	0.08827279746038813	0.05227853900395252	0.02619367073244415	0.15595971414162066
0.023953353893586563	0.11156806228293907	0.09058442151367302	0.17615759860467617	0.05825499146555279	0.1867591279472517	0.10602613127127643	0.05686531978229157	0.040177861838886726	0.14965313139986602
0.11105177649735104	0.015302330814942644	0.11341343366534526	0.1678755679207285	0.0917610039675549	0.18881883767890717	0.09812206628772506	0.04880222504855978	0.027448863985204186	0.13740389413368145
0.09612197943480325	0.02213404292791095	0.13583814069917247	0.14321315868869688	0.08291311492668382	0.20802452076478212	0.09926812054808938	0.04779471941451543	0.028635246828102978	0.13605695576724267
0.08791590227352734	0.03470613487620054	0.09966961273612426	0.15202722382263098	0.08798973875204004	0.19521829836716564	0.10360816338178325	0.05093292664087631	0.028928436409272965	0.15900356274037863
0.05628712189700177	0.021506690770261558	0.09907311026034002	0.17914648492600516	0.08492277916612763	0.2096759570587578	0.09460752914994719	0.05506321846766675	0.030806293827517386	0.16891081447637468
0.07413613424518414	0.03044852226151802	0.1268623613954514	0.14216253215813585	0.09856531535705615	0.19118269826170523	0.10012322871041175	0.05162313467373357	0.035771612204661074	0.1491244607321428
0.029826567309738497	0.10533585321963063	0.14229294337872975	0.1610621233635005	0.05638149147403796	0.1727766768405714	0.10333033291463728	0.04402084852596065	0.025232393550404894	0.15974076942278842
0.023480426130843834	0.10289870504773564	0.1324178059651212	0.17710730212700504	0.056743540248995805	0.19098526954406247	0.095027096935305	0.04390781982400287	0.02640590489617918	0.15102612928074896
0.032538464551642596	0.041921962498649185	0.1244319546909209	0.15518091813193347	0.10437521109402106	0.20024076697371362	0.10433206158286254	0.053229588365889	0.029600937302139377	0.15414813480822825
0.10714877388029072	0.06351048768413298	0.10867541980534817	0.15675757821869007	0.06171095347024349	0.18458744832817642	0.09190443612817459	0.04307479278077687	0.03007435641817076	0.15255575328599585
0.04169420315851187	0.04773445977213524	0.10359571748106278	0.14239496020175343	0.10177777395775542	0.22153243370164213	0.10760597906110335	0.04901114536939215	0.04180267051544646	0.14285065678119716
0.043640744686373474	0.0264396087202714	0.1429877858225632	0.16593082158964662	0.06371659955168271	0.22446330364264055	0.10520318553630068	0.04834761443386404	0.02649686626058853	0.15277346975606884
0.02712617190201916	0.1014171922525729	0.10574274595205281	0.15256135943598012	0.08245817108476505	0.19194905875254065	0.09898625436160617	0.05017147338259423	0.03728574905680132	0.15230182381906765
0.06490195745734043	0.028646042399031887	0.12326931401631935	0.1550339819354967	0.07531933973167257	0.2218653817973514	0.09232586603437218	0.03686561948599913	0.039394631783238175	0.16237786535917811
0.09745798628048616	0.026582653905271952	0.13999575314762241	0.1827030068101831	0.057772471232428645	0.18176659207418977	0.09723170490375953	0.05082159868484965	0.02532150758689776	0.14034672537431095
0.04789293367797977	0.03110288709331721	0.13939790736702723	0.17010524896512141	0.09451136613471774	0.19366640661858914	0.10985328856571275	0.03597949511177591	0.028965802523282305	0.1485246639424765
0.022485215560146835	0.08159847433413572	0.09572880149124105	0.15653675602353093	0.10859980797166705	0.2199806938694498	0.10206155538675221	0.04595801502049158	0.028712771176625906	0.138337909165959
0.028590200394443405	0.07192828537956258	0.12864974769414309	0.1661231470027103	0.07401365576772383	0.1818625202694972	0.10942596331206073	0.04996785654251365	0.03496033524534341	0.15447828839200187
0.05865609514452981	0.10420703608974706	0.11506778088090014	0.14405318539224377	0.05114242261444671	0.19563390333701286	0.09089453909343176	0.044627505327168554	0.03160409980032909	0.16411343232019024
0.03262767653966017	0.04546770805615648	0.11740359293656297	0.1756247756888484	0.06803121586537951	0.20794390276790004	0.10518020627392466	0.057197898937136234	0.03513577887926364	0.1553872440551679
0.0421411907641434	0.07751877511956784	0.10972018751485532	0.1660172189893821	0.08863532798895861	0.201276981965471	0.08819609368601991	0.03825209529337174	0.03277930301540158	0.15546282566282843
0.08137126608441837	0.05170364687322282	0.14024374538704437	0.15517353692090718	0.07804770969090616	0.1852112822962118	0.09241894677543144	0.03774222992786353	0.02436802902370576	0.15371960702028853
0.03582132170040152	0.02666952522454384	0.13811420980323744	0.15187599624335021	0.07801026401453783	0.2265123434372388	0.10888869255964953	0.05372336506330626	0.03916679814362832	0.14121748381010624
0.06492801800945101	0.037709096046059695	0.10318644999230873	0.14850828622419698	0.1119414364994459	0.2066729729216014	0.08878924314341527	0.052228816754998325	0.032490508685110234	0.15354517172341242
0.09133060854454148	0.07753876258504923	0.09746033333796618	0.18007311325860687	0.06005061249417511	0.1736912236970818	0.08783943549796595	0.03804308649830106	0.037130925250340396	0.15684189883597188
0.09580460714537452	0.02698328850133251	0.10656071853300603	0.15712512321348726	0.07615996128228544	0.2081898002642249	0.09856938998382397	0.05106844340398723	0.03846460757940498	0.1410740600930731
0.102348149364154	0.04615797418569258	0.10736505846841585	0.166735971648141	0.051036457934530904	0.1996193701689015	0.10204028800561651	0.035359702637181994	0.028837571865390724	0.16049945572197488
0.05533855212005596	0.08370144038911943	0.101754127919809	0.165103759203854	0.0573626181981307	0.215253025191604	0.09251957967895108	0.04257840015576519	0.038584842978969115	0.14780365416374147
0.06952968405425222	0.07767427523449594	0.11062613078092037	0.17572179030273977	0.06717426915045796	0.19277200698176122	0.09199580286353073	0.041635654929425656	0.03033765186218726	0.14253273384022883
0.02592096118798072	0.07759653506834634	0.10958014937591298	0.15855242152620258	0.07551483304402719	0.207129154125271	0.10187578835270981	0.05765814505806031	0.03816391718098858	0.14800809508050053
0.0812345237363451	0.02512145473909494	0.15372368984294293	0.16886659513167207	0.06410287855120235	0.1938396019219591	0.09257114883854316	0.04763592252854784	0.034729830326486896	0.13817435438320558
0.039083416715406744	0.015026935069884964	0.13591807867534667	0.16375884305303262	0.1078403553105443	0.20740567276353988	0.09887217341863179	0.0427290615203753	0.03945127073742445	0.14991419273581336
0.01906307436502447	0.09068557160520163	0.09890855701298298	0.17380927811687272	0.09260845277373479	0.21086804018346417	0.09564910603488001	0.0413313341464431	0.032220960089050704	0.14485562567234542
0.02564198066900182	0.09433733801011178	0.10792447613272174	0.15782851513675417	0.10822546836684921	0.18363142895652929	0.08814373759452546	0.04568036162740415	0.03964609447788349	0.1489405990282189
0.07575259526161021	0.04860927514275127	0.12901775857995323	0.16392326773473256	0.07661879453569373	0.1948531895237724	0.1046654075503837	0.03482422475022817	0.03001235008489854	0.14172313683597612
0.021008051054502597	0.08390566106232551	0.13643747012112611	0.1610839847589937	0.06325686337967629	0.18616200350142714	0.10237824152435705	0.04461803809074555	0.03055956998834128	0.17059011651850484
0.10591992147603305	0.041193782156122294	0.12759796472326934	0.1474858185840904	0.08387284276549574	0.17823354345896997	0.08955419998367894	0.05298191534086464	0.029275611655282502	0.14388439985619303
0.06498737336328057	0.05858659907324651	0.12152100577608507	0.18287005399547418	0.0687269479393694	0.17865949057380248	0.09200589945891299	0.051600419072309764	0.024177605726636353	0.15686460502088265
0.05956364827300511	0.06105554394128619	0.12009412584055873	0.1688131099803574	0.05593434108094085	0.20137930153036582	0.09481126824424092	0.04836616513490688	0.03206819387891767	0.1579143020954204
0.08492390165912206	0.08398493943336227	0.11424319358751903	0.15576146899373522	0.055202960161243486	0.17810949449265767	0.0951999311582227	0.04780836097117846	0.025576314092139965	0.1591894354508191
0.08371649044191837	0.016254815087822033	0.10178830050572663	0.16740410069486616	0.10864918688041342	0.17792158279475906	0.10294962062749174	0.04210882260028972	0.03831895451235017	0.16088812585436266
0.030833097943234328	0.08290206087566857	0.09240288852196213	0.1647575669025131	0.07205063576249761	0.20071565195587407	0.09422356048163728	0.05169168030233885	0.039376186253599746	0.1710466710006743
0.08609010635565181	0.01840765597337375	0.1450703358539222	0.148770007089672	0.0734237391112027	0.17503224589421318	0.09159259157944111	0.05299113374749573	0.03853262443661018	0.1700895599584173
0.03466869421932191	0.09971721799883349	0.12014725151610295	0.1573018152410118	0.07162616886691664	0.1775976032353745	0.09664304718870463	0.053645857498977496	0.03039933839798596	0.1582530058367707
0.029872451318135915	0.04148352339555727	0.12343979661377627	0.14890509528376958	0.06861424414011627	0.22402521709441495	0.10930706630932813	0.05401774748601502	0.04076595358346384	0.1595689047754228
0.09709670833377856	0.024474414112166026	0.15485494551848233	0.14933126823195603	0.056341802835994804	0.1922289101490426	0.09374137563078738	0.04466565651683396	0.043387709724133146	0.14387720894682515
0.02176184314281744	0.1045279686138183	0.09640305108692337	0.17772566946468926	0.08409359932510047	0.1824776683910102	0.0939729872819031	0.04897539368407909	0.026491162997589565	0.1635706560120692
0.03525627106552416	0.0692183984137395	0.1405034107117729	0.16070568676293456	0.07158485063461924	0.18938513012098332	0.10271396271113643	0.0465883551512788	0.03539075176714039	0.14865318266087071
0.021686391811680472	0.0663941239956626	0.10458629740472129	0.16606035306828154	0.0721334916365442	0.2244553518815922	0.09827821628642422	0.051300929681610784	0.03623530033061635	0.15886954390286634
0.04364696487540917	0.09859696984290081	0.09983127435671614	0.16758471312850193	0.05117096241722284	0.20974677888375304	0.0955085851513359	0.04363784529357929	0.03689131731915242	0.15338458873142846
0.051662218656529646	0.03849880970823372	0.15240391289202065	0.14904135309723762	0.10508998424575461	0.17669551478916418	0.09410246004217741	0.05482986632344816	0.03418529076186559	0.1434905894835684
0.11959547775914452	0.01709808232624961	0.09755320445987363	0.16109349103434384	0.08172277935338534	0.19963508958767373	0.09205401494748065	0.04268956906946903	0.0431875936637653	0.14537069779861428
0.10862812406736512	0.010611731513773023	0.1424928259490652	0.14152802377986998	0.05229250950093104	0.18591804350757934	0.10373266242779637	0.05025127477030572	0.038041189834438535	0.1665036146488756
0.03347988234396582	0.0508362845233402	0.1223374371115806	0.14342313711802412	0.07735851186526599	0.21791206794858972	0.09705965307385184	0.04789645612463578	0.040341407855626774	0.1693551620351192
