0.5871587997896022	0.1976286735458345	0.21521252666456342
0.5858480537618642	0.1990186228867789	0.215133323351357
0.5866081035326796	0.19939424924056157	0.21399764722675896
0.5878861420856669	0.20203905346733483	0.2100748044469984
0.5851705187281584	0.20085169099642908	0.21397779027541267
0.590441686766864	0.19989563399601085	0.20966267923712523
0.5877464972678668	0.19831680855765638	0.21393669417447697
0.5862155621924079	0.20283492408748882	0.21094951372010343
0.58739274419976	0.20019585408471238	0.21241140171552778
0.5891688717184385	0.19778946270530245	0.21304166557625925
0.5880334542244399	0.20209055737097242	0.20987598840458782
0.5832659682870873	0.20188401756565288	0.2148500141472599
0.5872551515539775	0.20277527385630256	0.20996957458972001
0.5870488694020625	0.19980708774505251	0.2131440428528851
0.5874935160166681	0.1966530195376914	0.2158534644456406
0.5849351400910257	0.2012926465125089	0.21377221339646563
0.5843327814400908	0.20147637273490204	0.2141908458250072
0.5828677951796719	0.20293561263955084	0.21419659218077736
0.5836214853342989	0.19986253962517525	0.21651597504052594
0.5873076101481898	0.20036904786084297	0.21232334199096736
0.588234568944396	0.20003912413842673	0.21172630691717745
0.5868736585318316	0.19789468884180597	0.2152316526263625
0.5850120422849947	0.20313674170382853	0.21185121601117685
0.5884249493120164	0.20117132289451045	0.21040372779347322
0.5899063054681569	0.19699849641966907	0.2130951981121741
0.5841981762212094	0.2041621647667066	0.21163965901208406
0.5867944129414252	0.20268648515736037	0.21051910190121448
0.5888270161008248	0.199404807125093	0.2117681767740823
0.5880450577887062	0.19950964415934413	0.21244529805194984
0.5872621579568034	0.19881323132749382	0.21392461071570296
0.5878451425651131	0.20013914929458204	0.2120157081403049
0.5900287099954176	0.19837366989668817	0.2115976201078944
0.586164916889166	0.19766965570821296	0.21616542740262112
0.585597614516166	0.19966779299084783	0.21473459249298626
0.5893633736764741	0.1979184539154847	0.21271817240804128
0.5898919263611688	0.20022836122820284	0.20987971241062836
0.5862101649236846	0.19821810760902409	0.21557172746729134
0.5879175800348814	0.19807859140366926	0.21400382856144942
0.5846354061548574	0.20614283002894954	0.20922176381619312
0.5876306984764381	0.2007668761465614	0.21160242537700064
0.5865197394037334	0.19954423676487748	0.21393602383138935
0.5866995893454712	0.19891168547065197	0.214388725183877
0.589523101128661	0.2006538819697898	0.20982301690154923
0.585834809664712	0.20309949228210264	0.2110656980531854
0.584025846334927	0.20408417145360785	0.21188998221146524
0.5831069690875723	0.20385195668265038	0.21304107422977744
0.5890270851313019	0.19714803318061208	0.21382488168808617
0.5887753994990099	0.2005805365670557	0.21064406393393437
0.5885003306846787	0.19663894463902343	0.21486072467629802
0.5828417065655479	0.2017789413420126	0.2153793520924396
0.5901509096822073	0.198129789189531	0.21171930112826184
0.5854401608413836	0.19972602454376887	0.21483381461484766
0.5891280762407891	0.19924637237425763	0.21162555138495343
0.5885499555492022	0.19978251211778358	0.21166753233301439
0.5905433729211887	0.19912075821511008	0.21033586886370131
0.590213840588564	0.198818023613401	0.21096813579803514
0.5831994676394491	0.20066512097012754	0.21613541139042344
0.5836256411093861	0.20330430553018408	0.21307005336042992
0.5879970814371454	0.2005006581227732	0.2115022604400815
0.5852339981885746	0.20026105236192665	0.21450494944949886
0.5834936662689304	0.20475066292985705	0.2117556708012127
0.5888505961265211	0.20065923324018742	0.21049017063329162
0.5892124514405139	0.19861478905850508	0.21217275950098105
0.5848562579872171	0.2027637829654046	0.21237995904737844
0.5900289818339528	0.19887892070863483	0.2110920974574125
0.5862559341402498	0.20406633577283906	0.20967773008691123
0.5876330294457397	0.1965259575565908	0.21584101299766956
0.5866431030794793	0.2007207318417861	0.21263616507873467
0.5879440472357496	0.19847707426936834	0.2135788784948822
0.5836903980859361	0.20292596575849275	0.2133836361555712
0.5829332164076461	0.20093078030181516	0.21613600329053892
0.5878610707973451	0.19794601050407648	0.21419291869857865
0.5872066282541585	0.19914922820817654	0.21364414353766506
0.585490397528533	0.20305695501425564	0.21145264745721143
0.5829088786837875	0.20328566460331618	0.21380545671289639
0.5837819288967787	0.20106897477896235	0.21514909632425902
0.5855475440997939	0.20297943799698887	0.21147301790321738
0.5854787378247639	0.19992370644774643	0.21459755572748979
0.5837151548306284	0.20427510697459916	0.2120097381947725
0.5880166591130872	0.20035284994497382	0.2116304909419391
0.5877920413683021	0.19988862433888327	0.21231933429281472
0.5879857944340787	0.20192961340534216	0.21008459216057918
0.5894680593257884	0.19689062421339915	0.21364131646081258
0.5843907626272163	0.20336377510866552	0.21224546226411822
0.5844197758061096	0.202256579126801	0.21332364506708948
0.5840750403189692	0.20376358484632406	0.21216137483470685
0.5858768193894135	0.20318833892623037	0.21093484168435628
0.5843028671593469	0.19960887673439132	0.21608825610626192
0.5851588079828143	0.19870040697500893	0.21614078504217693
0.5870865916196116	0.19800699592373958	0.21490641245664888
0.5859530781617527	0.20030576871301511	0.21374115312523226
0.5853064719786754	0.20421677587881648	0.2104767521425082
0.5842569719634816	0.20412137002869699	0.21162165800782154
0.5834864245992808	0.2047904747857383	0.211723100614981
0.5884427391759044	0.19622819785476192	0.21532906296933385
0.5889165345449514	0.19667826462249524	0.21440520083255343
0.5874076955546323	0.20112732532829997	0.21146497911706771
0.5856693128441668	0.2016969207604829	0.2126337663953504
0.5870216110064256	0.1984910959902595	0.2144872930033151
0.5884003063949701	0.19934683141525103	0.21225286218977896
0.585875258649271	0.20000121332651877	0.21412352802421034
0.5863190930054485	0.20399350656064252	0.20968740043390915
0.5873816710278736	0.1995967181165183	0.21302161085560822
0.588479862166805	0.20173800146560036	0.2097821363675947
0.590859411417181	0.19907316105109765	0.21006742753172142
0.590421550281112	0.19624050221934933	0.21333794749953874
0.5858716594739667	0.2046432869041218	0.20948505362191167
0.5866333323597049	0.19741355060787896	0.2159531170324162
0.583409962380361	0.2040261666206946	0.21256387099894453
0.5875924394231569	0.2002360192837741	0.21217154129306914
0.5876860151973011	0.198996266954351	0.21331771784834802
0.5850832310916432	0.20307751039981903	0.211839258508538
0.5884306821437305	0.19969575543353077	0.21187356242273878
0.5863020645113165	0.2044293494253246	0.209268586063359
0.5893744226445751	0.1967324620244234	0.2138931153310016
0.5845611735365985	0.20286227262119372	0.2125765538422078
0.5873501033306021	0.2010045418191771	0.21164535485022093
0.589530507176889	0.19997492596604138	0.2104945668570697
0.5881338459853255	0.1966657224040841	0.21520043161059052
0.5834833432018273	0.20058159644798867	0.21593506035018414
0.583993842619354	0.2035598659159438	0.21244629146470226
0.5884037980832142	0.20236301630464842	0.20923318561213752
0.5888643815238215	0.2001306821485269	0.21100493632765183
0.5836896915853971	0.2026661593271432	0.21364414908745982
0.5832822682383213	0.2043483487356083	0.21236938302607047
0.582794831507832	0.20219687935675318	0.21500828913541503
0.5885871223555956	0.20156102969741885	0.2098518479469856
0.5857041496115198	0.20032328747117462	0.21397256291730565
0.5899663723443701	0.2008613188314337	0.20917230882419632
0.5828647475049124	0.2021978463714681	0.2149374061236197
0.5864825154873723	0.2000793497110847	0.21343813480154317
0.5855272392315897	0.19861604257365068	0.21585671819475977
0.5854657379538089	0.20228328108116844	0.21225098096502287
0.590301917902064	0.19948850101307614	0.21020958108485993
0.589356756743902	0.19817653374189348	0.2124667095142046
0.5889400127137263	0.19632388281519847	0.21473610447107522
0.5882546627708547	0.2004355239829364	0.21130981324620896
0.5869295813488699	0.19935685437290487	0.21371356427822535
0.588997064850707	0.19717336947158798	0.21382956567770514
0.5904750771288585	0.1962211024205556	0.213303820450586
0.5840585480626361	0.2002236763204657	0.21571777561689823
0.5825512475606518	0.20409987969363633	0.21334887274571207
0.5856226745416829	0.20256299715691434	0.21181432830140287
0.5827065119032667	0.20322436565228735	0.21406912244444598
0.586292620456244	0.202622104320347	0.21108527522340906
0.5887691297790163	0.1998211315100479	0.21140973871093588
0.5863835230591992	0.19952852203776292	0.21408795490303797
0.5878537666111656	0.20182902712329867	0.21031720626553582
0.5856347835254032	0.1984048060211208	0.21596041045347616
0.5850402841848505	0.20417845795588546	0.21078125785926416
0.5851968283829008	0.1995398359960587	0.21526333562104066
0.5859377277443665	0.2016040124696695	0.21245825978596414
0.589989798480056	0.20095787352057315	0.20905232799937096
0.5909226990774026	0.1993570991060183	0.20972020181657927
0.5869306039617594	0.20041291374771963	0.21265648229052098
0.5844612976224903	0.20286338672978016	0.2126753156477296
0.585161446718595	0.20072651849760256	0.21411203478380242
0.5825170177695045	0.20103216549040076	0.21645081674009486
0.5842677380499177	0.20017894527315033	0.2155533166769321
0.5909298391140081	0.19655791580280035	0.21251224508319166
0.5851246672583441	0.20519610824103302	0.209679224500623
0.5847329123026161	0.19850575573561546	0.21676133196176853
0.5843713004004676	0.20463024654010567	0.21099845305942683
0.5857699937559282	0.20242613418551314	0.21180387205855872
0.5874512088441679	0.1993603326203935	0.21318845853543872
0.5884605111276762	0.20178312835733883	0.20975636051498514
0.5858353893089532	0.20478937032732084	0.20937524036372612
0.5841989197999657	0.2050798449656901	0.21072123523434422
0.5864459455202786	0.20010728236158581	0.21344677211813565
0.5896731860456882	0.19941112839381248	0.21091568556049944
0.5837035199150181	0.20488951613073986	0.2114069639542421
0.5880901343309433	0.19829558509641457	0.21361428057264223
0.5828685678123475	0.20383226181521935	0.2132991703724332
0.5876387770810991	0.19916836296296708	0.21319285995593396
0.5839179941156133	0.2009840748991948	0.21509793098519203
0.5829721749152651	0.20233288610805503	0.21469493897667996
0.5887748325674579	0.20058416463663478	0.21064100279590747
0.58574176634113	0.19918330048574842	0.21507493317312174
0.588495108223109	0.1997094009494843	0.21179549082740673
0.5891196210946039	0.20081074100227506	0.2100696379031211
0.5873934922763854	0.19838981640148082	0.21421669132213386
0.5849684877941819	0.2023429637714029	0.21268854843441526
0.5830221171377538	0.2045867165119706	0.21239116635027572
0.5863431922964479	0.19854311706601963	0.21511369063753247
0.5877474038506727	0.19645262689961238	0.215799969249715
0.5840373207405423	0.20602937156066276	0.20993330769879512
0.583490262778606	0.20130426183636493	0.21520547538502904
0.5901963406671676	0.20021515807527307	0.2095885012575594
0.5889253389246397	0.19983087983542103	0.21124378123993937
0.5837830311992923	0.20367410342691122	0.21254286537379657
0.583601846818243	0.20101917719024365	0.21537897599151343
0.5887832999400607	0.19942692434992315	0.21178977571001623
0.5847690239221077	0.20538974931251894	0.20984122676537342
0.5831255940601006	0.20373608363027323	0.21313832230962632
0.5871806386262857	0.19961431606747446	0.21320504530624002
0.5866591129024321	0.2027212806712253	0.2106196064263427
0.5895198542363983	0.20045247694756452	0.2100276688160373
0.5885447371879187	0.19763531645306753	0.21381994635901397
0.5857117585113993	0.20176839911747896	0.21251984237112181
0.5861813391213496	0.19722953281688044	0.21658912806177005
0.5875662355727542	0.1964456688314779	0.21598809559576798
0.5902760060624921	0.1997561060506105	0.2099678878868975
0.5882605257421974	0.2024648182540189	0.20927465600378375
0.5830306601719687	0.20463654962085398	0.21233279020717738
0.5872871454839621	0.1993584263978059	0.21335442811823202
0.5875790365802325	0.19736266789475296	0.21505829552501463
0.5893397150005271	0.19731081181751786	0.2133494731819553
0.583597582517807	0.20401679332297665	0.21238562415921652
0.5864130312081115	0.20461834984535943	0.20896861894652918
0.5896086247801339	0.1979037651903669	0.21248761002949929
0.5874180009077064	0.198962267646306	0.21361973144598778
0.590314846223772	0.19839938379439084	0.21128576998183732
0.584437778067677	0.20564117734720974	0.20992104458511332
0.5840902591206947	0.20473277479926905	0.21117696608003633
0.5886621112220791	0.19654491031783744	0.2147929784600836
0.5835364889402573	0.20598859160365135	0.2104749194560914
0.5893638518205775	0.20131354544383134	0.2093226027355912
0.5897601455454584	0.19727716716308957	0.2129626872914521
0.5905310508485673	0.19695784017146428	0.2125111089799685
0.5887331313080361	0.19648594540145997	0.21478092329050408
0.5832175342744261	0.2001069123900199	0.216675553335554
0.5860363298061555	0.19699395369166017	0.21696971650218438
0.5879192999896746	0.2014470207396088	0.21063367927071663
0.5848518877683722	0.2030513362131462	0.21209677601848176
0.5854954024569137	0.19801331140447267	0.21649128613861376
0.5852793911517357	0.20064894488974183	0.21407166395852262
0.5886156744238578	0.19787734029476103	0.21350698528138123
0.58704040974634	0.20052036421047106	0.2124392260431891
0.5842759735531641	0.2010974723038476	0.21462655414298842
0.5867564852112213	0.19662919402683948	0.21661432076193937
0.5826110437928211	0.20541303963863786	0.21197591656854115
0.5901018103651015	0.20062595293470276	0.2092722367001959
0.5838313625748764	0.2040179052132789	0.2121507322118448
0.5848788756010853	0.19951224354835417	0.21560888085056062
0.5842585586311282	0.1989774933691732	0.21676394799969878
0.583537688285782	0.20490276255146533	0.2115595491627527
0.5846697368503548	0.20232877849482933	0.21300148465481594
0.5863493727905882	0.19707470483448755	0.21657592237492435
0.5831692212838815	0.2035077288207039	0.21332304989541476
0.583879274001894	0.20105854758245417	0.21506217841565192
0.586030665644105	0.2033574991801768	0.21061183517571827
0.5828249595287355	0.20080205265656326	0.2163729878147014
0.5854676897985829	0.20366518900257288	0.21086712119884432
0.5862379103437603	0.20456339249266997	0.20919869716356992
0.5908930634881167	0.19755705596774878	0.21154988054413457
0.5840284183019704	0.20330984887042947	0.21266173282760026
0.5879595446294531	0.19886258158265752	0.21317787378788952
0.5901409808288705	0.1964438352076145	0.21341518396351522
0.5839020419786639	0.20488135904485455	0.21121659897648162
0.5854687479229779	0.20519352422187814	0.20933772785514412
0.5827604318858688	0.20508869093979182	0.21215087717433945
0.5875030502513772	0.20339552004309128	0.2091014297055317
0.5864471540848197	0.20148412617193695	0.21206871974324337
0.5853929370237517	0.20464904320685812	0.20995801976939027
0.5835275625215719	0.20182968308018193	0.21464275439824632
0.5841646564596807	0.1996125981817687	0.2162227453585507
0.5832766082653926	0.20580810298978847	0.21091528874481907
0.5865462927488876	0.19701806548176587	0.2164356417693467
0.5833941019188429	0.20361299943287509	0.21299289864828214
0.5868536782844254	0.20230372947851222	0.21084259223706248
0.5840186583136286	0.2001408006806071	0.21584054100576436
0.5867215316370324	0.19878961618421656	0.21448885217875108
0.5891299230257491	0.2017564417868685	0.20911363518738255
0.5891656274452304	0.1969949208752021	0.21383945167956767
0.586747987861217	0.20389570585596817	0.20935630628281499
0.5836960439971366	0.20075999264578848	0.2155439633570751
0.5828343163137152	0.20155568873249974	0.21560999495378522
0.5842134512828095	0.2043001216590437	0.21148642705814685
0.5890459705984293	0.1964708706977324	0.21448315870383833
0.5858922849026216	0.20031177289890573	0.2137959421984728
0.5880307924572186	0.2010275006693424	0.21094170687343913
0.5825981655721061	0.20282123564935486	0.2145805987785392
0.5846774556589678	0.20276489004855794	0.21255765429247442
0.5864370557444984	0.2029304800223684	0.2106324642331332
0.5902652762064756	0.1975317108639152	0.2122030129296093
0.5857020692155614	0.1982847282869921	0.21601320249744657
0.5877152789126724	0.20292395675588443	0.2093607643314433
0.589132761610604	0.19834821127071273	0.21251902711868337
0.5866473446407496	0.2039178939725412	0.20943476138670925
0.5826210997242158	0.20126036612180398	0.2161185341539803
0.5867910637020817	0.19734131008556943	0.21586762621234906
0.5888914348377997	0.20192291690617284	0.20918564825602753
0.5898821120055828	0.2000946376782093	0.21002325031620805
0.5873966299814015	0.19697626403140292	0.21562710598719576
0.5870367370143648	0.20363499053991632	0.209328272445719
0.5889568210495654	0.19841129141485325	0.21263188753558143
0.5884242052985686	0.1983818561675107	0.2131939385339208
0.5897056030429535	0.20079894985982452	0.20949544709722215
0.5838911533711543	0.20300316719697184	0.21310567943187397
0.5865339110233384	0.20360251208616695	0.20986357689049476
0.5903936127307579	0.19771953148337437	0.21188685578586786
0.5853057239971905	0.2055367065405674	0.20915756946224215
0.5861115572228489	0.2029162862485703	0.2109721565285809
0.5906343657627678	0.1970902073425298	0.2122754268947024
0.5831193928088003	0.20227344089499713	0.21460716629620272
0.5832600532032948	0.20599206745191195	0.2107478793447933
0.582851840037675	0.20259527872582683	0.21455288123649824
0.5851283926430475	0.19915167678729448	0.21571993056965807
0.5889045457492368	0.197095990195376	0.21399946405538733
0.5858630063436459	0.1975758350821437	0.21656115857421046
0.5838946825925952	0.2023334445580334	0.21377187284937146
0.5829663162679573	0.20563476978473094	0.21139891394731192
0.5889937681544672	0.20163509717484443	0.2093711346706884
0.5856874516359121	0.19991489115951533	0.21439765720457268
0.5906797265474192	0.19905567213236813	0.21026460132021277
0.5832195992316662	0.20043177130866352	0.21634862945967032
0.5842299906610642	0.20364913855385322	0.2121208707850828
0.5902533358838606	0.19821314957103528	0.2115335145451042
0.587538222485728	0.19759052288906337	0.2148712546252088
0.5851814173982318	0.20328885263113328	0.21152972997063504
0.5838507111292914	0.202221874894973	0.2139274139757357
0.5872781336683903	0.1979756904461084	0.21474617588550138
0.5861926247011325	0.2007165420009351	0.2130908332979325
0.5885202943853944	0.20012170498584744	0.21135800062875823
0.5843612980072463	0.20207893667654364	0.21355976531621002
0.5875472105284651	0.19889611543636113	0.2135566740351738
0.5888188917371953	0.2003351622973915	0.21084594596541328
0.586240591514949	0.19731674141012256	0.21644266707492854
0.5849395219195794	0.19828979692582688	0.21677068115459375
0.5846846175966218	0.20085183992647468	0.21446354247690363
0.5895728310511149	0.1982140150850053	0.21221315386387996
0.5875810941661256	0.203243334590922	0.2091755712429525
0.5861866005975025	0.20431702118883086	0.2094963782136668
0.5835458883147275	0.20438439377992562	0.21206971790534693
0.5863952093792636	0.20412356504607515	0.20948122557466134
0.5873569185347751	0.19835982130269486	0.21428326016253016
0.5845379070776422	0.20189578806840608	0.21356630485395187
0.5829333336628518	0.20325332488139536	0.21381334145575284
0.5887366474612713	0.19993696374122158	0.21132638879750723
0.5893497096504455	0.20072110187316208	0.20992918847639247
0.5858963993450278	0.19783673150571582	0.21626686914925647
0.5828734725490601	0.20161692330793415	0.21550960414300582
0.5869752391552273	0.20323021653984352	0.20979454430492928
0.5847172246963778	0.1988706632034371	0.21641211210018524
0.5852000881444552	0.20279066309720606	0.21200924875833885
0.5830349432865378	0.2057509100282379	0.2112141466852244
0.5862208265037936	0.20221121675625947	0.211567956739947
0.5851761695696066	0.19820950833757178	0.2166143220928217
0.5885914477168119	0.20126452636221395	0.21014402592097423
0.5870210611265854	0.19988548325297134	0.21309345562044335
0.5908402590478676	0.1989887514805769	0.2101709894715556
0.5881465200962976	0.20094114145308722	0.2109123384506153
0.5862806761425432	0.20432680734126563	0.20939251651619134
0.5841854069156955	0.20030760121073152	0.21550699187357295
0.5838166981099688	0.20108059025463199	0.21510271163539926
0.5857216593904367	0.20160135712480787	0.2126769834847555
0.5871509452487658	0.20269560904600664	0.2101534457052277
0.5831895184736551	0.20310570015697588	0.2137047813693691
0.5861805529029099	0.2004654711742144	0.21335397592287578
0.588530913822868	0.19977310511341886	0.21169598106371323
0.5876553342589179	0.1976429703808343	0.2147016953602478
0.5889889207836776	0.2006059008055099	0.21040517841081258
0.5828870422867094	0.20098403347111454	0.21612892424217614
0.5858922056647075	0.19836433496340966	0.21574345937188297
0.5906687741888582	0.1986569837004533	0.21067424211068858
0.5829959748046019	0.20278555125961656	0.21421847393578175
0.5857734131399617	0.1980422049462467	0.21618438191379175
0.5904251046794651	0.19879385996206286	0.21078103535847212
0.5892071357797359	0.19953562492745341	0.21125723929281082
0.5893325280812691	0.20169144606130518	0.20897602585742578
0.5869920485568378	0.196353564149373	0.21665438729378927
0.5867366550614836	0.2018876090996008	0.21137573583891572
0.5836063139116181	0.20497596360816062	0.21141772248022145
0.5884054550891207	0.19786570324878122	0.21372884166209827
0.5869338849349177	0.1997699630505862	0.2132961520144962
0.5899299060659017	0.20058748484461522	0.20948260908948324
0.5873188879323117	0.19968724768497342	0.21299386438271495
0.5856054992929585	0.19993063608130363	0.214463864625738
0.586890874425618	0.19746245658795275	0.21564666898642926
0.5867443430651977	0.19715997201522312	0.21609568491957917
0.5866704876981775	0.20137023925999833	0.21195927304182424
0.5873264914070752	0.19968666764856433	0.2129868409443606
0.5854796535675988	0.20307018776689367	0.21145015866550768
0.5876467433268319	0.19695213320706217	0.21540112346610607
0.5838935495708787	0.2040986453895364	0.21200780503958502
0.5867184511805601	0.19780429442317127	0.2154772543962688
0.5841140039861888	0.20080134620271145	0.21508464981109982
0.5859354087859779	0.20251535123198386	0.2115492399820383
0.5857820052253668	0.2035058086287138	0.21071218614591952
0.5826620888334675	0.20437300329415187	0.21296490787238082
0.584023079230109	0.20259504698807784	0.21338187378181328
0.5879472060591046	0.19707199819568688	0.2149807957452087
0.5834190857127186	0.20343537226911454	0.213145542018167
0.5830832693335761	0.20471417684656107	0.21220255381986292
0.5881738811686323	0.20003688946393508	0.21178922936743272
0.5898758158806519	0.2004313349209486	0.2096928491983996
0.5850692181321946	0.20351242373194167	0.21141835813586382
0.5867814492104164	0.19688795853602506	0.21633059225355866
0.583562733176666	0.2059079898228047	0.21052927700052937
0.5895392223678386	0.20050211921637204	0.20995865841578942
0.5856160883235734	0.2024087462267518	0.21197516544967493
0.5880386433991133	0.1989390745239451	0.2130222820769417
0.5902308604492157	0.19699265504879215	0.21277648450199224
0.5857841286623275	0.1975177980126548	0.21669807332501778
0.5831016973225226	0.2019613926597264	0.21493691001775114
0.5881654120607962	0.19681754652921182	0.21501704140999206
0.589654186493805	0.19793529573279023	0.2124105177734049
0.587694776598149	0.20257854132073608	0.20972668208111506
0.5887313805305079	0.1983446991487719	0.21292392032072038
0.5891595302571402	0.20006952674875406	0.21077094299410581
0.5878783100572004	0.19808441122938933	0.21403727871341038
0.5836618296467853	0.20155893775517178	0.21477923259804305
0.5901091481658951	0.19745391383745853	0.21243693799664648
0.5883295933973158	0.19967258644186564	0.21199782016081858
0.5842011443400006	0.19968058289178742	0.21611827276821202
0.5908405567470913	0.19776896355833098	0.21139047969457767
0.5851763085855666	0.20470696726333604	0.21011672415109753
0.5857900311872091	0.19832000205703554	0.21588996675575553
0.5825991644143699	0.20306302962656644	0.2143378059590638
0.5893397268902022	0.19834995008845474	0.21231032302134312
0.5896229939440252	0.19975701127148998	0.2106199947844849
0.5837036398411859	0.19995803332981732	0.2163383268289969
0.5866529581844792	0.20418293213374553	0.20916410968177546
0.5878371190046898	0.19733822993493605	0.21482465106037424
0.5856651079888766	0.19805389819602734	0.21628099381509608
0.5862706740080795	0.2040155097217907	0.20971381627012986
0.5859261418727056	0.20390184034149256	0.2101720177858019
0.5843715307835062	0.20637231209661594	0.2092561571198779
0.5839809679411199	0.20476863350512117	0.211250398553759
0.5827600727860913	0.20393790541579782	0.21330202179811092
0.5840937564711269	0.20306088543197745	0.2128453580968957
0.5907216475200721	0.199599754663844	0.20967859781608408
0.5826968374969501	0.20230899896288354	0.21499416354016643
0.58714260931538	0.1979679375012782	0.21488945318334185
0.5885762996071242	0.19631976317807714	0.21510393721479867
0.5854569943887686	0.20355042321063616	0.2109925824005953
0.587956432785915	0.20029694745699916	0.2117466197570859
0.5832684041253766	0.2040345032637417	0.21269709261088182
0.5879580117792775	0.19903518849527352	0.21300679972544906
0.5884798602143035	0.20169897162538875	0.20982116816030777
0.5855586681306766	0.20292979543414702	0.21151153643517645
0.5867480536258017	0.2007734054417457	0.21247854093245264
0.5880739372686107	0.19656529622338123	0.21536076650800823
0.5848215323183996	0.20047908451003527	0.21469938317156517
0.5847729257570125	0.19842428018397623	0.21680279405901148
0.5902286444700376	0.19982875232386613	0.20994260320609637
0.5863745094152985	0.20081357004059783	0.2128119205441038
0.5877230309790985	0.20021366651206443	0.21206330250883715
0.5873420112118604	0.1993896160205328	0.2132683727676069
0.5876910644377784	0.19774380888985893	0.21456512667236272
0.5830065360769808	0.20140294261117425	0.21559052131184503
0.5868933867882193	0.19760797511209116	0.21549863809968958
0.5852116234882438	0.20380650541173317	0.2109818711000231
0.5851204118778768	0.19950650816919963	0.2153730799529237
0.5904637951557361	0.19859835052537134	0.2109378543188927
0.5844765564256802	0.20032264151034662	0.21520080206397335
0.5872125346175174	0.19655349753344134	0.2162339678490413
0.5895548408627768	0.19689175433900205	0.21355340479822124
0.5854997425806389	0.20388867002944508	0.21061158738991614
0.5869376027909043	0.20277850366342048	0.21028389354567525
0.5889166950045497	0.19870863446466444	0.21237467053078593
0.58252393872373	0.20505713776385015	0.21241892351241998
0.5849997380441745	0.20274317315574153	0.2122570888000841
0.5898130826169705	0.1966420877860455	0.21354482959698404
0.5904829326390109	0.19650447982721536	0.21301258753377394
0.5894411790320238	0.2004685237605739	0.2100902972074025
0.5902698575313674	0.19787447487782017	0.21185566759081254
0.5849567841505776	0.20285714106982844	0.212186074779594
0.5873332464766938	0.20373543180022374	0.20893132172308257
0.5831976141725826	0.200311611496205	0.21649077433121244
0.5882400577143017	0.20273505526333147	0.20902488702236702
0.5868011223202201	0.1982842261380573	0.2149146515417227
0.5826031443213924	0.20122608135297565	0.21617077432563206
0.5903916448972089	0.1979995769530134	0.2116087781497779
0.5886202488708285	0.197060689071428	0.21431906205774354
0.5876866371799756	0.1987434319605081	0.21356993085951645
0.5868992588638814	0.20285612301994088	0.2102446181161778
0.5907911492406257	0.1988902218597961	0.21031862889957836
0.5829559948869474	0.20465028790271367	0.21239371721033912
0.5886124356545238	0.19931293339347705	0.21207463095199924
0.5829410865541282	0.20523903285744177	0.21181988058843004
0.5879791939530091	0.20034234407005197	0.21167846197693901
0.5885102057587361	0.19920418370596504	0.21228561053529896
0.5863339600002169	0.2045061353435266	0.20915990465625667
0.5904001232807966	0.19917605752795337	0.21042381919125017
0.5881120829218889	0.1971568328465887	0.21473108423152257
0.5837847308985897	0.20511012350101407	0.21110514560039628
0.5857580155552924	0.20359960201497007	0.21064238242973776
0.5890819516172585	0.1993832987565455	0.21153474962619603
0.5878938766250146	0.19800038371809156	0.21410573965689406
0.5827559207765923	0.2042535743396391	0.2129905048837687
0.5837792543809026	0.20341556001518268	0.21280518560391484
0.5886733271562478	0.19990447874122813	0.21142219410252422
0.5851779559453272	0.2048447749184966	0.20997726913617637
0.5905391874041984	0.19986571523457036	0.2095950973612313
0.5832201666110242	0.20244253499414158	0.2143372983948344
0.5869844394954946	0.20257571379399092	0.21043984671051458
0.5904743744577097	0.19948773956500956	0.2100378859772809
0.5853155034220623	0.2048672942172078	0.20981720236072998
0.5832526719248464	0.20126733681260162	0.21547999126255205
0.5830943748929964	0.20215612753719742	0.2147494975698062
0.5846808176088761	0.20558462284863716	0.2097345595424868
0.5867932735770728	0.198949511480509	0.2142572149424183
0.5830533940193935	0.20274739060360267	0.21419921537700395
0.5905254984284214	0.19930936413296368	0.21016513743861504
0.5888621226705079	0.1968890817021694	0.21424879562732288
0.5900318391376059	0.20046817590809102	0.20949998495430316
0.5859545800109839	0.19885727612556808	0.2151881438634481
0.5901971740773277	0.19659957461168492	0.21320325131098747
0.5844887186521461	0.20372305119252435	0.2117882301553297
0.587585680723357	0.19733465794620678	0.2150796613304362
0.5859846147064606	0.2021774972553499	0.21183788803818965
0.5852956683042281	0.2045866215614881	0.21011771013428399
0.5851696505252394	0.19788470664951274	0.21694564282524798
0.5841328953158529	0.2023750063446911	0.2134920983394562
0.5883791561282592	0.19984971179755856	0.21177113207418227
0.5895793729006528	0.19800977324583854	0.21241085385350877
0.5895443222012455	0.19798935542095736	0.21246632237779717
0.5882411265947989	0.2024159555132359	0.20934291789196524
0.5830002626617907	0.20611214224543833	0.210887595092771
0.5883314707076387	0.2017160161620831	0.20995251313027835
0.5838977767109212	0.20211769998315782	0.21398452330592105
0.5878646910138576	0.20140988315333241	0.21072542583281
0.588402036773069	0.1987876558787992	0.2128103073481319
0.5860480420598008	0.20402816469228652	0.20992379324791283
0.5832494294332653	0.20126863435978093	0.2154819362069539
0.5861031714301629	0.19767263164647772	0.21622419692335954
0.5894910589703587	0.2002425617943117	0.21026637923532968
0.5847625863883421	0.2059792184971942	0.2092581951144638
0.583348342810863	0.20634658643652706	0.21030507075261012
0.5843078032842677	0.2012642637551592	0.2144279329605731
0.5849993075843449	0.20568284923525249	0.20931784318040275
0.5863736242870092	0.20169709273723976	0.21192928297575106
0.5907269144480449	0.19797837182537162	0.21129471372658354
0.5870676321252626	0.20270083907199082	0.21023152880274673
0.5868325414842687	0.20419841988857212	0.20896903862715932
0.5863223554038498	0.20119022951741108	0.21248741507873925
0.5834510598314571	0.20119863548988584	0.2153503046786572
0.5874011803077619	0.2012309561559114	0.21136786353632686
0.5852545283967613	0.20520085433015267	0.20954461727308615
0.5877860845094798	0.2029644628933027	0.2092494525972177
0.5832611738549793	0.20398393307265128	0.21275489307236944
0.588484732507931	0.20008414299867017	0.2114311244933989
0.5870619012228943	0.19930318879681708	0.21363490998028878
0.5874480038789374	0.19717871576583298	0.21537328035522973
0.5871258427726223	0.1968341300377107	0.2160400271896672
0.5836118134473507	0.2008810352141846	0.2155071513384648
0.5889654670866857	0.19720240302853514	0.2138321298847792
0.5847727415560316	0.20425307556061326	0.21097418288335523
0.5848665952362845	0.20206660649664715	0.21306679826706845
0.5852298354117699	0.2014308709583342	0.21333929362989607
0.5852189730148663	0.1985520829177772	0.2162289440673567
0.5906161606744867	0.19801382521058852	0.21137001411492484
0.5839436356044878	0.2037360265080585	0.2123203378874538
0.5853673776931685	0.20081829820748823	0.21381432409934337
0.5825829865626915	0.20638554360028116	0.21103146983702747
0.5858402221921966	0.1986184249484605	0.215541352859343
0.5862927356169382	0.20476572545478255	0.20894153892827935
0.5833434318717209	0.20407847629347897	0.21257809183480023
0.5874395107513652	0.20006577361883798	0.21249471562979688
0.5848036404755044	0.20017623723953407	0.2150201222849617
0.590486188442883	0.1988113452797475	0.21070246627736958
0.5836832926586577	0.2015573893089852	0.21475931803235726
0.586212888173065	0.20259173708366263	0.21119537474327243
0.5830089072261213	0.20542534002951685	0.211565752744362
0.5841173793654384	0.20356099935318364	0.21232162128137808
0.5847821433757863	0.20335734264049368	0.2118605139837202
0.5848881269034041	0.20374236113348665	0.21136951196310932
0.5834171845489491	0.2054244011028782	0.21115841434817284
0.5889109069829422	0.19714119971109326	0.2139478933059646
0.5845878182503781	0.20513290645453341	0.21027927529508866
0.5826595172236895	0.20513506834313353	0.21220541443317711
0.5882374220556681	0.20171406352474128	0.21004851441959083
0.5848056767710259	0.20390544117904721	0.2112888820499269
0.5850166245347438	0.198323978600871	0.2166593968643853
0.585915092014097	0.20151058251802337	0.2125743254678798
0.5863742156193843	0.2033385844049931	0.21028719997562267
0.5872219696462146	0.1989779488896083	0.21380008146417714
0.5885650318797204	0.2020468734087791	0.20938809471150052
0.5838250698221652	0.20402048004098536	0.21215445013684958
0.5862714191814695	0.19885925902818083	0.2148693217903497
0.5835643659172345	0.203427489595248	0.2130081444875176
0.5846086882949246	0.19899410958854236	0.21639720211653318
0.5846956481811839	0.20634943251377122	0.20895491930504495
0.5831360337664659	0.2009056227219483	0.21595834351158588
0.589169822905415	0.19965486672631416	0.21117531036827095
0.5852595577612354	0.20054598760249323	0.21419445463627151
0.5875678227943262	0.19715887780215868	0.21527329940351522
0.5877998145095348	0.2009086225153141	0.21129156297515125
0.5849043282517188	0.20095000129427515	0.21414567045400618
0.5841760846199495	0.2004253127376964	0.21539860264235422
0.5896349114586525	0.20086156837217806	0.2095035201691695
0.5890305858041588	0.19650977617837728	0.21445963801746404
0.5851815235824928	0.20288208069481545	0.21193639572269188
0.5845434102290221	0.2060283901348433	0.20942819963613465
0.5842466313843997	0.20377549534840486	0.21197787326719553
0.5854358365867203	0.19922125814169508	0.2153429052715847
0.5872528733349556	0.20376230589236638	0.2089848207726781
0.5869929226302073	0.19642016300315757	0.21658691436663516
0.5852886771037137	0.19827004976590312	0.21644127313038333
0.5850356738968059	0.2050937255804457	0.20987060052274856
0.5887673422924523	0.2015015692184262	0.20973108848912156
0.586656457736535	0.19913732731473874	0.2142062149487264
0.5837321191849136	0.20236104574933836	0.2139068350657481
0.5880969457606966	0.20009291938817103	0.21181013485113245
0.5860038276684111	0.1991244290018066	0.2148717433297824
0.5856634960995041	0.1991530265426571	0.2151834773578389
0.583355842456724	0.20251363282973112	0.21413052471354493
0.5904163713494268	0.19796915333835208	0.21161447531222116
0.5908824582840988	0.1983618884694361	0.21075565324646528
0.589813384301144	0.2010045068223179	0.20918210887653815
0.5828778974614612	0.20253701121739326	0.21458509132114553
0.5863197427801815	0.2038471681481953	0.20983308907162326
0.5854649019175331	0.20163007409945183	0.21290502398301514
0.5864214115712882	0.20259983535941964	0.21097875306929229
0.5898467886493084	0.20076470052639164	0.20938851082430007
0.5894916434337367	0.1979967533880081	0.2125116031782554
0.5870576562604963	0.20155849175205	0.21138385198745374
0.5857611417290048	0.2010992265408899	0.21313963173010533
0.5863127584986758	0.20261690468888813	0.21107033681243612
0.5872174349635199	0.19819485908002918	0.21458770595645105
0.5838280603324328	0.20219543857626512	0.21397650109130206
0.5861345725757704	0.19825872431745267	0.21560670310677696
0.583089907571841	0.20542758932498328	0.21148250310317576
0.5840532169622268	0.19931803017770033	0.21662875286007294
0.5825825508255693	0.20325075226459433	0.21416669690983653
0.5892428815395916	0.19778902814476343	0.2129680903156451
0.5908894213720527	0.1984392359369847	0.2106713426909627
0.5885507250404598	0.19839473615075637	0.21305453880878394
0.5837996384203218	0.20033490683161342	0.2158654547480649
0.5885637937767643	0.19932131776108414	0.21211488846215173
0.5834307238229961	0.20339040870075623	0.21317886747624784
0.5831957547869034	0.20381599413588078	0.21298825107721586
0.5882449175885891	0.19741195821487412	0.2143431241965368
0.5826402799990594	0.20535225772709312	0.21200746227384754
0.5870302602600479	0.20352338291205785	0.20944635682789434
0.5861282241850765	0.19928041118359408	0.21459136463132955
0.5873826471432466	0.19911904837973846	0.2134983044770151
0.5865486895467414	0.19949109653283595	0.21396021392042275
0.5896894743182857	0.20136040195188895	0.20895012372982555
0.5876829404825732	0.19878794767874264	0.21352911183868423
0.5857373513184513	0.20505518756511215	0.20920746111643665
0.5835814080283463	0.20003617966491355	0.2163824123067402
0.5839638129644107	0.20069870963241743	0.215337477403172
0.588400868385418	0.19896665735529018	0.2126324742592918
0.5829379924129249	0.20144551726367932	0.21561649032339594
0.5861235944595945	0.19733702996829683	0.21653937557210873
0.5853733814558051	0.20135324185128378	0.21327337669291127
0.5892423031473684	0.2014068643729686	0.20935083247966313
0.5841943793282431	0.20435810385697117	0.21144751681478574
0.5828583390910305	0.20192996617382128	0.21521169473514828
0.5879576996507849	0.19988701631484468	0.21215528403437045
0.5836116651689328	0.20596591790545643	0.21042241692561084
0.5888350899544617	0.19777731064035647	0.21338759940518198
0.5872105787263431	0.20101669349527312	0.21177272777838385
0.5831911376750272	0.20545455941481056	0.21135430291016233
0.5842998824739898	0.20061406959260336	0.215086047933407
0.5844928730645689	0.2041694403044097	0.21133768663102148
0.5863099929860371	0.20240163957181584	0.21128836744214713
0.5850939365466312	0.2043363072422453	0.21056975621112364
0.5849908417248002	0.2049443092721894	0.21006484900301056
0.5883201532134099	0.19816830094343477	0.2135115458431554
0.5832948636898934	0.2015974743339805	0.21510766197612627
0.586723648776019	0.19649747898948627	0.21677887223449474
0.5864862309800105	0.20061683972020505	0.21289692929978457
0.5865738151094751	0.20230381960409105	0.21112236528643388
0.5889483012268661	0.19674912776856784	0.21430257100456618
0.5897722897103347	0.19873378693204774	0.21149392335761769
0.5832367436642534	0.20197045398755617	0.2147928023481905
0.5833005664533406	0.20513908602340292	0.2115603475232566
0.5907146164979171	0.19671399951711102	0.21257138398497188
0.5898038612540775	0.1998493221797686	0.210346816566154
0.5882775170973147	0.20071206528981533	0.21101041761287004
0.5886150634746945	0.19698608826579247	0.21439884825951305
0.5891021146000486	0.19844250891550325	0.21245537648444818
0.5825535243986162	0.20315388049518382	0.21429259510620002
0.588511986831143	0.2003452310190701	0.21114278214978696
0.584503942727555	0.20047454423566374	0.21502151303678133
0.5859622913953704	0.19754085438182759	0.2164968542228021
0.5893124500827723	0.1973412778649005	0.2133462720523273
0.5834959410176569	0.2039159103824642	0.212588148599879
0.5827899833051742	0.20408442223170098	0.2131255944631249
0.5862388867435171	0.20187962110544305	0.2118814921510399
0.5894649705031882	0.19823999750279492	0.21229503199401692
0.582879583972583	0.20416548377712143	0.21295493225029563
0.5901940076530899	0.19939944095022552	0.2104065513966846
0.5826177155360495	0.20282175113562462	0.21456053332832603
0.5839878074928833	0.19954059857784062	0.2164715939292762
0.590446635311149	0.2003943487329341	0.20915901595591688
0.5851777228361167	0.20191115298253906	0.21291112418134434
0.5850545323289607	0.1996251264252383	0.21532034124580118
0.5860689741651128	0.1994361253770617	0.2144949004578256
0.5863520367456121	0.20452704261358381	0.2091209206408043
0.5906455081603272	0.19937258002287703	0.20998191181679576
0.5832919798261812	0.20549308927663168	0.21121493089718718
0.5891841741567605	0.20106578310923434	0.20975004273400522
