0.21986042078147056	0.5626049916887874	0.21753458752974217
0.2176635616467981	0.565384340779997	0.21695209757320497
0.21881015540438783	0.5641982553841026	0.21699158921150966
0.21908564284672516	0.5610657945479468	0.21984856260532815
0.2194695981492933	0.5644967841400976	0.21603361771060917
0.22016010767677163	0.5638091394093098	0.2160307529139187
0.21931764128265244	0.5622413648755689	0.21844099384177884
0.21889584610967674	0.5644130152803062	0.21669113861001715
0.22090821584875658	0.5604685830385019	0.2186232011127417
0.21969175125088977	0.5598725131569756	0.2204357355921347
0.2217836169438371	0.5615588326651302	0.21665755039103277
0.2189865559194012	0.564238823133377	0.21677462094722189
0.22101862640245368	0.5630564446673955	0.21592492893015094
0.2195105856059157	0.5603579884288862	0.22013142596519825
0.21984486306638593	0.5627284939712763	0.21742664296233782
0.21747650540382468	0.5624242314244039	0.2200992631717715
0.21867503526765078	0.5652484434486064	0.2160765212837429
0.21904414119219018	0.5633309954092593	0.21762486339855058
0.21798309288908593	0.5658429651301666	0.21617394198074752
0.2182445221106373	0.5639202602301874	0.2178352176591755
0.21734227870465442	0.5653800167402532	0.2172777045550926
0.2191835923925034	0.5637810442967617	0.21703536331073509
0.22095854012024457	0.5609127700304568	0.21812868984929867
0.22008381385002052	0.5638058037875245	0.21611038236245506
0.22007491520841244	0.5605452422806597	0.21937984251092796
0.21900029727827897	0.561235143188791	0.21976455953293011
0.21758332935654878	0.5624917420414982	0.21992492860195312
0.21826938012468894	0.5647715146223451	0.21695910525296608
0.21767477575143385	0.5625775893312015	0.21974763491736482
0.22049826209739143	0.5621500649265937	0.217351672976015
0.21968487648013701	0.5637106728661501	0.2166044506537131
0.22118041263482602	0.5616042275142147	0.21721535985095938
0.21752868088866603	0.5637100868663256	0.21876123224500854
0.22090862113874582	0.5627491103044768	0.2163422685567775
0.2214155162321675	0.5623152847267303	0.21626919904110228
0.2217140413516139	0.5594019849134263	0.21888397373495994
0.22117719734770905	0.5593052965962515	0.21951750605603962
0.22131278269888122	0.5616528217157182	0.21703439558540077
0.21804822989720346	0.5648470703777839	0.2171046997250127
0.22119371282444567	0.5608901394008675	0.21791614777468696
0.22067243176300938	0.5605964397959322	0.21873112844105846
0.21867946305505973	0.5651719967867456	0.2161485401581948
0.2194840593173571	0.5619403567166106	0.2185755839660325
0.22129122750689395	0.5592474968311226	0.21946127566198353
0.21952610751448554	0.5602034018190228	0.22027049066649174
0.21753831382799532	0.5657018865525429	0.21675979961946193
0.21874475913244373	0.5632954734220572	0.21795976744549916
0.21740631629615675	0.5626257468821453	0.2199679368216981
0.2195502280359706	0.5631645679845836	0.21728520397944595
0.22002677049037764	0.5632011674995369	0.21677206201008564
0.21976939190103945	0.5632209512908839	0.21700965680807682
0.21928279050707059	0.5637177079885725	0.21699950150435707
0.21846566440496454	0.5633120623428505	0.21822227325218516
0.21924460870093607	0.5632883131994395	0.21746707809962448
0.21807377290919727	0.5657446128871533	0.2161816142036496
0.2175703737990587	0.5650416991717517	0.2173879270291897
0.2177787703236772	0.5658156146791882	0.21640561499713473
0.21951757398013463	0.5620709524213658	0.21841147359849966
0.22169752533497653	0.559715278898254	0.21858719576676955
0.2190202694240615	0.5641901427855005	0.21678958779043805
0.2217967269729566	0.561270845486154	0.21693242754088948
0.22095928736850262	0.5622947703189066	0.21674594231259087
0.22019970177463205	0.5616336732962255	0.21816662492914263
0.21780329704524562	0.5637443118124373	0.21845239114231718
0.21781495560967662	0.561948249252011	0.22023679513831249
0.2178631886335986	0.5629911141678168	0.21914569719858468
0.21848653495187495	0.5628660431198091	0.21864742192831596
0.21904959636635363	0.5629017913509079	0.21804861228273859
0.2215451958506577	0.5597758790528078	0.21867892509653464
0.218269895200055	0.5616384747146251	0.22009163008531998
0.220942891740838	0.5616547364631926	0.2174023717959695
0.22000005700450248	0.5628858325742159	0.2171141104212817
0.220525709731886	0.5620273180004369	0.2174469722676771
0.21814080838354366	0.5622491822312108	0.21961000938524572
0.21963436269671682	0.5620395748810169	0.21832606242226643
0.2199319714159474	0.5638709492564855	0.21619707932756727
0.21781271979045994	0.5639360894816929	0.21825119072784727
0.21988446590654098	0.5619052922521869	0.21821024184127225
0.21883742293480102	0.5613591441203665	0.2198034329448327
0.21828525155276676	0.5642052132326307	0.21750953521460265
0.2200833698780172	0.5630499736602392	0.21686665646174372
0.2206162477802491	0.5604813086421323	0.2189024435776188
0.22060610952483037	0.5617048375917594	0.21768905288341034
0.22106173156578296	0.5608169160037735	0.21812135243044373
0.21861875234558514	0.5619772412141515	0.21940400644026353
0.2183105927238374	0.5630078387629632	0.2186815685131995
0.22133621571659964	0.5622069700406207	0.21645681424277982
0.2195942391749875	0.5614275209118986	0.218978239913114
0.2202917600192641	0.5607829773438914	0.21892526263684464
0.22127727329014316	0.5611775489333866	0.21754517777647037
0.21874106211207567	0.561233015986967	0.2200259219009574
0.22099378519984003	0.560961994961739	0.218044219838421
0.21746248718308003	0.5635153934254613	0.2190221193914588
0.2193477493587943	0.5633951485089895	0.2172571021322163
0.21823024705204608	0.5630327509049469	0.2187370020430071
0.21857902819123884	0.5624228247759325	0.21899814703282872
0.21908021616721157	0.5640788628471116	0.2168409209856769
0.22113816676800177	0.5619584778839193	0.21690335534807914
0.2175824949309706	0.5632921987862662	0.2191253062827633
0.22094363207304932	0.5595534828714537	0.21950288505549712
0.22186704693302486	0.560496561971965	0.21763639109501026
0.220038676194791	0.5623423449747571	0.217618978830452
0.22131337800836987	0.559815662011881	0.2188709599797492
0.22014524860271933	0.5619671624235871	0.21788758897369365
0.21875635659361709	0.5652392567090154	0.21600438669736755
0.2202484755969384	0.5626536509591397	0.21709787344392206
0.22174898627115408	0.5621700646835041	0.21608094904534203
0.21767830768849544	0.5654729655148288	0.21684872679667583
0.21891096520838318	0.5631867836388607	0.2179022511527563
0.2183034188941933	0.5634678834440684	0.21822869766173844
0.22157116022213993	0.5615653289746361	0.21686351080322402
0.22139863331962456	0.5606421159904522	0.2179592506899234
0.2176571248274028	0.5638726463144947	0.21847022885810255
0.2180311103289025	0.5646913106048735	0.2172775790662241
0.21906034641545238	0.564324266069046	0.2166153875155018
0.21729479229498266	0.5632237734487099	0.2194814342563075
0.2182712763956952	0.5626062383500918	0.21912248525421302
0.22184632339337942	0.5596134668648931	0.21854020974172755
0.22129402739689014	0.5598832974225803	0.21882267518052967
0.22023678860579643	0.560019897065669	0.21974331432853472
0.21933559361915944	0.5618636882934636	0.21880071808737708
0.22115028205353435	0.5593881913497413	0.21946152659672447
0.2182618147441977	0.5619767338213226	0.21976145143447978
0.2194935439158066	0.5629983173667193	0.21750813871747413
0.2218185274298295	0.5607336611500067	0.21744781142016398
0.2173078199215855	0.5645524415987158	0.2181397384796989
0.21773104842959332	0.5651914360995005	0.21707751547090623
0.22049486336471522	0.5622315758119616	0.2172735608233234
0.2200652468902021	0.5611915787565603	0.21874317435323767
0.21829640184740245	0.5627001267912674	0.21900347136133028
0.21994467070038598	0.5604406153625054	0.21961471393710869
0.21728022032691055	0.5630410844273855	0.21967869524570402
0.21791506988843523	0.5653396614797446	0.2167452686318203
0.21958053510223646	0.5614569492179143	0.2189625156798493
0.21995577148468137	0.5595634861176193	0.22048074239769946
0.21849401802741733	0.5612667223001502	0.22023925967243255
0.2185996029445882	0.5623490647394659	0.21905133231594603
0.2183701766538166	0.564624524967697	0.21700529837848656
0.22091557910210982	0.5628612680798794	0.21622315281801094
0.22148787484393628	0.5623376808152125	0.21617444434085137
0.22052781081407835	0.561529526284244	0.21794266290167774
0.2212735818849354	0.5594290568364488	0.219297361278616
0.21938860640244018	0.5640483839070012	0.2165630096905588
0.2191172746501739	0.5645851707917526	0.21629755455807353
0.22022986417364074	0.5603150569686834	0.21945507885767593
0.21827065940922546	0.5633888448509998	0.2183404957397748
0.2176087341113555	0.5647428196011594	0.21764844628748525
0.2210819701666071	0.5594522576477142	0.21946577218567875
0.21985527747138411	0.5604343818970922	0.2197103406315239
0.21809413811856462	0.5648209965813195	0.217084865300116
0.22054936269243178	0.5601962320185916	0.21925440528897672
0.21798882190148117	0.565392120538303	0.21661905756021593
0.21775528631203833	0.5629119747469291	0.2193327389410327
0.2218189227321215	0.5590780527683717	0.21910302449950686
0.22039182726738993	0.5592517498574283	0.22035642287518192
0.22026084373889934	0.5610177374973883	0.21872141876371248
0.21816562773349885	0.5614558140591764	0.22037855820732485
0.21787290394135625	0.5617163814584946	0.2204107146001493
0.22172694404992216	0.5592907361131989	0.21898231983687907
0.21988713327884166	0.5635325407283559	0.21658032599280258
0.22011133596521107	0.5608259817588831	0.219062682275906
0.22154444147682678	0.5624930480910615	0.21596251043211187
0.22045823713316204	0.562272197125868	0.21726956574097017
0.21982726844701256	0.5625673442787386	0.217605387274249
0.21855655383737624	0.5634123186307207	0.21803112753190312
0.21955809898678688	0.5600786412063103	0.22036325980690297
0.21835528654593941	0.5643098666137789	0.21733484684028184
0.2179207847506629	0.562885805711605	0.21919340953773225
0.2213754627779564	0.5597763828123041	0.2188481544097396
0.220032616846076	0.5614354439697498	0.21853193918417432
0.21826847217615247	0.5654168289616938	0.2163146988621539
0.2179405911464677	0.5635849881342113	0.2184744207193211
0.21908100117413132	0.5614379848162059	0.21948101400966294
0.22047364747739512	0.5624174948014218	0.21710885772118313
0.21849322152883732	0.5637665054542341	0.21774027301692866
0.22067652434282298	0.5609638096225587	0.21835966603461854
0.2192418285211843	0.564260200223985	0.21649797125483078
0.2214490120440145	0.5620570181545673	0.2164939698014183
0.2198386782473146	0.5615195693020816	0.2186417524506039
0.22048643985360172	0.5600612224968222	0.21945233764957608
0.21960886839222415	0.5625519532191179	0.21783917838865813
0.21795761477311865	0.5634176437617969	0.2186247414650845
0.2215972389057422	0.5618530394761628	0.21654972161809505
0.22015429561146738	0.5625238830270654	0.21732182136146747
0.22123278073014818	0.559253917864251	0.21951330140560094
0.22080912607862785	0.5603819221389155	0.2188089517824568
0.22049747973419578	0.5621419803066441	0.21736053995916021
0.22008964832695682	0.5599375345767685	0.21997281709627478
0.21881531503238497	0.5625704175211093	0.21861426744650586
0.22006124330238108	0.5627960487209904	0.2171427079766286
0.21726065386578955	0.5655685894001647	0.21717075673404582
0.22076438918609645	0.562177115272199	0.21705849554170456
0.22130130444435162	0.5626602827888928	0.21603841276675567
0.2199892269639217	0.5610067386547605	0.21900403438131796
0.21889159669398284	0.56234348021825	0.21876492308776735
0.2207057959620099	0.5606912409198	0.2186029631181902
0.21898227927707975	0.5640015219923508	0.21701619873056957
0.2194821963709256	0.5622337081960942	0.21828409543298039
0.21935701713534322	0.5629296523826028	0.2177133304820541
0.22018093860260524	0.5597301679700699	0.22008889342732504
0.21953872984465123	0.559999535909867	0.22046173424548193
0.21963625316323185	0.5640002135937137	0.21636353324305457
0.2185321407823848	0.5612580939801683	0.22020976523744695
0.2216918704379053	0.5599322169113148	0.21837591265078002
0.21814000249231255	0.564721100282746	0.21713889722494154
0.22039205889936217	0.5615029981295845	0.21810494297105343
0.2190437611729507	0.5647268580727394	0.21622938075431014
0.21903380470036182	0.5636105403957514	0.2173556549038868
0.2198347776454984	0.5614303104129322	0.2187349119415695
0.22121973758596988	0.5601605148701448	0.21861974754388544
0.2190824437805314	0.5630230419623375	0.21789451425713113
0.21957553490259765	0.5644932747732352	0.21593119032416735
0.21924487845928947	0.5614283429338978	0.21932677860681282
0.22045010939003	0.563606003159977	0.21594388744999318
0.22113875930071955	0.5603912944032987	0.2184699462959818
0.2190969935482912	0.5610273440273719	0.21987566242433706
0.21996911770850808	0.5622981250163862	0.2177327572751058
0.21988221236522776	0.5619057978205033	0.21821198981426906
0.22009577563779725	0.5639338941744316	0.21597033018777131
0.22065733515888264	0.559914916402473	0.21942774843864446
0.22025593673491334	0.5599242672696091	0.21981979599547768
0.2177770890000716	0.5653951894783898	0.21682772152153867
0.22177355434751622	0.561895925977477	0.2163305196750069
0.22138995094161573	0.5610696450420798	0.21754040401630453
0.21924986962606424	0.5606903976813151	0.22005973269262075
0.22101152291918946	0.5607468538754133	0.2182416232053973
0.21796962731653918	0.561693467645675	0.22033690503778594
0.22041352725345426	0.5631233394146298	0.21646313333191614
0.21976169796135314	0.563444468505894	0.21679383353275294
0.22005721950674348	0.559747442613685	0.22019533787957157
0.22141559395043559	0.56164231072238	0.2169420953271845
0.21725056103512447	0.5622237511677202	0.22052568779715553
0.2187025574867461	0.5640095950838262	0.21728784742942786
0.2181119764879988	0.5628635242917481	0.21902449922025324
0.22090044722542906	0.5594368864301144	0.2196626663444567
0.2193451086692319	0.5610146159649703	0.21964027536579792
0.21992982413755502	0.5618436023133605	0.21822657354908453
0.21768214449323436	0.5627432633007412	0.21957459220602463
0.2206303766246716	0.5615265007799659	0.21784312259536265
0.22163079493551804	0.5615226253135994	0.21684657975088265
0.2177502350867199	0.5644945013132403	0.21775526360003988
0.22144468249098692	0.5610494007413884	0.21750591676762476
0.21865307993408703	0.5627218347393795	0.21862508532653357
0.21775930037890845	0.56327706752009	0.2189636321010017
0.22052943638123818	0.5621160298299511	0.2173545337888108
0.22091437181218582	0.5610076310513895	0.21807799713642478
0.21886997316237872	0.5611667833337136	0.21996324350390775
0.2188281623859616	0.5615559986125032	0.21961583900153533
0.21804538106690108	0.563034666846624	0.21891995208647505
0.22016530371987203	0.5618236645531755	0.21801103172695263
0.2210788452654774	0.5623014951836263	0.2166196595508965
0.2203653531545841	0.5622740288633357	0.21736061798208034
0.2188659472154642	0.5614793802746219	0.219654672509914
0.21753700567139075	0.5618581892984971	0.22060480503011226
0.21772515385073016	0.563981883060656	0.21829296308861398
0.221122042573512	0.5628622240514809	0.2160157333750072
0.2175245121499051	0.5625082594510256	0.21996722839906938
0.22014066592325363	0.5599265179167339	0.21993281616001253
0.2198483191570464	0.5606727266999156	0.219478954143038
0.21852897943478256	0.5637606230358575	0.21771039752936006
0.22160843751447945	0.5597352904502546	0.21865627203526605
0.2194479578494512	0.5634421634338022	0.21710987871674675
0.22116320728840264	0.562119637733633	0.21671715497796448
0.22085591844225388	0.5620165918865341	0.21712748967121212
0.22060397783603775	0.5633364819620371	0.21605954020192525
0.21837566961400967	0.5632172171140297	0.21840711327196066
0.22134805488259313	0.5594142911937876	0.21923765392361932
0.21843696465583087	0.5655021020745082	0.216060933269661
0.2195249432958089	0.5632709190635155	0.21720413764067573
0.21757074554155376	0.5639270031629556	0.21850225129549078
0.2182636182206869	0.5623526545912931	0.21938372718802013
0.22157908143428862	0.5590967638209027	0.21932415474480882
0.21799624069052967	0.5636547826584675	0.21834897665100295
0.21726176574646455	0.5648953259571462	0.21784290829638936
0.2202116357913667	0.5601764754529592	0.21961188875567425
0.21976661991723054	0.5607354705941805	0.21949790948858916
0.21867570910081507	0.5607663717392364	0.2205579191599487
0.219732952605594	0.560748329097278	0.21951871829712813
0.22014542551807126	0.5596932126110892	0.2201613618708397
0.2172517600200095	0.5627949997522882	0.2199532402277024
0.21908118634538903	0.5629080803820515	0.21801073327255957
0.21834319841628969	0.5648694056877535	0.21678739589595697
0.21785138128998977	0.565104126062671	0.21704449264733933
0.2204880718272099	0.5617412066292605	0.21777072154352972
0.21932462067137393	0.5608420959663604	0.21983328336226582
0.21856255543069095	0.5636143391167605	0.21782310545254865
0.2190153662776857	0.562942930260026	0.2180417034622885
0.21917392005057296	0.5633209275458525	0.21750515240357463
0.21752868811030085	0.5642861819521201	0.2181851299375791
0.22049017645245603	0.5625683512176874	0.21694147232985667
0.21752384608785552	0.5658891639325332	0.21658698997961134
0.22105569009112533	0.5613706615883387	0.21757364832053613
0.21780232834945068	0.5653781117529725	0.2168195598975769
0.22129441043566764	0.5616353278861397	0.2170702616781927
0.2178142758063658	0.5643579115091875	0.21782781268444687
0.21938202879780067	0.5610647919106909	0.21955317929150858
0.2203730530374363	0.5601940518148165	0.21943289514774728
0.2200016914339601	0.5638745000445742	0.2161238085214659
0.22181012035816966	0.5603324415610613	0.2178574380807691
0.2204647191172802	0.5592996925520953	0.22023558833062465
0.21921210715280526	0.5624113372303136	0.2183765556168813
0.22154179970072152	0.5613711390283073	0.21708706127097135
0.2212520923708341	0.5624848786845764	0.2162630289445896
0.2191635181351957	0.5620716166537633	0.21876486521104116
0.22077724601899007	0.5592381883696165	0.21998456561139362
0.22093970512529748	0.5601250140139785	0.21893528086072414
0.2190433326003754	0.5612598725342185	0.21969679486540622
0.22165050268986095	0.5623159625110843	0.21603353479905488
0.22018281246256435	0.5618026748811088	0.218014512656327
0.21854898788444083	0.5621565242479636	0.21929448786759576
0.21805875954372084	0.5618790002536946	0.22006224020258464
0.21738256701572217	0.5624996646820887	0.22011776830218927
0.21872057619763294	0.5619227747444062	0.21935664905796098
0.22060207004727986	0.562984549302366	0.21641338065035431
0.2186664221865961	0.5619025297237631	0.21943104808964092
0.22046157812945938	0.5617893854176246	0.21774903645291616
0.2211141960601064	0.5604636790338696	0.21842212490602408
0.21727232516160033	0.5634965654221701	0.21923110941622972
0.21736821870924777	0.5650181605750939	0.21761362071565843
0.21818387321630617	0.5620415086483108	0.21977461813538318
0.218545817954318	0.5652493728940288	0.21620480915165335
0.21783558431098443	0.5650861755273325	0.21707824016168314
0.22113929582203593	0.5627480209255397	0.21611268325242455
0.2177168454043754	0.5652074818697217	0.217075672725903
0.21898852154983972	0.5630545710963462	0.2179569073538142
0.21841135629673253	0.5623879134175268	0.2192007302857408
0.22051013542265094	0.5591645548693084	0.22032530970804073
0.21865442408013566	0.564886091158553	0.21645948476131144
0.21870908102210718	0.5626439068649843	0.21864701211290863
0.2175731675119581	0.564064214114313	0.21836261837372908
0.21779273954510997	0.5635652026511526	0.21864205780373755
0.2197552395875793	0.559668420896404	0.2205763395160168
0.22138619155081046	0.5605954983437248	0.2180183101054649
0.21812449451212745	0.5615396422118679	0.22033586327600474
0.2183817985355775	0.5610251962569522	0.22059300520747038
0.2180226514079714	0.5652865066683378	0.21669084192369092
0.21849916327211635	0.5619307482548643	0.2195700884730195
0.2201335286706691	0.5634305781743045	0.21643589315502648
0.21741579691643909	0.5640640675832409	0.21852013550032007
0.21867918409857037	0.5626224366240862	0.2186983792773435
0.2210959060064858	0.5608673919345539	0.21803670205896036
0.22065397533039172	0.5609271438181153	0.21841888085149314
0.21767598095547502	0.563628284959088	0.21869573408543705
0.22034088099552357	0.5618508247141414	0.21780829429033516
0.22063874334097167	0.560252957282466	0.2191082993765624
0.2177584800000698	0.5655227271387484	0.2167187928611819
0.21860407934642528	0.5608032309405655	0.22059268971300933
0.21840254318420488	0.5652057123596288	0.21639174445616643
0.22020080531911215	0.5636985718139012	0.21610062286698686
0.21754790039295588	0.5646848837837497	0.21776721582329456
0.21836317263270819	0.5638514284517675	0.21778539891552437
0.21742516624895697	0.5622524963282305	0.22032233742281265
0.21949464913665304	0.5610401756711754	0.2194651751921717
0.22018887805974136	0.5603052795363213	0.2195058424039375
0.219623199297914	0.5625229585607444	0.2178538421413417
0.22043098882017703	0.5597014408270236	0.21986757035279958
0.21889895562142353	0.5632116896538145	0.21788935472476212
0.21913398123352296	0.5649143990438901	0.21595161972258706
0.2189674112448002	0.5626280242166968	0.2184045645385031
0.21778932288077307	0.5641645294574217	0.21804614766180533
0.22053708973616126	0.5597878764755891	0.21967503378824974
0.21804274947085736	0.562452811165095	0.21950443936404773
0.21932230764451094	0.5602406044888091	0.22043708786668012
0.22045495965176878	0.560470328462653	0.21907471188557834
0.22036481557208032	0.5628239594570845	0.21681122497083535
0.2176787519292921	0.5628722308070127	0.21944901726369534
0.2214885293792364	0.5616205929802957	0.21689087764046805
0.21960970462388868	0.5641093763881317	0.21628091898797974
0.22120819049647983	0.5591280705642236	0.2196637389392967
0.2175790976295183	0.5646827878602726	0.21773811451020922
0.21738805455456042	0.5658750596524361	0.2167368857930036
0.2203947137291875	0.562831598254139	0.21677368801667357
0.21735961902186968	0.5640430011874313	0.21859737979069904
0.2206668559316862	0.5620815385972342	0.21725160547107963
0.21952130764072675	0.5611072310789647	0.21937146128030865
0.22177188954241833	0.5615622838890342	0.21666582656854755
0.21753114691624081	0.565217319292912	0.21725153379084738
0.22069666508801555	0.5596398241389569	0.21966351077302768
0.22052059130082974	0.5613082826859553	0.21817112601321503
0.21969046190507446	0.559916783841909	0.22039275425301655
0.21883938263699107	0.5615287491601795	0.21963186820282954
0.22141349024223542	0.5609510027284171	0.21763550702934753
0.2213182782845587	0.5604893802716651	0.21819234144377642
0.22038170943348295	0.5594402874538752	0.22017800311264196
0.21780514651507693	0.562121395036749	0.22007345844817428
0.21965385728449238	0.5625184947808652	0.21782764793464246
0.21818412093823603	0.561434486157998	0.22038139290376613
0.2216623619231115	0.5596866378210126	0.218651000255876
0.21882331680108125	0.565062275552809	0.21611440764610995
0.21895755020676758	0.564338900483023	0.21670354931020955
0.21806689171206617	0.5648129749245082	0.21712013336342578
0.21756148264554295	0.5644908161664528	0.2179477011880044
0.21859177027404172	0.5653633802024361	0.21604484952352226
0.21825156726142517	0.5640226073937441	0.21772582534483081
0.22095880402143733	0.5599097598473841	0.21913143613117864
0.22183248909815975	0.5599758830226694	0.21819162787917096
0.21797533087183807	0.5635033084512859	0.21852136067687616
0.21769347876118642	0.5658383871766894	0.2164681340621242
0.21857716459752652	0.5631700110216353	0.2182528243808382
0.22080454790057163	0.5620277552695034	0.2171676968299251
0.2195109832721667	0.5624403737382672	0.21804864298956628
0.2206345155358159	0.5630415936772545	0.2163238907869298
0.2192216203561351	0.5615174740174194	0.2192609056264457
0.21875909858829456	0.5644207384798102	0.21682016293189535
0.21961373818815796	0.5601604815174206	0.2202257802944216
0.2189119235601528	0.560994246951337	0.2200938294885103
0.21782918288925243	0.5649832088330575	0.21718760827769013
0.22186702775784334	0.5592087810872702	0.2189241911548865
0.22084345015315693	0.5596092830688685	0.21954726677797476
0.219782030165869	0.5636247051303007	0.2165932647038304
0.2190919365564079	0.5642018197518548	0.21670624369173735
0.22154618428768158	0.5611899839505047	0.2172638317618139
0.22017926746399066	0.5634434222477483	0.21637731028826107
0.2212040716068009	0.5614550955863746	0.2173408328068245
0.220693246069109	0.5630235992979946	0.21628315463289655
0.21967787355648954	0.5602231382656311	0.2200989881778795
0.22114020490485797	0.562765434192829	0.2160943609023131
0.21724422943367722	0.5626142482893102	0.22014152227701272
0.21902580624110954	0.5625468677225008	0.21842732603638976
0.21784255193949892	0.5617866440628406	0.2203708039976606
0.21765163175757005	0.5646190438733467	0.2177293243690833
0.22081147851601643	0.5626775677699396	0.21651095371404405
0.2212312166547608	0.5615113118016914	0.21725747154354796
0.2185526418616002	0.5629727945265004	0.2184745636118995
0.21860211837641125	0.5650602790929765	0.21633760253061232
0.22163919464939782	0.5619160901690888	0.21644471518151348
0.22048042947756338	0.560120169616624	0.21939940090581278
0.22151599200735828	0.5593824736610566	0.21910153433158516
0.2180053257516046	0.5618419827679363	0.2201526914804592
0.2216834444109713	0.5591533905407187	0.21916316504831015
0.2177139123168534	0.5629277910507263	0.2193582966324204
0.21759088054233272	0.5650474502779375	0.2173616691797299
0.2182782711321543	0.5654813270875376	0.21624040178030812
0.21928452002627208	0.5620826708817637	0.2186328090919643
0.22123167759944984	0.5627065277072318	0.21606179469331843
0.21735609416483306	0.5626180746455839	0.2200258311895832
0.2181302368887268	0.5659475677758533	0.21592219533542006
0.21993628860425035	0.5629102889425462	0.21715342245320354
0.21895966424690044	0.5635320178169474	0.21750831793615236
0.2217388177152915	0.5596896063375771	0.2185715759471315
0.22170647436401614	0.5593314788147424	0.21896204682124154
0.21766897555851206	0.5622452620966503	0.22008576234483784
0.22122116028875705	0.5606889312466172	0.2180899084646258
0.21889472664623477	0.5627531639735733	0.21835210938019203
0.21943116710484545	0.5602286478558157	0.22034018503933891
0.21868444437981413	0.5650659564550911	0.216249599165095
0.21797939514642706	0.5624761640682089	0.21954444078536417
0.21812632328942624	0.5652471523735991	0.2166265243369747
0.22004088659823057	0.5615202427446149	0.2184388706571547
0.2177731228631779	0.5653695891435666	0.2168572879932556
0.21756420976014548	0.5644180825852365	0.2180177076546181
0.22029530739387942	0.55928615171053	0.2204185408955907
0.22037476818508372	0.5606630614346486	0.21896217038026777
0.2213835029339835	0.5595846939380262	0.21903180312799037
0.218597626232798	0.5651616305690762	0.21624074319812592
0.22073458547109104	0.5606710696522159	0.21859434487669308
0.2177221336268902	0.562995231881483	0.21928263449162694
0.2208225595730392	0.5596057732053128	0.21957166722164806
0.2176862567404512	0.5628146045149206	0.21949913874462834
0.22094166254722625	0.5604819316106341	0.21857640584213975
0.22064351842838534	0.5590490135465863	0.2203074680250285
0.22080096230810786	0.5628809092068932	0.21631812848499915
0.22049318488890363	0.5595900299860994	0.21991678512499707
0.2206283366041505	0.5603812609019887	0.21899040249386095
0.21898911294870535	0.5617408315508695	0.2192700555004253
0.21727015565695695	0.562448942552854	0.2202809017901891
0.21839200497383968	0.5651901726355504	0.21641782239061
0.21821055635567949	0.5653021258398658	0.21648731780445474
0.2199726774864596	0.5639431411707297	0.21608418134281077
0.21823736054474316	0.5653499134225288	0.2164127260327281
0.2181833982943746	0.5645787853366822	0.21723781636894343
0.2198544923497168	0.5596344753250763	0.22051103232520708
0.21869274460450627	0.563113329234554	0.21819392616093986
0.2211876846676313	0.5612437752466939	0.2175685400856749
0.21882778060998526	0.5623653348386781	0.21880688455133665
0.2184800438025566	0.5609627054674389	0.2205572507300047
0.22164643208342738	0.5598204300513678	0.21853313786520495
0.21937033330143527	0.5620034715639901	0.2186261951345747
0.22023549532109932	0.5602372437868316	0.2195272608920692
0.21736024800539971	0.562995613489275	0.2196441385053254
0.21894003422579852	0.5647170253149874	0.21634294045921418
0.21798352470058663	0.5644486996382445	0.2175677756611689
0.21732804876308331	0.5636712623759165	0.21900068886100033
0.22166534447922484	0.5620867263762674	0.21624792914450786
0.22127319877670593	0.5598105044241476	0.2189162967991466
0.21781830094963073	0.5648276439307011	0.21735405511966838
0.2201898231347601	0.5604114866849884	0.21939869018025163
0.22044155704260265	0.5609842677981086	0.2185741751592888
0.21763755721940214	0.5625945799172829	0.21976786286331507
0.2217004710367833	0.5611134959048425	0.21718603305837433
0.2180109893671726	0.5652487605870029	0.21674025004582456
0.22163060246875232	0.5600211491031133	0.21834824842813452
0.21976553399470014	0.5636465861194933	0.2165878798858067
0.22151410143326594	0.5613008972015896	0.21718500136514454
0.21734125266286633	0.5623791765189946	0.22027957081813918
0.21997511179596274	0.5629604431907447	0.21706444501329267
0.22088838043268166	0.5597959803939527	0.21931563917336577
0.22062156209951828	0.5601409457223341	0.2192374921781477
0.21950907926985952	0.5613587925098168	0.21913212822032382
0.21985316934268534	0.5633073815780923	0.21683944907922248
0.21927335393772962	0.5634916105955134	0.21723503546675701
0.21837409868015528	0.5614914947331662	0.22013440658667874
0.218841542975391	0.5609876442227988	0.22017081280181028
0.22129740357802172	0.5622247921453967	0.21647780427658173
0.21873166644964334	0.5652139265281153	0.21605440702224143
0.22001863320863405	0.5632649087545447	0.21671645803682138
0.22145348813079208	0.5609691985754137	0.21757731329379437
0.21763326106151776	0.5642867926630667	0.21807994627541566
0.22112437081379605	0.5613751038663409	0.21750052531986314
0.22133748774189593	0.5595910991018597	0.21907141315624457
0.2200612142597426	0.5634802751380467	0.21645851060221089
0.22071110938530356	0.5618361824889146	0.21745270812578193
0.21725094029540387	0.5628591700387775	0.21988988966581868
0.21757661005427487	0.5623999008502429	0.22002348909548233
0.22033305459492453	0.5625647272694354	0.21710221813564023
0.2204906731497676	0.5598247368950392	0.21968458995519333
0.22139914264608537	0.5591340421229731	0.21946681523094158
0.21865995282029926	0.5622370365502796	0.21910301062942125
0.2215532746332995	0.5593453210126474	0.21910140435405318
0.21792741397069226	0.5653580869960093	0.21671449903329854
0.2197686564501071	0.562752280918613	0.2174790626312801
0.2197285552935843	0.5617197088075682	0.2185517358988477
0.21826815475614952	0.5613450451289833	0.22038680011486722
0.21950139028241825	0.561452192487722	0.2190464172298598
0.22154323191849973	0.5625263723201399	0.2159303957613605
0.2192121260077931	0.5623177219480471	0.21847015204415998
0.22157629170118304	0.5614635341938932	0.21696017410492396
0.21872404917551583	0.5635110009244073	0.21776494990007697
0.21770687828424917	0.5645162803927422	0.2177768413230088
0.22047059383277332	0.56065755124836	0.21887185491886674
0.21737782623582902	0.5646316539468799	0.21799051981729123
0.21855021512759673	0.5647477566235175	0.21670202824888588
0.21936365961200888	0.5620356253904712	0.21860071499752004
0.21887549708435203	0.5644192415273054	0.2167052613883427
0.2211561456668203	0.5591567203642585	0.21968713396892145
0.22089039512658173	0.5608810921905684	0.21822851268285004
0.22027761561765197	0.5624686772363876	0.21725370714596054
0.2191231588486398	0.5616857298913935	0.21919111125996682
0.21878938200840728	0.5633016202762408	0.21790899771535208
0.2186036949300795	0.5644682013400908	0.21692810372982976
0.2188123540045872	0.5630611830458307	0.2181264629495822
0.2181716329650821	0.5639744997970468	0.21785386723787112
0.22037046973924926	0.5602834857275405	0.2193460445332104
0.21822736194211828	0.56289500703146	0.21887763102642185
0.21854146948512732	0.5651223322608423	0.2163361982540305
0.21946680608618363	0.5645785944328567	0.21595459948095963
0.21792907919261234	0.5655996659808336	0.21647125482655427
0.21928006139611567	0.5638297308857647	0.2168902077181197
0.2178227066167543	0.5655784876843047	0.21659880569894113
0.2178045268586662	0.5642172282319309	0.2179782449094031
0.2205503746343799	0.5592348901862663	0.22021473517935394
0.21990718953381902	0.5626327283144866	0.2174600821516945
0.21944299617110147	0.5615307155157905	0.21902628831310822
0.21852016701284488	0.5638836333588584	0.21759619962829682
0.22002134004860807	0.563639293214815	0.21633936673657708
0.2179067995830684	0.5653792144981249	0.2167139859188068
0.21974392115630126	0.5620656048679965	0.21819047397570238
0.22009264512887988	0.5628163409944995	0.2170910138766207
0.21931205315460803	0.5633549673889601	0.21733297945643204
0.2182108737080862	0.5645767126611396	0.21721241363077434
0.21965074356159392	0.5629766501407735	0.21737260629763272
0.2172857044099157	0.5642392510708529	0.2184750445192314
0.21915535923320198	0.5633802939558014	0.21746434681099677
0.22067267102627672	0.5609458091226314	0.21838151985109205
0.22043765651708475	0.5607960461351247	0.21876629734779074
0.21885274158855167	0.564664868642066	0.2164823897693825
0.22171077610153928	0.5606797105192574	0.21760951337920345
0.2198802425901096	0.5630071532280441	0.21711260418184652
0.21867850310710032	0.5636004299035171	0.21772106698938265
0.21725632138699053	0.5621955495212276	0.22054812909178195
0.2204670446358341	0.5593544617256934	0.22017849363847264
0.21930018051258202	0.5622064425600585	0.21849337692735965
0.22180245292189732	0.5614461813099823	0.21675136576812062
0.2215018042090789	0.5611175422125341	0.2173806535783872
0.21862321626191275	0.5638032289232083	0.21757355481487903
0.21878926537709298	0.5643834265857914	0.21682730803711578
0.21813637421240178	0.5619087877062778	0.21995483808132044
0.2192940356042007	0.5614062978207884	0.219299666575011
0.22166770105409075	0.5608123766104376	0.21751992233547182
0.21726872232983171	0.5647624485335582	0.21796882913661025
0.22013304420099158	0.5607044019971656	0.2191625538018429
0.22135019254526067	0.5614825045725933	0.2171673028821462
0.21870798684745646	0.5637696667718697	0.21752234638067403
0.21752036253528623	0.5640685728191986	0.21841106464551524
0.2194025245327022	0.5633276195447988	0.2172698559224991
0.21891071191829853	0.564070446429892	0.21701884165180957
0.21900174041335996	0.5644239111350193	0.21657434845162082
0.21801847929375065	0.5637701598476385	0.21821136085861098
0.21979346523057006	0.56350181840059	0.21670471636884006
0.2186537112772673	0.5619152667018061	0.21943102202092674
0.21913254247944883	0.5633186858152167	0.21754877170533457
0.219897349173649	0.5598177314800308	0.2202849193463204
0.2173503220770038	0.5635103811065477	0.21913929681644856
0.21734831339193414	0.5655014869410059	0.21715019966706012
0.2181216314965454	0.5623708018459457	0.21950756665750903
0.22175721974115997	0.562283280357351	0.2159594999014891
0.21853521503491205	0.5636879593437613	0.2177768256213268
0.21837780393547712	0.5610261693918805	0.22059602667264244
0.22057043085890785	0.5600349558559857	0.2193946132851065
0.21780594641487455	0.5622356321512068	0.21995842143391883
0.2214395798828654	0.5608501763177202	0.2177102437994145
0.21988314867465536	0.5613200011206351	0.21879685020470974
0.21923012379481946	0.5637193372946262	0.2170505389105545
0.21736313899475504	0.564549134450521	0.21808772655472403
0.22050262585883032	0.5600762507701454	0.21942112337102437
0.2174604718248203	0.5622227398989957	0.220316788276184
0.22144103304642918	0.5623390094183726	0.21621995753519835
0.21843693984969323	0.5632089704513492	0.21835408969895764
0.2182624748842532	0.5630296440183212	0.21870788109742567
0.22055298029736126	0.5626594419590655	0.2167875777435734
0.2203795577304785	0.5605184069553663	0.21910203531415534
0.2203101114986351	0.5629623916379131	0.21672749686345194
0.2191927902263723	0.5627320368818711	0.21807517289175665
0.2195451006494628	0.5627339417977408	0.21772095755279647
0.22002309079866428	0.5596393151684803	0.22033759403285558
0.21801510968164434	0.5655633451481701	0.21642154517018566
0.219901834236833	0.5616987495184045	0.21839941624476267
0.21976438887981337	0.5615001567248786	0.21873545439530817
0.21960102012530078	0.5625439114983228	0.21785506837637647
0.2183821144135797	0.5638050479162717	0.21781283767014864
0.22108829570385907	0.5600342387037843	0.21887746559235677
0.22105610767033235	0.5594372892264483	0.21950660310321954
0.2173893083245823	0.5642761404829982	0.21833455119241957
0.21835155921433655	0.5636529119950963	0.21799552879056733
0.21846022174085689	0.5654468740997672	0.21609290415937604
0.21777785689776943	0.5623533736584422	0.21986876944378847
0.2183314398239411	0.563736696611414	0.217931863564645
0.22156908001171008	0.560616600334695	0.21781431965359513
0.2197378656710268	0.5609040370791722	0.21935809724980104
0.218779341176574	0.5651798137862192	0.21604084503720694
0.22017520493343523	0.5601459369124974	0.21967885815406749
0.2199718864033503	0.5619011283623933	0.2181269852342565
0.21890870953984878	0.5633915583783086	0.2176997320818428
0.22000475163279953	0.5603601410055168	0.21963510736168382
0.22046163155889872	0.5604645416518014	0.21907382678930004
0.22033844411413023	0.5631511262529276	0.21651042963294226
0.2179084259241839	0.5630270342476296	0.21906453982818666
0.2209649816224792	0.560501968687879	0.21853304968964182
0.21909098330275026	0.5610667305590806	0.21984228613816917
0.22027942461730785	0.5607183999003781	0.21900217548231418
0.21724745179285196	0.5638081756461376	0.21894437256101051
0.22000307102061015	0.5609556513241589	0.21904127765523101
0.22173006392286515	0.5608676728445516	0.21740226323258333
0.22144792491393694	0.5594500032417918	0.21910207184427136
0.22106592536577466	0.5611599005035544	0.21777417413067113
0.22026642669936683	0.5601168828781977	0.2196166904224355
0.21886724095805543	0.5634270672491354	0.21770569179280935
0.22043204041541148	0.5629330027095332	0.2166349568750555
0.22128618082643603	0.5605932593502636	0.2181205598233005
0.22025708921132275	0.5633619138894995	0.2163809968991779
0.22065469591573114	0.5594438976082097	0.2199014064760592
0.21965133850821209	0.562589742681642	0.21775891881014608
0.22006503709127453	0.5601508295609802	0.21978413334774544
0.2215017690060103	0.560560767804775	0.21793746318921475
0.21868473373330155	0.5608349123654599	0.2204803539012387
0.2192754019562861	0.5621678234083591	0.21855677463535483
0.2189687755989267	0.5623454728706468	0.21868575153042658
0.21794048881098155	0.5647533972040729	0.21730611398494568
0.21851603208853865	0.5618030538680899	0.21968091404337153
0.21951779735818797	0.5621585942076437	0.2183236084341684
0.21873206008233018	0.561194662516487	0.220073277401183
0.21857580258031306	0.5617582131017567	0.2196659843179303
0.22034316017295305	0.5613355672086277	0.21832127261841944
0.22184189066479626	0.5611114794745665	0.21704662986063733
0.21766963222746555	0.5648930238865878	0.21743734388594674
0.2179277256465431	0.5651116953335192	0.21696057901993776
0.21893068394986023	0.5610099029968527	0.22005941305328724
0.2204191884197288	0.5609693543185591	0.2186114572617122
0.21961637267507203	0.560775921556242	0.21960770576868607
0.2211629081884829	0.5592733636849663	0.219563728126551
0.21854531504960398	0.5634701718807068	0.2179845130696893
0.22013046587822607	0.5605455242785944	0.2193240098431797
0.22033041969305353	0.5620849782864568	0.21758460202048988
0.21893587705477177	0.5631358837854235	0.21792823915980497
0.22002717344683928	0.5594835057476558	0.220489320805505
0.2186318786672043	0.5632436305551124	0.21812449077768342
0.22166538489574172	0.5600522907776868	0.21828232432657158
0.22024798551956418	0.5598169831198432	0.21993503136059278
0.2193074443046722	0.5615257763381267	0.21916677935720125
0.21912270867201486	0.5611305126444579	0.21974677868352738
0.21815251251559062	0.5612413226538194	0.2206061648305901
0.21762044819444937	0.565808873103187	0.2165706787023638
0.2185939730798102	0.5643369476419084	0.2170690792782815
0.218271467939648	0.5626736468762483	0.21905488518410376
0.2212906367363634	0.5611280421214778	0.2175813211421589
0.21888605195183813	0.5613787972940559	0.219735150754106
