0.033039602450582364	0.09265607677917441	0.11778252537213221	0.12218642836338262	0.1935000405896061	0.19631830457732136	0.1168157635855577	0.06471559804090671	0.02664980193303773	0.03633585830829879
0.031000965139931225	0.09571025289112203	0.051890230780903886	0.1434442343337331	0.2135665492667419	0.21047581304845941	0.12777468553672175	0.04660906759972138	0.032743899321499154	0.04678430208116614
0.03464841476384632	0.10152657934851461	0.07630563680292753	0.14083183813350025	0.1425215003836152	0.19634654427763779	0.09268317541451095	0.04909913284462227	0.031965386822666975	0.13407179120815813
0.03496554616216706	0.07461291867124026	0.06585519424747652	0.14740798984924242	0.15545807443471776	0.17906563145336052	0.10430041497572376	0.05574148306611349	0.029140079639940322	0.1534526675000179
0.030782381180333482	0.21258903185737532	0.025662437109306616	0.1110051482918876	0.18334214059239778	0.19935849434356206	0.11607463664407783	0.05359387563753697	0.03488523813323173	0.0327066162102906
0.038097683251071914	0.14708610149558682	0.12623587489662316	0.14900329616479832	0.11551195276150639	0.15815797560980674	0.11340548384673074	0.05673635339587932	0.025393474260977544	0.07037180431701903
0.021267151840082585	0.10478774763677157	0.04213303337950985	0.16402359083522242	0.20231316327163767	0.18807332555722978	0.1073146727563929	0.04846633969599394	0.02607379456696131	0.09554718046019799
0.019048723811342164	0.09910806126402863	0.1235111114733565	0.1373762997095881	0.1342399938430567	0.22264507402759032	0.08044819949243845	0.06380712151540453	0.036186127806102475	0.08362928705709216
0.03631155378561447	0.1027517505782794	0.09796505500881346	0.13040606257540224	0.17871967747090825	0.1641327338156418	0.07766910361239636	0.06820078941730892	0.030549942816318454	0.11329333091931665
0.019039025316727645	0.10038422077682592	0.10106528324312392	0.11393417162364144	0.21398158426260278	0.18693892872992013	0.09594946109972853	0.0536639799745671	0.034096837194396004	0.0809465077784666
0.03333807736432422	0.17187967222833572	0.06088398301621298	0.14853765134984517	0.2353551661832512	0.17968428010304077	0.08000776800836067	0.04800823591262476	0.03000982000032061	0.012295345833683899
0.03873388028071421	0.08296763487204664	0.07317619303033986	0.18121231730907017	0.13605614897881604	0.22212536697856972	0.0957800579795718	0.06911238091202418	0.032110297625175185	0.06872572203367222
0.024781887167696012	0.16294409358809514	0.09099358676041149	0.14564507613692654	0.11728751275744309	0.18152009088752652	0.09692596974940416	0.048744772849746335	0.024378736599847795	0.10677827350290295
0.021526325793159065	0.08371861185918647	0.04665617179328092	0.12122745921709693	0.15101851253642445	0.21323710052420064	0.08223699010900101	0.058030974693480605	0.037619767420821335	0.18472808605334856
0.03939488819365954	0.149407391790701	0.06820814329543372	0.14498865992924953	0.19601685443634181	0.17360600113317948	0.1247593247656394	0.04615235455088421	0.034702776889669926	0.022763605015241342
0.03267571472874266	0.05416668460883673	0.09044567624505362	0.11320112685209474	0.18795060086779442	0.1945575317138416	0.11351179920767948	0.05195194996183802	0.031537823761790096	0.13000109205232863
0.026764580039137717	0.10573498196879726	0.06370637628709047	0.1442101654968803	0.15872524898666232	0.20911162504897024	0.11536662797192167	0.06098424610103546	0.0351174294527284	0.08027871864677619
0.024679837685248437	0.03242579482184797	0.057605505658532334	0.1261259053100236	0.2284456547795159	0.15530427136327252	0.13049243771451474	0.06844276702891339	0.03092178283838372	0.14555604279974743
0.039615693431984365	0.08966123857930797	0.05622731486397157	0.17967413347160693	0.23133657970940597	0.18843439222250163	0.08746040843793038	0.06219334023205816	0.024938376560344477	0.04045852249088848
0.024876294108068436	0.11884461139795817	0.03289408008875623	0.15858284519058866	0.12396447731979085	0.2278652439533823	0.07968542776593648	0.05740453564768731	0.031023195317543176	0.1448592892102884
0.03657714355496536	0.1595066042554481	0.03940026179649023	0.11100930691874497	0.17043812933666044	0.20638564156336067	0.1195044392743766	0.060853526953945664	0.03695896704267446	0.05936597930333353
0.03601148443629969	0.17826261177403005	0.06597388938273366	0.11875797285702697	0.12652246624497018	0.19606496320192612	0.11268414474138083	0.04665012451938221	0.03957481270957577	0.07949753013267451
0.024284365436190447	0.09176621774092779	0.1353187517128947	0.11278966127601675	0.13413887988469556	0.14630391979500126	0.11614083039797785	0.052287578994083546	0.03845465960083812	0.148515135161374
0.02637597582227813	0.18517551180151698	0.05832833430893192	0.15094866820800124	0.11791810386999477	0.1679034522216255	0.12871846110319954	0.06839265043415371	0.038996169348674115	0.057242672881624115
0.01878813613611087	0.13593233245011616	0.06254928562587475	0.11407347059490092	0.14548599244432983	0.18080297659539765	0.12575081400193644	0.057763871820447975	0.03304679491039354	0.12580632542049194
0.04007424065475496	0.03614158246890477	0.08992662984558768	0.1467740863848403	0.19234893909732242	0.18796897956110178	0.10430744008242857	0.06685197139108127	0.03751271606037529	0.09809341445360294
0.025137139512586656	0.19829380805480723	0.031084679313907043	0.1511625975085943	0.15971248148338896	0.2185758915542173	0.08772314258155178	0.05171131518116382	0.02980919691444725	0.04678974789533573
0.02380742267622922	0.14163114634749976	0.06790235084282036	0.12034211728084544	0.126416512739989	0.22788049398188426	0.09212983759063703	0.05882268584357106	0.03814964454723303	0.1029177881492909
0.018753760511757436	0.06102192361349814	0.05935170174132623	0.17528005820002626	0.11437338605399408	0.21683063333393265	0.09039591348811085	0.06140008843335439	0.02857245022209874	0.17402008440190125
0.020308375137062865	0.09721041519748268	0.11906287655564023	0.16408022898903585	0.14472683229716726	0.19099155443075172	0.10709301748359405	0.06316418302990354	0.02848023246959612	0.06488228440976573
0.020233393758724502	0.024199928820632752	0.058272992595882346	0.15839454296857622	0.17740735221225973	0.2168838577295127	0.09603958734529996	0.04385017817870648	0.03063332593205774	0.17408484045834755
0.024057115413338867	0.1372152789516155	0.04322064228449363	0.14875023110616006	0.14863928867234655	0.14769915122654373	0.11545492435824246	0.06677322744419315	0.028428277009739822	0.13976186353332626
0.031596443538596225	0.06799296974217534	0.035062768217302656	0.17257870841323278	0.13054213873718207	0.18723276389670684	0.11814811918953716	0.06913903558200643	0.031428768364185275	0.1562782843190752
0.038435986272486955	0.13443029636064363	0.03515359162818267	0.1357107211292355	0.16590962974692142	0.15253158028365396	0.10148554394987702	0.06759901677419676	0.02895666420494261	0.13978696964985945
0.03601690533654446	0.0766104731936062	0.03898120068412142	0.11465235829238442	0.15563534285792655	0.193813967152417	0.1156164321742794	0.04644678963635625	0.02813839947463287	0.19408813119773144
0.027008307490418687	0.13291064236058903	0.05922589525462883	0.1168583159097821	0.15495105779897744	0.1897687292099568	0.11186121463254897	0.05764225573153321	0.034783049365593136	0.11499053224597182
0.0303256245982821	0.11683376252791097	0.09445394314597148	0.18148436594614792	0.12034641345840456	0.17743647646935173	0.1141584873636024	0.04990225054069591	0.03554099877984633	0.07951767716978667
0.02547378986919839	0.034930485836258296	0.07972871776023012	0.1797537796989488	0.22490207941704735	0.15241613725110315	0.09527976193897245	0.06483156242760851	0.0274217150180405	0.11526197078259252
0.02267510134435477	0.1154398284714888	0.0823166332113668	0.14415392285982637	0.22072477472370367	0.16008316024754315	0.09759705847818821	0.054660510368105084	0.03092252462518906	0.0714264856702341
0.024018482093552923	0.12701865081512015	0.05079969089267349	0.12084755864307892	0.22492824257374905	0.1982949728412663	0.09768446958560008	0.06774761516163984	0.035089275887502436	0.05357104150581681
0.023935670469545228	0.1355658152658999	0.06618124623386101	0.169970206196587	0.1719155301574464	0.1556672695328286	0.12050019507455059	0.05461873907166025	0.03377661756656494	0.0678687104310561
0.02709787781889747	0.15022530799261657	0.09001543672492722	0.1167530904105832	0.18952508925387082	0.1944777972772102	0.12177683641773007	0.05671943548035836	0.025171552381125492	0.028237576242680612
0.020403141646966064	0.149663535823932	0.09462253764809336	0.16135304074808546	0.18535207345853624	0.18406487462017862	0.08018501094976413	0.06226810469161895	0.036052488272192304	0.026035192140632893
0.03078315649819892	0.1199562013866045	0.10069481633985515	0.1362750131882608	0.1380012453139117	0.16376393972298975	0.0831411670238763	0.06538883520361954	0.02853300232390646	0.13346262299877687
0.03472241793068501	0.13993788850443825	0.1421035565522502	0.12032788543774686	0.1171591337309082	0.1722753193393211	0.10699235050064415	0.05822690719554894	0.04082701745976397	0.06742752334869333
0.026806233113781247	0.11461310775926334	0.04803250003546343	0.16345082860730858	0.18159679737897305	0.1672253000056553	0.1158630554492723	0.05540448729394152	0.02853526821921956	0.0984724221371217
0.02856106570434251	0.15829982790925423	0.12946390345857903	0.15627255316647862	0.16435188332147171	0.1615008093971492	0.10018506186472202	0.05399178036438393	0.04079421865126921	0.006578896162349565
0.04104570137053909	0.12837364182301678	0.09780863122229486	0.1538884093771716	0.17922112769165996	0.21810410502495006	0.07837339504574367	0.043182888629794476	0.028891312953381862	0.03111078686144765
0.03463503929370858	0.11775403079556283	0.114021958453599	0.11883773448334294	0.22954325732096015	0.1638684119941261	0.07774615816310987	0.046857758444465575	0.03138374754768182	0.06535190350344317
0.03756076419100978	0.12246455039622783	0.03013833883576271	0.158115398059045	0.11996202556448099	0.19568622703711896	0.11984194154355429	0.04653604755377041	0.032114179551565133	0.1375805272674649
0.026478668561952287	0.07954080409941838	0.05917411584389412	0.1569013757724696	0.21507160185701407	0.22572796169048814	0.09350276101926039	0.0627381768966081	0.032664673701138416	0.04819986055775653
0.037380748060969665	0.07302573775713896	0.13876055886417418	0.16193999250061183	0.1541162178687629	0.1876929134862007	0.08499910546734986	0.05332908335131381	0.031120605033201618	0.0776350376102765
0.02428077780655906	0.04428327446431366	0.12398504474988044	0.15215297851164766	0.13314857898683496	0.17285683842496763	0.09855150947973429	0.065939448856266	0.04020706875400551	0.14459447996579075
0.035508153580699725	0.10786523526594471	0.08214896995114705	0.16061764823351032	0.1990499000078259	0.16782560600215485	0.10684216686809275	0.04353004577286756	0.03816262429132176	0.058449650026435346
0.035555656216519516	0.04948507130243007	0.07391938076980106	0.17645786796308605	0.20690393594332712	0.18668313799743144	0.1187358759515787	0.044638167268825475	0.03375039015754973	0.07387051642945087
0.020158893909896766	0.045590316880034724	0.07423203009383733	0.15626310823200076	0.19050729049314097	0.1744453917756441	0.08471862163621903	0.05707151544739943	0.028255677331419968	0.16875715420040696
0.033233077342742834	0.09450650936887733	0.09448694936823183	0.12303086199875372	0.1238789618919037	0.21769788189962685	0.11520600495984	0.04414547513078129	0.030764765841057737	0.12304951219818472
0.038619071604203886	0.08992540818375289	0.07409963964936772	0.14600387817441238	0.18365692666450834	0.16672962178115983	0.11768057858810765	0.06516009990333849	0.03784904793035734	0.08027572752079148
0.028782935410829366	0.10183763442269822	0.09527012422416109	0.12360950345423191	0.13755032265382441	0.16296676731154214	0.09336719355569395	0.06010271801844799	0.02748194491074349	0.16903085603782747
0.02528754536076909	0.08529677618672857	0.1417509887050125	0.18068383796255363	0.11727950301065915	0.21937534856201474	0.08895377931699192	0.06458795715899682	0.028479031222640144	0.048305232513633466
0.026259640467801118	0.1253157528440218	0.09523228216563066	0.17554553091326258	0.15984330649770648	0.18387971379860507	0.10391375741527009	0.049297690205537786	0.039749989289998865	0.0409623364021656
0.03340894530657487	0.13128106402338452	0.10421720760463543	0.11123666254825108	0.19280301469151878	0.14854443316797777	0.12216732999855255	0.047983157468982816	0.027419002967001796	0.08093918222312035
0.040936208255712175	0.1836685260310933	0.1072599214429539	0.1533098365471974	0.1441165084180535	0.16858177157517482	0.10307336941812437	0.0543873497385921	0.03353383434931345	0.011132674223784986
0.035250172976142566	0.10628311512995332	0.059610774562684675	0.17170450047374036	0.19366712639531442	0.21836556095995902	0.08473762782546833	0.058113130282018755	0.04058090556409188	0.031687085830626696
0.019578782054888694	0.053026993751561675	0.13142173313968591	0.1562591207295759	0.16337912066458926	0.17665325010298455	0.12888273370202583	0.05017850426608008	0.025258894327072415	0.09536086726153577
0.028059671948702	0.16236071905340127	0.06992337186320552	0.11771652423993396	0.20014054853650132	0.18676231098528714	0.09035286473591848	0.0480414094291565	0.03689894548947689	0.05974363371841695
0.036669201120515305	0.05890969203117524	0.11960390656916806	0.12308089726059221	0.13267174157826095	0.22207876887554867	0.09326914697765079	0.04198269379231882	0.04095399666673942	0.1307799551280306
0.04067746839979268	0.18533500554961563	0.058016111943928333	0.12379139655221533	0.14929920536113825	0.18896856493766828	0.09379398885917482	0.06416428062068168	0.03441470916402642	0.061539268611758624
0.030854456803596914	0.11584437509499634	0.04123689626732742	0.1192115765265647	0.1913136228805708	0.15892893650357162	0.08876830756815704	0.050288584395713994	0.03497020287851628	0.16858304108098493
0.032356107714271595	0.05657951122516675	0.045592867185686434	0.13163550801120938	0.23088925242790515	0.14412815237214605	0.08369795673081093	0.046280430777532224	0.03778175991862558	0.19105845363664592
0.03832479620710386	0.04625023429531639	0.08866068471532032	0.171366830324434	0.11625651512911667	0.19770434513881813	0.1178635297455511	0.05176072240041666	0.025523243484861402	0.14628909855906147
0.03592507387253094	0.07251233345451169	0.08321371873336447	0.14001484805104247	0.16564236255347423	0.20701695336817777	0.1265913177413801	0.049528318038609284	0.031850926691608245	0.08770414749530082
0.0370712784432711	0.011354869541678192	0.10138637036911796	0.17626301570585848	0.18534943149331065	0.16815946643711885	0.11545801858612482	0.06800373077553479	0.027072419588142965	0.10988139905984223
0.03925418180876611	0.02246634446851914	0.04383393393864729	0.14161033240095394	0.22235125459076466	0.20839701599065952	0.09288172673290987	0.06431311055475883	0.03266150958130737	0.13223058993271322
0.029955030209457625	0.11027566907190298	0.08399739197035454	0.12360906982200771	0.16931602551291097	0.20753387179746258	0.10808552528472645	0.04182973915878285	0.04043932838831233	0.08495834878408201
0.025523808157555894	0.17478332048724332	0.07640293491560284	0.13906098191491906	0.13738358959279504	0.1450861045153236	0.10985522095261471	0.06111448200926149	0.03436856008357719	0.09642099737110688
0.03337411657617012	0.027166196795163564	0.1243413909419401	0.1575132263717015	0.2145838775942675	0.19930368579698804	0.10725135516349663	0.047779347406062635	0.02919160441313008	0.05949519894107981
0.02949500970023619	0.06272004318787061	0.13878445717943108	0.1287076976147129	0.2238640907992162	0.20762103096909157	0.09846526262831642	0.0620613315762214	0.030604842390365858	0.017676233954537726
0.03679012887056986	0.1443178729595045	0.03453028180289776	0.1442717247813839	0.22372417625444047	0.18696064465204676	0.09531089614231548	0.057588027120322134	0.03278485981844513	0.04372138759807413
0.03292964627274837	0.0552102599290963	0.10318007180001455	0.13087211512567978	0.20788794179366687	0.18112169791209148	0.08996982838000608	0.0419624041743457	0.03382321328351809	0.12304282132883276
0.03695735873147371	0.02500682920574747	0.08527891819524908	0.16061726975523302	0.1822175449274134	0.2171404687742461	0.1287615529061752	0.05456630642598774	0.038497126724320374	0.07095662435415395
0.03274154513966633	0.14010951294217908	0.06392294072171731	0.14709232821294407	0.14329136974981632	0.1839815020992454	0.12405161894797276	0.049060296521576605	0.041010826810281266	0.07473805885460086
0.02938339938132538	0.08836222977724117	0.09509758444563252	0.15935224110195856	0.13845800466601943	0.168368551118641	0.10037038009376698	0.05309273382125318	0.028760213933524056	0.13875466166063768
0.03355225470296189	0.14379037436704883	0.07797738128567278	0.12218186549016968	0.17414291529217785	0.21738995939175124	0.08421599534236851	0.044446492944500524	0.03694437732255687	0.06535838386079185
0.02183007559587069	0.03418927433312921	0.1375242666895396	0.16444530292178622	0.11603410673925485	0.22818884285668267	0.11739574739592515	0.04580181149835649	0.027378712882423453	0.10721185908703164
0.028880089318331165	0.023390091158403167	0.07726114461024752	0.18214728249111445	0.13529620982579912	0.18799260795782047	0.1262148714537883	0.05454827257789771	0.037906636693953576	0.14636279391264456
0.0404795614111679	0.1432878648914327	0.14254454365674196	0.12184005083600166	0.1564025007414703	0.14858263549666637	0.08974266309299608	0.058770207214279044	0.03763849030730233	0.06071148235194167
0.02491136006228252	0.15786370826777504	0.09509860209099491	0.18428672389659917	0.12165961813784598	0.18320445042623784	0.12472885483649308	0.06167465535224266	0.02659560075954845	0.01997642616998037
0.020390370185583026	0.018750526944521187	0.13999795258040565	0.11372236923671558	0.17967470518558515	0.1497759163517078	0.09471376193338316	0.0560525237673267	0.03783148751540289	0.1890903862993689
0.02690415215767998	0.16296305289804097	0.0277322351298612	0.17832311774865336	0.1703686387817469	0.18721593660119965	0.12837726522846313	0.06281255540774194	0.0402829610197501	0.015020085026862848
0.031050281346321554	0.049143625405165474	0.1159255860706846	0.1392133227093864	0.1224340532936887	0.2192981922070813	0.100629234680281	0.05808762790402368	0.03858617686324665	0.1256318995201207
0.0373010177520601	0.10605304898022493	0.04150475718390474	0.12109690952639049	0.2136165445276317	0.18988003528669972	0.10665107448550067	0.04302245878817583	0.03739978759817632	0.10347436587123554
0.021169142689564144	0.19706270280554872	0.037034933188104774	0.12419292832309642	0.1433772255931249	0.22627395613685486	0.09254412529165293	0.06020979961649969	0.029745772587638608	0.06838941376791502
0.03101597389721447	0.180694227550042	0.03494264221231021	0.14065905502211465	0.16862960338229036	0.16510040091880993	0.08173508977686567	0.05950398151142902	0.02644595860456392	0.11127306712435983
0.03196118480498601	0.18116595906041072	0.04045626971743039	0.1539201624614298	0.16654151635154907	0.18287682030796337	0.0881855531634107	0.061020220700562934	0.0338657326125007	0.06000658081975632
0.024363186480932206	0.17305043831228772	0.057587719578232915	0.14344404481114803	0.17705993354277477	0.1721313127460446	0.12328658102893482	0.04296278106782237	0.034324027780238686	0.05178997465158394
0.020297538293792605	0.053480706099456016	0.05794774512152662	0.1765037735125846	0.12810910845960755	0.1708997004277677	0.12257158465067315	0.05854920839567791	0.040258400799752805	0.17138223423916105
0.018715581464149825	0.16742596704518792	0.0946908935991488	0.14317654541944408	0.1608496789823976	0.1765634714923543	0.09826182546616674	0.05430692666462625	0.03516062881818574	0.050848481048338764
0.03605954836966417	0.08430714981647189	0.05650156569593204	0.16228421302702345	0.16808623479627496	0.1828113246159085	0.11045605184652471	0.04299252861086975	0.03458417242509741	0.1219172107962331
0.03417985596183329	0.06021817313928242	0.09243499177627527	0.14637262686784674	0.22728038372667492	0.1861477124766046	0.08974083389959361	0.05815258789246426	0.04000349163838911	0.06546934262103579
0.02831357423673507	0.13491112451784298	0.06968423981789226	0.1580750122785055	0.19650970938664047	0.20841466916537424	0.09068624376565823	0.061559034787302375	0.02912411772615578	0.022722274317893018
0.027893572420086415	0.18275504742841606	0.06943256841948878	0.18033877809185672	0.1399046585415952	0.14423054903009602	0.09539574116566789	0.04373848198526609	0.040893911969189206	0.07541669094833761
0.02083170189162152	0.1456119990844732	0.032227797897291466	0.1710510515295467	0.12652326600187713	0.16442799131241043	0.11584205815526592	0.06326903546069945	0.03822211578651529	0.12199298288029893
0.02675356661745565	0.14590420458759268	0.04028095299933196	0.18327010304522862	0.16505411413772186	0.1881270980412331	0.09006186931733742	0.049146922931495	0.037441194909846015	0.07395997341275767
0.03062231592051974	0.16184309989219903	0.11382499450250522	0.13981853141882183	0.21799770275485764	0.14799601300590035	0.09131057713911903	0.05246673774662866	0.0380243182642277	0.006095709355220816
0.022598240915369827	0.09511138799959862	0.0893911546439848	0.11192497580574211	0.21217777011737293	0.14726259352411292	0.07746518456822937	0.05577714730003571	0.03985190824002272	0.14843963688553102
0.03506907550983976	0.058562563502925935	0.13591675896706376	0.11586854344260217	0.1457096730583529	0.2179833278484898	0.08219012747806806	0.05540605424432942	0.03537663493224405	0.11791724101608415
0.033539211689207524	0.12533948255251665	0.14112457966365327	0.1310012725404643	0.18415945258558597	0.1604581571934707	0.12515845045183197	0.05894733374621976	0.03499386177314384	0.005278197803906079
0.025647122555202115	0.19240360856784272	0.06550030960898194	0.1842898165539496	0.13865201302497956	0.1852986045378146	0.07986858725636528	0.06588745008290949	0.03805659478425904	0.024395893027695695
0.03582397225907462	0.09487837816617947	0.034659410617775055	0.12276459818038504	0.17374835193239774	0.2214656125061612	0.0835744426539401	0.04309387020812124	0.031010860188579195	0.1589805032873864
0.02920475225626673	0.21144624323337616	0.09337776322950896	0.1296565058978991	0.12629756279995807	0.15312129625121124	0.0789537038819998	0.057148110569536496	0.028572681529713484	0.09222138035052994
0.037830345380045885	0.13804129012455219	0.1332658509152529	0.14327551978935488	0.12944259755466958	0.21212187801980154	0.09245040094983571	0.05994966458148672	0.03133990581043769	0.022282546874562936
0.023562002983725433	0.12035945344128357	0.040464838658223465	0.17296935936612787	0.15944740586223058	0.21473599383763553	0.11057874537020665	0.05595721260935116	0.028526314419786994	0.07339867345142878
0.021107538703330778	0.06579348906626425	0.0748064424511183	0.1697129854912856	0.13962734501680862	0.17707954059445524	0.1109252643315367	0.042189494917758884	0.03508597955062197	0.16367191987681964
0.03672210735094035	0.1160408191842523	0.09827155957476807	0.1503462902640248	0.16975109025294716	0.16557136645636872	0.09995138814170057	0.058321917451625196	0.03519743953472987	0.06982602178864297
0.04034341930962155	0.07889676525430882	0.08755149457124507	0.11143507303358625	0.19767951882577756	0.15076540476666234	0.1282832735391387	0.059003179283479215	0.03572806048282806	0.11031381093335249
0.03709063236280194	0.20061016195501236	0.062273651942469616	0.14720458423945226	0.14313227080933813	0.18886382736934948	0.11312343826598935	0.05383038796760203	0.03969176912667376	0.014179275961311119
0.023942680199127583	0.12669530250253577	0.05197117515361829	0.15492742052277012	0.2312162734632877	0.1729022593762287	0.13003730504962982	0.05564769735263336	0.03866080432945242	0.013999082050716191
0.038740537030480464	0.0995681464286576	0.11435347040456036	0.17626823487323312	0.12126072000076529	0.16530039658593076	0.08686318413272591	0.05205081659038086	0.03945886595976445	0.10613562799350118
0.02899553911337839	0.11627557659410409	0.12812454280761562	0.12609370711924242	0.16805610290164044	0.18971883213018173	0.08170205675137322	0.04784102264592574	0.03427082362058026	0.07892179631595814
0.02581295478193099	0.028996795954957244	0.06979662750096555	0.16851341575399856	0.20045928503826183	0.22191937108680523	0.12507699120568214	0.04692924720884155	0.027262515039830848	0.08523279642872611
0.03238647487771194	0.116110072510998	0.10723071096140717	0.1346439978545869	0.17533658601801838	0.20216839935145267	0.11879907853993699	0.049919990264206876	0.03738490791696131	0.026019781704719816
0.022688775239567	0.03472959067849997	0.06640150347986035	0.1418925362783591	0.23151457461545583	0.22517313572872677	0.0969150897360427	0.056845148405965835	0.027133108789718224	0.0967065370478043
0.024995914593510513	0.08828226956560392	0.11673948256689012	0.1576325798351426	0.156538516216837	0.16895464512035696	0.11967360937764966	0.06323229439300693	0.03704461696346338	0.06690607136753893
0.021896450267072112	0.0865344110683889	0.09529503660433453	0.17419613110196502	0.1254656531978258	0.19407291282822775	0.08975146677777537	0.06001691469682703	0.027341849590718045	0.12542917386686545
0.023395430370181616	0.12367573021331665	0.03423722482865044	0.12241230886885973	0.21189780152282023	0.1873624018762272	0.11263145080497144	0.05756849138864978	0.02445423245782162	0.10236492766850132
0.026264778317232673	0.03741592135812283	0.12582614736416234	0.14386038885885363	0.14890331422673875	0.16806296574359103	0.1279768461835358	0.04347600822841707	0.040492512429440575	0.13772111728990535
0.0211756919017263	0.08533144909133943	0.05456062954849142	0.17967729805110905	0.1880803364841469	0.18461975155780308	0.11427290081125108	0.04224126656180335	0.02986689552469815	0.10017378046763133
0.027685769934690033	0.09209385055941824	0.07995656510857085	0.14209045071069973	0.223691724522236	0.17765152136551315	0.12585632567193714	0.044052247106767466	0.035167092083472185	0.051754452936695214
0.021087055207982736	0.02770342267742268	0.1400591866530968	0.12736823032336292	0.18406880615426763	0.20048434973227933	0.08986647982562153	0.05658911676940605	0.029496123886639983	0.12327722876992037
0.027734507030802644	0.18498707023840072	0.05387222631391601	0.13511579796399584	0.12645896973649456	0.17516450286949814	0.09685580948337189	0.05024433677594451	0.025423177753156084	0.12414360183441962
0.033773768679372235	0.10371901817164529	0.03781165993827018	0.15165005126458603	0.20570352499261452	0.18621844237964602	0.08191609957402965	0.06429792357331632	0.037287016159880615	0.09762249526663919
0.02357923079731096	0.12104558581727756	0.0570813482894086	0.16290826619149845	0.15789695064047113	0.17244627767927462	0.12064506680840963	0.0648995762368214	0.039535936731573525	0.0799617608079542
0.024916942698300956	0.15004185366490896	0.09902149326088641	0.1380402756939869	0.11977991411986172	0.16702625551135358	0.08106590617539333	0.06166449683003615	0.03113908959298914	0.12730377245228283
0.033463355335789924	0.14630867458639898	0.07850768539090275	0.1279022393455332	0.20740395636039127	0.22221780656276827	0.08816457352098393	0.04978449860595416	0.02683640940503232	0.01941080088624518
0.02379996336529934	0.10455367014201537	0.10013508495574094	0.14923041757275582	0.12151868181312048	0.19912128535335055	0.12163212848396629	0.060433207139481915	0.040315969868846877	0.07925959130542243
0.023881851930120504	0.17628829185175982	0.04730251008076625	0.15649021065918634	0.20071229692520348	0.14899563366353352	0.11329691565298061	0.06194533384098244	0.025120206463799394	0.04596674893166772
0.03248499075838808	0.10858147413502522	0.03937647838198142	0.12748809604358513	0.1871449318205043	0.16063587623396902	0.08459084777335477	0.06230509011531957	0.036712411310607596	0.16067980342726484
0.028469896928813285	0.05953421163255048	0.13433618847043988	0.16080875240474804	0.13352635844312857	0.1497164961899783	0.11804944737751022	0.06485453989968049	0.03668732513187316	0.1140167835212777
0.032752067006158264	0.1387318624975618	0.0760795520584802	0.12709170779451473	0.1351202463055562	0.1885786426673198	0.12048594330428243	0.06033464990693822	0.032297801526157036	0.08852752693303136
0.023567702810153884	0.176918935410596	0.07874218381074889	0.11867550510044156	0.12958882322502865	0.22588484107595602	0.08308695393059913	0.052906357230114	0.03332770958874731	0.07730098781761455
0.02672744238937287	0.06585891747508069	0.08807545297996061	0.18430704447838625	0.18742383127665685	0.2152475880981422	0.1272714662872651	0.045405947721735916	0.03773098317553508	0.021951326117864448
0.02459236686519853	0.05845321455331537	0.11175865709334129	0.18121178821465142	0.2051856996456251	0.19096477281695057	0.10442417590260608	0.05755498500822018	0.026234075961215533	0.03962026393887598
0.026430793716902823	0.09982666273314875	0.06470376370538125	0.1852882604281011	0.20621199391835715	0.14385196434896616	0.11960258852219229	0.06506685450044178	0.024318098883461217	0.06469901924304748
0.039198198175825746	0.17154137940783395	0.10209057145084208	0.12559246689656853	0.16480405701573345	0.18874371582450794	0.10904044634360781	0.056549985114473796	0.02651538514437897	0.01592379462622777
0.02882688845534548	0.13913093112681948	0.04692696960433868	0.184284807017116	0.16022329791336565	0.1932298469702142	0.09805561569744695	0.06828096672330364	0.03120815915728381	0.049832517334766145
0.03490615591056419	0.14101237183677373	0.09170445459980045	0.15606038358060775	0.1504856008124623	0.2014869214470527	0.09454252590631569	0.047788912316502195	0.026751434331351007	0.05526123925857
0.0277617232875364	0.09732191627629477	0.05890597247297661	0.17050621982742012	0.16888278359580702	0.20153568245359765	0.12804538120771347	0.042563843894557404	0.027930523322753392	0.0765459536613432
0.01901570687355668	0.12276220572380271	0.03508445329110989	0.152128986346203	0.13667672765466188	0.20558225106752184	0.08236587885235569	0.043089118421804365	0.031691299412641316	0.17160337235634265
0.027001021246775184	0.0880997380551048	0.08565280599928247	0.13626800952014156	0.12131835284039397	0.21948228197036093	0.12917064318232813	0.04311031388502645	0.024941081789583833	0.1249557515110027
0.019130574904318354	0.08740913032522805	0.0924087484535393	0.18417573585704186	0.1705327024496885	0.175521890783335	0.12026358358786025	0.06912968096375505	0.03958257792743271	0.041845374747800985
0.03296129981067973	0.03974928124855076	0.09763494788219813	0.1479126626658639	0.21491538548838413	0.21724212528162087	0.12645397173178366	0.05264288553491958	0.02603347366658401	0.04445396668941526
0.027505826160686267	0.07588709281391498	0.13148586360878892	0.12778616679196406	0.12231178713336446	0.2259009454617737	0.11973439277147618	0.06341066289168393	0.0383714287133772	0.06760583365297035
0.031598125726492954	0.20194192059401006	0.054118792646286856	0.11953104876417686	0.11479563205215891	0.22010934583533875	0.10851729556019614	0.04841613112887415	0.03889250777033822	0.06207919992212716
0.01990840283684503	0.07290547045880966	0.05077296770495261	0.11912553027892522	0.1940191158466802	0.19491442387415103	0.10414891807995456	0.06679340853979837	0.03806035731681656	0.1393514050630668
0.0368135429811219	0.09226260260822973	0.03603250775026434	0.11733182774254533	0.170427479867381	0.22073049545841852	0.09560021221556028	0.049817932947789585	0.030069285967406545	0.15091411246128283
0.020418229747482156	0.11126894986509009	0.13899229256842907	0.11953657787817668	0.16896776821073375	0.16682498406902102	0.1221863380746704	0.04153200777078372	0.03813929318496985	0.07213355863064332
0.01988772150393936	0.046899555042203556	0.13432845269846783	0.11424085782080387	0.11667726797892544	0.21335841690311058	0.07957728060278475	0.05574667200007332	0.04101519782613636	0.17826857762355497
0.023834207667595808	0.17874309177337613	0.04864302475165183	0.13352090653685827	0.13204318957683078	0.18495952101290136	0.10321018121997382	0.06396215001380007	0.02999889873870941	0.1010848287083026
0.02020850546336264	0.04242901102069545	0.07324734255262652	0.1276939332589306	0.22898278556253254	0.21405997512158847	0.08316544117757718	0.0478587155633986	0.036937145795512286	0.12541714448377572
0.03757350539665185	0.12923715401606822	0.10162386535910554	0.14839765833867566	0.12001011760270605	0.15354470629880246	0.09491363622702897	0.04934611399349479	0.03842096811991409	0.12693227464755238
0.03855217143481328	0.09008219676986587	0.09779360809250799	0.1484026011033297	0.1591873850723481	0.20923986841085407	0.12494028347050476	0.04906921006290633	0.03203627963852709	0.05069639594434286
0.019763330287800196	0.09568954629777619	0.050724098728349515	0.1209442266559469	0.21956582978147032	0.18115185540317824	0.12908833182660445	0.06568826371786847	0.027086022224391645	0.09029849507661411
0.021173937765561243	0.10750334926621401	0.04794044480724184	0.16417497564290923	0.13608663136692567	0.17843616758338726	0.10027660332526996	0.0440889379252449	0.038954661638507894	0.16136429067873803
0.040919133711279386	0.15005653478018746	0.06366114638439482	0.133670593503611	0.16799309602506776	0.2175257143421948	0.08603414145158514	0.055997882971287244	0.03056855965378627	0.05357319717660612
0.029422563419651118	0.015080686325419979	0.13700569997158477	0.13191978983497338	0.19860401565072805	0.1706297297550104	0.11288434369667988	0.04465619029237645	0.02849332663401323	0.13130365441956285
0.03337011709577799	0.09124235180915319	0.06043290351841113	0.17306163781653205	0.21288585987277975	0.1872148153144107	0.09084653088018271	0.04214741201289367	0.03825822614322224	0.07054014553663654
0.021161712102322622	0.06025231015550242	0.11883128130996182	0.15171420294464016	0.14312033015160702	0.2183745163666203	0.13050466678825592	0.04217300826715498	0.027954331964242587	0.0859136399496922
0.028873371547154816	0.09239500464569086	0.034991874650559696	0.17598101433597754	0.20644413179668222	0.1767445804891093	0.11745877897705956	0.06071080926347444	0.029944342462614057	0.0764560918316775
0.03722410499558959	0.17239013857134355	0.02946739995905455	0.12352175707388485	0.12471195255911503	0.18979664163627002	0.0987728129173576	0.06691072327846957	0.025869727890854927	0.13133474111806032
0.02427539273522389	0.14657207289418772	0.07732170032289828	0.1640959794766637	0.20302899896814486	0.1796932536029589	0.10060138468642746	0.05355028932470952	0.02541705297520093	0.025443875013584777
0.019656318553394378	0.19471020424731578	0.056702175342879114	0.16945052061042432	0.1456916768111179	0.17760084247249053	0.10567550593626787	0.057257772159252124	0.03647627111242567	0.03677871275443233
0.03399767671271049	0.11113445572944042	0.10034137891134137	0.12295291582237172	0.21963293029731557	0.19535382842140872	0.10086216627760021	0.06491636377563546	0.032604541070140006	0.018203742982036003
0.021188411257547113	0.09890268261131478	0.1355354413699097	0.15699300092009774	0.13082071918731	0.21817115584777835	0.08839072277485024	0.04346146971612186	0.03746867370762512	0.06906772260744506
0.03317007686176682	0.1716497093333481	0.03409674482406448	0.17540553089612987	0.15967328593924232	0.14742992604921315	0.10610093252282507	0.06025317548263562	0.025619592183936238	0.08660102590683837
0.02480059736369003	0.11529679507101533	0.11271362459708544	0.13779925217587008	0.18335957213317527	0.2252191289248726	0.0894600343503301	0.047256393761461304	0.03854805329025608	0.02554654833224379
0.03933005493203798	0.12395180517555564	0.11493875743471296	0.14611980371239738	0.1538117146872921	0.16396063972169	0.13185044152943493	0.04263721797421151	0.0409212859378731	0.04247827889479444
0.04046708692981414	0.04305436909629386	0.08358921004881462	0.14345665268946134	0.1706503970460373	0.17535969226648015	0.0973365865423008	0.04804728832129248	0.03714433860720609	0.16089437845229926
0.030532121046947733	0.07744311677593607	0.11359470806501984	0.15043854244438132	0.14766394809093528	0.1959790595624088	0.1261934342922367	0.06282929544626789	0.038965908562161304	0.056359865713705104
0.023737248233030542	0.09002787869960292	0.1221165522564762	0.1314186467184144	0.14668651027556062	0.20055472668643953	0.09437333460577124	0.0642188062193074	0.030757773410986525	0.09610852289441066
0.03879130893823215	0.09179622483404795	0.09501999789416059	0.15332214014581558	0.15205095588201376	0.15512932436482302	0.07746868358137504	0.0688921909414921	0.03521321563409946	0.13231595778394034
0.03691261051608165	0.0565018469664864	0.06343797372692994	0.12180923036290493	0.20748593781832148	0.19849693440416405	0.08660165977422961	0.06850235354719228	0.030246330800536514	0.13000512208315318
0.021056140796266845	0.1997836013821498	0.07582719758824473	0.1481217262363944	0.15639735883354886	0.20788682805695324	0.0931000623724788	0.05700399543400032	0.0300171451032486	0.01080594419671442
0.028874146753351843	0.02211936243001683	0.09139031387605517	0.17356002726893052	0.23347113436793643	0.21867230531036408	0.12589871957187534	0.061208327165558456	0.0363202310953213	0.008485432160589987
0.026196461486137898	0.07811803502994855	0.0468050834587533	0.1568019033516731	0.19265478540640363	0.15380604385493407	0.0926263747666038	0.05107845391528091	0.0388331591870273	0.16307969954323748
0.03331559360592411	0.05890859252286282	0.043059829044112624	0.14407447499770037	0.1838584684927668	0.20619722960005687	0.09831623896579038	0.05918690701572223	0.029204721152223403	0.14387794460284045
0.027407810514004163	0.07155935064147403	0.045910230409748405	0.17897731307398107	0.19287293272409117	0.22076847483137907	0.11411369008884271	0.04469665910416928	0.034331168263974296	0.06936237034833585
0.028358872100732346	0.1505569636139338	0.033681761321686224	0.15519502289517437	0.22761588290024465	0.16863646057651852	0.12694606402777942	0.061231634096696685	0.02717261668544392	0.020604721781790097
0.0399327141740786	0.03418449264959807	0.08258013850723646	0.13265012391960854	0.2333954538415891	0.15654527677187002	0.08747993198376525	0.055719848121249645	0.0269962630578421	0.15051575697316225
0.023968530224665968	0.10514879272503175	0.028981972509381365	0.1689175028615033	0.17507062897876408	0.17826631480268046	0.08616781083645586	0.051574696640194484	0.038193871096089765	0.14370987932523296
0.02884450222765396	0.13437636355786808	0.09098024623940963	0.16427826765002393	0.12293534695972867	0.22677960930458074	0.09306463687232919	0.059206743275546134	0.02450513450559763	0.05502914940726204
0.03003894156826495	0.061146996398599246	0.06962268534480077	0.1371459501701912	0.21526041226887987	0.22326203321231677	0.1134969225392995	0.05083621829396495	0.037534570726305325	0.06165526947737744
0.026695010719193668	0.09052038597750411	0.12792682456426874	0.1489653843018564	0.1940459330641552	0.17362349074064054	0.13011016771333928	0.05711966781792014	0.03770329134401232	0.01328984375710962
0.040188774671675254	0.06438839292474177	0.05492204244538402	0.16091465492682383	0.12211992291817293	0.21588670806149673	0.08936590272764144	0.06701195607626459	0.03596761149868753	0.14923403374911187
0.027920897315860185	0.1413773249678885	0.07701091236903451	0.13968365614638364	0.16128155674107378	0.19591703726850623	0.11878950735025322	0.04478218097247379	0.026405036589274525	0.06683189027925165
0.02754657966447857	0.046461552549025606	0.07407672344579794	0.1394968923790964	0.2158407827496243	0.19121221630719684	0.10447826440845384	0.0484916833746373	0.027141687702539094	0.12525361741915017
0.02642661004961301	0.11823819439905862	0.10115189566249567	0.1665462480985952	0.14813877196654796	0.14396104898615866	0.09035783821613266	0.06008106978191976	0.029264235555783946	0.11583408728369454
0.020234022717647418	0.012270089929923442	0.0429638017758931	0.15153036709510637	0.20839556744632787	0.171014936084588	0.11602182491485666	0.06355068246558492	0.025562414263147662	0.18845629330692465
0.036660353067416176	0.0975711244339169	0.12574067813810352	0.17574633141860319	0.1454551900207939	0.20601773252036715	0.11092057043952827	0.047484122556358484	0.04064175464416756	0.013762142760744847
0.03384329811538876	0.03290890470463281	0.08522234661591002	0.13674022475568237	0.205164432786769	0.21394031524911078	0.095541932026553	0.059716120124428965	0.036584431105395596	0.10033799451612865
