0.24628939639803255	0.20601936788735056	0.09299211957008685	0.27901507298185246	0.17568404316267736
0.24971284907673008	0.20187172500065081	0.09234034395939573	0.28061695070229625	0.17545813126092685
0.2484274440601359	0.20579619606627023	0.0930199242242215	0.2790439230302567	0.17371251261911547
0.24850413093852497	0.20428748618564846	0.0930194677266714	0.27994671138655625	0.17424220376259866
0.24632230797049603	0.20667289551550197	0.09322022601171133	0.2797993037540588	0.1739852667482316
0.25170296617269644	0.20348357473192755	0.09321110635607767	0.2776726741977653	0.1739296785415328
0.2526249164131383	0.20312428437009097	0.09210573501849999	0.2786600303854373	0.17348503381283326
0.2507408900047975	0.2027765469243787	0.09333125022978184	0.2796789581112845	0.17347235472975722
0.25089949321902105	0.20165078852132368	0.09217933470346276	0.2809450925702469	0.17432529098594535
0.2453485774834556	0.2059691932622286	0.09317400462941926	0.28104277694250585	0.17446544768239047
0.24713284756258855	0.20629560370386385	0.09341028746176873	0.2779192555181678	0.17524200575361082
0.2463743274427454	0.20680358545105032	0.09321691703573308	0.2791841371583592	0.1744210329121117
0.251365882578918	0.20340593697640974	0.09297352630842505	0.27826240812127756	0.1739922460149694
0.2504524159801526	0.20390096653014045	0.09251970073745415	0.2786534448921943	0.1744734718600583
0.2532682829673851	0.20031181904514017	0.09312945339516329	0.28020934246180706	0.1730811021305041
0.25169551623201286	0.2030405338780762	0.09233437827773863	0.2777801770692396	0.1751493945429325
0.2501199990972973	0.20620631104812764	0.09232218114000101	0.27777358543088343	0.17357792328369034
0.24575946067769636	0.20610126105663315	0.0926576065083167	0.2813804621019075	0.17410120965544612
0.2491093123589211	0.20367366716729227	0.09348332500644384	0.27924540695974703	0.1744882885075955
0.24874512578217559	0.2053634776010471	0.09212674218704775	0.27995516104476487	0.17380949338496443
0.24964703550170575	0.2037295620773485	0.09323940786266294	0.27905093339468895	0.17433306116359365
0.24850915870636242	0.20110981984080203	0.09278948456791167	0.2817763843525015	0.17581515253242214
0.25251240897199734	0.20105519665108648	0.09209395112336834	0.28106401579264884	0.17327442746089874
0.24802426881557116	0.20243365593115267	0.09331273732529993	0.28085387687265545	0.17537546105532054
0.25106545272230596	0.2022030809820375	0.0922315704952734	0.28072317462679486	0.1737767211735881
0.25270698578181955	0.2029038298409435	0.09326378533781923	0.2780205771186869	0.1731048219207306
0.2520213082373971	0.201036467669377	0.093461222370219	0.27872085085580967	0.17476015086719698
0.24836587529759768	0.20438490303649245	0.0921208026488225	0.2807443753583147	0.17438404365877244
0.24870025988279898	0.20545867295798065	0.09210415649712281	0.277841141788532	0.17589576887356528
0.2521734710744635	0.2033477701254827	0.09339838146549209	0.2774796333452425	0.17360074398931902
0.2518631763899862	0.20127135644719596	0.09244608138967432	0.27905308454562455	0.17536630122751878
0.25145164521275476	0.20414763757733478	0.09233002733678167	0.27885045558031774	0.1732202342928108
0.25233580857183846	0.20108403507185954	0.09355545177658663	0.27903217555486126	0.17399252902485385
0.24707274499500362	0.20638759641708881	0.09295388703081446	0.2776942470992604	0.17589152445783246
0.25500790013115426	0.20174656135254443	0.09255950915027467	0.27745310937100737	0.17323291999501897
0.25091570360630927	0.20270450388941771	0.09260680843360711	0.27898186036548844	0.17479112370517716
0.24714375071213912	0.20607742948335023	0.09259086352170821	0.27901577863027016	0.175172177652532
0.2500004854071504	0.20250084476154687	0.09217850549451757	0.28096425214406456	0.1743559121927203
0.2540045519813316	0.2011223603452469	0.09220386822031189	0.2794510678214204	0.173218151631689
0.24834254737688455	0.20643213014295062	0.09313696975218018	0.277627283166017	0.17446106956196744
0.2489849566798767	0.2060477479341852	0.09259582821339743	0.2792488573326005	0.17312260983993993
0.25063647698128716	0.20474717066419518	0.09350256391157583	0.2778852525936908	0.17322853584925083
0.25245766094161626	0.20123347019580326	0.09219746167931835	0.2788051849338884	0.17530622224937353
0.25169808477262595	0.20510335822518988	0.09218730870127995	0.2774663319399363	0.17354491636096764
0.24997021530106975	0.20390060405116778	0.09302744528369447	0.27981861545120945	0.1732831199128583
0.2493592106381451	0.2042793837688779	0.09295088370458002	0.2776151360350292	0.17579538585336757
0.2548225324203034	0.20055142492484343	0.09214278652709987	0.27883958641028295	0.17364366971747014
0.2469801026578954	0.2057756301519721	0.09342012566079391	0.2784012681710448	0.17542287335829346
0.24553329564674442	0.20684548412420575	0.09319186015356697	0.2796125447650863	0.17481681531039633
0.24709772636810895	0.20441127155568653	0.09256765553881918	0.28095804853077583	0.17496529800660926
0.2533009206187298	0.20080896157204653	0.0927763439341411	0.27897446374043255	0.1741393101346498
0.25223358917135125	0.20233153559638642	0.09330351259939673	0.2774429171328594	0.17468844550000598
0.25158070053910697	0.20364149236472023	0.09264351570926607	0.2781506588700859	0.17398363251682059
0.2497293301491899	0.20557120151755293	0.0921338991388502	0.2788208489149605	0.1737447202794462
0.25108882899151264	0.20211186597910122	0.09321900155146844	0.27868177670953614	0.1748985267683813
0.2535403791850639	0.2012102483792411	0.09283908933431968	0.2781973519213983	0.17421293117997683
0.2454918165561294	0.2059787154593413	0.09338479102600483	0.2804194721354908	0.17472520482303347
0.2507708806548488	0.20237903891591452	0.0931821444731989	0.28018992566688194	0.17347801028915558
0.25188756673352775	0.20147157885056283	0.09330273600618813	0.27826613563977415	0.1750719827699469
0.254326483686475	0.20087444092384998	0.09255437695884787	0.27904106779142196	0.17320363063940497
0.2517837047624833	0.20070276190033556	0.0924819440129857	0.2802402404211397	0.17479134890305548
0.2492969305036042	0.20590024075491947	0.0926972392409833	0.27874465589199626	0.17336093360849655
0.24864712485254298	0.20391834591344563	0.09337319625935789	0.2791377183760793	0.17492361459857392
0.24860339380976854	0.20396934782683426	0.09276302184289266	0.28115497956620994	0.17350925695429434
0.25094076038288116	0.20514201080180797	0.09218158465672294	0.2781046302680238	0.1736310138905639
0.2501090643398812	0.2016468541602295	0.09316624175014067	0.28160779273056186	0.1734700470191865
0.2519775560834707	0.20212350807556173	0.09356205960884806	0.2777972427559556	0.17453963347616366
0.2469653393201504	0.2060841664895658	0.0924605177646882	0.2806958566344868	0.17379411979110854
0.24718242017642675	0.2044495200732717	0.09274782427772818	0.28181101686275073	0.1738092186098224
0.2521461834508316	0.20202833506047363	0.09324913647717487	0.2778131956460604	0.17476314936545928
0.25147437075032686	0.20103826474520206	0.09294715293662414	0.2786654425945454	0.17587476897330132
0.24907189971044846	0.20132389755111432	0.0922369841410627	0.28148484732407814	0.1758823712732961
0.24514337908573988	0.20603467635806996	0.09266240710168269	0.2808434743746947	0.17531606307981257
0.25028666273731537	0.20427518826180077	0.09215896496200382	0.278947371251307	0.1743318127875728
0.24933565260856877	0.2028576621394661	0.09226558030527153	0.28014970292869135	0.175391402018002
0.2503924602552965	0.20391451620559908	0.09300587676064037	0.27736968819904684	0.17531745857941697
0.2534322783154423	0.20082631567754494	0.09333512742900953	0.277938528334597	0.17446775024340594
0.24762462122490236	0.20503037343719369	0.09343184047107066	0.280257430744838	0.17365573412199506
0.24970685564603462	0.20133651531503788	0.09332206069188771	0.27995952227504883	0.1756750460719907
0.25207196223169814	0.20062102053075995	0.09232045750361548	0.28029311796519485	0.1746934417687313
0.24867727019068406	0.20547230539157185	0.09318626357322649	0.2793725778164977	0.17329158302801964
0.25436190755827653	0.20160236342219587	0.09248248659004557	0.277701595748012	0.1738516466814698
0.2506095858437815	0.20233852989909623	0.09322329664683308	0.27970035382132885	0.1741282337889601
0.25149360746311705	0.2044477718185448	0.09316335935883398	0.27745788110208564	0.17343738025741828
0.25033812510955833	0.20241584718476538	0.09256018016387019	0.2801536083813253	0.17453223916048052
0.2493592034014278	0.20275179023363157	0.0931742820425281	0.27933745003247096	0.17537727428994132
0.246945779182512	0.20487334729081455	0.0935127636376531	0.28119100273146813	0.17347710715755194
0.24753513751521916	0.20621994363038107	0.09254213587064236	0.27984744251450133	0.1738553404692558
0.24843107617688132	0.2041946983068039	0.09244150273736318	0.2804138442704742	0.17451887850847714
0.2501469226105602	0.20160216096120037	0.09301676966238408	0.2797547902792824	0.1754793564865727
0.247523477648898	0.20395467875639248	0.09259022359817504	0.28106742475139557	0.17486419524513866
0.24829575790785108	0.20306783615015706	0.0926586681834599	0.28143934866915726	0.17453838908937447
0.2530608540730697	0.20172645859628252	0.09265381904708918	0.27848514244862765	0.17407372583493064
0.24859582117465573	0.20588405255633052	0.09336310920161608	0.27823679208763735	0.17392022497976
0.25471466357868294	0.19995982652292582	0.09290364829652512	0.2790023180992928	0.17341954350257308
0.25194956238359956	0.20003565086039257	0.09254766891234086	0.27957069956842756	0.17589641827523922
0.24498220016542838	0.20651130191575456	0.0925874113939286	0.280757446299477	0.17516164022541114
0.2516996413723722	0.2044902164932194	0.09211632917169275	0.27844097445717025	0.17325283850554513
0.24967824572476546	0.2023666263591459	0.09251669543164752	0.2810666517608192	0.1743717807236217
0.25023016733264847	0.2041838803726914	0.09298191471793525	0.27753195399686925	0.17507208357985535
0.2500718635441014	0.20611430933984087	0.09254494983257136	0.2774529530089712	0.17381592427451487
0.2498425541620601	0.20390505407273865	0.09262023507137208	0.2788514378624959	0.17478071883133303
0.24553115550074817	0.2061355974567836	0.09323123317925665	0.28146289392121343	0.17363911994199793
0.2528822531919669	0.20100276039582504	0.09290440468108042	0.2782640543732845	0.17494652735784286
0.2516362359744745	0.20174478379935226	0.09209646946888068	0.27949880158586454	0.17502370917142776
0.25312161204149125	0.2011177628783307	0.09351077500199345	0.27847342639461004	0.17377642368357432
0.25222793579127567	0.20157703860046053	0.09355861605862058	0.27919151350545496	0.17344489604418797
0.25108726005658194	0.20410562433793691	0.0924396977346363	0.2791477010039659	0.17321971686687868
0.24852155864060219	0.20552456112412487	0.09325745717925656	0.27819351852844687	0.17450290452756925
0.25180436849243526	0.20484482271079796	0.09216692738988017	0.2776551611557968	0.17352872025108956
0.2538763570398656	0.2011024627928869	0.09345398805952589	0.2773560304396112	0.17421116166811013
0.2497058012877973	0.20406505377046516	0.09338701113628634	0.2785841893999287	0.1742579444055223
0.25088003178760543	0.20099176278570563	0.09213513577633317	0.28087176680748055	0.17512130284287497
0.24535599278228684	0.20666676804257195	0.09330228982193807	0.2807486718581346	0.17392627749506823
0.25008490441152986	0.2036990141740786	0.09346178282246664	0.2786773111662162	0.17407698742570843
0.24982248307602212	0.20298796632647198	0.09261449271493587	0.2799664272171963	0.17460863066537352
0.2491531170410728	0.20223055841977672	0.09271688234043751	0.280367364720556	0.17553207747815672
0.2486986671005561	0.20615811591445987	0.09259127257093652	0.27756210009425303	0.17498984431979422
0.24627484165270913	0.20607321727918865	0.09292214259128914	0.2798874484734681	0.17484235000334475
0.25182897049710307	0.20011766463943692	0.09277053083265176	0.2808753170498275	0.17440751698098045
0.24724920593967792	0.2054060311879991	0.09246217940173085	0.2806510790388794	0.17423150443171248
0.2560458119620185	0.20029724003654892	0.09207876378819634	0.27828738977982437	0.17329079443341167
0.25395597251264906	0.20092787071587936	0.09292415015022153	0.2783251786121743	0.17386682800907552
0.2538897760715465	0.20014534447788818	0.09343158482187136	0.2780248761792897	0.17450841844940396
0.2512137231737287	0.20107716044497137	0.0927086952419353	0.2815204507152047	0.17347997042415966
0.251796642215128	0.200674148698456	0.0930836339059381	0.27882208411416476	0.17562349106631292
0.25045797260801894	0.20457524311793204	0.092593206654578	0.2782838782618752	0.17408969935759555
0.24696392897497121	0.20608102224922373	0.09213560863732191	0.2815808881649373	0.1732385519735456
0.24589909341953267	0.20586517413150277	0.09224141384028195	0.28153580185477417	0.17445851675390817
0.25189585741961795	0.20229279580453305	0.09308403928107299	0.2780845321425646	0.17464277535221112
0.251815513554171	0.20061222921496122	0.09257973443708298	0.28164833828623825	0.17334418450754627
0.2536392946259859	0.20135716846352414	0.09227450774019075	0.27738047690225986	0.1753485522680391
0.24811501753703039	0.20432155350989561	0.09224397006571443	0.2816911918520766	0.17362826703528272
0.25032487812532556	0.20258611768349058	0.09325750398356011	0.2794662747617477	0.17436522544587585
0.25252454368123867	0.20032090587178425	0.09275756585252685	0.2785178000633446	0.17587918453110538
0.252561933565271	0.20040201877669245	0.09254938365521426	0.2789088751203681	0.1755777888824539
0.2516653768840353	0.20010001441814138	0.09246904578517284	0.2814230653610037	0.17434249755164655
0.2542422520280984	0.20045907082687892	0.09289403912578076	0.2784036996427824	0.17400093837645927
0.24792355578071384	0.20279422191602953	0.09213047312247538	0.28149337601295255	0.17565837316782845
0.2471121585552165	0.2050591031424166	0.09332782766541366	0.27893717933329837	0.17556373130365463
0.24923036712816143	0.20422270887641772	0.09322790247866063	0.27914713110997563	0.17417189040678435
0.24997038438760233	0.20347968362305133	0.0925761899487174	0.2794608621953	0.1745128798453287
0.2500641916382387	0.2043273866661073	0.0925878827801769	0.27735763622474435	0.17566290269073254
0.25058226558713026	0.2028340469262374	0.09276363632355039	0.27947867294797746	0.17434137821510423
0.2499271127992353	0.20625557429651112	0.09211172283957719	0.27810680529124	0.17359878477343615
0.24560196527521105	0.20617148276619293	0.0933905562134128	0.27933582159482717	0.1755001741503558
0.25123486133048284	0.20131154412693344	0.09300726174128876	0.279573983748471	0.1748723490528237
0.25040657177324643	0.20150407002817133	0.09297585301041335	0.2800249364762492	0.17508856871191944
0.25435257259497795	0.20130462334026664	0.09289011177205866	0.27803266124817855	0.17342003104451795
0.24653104320619834	0.2051710790785996	0.09246378094418348	0.2799699156774864	0.1758641810935319
0.25082776595784606	0.20255881787857397	0.09234703443572904	0.27955808150881006	0.17470830021904063
0.24831346375194746	0.20645407451137426	0.09333023253844361	0.27800956854235426	0.17389266065588013
0.2509185101807377	0.2004436820531133	0.0930525801232138	0.2796908339396029	0.17589439370333207
0.25409718750593346	0.20289418588188482	0.09232759830238009	0.2774011725038254	0.173279855805976
0.24991361766606734	0.20098627091357352	0.09323377307572044	0.28176809273530545	0.17409824560933304
0.2473947823667836	0.20419068414235356	0.09222226903091406	0.2815007383569624	0.17469152610298616
0.24944547758796987	0.20324210467897963	0.09342152120214024	0.2806860811875109	0.1732048153433991
0.2477395863243258	0.2027146968990596	0.092886116650921	0.2811788643748255	0.17548073575086787
0.25191535131918064	0.2009733979732749	0.09292940168200078	0.28001070455538335	0.17417114447016008
0.250427924416197	0.20422657162161179	0.09275618084971564	0.27823366271125555	0.1743556604012198
0.24657934761385195	0.20658550618009175	0.09219548514447748	0.2804148535480511	0.17422480751352748
0.25258947515689234	0.20180632679413518	0.09237655950782983	0.2791286013386683	0.1740990372024741
0.24834062744380359	0.20470224941810597	0.09231767369545865	0.2803655361362559	0.1742739133063756
0.24985705081770032	0.20581271770329085	0.09211839021915631	0.2781228876751092	0.17408895358474313
0.24838326091686125	0.20586716761444318	0.09258792976617727	0.27960299374393194	0.1735586479585861
0.24867550232931124	0.20543089560789737	0.09249313090611529	0.28017105892477523	0.17322941223190064
0.24555327565867058	0.2065198583951507	0.09209646445264895	0.2818660330299313	0.17396436846359822
0.24630273293317118	0.2042040367297352	0.09323068477016484	0.2810067975550405	0.17525574801188806
0.24700978807315513	0.2052422395518616	0.09343904335467962	0.2799741484908773	0.17433478052942608
0.24768030908388652	0.20366608198960137	0.09346908328413003	0.2803322038912907	0.17485232175109114
0.24684944182257554	0.20517900242095297	0.09305776070965353	0.2803840354484675	0.17452975959835018
0.24853907790435503	0.20667385508785252	0.09349222043473344	0.2780421091997723	0.17325273737328648
0.24909088505176746	0.20471157397967074	0.09250661260854805	0.27873574913892196	0.17495517922109152
0.24769049367011348	0.20324851276181635	0.0935073543459731	0.2814692126680558	0.174084426554041
0.24935210325503676	0.20209559239168995	0.09349167398827449	0.2806760539426325	0.17438457642236604
0.2502035363758113	0.2051160213749774	0.09228229534453687	0.2779661881384465	0.17443195876622772
0.2476476772970433	0.2025928528439779	0.09356380265213322	0.28040393855269397	0.17579172865415138
0.24719753533200542	0.20577757159061988	0.09253893260697182	0.28107919921078667	0.173406761259616
0.2505660693386602	0.20539403542356283	0.09249891014295841	0.2775220424924567	0.17401894260236161
0.25048251757664153	0.20283634597981587	0.0923291320217242	0.2794299887034495	0.17492201571836868
0.24674248049742453	0.2067561393248191	0.09244325352657194	0.28048769878221197	0.17357042786897225
0.24523891166823103	0.20510516071342338	0.09325776959533306	0.2816312177852817	0.17476694023773048
0.24975353683082752	0.20102226496099446	0.09237284418033281	0.2816101332189448	0.1752412208089002
0.2521125128067842	0.20148447633906458	0.09342315824010451	0.2784461324563731	0.17453372015767335
0.2494515199629453	0.20202502415098758	0.09312473547231193	0.28141960217781026	0.17397911823594467
0.2516617025505178	0.20323966658325754	0.09227272642543254	0.2782589756893467	0.1745669287514452
0.24768879774157648	0.2044852048828438	0.09354678901818074	0.27844656715680577	0.17583264120059292
0.25052708062329765	0.2041388713892345	0.0931706830059712	0.2776109630527621	0.17455240192873425
0.2482756790440147	0.2034562813953712	0.09323136400072796	0.28041252261796185	0.17462415294192402
0.24950857590431808	0.20607169355567595	0.09237289804974017	0.2788692552110902	0.1731775772791754
0.24611848092354627	0.20567606850683792	0.09252803648337514	0.28012794699471877	0.1755494670915217
0.2515583625238336	0.20169300141757748	0.09262078821100207	0.27849746622632826	0.17563038162125832
0.24871744081918445	0.20456519626422434	0.0927316913317184	0.2783784057636255	0.17560726582124705
0.24748926590705814	0.203431692314012	0.09336282407794082	0.281253831065499	0.1744623866354898
0.2480998609324871	0.20585568905974466	0.09301119325524924	0.2773696294211937	0.17566362733132507
0.25243321721415835	0.20112358518531312	0.09283152947832933	0.27856838772693154	0.17504328039526734
0.2465123669513277	0.2058944686237389	0.09329498394676881	0.2802960695957417	0.17400211088242262
0.2512820428463709	0.2008623802341371	0.09345623559399122	0.2790323667041577	0.17536697462134282
0.25299005263592633	0.2006762722303874	0.09311659581055069	0.27886003564153605	0.17435704368159924
0.2515513461076238	0.20125180980679486	0.09222462433977416	0.2811993481392695	0.17377287160653743
0.2514270081571319	0.20422874102668942	0.09229263789948411	0.2789428760326044	0.1731087368840899
0.2479935282993787	0.2045948513408058	0.09294954078356449	0.28065500041408153	0.17380707916216923
0.250949122432631	0.20230227392828776	0.09260268055856706	0.27907600228362306	0.17506992079689085
0.25003574212410146	0.20170405269586011	0.09284334186259711	0.28173919941922954	0.17367766389821152
0.24703017542921885	0.20381853016259535	0.09237526943694487	0.2816561787874806	0.17511984618376006
0.24935523568779278	0.20598799742048488	0.09231684343055852	0.2791455968986985	0.1731943265624651
0.25110963908720674	0.2021568540404226	0.09254028531125934	0.27934741766016025	0.17484580390095078
0.25076694666481986	0.20080897880284704	0.09243456668326985	0.2809802550238608	0.1750092528252022
0.24991219714225987	0.201728123342715	0.09350198120304397	0.27914494636060183	0.17571275195137906
0.2528231630483254	0.20132908114950498	0.09301171957914903	0.2775350630986494	0.17530097312437093
0.25007279089394535	0.20460762257873497	0.09254574157239497	0.27786203293567857	0.17491181201924588
0.24515411119650826	0.20556111494875917	0.09314753205954936	0.28049637237112224	0.17564086942406068
0.24678025845971996	0.2044891014949573	0.09297494066439886	0.2802784852362755	0.17547721414464812
0.2502980869379086	0.20533111152866815	0.09217588813237958	0.2776141132948441	0.17458080010619934
0.2503859730390344	0.20506978920887337	0.09320873870313198	0.2776753619319118	0.17366013711704817
0.2520305286375359	0.2012952317603875	0.09266275580156126	0.27972443578258765	0.17428704801792744
0.24898867638711045	0.20421888092006282	0.09343077976857488	0.27831994501978347	0.17504171790446812
0.25060164491878	0.2034270926389732	0.09224091958185794	0.2789815635788375	0.17474877928155103
0.24887606590092967	0.20305193220291337	0.09332778913249343	0.28009510817470307	0.17464910458896019
0.2510683102266692	0.20083343078785323	0.09316655257485205	0.2793108887926136	0.1756208176180116
0.25392147744752136	0.2004769898981538	0.09252559930749862	0.2776466456275739	0.17542928771925206
0.24829900487104517	0.20564252709030045	0.09222500733285358	0.2784892073112588	0.17534425339454174
0.24753830366406315	0.20649772585959095	0.09259772583615389	0.27750381401514657	0.1758624306250452
0.2521819465630108	0.20151753900311023	0.09284369771937176	0.2780947244557193	0.17536209225878766
0.24945165883997938	0.20453706622332735	0.09338586041215742	0.278030081416229	0.17459533310830655
0.2543050032043122	0.20041221929071876	0.0924414033416021	0.27880063884055656	0.17404073532281014
0.2483778190912163	0.20495539965942647	0.09339739832917948	0.2785453747115271	0.1747240082086504
0.25278066866532783	0.20160772456139725	0.09315508288588686	0.27919034999471093	0.1732661738926768
0.24947863164063955	0.20319846481793236	0.09240157161973242	0.2793042890509602	0.17561704287073523
0.25194685967448144	0.2004796521263295	0.09290683234080925	0.2813976346867889	0.17326902117159063
0.25050269553044985	0.20425752317101614	0.09298116431756892	0.277828312378898	0.17443030460206682
0.25480044539794167	0.20036123121628716	0.09254363105324095	0.27752861895587655	0.17476607337665345
0.25157700300185215	0.2023876146444554	0.09343001056960441	0.2783926064418138	0.17421276534227395
0.24986409867597076	0.2046613332728575	0.0920807194497357	0.2783468595757204	0.17504698902571536
0.24990785391007694	0.20358999408064363	0.09227643806715063	0.2791096216592041	0.17511609228292443
0.24684359961315622	0.2051299454759203	0.09285500653488668	0.281025022298462	0.17414642607757452
0.24863151523567942	0.20382910275810215	0.092139034703574	0.2814841130111633	0.1739162342914809
0.24836688166795975	0.20490435895564146	0.09245218073618398	0.27881994015668854	0.17545663848352597
0.24863465657170764	0.20171658922441907	0.09353641252747862	0.2816633290726503	0.1744490126037441
0.24858907214322146	0.2014991616083703	0.09284126491818848	0.2817814834933674	0.17528901783685208
0.25452108918943017	0.20046614262030546	0.09242452673913291	0.2793028332232378	0.17328540822789346
0.25097679766241077	0.20513211996896602	0.0922707072459847	0.2780660312470316	0.1735543438756067
0.2505496721916576	0.2002567690654627	0.09241020304544288	0.2810941801257176	0.175689175571719
0.2516912468175826	0.20208393525464616	0.0933726374810963	0.2787175235867967	0.17413465685987803
0.24953539293490534	0.2063889924873617	0.09273894690629293	0.27739140087029324	0.17394526680114655
0.24885096537801737	0.20273604891119887	0.09292836897566123	0.2809852156149746	0.17449940112014767
0.24895631050313247	0.20585703250393286	0.09305054774637381	0.27741562653205376	0.17472048271450683
0.250047953188038	0.2037669155903093	0.0933757370054581	0.2787732359129224	0.1740361583032719
0.2479738016759898	0.20287477702434728	0.0925044403417321	0.281740864068722	0.17490611688920857
0.24797777653276337	0.20551234362387222	0.09211287795424629	0.28126376944698356	0.17313323244213427
0.24972899192507608	0.20571422350263188	0.09310771872785904	0.27758082910610893	0.17386823673832383
0.24771771246539243	0.2058889906398939	0.09240078472466781	0.2785422340793038	0.17545027809074182
0.2497277073938958	0.2040186866511757	0.09213930436156183	0.2792628403281325	0.17485146126523393
0.25093088277820336	0.20115735613336863	0.09339777767075963	0.2813179840388145	0.17319599937885363
0.24680759276202202	0.20534257687005844	0.09284725019557545	0.2816183185429632	0.17338426162938064
0.2507374591630198	0.20374284596081396	0.09252991749082073	0.2782257637949334	0.17476401359041177
0.2543080239582878	0.19997798122210184	0.09288069764140397	0.278018708987926	0.17481458819028012
0.24867968504150634	0.2028608322923419	0.09267972638145648	0.28170588034058736	0.17407387594410767
0.25307052553443	0.20313080927041874	0.09309739131138202	0.27738582645897225	0.17331544742479676
0.251557059816068	0.20044001780852883	0.09277139959112402	0.28041537326289556	0.17481614952138333
0.2513213463275261	0.20188054242809192	0.09308858626065346	0.2783967252089006	0.1753127997748277
0.24812686483932223	0.20490110163549324	0.09266709714076948	0.2795763314643738	0.174728604920041
0.2479773336931512	0.20616288688582907	0.09272020500916114	0.27890337825204137	0.17423619615981698
0.2511570960001438	0.20107277461184	0.09314648682041357	0.2809278501625615	0.17369579240504085
0.2506327714482943	0.2036253896662515	0.09281969535364684	0.27983236988350946	0.1730897736482976
0.2479534679370503	0.20685162168598017	0.09229165240131956	0.2778362575342842	0.17506700044136553
0.24601269022948777	0.2068488092394007	0.09276477702234853	0.2786356482206637	0.17573807528809904
0.24920968688363254	0.20522797953650257	0.09317822646596542	0.2778615161839077	0.1745225909299915
0.2485508681112099	0.20334568449831378	0.09352559537046078	0.2809926866546281	0.17358516536538715
0.24524781670450038	0.20503809123025837	0.09241237473462158	0.281863580511993	0.1754381368186264
0.24958249749773695	0.20353934209897692	0.09309546575123788	0.27931611557211233	0.17446657907993568
0.25502350980227334	0.20109131101558564	0.09224478120715104	0.27821793913824305	0.17342245883674662
0.24978413525219345	0.2018207345180168	0.09324472591388226	0.27964009782393934	0.17551030649196792
0.246264080948983	0.20331511052701054	0.09283011715277764	0.2818376051368392	0.17575308623438937
0.24994939401042898	0.2020517175178553	0.09340787077964717	0.2793671261871694	0.17522389150489887
0.25001429813294385	0.2012179662446641	0.09279595155564996	0.2818162931855758	0.1741554908811661
0.248708191841604	0.20390962774327565	0.0921140588748346	0.2806826395724813	0.1745854819678042
0.24759825677326103	0.2062606621114505	0.09271890360884544	0.2785313666069879	0.17489081089945485
0.24968601697938544	0.20412086246319794	0.09297654045624607	0.2799495251988552	0.17326705490231514
0.25223446957246365	0.200893021837675	0.09290091722269346	0.28081544046477536	0.1731561509023923
0.24535767810428488	0.20442538396753937	0.09311452373058117	0.2812172520588695	0.17588516213872482
0.25076747706116026	0.20194998238077455	0.09315768805777974	0.28097953824187544	0.17314531425840976
0.2490803100434958	0.20480172514331835	0.09281120181657981	0.27798366627068793	0.1753230967259179
0.24770168718625668	0.20518751880850897	0.09229385497200976	0.28097873820880565	0.17383820082441873
0.25055391388508885	0.20246983659409362	0.0920884074019877	0.28150708166313076	0.17338076045569886
0.25297680603916006	0.20051290508684236	0.09257897681210231	0.27854206420811045	0.17538924785378454
0.252682889997949	0.20102040883621236	0.0930458302385031	0.2793553164436841	0.17389555448365113
0.24946153924385728	0.20383998510159845	0.09314627390631892	0.27805371748045826	0.17549848426776687
0.25487147506344476	0.20060623789749205	0.09231145172465637	0.278834712605719	0.17337612270868757
0.24844265780350072	0.20336822986819858	0.09268282345363554	0.281607325949881	0.17389896292478388
0.24733687464557177	0.20597482883548102	0.09232839414004272	0.28031833251933885	0.17404156985956537
0.24884258069880744	0.20521292641849548	0.09265515445143224	0.2781765914333142	0.17511274699795046
0.25310758060615945	0.20257561445821393	0.09246420312437473	0.2779401000250207	0.17391250178623097
0.24810084993320294	0.20340224405256796	0.09344759047384968	0.2814503287298961	0.17359898681048305
0.2530219551657025	0.2024350847736066	0.09207310890870506	0.27866627864767296	0.17380357250431264
0.2558941856138935	0.20057113844281482	0.09291733955289137	0.27739134606852717	0.1732259903218729
0.25108398316550995	0.20182773208725086	0.09217587691270147	0.28105398865698605	0.1738584191775514
0.250311099154541	0.20024898969525243	0.0930123470639684	0.2809522386124098	0.17547532547382813
0.24551065686153517	0.20596721430008744	0.09278613984455845	0.28119824137507266	0.17453774761874602
0.25473094434070553	0.20139176511001955	0.09224162009533433	0.27745503604616784	0.17418063440777248
0.2523157462147087	0.2020689459563108	0.09305145485590605	0.27890860724708133	0.17365524572599284
0.25159777534277034	0.20183217775344123	0.09236365178585208	0.2784954939841957	0.17571090113374038
0.2532392693175131	0.2010031098618374	0.09244446994347276	0.2784737360227859	0.17483941485439056
0.24748619687187873	0.20636913999477993	0.09354464130558517	0.2778637692973937	0.1747362525303622
0.24899304994943977	0.2050683975478424	0.09270962501845981	0.27804365331253017	0.17518527417172763
0.25059425891353476	0.20469445499823744	0.09213028651497907	0.27866014864666083	0.17392085092658766
0.2478220379778181	0.20443135437662666	0.09228042385848177	0.28046426837936067	0.17500191540771257
0.2473719667691922	0.20593456255267123	0.0934434119430051	0.2795047608633983	0.17374529787173293
0.24942916479178204	0.2037372194790488	0.09252053948359681	0.27959929677468814	0.17471377947088398
0.24692811122399655	0.20501953753491992	0.09267067154686358	0.2795708278839813	0.1758108518102384
0.24817617642417694	0.20387621819515597	0.09335388503937601	0.2799854082210077	0.17460831212028316
0.2522955487438223	0.2000704106386016	0.09211174417756016	0.28010985998870563	0.17541243645131005
0.2493942808716238	0.20047199015923345	0.09352563839896037	0.2816936597220327	0.17491443084814942
0.24585691942205795	0.2058837118739032	0.09287899603822992	0.28076660309067525	0.17461376957513344
0.2490080017135582	0.2050437481950441	0.09242310709767679	0.27784426545484664	0.17568087753887401
0.24644361174435564	0.20354240144767322	0.09326773805439781	0.2816321970757138	0.1751140516778593
0.2505572765853375	0.20043331647337373	0.09313569037362943	0.28002103101772513	0.175852685549934
0.253441692998563	0.20029640619055783	0.09250812704544836	0.27813215144366865	0.17562162232176187
0.2483347673615618	0.20536872550610624	0.09239401422605834	0.2783704350896485	0.1755320578166249
0.24709773093588744	0.2050659745470536	0.09215816234978573	0.280598334652597	0.175079797514676
0.2544758798371525	0.2001664480328137	0.0925044649417426	0.27876231816287694	0.17409088902541403
0.255389922046311	0.20131888331658343	0.09226576035864975	0.277862153324166	0.17316328095428962
0.24978655417209622	0.20419900925685666	0.0924405408338881	0.2800382517731215	0.17353564396403723
0.24956950266086955	0.20404915595815218	0.09258626234592654	0.27935613729655556	0.17443894173849595
0.24901280527189773	0.20240508240850336	0.09254860634167633	0.28093677294539554	0.17509673303252676
0.2528058490011589	0.20067394568655225	0.09262869991038357	0.2794083154781487	0.17448318992375636
0.2548333667691251	0.2009238555394897	0.09318070258490019	0.2775348816846239	0.17352719342186082
0.24829361780180997	0.2063022070716834	0.09290370971605977	0.2781057733732939	0.17439469203715274
0.24681346621672895	0.20553861294011846	0.09333576288195072	0.2800333498608134	0.17427880810038826
0.2462820098355579	0.20662435119752717	0.09345701117219812	0.2802034342598116	0.17343319353490494
0.2551538623206912	0.20100810025169813	0.09259771344481767	0.2775452176404976	0.1736951063422951
0.2463823161751708	0.20658586713027385	0.09347277887590975	0.2781587773169512	0.17540026050169416
0.2500607502957466	0.20081444056173853	0.09246167534804528	0.28165591665608136	0.17500721713838802
0.2469475100574634	0.20572049059253053	0.09341702432607904	0.27813417752113206	0.1757807975027947
0.2532962512808208	0.20014038927385885	0.09329371752916547	0.27833110813082895	0.17493853378532567
0.245657814039423	0.20492076093011038	0.09309939848773645	0.28125555730979956	0.1750664692329304
0.2516648413168	0.20076773401202955	0.09336837708026094	0.2790703664975103	0.17512868109339896
0.24738799876433767	0.2053262666015019	0.0920740013643108	0.27985184766567683	0.17535988560417248
0.2525055390673215	0.200294104015359	0.09270338057305896	0.28127687008309793	0.17322010626116235
0.2536025227914314	0.2007838069473373	0.09319641261729007	0.2785481979171272	0.17386905972681374
0.2498623473942482	0.20324438057201974	0.09316455160843538	0.27902553373352845	0.174703186691768
0.2508555198698139	0.20236914882182735	0.09273624314870615	0.2791491607148357	0.17488992744481666
0.25415514211709417	0.20035555378334788	0.09342558679856032	0.2775054273935621	0.17455828990743535
0.2528232307892002	0.20259206207958708	0.09326033516244854	0.27813220210106104	0.17319216986770286
0.2516660369119971	0.20426183054680638	0.09285080593565001	0.27783878681838137	0.1733825397871649
0.2527797787891215	0.20292665094956913	0.09247096573652935	0.27748689275722954	0.1743357117675502
0.2514746690640358	0.20211896745806074	0.09312340108230044	0.2795869432356894	0.1736960191599134
0.2539563068229833	0.20083461026298774	0.09285832485765297	0.2777405402863291	0.17461021777004668
0.25443432197166155	0.2006993817428531	0.09307324319992433	0.27748872797762014	0.1743043251079406
0.24748367310690902	0.2048346508267628	0.093274943293599	0.28017767092883866	0.17422906184389023
0.24549918782665126	0.2039506306339434	0.09331204636968807	0.2815840632849884	0.17565407188472865
0.2524375111100102	0.2011984589461956	0.09263494169595253	0.27921750096050224	0.17451158728733918
0.2547333884053783	0.2009288434171009	0.09284060223441022	0.2778340677184115	0.17366309822469883
0.2520948335112691	0.20037646015818622	0.09294270597045635	0.2803677559543343	0.17421824440575376
0.2485648993754043	0.20107119407190502	0.09306322397296077	0.281640834939728	0.17565984764000167
0.2462866229930008	0.20617055646180243	0.09282785662584166	0.2798472410732388	0.174867722846116
0.2546036115493872	0.20029136203289055	0.09294798901247348	0.2776969878122104	0.17446004959303812
0.2474700701513591	0.20387422227709018	0.09312974732188586	0.2810446672501752	0.17448129299948942
0.24822240922573333	0.20491029758505136	0.09330131887659018	0.27995328682768655	0.17361268748493833
0.2531371471089658	0.2010660861448363	0.09251234361584322	0.2801265665480016	0.1731578565823528
0.25039405302056694	0.20333873699164776	0.09350135173678066	0.2786857210354996	0.17408013721550475
0.2496905858940869	0.20191592113641874	0.0932487805274601	0.27985309788804624	0.17529161455398778
0.2502670051799601	0.20399601599560058	0.0928832139284486	0.2778034267282478	0.1750503381677427
0.25250298180245745	0.2007431232877017	0.09315664441643354	0.27892674249721944	0.17467050799618764
0.2500320714635064	0.20199474553721697	0.09272217252011625	0.2814334474067935	0.1738175630723666
0.25182781953950406	0.2022022006871738	0.09299018448015586	0.27782169728628947	0.17515809800687657
0.24951315472031468	0.20464449887771527	0.09342471967458928	0.2775027272820121	0.17491489944536842
0.24948698805534258	0.20526489100201148	0.092302287474869	0.27980031924078935	0.17314551422698735
0.25352265554520004	0.20032625914147933	0.09296540705793466	0.2780000454279789	0.17518563282740685
0.24748053523205965	0.204787237609658	0.09348240872413513	0.2809760039366477	0.1732738144974993
0.24927206436568172	0.205352037330703	0.09276029550289056	0.27920308743167743	0.17341251536904703
0.24633299704154082	0.20480470271737172	0.09344122550940429	0.28012173639513377	0.17529933833654912
0.250784576934789	0.2007929198356924	0.09244716727111332	0.2801549222576956	0.17582041370070942
0.25157174746888433	0.20131644300932972	0.0928772410089562	0.28049690559394364	0.17373766291888587
0.2510404828893351	0.20028003840763814	0.09265426415483642	0.2813694582437033	0.17465575630448676
0.24860076596039055	0.20248004581716034	0.09303590927775078	0.2813639716832951	0.17451930726140302
0.24699905465220046	0.20386643319873443	0.09353554879137561	0.28066185644346014	0.17493710691422912
0.2514009012129234	0.20350964071590122	0.0929812835131966	0.27806728535657016	0.17404088920140837
0.2493285194959295	0.2017372690425512	0.09209720411931656	0.28166688421383956	0.1751701231283629
0.24741441030516279	0.20584691602686675	0.09229133350853265	0.27874770078446703	0.17569963937497057
0.2463855747465563	0.20494242540590457	0.0929237354702905	0.28139758036328677	0.17435068401396162
0.2536971314297369	0.20024234671085497	0.09278539463953944	0.2784986643445903	0.1747764628752781
0.24812149291660707	0.2025745911179193	0.09341607563158157	0.2815994743270204	0.1742883660068714
0.25078077386180186	0.20153985726032994	0.09240845210061138	0.2815188536934679	0.17375206308378865
0.2514701668118377	0.20394139093592953	0.09295340713641687	0.27818964225676174	0.17344539285905392
0.24975134079524575	0.204532470550931	0.09342077676863342	0.2789812326900097	0.17331417919517988
0.2502342760346407	0.2011190608271357	0.09319160854265134	0.2807145975670669	0.1747404570285051
0.24768461127144242	0.20410885634168158	0.09319716891364994	0.28185799569664055	0.17315136777658527
0.25462410015096926	0.20092513920785687	0.09207711875629496	0.2791188701738416	0.17325477171103704
0.24967674138147633	0.20309010823740187	0.09259730654258258	0.2796153969541286	0.1750204468844104
0.2508175703663503	0.20359717458409243	0.09219660476121488	0.2785216146954084	0.1748670355929337
0.2505007458164673	0.20393930033375943	0.09236418111635164	0.2781735860325541	0.1750221867008673
0.25371436656935437	0.20264240194478594	0.09243041845754314	0.2774560148663576	0.1737567981619587
0.25402533022612583	0.20103754997971254	0.09305844786992777	0.2780259081108393	0.17385276381339426
0.24766736416356405	0.20499518544713882	0.09283145307745701	0.27955357595254116	0.17495242135929873
0.24998502558098112	0.20443080638135755	0.09281291535948834	0.27779758741972077	0.17497366525845193
0.25122415707394646	0.20256557183412652	0.09296261001269668	0.2777734334625085	0.17547422761672166
0.24817790470174758	0.2038603519516508	0.09345820464505339	0.28015854118189193	0.17434499751965604
0.24793607635292028	0.2053925658343681	0.09283137987008638	0.27994865408704955	0.1738913238555754
0.24763553671068472	0.20494800444496897	0.09304834645538282	0.28022134966670653	0.17414676272225674
0.25299453859518023	0.20229990562319128	0.0925514236718802	0.2790122448608128	0.17314188724893528
0.2512151308171477	0.20404466440861369	0.09327829629001623	0.2783417282426879	0.1731201802415343
0.2511635900296664	0.20157552666353407	0.09272562607035588	0.2790257378599346	0.17550951937650874
0.25143582790586033	0.20200235124344357	0.09208954920990382	0.27935698663400416	0.1751152850067879
0.2496016478123953	0.201963595721389	0.09338328582263125	0.27957774582486244	0.17547372481872173
0.25117235887943196	0.2023891216895243	0.09248307270982703	0.28077146957091026	0.1731839771503062
0.2511847574214776	0.20170942173700213	0.09274467153585321	0.2810350061100386	0.17332614319562817
