0.24228690390591845	0.20793287011513178	0.10382924582568138	0.27700755267421273	0.1689434274790554
0.24229111994790448	0.20786350860469027	0.10389595191835913	0.2770146421210268	0.1689347774080191
0.24227488489949928	0.20801353840458547	0.10388147709226549	0.2768827807632873	0.16894731884036218
0.24230726430916671	0.2078263717106066	0.10386623181241021	0.27704021231651277	0.16895991985130349
0.24222211289066767	0.20793984095591964	0.10383705164929725	0.27700749020444787	0.1689935042996673
0.24220256077302524	0.20802343258501033	0.1039005799673066	0.27693299053696796	0.16894043613768964
0.2421915677662711	0.20813311283193822	0.10387740910162897	0.27686534302250393	0.16893256727765757
0.24229960286667412	0.20796258583253793	0.10388253509783155	0.2769193033447673	0.1689359728581889
0.24225704917868326	0.2079200656873716	0.10382921590588513	0.27703719121971304	0.16895647800834668
0.24222911021640253	0.20794096344091315	0.10386420518092158	0.2770198187572583	0.1689459024045042
0.24221162322422288	0.2079555961562371	0.10381164601379016	0.2770309836280756	0.16899015097767406
0.24220365984487402	0.20807801944236826	0.10382454791077447	0.2769305158180547	0.16896325698392828
0.2422597384847357	0.20793867544311362	0.10388451139263735	0.27693957259342283	0.16897750208609025
0.24223694580347366	0.2081205019030745	0.1039012997839217	0.27675758115860344	0.1689836713509265
0.24220356065852405	0.20803264472276567	0.10386118562134551	0.27693499802678206	0.1689676109705825
0.2422454266543506	0.20802660822411578	0.10387847325756143	0.27691284236413016	0.1689366494998418
0.24229219298176966	0.20783717244186767	0.10386711711720877	0.27700826102398657	0.16899525643516713
0.24219359039139488	0.2081216724006191	0.10389172024225217	0.27683580025424614	0.16895721671148745
0.24223170621007362	0.20803724306927476	0.10387259274417515	0.2769052138561524	0.16895324412032378
0.2422806506745762	0.2079830835052709	0.10380760083328014	0.276997558542925	0.16893110644394752
0.2422592318306762	0.2079333888124064	0.10384798236851074	0.2769660872678639	0.1689933097205425
0.24228140520228142	0.20795213401917845	0.10383399248639756	0.2769812800373779	0.16895118825476446
0.24226237482245006	0.2078855222781079	0.10389766031549687	0.2770101956029897	0.1689442469809553
0.24224922262461265	0.20816443006367039	0.10381933902637275	0.27680418661726747	0.1689628216680765
0.24228922880906845	0.20784484238969664	0.10386039191420914	0.27703231091894825	0.1689732259680773
0.2422838952725273	0.2079149037879248	0.10381584668244094	0.27703634665469723	0.1689490076024095
0.24225509448542948	0.20803676371010024	0.10380160968924129	0.2769695216013176	0.16893701051391116
0.24219048608505092	0.20816332163876447	0.10385029669737462	0.27683974240164455	0.16895615317716517
0.24222998916700297	0.20809838890776206	0.10387809110163758	0.2768246457204405	0.16896888510315664
0.24222095411840971	0.2079688017505726	0.103858470440887	0.27699230517387524	0.16895946851625518
0.24219977866978806	0.20805394200588082	0.1038534360539788	0.27692665984925485	0.16896618342109723
0.24224548082057595	0.20809004200482376	0.1038835839991157	0.2767867174247607	0.16899417575072367
0.24228886074722103	0.2079550717076529	0.10388018610740032	0.27691790260149174	0.16895797883623376
0.24225546509359083	0.2080773907548669	0.10389180959585256	0.2768038242708737	0.1689715102848158
0.24230690684761697	0.20806315684691457	0.10381928617311792	0.27681998096503146	0.16899066916731886
0.24220130194123768	0.20810385697070347	0.10381769522430326	0.2768877565738359	0.16898938928991944
0.242262284324053	0.20803880693649215	0.10385550539908638	0.2769075455350268	0.16893585780534143
0.2422459991023579	0.20798997725110982	0.10387452701819926	0.2769209810077208	0.16896851562061202
0.24226282748858746	0.20803946625854708	0.1038157292212608	0.27691124435030373	0.1689707326813007
0.24221553302132737	0.20811008841661663	0.10382676598150035	0.2768896643385114	0.16895794824204396
0.2422233850316743	0.20796940728450508	0.10387799605159946	0.2769402809223691	0.16898893070985183
0.24227779254247486	0.20808317119483963	0.10381675507365265	0.2768301835133742	0.16899209767565848
0.2423048416087741	0.20791347523112366	0.1038330433334558	0.2769954208453164	0.16895321898132976
0.24220859944163659	0.20801375242335648	0.1038065748013203	0.27698629831005495	0.16898477502363146
0.2422938236089278	0.2079052438607402	0.10388930440843615	0.2769634702145324	0.16894815790736328
0.24220338620230378	0.20815522714466028	0.10390260007234747	0.2767510689295749	0.16898771765111337
0.2422277945572789	0.20796214004852603	0.10389729775273795	0.27697112918271116	0.16894163845874566
0.24223744877261416	0.20807380334507725	0.1038266906794606	0.27689378788216246	0.16896826932068532
0.24229299970950588	0.20813718651404334	0.1038053741798038	0.2768252056138172	0.16893923398282956
0.24230067780849762	0.208104812215814	0.10386178892571611	0.27678409350908106	0.16894862754089096
0.24222157792336185	0.2080783320921546	0.10390140566658772	0.2768418486159884	0.16895683570190723
0.2423069117946636	0.20791130085230047	0.10386320549595629	0.27695013632381177	0.1689684455332676
0.2422337604913344	0.20787223492395696	0.1038684816860308	0.27704047175932145	0.16898505113935613
0.24220353468428807	0.20812097142426653	0.10382648409933962	0.2768857051426332	0.16896330464947235
0.24218976466860476	0.2080050572182619	0.10383531551031164	0.2770184152791991	0.16895144732362233
0.242217598772689	0.20789515798068298	0.10388590055233578	0.27703719749418165	0.16896414520011033
0.24222535666458975	0.20805925061115305	0.1038413505799859	0.2769063266082652	0.16896771553600587
0.24226981759149224	0.20804739848289935	0.10385615319262284	0.27688809322536867	0.16893853750761667
0.24221527408082444	0.20809918213947842	0.10389083598252519	0.2768401366854455	0.16895457111172618
0.24223893485827422	0.20797350105542983	0.10381595937122878	0.2770320900634127	0.16893951465165422
0.24223530682856206	0.20796970500912276	0.10382432036969472	0.27701929470661524	0.16895137308600497
0.24225788287926264	0.2080318783437988	0.10380342055961876	0.2769713840443322	0.16893543417298734
0.2422454494380627	0.20804142810039722	0.1038036328291594	0.27695987789274684	0.16894961173963358
0.24230508953525914	0.2078548062706054	0.10389590316616153	0.2769972446436583	0.16894695638431534
0.2422919089400391	0.2079238097738288	0.10389825697537729	0.27690137057936487	0.1689846537313897
0.24226252721273495	0.20811020172427847	0.1038358599218341	0.2768351734242581	0.1689562377168941
0.24226889458196132	0.20799931747069744	0.10385594255826425	0.27691015814475256	0.1689656872443242
0.2422922067881513	0.2079849588126539	0.10389785873323591	0.2768907413203849	0.16893423434557375
0.2422030606693001	0.2080964496937378	0.10386404892799397	0.27684900849604516	0.16898743221292267
0.24226571551229104	0.2081058237797213	0.10380859993887333	0.27683974478085804	0.16898011598825602
0.24227710781250703	0.2079800137654374	0.10383531116662423	0.2769135289248885	0.1689940383305426
0.24225611292152335	0.20794762147578555	0.10381001748499677	0.2769913532839536	0.1689948948337405
0.24230481097020307	0.20795905872095796	0.10385814703908688	0.276904932351104	0.16897305091864787
0.2422540556329397	0.20793779985793676	0.10384620977651986	0.27702943311703054	0.1689325016155729
0.2422542123012949	0.20809433281465511	0.1038250476935645	0.2768650811846365	0.1689613260058488
0.24230824432394626	0.20793615870673207	0.10383810256878448	0.2769282314074971	0.16898926299303982
0.2423013032867183	0.20787593933746973	0.10385696163855267	0.27699773545122935	0.1689680602860297
0.24224542685989375	0.20799678629194063	0.1038245131238415	0.2769766106276419	0.168956663096682
0.24226488786758507	0.20796177469303845	0.10388687916681394	0.2768977079265586	0.1689887503460037
0.24229082562052034	0.20807519241589137	0.10383978937169648	0.2768653342916821	0.16892885830020948
0.24228621170255782	0.20810415168104546	0.10385803108767995	0.27681169856694277	0.16893990696177372
0.24226010687460994	0.20813979827998266	0.10380966382932108	0.2768151331224069	0.16897529789367915
0.24230040135607123	0.20812039162624552	0.10385911291791022	0.27676321325385744	0.16895688084591534
0.2422978686717815	0.20803114610430318	0.10382535427122032	0.27689802386784756	0.1689476070848472
0.24230546339781966	0.20791710473331168	0.1038419875243131	0.27697287164657497	0.16896257269798032
0.24222086380413915	0.20810806068371163	0.10384907979431184	0.27682860517559904	0.1689933905422381
0.2422838604441423	0.20802147895741627	0.10380474998100023	0.27691994267955167	0.1689699679378893
0.24229821846373512	0.20793539088478588	0.10384851147230773	0.2769824040384143	0.1689354751407567
0.24227965449165395	0.20808546594475497	0.10388811269988366	0.276777986753083	0.1689687801106242
0.24223004174970048	0.20813650676582854	0.10385947585030171	0.2768287865015313	0.16894518913263773
0.2422976058850573	0.20797323207155155	0.1038989201917074	0.2768403489779526	0.1689898928737309
0.24230374461907472	0.20806582972246657	0.10382170660266436	0.276873013559956	0.16893570549583808
0.24219197390529307	0.20799343873132561	0.10384124898980013	0.27702221380633185	0.1689511245672491
0.2421886877104642	0.20810424486539827	0.10385714430436291	0.2768650534973396	0.16898486962243478
0.24221968200844002	0.2080953206355128	0.10386211153601789	0.27683468168510106	0.16898820413492793
0.24224380741676949	0.20793359178977325	0.10386936705221787	0.2769784097800175	0.16897482396122165
0.24224432224567	0.2080406563855423	0.1038444015920735	0.276897656653631	0.16897296312308302
0.24224966606804108	0.208054875379193	0.10382628589296575	0.27691312142790075	0.16895605123189916
0.2422950996023442	0.2079048204160252	0.10381959073483968	0.2770045281964251	0.16897596105036553
0.2422684555941404	0.2081596921540183	0.10381901162815542	0.27678544890418494	0.16896739171950068
0.24221773252951434	0.20790698466437185	0.10389752848437933	0.2769911800044118	0.16898657431732245
0.242302278286324	0.20785034723038834	0.1039018195030513	0.27695487778450556	0.16899067719573055
0.2422595495250762	0.2079347502130044	0.10386036364680282	0.2770040479500865	0.16894128866502986
0.24225883544740598	0.2080949922802356	0.10380466486025153	0.2768778307839558	0.16896367662815087
0.24228021984569156	0.20809773500832154	0.10389489414067835	0.276739260426566	0.1689878905787423
0.2422221777695676	0.20812381582316639	0.10387634418620674	0.2768285041389107	0.1689491580821484
0.2422887873725899	0.20789187821438418	0.10385875816953587	0.27698795344769667	0.1689726227957931
0.24226128529999003	0.20804237949354998	0.10388948289571459	0.2768269130458614	0.1689799392648838
0.24220351287533026	0.2081355537683611	0.10389595658378438	0.2768161072886205	0.16894886948390347
0.24229200438574172	0.208029136301645	0.10381719822545049	0.2769203772935886	0.16894128379357395
0.24229258663222064	0.2078920860858237	0.10386369216734097	0.27696333038039533	0.1689883047342191
0.2421966806566425	0.2079250610582244	0.10390130818356741	0.27700085648276374	0.16897609361880175
0.2422267732720852	0.20815074445997855	0.10387663003110803	0.27677682084922967	0.1689690313875983
0.24225736200349812	0.20808699996326724	0.10381482192631049	0.27687682225306376	0.16896399385386016
0.2423071315494541	0.20799488688351106	0.10381088388807234	0.2769054682469966	0.16898162943196568
0.24227823987874106	0.2079822351089075	0.1038351183091361	0.2769119317851824	0.16899247491803268
0.24228844146385084	0.20802359821762095	0.10380771307315684	0.27694655991941236	0.16893368732595873
0.2422703556032614	0.20791303586030443	0.10389654981013331	0.2769877136648105	0.16893234506149007
0.24221274597934908	0.20795831941328577	0.10387926199840823	0.277010117460521	0.1689395551484357
0.24229993870058186	0.2079759677450904	0.10386462454426044	0.2769196438945958	0.16893982511547126
0.24228276829094264	0.2078594051521369	0.10386830576612743	0.2770282883813437	0.16896123240944907
0.24229768695318885	0.20793902725940858	0.10389090715880923	0.2769249366287911	0.16894744199980205
0.2421974840100123	0.20797425898589655	0.10385760169037032	0.2769782157709904	0.1689924395427302
0.24220642029565204	0.20799743530731649	0.10385575380026482	0.27700155949094335	0.16893883110582308
0.2423050880815344	0.2078600944207798	0.10381334354720374	0.27704276860951743	0.16897870534096443
0.24225811940394681	0.2078829109508077	0.10385259132407351	0.27703860232087285	0.16896777600029886
0.2422568473580803	0.2078659791163775	0.10385883887752693	0.27702968511195286	0.16898864953606216
0.24224229994635843	0.20803379281329118	0.10383434544268479	0.27694156616969967	0.16894799562796564
0.2422851626725747	0.2079037456431491	0.10385201647391643	0.2770204549529956	0.16893862025736398
0.24222591972771443	0.20800038855787234	0.10387710893958976	0.2769501291425255	0.16894645363229768
0.242222358353047	0.20799036597501333	0.10381405301315545	0.2770086762531299	0.16896454640565406
0.24220250301639262	0.2081550023158401	0.10383544296033619	0.2768298724374847	0.16897717926994613
0.24224932119108888	0.20814534598905968	0.10382076255951837	0.2768462218108973	0.16893834844943553
0.24222607699084175	0.20803151630853461	0.10384475157025971	0.27690191334484193	0.16899574178552174
0.2422946529045935	0.20801787836838015	0.1038779110652175	0.27686854113507936	0.16894101652672927
0.24219517888100522	0.20802839660959913	0.1038239820829697	0.2769722284590342	0.16898021396739152
0.24226409665009363	0.20810001974235648	0.10388404860697997	0.27677959814236053	0.16897223685820917
0.24229608824117888	0.2079794054456547	0.10387530167289045	0.2769012444528911	0.16894796018738456
0.2422783584402553	0.20792333017109407	0.10382063834754407	0.2770038542640956	0.16897381877701073
0.2422391413027065	0.20801902469072162	0.1038767113939243	0.27693452920994355	0.16893059340270378
0.24219997935705878	0.20803812979219966	0.10383001006522787	0.27700131881112655	0.16893056197438688
0.24221954553760278	0.20808759824112869	0.10388435315058003	0.2768574909845336	0.16895101208615468
0.2422367993858121	0.20796100156959307	0.1038890063915547	0.2769178372257833	0.16899535542725658
0.24227093319048165	0.2080167145359509	0.10387506675718343	0.2768532870193016	0.1689839984970822
0.2422789308619389	0.2079833844403044	0.10380699213138579	0.27697646407822046	0.16895422848815017
0.24230695002724412	0.2078665878988062	0.10389882203808092	0.27694186445367	0.16898577558219854
0.24228826709437304	0.2079564564664936	0.10384060314106938	0.2769277292595792	0.1689869440384845
0.24227292864895675	0.20794655140768167	0.10380181486789938	0.27699126753820613	0.16898743753725587
0.24229391365311323	0.20779741450371483	0.10388272484317687	0.2770302783218393	0.16899566867815552
0.24225015698023247	0.20797362438263098	0.10383165343481326	0.2769676005102523	0.16897696469207069
0.2422468750501209	0.20808569692767784	0.10386362773360903	0.2768752010976234	0.16892859919096853
0.2422931759523943	0.2079544983654385	0.10380939206196485	0.27701341540897684	0.16892951821122523
0.2421973691954932	0.2080488628373676	0.10384098485863442	0.2769393217690646	0.1689734613394399
0.24220920181824193	0.20805896401711502	0.10384978335734607	0.27691564200402485	0.16896640880327188
0.24230056281760395	0.20789645152248615	0.10382452052351214	0.2770352857574805	0.16894317937891706
0.24225248885550416	0.20802164635457576	0.10387186894488815	0.2768838776171018	0.1689701182279299
0.24223324371288102	0.20801622350748197	0.10380873326420843	0.27698708181979553	0.1689547176956328
0.24220808379740588	0.20798741941410548	0.10383780208845127	0.2769854942775538	0.16898120042248332
0.24229360710229392	0.20804258166163794	0.1038654605408895	0.27681842424214576	0.16897992645303261
0.2422753883463863	0.20805007519505617	0.10388699300830248	0.2768127168587171	0.16897482659153773
0.24226063833457717	0.2079680000183636	0.10380773656639403	0.2770154949581529	0.16894813012251197
0.24229256455625708	0.2079605100609605	0.10385684609149277	0.2769216463869554	0.16896843290433403
0.24227778014070556	0.20797261620718263	0.10388004774783403	0.27690695052789904	0.1689626053763785
0.24226141702713513	0.20812665758350904	0.10381416642797034	0.27680913983000477	0.16898861913138044
0.24227189182860964	0.20798397946770902	0.10382380250380736	0.2769569387558373	0.1689633874440364
0.24221902315808827	0.20797538625325832	0.10380654875731658	0.27701609065731314	0.16898295117402345
0.24226395993029748	0.2080135454777756	0.10385096395104375	0.2769395851892319	0.16893194545165105
0.24228700428749161	0.20788271987438725	0.10384445941402551	0.27703843424901325	0.1689473821750821
0.24219727800631075	0.20811643956767115	0.10387203677874814	0.2768364555493526	0.16897779009791714
0.24223799536174628	0.20805352167069727	0.10385611163630659	0.2769194177136721	0.16893295361757749
0.2422484057449178	0.20794618203147713	0.10383455371287038	0.27700030482859583	0.1689705536821386
0.24230157521736595	0.20794464049307487	0.10386305806786664	0.2769299484085044	0.1689607778131879
0.24225383536513617	0.2080695128484574	0.10385933703949869	0.2768433825525537	0.16897393219435378
0.24222463805716493	0.20812234857306328	0.10382092989156214	0.27687778357680637	0.16895429990140307
0.24225025951137397	0.20807276874793082	0.10383701548270992	0.276864888585814	0.16897506767217108
0.24223338458609164	0.20816136876123945	0.10380813873591377	0.2768455088779646	0.16895159903879028
0.2422789599919857	0.20789978506692205	0.10382982523722295	0.27703050319528033	0.16896092650858877
0.2421951521360589	0.20803233646398517	0.10389327627731215	0.276948889853633	0.16893034526901055
0.24218864061684026	0.20807528669451297	0.10383940258717608	0.27693066276238	0.1689660073390904
0.24230556266107117	0.20800854665368446	0.10380726074399782	0.276936462132815	0.1689421678084313
0.24226366092050294	0.20812012577739952	0.10386965041700358	0.27678178870495174	0.16896477418014202
0.24228277106956225	0.20810627366062465	0.10384364059367157	0.2767929237632183	0.16897439091292302
0.24228613893795048	0.20810847653563924	0.10384798201148641	0.27680809075550256	0.16894931175942104
0.2423075326295891	0.208113749696425	0.10386497676538166	0.27677337964946225	0.1689403612591418
0.24230107948606	0.2080844174956372	0.10384475283224302	0.2767762358679976	0.16899351431806195
0.2422257263499397	0.20812346823909186	0.10385330144418621	0.2768636725327165	0.1689338314340655
0.24225847377904097	0.2079250491253812	0.10387057115677387	0.27697618859794476	0.16896971734085894
0.24229666637155944	0.2079659548478837	0.10381325184994085	0.2769341153318964	0.16899001159871946
0.24223313309139355	0.20795961033248256	0.10389822549031526	0.2769432386206058	0.1689657924652026
0.242266629416584	0.20801595702833403	0.10385775034045994	0.27690300016484654	0.16895666304977525
0.24230238578256547	0.20804232663155395	0.10385764596933635	0.27684159113308227	0.1689560504834617
0.24224626712675545	0.20812004379819132	0.10381923596849378	0.2768787892936983	0.1689356638128609
0.24220394529124575	0.20809780069706058	0.1038408711174487	0.2768952809700247	0.16896210192422
0.24229227008754062	0.20805802802213952	0.10380837145388239	0.27685630558178737	0.16898502485464986
0.24218659772598172	0.20802118517491897	0.10388431335609769	0.2769755185099576	0.16893238523304377
0.24223408809584915	0.2079953830562273	0.10385814164740502	0.27694892931549375	0.1689634578850245
0.24223681580092804	0.20813545636754474	0.10388322178367482	0.2767763516046316	0.16896815444322058
0.24222790087254314	0.20799001784023965	0.10388873214374787	0.27693567815743864	0.16895767098603043
0.24219768455752616	0.2081565901076809	0.10385971047306293	0.2768406470186921	0.16894536784303768
0.24229744301686204	0.20805589128229418	0.10384736071102112	0.27680697759825706	0.16899232739156533
0.24223250654510575	0.20798659306537412	0.10382657177372953	0.2770080854021426	0.1689462432136477
0.24222506353309414	0.20803573514342533	0.1038404219602328	0.2769130736492774	0.16898570571397006
0.24229111514786017	0.20800151506841288	0.10389238980209335	0.27686747200209033	0.168947507979543
0.24229153085271196	0.20793628729014782	0.1038227317614291	0.27700510232049547	0.1689443477752154
0.24224565630579753	0.2080142411606271	0.10386859710896928	0.27689886264735497	0.16897264277725085
0.2422244567149472	0.20807290359701458	0.1038506183301908	0.2768580211282744	0.16899400022957284
0.24228278903034983	0.2079585034269803	0.10386341739481705	0.2769252471093835	0.16897004303846908
0.242236546643622	0.20801573220262856	0.10380410770189814	0.27695446000395807	0.16898915344789298
0.2421961498544501	0.20808837968279828	0.10382600574578524	0.2769221336715397	0.16896733104542638
0.2422232458378761	0.208062720523839	0.10389440351968392	0.2768532273899153	0.16896640272868543
0.2422109635060336	0.20802593328384938	0.10389720187394985	0.2769102589387102	0.16895564239745675
0.2422724699568907	0.20797813308160026	0.10386794178489395	0.2769168375686597	0.16896461760795514
0.24221431854175984	0.20802560513493362	0.1038564252409259	0.27695841948052063	0.16894523160185973
0.24226384401407736	0.2081404197436984	0.10384446097542899	0.27679668371076493	0.16895459155603004
0.24228151519633473	0.2080117754665392	0.10385040524655392	0.2768763569424491	0.1689799471481228
0.24225878535605083	0.2080631766077423	0.10386087607730635	0.2768356495972474	0.1689815123616529
0.24220256206362176	0.2080949871770949	0.10382701898433262	0.27691841486156343	0.16895701691338705
0.24224453607121285	0.20813318166142075	0.10389766842023702	0.27674430958383067	0.1689803042632985
0.2422357740231029	0.20815898494477725	0.10389250837503043	0.2767665952411626	0.16894613741592662
0.24222500974964734	0.20809617860963403	0.1038807289915359	0.2768134432033651	0.1689846394458174
0.2422601178400937	0.20807417405637654	0.1038686367101148	0.2768054098729258	0.16899166152048894
0.24219703731934034	0.20798683380812089	0.10387157949056461	0.2769949715588706	0.16894957782310333
0.24225273211504267	0.20810046714432145	0.10389814020432334	0.27680566122444067	0.1689429993118716
0.2422960068175274	0.20811958485706997	0.10388357746635309	0.27676324231654464	0.16893758854250465
0.24219136087007667	0.20799425214752038	0.10387440385562903	0.2769830152423116	0.16895696788446202
0.2423044336624951	0.20813182715061584	0.10385735900830873	0.2767723473298335	0.16893403284874656
0.24227878391143945	0.2078582859660662	0.10387254812150105	0.2770377170817956	0.16895266491919744
0.24228268493922978	0.2080114141488059	0.10380195483111312	0.2769550962633781	0.16894884981747285
0.24220711588916174	0.20806598362043907	0.10385908385187473	0.2768959519793692	0.16897186465915504
0.24230868244008125	0.20799304851040365	0.10388528588598725	0.2768712748204395	0.16894170834308808
0.24224369336214238	0.20811002479264717	0.10383072276904814	0.27686961995679277	0.1689459391193693
0.2421962964678992	0.20815718890071866	0.10388296070328555	0.27678341733752265	0.16898013659057365
0.2422782365274536	0.20802216673340465	0.10386314130703389	0.27687997712711554	0.16895647830499208
0.24227464799911363	0.20804290175065154	0.10385148887398062	0.27689401979846817	0.16893694157778583
0.24223344358808357	0.20797089003682087	0.10385345200695269	0.27698754909570655	0.16895466527243605
0.2422497259909872	0.20791405595294138	0.10387989728539053	0.2769631309719276	0.16899318979875305
0.24230660427744136	0.20798543602716987	0.10385436943173146	0.27690815648949363	0.1689454337741634
0.2423061877780243	0.2078805411188522	0.10388060689410791	0.27694223400438744	0.1689904302046279
0.2422749488364116	0.20805658973428517	0.10387421821957196	0.2768594334538885	0.16893480975584246
0.24220815869971798	0.20811542748454448	0.10381926673990682	0.27688403458453664	0.1689731124912938
0.242238365790489	0.2080836255874272	0.10387795153970128	0.27683450629485246	0.1689655507875298
0.24230597609272458	0.20806401565735944	0.10381279392554305	0.2768545196227484	0.16896269470162428
0.24223963124272452	0.20814222851123287	0.1038066913039616	0.27688090773870333	0.16893054120337747
0.242212164213288	0.20807837578149033	0.10383746530251291	0.27692951095048984	0.16894248375221865
0.24230870661452517	0.20793839785536902	0.10382608216524172	0.27696161190478635	0.16896520146007749
0.24220441505207374	0.2079624869044076	0.10381670389956851	0.2770400559783485	0.16897633816560137
0.24219544966392212	0.20816447903375337	0.10388819140794868	0.276761170687283	0.16899070920709255
0.24222608535356366	0.2080117843629447	0.10385280047894327	0.2769736489423635	0.16893568086218463
0.24226261909695113	0.20795750649337616	0.10385545950479882	0.27698858157491146	0.1689358333299622
0.24226206389769842	0.20787983031826637	0.10386748320231826	0.27702462328356714	0.16896599929814957
0.2421912796877382	0.2079889375249199	0.10386347239462805	0.27700914705696084	0.16894716333575277
0.24227591770772716	0.20794435417734786	0.10380864756543867	0.2769958354963624	0.1689752450531236
0.24227469420707642	0.20792277114533192	0.10383705566704055	0.2769886545417067	0.16897682443884415
0.24221668299127697	0.20795038747248473	0.10386894592333434	0.27697913755523057	0.16898484605767317
0.2422774584692019	0.2078666680239481	0.10388857551409479	0.276982170908505	0.16898512708424995
0.242271399713058	0.20805720060730526	0.1038555448451785	0.2768745416055153	0.1689413132289427
0.2422298504521899	0.2079328467432912	0.10387047495803706	0.2769732439736352	0.16899358387284638
0.24219801836608812	0.20805929186543665	0.10389995166144644	0.2768997050092608	0.16894303309776773
0.24221734861160926	0.20801407722630655	0.1038718600333012	0.2769011474726986	0.16899556665608412
0.24223813683682394	0.20795734441773484	0.1038633388409697	0.27700614700529286	0.16893503289917844
0.2421885059995022	0.20793352767905857	0.10386603832654154	0.277025669139139	0.1689862588557584
0.24230616420180165	0.20784585971569566	0.10388325236897268	0.276993595044968	0.1689711286685618
0.24225836475744011	0.20783976815429608	0.10389486647003002	0.2770251515428525	0.168981849075381
0.24223060681109448	0.20798534430299995	0.10383652408980819	0.2769873708652953	0.16896015393080183
0.24227666351843696	0.20802601119309128	0.1038451845141656	0.2768792215824871	0.1689729191918188
0.24218706120896175	0.20811911076566897	0.10388117127974122	0.27684949458645647	0.1689631621591714
0.2422401559137315	0.20790354526243626	0.10388852721300676	0.27703512414939235	0.16893264746143288
0.2421872372170166	0.2080440249584568	0.10380860180713483	0.2770193666913157	0.16894076932607582
0.24225554954059508	0.20814933923040493	0.10384434957830002	0.2768163020184516	0.1689344596322481
0.24221360168228168	0.20811898718458066	0.10388144478154251	0.27680974534614083	0.16897622100545404
0.24230566289099853	0.20804575092228933	0.10380365301905892	0.2768857274386446	0.1689592057290084
0.24230750779047616	0.20787177843045995	0.10383436298234627	0.2770099338384589	0.16897641695825844
0.2422914103508707	0.2080443930921116	0.10385129018425625	0.2768482687767919	0.1689646375959693
0.24222135209108359	0.20797957272364664	0.10387018251412496	0.27700057963546426	0.1689283130356803
0.24224407845559967	0.20799146693483536	0.10387706807107254	0.2769588757881596	0.1689285107503326
0.24220484075985496	0.20814043569632373	0.10386044843041622	0.276808432611675	0.16898584250172985
0.2423025958152775	0.20814033256771733	0.10380343837679856	0.27679023847126527	0.1689633947689411
0.24229026228992268	0.20807978884055622	0.10386995111970562	0.2768057709684027	0.1689542267814126
0.2422705268086966	0.20792440955712319	0.10382543797083997	0.2770051573101877	0.16897446835315227
0.24225119776340825	0.20795071852379315	0.10386343203221843	0.27697078436091255	0.16896386731966742
0.24227089919615047	0.20808140203743072	0.1038694712922399	0.27681535470243934	0.16896287277173933
0.24230568530584823	0.2079900418859644	0.10381763982886429	0.2769252017612003	0.16896143121812257
0.24222861551921784	0.20796001054759916	0.10383950461496683	0.27703033734118987	0.16894153197702602
0.24219974419802978	0.20796594972829283	0.10388412626884057	0.2769685927978548	0.1689815870069818
0.24227198740951236	0.20809440676798677	0.10380900598011558	0.2768777977343738	0.16894680210801127
0.24225050599133913	0.2080554528496715	0.10386902622836156	0.27685291746361057	0.168972097467017
0.2422750288227378	0.20813578017922424	0.10382920672860335	0.2767887806145637	0.16897120365487064
0.24227039393798566	0.20811643008026107	0.10381870822087698	0.27680324946019086	0.16899121830068523
0.24228700580399093	0.20788572564212068	0.10384208844977263	0.27699033564951864	0.16899484445459687
0.2423031175870261	0.2078288413820609	0.10387368505314472	0.27700492702472507	0.16898942895304297
0.24219960290769993	0.2079764969182926	0.10383855563111355	0.27702926160013414	0.16895608294275954
0.2422673510861874	0.20802910561663954	0.10387678794001041	0.2768410183708273	0.16898573698633507
0.2423001884847624	0.20815267114560454	0.10382542436336459	0.2767424862822434	0.1689792297240248
0.2422433092691701	0.20812186583336634	0.10389696824905907	0.27679151289362025	0.16894634375478396
0.24228770866001514	0.20816549554383246	0.10386564782746731	0.2767396765472304	0.16894147142145444
0.24228191012719735	0.20799268341570787	0.1038532432709035	0.27694258834995183	0.16892957483623916
0.24223391982887005	0.20811998133402737	0.10384157928602229	0.2768391301473231	0.16896538940375697
0.2422704855886607	0.20816273783152334	0.1038609546630771	0.27674305966794244	0.1689627622487962
0.2422714049447594	0.20811333113878053	0.10387165601733359	0.2767585552872168	0.16898505261190938
0.24227735221086835	0.20790579158442232	0.10389480123731537	0.2769361282219921	0.16898592674540164
0.2422159142294579	0.20812069482167472	0.1038302824179515	0.27688561260608524	0.16894749592483033
0.2421911770320398	0.20803130444751525	0.10381512454160458	0.27699680938462445	0.16896558459421565
0.24221164894544417	0.20799528015591878	0.10389721372194356	0.2769065347255699	0.1689893224511233
0.24226003492341372	0.20791034817647533	0.10382283775742343	0.27701469593908756	0.1689920832035997
0.2422876228265433	0.20813016249229013	0.10384815116352733	0.2767599752262052	0.16897408829143376
0.24225283659550895	0.20790460604657587	0.10387461169163721	0.27697555544066094	0.1689923902256168
0.24219987597577125	0.2081263561889668	0.10386255036827481	0.27683017483944794	0.16898104262753896
0.24219150876591028	0.2081648247886565	0.1038559081686985	0.27680384701598576	0.16898391126074874
0.2422843458061349	0.2080916696108399	0.10388320066608576	0.2767937219204872	0.16894706199645199
0.2422945315901242	0.20812099894011987	0.10386821536387514	0.27676672791083	0.16894952619505058
0.24225425281988203	0.2080445022560186	0.10382693640218119	0.27688273239565897	0.168991576126259
0.24219398355690713	0.20812875268425526	0.10384617285124415	0.27686220893247326	0.16896888197511992
0.2422569783065073	0.20811598007397272	0.10384186625107963	0.2768234326684303	0.16896174270000983
0.24226980498709122	0.20788804472863262	0.10388505252091038	0.2769752799519352	0.16898181781143032
0.24227125825752033	0.2080239922371654	0.10386573949200457	0.2769040442453738	0.1689349657679357
0.24227820223822222	0.2080219655281423	0.10381255753593448	0.2768944255676845	0.16899284913001625
0.24225885652901263	0.2080757513027319	0.10389818026912288	0.2768180668925967	0.16894914500653566
0.2422106953191686	0.20801837912273857	0.10386589683227916	0.27690909286564325	0.16899593586017012
0.24224958033385252	0.20799385589545397	0.10381946529870646	0.27694544834332907	0.16899165012865772
0.24226297651627005	0.20797447877068576	0.10388915497363312	0.27688152709582625	0.1689918626435846
0.24224705600172547	0.20784307666340945	0.10390276428849614	0.277025073727235	0.16898202931913367
0.24230601672922034	0.20784956781054462	0.10387755448771298	0.2770327058958789	0.16893415507664292
0.24222150905642867	0.20804612531135452	0.10382954065839206	0.2769381738702804	0.1689646511035441
0.24225925397536321	0.2081641608383388	0.10386514945075237	0.27674074712356744	0.1689706886119779
0.24219219885488794	0.2080338837925812	0.10387794741986942	0.27692170772726016	0.16897426220540102
0.24225856504041504	0.20802955758410516	0.10387367450033147	0.2768596912649668	0.1689785116101813
0.24226113048249925	0.20808491605008628	0.10386848200515551	0.276811786822026	0.1689736846402327
0.24224887896373842	0.2080242906750038	0.10380722933480989	0.2769494984159157	0.1689701026105319
0.2423050560933927	0.20784378895593972	0.1038688470633208	0.2769871024208856	0.1689952054664609
0.24219991422527432	0.20807338635438016	0.10388450140718092	0.2769041445646732	0.16893805344849114
0.2422205136022018	0.20803352782375595	0.10384616934407886	0.27695028713063063	0.16894950209933252
0.24220753353310093	0.20808974056205234	0.10383524725457649	0.2769281516696893	0.16893932698058067
0.24219801388823564	0.20808381531421025	0.1038890435281463	0.2768764514572999	0.16895267581210768
0.2422418777965719	0.2080155199451298	0.10384453542651292	0.2769356006287548	0.16896246620303038
0.24222745532902779	0.2079949706460848	0.10383043792239874	0.2769681406886639	0.16897899541382458
0.24222343502324972	0.20809351916036645	0.10383090847976824	0.2768677951280078	0.16898434220860753
0.2422870735578339	0.20794108897191477	0.10389860629592533	0.27688241104966516	0.16899082012466063
0.24227833598703136	0.20788019490275508	0.10381529234907191	0.2770366156571141	0.16898956110402727
0.24224402594618538	0.20802681649659938	0.10387766057554867	0.2769084671144999	0.16894302986716642
0.2422214288391623	0.20803930227416903	0.10382149279440757	0.2769832508781682	0.1689345252140926
0.24219772147926114	0.20809015451275367	0.10383430782318862	0.27694028733561876	0.16893752884917754
0.24229864341442076	0.2079613591745539	0.10386147666434996	0.2768991293329892	0.16897939141368587
0.2422444989385947	0.20804317875925618	0.10383443308854	0.2769465891800897	0.1689313000335192
0.2422554415509544	0.20805753451035217	0.10383663393482193	0.2768774094430943	0.16897298056077695
0.24230720437283865	0.20785744878573817	0.10386988100498809	0.2770369034688048	0.16892856236763004
0.24224615817760298	0.2079468252516733	0.10384334037418641	0.27701461019270557	0.1689490660038315
0.24224304032804447	0.20793332274860818	0.10388444277832425	0.2770025072492388	0.16893668689578406
0.242277806201963	0.2080224261822331	0.10381361552755015	0.2769002826445597	0.16898586944369384
0.2422616990369378	0.20796175375217635	0.10389428324395679	0.276939029797225	0.16894323416970378
0.2423082755029104	0.20811958237536984	0.10385760796373741	0.2767711868316835	0.16894334732629857
0.24220464640773967	0.2080560945322637	0.10385618660586476	0.27691053472644694	0.16897253772768467
0.24227241581671494	0.2080313794871795	0.10383865196566197	0.2768860789832593	0.16897147374718408
0.2422147112378912	0.20812299952181545	0.10381849235762694	0.2768633461516792	0.168980450730987
0.24218650731546065	0.20810220341232386	0.10380515935761819	0.2769417296992485	0.16896440021534853
0.2422857132479819	0.20793927914338506	0.10381480602629589	0.2769780304972227	0.16898217108511418
0.24221892980032905	0.20792107302209137	0.10387430131881632	0.27699372580529485	0.16899197005346817
0.2422681232504017	0.2080531381920568	0.1038869395000592	0.2768438339138915	0.16894796514359053
0.24221639280781515	0.20809695094563144	0.10389108475536299	0.2768496214835071	0.16894595000768303
0.24222277636954198	0.20814924840372306	0.10387293927257477	0.27677369409445285	0.16898134185970712
0.2422395429367654	0.20812951665495938	0.10390277873569674	0.2767669190909166	0.16896124258166162
0.24230411326891904	0.20806395565973804	0.10385549600021021	0.2767843512220002	0.16899208384913228
0.24222647758578597	0.20787718786936146	0.1038938329526673	0.2770196584037733	0.16898284318841172
0.24221404830011786	0.20807256097320082	0.10383250356280141	0.2769048807970078	0.16897600636687185
0.24220066967802642	0.20806697145569292	0.10385050939218536	0.27695257708003185	0.16892927239406325
0.24219661896060599	0.20813496388678426	0.10381284398650482	0.27687281533661334	0.16898275782949132
0.24224067916943115	0.2080524225029113	0.10380876746218472	0.27695568778607166	0.16894244307940087
0.24226797197008704	0.2078677833942118	0.10389256632727006	0.27700983606329865	0.16896184224513222
0.24224675764439865	0.20804674755749794	0.10388781988829036	0.2768810117676617	0.16893766314215108
0.24223399392041883	0.20803929851221206	0.1038663525573884	0.2768993798871026	0.16896097512287786
0.24220590438257983	0.20801556139241556	0.10382452986095242	0.2770048867083721	0.16894911765567983
0.2422536486833068	0.2079114247628236	0.10383149330027891	0.27703581290482326	0.16896762034876722
0.2422912633198157	0.20806737577209788	0.10380196027341261	0.27688016773070845	0.1689592329039651
0.24222415110826367	0.20811745260042558	0.10387757301094613	0.2768007145813866	0.16898010869897778
0.24225156884176408	0.20810805948016675	0.10389877899577457	0.2767605191002843	0.16898107358201006
0.24223179190533567	0.20804919662681345	0.1038557548444742	0.27692788086864073	0.16893537575473566
0.2422875773632786	0.20789159470069485	0.10382766177846323	0.277016489548139	0.16897667660942406
0.2422932868490006	0.20804918042560488	0.10384159528558404	0.2768472601344775	0.1689686773053327
0.2422296987870762	0.20815196279627518	0.10383206932933972	0.27683822598332747	0.16894804310398115
0.2422769946374689	0.20807535095994467	0.10384482736255293	0.27682356445726697	0.16897926258276627
0.24230674916205291	0.20809886681767126	0.1038721952321444	0.27676998811049114	0.16895220067764
0.24220559322903065	0.20796522768819722	0.10388063297726886	0.2769697979192714	0.16897874818623165
0.24221774176435448	0.20796752954767306	0.10384142402203239	0.27697813155835893	0.16899517310758086
0.24220271508709584	0.20800755452138214	0.10389370232459284	0.2769448622207882	0.1689511658461407
0.24230042341868588	0.2078439396302973	0.10389152349846441	0.27700564495064417	0.16895846850190802
0.2422674374820576	0.20791030305843705	0.1038731939042989	0.27695583273383656	0.16899323282136963
0.2422049987186538	0.2080142956271469	0.10382418465554623	0.2769927298128853	0.16896379118576754
0.24219974440221625	0.20816061674149383	0.10381917199858036	0.2768645040211956	0.1689559628365137
0.24222558718918835	0.20803962672881085	0.10384885499797289	0.2769322175976095	0.1689537134864182
0.2422795111055903	0.20807815261849846	0.10383839453049745	0.2768443878092006	0.16895955393621293
0.24225671214739483	0.20816689849188466	0.1038494401588479	0.27679380356372435	0.16893314563814804
0.24219949867670457	0.2081667515495378	0.10388209138671115	0.2768083186017813	0.16894333978526496
0.24222391695199824	0.20797225758721793	0.1038585704694077	0.27697669744561343	0.16896855754576245
0.24221456265011398	0.20810075755963509	0.10385705269151294	0.2768893508379539	0.16893827626078384
0.24223376248750494	0.2079830770747689	0.10387037682147728	0.2769403363783084	0.16897244723794028
0.24219441814342196	0.20807176560157428	0.10383736533285898	0.27690138901027705	0.1689950619118675
0.2422981355386869	0.20805629750460586	0.10388979212820902	0.2767759756369176	0.1689797991915804
0.2421909912807088	0.20802317225041148	0.10381993576881668	0.2769931545374966	0.16897274616256616
0.24219470300068424	0.20790192464566043	0.1038999950609609	0.27701302756166135	0.16899034973103286
0.24225950466817303	0.20814764658588397	0.10382395002948498	0.27679190765500855	0.16897699106144926
0.24227936910576833	0.2078689678919987	0.10382430169690518	0.2770377045008907	0.16898965680443684
0.2423089427657253	0.20803116039933595	0.10384635601295	0.2768685790519091	0.1689449617700794
0.24228406084107929	0.2080628257178357	0.10381136382617065	0.276896979672531	0.16894476994238317
0.24227455189776242	0.2080445515138608	0.10384278700874468	0.27689090601332766	0.16894720356630416
0.24219128103022117	0.20799213250767182	0.10385033456052828	0.27701915623298656	0.16894709566859195
0.2421997134592611	0.20803628883299388	0.10388514666751862	0.2769233397351896	0.1689555113050365
0.2422218460865211	0.208122010794167	0.10380905635873997	0.27689603914235794	0.16895104761821378
0.24228620713183474	0.20810743695669415	0.10381439452012299	0.2768149858642941	0.16897697552705376
