0.2548558782871764	0.0894095601630066	0.18659132616157173	3.850498732110852E-6	0.011393067949888591	0.05793854401437479	0.018680189561931126	0.039842178828524435	0.033052777244052464	0.30823262729074163
0.25485599118941765	0.08940815083703924	0.1865911019771737	3.847328968104025E-6	0.011393305171683785	0.05793760483310296	0.018680989831313388	0.03984217736658272	0.03305439803707365	0.30823243342764467
0.2548552485229556	0.08940732173085365	0.18659235243620173	3.844781525402796E-6	0.011394582753130267	0.057937481614968304	0.01868010262755254	0.039842667052352954	0.03305397959711781	0.3082324188833416
0.25485519840360255	0.08940761135757355	0.18659307112834275	3.842494693512277E-6	0.01139395092356299	0.05793506879186718	0.018683202355166406	0.0398454307398332	0.033053012974808074	0.30822961083054956
0.2548531814815656	0.08940778377692957	0.1865932285292235	3.8434000626391684E-6	0.011394995582106146	0.05793358018672644	0.018685938040374758	0.039846491269500385	0.03305563408058819	0.30822532365292254
0.2548532756158831	0.08940699441624962	0.1865912766588132	3.851912386637624E-6	0.011396400090858919	0.05793206650073551	0.018687961634290817	0.039847198943312054	0.03305612105195593	0.308224853175514
0.2548541540290822	0.0894044132084364	0.18659107969950167	3.846271004123714E-6	0.011394592840158466	0.057935234582360634	0.01868831338399886	0.03984867058747227	0.0330568275110107	0.3082228678869745
0.25485380117186535	0.08940058769913647	0.1865910491630296	3.850534227523017E-6	0.011393456226933982	0.057935623644452136	0.018695875437767726	0.03984652669643214	0.0330584490143845	0.30822078041177037
0.25485232914309935	0.08940028698737248	0.18659192032859911	3.851729994119868E-6	0.011393232429344091	0.05793445532944388	0.018697672630921314	0.03984538026880939	0.03305888787500336	0.3082219832774127
0.2548529031585846	0.08939849716052253	0.18659168592749653	3.849721998502864E-6	0.011393524773761682	0.05793566372153409	0.018698674581541216	0.03984456715422957	0.033060852398323085	0.30821978140200784
0.25484599353084	0.08940394697505506	0.18659549150260332	3.848627484370759E-6	0.01139495862419651	0.05793327109782304	0.018699334887353883	0.03984413372587412	0.03306071931478814	0.3082183017139814
0.2548464644208221	0.08940164639741288	0.1865910557755398	3.843603722603062E-6	0.011399740098053668	0.05793149213962657	0.018697588104230722	0.03984486375708199	0.03306114239376459	0.3082221633097449
0.2548472079812065	0.08940083466800362	0.1865933152243304	3.844416096826508E-6	0.011400917463949334	0.05793166544112444	0.018698943121022146	0.03984507499540685	0.03305770752226403	0.3082204891665956
0.2548474408069056	0.08938522605809746	0.1865920657585297	3.848459562250106E-6	0.011426459862506108	0.05793855539379368	0.018681202175379552	0.03985088623945513	0.03306140212904145	0.3082129131167289
0.2548287780202263	0.08939468505632236	0.18662949203237106	3.84616004638072E-6	0.011404555010346457	0.05793377084882035	0.01868061375981528	0.0398664913273072	0.03307396548441044	0.30818380230033393
0.2548269735085073	0.08939324314543867	0.1866300767567688	3.849890114274168E-6	0.011403573312807114	0.05793317936369276	0.01868525936239855	0.0398634463190226	0.03307264688782101	0.3081877514534287
0.25482986137615304	0.0893855401680936	0.18662029457843432	3.851259231177351E-6	0.011402129936075353	0.057937068352396856	0.01868811547948547	0.039875484142322004	0.03306673837504451	0.30819091633276335
0.25476231015330525	0.08935731376010034	0.18661963091636574	3.8459231332527155E-6	0.011484164433637797	0.05787639586483546	0.018716150986135313	0.039946426029334375	0.0330687464009804	0.3081650155321719
0.254758725284171	0.08935898831333566	0.18661931028565937	3.852857729233494E-6	0.011485525394117943	0.05787721296150712	0.018717370526150592	0.0399463652941793	0.03306690458500207	0.3081657444981475
0.25476035474501335	0.08936435162563941	0.18661147308063425	3.844869245928084E-6	0.011485025964876674	0.05788230748657561	0.018717313414639197	0.03994476957058414	0.03305918390022715	0.308171375342564
0.25476070234788434	0.08936356959536298	0.18660960351107586	3.848980621931619E-6	0.011486643047888781	0.05787784713167042	0.018723322121970615	0.039942607893498516	0.03306504259350987	0.3081668127765165
0.25475483196004517	0.08935380375413156	0.18661400690169436	3.848913025072953E-6	0.011498552034461873	0.057828135947515846	0.018736069676282746	0.039947600049827364	0.033102642564226126	0.3081605081987897
0.2547516711539547	0.08935730765393464	0.18661492563135393	3.842045088423007E-6	0.011497228762714279	0.05782703704645562	0.01873916201104965	0.03994934793796203	0.03310045171513426	0.3081590260423522
0.25475509928913354	0.08935596120748102	0.18661577341183527	3.852703302872906E-6	0.01149417768565622	0.05782948683566884	0.01873581664547261	0.03995279869629992	0.033099655317783486	0.30815737820736605
0.25475575921322846	0.08934392283577512	0.18661850715491618	3.844341145670116E-6	0.011502806511517638	0.057825341270859906	0.01874149409790858	0.03996261285286718	0.03308730272724475	0.3081584089945363
0.25475731231453325	0.08934425936703644	0.18662204048618436	3.846034386412178E-6	0.011498896458368865	0.057826974719619055	0.018738990346053266	0.03995831388377795	0.0330885565776458	0.30816080981239435
0.25475818136596046	0.08934331016706844	0.1866264286783729	3.848952297352826E-6	0.011498436755352642	0.05782869874185608	0.01874073123218481	0.039958472124788195	0.03308683233913291	0.30815505964298606
0.25477106762017454	0.08935517287407613	0.18661578280546592	3.84290546535937E-6	0.01150546620087746	0.057834235029994886	0.01871879615712993	0.03994105181274616	0.03307586538206567	0.30817871921200374
0.2547573183979436	0.0893546504671381	0.18661705324458677	3.848227306493812E-6	0.011520137531631322	0.057832237988626196	0.018721949278440855	0.03993976046698098	0.03308490497188506	0.3081681394254604
0.25475608609980965	0.08935554060575898	0.18661580585491133	3.842133772802292E-6	0.011518970880677687	0.05783326545074564	0.01872352336271002	0.03993919556460851	0.03307985893899042	0.30817391110801473
0.2547575299353967	0.08935517709529409	0.18661315694615593	3.842009445392813E-6	0.011519015859176002	0.05783425480503048	0.018721516726362936	0.039941000780700946	0.033079055988042796	0.3081754498543945
0.2547586493307204	0.08935543039465792	0.18661533009238634	3.8420826364155E-6	0.011519542892226634	0.05783462543961836	0.018720405591200293	0.03994212699798719	0.03307532593765518	0.30817472124091105
0.25476281189478467	0.08935151702866237	0.18661300627103822	3.845947740929723E-6	0.011511387083410332	0.05782771451362902	0.01872386605584038	0.039949813647045286	0.033070000063528296	0.3081860374943202
0.2547617324860839	0.08936112535902205	0.18662136352267172	3.84484619608827E-6	0.011520489556456251	0.05781327483041234	0.01870853224602971	0.03994473693771167	0.03307856535087657	0.30818633486453934
0.2547603592497542	0.08936212339387396	0.18662199333146517	3.842540811316297E-6	0.011517753101518688	0.05781446259034015	0.018707304125202648	0.03994569247135009	0.03307885358255508	0.3081876156131284
0.2548050304713185	0.08937495093496622	0.18661661712663738	3.844356226273549E-6	0.011542932250826865	0.05789513234707257	0.018693939608273147	0.039879599517311556	0.0330966366111705	0.3080913167761968
0.2548069350235037	0.08937634168139028	0.1866148546798771	3.847772757359369E-6	0.011541764455359288	0.057895355944256204	0.018692388788999953	0.03987983116993125	0.03309567145615065	0.3080930090277741
0.25480521650276555	0.08937576962830215	0.18661262489984812	3.847904005760405E-6	0.011543769510068858	0.057891797119745916	0.018695021455829325	0.039882613853380586	0.03309663906900576	0.3080927000570478
0.25480397301886043	0.08937559946586392	0.1866156305847676	3.8508302289130825E-6	0.011544230069668676	0.05789141192525386	0.01869504207098638	0.03988070527686889	0.033094937957049805	0.3080946188004513
0.25480839775230024	0.08937272845637798	0.1866151891879584	3.849759917989859E-6	0.01153647639980572	0.0578885188194097	0.01870123145515011	0.039882254961707	0.0330932762394396	0.3080980769679331
0.2548105445815123	0.08937179375532135	0.18661640435651963	3.850860107415532E-6	0.011535637832300646	0.05788715032915707	0.018699731625671553	0.03988265713307357	0.033091913394351274	0.30810031613198496
0.25480113192181997	0.08937346982981292	0.18662333025673541	3.842274623189201E-6	0.011538871806650086	0.05788917095995401	0.018701101707389853	0.039878317741376235	0.03309135477725941	0.3080994087243788
0.25478580148514296	0.08935832245757916	0.18663933083442596	3.849231622179983E-6	0.011538818520424779	0.0579019428597264	0.018700886467061903	0.03985118270778747	0.033114858833798874	0.30810500660243006
0.25479729404476437	0.08935877295159252	0.1866369233119503	3.845857058343283E-6	0.011531280035505825	0.05789633881066025	0.018696166706938647	0.039849676658748855	0.0331206768538046	0.308109024768976
0.25479804679500523	0.08935920711907808	0.1866352677077066	3.850584996981099E-6	0.01152708798685155	0.057897331226639	0.018690741485213366	0.03985695504767995	0.03312139023524886	0.30811012181158015
0.25479974550257944	0.08935693903298324	0.1866347392103233	3.852762291242651E-6	0.011525754651403444	0.05790007839648065	0.018685630480890683	0.039858911330089834	0.033121719787753495	0.30811262884520446
0.2548125533989387	0.08936452806723041	0.18663442692527432	3.850932236482141E-6	0.011535427406252283	0.057899027118827356	0.01869007725217034	0.03984682407502312	0.033116189361567225	0.30809709546247943
0.2548116115110113	0.08936257859308033	0.18662955710107504	3.843432310246531E-6	0.011534337226907235	0.0579032448510211	0.018690183193424317	0.039847856967550103	0.03311828571670597	0.3080985014069142
0.2548111560428283	0.08936191020279138	0.18663028606118331	3.8467420855198275E-6	0.011535168805235738	0.05790233412712725	0.01868965085322688	0.03984685610515025	0.033119438865073084	0.308099352195298
0.2548142387746988	0.08936673688679983	0.18662938164443452	3.85182261414263E-6	0.011532880438160864	0.05790081483132613	0.018683940950282127	0.03984417239948141	0.033121302524717955	0.30810267972748406
0.25481287728385615	0.08936650980624805	0.18663027836194696	3.844874588973535E-6	0.011532491503655679	0.057901427405063405	0.018683754515364512	0.03984385091868911	0.03312425689436929	0.3081007084362176
0.25481705647990927	0.0893619753116929	0.18662760181264376	3.85039544041621E-6	0.011542343613934122	0.0578907285211948	0.018696126636769866	0.03984248003277531	0.0331210251776778	0.30809681201796163
0.25481535714669	0.0893590780373717	0.1866267110025746	3.852268715992535E-6	0.011548078595768882	0.057905978000903	0.01870169784852413	0.03984566280296129	0.033113414464428115	0.308080169832062
0.25481242328823767	0.08935629875837262	0.18662881003319437	3.846834580351066E-6	0.011554222265458214	0.0579007539492582	0.0187063249043561	0.039854907761123985	0.03310639799095383	0.3080760142144644
0.2548265757431328	0.08934296172937259	0.18663872989827204	3.842337499365689E-6	0.011547978980807977	0.057892166968845575	0.01870976989708034	0.039860953456736826	0.03308673690131933	0.308090284086933
0.25482704008825324	0.08934255237112734	0.18664120541679413	3.846289183609408E-6	0.011547983087552408	0.057891088329270105	0.018710917210814443	0.03985734691769996	0.033084194132229336	0.30809382615707526
0.2548279475019935	0.08934038089715422	0.18663546818397952	3.850047876619023E-6	0.011538520924592385	0.05790585788210741	0.018718472809454476	0.03985547910222313	0.033080010910607985	0.30809401174001044
0.25482636006348036	0.08934020550204425	0.1866373048447486	3.846365573781374E-6	0.011539910857178537	0.05790539649319419	0.018715181857244106	0.039855717057630295	0.033080397366069395	0.30809567959283624
0.25482742962278343	0.08933948673789001	0.18663571451645128	3.847852689517484E-6	0.011539376165880397	0.05790363348083928	0.01871775886267267	0.03985345053170551	0.03308079241470373	0.30809850981438397
0.2548282303679728	0.08933481184203829	0.18663661534710393	3.845799542281925E-6	0.011536256584022436	0.05790394582801498	0.01872268588008473	0.039853274470392365	0.033085228990592644	0.30809510489023534
0.25482560826354494	0.08933025330893452	0.18663943616441492	3.848932821792772E-6	0.01153759432356806	0.05790810774430118	0.018723992013312055	0.03985326032409128	0.033083152938537516	0.3080947459864735
0.25481093201588256	0.08931467814173866	0.18662573663269116	3.844882294629093E-6	0.011555576097230305	0.05791594411544424	0.018738584111114218	0.03985516494339474	0.033088552613407526	0.30809098644680166
0.25481272455318627	0.08931430923193553	0.18662247109506927	3.845408267866279E-6	0.011560931193743393	0.05791709073797092	0.018732690185878115	0.0398554928225342	0.033087175013054956	0.30809326975835927
0.25481264956951916	0.08931807717542396	0.18661760715143808	3.848400087325121E-6	0.011559724743909844	0.05791648951032897	0.018732282797314703	0.0398571333475733	0.033087906695124486	0.30809428060927996
0.25478902859222147	0.08932232802160014	0.1866204772674946	3.842742118870257E-6	0.011567532782249312	0.05791142616189684	0.01873272329581485	0.03984657059025321	0.03310287003770518	0.3081032005086453
0.2547897334872955	0.08931775188681618	0.18662750589587018	3.8465170865142895E-6	0.0115593046001162	0.05791401606011513	0.01872143915576245	0.0398446969096569	0.03310878142982934	0.3081129240574514
0.2547876204347379	0.08932072131931766	0.18663429228657652	3.850202031904781E-6	0.011554413623328402	0.057909572382150894	0.01872071379166114	0.039846456784827844	0.03311024974173639	0.3081121094336312
0.2547720200986368	0.08933342978632856	0.18662554102308337	3.846187492453912E-6	0.011550329899809461	0.05790885031001268	0.018725241473542847	0.039846602238611584	0.033114565567729085	0.308119573414753
0.2547496506736408	0.08932184513079333	0.18662230625091608	3.846334391974238E-6	0.011545661783907965	0.057918712475577096	0.018743217349179844	0.03985389757008971	0.0331230533290955	0.30811780910240744
0.25474838420416396	0.08930894171136647	0.18662278420503603	3.85065067605439E-6	0.011547781690682254	0.057916575958076796	0.018745929202962183	0.03985953140481301	0.03312377865486385	0.30812244231735914
0.25475218399750105	0.08931113645194921	0.1866270155529272	3.849629022015244E-6	0.011543006660472546	0.05791964928589219	0.01873917394754239	0.03986011786933644	0.03312473618596039	0.30811913041939626
0.2547528336551515	0.0893135843833106	0.18662783961947788	3.84354689782207E-6	0.01154474104766412	0.057919081230272056	0.018737112980404952	0.03985593898492035	0.03312268101957784	0.3081223435323227
0.25475411143292226	0.08931560328284568	0.18662819769548172	3.8529564890116275E-6	0.011545253910389783	0.057917563377163785	0.018738301015911035	0.039853488062236146	0.03312253760293114	0.3081210906636292
0.25475679805547075	0.08931724311320317	0.18662633431509135	3.849086046087136E-6	0.011541575434106749	0.057915875863744984	0.01874015986454361	0.0398519028907377	0.03312554462275785	0.3081207167542976
0.25474916281139165	0.08931334164928637	0.18662114395532675	3.851203944707504E-6	0.011550062232125444	0.05791398273446026	0.01873477565082586	0.03986889533657573	0.03312260712282493	0.3081221773032381
0.2547465217973727	0.08931576503052746	0.1866225071817763	3.844159560020821E-6	0.011553119565939754	0.0579087986484507	0.018735321715440165	0.039865471189429874	0.03312705292813399	0.30812159778336884
0.25474779642648454	0.08931568883671963	0.18662170611632248	3.851398418686092E-6	0.01155483764394298	0.05790321266078246	0.018734597872078818	0.039867488100652965	0.033128172137089906	0.30812264880750734
0.25474777323437775	0.08931495388394045	0.18661925037451715	3.852764930104002E-6	0.011555334170338508	0.05790582015658856	0.01873298770980436	0.03986733523618784	0.03312789628686133	0.30812479618245364
0.2547487416485665	0.08932011189601505	0.1866167468702945	3.8471575583010065E-6	0.01155568075043853	0.05790480041492422	0.0187337978884292	0.039866318319188486	0.03312526826204777	0.30812468679253724
0.25474963996321404	0.08932213840977568	0.18661654137919792	3.852595195988351E-6	0.011552633657257852	0.057903823731872736	0.018735159173482493	0.03986620018049397	0.03312584828313439	0.3081241626263747
0.2547677710702267	0.08931431523245474	0.18662196367653663	3.8511726832002324E-6	0.011556070291212223	0.057900535434484604	0.018728048271580783	0.03986818771747742	0.03313811221591413	0.3081011449174294
0.25476791557493345	0.08931808945560171	0.1866199865872771	3.84329803543304E-6	0.011552667725229698	0.0579009480294673	0.01872831143710657	0.03986700720400822	0.03313760899384888	0.30810362169449146
0.25475676971921807	0.08933005175759395	0.18661135501503454	3.847434455042653E-6	0.011548554047961984	0.05792567697035034	0.018731810735596557	0.039852597956297725	0.03315488871562895	0.3080844476478626
0.25476479952795955	0.0893267258827371	0.18661661727443174	3.8497309969437454E-6	0.01154675422185758	0.05791208953383441	0.018746375611033428	0.03984327638312728	0.03314381818917214	0.30809569364484973
0.2547590569451929	0.08932482851510071	0.1866122190114503	3.844340374245525E-6	0.011546894594006582	0.05790877805182612	0.018748383638151386	0.039849089936150196	0.03314869817438662	0.3080982067933608
0.2547611221651906	0.08931376730866322	0.18661862317299488	3.846207171517846E-6	0.011549678896308826	0.05790388290296325	0.01875485993002808	0.03985683638912098	0.03314575161551171	0.30809163141204676
0.25476161969674876	0.08931567985050864	0.18662123952659254	3.852198563567E-6	0.011551537166596085	0.05790220191263529	0.0187538343014247	0.039855908031730634	0.03314415937840544	0.3080899679367941
0.2547648342371435	0.08931435885806888	0.18662442400440088	3.850609124778082E-6	0.011551354681489712	0.05790571546423291	0.018748974560614112	0.03985566999818919	0.033144070769893716	0.3080867468168421
0.25476390726466336	0.0893092625308227	0.18662447142413197	3.846813651953163E-6	0.011552752078143269	0.05791099455835294	0.018750914853733702	0.03986257864343655	0.03313440335643	0.3080868684766334
0.25474824322138484	0.08936112745372829	0.18662130599884363	3.848605089173951E-6	0.011543904627943677	0.057852256094732636	0.01875442193484257	0.03987429238617228	0.03308406824432526	0.3081565314329374
0.2547473447721929	0.08936050591543171	0.18662570344031745	3.842434227643854E-6	0.011540561646687902	0.057850351075919	0.018754279865356646	0.039875772377510985	0.0330827922620886	0.308158846210267
0.25476998695302433	0.08934289155565038	0.18664556420810824	3.8513842247484E-6	0.011579257265161111	0.05783345056958641	0.018734623038882695	0.039882552355635946	0.03307740499727037	0.3081304176724556
0.25477283287846547	0.08933809644133514	0.18664253704791742	3.844175483130874E-6	0.01157971723771227	0.057833422222063245	0.0187340419541607	0.03988520120405698	0.03308061295773157	0.30812969388107386
0.2547684965018156	0.08933810151189732	0.1866421268289286	3.85236790127752E-6	0.01158071685095348	0.05783026263744204	0.018738235752131946	0.03989090378141173	0.033076359597311006	0.30813094417020676
0.2547671576126485	0.08934028688476729	0.1866390622857489	3.842672816042891E-6	0.011569861563327274	0.057829842160788576	0.018730733987623108	0.03990666344055052	0.03308379045517244	0.30812875893655706
0.2547648030630311	0.08933930150071481	0.18664198991230785	3.849975768410729E-6	0.01157415209394494	0.057825421409112225	0.01873195354314855	0.03990311658215303	0.03308862912670543	0.3081267827931134
0.25475777226144847	0.08934400528431324	0.18663429247517727	3.849940070341229E-6	0.011563710287322337	0.05782860475079839	0.018741639038570082	0.03991651409343144	0.03308328462029038	0.30812632724857775
0.2547542888157608	0.08934496404482628	0.18663350228955408	3.844322293722335E-6	0.01155772855458917	0.057836342536196246	0.018741514083457922	0.03992513692752067	0.033071777279320216	0.3081309011464806
0.2547559682286478	0.08934346401032063	0.1866320480845568	3.849026863150806E-6	0.011555538765199505	0.05783659570999257	0.018744788171976556	0.03991810184323392	0.033071860150350074	0.3081377860088588
0.25475696570814627	0.08934063874459088	0.18663109610690082	3.847214793323284E-6	0.01155054108380342	0.057839766675503876	0.018749315790766413	0.0399220229468607	0.03307090893070294	0.30813489679793116
0.2547627215108422	0.08934366013404181	0.1866264236090314	3.842192618008777E-6	0.011551344937790836	0.05784057551478348	0.018751113749966464	0.03992013000645136	0.033067065186676084	0.3081331231577981
0.2547551565306023	0.08934886176997368	0.18660504944098066	3.850549852829621E-6	0.011543660740240852	0.057912472801719864	0.01875057315196886	0.039890010875970494	0.03308064673840995	0.3081097174002803
0.2547566135962762	0.08934219801404225	0.18660167265668082	3.844564788135774E-6	0.011549065888225338	0.0579162435595777	0.01875203867474501	0.0398897213441941	0.03307689228677216	0.3081117094146981
0.2547568686564913	0.0893440540264594	0.18660039895410585	3.849779062328751E-6	0.011547260502789938	0.05791649330273991	0.018749444300175347	0.039892733492363996	0.033077540089351515	0.3081113568964603
0.25475807908565856	0.089338899526297	0.18659200038636753	3.846744542693181E-6	0.011548866570811361	0.05792060252147796	0.018739943082984822	0.03990191124117591	0.03307353335502862	0.3081223174856553
0.2547731139961271	0.08932851376926969	0.18659541553482245	3.851162841406186E-6	0.011547628595660775	0.05791014180402042	0.01874483272260484	0.03990084977973228	0.033067083490717714	0.3081285691442031
0.2547713624859288	0.08933144083974905	0.18659482364974117	3.842302241624518E-6	0.011546664448720545	0.057910355141198154	0.018741797786158587	0.03989791114529455	0.03307110662827553	0.3081306955726918
0.25477257919484403	0.08933171457672127	0.18659436242141586	3.84985082797773E-6	0.011546305273928623	0.05791254562326112	0.018743300044019404	0.039896713645370036	0.03306987761704204	0.3081287517525694
0.2547743811078841	0.0893339853265237	0.18659402462430047	3.8479779832928385E-6	0.01154163811319342	0.057912652149636354	0.01874562156940722	0.03989688463673577	0.03307103820137805	0.30812592629295743
0.2547754062605866	0.08933577702158041	0.18659468487771294	3.848476761478259E-6	0.011539290824749068	0.05791047156594947	0.01874711641226258	0.03989684162533237	0.03307142245032628	0.3081251404847386
0.25477047017019255	0.08932918978862005	0.18660119328677974	3.849720058429762E-6	0.011537507867951144	0.05791005731912809	0.018748131452961087	0.039898164881734886	0.033071242227867184	0.30813019328470664
0.2547741191983765	0.08937486930145833	0.18661000544298825	3.8505736357774545E-6	0.011479415902395401	0.05787601387530124	0.018804310819977257	0.039869251954791816	0.03309447032454374	0.30811369260653154
0.25477931103060447	0.08937258337819082	0.18660614646140122	3.84735640217293E-6	0.011478161758658983	0.05787613097904851	0.018803826745173113	0.039872089198465334	0.033092363861749685	0.3081155392303055
0.2547659065214776	0.08933788268830449	0.18659180984965457	3.85114539283582E-6	0.011456856235771723	0.0578928440129855	0.018837668709171793	0.039892043198831335	0.03310227346526641	0.3081188641731436
0.25476656513965673	0.08933434769950323	0.18659257066982898	3.844599721275488E-6	0.011459745574878166	0.05789462315032209	0.018835074364926013	0.03989170973550861	0.03309926002561868	0.30812225904003604
0.25477251693391556	0.0893312717117101	0.18659903730633443	3.848055219982105E-6	0.011459972103785895	0.05789074087060003	0.018835461953840546	0.03988692776827184	0.03309709434434491	0.30812312895197647
0.2547735229509999	0.08932967028261034	0.18659813796920233	3.8500415459191695E-6	0.011458481475643476	0.05789089523986915	0.01883384978928558	0.03988823014488877	0.033097954264344503	0.30812540784160974
0.254778280270902	0.08932874025154722	0.18660525898290425	3.842917040045024E-6	0.011453263483779855	0.057883239442991036	0.018836813603407013	0.03989390807612886	0.03309523309703781	0.3081214198742617
0.25477694098720827	0.08933640516246562	0.18659341475273594	3.846788428338299E-6	0.011455499965526847	0.05789874406183908	0.01884458914935093	0.039875628204071624	0.03310036197945869	0.30811456894891437
0.25477844328970034	0.08933549204704144	0.18659268857466746	3.850153705908799E-6	0.011454134890261952	0.057897575974674265	0.018848423117437757	0.03986892561385673	0.03310490521477935	0.30811556112387456
0.254775763590402	0.0893347975589664	0.18659379638777923	3.8426055124357594E-6	0.011457925224596238	0.05789661069223212	0.01884992063670675	0.0398695705656547	0.03310062419093933	0.3081171485472106
0.2547732993221399	0.08933362002975839	0.1865912814051369	3.851337775861996E-6	0.011461129255689664	0.05789991996473641	0.01884926076692596	0.03987271709755413	0.03310252460435399	0.3081123962159286
0.2547730620724644	0.08933412440945626	0.1865911630759306	3.850023978083095E-6	0.011460639610023346	0.05789963504688918	0.01885054044369812	0.03987262826589578	0.033103012139636234	0.30811134491202774
0.25477083162972697	0.08934268747936798	0.18659615541435096	3.844968756466782E-6	0.011466886816546423	0.05788233726751899	0.018844103164190468	0.03985409798717873	0.03311494346995421	0.30812411180240856
0.25477449973184857	0.08934540224025976	0.186597082058502	3.852201681212031E-6	0.011466627118995654	0.05788228201527688	0.018842537044371485	0.039851828348482984	0.03311345769440038	0.3081224315461809
0.2547749644260405	0.0893478873109294	0.18659475741369105	3.8528807548288135E-6	0.011464865693159104	0.05788260533846389	0.01884021561471362	0.03985514948575764	0.03311326662326183	0.308122435213228
0.2547777583868386	0.08934812086094218	0.1865953296617015	3.84884253958051E-6	0.011466696698615261	0.0578819275255021	0.01884037490602951	0.039852692936052585	0.03311086481370337	0.3081223853680751
0.25477053394642873	0.0893533886572511	0.18659716355152406	3.851607481897279E-6	0.011463432132814227	0.05787861417033433	0.018844202840552493	0.0398533510145132	0.0331115213505086	0.3081239407285912
0.2547784575087513	0.08935913817061882	0.18660111573494081	3.8459510998539725E-6	0.011444939710903004	0.05786953972324114	0.018827577499375706	0.03987001740788848	0.0331269033065789	0.3081184649866018
0.25475946509092967	0.08933090737998044	0.1866170030130066	3.84797089411637E-6	0.011457787882243095	0.0578736091092357	0.018863205970491376	0.03984298121360457	0.03314535054400558	0.3081058418256087
0.2547442339696899	0.08934350567629297	0.1866196208197064	3.851137674051874E-6	0.011466548068868557	0.057852571013237354	0.01886792094436797	0.03986638055165838	0.033136175258048545	0.3080991925604556
0.25474255618221486	0.08934169219745988	0.18661832062372183	3.851800614462775E-6	0.011466031014845918	0.05785665996582458	0.018869363671536923	0.03986702327770557	0.03313828882463861	0.3080962124414371
0.2547478564262838	0.08933255018619188	0.1866042139840205	3.851025221893178E-6	0.011472466320415473	0.05786428524057398	0.01886487088766603	0.039866531594109994	0.03313822434006515	0.3081051499954511
0.25474908462868057	0.08932496055641702	0.18660585199159513	3.8505050127535245E-6	0.011464207602794513	0.057854867606184954	0.01887592059291819	0.03986058196694704	0.0331464762325069	0.3081141983169427
0.25474646371867954	0.08932288722914855	0.18660713185235073	3.844766393465426E-6	0.011462798902192886	0.0578573874512709	0.018876558145914157	0.039859915375429114	0.033145845539422666	0.3081171670191977
0.25474416408287864	0.08931824441306524	0.18659942001000232	3.841984787700259E-6	0.011466873694098073	0.05785545730068481	0.01888202282972254	0.039868906014035636	0.03313632877727185	0.30812474089345293
0.25474536854959007	0.0893151853563366	0.18660040662878039	3.848226135014232E-6	0.011465314409090932	0.057855748650240096	0.018881585012951035	0.039872384212359294	0.03313615007605371	0.3081240088784626
0.2547693139631517	0.08930925895822583	0.18665158934767329	3.84937893020687E-6	0.011448422382366596	0.05781469583096966	0.01888508233727383	0.03990580148702539	0.033122604898357166	0.3080893814160261
0.2547703924482589	0.08931023524757266	0.18665032423507794	3.8523676890306335E-6	0.011450393577286166	0.05781497836292998	0.01888423702596881	0.03990701142161064	0.03312139921147976	0.30808717610212594
0.254769907500271	0.08930929043694907	0.18665194113203493	3.850108117028905E-6	0.011450328159064882	0.057813730276033135	0.018886712123691266	0.039905799871892786	0.033120642462983546	0.3080877979289622
0.254766541773114	0.08931580336198275	0.186655851975417	3.849368317709878E-6	0.011445787133144245	0.05780556880091586	0.0188877968753855	0.039906131454859065	0.03312531654303369	0.30808735271383
0.25476444749704885	0.08931588857548561	0.1866514965707845	3.851102761645575E-6	0.011441213190844027	0.05780996772692762	0.01889655055385532	0.03990162162801746	0.03312381871874963	0.30809114443552504
0.2547672331940926	0.08931520607539131	0.1866495773746404	3.841910925533876E-6	0.011436017475649138	0.05780692512458024	0.018897766078900327	0.03990393118460615	0.03312499066305044	0.30809451091816364
0.25476846937779085	0.08931895220277	0.1866491563844363	3.8423289296374286E-6	0.01143534126225923	0.05780923839070036	0.018900038017102383	0.03990074359787344	0.033122006310082774	0.3080922121280548
0.2547678602379788	0.08931772950150949	0.18665010748272687	3.8507136651960705E-6	0.011436020926238258	0.05780917739890057	0.018900551620756892	0.039901122959560366	0.03312369866076287	0.3080898804979005
0.25476680404580326	0.08935052727768315	0.1866645809816352	3.8519086240779155E-6	0.011449237093829903	0.05781088149160986	0.018887505979207755	0.039861599380805794	0.03309189573033962	0.3081131161104612
0.25476067664116486	0.08934687864808731	0.18666356565601938	3.850371027555588E-6	0.01147286331116977	0.057828369440808436	0.018883217644280123	0.0398630692359964	0.03307294155594322	0.3081045674955028
0.25476152472469926	0.08934660093332307	0.18666148622237577	3.850308152988924E-6	0.01147460771649407	0.05782914465784167	0.01888280469381272	0.03986361136623252	0.03307181223408591	0.30810455714298174
0.25475695330917253	0.08934639074326187	0.18666003699412592	3.852216472838288E-6	0.011475574272883274	0.057829290843218126	0.01888815741457686	0.03986371863822932	0.033074076279026324	0.3081019492890327
0.2547632047899122	0.08936278573456148	0.186647771526126	3.8462801749267195E-6	0.011468957517562675	0.05780302467916373	0.018919943951858212	0.03985219703252166	0.033076122824523255	0.30810214566359573
0.25476236704824834	0.08936271547313918	0.1866487643341841	3.84969842213978E-6	0.011472095337774157	0.05779978140919182	0.01891965574234787	0.03985290044223773	0.03307544103104941	0.3081024294834051
0.2547594138071017	0.08937249148464498	0.18664494792183933	3.842096605255474E-6	0.011465781271739764	0.057798212010357994	0.018927341298963465	0.03985060693515982	0.03308103316833695	0.3080963300052505
0.2547586318226419	0.08937376589479977	0.18664464707291284	3.8529980302542954E-6	0.01146542174951258	0.057796060433402976	0.01893078746356444	0.03985068956043644	0.03308113290766372	0.3080950100970348
0.25475661187282084	0.0893636930291683	0.18664957761159354	3.844706716743529E-6	0.011468342223947908	0.057799581686231595	0.018930750722663495	0.03984618154829071	0.033082417020716445	0.3080989995778502
0.2547389846905173	0.08935352678747313	0.18664085701599906	3.844837636074461E-6	0.011461565853665465	0.05780735911829984	0.018985324731987163	0.03984973201866578	0.03307205502757232	0.3080867499181836
0.2547434467200048	0.08935325668989715	0.18664158025070088	3.850383843193028E-6	0.011467838529024402	0.05780957976300003	0.018982022324542006	0.03985338214776019	0.033063467626210374	0.3080815755650166
0.2547447985562741	0.08935495125151133	0.1866396817924844	3.852707103194075E-6	0.011469786021270842	0.05780801217125522	0.018981134481260917	0.0398526885461889	0.03306425957638273	0.30808083489626814
0.25474706114002926	0.08935642985393755	0.18663941761771397	3.844569593250413E-6	0.011470582198681509	0.05780772374468011	0.01897671828702628	0.03985077628376462	0.033061827605151764	0.3080856186994214
0.2547480362783207	0.08935647172565855	0.1866394319957294	3.842052048119715E-6	0.011472990396352745	0.057806809548787086	0.018974476253064226	0.039849452476282105	0.03306258338412718	0.3080859058896296
0.2547504066812832	0.08935707739156698	0.1866386678743739	3.842540599957589E-6	0.01147477577818179	0.05780674564498725	0.0189700373307288	0.039851669033933106	0.03305981727380941	0.3080869604505354
0.25474626520363125	0.0893485067138435	0.1866478646359027	3.849171447467548E-6	0.011486505101609493	0.05780163158524867	0.018969454484457818	0.03984439170945391	0.03305905654666948	0.3080924748477355
0.2547418789268965	0.08934288404669852	0.1866556533891201	3.851504455129606E-6	0.011489695703805827	0.05780114058489817	0.018961354475984668	0.03984434415761943	0.03306617957554098	0.3080930176349805
0.2547430318506797	0.08933882287303938	0.18665393868524072	3.846024691930849E-6	0.011490439865108198	0.05780242025227138	0.018960558079390746	0.03984822691509769	0.033065756682773825	0.3080929587717061
0.2547415678282742	0.08933592857405998	0.1866580493219443	3.849912837763925E-6	0.01149324665533015	0.05780566089561222	0.01895504983873099	0.039851226288469994	0.03306761682707239	0.3080878038576678
0.25473970852250793	0.08933267190944956	0.1866604043661267	3.849944796865956E-6	0.011494658521268242	0.05780452951513839	0.018954912402863344	0.03985233903829208	0.0330682568322036	0.30808866894735304
0.2547412921022041	0.08933133080751768	0.18665932239141703	3.849839452521597E-6	0.011495122004199568	0.05780349126200648	0.0189557515106666	0.0398519606318923	0.0330689496734653	0.3080889297771781
0.2547440129398919	0.08933602627306951	0.1866770184578469	3.851160259457642E-6	0.011476564079741403	0.05779852864956942	0.018958458888074584	0.03985175729186631	0.03306032119700392	0.3080934610626764
0.2547444795176503	0.08933971912267064	0.1866752518770842	3.848762853295162E-6	0.011474287457689261	0.057799474964627284	0.018958767973041385	0.039852376073788706	0.03305863613741347	0.3080931581131813
0.2547456415172457	0.08933740174365765	0.18667838807015696	3.842322102362572E-6	0.011474054933597391	0.0577981818681321	0.01895910808261532	0.039852704092339535	0.033057031730379674	0.3080936456397731
0.25474617612464423	0.08933439395212564	0.18667581083975812	3.846795643053236E-6	0.01147208367913774	0.05779956539065867	0.018965305663662224	0.03985282635009645	0.0330556313715559	0.3080943598327177
0.25475119689931996	0.0893357452658049	0.18667413445632802	3.847941366222352E-6	0.01147115570889902	0.057795055690093175	0.01896353834639994	0.03985104288713597	0.03306198146881202	0.3080923013358405
0.2547422562304503	0.0893314032261604	0.18667923292301225	3.852347926200372E-6	0.011446011112877338	0.05778813910479558	0.01897353589956563	0.03985836490485752	0.033071860007590534	0.308105344242764
0.2547412061268971	0.08933107019338037	0.18668086091730074	3.8511532213375554E-6	0.011445966169716507	0.05778920377313664	0.018974161636132206	0.039857459128301735	0.03307136461742491	0.3081048562844882
0.25474302166713503	0.08933871907016852	0.18668312231974224	3.841903125689772E-6	0.011449742541359206	0.05778278001541521	0.018959712421693906	0.039862564305061195	0.03306120154141666	0.30811529421488215
0.25473695243447375	0.0893393689777587	0.18669475410330238	3.84724423597993E-6	0.011447663090203467	0.05777820194143273	0.018965483390760943	0.03986480477856021	0.03306021794498283	0.30810870609428886
0.2547327066789372	0.08933952289475251	0.1866867962436316	3.849877278569447E-6	0.011447762265379288	0.05778506170991229	0.018967042647071372	0.039864968089210535	0.033064433854512645	0.3081078557393137
0.25473703319660224	0.08934317860619392	0.18668357607629021	3.841935106232985E-6	0.011445378587460406	0.05778381853255991	0.018974784111815315	0.03986570520822968	0.03306503916256397	0.3080976445831779
0.2547369678304595	0.08934283673188656	0.18668272844229994	3.8438907406235234E-6	0.011444307027923997	0.05778595441577955	0.018973821702823968	0.03986811606893516	0.033065991916612456	0.3080954319725381
0.2547360174678541	0.08934382080320766	0.18667904565720095	3.852362867637349E-6	0.011450757716461424	0.05777746247693559	0.018976750295352465	0.03986810327498651	0.03306241743422185	0.30810177251091153
0.25473412153069364	0.08934638162074338	0.18667894231264753	3.844771614011644E-6	0.011448820069965795	0.05777993444298951	0.0189770497738692	0.039865514231623454	0.033062418357125464	0.3081029728887278
0.2547328048188449	0.08934748721004201	0.1866790076637151	3.850963777529692E-6	0.011453842421756788	0.05778201643224737	0.018975515222675474	0.03986107683813704	0.033063282000374575	0.308101116428429
0.2547300132804587	0.08935049442786781	0.1866754188221138	3.8481129861073216E-6	0.01145066921830111	0.05778095790891562	0.01898156771412586	0.03985894642963061	0.03306551499947852	0.30810256908612166
0.2547303439280899	0.08935012420233206	0.18667575899610617	3.8438676151358875E-6	0.011450512628266463	0.05778054335682195	0.018982081378643226	0.039859508046471606	0.03306540698746553	0.3081018766081877
0.25472771343140443	0.08934124548059424	0.18667878252232056	3.844928274349124E-6	0.011456431760791377	0.057779451164756065	0.018983249122472123	0.039860819494886846	0.033062931843037505	0.30810553025146226
0.2547210158083102	0.0893416517522233	0.1866823779902027	3.845292477031026E-6	0.01144721384739851	0.057776963224007265	0.01897983307388515	0.03987334266504001	0.03307660775462899	0.30809714859182663
0.2547161911585097	0.08934557805904692	0.18668115861071066	3.844216796111688E-6	0.011448722940533937	0.05777565230808706	0.018978095938189568	0.0398689145456095	0.03307312807068134	0.308108714151835
0.25471506233027735	0.08934879618581756	0.1866776303647167	3.847202835444152E-6	0.011445767960825332	0.05777940368723729	0.018979607894460154	0.039868221343435456	0.03307343848618648	0.308108224544208
0.254704738361827	0.0893435899565219	0.18668551944396966	3.8453740934946135E-6	0.01145607726522127	0.05777934287586974	0.018961901099292036	0.03988118969885484	0.033076660798594046	0.30810713512575577
0.2547081720037958	0.08934281829588167	0.18668543237448412	3.846694328513145E-6	0.011455808516041444	0.057779199366356976	0.018962494654562262	0.03988066404488706	0.03307591585196029	0.30810564819770164
0.25469859005916673	0.08934105294485198	0.18669070139241978	3.848930401784134E-6	0.011450612424628387	0.057765851655759315	0.018966760523100867	0.03988053985030128	0.03308668909065979	0.30811535312870986
0.2546882433682866	0.08932889106149355	0.1867122511466761	3.847398500553267E-6	0.01143880924838174	0.057776929156646624	0.018959097651665896	0.03988629578581229	0.03309241264552616	0.3081132225370102
0.2546904731560994	0.08933031673109525	0.18671175865971268	3.851291283163416E-6	0.011432958028726209	0.05777931639582275	0.018958789373617613	0.0398894973311759	0.033090398594847456	0.3081126404376193
0.2546891671229794	0.08932764107811997	0.18671736846002912	3.84751947259121E-6	0.01143613840945927	0.05778175513819592	0.018960902981902436	0.0398867909763592	0.03308667878316164	0.30810970953032024
0.2546873067201888	0.08932605407590388	0.1867156896796054	3.850283830819645E-6	0.011437402430337779	0.05778600264130641	0.018960811028866403	0.039879761684793576	0.033089572454155045	0.3081135490010116
0.2546919406830019	0.08932390200428948	0.18671595321878098	3.843357281083093E-6	0.011438846744033823	0.05778536692648562	0.01895814647670932	0.039877220843793214	0.03308911935743157	0.30811566038819277
0.25469384755949775	0.08932298973492227	0.18671295520465803	3.845936668370187E-6	0.011438393289822615	0.057784189874094595	0.01895812172083207	0.039877657278323014	0.0330919602023487	0.30811603919883235
0.2546928641713073	0.0893359787243572	0.18671471380521515	3.850561507021122E-6	0.011433841191113486	0.0577973717308572	0.018947144186180973	0.03987947526047482	0.0330821818379326	0.308112578531054
0.254691880133067	0.08933621600703971	0.18671570730587167	3.8445686689619896E-6	0.01143691957577432	0.05779501321565095	0.018946242178273606	0.03988040567904531	0.03308171814071233	0.308112053195896
