0.15411483229325884	0.384370551691004	0.4615146160157373
0.15409923595135733	0.384339246546825	0.46156151750181784
0.15384689414862696	0.385107687594096	0.4610454182572772
0.15381939936461897	0.3847341366815573	0.4614464639538238
0.1539081662437889	0.3848916805041906	0.4612001532520207
0.15411390843525907	0.3843856591955166	0.46150043236922444
0.15406303964793266	0.38489470257397035	0.4610422577780971
0.15413314048068028	0.3854581823971982	0.46040867712212163
0.1540898641971185	0.384630686629196	0.46127944917368563
0.15404243743590879	0.38513703896551754	0.4608205235985738
0.15414091030891452	0.3851789600359785	0.4606801296551071
0.1540665527366949	0.3853906408854462	0.460542806377859
0.15393900374755132	0.3854810899360111	0.4605799063164377
0.15376705123672044	0.3851293128233703	0.46110363593990933
0.1540049029021585	0.385006709275376	0.46098838782246554
0.15401292322608082	0.3843928798989062	0.46159419687501313
0.15378901811532436	0.3851176205370809	0.4610933613475948
0.15385605396416702	0.38447241288339584	0.46167153315243725
0.15391868669560624	0.3849485093301639	0.46113280397423
0.15382208019904367	0.38532713683837005	0.4608507829625864
0.1538124984657362	0.3843015638250369	0.46188593770922703
0.15384646382300515	0.38487415198343855	0.4612793841935564
0.15379964890400408	0.3852485948589873	0.4609517562370087
0.1538211630779001	0.38529237172312225	0.4608864651989778
0.15405987451421793	0.3849652817998583	0.4609748436859239
0.1539832338842324	0.38441199179152713	0.4616047743242406
0.15402325408267747	0.3843531774471976	0.461623568470125
0.15382407365687897	0.38473722495460994	0.46143870138851123
0.15386303966869563	0.3844502395886091	0.4616867207426954
0.15388484559518606	0.38492007977299125	0.46119507463182285
0.15401549591572494	0.38428772611030215	0.461696777973973
0.1537226025988267	0.3849294345898452	0.4613479628113283
0.15396265102034362	0.384534859531187	0.4615024894484695
0.15406318876128966	0.3847625561639725	0.46117425507473797
0.15391324121509745	0.3843795290381097	0.46170722974679296
0.15406966488956242	0.3854205447846403	0.4605097903257974
0.15385676012881716	0.38443753144436726	0.4617057084268157
0.15372356855592295	0.38490415923253746	0.4613722722115397
0.1538441307486782	0.38528844485808417	0.46086742439323775
0.15394057355475804	0.38516133798790014	0.4608980884573419
0.15377402848987654	0.3850745059969195	0.4611514655132041
0.15380929188795733	0.38534966670583204	0.46084104140621074
0.15397201136431424	0.3847703889502134	0.4612575996854725
0.15413634222323536	0.38512541372448883	0.460738244052276
0.1538878589894081	0.38488757548994756	0.46122456552064445
0.15390453210557026	0.3853370372026996	0.4607584306917303
0.15371796384537165	0.3848149331605584	0.46146710299407007
0.15383473139808285	0.38479272898817557	0.4613725396137417
0.15383435787506727	0.38524106426834764	0.46092457785658514
0.15403495800138578	0.38537844208264105	0.4605865999159733
0.15404917881021024	0.3850420074644346	0.46090881372535525
0.1538992994063006	0.3849124727657753	0.46118822782792424
0.1538441937311189	0.3843330529319687	0.46182275333691253
0.1539945600398938	0.38426184255253626	0.46174359740757
0.15383871463174054	0.3843066636078985	0.4618546217603611
0.15390865275134172	0.38493808150878733	0.46115326573987103
0.15392006887649637	0.38536778020559315	0.4607121509179106
0.15389054402966984	0.38539575721943076	0.4607136987508995
0.1538474743026073	0.38483627224537353	0.4613162534520193
0.15381916940581197	0.384829112953758	0.46135171764043015
0.15392122956868495	0.3845247395090403	0.46155403092227487
0.1539833238090503	0.3849806392333655	0.4610360369575843
0.15392095667904648	0.3854601464856652	0.46061889683528845
0.1538648185559779	0.38554151282449317	0.46059366861952905
0.1540506114291038	0.3853070468736764	0.46064234169721985
0.15409740091405771	0.38499948406286433	0.46090311502307807
0.15379115549698244	0.3847777216184994	0.46143112288451826
0.15379123540911266	0.3848991381970256	0.46130962639386186
0.15387765367510425	0.3852909231001511	0.46083142322474474
0.1537290532226434	0.3854180210890624	0.4608529256882943
0.15373867921704323	0.3847464743260559	0.461514846456901
0.15400201384952794	0.38545781843787835	0.4605401677125939
0.1540115520115519	0.3846017545201541	0.46138669346829414
0.15382943188094966	0.38529480809737493	0.4608757600216755
0.15400782422618514	0.384446444853341	0.4615457309204739
0.1538730673960806	0.38504339578910735	0.4610835368148122
0.15400092819047137	0.3848753811883916	0.46112369062113717
0.15395480735554376	0.3843719574192418	0.46167323522521464
0.15401845625109833	0.3843802061322793	0.4616013376166225
0.1539302147842504	0.38435958312364005	0.46171020209210967
0.15395612047814455	0.38452087204696667	0.4615230074748889
0.15391715624281388	0.3843122628920214	0.46177058086516487
0.15393787314901747	0.3849209708615936	0.46114115598938904
0.15379276489967136	0.38507722283691864	0.4611300122634101
0.1539791200590741	0.3850420653442632	0.4609788145966628
0.15394242669034025	0.3852543660425782	0.4608032072670817
0.15414694245127566	0.38501901204406247	0.460834045504662
0.1540833957183413	0.3846738585413035	0.46124274574035534
0.15382086527026934	0.38466371630597457	0.4615154184237562
0.1539281171480505	0.3851686680517174	0.4609032148002322
0.15386681689363962	0.38525501274470536	0.4608781703616551
0.15383609400829967	0.3847398957496127	0.46142401024208773
0.15374381153310474	0.3853104036621146	0.46094578480478077
0.1539786651040787	0.3851938397277971	0.4608274951681244
0.15388159579869387	0.38507218727882797	0.46104621692247827
0.15413496930411066	0.3851618600801256	0.4607031706157638
0.15404945022463284	0.3848335259620207	0.46111702381334657
0.15408925817499836	0.3853894877843185	0.4605212540406832
0.15383317822960774	0.3851083506528273	0.4610584711175651
0.1539396769314685	0.3847199349629827	0.46134038810554895
0.15398627011016086	0.38449582637313506	0.4615179035167042
0.15376089068180204	0.38459328798568715	0.461645821332511
0.15371673137368919	0.38551125208731774	0.4607720165389932
0.15401362198326807	0.38472335837246074	0.46126301964427135
0.15394109442905213	0.38545501719818986	0.4606038883727581
0.1540800888706288	0.384689746624324	0.46123016450504734
0.15393510587507808	0.38472723491204963	0.46133765921287245
0.15403208367735213	0.38451643586175216	0.4614514804608958
0.15390446147623293	0.3855073188531327	0.46058821967063446
0.15414118336105798	0.3849040283976572	0.46095478824128494
0.15383246820874344	0.3847060996968067	0.46146143209444995
0.15372307310737393	0.3852490099586971	0.46102791693392914
0.15401932062318835	0.38540740984125227	0.46057326953555955
0.1537813924284367	0.3846987147376635	0.46151989283389994
0.1540835092321617	0.3854079507388931	0.4605085400289453
0.15415279794621756	0.3853681737028212	0.46047902835096133
0.15412855520895463	0.384884323726963	0.46098712106408246
0.15413710518988022	0.3842621129006264	0.4616007819094935
0.15389606971263503	0.3848071977565331	0.461296732530832
0.15394887576076047	0.3852052342999257	0.46084588993931397
0.15394436906386103	0.38526344843214105	0.460792182503998
0.1537342294183021	0.3848447308260873	0.4614210397556108
0.15409845502979733	0.38480228982140674	0.461099255148796
0.1538871521178827	0.38501758480369425	0.4610952630784232
0.1540505095616046	0.38510795669295633	0.46084153374543924
0.1540738568074257	0.3846376346208207	0.46128850857175374
0.15394527336766628	0.3850673624829509	0.46098736414938296
0.15405369972008712	0.38514775193772643	0.4607985483421866
0.15404344480658255	0.3844867696786516	0.4614697855147659
0.1540746503191968	0.3855186813015751	0.4604066683792283
0.1540027056100616	0.38514703906197095	0.4608502553279676
0.1539335897083697	0.38453532872656926	0.4615310815650612
0.1539827899651568	0.38460377668121015	0.46141343335363316
0.15378160992739592	0.3854380292351488	0.46078036083745544
0.1540737477744593	0.38539957857324003	0.46052667365230077
0.15379860738957501	0.3848677128160527	0.46133367979437234
0.15403036626679875	0.3853409849373404	0.46062864879586096
0.153807620362992	0.38552015717272814	0.46067222246428
0.15373896072621346	0.3853570823560223	0.4609039569177643
0.15380662542678042	0.3846539349564368	0.4615394396167829
0.15395000245304752	0.38542192905919026	0.4606280684877624
0.15393236095799318	0.38468775789354764	0.4613798811484593
0.15372018393379722	0.38439488873862726	0.4618849273275757
0.15401041464743193	0.38435575088860086	0.46163383446396733
0.15381542480685634	0.38497885873636284	0.4612057164567809
0.15373916179228875	0.38537644203696847	0.46088439617074295
0.15405960130110485	0.3843748779726421	0.4615655207262532
0.1537909481270665	0.38508627694905984	0.46112277492387377
0.1539599403560421	0.38483386635052785	0.46120619329343016
0.15390381995318253	0.38434472061176883	0.4617514594350488
0.15404611497538503	0.38427654735708	0.4616773376675351
0.15380394793955043	0.3855339450793162	0.4606621069811335
0.15397850805576946	0.38448737661416565	0.46153411533006505
0.15378999574800145	0.3853793142138312	0.46083069003816746
0.1539182182587019	0.3846341837337774	0.4614475980075209
0.15372572031613246	0.38475187109851966	0.461522408585348
0.15402056166065253	0.3851003222439155	0.4608791160954321
0.15394444093837306	0.38528785262828275	0.4607677064333443
0.15388890395944452	0.38528071192339475	0.4608303841171609
0.15388671188248343	0.3846886127532721	0.4614246753642446
0.1538605929959027	0.384416326314115	0.46172308068998247
0.15384082538988425	0.384342837508937	0.46181633710117886
0.15373882524903376	0.38538669041735557	0.46087448433361083
0.15388440470822212	0.38487593626063005	0.46123965903114794
0.15401183876481184	0.3852285845568009	0.46075957667838735
0.15398564443227852	0.3850881879186089	0.46092616764911276
0.15375318821316236	0.38545339291632436	0.4607934188705134
0.15394809285913302	0.3854563635608789	0.46059554357998816
0.1538364154887237	0.38505726760869174	0.46110631690258463
0.15412022900622435	0.3843532387774521	0.46152653221632367
0.15378814732808926	0.38458392797494056	0.4616279246969703
0.1541508777038197	0.38503117520326846	0.4608179470929119
0.15401603090652183	0.3854417713227316	0.4605421977707467
0.15414276882405573	0.3843439662777856	0.46151326489815875
0.15372865916605263	0.3848849998608105	0.461386340973137
0.15406963707097526	0.3844640292939351	0.46146633363508976
0.15399777491756278	0.38489983598477	0.4611023890976673
0.15410253110676436	0.38503944626844283	0.4608580226247929
0.1540307574048606	0.3854019150585196	0.4605673275366199
0.15389512067232392	0.384825345978983	0.4612795333486932
0.15394954406360464	0.38545792236061954	0.46059253357577595
0.15386946395925777	0.38445104897073873	0.4616794870700036
0.1539943047545444	0.38552870272092665	0.46047699252452906
0.15407187439158543	0.38473687039142573	0.46119125521698895
0.15409383540660962	0.38426291925525835	0.46164324533813217
0.15404189213759453	0.38432199064920847	0.4616361172131972
0.1538977229302832	0.3844042464556116	0.4616980306141053
0.15380787382245226	0.3850504283530155	0.4611416978245324
0.15404998844000584	0.3845394085419895	0.46141060301800485
0.1540743328500434	0.3847790674365357	0.461146599713421
0.15392796507466255	0.38539268132030097	0.46067935360503665
0.15415052769515736	0.38446871766744806	0.4613807546373947
0.15375738066396732	0.3845488638828603	0.4616937554531725
0.15400385606069258	0.38469549150096466	0.46130065243834295
0.15373657924495604	0.38459908838820517	0.4616643323668389
0.15372998266686588	0.3846922648997997	0.46157775243333454
0.15410806465890375	0.38449107707015795	0.46140085827093846
0.15409755692377405	0.3849284904344993	0.4609739526417268
0.15410731529065616	0.38444174946537124	0.46145093524397274
0.15371894722481289	0.38527125522271244	0.4610097975524748
0.15389731281811841	0.38460226413963006	0.46150042304225164
0.15413529000522203	0.38499556044757677	0.4608691495472013
0.15379616985597383	0.38482719714283037	0.4613766330011959
0.1537730586029195	0.38449645125142584	0.46173049014565476
0.1540338000879595	0.3851066404119619	0.46085955950007873
0.15380368578546924	0.38553757900380203	0.46065873521072886
0.15398179620581715	0.3846632560092335	0.46135494778494945
0.1540959140171629	0.3848041614131314	0.46109992456970583
0.1537852623475313	0.38544388337114777	0.4607708542813211
0.15384073465671194	0.38500888179855575	0.4611503835447324
0.15400959739657422	0.38543680416452375	0.46055359843890215
0.15404916993700934	0.3843099457199088	0.46164088434308204
0.15379299746165287	0.3843827981307634	0.46182420440758376
0.15387348940941903	0.38532699852978003	0.46079951206080105
0.15391641813899049	0.38504098858079866	0.4610425932802109
0.15392554561178265	0.38511242988179456	0.4609620245064229
0.15382371962682945	0.38486184922891087	0.4613144311442598
0.15394740684589353	0.3850720491200511	0.4609805440340554
0.1539069760521212	0.38554180777318925	0.4605512161746897
0.1538407494461405	0.38468970738494546	0.4614695431689142
0.15378212324863866	0.38524115971996536	0.4609767170313961
0.15375813731054475	0.38502930639217753	0.46121255629727786
0.15385237019506298	0.3851057809353554	0.46104184886958177
0.15379356009482276	0.384523208849963	0.46168323105521436
0.15393502898990946	0.384666515012003	0.46139845599808765
0.153763602708376	0.3846985358722164	0.46153786141940767
0.1537852962381535	0.3846898557414299	0.4615248480204167
0.1540591334815665	0.38462153090635615	0.4613193356120775
0.15409473057621886	0.3842783608557936	0.46162690856798766
0.15384779098666843	0.3852542861151767	0.460897922898155
0.15393343891192918	0.3851271208315538	0.4609394402565171
0.15398385397023043	0.3854068456985712	0.4606093003311985
0.15376326719515326	0.38520776415736774	0.4610289686474791
0.15396504028828084	0.38534020970415606	0.4606947500075632
0.15402720830060368	0.38547509031000965	0.4604977013893867
0.15406338608999162	0.384879279079605	0.46105733483040345
0.1540172368710303	0.3847159509534403	0.46126681217552956
0.15372255814023517	0.3849750678026637	0.4613023740571012
0.15394602115445327	0.38499725295851267	0.46105672588703417
0.15371644794981879	0.38455719246880415	0.46172635958137714
0.15379526982951613	0.3849835613513891	0.4612211688190949
0.15388759547935216	0.38434888820624935	0.4617635163143986
0.15391834530686022	0.3848894021810594	0.4611922525120805
0.15388031840515715	0.38521668834174955	0.4609029932530934
0.15395029519280048	0.38504676902344365	0.46100293578375595
0.153741983862505	0.3843764936566594	0.4618815224808358
0.15387920778532055	0.3848462733320796	0.46127451888259996
0.1539614955977413	0.38519755812335876	0.46084094627890004
0.15413423161062567	0.38520518422095396	0.4606605841684205
0.15389260550549566	0.38536458873397367	0.46074280576053084
0.15390593663369773	0.3844316027819339	0.46166246058436855
0.1539576401882411	0.3848432809145914	0.4611990788971676
0.15410438282694255	0.3849904821250119	0.46090513504804564
0.15375793555382233	0.3843941385610582	0.4618479258851196
0.15413237344197567	0.38544504970492	0.4604225768531045
0.15375555011766567	0.385466895376889	0.46077755450544544
0.15381440078891012	0.3848805981030072	0.4613050011080828
0.1540426181314754	0.3845121212761009	0.4614452605924238
0.15400017268582683	0.3846766833840529	0.46132314393012036
0.1538430962839052	0.3849434666593956	0.4612134370566993
0.15392084323496236	0.3848777628072592	0.4612013939577785
0.15390580212221394	0.38545889080603846	0.4606353070717477
0.15379470391564193	0.385485849785487	0.4607194462988712
0.15401207782511844	0.3844346796540491	0.4615532425208325
0.15391886242753983	0.38499621031610437	0.46108492725635597
0.15388087104988282	0.3850036494085321	0.46111547954158516
0.15387421574861507	0.38517632317516787	0.4609494610762172
0.1540086197272795	0.38453892756567093	0.4614524527070497
0.15395457244895777	0.3852136230362331	0.46083180451480926
0.15400443138428535	0.3843120148392776	0.4616835537764371
0.15377287371400103	0.38510991903740005	0.46111720724859906
0.15371938666162535	0.38479726639267403	0.46148334694570076
0.1539458452286011	0.38441871030472796	0.46163544446667104
0.15413051523021942	0.3853506695368588	0.4605188152329219
0.1539375700179514	0.3853726627435728	0.4606897672384759
0.15407740185602503	0.3851288335318755	0.4607937646120996
0.1538262673780979	0.3846468078239644	0.4615269247979379
0.15381024513467068	0.38488749132447486	0.4613022635408546
0.15404118538463113	0.3844942205293204	0.46146459408604856
0.1537597743025313	0.3846800670971672	0.46156015860030164
0.1541331599019835	0.38481846175016277	0.46104837834785384
0.1540088936342543	0.3850950118806747	0.46089609448507113
0.15375278203051812	0.3849977339142217	0.46124948405526034
0.15384363258152345	0.3847887830378877	0.4613675843805889
0.15409067222741643	0.38471647978380824	0.46119284798877547
0.15406518657921886	0.3853382204037877	0.4605965930169935
0.1539823946639415	0.3852186693990317	0.4607989359370269
0.1538850660848342	0.3843757029248528	0.4617392309903131
0.1539105310744939	0.3842674211209255	0.46182204780458075
0.15407437768163745	0.38518429453302777	0.46074132778533494
0.15404645855287502	0.3853379406270285	0.4606156008200966
0.15403596518719176	0.3848300799181675	0.46113395489464093
0.15393971128565279	0.3853779775173314	0.46068231119701597
0.15406860965221014	0.3853987892624265	0.4605326010853635
0.15386724072500124	0.3848825732795542	0.46125018599544465
0.15394536816836665	0.38535271611598865	0.4607019157156448
0.15415554996542769	0.38536501829388187	0.4604794317406906
0.15395632515154423	0.38472122382837065	0.46132245102008523
0.15373882479993167	0.3847235795060508	0.4615375956940177
0.15409012550305864	0.38452641633731516	0.46138345815962634
0.1539027253268542	0.38448227924978007	0.4616149954233658
0.15389562334224408	0.38554096630590606	0.46056341035184994
0.15409150061676863	0.38509679230462374	0.46081170707860775
0.15413487574736345	0.3849345847569117	0.46093053949572493
0.15409675758741875	0.38461676236725023	0.4612864800453311
0.15401265724471194	0.38525082792080884	0.4607365148344793
0.15374924964896752	0.3850464696264272	0.4612042807246054
0.1540038924107228	0.38516212306854797	0.4608339845207293
0.15385182107840184	0.38507147753369414	0.46107670138790413
0.15396965574958205	0.3846875422254194	0.46134280202499867
0.15408796408045172	0.38531695448370373	0.4605950814358447
0.15386416705779243	0.38478323520789676	0.4613525977343109
0.1539684472297992	0.38555161756594397	0.46047993520425695
0.15374874798960256	0.38490122900848617	0.4613500230019114
0.15403246062809423	0.3847468028708426	0.4612207365010633
0.1537650984997186	0.38550150455973137	0.46073339694055016
0.15394907110428074	0.3853593947827439	0.4606915341129755
0.15397704381862776	0.38481802396894854	0.46120493221242387
0.15372494747697063	0.38465910333488057	0.4616159491881489
0.1538329277241589	0.3854038179033593	0.46076325437248195
0.15400152884719126	0.38467026458638176	0.4613282065664271
0.15407844491365386	0.38516893681739833	0.46075261826894787
0.15391075294559253	0.38470809921744753	0.46138114783696005
0.15394654840510263	0.38551400073716113	0.46053945085773634
0.15384755812176376	0.3851950077520748	0.4609574341261615
0.1540567380794633	0.3852196141999041	0.46072364772063273
0.1541436900591688	0.38465981807554717	0.4611964918652842
0.15404543934720938	0.3848621588778898	0.4610924017749009
0.15397562887768773	0.38507356140376997	0.4609508097185424
0.1538004582582042	0.38473772735827283	0.4614618143835231
0.15404700733891727	0.38427931438251667	0.4616736782785662
0.15371639277389626	0.3847246006493615	0.4615590065767424
0.15379380531484885	0.38508125085647416	0.4611249438286771
0.15379282338417416	0.385337540364806	0.46086963625101995
0.15375163687171578	0.3854099426506468	0.46083842047763746
0.1537687456724262	0.384564024283985	0.4616672300435889
0.1541287305913348	0.38428550400748257	0.4615857654011828
0.15379268327973183	0.3853272073633478	0.4608801093569205
0.15382196340985252	0.38427137580430903	0.46190666078583853
0.15372283758753208	0.38458909856902285	0.4616880638434452
0.15388911480728262	0.38453546650341586	0.46157541868930163
0.153760973287218	0.38460664018301716	0.4616323865297649
0.15375801306647424	0.3854485162272802	0.46079347070624566
0.15404862809403821	0.38534918340035296	0.46060218850560897
0.15388101571171242	0.38491776919388676	0.46120121509440093
0.15401742005258687	0.3854877857796072	0.4604947941678061
0.15392797087077015	0.3847674255506906	0.46130460357853936
0.1538669312406145	0.3842615825927446	0.461871486166641
0.15390198445186676	0.38428500381037495	0.46181301173775846
0.15413631551797558	0.3842634885396439	0.46160019594238066
0.1538679210771174	0.385044373573628	0.46108770534925475
0.15407231998175291	0.3843819166918308	0.4615457633264164
0.1541391917836622	0.38493583359078526	0.4609249746255527
0.15387408661828827	0.38459577939844725	0.4615301339832646
0.15399419207281195	0.3852606446707673	0.46074516325642084
0.1539067995388334	0.3844650397960938	0.4616281606650729
0.15379295314101799	0.38521512490519744	0.4609919219537847
0.1540990533642857	0.38509181953945104	0.46080912709626337
0.15415100490553635	0.38480638420723107	0.4610426108872327
0.15379757117333584	0.3843078410398283	0.461894587786836
0.15396774069360028	0.3843474720465697	0.4616847872598301
0.1539600865270137	0.3846599349939091	0.4613799784790773
0.1541085577422201	0.3843062877912529	0.46158515446652715
0.15390848665012152	0.38529032653417794	0.46080118681570065
0.15413572284269572	0.3852115771307527	0.4606527000265517
0.1541015249894623	0.3853629141303556	0.4605355608801822
0.15411863855263372	0.38500304523736795	0.4608783162099984
0.153915233500949	0.38550942439484204	0.46057534210420903
0.1539966806148408	0.3853584633346468	0.46064485605051253
0.15405009507360673	0.3847661084641017	0.4611837964622917
0.15381146352524422	0.38440978190772795	0.461778754567028
0.15411952768960233	0.3845776421378237	0.4613028301725741
0.15412790631985138	0.38504085300056834	0.4608312406795804
0.1538565298305464	0.38431128887139004	0.4618321812980637
0.15371700071626349	0.3844660825714813	0.46181691671225533
0.1537967400151882	0.3849564239552552	0.46124683602955674
0.15393576756923827	0.3853891336664233	0.46067509876433854
0.15385770433597698	0.3854982727333625	0.46064402293066065
0.1538886985379586	0.38431799990614857	0.461793301555893
0.15386567571910598	0.3848201232908122	0.4613142009900819
0.1539012186270421	0.3842766296193874	0.4618221517535706
0.15372188925806632	0.385495038815331	0.46078307192660284
0.15376411557808622	0.3852550871417627	0.4609807972801511
0.15378464402467662	0.3847906835018095	0.461424672473514
0.15389252962199773	0.38481440038094694	0.46129306999705544
0.1538182807993822	0.384432183197307	0.4617495360033109
0.15385942447846024	0.38440395287682055	0.4617366226447193
0.15403806134617581	0.3850717779771846	0.4608901606766397
0.15401248997129816	0.38526545773373416	0.4607220522949678
0.1538220247004845	0.3845115864130759	0.4616663888864396
0.15391093531398742	0.3853817309555342	0.46070733373047845
0.15374008886109386	0.38546141459263517	0.4607984965462711
0.15385625132594077	0.3855259755464285	0.4606177731276309
0.1537835709777445	0.38471732034031025	0.4614991086819454
0.15396411054994533	0.38527066977948593	0.4607652196705689
0.15387684080095254	0.3845468510229	0.4615763081761476
0.15408962680149435	0.3850456923977343	0.4608646808007715
0.15407160171193812	0.3848477134226427	0.4610806848654193
0.15375385396656366	0.3845939961658803	0.4616521498675561
0.15396245646093043	0.3854865406316146	0.4605510029074551
0.1538644618636787	0.3852463810331741	0.46088915710314726
0.15394791457502344	0.3846468882359528	0.4614051971890239
0.15402078667463992	0.3850134273535707	0.4609657859717895
0.1537889093485595	0.3850074867585798	0.46120360389286086
0.1540157602996109	0.3850807516448115	0.4609034880555778
0.15395319918956396	0.38456841133169417	0.461478389478742
0.15411035245837715	0.3846212007387138	0.4612684468029091
0.15396827326520535	0.38458880396330747	0.46144292277148735
0.15410005106954422	0.38435031721756935	0.46154963171288654
0.15400542237384912	0.3849726589241321	0.46102191870201886
0.15398327615323631	0.3850434355015574	0.4609732883452064
0.15404876336845336	0.3845511925755082	0.4614000440560386
0.15398447898256096	0.3843885480806472	0.4616269729367919
0.1540494969665048	0.38458311191471123	0.4613673911187841
0.15377067743078632	0.38511080164718303	0.46111852092203076
0.15410687328126088	0.3853417746859317	0.4605513520328075
0.15395066724973816	0.3850721506475532	0.46097718210270877
0.15380913382937064	0.3847359446724655	0.4614549214981639
0.15371773390076593	0.38485030213744076	0.4614319639617934
0.15381877754103707	0.38473652965300964	0.46144469280595346
0.15407321323007978	0.3848833196614286	0.46104346710849176
0.15414092510367158	0.3853714662992691	0.4604876085970594
0.1539536706197674	0.38493499710183726	0.4611113322783954
0.15387154721114205	0.38506483606058256	0.46106361672827556
0.15372114266793874	0.38507211666483765	0.46120674066722367
0.153761212723387	0.38453151185474466	0.4617072754218685
0.15400643394030095	0.3853952869872165	0.4605982790724827
0.15380114636179526	0.3848503436677867	0.46134850997041815
0.15401196807353779	0.3846520960677202	0.46133593585874205
0.15383443988630013	0.3847293336169974	0.4614362264967026
0.15413457400922997	0.3850371388981959	0.46082828709257423
0.15396411808210675	0.3850606344934315	0.4609752474244619
0.15373324194431276	0.3848445853819055	0.4614221726737818
0.1539959052694838	0.3844165133885804	0.46158758134193584
0.1539156870932738	0.38449470526151985	0.4615896076452065
0.1540506737102607	0.38430372275869373	0.46164560353104567
0.15377162779674347	0.3843760721571084	0.4618523000461482
0.1539099012135165	0.3843413092655175	0.4617487895209661
0.15372887927374365	0.3849075052567374	0.4613636154695191
0.15398536815843938	0.3849234843585457	0.46109114748301505
0.1537381494274785	0.38477881035357553	0.46148304021894615
0.15381811961474012	0.3844584795972617	0.46172340078799823
0.15373921626266057	0.3844315101924884	0.46182927354485115
0.15407825484087145	0.38524482751138334	0.4606769176477453
0.1537428904450837	0.38544472252682266	0.46081238702809374
0.15399374502872942	0.3854440792516988	0.46056217571957186
0.15376344433586905	0.38506687366009457	0.4611696820040365
0.15377317892316011	0.3844443516999724	0.4617824693768676
0.1538728778615015	0.38438378949849605	0.46174333264000256
0.15395190890003996	0.3850232411487868	0.4610248499511734
0.15401024695462945	0.38455034073143163	0.46143941231393903
0.15379560604380924	0.3846503911367722	0.4615540028194187
0.15401543565727488	0.3850054355878114	0.46097912875491376
0.1537328245995908	0.38498567822285334	0.46128149717755595
0.1538532920297334	0.3855510235199789	0.46059568445028787
0.15397369830594682	0.3849394525568527	0.46108684913720066
0.15379089832288648	0.38503855801954817	0.46117054365756543
0.1538213471992841	0.3854543430813791	0.460724309719337
0.15408288076311133	0.38543473918372523	0.46048238005316355
0.1539638518896917	0.38537841235869874	0.4606577357516097
0.15391206522607975	0.3848367660868195	0.46125116868710087
0.15408459899379068	0.38463685250141816	0.46127854850479133
0.1540090595976873	0.38533063452171157	0.46066030588060125
0.15391012214030705	0.3847484957946985	0.46134138206499453
0.1537370379108658	0.384614165434214	0.4616487966549203
0.15389434688345044	0.3851617121985389	0.4609439409180107
0.1538055945710598	0.38527583355200834	0.460918571876932
0.15394159189255477	0.38520551345948756	0.4608528946479578
0.15390257240199895	0.38483933269501835	0.4612580949029828
0.15374209691943086	0.38520468391385515	0.4610532191667141
0.15411062302561543	0.3849912355345237	0.460898141439861
0.15391111340511437	0.3848533777041314	0.4612355088907543
0.15391706164568275	0.3844291332392266	0.46165380511509074
0.15391830079047997	0.384557643194936	0.4615240560145841
0.1540633231569014	0.38434497367047993	0.4615917031726188
0.15390906980336905	0.38450336780234085	0.4615875623942903
0.1539249392073312	0.3846123663757245	0.4614626944169445
0.15406783610401345	0.3846704164976044	0.46126174739838227
0.15411437832107489	0.38537019884564844	0.4605154228332768
0.15403645522125053	0.3848040754594205	0.46115946931932905
0.15411390327160057	0.38445944106316	0.46142665566523955
0.15393599848819667	0.38461315281991276	0.4614508486918907
0.15378386993031087	0.3847578780185925	0.4614582520510967
0.15372562135030143	0.3846019583658043	0.4616724202838944
0.15388697876872362	0.3854866280179588	0.4606263932133177
0.15375715248153227	0.3853527840692031	0.46089006344926475
0.15384486200846817	0.3854510446751443	0.4607040933163876
0.15381900867667458	0.3851301930611822	0.46105079826214335
0.15372007478437888	0.3846873077783711	0.46159261743725005
0.1540781288457964	0.38550894611084935	0.4604129250433544
0.15413005288696902	0.3848823830355782	0.4609875640774529
0.15404453757945463	0.38460543744936954	0.46135002497117594
0.1537201074404263	0.38442592592068286	0.46185396663889094
0.1539413523136601	0.38462455395173833	0.46143409373460165
0.15376333982189866	0.3855109690286916	0.46072569114940987
0.15415017505873563	0.3853108289711169	0.46053899597014764
0.15397976402334582	0.38514067515422246	0.46087956082243187
0.15386453475718775	0.3848212894132476	0.4613141758295647
0.15390007400270656	0.38502736256119047	0.46107256343610314
0.15407735877363776	0.3844085870614536	0.46151405416490876
0.15372906534087383	0.3848746463251078	0.46139628833401847
0.1540117468862544	0.38484317897481757	0.46114507413892813
0.1541177423740689	0.38499024018324485	0.4608920174426864
0.15384049399340766	0.3844471358649761	0.46171237014161637
0.15405607213428726	0.38482207696701615	0.46112185089869673
0.15375438834844674	0.38457072861544883	0.46167488303610454
0.15395588649154562	0.38481026585606265	0.4612338476523919
0.15377536912463902	0.38473812356025755	0.46148650731510354
0.15407903046602223	0.38433373828205836	0.4615872312519195
0.1539429865801454	0.3843780739972445	0.4616789394226102
0.1539993682744893	0.384594680372459	0.46140595135305185
0.15412512025496425	0.38470470913581506	0.4611701706092208
0.15411364117649268	0.3851543731975691	0.4607319856259383
0.15410579706793928	0.38470023869966596	0.4611939642323949
0.15382052508689492	0.38491243666406494	0.46126703824904025
0.1540562974898051	0.38518714174263385	0.46075656076756116
0.15374390880844707	0.3847993275984443	0.4614567635931087
0.1537274738047889	0.3849403690755996	0.4613321571196116
0.15377160201491563	0.3851156324936092	0.4611127654914753
0.15404311230202877	0.385219944539811	0.4607369431581604
0.15381644633271607	0.3849971720410155	0.46118638162626857
0.15373154698030284	0.38499808976477684	0.46127036325492043
0.1539280220708897	0.3843068677118691	0.4617651102172413
0.15373150802241997	0.38483616155440287	0.46143233042317733
0.1540851448008052	0.3851231712171395	0.4607916839820554
0.154060785088747	0.38434010564540677	0.46159910926584635
0.15395490983646873	0.3842878292903854	0.461757260873146
0.15407526591723586	0.38468837148935664	0.4612363625934076
0.15378824856772083	0.38469235250606343	0.46151939892621585
0.15386023495827855	0.3846094836966707	0.46153028134505086
0.15404664434911358	0.38434580727071926	0.46160754838016727
0.15404014555596202	0.38445571939536316	0.461504135048675
0.15414621859118696	0.38537166599183037	0.4604821154169828
0.15407948363340182	0.38496520034678433	0.460955316019814
0.15381628211713944	0.385128131038187	0.4610555868446736
0.1540298623422322	0.38518772697206105	0.46078241068570686
0.15373249022439636	0.38516005844998974	0.46110745132561404
0.15379059986863505	0.38542027233087417	0.46078912780049086
0.15393378965119814	0.38454661103527626	0.4615195993135257
0.15385557344966325	0.3845216522070063	0.46162277434333066
0.1538807649513878	0.3844855311208571	0.46163370392775527
0.15376491476033072	0.3851094411011898	0.4611256441384796
0.15398212935151617	0.385427840500628	0.46059003014785593
0.15413403874266968	0.3852630382510534	0.46060292300627703
0.1539196668679626	0.384324656781848	0.4617556763501895
0.15391823860804282	0.38524425494975845	0.4608375064421989
0.15380112832541204	0.3851585897426663	0.4610402819319218
0.15383102656190037	0.3847456255119833	0.4614233479261164
0.15400549721025297	0.38436153386125194	0.4616329689284952
0.15394932910895018	0.38454868690480537	0.4615019839862446
0.15372350723135098	0.3854418730880792	0.46083461968056993
0.15387329329958627	0.3855228780118531	0.46060382868856076
0.1539387970305678	0.38543209789755273	0.4606291050718796
0.1537712738646681	0.38491935394257204	0.46130937219275997
0.15384614993661194	0.385270117976394	0.4608837320869942
0.15388561614557644	0.38550223801745714	0.4606121458369666
0.15374134042893883	0.3852192765112418	0.4610393830598195
0.15384895280009125	0.384467985291001	0.46168306190890784
0.1540680088025284	0.3843761601688064	0.4615558310286654
0.15394573096928388	0.3846685097906768	0.46138575924003944
0.15408480605424227	0.3853667051969837	0.4605484887487742
0.15372506171390876	0.385527151440609	0.46074778684548234
0.15413281174558385	0.38534381082804914	0.4605233774263672
0.15408469637805353	0.384492100822761	0.46142320279918564
0.15400588245946606	0.38487450378451094	0.4611196137560232
0.1538425770918227	0.3851923516923205	0.46096507121585695
0.15387461970496263	0.38532327021022156	0.460802110084816
0.15386362575973356	0.3846820477713224	0.46145432646894413
0.15376105756239614	0.38464909839060746	0.46158984404699654
0.15406895986832864	0.38437641474880624	0.46155462538286524
0.15396285073381197	0.3843905711939314	0.4616465780722568
0.1540278308993116	0.3850457525728504	0.4609264165278381
0.15378339451461231	0.3844592137548384	0.4617573917305494
0.1539072795891468	0.385409265310945	0.4606834550999084
0.15410605574231145	0.3851413530192236	0.4607525912384651
0.15397570760469864	0.3848689379766662	0.4611553544186353
0.15411590589772792	0.3849681665227267	0.4609159275795455
0.15376049882048243	0.38434078003818883	0.4618987211413288
0.15402971240363134	0.38470343029482923	0.46126685730153955
0.15393915005407965	0.3846339341674288	0.46142691577849165
0.15377735969319628	0.3847249787480121	0.4614976615587918
0.15393272842655775	0.38471713972653365	0.46135013184690865
0.15387680558228922	0.3855354823069259	0.460587712110785
0.15399187445861245	0.3853075717452046	0.46070055379618313
0.1539568702764259	0.38454564945218594	0.46149748027138826
0.15385234335115647	0.3846343871835344	0.4615132694653093
0.15377775898616242	0.38528076370841285	0.46094147730542484
0.15373530038534278	0.38481995397909	0.4614447456355673
0.1538285041032097	0.3852623626001836	0.4609091332966069
0.15381606037647955	0.38447538358684197	0.4617085560366786
0.1539059318793626	0.3848431679954236	0.46125090012521386
0.1540313389335441	0.3852932225967264	0.46067543846972964
0.15390175949132237	0.3854604202405041	0.4606378202681737
0.1540806934660766	0.38516285239897385	0.4607564541349496
0.15393366764024755	0.38514223233981715	0.4609241000199354
0.15393976406711218	0.3843562785082545	0.46170395742463344
0.1540156297768312	0.38555523086993704	0.4604291393532318
0.15382856382538954	0.3853026907550458	0.4608687454195648
0.15383943900380243	0.3844338311141134	0.4617267298820843
0.15400904500981322	0.3845120372062808	0.46147891778390604
0.15387014008969607	0.38454076903100887	0.46158909087929517
0.15393928356849307	0.38463230016193384	0.4614284162695732
0.15384632762358752	0.3845636111984593	0.4615900611779533
0.15408476595832257	0.3850547216392172	0.46086051240246034
0.15414660338692665	0.3854204721120569	0.46043292450101664
0.15413116698447238	0.38523064494729026	0.46063818806823753
0.15400517864757846	0.38519822286855737	0.46079659848386423
0.1539234307168181	0.38515176206995716	0.4609248072132248
0.15380166883447333	0.38457962084827885	0.46161871031724794
0.1538022467241449	0.3853894009551632	0.46080835232069206
0.1539687868534571	0.3854513608365719	0.4605798523099711
0.15393012660654332	0.38492621781779923	0.4611436555756576
0.15389215327332922	0.3845537652884766	0.46155408143819426
0.15375972864262327	0.38550215202673743	0.46073811933063935
0.15375901664069813	0.3844497928677425	0.4617911904915595
0.15388347814866116	0.3846851685879589	0.46143135326338003
0.1540733066816254	0.3851027998707449	0.46082389344762975
0.1537953516307835	0.384330617216543	0.46187403115267367
0.15387089909902515	0.3852050380007501	0.46092406290022486
0.15391044878849228	0.38540631864669805	0.4606832325648098
0.15413363450028966	0.38525817146856073	0.4606081940311497
0.15378097997931606	0.3849321109948104	0.46128690902587366
0.1539464472388976	0.3848699085067182	0.4611836442543843
0.15410590846277844	0.38509071763995456	0.4608033738972671
0.15383599631838143	0.38532431931884575	0.46083968436277295
0.15376223952315893	0.3848675080809517	0.46137025239588947
0.15372887022771795	0.38509166770045455	0.46117946207182764
0.15411486766774907	0.38511868194455073	0.46076645038770025
0.15405996750452472	0.3852574305669645	0.46068260192851096
0.15393598387258856	0.384999713654596	0.4610643024728155
0.15395778471391486	0.38444866031195435	0.4615935549741309
0.15408921329990471	0.3854651378539269	0.46044564884616856
0.15395066999869222	0.38489309630179147	0.4611562336995164
0.1537428746162813	0.38456441289456444	0.46169271248915444
0.1537565365629313	0.384435622739568	0.4618078406975008
0.1537973736288613	0.3853898644618888	0.46081276190925
0.15389183898364658	0.3852817558310567	0.46082640518529683
0.1538640181530685	0.3844138318191164	0.46172215002781514
0.15407237606050356	0.3843710812309723	0.4615565427085243
0.15385315728704702	0.38445784396937105	0.46168899874358205
0.1540626526149528	0.3846991575725833	0.46123818981246406
0.15383443571057956	0.38486800875981286	0.4612975555296077
0.154023836788111	0.3845048899923424	0.46147127321954673
0.1538181721182317	0.38458292878790196	0.4615988990938664
0.1539861384199151	0.3844323706363777	0.4615814909437073
0.15399069443606028	0.38447198855612313	0.4615373170078167
0.15401626721787365	0.3845821438716239	0.46140158891050254
0.1537169985793828	0.38542964698549237	0.46085335443512493
0.15395267779552016	0.38466433786622084	0.46138298433825914
0.15402540235622514	0.3843845077938133	0.4615900898499617
0.1539724085964114	0.38504379669661876	0.46098379470696993
0.15407360201123474	0.38552943437324805	0.46039696361551735
0.1537842359909466	0.38432808354097253	0.461887680468081
0.154040654644496	0.3844140384768276	0.4615453068786765
0.1539477516583967	0.3843238853863493	0.4617283629552541
0.15393727123710377	0.38431201915888213	0.4617507096040142
0.15388617463794035	0.3851045529088456	0.46100927245321416
0.1538218591701967	0.38453748276281835	0.46164065806698507
0.15398765547272408	0.38470838009013375	0.4613039644371423
0.154020653388574	0.38429047347529566	0.4616888731361305
0.15404568673997926	0.38533717957855823	0.4606171336814626
0.15412614394507346	0.3852967729424634	0.4605770831124633
0.15399814199603978	0.3851271273522891	0.4608747306516712
0.15378561107586353	0.3854382529986908	0.46077613592544575
0.15409125534057128	0.3854559989491017	0.4604527457103271
0.1540837296978388	0.38501865266822866	0.4608976176339327
0.15380260949640473	0.3848077302799231	0.46138966022367234
0.15373611076367455	0.3844005483445473	0.4618633408917783
0.15378673833503928	0.38440912459346227	0.4618041370714986
0.1541466719709239	0.38430807689355384	0.46154525113552236
0.15390906590886402	0.3848971519599065	0.46119378213122963
0.15396003651030377	0.38474745710677877	0.4612925063829176
0.15410489300004582	0.38434373838495367	0.4615513686150006
0.15393489679853226	0.38462166150394356	0.46144344169752427
0.15374158981896627	0.3844270635539867	0.46183134662704717
0.1537574812808352	0.38434157279464526	0.4619009459245197
0.15392504280048946	0.38548106525379044	0.46059389194572026
0.1538200409765348	0.38533616448442787	0.46084379453903745
0.1538085756939031	0.38480363754602886	0.46138778676006814
0.15413927958722556	0.3852912010260295	0.46056951938674506
0.1540349835830268	0.3851832386714083	0.46078177774556506
0.15382814242018827	0.3855383943426476	0.46063346323716425
0.15373560048304108	0.3849863798112233	0.4612780197057357
