0.26211283884488074	0.21662597829667846	0.10730345193555796	0.2617925450133447	0.15216518590953793
0.239887145988007	0.2217034864717652	0.1040757013683571	0.29910782063492936	0.13522584553694109
0.2511614768214876	0.20948996598642636	0.10933742351435005	0.295565096471443	0.13444603720629272
0.24952064459644335	0.20875644586886175	0.10228691788248788	0.2785303388387448	0.16090565281346197
0.24059792955068582	0.2012721381851009	0.09562770583638389	0.2623922488333198	0.20010997759450933
0.2524213413570769	0.22091024605062654	0.10815353352052928	0.2805734972993043	0.1379413817724627
0.24029130374015503	0.19733664676083537	0.10214287462214841	0.26423987258457327	0.1959893022922877
0.2626310998813048	0.19669543130635336	0.09792452212221633	0.2711565113404753	0.17159243534964994
0.25878523095422545	0.2060764038842151	0.09994289895371676	0.2966959630208827	0.1384995031869597
0.22827573042340005	0.21822426110750873	0.1078008731129399	0.2625864982129461	0.18311263714320503
0.2567929834549836	0.19802807300366568	0.10719131373499782	0.26923302414905886	0.16875460565729383
0.25107654783852407	0.2080251789254243	0.1110571077383635	0.29816697516048596	0.13167419033720193
0.23014724061914968	0.20563570068682166	0.10617490092607883	0.300591336872237	0.1574508208957126
0.2597527208795016	0.19593023818940725	0.10666751549460428	0.26689498260177325	0.17075454283471342
0.26301946446016167	0.20343711871467243	0.10997941785658172	0.2996191920672066	0.1239448069013773
0.25485900002496376	0.21157956068175046	0.10623057132300516	0.29255135902643653	0.13477950894384383
0.24246499590521653	0.19485733567171112	0.10717275705501483	0.2854087587760806	0.17009615259197672
0.2599062701240908	0.21841286427134332	0.09681382448896134	0.27016839437622925	0.15469864673937508
0.2426771980557874	0.2130465126118662	0.09530444891564238	0.26426187043589333	0.18470996998081043
0.23745143516658299	0.2179025731332757	0.10443666635257474	0.2702942376223675	0.16991508772519884
0.23305205866394363	0.20013784326018044	0.0967342037746929	0.2921034464199755	0.1779724478812073
0.2594205255552017	0.22699065990385153	0.10320873798498789	0.2570684431461503	0.15331163340980833
0.24839341631781459	0.214820630949758	0.0982558720272437	0.2590096017018857	0.17952047900329776
0.2414857880312666	0.20927434692038713	0.10786739033557252	0.2633002044745871	0.17807227023818645
0.24432623193021602	0.20614556550124652	0.10108533168823165	0.25827609932432977	0.19016677155597578
0.22964352706630448	0.21985117956306743	0.10791756896121747	0.29060067254926797	0.1519870518601424
0.238924899920638	0.20655807557858	0.11124676935836059	0.2749905372874257	0.16827971785499546
0.24068885043630436	0.2137591526288145	0.10576189702078638	0.29861050487835317	0.14117959503574132
0.24611113307416455	0.21599422780016686	0.09594983188491703	0.25753802074985244	0.18440678649089892
0.24063478169060354	0.22106890901611648	0.10332752182240784	0.2563662548499311	0.1786025326209408
0.24731427958838625	0.19453201779631524	0.10299965746502482	0.29787498419393005	0.15727906095634342
0.23185925821117387	0.21079105187635605	0.10892934252611491	0.3003101190707586	0.14811022831559628
0.25117301977801776	0.21572826255397098	0.10966185655376944	0.2861251172094075	0.13731174390483403
0.25511358901102793	0.20737418507810643	0.10431775619551692	0.25639902336032416	0.17679544635502428
0.2395632945975864	0.20506770950595288	0.1072850904992881	0.28219089642559575	0.1658930089715766
0.258138029776834	0.20934080523837006	0.10199399164141923	0.28068222742170207	0.14984494592167438
0.23093193421484437	0.2188619905586196	0.10093111511364253	0.27275537608322065	0.17651958402967266
0.22408470168792188	0.22331710453985473	0.10056126009423744	0.2802322964960163	0.17180463718196945
0.2340412420937025	0.211542875727998	0.10221895025944676	0.2927202200129668	0.15947671190588567
0.24012936837496426	0.20507559963151575	0.09622909703744582	0.28330611533148364	0.17525981962459028
0.2510253679812644	0.22105568542619836	0.09559792884159848	0.2849010617916726	0.14741995595926588
0.2558292120933925	0.20567754078464745	0.10945938281414497	0.256911589922246	0.17212227438556885
0.22650825723613102	0.1973465938450137	0.11187439029881008	0.27427318524235955	0.18999757337768536
0.25007441954171605	0.20491956727118213	0.10912375420376555	0.28846236270421766	0.14741989627911836
0.24376096567579114	0.19234321008091187	0.101195281533274	0.2687499873209004	0.1939505553891223
0.25653757905435903	0.2051973639734083	0.10292432223317012	0.278023477420653	0.15731725731840934
0.23959861834504353	0.21399358394115864	0.10047032160453266	0.2713673813225059	0.17457009478675908
0.2575067901156389	0.20479636883886945	0.10768620076354558	0.2935052318397281	0.13650540844221778
0.23449185337615225	0.22523119819720222	0.09979466790184846	0.282088188152677	0.15839409237211982
0.25336027586357257	0.1942374694562864	0.10009157215786713	0.26141534370714864	0.190895338815125
0.2519372162155434	0.20452942389871187	0.10677123951352427	0.2821478895297921	0.15461423084242815
0.26264966881449503	0.21495287127428328	0.09852189315744858	0.3019264863267883	0.12194908042698462
0.2608721299657804	0.21902903511141067	0.1036797008787405	0.28147293444066923	0.13494619960339893
0.2587385518034956	0.20693090570165024	0.1112466918394471	0.261910502595863	0.16117334805954378
0.248088013146245	0.2104822368995865	0.11115504703625903	0.2928198749796177	0.13745482793829147
0.23308505732880253	0.20666248984138036	0.10011707736438477	0.2914261027533634	0.16870927271206868
0.2586920818854686	0.22513976418757164	0.11136694080392309	0.26819226055072837	0.13660895257230798
0.25395369909427834	0.22390327598735427	0.09846913752644135	0.2833163127975786	0.14035757459434722
0.25969095504647355	0.19358834903581565	0.09580092924827437	0.28369635939356186	0.16722340727587426
0.23759044025629356	0.22226537763909796	0.10593767698424819	0.25984198418684307	0.17436452093351695
0.26011070729015084	0.22024463585022497	0.09905069315057459	0.27525722436406674	0.1453367393449826
0.23857348091502753	0.19799183036715867	0.09948424127949151	0.2975125458426008	0.16643790159572128
0.2606469039222381	0.2140790599086861	0.09533743429852184	0.29998250891761424	0.12995409295293942
0.22869868826858067	0.2065093761135639	0.09718597080904331	0.25703202847240214	0.2105739363364097
0.23195057645305178	0.212309869104753	0.09634709535646331	0.28310295509237504	0.17628950399335663
0.2462054161881593	0.21845635358290486	0.0978582579776204	0.2596224562871976	0.17785751596411759
0.23927603178173212	0.22163125644010193	0.0982483793032322	0.2743803712617157	0.16646396121321777
0.2397507292845148	0.1947296609958421	0.09924891785908431	0.2772079507368197	0.18906274112373886
0.22993603701244927	0.225570070763481	0.11176782215612044	0.28909238239559765	0.14363368767235138
0.24320368007943594	0.2082313990577807	0.10024623769099911	0.2597603131365357	0.1885583700352483
0.2524189553407204	0.1982895721067475	0.10343008071860066	0.26007647043955523	0.185784921394376
0.2585590951876642	0.2087861402191969	0.09545926534787365	0.28769629526736457	0.14949920397790045
0.24385725370868686	0.1942943216565495	0.10998236546524724	0.2831464693500094	0.16871958981950674
0.259140284648337	0.2029329429628346	0.1053060594513338	0.28547510304723356	0.14714560989026076
0.23521500158635628	0.22490313498521497	0.09881205722611791	0.25950339081792323	0.1815664153843874
0.2598582318597481	0.2232766776586662	0.11106377599576178	0.25893897007810296	0.14686234440772067
0.23262075004834007	0.2077864868566591	0.09786769795344895	0.2572200308909254	0.2045050342506263
0.23687627271850287	0.20020677333905737	0.10975487373530113	0.25827593039233754	0.19488614981480087
0.26340467480216534	0.20817128409145105	0.09962953514695186	0.28524411119901394	0.1435503947604176
0.2569743721753074	0.19206684200258015	0.10179389921683854	0.2581001475097127	0.19106473909556096
0.24957260509347595	0.20711702372502352	0.11201830463582302	0.2634660143167338	0.16782605222894342
0.24650421066681205	0.21091253331907076	0.09774828652704334	0.2713531120097862	0.17348185747728742
0.23707667362228385	0.1958105812570775	0.10386589270452248	0.28756807082251123	0.17567878159360475
0.22462197073083073	0.1958497006155081	0.1055876417505133	0.27503142640037476	0.19890926050277288
0.2363778718817225	0.20334305715101456	0.09854359908179744	0.2779539022326921	0.18378156965277317
0.2544658949054489	0.22363458622357693	0.10789377873368333	0.2686773437415662	0.14532839639572437
0.2313135130844065	0.19996063982847637	0.10481638992412988	0.29431878341124107	0.16959067375174594
0.26226947466273653	0.20623387252356895	0.10975676992607902	0.2672981007572335	0.15444178213038173
0.23520606790521498	0.21755163629265264	0.10910867621757538	0.25907905350509336	0.1790545660794634
0.23192879238520653	0.2141429526101937	0.11047834279656359	0.2660310801529726	0.17741883205506334
0.25734755163512385	0.22667544427678193	0.10581835003863431	0.2847726826974681	0.1253859713519916
0.2472456103940014	0.2234680232698812	0.10082929749436725	0.29607930571110946	0.13237776313064048
0.2275261091942346	0.21085024296076407	0.10439501707112847	0.2843214960311926	0.17290713474268
0.24339865135899735	0.21043164430337957	0.0979424647323484	0.2716466257005105	0.1765806139047639
0.24263449015348043	0.21026258160070244	0.11203953049795776	0.29276128719768146	0.14230211055017766
0.23662937212109528	0.19353777960808466	0.09672066290027857	0.29458240063077296	0.1785297847397683
0.2544287518637598	0.2178489990077234	0.10366154167952328	0.290431723294406	0.1336289841545873
0.2624400808967157	0.19538599101875762	0.104104738098993	0.29498317383204786	0.14308601615348557
0.2300571518216825	0.20312714146453306	0.09678589658081423	0.2926841820535631	0.1773456280794069
0.24061227607767635	0.20262442002262662	0.10461948122082733	0.2878111559137786	0.16433266676509087
0.26048957382197546	0.20649228064731118	0.11074003470094618	0.2994152214315968	0.12286288939817006
0.23790009320054462	0.20595769335540395	0.10394057450614202	0.3013888898726913	0.15081274906521788
0.22777058028823383	0.2105671571935038	0.10991463854269255	0.29371147508494994	0.15803614889061962
0.24341820652830892	0.22635138507358363	0.09765560486093375	0.2900342205433723	0.14254058299380118
0.25059133353497676	0.22626117640555546	0.11174733159154311	0.2664356890407425	0.1449644694271819
0.24809077432573948	0.21822859389251298	0.10634463592353005	0.28972719827905913	0.13760879757915812
0.24588484030995858	0.22517046889213735	0.10045630220940929	0.2726426349251235	0.15584575366337106
0.2595840252684083	0.1959793204415382	0.09961330664497747	0.2799670268936263	0.16485632075144951
0.2618982286144966	0.20507747231365056	0.1058430709769351	0.2582615923510732	0.16891963574384428
0.24798700366660978	0.19959597234054757	0.1022947263577493	0.29268995942522413	0.15743233820986893
0.23554621245378626	0.22562406285462852	0.10102245564541255	0.2799532600479805	0.157854008998192
0.2299821615736429	0.22284228891653274	0.098789378891081	0.2933349638050073	0.15505120681373585
0.2453711698286348	0.20530553233037566	0.10823257331426733	0.2578387012737851	0.18325202325293685
0.24457232834998327	0.20987252024656367	0.09598717740625161	0.2722837422268206	0.1772842317703806
0.24324009327700136	0.21304016400254058	0.09954043287967484	0.26883907455092104	0.17534023528986192
0.23055469999123213	0.19930137971506962	0.09878284434969148	0.26277409384950146	0.20858698209450507
0.2501166728710418	0.22449898419934738	0.10303194306318016	0.27233166078905513	0.15002073907737534
0.23542091121135117	0.19479911177427187	0.09688799565862954	0.26293831524619815	0.20995366610954902
0.25226205676522795	0.19283441588346462	0.10610969360410713	0.29222960502351675	0.15656422872368328
0.2457008676152494	0.19309510019148837	0.09610883812650887	0.2838032357463876	0.1812919583203655
0.24455871856916322	0.22038909270401533	0.11151737977326732	0.26646695382183233	0.1570678551317215
0.2527498052486171	0.19236825131233576	0.10029433684343461	0.28473160391992747	0.1698560026756848
0.25700742826218403	0.2250411309022049	0.1046238551844531	0.27061825248471005	0.14270933316644763
0.2573015275041819	0.21568110214677438	0.09677778856161426	0.3011129305905518	0.12912665119687744
0.2265683474796012	0.21578931812329377	0.10783254256278442	0.29731318674742335	0.15249660508689702
0.25826407451864025	0.21070960412317516	0.10060292668368376	0.28701269320989925	0.14341070146460133
0.25546300458272975	0.21279509479129288	0.10817588521537042	0.29053599199118224	0.13303002341942444
0.26235072867817577	0.21857209855063303	0.09860186424942807	0.266090454350165	0.1543848541715978
0.2633263037214783	0.21673327149421	0.09970312375392486	0.2600747346204831	0.16016256640990345
0.2528984786532913	0.20757464984940363	0.10483885721766191	0.2665350209349018	0.16815299334474115
0.26059044651542596	0.21328699324431458	0.10738521693504219	0.2642717246699192	0.1544656186352978
0.24631661386028852	0.20927839014921762	0.10139611674532545	0.2907090580717802	0.15229982117338794
0.250922134309091	0.20129363352630858	0.10678872066530574	0.2870740471926976	0.15392146430659687
0.23968373458538234	0.19751901881539544	0.10618229683710063	0.2768809220741336	0.17973402768798774
0.23099884093690187	0.20737686630458935	0.09748330118726314	0.2700139734444831	0.1941270181267623
0.24691833255940138	0.20228370726866068	0.10487825481178203	0.26616965051157293	0.17975005484858275
0.2632046615695341	0.2270475704708576	0.10032800333366661	0.28162281489136476	0.12779694973457667
0.24803123323369608	0.20575340120387559	0.10623757185432953	0.27532697933384814	0.16465081437425044
0.2368380038864002	0.20335552427641929	0.1120349970056638	0.27681626437441265	0.17095521045710385
0.24193402022925717	0.2013754027863905	0.10841179014218813	0.2596402317983657	0.18863855504379826
0.2273566896805851	0.2153871823972084	0.10292703967535338	0.2891121109012843	0.16521697734556864
0.26278456408719497	0.21481498106410926	0.11038134925762966	0.2985362694867466	0.11348283610431924
0.24267027987559628	0.21734411588533278	0.10605494689679548	0.2844120127837742	0.14951864455850097
0.23223112609277569	0.197457723404918	0.10400945530377372	0.26311986346516836	0.20318183173336402
0.24858159523002193	0.2020487821999552	0.0955125216243157	0.2885219509117766	0.1653351500339303
0.25981469870406815	0.21149299939968674	0.11205316802563547	0.25901122986203723	0.15762790400857216
0.25163265792847445	0.2072337349442603	0.107979765021386	0.2942315907792811	0.13892225132659788
0.2507323692387267	0.21091240661682883	0.09764211728191147	0.29802482685814446	0.1426882800043883
0.2538519161070445	0.21095177861520195	0.09622950015421848	0.28121210866411	0.1577546964594248
0.23885273679148422	0.21718513094097902	0.10697889369999083	0.2910734838206087	0.14590975474693696
0.24909086584600876	0.20446228689029516	0.10118568502930608	0.271799033773676	0.1734621284607138
0.22658251743825394	0.20850459177124736	0.10673548983492091	0.2885829847833679	0.16959441617220966
0.2349704305226713	0.19311659148763555	0.10050093973467417	0.3005134528294	0.17089858542561873
0.2469135483235541	0.20232307210638267	0.09951395370795534	0.29882359254798385	0.1524258333141238
0.2331445282277245	0.21607974881422592	0.10330229026073665	0.25906784084044954	0.18840559185686317
0.22514505847835925	0.20655761460387598	0.09675419625895443	0.2575639785738737	0.2139791520849364
0.24164211173770211	0.21428353141669917	0.1079552286788257	0.2811555991796918	0.15496352898708093
0.24641451237105785	0.22237669057810294	0.10202600710748173	0.27093418968439525	0.15824860025896192
0.2513505742807239	0.20635825351012818	0.10902551835402305	0.2693088805927218	0.16395677326240288
0.24396638717209065	0.20689390513213538	0.1071570863776352	0.26172397966374294	0.18025864165439553
0.24088521529344795	0.21198208528391974	0.09629812439015485	0.26756627180437087	0.18326830322810633
0.23357458409535375	0.2136758122510368	0.09973271082428552	0.2813412034598219	0.1716756893695018
0.23030700757249692	0.21542903310675568	0.09583819867688355	0.27910710927616866	0.17931865136769495
0.22456215067985183	0.20106130727327248	0.10316348895905045	0.26714402663281756	0.20406902645500744
0.227953153039627	0.20406586126303425	0.10137104964241231	0.2941083205634412	0.172501615491485
0.24946425659726074	0.21484801919728425	0.09883028735159458	0.2862625156458045	0.15059492120805568
0.24132702297175995	0.20943688079546952	0.10136747124516768	0.289344840115047	0.15852378487255564
0.244452615881169	0.19650385368286616	0.09597769755491914	0.29896004605889537	0.16410578682215005
0.2415388757497505	0.21167791580800732	0.09799639803377759	0.30103692572503915	0.14774988468342518
0.2434145871769188	0.19793567858424962	0.10103598116863818	0.28748027433243456	0.17013347873775864
0.2431847646822214	0.21013232978191126	0.10422639892062796	0.2716854125457734	0.17077109406946575
0.22786894025205742	0.20406894130400785	0.1092774947452609	0.26288619467593966	0.19589842902273394
0.26147375932379846	0.21413867907584636	0.10021613214936274	0.28050344204272504	0.14366798740826708
0.24138781187667474	0.22283596353814403	0.10056691953924596	0.2959975931954669	0.13921171185046805
0.24888200498940238	0.21938539098246476	0.10169323883761974	0.26316616727947334	0.1668731979110395
0.23682430925075898	0.21190470101736925	0.10044744433392847	0.2953355809379958	0.1554879644599473
0.22978756223896935	0.19868200460538615	0.10623399799677388	0.25966293447786465	0.20563350068100578
0.22845571158135858	0.22182460022684597	0.10529114636922886	0.2865605494388588	0.15786799238370752
0.2581080553372121	0.21334647395752981	0.10728076902094609	0.2597681611302058	0.1614965405541059
0.2521671514569802	0.19191177831141457	0.10123356412056266	0.29752917302121673	0.15715833308982563
0.2636238422398903	0.1924719712995795	0.09781406340623425	0.2844433949999824	0.16164672805431332
0.2611216067687108	0.21552558589637424	0.09814870939895476	0.28511508619526327	0.1400890117406966
0.2591488555023304	0.21046027127653336	0.09814780608496161	0.26613122166738745	0.16611184546878693
0.2417831359541411	0.20443272207552468	0.10928284923275136	0.284725237680994	0.1597760550565886
0.26374714112762304	0.21484824780220826	0.11052775734271914	0.276276606773161	0.13460024695428827
0.22611587159350466	0.20554825506835536	0.10591337120818413	0.25871200807422084	0.20371049405573477
0.2264720158297421	0.19683638626472988	0.10075808050091836	0.3016785238074487	0.17425499359716073
0.23713107544987289	0.19921474306004747	0.10521740907777084	0.26803074772014535	0.19040602469216325
0.25289929300323266	0.20762560772864277	0.10815976921221722	0.25644570393340566	0.1748696261225014
0.24191973414684584	0.22456233520761829	0.10254211790669927	0.26160639308819056	0.16936941965064578
0.2276409175203975	0.19327179745669418	0.10276611957133448	0.26666842418347936	0.20965274126809427
0.2627594226410715	0.2143450761968851	0.0955082542408846	0.2744487565145481	0.15293849040661045
0.24185430248433654	0.2040246682890815	0.11092807721523114	0.29207056542729437	0.15112238658405622
0.25921345224292486	0.19343917730525104	0.10170250003963997	0.2866174002397499	0.15902747017243396
0.22808694147107864	0.2184337085056224	0.1022198259302887	0.25929396931686327	0.1919655547761468
0.2467451767586526	0.19729056412486878	0.10820057528370092	0.26735895432682266	0.18040472950595482
0.2604482450474713	0.21860871119752615	0.10867936880822716	0.25915365187160627	0.1531100230751688
0.26154611891199026	0.20365100604520622	0.1089547759509909	0.3006402920130704	0.12520780707874196
0.2374820906690483	0.2195215113669451	0.11037563116326407	0.2945368912487093	0.13808387555203303
0.26144199374354604	0.2003066596459411	0.10251029452614058	0.2725542825045427	0.16318676957982925
0.2567853098226081	0.2067383951243691	0.10777783156390795	0.2900427144312074	0.13865574905790723
0.23452580238969917	0.2025140799937551	0.10341260770559682	0.266134047799779	0.19341346211116964
0.22571938059433277	0.19826536904866285	0.11204568103664587	0.25859046760224047	0.2053791017181178
0.231725710228408	0.20869602294953177	0.10805919116820414	0.2766504055413036	0.17486867011255228
0.23756483109438847	0.221718499573388	0.10129876713267079	0.2880657193262641	0.15135218287328833
0.24951786545596802	0.22030382643255886	0.10219507210912632	0.2922128213654607	0.13577041463688588
0.24139620272361456	0.19771031157171456	0.09978762844386291	0.27003145310953064	0.19107440415127708
0.22671296460944962	0.20385278298898604	0.10683986905933468	0.27939895327657105	0.1831954300656584
0.25020480391200056	0.20434736444438048	0.10453243131985006	0.29958816467974325	0.14132723564402538
0.2594324016033462	0.2086684233517595	0.10160797754688683	0.2787956985572563	0.15149549894075093
0.2585963663180812	0.222557208250138	0.10546206082797523	0.2565699366195835	0.15681442798422182
0.25304470263236833	0.21876241946199507	0.10218587497040912	0.266341948562479	0.15966505437274817
0.24670346109044874	0.21929858015385217	0.107360852970042	0.25956525071136827	0.1670718550742886
0.23344637631758017	0.20646730913498496	0.10427220401616934	0.2707813129850878	0.18503279754617752
0.22784606337917906	0.22675846185651066	0.10297818653575337	0.28111908134362995	0.16129820688492671
0.24699268865871568	0.22571004893204158	0.10774701260497974	0.25908101660764166	0.1604692331966211
0.22464330561285145	0.22432280061762117	0.09795062358577418	0.28801830215561386	0.1650649680281391
0.26365145367022647	0.20009889992903324	0.09677836561430542	0.2744974528559797	0.1649738279304549
0.23066210614062224	0.194082142819096	0.10633774534875923	0.2947381356773586	0.17417987001416366
0.24906317311524953	0.2024597254871431	0.09652112460700994	0.2638003721891998	0.1881556046013973
0.25859492723963845	0.20770850901234708	0.10299557130757657	0.27264971668395344	0.15805127575648417
0.24942251656222392	0.1989209487393376	0.09594092840719567	0.28505523061630267	0.17066037567493988
0.24606841748910413	0.20924930486363638	0.0957148785965223	0.25830804146626696	0.19065935758446997
0.25902239973366736	0.20115993688027506	0.1045589006458824	0.2814822238146273	0.15377653892554763
0.23749507682093185	0.2146233229253124	0.11005243661180956	0.2947082426357215	0.1431209210062245
0.24069597083554845	0.20392644188902034	0.10005342293983693	0.2956239292288042	0.15970023510678988
0.2633507308021258	0.20787990627059863	0.10042992587686092	0.27781945701372956	0.15051998003668482
0.24172524542892984	0.20082308354380463	0.09883120113250107	0.29002420939497137	0.16859626049979282
0.23030743040134657	0.22199203394332373	0.10026858211847543	0.2857754972006217	0.16165645633623235
0.22872526116715983	0.19375755492061195	0.10969807274811227	0.2587142596623277	0.20910485150178804
0.25239432589351557	0.2104996498075871	0.09828398835961692	0.27486539131695986	0.1639566446223203
0.25236419196262866	0.2151153179789899	0.10849229906498713	0.3016469148832209	0.12238127611017324
0.24406725420012737	0.21513268505479125	0.1070351240259795	0.25673661531222436	0.17702832140687727
0.22574143012646652	0.2222510721801411	0.10458375773468606	0.2992863419983397	0.1481373979603664
0.24443808520794763	0.21801269514921062	0.09556184760658364	0.27781070764412746	0.16417666439213036
0.2561762249544901	0.21575948259538352	0.1019306567358545	0.2696701579170527	0.15646347779721892
0.22978892647464955	0.20632401912496828	0.10167071880689871	0.2592588676782932	0.20295746791519004
0.26256791779819516	0.19322116742310683	0.10790439791062065	0.2853597291694532	0.15094678769862396
0.26261709353269763	0.196153172686483	0.10136118682465732	0.3019537866030274	0.13791476035313438
0.24623433404437883	0.1994146922309092	0.10491857284644812	0.2717688977665327	0.17766350311173085
0.2478056376050595	0.20187999146134816	0.09588961883423786	0.2583537528789037	0.19607099922045051
0.2303837417641234	0.21633822334631483	0.0997629144385091	0.2931943318289625	0.16032078862208993
0.2269521418165939	0.1935920469319295	0.09963317807105618	0.2646230290186693	0.21519960416175093
0.24697384293668254	0.19480189452636776	0.10597412492356093	0.2876733525358034	0.16457678507758516
0.262746311597428	0.20224681046750664	0.09656995997598238	0.2869775440165316	0.15145937394255113
0.23700539732469683	0.21241470761616082	0.10354920927907682	0.2898465491991692	0.15718413658089608
0.2384086670288695	0.1971003529971378	0.09806676539672264	0.280666178736679	0.1857580358405908
0.23816997930187134	0.19357189578627634	0.10035084981223136	0.26970343957826837	0.19820383552135232
0.25302134170678336	0.20718795753200894	0.0954067736579534	0.2880263520852545	0.15635757501799952
0.2436911009543013	0.20053919213076873	0.10679492160876691	0.26453452874152183	0.18444025656464097
0.23313813231177918	0.2252263291024027	0.0987645416781373	0.26691849302036574	0.17595250388731487
0.2327947443899343	0.21634559053728225	0.10216458545947822	0.25896538084749743	0.18972969876580756
0.261736745377641	0.21471652355370446	0.103310884866212	0.2610499339956217	0.15918591220682057
0.22564767797586777	0.21984684602041538	0.10022522316397511	0.2601125319288615	0.19416772091087997
0.22733338558846344	0.1974714587125682	0.10604069267320222	0.28161704760091827	0.18753741542484764
0.25143367297462565	0.20278483421711843	0.10991049023654806	0.2671729238215093	0.1686980787501983
0.256805077158443	0.21546866232390605	0.09821377981021875	0.2641987609006896	0.16531371980674237
0.2439518377465249	0.19391636756089156	0.101783403198868	0.29019749853706156	0.17015089295665373
0.2569637815958138	0.21569326363045752	0.11085623767491269	0.2627981325177815	0.15368858458103424
0.25230099536848094	0.19586372324284124	0.10187505353924103	0.30124583388540543	0.14871439396403108
0.26102401590038293	0.22284520857081855	0.10285713802679908	0.2803396754941666	0.13293396200783256
0.23464985829508433	0.22186547277044535	0.10919562410477643	0.27270565583594303	0.1615833889937506
0.24788582617820934	0.21386404349004168	0.0985524029453816	0.29685479490595457	0.14284293248041258
0.24805567805806264	0.20577700352631362	0.09857050806237612	0.27419543405866376	0.17340137629458366
0.23098138908508925	0.22524802009640787	0.10074066334426715	0.27094627434442026	0.17208365312981522
0.23653515350721976	0.2210739068464036	0.09690615818237334	0.26724935541320693	0.1782354260507961
0.24460916527866522	0.22074921115118032	0.10972012493610482	0.27352541138394415	0.15139608725010525
0.22635543201203978	0.22418393618762303	0.11081231380530593	0.2595470082592777	0.1791013097357534
0.23227446311798783	0.20509935670026158	0.10787662554533077	0.26815662086585323	0.18659293377056632
0.23828401730046578	0.21120885227466243	0.1012187941914453	0.266295156009739	0.1829931802236872
0.2547334906243255	0.22062300465014936	0.10447753564050055	0.2754510856932637	0.14471488339176064
0.22590686189062295	0.2209921396221176	0.10206524444519281	0.29037468081999135	0.16066107322207504
0.23701930167942575	0.19360549046524372	0.10146656548594762	0.29443080979992464	0.173477832569458
0.25957014225763897	0.2190309749885357	0.10977442938155056	0.28116493307543133	0.13045952029684318
0.2269924232703661	0.19269643907644887	0.1070356385518037	0.2597790480150526	0.21349645108632856
0.23189429845761622	0.22508741183350958	0.09859210154914881	0.2902984183204758	0.1541277698392493
0.23856329426850517	0.21959564252618163	0.10388353430375756	0.2953517411176076	0.14260578778394783
0.22849830416555117	0.21514453207356893	0.09692868544149735	0.27717583900187204	0.18225263931751026
0.22527488108632107	0.20264093595132163	0.09902690787615058	0.2827752519542722	0.19028202313193426
0.2584622902401574	0.21302944165172225	0.09910405908340986	0.27858282225313113	0.15082138677157914
0.2378978432619552	0.22009658386626682	0.09737562790213342	0.26544590160028414	0.1791840433693602
0.23298738055935342	0.19533522965290231	0.10213883626733532	0.28679678980060047	0.18274176371980821
0.23052774677328802	0.21264417378139167	0.10564771884579253	0.29707559659804544	0.1541047640014821
0.25170766202418604	0.19796669718617757	0.09549241172625017	0.30183048163256343	0.15300274743082254
0.24761393510625834	0.20317159894652773	0.09904938155073145	0.2682957405813188	0.1818693438151635
0.2510338090683645	0.1927296623694567	0.10228164517022557	0.26963985782110295	0.18431502557085006
0.23189630327329608	0.2191795194189602	0.11063683659809935	0.2617754225565966	0.17651191815304754
0.23084252886697426	0.20150321776761823	0.10089550144538166	0.2863093308901076	0.18044942102991793
0.25281568031019835	0.20904087878553498	0.09877010494224531	0.2950056564087127	0.14436767955330843
0.2363292448086186	0.20347371127141956	0.11174312143026073	0.29673212968639995	0.15172179280330092
0.22484946880171333	0.20156072314171422	0.10244719012016659	0.27890403449707424	0.1922385834393314
0.25799055782689895	0.2223858888657827	0.10085648756661916	0.27483262295069516	0.14393444279000375
0.23682952979699923	0.2172770453922078	0.10721576336299038	0.26281025301681016	0.1758674084309922
0.2249840626286084	0.20570043085060596	0.1019338900592564	0.2818938990073094	0.18548771745421958
0.2323729071292004	0.21977308852028496	0.1094298656430053	0.27681089166198547	0.16161324704552368
0.22823756755628077	0.20214403661776562	0.1015604193537174	0.2737005229208209	0.1943574535514151
0.2436435605691164	0.20112273835711053	0.10207138702163626	0.28139578356507433	0.17176653048706225
0.22640634338486298	0.21452648984113792	0.10423440738862084	0.29317453506450697	0.1616582243208711
0.2324048875644711	0.2137398796491982	0.10190533197530594	0.2861160499234904	0.16583385088753413
0.2346519939226867	0.1994515252058028	0.10010150979039928	0.2582998411946357	0.20749512988647523
0.2613945984867128	0.21047777313220306	0.1103555542033058	0.29987166086390765	0.11790041331387038
0.2356550713805423	0.21668747981234382	0.10957545828981297	0.2684010635305504	0.16968092698675027
0.23744560026686165	0.19580514676747057	0.10104477186418709	0.2681096002682122	0.19759488083326823
0.2353200675607163	0.21011514617094645	0.10596090058481872	0.2985182234405584	0.15008566224295988
0.2568176065765678	0.20588515141202723	0.10877494330691821	0.28568629374473214	0.1428360049597543
0.25920923030645543	0.22703906650314873	0.11137339006995017	0.29694232245578356	0.10543599066466187
0.24040461006152908	0.22574284161765046	0.10770743612853022	0.26826735262924023	0.15787775956304978
0.236193383267066	0.21187766619434245	0.10221239066344791	0.2638416990894917	0.18587486078565174
0.23491341208792485	0.19426078665009572	0.09603809164446646	0.28472339283643866	0.1900643167810741
0.23043115804252362	0.2151738595951157	0.09994540803442496	0.2780971141557925	0.17635246017214293
0.2563947708282427	0.2128342623599314	0.10052024117582556	0.27538390946891456	0.15486681616708553
0.2345107880076978	0.2228451756150434	0.1054215789847238	0.27755450831221873	0.159667949080316
0.24396299859275253	0.20793908970370242	0.10301522871832826	0.2943223031049808	0.15076037988023572
0.2393550958220618	0.22357067371784523	0.11105889300152649	0.3000898333928602	0.12592550406570602
0.2285502341876065	0.2058781055015583	0.09682738690658611	0.29733965259313266	0.17140462081111618
0.2574134814118427	0.19209834463580747	0.09986967602985596	0.27777613214814945	0.17284236577434417
0.2605358880787415	0.19969536853856196	0.11163231300671167	0.2860103746017274	0.1421260557742572
0.2270755254916848	0.22418391243190336	0.10920797402381639	0.2750932413987708	0.16443934665382443
0.22755699353467282	0.21401480039756585	0.09933720574041557	0.2765829920928339	0.18250800823451163
0.24733953042113316	0.19896986611717563	0.1073670076831644	0.28708117612285217	0.1592424196556744
0.23165143275144937	0.19203274168546602	0.11145285483469107	0.2783638257259931	0.1864991450024002
0.24150826349887472	0.20564731727264254	0.11026054849868396	0.2713059687900093	0.17127790193978923
0.22959032580375352	0.2233247126777473	0.10058690747774121	0.2842360187032902	0.16226203533746758
0.24319978931824812	0.19875990391170223	0.11193252158023348	0.27588544252147795	0.17022234266833797
0.24051113396687496	0.20023057194525112	0.10995834003114735	0.26279679388142335	0.18650316017530297
0.22606523612460472	0.22442812447489613	0.0999272592644826	0.2605160784428603	0.189063301693156
0.2541984862199882	0.19839770577359703	0.1008528425712813	0.2813404218387689	0.16521054359636433
0.2320608197830229	0.225643847792344	0.10109976339971419	0.3001245096699176	0.14107105935500108
0.23558628592799163	0.22197407607324515	0.09944061365340834	0.26403342592745627	0.17896559841789836
0.2547927836767471	0.2101532812601114	0.10854250802368945	0.2716747625441944	0.15483666449525735
0.23193099152269966	0.21028598438604998	0.10058725672960372	0.2751732448671927	0.1820225224944537
0.2446686379491037	0.20131076073836196	0.10758917038888002	0.2682667936770763	0.17816463724657777
0.24048914915718117	0.2236751860139326	0.09644884445558541	0.2713712641197523	0.16801555625354828
0.2245507559346961	0.2120237302001285	0.11056393336655965	0.2887730942844768	0.1640884862141388
0.2579824874141725	0.225917209042526	0.10992934666367013	0.29550732632758564	0.11066363055204548
0.2567631729780987	0.21113097765529823	0.10029506976686697	0.2913826480823998	0.14042813151733605
0.25060651082393187	0.19403203339403327	0.10101486028012695	0.29751744061371016	0.15682915488819751
0.24426179866969538	0.1965267505606079	0.09707017122693148	0.274094740929412	0.18804653861335296
0.2479516100822442	0.21996736192732558	0.1102438895211458	0.2934953275696741	0.12834181089961008
0.23403207263449716	0.20609834302955296	0.09747889885384745	0.29744419063303723	0.16494649484906493
0.22596869091459607	0.1976824594323035	0.09945646645717322	0.28724976589774076	0.1896426172981862
0.2638441035088334	0.2096139332132757	0.09992461876960883	0.2698654601067731	0.15675188440150867
0.2467946358604261	0.20849711986914451	0.10620303310770132	0.26435716166215584	0.17414804950057194
0.25184800673513397	0.2079738867294778	0.10627176079710057	0.25840556565157624	0.1755007800867112
0.22699244102030003	0.21063339592944436	0.09815100427131708	0.26327192487798246	0.20095123390095584
0.2527872151078585	0.20950849357649973	0.10861736039968149	0.2868018649434176	0.14228506597254237
0.25080338096769644	0.21250862965243442	0.10022662653335365	0.26757727270820575	0.16888409013830952
0.24748801716391977	0.2201244673223965	0.10164421656157624	0.28598220165860494	0.14476109729350234
0.2609538063324413	0.2162050108485421	0.11193251232186387	0.2779026618604713	0.1330060086366812
0.24372484128156757	0.2146016358767018	0.0974152792616807	0.2952885821023511	0.14896966147769858
0.2277679307616371	0.1947818934370296	0.10398931114398835	0.29170530028477537	0.1817555643725694
0.25797794586080536	0.21690887562098357	0.10183828022204952	0.2969073656125797	0.12636753268358158
0.2471947748673603	0.20091599077816646	0.1069785858539864	0.2569870755072491	0.18792357299323753
0.2412753955480567	0.199793352098735	0.10941409444977045	0.30102873009426323	0.14848842780917437
0.23267411666432064	0.20754861411281764	0.09943337642488416	0.25982990923387494	0.20051398356410235
0.23520539757455647	0.20684584150227633	0.10444575344479806	0.2571779922685407	0.1963250152098282
0.23575529609342677	0.1967157519477879	0.0967832921756069	0.27132923654014907	0.19941642324302913
0.22857684389634478	0.22326453852702105	0.11089432619753364	0.28168562654480844	0.15557866483429184
0.23260211220412502	0.20030870646926247	0.10371525165498935	0.2616067904085635	0.20176713926305942
0.23916682400351677	0.21146555101450018	0.09730606195157479	0.27819417410347225	0.1738673889269358
0.2579359589800755	0.19704099030531622	0.1030377797998138	0.29606859210634584	0.14591667880844839
0.2587053785755993	0.2235382461772516	0.10516649651463712	0.2729091286424261	0.13968075009008563
0.2615054665442554	0.21197709556425162	0.10590729562836822	0.2866488342210206	0.13396130804210393
0.23457877068577138	0.21098308014129663	0.10620360870632249	0.2813758267318801	0.16685871373472916
0.23467429515146276	0.21673142011160096	0.10700220264524528	0.2943145125302554	0.14727756956143528
0.24998507639139	0.2036774589655108	0.0986105895783155	0.25841155355488493	0.18931532150989852
0.24566676830349266	0.2038269814954713	0.11097512314904764	0.29926646197142	0.14026466508056815
0.2600377957771508	0.21761645564412258	0.0958605800828829	0.26565711622904603	0.1608280522667975
0.25422641450945194	0.20211468423612608	0.10676426571431322	0.2846575124560178	0.15223712308409074
0.25710184067281144	0.21597531495306316	0.0979927715648201	0.25989334650561485	0.16903672630369015
0.22907099962434757	0.2055840647029717	0.10876351510146007	0.2941169670951547	0.16246445347606572
0.2601653453718318	0.22066816844090362	0.09957991739462113	0.2944628514996318	0.12512371729301142
0.2243546715385002	0.20608597415740654	0.10093713280994168	0.26431078882380127	0.20431143267035007
0.23901243371423253	0.1941162974601751	0.10270423575948251	0.25972989550048187	0.20443713756562776
0.23041750475480224	0.20828988046121655	0.10983331251446085	0.2652429975600207	0.18621630470949946
0.22625034309850287	0.22145133960057234	0.10387642862421835	0.2792383664926062	0.16918352218410002
0.2250780454181061	0.1960769417352838	0.10222862790250495	0.2891532864201031	0.18746309852400178
0.2503303051738194	0.19260708131964183	0.10783995008151347	0.2559480374529192	0.19327462597210582
0.2579720978276201	0.20645497028750215	0.10714102803453782	0.2796864470421306	0.14874545680820908
0.2524784331705679	0.2229480168284688	0.09651818741828606	0.297580144691154	0.13047521789152292
0.25209237280442226	0.22476953886027567	0.10556356003119254	0.30126793991190143	0.11630658839220787
0.25956023458367045	0.19875419786566953	0.10941545797053277	0.28127923611527533	0.15099087346485165
0.24163360023769412	0.20066619727852839	0.0974071349096202	0.26198878823573335	0.1983042793384237
0.22683052789469363	0.21383041636573347	0.10790388899170494	0.30064677832506825	0.15078838842279949
0.22471376751940617	0.2034886644117453	0.09823479563412447	0.30104886812507037	0.17251390430965344
0.24406131705794062	0.22105771045161532	0.10846495188978214	0.2870317566190063	0.13938426398165538
0.2464517956932803	0.21104860425340838	0.10760934594802346	0.2726470383292468	0.16224321577604078
0.24994309808879045	0.22216321900191716	0.1065990685465805	0.269505503250926	0.15178911111178564
0.2616251667456859	0.19900571513143536	0.1024520051101457	0.2683076523090406	0.1686094607036922
0.2566700349178017	0.1928378021487927	0.09901730756099607	0.27190136152563854	0.1795734938467707
0.2241782467910054	0.2079115246590459	0.10722816317567109	0.26926430151700487	0.19141776385727255
0.2497154030367049	0.197961974131511	0.10182005712256827	0.2612243654659703	0.18927820024324535
0.2412966779806048	0.2165270456309496	0.11078360834555234	0.27149922704620494	0.15989344099668806
0.25366754530901237	0.19806539568407752	0.10088263040664713	0.2944658344871687	0.15291859411309405
0.2634764416640343	0.20705745106553064	0.10919458127085423	0.2597610068129557	0.1605105191866249
0.22604934474444166	0.22052865749008807	0.0988704206615597	0.26272657514443404	0.1918250019594763
0.2477466829681032	0.20274173942095663	0.10923784828421086	0.26346581191852897	0.1768079174082001
0.254175771452022	0.20598345370737284	0.10541492826916267	0.3004703064513255	0.1339555401201167
0.2433121881436846	0.19979721924741584	0.10583518872527833	0.28016854648522826	0.17088685739839268
0.23277870331103812	0.19190445828542785	0.11020351140215918	0.2782149952722016	0.186898331729173
0.23383701046908306	0.1982546525944792	0.0971379926508618	0.2924420431203865	0.17832830116518922
0.26126355528035805	0.2072702998095095	0.10678942668879757	0.285723832041048	0.1389528861802866
0.23559755169006538	0.21315701959471633	0.10809215461780375	0.28977101106069103	0.15338226303672325
0.22678791362990872	0.2035783993743907	0.0980122820071697	0.29177522149652313	0.17984618349200748
0.2544103410929628	0.2087066929794494	0.11008843638829353	0.26430470941255674	0.16248982012673727
0.25716054380723485	0.2056236218308095	0.10874070014400386	0.29086761840496345	0.13760751581298813
0.2557541028472905	0.22564363727275044	0.10833288404397799	0.29372637613750235	0.11654299969847845
