0.4942051529187518	0.2754718320090633	0.23032301507218506
0.4898650839121351	0.2707740062054167	0.2393609098824483
0.4948249311181212	0.27718670075537494	0.22798836812650397
0.5021712098663074	0.2716119719098993	0.22621681822379347
0.49900622271671613	0.2821109329678868	0.2188828443153972
0.498796969226871	0.27148667013556455	0.22971636063756457
0.5035527388836151	0.27739847260616735	0.2190487885102177
0.48994076152891397	0.2830455707676727	0.2270136677034134
0.5071765827666599	0.271862203345511	0.2209612138878293
0.5039305933432436	0.27480408369341414	0.22126532296334234
0.5029835913912022	0.2748460309153887	0.2221703776934092
0.4979694359429714	0.283681316902929	0.21834924715409967
0.499364937013678	0.2808871514035667	0.2197479115827554
0.4960809787509802	0.28332393025672803	0.2205950909922919
0.49712204993766235	0.2820750769013908	0.22080287316094702
0.5083303898841676	0.27310346836657196	0.21856614174926053
0.500794980456726	0.27652284600246013	0.22268217354081393
0.5052808428650839	0.274077562319669	0.22064159481524712
0.49461022190191894	0.27638186710999485	0.22900791098808632
0.490135346257755	0.2721448601298649	0.23771979361238016
0.502720835794001	0.27464236458483043	0.2226367996211686
0.5093636701384403	0.27072925505371337	0.21990707480784646
0.498099125228439	0.2816941264248325	0.2202067483467286
0.49010994988630946	0.27652777710937804	0.23336227300431256
0.5081504823095844	0.2731858650381073	0.2186636526523085
0.49594251008944035	0.28678903265407757	0.2172684572564822
0.49329394605141946	0.28130279212364623	0.22540326182493445
0.5044981415250983	0.27894128222287884	0.21656057625202302
0.507859611542454	0.2726573146457562	0.21948307381178994
0.4849916465795984	0.2858558638322365	0.22915248958816517
0.5050681960949872	0.2747984966866313	0.2201333072183816
0.5100235665013975	0.2728616179441088	0.21711481555449377
0.500652831091217	0.2785245612724158	0.2208226076363673
0.49571591987282965	0.28220958885951536	0.2220744912676551
0.49581328362348936	0.2785928520909484	0.22559386428556233
0.502384360902827	0.2709580491743747	0.22665758992279839
0.4924416639452514	0.2727716080582699	0.2347867279964788
0.4983217382797686	0.2826271705037782	0.21905109121645328
0.4912985592974714	0.2738085385895166	0.2348929021130121
0.4968238574661791	0.2852865664437617	0.21788957609005932
0.49196221713818156	0.2792031509647335	0.22883463189708503
0.48700446392974445	0.27500358495849825	0.23799195111175744
0.5044648407296148	0.27536941667596887	0.22016574259441643
0.4887620375654327	0.2837285082791071	0.2275094541554603
0.4996440336197898	0.27110838545264376	0.22924758092756653
0.4876671273779778	0.2794243981897533	0.23290847443226897
0.5034643342805354	0.27545939508819767	0.22107627063126709
0.49376068520350536	0.27256993971406146	0.23366937508243324
0.4891682878670538	0.27908221374942743	0.23174949838351885
0.49938248388092876	0.278468275066184	0.2221492410528873
0.4884768684353621	0.2856443381434394	0.2258787934211986
0.4939586668238728	0.2843847876619291	0.2216565455141982
0.49611678710876106	0.28271659389494574	0.22116661899629328
0.4991765376228098	0.28252423169200397	0.21829923068518636
0.49008239679730675	0.2825482535254114	0.22736934967728192
0.49273666017886075	0.2789045352897488	0.2283588045313905
0.49388535351918106	0.2713033446798922	0.2348113018009268
0.4940574964753958	0.28421433378749994	0.2217281697371043
0.5042858502968319	0.28028544472486283	0.2154287049783053
0.4882740543978065	0.28154440726126756	0.23018153834092603
0.492004699680692	0.27559786228239935	0.23239743803690877
0.48834379663432703	0.28324078311176437	0.2284154202539087
0.49860104466624866	0.2711001164014402	0.23029883893231126
0.4912141777319103	0.2806325273530173	0.22815329491507252
0.48977240085259904	0.28599642604945025	0.22423117309795082
0.4851341969634506	0.2779856356291064	0.2368801674074431
0.48514475025533876	0.2775990352152423	0.23725621452941897
0.4928571697319129	0.2723851329219389	0.2347576973461483
0.4916250525804473	0.278316586428936	0.23005836099061683
0.5076344550568437	0.27502596880265356	0.21733957614050295
0.49030279123145126	0.2703865640543951	0.23931064471415375
0.4883057998813866	0.27992123850464634	0.23177296161396718
0.48876459815639484	0.2871704391328841	0.22406496271072118
0.48691903447278617	0.2820901668938419	0.23099079863337196
0.4901821264530125	0.2769150147244616	0.23290285882252593
0.49824048410839916	0.27152952345965864	0.23022999243194234
0.4988820261059841	0.28459113327977065	0.21652684061424535
0.497579821221532	0.28164182355619444	0.2207783552222737
0.48519558144410857	0.2853730763872405	0.22943134216865102
0.48808223879760565	0.27567203470103213	0.23624572650136236
0.5075728122203562	0.2755085835003964	0.21691860427924745
0.5021250321069559	0.279043116841065	0.21883185105197928
0.49211699347545174	0.2793185291901896	0.22856447733435875
0.5073374486547392	0.27415452676442914	0.21850802458083174
0.4957570526402577	0.2714444500129472	0.2327984973467952
0.5018424836696296	0.2772621581176346	0.2208953582127359
0.4872051903313186	0.28622940023013826	0.22656540943854322
0.5082926855882604	0.27503924093836757	0.21666807347337225
0.49912943645623564	0.2784751018991432	0.2223954616446213
0.4907083726851416	0.28649289522810306	0.22279873208675544
0.49322500805882263	0.28652094926579713	0.22025404267538035
0.503522917955235	0.27227933387013886	0.22419774817462618
0.5050869607607567	0.27911515961672845	0.21579787962251507
0.49076981766599737	0.2703764265616642	0.23885375577233853
0.5010970527338432	0.2772050577951047	0.22169788947105223
0.5081073285470653	0.2731638208798953	0.21872885057303953
0.4889360549997237	0.2803788583943042	0.2306850866059722
0.4982428303013612	0.28376301673018733	0.2179941529684516
0.4982201451501733	0.2708411772737629	0.2309386775760639
0.4891763136416936	0.28383672228084117	0.22698696407746533
0.5037987451555367	0.27397034846252055	0.22223090638194282
0.5068516886768603	0.27043635128648924	0.22271196003665056
0.4867609178655229	0.2820319129703593	0.23120716916411788
0.4877427527982068	0.2870545476632364	0.22520269953855693
0.4917071980673665	0.28150111107458486	0.22679169085804873
0.4853211333004946	0.27875912269573144	0.23591974400377402
0.5007152173158693	0.28316742388361543	0.2161173588005153
0.49803315918906843	0.27211973512696497	0.2298471056839667
0.4981420281421808	0.2850413391285527	0.21681663272926666
0.4982064227887885	0.28315445989406507	0.21863911731714647
0.49217047596725577	0.2732606493906716	0.23456887464207277
0.49206635803318566	0.2846678468776751	0.22326579508913935
0.4957896588260432	0.2837039317741855	0.2205064093997714
0.4932817547010508	0.2852776273088731	0.2214406179900762
0.5001892970691726	0.27613945376334653	0.22367124916748093
0.49510991601281196	0.27197146889887464	0.23291861508831352
0.49609690950560587	0.27342078044591883	0.23048231004847541
0.48930400500647175	0.2717289397040286	0.2389670552894997
0.48996041804344037	0.2842340935971294	0.22580548835943037
0.48717914994227013	0.27834626957927966	0.2344745804784503
0.5038778587248167	0.27856959632225364	0.21755254495292975
0.4902059556682076	0.2764150197815149	0.2333790245502776
0.503170498005445	0.27908387340416546	0.21774562859038957
0.5003447083786279	0.275262626362215	0.22439266525915716
0.49611462705731	0.2831814408118085	0.22070393213088157
0.5071600941891709	0.27684319153505893	0.21599671427577033
0.5032456295758471	0.2759972450899153	0.22075712533423772
0.49875275490599746	0.2792834220633367	0.22196382303066592
0.4999366063674334	0.28458037371680306	0.21548301991576363
0.49385457779069086	0.2721442592668886	0.2340011629424206
0.48605892448807375	0.28711845797649116	0.22682261753543514
0.4867563044881997	0.2822923546586228	0.23095134085317764
0.49315232987712065	0.28200674079918553	0.22484092932369393
0.5091947266549144	0.27525183435389583	0.2155534389911899
0.4988651175856672	0.27097708505344287	0.23015779736089
0.5019439902965975	0.2753325072653002	0.22272350243810238
0.5032674838487248	0.2769430042271716	0.21978951192410368
0.49899567930169175	0.2794991961814801	0.2215051245168282
0.5045639425422945	0.27957793863009467	0.21585811882761086
0.4857788085102583	0.2794589197093416	0.2347622717804002
0.49233471378559734	0.2771074665822932	0.23055781963210958
0.5001879927398651	0.2808758776400417	0.21893612962009318
0.5046201617169415	0.27948509482966777	0.21589474345339085
0.49012347660958355	0.28447314367595505	0.22540337971446145
0.49735055455515187	0.2736048553639303	0.22904459008091793
0.48636730869528966	0.27718550113565815	0.23644719016905225
0.5001958396295396	0.27504975385030694	0.22475440652015363
0.4957316662521625	0.2843635513444872	0.21990478240335048
0.4906268906502679	0.27520652717975835	0.2341665821699739
0.48733971648026264	0.28012937648838043	0.23253090703135704
0.5030935713857223	0.2794721215068172	0.2174343071074606
0.4998070770083698	0.2842339464948918	0.2159589764967385
0.4871550645758352	0.2730733280972921	0.2397716073268728
0.48492351187540106	0.27429594335572977	0.24078054476886923
0.5042197612404192	0.27042462363870523	0.22535561512087562
0.48854737201034604	0.2869044462614782	0.22454818172817587
0.49178466927410763	0.2730591630392379	0.23515616768665457
0.5082383590605155	0.27345653743702475	0.21830510350245988
0.4873365592106678	0.27784724979422015	0.23481619099511208
0.5020751017560345	0.2791297628987389	0.21879513534522663
0.48561404297833094	0.2821176906567018	0.23226826636496734
0.48600204169296957	0.28471613684639285	0.22928182146063772
0.5001299428416022	0.28199204521614324	0.21787801194225473
0.48753881258823295	0.2815223806679178	0.23093880674384934
0.5066257150485208	0.2742246592513971	0.21914962570008217
0.4943286795608452	0.28538414129543505	0.2202871791437198
0.504770842398512	0.27423426149666474	0.22099489610482334
0.48639605711096534	0.2843318624049162	0.22927208048411857
0.49751899607612055	0.2728650631897144	0.22961594073416522
0.48952665908497905	0.2786741016576391	0.2317992392573819
0.5043512978840121	0.2802207320499302	0.2154279700660578
0.4993599611698008	0.27968895990857534	0.2209510789216239
0.4932431144604939	0.27363087096657335	0.2331260145729329
0.4969400345298981	0.28493947582356066	0.2181204896465413
0.48609245476443225	0.2779913447688724	0.23591620046669548
0.4905919662300025	0.2719577443660346	0.237450289403963
0.5062483820880678	0.27842300572700324	0.21532861218492916
0.4858708534919632	0.28475146664694845	0.22937767986108845
0.4945572192587341	0.2774821209228824	0.22796065981838365
0.4970338054563776	0.28228822910124574	0.22067796544237678
0.4955143659680718	0.2783607914301219	0.22612484260180646
0.495050361547397	0.28097764745216436	0.2239719910004387
0.5012516633442898	0.2751448271820523	0.22360350947365792
0.49761551044158236	0.27056323004426147	0.23182125951415627
0.4962710593742663	0.27169209010240103	0.23203685052333278
0.4858709657084495	0.2799077391035609	0.23422129518798962
0.4974521592068353	0.27558154332565205	0.22696629746751273
0.4988350838400434	0.27129367519974057	0.22987124096021616
0.4929935721810204	0.27496037689112096	0.23204605092785868
0.5019839075878396	0.27337214948067684	0.2246439429314837
0.506056257029378	0.2756372274548855	0.21830651551573663
0.48877337028313433	0.28347973590086584	0.22774689381599988
0.49934660590360347	0.27416085797363143	0.22649253612276515
0.4906792531431238	0.27522233092325193	0.23409841593362443
0.5003975348672511	0.2832901965364423	0.21631226859630664
0.5067294439329979	0.27247838298115623	0.22079217308584595
0.4941562724649805	0.28525732238513857	0.22058640514988104
0.49494158981254116	0.2772687003389992	0.2277897098484597
0.4860018788923394	0.27871407556478495	0.2352840455428758
0.4913795230121285	0.2755249475429104	0.23309552944496117
0.49392336232957046	0.28514364229393224	0.22093299537649735
0.5047899073767239	0.27311090679565503	0.22209918582762123
0.5035057303112062	0.2786365734980121	0.21785769619078185
0.508419745242904	0.2743707141518935	0.2172095406052026
0.4972178371418677	0.27974853706278857	0.22303362579534386
0.5062578361975385	0.2774482468046529	0.2162939169978086
0.4975381878090018	0.2776202833391124	0.22484152885188596
0.49102231696886245	0.2872915120391064	0.22168617099203128
0.48790195972262906	0.28697197732338675	0.22512606295398427
0.491401107269915	0.27925933870362163	0.22933955402646344
0.48574316620629276	0.2848791482465018	0.2293776855472056
0.490734980717717	0.27431077218459415	0.23495424709768895
0.49458212896968634	0.2832628057760239	0.22215506525428988
0.49697001729366763	0.2856323992268226	0.21739758347950994
0.4957277217564791	0.2825378440474619	0.2217344341960591
0.48853501449307013	0.27253402194624476	0.2389309635606852
0.49353770164019295	0.2870097074838444	0.21945259087596275
0.5031558806042897	0.27428707888825354	0.22255704050745692
0.48729022746209283	0.28510197225136713	0.22760780028654015
0.49787106105288675	0.2794437800622714	0.22268515888484203
0.5025695921972764	0.27948475790590266	0.21794564989682114
0.4856058106040026	0.2745449159529028	0.23984927344309473
0.50032400056317	0.28247646025291484	0.21719953918391527
0.48669598918782275	0.28213157991507	0.23117243089710737
0.49766437126948965	0.27462008712833813	0.2277155416021723
0.5037133863489848	0.2804132491502352	0.21587336450078015
0.49781407592948224	0.28527144044511543	0.21691448362540244
0.49024127400818024	0.2813040340488802	0.22845469194293963
0.4885882216607407	0.28291024506151385	0.22850153327774558
0.5014845369458554	0.27790329013271126	0.22061217292143348
0.48802983027978225	0.28385210281444573	0.22811806690577213
0.49729527902040727	0.28381724986171714	0.2188874711178757
0.5086381667753513	0.2724495679379341	0.21891226528671462
0.496031474468015	0.2766393881810675	0.22732913735091764
0.48797544858953523	0.2756346051502119	0.236389946260253
0.4954583991009371	0.2836416001362081	0.22090000076285488
0.503581255972207	0.277495865982712	0.21892287804508104
0.49293780005680315	0.28497995813821153	0.2220822418049854
0.4871951789061097	0.28022769441896905	0.23257712667492136
0.48957400199074097	0.2809165324431947	0.22950946556606447
0.499545152785654	0.2807507401551021	0.21970410705924404
0.5098266148910817	0.2711228368321554	0.21905054827676299
0.48583923741496443	0.27959839122545765	0.234562371359578
0.5055901599723872	0.27150427527830145	0.22290556474931147
0.4885176291133839	0.27691067579803386	0.23457169508858233
0.5061449481843823	0.27433288134280864	0.2195221704728092
0.4918873515551071	0.27119610581290077	0.23691654263199224
0.48692970525774637	0.28316646098678483	0.2299038337554689
0.5099119641671076	0.2742280950197027	0.21585994081318977
0.4902585471261137	0.28191127986274955	0.22783017301113678
0.4994455473906695	0.27401194579473864	0.22654250681459193
0.5043631544422071	0.2730039079844851	0.22263293757330788
0.4975295865987372	0.27190637193082434	0.23056404147043857
0.49240684137786767	0.2871447344829198	0.22044842413921267
0.4933689448341606	0.28400967242263986	0.22262138274319965
0.4929008692017749	0.2842705449629254	0.2228285858352998
0.5074169538209115	0.2773064055787493	0.21527664060033933
0.4921498577866193	0.2719230277772235	0.23592711443615733
0.5093748882769236	0.27215409980674965	0.21847101191632695
0.49587858556817166	0.282140590237305	0.22198082419452342
0.4909020660068637	0.2754106200776591	0.23368731391547728
0.4996954616900099	0.2793642874248984	0.22094025088509178
0.489959615736418	0.27399911135434885	0.23604127290923327
0.48743632562330347	0.2793236134405176	0.233240060936179
0.4859251208198083	0.2748775073833653	0.23919737179682649
0.5080453526938502	0.272247615365068	0.219707031941082
0.5005512093609735	0.2824103600992539	0.21703843053977265
0.505097841832171	0.2704409791944697	0.22446117897335938
0.4856728411757425	0.274972380311917	0.2393547785123406
0.5057465589915702	0.2710139247286516	0.22323951627977828
0.49386526134259384	0.28151788471177214	0.22461685394563413
0.5037315063301244	0.2795629000785517	0.2167055935913239
0.49084889943547005	0.28489460672214595	0.2242564938423841
0.4894244109573945	0.27599229731201114	0.2345832917305945
0.5026887424191596	0.27695980770316364	0.22035144987767682
0.5067882433178039	0.2734567767960854	0.21975497988611076
0.4921923529071104	0.2796535770139861	0.2281540700789037
0.48878058794592266	0.2844393769932818	0.2267800350607956
0.49976466296004357	0.28163243414504047	0.21860290289491605
0.4850433375522242	0.2869753750633589	0.22798128738441703
0.4937769536003328	0.2800299261505167	0.2261931202491506
0.4950493249204261	0.2790995379278906	0.22585113715168337
0.4942802063024662	0.2747008077920935	0.2310189859054404
0.4972842155607305	0.28586224293158824	0.21685354150768132
0.48552943267525306	0.285914027541135	0.228556539783612
0.49506863139159063	0.28465279066661164	0.22027857794179784
0.4877707298725892	0.28378749734075387	0.22844177278665703
0.502831193170129	0.27512554943081474	0.22204325739905628
0.5009403466932891	0.27774230283453427	0.22131735047217665
0.49810963044344747	0.2777715095193364	0.22411886003721623
0.505242419624016	0.27081461865671513	0.22394296171926897
0.49380273525875135	0.2812842792920184	0.22491298544923033
0.48877467430525656	0.2719211041086648	0.23930422158607872
0.4976875039511521	0.2798139718701609	0.22249852417868712
0.49882781606923704	0.2850075030930107	0.21616468083775237
0.5021441202084558	0.2822502538082933	0.21560562598325095
0.4919818886910086	0.27711296822448045	0.23090514308451104
0.4866167359446092	0.2765566906134208	0.2368265734419701
0.4954608454092881	0.2738206945763284	0.23071846001438362
0.5083066498534003	0.2731257120893371	0.2185676380572627
0.5065702531012621	0.2722603226146847	0.2211694242840533
0.5005865189181794	0.28014865876647327	0.2192648223153474
0.48952393362557406	0.27911912907477937	0.23135693729964663
0.5077716961947321	0.27342008910334076	0.21880821470192724
0.49338520853346396	0.27684470665104477	0.22977008481549138
0.4867499265128936	0.27374475990140923	0.23950531358569732
0.49204626419859704	0.27747849222642906	0.230475243574974
0.5037521156974673	0.27388808116151464	0.22235980314101822
0.5017857707295642	0.27941276660592235	0.21880146266451353
0.48802755200476416	0.2790324626932822	0.2329399853019537
0.49090624871917177	0.2771206946630012	0.23197305661782716
0.4917448290245203	0.27402442264235705	0.2342307483331227
0.4984442108211767	0.284131892082336	0.21742389709648743
0.4899835519600024	0.27830920201208265	0.23170724602791506
0.4926589023008461	0.2812233817760733	0.22611771592308075
0.5008166538361746	0.27927383347193485	0.21990951269189066
0.497574768709506	0.27581995899016676	0.22660527230032734
0.494214378866498	0.2739417807124193	0.23184384042108278
0.5018003863731313	0.2829110387893066	0.21528857483756214
0.5010356297902894	0.27581720473544225	0.22314716547426855
0.48726529456605083	0.2774503842489104	0.23528432118503886
0.48757541165943585	0.27314591309954733	0.23927867524101692
0.4910977440310575	0.2833428001626329	0.22555945580630968
0.4882769801523978	0.2780815958181029	0.23364142402949942
0.4961847507708915	0.28357859122997114	0.2202366579991374
0.48958756494597305	0.2789279922531498	0.23148444280087727
0.498386099760883	0.2704659708921857	0.2311479293469314
0.4926159632811639	0.27171914525966995	0.2356648914591662
0.4941865359341723	0.2730931519252905	0.23272031214053734
0.4980230978173829	0.2760970839060052	0.22587981827661202
0.4922798079330532	0.28655338203032316	0.22116681003662372
0.48538583575004457	0.2872059529742241	0.22740821127573144
0.49690817002103194	0.2806818691531508	0.22240996082581735
0.48906217881284453	0.28496293250834037	0.2259748886788152
0.5039956201486335	0.27983724110514696	0.2161671387462195
0.49754241581108705	0.28461655947283115	0.21784102471608194
0.4868765290441681	0.2773329325986489	0.23579053835718308
0.49132592375585116	0.280659110518521	0.22801496572562796
0.5027361855832866	0.2774140676128752	0.21984974680383834
0.5073882490359559	0.27519828571278654	0.21741346525125765
0.4923152534060383	0.2793514576466709	0.22833328894729082
0.4908511671935554	0.2707898826010976	0.23835895020534711
0.4939654648035419	0.2830371063376174	0.22299742885884077
0.501270881114033	0.27500689534603634	0.2237222235399308
0.4855481381722103	0.2862738399590982	0.22817802186869157
0.49050573194820346	0.276941002692906	0.23255326535889062
0.5039738968210915	0.27607469102777304	0.21995141215113556
0.49371249711997234	0.27753140739011495	0.22875609548991283
0.5045941310077908	0.27853820940112717	0.21686765959108217
0.4899208981795335	0.27910255868424844	0.23097654313621818
0.497050748736764	0.2870882895388036	0.21586096172443248
0.48735425410445377	0.28735874313132753	0.2252870027642188
0.5053679728629027	0.27801749263450537	0.21661453450259205
0.48721047871635126	0.28200582255265566	0.23078369873099314
0.5019677167921973	0.2823488562372545	0.21568342697054832
0.49710363608037844	0.2712954274047293	0.23160093651489239
0.49968255030570136	0.27299186992712277	0.22732557976717596
0.5035790832441447	0.271803649136682	0.2246172676191734
0.4904323039723509	0.2829770676336244	0.22659062839402477
0.5013404511212535	0.2714925409470038	0.22716700793174288
0.5075863309449742	0.2722935881116461	0.22012008094337981
0.4859349483059597	0.27474046610265107	0.2393245855913893
0.48470583082136726	0.28354026874176513	0.23175390043686767
0.49446311108685803	0.2789628682529564	0.22657402066018564
0.5069561400912903	0.27665261268413666	0.21639124722457317
0.4878194291391936	0.27600184119324433	0.23617872966756215
0.49737822364735906	0.28008684030362807	0.22253493604901298
0.49623468593981696	0.28645601563974243	0.2173092984204407
0.4858429342409421	0.27376526125913087	0.24039180449992711
0.4954103607511265	0.27848137535367234	0.22610826389520128
0.49338775013610264	0.2842501869977002	0.22236206286619725
0.4937021706450195	0.2738730517537288	0.2324247776012518
0.49602385388049075	0.28102567017301916	0.2229504759464902
0.49653070660877074	0.280753905017003	0.22271538837422636
0.48641921918320097	0.28251374779263205	0.2310670330241671
0.4941155615271673	0.2805893869414563	0.22529505153137652
0.497471100907755	0.2797427831345323	0.22278611595771278
0.49644357048942006	0.2724300344441537	0.23112639506642635
0.5011340400586816	0.28027678585650273	0.2185891740848158
0.4931152730604052	0.27711799906154116	0.22976672787805374
0.5044089011851173	0.2795967115403081	0.2159943872745748
0.5073370955685175	0.2707393795056964	0.2219235249257862
0.5082743014278202	0.27151964471043566	0.22020605386174424
0.5071418750505383	0.27707036155265075	0.21578776339681108
0.4910342788743971	0.2761482564037005	0.2328174647219025
0.4980308140987959	0.2815240373553422	0.22044514854586195
0.49865260873299627	0.27414090872964336	0.22720648253736045
0.49407628668428705	0.2775160288617302	0.2284076844539829
0.49018524335432395	0.28391146550354734	0.2259032911421288
0.4985640526888271	0.28226915995262425	0.21916678735854878
0.5057741172392601	0.2756205448248301	0.21860533793590986
0.49152137095534093	0.27297791191290555	0.23550071713175363
0.4906265357516998	0.2738490058025143	0.235524458445786
0.500799311994965	0.273464460796193	0.22573622720884212
0.489169259009987	0.28733065194108753	0.22350008904892565
0.490143038133799	0.28446007105821286	0.22539689080798822
0.5015464402400256	0.2705504589528631	0.22790310080711138
0.49903736644095414	0.2806424049042323	0.22032022865481365
0.498877694891908	0.27041462150941736	0.23070768359867472
0.5010559237256567	0.2723646368183489	0.22657943945599454
0.4937713194822785	0.2745034616982849	0.23172521881943675
0.5033107176868663	0.27534008003204963	0.22134920228108423
0.4866560317630662	0.28308380989948817	0.23026015833744573
0.5002630153800689	0.27590604799698754	0.22383093662294362
0.4886709234694602	0.2851047822940339	0.22622429423650597
0.4944913735149365	0.2774624515482894	0.22804617493677415
0.4910403091670486	0.27206262403872356	0.23689706679422792
0.4863007438416663	0.27326824707989705	0.24043100907843667
0.48993458253846645	0.27560465368306053	0.2344607637784731
0.5041411922025384	0.2787030380367554	0.21715576976070633
0.49204055809788594	0.28345687083640386	0.2245025710657103
0.4929474494660201	0.2832790178090702	0.22377353272490977
0.4974272948442206	0.279918555183918	0.2226541499718615
0.5048558845779384	0.27352640989091015	0.2216177055311516
0.4907199820935525	0.2752696015999333	0.23401041630651434
0.5022981960654246	0.2771556045041701	0.22054619943040538
0.49312424798006327	0.28591891964205407	0.22095683237788277
0.49660642333871713	0.28642970833102654	0.21696386833025644
0.4909129991627077	0.2775058751725964	0.231581125664696
0.48841405340939986	0.2755744493273955	0.23601149726320475
0.49724219563137395	0.2783075835199148	0.22445022084871136
0.4978896739057367	0.271544416750724	0.23056590934353946
0.506933530229761	0.2765644016217384	0.21650206814850073
0.4970484371677774	0.2857682915406204	0.2171832712916023
0.4936278987377868	0.2750145692896945	0.2313575319725188
0.50766395382343	0.27522600319642626	0.2171100429801438
0.4880895791471188	0.27229022157563326	0.23962019927724804
0.5099734338745232	0.2744950956068448	0.21553147051863206
0.49540784673737637	0.27807864667713117	0.22651350658549257
0.502448342470485	0.27630766371436777	0.22124399381514728
0.49274219315136525	0.28632232336015867	0.22093548348847614
0.4991113175322104	0.27980178505075104	0.22108689741703869
0.5045037017093963	0.27403910236606355	0.22145719592454027
0.4877884494582527	0.2714613848817075	0.24075016566003984
0.4911436509787457	0.27863870695708387	0.23021764206417053
0.5066961043532476	0.2776669144224083	0.21563698122434413
0.5057574051958831	0.27198330307787466	0.22225929172624237
0.48704349804791025	0.2729000757513734	0.2400564262007164
0.5061686155182687	0.2779799950912079	0.21585138939052342
0.4882162669788855	0.2711787944260508	0.24060493859506382
0.505847987637423	0.2767927679468269	0.21735924441575022
0.49749621869404825	0.2709927374103709	0.23151104389558097
0.49416970524981874	0.28676467009908607	0.21906562465109525
0.5018720018503977	0.275961883506807	0.22216611464279537
0.5096853637590874	0.272442746410755	0.21787188983015776
0.4873452826540161	0.27635901951729525	0.23629569782868873
0.5084454005675146	0.27437198501721566	0.21718261441526976
0.49444092709650156	0.27936857208031696	0.22619050082318154
0.48927108207491127	0.28609289638753593	0.2246360215375529
0.5028535239405987	0.2819064695569013	0.21524000650250014
0.48724716249597844	0.2815953062822487	0.23115753122177302
0.5041040896641183	0.2749088743779655	0.22098703595791622
0.5011184754190199	0.2755898773786155	0.22329164720236472
0.5039072244050908	0.28078202931026575	0.21531074628464347
0.5064929415676044	0.2740399150749224	0.2194671433574733
0.4999746433399033	0.2848630680768603	0.2151622885832365
0.5057980176386838	0.275672987778855	0.21852899458246122
0.49447938241703454	0.2750528818794943	0.2304677357034713
0.4924717653239124	0.2829277795829792	0.22460045509310847
0.4885128160682594	0.2731545142933538	0.23833266963838684
0.49421754659313977	0.27922085440934236	0.22656159899751804
0.48845350032692914	0.270922752886655	0.24062374678641596
0.4866804417591656	0.27712456812103614	0.2361949901197984
0.487796014855238	0.2825090196317029	0.22969496551305926
0.4850855017899395	0.27453823662625476	0.24037626158380584
0.48656858320777585	0.2742521049083394	0.23917931188388483
0.4868898699432167	0.27827037818269085	0.2348397518740925
0.48500135323809884	0.2769683448875635	0.23803030187433777
0.49729085161387887	0.2779770753432396	0.22473207304288167
0.4865571904333894	0.28269699615346777	0.23074581341314293
0.5081543953266993	0.27631836662342607	0.21552723804987473
0.4957076236538518	0.2744909633654791	0.2298014129806692
0.4929895935035494	0.286355102853373	0.22065530364307773
0.49484225737405196	0.280350754576557	0.22480698804939112
0.49942843692618966	0.2717711732039599	0.22880038986985057
0.502682141752592	0.27380995721715484	0.22350790103025328
0.49855370034350105	0.2852904802419362	0.21615581941456286
0.4890083891411378	0.2807833310496449	0.23020827980921735
0.49323410600977136	0.27174250963418095	0.23502338435604775
0.49656714653968964	0.27694945560974765	0.22648339785056282
0.5075964319061235	0.27366626835671826	0.21873729973715839
0.4963766270516333	0.27314620404385104	0.23047716890451575
0.4908965345078763	0.27861769985281826	0.2304857656393056
0.5068478794014271	0.27077656837039743	0.22237555222817554
0.48892105159834753	0.27977273927648216	0.23130620912517041
0.5085689633936701	0.2733368295053459	0.21809420710098415
0.49795196904357575	0.27278782508136784	0.22926020587505652
0.48535671214633824	0.28663930535118554	0.2280039825024763
0.49529909469369404	0.27530901341493547	0.2293918918913706
0.4897482725424151	0.28734787638584164	0.22290385107174338
0.5004431520966454	0.27775334400716994	0.22180350389618478
0.4988809255380358	0.27756329595667917	0.22355577850528513
0.49329255824913115	0.2805304680515034	0.2261769736993655
0.505310693240012	0.27522653710735717	0.219462769652631
0.5024517211262305	0.27071462192743234	0.22683365694633728
0.5036522459023799	0.27293391784997034	0.22341383624764988
0.5062714286911987	0.27038096122568006	0.22334761008312143
0.4902660736685994	0.2773084805040451	0.23242544582735558
0.49964497698984617	0.28173980940913756	0.2186152136010164
0.4939560147565483	0.2729905961519189	0.23305338909153292
0.49729610965325116	0.2792498066798257	0.22345408366692326
0.4921316102928682	0.28369493043001925	0.22417345927711263
0.49353788467727067	0.284752108047874	0.2217100072748555
0.501322469611768	0.27474620903859615	0.223931321349636
0.5101554666199204	0.27385800816517225	0.21598652521490752
0.4896782104092031	0.28462863724932114	0.2256931523414758
0.5017160694018539	0.2766502470493095	0.2216336835488366
0.48797672685406923	0.27476987067701963	0.23725340246891125
0.49255957803736344	0.2818624328663748	0.2255779890962619
0.4889518199705708	0.28082895581748635	0.2302192242119429
0.49524828238279595	0.2780348198977668	0.22671689771943737
0.4884940650265942	0.28650801130560033	0.22499792366780552
0.5048406098699814	0.27919594357095734	0.21596344655906133
0.48532022351534476	0.28018667498483246	0.23449310149982286
0.4999074329063471	0.2838938868998647	0.21619868019378824
0.5054088686801746	0.2770439165112775	0.21754721480854788
0.4878723253985384	0.272113851956534	0.24001382264492765
0.5020448281293556	0.27743684169358207	0.22051833017706246
0.48851374944840587	0.27367955902244967	0.23780669152914458
0.4850634650155964	0.2774829847915758	0.23745355019282793
0.4918692272528419	0.28564896765870385	0.22248180508845442
0.48500471333073064	0.2761816809117555	0.23881360575751398
0.487804200870002	0.28303169945507256	0.2291640996749256
0.48920927662468233	0.28146133380229754	0.22932938957302024
0.4878149184308529	0.2855257467926298	0.22665933477651737
0.49299992951783256	0.28470129639527547	0.22229877408689208
0.49088329184604096	0.2816421597074427	0.22747454844651646
0.4868680529143248	0.2784540157229732	0.2346779313627022
0.5027139621827317	0.2791563693979494	0.21812966841931905
0.4953116800849443	0.28636417991075086	0.21832414000430497
0.4869737467013083	0.28406974492366033	0.22895650837503145
0.4985280242057021	0.2772605676705458	0.22421140812375226
0.49680685097526883	0.280653994572525	0.22253915445220632
0.5107217148391583	0.27134910534007456	0.2179291798207672
0.4848477816044161	0.2829385218742596	0.23221369652132443
0.4983774010463312	0.2743099002778203	0.22731269867584858
0.49224265554500796	0.273089392760096	0.23466795169489615
0.49659418946760236	0.28051184330975554	0.22289396722264215
0.5060550666812916	0.2768572447855139	0.21708768853319463
0.49571281765496367	0.28068649195595385	0.22360069038908256
0.4958914423777428	0.27523352756554587	0.22887503005671145
0.5087969118653604	0.2734389877921294	0.21776410034251042
0.4896386989410841	0.2808913589625863	0.2294699420963297
0.5031675211009049	0.27462032728628105	0.2222121516128141
0.49623601349327306	0.2869731000774389	0.2167908864292881
0.48469744688315414	0.2792216023622527	0.2360809507545933
0.4996791418512658	0.2836278641982158	0.21669299395051855
0.493330942108382	0.27804589870097096	0.22862315919064707
0.5093773317989863	0.2747345758465065	0.2158880923545073
0.501338557366704	0.27922328056531337	0.21943816206798283
0.48695157003225154	0.278820625775838	0.23422780419191058
0.4970860296692677	0.27108909943077675	0.23182487089995568
0.4918763712686827	0.27428472259424264	0.23383890613707475
0.4980489252672866	0.27263421747599564	0.22931685725671785
0.4867348996073513	0.28053065636373453	0.23273444402891424
0.5089080195795024	0.27468803204780623	0.21640394837269153
0.510859080649707	0.27162661891613776	0.21751430043415534
0.5093043710068768	0.2709029845130196	0.21979264448010372
0.49127510591505597	0.28163227814342495	0.2270926159415191
0.4921611842097824	0.2797186078291527	0.22812020796106502
0.4914257280916807	0.27416702075885496	0.23440725114946442
0.5001515388267743	0.28091592176626695	0.2189325394069589
0.49239038854985673	0.27110990365963655	0.23649970779050686
0.488261118219859	0.2778653097847105	0.23387357199543057
0.5052950390193015	0.27771985593488485	0.21698510504581375
0.49610852735605354	0.2721424523366625	0.231749020307284
0.49037586079329365	0.27523353352106533	0.23439060568564107
0.4897949355408877	0.2753976966197427	0.23480736783936965
0.5013223420515291	0.27640301053784216	0.22227464741062875
0.49881726655945846	0.2706382075306387	0.23054452590990296
0.49501008956109843	0.28512277076238934	0.21986713967651234
0.4873279684867575	0.27812833497623995	0.23454369653700266
0.48693562243925964	0.2809972744426781	0.2320671031180624
0.4947367778176791	0.27700457837592646	0.2282586438063945
0.4979386514527055	0.28470423075159074	0.21735711779570388
0.49219114895453364	0.2859755538657933	0.22183329717967315
0.5071694325611023	0.2711338922282366	0.22169667521066116
0.5065240614112473	0.27440322801070405	0.21907271057804878
0.5029306278143886	0.27698424703619307	0.22008512514941844
0.5064479917815841	0.2724240579007977	0.22112795031761834
0.48848726244059465	0.2784017622635725	0.23311097529583297
0.49592286916932604	0.274565138707434	0.22951199212324003
0.5061395608288535	0.27178799435961626	0.22207244481153038
0.49999754231461213	0.270607311736049	0.22939514594933896
0.5013193341579014	0.27223678668738527	0.22644387915471342
0.49104704268338667	0.27635889666660685	0.23259406065000662
0.48740827885011395	0.28530635418875655	0.22728536696112964
0.4978351099160165	0.2763082412296577	0.22585664885432594
0.5050549989557385	0.2778802770080422	0.2170647240362195
0.48941190714632987	0.2720056110819675	0.23858248177170266
0.49011719341259297	0.27647102982697114	0.23341177676043603
0.5064542841876845	0.27361102803976967	0.21993468777254593
0.5062023897927956	0.2728432146051186	0.2209543956020858
0.5032328461347991	0.2720785849902103	0.2246885688749906
0.48841526580416167	0.28189298394636797	0.22969175024947042
0.4977244535549231	0.28611917425163713	0.21615637219343986
0.49511409195728656	0.2832580007582558	0.22162790728445772
0.5000872223758676	0.2786142815000175	0.22129849612411506
0.5046044538850192	0.27638368028213467	0.21901186583284626
0.4997883033735886	0.2805092196959529	0.21970247693045863
0.5034002060527385	0.27638197011258125	0.22021782383468036
0.5095091590602641	0.27046698505253053	0.22002385588720552
0.49673679993895165	0.27279841620779577	0.23046478385325267
0.4921902685329293	0.2791888336346241	0.2286208978324467
0.5073280997791758	0.2744872956997808	0.21818460452104355
0.5032913648563837	0.27248888268695476	0.22421975245666165
0.5023271884807857	0.27569959534845223	0.22197321617076218
0.5078070221125799	0.2737987415560103	0.21839423633140986
0.48530072532608837	0.28439253046180374	0.230306744212108
0.5025588239642856	0.27574762848335643	0.22169354755235804
0.500365847107995	0.2785898097665192	0.2210443431254859
0.49428717717014764	0.284054057429336	0.2216587654005165
0.5031822885192101	0.27247615893553057	0.22434155254525942
0.48711028160070824	0.2867900929944688	0.2260996254048231
0.4993569808708662	0.27456696041069917	0.2260760587184347
0.49787366829456464	0.27863650649992766	0.2234898252055078
0.5074894934384382	0.27267278821874874	0.21983771834281318
0.4947080874760674	0.2731670174528299	0.2321248950711028
0.5095099363899055	0.2738966705558484	0.21659339305424619
0.5048499123628343	0.2732317992319399	0.22191828840522593
0.4887264288214127	0.2850133663670373	0.2262602048115501
0.48607512766589517	0.2803148202455998	0.2336100520885052
0.4861673562017709	0.27472658545672957	0.23910605834149967
0.492664172197067	0.27196699634345645	0.23536883145947665
0.504743873097914	0.2731925609166792	0.2220635659854069
0.4871970356740924	0.27720653717809607	0.23559642714781162
0.5049426421192296	0.2737929776048477	0.22126438027592288
0.5013593346224072	0.2821398388205262	0.21650082655706665
0.49737895075072186	0.28358847218600813	0.21903257706327006
0.48787156210792126	0.2807912001052315	0.2313372377868474
0.49904869263436924	0.27754440075677217	0.22340690660885867
0.4859049907123656	0.2860797754187064	0.22801523386892814
0.5028578779376046	0.2739237148110099	0.22321840725138556
0.4880090331424943	0.27199896305861876	0.23999200379888702
0.48771521276261026	0.27622085310894917	0.2360639341284407
0.5019793292631112	0.2816517431104682	0.21636892762642074
0.4943067683595652	0.2772096110941649	0.22848362054626994
0.4975744194087163	0.2790110765335477	0.22341450405773622
0.500539234405107	0.27502289913118005	0.22443786646371314
0.5034140123295974	0.274592383343767	0.22199360432663573
0.5039760812876489	0.28007593881491505	0.21594797989743608
0.49665514295180885	0.27413738529934223	0.22920747174884903
0.5017430059594081	0.27555319983562976	0.2227037942049623
0.5051421570526168	0.27795739833945365	0.21690044460792968
0.49978139024649093	0.27318568023282586	0.22703292952068332
0.49252127236577636	0.27904394357871987	0.22843478405550388
0.49789200104860754	0.2849462550180115	0.21716174393338103
0.49846505881466	0.2813410690020663	0.2201938721832738
0.4978781778416477	0.2732085091598965	0.2289133129984559
0.49042677581715477	0.2827963081557143	0.22677691602713096
0.5045619362789824	0.2733977923040691	0.22204027141694865
0.4863174476437739	0.2757008881636164	0.23798166419260983
0.4950498234550924	0.2703827318432642	0.23456744470164348
0.5005636572530163	0.27488633902291415	0.22455000372406966
0.49991627908345315	0.27823743401187867	0.2218462869046683
0.5030156530212143	0.28093748588626516	0.21604686109252064
0.49308505734968555	0.27520065173461267	0.2317142909157019
0.493522887520106	0.2714243242697989	0.23505278821009523
0.501774522275908	0.27935684599777844	0.21886863172631363
0.489364722985727	0.27543783262030935	0.23519744439396378
0.498932742194185	0.27299167271227687	0.2280755850935382
0.5010378114237348	0.2787440478592663	0.2202181407169989
0.48491170727880206	0.2841550337141028	0.23093325900709527
0.4893522242907533	0.2820045851783305	0.2286431905309163
0.5062063141459854	0.27495076796331785	0.21884291789069688
0.5058909299109536	0.2767415013668562	0.21736756872219026
0.4894080210943521	0.28013580009035965	0.23045617881528835
0.4987951097653115	0.2757935025928139	0.22541138764187468
0.5049329325085237	0.2735447297885571	0.2215223377029193
0.5034787242240797	0.271057507204966	0.22546376857095446
0.5002344808250625	0.2724862834903012	0.22727923568463634
0.4961688122993118	0.27088424313168924	0.2329469445689991
0.48748107703727694	0.2781755302282959	0.23434339273442722
0.5052327354328322	0.2726543938107706	0.2221128707563973
0.49849098132005965	0.2795969485477534	0.22191207013218708
0.493512142024339	0.2857946694973279	0.2206931884783332
0.5024084620671585	0.27260359488623653	0.22498794304660502
0.5060435430655055	0.2715455423352451	0.2224109145992495
0.491666183691478	0.27064333178869243	0.23769048451982966
0.50240465012328	0.27066822684028335	0.22692712303643678
0.507318701720843	0.2754192564563389	0.21726204182281816
0.49329743127386194	0.28425137097620584	0.22245119774993233
0.5005866055947961	0.2727159901231973	0.22669740428200674
0.4992943576549891	0.2784818741235261	0.22222376822148499
0.4992348477850498	0.2725920689155298	0.22817308329942054
