0.5432058521557701	0.1339572721301618	0.32283687571406816
0.6154363674354817	0.015770752762840068	0.36879287980167835
0.009366126730555147	0.5225630589528933	0.4680708143165516
0.3343149962850142	0.33882322929729003	0.3268617744176958
0.42164195726234877	0.5055686340417241	0.07278940869592726
0.5768857253749252	0.20272317533974116	0.22039109928533374
0.33962863325269843	0.14305970727201028	0.5173116594752913
0.29322775144276847	0.30103090747359523	0.4057413410836364
0.45252322532291944	0.4924543364273052	0.05502243824977554
0.21600349064316943	0.7417839429923705	0.042212566364460136
0.03732569809915326	0.2083900759193446	0.7542842259815022
0.3161683628919524	0.3640961017658143	0.3197355353422334
0.5114322541406948	0.0997748235140821	0.38879292234522317
0.36468357231274423	0.11054836656432418	0.5247680611229317
0.13627935766813423	0.7290750851722637	0.13464555715960214
0.3188644398455355	0.504993326967663	0.1761422331868017
0.3225295188277688	0.5405450345418977	0.13692544663033349
0.4145667186459217	0.3897601734772952	0.19567310787678324
0.01826508947699579	0.7177364923662329	0.26399841815677133
0.5334130962732679	0.1469427673949716	0.3196441363317606
0.5038869671951957	0.16962518414902877	0.3264878486557757
0.673352403125715	0.08051037219060853	0.2461372246836766
0.06180523461888576	0.5587221869338621	0.37947257844725224
0.719064003733888	0.14743536504930446	0.13350063121680766
0.31975022923196045	0.46272236413541945	0.21752740663262016
0.2512814011048166	0.2704471250063455	0.478271473888838
0.1179005224486277	0.529595756076356	0.35250372147501635
0.17433232259369974	0.14026834500878477	0.6853993323975156
0.5533816740805297	0.3250783204530015	0.12154000546646893
0.3024352292153769	0.03653707836381026	0.6610276924208129
0.11816386430451681	0.31655877880735334	0.56527735688813
0.5504913492099152	0.33652606070605484	0.11298259008403008
0.43766213476270244	0.3516752736318476	0.2106625916054501
0.34937437016744566	0.6224857825656243	0.028139847266930196
0.17618262851086458	0.5397030696649172	0.2841143018242183
0.5006822605941256	0.32310515413016005	0.17621258527571448
0.2586812405118196	0.29529259289868864	0.44602616658949185
0.2605010908908853	0.4554716770066727	0.28402723210244213
0.10153157586866485	0.11685151401400726	0.781616910117328
0.12676167564887214	0.3712551537151794	0.5019831706359486
0.4386951047433503	0.42690023022320395	0.13440466503344595
0.04301936641153947	0.37852057562632	0.5784600579621406
0.3501196294165747	0.08939041402797335	0.5604899565554521
0.29704078561128083	0.4920126523943319	0.21094656199438738
0.709023167093559	0.17821512688180302	0.11276170602463817
0.05611995713726242	0.5979709604426358	0.3459090824201019
0.5423544270135103	0.14436319561499258	0.3132823773714972
0.6189304848438026	0.03492700556622558	0.34614250958997195
0.021286172071466825	0.24712533147406276	0.7315884964544705
0.7314996290451945	0.2542942624602606	0.014206108494544956
0.7232422546798254	0.20524725498044366	0.07151049033973106
0.8848573112676751	0.02245700343899132	0.09268568529333374
0.33716581639487103	0.4985776433319704	0.16425654027315864
0.19946071211873032	0.6780589007981099	0.12248038708315978
0.33873442955098776	0.23897738304961308	0.42228818739939933
0.595839682265833	0.35242580367820664	0.05173451405596041
0.17396634317383308	0.4251328225537053	0.4009008342724617
0.6102241634454567	0.0991279427084415	0.2906478938461019
0.46570283072046303	0.09300460400246036	0.4412925652770767
0.14901753448284594	0.052136912249485134	0.798845553267669
0.14557450617107592	0.6058903952136628	0.24853509861526135
0.6001334957202694	0.2228088550700655	0.17705764920966519
0.827798610996935	0.026989250918610375	0.14521213808445477
0.6679494751613283	0.27221457650829284	0.059835948330378974
0.5608342758528468	0.4141584838557393	0.025007240291413935
0.30652852310982115	0.12013774700183744	0.5733337298883415
0.03014227696618127	0.23174941880977956	0.7381083042240393
0.2899141017062178	0.5029336464909437	0.20715225180283853
0.3165571501424722	0.4793404675328623	0.2041023823246656
0.10835153737855341	0.6398902097857134	0.2517582528357333
0.1495723562258062	0.18360951254024288	0.6668181312339511
0.16968382104395285	0.5947246058689661	0.23559157308708117
0.05088162215747061	0.36321426507021765	0.5859041127723119
0.3930764122951923	0.21885508621150043	0.38806850149330735
0.5161380693732402	0.08018911443315996	0.40367281619359996
0.16489274073905527	0.21873048814115867	0.6163767711197862
0.18681868272977029	0.3950633703322841	0.4181179469379457
0.43508478725479544	0.3582344573406563	0.20668075540454836
0.03062639326808042	0.26836913290566733	0.7010044738262524
0.3261900986535913	0.4557048465321732	0.21810505481423567
0.394057547271134	0.12010115590315876	0.4858412968257073
0.2709381891986961	0.6257373691032659	0.10332444169803812
0.025716249348296583	0.3590596419721298	0.6152241086795738
0.5905845095137652	0.22206784691417175	0.18734764357206313
0.8046438397849209	0.1500436481368686	0.045312512078210576
0.054897751360886315	0.4817504363329412	0.4633518123061726
0.4302059082582762	0.3322525060569755	0.23754158568474842
0.23582420547742478	0.3019010096328322	0.46227478488974316
0.07801628846177566	0.18506669473958232	0.7369170167986422
0.21597413027854614	0.615856838549603	0.16816903117185095
0.7707790323042218	0.14110304961318915	0.08811791808258918
0.6453013105545049	0.09287296683064256	0.2618257226148527
0.14965114023304282	0.7416434691184217	0.10870539064853552
0.2797812027702315	0.5449572610325986	0.17526153619717005
0.1950629049092568	0.6188309235033418	0.18610617158740161
0.19645837094803045	0.5912078931491094	0.2123337359028603
0.1593528220158082	0.18564409560659229	0.6550030823775996
0.04094562500732779	0.3024014282281744	0.6566529467644979
0.21605156758090419	0.20512501184213403	0.5788234205769619
0.5652542119060155	0.1769191595478734	0.2578266285461112
0.3438640235008217	0.20129288941794005	0.45484308708123844
0.044329470263992476	0.7227791985928507	0.23289133114315705
0.6974092243630056	0.20556135918394414	0.09702941645305041
0.0168445972865377	0.5889123225650927	0.3942430801483696
0.5388140463254318	0.12286397710621771	0.33832197656835056
0.013654695489027813	0.8594362102694671	0.12690909424150512
0.1949238918191489	0.1478074536738654	0.6572686545069858
0.8323730633180721	0.03473770013395261	0.13288923654797535
0.25423315534296187	0.10204010643186712	0.6437267382251712
0.0746050850343003	0.40129080191872946	0.5241041130469704
0.1284600832890933	0.5780604074162137	0.2934795092946932
0.5575512100596607	0.4233333647741097	0.019115425166229716
0.27579977122411947	0.50542455162747	0.21877567714841067
0.4272286040737715	0.4697068110662609	0.10306458485996764
0.10890926596538714	0.4218786819145287	0.46921205212008427
0.3245312647116773	0.3597890419940607	0.3156796932942621
0.17929668253529701	0.19703285606888477	0.6236704613958184
0.1636140295140349	0.7376930478111223	0.09869292267484286
0.15642608485190984	0.40558444323023163	0.43798947191785864
0.3727995933273765	0.3015908562269253	0.32560955044569834
0.2707746954980135	0.7083264122075124	0.02089889229447428
0.2657624613832922	0.5183119805068035	0.21592555810990446
0.4679283752227178	0.24332847424924603	0.2887431505280363
0.27837577929828966	0.3429737129306747	0.3786505077710357
0.4834203090310438	0.13659911852391232	0.37998057244504396
0.6859331957954481	0.05782025847069305	0.2562465457338589
0.8397029304941335	0.14477037821571573	0.015526691290150885
0.036581666940925794	0.8342826312283925	0.1291357018306818
0.08126712863932573	0.4864140835290217	0.4323187878316528
0.22299681242159838	0.42995760762890245	0.34704557994949925
0.2994848841886377	0.6585376875220146	0.04197742828934781
0.07089799091138632	0.6295973189914768	0.299504690097137
0.6061788743381152	0.01753340915239704	0.3762877165094878
0.695586169238422	0.19855201167738323	0.10586181908419487
0.4675396003961099	0.12339114100558554	0.4090692585983047
0.02416473097276095	0.6670945994437953	0.3087406695834438
0.3977871618902371	0.45430196298362535	0.14791087512613768
0.27061253949548214	0.38695591130948964	0.34243154919502833
0.0921169783410552	0.6462054043941976	0.26167761726474736
0.11058050678828082	0.19788566193900978	0.6915338312727095
0.02717229125694376	0.7918692525315629	0.18095845621149356
0.23323321190993218	0.3440696916035582	0.4226970964865097
0.1605988987772663	0.7189276107572631	0.12047349046547062
0.7850953660531386	0.1942674528262381	0.020637181120623405
0.2708643478740831	0.3488027418819375	0.3803329102439795
0.2900085478773863	0.5272575543297371	0.1827338977928767
0.786539200469833	0.0636362077005892	0.1498245918295778
0.5428369470214269	0.03221458280046202	0.42494847017811116
0.682494707365559	0.3088500371749871	0.008655255459454114
0.13795373190823812	0.7937485381816443	0.06829772991011773
0.38538692460619656	0.4966183704399645	0.1179947049538391
0.5138101925379417	0.31160387906266196	0.1745859283993964
0.4586443145433272	0.3226926221508346	0.2186630633058383
0.6260711446082079	0.16721329600373627	0.20671555938805586
0.5925794352564173	0.10995632655350501	0.29746423819007783
0.14355756445066056	0.4152584458872262	0.44118398966211336
0.44416029473585406	0.3306043185423486	0.2252353867217974
0.04727445700694416	0.37790255438344855	0.5748229886096075
0.23292898783022775	0.7050851243792039	0.06198588779056852
0.4309981491070902	0.5525454387337254	0.016456412159184364
0.29231787465802017	0.5455042016791418	0.16217792366283815
0.21646983664717556	0.7229985167621151	0.060531646590709365
0.2871343458164731	0.5589153230774876	0.15395033110603937
0.801824966059907	0.05650873698098002	0.14166629695911312
0.06706498618057705	0.8640594551330153	0.06887555868640782
0.10731232619416103	0.7902853585050131	0.10240231530082608
0.10915802218587789	0.6975131655933022	0.19332881222082007
0.2358321108579044	0.12122278752523014	0.6429451016168656
0.5740851736594936	0.3707679469516688	0.05514687938883772
0.025824246312092014	0.5534658197308467	0.4207099339570614
0.8194585479919483	0.17218273090964448	0.008358721098407351
0.24566880073732625	0.3457296188494641	0.4086015804132097
0.0658711903705696	0.17896279147757407	0.7551660181518565
0.8656172421769623	0.035007890248882734	0.099374867574155
0.089764655380321	0.7306678780508067	0.17956746656887237
0.24235657073690153	0.6649950932936948	0.09264833596940378
0.7021640294182901	0.04432088395674327	0.2535150866249667
0.3107944136712193	0.47800531906293264	0.2112002672658482
0.2834561068573481	0.3471106880352587	0.36943320510739325
0.13439536290354526	0.5504799477704987	0.31512468932595616
0.522520415477284	0.12201894125006066	0.3554606432726555
0.27395632083506094	0.5489879303000997	0.17705574886483944
0.34607711505482597	0.01416765601647596	0.6397552289286982
0.6143601603590108	0.0400521129367758	0.34558772670421356
0.09451399963778723	0.2468551609482565	0.6586308394139564
0.3936400537002551	0.25541081619366074	0.35094913010608425
0.02245671279322936	0.24789644017438284	0.7296468470323879
0.3946532531279639	0.026460311259879632	0.5788864356121566
0.34354743230960755	0.3548875388939995	0.3015650287963931
0.27833063457754814	0.011359394023312375	0.7103099713991397
0.4380440344210304	0.016222904582036013	0.5457330609969337
0.14866182830341662	0.17170527848831849	0.6796328932082649
0.15174934447124472	0.13590504538233794	0.7123456101464174
0.39205122803090137	0.17294851558067822	0.4350002563884205
0.5661090904214049	0.16418730410083246	0.2697036054777628
0.18577539490099715	0.34711344466075966	0.46711116043824336
0.05238996495729209	0.7894946930580728	0.1581153419846352
0.01333002400795752	0.2605563509030588	0.7261136250889838
0.06538887704393792	0.3893900005640508	0.5452211223920114
0.4397865993416087	0.03850375766463782	0.5217096429937537
0.4701577838747483	0.20168221726279623	0.32815999886245556
0.5201820015839134	0.26669737019043216	0.21312062822565458
0.45158303982477666	0.32613121889046304	0.22228574128476042
0.30496325584388895	0.1295928050797275	0.5654439390763837
0.023187196874826066	0.2462692915615997	0.7305435115635743
0.5669158989739871	0.18709547829979023	0.24598862272622285
0.28475988352736115	0.12050631958762228	0.5947337968850167
0.5713753114700226	0.35338722613865853	0.07523746239131901
0.2601353459624933	0.32604205278570736	0.4138226012517994
0.7982361556703272	0.014301734606720573	0.18746210972295235
0.8815978344088097	0.09113530050096436	0.027266865090226133
0.09732016112888697	0.4056250129719609	0.49705482589915223
0.3250168329171763	0.0725480695349654	0.6024350975478583
0.170810970567018	0.01654475878863987	0.8126442706443423
0.028646584504233963	0.7796668711283141	0.19168654436745194
0.5740005271959401	0.3831325555909698	0.04286691721309016
0.42825016646002523	0.017690847215741545	0.5540589863242333
0.28209387338374053	0.3406806691305449	0.3772254574857147
0.23842560193691745	0.3648995486033339	0.39667484945974874
0.01187392962399103	0.5517628291575524	0.43636324121845677
0.5677788080107566	0.4044859329332824	0.027735259055961026
0.08943056191189142	0.680831381658946	0.22973805642916273
0.08241866255773311	0.41457874180581505	0.5030025956364519
0.39498362631942335	0.45544067991440684	0.14957569376616994
0.03339331148891306	0.4333823983431572	0.5332242901679298
0.18323609634945323	0.5107644028956888	0.30599950075485804
0.42304743461050087	0.334757601750955	0.24219496363854426
0.10539746834720642	0.13824335201682986	0.7563591796359638
0.19450598561563437	0.2494835083267638	0.5560105060576019
0.039982703332258174	0.4254190303889618	0.5345982662787802
0.5657609046610794	0.21540534027586036	0.2188337550630603
0.22941852361181958	0.22354220159785096	0.5470392747903295
0.5362576541091728	0.1789191748999443	0.28482317099088295
0.6251468216737568	0.19168543318500006	0.1831677451412433
0.3975508988925147	0.2315520112909856	0.3708970898164998
0.5404384584042318	0.2025097106537001	0.2570518309420682
0.3741612710497625	0.02626570070017309	0.5995730282500645
0.007544213009407996	0.7351737799574418	0.2572820070331503
0.1800900841589913	0.062437088688293174	0.7574728271527156
0.611391645954894	0.18577214576419981	0.2028362082809062
0.18025496032696675	0.5047124455276386	0.31503259414539475
0.3481780928791902	0.3719094851076198	0.2799124220131901
0.5839771806319203	0.39940370745450576	0.01661911191357407
0.22712247954113404	0.5990905202303597	0.17378700022850635
0.29404908766393817	0.137862162856584	0.568088749479478
0.5329980221349807	0.015611606623885554	0.4513903712411338
0.2684080834262933	0.1866025205213261	0.5449893960523807
0.2967782017560406	0.2689919711508958	0.43422982709306374
0.0870084397664028	0.24464000427258306	0.6683515559610143
0.47974220635871545	0.18630028042951485	0.33395751321176975
0.12521909472498494	0.23065778716605914	0.6441231181089561
0.47413507280669426	0.05286075301976523	0.4730041741735406
0.43329694322177703	0.012824092983079405	0.5538789637951437
0.14113674627287476	0.401770786000363	0.45709246772676243
0.4130339982004237	0.2170118300617555	0.36995417173782086
0.2766692203709346	0.3843742295483148	0.3389565500807507
0.08898901749924579	0.6602845652303534	0.2507264172704009
0.4972102142413902	0.15284455322379314	0.3499452325348167
0.28360843696544874	0.4281795923400252	0.28821197069452625
0.1425190786338651	0.44702525485386885	0.41045566651226617
0.6953523003222474	0.25698227765560666	0.047665422022146076
0.8948554327097359	0.02141691447714883	0.08372765281311537
0.36185912840837364	0.31009254884025245	0.328048322751374
0.6040029129059346	0.3802934868558627	0.015703600238202775
0.5027277013775766	0.4322156849488808	0.06505661367354271
0.4135534326380409	0.5543106283055073	0.03213593905645207
0.6773886368728741	0.25552333061079024	0.06708803251633572
0.2594684629292718	0.5223742837698543	0.21815725330087404
0.06385369363595367	0.640120162005807	0.29602614435823943
0.4881712269814578	0.22960078523785715	0.2822279877806851
0.06190586872146825	0.11321911558075726	0.8248750156977747
0.09554873350870466	0.6145006167811184	0.28995064971017703
0.5182113921285515	0.04168475349811396	0.44010385437333466
0.2197892901535804	0.3553163688258817	0.424894341020538
0.3315171864989111	0.29350988868533573	0.3749729248157533
0.5809227149549407	0.3426255904630567	0.07645169458200263
0.5186736684615393	0.2656242804403013	0.21570205109815957
0.22115540173976517	0.4525957242860125	0.3262488739742225
0.49513018013478716	0.2774692177400345	0.22740060212517837
0.020978254421287756	0.7446812462698703	0.23434049930884202
0.5497493600536767	0.2646743163129248	0.18557632363339854
0.8347986558647605	0.0624713889754977	0.10272995515974181
0.11830840603790879	0.27486683815489477	0.6068247558071965
0.48933792487910016	0.24614495170973055	0.2645171234111694
0.7903210629163797	0.053361601738345366	0.1563173353452751
0.08125830625323555	0.5509810987055386	0.36776059504122605
0.3437329337686617	0.6382625381569265	0.01800452807441194
0.7472136707498904	0.22799193025123832	0.02479439899887137
0.04759835876059937	0.15999714378846283	0.7924044974509379
0.3206292410691247	0.518127505917153	0.16124325301372244
0.30636637696144425	0.2717827533858098	0.42185086965274604
0.28138681612969224	0.6699408181691466	0.04867236570116118
0.18786202317516335	0.42561490926279194	0.38652306756204485
0.6653612509366378	0.29412686525482334	0.04051188380853887
0.08986839347609499	0.0541713745591369	0.8559602319647683
0.888189257629208	0.09084321060093306	0.020967531769858938
0.0663252699550605	0.16701344019741304	0.7666612898475265
0.6592402743857106	0.24574945493938066	0.09501027067490869
0.1221499195880118	0.40345586688162394	0.4743942135303644
0.05891938073834091	0.1541641210260863	0.786916498235573
0.06719297240603939	0.8544371098776469	0.07836991771631385
0.1317178776916309	0.3197141978364228	0.5485679244719464
0.16422717987801377	0.33505929893712066	0.5007135211848657
0.08787036605049425	0.18121331673930863	0.7309163172101973
0.2717647212236258	0.6893478953280405	0.0388873834483337
0.11145880808058023	0.2056127786347288	0.6829284132846911
0.1696374514811383	0.6279762370841142	0.20238631143474756
0.7462280851580556	0.03656708582062507	0.21720482902131943
0.7524007374268554	0.010939303413741108	0.23665995915940352
0.5374355659609954	0.019013701250388593	0.4435507327886161
0.3725269315792346	0.42048891452817505	0.20698415389259045
0.07719942174905642	0.827319003613191	0.0954815746377527
0.1270446862572728	0.6796976215532238	0.1932576921895035
0.52524733521291	0.22339001642022932	0.2513626483668608
0.5008846120052057	0.11429635471115845	0.384819033283636
0.14576910762636314	0.6843216521499312	0.16990924022370568
0.060224002403460486	0.11845683635930343	0.8213191612372361
0.09773847872198685	0.07836281453626653	0.8238987067417467
0.3469843572672846	0.05981627111616289	0.5931993716165527
0.22663954605419004	0.5272634890052167	0.24609696494059338
0.1533783350088866	0.3432326126029902	0.5033890523881233
0.09798552912408628	0.892679359594373	0.009335111281540853
0.23466014587208228	0.617426894421898	0.1479129597060198
0.7047856973966792	0.13252847139088192	0.16268583121243896
0.4447764852487922	0.21469336060348082	0.3405301541477271
0.16326278754013165	0.5900894624399322	0.24664775001993627
0.01964674024442975	0.5451234836029297	0.4352297761526406
0.07924870814646878	0.21195159984714243	0.7087996920063889
0.25318431915168305	0.1354913746547607	0.6113243061935564
0.13866449273520517	0.3618236021806948	0.49951190508410015
0.39932667372541003	0.07669504402434285	0.5239782822502472
0.5813045729059729	0.33035734040564746	0.08833808668837972
0.7547771492933049	0.17149043523452784	0.07373241547216736
0.6760384830854531	0.11390030855633976	0.21006120835820716
0.30080461278375265	0.3148463162436619	0.3843490709725855
0.3359631819101706	0.16603185929998998	0.4980049587898395
0.7139186949857808	0.15272781741459412	0.13335348759962518
0.12372551216862801	0.23505395763880899	0.6412205301925631
0.020587418687664394	0.26359847581593265	0.7158141054964031
0.15705387245664382	0.11196053407966033	0.730985593463696
0.007714630094965591	0.4302086379458549	0.5620767319591796
0.06992144505874825	0.14274974233349552	0.7873288126077563
0.1956574033242241	0.3364044927749567	0.4679381039008193
0.40080534469146295	0.43678846543327765	0.1624061898752595
0.617060884036923	0.1327716224983687	0.25016749346470835
0.1716647804286444	0.21677339151963854	0.6115618280517172
0.11828273142121584	0.7152760943643055	0.16644117421447868
0.2638067377646591	0.723403306872487	0.012789955362853989
0.06481210016637429	0.8836983624044229	0.05148953742920287
0.1651647181732199	0.5079277066894469	0.3269075751373333
0.31605293120209915	0.3736561649662257	0.31029090383167524
0.10093736512095403	0.8427491454851217	0.05631348939392444
0.24761860561477753	0.16466482199018578	0.5877165723950368
0.1987874836081976	0.6671867453312088	0.1340257710605937
0.41624254975323066	0.4396621676704614	0.14409528257630805
0.17207046913158924	0.6784489607567104	0.14948057011170054
0.0490539245582573	0.5563656723254401	0.3945804031163027
0.20061674162226711	0.7325411846857728	0.06684207369196016
0.5120180034991557	0.19471702084302778	0.29326497565781656
0.5459127412999102	0.1360526366257752	0.3180346220743147
0.6256000107368432	0.2543557279609805	0.12004426130217635
0.0139015767104409	0.8055043029860273	0.18059412030353195
0.10444599079241357	0.6026565663351053	0.2928974428724813
0.5901322938227456	0.3148323635705952	0.09503534260665938
0.03760171306562293	0.7193014276148789	0.2430968593194982
0.38337622992994647	0.16827817612912693	0.44834559394092677
0.38607247177878495	0.5180931669155144	0.09583436130570067
0.7163793889455174	0.04633572671626851	0.23728488433821412
0.04239201183845159	0.5989814845019978	0.35862650365955057
0.6931270678545085	0.2406467202095582	0.06622621193593342
0.17700853458944021	0.5558167551687422	0.2671747102418177
0.2488165064480153	0.4338790593885907	0.3173044341633941
0.14991221593039222	0.09434005966910342	0.7557477244005044
0.38219187754907347	0.37322466475359084	0.24458345769733578
0.3140006555067018	0.39626144488782794	0.28973789960547036
0.2970074167463128	0.28636376342334485	0.41662881983034245
0.20295330181761523	0.559207328402316	0.23783936978006884
0.6886224335734896	0.16571172798459743	0.14566583844191294
0.06874000269733838	0.10142103831746929	0.8298389589851924
0.8875397144837079	0.04125678178792386	0.07120350372836826
0.06458281206158223	0.35769845295934477	0.5777187349790731
0.03872185287598301	0.3460082890366997	0.6152698580873175
0.11520622614003778	0.5222311359976378	0.3625626378623245
0.07251015199875432	0.29543854799943725	0.6320513000018086
0.08124914126851446	0.3149318967632367	0.603818961968249
0.2652863062466634	0.39652638004349855	0.3381873137098381
0.12495599263027024	0.651186233251474	0.223857774118256
0.3075281646384568	0.4212751433328997	0.27119669202864366
0.31008198273096654	0.2815184371699139	0.40839958009911964
0.20748331516526802	0.4886610269863332	0.3038556578483989
0.2616986898246939	0.548948607173897	0.18935270300140916
0.15928633623640046	0.03438235988578253	0.806331303877817
0.4940518229961067	0.36482837570533344	0.14111980129855994
0.033383347408596165	0.27152280299775083	0.6950938495936532
0.21366820085182903	0.07621220645588028	0.7101195926922907
0.06175341723508443	0.7519852339966366	0.18626134876827904
0.46336068955977305	0.4035724828285618	0.13306682761166522
0.22338165255451337	0.48350907964284273	0.293109267802644
0.1043357050468117	0.6428901087131074	0.2527741862400811
0.08244741511459264	0.7840755062026883	0.13347707868271913
0.6138052579111112	0.18984435570438546	0.19635038638450347
0.2701996593139624	0.06719494480864208	0.6626053958773956
0.018533080221927845	0.2068699674010509	0.7745969523770213
0.4410643003248114	0.07952450597390603	0.4794111937012827
0.7391539093977244	0.09035838041809258	0.17048771018418307
0.40170296002859124	0.3713283933943625	0.22696864657704638
0.332450221740633	0.4931618614544808	0.17438791680488627
0.40609885159822945	0.1769478332299471	0.41695331517182355
0.3082825625112365	0.27156520036324844	0.42015223712551525
0.3728441153293211	0.34989045187423107	0.27726543279644794
0.34212742615699565	0.20710577978656491	0.45076679405643955
0.3567719281978552	0.1470327027135326	0.4961953690886123
0.3443147629178854	0.37714416255249344	0.2785410745296213
0.19253990309428695	0.4437881059865695	0.3636719909191437
0.3739523137205654	0.33128512574778657	0.29476256053164807
0.2050498921047557	0.7740254425793154	0.02092466531592896
0.1323364450131148	0.12073562505459057	0.7469279299322947
0.2409732618993739	0.04108313349023657	0.7179436046103896
0.16715022362735546	0.5509404825252019	0.2819092938474428
0.08533809247469726	0.7136787861196161	0.2009831214056868
0.2739955347160845	0.2092736664929924	0.5167307987909232
0.45987708366387847	0.11565274427464553	0.42447017206147614
0.7788468563421067	0.08062295882054493	0.14053018483734847
0.4582619793253654	0.20703290060727242	0.33470512006736225
0.35628116078552974	0.4988626538727523	0.144856185341718
0.10967618556882211	0.2466624610094962	0.6436613534216817
0.07411332246142865	0.25376673389119336	0.6721199436473781
0.35971816899956743	0.45006375842461654	0.1902180725758162
0.4169658741485769	0.028044384512419585	0.5549897413390036
0.541428808570942	0.44372674226181297	0.014844449167245144
0.0433497475281962	0.7565154125722708	0.2001348398995331
0.22268760930874557	0.11725341995502653	0.6600589707362281
0.19211704455472528	0.7033595477843272	0.1045234076609477
0.648398631536747	0.11819208299311953	0.23340928547013345
0.30202451733205626	0.207796288046231	0.4901791946217129
0.11550649370163368	0.41966438635388237	0.46482911994448406
0.054566698305458794	0.6795788394336477	0.2658544622608937
0.06250587341085084	0.6595018971528184	0.2779922294363309
0.3003566089861822	0.20013922363728856	0.49950416737652936
0.49961221802764	0.3907205827841777	0.10966719918818241
0.7434998875317311	0.17317619078244018	0.08332392168582875
0.1204089597390986	0.5364689628406217	0.3431220774202798
0.0782544657288386	0.2653759998847917	0.6563695343863698
0.06816968607621554	0.46304900508125046	0.4687813088425341
0.10799370953561968	0.3031684234787378	0.5888378669856427
0.10297114073218239	0.07450904152897542	0.8225198177388422
0.7668088820491301	0.1796951158302063	0.05349600212066369
0.3061086794128233	0.27757633982110347	0.4163149807660733
0.550312456060714	0.12529836437619601	0.3243891795630901
0.23602376280466333	0.07051171962612846	0.6934645175692083
0.5731611359001474	0.09839915233295704	0.3284397117668957
0.4814154190273676	0.5042678518489995	0.014316729123632965
0.5200188988286547	0.372431975223378	0.10754912594796737
0.06139591519033544	0.40681707389087307	0.5317870109187917
0.11886337592765955	0.1285848516337885	0.7525517724385521
0.16889880313364114	0.7540844672428676	0.07701672962349138
0.2567288671250975	0.48529658969853795	0.25797454317636465
0.11404646560028267	0.8787613221711393	0.007192212228578132
0.1447053566042188	0.7536361209116771	0.10165852248410429
0.14235971595009095	0.7009428343510258	0.15669744969888338
0.3364140100665743	0.12239812125936733	0.5411878686740585
0.2895170401911084	0.2858662452804966	0.4246167145283951
0.24837901055761874	0.2493591058114643	0.5022618836309171
0.18993317419857497	0.637013619249007	0.17305320655241818
0.18966358991019971	0.03656697148419341	0.7737694386056071
0.18279842239482733	0.0784081037951489	0.7387934738100239
0.06805815896635903	0.38525719104314526	0.5466846499904958
0.4460267185454139	0.3651910499979739	0.18878223145661227
0.10532061719146385	0.15450695783548535	0.7401724249730509
0.8828278720425909	0.058980196470060364	0.05819193148734869
0.18701869958649206	0.23835050146344045	0.5746307989500676
0.632853525458096	0.1915956730877522	0.1755508014541519
0.0819337678604215	0.3538744552096519	0.5641917769299267
0.579466363806834	0.24009384537869455	0.18043979081447153
0.49059155903861684	0.04680299691638712	0.46260544404499615
0.3830578962113572	0.6067870963568712	0.010155007431771668
0.6777787212130766	0.23305105573778037	0.08917022304914318
0.5493342651713418	0.14889973429688597	0.3017660005317723
0.8565268622978653	0.0708323702505742	0.07264076745156045
0.03303482128585872	0.20349333879967058	0.7634718399144709
0.026575175760457648	0.7453827993812412	0.22804202485830122
0.08608987998806084	0.08483439957402683	0.8290757204379124
0.41044912381970927	0.2132289131541949	0.37632196302609594
0.043337955797886296	0.6315374922508326	0.32512455195128137
0.2383825745443112	0.16946772758734013	0.5921496978683487
0.20220750130365744	0.22268250990665783	0.5751099887896849
0.07743831558011915	0.7217187369314682	0.20084294748841275
0.34824844096480834	0.161322089018835	0.49042947001635684
0.46131871306040206	0.17911905249091206	0.359562234448686
0.27859382644498687	0.675311660443384	0.04609451311162932
0.338455153705169	0.56180931924048	0.09973552705435096
0.17294911394872203	0.38723734715589087	0.43981353889538727
0.8405357233049259	0.025756089511172364	0.13370818718390184
0.42113270534440606	0.2699795163866545	0.30888777826893954
0.40655596611206796	0.13143649549053824	0.4620075383973939
0.03716101827999535	0.21310533096738477	0.74973365075262
0.2250093243463854	0.6919754607028025	0.08301521495081221
0.7621438963401312	0.21360933998215678	0.024246763677712002
0.3222649527484933	0.2586003488036655	0.4191346984478413
0.4144264227361503	0.17755679272382147	0.4080167845400283
0.5013893984351326	0.22533576003633898	0.2732748415285285
0.6458858456100126	0.14123205058958505	0.21288210380040243
0.6763276895097656	0.25475160453693657	0.06892070595329786
0.23085339234555247	0.1641298802672243	0.6050167273872233
0.1716477045799757	0.10570033023045144	0.722651965189573
0.0766014204585142	0.5529409068672053	0.3704576726742806
0.45798713432279314	0.45755359910992277	0.0844592665672842
0.33138952404904587	0.42949021761021206	0.2391202583407422
0.2937679733269837	0.42806063050786775	0.27817139616514863
0.02052529279075027	0.5452526083609558	0.43422209884829405
0.06410545935916406	0.8922223229479777	0.043672217692858506
0.5940638764969361	0.38630217280261736	0.019633950700446656
0.11913324180925408	0.29220339846635274	0.5886633597243933
0.21851512067021028	0.2676518972370841	0.5138329820927057
0.40022348505870653	0.2520139513860561	0.34776256355523755
0.4145315899038953	0.06973612816515717	0.5157322819309477
0.5445498473104813	0.23995357767061434	0.21549657501890454
0.5800507784124619	0.24290460284079193	0.17704461874674632
0.7650805682693896	0.06045994938088861	0.17445948234972183
0.1997648639211672	0.6738466448708402	0.12638849120799273
0.06796330107276993	0.8833102007781081	0.04872649814912211
0.3062418300445254	0.16233558203715126	0.5314225879183234
0.8399936155378177	0.03962549669977089	0.12038088776241157
0.08824522551290367	0.3378277243761575	0.573927050110939
0.6681393710276016	0.2870575680644871	0.044803060907911474
0.00868005997201754	0.8672206373693228	0.12409930265865987
0.04768870834773753	0.4463553736475764	0.5059559180046862
0.0734285467055637	0.8501744497881668	0.07639700350626966
0.6272191262952778	0.07481172354618204	0.29796915015854025
0.4501351844152933	0.1215458666644322	0.4283189489202746
0.16720716937353614	0.010199132555868518	0.8225936980705955
0.1846963463404772	0.4340168489842757	0.38128680467524717
0.6595173341125904	0.13708849251395772	0.203394173373452
0.030881554335962735	0.7943710269539571	0.17474741871008023
0.20541377168871322	0.1193982772247606	0.6751879510865263
0.11934325281447031	0.1923649519595699	0.68829179522596
0.3398687521369412	0.25251686586471755	0.4076143819983414
0.3815571417899821	0.3603586483481168	0.25808420986190117
0.3811325920481882	0.2066378785245887	0.4122295294272232
0.26984299109270576	0.36210056533426616	0.3680564435730282
0.42567514525992	0.20778546358445366	0.3665393911556265
0.010837606925602428	0.3949299453660623	0.5942324477083354
0.8059652008430521	0.18588454408539246	0.008150255071555534
0.04085431015467578	0.3299565605726943	0.62918912927263
0.11071112356245669	0.612578106779895	0.2767107696576484
0.28779331998989516	0.2556042439922885	0.45660243601781647
0.32510829636387995	0.3115469864048009	0.36334471723131934
0.3012609889180012	0.4678975313547987	0.23084147972720018
0.674441712090649	0.2852231850141402	0.04033510289521092
0.10490661983326913	0.758876889430273	0.13621649073645803
0.11746885727661216	0.5236270285627698	0.3589041141606183
0.29088967023467327	0.6815603307505242	0.02754999901480265
0.10873762771248713	0.7267318401145282	0.16453053217298483
0.07307205826663488	0.6571396818677564	0.2697882598656088
0.6653681628566301	0.17792443081789527	0.15670740632547464
0.6950986645716213	0.057004514009618645	0.2478968214187602
0.2125471688657164	0.5209957181103567	0.266457113023927
0.8679893284057967	0.0865928769185425	0.04541779467566087
0.234114439815637	0.5027147569467669	0.26317080323759623
0.4296746964169395	0.4483020550411161	0.12202324854194452
0.4597661666459123	0.24133532525271084	0.29889850810137697
0.12491618114447955	0.6826146885712443	0.19246913028427626
0.4430972256810969	0.019380427033323933	0.5375223472855792
0.19279226920264633	0.31563336003195586	0.4915743707653979
0.16835768911135587	0.6611504605782623	0.17049185031038186
0.8196783645263168	0.03718177009831575	0.14313986537536755
0.04772985589737738	0.6041928467741806	0.3480772973284421
0.24578608277087033	0.6579070561279029	0.09630686110122694
0.32031983970968864	0.5203710117873402	0.15930914850297126
0.8105446195906061	0.0687940969731588	0.12066128343623517
0.04653980122333712	0.24901663515720135	0.7044435636194617
0.26628775354823914	0.17789186828617326	0.5558203781655877
0.3943020024028965	0.13707334974004665	0.46862464785705693
0.10559742343825618	0.5284794729723955	0.36592310358934843
0.032888370342824325	0.2182781721991577	0.7488334574580182
0.016190038466699974	0.8026719842486227	0.1811379772846775
0.7669397403414786	0.02424040846741743	0.20881985119110402
0.557449055091813	0.33791870678393443	0.10463223812425271
0.2908503918617907	0.30652559937565155	0.4026240087625579
0.4532514819878645	0.4291809536367907	0.11756756437534491
0.11815170103574674	0.5336463797286075	0.3482019192356459
0.2539932142097862	0.5049338641737381	0.24107292161647578
0.22062532612562105	0.06905665068697481	0.7103180231874042
0.30140469688747096	0.04126723243978797	0.6573280706727411
0.2964273654354498	0.4016520780748789	0.3019205564896714
0.4368736562392455	0.23763573753842793	0.3254906062223266
0.7482020310641642	0.2013996340436195	0.0503983348922164
0.4762840554629376	0.1372779141857885	0.386438030351274
0.2587489002534234	0.6017993239112756	0.1394517758353011
0.3634245894697246	0.539561089603253	0.09701432092702245
0.5420949439730055	0.4162858219651302	0.04161923406186435
0.44063262216780474	0.4530924668927004	0.10627491093949498
0.7890547031758657	0.01016672113496625	0.2007785756891682
0.27685551793013974	0.027524539686254512	0.6956199423836058
0.2899358297259562	0.06827341878052029	0.6417907514935236
0.16070675053684555	0.5184799587201724	0.32081329074298215
0.4132082656750901	0.5106325069742159	0.07615922735069414
0.010090078699279192	0.7630275885810838	0.22688233271963726
0.4096379323798237	0.22316158908442046	0.36720047853575594
0.5442874570904117	0.29842794932061434	0.157284593588974
0.06877066443506191	0.6217530408038601	0.30947629476107813
0.19240163712253347	0.7572155698768501	0.0503827930006166
0.0855758198312554	0.4741341425856087	0.440290037583136
0.023809839035007607	0.1417014771224004	0.8344886838425921
0.25868214727187	0.5225959348363391	0.21872191789179093
0.10697085516298019	0.2346888200106362	0.6583403248263837
0.008254109766988482	0.3992352035869178	0.5925106866460939
0.4899217730154065	0.10576971505712171	0.40430851192747186
0.856637549884722	0.08259465157985901	0.06076779853541908
0.40939547584740216	0.3442706422492237	0.24633388190337427
0.04786326370564831	0.0913811762306665	0.8607555600636854
0.2628523980676269	0.5520763184230749	0.1850712835092983
0.7397527690274401	0.10371293385240976	0.15653429712015016
0.32353152371327293	0.32623727446629924	0.35023120182042794
0.11398293349253091	0.7636646951240789	0.12235237138339033
0.8849668566320102	0.10583321163953008	0.009199931728459732
0.07651302941375948	0.5406693828153684	0.38281758777087227
0.35135994319878544	0.6345885557334886	0.014051501067726013
0.27441043297514994	0.1455541749157377	0.5800353921091124
0.18908128367359667	0.43563089026954055	0.3752878260568629
0.23329204300369943	0.3046838727138564	0.46202408428244424
0.3734521899071229	0.6160258369213685	0.01052197317150877
0.5953601374922064	0.3650897981443105	0.039550064363483184
0.5390112624796071	0.16858401003484202	0.292404727485551
0.09850410946839233	0.42515551504896965	0.47634037548263813
0.6888436521785285	0.06878001800834432	0.2423763298131273
0.022164981768603154	0.34657368199442745	0.6312613362369696
0.18150259621275078	0.20404171857357853	0.6144556852136708
0.09689961819459184	0.33351246132809015	0.5695879204773181
0.06724017939261634	0.7806457223524134	0.1521140982549704
0.131980119395896	0.4055734271248874	0.46244645347921665
0.7398324564594796	0.10024844743214917	0.1599190961083714
0.16322885074129523	0.5535362522765638	0.2832348969821411
0.7619697525037163	0.04737247938469763	0.19065776811158608
0.7426404768100919	0.17586604762826197	0.08149347556164621
0.14123522558231083	0.14215791130529581	0.7166068631123934
0.07363642309203577	0.5231539814928724	0.403209595415092
0.17030952414737474	0.037238928438928065	0.7924515474136973
0.15716842420694743	0.07799286581803921	0.7648387099750136
0.20323607587864245	0.6898184856184646	0.10694543850289312
0.7278967044105754	0.06735977252468095	0.20474352306474375
0.29766915460036814	0.4090421834151774	0.2932886619844546
0.7339685293862774	0.11492584884685542	0.15110562176686732
0.505408779824054	0.29319862501688526	0.20139259515906086
0.5412129458094196	0.44008111708373776	0.018705937106842763
0.17262461521661918	0.726100533385722	0.10127485139765896
0.2286127156530396	0.1776524013220206	0.59373488302494
0.07722874272972441	0.062533183978987	0.8602380732912888
0.4899159272364526	0.4695536999137151	0.04053037284983246
0.6444256495159952	0.2615956511790446	0.09397869930496028
0.1005741780480387	0.7544819432288103	0.144943878723151
0.6560245142534458	0.14077372175525052	0.20320176399130374
0.04777868836859894	0.12526666303559866	0.8269546485958025
0.3325423133923654	0.5584594079716596	0.10899827863597508
0.1537670324053479	0.45108045967219534	0.3951525079224569
0.4722234938245475	0.3474263798066347	0.18035012636881795
0.01949950724810845	0.16721716236946707	0.8132833303824245
0.2585641176471894	0.09438666602347595	0.6470492163293347
0.7177627944358125	0.18768021563707182	0.09455698992711578
0.32945706541972086	0.31794684572973525	0.352596088850544
0.2007503679497859	0.1745917768880369	0.6246578551621773
0.22558456904544552	0.3343607287820832	0.4400547021724714
0.15111642436949543	0.6635877966795602	0.1852957789509445
0.4870898533480791	0.04048275199654178	0.47242739465537925
0.7760623048940453	0.010466664225603384	0.21347103088035146
0.7606442013739213	0.020165850808361863	0.21918994781771695
0.3098160075353504	0.1597614625168946	0.5304225299477551
0.7650552389311412	0.17265983550406466	0.06228492556479409
0.09793709599508199	0.7305488576889131	0.17151404631600506
0.39092361783641016	0.2550519969599695	0.35402438520362045
0.6406586974862077	0.18292528305308392	0.17641601946070842
0.8238438423674683	0.15442084606445095	0.021735311568080784
0.30347779257671875	0.5179082121869947	0.17861399523628668
0.512404236298769	0.16108317055276397	0.3265125931484671
0.4551269172071509	0.2913100452637659	0.25356303752908327
0.11185733235959111	0.4260367949361431	0.4621058727042659
0.18799052025809518	0.47855705037029267	0.3334524293716123
0.30519972457634775	0.5499583419874172	0.14484193343623517
0.5139836066689517	0.33164230289868446	0.15437409043236394
0.7682356962895958	0.17705119209184816	0.05471311161855619
0.17460403439810654	0.193206704670496	0.6321892609313976
0.5839707880221034	0.25741482997609055	0.1586143820018061
0.0145521080878237	0.1534368731979287	0.8320110187142478
0.3823911226988382	0.523038322637325	0.0945705546638369
