0.3657450014093	0.4305754713424522	0.2036795272482479
0.5116095515346913	0.13208111845796636	0.35630933000734244
0.1981957438123671	0.5506433237644788	0.25116093242315424
0.47953012545192475	0.2767644985451656	0.2437053760029097
0.16531820301282582	0.5935072775355885	0.24117451945158586
0.287404748264722	0.45338762703579555	0.25920762469948255
0.26226903635853166	0.354738691915671	0.38299227172579753
0.2709799086810576	0.4482466394418986	0.28077345187704394
0.2289629659365648	0.2822096293173257	0.48882740474610964
0.1583733930108137	0.4972280517002973	0.3443985552888891
0.1298947907308154	0.5696647150408225	0.3004404942283623
0.4063150086951192	0.24532684481431194	0.34835814649056895
0.27073704085835293	0.20961648984283365	0.5196464692988136
0.2111497976135403	0.4151589973679085	0.37369120501855135
0.15848886144998117	0.6341430741809229	0.20736806436909613
0.304962566253302	0.2957779658688424	0.3992594678778557
0.4983069000046913	0.30785517998960726	0.19383792000570155
0.41266323794978244	0.1612789423710654	0.4260578196791523
0.20265704263452725	0.4049714632019425	0.3923714941635304
0.34426197897390937	0.38599484205057016	0.2697431789755206
0.2949553237261092	0.48514648394312865	0.21989819233076227
0.38626570374278063	0.13295312538636356	0.4807811708708559
0.3592031921302321	0.4149380981579571	0.22585870971181088
0.06355208238267285	0.7037216802065134	0.23272623741081389
0.3685826741278628	0.40232536685148934	0.22909195902064802
0.4876112438466071	0.21853367216798525	0.2938550839854078
0.5260254148588721	0.12133618927397505	0.352638395867153
0.3156429932135487	0.288376479677729	0.3959805271087224
0.34493000562676274	0.09643628257977813	0.5586337117934592
0.09630311639132721	0.5892893312183008	0.31440755239037205
0.2777879061970798	0.27639808348627026	0.44581401031665
0.39417263303057803	0.09333490632351493	0.5124924606459071
0.3185690464047937	0.30533253736578575	0.37609841622942064
0.5406137424197867	0.2546556571898463	0.20473060039036717
0.15501844879749876	0.47829880568998456	0.3666827455125168
0.45612632564158645	0.11274467181375586	0.4311290025446578
0.22435871284795872	0.2151484180603773	0.5604928690916642
0.1189158379707152	0.385482680847407	0.49560148118187797
0.19093319403948558	0.39694427303631785	0.41212253292419665
0.22233582947960664	0.2422187352850694	0.5354454352353241
0.41425027295907724	0.374245412583114	0.21150431445780893
0.3815951011328472	0.3300420127343865	0.2883628861327664
0.26855759418366554	0.19920779903267358	0.532234606783661
0.317686014045475	0.20333184398180632	0.4789821419727188
0.3840833366191815	0.29446031159409736	0.3214563517867213
0.19141995425170155	0.4418576624419239	0.36672238330637463
0.19293330076900453	0.24111141492009333	0.5659552843109023
0.36093904774027424	0.38939229200810455	0.2496686602516213
0.3237526015179556	0.4410974438007991	0.23514995468124542
0.6341176739572199	0.1430942849717151	0.22278804107106515
0.07792985800366625	0.4376576046209172	0.4844125373754168
0.0789651493913166	0.722967125892939	0.19806772471574452
0.17225466590819521	0.5618093341419859	0.2659359999498191
0.0689183773531632	0.6864880794958885	0.24459354315094833
0.11591653719274009	0.4874019177804768	0.3966815450267832
0.34292692000720604	0.3486559618910624	0.3084171181017316
0.11631143932924115	0.3843738147767889	0.49931474589397007
0.10551533247647257	0.44173534214794974	0.4527493253755779
0.08546406662743189	0.5153381636615906	0.39919776971097765
0.37922155096970434	0.2757562898602341	0.3450221591700617
0.08757322609234552	0.46717260023311824	0.4452541736745364
0.5489333206897034	0.21611071216604041	0.2349559671442563
0.5392243742300963	0.24447848363175512	0.2162971421381487
0.1927918008864695	0.24449574236948438	0.5627124567440462
0.11619831676586442	0.46394453405148506	0.41985714918265066
0.6317243003560453	0.10460811234584536	0.2636675872981094
0.32138207125100193	0.3549798003788756	0.32363812837012257
0.3105723405153851	0.32149536887648256	0.36793229060813243
0.3069636277262682	0.17692310151774052	0.5161132707559914
0.2092580718990699	0.41216024405191887	0.3785816840490114
0.36604009787103914	0.12769730933451084	0.5062625927944501
0.1262434969154652	0.6465078786300322	0.22724862445450267
0.41302296225525426	0.3549242252621794	0.23205281248256643
0.09428683879428063	0.35289321225957654	0.552819948946143
0.08991154033673418	0.6851132950036317	0.22497516465963424
0.606973828394597	0.1424306523705684	0.2505955192348347
0.15704010599815804	0.4273747116632423	0.41558518233859976
0.2058852395452428	0.4482597917053491	0.34585496874940824
0.609818143596854	0.17717001659500226	0.21301183980814375
0.1258289569240356	0.3241065991032317	0.5500644439727328
0.23463188025801138	0.3823830471354266	0.3829850726065621
0.37633479524398306	0.2392196322985502	0.38444557245746686
0.428416140594544	0.126137982964291	0.44544587644116507
0.3568852896170691	0.13840783909281074	0.5047068712901203
0.5258991904191741	0.10911050973976671	0.3649902998410593
0.11202525941708058	0.6668486943141816	0.22112604626873794
0.24576886879308674	0.3673317884615265	0.3868993427453869
0.3225738841068472	0.3342078347863057	0.34321828110684727
0.07980188091515034	0.5058844502066766	0.4143136688781732
0.1571764640473604	0.34289088676604834	0.49993264918659136
0.1087767947617489	0.41436374398360915	0.47685946125464207
0.19724449882267237	0.5083629941634882	0.2943925070138395
0.1168552109071973	0.48820030895136796	0.39494448014143485
0.11490682399450317	0.5914380590443024	0.29365511696119456
0.47085909278149357	0.31098433075021	0.2181565764682966
0.19584980408056957	0.42211928569883755	0.382030910220593
0.09752685186006188	0.6738594682119015	0.2286136799280368
0.34759135015402415	0.3375526062174052	0.3148560436285708
0.3738194139532341	0.3439972158338893	0.2821833702128767
0.3176756689712446	0.3861730678842764	0.2961512631444791
0.34774876965539225	0.3120822958559228	0.3401689344886851
0.39533358369588284	0.2627628700137633	0.34190354629035397
0.4670362253395012	0.15910078647839915	0.3738629881820998
0.2168664327230972	0.5009747129536029	0.2821588543233
0.49989781477621575	0.10810410994582384	0.3919980752779605
0.22339287143820402	0.49790643243009536	0.27870069613170073
0.18707773021641202	0.30266982370456114	0.510252446079027
0.07850440245860718	0.5520419265323511	0.3694536710090418
0.2648180478732455	0.34036552057353914	0.3948164315532155
0.23372742861968698	0.5596931622159849	0.20657940916432832
0.23499736337497526	0.5336458224890556	0.23135681413596926
0.12301656381815962	0.635612923523132	0.24137051265870843
0.06715709252627383	0.5700944607357951	0.3627484467379313
0.42389899074550086	0.15809851536383396	0.4180024938906653
0.4742277243163599	0.3311779865921371	0.19459428909150314
0.6148039678797121	0.12699548599194815	0.2582005461283398
0.30442825866688816	0.20415088487881042	0.49142085645430156
0.41832535632940976	0.3243837269374233	0.25729091673316706
0.20040809572876558	0.45939679905518876	0.3401951052160458
0.09394071616542535	0.5621940857599008	0.343865198074674
0.22804037200316052	0.3056839800404658	0.4662756479563738
0.19196027943599267	0.38005837730715936	0.4279813432568481
0.3952583009844646	0.27464025327098396	0.3301014457445516
0.41056589508941566	0.38068823260315066	0.2087458723074338
0.4529205815150952	0.3210245920471246	0.2260548264377803
0.3708668865854842	0.16224643771240907	0.4668866757021068
0.3545526838901892	0.1939699294349678	0.4514773866748431
0.4946650951734223	0.2004003546340294	0.30493455019254845
0.3186718674426635	0.11348234092299575	0.5678457916343409
0.1099088006816899	0.3375750838967567	0.5525161154215534
0.4424315992174322	0.2942074825125082	0.2633609182700597
0.31944844692856705	0.12293173022664727	0.5576198228447857
0.17312295842826714	0.5833967931541117	0.2434802484176212
0.2708170549929281	0.5145216432710622	0.2146613017360099
0.3962605252685692	0.30668989658052626	0.29704957815090466
0.2825032899430487	0.29051836830015154	0.42697834175679994
0.6063441381026323	0.12781019151711775	0.26584567038025003
0.38626075699149476	0.21877366810944096	0.39496557489906436
0.10555742330677104	0.6536220253476555	0.24082055134557362
0.07556040767890837	0.7126721467022203	0.21176744561887145
0.15607244981327922	0.5236961536332803	0.32023139655344063
0.15385159979829488	0.3915544737957922	0.454593926405913
0.2449192737104623	0.28058359369104996	0.47449713259848786
0.12116687870084047	0.43600108907051305	0.44283203222864653
0.5078831974657455	0.18270341274010302	0.30941338979415156
0.46808725868474704	0.2455322365573117	0.28638050475794136
0.5747578710781845	0.12951058122394746	0.2957315476978681
0.07982755917674589	0.4257729871323934	0.4943994536908608
0.20143901595490196	0.23725044210993732	0.5613105419351608
0.3891806584478901	0.3788871342081557	0.2319322073439543
0.4497725460775336	0.2077658393671337	0.34246161455533286
0.31457045147903384	0.2434238587731182	0.4420056897478481
0.44733816360392264	0.11256448339312344	0.440097353002954
0.3454849057509849	0.2350856880638301	0.41942940618518515
0.3517236692604857	0.4096668144708542	0.23860951626866023
0.5036112723582415	0.15991807932991395	0.33647064831184464
0.28991548703132686	0.40006416381367305	0.3100203491550002
0.20408497293641759	0.36953184360458885	0.4263831834589937
0.3318356676087823	0.2927361844723081	0.3754281479189097
0.5458498965847554	0.2359739477041129	0.21817615571113186
0.2393143871468907	0.22582936583708302	0.5348562470160264
0.19416871334147456	0.39842297552106454	0.407408311137461
0.441542269143813	0.24065513912855216	0.317802591727635
0.33513672088350993	0.32617045722065596	0.3386928218958342
0.4712750864861073	0.20195317796756182	0.326771735546331
0.5631907948535326	0.11613845333439071	0.3206707518120767
0.37551137005083074	0.2020915391871362	0.42239709076203313
0.41529418139739105	0.1914924392113439	0.39321337939126516
0.5571607620397346	0.23580971183123925	0.20702952612902625
0.13474493089641537	0.42917140688341904	0.4360836622201658
0.31071124689221286	0.21733981043331074	0.4719489426744765
0.47496776503755306	0.1897846138973458	0.33524762106510125
0.44699358076058415	0.30844849270867314	0.24455792653074282
0.27246705876295807	0.4562190679413966	0.2713138732956454
0.1496227001669533	0.2850246254102069	0.5653526744228399
0.3180441561341296	0.3307735986165211	0.3511822452493493
0.3786206478859454	0.24264354436751684	0.3787358077465379
0.33949993468935946	0.42010557179856556	0.24039449351207515
0.1625155558414237	0.4044344917149511	0.4330499524436253
0.3398514941586441	0.321972407517135	0.338176098324221
0.2532296783343207	0.31427949903941604	0.4324908226262634
0.6319311167161248	0.17379809575040206	0.19427078753347335
0.16007860113379344	0.4158397013502414	0.42408169751596536
0.24672171805177845	0.3744731972560398	0.3788050846921819
0.30669941134866974	0.13190418499929407	0.5613964036520362
0.5085193132050797	0.15224490249439543	0.339235784300525
0.14049610674496493	0.3566180751710789	0.5028858180839563
0.33093132864012137	0.22633457190726586	0.4427340994526129
0.3765052582885643	0.15487419455156046	0.46862054715987544
0.17173764323003715	0.47373628350315955	0.35452607326680347
0.4597990635709591	0.23097145674945715	0.3092294796795838
0.4630685212135893	0.2724367737743881	0.2644947050120227
0.24191814879739382	0.401262790509099	0.3568190606935073
0.322728942479733	0.4124004289208472	0.2648706285994199
0.17794199029385566	0.45661872301590695	0.3654392866902375
0.06537894227694369	0.5510179149612142	0.3836031427618422
0.10970392734283665	0.48245431741321626	0.4078417552439472
0.24585022045983876	0.47296837690697957	0.2811814026331818
0.13122540865970445	0.5834034121736804	0.28537117916661525
0.4495276878348502	0.2758263983302564	0.2746459138348935
0.39347189718691844	0.16760300349029852	0.4389250993227831
0.2597123667146832	0.36340913033570915	0.3768785029496078
0.36689888426600925	0.16705427274323006	0.46604684299076077
0.2502823581566892	0.30877017743866825	0.44094746440464266
0.5768445813528453	0.22487155004509896	0.19828386860205588
0.3642189476737848	0.4134322643739873	0.222348787952228
0.2825391841322576	0.3537216161623393	0.36373919970540314
0.42321557904762563	0.3823124614611072	0.19447195949126722
0.33926252797206	0.15967383394728993	0.5010636380806501
0.31895872814873394	0.44569640405196764	0.23534486779929847
0.2525371813328219	0.20952964756898082	0.5379331710981974
0.09674762486734198	0.3535824090420761	0.549669966090582
0.3461280807900412	0.4181607987129564	0.2357111204970025
0.3077940894373062	0.4498549690853588	0.24235094147733507
0.12218246398223678	0.6874547390521253	0.19036279696563801
0.405777170241157	0.2712311223426472	0.3229917074161959
0.31617768023360937	0.4567176448701822	0.22710467489620859
0.3580686969483899	0.3178237568456747	0.3241075462059355
0.0870090206210701	0.6891190876542446	0.22387189172468552
0.24182361257504054	0.21216376406083082	0.5460126233641287
0.44607904461980535	0.35016144232527846	0.2037595130549163
0.2206691163149515	0.3626870340867405	0.4166438495983081
0.4851625384807187	0.15396196349301605	0.36087549802626534
0.30565237230484316	0.16073249090911573	0.5336151367860412
0.3926273281791668	0.2591172982705707	0.34825537355026265
0.2801640463198129	0.26222486342720824	0.45761109025297897
0.2498262168973605	0.4124709243641505	0.3377028587384891
0.4129568100046726	0.36094158143350913	0.22610160856181838
0.36672598490488595	0.23392395781510442	0.3993500572800097
0.25942319265207875	0.19063630346243335	0.549940503885488
0.1807598298480898	0.4699180245942701	0.34932214555764024
0.32287567921235516	0.11532693797823851	0.5617973828094064
0.4128276925501674	0.2225312659039534	0.36464104154587934
0.23718449053100193	0.19246619417674443	0.5703493152922537
0.3863658121594108	0.377322780100154	0.2363114077404353
0.5083993796451617	0.2393501850737077	0.2522504352811307
0.13722093955221631	0.5805073329776785	0.28227172747010526
0.2653899325215203	0.4716103863411351	0.2629996811373446
0.43065450762427115	0.10397132868396508	0.4653741636917639
0.17746925017902396	0.5730025256857598	0.24952822413521636
0.14679188102649793	0.47989572495673816	0.3733123940167641
0.16103926124506232	0.325383308925732	0.5135774298292058
0.3135497214092344	0.23888024935087626	0.4475700292398894
0.49122236976431616	0.14399415103407837	0.3647834792016056
0.37648116824745914	0.39232389698493314	0.23119493476760783
0.08387999903694643	0.6028250784089403	0.3132949225541134
0.5805653109394648	0.09841062290388314	0.32102406615665213
0.45143928939492295	0.16982888303041133	0.37873182757466584
0.15693343308369118	0.388770143596886	0.45429642331942294
0.42187678801817885	0.16097087479984062	0.41715233718198064
0.5684072931278117	0.227763397081635	0.20382930979055344
0.4769338073956241	0.28789919265179	0.2351669999525861
0.5198674480835157	0.26194992277225526	0.2181826291442291
0.41750622328500986	0.3899003591654281	0.19259341754956213
0.257604783756251	0.44673632517553225	0.29565889106821686
0.10282625126004097	0.3809256845885474	0.5162480641514118
0.28000083871985953	0.49878294858354566	0.22121621269659492
0.25630795697137004	0.47580441064311957	0.2678876323855105
0.12046762023569157	0.6715681617711923	0.20796421799311626
0.4731575611997849	0.10567655729717387	0.42116588150304135
0.08054463940791523	0.5031278173218179	0.41632754327026694
0.08623619148019857	0.4096748689997431	0.5040889395200585
0.2859502386878071	0.37384738456537536	0.34020237674681764
0.30155460461500916	0.35605264346552135	0.3423927519194696
0.3100808265432822	0.37559447140663904	0.31432470205007895
0.3196811267405087	0.4079238658264075	0.272395007433084
0.3582669800848582	0.2084212730324036	0.4333117468827383
0.4684239571742872	0.15488396692520115	0.3766920759005118
0.5270911348098866	0.14506619248691852	0.327842672703195
0.377845000528557	0.39408755346258106	0.22806744600886203
0.3447759190363295	0.3371672891168522	0.31805679184681845
0.32067822025983117	0.38674740203517893	0.29257437770499
0.18654680670028548	0.4858254769469068	0.32762771635280785
0.54668995321932	0.10929711396304043	0.34401293281763967
0.2840473758089877	0.17265784808188106	0.5432947761091313
0.3181658360982734	0.3079579263635813	0.37387623753814536
0.14876035317755767	0.4910957678078864	0.3601438790145561
0.22857067188653932	0.5326810221223286	0.2387483059911322
0.21346529397796293	0.44556001779678206	0.3409746882252551
0.13288266896968504	0.4018086446746685	0.46530868635564665
0.21359260439921704	0.22057954230832766	0.5658278532924554
0.3605691211128349	0.15681011411162982	0.4826207647755354
0.3592454821141547	0.2935750248427033	0.3471794930431421
0.19804838605163827	0.5129407251365612	0.2890108888118007
0.4996977727556321	0.12635152754580478	0.37395069969856326
0.08793170441565873	0.446010656610047	0.46605763897429436
0.42505412494843686	0.11881201012881068	0.45613386492275265
0.4054693457385427	0.19422283610486787	0.40030781815658956
0.38052174690469837	0.17567197168388632	0.4438062814114154
0.32568458325539673	0.32973946325038406	0.3445759534942193
0.2559396841272007	0.27801872961155044	0.466041586261249
0.5550135294673361	0.1341907991406805	0.3107956713919835
0.5296357092287667	0.1735838428250992	0.2967804479461342
0.4210092845038491	0.34164930965463297	0.23734140584151803
0.3004260403067093	0.30471142163432363	0.39486253805896715
0.27672243381352657	0.19634623527669595	0.5269313309097776
0.1372800541372526	0.540007195596695	0.3227127502660525
0.21615509421881773	0.5236814354932909	0.26016347028789144
0.11026724212126282	0.4092472625949047	0.48048549528383266
0.2661226259098023	0.3422131656331611	0.3916642084570367
0.4594499352807146	0.3176824310309424	0.22286763368834311
0.45633816778768	0.28023012662707564	0.2634317055852445
0.17149652430886486	0.47984787162374204	0.3486556040673932
0.4769645026494328	0.22208876379655623	0.3009467335540111
0.4557169580716497	0.19856081814711604	0.34572222378123435
0.2865086761660139	0.1676519121353322	0.545839411698654
0.3141676980738685	0.26300168326712425	0.4228306186590073
0.2822978812232445	0.3452919602006168	0.3724101585761388
0.4068204132302292	0.11309865618003667	0.4800809305897342
0.13512704781638277	0.326777482841871	0.5380954693417463
0.4126128491552523	0.20579681683788242	0.3815903340068654
0.1113280753609614	0.5807717140769669	0.3079002105620718
0.19289239267307076	0.35513736742780305	0.45197023989912627
0.27080713222548436	0.5271993412153853	0.20199352655913055
0.2256363130823021	0.3391144546495147	0.43524923226818335
0.586947063708473	0.18247460797385529	0.23057832831767178
0.18787721940836435	0.5522993739597214	0.25982340663191433
0.1926935431207876	0.30265953989418404	0.5046469169850285
0.06903309422418413	0.6224582568782417	0.3085086488975742
0.4175316027705993	0.3619117967876627	0.22055660044173805
0.25604599702961683	0.5241375377237949	0.21981646524658843
0.2637120832522209	0.49613682090628286	0.24015109584149638
0.46333528562187765	0.1653586986068823	0.37130601577124017
0.44819982109143774	0.13039008278110245	0.42141009612745994
0.11351237992980845	0.4603854534445705	0.4261021666256212
0.22966578115283434	0.3441821158645976	0.4261521029825681
0.44285711954926793	0.2577539497953244	0.2993889306554078
0.18050632894072963	0.6007434417174866	0.21875022934178392
0.2985264633767545	0.1707076668522133	0.5307658697710324
0.1559883285867315	0.4106939061568262	0.4333177652564424
0.2729098127274773	0.2925444798721305	0.43454570740039233
0.23134800110279774	0.3900992029586431	0.37855279593855934
0.3768322227406941	0.3277061403813199	0.2954616368779861
0.2236732018419491	0.5827350688529089	0.19359172930514212
0.221418180863392	0.2561054737261816	0.5224763454104265
0.1635311255916144	0.34769937557963837	0.4887694988287473
0.2112174306881061	0.23974455759155253	0.5490380117203415
0.2566350953308527	0.5138915081560073	0.22947339651314008
0.19156613204878747	0.26621651163138615	0.5422173563198265
0.13350470009970977	0.5417011963890149	0.3247941035112754
0.3894265749810998	0.19592540215237372	0.41464802286652663
0.4676439698120506	0.23018845165611648	0.302167578531833
0.3824045627897117	0.25820095846533764	0.3593944787449508
0.6107159777856423	0.16287027705551826	0.22641374515883958
0.11444911183533557	0.34998256718824466	0.5355683209764198
0.16340025671207814	0.4648390856496698	0.3717606576382522
0.34825420092906334	0.18820944531234393	0.4635363537585928
0.49568865887124314	0.3105154931057238	0.19379584802303318
0.09505336079997717	0.598461326601901	0.306485312598122
0.6112385480796921	0.16367590425441242	0.22508554766589559
0.16669911947094712	0.27477615322065896	0.558524727308394
0.09129735202762568	0.5909106395629653	0.3177920084094092
0.2952056726647836	0.13903027563545595	0.5657640516997605
0.3017469161347899	0.3910135315067555	0.30723955235845474
0.28116310793394383	0.19928654877881177	0.5195503432872445
0.2986318572263626	0.3587071800581916	0.34266096271544594
0.29882801990046653	0.21535205889456405	0.48581992120496953
0.22738676859323942	0.40234759298204203	0.3702656384247187
0.5876872291171856	0.12044906588156531	0.29186370500124914
0.29990743459318997	0.48533445691217314	0.21475810849463697
0.4234151720882814	0.22746504046250032	0.3491197874492184
0.29890301155494664	0.3137652337254402	0.3873317547196133
0.23289582741565584	0.24394488732327246	0.5231592852610718
0.41321360330662205	0.19740749083224815	0.3893789058611299
0.37290800374817334	0.09565031777757899	0.5314416784742477
0.49355194074337666	0.2800339397414091	0.2264141195152143
0.17022562328248997	0.3203119576129249	0.5094624191045852
0.5299274099587485	0.09240356609774875	0.3776690239435029
0.3462035516693851	0.2195697069897986	0.4342267413408164
0.13699679173718587	0.45808615935356056	0.40491704890925373
0.1886109248246615	0.5298451413114373	0.2815439338639013
0.09532854493945678	0.60039812184849	0.30427333321205335
0.3784725050507092	0.3897570521312206	0.23177044281807035
0.3226304143295192	0.15885434565026754	0.5185152400202133
0.2080352897672793	0.38266510446003743	0.40929960577268343
0.10630132210084137	0.5020694078402796	0.3916292700588791
0.3369865270626631	0.2716161150287734	0.3913973579085636
0.36226712451445475	0.38986936832330443	0.24786350716224093
0.22613285246820403	0.22270063324028316	0.551166514291513
0.5631935389537994	0.14989951678952476	0.28690694425667584
0.30056990849112275	0.36476027153231877	0.3346698199765586
0.12607074146848782	0.4767746541639585	0.3971546043675538
0.2529045318602169	0.4039358830752633	0.3431595850645199
0.43036905701598105	0.10889356968260655	0.4607373733014125
0.4032430225558886	0.3701664414703201	0.22659053597379142
0.4675558586336448	0.1549489246864653	0.37749521667989
0.41023092984091525	0.1270810155098298	0.462688054649255
0.12874465202415736	0.5761716834524536	0.2950836645233892
0.11037651821905198	0.42602946811553055	0.4635940136654176
0.08819949156829371	0.7123024804741405	0.199498027957566
0.6143354885670627	0.09756189747940663	0.28810261395353076
0.32642428909962223	0.19132652197426595	0.4822491889261119
0.24144482668287395	0.40491768064919614	0.35363749266793
0.30072790945898176	0.4442329305454716	0.2550391599955468
0.08516702665534487	0.5594453904756644	0.35538758286899075
0.09624934454631179	0.359057501635175	0.5446931538185134
0.08667945835873886	0.6520747203404296	0.2612458213008316
0.08665461840021632	0.7195721943904846	0.19377318720929926
0.3987067746725257	0.3766171579772439	0.22467606735023055
0.3071461872096629	0.24291761636470582	0.4499361964256313
0.22873681957751268	0.48316511215435176	0.28809806826813567
0.10684661165440884	0.3726291744591407	0.5205242138864506
0.1308663017968572	0.4485184956900178	0.4206152025131251
0.12129070243362411	0.40554168555066605	0.47316761201571
0.11862214784249889	0.6597070363967111	0.2216708157607901
0.18971986054017412	0.27266127177819377	0.5376188676816323
0.46770564752956034	0.3201708966403036	0.2121234558301362
0.23592294074283632	0.5216862970407796	0.24239076221638417
0.4489229348887144	0.17215061285512032	0.3789264522561654
0.1195855534775927	0.4649753190499416	0.4154391274724658
0.3046299238364668	0.39666155970562744	0.29870851645790586
0.15173586792119254	0.47638763000087786	0.3718765020779297
0.5841934922543817	0.11726562819743885	0.29854087954817954
0.576755268023492	0.1422974465824246	0.2809472853940836
0.08745248075970435	0.4675550087281051	0.44499251051219063
0.32150588880268344	0.4542239712363786	0.2242701399609381
0.22596864711517314	0.5549192513683766	0.21911210151645039
0.29822102529149247	0.4778773784291204	0.22390159627938722
0.2796561083741037	0.15110895812449326	0.5692349335014032
0.10300994617736836	0.6981099903739292	0.19888006344870252
0.0656335102936077	0.5709042431392234	0.36346224656716897
0.4811654335743331	0.18199231497910048	0.3368422514465665
0.41339011622246047	0.2758575923036277	0.31075229147391187
0.32393318710221697	0.10923414256839376	0.5668326703293894
0.1818662327304676	0.2773965757587335	0.540737191510799
0.6287033514136768	0.16712727438320182	0.2041693742031214
0.47720024858149446	0.22499293133423862	0.29780682008426707
0.26412157386886226	0.17811571046350055	0.5577627156676372
0.17804379600453066	0.30132325004034116	0.5206329539551283
0.3879819789736065	0.09871190893691739	0.5133061120894763
0.4095548375892465	0.10834384403746256	0.48210131837329107
0.1505418469786073	0.5977775312920663	0.25168062172932637
0.2778689326337801	0.24679810452439718	0.4753329628418228
0.38845593116678173	0.3247722606949496	0.2867718081382688
0.48320466433959286	0.17797271118967406	0.3388226244707332
0.4902528399190793	0.18292720640931973	0.32681995367160105
0.46878933255462035	0.20512898368003965	0.32608168376534014
0.5092452708029628	0.1302557139931561	0.36049901520388117
0.3020572122991248	0.22768698650229247	0.47025580119858285
0.395288352215907	0.2793087011398167	0.3254029466442764
0.06532318290573752	0.5783608914732078	0.35631592562105474
0.5236294132396407	0.12585037070423852	0.3505202160561208
0.3521480901026681	0.3285252584166178	0.31932665148071415
0.07859133959753362	0.6119264127223657	0.30948224768010074
0.10601743079441228	0.5374668326443652	0.35651573656122254
0.5973406284399908	0.21497934578227207	0.18768002577773724
0.4048290136746876	0.3523097133748616	0.24286127295045096
0.27564284231176517	0.26706910516118637	0.45728805252704857
0.38862523403273075	0.41813806423504063	0.19323670173222873
0.3120860102607257	0.447479918392076	0.24043407134719846
0.425162195624624	0.11858568761198993	0.45625211676338623
0.3974381183254464	0.3815929659001362	0.22096891577441752
0.225591748966696	0.5385610558784047	0.23584719515489938
0.16939109775896255	0.48448763777597587	0.3461212644650617
0.22295919911677214	0.43736320542729795	0.33967759545593
0.25500737991847705	0.2823600154620338	0.46263260461948924
0.12414175002429276	0.6269887635021566	0.24886948647355078
0.15583555491084491	0.5554456119079167	0.2887188331812385
0.30828319933899273	0.4247894230792906	0.2669273775817168
0.12439317137240208	0.678104395523945	0.19750243310365315
0.294034931879569	0.5122901655907697	0.19367490252966144
0.37615291843994914	0.11569705491273855	0.5081500266473125
0.4792453949877682	0.13262045296372893	0.38813415204850293
0.21988894770852752	0.5345642624815068	0.2455467898099659
0.3645031663542153	0.09697904458725451	0.5385177890585302
0.22424226149750368	0.20677427153992128	0.5689834669625752
0.4463874654046999	0.35813596809066556	0.19547656650463466
0.27686562687238386	0.5137020166289477	0.20943235649866854
0.39383756070112313	0.28105795553877067	0.3251044837601063
0.20492003416300483	0.5041130789622845	0.29096688687471084
0.4602796873981478	0.3073279654505281	0.23239234715132423
0.5145889268618058	0.13094142792402597	0.35446964521416835
0.27028779767811134	0.4715095827945112	0.25820261952737755
0.3639516144169961	0.36891861463767966	0.2671297709453243
0.6009192013904938	0.10817784448729376	0.29090295412221256
0.4667218158510761	0.20040287831348874	0.33287530583543534
0.12059675136218512	0.5106857279733168	0.3687175206644982
0.27876163715731495	0.4574948510533925	0.2637435117892927
0.28642227888249877	0.1410903470865958	0.5724873740309055
0.15521734665694692	0.49964382847202404	0.34513882487102915
0.3433914162194839	0.09284910096037607	0.5637594828201402
0.2739778282809749	0.34780347651807003	0.37821869520095525
0.5565211247470851	0.1542712804175202	0.28920759483539477
0.5306971746374441	0.21645863664388837	0.25284418871866754
0.6074451161301178	0.09954790836664196	0.29300697550324034
0.13087177735366923	0.43518291162790934	0.43394531101842154
0.16032054203682145	0.4838791200344632	0.35580033792871546
0.24882103448205464	0.4088094984046347	0.34236946711331073
0.40300043190138823	0.33163004702492044	0.2653695210736915
0.2507324868423616	0.5562337156518582	0.19303379750578029
0.3621302321075852	0.3008912213406192	0.3369785465517957
0.19855896319719743	0.48056386999806966	0.32087716680473305
0.11010500564965753	0.49694928527433235	0.3929457090760103
0.2503311601360059	0.39895560738790964	0.35071323247608455
0.30851353129878595	0.3147737788520129	0.37671268984920125
0.5108378950980359	0.14684997805137534	0.3423121268505889
0.4208210416916283	0.286538662140534	0.2926402961678378
0.20593760025404473	0.4478712446641592	0.34619115508179615
0.48859602252547113	0.13389295480701732	0.3775110226675117
0.41036086329407706	0.1387728387876003	0.4508662979183228
0.3718053193045662	0.40334901751052665	0.22484566318490723
0.38004096693271533	0.17541175477816157	0.4445472782891232
0.5830278367207615	0.11848053478526971	0.29849162849396893
0.1217721999054156	0.31886055788010537	0.5593672422144792
0.19345597469322331	0.2967220515910503	0.5098219737157266
0.19036753986967278	0.45716509219743917	0.35246736793288813
0.25202737620373983	0.4157825751335885	0.3321900486626717
0.42481125547783827	0.3370083686619436	0.23818037586021826
0.15512166488585188	0.40115820199065655	0.4437201331234917
0.1558967666217707	0.6222293527564984	0.22187388062173113
0.16170104787841053	0.5782026549053856	0.2600962972162039
0.1393396580052411	0.4994982079720118	0.36116213402274727
0.22661027223933183	0.24806141300265888	0.5253283147580095
0.3490604878671261	0.13284101825180636	0.5180984938810675
0.28087240013492226	0.30332247481881586	0.415805125046262
0.18442953592266859	0.465329686330792	0.3502407777465395
0.14267239694957673	0.2858280013980102	0.5714996016524132
0.5268980532187759	0.12320190163179776	0.3499000451494264
0.5663342663640439	0.19627381743993966	0.2373919161960165
0.18725726616608845	0.4947388921404718	0.31800384169343987
0.25423716604116237	0.23303251849267922	0.5127303154661585
0.2875014290407741	0.2601022534966601	0.4523963174625659
0.4380032364583226	0.29347012334355704	0.26852664019812045
0.4225753954425182	0.21311071986041324	0.36431388469706866
0.43876885187524073	0.3505184988242269	0.21071264930053246
0.3883190100775356	0.4208520125581408	0.19082897736432367
0.16891145598494833	0.2589856734240251	0.5721028705910267
0.4747926042684443	0.12709038611349546	0.39811700961806035
0.6156442947609564	0.13282645308139657	0.25152925215764715
0.2252585383706179	0.37726384094515153	0.39747762068423065
0.3505794721303771	0.10514279694217071	0.5442777309274522
0.13826772003658674	0.6381727590091641	0.22355952095424922
0.1680161342336795	0.6413017687413181	0.19068209702500258
0.288907847415163	0.28438059901560975	0.42671155356922735
0.5736639995880917	0.1445937005990857	0.28174229981282284
0.2136680910161215	0.44525296869586023	0.3410789402880184
0.45770602247389947	0.25567555693385935	0.2866184205922413
0.29413838190179387	0.31680970085981863	0.3890519172383876
0.34270052995793376	0.45295530296628533	0.20434416707578099
0.16798514677996254	0.5092672601170597	0.32274759310297785
0.1340809781364128	0.3883072950260535	0.47761172683753383
0.07269009362966206	0.6564912813646414	0.2708186250056967
0.3334266044294451	0.38760081006305186	0.27897258550750315
0.37534250593312446	0.15250936443920723	0.4721481296276684
0.29500837980211314	0.1991270090853303	0.5058646111125567
0.44293011597147147	0.3394181272988465	0.21765175672968212
0.41366301530013483	0.28157720473345726	0.30475977996640796
0.07335409690674094	0.5277602061656395	0.39888569692761966
0.2836828091115558	0.46528223481693	0.2510349560715143
0.4326909721621579	0.3689315808193924	0.19837744701844978
0.38620080281833474	0.40601997640349674	0.20777922077816863
0.6316060685829219	0.09843509651655702	0.2699588349005212
0.4383608764095851	0.11171803972147826	0.4499210838689368
0.34516988012637945	0.18800655882939088	0.4668235610442298
0.39232419501640975	0.3737445700767997	0.23393123490679069
0.4848113051229272	0.187604706305964	0.32758398857110893
0.20212593274214208	0.37211869177762313	0.4257553754802349
0.628400620169274	0.12265616031427418	0.24894321951645199
0.4336424939381857	0.18873555827322167	0.37762194778859276
0.20704184136968515	0.36785516772863636	0.4251029909016786
0.06953010672134635	0.7000630397858317	0.23040685349282203
0.3136507370404849	0.2170055396953838	0.46934372326413143
0.4284837872088111	0.22390253649504877	0.34761367629614026
0.18355217690081754	0.3609898157391573	0.4554580073600253
0.13750112784606622	0.38268700148182844	0.4798118706721055
0.3347619976915386	0.09321186007990712	0.5720261422285544
0.2616660946250486	0.4231303917989833	0.3152035135759682
0.33923319665673785	0.18392110531908856	0.4768456980241737
0.5386812493141374	0.1419189518614666	0.31939979882439606
0.07331895665192262	0.418273233832918	0.5084078095151596
0.4591366474155663	0.2791105315247939	0.2617528210596399
0.21168359702140127	0.5478757919743482	0.2404406110042506
0.17058537747037278	0.3007606373417413	0.5286539851878861
0.38962871993181686	0.31626610088202267	0.2941051791861605
0.3018979893526641	0.18457529184996246	0.5135267187973735
0.3353076453963997	0.15263394847028575	0.5120584061333147
0.5972332456390843	0.09289628210967674	0.309870472251239
0.5275121813191559	0.22066382268269036	0.2518239959981539
0.381171243710718	0.39730765565001447	0.2215211006392676
0.3442035922633868	0.33470498978332447	0.3210914179532888
0.49366388872477845	0.303412533343765	0.20292357793145663
0.555540257904449	0.17804493227512402	0.26641480982042703
0.6136165346736099	0.15621252652178852	0.23017093880460168
0.2216374537444955	0.488986828858082	0.2893757173974226
0.3603775662122656	0.10515369632314442	0.5344687374645901
0.4445282021947594	0.24198039785776285	0.3134913999474779
0.2722417213822219	0.33521400463337797	0.3925442739844002
0.2631333101889325	0.19177504031159492	0.5450916494994726
0.10000496909285683	0.44018776715276264	0.45980726375438064
0.3379549770179528	0.35173531554338644	0.31030970743866093
0.4299365373367209	0.1481189121722297	0.4219445504910495
0.38680673933855114	0.3045770217578588	0.3086162389035902
0.30288499157159915	0.42796565560469757	0.26914935282370345
0.17390728140008932	0.6200609919060636	0.20603172669384726
0.4167855634614756	0.3131937709056321	0.27002066563289234
0.30686232305664335	0.37251680498425077	0.320620871959106
0.2079007024125552	0.2597162657709658	0.5323830318164791
0.3992189289240819	0.22338591825358944	0.3773951528223288
0.31415858671969665	0.17077652206796995	0.5150648912123336
0.4451005290141766	0.3205765537843264	0.23432291720149703
0.45613217427825753	0.15969600908788434	0.38417181663385824
0.3153160611226942	0.2140446422665091	0.47063929661079673
0.13846757952225608	0.5620562692951507	0.2994761511825934
0.33599578864432333	0.41800382525696417	0.2460003860987126
0.5841637963756714	0.10830995258683979	0.307526251037489
0.3073117849526962	0.2614746019307429	0.4312136131165611
0.4470914848035543	0.24067008570817205	0.3122384294882737
0.605089631651557	0.13600679342458555	0.25890357492385757
0.6131039312493819	0.18004665100502487	0.20684941774559332
0.4522998375681337	0.34009152424341066	0.20760863818845576
0.5756698096917846	0.22484617144861524	0.19948401885960027
0.5590908165821757	0.11797353608470271	0.32293564733312163
0.47605455895245125	0.1377242508388206	0.38622119020872825
0.3026448930448142	0.4695637659914178	0.22779134096376813
0.14936462818939253	0.4167787625289159	0.4338566092816917
0.34886617471752945	0.26407130323908845	0.3870625220433822
0.14703980446384135	0.4580809101104293	0.3948792854257295
0.08200221893701953	0.5305908223233575	0.387406958739623
0.1588847498768386	0.5806423156546564	0.26047293446850517
0.3456024800287194	0.20691074019245256	0.44748677977882817
0.11993075829136976	0.5884608430636561	0.29160839864497434
0.1748329034209371	0.46128056818425667	0.3638865283948064
0.3296982947267383	0.45039196666878434	0.21990973860447754
0.20501489954424285	0.25063246248047155	0.5443526379752857
0.17153662712641699	0.49386996162809127	0.3345934112454919
0.07378872019751753	0.6292410058910745	0.29697027391140807
0.2899161796271803	0.19422329927388626	0.5158605210989335
0.35761615872948654	0.20916196601320985	0.4332218752573037
0.5721902485704111	0.12232802260115433	0.30548172882843466
0.38488895621466845	0.2680312945166624	0.3470797492686693
0.5324189069286186	0.26352392054428414	0.20405717252709735
0.20728135254605856	0.5511875425964449	0.24153110485749665
0.22436311172310291	0.3555384905451964	0.4200983977317008
0.22642277035541514	0.35800483932098776	0.4155723903235972
0.09544883193011794	0.40339336269014775	0.5011578053797344
0.4396619047191239	0.09857171922417646	0.4617663760566997
0.5213793124465652	0.27021000607628676	0.20841068147714817
0.3071038731132564	0.26500862355874133	0.4278875033280024
0.2569479130049154	0.38681078232653815	0.3562413046685466
0.17076315132595515	0.5683821243506482	0.26085472432339685
0.357070662075409	0.41431680386091513	0.228612534063676
0.43287662793653237	0.2534918827125702	0.3136314893508975
0.4557605925565279	0.17738069490178465	0.36685871254168756
0.340766838317706	0.16516766606188857	0.4940654956204055
0.09161913528214485	0.6211012464388228	0.2872796182790325
0.5281367095245668	0.1475720127358588	0.32429127773957445
0.21494924540324573	0.28159772739429845	0.503453027202456
0.20461565290431719	0.49480856171064547	0.3005757853850375
0.27394397791954395	0.5082692319954398	0.2177867900850163
0.09434696455551622	0.3966759733568545	0.5089770620876294
0.294692071417659	0.25071204138081365	0.45459588720152744
0.37098703076106637	0.44093957388194926	0.18807339535698445
0.09761402712009834	0.5953651200640839	0.30702085281581787
0.39057636686460373	0.3346105782959673	0.2748130548394291
0.6150141544392824	0.14476585547897028	0.24021999008174735
0.07237024678365855	0.6114569707754691	0.31617278244087255
0.19386317957269533	0.5426484794977188	0.26348834092958606
0.1771987218521701	0.36774592309956267	0.4550553550482674
0.30673223952224904	0.1258878859767394	0.5673798745010117
0.36199850534599526	0.4398309811132554	0.19817051354074944
0.3694922951678842	0.17172125976802793	0.458786445064088
0.1592513577054051	0.6456864944839644	0.19506214781063066
0.1721764830659222	0.31666747641545834	0.5111560405186195
0.10977137908447018	0.6207710534108015	0.26945756750472843
0.3559079410671828	0.24347428755790657	0.4006177713749107
0.4509422318842214	0.1928447618273461	0.35621300628843255
0.3848512675306534	0.21584926006577118	0.3992994724035755
0.11170228004930327	0.37004530701926563	0.5182524129314312
0.17013278883584249	0.38100857062713533	0.4488586405370223
0.07179614317053629	0.5493241768066903	0.3788796800227735
0.19868809925937392	0.23535535122696097	0.5659565495136653
0.3407426388546404	0.3146682526690735	0.3445891084762862
0.4515182534627634	0.12902596385161846	0.41945578268561823
0.5655959429864923	0.18900092374154998	0.24540313327195779
0.4218111816863589	0.38363435335734664	0.19455446495629458
0.20784136874626388	0.5080569056589543	0.28410172559478186
0.31483285527919874	0.4934108700475142	0.19175627467328715
0.19389513187245241	0.4996684148321008	0.30643645329544694
0.2015486020428524	0.3177489403373986	0.4807024576197491
0.43860551758627675	0.31939556138534514	0.2419989210283782
0.23526843889790117	0.5138063152449921	0.2509252458571069
0.3616242657248636	0.2439256244104011	0.3944501098647354
0.4085048675172677	0.34645162681408553	0.24504350566864683
0.3534325742649525	0.3881402797875352	0.25842714594751237
0.22625268418506275	0.25696906295242355	0.5167782528625138
0.6238343989395262	0.13006738938261062	0.24609821167786325
