0.3019576490864202	0.3866309734718878	0.3114113774416921
0.3043604543506613	0.38596788874046506	0.30967165690887377
0.30556975814269205	0.3846700724143474	0.30976016944296064
0.3019135475642463	0.38833766155639654	0.30974879087935725
0.30283124819459056	0.38741833134014586	0.3097504204652637
0.30302053781005717	0.3866894713672038	0.3102899908227391
0.30294500705324223	0.3882397781318795	0.3088152148148784
0.30392718387570583	0.3855476913431941	0.31052512478110017
0.3063150758539421	0.3855632534364031	0.30812167070965496
0.3044124057930827	0.3853579403449242	0.3102296538619932
0.30223996543128095	0.3893928460797671	0.30836718848895206
0.3062474677837005	0.3856413702606187	0.308111161955681
0.3043293229578968	0.386160698132927	0.3095099789091763
0.3057054258022733	0.38529703606915	0.3089975381285769
0.3061309639972019	0.38493394847356427	0.30893508752923393
0.3063008659059506	0.3842141046886778	0.3094850294053717
0.3045721077218689	0.38436973688241355	0.31105815539571774
0.30472661503450993	0.38567773251840837	0.30959565244708187
0.3026977169073728	0.3849198404068972	0.3123824426857301
0.3031917518583839	0.3884444031156912	0.30836384502592507
0.30371416767060877	0.38518639636480345	0.31109943596458783
0.30589874747475876	0.3840513163007196	0.3100499362245217
0.3045941064643029	0.3856516279720758	0.3097542655636214
0.303218985975688	0.3851150175413534	0.3116659964829586
0.30333272515536513	0.3879273270797752	0.3087399477648598
0.3026375723246727	0.38917956290108574	0.30818286477424167
0.3021889052591513	0.38621532601267317	0.3115957687281756
0.30303557971864403	0.38745675314032146	0.3095076671410346
0.30471565398121647	0.3849818449640152	0.3103025010547684
0.3067421040635868	0.38619188825632045	0.30706600768009285
0.30573451716550587	0.3837721146738106	0.31049336816068357
0.30566373805821295	0.38536179883392846	0.3089744631078587
0.30644194340382735	0.3862585996156571	0.30729945698051564
0.3021075479659353	0.38860357577853166	0.30928887625553314
0.30417451295291487	0.3874856093923743	0.30833987765471094
0.30441602011570196	0.38639595330597526	0.3091880265783229
0.3048499419999203	0.3867226892263952	0.3084273687736846
0.3032059563427	0.3878993293340235	0.3088947143232766
0.30642079759631896	0.38507218328523574	0.3085070191184454
0.30183783463698605	0.3896190519874422	0.3085431133755719
0.30574732107336383	0.38588704959705983	0.30836562932957645
0.30194813009820437	0.3895480467825105	0.3085038231192852
0.3029187593143644	0.3887222105708053	0.30835903011483035
0.3031733798010185	0.38400341764061086	0.31282320255837076
0.3043257273066541	0.387639232584102	0.30803504010924404
0.30202766919143154	0.3854607672040857	0.3125115636044829
0.3041290587807943	0.3844247365315216	0.3114462046876842
0.30501012038992575	0.38573518648902794	0.3092546931210464
0.3046619447779215	0.3879608429833592	0.3073772122387194
0.3062104441411246	0.38594744165879413	0.30784211420008134
0.3018546232079774	0.38822857602941424	0.30991680076260847
0.3022087475662715	0.3853184210171813	0.31247283141654736
0.304350630533058	0.3850438144830127	0.3106055549839294
0.3025134470250791	0.38953367666769223	0.3079528763072288
0.3057003628089114	0.3857580003081017	0.3085416368829871
0.30178289918395307	0.3875062610869539	0.31071083972909314
0.30352874566297283	0.3856095466151143	0.31086170772191296
0.30246311687272015	0.3896067422814814	0.30793014084579856
0.3030970587917826	0.38860435960055395	0.30829858160766355
0.30569673013738113	0.38382816258768354	0.31047510727493544
0.30244862787519516	0.3874037046622935	0.31014766746251143
0.3059692609632025	0.3859214386816115	0.30810930035518613
0.30245446649583385	0.386213075317172	0.3113324581869943
0.3057588039627191	0.3846265836548514	0.3096146123824296
0.3063866968152311	0.384134419293484	0.309478883891285
0.3039079516751527	0.38437321683842174	0.31171883148642565
0.3031510607442761	0.3873914717975092	0.3094574674582148
0.30230811782763123	0.3883409012691623	0.30935098090320656
0.3021000729582312	0.3885804211351841	0.30931950590658486
0.30205385584227173	0.3881350085160106	0.3098111356417178
0.303631927331811	0.38680621209789745	0.3095618605702916
0.30379939249482507	0.3854834275054998	0.31071717999967524
0.3022965307259294	0.3881900356307189	0.3095134336433519
0.30331596075758765	0.3892748254861309	0.30740921375628155
0.30241751642472636	0.3856137585333663	0.3119687250419074
0.3042621184943238	0.3881184002147181	0.30761948129095823
0.3056004846719496	0.38478414296676633	0.30961537236128417
0.30358345438244383	0.3840603705533233	0.31235617506423297
0.3042642354005332	0.38839254655579625	0.30734321804367065
0.3036175167964074	0.3873478444389864	0.3090346387646063
0.3054844566872367	0.387084977860239	0.3074305654525244
0.30626540149938586	0.3863082821475807	0.3074263163530336
0.30226036302167836	0.38515438606070307	0.31258525091761863
0.3036591822716995	0.38392564958269404	0.31241516814560655
0.30455609678162066	0.3840424756262199	0.31140142759215955
0.3031970400906795	0.38673120890087104	0.3100717510084496
0.30349416401353135	0.3872738732183405	0.3092319627681283
0.3045346190068366	0.3884139180428824	0.30705146295028113
0.3051367035978737	0.3848360664605964	0.31002722994153
0.304192598532117	0.38631057620788856	0.3094968252599946
0.30378146354455016	0.38657668447879884	0.3096418519766511
0.3017194635196558	0.3857449527401326	0.31253558374021173
0.30220536615621835	0.3854472381133193	0.31234739573046244
0.30658936089495686	0.3848377277313628	0.3085729113736804
0.30492109017354263	0.3845888917261878	0.31049001810026966
0.3042246921867358	0.3858591256977449	0.3099161821155194
0.30355757204852385	0.3847596841978256	0.3116827437536507
0.30546641856522977	0.3849432105063159	0.30959037092845443
0.30516145489452234	0.38493809553824676	0.309900449567231
0.3060973257003281	0.38675969001063465	0.3071429842890374
0.3048119204060638	0.38671402686944006	0.30847405272449624
0.30303147749552245	0.3878029394718869	0.3091655830325908
0.3028158089652291	0.3877686637968961	0.3094155272378749
0.3026659159712601	0.38876277108466073	0.30857131294407936
0.3024640253453246	0.3878486151490589	0.3096873595056166
0.3019535243324308	0.38488341832925455	0.31316305733831473
0.3041386161060378	0.38762774506546965	0.30823363882849264
0.30413372224632473	0.384096192620329	0.31177008513334636
0.3018427423278447	0.3859489159987069	0.3122083416734485
0.30199772095365196	0.3853145456344874	0.31268773341186074
0.30557874335043894	0.38726651704537485	0.3071547396041863
0.3024310545564096	0.3877432710706786	0.3098256743729119
0.30552036695762985	0.3855710489211913	0.30890858412117894
0.30223164627304727	0.3880123796532132	0.3097559740737396
0.3020241752508253	0.3876226991980187	0.3103531255511561
0.3034399016935226	0.3864390089260434	0.31012108938043415
0.3064588859497385	0.38511217408908033	0.3084289399611812
0.3030169240009783	0.38520811188005266	0.3117749641189692
0.303568710869032	0.3853219712852427	0.31110931784572543
0.3055098153789243	0.38710406279346793	0.30738612182760783
0.3024521901931575	0.3895988371874096	0.307948972619433
0.30299772102521133	0.3887499654124641	0.3082523135623247
0.3019190537177754	0.3886409647335896	0.3094399815486351
0.30193912978554494	0.3873727350759809	0.3106881351384742
0.3025777052873182	0.38721361309236274	0.3102086816203192
0.3021380783458123	0.3872482899771189	0.3106136316770689
0.30352686808205886	0.3844012196441753	0.31207191227376596
0.30498262983730406	0.38478638729062203	0.310230982872074
0.3050571957706033	0.386390455013355	0.3085523492160418
0.3040346211128781	0.38659709449087787	0.30936828439624414
0.3031962670467758	0.3871127842140735	0.30969094873915076
0.30644058525858114	0.3847740131255994	0.3087854016158196
0.3061956798658121	0.38643991410727774	0.3073644060269103
0.3049871871050696	0.38510254993907256	0.30991026295585794
0.30557583433247953	0.3873031482477076	0.30712101741981296
0.3041609671065212	0.38461953773012597	0.31121949516335295
0.30187126859230196	0.38502226713592563	0.3131064642717725
0.3061676531487964	0.38391620150506794	0.30991614534613576
0.30415220644616864	0.38567090156853623	0.31017689198529524
0.30435309885147577	0.3857269779210013	0.30991992322752304
0.3031813022345528	0.38614303062666644	0.3106756671387808
0.30460974582546224	0.3880638438907341	0.30732641028380375
0.3018744487413994	0.3879181321884101	0.3102074190701906
0.3038304835464571	0.3859637170014679	0.3102057994520751
0.30210107418481247	0.38878809232809297	0.30911083348709467
0.302512796996413	0.3866983492708207	0.31078885373276643
0.30549730107095463	0.3869622005331349	0.3075404983959105
0.3035236313264911	0.3858844452628273	0.31059192341068176
0.3026953088413794	0.38511195787129443	0.31219273328732633
0.3024736018433365	0.38575627994497674	0.3117701182116869
0.3016955459600317	0.38749112509666056	0.3108133289433079
0.3039493699614749	0.3846993942221131	0.3113512358164121
0.30265197192179033	0.3870552955266825	0.31029273255152723
0.304183413463293	0.3870194969189839	0.3087970896177233
0.3035286708225289	0.38625632983422353	0.3102149993432477
0.3016889309044932	0.3864348928050975	0.31187617629040937
0.3038813951852634	0.38678911705546853	0.30932948775926816
0.30460485887311006	0.3853497455130761	0.31004539561381395
0.30577445039514517	0.3842975182512859	0.30992803135356906
0.30416601504801843	0.3877576921133384	0.3080762928386433
0.3038907243231983	0.3848421631161605	0.3112671125606413
0.3027864986812205	0.38730241288181444	0.3099110884369652
0.3030336574116855	0.3863414222616653	0.31062492032664935
0.30560505425409945	0.3871300165332426	0.3072649292126581
0.30350048426779935	0.389257820613252	0.3072416951189488
0.30447655139086716	0.38501726385252955	0.3105061847566034
0.30541637500028856	0.38598895090337904	0.30859467409633257
0.3041867835146068	0.38844085333383777	0.3073723631515556
0.30197388294631244	0.3858964160890705	0.3121297009646172
0.3027920976785807	0.3838935837965914	0.31331431852482805
0.3022622609949885	0.38473830601643344	0.3129994329885782
0.30619405124817844	0.38596854318961155	0.3078374055622101
0.30481460963404927	0.38641562397957274	0.30876976638637815
0.3020908383554222	0.38909101203572743	0.30881814960885046
0.30356617228751176	0.3878541054053304	0.308579722307158
0.3042499130100611	0.38553710062682645	0.31021298636311256
0.3018064392282445	0.3883370892865284	0.3098564714852272
0.3017945469743142	0.3882518042082903	0.3099536488173956
0.3015986706453266	0.38908124705256675	0.30932008230210684
0.3060692502777765	0.3865078673875169	0.30742288233470677
0.30384894685933717	0.38417982312019827	0.3119712300204647
0.30316772691940624	0.38736433865346925	0.3094679344271246
0.3065248257619561	0.38439836681286776	0.30907680742517624
0.30330990486160625	0.38748530381032975	0.3092047913280641
0.3020194236551919	0.3881303873044691	0.3098501890403391
0.305331216284063	0.38638204319629843	0.3082867405196387
0.30633396521544753	0.38386853959738976	0.3097974951871628
0.3057581241871503	0.3849625659753367	0.3092793098375131
0.3061463350782174	0.3850481788354943	0.3088054860862884
0.3057748334294823	0.3867154819747939	0.3075096845957239
0.30388843147902284	0.38621571717465064	0.3098958513463266
0.30495995497839273	0.3863764336020991	0.30866361141950827
0.30303421128836466	0.38870988543087137	0.3082559032807641
0.3064445047674939	0.3850718028221702	0.308483692410336
0.303237949064805	0.3863639304095027	0.3103981205256924
0.30462650334780705	0.38405113168505994	0.3113223649671331
0.30435578561437465	0.3855753136674807	0.31006890071814475
0.3024632463453758	0.3865518348873921	0.3109849187672322
0.3052512092336863	0.386762154165956	0.3079866366003578
0.30382576203166023	0.3887718319061249	0.307402406062215
0.30300027383293676	0.3878564047718361	0.30914332139522727
0.3063816012342617	0.3865460541928446	0.30707234457289384
0.3057589029800708	0.38404267311249457	0.3101984239074347
0.3067399297690397	0.38505032535092226	0.30820974488003816
0.30272193050073715	0.3873645681746444	0.30991350132461853
0.30224248169215906	0.3876290011067547	0.31012851720108636
0.30363549503174037	0.3888278570958095	0.3075366478724502
0.3027108710013583	0.38753507789218467	0.30975405110645715
0.30659966722695814	0.38445585635544555	0.3089444764175964
0.30453892435346785	0.3860309720872911	0.30943010355924117
0.3020637880350575	0.38754299599019904	0.31039321597474356
0.30202122763157924	0.3858244347598949	0.31215433760852596
0.30449760997982633	0.38531114739113237	0.3101912426290414
0.3060572674552666	0.38633378947755437	0.3076089430671791
0.3018820963410017	0.38652091681201955	0.31159698684697884
0.302584127177816	0.38863809808753946	0.30877777473464463
0.302533725825381	0.38480293512151204	0.3126633390531071
0.3021791442617673	0.3881901249620222	0.3096307307762106
0.3060886462934558	0.38556659040793717	0.30834476329860716
0.30319899548698515	0.3843979535023737	0.31240305101064125
0.3035352261060393	0.38892590760254125	0.3075388662914196
0.3035667676515221	0.388365887830978	0.30806734451750006
0.3044602642692622	0.3852290105288656	0.3103107252018723
0.3053293554416177	0.3873789071326952	0.30729173742568716
0.3032308184490427	0.3864365342333878	0.3103326473175696
0.30494505798659804	0.3871972063791752	0.3078577356342269
0.3037287569750708	0.3883580083913341	0.3079132346335952
0.30522508223181205	0.3874143884751541	0.30736052929303403
0.30342956798010906	0.38629668676008727	0.3102737452598038
0.30361354890044334	0.38638426132486636	0.3100021897746904
0.30555073444481823	0.38620866147342797	0.3082406040817539
0.3061588618026025	0.3855284560832664	0.3083126821141312
0.3063847201195881	0.38429522795522253	0.3093200519251895
0.3056814417746271	0.3866325207578441	0.30768603746752893
0.3063281813376384	0.38625187792024307	0.30741994074211865
0.3055487874513797	0.3869487096201979	0.3075025029284225
0.304339382581074	0.3868476904256494	0.3088129269932767
0.30504254635239114	0.3842939319942982	0.3106635216533108
0.30328214721611374	0.3857210476194852	0.3109968051644012
0.3045506770373322	0.3841992104661575	0.3112501124965104
0.3020089977665583	0.3854983327504832	0.3124926694829586
0.30529299402671484	0.3842837624685806	0.31042324350470474
0.30243752752468817	0.3891204326093025	0.3084420398660094
0.30401430127251333	0.38682110860637736	0.3091645901211094
0.3058938265707661	0.3857181484067983	0.3083880250224357
0.3057045785584308	0.38608185401605416	0.30821356742551514
0.3040745962304722	0.3888080504792853	0.3071173532902426
0.30314347180386414	0.3843538390135399	0.31250268918259605
0.3059478365255152	0.3865441866775372	0.3075079767969477
0.30651681126770963	0.38594443495084174	0.30753875378144874
0.30446994460487486	0.3843929464733726	0.31113710892175267
0.3031139692527931	0.38402554567476127	0.31286048507244574
0.3048852956611976	0.3874070654211407	0.30770763891766184
0.3016066490708492	0.38500116869813805	0.31339218223101284
0.3065944834119601	0.3858186109494265	0.3075869056386135
0.30187383130717765	0.387345610801674	0.31078055789114845
0.3034921208158908	0.384581287359665	0.31192659182444427
0.3034865646197052	0.38813208838507823	0.3083813469952167
0.3027546656300623	0.3845114197986983	0.31273391457123945
0.3027874146650301	0.38428676924101746	0.3129258160939526
0.3040054451807665	0.38812073067941166	0.30787382413982195
0.3036178580006036	0.3869141016919413	0.3094680403074553
0.3018678173988494	0.38943553904420747	0.3086966435569433
0.3038116961639296	0.387840537744837	0.3083477660912335
0.3023121648562131	0.3869056362134278	0.3107821989303593
0.303943276386273	0.38638599408431995	0.3096707295294071
0.3046684620880335	0.38411179850651683	0.3112197394054498
0.3030122834969885	0.38389613976053005	0.31309157674248156
0.3019922756585187	0.3876505012753721	0.3103572230661093
0.3042556508814129	0.3857688982950961	0.30997545082349115
0.30306431753929985	0.38556780106469407	0.3113678813960062
0.305305976353371	0.38456125652205053	0.3101327671245786
0.3047913946074802	0.3880965662599142	0.30711203913260576
0.3035760515825756	0.38834235094193525	0.30808159747548924
0.3036653592068133	0.38603166059426997	0.31030298019891683
0.3019179829634563	0.38587997621012193	0.3122020408264219
0.3035984203755769	0.3873031633584762	0.30909841626594703
0.3047159142974996	0.38491610206336696	0.3103679836391336
0.3060503015447015	0.38509779840671066	0.308851900048588
0.3054377528087144	0.3843770885990759	0.31018515859220985
0.3040854039320456	0.3850665235955883	0.31084807247236623
0.3024794028823059	0.38942353754829057	0.3080970595694036
0.30269752594321997	0.38722677880685413	0.31007569524992606
0.3058688865232344	0.3870980320104403	0.3070330814663254
0.3038060888642474	0.3859156542641695	0.31027825687158317
0.30587543770063064	0.38617962002764805	0.3079449422717214
0.3060671272921414	0.3841793798099473	0.3097534928979114
0.3022397204661794	0.38672110140041116	0.3110391781334096
0.3066870057512036	0.3862393511067983	0.30707364314199814
0.3053644273914078	0.3844959199310891	0.3101396526775032
0.30242078048545573	0.3871453630300386	0.3104338564845058
0.3055081429871839	0.38605051340624275	0.3084413436065735
0.30579153397352926	0.3858209396243678	0.3083875264021031
0.3018460451245888	0.38944126835500226	0.30871268652040906
0.3046775832624856	0.3871346703657296	0.3081877463717849
0.30340026420694316	0.38797109903730986	0.3086286367557471
0.30223052777046433	0.38682601886180557	0.3109434533677302
0.30319209372542405	0.3869035204046877	0.30990438586988844
0.3052782302565195	0.38628809699078814	0.3084336727526924
0.3040569723052578	0.38674594115707694	0.30919708653766537
0.3043251988488813	0.38403736826643253	0.31163743288468626
0.30417162325310493	0.38713994828588794	0.30868842846100725
0.3054149238953229	0.3867506548686478	0.3078344212360295
0.30651889141317107	0.3862440413093917	0.3072370672774373
0.3028828738212411	0.38901557831605516	0.30810154786270383
0.3052311958640268	0.3847905577356758	0.30997824640029753
0.30401038552273163	0.3876469099652625	0.3083427045120059
0.306343609537029	0.38506653981689626	0.30858985064607486
0.30366925949754264	0.3877259332910815	0.30860480721137595
0.3040068079523774	0.3879243325713173	0.30806885947630536
0.3024218389872892	0.38526065725817543	0.3123175037545355
0.3035145697622379	0.386667283786994	0.3098181464507682
0.30525744342155614	0.3861173952238659	0.30862516135457807
0.3045385152114514	0.3838515838635223	0.3116099009250264
0.30354276217930626	0.3893333484521959	0.307123889368498
0.30662009685634994	0.3851598105174398	0.3082200926262104
0.3052100512344378	0.38454033667990734	0.31024961208565505
0.3052855155175904	0.38628353076276895	0.30843095371964074
0.3040817709748012	0.38618732867925165	0.30973090034594725
0.30459296594090357	0.3841964388553627	0.31121059520373384
0.30192908890006315	0.38492381271435455	0.3131470983855824
0.303798436394772	0.387948527186246	0.3082530364189821
0.30309809041716906	0.38718803446532396	0.3097138751175071
0.30247889692508234	0.387399704286026	0.3101213987888917
0.3045916975989637	0.3845456688195315	0.31086263358150484
0.30258676930560024	0.3869454019985442	0.3104678286958557
0.30615198668128973	0.38478595606631577	0.3090620572523946
0.3042668795719518	0.38598421832067953	0.3097489021073688
0.30391642989022255	0.3843133159285184	0.31177025418125914
0.3030966133693085	0.38573927549511244	0.3111641111355791
0.3023521594438964	0.38515656369913914	0.3124912768569646
0.3042609447468862	0.38419993682687215	0.3115391184262418
0.303961408572774	0.38555501143270926	0.3104835799945168
0.3019452088573837	0.38668986264231664	0.3113649285002998
0.30378343616000814	0.3857641946377036	0.31045236920228836
0.3022734158395121	0.38777882318983004	0.3099477609706579
0.3060918598257343	0.3840884586115621	0.30981968156270373
0.3030330838571742	0.38779509510071886	0.30917182104210705
0.3045105131121881	0.3872169701745488	0.3082725167132632
0.30455196577262333	0.3878071466507166	0.3076408875766602
0.30194455196792824	0.38506266394381883	0.3129927840882531
0.3056904747417377	0.386034830514321	0.30827469474394137
0.30653590703139905	0.3857569800411974	0.30770711292740366
0.3027245471562276	0.3875596878470574	0.30971576499671505
0.30178246018693794	0.38496094227928773	0.31325659753377444
0.30164657486404467	0.3848998749742186	0.3134535501617368
0.30659927084110533	0.38479024133042256	0.3086104878284722
0.30472529006630883	0.3843818919113151	0.31089281802237617
0.30598912515756316	0.3863015366906273	0.3077093381518097
0.306223492350453	0.3867002562291424	0.30707625142040473
0.30288155433259567	0.3884722470346826	0.30864619863272186
0.30555489934729885	0.38548814196314374	0.3089569586895575
0.306353060846699	0.3848890282831122	0.3087579108701889
0.3033477635843889	0.3874294913427423	0.3092227450728689
0.302694307236792	0.38714734888177027	0.31015834388143787
0.3055557830958655	0.3850071996966331	0.3094370172075015
0.3039184799890445	0.38448729241117396	0.3115942275997816
0.30339220277230033	0.3867692632411949	0.30983853398650485
0.30397025891446044	0.3843265322414945	0.3117032088440452
0.3023143291502333	0.3874673906340429	0.31021828021572384
0.3051909293892312	0.3858758801345687	0.3089331904762002
0.3059523745145352	0.38604727823463514	0.3080003472508298
0.30629860817825255	0.3860716333333887	0.3076297584883589
0.302420486910515	0.3869682062094914	0.3106113068799937
0.30388308162885336	0.3866691245145269	0.30944779385661986
0.3054183543684861	0.3865033518512471	0.30807829378026685
0.3016173396097021	0.38680390978590745	0.31157875060439055
0.3054592525839805	0.3852052890601119	0.3093354583559077
0.3028021039661904	0.38431695258244336	0.3128809434513664
0.3044266119270292	0.3861091249954006	0.3094642630775703
0.3025227022143994	0.3840599937684087	0.313417304017192
0.30393206871952516	0.3856858981352017	0.31038203314527324
0.3029508901459496	0.3854687969511478	0.3115803129029027
0.3045918560830828	0.3878873515289863	0.307520792387931
0.30481619722162634	0.3869440604990833	0.30823974227929046
0.30347876860673395	0.38817885570168276	0.30834237569158346
0.30382887595400765	0.3884575405234045	0.307713583522588
0.30297445487031566	0.38464875806962034	0.31237678706006405
0.30344195791261475	0.3863345171605386	0.31022352492684674
0.30609373488544295	0.38581689892996074	0.3080893661845964
0.304188300737922	0.3861978936740242	0.3096138055880539
0.30348696088134103	0.38434613759693265	0.31216690152172644
0.30467640285608033	0.3865234956186191	0.30880010152530074
0.3056374390639629	0.3846403910624114	0.30972216987362583
0.306529179883005	0.384427888715024	0.30904293140197114
0.30664547160364286	0.38540075398484425	0.307953774411513
0.3029668792100799	0.38817949508935756	0.30885362570056263
0.3019076949276003	0.38498988535175904	0.3131024197206408
0.3021376570794443	0.3861910717611797	0.31167127115937604
0.30239350685763	0.3847972937987966	0.3128091993435735
0.3030436610004391	0.3891148667123898	0.3078414722871712
0.30172817004360986	0.3875445903361442	0.31072723962024607
0.30321808957114676	0.385658671836625	0.31112323859222835
0.30182912489258706	0.38884104636805045	0.30932982873936254
0.3067294153508998	0.3843890016998848	0.3088815829492154
0.3027155205073572	0.389268146956051	0.3080163325365919
0.3066179818597229	0.38428078247139724	0.3091012356688799
0.303542811763562	0.38543095371573444	0.31102623452070366
0.30204617043200616	0.38865104879148055	0.3093027807765134
0.3016448447714976	0.3864148105179166	0.3119403447105859
0.3046524183952758	0.38758176988147075	0.3077658117232536
0.3058322799057438	0.3859710439085564	0.3081966761856999
0.3037967581743209	0.38564149749111465	0.3105617443345645
0.3043484992512943	0.38569872274328176	0.3099527780054241
0.30581168838693057	0.3848753292474285	0.30931298236564103
0.304629970390791	0.38476811941325084	0.31060191019595823
0.30200225084937293	0.38492114789192466	0.31307660125870246
0.305640021372431	0.38523551046230325	0.30912446816526584
0.30553402770255383	0.38448800546376954	0.30997796683367673
0.3047382100219849	0.38629086585921996	0.30897092411879523
0.3020958767417425	0.38878089751030814	0.3091232257479495
0.3060068345875119	0.38610077056316155	0.3078923948493267
0.3033334680370193	0.3858024485308291	0.31086408343215166
0.30254985547950036	0.3869622978930803	0.31048784662741946
0.3031789798594782	0.3878966276006331	0.3089243925398888
0.30263699185361986	0.3858108944962724	0.31155211365010776
0.3052752276923869	0.384469542299768	0.3102552300078453
0.30212196858046675	0.3892732465572746	0.3086047848622588
0.3029264856731781	0.3890529304037763	0.30802058392304565
0.3033180408114827	0.38493381128637977	0.3117481479021376
0.30580047660405996	0.3844854997909497	0.30971402360499045
0.3043562295232424	0.3881676599005622	0.3074761105761955
0.3042851581617887	0.38477482754208847	0.31094001429612295
0.3055075147643128	0.38379499501639724	0.31069749021929005
0.3035815860626897	0.3888466941486831	0.3075717197886273
0.3054304821602726	0.384003841952654	0.3105656758870735
0.306127329190802	0.3850986297287398	0.3087740410804583
0.3043553660538363	0.3870117893997318	0.30863284454643203
0.30332868958871184	0.3880385493461916	0.30863276106509674
0.3056806424801011	0.3844457063682196	0.30987365115167936
0.3028818408615792	0.38899955231248307	0.30811860682593784
0.3027749286108747	0.3855438701551704	0.31168120123395504
0.30629487629383484	0.38625578331966165	0.3074493403865036
0.30247510536721084	0.3859386745050988	0.3115862201276905
0.3046070888735131	0.3861034721241153	0.3092894390023717
0.3047342077893502	0.384192613221183	0.31107317898946696
0.3040598147024161	0.38783163251942976	0.30810855277815424
0.30547737042211587	0.38603642542501887	0.3084862041528653
0.30233787232779513	0.3852066682500723	0.31245545942213265
0.3022097411290189	0.3877635845687583	0.3100266743022229
0.3050471070311599	0.3876728277372846	0.3072800652315556
0.3048688204562064	0.3875501748141822	0.30758100472961153
0.3053044405284925	0.3848517599764334	0.30984379949507423
0.3016467596664752	0.385261104372723	0.31309213596080193
0.3021540296803929	0.38531347468717364	0.31253249563243357
0.30495546258494943	0.3864077474749844	0.30863678994006627
0.3042893491996068	0.38431919990715424	0.3113914508932391
0.30383916257760685	0.3883638134680056	0.3077970239543877
0.3055250566431007	0.38663476390060914	0.3078401794562903
0.30331706419943866	0.3868207171176544	0.30986221868290703
0.30385291955341676	0.3876853611902882	0.3084617192562952
0.3053661827073929	0.3862048062673252	0.3084290110252821
0.30463791004465174	0.38501500617674217	0.3103470837786062
0.3029302562744003	0.38837424266241866	0.30869550106318117
0.3050938448948241	0.38447049156531593	0.3104356635398601
0.3054295907662919	0.3847924925616554	0.30977791667205284
0.3027214023737057	0.38834165198392867	0.30893694564236573
0.3051742712175239	0.3863416070594198	0.30848412172305645
0.3018771967974218	0.38707155533859294	0.3110512478639853
0.302642311386294	0.38376522809950453	0.3135924605142016
0.3035778778413401	0.3883716310771313	0.3080504910815287
0.3020709922575505	0.3887879758195516	0.309141031922898
0.30170878295812165	0.38959208445306964	0.3086991325888089
0.30388359922840463	0.38515306898164003	0.31096333178995544
0.3058304891000776	0.38483773773830815	0.30933177316161437
0.30656506024072755	0.38404882009457214	0.3093861196647004
0.30442073759907035	0.38467515876389663	0.31090410363703314
0.30367425705363815	0.38850952910196473	0.3078162138443972
0.30339647491428773	0.3857376611924688	0.3108658638932436
0.3016140485337742	0.38696167268137127	0.3114242787848546
0.3045824557231168	0.3847235459244884	0.3106939983523949
0.30634770321946037	0.3842602193492476	0.3093920774312922
0.30621647866587476	0.38621551324104325	0.3075680080930821
0.30361378108561066	0.3883176810442783	0.3080685378701112
0.30370510421039093	0.38552901794370675	0.3107658778459025
0.30184976663366425	0.38632952342868515	0.3118207099376507
0.30660338290988715	0.383931227702022	0.309465389388091
0.30398297188607293	0.38522708203256917	0.31078994608135796
0.302493112570291	0.3878891988235351	0.309617688606174
0.3046889293987395	0.3854438326133158	0.3098672379879448
0.3023988213344765	0.3871321506780509	0.31046902798747267
0.30188705934486226	0.3884699836273717	0.3096429570277662
0.30246302282932636	0.38665389373689335	0.31088308343378046
0.3045488775914627	0.38457417062075516	0.31087695178778224
0.3039439309975745	0.3864188848517613	0.3096371841506643
0.3048563459108121	0.3880762446473644	0.3070674094418236
0.3039010628033835	0.3883295149013537	0.3077694222952629
0.3030758645760347	0.38778270484012717	0.30914143058383825
0.3055083234220486	0.38713322428631447	0.3073584522916371
0.3064537287056513	0.3858813752208611	0.30766489607348774
0.3039274623914873	0.3879411492378654	0.3081313883706474
0.30248601433888495	0.3883909929091962	0.3091229927519189
0.3066134320987347	0.38454568590934696	0.3088408819919184
0.30257650073604514	0.3885110214600886	0.3089124778038664
0.30204645045148065	0.3848604128764673	0.3130931366720522
0.30426217427042496	0.384337151839228	0.3114006738903472
0.305225189101913	0.3870566278896311	0.307718183008456
0.3053691082233461	0.3865266772954624	0.3081042144811916
0.30501790546371466	0.38544706611457485	0.3095350284217106
0.30452479019803036	0.3857032237407964	0.30977198606117334
0.3021261205509289	0.3872752189846497	0.3105986604644215
0.30343709758193477	0.3892303132838553	0.30733258913421
0.3054805842912339	0.38585783619186453	0.30866157951690165
0.30342672307066615	0.3871689675138588	0.30940430941547514
0.30426103905671575	0.38792330581516127	0.30781565512812314
0.3031068291684824	0.3866555884289804	0.3102375824025373
0.30411631662582506	0.3861850026341038	0.3096986807400713
0.3052658181778227	0.3875874124430319	0.30714676937914553
0.3029101400195915	0.3867578011502876	0.310332058830121
0.3036549880972439	0.3862003077299376	0.31014470417281864
0.3027935782033936	0.3857431200322518	0.3114633017643547
0.3028851856182221	0.3845196471612844	0.31259516722049363
0.30357795645974395	0.3859536693099662	0.31046837423028995
0.3049083922569785	0.38456380049823263	0.31052780724478896
0.30496151886390993	0.3857635014262616	0.3092749797098286
0.30596203661060606	0.3858816020102228	0.30815636137917124
0.30336098201183187	0.3847641005399639	0.31187491744820434
0.30515929607856435	0.385923919091979	0.3089167848294568
0.30605268285077525	0.3846315782023531	0.30931573894687175
0.3026666842833712	0.3877531665198368	0.3095801491967921
0.303335767170888	0.3888518651492739	0.3078123676798382
0.3060587484480821	0.3856482175657432	0.3082930339861748
0.30234628352997306	0.38605663414811275	0.31159708232191435
0.30314078006100675	0.3841927971913167	0.3126664227476766
0.3023627242570003	0.3887553014630604	0.3088819742799394
0.30376173865555867	0.3888589332394077	0.30737932810503377
0.3026937656469339	0.386247119902436	0.31105911445063017
0.3060845569145045	0.3851188432075327	0.30879659987796293
0.30321439637797404	0.3893410913220828	0.3074445122999433
0.30275229221385414	0.388665223560227	0.30858248422591894
0.30530622011320263	0.38737157132453015	0.30732220856226733
0.30436316298929955	0.3843461925362433	0.31129064447445726
0.30371585398546425	0.3876619450987694	0.3086222009157665
0.30240536328107176	0.38836669527026074	0.3092279414486676
0.3022858465136011	0.3872046789339211	0.3105094745524779
0.3034237444028642	0.38467619725066227	0.3119000583464736
0.30261604945334675	0.3860375545437051	0.3113463960029483
0.3033954003317037	0.38530306135132847	0.31130153831696794
0.3056372625980329	0.3861548766220732	0.308207860779894
0.3061154971226575	0.38603195816689617	0.30785254471044643
0.3056903400403807	0.3848609316269561	0.30944872833266335
0.3049695755022728	0.3870153273553327	0.30801509714239456
0.3016501390547908	0.38648925196774636	0.3118606089774629
0.3041158377422829	0.38569700548370817	0.31018715677400904
0.30158339023197994	0.38558621153139194	0.3128303982366282
0.3048924692292208	0.3870727630174351	0.3080347677533442
0.30336897641586286	0.38583619605680564	0.3107948275273317
0.30208704252322577	0.38566072349036407	0.3122522339864102
0.30336292007399396	0.38444076420470363	0.3121963157213026
0.3049397870560614	0.3844658335097542	0.3105943794341845
0.30212794048234376	0.38470511170271976	0.3131669478149366
0.30233350275317716	0.3894099476362689	0.30825654961055404
0.30573664109337834	0.3850174113474913	0.30924594755913043
0.30298642025385975	0.38932050632182547	0.30769307342431496
0.30248544214490725	0.3851685404439853	0.3123460174111075
0.30207102997931823	0.3866486221824299	0.311280347838252
0.30203555166077406	0.38439394466380217	0.31357050367542383
0.30356510219710003	0.38807634492130716	0.3083585528815929
0.3016596690652681	0.3881756468107605	0.3101646841239715
0.3031656812933453	0.3877415216927903	0.30909279701386455
0.3043115146982259	0.3876616415569258	0.3080268437448484
0.30179394428114686	0.38679160855443095	0.3114144471644223
0.3025580576829175	0.3878803710913671	0.30956157122571554
0.3028488888732961	0.38480830722350906	0.31234280390319497
0.3019806144617653	0.38606323535310416	0.3119561501851307
0.3037689534091738	0.3881614061195979	0.3080696404712284
0.3035025995513163	0.38421306714054326	0.31228433330814054
0.30511155825894926	0.38674488451973205	0.3081435572213188
0.30167559793350623	0.3889035139099025	0.30942088815659136
0.30665675278342697	0.3845922640544978	0.30875098316207533
0.30349672576071723	0.3874459077378452	0.3090573665014376
0.3029657751105664	0.3890225337150958	0.30801169117433796
0.3041443461190417	0.3855563761481492	0.31029927773280924
0.3030301925649229	0.3865642892281167	0.3104055182069605
0.3025936701269645	0.3867761260745638	0.31063020379847184
0.3026770213888092	0.38537845360585077	0.3119445250053402
0.3050499625249838	0.384381917728753	0.3105681197462633
0.30426074712617157	0.38379492259027076	0.3119443302835577
0.3041579277186492	0.3859786691953186	0.30986340308603233
0.3032053347163788	0.3894569660716223	0.30733769921199905
0.30463568443757827	0.3871571011517705	0.30820721441065135
0.3020813468550997	0.3868411120052153	0.31107754113968505
0.3035737770878661	0.38422798051865514	0.3121982423934789
0.30159269410766104	0.38723382123435457	0.31117348465798456
0.30454610220753264	0.38534898824274105	0.31010490954972647
0.30612671154333204	0.38472940440008635	0.3091438840565817
0.30379380406393297	0.3865469192036227	0.3096592767324445
0.30300855738900995	0.3842836165253002	0.31270782608569
0.3020595040550614	0.385073748217444	0.31286674772749473
0.3044690008205135	0.3845211972344609	0.3110098019450257
0.3028658472937487	0.387816845520169	0.3093173071860824
0.3033276287415515	0.3860577364745323	0.3106146347839163
0.3026891318616863	0.38739326518034384	0.30991760295797
0.30352042482744024	0.38664729236646783	0.30983228280609204
0.3047742964929126	0.38485813724723966	0.3103675662598478
0.30561940488698086	0.3867375893820117	0.3076430057310076
0.305876285548647	0.38687802078498307	0.30724569366637006
0.3021926716238596	0.38574511395049604	0.3120622144256444
0.3032688692572828	0.3883220266539975	0.3084091040887198
0.3016211638306009	0.38551498067171386	0.31286385549768536
0.3020351858466238	0.38733612268248935	0.31062869147088695
0.3016304671173145	0.3875700231305158	0.3107995097521698
0.3018820021971345	0.3854338087022015	0.3126841891006641
0.30452498161398256	0.38411650885232523	0.3113585095336923
0.30515882841300024	0.38566160630695084	0.30917956528004903
0.3023197375046335	0.38531202045427254	0.3123682420410941
0.3046896400605624	0.38728275853491617	0.3080276014045215
0.30239001495702905	0.38720962751904003	0.310400357523931
0.3037089317718854	0.3860189701986082	0.3102720980295065
0.30190292421054754	0.389618623323882	0.3084784524655706
0.3047373473519095	0.38672718188420624	0.3085354707638844
0.3048405419382792	0.38721370564638546	0.30794575241533545
0.30443326457029646	0.3881027130930314	0.30746402233667225
0.3017313827024829	0.38737834358413425	0.31089027371338296
0.30393866250612683	0.3863294493158791	0.3097318881779942
0.3028477935003565	0.3873551964776334	0.30979701002201027
0.30209212362109633	0.3869597913814629	0.31094808499744087
0.3060354630030726	0.3838870133809169	0.3100775236160106
0.30408325217299803	0.38617478726576965	0.30974196056123243
0.3045517678064453	0.38807164120595294	0.30737659098760184
0.30293415908569055	0.38645877993304634	0.3106070609812633
0.30259202742750957	0.3870557122079943	0.31035226036449626
0.30308642116675316	0.3884677986087108	0.30844578022453617
0.30571368505498814	0.3849025040066484	0.30938381093836353
0.30574661201434045	0.3845963548302291	0.3096570331554306
0.3022914056950714	0.3847931357544807	0.312915458550448
0.3041013283607519	0.38804059034999566	0.3078580812892525
0.3032601903384583	0.3857162501507539	0.311023559510788
0.3028239715504175	0.3844839198964251	0.3126921085531575
0.3052031881814381	0.38467876479627616	0.31011804702228585
0.30455195023732934	0.3881260967519754	0.30732195301069537
0.3051527726891021	0.3875339634810357	0.3073132638298623
0.3019129396281208	0.3892812872980814	0.30880577307379786
0.3050513416783324	0.38497480771725817	0.3099738506044095
0.30431122430067353	0.3864309069730559	0.3092578687262707
0.3034502660589713	0.38573094612990005	0.31081878781112876
0.3019981766963503	0.3879950422514903	0.3100067810521595
0.3056502464645552	0.3843115957909576	0.3100381577444873
0.30331875911699663	0.3887161763633605	0.307965064519643
0.3051095269369261	0.3849901073669302	0.3099003656961438
0.30588207790527366	0.38663193261632767	0.3074859894783988
0.30332627538588747	0.38657892111797926	0.3100948034961334
0.3059547993385081	0.3848192565377674	0.30922594412372467
0.30493624507980766	0.3849471171504952	0.3101166377696973
0.304647740359974	0.3861287336045837	0.30922352603544234
0.30225417856161313	0.38782062128413003	0.30992520015425695
0.3034956231243907	0.3868790556427687	0.30962532123284076
0.3053782574643852	0.3869660435213027	0.3076556990143123
0.30378721793841307	0.38436084242083146	0.3118519396407556
0.303850091764023	0.38451571911277804	0.31163418912319907
0.30280405341686856	0.3882237105825754	0.3089722360005562
0.30281892904388297	0.38822732426386813	0.308953746692249
0.3019251352213253	0.38745247543623285	0.31062238934244196
0.305686841521879	0.3849473531283062	0.3093658053498149
0.3023061641504637	0.38669403134334757	0.31099980450618886
0.3057468898330006	0.38665308512320035	0.3076000250437992
0.304079059157331	0.38396811734003716	0.3119528235026319
0.302105576462962	0.38469409688480105	0.31320032665223707
0.30509056813270796	0.38631908965139444	0.3085903422158977
0.30240030655921557	0.384719187394313	0.31288050604647155
0.30349177364423774	0.38654476886609607	0.3099634574896663
0.3018140479782634	0.38881975286965353	0.30936619915208313
0.302748641326404	0.3873820447481915	0.3098693139254046
0.30632458937022283	0.3854121342680503	0.30826327636172696
0.3059058170031508	0.38524597494935847	0.3088482080474909
0.3018591404869283	0.38574222992658885	0.31239862958648296
0.30291997408940713	0.3893824952222652	0.3076975306883278
0.30549443320911446	0.38691364156467445	0.30759192522621126
0.3038668167410007	0.38739985001783195	0.30873333324116753
0.30588696639330604	0.3839140939464882	0.31019893966020584
0.302087075282472	0.3867939304077379	0.3111189943097902
0.30472708222204586	0.3852380927998977	0.31003482497805657
0.30237966130024746	0.38668081572364366	0.310939522976109
0.3028215984120958	0.3872507873751047	0.3099276142127996
0.3031976411396423	0.384781805965263	0.3120205528950948
0.30336151476635176	0.38817439922931574	0.3084640860043326
0.30207823165490394	0.3886260652197172	0.30929570312537896
0.30388905555967094	0.3869807316493174	0.3091302127910118
0.30170161138638657	0.3856620198644749	0.31263636874913864
0.304540135486606	0.38550366298670574	0.30995620152668835
0.3046919487022729	0.3858484802546452	0.309459571043082
0.3047468831350963	0.38764327303934454	0.3076098438255593
0.3055567003877749	0.3873691959843133	0.30707410362791193
0.3049349366393021	0.3854029231740231	0.30966214018667493
0.30285778073362046	0.3871139027410452	0.31002831652533447
0.3036801707014117	0.3876145912148044	0.30870523808378403
0.3034819688752064	0.38678349427161046	0.3097345368531833
0.30256727003706474	0.38443742732367975	0.3129953026392556
