0.2886096651477641	0.35559911187306387	0.35579122297917215
0.2847864369245165	0.35877195771873194	0.3564416053567517
0.2868837806002249	0.3546997583612762	0.358416461038499
0.288279451009786	0.3531551574179491	0.358565391572265
0.2862060656803032	0.35762029592219197	0.35617363839750493
0.2880021172017863	0.354125018110168	0.3578728646880458
0.2895883415992646	0.35379375112507266	0.35661790727566284
0.2873062987875167	0.35752640319577594	0.3551672980167075
0.28799957672131427	0.3549918985458822	0.35700852473280364
0.28409406133780585	0.35832765076562795	0.3575782878965663
0.2835285082579826	0.3585108836214301	0.35796060812058744
0.2852418638747604	0.3576374801519166	0.3571206559733231
0.2897108146310452	0.35362137420018447	0.35666781116877044
0.28466705022736905	0.35895786144610053	0.35637508832653053
0.28411482539855903	0.3563638205380013	0.35952135406343977
0.2869265785681634	0.3585718739479052	0.35450154748393153
0.2882914315556466	0.35661335768223296	0.35509521076212053
0.28723361228559097	0.35334173249791767	0.3594246552164914
0.2855681565374257	0.35899521714463395	0.3554366263179405
0.28606313949564716	0.3550824617833918	0.35885439872096114
0.28467602660451724	0.35887754020789375	0.3564464331875892
0.2864048745570034	0.353655226950465	0.35993989849253166
0.28945326469836186	0.35494374317884964	0.3556029921227886
0.2877081680002063	0.3541692837646676	0.3581225482351262
0.28668189716318093	0.35573158327440774	0.35758651956241144
0.28792991686295477	0.3538648362226832	0.3582052469143622
0.2849080927906906	0.3574118247473442	0.35768008246196525
0.28488644987417605	0.3579985072337237	0.3571150428921004
0.2865989897758388	0.35616366959525114	0.35723734062891016
0.28892841400354735	0.3560059390014396	0.3550656469950132
0.2856282436732202	0.3589656695847611	0.35540608674201885
0.28375281731952673	0.3582050885784074	0.358042094102066
0.2839909714088952	0.3566657740321609	0.359343254558944
0.28563068182052886	0.3559124988725639	0.35845681930690737
0.28564364068771625	0.35427298040617217	0.3600833789061117
0.28469847697843753	0.35873963969515654	0.3565618833264061
0.2851347542070935	0.35578341409907055	0.359081831693836
0.28625242218932845	0.35745301729477047	0.3562945605159012
0.28574879617145993	0.3543859835602667	0.3598652202682735
0.28898987001365084	0.35580781147357493	0.35520231851277434
0.2860567370266438	0.35535724918634676	0.35858601378700955
0.28402560192342624	0.3561498110592126	0.3598245870173612
0.2859665780998366	0.35380820353738096	0.36022521836278254
0.2853055499682027	0.3568958524325665	0.35779859759923094
0.28520514127427	0.35487532109148723	0.35991953763424295
0.283704710777689	0.35676246821954327	0.35953282100276784
0.28890887424665085	0.35522553081132097	0.3558655949420283
0.2840467764021645	0.3557724011315868	0.3601808224662488
0.2856323437577477	0.35523987440498156	0.35912778183727084
0.2875101673648574	0.3578214968292876	0.3546683358058551
0.2836896158892664	0.3584517819261378	0.3578586021845959
0.2862699702157842	0.35548088266814243	0.35824914711607353
0.2850775554536181	0.3572143276495109	0.35770811689687115
0.2834516527655328	0.3575856705990116	0.3589626766354557
0.28552125457586586	0.3572281895806878	0.35725055584344645
0.2844409871576381	0.3568121239086937	0.35874688893366824
0.284052895345354	0.356348409216899	0.35959869543774714
0.28560390277616376	0.3564878778675895	0.35790821935624684
0.28557648733212826	0.35919379548526414	0.35522971718260776
0.2876824428855639	0.3568921516779984	0.35542540543643775
0.28525617316388013	0.35484057933039576	0.3599032475057242
0.28396280096115634	0.35892258336350147	0.3571146156753423
0.2889723852792513	0.35627791405741244	0.3547497006633364
0.28426166363337685	0.35661872504617564	0.3591196113204476
0.2878612667180608	0.3554742435178823	0.356664489764057
0.28603935567789524	0.35479149880034805	0.3591691455217568
0.2868413329524932	0.3544174356625971	0.3587412313849098
0.2875829888220815	0.35320535400378655	0.35921165717413206
0.2848196070078284	0.35660169700357414	0.3585786959885976
0.28775288828693946	0.35799116529903674	0.35425594641402397
0.2869312588347399	0.3575006834790362	0.35556805768622407
0.285876244187839	0.35633816452886535	0.35778559128329573
0.28555819253429054	0.3563631656270536	0.35807864183865595
0.28903133446810203	0.3561173488973584	0.35485131663453967
0.2870045676613137	0.3583269290295662	0.35466850330912025
0.28697678206503097	0.35334963023879884	0.35967358769617036
0.28719039717219164	0.3559106440702454	0.35689895875756306
0.28808002267214033	0.3532971259633036	0.3586228513645562
0.28797962155701523	0.35348750121681016	0.3585328772261747
0.2892730006042279	0.35369037018923605	0.35703662920653617
0.28542107786671533	0.3587137975395012	0.35586512459378355
0.28773113034787845	0.35308457291554973	0.35918429673657193
0.2894467264256437	0.3542669017560032	0.3562863718183532
0.28904625362640657	0.3539265509672407	0.35702719540635286
0.28621025831491925	0.35720413068001056	0.35658561100507036
0.28800155982278264	0.3535306649810688	0.3584677751961487
0.28846204709971274	0.35525869092209494	0.35627926197819243
0.28775711676343896	0.3567443630971561	0.3554985201394051
0.2867843728846945	0.3578109703553404	0.35540465675996524
0.28552517989719733	0.3579691219972119	0.35650569810559085
0.2897196230758673	0.3559185639170047	0.35436181300712805
0.28831108596377286	0.35481587356976	0.3568730404664673
0.2886217475210817	0.3560395392055562	0.3553387132733622
0.28696861697508874	0.357699614842978	0.35533176818193335
0.28477706948503734	0.3562811492111135	0.3589417813038493
0.2842848715915373	0.35788703669719024	0.35782809171127256
0.2848630115706153	0.3563952073286545	0.3587417811007303
0.2846733305755468	0.3552357581100356	0.3600909113144177
0.2881697010471266	0.35680831645149746	0.35502198250137607
0.28592783046025544	0.3564461924325395	0.35762597710720523
0.2848443499902822	0.35799811913257423	0.3571575308771437
0.2857340789260881	0.357023945020456	0.35724197605345603
0.2869527530630209	0.3581431630405495	0.35490408389642975
0.2842778386077794	0.3554559026211648	0.360266258771056
0.28353921844762164	0.35682377627462686	0.35963700527775166
0.28452557074975166	0.35667550651299096	0.35879892273725755
0.2848201157316659	0.35712972058944176	0.3580501636788924
0.2862705229828937	0.3543386493305574	0.359390827686549
0.28651925827062213	0.3541300237018	0.359350718027578
0.28402926462150857	0.3565013761816127	0.35946935919687883
0.28416299523551813	0.35604743852146603	0.35978956624301595
0.2853661343237533	0.3587854866334603	0.3558483790427865
0.28757099376088224	0.35576100180486053	0.35666800443425734
0.2883052906069481	0.3537019953926294	0.3579927140004226
0.28792463417766034	0.35769425640748115	0.3543811094148586
0.28744128054790924	0.35453013950661705	0.3580285799454738
0.2864252881010986	0.3580236365072418	0.35555107539165975
0.2846853773945012	0.3577717195896446	0.3575429030158543
0.285380152711542	0.3548144387131021	0.35980540857535603
0.2878994722310851	0.3543634194226278	0.35773710834628725
0.2872091249264975	0.35719343686352456	0.3555974382099781
0.28604510478923956	0.35358739736609524	0.3603674978446653
0.2860290282089194	0.3574214823516168	0.3565494894394639
0.2856048526792727	0.35543640657085385	0.35895874074987355
0.2858184154791995	0.35885768606544854	0.35532389845535206
0.2850774888475438	0.3571905327790714	0.3577319783733849
0.2853342214720001	0.35724945237798106	0.357416326150019
0.28604257355881346	0.3577103284960483	0.35624709794513837
0.28533791845887996	0.3573073490708603	0.35735473247025984
0.28430062027382075	0.3562512831846048	0.3594480965415745
0.28963617178683954	0.3548902666292983	0.3554735615838623
0.2840310157005438	0.35771602384705603	0.35825296045240035
0.28526959148116104	0.35587655727009	0.3588538512487491
0.28479584552427045	0.3579525480709224	0.35725160640480724
0.28681152185838044	0.35405305586623304	0.35913542227538664
0.2866093831018981	0.3564230565983879	0.35696756029971405
0.28569435663044235	0.3587208371720616	0.35558480619749616
0.2863094498157566	0.3549113044027296	0.3587792457815139
0.28881611581243144	0.3531146307213347	0.35806925346623397
0.2867035558252233	0.3587606495938925	0.35453579458088436
0.2873202224375997	0.35341047181559354	0.3592693057468069
0.2855027027368318	0.3581848696883274	0.3563124275748409
0.28620081891729954	0.35563124198450313	0.35816793909819744
0.28594151885314834	0.35807140960788825	0.35598707153896353
0.28782939543986835	0.35622033647643325	0.3559502680836985
0.28517007579674525	0.3560132881318628	0.35881663607139214
0.28945584584073786	0.3548396176071999	0.35570453655206236
0.28448148599714307	0.356106504419194	0.35941200958366304
0.28835152948919474	0.3533555890638003	0.35829288144700505
0.2857133388775164	0.3562891248845372	0.35799753623794656
0.28449831749211807	0.35724545995241425	0.3582562225554678
0.2869849315557875	0.3551579007482136	0.35785716769599896
0.28462795314964234	0.35736826379944203	0.35800378305091574
0.2892845997571666	0.3553762580302929	0.35533914221254065
0.28872606432046344	0.3540652128696702	0.3572087228098665
0.28571865479415387	0.3567110060603485	0.35757033914549774
0.2835472781870393	0.3590970900462077	0.3573556317667531
0.2889169947054424	0.35560781184852724	0.35547519344603046
0.28356531744201563	0.35794030307079716	0.35849437948718726
0.28589173968166476	0.35901002101724805	0.3550982393010873
0.2852128830376301	0.3567020806724865	0.35808503628988353
0.2883409056049952	0.35706871476906393	0.354590379625941
0.28407956046277816	0.35704997935945426	0.3588704601777677
0.2868546492843254	0.3532551153647175	0.3598902353509572
0.28497378828396425	0.3569324640831479	0.358093747632888
0.28865384658347165	0.35325749452168304	0.3580886588948454
0.2872319872095146	0.35680527461237194	0.3559627381781136
0.2867214673523727	0.3585873706140849	0.35469116203354256
0.28647805123327574	0.3587654872320142	0.3547564615347102
0.28784774529734275	0.3574980175009808	0.35465423720167655
0.2868334193128217	0.3565463073808679	0.3566202733063105
0.28582218511131535	0.356866968570647	0.3573108463180377
0.285312010955451	0.3559675341021773	0.3587204549423718
0.2842532914093425	0.3584104302193046	0.357336278371353
0.28414255525149146	0.3565362437135562	0.35932120103495246
0.2891389024916637	0.35587699769712006	0.35498409981121637
0.28966573312534066	0.3546233926323973	0.35571087424226217
0.28536634478583955	0.35539936950889156	0.359234285705269
0.2853273169435778	0.3564253336052687	0.3582473494511536
0.2894728805090475	0.35554662876619925	0.35498049072475335
0.2878060527125117	0.35602479002283066	0.35616915726465775
0.28620433052998406	0.35622173442165833	0.3575739350483577
0.28433450950358397	0.35787969407439907	0.3577857964220171
0.28339565915415105	0.3589626685068662	0.3576416723389829
0.28489944929646865	0.35768672420397435	0.35741382649955705
0.2834681507111128	0.35825875934402207	0.35827308994486523
0.28499895057841457	0.35525094564525606	0.3597501037763295
0.28777255771794497	0.3558239612481814	0.35640348103387376
0.28932062622725796	0.35338412923694434	0.3572952445357978
0.2847545662614975	0.35544588466929306	0.3597995490692096
0.2857701234674884	0.3544116525505327	0.359818223981979
0.2884950735820201	0.35469851797656937	0.3568064084414107
0.283855114591985	0.3583053697209739	0.3578395156870413
0.2874670362141267	0.35815514692970624	0.35437781685616715
0.2868224897586892	0.354886431320969	0.35829107892034195
0.28710188643459406	0.3532474538479996	0.35965065971740645
0.28503375285481203	0.357546066536322	0.3574201806088661
0.2837267539147088	0.35662521723286794	0.35964802885242336
0.28631961369497705	0.35511509666943664	0.3585652896355864
0.2854609598213072	0.35638581026329885	0.35815322991539406
0.2834971575072438	0.3572289826342559	0.3592738598585004
0.28547882983968237	0.3568100716809498	0.35771109847936794
0.2863016768257333	0.35428750388160984	0.35941081929265695
0.2862976024565392	0.3537705200256841	0.3599318775177769
0.28414465606707184	0.3573302382307531	0.35852510570217516
0.287994501936637	0.3571511286833725	0.3548543693799906
0.2892975031728686	0.35521579276611975	0.3554867040610118
0.28873702987797734	0.3552645072751017	0.35599846284692105
0.2853905186902605	0.3567216124744929	0.3578878688352467
0.28720865584529887	0.35589267836388133	0.35689866579081997
0.283935621689933	0.35668167079618057	0.3593827075138865
0.2862712114965729	0.3588223394178471	0.3549064490855801
0.28719797415680437	0.35644882930574745	0.35635319653744835
0.28944512351150087	0.35544810120150283	0.35510677528699636
0.28642068083149563	0.35859393052637695	0.35498538864212753
0.28664044214015744	0.3572438525014548	0.3561157053583879
0.28627676363179966	0.3558203456282867	0.3579028907399137
0.2847442092900269	0.35793036577412574	0.35732542493584746
0.2871098068787796	0.35617329536478715	0.35671689775643334
0.28801527133046867	0.3575351914768812	0.35444953719265027
0.28465654428109033	0.35672477519398815	0.35861868052492163
0.28570908045899135	0.35437195455467996	0.3599189649863288
0.2839114393743849	0.3581399444266373	0.3579486161989779
0.28904240368616974	0.35488958858942826	0.35606800772440217
0.28758219942489816	0.35711686668772186	0.3553009338873801
0.28745136968728613	0.3564266014106615	0.3561220289020525
0.2855394089090456	0.357507421474921	0.3569531696160335
0.2887419692927763	0.35646085123994964	0.3547971794672742
0.28831081760224075	0.35358344196237496	0.3581057404353844
0.28539773449335804	0.35807008202655566	0.3565321834800865
0.2891513668750858	0.35417208500723285	0.35667654811768146
0.28815162651185244	0.3532004000736619	0.3586479734144858
0.28834793767511796	0.35670646085802066	0.3549456014668615
0.2838463583644199	0.3580864679575337	0.3580671736780465
0.28471024873997225	0.35920353098840097	0.3560862202716269
0.28637576698393585	0.35744368776611296	0.35618054524995124
0.2870685292638751	0.35864103778805484	0.3542904329480702
0.28907116520614984	0.35658708532757444	0.35434174946627583
0.28699762816125973	0.35784884234728226	0.3551535294914581
0.286575099117772	0.35491943883297505	0.35850546204925304
0.28434173225156717	0.35817461328488254	0.3574836544635504
0.28459053713705673	0.3557784388256068	0.35963102403733654
0.28720225278113853	0.3581977886332945	0.3545999585855671
0.28954318889832426	0.35509050654330976	0.3553663045583661
0.2867957846559497	0.3558718201683774	0.357332395175673
0.2863514736110167	0.3575588523361351	0.3560896740528483
0.28973618258557254	0.35428867464518154	0.355975142769246
0.28643262180054596	0.35457581463978627	0.35899156355966794
0.2839556646314032	0.35804661458696935	0.3579977207816276
0.28449111753648443	0.35720557886853965	0.35830330359497603
0.28824348552915846	0.3543745751322194	0.3573819393386223
0.28847731027543877	0.35712222683908423	0.35440046288547705
0.287990956858094	0.35401035707538764	0.35799868606651847
0.2865289895985945	0.35623601769921376	0.35723499270219183
0.2848830796578553	0.358970832971543	0.3561460873706018
0.2842766383604529	0.35849560973951833	0.35722775190002887
0.28633618035154557	0.35480392611385736	0.35885989353459724
0.28367233808521863	0.35771246693886355	0.35861519497591793
0.28938971867676244	0.35472197686702756	0.35588830445621006
0.28467174045308574	0.35506719186829777	0.3602610676786166
0.28527118108089816	0.35469630586530965	0.3600325130537923
0.28777270539863326	0.3535022611976753	0.35872503340369155
0.2840007797464491	0.35742206011989447	0.3585771601336566
0.2841766490753219	0.3574008526998756	0.3584224982248026
0.28771526234644446	0.3550007755447201	0.35728396210883556
0.2892531253470622	0.35636664317085565	0.35438023148208225
0.2876233072418028	0.35363337259510963	0.3587433201630877
0.2886549188090214	0.3547508125632849	0.3565942686276939
0.2872287203441199	0.3565747630798432	0.356196516576037
0.2836672870812672	0.35840803636627444	0.35792467655245847
0.28448473827481957	0.35873489680247234	0.3567803649227082
0.28751032837975815	0.3567587384174948	0.3557309332027472
0.2863128734693216	0.35803395696079876	0.35565316956987975
0.2839543741502505	0.35599659975073006	0.36004902609901956
0.2882532834477137	0.3567621043777203	0.35498461217456606
0.2889416149442763	0.3551613520443443	0.3558970330113796
0.28501366720535576	0.35921152360245245	0.3557748091921919
0.2854037028785286	0.35833774371306315	0.35625855340840834
0.28653905789994183	0.35579380908206126	0.357667133017997
0.28623906624097933	0.3534574196337	0.3603035141253208
0.2871932754091682	0.35425043429828895	0.35855629029254293
0.28844528085011556	0.35499212829537785	0.3565625908545067
0.2863227705853894	0.3538067604204306	0.3598704689941802
0.28858592357294643	0.35407457382169527	0.3573395026053584
0.28634502279896284	0.35569221204705076	0.3579627651539865
0.28585740590458003	0.3579191360019821	0.356223458093438
0.2877930004178967	0.3549219365764916	0.35728506300561186
0.2863605222103913	0.35371774101456493	0.3599217367750439
0.2871055604150727	0.35381509787389454	0.35907934171103284
0.28482173589710114	0.35797780719591527	0.35720045690698365
0.286168965428958	0.3537876769982379	0.36004335757280426
0.2848892603343954	0.35834370527800063	0.3567670343876041
0.2895514754364863	0.35508480360587086	0.35536372095764296
0.2852184403570131	0.3588247087100342	0.3559568509329528
0.2881183071185576	0.35600378413711425	0.35587790874432823
0.2848313507816247	0.3553863737973835	0.3597822754209919
0.28417219937729044	0.3555404256888615	0.36028737493384816
0.28538469264131916	0.3562392646126983	0.35837604274598267
0.28626675154092784	0.35701202441298674	0.3567212240460855
0.2888417247521518	0.35534301851731287	0.3558152567305354
0.2844414595553452	0.3573692261918897	0.3581893142527652
0.2887802880327329	0.35377830100124136	0.35744141096602583
0.2876463579882314	0.35492233047756655	0.35743131153420216
0.2886867634431705	0.35568942946373594	0.35562380709309366
0.2852372568439297	0.3578535674130882	0.3569091757429822
0.2839183343465806	0.35838371186642487	0.35769795378699465
0.2858390935635686	0.35744843301368523	0.3567124734227463
0.2862757338861786	0.3562442326695268	0.3574800334442947
0.28571812110596	0.354268408642168	0.36001347025187214
0.286697254368835	0.3548181369607279	0.3584846086704373
0.2862025115822679	0.35373143073468244	0.3600660576830497
0.28760976225624857	0.356179996043722	0.3562102417000295
0.2872460987921794	0.35830986924520597	0.35444403196261476
0.2880696713839428	0.3537001847447542	0.35823014387130314
0.28613798270231944	0.35614810499985095	0.3577139122978298
0.28778596068348306	0.3534110237771361	0.35880301553938093
0.2869375905350118	0.3551571910542351	0.35790521841075323
0.28744862907308055	0.3572226586385791	0.35532871228834045
0.28646976026570337	0.3569581711557247	0.35657206857857204
0.2834672026717108	0.3581587195526985	0.35837407777559077
0.28755083774987833	0.356510487865132	0.3559386743849897
0.2854676618714988	0.35664353836346	0.3578887997650413
0.28589975339119855	0.3584609158562045	0.355639330752597
0.28499166589783664	0.35782806507313364	0.35718026902902983
0.2865512050251831	0.3560909215068955	0.3573578734679215
0.2866647391838597	0.3557568086607653	0.35757845215537515
0.2867990548969428	0.3561184200627523	0.357082525040305
0.2854552314447532	0.3544502602122398	0.36009450834300705
0.2865416669681939	0.35581393344884205	0.35764439958296423
0.28569283648214616	0.35673114110927856	0.3575760224085754
0.2873567017503784	0.3543173606395104	0.3583259376101113
0.2841090533294948	0.358096352825359	0.3577945938451463
0.2877392963294801	0.35331986351443007	0.35894084015608996
0.28634421772214136	0.35450855139992543	0.3591472308779334
0.28383613744847	0.3575892617955732	0.35857460075595693
0.284743909359463	0.3575300601616074	0.3577260304789297
0.28418340435200323	0.35707525415570873	0.35874134149228815
0.2850661182943888	0.3579447078034963	0.356989173902115
0.286544210891713	0.3592156344805025	0.35424015462778463
0.28824051541443046	0.35669553874932747	0.3550639458362422
0.2861903558892096	0.353672366961646	0.3601372771491445
0.28536648636745654	0.35824312830538474	0.3563903853271588
0.2890013739017271	0.3549220883923437	0.35607653770592934
0.2881887126523657	0.35558049680572423	0.35623079054191015
0.2869912095315026	0.353366369765093	0.3596424207034045
0.28510411270135316	0.358633161207915	0.35626272609073195
0.28748490724228987	0.35764672727223334	0.35486836548547684
0.2846556898721637	0.357142931543996	0.3582013785838404
0.289287275033841	0.355678166930992	0.35503455803516715
0.28637408208677306	0.3549196852324107	0.35870623268081636
0.286469378686411	0.3547672143364307	0.35876340697715836
0.2855212826231428	0.358070595140861	0.3564081222359963
0.2847379566924352	0.35666794161362836	0.3585941016939366
0.28420997344918986	0.35569029554302933	0.360099731007781
0.2886350528913716	0.35440612569751423	0.3569588214111143
0.285506613150431	0.3565148465365926	0.3579785403129765
0.2870618139747828	0.3535082311336726	0.3594299548915447
0.28906762279555154	0.3553428262509155	0.35558955095353306
0.2882256643406082	0.35660529249686007	0.35516904316253184
0.28662796684296227	0.3546697502749305	0.35870228288210737
0.286616556723171	0.35351142603379776	0.35987201724303136
0.28685883221074104	0.3581057173808254	0.3550354504084336
0.2860641432056632	0.3577741054500579	0.35616175134427897
0.28754177183865737	0.3567626251210009	0.3556956030403419
0.28729783764077255	0.3577563394545243	0.3549458229047033
0.2894457846531688	0.35393541766365827	0.35661879768317306
0.286086404022515	0.3563417676905221	0.357571828286963
0.28630717101851405	0.3591024207642231	0.35459040821726295
0.28439064329492847	0.3581105457284212	0.3574988109766504
0.28821707802496066	0.3538949016387427	0.35788802033629674
0.2846257457520566	0.3557223456645951	0.3596519085833484
0.2875267175182902	0.35387694289001526	0.35859633959169473
0.28824055190997155	0.3542031729976981	0.35755627509233046
0.2878958156577668	0.35307507343901046	0.35902911090322287
0.28460054872449103	0.35726948449264273	0.35812996678286635
0.28500743917112836	0.35865279737354927	0.3563397634553225
0.2845920271372936	0.35750654106849333	0.3579014317942132
0.2873482926116748	0.3530773040851615	0.35957440330316376
0.2884680304007004	0.35659629719058694	0.3549356724087127
0.2874295454221398	0.3542129087055731	0.35835754587228724
0.28626483036958406	0.356376869662596	0.35735829996782004
0.2870001368939586	0.3571412805373518	0.35585858256868974
0.28682424798611394	0.35553208946472276	0.3576436625491634
0.28675014343093097	0.3542112736251799	0.35903858294388924
0.2848849996029183	0.35922188899523316	0.35589311140184865
0.2880404464123737	0.35716038589687576	0.35479916769075065
0.28536843842971493	0.35475647202312227	0.35987508954716296
0.2858265745867766	0.3568438768492525	0.35732954856397103
0.28473658830663423	0.3556702611662038	0.35959315052716206
0.2852072855470811	0.3544307380978279	0.36036197635509115
0.28645257887372494	0.3540569377763757	0.3594904833498995
0.28688394785488563	0.3589386772656413	0.3541773748794731
0.2873703951902401	0.3551962581881322	0.3574333466216278
0.2864488726446948	0.3589914879991556	0.3545596393561497
0.28676285773465127	0.3574751217883164	0.3557620204770324
0.28426107219944324	0.3580550106872246	0.35768391711333225
0.2861719005700044	0.35612038005737273	0.35770771937262297
0.28701661025239344	0.3561883563266577	0.356795033420949
0.287320107320472	0.35434076883683907	0.35833912384268907
0.2889480757084372	0.3549270502602596	0.3561248740313033
0.28903493915831047	0.35626429491363515	0.3547007659280545
0.2853161029991113	0.3576340098784805	0.35704988712240837
0.2858382750925688	0.35910652163608503	0.35505520327134626
0.28422835473253083	0.3576920270984507	0.3580796181690186
0.2857887969399592	0.3557586900672031	0.3584525129928378
0.2846077040595014	0.3567294619836403	0.35866283395685844
0.28773833469423715	0.3543171334820566	0.35794453182370634
0.28882508273872737	0.3549434937125895	0.35623142354868326
0.2895000378268971	0.35326613269981866	0.35723382947328436
0.28759725112937906	0.35807232234681496	0.3543304265238061
0.28531695077364116	0.3566164994470801	0.3580665497792789
0.2849495359126991	0.35491950294451796	0.36013096114278303
0.2861682800257006	0.35382656367641185	0.36000515629788765
0.284079908702668	0.35772276736951447	0.3581973239278176
0.28965650711383173	0.3540987319201266	0.3562447609660418
0.2853958532066147	0.3544964976145332	0.3601076491788522
0.28567206866340855	0.35821530916254607	0.35611262217404555
0.2868457255361659	0.3550744458752347	0.35807982858859955
0.28544154727505594	0.35470598460434133	0.3598524681206028
0.2843665559086874	0.3554113332258985	0.36022211086541417
0.2872428677435458	0.35620743862188425	0.35654969363457
0.28725512647269297	0.35487125704564904	0.3578736164816581
0.28879481058455475	0.35420083557275406	0.3570043538426913
0.28929737425877217	0.3560679441531872	0.3546346815880408
0.2845126276594396	0.3559239941119273	0.35956337822863327
0.2840139659396548	0.3563644745350937	0.3596215595252517
0.2883687723014759	0.3574582038014148	0.3541730238971094
0.28936225896894113	0.35528362969564714	0.35535411133541184
0.2878198103909066	0.35493020962211974	0.3572499799869738
0.2863442717139017	0.35485720374751994	0.35879852453857847
0.28684707588388997	0.35806105653986287	0.3550918675762473
0.2874362653100018	0.35662387856586797	0.3559398561241303
0.289116493907288	0.3551930842327279	0.35569042185998423
0.28800631086425943	0.3551704195078406	0.3568232696279
0.2886866939432128	0.35337990718369794	0.3579333988730894
0.28727957722940534	0.35324996226082406	0.3594704605097707
0.28574045559162276	0.3552767951241249	0.35898274928425244
0.28698109691148577	0.3537061560146864	0.359312747073828
0.28435174781307415	0.35674780269192957	0.3589004494949964
0.2861192766681282	0.35490438531265905	0.35897633801921286
0.2862411815247	0.3557712208954859	0.3579875975798142
0.28655007705555163	0.3533132726072415	0.360136650337207
0.28821925313756547	0.35361455519095336	0.3581661916714813
0.28709923970653417	0.35665421439630873	0.35624654589715726
0.28570548716737004	0.35610592523817597	0.3581885875944541
0.28500871423558793	0.3560168771223775	0.35897440864203467
0.28401383472327746	0.3588056524425044	0.35718051283421826
0.2867568161715415	0.35691007750495196	0.3563331063235067
0.28482001216508435	0.3577649019757504	0.3574150858591654
0.2864576793229288	0.3568234668357506	0.35671885384132074
0.28786604621875966	0.35588378615432564	0.35625016762691475
0.2837369326994107	0.35873910280005644	0.35752396450053303
0.2891539481573363	0.3540262511588211	0.35681980068384267
0.28415057469288607	0.35904422088145	0.35680520442566405
0.28707731499021616	0.35506011929522363	0.3578625657145603
0.2850796681491015	0.35818811585037674	0.35673221600052185
0.28633841467908244	0.35363809403453483	0.3600234912863829
0.2867920107185031	0.3578749280619592	0.35533306121953784
0.287519827716004	0.35751656789784786	0.35496360438614827
0.2870656741093757	0.35634764283398535	0.35658668305663904
0.2852231043912266	0.3591191494752349	0.35565774613353857
0.28701800597957505	0.3535363726497136	0.35944562137071145
0.2861535407144078	0.35422379316009717	0.3596226661254952
0.28350385897055785	0.35657565816536047	0.3599204828640818
0.2872174924618515	0.3565840162175739	0.3561984913205747
0.28606910108697114	0.35886865293634984	0.3550622459766791
0.2857902666228892	0.3590558897780392	0.3551538435990717
0.2872792549506629	0.35418730883348715	0.35853343621585
0.2838592034667701	0.3574284243827259	0.3587123721505041
0.2847205753567302	0.3562168565558254	0.35906256808744447
0.2850362294267953	0.3579446362616919	0.35701913431151294
0.286175544663769	0.35504949222498944	0.3587749631112417
0.2880566357862017	0.35349972670207075	0.3584436375117277
0.2853828987167281	0.3582383581904212	0.3563787430928508
0.28674586071154107	0.3580215768802107	0.35523256240824835
0.28451609025810815	0.3570252922285254	0.3584586175133666
0.2858234582609226	0.35798864009511844	0.35618790164395914
0.2887229557764017	0.3536442013963694	0.357632842827229
0.2869912106000359	0.3576427457903519	0.3553660436096123
0.2848201459130866	0.35815429673414184	0.35702555735277175
0.2859616328052912	0.3544393505062329	0.3595990166884761
0.2858085949860081	0.3552366165693738	0.3589547884446182
0.28810532201050293	0.3546745005209207	0.3572201774685764
0.284884942946831	0.35821453712687273	0.3569005199262964
0.2877109027401834	0.35538873071873084	0.35690036654108587
0.28604326969881455	0.3559829595547382	0.3579737707464474
0.28591820862055234	0.35660474487169297	0.35747704650775486
0.2896326619702342	0.3539934071615966	0.3563739308681693
0.2869674718496895	0.35346309934960385	0.35956942880070675
0.28802140144399013	0.3551611841702408	0.3568174143857692
0.2843848560946715	0.3552090974582146	0.360406046447114
0.28721089707033265	0.35517120243663747	0.35761790049303
0.2887884302398369	0.3548612760875248	0.35635029367263843
0.2877069871172018	0.3537527583754653	0.358540254507333
0.28871936911109863	0.3563707899677521	0.35490984092114936
0.28380957635052917	0.35768746955175035	0.3585029540977206
0.28912268407859865	0.3547952671778681	0.3560820487435334
0.2861416000928157	0.354360779862213	0.35949762004497143
0.28561697527240437	0.3552482314991949	0.35913479322840086
0.2879142964586802	0.35359096986896016	0.35849473367235973
0.286232378418725	0.35466098627710885	0.35910663530416626
0.28797453613688634	0.3565071156419476	0.3555183482211662
0.2844850252039729	0.3554990446308869	0.3600159301651404
0.2874607876209225	0.3544606581794965	0.3580785541995812
0.28682075748805175	0.3557772709484237	0.35740197156352466
0.2879129289851045	0.35509504895471844	0.35699202206017716
0.28407390976421965	0.3577670822088264	0.35815900802695405
0.28339893620345935	0.35787474232656413	0.35872632146997663
0.28458936735720797	0.3550077791586023	0.3604028534841898
0.2840857522396587	0.35890048903620203	0.3570137587241394
0.28518016491060827	0.3551889968532134	0.3596308382361784
0.28493963028114766	0.3548745619873787	0.3601858077314737
0.28775424242909287	0.357036063429279	0.35520969414162823
0.28394210750901433	0.3586890156927667	0.3573688767982191
0.2887166319412302	0.35316373034655163	0.3581196377122183
0.2866511507682773	0.3590773662394916	0.35427148299223127
0.288567385021129	0.3554681222846202	0.3559644926942509
0.2851390684144406	0.3554583660711958	0.3594025655143637
0.28582951157263464	0.35726995057791644	0.35690053784944903
0.2842674618489842	0.3577040828477561	0.3580284553032598
0.2853490785826497	0.35736775921080177	0.35728316220654865
0.2848227896429618	0.35903202704816006	0.35614518330887823
0.28860303925095426	0.35381821803603836	0.3575787427130075
0.2872622269375061	0.3556183304468847	0.35711944261560935
0.2847839914769763	0.35677499748327657	0.35844101103974724
0.2879486319446592	0.35333883233185254	0.3587125357234884
0.28451542959142495	0.35819660990732766	0.35728796050124756
0.28832454295528936	0.35730127723793326	0.3543741798067775
0.2848076570657478	0.35826981353226484	0.35692252940198754
0.2870451401682052	0.3534013433767986	0.35955351645499634
0.2853721102653132	0.3559441141365025	0.35868377559818443
0.2860616629006898	0.3553198084809443	0.358618528618366
0.2845301429079383	0.3556348017172992	0.35983505537476257
0.2865539176483061	0.35664663189350304	0.35679945045819095
0.28778838583226685	0.354892272061179	0.35731934210655425
0.2895275459660939	0.35481092156183536	0.3556615324720709
0.2895964207866676	0.3539768407932722	0.35642673842006034
0.28727379996560515	0.35504157263791825	0.3576846273964768
0.2881475994241923	0.3535234067879435	0.35832899378786437
0.2857587949464341	0.3557922320681697	0.3584489729853964
0.2883691885028175	0.3555275608748277	0.3561032506223549
0.2896946590643446	0.3538290232910818	0.35647631764457377
0.28723125737800737	0.35404408072401927	0.3587246618979735
0.28974176967851456	0.3545791332228249	0.35567909709866063
0.28426438152038747	0.3581366320978126	0.35759898638180004
0.2837080393386102	0.35843994590555134	0.3578520147558385
0.28476077784226067	0.35914855143579216	0.3560906707219473
0.2849685485991778	0.35695101360760556	0.35808043779321674
0.28665667147936336	0.3566808046309983	0.3566625238896385
0.2839275600988368	0.3577810303507621	0.3582914095504013
0.28388253482022785	0.3569493089673125	0.35916815621245973
0.2836138698206104	0.3560056715743496	0.3603804586050402
0.2870720547020311	0.35342346970576216	0.3595044755922069
0.2871140459508142	0.3534732963747185	0.3594126576744674
0.28805125919141317	0.3536071490944166	0.35834159171417035
0.2855330917440491	0.3584137798337363	0.3560531284222147
0.2845847684925497	0.35618477605381504	0.3592304554536354
0.2881702907772039	0.35412534142936536	0.35770436779343084
0.2882344043705719	0.35570418118261393	0.35606141444681433
0.28661075415541504	0.3584313006510436	0.35495794519354146
0.2873571514220784	0.35479076201470156	0.35785208656322015
0.284859236333885	0.3585223127044036	0.3566184509617115
0.2880207980303865	0.3532923419677947	0.35868686000181893
0.28798343093047335	0.3547925646574079	0.35722400441211893
0.28789813451228585	0.35544789575395797	0.35665396973375624
0.2894958685343374	0.3549441597622076	0.3555599717034551
0.28341742567472367	0.35897472931033547	0.357607845014941
0.28685619611893987	0.3584257966602578	0.35471800722080243
0.2835795750146548	0.35636763490025414	0.36005279008509117
0.28424803799041354	0.3586242016412343	0.35712776036835225
0.2849287911938735	0.3588150696195359	0.3562561391865907
0.28628365548539786	0.3578023196778855	0.35591402483671675
0.28869945906747513	0.3559894464950595	0.3553110944374655
0.2854637829907836	0.3560317741916789	0.35850444281753757
0.28744041731411984	0.3571344941308683	0.355425088555012
0.2848447705417267	0.3572858401077607	0.3578693893505127
0.2835172045302686	0.3586643829572409	0.3578184125124907
0.28479852113985255	0.3590468363036426	0.356154642556505
0.28428752613268743	0.35817944424121767	0.357533029626095
0.2846106958122211	0.3566488460128632	0.35874045817491584
0.28784474346847405	0.3542847153004647	0.3578705412310613
0.2864119966807054	0.35537531381469384	0.35821268950460083
0.28953980109520794	0.3547212304193499	0.3557389684854423
0.2883267413656314	0.3553997873063696	0.3562734713279991
0.287052958722698	0.3550238148913375	0.3579232263859647
0.28675891343095883	0.35425693126765956	0.35898415530138167
0.2893999161229858	0.35578108381195733	0.35481900006505696
0.2895931355358846	0.35321599079569466	0.35719087366842084
0.2892307403488033	0.3544291264465316	0.3563401332046653
0.28717467875641556	0.35658153069520176	0.3562437905483828
0.2852212743759226	0.3583224370231621	0.35645628860091544
0.28924095946649875	0.3551192909062877	0.3556397496272137
0.2864097488168387	0.3578381710665232	0.35575208011663817
0.28389316914171553	0.3589478815050758	0.35715894935320885
0.2855313929658876	0.35720648652817394	0.3572621205059386
0.28678027553879437	0.3549312602064534	0.35828846425475236
0.2842683024892524	0.35621951706714006	0.35951218044360767
0.2852570040994584	0.3569001298237906	0.3578428660767511
0.2879909596595468	0.3555006550985309	0.3565083852419224
0.28733370340892406	0.35622601484069716	0.3564402817503789
0.28871182596090006	0.35490215003706116	0.35638602400203895
0.2863593031175622	0.35651813579846275	0.3571225610839752
0.2891038059818885	0.35556353529900364	0.35533265871910796
0.2866282519367226	0.3566211844089832	0.35675056365429436
0.2870668735291175	0.3575813931978081	0.35535173327307457
0.2861738411405466	0.35635080782250095	0.3574753510369526
0.28615552078942813	0.3588698707161462	0.35497460849442586
0.284410576299135	0.35918596080608656	0.35640346289477853
0.2869401400156033	0.3561637706696308	0.356896089314766
0.2894509647723286	0.3542743786132478	0.3562746566144237
0.28723056951945647	0.35322169665786685	0.35954773382267674
0.2881954469207637	0.3562431987247388	0.3555613543544976
0.28659691295777007	0.3564019674988114	0.3570011195434186
0.2837963108741764	0.35755106618232463	0.35865262294349914
0.28421639001582033	0.3587557210853715	0.35702788889880827
0.2886464991321882	0.35355850710074715	0.35779499376706475
0.2851680173919916	0.35642931495372615	0.3584026676542824
0.2856672446826867	0.3591635271368899	0.35516922818042346
0.28509588554416215	0.3557755798111971	0.35912853464464084
0.2864378013693786	0.35581039129970554	0.357751807330916
0.28859012705455184	0.3546719159657793	0.3567379569796689
0.2844240023392312	0.3575145001670877	0.3580614974936812
0.28863868100125095	0.3569588767698847	0.35440244222886447
0.28697586414496734	0.35756516654350246	0.3554589693115303
0.284054724289065	0.3558486487182679	0.36009662699266726
0.28955128903128463	0.3550491829723974	0.3553995279963181
0.2884710398967519	0.35684079121652235	0.3546881688867259
0.2893363515051356	0.3536688369818624	0.3569948115130021
0.2894157283268703	0.3560194081444059	0.3545648635287239
0.28801214397676395	0.3567129682498713	0.35527488777336486
0.2868048196296535	0.35738932914970584	0.3558058512206408
0.2839118718404168	0.35895659074261604	0.3571315374169673
0.28668292153791	0.35327946390833126	0.3600376145537589
0.285763760775756	0.35436829510936885	0.35986794411487527
0.28710120927427607	0.35420504003808834	0.3586937506876357
0.28440867322366337	0.3570168588065661	0.35857446796977066
0.2871040118203208	0.3549173320678689	0.3579786561118104
0.2865270747957101	0.35688374185581007	0.35658918334848
0.28721252865249025	0.35633308486274334	0.3564543864847665
0.2878202664286781	0.3533071937167425	0.3588725398545795
0.2873352268542781	0.3544218893486637	0.3582428837970584
0.2859629691047807	0.35597741310137654	0.3580596177938429
0.2867049293691002	0.3558722147559478	0.35742285587495215
0.2850180002273198	0.3585041273387551	0.3564778724339252
0.28897214440012003	0.35491405526394	0.3561138003359401
0.2848140880963872	0.3581162145732146	0.35706969733039834
0.28691725686850583	0.3579238954381403	0.355158847693354
0.28455370435300975	0.3551395111438894	0.36030678450310094
0.2866841963134002	0.35401521460003565	0.35930058908656426
0.28686423905323366	0.35404586590240616	0.3590898950443603
0.28692357539520413	0.3560025558137493	0.3570738687910467
0.28788587052266384	0.35607189195934563	0.35604223751799063
0.28496517872360505	0.3550493651255831	0.359985456150812
0.2885991434195245	0.3557923692596293	0.3556084873208463
0.28809271197357095	0.3569744469322141	0.3549328410942151
0.2867269591076608	0.3585666515082422	0.35470638938409715
0.28472515561407946	0.35541610004463314	0.3598587443412875
0.28488942116738986	0.35565896600534397	0.3594516128272663
0.2846440645558367	0.35675760076199675	0.35859833468216673
0.2877886328421011	0.35775669209934696	0.354454675058552
0.2842727743842921	0.3564077428576522	0.3593194827580558
0.2852633086950788	0.3581677554021189	0.35656893590280236
0.2890935239421945	0.3545229255607511	0.3563835504970545
0.2886011944054059	0.3547429876735075	0.35665581792108675
0.2835352229867678	0.35659713161292467	0.3598676454003077
0.2845111904531216	0.355988225011912	0.35950058453496647
0.2848207821003284	0.35611247131186047	0.35906674658781124
0.2878392296205084	0.3567293389648868	0.3554314314146049
0.2890058015356712	0.35563129832838575	0.3553629001359432
0.286433202095256	0.35584975971296395	0.35771703819178013
0.2876001575060492	0.354724561465291	0.35767528102865986
0.2873912560920413	0.35775797512532065	0.35485076878263816
0.2847083288434863	0.3558649934067944	0.3594266777497194
0.2867443428882681	0.35565000405936714	0.35760565305236486
0.2840496474579241	0.3588011643812938	0.3571491881607822
0.28548766456763597	0.3586172333490719	0.3558951020832922
0.2860090501601302	0.357761269775811	0.3562296800640589
0.2895764307553631	0.35514194153473794	0.3552816277098991
0.28444675713277534	0.35520357918332995	0.36034966368389476
0.2858632654237586	0.359064360484355	0.3550723740918865
0.2858937445291967	0.3544148292584093	0.35969142621239414
0.28545376315268883	0.3586202568348531	0.35592598001245823
0.28472027984078063	0.35894545747304346	0.3563342626861761
0.28353556993384676	0.35765138626533655	0.3588130438008168
0.28654063650388417	0.356146705973812	0.35731265752230396
0.28534484143355643	0.35808959194217527	0.35656556662426847
0.28767309480120723	0.35542034232822894	0.35690656287056394
