0.3770245887939342	0.33374463449294617	0.2892307767131197
0.39891122723385714	0.4137461419719193	0.1873426307942237
0.21505328316616007	0.16117182265676433	0.6237748941770758
0.22985584211990123	0.33731886180590975	0.4328252960741891
0.3154021069946178	0.26524278325607786	0.41935510974930446
0.05389619951252772	0.33354668385514735	0.612557116632325
0.1793346306928716	0.3579585075760562	0.46270686173107234
0.11879189482702346	0.09425006645132905	0.7869580387216476
0.15388814286750188	0.4489256539167501	0.39718620321574816
0.11149311946699728	0.3858103823326596	0.5026964982003432
0.3292678646511185	0.390986192648861	0.2797459427000206
0.30813458073477196	0.5106173441023797	0.18124807516284847
0.25498808999746864	0.4127162493419082	0.33229566066062327
0.15709569924584155	0.49234930326333803	0.3505549974908206
0.39262591699876753	0.36226194397195594	0.24511213902927662
0.15353652244313612	0.12125488218643088	0.725208595370433
0.3713711057687804	0.07572691286367711	0.5529019813675426
0.24254317570821576	0.4089553184233701	0.34850150586841433
0.1114368860823774	0.3698782306729863	0.5186848832446365
0.3707544713906895	0.41687246064349803	0.21237306796581257
0.42720046372365544	0.12111869302989481	0.45168084324644986
0.36164478126966754	0.4869727355022299	0.15138248322810266
0.40517681571019326	0.07444149896588748	0.5203816853239194
0.16870732964496424	0.28388596962224355	0.5474067007327923
0.20400148100384055	0.20911640529900774	0.5868821136971518
0.26306482832035655	0.5147679261590055	0.2221672455206381
0.38681590621946954	0.23874046604216975	0.3744436277383608
0.10173566633490205	0.0644595498714311	0.833804783793667
0.0854475337893833	0.24102855114737964	0.6735239150632372
0.2994771005147839	0.17504304459807668	0.5254798548871396
0.1751101255232264	0.23255800706077873	0.592331867415995
0.1195798749228999	0.066370210909249	0.8140499141678512
0.26348335517117183	0.17940471543921113	0.5571119293896172
0.21249119405183994	0.13112444646917737	0.6563843594789829
0.08086457545887238	0.12263324526865249	0.7965021792724751
0.2511793395831722	0.4143723468038876	0.33444831361294025
0.3858804108606786	0.21047274982449626	0.40364683931482526
0.3811580004169637	0.3670783668108542	0.2517636327721822
0.09651749256222314	0.506133995673422	0.397348511764355
0.339153163984448	0.2277239977360555	0.4331228382794966
0.26166162925327346	0.06305380134365413	0.6752845694030726
0.40761324952389155	0.1547197472729552	0.4376670032031533
0.33768714301624747	0.34859545109268086	0.3137174058910717
0.3941658055952373	0.14270471627911485	0.463129478125648
0.056005021011794276	0.1642307156198361	0.7797642633683697
0.1352629420351919	0.4449194961067863	0.4198175618580219
0.05515860308257403	0.4273931851404682	0.5174482117769579
0.3995702511072773	0.46996538900465407	0.1304643598880688
0.16901507515794034	0.23248086005108218	0.5985040647909776
0.30165333751159806	0.3314655728271131	0.36688108966128896
0.44578224413138234	0.10316042823221677	0.45105732763640094
0.45189526189434837	0.5013061502387255	0.0467985878669262
0.3362500973870445	0.4022366513237692	0.26151325128918645
0.41978310800139507	0.11679953699599835	0.4634173550026067
0.35023080837757187	0.1988340772696472	0.4509351143527811
0.3022947483531783	0.32930705785388364	0.36839819379293814
0.06740519434592973	0.4808306288035729	0.4517641768504975
0.08558504446287013	0.1780539151312694	0.7363610404058606
0.449799151514355	0.369366967099513	0.1808338813861321
0.30750281677276237	0.35927680694399655	0.3332203762832412
0.21851204652620354	0.4123100842914683	0.3691778691823283
0.19641916220990027	0.2520846154509683	0.5514962223391315
0.07029157943282871	0.3251843052026501	0.6045241153645213
0.11942693148654582	0.39923229541623395	0.4813407730972204
0.27637880573515883	0.41088792159525256	0.3127332726695887
0.20191132694841543	0.07937554861515028	0.7187131244364344
0.30872050438850673	0.1949073007178505	0.4963721948936429
0.3198091639905992	0.2906274864546889	0.38956334955471206
0.39575255924282376	0.4372265564778399	0.16702088427933642
0.29674395504679923	0.32152760223464294	0.38172844271855794
0.07943781793547394	0.12284260296207994	0.7977195791024462
0.11615715442502741	0.3232952248334557	0.560547620741517
0.17293356623884562	0.08625073123424773	0.7408157025269069
0.37091025904294694	0.2803275966932864	0.3487621442637668
0.0651409694383685	0.47901231839012615	0.4558467121715054
0.19676095656521908	0.3366634187480875	0.46657562468669356
0.2346158241953623	0.24700545802398777	0.51837871778065
0.3682668050187785	0.11703538851744971	0.514697806463772
0.313323595318951	0.4406881615867627	0.2459882430942864
0.21779010298318785	0.227657900304194	0.5545519967126182
0.19285074450068346	0.1071144728901493	0.7000347826091674
0.19614906186935033	0.376342025119221	0.4275089130114288
0.14952754413493435	0.2077327900689771	0.6427396657960887
0.3931891338482092	0.22245089564621717	0.38435997050557374
0.16770623855135963	0.2797394251999632	0.5525543362486773
0.195320873566998	0.3088754975090052	0.4958036289239969
0.05192442577598094	0.37579425944560624	0.5722813147784129
0.09442308744253294	0.2406893424946408	0.6648875700628263
0.1920655016927269	0.1080822371155718	0.6998522611917014
0.34401055848081075	0.3479453370574204	0.30804410446176894
0.34729336046992476	0.23994770460662265	0.4127589349234527
0.32216866731193916	0.505334451337812	0.17249688135024893
0.2315891203545355	0.40189864836819555	0.36651223127726906
0.10521092784505562	0.16038514608520638	0.7344039260697381
0.38957244818622466	0.27199445503060915	0.3384330967831663
0.1743087932862889	0.23400527541259591	0.5916859313011154
0.25456411214871516	0.49185271555078436	0.25358317230050065
0.43262398907375565	0.06095052030137754	0.5064254906248669
0.05776669233348175	0.42706819780538163	0.5151651098611367
0.11508899948438428	0.2290167151926335	0.6558942853229823
0.19984630034701747	0.061156624082774835	0.7389970755702078
0.34489483417492905	0.3225683160048565	0.33253684982021453
0.14374883448511513	0.4489720491729531	0.4072791163419319
0.24021297829265323	0.10046967007119134	0.6593173516361556
0.06392220349944672	0.42724650075274295	0.5088312957478105
0.12028219721653108	0.27315922738283105	0.606558575400638
0.10619597943871828	0.22543536705822176	0.6683686535030602
0.3021728558498833	0.06938834676741018	0.6284387973827066
0.39045518793809075	0.4770707171214744	0.13247409494043494
0.24868012522328023	0.4008518331570351	0.3504680416196848
0.06660143241901573	0.16360472581647328	0.769793841764511
0.39850377956573935	0.38881002691409705	0.21268619352016374
0.3136384981747498	0.4852820131289568	0.2010794886962935
0.3511309085312315	0.2324236645305462	0.4164454269382224
0.4262760772083127	0.4060339103662679	0.1676900124254195
0.2559686506110855	0.12470715498177842	0.6193241944071362
0.09256248855979024	0.4913164443555071	0.4161210670847028
0.30941109750986795	0.3828777936670656	0.3077111088230665
0.08262263053049496	0.2827484001178356	0.6346289693516696
0.18939925543551164	0.2136443075792832	0.5969564369852052
0.36579907599492917	0.06167543478999232	0.5725254892150786
0.06257223427650671	0.3939351035317754	0.543492662191718
0.07504842825746466	0.47317414701994065	0.45177742472259486
0.26675896971483415	0.42995804531861653	0.30328298496654943
0.32732679796738784	0.29720974988266624	0.375463452149946
0.413128855526908	0.41709494564817556	0.16977619882491657
0.2329497432835906	0.2628711413056504	0.5041791154107591
0.38976807322965423	0.46238134048205237	0.14785058628829348
0.4253567513678181	0.22529427625763357	0.3493489723745485
0.07936255166425243	0.4544467122934641	0.4661907360422836
0.28130332902959987	0.23074459682230258	0.48795207414809766
0.44025923914056375	0.15771177573137704	0.4020289851280593
0.4423649819579777	0.26748832129494254	0.29014669674707994
0.19696464642764486	0.23350130761268667	0.5695340459596686
0.08900050643588991	0.43672429315775124	0.47427520040635895
0.3651391704618865	0.3036872013119921	0.3311736282261215
0.3965754925509136	0.4917901630199088	0.11163434442917769
0.37857808636412316	0.38121507209769934	0.24020684153817762
0.18122652409338147	0.3611156283285903	0.45765784757802835
0.31989897565089015	0.30523860117127877	0.37486242317783114
0.07908344867496797	0.3212633576996385	0.5996531936253937
0.17853196147193134	0.2560848430672462	0.5653831954608226
0.13264648460296746	0.31884861852726193	0.5485048968697707
0.21846316045708541	0.24256029896278275	0.538976540580132
0.25694830424052517	0.25875479543484814	0.4842969003246268
0.3446517198746958	0.24325907200548294	0.4120892081198214
0.4022161380718648	0.1777447743275816	0.42003908760055375
0.31703328807581316	0.29974554342673454	0.38322116849745236
0.26964315162427394	0.46376069911935236	0.26659614925637387
0.05512292058024931	0.11389647416265614	0.8309806052570947
0.36366550604348147	0.08785493828168456	0.5484795556748341
0.24629571186030808	0.4406507191367906	0.31305356900290143
0.08627161603005412	0.44956826170952846	0.4641601222604176
0.05431149892845866	0.09544468772163536	0.8502438133499061
0.37808880856292776	0.06195999209065456	0.5599511993464178
0.34675275983333886	0.31579540887163404	0.3374518312950272
0.10918900968011463	0.25734437397899457	0.6334666163408909
0.37937834396705217	0.23341481478385454	0.38720684124909344
0.1609636670032123	0.07514869329826807	0.7638876396985198
0.32989749963950493	0.10204997020045417	0.568052530160041
0.1600264853660513	0.3638313472469035	0.4761421673870453
0.15299748886663855	0.3021228898440208	0.5448796212893408
0.24672278825512994	0.44039826146955746	0.3128789502753127
0.3833714903741008	0.449728533227267	0.1668999763986323
0.2947034216324821	0.22255024882841443	0.48274632953910357
0.2342767101461246	0.17156620487602242	0.594157084977853
0.42375601469022006	0.36686104421440846	0.2093829410953716
0.37941064148574416	0.13266916886334434	0.48792018965091166
0.33776385010871673	0.20865449687215704	0.45358165301912634
0.33764793731086185	0.47722218150823237	0.1851298811809059
0.4167312470727235	0.4643148183273924	0.11895393459988421
0.41355561594300255	0.09033705706999037	0.4961073269870072
0.13014150036675154	0.3848499655277741	0.4850085341054745
0.19532032447904743	0.26859810932290856	0.5360815661980441
0.3279923533342276	0.31953489941511504	0.35247274725065747
0.41476304800938524	0.0813807439231925	0.5038562080674224
0.2922310412998106	0.36480711755887885	0.34296184114131073
0.36114832383778683	0.30401910545177036	0.334832570710443
0.4393987655020104	0.3954828600444408	0.1651183744535489
0.28522184382247984	0.49123674141274887	0.22354141476477146
0.25171754691922016	0.33588253697552495	0.412399916105255
0.2520963818719807	0.367020478521297	0.38088313960672243
0.4386030797710095	0.317083192715162	0.24431372751382863
0.2615509312467584	0.4283209570317138	0.3101281117215279
0.4458419322433044	0.3810307732155348	0.17312729454116094
0.3976266187396459	0.0792230741600986	0.5231503071002557
0.3647560569552615	0.4819629482714112	0.15328099477332743
0.2985194875852735	0.20628711453399162	0.49519339788073496
0.10565124982327898	0.1520092800876747	0.7423394700890464
0.1379724344757675	0.06834006876090531	0.7936874967633273
0.2425056656507294	0.06776244171176099	0.6897318926375098
0.25640702486661204	0.14148514158897407	0.602107833544414
0.09950677482448095	0.20773604189557665	0.6927571832799425
0.14295649906213287	0.4304555710131825	0.42658792992468475
0.3578318636768767	0.14171855950992757	0.5004495768131958
0.2520237082371366	0.4726122869277819	0.2753640048350816
0.38643425450129165	0.18002910482426554	0.4335366406744429
0.23409151774584963	0.14671183604797783	0.6191966462061727
0.4233860591396247	0.11029502631669699	0.4663189145436784
0.23244489561862175	0.3898360460049253	0.3777190583764531
0.30259311390376586	0.4132973015018131	0.28410958459442115
0.2175622184250864	0.1511146410448218	0.6313231405300919
0.41146913578955646	0.14288782170988473	0.445643042500559
0.0895130877579629	0.4484653489157937	0.46202156332624356
0.2903594816609168	0.49573922090655914	0.21390129743252417
0.07780192944909142	0.22307207974723767	0.6991259908036711
0.14840938144828497	0.27046891502922693	0.5811217035224883
0.05481859634088748	0.424485250042756	0.5206961536163567
0.36093690622350066	0.3424733028759686	0.29658979090053084
0.3740081723130693	0.09550434128503724	0.5304874864018936
0.11848228100464156	0.3339088645567299	0.5476088544386286
0.3847408886258835	0.1722197950587172	0.4430393163153994
0.40819352688742444	0.4940025306694859	0.09780394244308976
0.3961013318237452	0.37464648627990005	0.22925218189635493
0.4093788717207573	0.27880525178935256	0.31181587648989023
0.22783655086024923	0.30504649186282395	0.4671169572769269
0.3514645413695805	0.15882128531942127	0.4897141733109983
0.12495867551657244	0.1917869955983748	0.6832543288850529
0.3223173948999888	0.24259897150579585	0.43508363359421554
0.26066299753860667	0.193691078259541	0.5456459242018524
0.24649454577889202	0.25672529309131764	0.4967801611297904
0.344298469573392	0.08178861815074989	0.5739129122758582
0.1593300457199668	0.38343120626094324	0.4572387480190901
0.441692375390428	0.41811960590199054	0.14018801870758157
0.06036502583643488	0.37308921731220085	0.5665457568513643
0.32359782778334234	0.5103246295932671	0.16607754262339075
0.13724963193615336	0.12179738946413651	0.7409529785997102
0.355935096110546	0.10070527790774397	0.5433596259817102
0.10496086214431283	0.40761164744801825	0.48742749040766903
0.1908613272789469	0.31049660969985676	0.4986420630211965
0.26935015048514754	0.47463248165859345	0.25601736785625917
0.3067890051038301	0.38598904094186304	0.30722195395430696
0.3629681654211695	0.23065262213913318	0.40637921243969743
0.13073190637076265	0.32512334150826194	0.5441447521209755
0.28462080665853706	0.0642867381765973	0.6510924551648657
0.3407304139167196	0.11461402118392602	0.5446555648993545
0.10052490634244282	0.44728556516282536	0.45218952849473193
0.22112514328820868	0.14600088053275798	0.6328739761790335
0.06292974830634307	0.3242740716421519	0.6127961800515052
0.09981965509715096	0.3689671077448076	0.5312132371580416
0.28572231315393287	0.36778594470679815	0.34649174213926914
0.10668000443289843	0.11008894883234205	0.7832310467347596
0.08202315508630836	0.22513835370349944	0.6928384912101924
0.2664961244602889	0.3317945500042792	0.40170932553543204
0.31579041073472985	0.3289290766793445	0.35528051258592575
0.3123968848850446	0.278050351108703	0.40955276400625257
0.15926382780533513	0.3534940081169565	0.4872421640777085
0.17756364412539793	0.4630090676621719	0.35942728821243025
0.11455495790813441	0.2804516651570752	0.6049933769347905
0.0955992925693046	0.10111772733278418	0.8032829800979113
0.12935355202585558	0.22042984593361115	0.6502166020405333
0.2666547136546815	0.2634567916038303	0.4698884947414883
0.1727165589532693	0.4302843986999677	0.3969990423467631
0.33008581954825655	0.0788213965062401	0.5910927839455035
0.2915451008660034	0.39227762615008954	0.3161772729839072
0.3466755556568337	0.2869187201965295	0.3664057241466369
0.2623958883868161	0.15219304116469637	0.5854110704484876
0.12961656284929052	0.4277740092390737	0.4426094279116359
0.21184668439093057	0.48722014933767827	0.30093316627139133
0.10486607246375357	0.10806061783980903	0.7870733096964375
0.15062390248519045	0.4562989051586207	0.393077192356189
0.30541378524940027	0.39817395753160556	0.2964122572189943
0.21455667875643697	0.3317636630610711	0.4536796581824921
0.2164987336292938	0.24390004339605773	0.5396012229746485
0.17285514890562914	0.29924481754770815	0.5279000335466628
0.14771163052799824	0.1856489907021284	0.6666393787698734
0.29972575044927285	0.3648141505795451	0.3354600989711822
0.09272616870243822	0.17829368105354118	0.7289801502440207
0.1592679848417261	0.47969293554567927	0.36103907961259474
0.28166995439107967	0.15871613814009553	0.5596139074688249
0.28647789235410265	0.3791340653033932	0.3343880423425042
0.15695177951556877	0.25354756982152943	0.5895006506629019
0.18104633372085685	0.18494586184616302	0.6340078044329802
0.07144740180195264	0.30120455258700307	0.6273480456110445
0.16390301563064116	0.38708023840899214	0.44901674596036684
0.2384603977426489	0.23388701342108914	0.5276525888362621
0.4426204454779392	0.3882159229467711	0.16916363157528985
0.2324110527862474	0.34348430869022595	0.4241046385235268
0.39883924380149094	0.22388750371795557	0.37727325248055354
0.3776013439002909	0.21076371033254562	0.4116349457671636
0.20879777688755707	0.07046979260218755	0.7207324305102555
0.36731042937001446	0.3101773190668339	0.3225122515631518
0.0986047273796396	0.12110368459746501	0.7802915880228956
0.3177176427760659	0.17283840181832222	0.5094439554056119
0.43104920965205	0.4698145493840826	0.0991362409638675
0.06230782763282061	0.3949422786661526	0.5427498937010269
0.3934767384999822	0.17451524969207963	0.43200801180793824
0.3264600194643507	0.061603114301259976	0.6119368662343895
0.09364094119805849	0.5132111011695695	0.3931479576323721
0.2886330997966008	0.25230016859813115	0.4590667316052682
0.4235161916886728	0.40977351808539986	0.16671029022592743
0.21311933654006823	0.42817059080753594	0.3587100726523959
0.4114829750538727	0.48602729402376654	0.10248973092236083
0.07327648911933349	0.5142254039428305	0.4124981069378362
0.20400095992197032	0.48480421520259404	0.3111948248754358
0.34872337084561406	0.4335532704747459	0.21772335867964016
0.31083510160556305	0.06252192495893133	0.6266429734355057
0.29464823425804865	0.5103343500518589	0.19501741569009262
0.37454767735713096	0.09701784683104067	0.5284344758118285
0.07878456907090492	0.11449533882623347	0.8067200921028617
0.11295429169362506	0.1684197164610471	0.7186259918453279
0.0877836779134496	0.13822938416181624	0.7739869379247343
0.3154402958904628	0.21000502688887268	0.47455467722066463
0.3541577489913518	0.18511451036048332	0.460727740648165
0.4382407705648379	0.5128102611229666	0.048948968312195584
0.3775079319598711	0.49697951912647914	0.12551254891364985
0.20733836990651983	0.18966826594455932	0.6029933641489209
0.27460517021302217	0.4283461582117536	0.2970486715752243
0.4352995326883416	0.22055895652712257	0.3441415107845359
0.27544474091523613	0.29623471391014	0.428320545174624
0.3293311634747723	0.05869466758587144	0.6119741689393563
0.181674262297829	0.2797938193885192	0.5385319183136519
0.19667420772116656	0.4504336797596099	0.35289211251922364
0.11610781233856557	0.14791704064743072	0.7359751470140039
0.3273703176253346	0.5076131479705024	0.16501653440416308
0.08294523674093301	0.4899268500189506	0.4271279132401165
0.4324582450660917	0.24141945132046622	0.3261223036134422
0.14650596741177718	0.19709062605910024	0.6564034065291227
0.31241386956814515	0.3459362262646557	0.34164990416719926
0.18680235625351307	0.31547400599363	0.497723637752857
0.2512966633148249	0.39982782640963366	0.34887551027554153
0.16306306240846807	0.28559255544413054	0.5513443821474016
0.45148271912221183	0.23076112707196517	0.3177561538058231
0.17730691273829055	0.28718933206906155	0.535503755192648
0.11694369648103042	0.3030523815187547	0.580003922000215
0.41028358690545963	0.263403903097645	0.3263125099968955
0.1322362011420961	0.08893488441948738	0.7788289144384166
0.19420935069364487	0.36847240354728955	0.43731824575906564
0.256954065819686	0.4693474403411508	0.27369849383916334
0.36587049135623884	0.4731741754248722	0.16095533321888908
0.16640204747156623	0.4953897880872654	0.33820816444116847
0.29001745846007676	0.14847135616406787	0.5615111853758554
0.40821130694002883	0.20340801659786786	0.3883806764621034
0.3304683242780994	0.14743942639281654	0.5220922493290842
0.4342760059235926	0.28965605943757466	0.27606793463883283
0.06357823978472116	0.23154980779031276	0.7048719524249663
0.17117263353459672	0.31334563845051483	0.5154817280148886
0.38358852690053535	0.13849184020231547	0.4779196328971493
0.3882961269508744	0.3156003587908506	0.29610351425827514
0.24154776410636355	0.3900783244536951	0.36837391143994147
0.16854515377188195	0.15912860645123517	0.672326239776883
0.11650129993036529	0.26665050563423104	0.6168481944354038
0.07076530795170488	0.4184181104934466	0.5108165815548487
0.16795883107768736	0.12949760524951154	0.7025435636728012
0.21083588845955442	0.22513972432329882	0.5640243872171469
0.43264761006201946	0.21431879890189964	0.353033591036081
0.20721094028642545	0.21046450847022743	0.5823245512433473
0.45110819817384273	0.07218435792801664	0.47670744389814074
0.14268081435897456	0.4300206305816877	0.4272985550593379
0.28095159612273146	0.37288962798172237	0.3461587758955463
0.09431028288665541	0.11000227120656866	0.7956874459067761
0.16625406606839993	0.34914121524047514	0.48460471869112504
0.2815124173512565	0.2698175321722457	0.44867005047649794
0.41011994960079784	0.20460757190737267	0.3852724784918296
0.20967729004472307	0.30601027966102967	0.4843124302942473
0.25440316062199053	0.3753643509312099	0.3702324884467997
0.10736884963466248	0.46881994076479033	0.4238112096005473
0.34934157765233625	0.388631473951866	0.2620269483957979
0.15515897211979143	0.4659466507714493	0.3788943771087594
0.054611249209870816	0.42996992527746986	0.5154188255126595
0.12841127712620543	0.13318595791613624	0.7384027649576584
0.09969351965472623	0.07099518025632212	0.8293113000889518
0.44701022550918457	0.2753876746695768	0.27760209982123873
0.06008216446447001	0.2673869521734313	0.6725308833620989
0.18660868952757498	0.23471335169493984	0.5786779587774853
0.10428580408134042	0.18794822934988742	0.7077659665687723
0.33967418955456236	0.4391616820542491	0.22116412839118865
0.2661370477468714	0.2795609105689596	0.45430204168416916
0.26375590442161856	0.395057714349368	0.34118638122901357
0.09831381927487828	0.37754302115034427	0.5241431595747776
0.21166980072196406	0.4562386147037444	0.33209158457429166
0.4205119959481981	0.4411796376158631	0.1383083664359389
0.1775412314317218	0.5033107704555413	0.3191479981127371
0.25240599098673766	0.13563723202016906	0.6119567769930934
0.10465792082549952	0.26879747462569403	0.6265446045488066
0.1875498175982913	0.45626002210479943	0.3561901602969094
0.1378477558804561	0.131389957276241	0.730762286843303
0.3960539337840055	0.22254162455750126	0.3814044416584934
0.3908785717343384	0.335206752080148	0.2739146761855137
0.38717339852265853	0.11480455439250939	0.4980220470848322
0.44136738025078986	0.0918898146609497	0.46674280508826055
0.20048066808068513	0.4464631095031746	0.3530562224161404
0.1135569485620973	0.5078931293882945	0.3785499220496084
0.2262057453112822	0.291662107144498	0.48213214754421996
0.21377045648629198	0.1347420380592384	0.6514875054544698
0.4378460112145818	0.10024895166791684	0.4619050371175015
0.35854888092374043	0.10387165625054179	0.5375794628257179
0.06790551714635279	0.20327454141128679	0.7288199414423606
0.32374169671261105	0.4820418883846923	0.19421641490269673
0.14903288085178112	0.473978377978702	0.37698874116951697
0.07080949257627922	0.15397327370073155	0.7752172337229893
0.07166268746185489	0.38017440373315375	0.5481629088049915
0.3939628970124486	0.4478494792490843	0.15818762373846726
0.06957833624388371	0.35963507384526444	0.570786589910852
0.36635247120238557	0.11246977661272753	0.521177752184887
0.22758976303195155	0.06809638268710488	0.7043138542809437
0.1791190772230504	0.19080503424007642	0.6300758885368734
0.2994615789890715	0.07094880001187454	0.6295896209990541
0.31797550089632326	0.39843375004305637	0.28359074906062054
0.42325394204368116	0.3557315935076051	0.2210144644487138
0.2637578598799736	0.12788439978581687	0.6083577403342096
0.09655535581527372	0.23524057551677893	0.6682040686679475
0.30142175313875036	0.3414972120389159	0.35708103482233383
0.36221624274258835	0.12465951764890734	0.5131242396085044
0.19358949980391948	0.21327106311017857	0.593139437085902
0.13892943452112766	0.17937116862266447	0.681699396856208
0.3845997032970804	0.38608659131829903	0.22931370538462068
0.414957158577283	0.22547756417985182	0.3595652772428653
0.45286627513147076	0.32546495380497165	0.22166877106355767
0.398039846141365	0.07566898303933983	0.5262911708192952
0.1429799069935827	0.15313101634621873	0.7038890766601987
0.22084191857613486	0.07146028550986927	0.707697795913996
0.3528466986954548	0.19304511352121498	0.45410818778333034
0.42739508022631995	0.273548214561554	0.2990567052121262
0.19670797704863766	0.0816547010703007	0.7216373218810617
0.05323951134760385	0.0947400930236448	0.8520203956287514
0.09170883767513704	0.18940702365192336	0.7188841386729398
0.13323632543688704	0.2729386081891306	0.5938250663739825
0.45169410157239376	0.255444419417429	0.29286147901017734
0.270225925461139	0.18543144401532397	0.5443426305235372
0.42831310688814983	0.06405976380488693	0.5076271293069633
0.12643238638965365	0.2504394192715339	0.6231281943388125
0.23033946912503997	0.383497048817686	0.38616348205727413
0.35190020821420587	0.4483332722333915	0.1997665195524028
0.11508049647837965	0.10827881979383075	0.7766406837277897
0.22456136314828862	0.5012357781280381	0.27420285872367345
0.42470467402239753	0.11587527047139082	0.45942005550621173
0.43630225646425547	0.495527638545983	0.06817010498976173
0.16969850216836277	0.4947376555774564	0.3355638422541809
0.3834204798569341	0.48686092678855275	0.12971859335451325
0.19074903048356376	0.48293732205388873	0.3263136474625476
0.4272526963971572	0.5072115265346417	0.06553577706820118
0.2876663758562378	0.5113438010414335	0.2009898231023287
0.23057184497157668	0.37864207882101725	0.3907860762074062
0.19952160663568702	0.09043650155702931	0.7100418918072838
0.43615129562303256	0.18540117741292386	0.37844752696404366
0.2536224476653166	0.08964476317322523	0.6567327891614583
0.19634584595571183	0.19245326232139118	0.6112008917228972
0.09301931019713405	0.46926599476628295	0.43771469503658317
0.17044042324972203	0.0587308447271882	0.7708287320230899
0.3442966422313748	0.12963143382068598	0.5260719239479393
0.11947576319169054	0.2846540756966592	0.5958701611116504
0.33049619011938625	0.3784529169457868	0.291050892934827
0.06118305001826191	0.2823563088827361	0.6564606410990022
0.15530115765086394	0.2700153091174968	0.5746835332316393
0.25357875541466524	0.09562721985934172	0.6507940247259931
0.39999474194599355	0.06321945681233043	0.5367858012416762
0.07780958014878714	0.46190364744975443	0.46028677240145865
0.2598714409375015	0.256673339116845	0.4834552199456537
0.2365242809979748	0.22442684014231742	0.5390488788597079
0.41001074592893605	0.24259996994255828	0.3473892841285058
0.09583539176674849	0.39374355978232023	0.5104210484509314
0.05666003866415076	0.311608846075197	0.6317311152606524
0.12387266315237827	0.0863316933868929	0.789795643460729
0.1205000926005402	0.2488291665238207	0.6306707408756391
0.4083242110605562	0.1917277633626424	0.3999480255768015
0.10585983017085854	0.08965766766578795	0.8044825021633537
0.08075522449108541	0.3617968022117031	0.5574479732972117
0.10488050003424318	0.3289797304133858	0.5661397695523711
0.42997424705042114	0.11561273904810515	0.4544130139014738
0.17024298555658843	0.20243964413370513	0.6273173703097066
0.06055271929219874	0.1391315072382184	0.8003157734695829
0.2148598308033366	0.490528287260221	0.2946118819364425
0.204756955334065	0.3553135852263152	0.4399294594396199
0.4497845951076842	0.336774324546438	0.21344108034587783
0.21392620718116112	0.11208162654671736	0.6739921662721216
0.1561845005477761	0.10522113993522594	0.7385943595169981
0.24513915086058427	0.4431653571423306	0.31169549199708524
0.29098839906484797	0.33191482237832354	0.3770967785568286
0.12778913265663713	0.3169617014767641	0.5552491658665989
0.2783211333102988	0.2860234645942892	0.4356554020954122
0.09903337553238015	0.2950964610018553	0.6058701634657646
0.39941852531138033	0.4234672650247311	0.17711420966388874
0.14651722740713513	0.12088827788554529	0.7325944947073197
0.0789507975117476	0.2922900039621369	0.6287591985261156
0.2500610321484763	0.17794617407788652	0.5719927937736373
0.16594075493980595	0.25914450644695486	0.5749147386132394
0.2415608942751265	0.36649500459840756	0.39194410112646605
0.4231817723646035	0.37880016470836175	0.19801806292703483
0.37308871723025394	0.49937149550926707	0.12753978726047904
0.41891650277040876	0.26105593441531083	0.3200275628142805
0.05879628895518557	0.0981191456997152	0.8430845653450993
0.09721763582729187	0.3810993281902329	0.5216830359824753
0.26709429489536884	0.3096147857909027	0.4232909193137286
0.4437632711027771	0.4539348115883523	0.10230191730887073
0.1289359864078762	0.2965890539855308	0.5744749596065931
0.14413233354964833	0.1507516398477602	0.7051160266025917
0.0931263179487643	0.3057478055476252	0.6011258765036106
0.22487687563458014	0.3265343726448329	0.44858875172058704
0.2842806083205296	0.42102330406527566	0.29469608761419486
0.4336814265687673	0.2331481242311123	0.33317044920012046
0.3935192438544754	0.37048162671072427	0.23599912943480042
0.35102134182254185	0.33769166317001775	0.3112869950074405
0.12242847308728833	0.0631428466005709	0.8144286803121409
0.06234890337497356	0.09232419318261245	0.8453269034424141
0.22917934769357745	0.27066802854121375	0.5001526237652089
0.34379137604108734	0.18767140757116818	0.4685372163877446
0.351307103875301	0.08979863343166039	0.5588942626930387
0.0801954239740369	0.5111328569660201	0.4086717190599432
0.09993910722113847	0.27218885364325296	0.6278720391356087
0.4043932772987226	0.3384742444088458	0.2571324782924317
0.261432552757542	0.3640085744586762	0.3745588727837819
0.32082149603270005	0.4317130282815845	0.24746547568571556
0.2596056691178794	0.2936221590746951	0.4467721718074256
0.3695028088644463	0.5126612063899844	0.11783598474556944
0.3372398029619562	0.11849115859174797	0.5442690384462959
0.11880960874673574	0.1456787576279992	0.7355116336252652
0.1299764145627002	0.0719498671744318	0.7980737182628681
0.263098236584941	0.40497297748653566	0.33192878592852343
0.2287469963015315	0.28813139928495796	0.4831216044135107
0.37722037153525884	0.24132759679828658	0.3814520316664547
0.14296598850525366	0.25330895806268205	0.6037250534320644
0.40938375288483864	0.41523722030747645	0.17537902680768502
0.0678373074772986	0.22639866817182203	0.7057640243508795
0.283875967381673	0.3078861446283395	0.40823788798998767
0.21018702190140845	0.1671265054180061	0.6226864726805856
0.07958505525542425	0.4384445129544386	0.4819704317901373
0.19918244179497577	0.45057464385010676	0.3502429143549176
0.31402367634444084	0.49915451122474086	0.18682181243081836
0.2238935838257497	0.32991110019982584	0.4461953159744246
0.2486959513139232	0.43486658305997455	0.31643746562610237
0.2860584567037184	0.23531802372443617	0.47862351957184557
0.19865344686724498	0.2564504845268287	0.5448960686059264
0.1599516119430125	0.16650178538420363	0.673546602672784
0.3868456950198298	0.11284605171983975	0.5003082532603306
0.2871708729389484	0.36885788317364937	0.3439712438874023
0.06286832727836739	0.37167670474025516	0.5654549679813776
0.35298971511416777	0.16821291603322092	0.4787973688526114
0.16053217042966578	0.37133611665687816	0.4681317129134562
0.16793467612522459	0.36853154859478027	0.4635337752799953
0.3815989733734245	0.10340785964906907	0.5149931669775065
0.0816752791363205	0.417591898756971	0.5007328221067087
0.3346285064829265	0.0795506042401084	0.5858208892769652
0.4081374394852355	0.1736301164330564	0.4182324440817082
0.13154285820360193	0.2608308046268809	0.6076263371695173
0.33645737300122	0.13852226708775653	0.5250203599110236
0.41709051517038354	0.35500120924910716	0.22790827558050936
0.3101414169791121	0.5149726420417404	0.17488594097914756
0.1589300425463629	0.06497331159475789	0.7760966458588793
0.26014038515986065	0.3808205697087861	0.35903904513135343
0.25430927451263974	0.1662065503937898	0.5794841750935706
0.21338290083082423	0.2210282605053917	0.5655888386637842
0.39114109818538156	0.08691986702998428	0.5219390347846343
0.40251853070007854	0.30398780675919856	0.29349366254072295
0.16410081135211374	0.2609537820344192	0.5749454066134672
0.05305304984147996	0.3206000727787114	0.6263468773798088
0.2905378117798632	0.5119945408181108	0.19746764740202613
0.17096097524973855	0.18607738827286596	0.6429616364773956
0.3427056819737276	0.4444650142113894	0.21282930381488313
0.35537000725827983	0.5123187141717432	0.13231127856997701
0.26880944887273683	0.4244781324992447	0.3067124186280185
0.09116590071692554	0.3217026649659596	0.587131434317115
0.3843970605717098	0.14376134598257365	0.47184159344571663
0.209767118921388	0.09038593722125854	0.6998469438573536
0.2715318787349696	0.31799074072664846	0.4104773805383821
0.32633358044837296	0.3688084515637151	0.3048579679879121
0.2502027450840648	0.3005094220071687	0.44928783290876667
0.3493194750379428	0.15332467943765554	0.4973558455244017
0.366248111144227	0.38043470258105977	0.25331718627471334
0.3886849665535393	0.47476028263849157	0.13655475080796925
0.12167454392196805	0.4857791399086783	0.39254631616935376
0.3312748890429895	0.2519882563227094	0.4167368546343012
0.3426835944144471	0.4033609588058564	0.2539554467796966
0.35496961998412135	0.09371728676693297	0.5513130932489458
0.28199576826328343	0.18830214898261707	0.5297020827540996
0.22831646306313377	0.23701224005502414	0.5346712968818421
0.05192399404211423	0.1060925830473029	0.841983422910583
0.38349688277021726	0.20421635959328613	0.4122867576364967
0.24447052101986982	0.30376830476716465	0.45176117421296563
0.1267385058294179	0.21225467150354324	0.661006822667039
0.3108667659650649	0.2955882732581629	0.3935449607767723
0.30237266666061824	0.13152034015110098	0.566106993188281
0.42134309474264986	0.3668370982756614	0.21181980698168884
0.4304341248413617	0.4971508169377892	0.07241505822084926
0.054722099545612246	0.37653217784807613	0.5687457226063118
0.13921650591287985	0.19962139545971494	0.6611620986274054
0.35654050219348604	0.09361549168492656	0.5498440061215875
0.27066156005013753	0.38961396010630417	0.3397244798435584
0.3547071927109309	0.29976233620864146	0.3455304710804278
0.09307402313249086	0.18924918626566087	0.7176767906018484
0.39764863576896925	0.225178057650676	0.37717330658035486
0.4348168637054558	0.07876799870578738	0.48641513758875693
0.15048933235547465	0.29588041477979277	0.5536302528647327
0.1547246127632862	0.26611290808829585	0.5791624791484181
0.17750277577979973	0.1808763085222692	0.6416209156979311
0.25852101996468746	0.11293837071489865	0.628540609320414
0.3945819690703239	0.17277222725813815	0.43264580367153804
0.25013296747760666	0.14428783499240289	0.6055791975299906
0.40313709467561437	0.2297201970072702	0.36714270831711554
0.44765351866003994	0.4453584854813506	0.10698799585860957
0.11548238429027075	0.09968249735541557	0.7848351183543139
0.07079742984481491	0.5067470457720107	0.42245552438317446
0.4352275326100207	0.09866888709300656	0.46610358029697285
0.07036460558382046	0.07331323649534521	0.8563221579208344
0.22166204237640763	0.27774999802573647	0.500587959597856
0.13009782390250013	0.40133978081154253	0.46856239528595744
0.2351485791537708	0.494592343680359	0.27025907716587033
0.0820333659084237	0.4711909350150071	0.44677569907656933
0.34366742970585096	0.29008187024050375	0.3662507000536454
0.2677319226869157	0.15835249523618933	0.5739155820768951
0.2754804661807432	0.22865998521113845	0.4958595486081185
0.3462241593044477	0.505711044242144	0.1480647964534084
0.30027124229847335	0.4849458089950821	0.21478294870644465
0.2386799615792904	0.3190167507990042	0.44230328762170545
0.22534034809862274	0.08600079569961833	0.688658856201759
0.41221424321349454	0.2293130721026178	0.35847268468388777
0.37453875206621046	0.1528204357449637	0.4726408121888259
0.2410717860837262	0.11512359422268686	0.643804619693587
0.2871742167685917	0.4287685563537803	0.2840572268776281
0.22509486527558037	0.0863052533029996	0.68859988142142
0.0914601002821149	0.1526404604168995	0.7558994393009857
0.42515741813196994	0.3014790256270301	0.27336355624100006
0.2150047623859946	0.10284951877162846	0.682145718842377
0.36614384578673104	0.14319415312513356	0.4906620010881355
0.10014412072825435	0.16013018378299554	0.7397256954887501
0.06414295738827025	0.4816250250080722	0.4542320176036577
0.1697970443575414	0.3125733645807745	0.5176295910616843
0.2354256809249319	0.45523275037468386	0.3093415687003843
0.17574971491158217	0.26720830842822224	0.5570419766601957
0.441643687263866	0.2776923878937513	0.2806639248423828
0.3413293434913571	0.32837503256024847	0.33029562394839457
0.14721811123718115	0.2076934726727905	0.6450884160900284
0.4249022199007625	0.45002773558821335	0.12507004451102427
0.1670902076208136	0.2015071089442591	0.6314026834349274
0.15347323458884993	0.4270399994165413	0.4194867659946089
0.41859228554318434	0.10327116103264872	0.47813655342416705
0.4451734048112711	0.09290942246244521	0.4619171727262838
0.34422470776669384	0.2797774545619879	0.3759978376713184
0.30747551561915215	0.3485510237240052	0.34397346065684276
0.10062147860726628	0.30022167810789957	0.5991568432848342
0.33792412388605403	0.1657784766640071	0.49629739944993895
0.2770772259192875	0.21952524316146588	0.5033975309192468
0.3448654607257782	0.180614217945612	0.47452032132860994
0.08383241837313102	0.24736199356765898	0.6688055880592101
0.2952818492883646	0.4313417322621362	0.27337641844949934
0.1495069817837552	0.15333217401506788	0.697160844201177
0.2075363317380835	0.4418710329865269	0.3505926352753897
0.40627088174505377	0.4712009698357441	0.12252814841920229
0.0980726949016022	0.1976351962045571	0.7042921088938408
0.058419118714421014	0.46428154229976004	0.4772993389858191
0.14432320689315203	0.3710778708204327	0.48459892228641543
0.1789687467926739	0.1660439171393567	0.6549873360679694
0.3491769968587377	0.4088133441899241	0.24200965895133833
0.09595880105851193	0.33010947949132324	0.573931719450165
0.11009820626963385	0.4838288879660865	0.40607290576427985
0.20695289234099376	0.3004409630835768	0.4926061445754295
0.09820666875393724	0.459059675614914	0.44273365563114886
0.15711035154013908	0.3022536080890179	0.5406360403708431
0.45094040305189437	0.45035250351016226	0.09870709343794346
0.3096442851190887	0.43319323651818986	0.25716247836272155
0.30930376807956195	0.20857676606640427	0.48211946585403387
0.18609965630966357	0.4282454473818259	0.38565489630851063
0.3704054949521332	0.19037703063078656	0.43921747441708037
0.3669428080781166	0.14868060151294885	0.48437659040893466
0.24326026139036094	0.39732068376447227	0.3594190548451669
0.15877312475954702	0.36064978769326367	0.4805770875471894
0.3442299374740912	0.2845783736433265	0.3711916888825824
0.22532379362502133	0.4770144068964651	0.2976617994785137
0.2609066006380441	0.4040367327777278	0.3350566665842282
0.405414824242916	0.27191983131353686	0.3226653444435472
0.14786551990519065	0.23137780088623364	0.6207566792085759
0.14649915658521795	0.344000980314868	0.5094998630999141
0.28248133290605504	0.10657152670692677	0.6109471403870184
0.420544748169191	0.25674205026198405	0.322713201568825
0.3982364222498609	0.30439794381474883	0.2973656339353904
0.4331699398915572	0.30342123001659094	0.26340883009185195
0.3262083929695596	0.3705887475299398	0.3032028595005007
0.22110466252790184	0.24647119970792475	0.5324241377641735
0.44398784740769504	0.516782807407979	0.03922934518432608
0.12398019288403811	0.2666013166863911	0.609418490429571
0.21142341424657735	0.20703679687625756	0.5815397888771652
0.3115914707201185	0.3070484695044623	0.3813600597754193
0.21860079401375576	0.502077751039573	0.2793214549466714
0.11790328721215687	0.45262887884334746	0.4294678339444958
0.17116861961396773	0.11503334762856626	0.7137980327574661
0.31294394614390936	0.4580599976083791	0.22899605624771163
0.09472644491935908	0.06152285978153871	0.8437506952991023
0.382802360133028	0.4362137735226737	0.18098386634429844
0.428664437036826	0.4084863472391338	0.1628492157240403
0.23153932880560474	0.3677331989927233	0.4007274722016721
0.42570367296796924	0.1842660994730117	0.39003022755901917
0.4106073635132008	0.4140749212064073	0.17531771528039197
0.1409247204320281	0.31594641066494855	0.5431288689030235
0.2275764693170187	0.19845052716779782	0.5739730035151835
0.07319492825318052	0.25305601118896587	0.6737490605578538
