0.35021432085611665	0.39954940868407274	0.25023627045981073
0.34903173750553995	0.40069550354620487	0.2502727589482553
0.3500724285994459	0.40011441873065934	0.24981315266989493
0.3500122337791066	0.40009302056655494	0.24989474565433856
0.3490727168314684	0.4003381276036475	0.2505891555648842
0.3493960956732185	0.4006640131801076	0.24993989114667403
0.3497194807601124	0.4000964245404429	0.25018409469944475
0.3503302213461188	0.39968916128377086	0.2499806173701104
0.34988859863867394	0.3997798673547122	0.25033153400661395
0.3495512211838998	0.40040009209993355	0.25004868671616676
0.3499754669862588	0.3999349783353346	0.25008955467840677
0.35021736633974915	0.3997330488773549	0.2500495847828961
0.3495167225594725	0.40007774033676924	0.2504055371037584
0.3504552464743969	0.3995494301053465	0.2499953234202567
0.35007362019130794	0.39979479757911673	0.25013158222957543
0.3491401742431275	0.40047215737662145	0.2503876683802512
0.3500656395197181	0.40011326303063416	0.24982109744964784
0.34930994252088443	0.40030420569870034	0.25038585178041534
0.34971706048247686	0.3998163182259898	0.2504666212915334
0.34954609721791274	0.4002839861528016	0.25016991662928584
0.34949582229470855	0.40055518978666643	0.2499489879186252
0.34940197860877353	0.4000098414103958	0.2505881799808308
0.3496909079128251	0.4005407855732269	0.24976830651394805
0.35017548521798336	0.3999445537035643	0.24987996107845245
0.3497737765383423	0.40040247060019196	0.24982375286146583
0.3499508110704857	0.4000263262379875	0.2500228626915269
0.3496301008638418	0.4006264696498359	0.24974342948632244
0.3499523971345333	0.40004637240045876	0.250001230465008
0.349410224475287	0.3999897866465529	0.2505999888781602
0.34979614936766995	0.4000362566617516	0.25016759397057864
0.3491843977358906	0.40029028132485245	0.25052532093925706
0.34985765932098517	0.39981063988219917	0.25033170079681577
0.349575756568111	0.40056615568523124	0.24985808774665788
0.34948379062159957	0.4002648363633581	0.2502513730150424
0.34884415143786157	0.40060734658566866	0.25054850197646983
0.34951112665691775	0.40022442001198455	0.2502644533310978
0.3495559407843258	0.39991454271800925	0.2505295164976651
0.3489123403037011	0.40054280022501243	0.25054485947128663
0.34947447796898484	0.4006515972335099	0.24987392479750536
0.3494555420636977	0.4001007691829752	0.2504436887533271
0.35004568858406226	0.39999980374477395	0.2499545076711639
0.35041184668851655	0.39952036108945677	0.25006779222202685
0.34942880358299344	0.4001240793241503	0.25044711709285644
0.3494829565833098	0.40012626114913574	0.2503907822675545
0.34968535405387524	0.3997448400246442	0.25056980592148065
0.3494323489861791	0.40054643061916817	0.2500212203946529
0.3491521485626631	0.40023658441586757	0.25061126702146946
0.34985627680340736	0.399663298208055	0.25048042498853773
0.3498295671822019	0.399559273299648	0.25061115951815016
0.3496478839317674	0.40004400141952606	0.25030811464870667
0.3499941505764546	0.40023887579065864	0.24976697363288683
0.3500977418592547	0.4001222454850954	0.24978001265565006
0.34998305525086704	0.3999653717541767	0.2500515729949564
0.34959328152294733	0.40040285149359406	0.2500038669834588
0.34889652709234853	0.40052226682495845	0.25058120608269313
0.3496290419117858	0.3999284055513488	0.2504425525368655
0.3496459812768175	0.4001393087274868	0.25021470999569584
0.35029923228893134	0.3995909281046598	0.250109839606409
0.34989782440008305	0.39972998322233894	0.25037219237757813
0.3501551054266091	0.3995565995137764	0.2502882950596146
0.34967393387840334	0.3999752606839229	0.25035080543767385
0.3497963935810173	0.4002928920758839	0.24991071434309892
0.34893231926388324	0.40047289334037234	0.25059478739574453
0.3494134362902875	0.4007429847614176	0.249843578948295
0.34931547618620495	0.4007510072089687	0.2499335166048264
0.3498483500833986	0.40011794904315423	0.2500337008734473
0.3488994757185848	0.4006042241130684	0.2504963001683469
0.3498309589155285	0.39991829161007625	0.25025074947439535
0.34940617878725283	0.40018857595977764	0.25040524525296964
0.3498089119579072	0.4004309803090568	0.24976010773303603
0.34996202282541317	0.4002648601558435	0.24977311701874344
0.3499509313322373	0.4002443570727714	0.2498047115949914
0.34887771551286473	0.4005962387580163	0.25052604572911913
0.3496336441201078	0.4003613966630296	0.2500049592168627
0.3497995849344522	0.3998846316768164	0.2503157833887315
0.35016215187781996	0.39992175105811456	0.24991609706406553
0.34988523801747107	0.39965100979280693	0.25046375218972206
0.3495588510110979	0.39994676304686017	0.2504943859420421
0.349497400165911	0.40036043550727773	0.2501421643268113
0.34950274454787883	0.3998844091853849	0.2506128462667364
0.3492504433751892	0.4005990016974603	0.2501505549273506
0.3502436832401619	0.39985564295383946	0.24990067380599873
0.3498618534974981	0.3998400466158374	0.25029809988666457
0.34915768620074983	0.4005478542007303	0.25029445959852
0.34993262551291715	0.4002209873157203	0.2498463871713627
0.3488559240023109	0.40063097658302804	0.25051309941466116
0.3494917534027486	0.4006707886919362	0.24983745790531536
0.3492511104613514	0.40065613680825213	0.25009275273039655
0.34915912271857674	0.40060869759416057	0.2502321796872628
0.34917725474407924	0.4002439066268947	0.2505788386290262
0.34948706227693416	0.40055112133798365	0.24996181638508233
0.3497738726288049	0.40010118362139463	0.2501249437498006
0.3497062997460314	0.40035194607598307	0.24994175417798564
0.34964855774725945	0.39973764360032166	0.25061379865241906
0.3495810806446476	0.40014748821993873	0.25027143113541384
0.3497806810421128	0.3996853957350446	0.25053392322284274
0.3501873108258601	0.39967590932512165	0.2501367798490184
0.349803841765227	0.39973086954082176	0.25046528869395135
0.34894951524193984	0.4004475379287348	0.2506029468293255
0.34980850866068247	0.3995753041178531	0.25061618722146456
0.34965413754263885	0.39989046981854875	0.25045539263881245
0.3496754544120746	0.4003302990335632	0.24999424655436236
0.35001932381540984	0.399678083858693	0.25030259232589724
0.3496069189116351	0.3997807312646608	0.25061234982370423
0.3500897902960128	0.39944648859555576	0.2504637211084315
0.3494348675404669	0.4000224614439369	0.25054267101559635
0.3496541302935601	0.40044259988066566	0.24990326982577443
0.35011143497852587	0.3996564051232463	0.25023215989822795
0.3491972443965419	0.4003206906748682	0.25048206492859004
0.3495532826580942	0.4006435783812665	0.2498031389606394
0.34941941279977806	0.4007419029564172	0.24983868424380484
0.34952757620225067	0.4002481871015812	0.2502242366961682
0.34949587619830286	0.40013398949956513	0.2503701343021322
0.35021680340634387	0.39972216921177023	0.25006102738188607
0.349881689453299	0.3995592004710651	0.250559110075636
0.3495803114711987	0.39995595166805065	0.25046373686075074
0.3498342019650022	0.3997218868415919	0.25044391119340603
0.3502945757563917	0.3998674982568884	0.24983792598672003
0.34948993703839243	0.4004731306530369	0.2500369323085708
0.3498693598021364	0.4000117554712982	0.2501188847265655
0.3500646004633243	0.39944319049787724	0.25049220903879854
0.34900941321005047	0.40055599900363015	0.2504345877863195
0.3496148758950987	0.40040979547744415	0.24997532862745722
0.3500148672733412	0.39979655659972513	0.2501885761269338
0.349247804998163	0.4005813922941107	0.2501708027077264
0.35058789662403844	0.39957065321398166	0.24984145016198006
0.34955626838424136	0.4002233322897891	0.2502203993259696
0.35029525335809897	0.39989958223154026	0.24980516441036085
0.34980690351632954	0.40006707492089666	0.25012602156277386
0.34984631194226257	0.39996199425170986	0.2501916938060277
0.3498724919150608	0.40011598742020915	0.25001152066473015
0.3494347017191951	0.400730155354275	0.24983514292653003
0.3493677429595799	0.4004469533891193	0.2501853036513009
0.3490985997029179	0.4005846340335827	0.2503167662634995
0.3499095928347043	0.4002311267528975	0.24985928041239835
0.3502505368430074	0.39999262227650967	0.24975684088048306
0.34994775435536013	0.4002020923075767	0.24985015333706329
0.3505579932802724	0.39947911862886676	0.249962888090861
0.349338868396856	0.4006591016905777	0.25000202991256637
0.34986571313009746	0.39974531834230087	0.2503889685276018
0.3489674223916517	0.4005234645227899	0.25050911308555845
0.3503715336255697	0.3997755396399524	0.249852926734478
0.3505390361096927	0.39969968714828175	0.24976127674202564
0.3495273576126835	0.40055710211208456	0.24991554027523208
0.3498331112164524	0.4003416389955061	0.2498252497880416
0.3491175676280542	0.40042111803421854	0.2504613143377274
0.3491943352405672	0.40034578004255983	0.250459884716873
0.3502087571693876	0.399815532225336	0.2499757106052765
0.3497838103426268	0.3998540538968774	0.25036213576049593
0.3501183212244712	0.3999155335423391	0.2499661452331898
0.3500693478766632	0.39949174190249204	0.25043891022084486
0.3490690115747651	0.40050429840367585	0.25042669002155915
0.3496066430378192	0.40011022729933726	0.25028312966284366
0.3497159329268621	0.4005196230503042	0.24976444402283382
0.34936758223004993	0.40005951437284765	0.25057290339710253
0.3502043811819844	0.3999895015476519	0.24980611727036378
0.35024421341156303	0.3996025169857762	0.2501532696026608
0.35062603787062346	0.3994686446496791	0.24990531747969755
0.34975841934426766	0.4004602283295373	0.24978135232619514
0.3495047535975452	0.4004220292587535	0.25007321714370145
0.3494617378560194	0.40019603468625886	0.2503422274577219
0.3500014629523187	0.39960457996375265	0.25039395708392875
0.3493951905148061	0.40039536485253	0.25020944463266404
0.3502021429024887	0.399404102410166	0.2503937546873455
0.34999220701689054	0.39974979393919574	0.2502579990439139
0.350642959964004	0.3994957149287437	0.2498613251072524
0.34942194788293435	0.40001017387724463	0.25056787823982113
0.3499680479916222	0.3997167400630305	0.2503152119453475
0.3502898087052016	0.3995876479685475	0.250122543326251
0.34975766319040574	0.40010518526402095	0.2501371515455735
0.3501350170074379	0.3994779572017816	0.25038702579078065
0.34897000997416916	0.4005466539335291	0.2504833360923019
0.3494009023571939	0.40037128930210875	0.25022780834069747
0.34938956758360307	0.400138883869939	0.25047154854645803
0.35012525984956977	0.3996269292953042	0.25024781085512615
0.35023781855252334	0.39941005209807184	0.2503521293494049
0.35016116682196646	0.3998037423935099	0.2500350907845237
0.34970924029285766	0.3999597966561813	0.25033096305096114
0.3490713409187681	0.40032450083548093	0.25060415824575105
0.3496113716530219	0.40002969242306385	0.25035893592391434
0.35017368527795106	0.3995906571625877	0.2502356575594613
0.35017733885382385	0.3997569997054756	0.25006566144070064
0.3491985284001429	0.40047721347327964	0.25032425812657755
0.3497696133066083	0.4000439062181139	0.2501864804752779
0.349498500602621	0.40066633073084706	0.24983516866653205
0.34906320063303486	0.4003616879862051	0.25057511138076016
0.3501430031022804	0.3999981158234389	0.24985888107428078
0.3503341040523055	0.3996152754982539	0.25005062044944076
0.3499787877926161	0.3996427353513351	0.25037847685604897
0.3499249510889755	0.40010162028592877	0.24997342862509592
0.3493940403393145	0.4002897732105519	0.25031618645013365
0.350090954142931	0.3994108493132549	0.2504981965438142
0.34946069827628057	0.4001856761640942	0.25035362555962537
0.350358670270007	0.3998087598728566	0.24983256985713653
0.34999839390244414	0.3998156080087477	0.25018599808880826
0.3498473137776562	0.39987200391334327	0.25028068230900063
0.34981116652154365	0.40041128965668543	0.249777543821771
0.3502597453468518	0.39984165375235237	0.2498986009007959
0.3505880762469172	0.39949676884317564	0.2499151549099073
0.3495410716132549	0.4001360179463438	0.25032291044040145
0.3496159460107763	0.40027403784347015	0.2501100161457537
0.34952155580338495	0.3998600658019489	0.2506183783946663
0.35008311556699667	0.3999756398670886	0.24994124456591482
0.34916487956009584	0.4004483868147694	0.25038673362513486
0.3503886302360239	0.399643006055737	0.2499683637082392
0.349292335194055	0.40054061646749084	0.25016704833845427
0.3499570744512389	0.3996898794392861	0.2503530461094751
0.34988608469148663	0.40035588751284273	0.24975802779567075
0.3492648469927235	0.4007162365666803	0.2500189164405963
0.3504244535039634	0.3994224436605217	0.250153102835515
0.3492684455593518	0.4001502074309062	0.2505813470097421
0.35003852700027543	0.3996416821397061	0.2503197908600186
0.3498656711999747	0.39972212244675076	0.25041220635327466
0.35027223996671286	0.3994272115141767	0.25030054851911054
0.34926168955956016	0.4005667443510439	0.250171566089396
0.35014269795717823	0.3995926765401368	0.2502646255026851
0.3499177934150288	0.4001300845737971	0.24995212201117417
0.34941794424248207	0.4001930120093832	0.2503890437481349
0.35025795937205745	0.399841058277497	0.24990098235044567
0.3488218868339499	0.4007408329649018	0.2504372802011484
0.3488886884317581	0.4006973910305331	0.25041392053770894
0.3496856502997611	0.39990881057325645	0.2504055391269825
0.34935300948642894	0.400610084545501	0.25003690596807016
0.3499234422050739	0.3996918475169332	0.25038471027799303
0.34926412871269963	0.4004257481098227	0.2503101231774778
0.3494252026023047	0.4007332772759542	0.2498415201217412
0.3492145261749138	0.40017739419471215	0.2506080796303742
0.3489134916536339	0.40072943416962703	0.25035707417673925
0.3489210026439504	0.40072841730017433	0.2503505800558754
0.35032389413747334	0.39957411691959666	0.2501019889429301
0.34918748027251656	0.40057907519804753	0.250233444529436
0.349853080928841	0.39971916050191036	0.25042775856924876
0.3504549312343443	0.399726249230846	0.2498188195348099
0.35002286934028565	0.39940802497969663	0.25056910568001783
0.3491638396427077	0.40054790102208987	0.25028825933520255
0.3493328490631474	0.40005293650882007	0.25061421442803267
0.34894242320707364	0.40057256180014067	0.2504850149927858
0.3495905989167386	0.3997897069125095	0.250619694170752
0.34926319491771873	0.4002486152234594	0.250488189858822
0.3504648047522387	0.39978083913917006	0.24975435610859137
0.350470456810281	0.39978553013280493	0.24974401305691413
0.3494391826492498	0.40040231506691637	0.2501585022838339
0.3497424437368616	0.4000997265350016	0.25015782972813694
0.34993516167440075	0.39954269296259803	0.25052214536300127
0.34939670682644103	0.4001175387211305	0.2504857544524286
0.3499915911506114	0.4002496934448065	0.24975871540458222
0.34988546275229443	0.3995852415473561	0.2505292957003496
0.3501367703394719	0.39952515314105413	0.2503380765194741
0.3490421987394565	0.4005479507488438	0.25040985051169984
0.34997833209803153	0.3997276958077625	0.250293972094206
0.3502971051572467	0.39993105936307954	0.24977183547967385
0.34977135138461524	0.3996106273239659	0.25061802129141897
0.3492048125150674	0.40051642504542156	0.25027876243951114
0.34979449264378637	0.3996614935917065	0.2505440137645073
0.35006165270762224	0.3998391413513999	0.25009920594097795
0.34952208795215184	0.39987318627792157	0.25060472576992665
0.34921553410063405	0.4001729234599486	0.2506115424394174
0.3490494880270407	0.40037708142835493	0.25057343054460446
0.3489728840102673	0.40066700139590683	0.2503601145938259
0.3495583107503386	0.39988425728154897	0.2505574319681125
0.3495870853521257	0.4002224148502167	0.25019049979765773
0.3493164833158878	0.40010422783857885	0.25057928884553343
0.3499518861499323	0.40013751546846854	0.24991059838159932
0.3501494879400082	0.3999337497167675	0.24991676234322438
0.34917047658318767	0.4007179653901963	0.25011155802661617
0.3505867098230784	0.39954101723612	0.24987227294080175
0.34992670392073605	0.40013379418505846	0.2499395018942056
0.3493202127232209	0.4001979302553113	0.25048185702146797
0.350139536755912	0.3997844563821542	0.25007600686193393
0.35020826750959444	0.4000372682008644	0.24975446428954126
0.35049678121661054	0.399403066232753	0.25010015255063656
0.34969479192996783	0.4001110991057649	0.25019410896426736
0.3496253031499977	0.4003049580159348	0.25006973883406763
0.3493298673240122	0.4004024709990092	0.25026766167697867
0.34951632289754603	0.39992085796818166	0.2505628191342725
0.34885561973985724	0.4006959737852296	0.2504484064749133
0.34987853659997126	0.4001323869829313	0.2499890764170976
0.3505659362617791	0.3996058001555325	0.2498282635826885
0.3502842409441475	0.3998850231648108	0.24983073589104185
0.35023916631859825	0.39960804839396113	0.25015278528744067
0.3498062511475061	0.3996785227158225	0.25051522613667154
0.3499434464926562	0.3994780655559804	0.25057848795136345
0.34937493989053936	0.40053750183618536	0.2500875582732754
0.3503556098309062	0.39947100030600907	0.2501733898630849
0.349732231924879	0.3997057891219156	0.25056197895320553
0.34919122434645145	0.400235840694539	0.2505729349590097
0.350613521212886	0.3996039357327126	0.24978254305440153
0.34973002895605143	0.3997807669914957	0.250489204052453
0.34975799429465165	0.3998263198524571	0.25041568585289137
0.34966832589813446	0.40009998289207366	0.25023169120979194
0.3494525191132157	0.40064331080018306	0.24990417008660137
0.3497128164628892	0.40031138185381354	0.24997580168329736
0.3499447489966472	0.39987972254889637	0.2501755284544565
0.349284995810349	0.40030826437148265	0.25040673981816847
0.34997483023657433	0.4000955745259793	0.24992959523744648
0.34926239474827014	0.40036277221094585	0.2503748330407841
0.34942992133743916	0.40051426265848944	0.25005581600407156
0.3496982495614059	0.40046456412010933	0.2498371863184849
0.3504267102793037	0.3997977708612718	0.24977551885942464
0.3490235599901398	0.40048266062511045	0.25049377938474987
0.3494864457411513	0.40030663782494724	0.2502069164339016
0.3497571999206587	0.3998734086216151	0.2503693914577264
0.3503614688017503	0.3995347955980099	0.2501037356002399
0.34959428594725833	0.39987092853100414	0.2505347855217376
0.3499305215261894	0.3999785055873342	0.2500909728864764
0.35042083397053386	0.39944993249260013	0.2501292335368661
0.34946307052778597	0.40007268104618116	0.250464248426033
0.35018885706107666	0.39952001021149836	0.2502911327274251
0.34964392482439827	0.4001541881266847	0.25020188704891716
0.3497853638172143	0.4000916133515306	0.2501230228312552
0.34994891303927805	0.40020502185856516	0.24984606510215693
0.34947031681949736	0.40008185784292793	0.2504478253375748
0.3496982971561758	0.3997519254107326	0.2505497774330917
0.34941165410793074	0.40039236080924384	0.25019598508282553
0.35012586243239147	0.39980367658513494	0.2500704609824737
0.3504220841224007	0.399535595950649	0.25004231992695036
0.349525235297029	0.39989817242822545	0.2505765922747456
0.3495400979167227	0.40051653895252093	0.24994336313075646
0.3495020420290308	0.40067280961327023	0.24982514835769912
0.35011429764404134	0.39984549201338854	0.25004021034257023
0.34979495234885283	0.39969305018372836	0.25051199746741887
0.3503197709467836	0.3997985834143398	0.24988164563887666
0.3501741900088375	0.39943382400002914	0.2503919859911335
0.3490776148893551	0.40038027563198264	0.25054210947866234
0.3502002280657564	0.3999467366084314	0.24985303532581232
0.34963649932770924	0.39976317217948093	0.25060032849280994
0.35025082973053884	0.3997861628352969	0.2499630074341644
0.3502257962746891	0.3998795243630744	0.24989467936223664
0.3495104677178806	0.4003966849262484	0.2500928473558711
0.3495312383436485	0.3998669869114642	0.2506017747448873
0.3497255043883995	0.3997518421367741	0.2505226534748265
0.35016628382037485	0.40001662937514243	0.2498170868044828
0.34990440373685083	0.3996109509972389	0.25048464526591036
0.3490920577230031	0.40032687035338355	0.25058107192361345
0.3496485201905437	0.400309516397546	0.2500419634119105
0.35003952773101904	0.40005919890205355	0.24990127336692752
0.34883144792221055	0.40063211599948206	0.2505364360783075
0.35013992514653186	0.3999999090803354	0.24986016577313283
0.349511850256809	0.3999445319350452	0.25054361780814594
0.3498306327324519	0.40000303722144814	0.2501663300461001
0.35005954917481497	0.39972530741957035	0.2502151434056148
0.3491789416651408	0.40041309793992663	0.2504079603949327
0.3497445964060779	0.400505046819712	0.2497503567742102
0.34927834502344257	0.40041827417200904	0.2503033808045485
0.3499096809342881	0.3996871240724953	0.2504031949932167
0.3494313379085189	0.40063062599734944	0.2499380360941318
0.3493595253958275	0.4002166730327762	0.2504238015713964
0.349926451271879	0.400328026001453	0.24974552272666808
0.3501931534858601	0.39961777499880063	0.25018907151533937
0.3495412582562577	0.40014108420869043	0.250317657535052
0.3494265193244295	0.40043086605046574	0.2501426146251049
0.3488186375062885	0.400560971558167	0.25062039093554467
0.34981053192263356	0.39988608029889294	0.2503033877784736
0.3493668730658407	0.4004533681833977	0.25017975875076165
0.3498656001692099	0.4000236143582462	0.250110785472544
0.34893597455791253	0.4006643376239246	0.250399687818163
0.34998602910907245	0.39966374092997653	0.25035022996095113
0.3498395431241504	0.399706246826706	0.2504542100491437
0.34975384627614214	0.39996702346131735	0.2502791302625406
0.3492742875951593	0.400598029054122	0.2501276833507188
0.34934978685907064	0.4007519091205236	0.24989830402040586
0.3496662004270812	0.40019703901093717	0.2501367605619818
0.3496044171669892	0.40057174171154286	0.24982384112146805
0.34915995557994495	0.4003517892520779	0.25048825516797724
0.3488439440371194	0.40058885598731947	0.2505671999755613
0.3504671361144325	0.3994755087797712	0.25005735510579646
0.34991344102253086	0.4002600890080581	0.2498264699694111
0.34916459720509424	0.4004680308139998	0.2503673719809061
0.3505416454419715	0.3995416523945134	0.2499167021635152
0.3496692192753245	0.4003815591042667	0.24994922162040892
0.3500985543719341	0.3996952802354852	0.2502061653925809
0.34953570412731605	0.4004163573192724	0.2500479385534117
0.3505144111383636	0.3996115190634117	0.2498740697982248
0.35017686672048454	0.3996053392476051	0.25021779403191047
0.3495244700685756	0.4003091794054993	0.2501663505259252
0.34953206019071925	0.39995043288499854	0.2505175069242824
0.3494100455985579	0.4005803405249865	0.25000961387645576
0.3490032073311359	0.40066262664603014	0.2503341660228341
0.34988403094480164	0.39991386358323777	0.2502021054719607
0.349041474176896	0.40046962780013784	0.25048889802296626
0.3491484131510595	0.4006961802842022	0.25015540656473845
0.3496746733450032	0.4005712682384446	0.24975405841655235
0.3498474884190712	0.4002603673383853	0.24989214424254358
0.34990612647391217	0.3995927865145642	0.2505010870115237
0.3488221825392363	0.40061097569974763	0.2505668417610162
0.34990061015132096	0.3996085706701815	0.25049081917849764
0.3489889580122324	0.4006044324040853	0.25040660958368244
0.3495808031993312	0.40013004415461895	0.25028915264604995
0.3501232005834348	0.39947284452380827	0.250403954892757
0.35061314406199107	0.399490830073372	0.24989602586463702
0.3497005665923042	0.39969662845580295	0.2506028049518929
0.34927271290222517	0.4002416102291301	0.25048567686864487
0.3494227549084548	0.4004049576139376	0.2501722874776077
0.35057256754620925	0.3995000595888809	0.24992737286490996
0.3503331097289075	0.3997592514417429	0.2499076388293497
0.35008268201004955	0.39983879853708704	0.2500785194528635
0.3502575336819193	0.3998178516049028	0.24992461471317803
0.349822533413015	0.40014334365004567	0.25003412293693944
0.3489427138452338	0.40043936896597215	0.25061791718879417
0.35016783692484993	0.3995147484852931	0.25031741458985707
0.35029758019132007	0.3996900886118415	0.2500123311968385
0.34907782770078566	0.40071076060483196	0.25021141169438244
0.34981476306200066	0.4001828087754759	0.25000242816252355
0.3495253106426803	0.40062012646217043	0.24985456289514935
0.348927158948893	0.4006286491290184	0.25044419192208867
0.34963247214365617	0.400179667867683	0.2501878599886609
0.34992400564325477	0.3997214792375472	0.25035451511919815
0.34954177029355243	0.40006270799882976	0.2503955217076179
0.34976381071003215	0.4003984371519709	0.24983775213799708
0.3501206764563118	0.39946017742148743	0.25041914612220084
0.3497368002061555	0.4004106625482845	0.24985253724556009
0.34920883464496205	0.40027965300439994	0.25051151235063807
0.34953724392434726	0.4001967962013541	0.2502659598742987
0.34952972639671887	0.39990293131454535	0.2505673422887359
0.35025267278181627	0.39950065561696596	0.2502466716012179
0.3500055805491141	0.4000708032624523	0.24992361618843367
0.3494688052481291	0.4001789312375149	0.2503522635143561
0.3492165209926764	0.4006758891362413	0.2501075898710824
0.3505093548835964	0.3996823431141814	0.24980830200222234
0.35016312413644257	0.39976280208922105	0.2500740737743365
0.3501327987207372	0.39944755708728313	0.2504196441919797
0.3499553357459556	0.4002538874743821	0.24979077677966238
0.3501751685290964	0.40002765395050704	0.24979717752039665
0.3496859336840006	0.4003187093076679	0.2499953570083316
0.3495172729371412	0.4002398896479622	0.2502428374148967
0.3495063255535424	0.4005635936134178	0.24993008083303989
0.3499348276095423	0.39999498825106006	0.25007018413939774
0.34974576727521517	0.39999311182188596	0.250261120902899
0.3501094266139567	0.39965491551288	0.2502356578731634
0.35028666206325315	0.3994677057131142	0.25024563222363283
0.35035145655612493	0.3997937306471774	0.24985481279669783
0.3502444111080808	0.39986037169149674	0.24989521720042257
0.3498730849451666	0.40034683668038	0.24978007837445348
0.3491534958023525	0.40068683266901134	0.2501596715286363
0.3495440758264723	0.40015148376777165	0.25030444040575617
0.3501847925046107	0.39975973403639387	0.2500554734589956
0.3492189515832721	0.40043956360835603	0.25034148480837204
0.3504695862121577	0.39963319925559737	0.24989721453224506
0.3494997362034865	0.4000347406997471	0.2504655230967665
0.35014246649919867	0.39993783489644397	0.24991969860435748
0.35000974002751084	0.39946660688573754	0.25052365308675173
0.34934658849876665	0.4003822420702625	0.25027116943097094
0.34955250444825525	0.4001016544789805	0.2503458410727644
0.3494449835989665	0.40001112504373404	0.2505438913572996
0.34966901976485604	0.3997603455606071	0.250570634674537
0.35048410582282513	0.39961354212866496	0.24990235204851008
0.3499011651777424	0.4003087909786587	0.24979004384359904
0.3491637900285123	0.40043295126204725	0.2504032587094406
0.35042606183989183	0.399685498749163	0.24988843941094527
0.35050120811763125	0.39945509585797795	0.2500436960243909
0.34961314568804797	0.4003180397071019	0.2500688146048503
0.3505215752632453	0.3994382776166779	0.25004014712007694
0.3499872946610123	0.39941736789860727	0.25059533744038054
0.3490171491730742	0.40038458554110135	0.2505982652858245
0.3494371762469372	0.3999726250751223	0.2505901986779406
0.3498901976443033	0.40017610148687155	0.24993370086882524
0.35000347563869155	0.40013217429494613	0.24986435006636243
0.3498507862461329	0.3995727150272418	0.2505764987266254
0.3497850237988048	0.3998606723685566	0.25035430383263874
0.34968535363411757	0.39992508023614237	0.25038956612974017
0.3501092186992388	0.40007578840025443	0.2498149929005069
0.349902631656838	0.3997492329024613	0.25034813544070084
0.3497094214747436	0.4003555190857673	0.24993505943948924
0.3501028140003309	0.39980877993272146	0.25008840606694777
0.3499952350788743	0.3996707015060629	0.2503340634150629
0.34890523320135913	0.40056357356324784	0.25053119323539313
0.35016075893872123	0.399722444914297	0.2501167961469819
0.34968680830454724	0.3997715862047095	0.2505416054907434
0.3503531638692639	0.39944048441594027	0.25020635171479594
0.35002030406186624	0.39988835841230574	0.25009133752582813
0.34988254955883025	0.39967968781215946	0.25043776262901046
0.34945034108886186	0.40024666313840385	0.25030299577273435
0.34927487358311937	0.4004969199516878	0.2502282064651929
0.35001918599246434	0.39945035961166603	0.25053045439586974
0.3500624873985588	0.39964938199606737	0.25028813060537397
0.3490015759918713	0.4005287626346026	0.2504696613735262
0.350528575954213	0.39945068807663053	0.25002073596915664
0.350207030668215	0.39987388883672015	0.24991908049506495
0.349083020335412	0.4004007113617862	0.25051626830280194
0.3497974334128514	0.3996258931078629	0.2505766734792858
0.3488440503787097	0.40065823436074965	0.2504977152605408
0.35009797118691566	0.3998287096129148	0.2500733192001696
0.349714292213017	0.4001701703617948	0.25011553742518833
0.34992300258987913	0.3994849834119183	0.25059201399820275
0.3505313894651027	0.3994148122529876	0.2500537982819099
0.3490289299116477	0.4005746074446368	0.2503964626437156
0.3505510838923625	0.3995182725523897	0.2499306435552479
0.3497172176718588	0.40041924504810944	0.24986353728003186
0.3489406289864224	0.4007233456624161	0.2503360253511616
0.34982927255351287	0.39969725775427684	0.2504734696922104
0.34989539285665605	0.399907591865886	0.2501970152774581
0.34934522150779124	0.40074956356490316	0.24990521492730575
0.3503563218165343	0.39963468162833293	0.25000899655513287
0.3501295193697923	0.4000897529021483	0.24978072772805948
0.3490795113628943	0.40035951272542175	0.2505609759116841
0.3491316913413295	0.4005952683214594	0.2502730403372112
0.3491078722059494	0.4005825233231527	0.250309604470898
0.3494339087589413	0.40023360331326885	0.25033248792778995
0.3500804620332412	0.40015589975762744	0.24976363820913144
0.3505535364541198	0.39962600811127047	0.24982045543460984
0.3495576617393861	0.40012681009749934	0.25031552816311464
0.34942363397888754	0.400372932370094	0.25020343365101855
0.34943088976919773	0.40050626168598713	0.2500628485448153
0.3489786811721286	0.400416681289237	0.2506046375386345
0.3502061819484444	0.3994238146913462	0.25037000336020954
0.3498479963427917	0.4002300202471032	0.24992198341010524
0.3503437129707573	0.39965313419855614	0.2500031528306867
0.3496020578515151	0.4000619497134893	0.2503359924349957
0.35043570623232556	0.39948007503269506	0.25008421873497955
0.349052495647985	0.40070899758958606	0.25023850676242904
0.35037914261897485	0.3998719345765842	0.24974892280444105
0.3494274644246372	0.40006317475355047	0.2505093608218125
0.3491639091528787	0.40030038831180775	0.25053570253531365
0.34968229501579956	0.39981881271852715	0.25049889226567346
0.3492490177289465	0.40058973449642815	0.2501612477746255
0.35000434711940065	0.39967196214782746	0.25032369073277194
0.34987818318866626	0.3997452944777737	0.25037652233356017
0.3498094263940832	0.39960042763940484	0.2505901459665121
0.3501836465658985	0.39984961167639343	0.2499667417577082
0.3492336231999984	0.4004860628496155	0.2502803139503862
0.3494535652928065	0.4002196712881094	0.2503267634190842
0.349978026379298	0.4000576571612737	0.2499643164594284
0.34930236948931204	0.40014912185208473	0.2505485086586033
0.3505293817405471	0.39969709961974015	0.24977351863971287
0.3503502220718662	0.39975731732540754	0.24989246060272635
0.3500974186380353	0.399885146863672	0.25001743449829283
0.35040598892429187	0.3997808753891392	0.24981313568656904
0.34911395173157495	0.4005146405502834	0.25037140771814176
0.35063964135136466	0.39951410302979234	0.2498462556188431
0.35003094106507826	0.39992559591927923	0.2500434630156426
0.3495144704952676	0.3998674532554799	0.2506180762492526
0.3499147545631249	0.3995202499239315	0.25056499551294376
0.3499272313641072	0.39981492308439825	0.25025784555149466
0.3501433864798058	0.39953305782817794	0.2503235556920164
0.34978436945789326	0.3996864695296645	0.2505291610124423
0.34967874358960843	0.40004146119715767	0.25027979521323396
0.34916833374138917	0.40042238302195565	0.2504092832366553
0.35011961968527955	0.4000290103366926	0.24985136997802798
0.34983190617682186	0.4004020741831147	0.2497660196400635
0.3500525148869204	0.39968409648376363	0.250263388629316
0.3494502043269275	0.3999276979776504	0.2506220976954222
0.3500475556829698	0.3998255148361512	0.2501269294808791
0.3502913468508028	0.39993976900012634	0.24976888414907095
0.3503360876791784	0.39989038924380366	0.24977352307701806
0.35051970868443194	0.39971361324647164	0.24976667806909653
0.35014063177854127	0.4000165561917488	0.24984281202971007
0.3503517730630549	0.3994236183821993	0.2502246085547458
0.3499110197693186	0.40031066292890016	0.2497783173017813
0.34967582477315984	0.39976323345390247	0.25056094177293775
0.34933888148697756	0.4004155128326567	0.2502456056803658
0.35017024430869953	0.3996911229568855	0.25013863273441506
0.3505020320215386	0.3995410860581902	0.24995688192027124
0.35035784279063353	0.39950604898893605	0.2501361082204306
0.34940897528344467	0.3999794813070849	0.25061154340947056
0.34902614662454806	0.40069234626339767	0.2502815071120544
0.3491119879829745	0.40068968693975693	0.2501983250772687
0.3492520377574354	0.40036542558722965	0.25038253665533505
0.34966760930370866	0.40030255491683536	0.25002983577945614
0.34937457256741156	0.40073326769809736	0.24989215973449116
0.3504295822312661	0.3994088969815216	0.2501615207872124
0.3500501576635344	0.3998663420648709	0.25008350027159476
0.3500692982207457	0.3998673026760072	0.25006339910324726
0.3505660173519656	0.3996744686803032	0.24975951396773133
0.34932501197218907	0.40010011115289346	0.25057487687491753
0.3506211968487405	0.39953716668283795	0.24984163646842167
0.34943909085468206	0.4000582693550485	0.2505026397902696
0.3499956665368107	0.39973585868546174	0.2502684747777277
0.349522138149676	0.4006135025674637	0.24986435928286047
0.3499166707494168	0.40019820616307455	0.24988512308750876
0.3495970581656078	0.4000552646224501	0.2503476772119422
0.3503643164135337	0.39957121812117913	0.25006446546528727
0.35064382734067673	0.3996017237433299	0.24975444891599347
0.3495829514576356	0.4003040842719966	0.2501129642703679
0.349009114491488	0.4007017754750145	0.2502891100334976
0.3492237556400581	0.40026982137053224	0.25050642298940984
0.3495839157189316	0.4002153755834351	0.2502007086976334
0.3495597483664884	0.4003791783367766	0.2500610732967351
0.3503622610939744	0.3997141961951699	0.24992354271085587
0.3500222088344338	0.400230224258059	0.2497475669075073
0.349155942300473	0.4006532610011209	0.25019079669840616
0.348939873410097	0.4005619750887893	0.25049815150111376
0.34994789300917845	0.399523769091413	0.25052833789940865
0.3502305590233199	0.3999420066135087	0.24982743436317148
0.34932049353956324	0.40009378034895005	0.2505857261114869
0.35061106253049173	0.39954509916458153	0.24984383830492685
0.3498481174193039	0.4003935888474408	0.24975829373325537
0.3494937344763644	0.40060439071049714	0.24990187481313858
0.34968248951314396	0.4002540898922912	0.25006342059456493
0.35038216426943614	0.3994380375051984	0.25017979822536557
0.3492240398576306	0.4005965214367731	0.25017943870559645
0.34943177233731554	0.4004671027945041	0.2501011248681805
0.34946246942270975	0.4000774523601331	0.25046007821715727
0.3503762899224069	0.39959279231785216	0.2500309177597411
0.34910743635120417	0.40067800234926065	0.25021456129953523
0.35033932984451044	0.39953746137460455	0.2501232087808851
0.34946024817614013	0.400015166601864	0.25052458522199605
0.34956915753298934	0.40036157647276827	0.2500692659942425
0.34949010336347996	0.3999210382518779	0.25058885838464223
0.3504585673175587	0.3994451166186367	0.2500963160638048
0.34953844967710995	0.4003546978953836	0.25010685242750663
0.35008908115581333	0.3994475827202219	0.2504633361239649
0.34959277674220457	0.40035058156106396	0.2500566416967316
0.349601414609833	0.39980130602149533	0.25059727936867177
0.3498425207566155	0.39992680598058694	0.2502306732627977
0.3494783230114592	0.40000631996520886	0.2505153570233321
0.3497021378547594	0.39987972748061323	0.2504181346646275
0.34923217412194896	0.4004086487829318	0.25035917709511935
0.349616326920635	0.40008901860030366	0.2502946544790614
0.34943593026031367	0.40055146363541416	0.2500126061042723
0.34998459115151237	0.39967138970692595	0.2503440191415618
0.3502333683432803	0.399881388864246	0.24988524279247382
0.3491667113827913	0.4004905453279618	0.250342743289247
0.3500091306571206	0.39948139821014983	0.25050947113272964
0.3494351982681791	0.39996642368953883	0.25059837804228213
0.34997871300306294	0.3999952244703693	0.2500260625265679
0.350029882000486	0.39963652410061834	0.25033359389889576
0.3493622747055946	0.40041699707733014	0.2502207282170754
0.3496992856914578	0.3999142614923524	0.25038645281619
0.34935855738804106	0.4003172353235165	0.25032420728844257
0.34967706871524373	0.40029963676182034	0.25002329452293603
0.35004859446445097	0.3999690203225417	0.24998238521300745
0.3492676285626778	0.4001940440803077	0.25053832735701465
0.34990608791374733	0.40006505891932564	0.2500288531669271
0.34975147380057714	0.40009771752776646	0.2501508086716565
0.34944038269718314	0.40050355244860675	0.2500560648542102
0.3498544736919164	0.39979213806073366	0.25035338824735004
0.350302739394708	0.39971217327015784	0.2499850873351343
0.34990060945097023	0.3995458248455541	0.25055356570347576
0.3498405536437286	0.4001192949331952	0.2500401514230763
0.34956165829967334	0.40024618623904223	0.2501921554612845
0.34938234271472335	0.40013635865229136	0.2504812986329854
0.34956293049883363	0.4002566320922827	0.25018043740888374
0.35005233985209144	0.39991672104903714	0.25003093909887153
0.34966968953213157	0.40037836253434883	0.2499519479335197
0.34904251543578807	0.4005196235037122	0.25043786106049987
0.3493716634198282	0.40010445095504477	0.2505238856251271
0.35033859959044134	0.39975253662512616	0.2499088637844326
0.34950922156279	0.400705295211367	0.24978548322584307
0.3496315884726455	0.4002474898743327	0.25012092165302185
0.350498719414316	0.39950010182855256	0.25000117875713157
0.3494672514500418	0.4006072408531194	0.24992550769683894
0.3501516848746324	0.3997566894891738	0.2500916256361939
0.3496853657952752	0.400237508524053	0.2500771256806719
0.3488133882473078	0.4005668212245911	0.25061979052810124
0.3502248116502866	0.39983221868399543	0.24994296966571805
0.34963829318173606	0.4003983363620466	0.24996337045621747
0.34911616521419636	0.4003337040487249	0.2505501307370788
0.34946891510743927	0.40036664370771124	0.2501644411848496
0.3496225912949532	0.3999919993249134	0.25038540938013343
0.3493787249209381	0.4001355261779262	0.25048574890113584
0.3494888620569957	0.4001232555469944	0.25038788239601
0.3491935666444084	0.40067177175416224	0.25013466160142944
0.3491564455337301	0.4006539091350105	0.25018964533125954
0.34910557642340734	0.40038584371573505	0.2505085798608577
0.34985000877541633	0.4002443605197235	0.24990563070486027
0.3504903160002698	0.39951631586303255	0.24999336813669776
0.34967407848231125	0.4002969884465943	0.25002893307109453
0.35040514635595743	0.3994832783278707	0.250111575316172
0.3497383377651665	0.40037509081593076	0.24988657141890286
0.3499160542362268	0.39991067052016394	0.25017327524360944
0.3491190271905228	0.40050306011281056	0.2503779126966668
0.3503372374190349	0.39977304823292237	0.2498897143480429
0.3501051712087813	0.39941814442624657	0.2504766843649722
0.3498908947796942	0.39981089110571644	0.25029821411458947
0.350252035036991	0.39972998713740426	0.25001797782560486
0.3503913227959561	0.3995895616944803	0.25001911550956374
0.34931355922170654	0.4003620615652822	0.2503243792130113
0.3492681825032885	0.40033184594641597	0.25039997155029564
0.3497609666531766	0.4004749744314866	0.24976405891533693
0.34965651994883273	0.4005235088243522	0.24981997122681518
0.3489852192083071	0.40045223385642564	0.25056254693526736
0.3493446682758929	0.40031904296402665	0.2503362887600806
0.34905092344589705	0.4004547959443898	0.2504942806097133
0.35032891967313806	0.39991935381888566	0.24975172650797633
0.34927615432588893	0.40010024673121547	0.25062359894289565
0.34954439003831295	0.40054898139788686	0.2499066285638003
0.34972181817965164	0.4002882117523886	0.2499899700679598
0.34958242484208296	0.4004515535007057	0.24996602165721138
0.3491611524845771	0.40064905128353095	0.2501897962318921
0.3491887325586425	0.4005419261959613	0.25026934124539624
0.3497778643652889	0.4004406116318209	0.24978152400289033
0.3498727796819679	0.3997048639683253	0.25042235634970694
0.3504740668611656	0.3994497047978943	0.25007622834094023
0.3502970182200928	0.3994687978906135	0.2502341838892938
0.3501192486432421	0.3996275934228063	0.25025315793395164
0.34950119881881153	0.39989025517289745	0.25060854600829113
