0.22303804237357935	0.5763181176159387	0.2006438400104821
0.21603803580668246	0.5855731168870916	0.19838884730622608
0.2271048724865794	0.578357992563174	0.19453713495024674
0.2204477827089219	0.5817558061366992	0.197796411154379
0.22523777313580096	0.5773668529456987	0.19739537391850054
0.21937842891282947	0.5835168484510436	0.19710472263612716
0.22140164624929537	0.5817148656677877	0.19688348808291706
0.2200005610064779	0.5832368556359931	0.19676258335752908
0.22073504247824585	0.5781158760161123	0.201149081505642
0.22399000385191317	0.5751841218415162	0.2008258743065707
0.21921472802935077	0.5792202152540408	0.2015650567166086
0.21921192451443933	0.5816534615246208	0.19913461396093993
0.21413864145984404	0.5851702205900022	0.20069113795015392
0.22407937494931607	0.576196436466281	0.1997241885844029
0.2256797599519329	0.5802543613603424	0.19406587868772485
0.2267376703905183	0.575838250396022	0.19742407921345986
0.21633617307416295	0.5870987989656566	0.19656502796018055
0.22692162655946388	0.5756445627102729	0.1974338107302634
0.2214877833215783	0.5762009702472566	0.20231124643116524
0.2174945613159832	0.5856321359791691	0.19687330270484785
0.22787902331392976	0.5767478691507546	0.19537310753531573
0.2164652182966861	0.5853443590336447	0.1981904226696693
0.21404598483675835	0.5873749581716866	0.19857905699155515
0.2207739322790607	0.5836545492421572	0.19557151847878226
0.21732367980076747	0.5800291332869569	0.20264718691227573
0.21615640945076758	0.586709706178442	0.19713388437079055
0.22198395322691356	0.5826956315221757	0.1953204152509108
0.22408916461649597	0.574494970008408	0.20141586537509615
0.21872550721394085	0.5869880215513212	0.19428647123473808
0.2182222313494191	0.5873069265882678	0.19447084206231335
0.22487492833741024	0.577494533519517	0.1976305381430729
0.22094663481720742	0.5777613774887351	0.20129198769405765
0.22390524167363357	0.5810306519000747	0.19506410642629174
0.22383243464427152	0.5807795091346292	0.19538805622109942
0.219805713122725	0.5838956395960517	0.19629864728122345
0.22032137423876658	0.5810250656381347	0.19865356012309882
0.22719846505366698	0.5782234618486746	0.19457807309765865
0.22394201040680928	0.5769597484844567	0.1990982411087341
0.21867573502395046	0.5829062241363132	0.19841804083973644
0.2230338567826819	0.5757424217619287	0.2012237214553895
0.21527529329356698	0.584142230320778	0.20058247638565505
0.22487895780986158	0.5786749468120256	0.19644609537811294
0.2196044575070929	0.5843363572402651	0.19605918525264215
0.22440699253045865	0.5738746432294135	0.20171836424012796
0.2209252838412495	0.5811019717842468	0.1979727443745038
0.217589515474114	0.5807064431930153	0.20170404133287081
0.22096526071171196	0.5802799010171875	0.19875483827110058
0.2167288442811751	0.5839057140719035	0.19936544164692158
0.22469906900469558	0.5807366163485929	0.19456431464671164
0.21546787400305772	0.5845753563887252	0.1999567696082172
0.22488749172963776	0.5735821687656418	0.2015303395047205
0.21580602961099524	0.5838794057384774	0.2003145646505275
0.22388804417997166	0.5762161797904504	0.1998957760295781
0.22087799520994977	0.5832209427472145	0.19590106204283592
0.2167907433526714	0.5815441332094156	0.20166512343791315
0.2176070121516492	0.5867429777726605	0.19565001007569044
0.216989281760299	0.5815984990664402	0.2014122191732609
0.21907914910726342	0.581899533417092	0.1990213174756447
0.21582326049557815	0.5859662880329758	0.19821045147144617
0.2165622879432614	0.5835117667688039	0.19992594528793475
0.21973604309375735	0.5833945869562985	0.19686936994994425
0.2146044846141029	0.5866423546472714	0.1987531607386258
0.2271192211139124	0.5772479749235039	0.19563280396258387
0.22788232129102204	0.5755109355400967	0.19660674316888138
0.21687377401495056	0.5844033326745377	0.1987228933105119
0.22005094131478845	0.581004530748914	0.19894452793629766
0.22302372609610593	0.5764421401296906	0.2005341337742036
0.22514489227599244	0.5781946470514399	0.1966604606725678
0.22670623176657123	0.5732739634869718	0.20001980474645709
0.21924540915966065	0.5809553633404501	0.19979922749988943
0.22481900832717974	0.5757145645940215	0.1994664270787989
0.22191243390758675	0.5768895142553151	0.20119805183709827
0.2146322444144131	0.5873233468091832	0.1980444087764039
0.22726825199948752	0.5742646423404999	0.1984671056600127
0.22762001082375546	0.5750664128250655	0.19731357635117905
0.21851612739973014	0.5859736752952841	0.1955101973049859
0.22378679005811428	0.5804691829561874	0.1957440269856984
0.2266772534938827	0.578647419323755	0.1946753271823624
0.22087793530554078	0.5842479305456167	0.1948741341488425
0.21902639741950497	0.5789036681931407	0.2020699343873545
0.21557528852942695	0.5831104970317572	0.201314214438816
0.21836519052388528	0.5795584943345462	0.20207631514156868
0.22456889390377163	0.57617674491064	0.19925436118558856
0.22183003205567936	0.5834478526327064	0.19472211531161443
0.2160473777529051	0.5828519712831637	0.2011006509639314
0.2233063321266263	0.5754170711125309	0.20127659676084284
0.2247408040480726	0.5798551975423034	0.1954039984096241
0.2204325964547588	0.5849731934311003	0.19459421011414096
0.22177951250473732	0.5839779462142692	0.19424254128099355
0.2242696064095065	0.5749921417452537	0.20073825184523994
0.22644179596645536	0.5773315861818562	0.19622661785168866
0.21837585314643215	0.585902571758175	0.1957215750953931
0.22309736800966157	0.5780874528326432	0.1988151791576953
0.2268594607977835	0.5767466592856321	0.19639387991658458
0.22366134677754435	0.5742056869425927	0.20213296627986316
0.2185949572701341	0.5853749428138474	0.1960300999160186
0.2145592721313747	0.586995070301954	0.19844565756667135
0.22652118154578255	0.578641484777604	0.19483733367661357
0.2258756778848362	0.5763123725234098	0.19781194959175408
0.22537025147111817	0.5791290689275597	0.1955006796013224
0.226915088932907	0.5781310037254995	0.1949539073415936
0.22469808110372128	0.5752888400050549	0.200013078891224
0.227395184084222	0.5777457099054397	0.19485910601033832
0.2186719929124448	0.583319944056582	0.19800806303097324
0.21547908244624114	0.5867247289366408	0.19779618861711817
0.22595550026665853	0.5791668032605084	0.19487769647283312
0.22378244758063476	0.5821400215023428	0.19407753091702262
0.2183989761550595	0.5836417105438707	0.19795931330106992
0.2236978295215682	0.5782648805797082	0.19803728989872377
0.21991520496281847	0.5780868518535789	0.20199794318360273
0.22546347723715426	0.5745018141829359	0.20003470857991
0.22358425266554463	0.5747837513080695	0.201631996026386
0.21770605669468995	0.5871079507259694	0.19518599257934072
0.22568249351055297	0.5778045288961386	0.1965129775933085
0.2184397353743518	0.5791202498934527	0.20244001473219572
0.22421251344436674	0.5737485458079286	0.20203894074770473
0.22359211272954385	0.575023527622787	0.20138435964766932
0.22148419486425103	0.5769787669655676	0.20153703817018154
0.2223158291566969	0.5754796488904343	0.20220452195286878
0.22467116786160957	0.5769279888154533	0.1984008433229373
0.21841104436404066	0.5789342406723094	0.20265471496365012
0.22628748340736002	0.5748585504446717	0.1988539661479684
0.22462143672729534	0.5759807152445303	0.19939784802817442
0.21584687921224252	0.5814507030918085	0.20270241769594916
0.21740936919512147	0.5823695617141519	0.20022106909072673
0.22255232544100262	0.575875526747418	0.2015721478115795
0.2183688013300544	0.5855850946772677	0.196046103992678
0.22760327676510664	0.5778802534221459	0.19451646981274756
0.21874369887101675	0.5830314534505014	0.198224847678482
0.22723149249692257	0.5789159229194463	0.1938525845836313
0.22368789854109777	0.5741931491929704	0.2021189522659319
0.22615783225523822	0.5795811301787133	0.19426103756604862
0.22276516814675168	0.5774724154595845	0.19976241639366396
0.2164320214184563	0.5809045557820838	0.20266342279945998
0.22549674454994684	0.5758691002605825	0.19863415518947075
0.218152331227218	0.582670078859832	0.19917758991295012
0.22128920732783172	0.5762456390523872	0.20246515361978115
0.22235203699495637	0.5806891103548928	0.19695885265015098
0.2259775229790559	0.5782139382352744	0.19580853878566967
0.22333011405947129	0.5808756947558829	0.195794191184646
0.2197217245536589	0.5809497369939157	0.19932853845242546
0.22628767333055963	0.5747412847286195	0.198971041940821
0.21560666647446447	0.5864316754711898	0.19796165805434587
0.22291561308510785	0.5778371618132041	0.19924722510168807
0.22299985904031294	0.5780217386940083	0.1989784022656789
0.2177585115363486	0.5813810421377373	0.2008604463259142
0.22016495274407671	0.5838141274916941	0.1960209197642292
0.22597228514217826	0.573675924234753	0.2003517906230688
0.21879120177431394	0.5846640171145525	0.19654478111113366
0.2165888200026485	0.584178525612697	0.19923265438465457
0.22521248444795047	0.5772513486671557	0.197536166884894
0.2210330660860038	0.580267263137214	0.19869967077678233
0.21682049777090012	0.5831602413314669	0.2000192608976331
0.22331882028725003	0.5798823643554346	0.1967988153573155
0.22185563790568133	0.5823257868124968	0.19581857528182195
0.22699271665601084	0.5767328802857453	0.19627440305824395
0.2165834659594708	0.5849250743043527	0.19849145973617663
0.21685809133030265	0.587117598234957	0.19602431043474033
0.21983164497104826	0.5795662703879347	0.20060208464101717
0.22590243530965143	0.5758978347334273	0.1981997299569214
0.21587881721347385	0.5862803744385807	0.19784080834794562
0.2153197265225831	0.5872923893492602	0.19738788412815683
0.2188888790031659	0.5831399563525249	0.1979711646443093
0.21927054948801084	0.5799622655166339	0.20076718499535542
0.21748753524728803	0.579917834659057	0.202594630093655
0.22021730477289186	0.5790477254172186	0.20073496980988967
0.22134821271221738	0.5779632257845977	0.20068856150318504
0.226766460985523	0.5755232268231532	0.19771031219132398
0.2222352037646661	0.5824767733443338	0.19528802289100028
0.2219829089651164	0.5816476849767117	0.19636940605817196
0.21654474494430287	0.5845274748698595	0.19892778018583773
0.22049054255388337	0.580121908331154	0.19938754911496281
0.22167131439757232	0.5777330787644281	0.20059560683799965
0.22375142779621385	0.5800029431920207	0.19624562901176562
0.21810714341911613	0.5871234754674242	0.19476938111345984
0.22462869828058474	0.5745386993434562	0.2008326023759592
0.2224120331978316	0.5774252696032707	0.2001626971988978
0.21889489199610226	0.5847153328240371	0.19638977517986073
0.22333626890712127	0.5763033334462357	0.2003603976466431
0.22377381910814537	0.5816358270854293	0.19459035380642548
0.22090161235407305	0.5800290701853059	0.1990693174606211
0.22369631733804218	0.575260981083477	0.20104270157848092
0.21959778841492938	0.5828834769109796	0.1975187346740911
0.21446409121358254	0.5862846803185089	0.1992512284679087
0.2152297350799096	0.583521951015084	0.20124831390500653
0.21482053369960075	0.5838950308870836	0.20128443541331578
0.22455666626102422	0.5743379048788322	0.2011054288601437
0.22004153597027376	0.5801849650952902	0.19977349893443613
0.22358905433717474	0.5789736548302398	0.19743729083258565
0.22015015001719213	0.5849910444095536	0.1948588055732544
0.22729640333493017	0.5753795105320859	0.19732408613298402
0.22001637028415394	0.5836502912234118	0.1963333384924344
0.22165321635720983	0.5816438960976972	0.19670288754509313
0.21816319987878913	0.5827976389497409	0.19903916117147014
0.21860234340733897	0.5793506716607109	0.20204698493195034
0.21949490691561224	0.5799308588025843	0.20057423428180354
0.21800701889724142	0.5858427742152374	0.1961502068875213
0.22201742016669754	0.5770221427223365	0.200960437110966
0.21658995963904276	0.5841083553319786	0.19930168502897883
0.22728180695650774	0.5767840051199002	0.19593418792359218
0.22327290529085975	0.5782536299423041	0.19847346476683625
0.22464787285556745	0.575971469628694	0.19938065751573864
0.22089466192484639	0.5812427819651187	0.19786255611003498
0.21517189209747908	0.5843748835125808	0.20045322438994018
0.21624789738140685	0.5873444970828716	0.19640760553572162
0.2217659305657952	0.5790088777633539	0.19922519167085107
0.2221982873064302	0.5803887822080194	0.1974129304855506
0.21422352403549738	0.5869559330996408	0.198820542864862
0.221082459060388	0.5799900292365785	0.19892751170303366
0.21614628540562658	0.5833712277944865	0.200482486799887
0.22226144941578735	0.5786326951980592	0.1991058553861536
0.21919063203250647	0.5803554528743896	0.20045391509310406
0.2260184846864472	0.5749256297051191	0.19905588560843387
0.21696266429555436	0.5828828171942855	0.2001545185101603
0.22452744734720897	0.579915554629849	0.19555699802294213
0.21663471906742926	0.5816406810582734	0.20172459987429747
0.21916385216854226	0.5819883950577416	0.1988477527737162
0.21579320954798328	0.5841972780871834	0.2000095123648335
0.22564579306533633	0.573436192368401	0.20091801456626282
0.2261050296090054	0.5746916221164851	0.1992033482745096
0.22690261176956095	0.5744910599396233	0.19860632829081581
0.2213211089058693	0.5834729153625164	0.1952059757316144
0.2157197218384112	0.5820894878490509	0.20219079031253806
0.22274302973150628	0.5753504775215419	0.20190649274695194
0.22390268395522941	0.5763155525763228	0.1997817634684478
0.22157931470646292	0.577721618222901	0.20069906707063612
0.22054812996272832	0.5796053484364516	0.19984652160082023
0.22159170752458307	0.5827844351050961	0.1956238573703209
0.21939077661318085	0.5864604033378892	0.19414882004893014
0.2252604860403225	0.5766952991221658	0.19804421483751186
0.21412550361397997	0.5853057590760913	0.20056873730992894
0.22318112809866558	0.5829922865754145	0.19382658532592015
0.2218424397983381	0.5812337343128662	0.19692382588879584
0.21926755021577207	0.5861925627216457	0.19453988706258238
0.22763964992585312	0.5771752488446336	0.19518510122951335
0.21611170867838564	0.5813644571628449	0.20252383415876957
0.21944536352852623	0.5867527051253967	0.1938019313460773
0.2210585187520706	0.5839567708782942	0.19498471036963533
0.22465707996918954	0.578823560540245	0.19651935949056554
0.21729952344963732	0.5872590596961309	0.1954414168542319
0.22014942203730636	0.5834311529354239	0.19641942502726983
0.218488755662599	0.583152211809493	0.19835903252790812
0.22110618677656957	0.576203120901289	0.2026906923221415
0.21903428036220143	0.5823897680273858	0.19857595161041286
0.22334072517845086	0.5803031285045603	0.19635614631698886
0.22238604113543758	0.578289172883454	0.19932478598110845
0.21981602706049913	0.5777909053972028	0.2023930675422982
0.2175536311791676	0.5835381982859922	0.19890817053484028
0.22344713413715822	0.5755213555728542	0.2010315102899877
0.22269589853759358	0.5763002664885691	0.2010038349738374
0.22697915315794576	0.5750629370245047	0.19795790981754965
0.2203101502837789	0.5824258378181398	0.19726401189808138
0.22262480337342622	0.5804605196382677	0.19691467698830623
0.22801657698775252	0.5762575098513283	0.19572591316091936
0.21829958392037563	0.5826761856157212	0.19902423046390322
0.2211145363102708	0.5766616887717726	0.2022237749179567
0.22357261541851514	0.581938068826102	0.19448931575538295
0.22145411112172603	0.5814886623945092	0.1970572264837649
0.22205306893789842	0.5805577787418998	0.19738915232020193
0.22437008798463443	0.5745457378331021	0.20108417418226354
0.2240567467187523	0.581898680835579	0.19404457244566878
0.22036639913597159	0.5857648391036985	0.19386876176033005
0.2224598171907014	0.5768855043240825	0.2006546784852162
0.21673636773828422	0.584803317943933	0.19846031431778283
0.21767123536051097	0.5865896725604051	0.19573909207908405
0.22306133352134597	0.5811506517049767	0.19578801477367747
0.22466348419624216	0.5810284403342058	0.19430807546955223
0.22570260296026157	0.579042509517558	0.1952548875221806
0.22401315457515228	0.5790785513059395	0.1969082941189082
0.2194015120810991	0.5797514164427834	0.2008470714761177
0.2172905505843411	0.5842952415315021	0.19841420788415692
0.2181693932740607	0.5796163741987326	0.20221423252720683
0.22390423927848624	0.57427237454552	0.20182338617599377
0.22350832956901667	0.5816943925607896	0.19479727787019382
0.21404457081713482	0.5845353250238934	0.20142010415897194
0.22054387176824233	0.5830830415794755	0.19637308665228223
0.22209789947896408	0.5805492972799179	0.19735280324111812
0.21944152921119395	0.580461272818978	0.20009719796982814
0.2254482782491364	0.5766408278053998	0.19791089394546385
0.21997564116937185	0.5835908810134446	0.1964334778171837
0.2195015949983023	0.5820131166577541	0.1984852883439437
0.2165098968517689	0.5867569805658504	0.1967331225823809
0.2242599170251339	0.5735073787963243	0.20223270417854194
0.2171213677075137	0.585555397164959	0.19732323512752736
0.2274249877657755	0.5738166437781854	0.19875836845603922
0.21446682397879815	0.5874043092305985	0.19812886679060354
0.22011912590525412	0.5857721489255097	0.19410872516923627
0.2201091413312463	0.5821231011320687	0.19776775753668518
0.22219208779580174	0.5762692377397496	0.20153867446444873
0.21931421397483947	0.5852805940409904	0.19540519198417017
0.21912424124389066	0.5838399769194584	0.19703578183665107
0.22345291152435848	0.5767572955015984	0.19978979297404328
0.22642253687691163	0.5761054573073376	0.19747200581575092
0.21997962589226613	0.5809277650779894	0.19909260902974468
0.2252581077400279	0.5741162216904362	0.200625670569536
0.2243644093167016	0.5769042744030388	0.19873131628025967
0.21958895375149784	0.5850518714225746	0.19535917482592757
0.22268867741596243	0.5827754272786989	0.19453589530533874
0.21647098633911135	0.5849871602076872	0.1985418534532016
0.22447819802978597	0.5763411656846597	0.1991806362855545
0.22151816525027443	0.5837503155594943	0.1947315191902314
0.22288258101699243	0.5766573824638519	0.20046003651915578
0.2224040942011638	0.5748326419719569	0.20276326382687934
0.22508329955023282	0.5773187219050123	0.19759797854475497
0.22484821516996034	0.5789760519394704	0.19617573289056928
0.21660112446587096	0.581907130898867	0.2014917446352622
0.22138314747131999	0.5792123959333487	0.1994044565953314
0.22138939514257291	0.581898254341295	0.1967123505161321
0.22742609777799344	0.5754454729371713	0.19712842928483532
0.21524918591184977	0.5820095164671457	0.20274129762100465
0.21399585107951902	0.5866571310501909	0.19934701787029013
0.22159703497905428	0.5846250424484254	0.19377792257252052
0.21729390357370168	0.5856339870885643	0.1970721093377341
0.2241281410971418	0.5791169222733226	0.1967549366295357
0.2255147614205505	0.5792036869744009	0.1952815516050487
0.2208650206613853	0.5852781187534128	0.19385686058520188
0.21916974007362064	0.584946496153641	0.19588376377273847
0.21760812739133242	0.5848795680765506	0.19751230453211713
0.21833628966951618	0.5814052079411136	0.20025850238937037
0.22512642680807762	0.5749186125830585	0.19995496060886397
0.21853761873029842	0.5808602164891654	0.20060216478053622
0.21740062304380697	0.5859725544073932	0.19662682254880004
0.22061788569474045	0.5833078902455802	0.19607422405967956
0.22006009104787605	0.5842384558509279	0.19570145310119608
0.22036574461322406	0.5799026635269421	0.19973159185983394
0.21800973459651476	0.5802218809304676	0.20176838447301776
0.2203702847261914	0.5825045936362656	0.19712512163754306
0.22761738564291445	0.5750827821618468	0.19729983219523883
0.2225696738389679	0.5800821028417106	0.19734822331932161
0.2220278542980391	0.5790238638031814	0.19894828189877967
0.22076846805589956	0.5810188114766326	0.1982127204674679
0.21823958572197866	0.5861336973963005	0.1956267168817209
0.22160215033310574	0.5810308148095273	0.19736703485736706
0.22813219767338094	0.5739843300312262	0.197883472295393
0.22014138000265485	0.5807054637055045	0.19915315629184083
0.22243266437896714	0.5809713345393465	0.1965960010816865
0.21612773852081218	0.5821452737850401	0.20172698769414776
0.21905970226505825	0.5841053284744155	0.19683496926052638
0.21575487135543486	0.5821094138010476	0.20213571484351753
0.21465417503108106	0.5847205418913177	0.20062528307760136
0.21578712029425956	0.5833690040122486	0.20084387569349205
0.21834763149842193	0.5790524744615078	0.2025998940400705
0.2172259617822105	0.5831292972523299	0.19964474096545967
0.22322576540489633	0.576493496702625	0.20028073789247874
0.2209882933397787	0.58237925636525	0.1966324502949714
0.22236153352666252	0.5777108675574972	0.19992759891584036
0.22417449430119255	0.5732819138414429	0.20254359185736465
0.21835017182144464	0.5824426976927854	0.19920713048577005
0.22603426157032364	0.5740004623516801	0.1999652760779964
0.2238362055987568	0.5800845930759999	0.19607920132524337
0.218821502771827	0.5822895400324762	0.19888895719569688
0.22699613865059423	0.5761706994589878	0.1968331618904181
0.21631111741946424	0.5857973497364843	0.1978915328440516
0.22347154025546428	0.5757883841016911	0.2007400756428447
0.22096845487424738	0.5831284325522986	0.19590311257345414
0.2155604590598693	0.5869282651090608	0.19751127583106995
0.2144096117472568	0.5859086906450981	0.19968169760764515
0.2233256260931577	0.5744954523384177	0.20217892156842476
0.21730698692034137	0.5840493992803852	0.1986436137992735
0.22300132828127311	0.5807879202788757	0.19621075143985126
0.2150187380674599	0.5874701514729014	0.19751111045963882
0.21935113259121075	0.5811174582688201	0.19953140913996922
0.21698187641215383	0.5825469981572877	0.2004711254305586
0.2172835879503297	0.5819637792301545	0.2007526328195159
0.21945632105469928	0.5780723941388654	0.2024712848064355
0.2204860122275821	0.5831411855075339	0.19637280226488413
0.2239516735124461	0.5758348560723405	0.20021347041521348
0.21531986584545096	0.583155348949822	0.2015247852047271
0.21695457588191577	0.5838793070926631	0.1991661170254212
0.22196988513350258	0.5785029365460772	0.1995271783204203
0.21996339748266577	0.5832190568927281	0.19681754562460618
0.21436673090205854	0.5847795499735992	0.20085371912434244
0.22493976222111642	0.5758006676474958	0.19925957013138787
0.22303939148952134	0.5768286361834853	0.2001319723269934
0.21771728669304458	0.5812022547780272	0.20108045852892828
0.2185140449091327	0.5845501990905071	0.1969357560003603
0.22491445504803617	0.5741376725132946	0.20094787243866932
0.21568005380232697	0.5842297473426056	0.20009019885506757
0.22103703864594917	0.584671667480807	0.1942912938732439
0.22198875164359852	0.5826460592812726	0.19536518907512912
0.22543178759619462	0.5806835382377847	0.19388467416602076
0.2147303763679546	0.5841135123858296	0.2011561112462158
0.22015861175282797	0.5848315830507389	0.19500980519643316
0.2216630238931861	0.5838769179812165	0.19446005812559752
0.21635329782542928	0.5866233726778229	0.19702332949674797
0.22543968991758015	0.5786144923746415	0.19594581770777858
0.22481225522995846	0.5742338126011663	0.20095393216887528
0.2255990704451628	0.5765198826763878	0.19788104687844946
0.22676642301611902	0.5737855480956481	0.199448028888233
0.21904263561196205	0.5867592323210794	0.19419813206695868
0.22312820687849466	0.5793948550289423	0.19747693809256311
0.2224129090576526	0.5824408806767506	0.19514621026559686
0.22263194171180245	0.5782758619178392	0.19909219637035844
0.2270845331836548	0.5784538536818002	0.19446161313454505
0.22351135506520375	0.5742664951177331	0.20222214981706327
0.22148265568430683	0.5790630705127777	0.19945427380291555
0.21589772096388576	0.5841164616910679	0.1999858173450464
0.2140813966049644	0.5840843961636639	0.20183420723137183
0.21657288262739605	0.5855404081654559	0.19788670920714815
0.2271047854814286	0.5741258148846118	0.1987693996339598
0.22425774135167287	0.5797834333759145	0.19595882527241268
0.2195988796448333	0.5798146937746893	0.20058642658047748
0.21519755836509885	0.582121996191822	0.20268044544307917
0.22165052745204356	0.5816578422582827	0.1966916302896739
0.2172411878201344	0.5812791013764776	0.20147971080338803
0.21489674807462447	0.5842055665676941	0.2008976853576816
0.2187952938073464	0.5849729614940122	0.1962317446986414
0.22361535223799028	0.5794326484896837	0.19695199927232618
0.21959728396075423	0.5795477837572969	0.200854932281949
0.2201423092872203	0.581775896743383	0.19808179396939674
0.2143635090758193	0.5839985669245851	0.20163792399959574
0.22547685249145968	0.574161877958439	0.20036126955010142
0.22773560163116072	0.5769933945309639	0.19527100383787552
0.22279662953557516	0.5821482634980661	0.19505510696635886
0.21706452538803492	0.5866007391066758	0.19633473550528946
0.21976244975558568	0.578685725893506	0.20155182435090843
0.21493388909726338	0.5838659732830049	0.20120013761973177
0.2193293553207727	0.5797301867439584	0.20094045793526896
0.21877155304329754	0.5832874874382569	0.19794095951844576
0.21401484056895254	0.5837429063635109	0.20224225306753668
0.22074707718543	0.5789727409845212	0.20028018183004886
0.21553338378444276	0.5817153850122073	0.20275123120335006
0.22672897564464164	0.5741843145725839	0.19908670978277454
0.22102448482887468	0.5786345194380986	0.20034099573302683
0.22648781964649	0.578787082408354	0.19472509794515613
0.22759789790691787	0.5767197502870988	0.19568235180598348
0.22572894131269472	0.5761619851664586	0.19810907352084686
0.22039881841278658	0.5825274683369693	0.1970737132502442
0.2196357415168897	0.5847649943248528	0.1955992641582576
0.21445460722071183	0.5869005574070869	0.1986448353722014
0.22139673848695385	0.5840233854624858	0.19457987605056049
0.22236549100072228	0.5829050419677925	0.19472946703148536
0.22150807171301912	0.5838971970351032	0.1945947312518778
0.22328672801368182	0.576496767300682	0.20021650468563623
0.21582929100032128	0.5850157689365006	0.19915494006317816
0.21924575490370624	0.5845787236929907	0.1961755214033032
0.21715301032840817	0.5833933136211822	0.19945367605040976
0.22177237048983628	0.5778405373317548	0.20038709217840903
0.22513339777138952	0.5776086223740081	0.19725797985460247
0.22623411854557982	0.5796291682992987	0.19413671315512154
0.2169625474506789	0.582897947585742	0.20013950496357924
0.2189277497509241	0.580389391804069	0.200682858445007
0.21828690636386397	0.5866368963498123	0.1950761972863238
0.21731448173581291	0.5821879380262429	0.20049758023794428
0.22553667392825563	0.5749887523620749	0.1994745737096695
0.2216218991487708	0.5822454586959507	0.19613264215527867
0.22475935407514305	0.5735369724022934	0.20170367352256363
0.21964545229531912	0.5800451432907612	0.20030940441391987
0.2226166658060878	0.5750949685830459	0.20228836561086644
0.22300348178174537	0.5808566147626778	0.19613990345557689
0.2244486553516313	0.5777516409513839	0.19779970369698494
0.22494894633721946	0.5805885610385682	0.19446249262421256
0.2167898839833491	0.5844310586893106	0.19877905732734044
0.22747996900809703	0.5761423090178999	0.19637772197400322
0.2192390100453162	0.5805631314159098	0.20019785853877414
0.22055064313019956	0.5769421931717658	0.20250716369803476
0.21880887382609482	0.5863151595822471	0.19487596659165823
0.2259534708849348	0.5791076990757138	0.19493883003935153
0.22203976025968325	0.5791330540740277	0.19882718566628912
0.21533307896626303	0.5846264848702052	0.20004043616353187
0.2249988638562479	0.5780456350420009	0.1969555011017514
0.21853128464094604	0.5862331859527465	0.19523552940630762
0.21937800089525686	0.5797767060819312	0.20084529302281204
0.21861315852994428	0.5816084748134774	0.1997783666565784
0.21632956222595623	0.5845475020786215	0.19912293569542247
0.2157925715555084	0.583057473995868	0.20114995444862374
0.21733180915250389	0.5866261378558499	0.19604205299164634
0.22495826203925284	0.5794655507623034	0.1955761871984438
0.21489058290183494	0.5872719804260456	0.19783743667211967
0.21732710666599647	0.5854990535289546	0.19717383980504902
0.21514207130228902	0.5822368970830168	0.2026210316146942
0.2240053543961664	0.5764093135311023	0.1995853320727315
0.22718262009991172	0.5773669874398075	0.1954503924602809
0.22053444851996912	0.5819085983948737	0.19755695308515722
0.22377148593342056	0.5736917472924279	0.20253676677415164
0.22817264092982797	0.5740186331376682	0.197808725932504
0.22045183301749358	0.5806720228909639	0.19887614409154264
0.22517051114203623	0.575025473295307	0.19980401556265692
0.2189133478501032	0.5834651593815527	0.19762149276834426
0.22167359371178852	0.5793807915067923	0.19894561478141923
0.22232116477565575	0.5767199913627028	0.2009588438616416
0.22131789212202443	0.5783723852366198	0.2003097226413559
0.22532077760619723	0.5775141028602351	0.1971651195335678
0.21913077293818167	0.5828961195321434	0.197973107529675
0.2204926071748119	0.5777834556013113	0.20172393722387696
0.21821810187901156	0.5800521654399321	0.20172973268105648
0.22104947948216963	0.5824707200288308	0.19647980048899966
0.22724627456214372	0.57357044554168	0.19918327989617635
0.22593403203983792	0.5753212527450813	0.19874471521508089
0.21832555794787487	0.5838694374973359	0.1978050045547894
0.21432332750567623	0.5859808244141549	0.19969584808016902
0.21775140411168253	0.587201016192445	0.19504757969587252
0.21802105947441394	0.5863343842972014	0.19564455622838475
0.2259189792580549	0.5781764376120723	0.19590458312987294
0.21452402344898622	0.5859404842749365	0.1995354922760774
0.22569705312666882	0.577405560872725	0.1968973860006063
0.22670329562036112	0.5769277798100312	0.19636892456960775
0.21511753913350246	0.5871582475841444	0.19772421328235337
0.22584920904688344	0.5764587755561464	0.19769201539697023
0.22488604184590766	0.5788391577662614	0.19627480038783113
0.22400372228742818	0.5747990274177321	0.20119725029483984
0.2274063338755234	0.5765511264368457	0.19604253968763094
0.22778763484858794	0.5774554605952933	0.194756904556119
0.21898106175598997	0.5869608530304292	0.19405808521358092
0.21910748116327788	0.5797826014605879	0.2011099173761343
0.21655445728822806	0.5873672390478448	0.19607830366392714
0.22200293306341093	0.5777645857559829	0.20023248118060633
0.21892355738023642	0.5790912388788885	0.2019852037408752
0.2193606010823962	0.5793808640903928	0.2012585348272111
0.21481191825915824	0.5871288400798373	0.19805924166100447
0.21941972073785454	0.586738715528511	0.1938415637336346
0.2160847637701361	0.5834908380542874	0.20042439817557667
0.21742071196206048	0.5817029383835904	0.2008763496543492
0.21838332058948345	0.581422331265812	0.20019434814470466
0.2225354306678971	0.5770340079908745	0.20043056134122855
0.2236274783361293	0.5785317464386456	0.19784077522522525
0.22639819876081324	0.5785859931825228	0.19501580805666413
0.22289055088614868	0.5786445158451652	0.19846493326868625
0.22594535788972725	0.5786771016977941	0.1953775404124788
0.22573475658779107	0.5778686050656439	0.19639663834656523
0.22033540201587917	0.5819306150297165	0.19773398295440434
0.2197753154477274	0.5824111647990878	0.19781351975318487
0.22022802212358553	0.5839508269329572	0.19582115094345748
0.2184844280286686	0.5870230227530991	0.1944925492182324
0.21952559492573537	0.5826648509633303	0.1978095541109344
0.22243989746059534	0.5834227012878422	0.19413740125156248
0.21814868577274055	0.5835510890600188	0.19830022516724075
0.2226999163773182	0.5764237168077684	0.20087636681491355
0.22478622683219956	0.5749524353105956	0.2002613378572049
0.21921598184796595	0.5819130090986908	0.19887100905334343
0.2224868510346111	0.5790763285529934	0.19843682041239563
0.21741468074581072	0.5824004145627646	0.20018490469142486
0.22189563187153083	0.5772899182172717	0.20081444991119757
0.21991743581164885	0.5800548252113065	0.2000277389770448
0.22365642715678555	0.5819963730559391	0.19434719978727544
0.21878517181007945	0.5869598379176793	0.19425499027224147
0.22510531867528988	0.574241760525416	0.2006529207992943
0.2260560502453179	0.5790863715949516	0.19485757815973065
0.22480037574026376	0.5790767719794603	0.1961228522802761
0.22176993809018886	0.576530569444273	0.2016994924655383
0.22734068794637705	0.575166808430769	0.19749250362285417
0.21724405891756765	0.5830218221679803	0.1997341189144522
0.21678435650986255	0.5843171876845854	0.1988984558055522
0.22497562158817158	0.5735680985855163	0.2014562798263122
0.21821479442176128	0.5863164901489488	0.1954687154292901
0.21923189669183515	0.5838254398484733	0.19694266345969164
0.2234484786813259	0.5768265358403776	0.19972498547829665
0.21868755666413925	0.5815216341341752	0.1997908092016856
0.22749419323703834	0.5779255697182322	0.19458023704472968
0.22266981646554315	0.5813724507833746	0.19595773275108233
0.22084683981135603	0.580586802928172	0.19856635726047214
0.22532527148963383	0.5805282604517841	0.19414646805858224
0.22332165261544343	0.5739599682936696	0.20271837909088708
0.22621537327722924	0.5749511363289481	0.19883349039382278
0.21544349474439517	0.5837884820185462	0.20076802323705878
0.2199672284231063	0.5814355722968567	0.19859719928003713
0.22264970772569076	0.5801738652004764	0.19717642707383287
0.2176573842533211	0.5796010921084205	0.2027415236382585
0.21931582434965438	0.5806153398760973	0.20006883577424847
0.2236832104463624	0.5784963765946276	0.19782041295901012
0.22291509966521428	0.5818204516854112	0.19526444864937467
0.22429410402416422	0.581293938922571	0.19441195705326492
0.22310366705274742	0.575469893671473	0.20142643927577966
0.2219901674925027	0.580091181863437	0.19791865064406047
0.22814192799230712	0.5763974637260394	0.19546060828165368
0.22004712290003042	0.5797061704419934	0.20024670665797634
0.2175058895934273	0.5833346453392214	0.19915946506735144
0.22164057144394636	0.581472259221386	0.19688716933466774
0.2196165692349018	0.5779684778375251	0.20241495292757317
0.2190680790075089	0.5833397489323642	0.19759217206012702
0.22470177905369015	0.5767879406926336	0.19851028025367634
0.21916712196079144	0.580134999212284	0.20069787882692475
0.22170427852278	0.5834376948934663	0.19485802658375379
0.21949489445077924	0.5830527539453583	0.19745235160386262
0.2205666092340536	0.5768145197472596	0.2026188710186868
0.22772223768137106	0.5742555389053603	0.1980222234132687
0.22188092223228126	0.5842838514394266	0.1938352263282922
0.22042616277056348	0.5848410525195298	0.19473278470990685
0.22642165283978843	0.5749773267454019	0.1986010204148097
0.2212916365211598	0.577861350836048	0.20084701264279237
0.2166660486837024	0.5817293181689015	0.20160463314739618
0.21433606594444654	0.5851884558239612	0.20047547823159242
0.22040403978339523	0.577815208050832	0.2017807521657729
0.22099504915610932	0.5824211571556107	0.19658379368828005
0.22390627549611442	0.5763048350867089	0.19978888941717676
0.22720840491762498	0.5788241176696641	0.19396747741271098
0.2183148825701214	0.5852421028417825	0.19644301458809627
0.21801167498539692	0.5861944317892822	0.19579389322532104
0.22265628727115752	0.5825647823312695	0.19477893039757305
0.22162924212184604	0.5789633181952649	0.19940743968288915
0.2193116318413268	0.5782303819761848	0.20245798618248848
0.21874070887839736	0.5858870540770974	0.19537223704450535
0.22476585017766712	0.5736114301546312	0.20162271966770173
0.22554172759751526	0.5769441628448969	0.1975141095575879
0.22449242768871625	0.5810465926696066	0.19446097964167727
0.2213311399908696	0.5809592314644397	0.1977096285446908
0.22193654562668896	0.5830875640203657	0.19497589035294552
0.22305141603286943	0.5757809434611523	0.20116764050597846
0.22291334213328065	0.5775205246381686	0.19956613322855088
0.21943187707140094	0.5808693820100712	0.1996987409185279
0.22310516304780198	0.5806695948079288	0.1962252421442694
0.22427255960495038	0.5756083139716159	0.20011912642343382
0.21410595428463225	0.5840345684518218	0.20185947726354617
0.22428457679542432	0.5780878147646282	0.1976276084399476
0.22095741598796756	0.578271469971373	0.20077111404065956
0.22164915164457538	0.5835982767769465	0.19475257157847814
0.2238771891135063	0.5746851989500346	0.20143761193645932
0.21682117178437318	0.5853195855653314	0.19785924265029559
0.22190681454582195	0.578044327770974	0.20004885768320418
0.22204723658024947	0.5800197988569256	0.197932964562825
0.221661797497417	0.5795946273555971	0.1987435751469861
0.22562733794316392	0.5750215945899907	0.19935106746684553
0.22612553555839957	0.5754363511830034	0.19843811325859712
0.21856998793106297	0.5867504828423014	0.1946795292266358
0.22252670638300315	0.5816730873726828	0.19580020624431416
0.21594995606589737	0.5863987829604405	0.19765126097366228
0.2201575953944127	0.580323999034845	0.1995184055707424
0.22067202104026823	0.5776016111173099	0.20172636784242204
0.21646564491263506	0.5815317322452221	0.20200262284214288
0.2236221411392266	0.5760271545710601	0.2003507042897134
0.21861107503557167	0.583663957424619	0.19772496753980942
0.21830603029775164	0.5801110143587629	0.20158295534348553
0.21961857010426614	0.5829337104192603	0.19744771947647363
0.21671644065467374	0.5863714664486948	0.19691209289663153
0.21948395278656313	0.5787460426158548	0.20177000459758224
0.22333373205287635	0.5784417076175485	0.1982245603295753
0.22350739090738098	0.5771328356071709	0.19935977348544823
0.2167007414891182	0.584668894481061	0.19863036402982098
0.21473082626011586	0.5847997312479283	0.20046944249195597
0.22180420852365318	0.5805268454217747	0.19766894605457222
0.2160482979237425	0.5846740152833192	0.1992776867929384
0.2216321439366166	0.5762648245232611	0.20210303154012238
0.21794665126134047	0.5794307442391834	0.20262260449947628
0.22123210600130078	0.5767339344877394	0.20203395951096004
0.22490950609790575	0.5738664829058241	0.20122401099627024
0.21639293635888548	0.5837047898357054	0.1999022738054092
0.21665042419464484	0.5832537666604949	0.20009580914486044
0.2221268723156338	0.5820147131408184	0.19585841454354785
0.21929580279258626	0.5791247438021818	0.20157945340523203
0.22138190222974916	0.5815894495048974	0.19702864826535352
0.22756127528717626	0.5757363737787375	0.1967023509340863
0.22772910870952967	0.5769198333862167	0.19535105790425375
0.21912407885699794	0.5793697639640365	0.20150615717896575
0.21458696384082274	0.5873606306879919	0.19805240547118536
0.22282899375599097	0.5811415123659391	0.19602949387807006
0.2158090594044358	0.5844899420346323	0.19970099856093199
0.2277225137772552	0.5752934236446876	0.19698406257805737
0.22094074096242378	0.5788217706119743	0.20023748842560213
0.2205225008609338	0.5821580833872985	0.19731941575176784
0.22243187971515027	0.5778443553620012	0.19972376492284857
0.21767284305707302	0.5825113286112479	0.19981582833167927
0.21704214405585606	0.5863740776776961	0.19658377826644796
0.21505052721072318	0.5823340560932596	0.2026154166960173
0.22304342788367904	0.5762394653386448	0.2007171067776763
0.22001291667661416	0.5802293544934665	0.19975772882991946
0.22179965899360227	0.583104764992911	0.19509557601348684
0.22176983403931946	0.5773775052507586	0.20085266070992203
0.21524264193366743	0.5836613015408482	0.2010960565254845
0.22359343278179764	0.5781427009180518	0.19826386630015075
0.22652519356866166	0.5741760668022107	0.19929873962912786
0.21478857480149732	0.5871331536593158	0.198078271539187
0.21704537330077578	0.5826756842650391	0.2002789424341852
0.2229702314507795	0.5817918086949572	0.1952379598542634
0.22585852036683413	0.5781165945017166	0.1960248851314493
0.22403985115464858	0.5802019674169253	0.19575818142842627
0.22385848346354686	0.575324950993609	0.20081656554284424
0.22154297816354368	0.5826969892676506	0.19576003256880584
0.21689052545342755	0.5869521327124354	0.1961573418341372
0.21883693164451717	0.5805121133896649	0.20065095496581808
0.2213162598263825	0.5808767999158624	0.19780694025775525
0.21758829980793915	0.5842691948237924	0.1981425053682686
0.22547304992857578	0.5758668721845317	0.19866007788689266
0.22285260110982139	0.5788711014133981	0.19827629747678055
0.2246912895405687	0.5812693121029747	0.19403939835645673
0.2167291344356756	0.5843359695825711	0.19893489598175346
0.21811612969776947	0.5802269832283876	0.201656887073843
0.21701923384316513	0.5874374844486229	0.1955432817082121
0.2203163815557892	0.5841573787894787	0.19552623965473215
0.22373004303348834	0.5801983620959023	0.19607159487060954
0.2193681744212684	0.5837955413424338	0.19683628423629784
0.2183697100569067	0.5867521238590192	0.1948781660840742
0.21618999440796333	0.5837698703228488	0.20004013526918799
0.22395822093231307	0.5758701071891754	0.20017167187851165
0.22305976048594595	0.5830937233177782	0.19384651619627596
0.22076945068334364	0.582993605843702	0.1962369434729545
0.22133366454999864	0.5815263354164621	0.19714000003353926
