0.18712515815793956	0.027364958713392132	0.08577741916663478	0.18431569587362387	0.060978577636431566	0.15364222127401875	0.1743767782456318	0.1264191909323273
0.1247751165183473	0.08879103654716979	0.048508832801993376	0.25099278783129525	0.06586989439806107	0.05462968231855886	0.2368966528473556	0.12953599673721855
0.09388152854635577	0.024720862498851012	0.16294285001461684	0.2794166870672632	0.04049441843553632	0.07452661654941059	0.18772315247752447	0.13629388441044163
0.1458129582918979	0.03697778206349901	0.28799446144044694	0.008721078637544497	0.042548701236398326	0.20172863127611812	0.12446510628863519	0.15175128076545982
0.17425679662356264	0.05487832300404613	0.037275407130518384	0.09775299826493046	0.06477899088124617	0.13807710317226424	0.2679762909141966	0.16500409000923508
0.14359396636807076	0.058822385615762016	0.031070416203389878	0.2525488264736648	0.0705521195659708	0.23899757925599896	0.12650627840796422	0.07790842810917839
0.15315444540558357	0.08230214992119042	0.2042571550464327	0.05521159060980435	0.0354681456302994	0.10973770382933364	0.22487268001962052	0.13499612953773518
0.1202162547003946	0.10168751478167823	0.07148419317828368	0.10388877819025047	0.049133622691308595	0.16044571042791017	0.22651872827560904	0.16662519775456502
0.13633798397976848	0.1902446967092281	0.07600060912154796	0.049014336240038606	0.03726034547270257	0.28891686441931264	0.12307978453531804	0.09914537952208335
0.11403252856902293	0.04430526098630684	0.1604586290949417	0.2090778393155765	0.06855378142178156	0.0768018263133594	0.24212462228948994	0.08464551200952092
0.10611292970733904	0.209319940818439	0.16307037084619883	0.05179210844896259	0.04732709742408581	0.16834391078987548	0.1622217708483764	0.09181187111672265
0.19994012077817133	0.08057584649229932	0.10530825364929133	0.14010593053355055	0.053361113215070796	0.04080772092808188	0.25484241028764626	0.12505860411588832
0.09502974001089487	0.17251972974467497	0.12159730847566416	0.11241571062647124	0.06803243492450367	0.13489923531809267	0.13484271203792839	0.1606631288617698
0.18293024143680892	0.03761150503993117	0.055335565977439674	0.05652358482426356	0.04846096501325746	0.27686837621951477	0.2657041587574267	0.07656560273135754
0.10117105851387917	0.05432105350653678	0.12982437953086184	0.19784443756989306	0.03142979432534483	0.19708807334230785	0.15058927519842052	0.13773192801275572
0.15086794643136825	0.19173873682284343	0.07609222025231338	0.16896543032446648	0.03286489098916365	0.12522940799315713	0.12600377409250912	0.12823759309417831
0.14862303533763285	0.056522039132644517	0.08021960401776054	0.2841105297608797	0.06587787056166107	0.1445199392060718	0.14650639831173312	0.07362058367161618
0.1407738091811611	0.01737241714607768	0.132212772441415	0.037342826957655006	0.0444417676976363	0.3290788965956702	0.20699677628872334	0.09178073369166115
0.15650042638107142	0.023086561600145383	0.19988175639056732	0.20671014336302462	0.04951164340484267	0.04615338236023904	0.2424877699383659	0.07566831656174343
0.0942235391917629	0.03279068711167597	0.29974904750181564	0.20487455265283872	0.034493366246653084	0.038451225018033844	0.17944264068357196	0.11597494159364762
0.09840496762353952	0.09413709979247332	0.24531608825251977	0.16921353288937174	0.03911085345004668	0.14278685556640822	0.12859911931469067	0.08243148311094992
0.11442035712383948	0.2753110970935232	0.1360036887651662	0.05934308751233225	0.07054022504138577	0.05343696198082401	0.1354014175098814	0.15554316497304746
0.1567634569910623	0.07032560565840262	0.04249166162202406	0.15658362589405836	0.0650215617470285	0.20885905324658022	0.18085022679323565	0.11910480804760809
0.1352933639351149	0.04218094435953079	0.1266110297366947	0.06455403955918793	0.06292633030893026	0.2553852914548218	0.1746434349137311	0.1384055657319883
0.19220807039679988	0.14295400658156995	0.016303163490969164	0.27712241807584304	0.0332913903132509	0.01682077741993057	0.2062631990530043	0.11503697466863196
0.10383309944914486	0.024521721239509728	0.20736323673313437	0.08041644231638423	0.034743578067314984	0.24879922094722015	0.1408606211510057	0.15946208009628576
0.09485783894192766	0.07387081962986099	0.14726807321869548	0.10861349965673946	0.06769537208721854	0.20839364921565962	0.1457173653275595	0.15358338192233853
0.1301257171031812	0.11045189504391056	0.09204845048868646	0.08918440198533473	0.04648428341919855	0.14696384317596245	0.22527909077605685	0.15946231800766897
0.13945629661270836	0.12239071039313942	0.09311063027741151	0.06373211941365448	0.05091273421343029	0.21491048649867844	0.16699156018232575	0.14849546240865155
0.09684651596428748	0.16337286029476644	0.06479474276414231	0.19015999090243185	0.05852866674134673	0.04183571007984031	0.2393575370216105	0.1451039762315742
0.13477447181006777	0.02475026281697705	0.22705389108921425	0.10661460963408562	0.05708423957149515	0.06859313714958575	0.2291116928268928	0.15201769510168145
0.12000834789468166	0.2903269957940913	0.017626346865990294	0.20784215651381172	0.050527831327061526	0.041730777923636705	0.16102021053025067	0.11091733315047587
0.13294686227113364	0.03647512064163584	0.024435058246743163	0.2178324124400241	0.0403737859949163	0.2896394101923234	0.16994165427465505	0.08835569593856826
0.11932996397031256	0.14085173625033437	0.15826422957459452	0.05219656387331731	0.060483957592580975	0.15396739812424423	0.18928597248302537	0.1256201781315904
0.09146343434764624	0.06186537377144438	0.2913402720711574	0.10465909784826478	0.057021175063557875	0.08175167878458234	0.1667065928979713	0.14519237521537542
0.18921793291785255	0.17213314969394328	0.1749846198467658	0.036358531509787684	0.055138962620707735	0.1565150080019923	0.12273571108686475	0.09291608432208562
0.10128178393058518	0.041078616519736696	0.20994647504644467	0.16353589601027857	0.06532318514009791	0.10920003323927588	0.14412403757149866	0.16550997254208222
0.16386332467448567	0.2880232754834847	0.1308959944898213	0.019670854176978114	0.039609880176515413	0.010861755498143902	0.21238259348920052	0.13469232201137005
0.11782544952407364	0.12059021634241167	0.12910574302940137	0.16025904937268398	0.0369290713559105	0.10323816940374007	0.22469163126963657	0.10736066970214198
0.15287988792290066	0.07322473237457547	0.07155541128941068	0.012701292533359568	0.06514486582033684	0.2269540604991333	0.24872538578238412	0.14881436377789914
0.1212266575756533	0.032766736595166074	0.1664997935888792	0.08599398931866647	0.03727898628335247	0.2525707769941885	0.14343482676034738	0.16022823288374635
0.14420160782966573	0.14596824046101387	0.02465144320930597	0.2862023932030282	0.03787431530604357	0.06232078580404572	0.15938000541041855	0.1394012087764781
0.11766203475391929	0.10029206344490993	0.18564255912516142	0.12365390989553474	0.06823532384963057	0.11151253476493224	0.1968344038439313	0.0961671703219803
0.1347240452834606	0.019231714638658	0.06852801029315088	0.19942483137209738	0.07254670695020578	0.12937081252014784	0.24116278611904435	0.13501109282323492
0.19505073149382135	0.2674825886772309	0.023429720569619866	0.01374932069381253	0.07134293366838676	0.11994689521766012	0.16066409196099674	0.14833371771847145
0.12086699991628654	0.056876633806714164	0.22295988635725644	0.20258835820126736	0.05551058436231987	0.004937981254816121	0.217976125872957	0.11828343022838231
0.12078098284737933	0.10237637148704529	0.2166472603116606	0.010015654997629658	0.0509957674527903	0.21813139566727538	0.1845755717544356	0.09647699548178364
0.1381993863203702	0.1676295057342858	0.06538657200997844	0.04908808176004835	0.03414141953830872	0.27815148503251674	0.14192741765854688	0.1254761319459446
0.13556289088163492	0.0949240799051561	0.1541375874841413	0.009307891322220083	0.04921681919239289	0.3063459432216932	0.1546878463197919	0.09581694167296939
0.12186882991911055	0.0545494992891879	0.014676893703217023	0.1498518836355051	0.06304005922349666	0.1647972452922654	0.2650172461702862	0.16619834276693085
0.08875622616855833	0.009100001741420297	0.1510640578398305	0.11791720234129596	0.05158362343869373	0.24447928206729524	0.18678495903511694	0.15031464736778882
0.09176028763292923	0.29129609270292145	0.043652198412569634	0.03674816432295358	0.07132440430161358	0.08722459210429345	0.23090720238967755	0.14708705813304132
0.13604324188734415	0.034090423820544766	0.08943229838941301	0.3300650958676649	0.04280991629906149	0.06236481792239727	0.14605079536950297	0.1591434104440712
0.11891505087340437	0.07389873287852106	0.21883084454804996	0.16577104917478389	0.07258070225553578	0.06914313442551545	0.1292953915747701	0.15156509426941922
0.15483289816960283	0.17016405623089265	0.07412752105936676	0.31711229785247164	0.038070932565253235	0.014650841381714297	0.1231441514400305	0.1078973013006678
0.09525695038140441	0.0318729047122749	0.22666561530686308	0.010311753705024101	0.05653877620396798	0.2542404030257438	0.16681751094911032	0.1582960857156112
0.1619004185152215	0.15892584388991446	0.07896619890559656	0.12755002651922587	0.07147565641531341	0.049585061187361085	0.26376175301164695	0.08783504155571994
0.10433603879588585	0.27247517427763174	0.0265568653339395	0.11821190401640418	0.043053860993929216	0.14669317324765438	0.18530829655523817	0.10336468677931676
0.12126450458819571	0.11059468922697198	0.2398333143580717	0.06091575495420119	0.051588669210798216	0.1896963619188688	0.14457073497169295	0.08153597077119924
0.19853739216459595	0.10358772440206646	0.07605859514909007	0.21727992532966453	0.043996649761300605	0.06368863755675906	0.1597205369799848	0.1371305386565383
0.1987769602518001	0.22723188342411094	0.05543455048017189	0.08139276912246385	0.03187423241876193	0.06904901348810619	0.23407289530378433	0.10216769551080052
0.10941138862359871	0.16814721508459657	0.06109577075877809	0.01291366783354754	0.07154414695291245	0.28509861620609434	0.16327239276541472	0.1285168017750574
0.20310144352077228	0.01691465616220765	0.17903167077373605	0.17301608874555213	0.04044341697931818	0.01661612175518648	0.22326656596966088	0.1476100360935661
0.08967772574823407	0.2058191392216439	0.12405465229617041	0.15675275147744733	0.0726378346804823	0.03617450538648266	0.22962743481927544	0.08525595637026366
0.2004069955771366	0.026056038580798954	0.021868428505702878	0.09785041449097234	0.060040388022037275	0.2956571538892938	0.20385017618578738	0.09427040474827042
0.14791991945876393	0.07584349356134419	0.12959388789499424	0.18908933451046273	0.04018137411349018	0.07449667415295969	0.17436093339944964	0.1685143829085352
0.14221438347144968	0.04428713740696075	0.23695247191775812	0.03032486987020569	0.06335781934483983	0.1807158084139156	0.2257667898070029	0.0763807197678672
0.15151521451057484	0.26467193912304754	0.04763223914397072	0.09154776401552034	0.07079822640238037	0.07125189848803642	0.18522188482235877	0.11736083349411076
0.11546297974633733	0.040815961080734625	0.2691055103091159	0.23111898582012202	0.06274301167955221	0.07379123944930203	0.1237423015053006	0.08322001040953503
0.09848497186510327	0.24657315936798063	0.04458788867801124	0.20854785626244868	0.049954483582532336	0.061086176394679254	0.13326729803305598	0.15749816581618833
0.12208774894208876	0.06563702126355445	0.1796816479219772	0.22101342987251224	0.06470521926594713	0.09044978492408347	0.169946488682154	0.08647865912768257
0.13682375557428017	0.09706001003785175	0.04269243858340617	0.10005428217195714	0.05075746071080579	0.20314437760685483	0.23970322837829877	0.12976444693654512
0.10452238191755679	0.2596318044011844	0.08886454273789307	0.09853553358474504	0.031059457258006462	0.18864674187237512	0.12094038795262563	0.10779915027561324
0.13395511993811512	0.08511699169954559	0.062235524476492776	0.31737226468915003	0.06220525790621258	0.027731765317999063	0.17621028917322518	0.13517278679925943
0.15815226060457765	0.0469220234329758	0.26652042632834894	0.040384856192243496	0.04459052973508734	0.1339138900251537	0.1522660528804333	0.1572499608011796
0.13559798413198415	0.16062794940585862	0.07266736543592928	0.029561139689676594	0.037429038573327716	0.16046069258984044	0.25320948392984605	0.15044634624353698
0.14168421740450055	0.3317043094444111	0.11944928063303831	0.058190343711698164	0.06304923730012343	0.035571854661747795	0.14280764496149584	0.10754311188298457
0.12080572352303286	0.1965484100870501	0.031341306299902866	0.03748107291168418	0.0560123778069605	0.24527383829161825	0.15323422229036218	0.1593030487893889
0.18800712932369495	0.0562729388208008	0.05472257963327408	0.1916765047788887	0.036881703430091936	0.10469714389108475	0.2189000862916214	0.14884191383054313
0.10212753650466103	0.043473342496588685	0.12088461547141781	0.1813992020843369	0.04434342562858909	0.20427042365893758	0.15185852001902164	0.151642934136447
0.15539769234881276	0.05111605299438225	0.08317000481474361	0.0315839537413652	0.053905050553951395	0.3211390544319752	0.21984009622766315	0.08384809488710615
0.14486279305364055	0.13964608936213055	0.05508676284594628	0.26548261905870807	0.05652913366169311	0.0947143686173123	0.13464084848532323	0.10903738491524562
0.10278098743766598	0.2823423756883264	0.1151590383837344	0.03681941684204089	0.03756907609457569	0.1594532615541816	0.12594587947873856	0.13992996452073625
0.0958177573871655	0.09773762877339812	0.21427631192835997	0.1350843064913531	0.05319078247782168	0.08074937371854814	0.17796711681007993	0.14517672241327334
0.16931271119248295	0.013565563265331412	0.15988273788636617	0.11656492747439068	0.07163876968343008	0.15865239629349617	0.15712600319077905	0.1532568910137233
0.14336113134800516	0.037882271308074936	0.24221241428929574	0.06823817813345144	0.05744489831534591	0.13144939550815296	0.1586716185914585	0.1607400925062151
0.13800171434232456	0.09046257478468378	0.10831516391116643	0.07131509660486271	0.04308486001950941	0.24914392127044963	0.14124712462936467	0.1584295444376386
0.09241914365079418	0.19870944714436375	0.035363440962228224	0.3534377905589908	0.044604051638455836	0.018483046806687137	0.18219334327602535	0.07478973596245447
0.1122070135050847	0.05345032542392572	0.2503324527593156	0.21586229769475068	0.033833091723093955	0.027903939291789776	0.16374600416580928	0.14266487543623008
0.0931044441930875	0.03504092750754201	0.3210636656060324	0.0626517808953348	0.06084957496333582	0.16591828473016326	0.16914926152029583	0.09222206058420818
0.11092452963948252	0.12721104953108825	0.1263034524298816	0.3525047987659456	0.04295237281620723	0.010734670192571724	0.15122924492808804	0.07813988169673484
0.20036504354425932	0.032151955825624204	0.021976280822060018	0.37314501259740307	0.04364792478989396	0.05174063607393209	0.1871995543507366	0.08977359199609049
0.10859861613492264	0.1036618528030709	0.09405829182257974	0.055759800821100394	0.037262982426020955	0.27486311898410176	0.2266742738452462	0.09912106316295721
0.1310413009903631	0.03092852739888953	0.10485528609604566	0.05918005105471369	0.05120480594602583	0.32780855126188424	0.14003963700561664	0.1549418402464611
0.08905464786172698	0.14806827303937722	0.3180562269014844	0.043799213430520345	0.03450496080627595	0.05124482474717544	0.18866875052536697	0.12660310268807246
0.16536107018226148	0.019795565534417442	0.14544997381745697	0.27976619925604895	0.05653117113719604	0.0884402927888891	0.15138434221642902	0.09327138506730073
0.11732485051394421	0.056713149640915145	0.14601732777387086	0.21749613629596626	0.033581886378877504	0.0387431094798642	0.24512828428283157	0.14499525563373003
0.17991314975407158	0.1266208305751981	0.20018600993550895	0.04006797093455711	0.06876023292012123	0.107492552456903	0.18632505431226248	0.09063419911137732
0.18281210314363844	0.14080555372870437	0.014793710809511973	0.01569691085275035	0.05201631263073464	0.23388676622449667	0.25261219141930696	0.10737645119085634
0.13252624654117504	0.07772664911545335	0.121033859521776	0.14163798253397594	0.049583960840306585	0.07848676684462227	0.23457667473505556	0.16442785986763503
0.2021404889867262	0.10617966840667312	0.019167955035796852	0.0525174992676785	0.0586067509815605	0.2174552440507049	0.23381894301826656	0.11011345025259306
0.08983982783333204	0.20784918735628405	0.25762525565607486	0.026911845641734558	0.05087521651595904	0.05765617776961873	0.14204230757503644	0.1672001816519601
0.11232110588161934	0.02475788630925392	0.016399253237748088	0.2120361512901488	0.03743441351349171	0.30864127399635555	0.1663816692638887	0.1220282465074937
0.1123653032847218	0.02314868268528969	0.16878408482792512	0.23446628321127652	0.054661064840057685	0.12553512440507025	0.18656500213856386	0.09447445460709486
0.1311938356435334	0.0946216210416855	0.11391308417352476	0.17912688341757713	0.05351527225160316	0.1848528432729858	0.1608303682012444	0.08194609199784564
0.159817569628667	0.1423933854235997	0.13780243087261107	0.18987157276565597	0.06786437251943414	0.01486070424671232	0.1584634199758182	0.12892654456750138
0.10355536384718146	0.042697993507624765	0.1717834498422155	0.2822416456432607	0.039901907665614106	0.12502856170277257	0.13968907395272895	0.09510200383860169
0.19075846628334944	0.055698627123167796	0.11134276537852258	0.12020968289907318	0.03946528253341436	0.1536136402314336	0.20487011141193973	0.1240414241390991
0.1919085301989665	0.022653222438014264	0.08442932023664453	0.22040956453780064	0.03551795408721661	0.17223759842637373	0.18058041382092613	0.09226339625405731
0.11741545496356953	0.2740524774252342	0.03396121224514219	0.13250372212994144	0.04624165690130508	0.14544458406682698	0.16736275312434726	0.08301813914363318
0.1106304767050613	0.06276638064759815	0.09270436222216613	0.009173775531258616	0.035709196726811665	0.29303840224452427	0.23457879900403436	0.16139860691854524
0.15458703280143352	0.08522667682249031	0.0895447492573507	0.31790505493019605	0.05431023735783001	0.04311502214920486	0.18067248126406427	0.07463874541743007
0.09940575383402328	0.15092033210356565	0.24323563526807052	0.0052979537669341215	0.03558715852274712	0.23507305916621687	0.12426359080374383	0.1062165165346984
0.15820258614949628	0.07594284915867644	0.12337729979314695	0.02480051257093746	0.04301644568202134	0.2714861053509203	0.14404339698876578	0.1591308043060352
0.09864584224559131	0.08724593581385362	0.1138343493808744	0.01029851196305262	0.03465931245622064	0.3413469496214282	0.2301448754376359	0.0838242230813431
0.1302870112645288	0.1524849179576333	0.10110455709193378	0.22864456703715702	0.06145558841670187	0.04552290362882089	0.19162631359845417	0.08887414100476995
0.137682491010235	0.1532546097130393	0.025621755754065417	0.11945795999456062	0.04291120693620791	0.23321753448625632	0.13004752797602237	0.1578069141296128
0.18573276628192337	0.04865606906843213	0.01240754889408495	0.22466126863530933	0.05156784725594578	0.2691598832923041	0.12029186498923425	0.08752275158276585
0.18322461009731544	0.08820297154608353	0.11795131345835128	0.1711916625435624	0.05443743261035333	0.13317411194147474	0.12527027007853692	0.12654762772432207
0.14561677025702258	0.07270407674617638	0.08154554565096299	0.0928404204627348	0.04315441818938506	0.27072105053030493	0.19176785396474494	0.10164986419866809
0.1098380192236147	0.15541418212515926	0.0326106423714775	0.07714952286620526	0.05171277848116908	0.24551213303886593	0.20217936366145095	0.12558335823205716
0.18428711417006965	0.054161901731101456	0.025022897694076132	0.24198841824703518	0.037943243368823695	0.051136744281652075	0.26862818459326965	0.13683149591397195
0.1499787110062087	0.1298000849991135	0.20181503591902294	0.044177730043771804	0.03999653982754997	0.0790610793916442	0.24920938764158782	0.10596143117110082
0.20109693142956192	0.01679221722322921	0.2305483982087793	0.08125035240831924	0.05324073632362909	0.08616201485849216	0.2202976200289884	0.11061172951900042
0.20037997875015723	0.025127424238063314	0.30335773422174445	0.05276137125166214	0.06205914078714275	0.07565801405276862	0.16250024372509597	0.11815609297336534
0.09109482139132088	0.10198397168461461	0.25594472037067806	0.07881999108459073	0.04399431141700062	0.1556428861942082	0.1636169327774223	0.10890236508016436
0.11360148589519703	0.2089741824157399	0.12449090823784383	0.04315827889757065	0.05432948622108112	0.08327613376534532	0.2732774604792454	0.09889206408797657
0.09020292626811723	0.18115542303989507	0.2711409608188198	0.03283602829598692	0.037697645081571585	0.12024857541744155	0.13038810146800084	0.1363303396101668
0.1857176669548344	0.05491138456708662	0.19088271200369017	0.13209836791620955	0.07165463360651779	0.058603263337880046	0.15512160131769565	0.15101037029608555
0.1488079912906133	0.1071241000719793	0.16296075238623206	0.2525237054694052	0.0435025258338958	0.051017111091150966	0.14618873171146227	0.08787508214526082
0.16051637128949822	0.10488959812834889	0.11358373853204046	0.18690541018189138	0.03817698492389701	0.05476130867865538	0.24682961340866877	0.0943369748569997
0.1770810450687414	0.3362661929407738	0.008044685269845572	0.00560725886738217	0.06999558707082873	0.1888862601284139	0.1237816026583065	0.09033736799570771
0.1595647045139167	0.05791903954556621	0.013783441007098468	0.05477196878191719	0.07144371641472051	0.26962738311767204	0.2638164651110544	0.10907328150805434
0.11581662116449075	0.022185713830842446	0.08799034923512455	0.21924236277340717	0.0429321217638049	0.23246410274085824	0.1513595716355986	0.1280091568558732
0.10275026568721332	0.05596806982411137	0.32295316170506927	0.12687511511594518	0.031166733785042783	0.05297812185553713	0.18984744178118268	0.11746109024589814
0.10059633200084139	0.10140991454656577	0.07856306383889877	0.0475404200873038	0.05055964877639926	0.26651548800787783	0.2718955952070176	0.08291953753509533
0.1666105471738079	0.18974495988763454	0.025862573296414837	0.11781643838255222	0.07058495079714543	0.050038968660167854	0.26499357716997174	0.11434798463230528
0.13103223019983337	0.04051836713281601	0.14238985757471712	0.3094231537776898	0.03992113999186224	0.036334481218430664	0.16940730794446396	0.13097346216018663
0.09983001556047151	0.2781527184590664	0.05800071474180467	0.0710841429979484	0.05251140166381309	0.1298422286008402	0.1536665723169423	0.15691220565911324
0.14284756335497942	0.12952751162662204	0.02663413013904402	0.10735619249840515	0.05703389910429105	0.23861403976269216	0.1598297988686098	0.1381568646453561
0.16094905483041216	0.029326471775901475	0.23584536415331128	0.16965214034782092	0.03156210623480932	0.09252343098084527	0.16135734675301444	0.1187840849238849
0.11098975311194925	0.13962240684378666	0.03507389089855857	0.21060143946837256	0.03137013429259537	0.1675013933474224	0.20601899953727737	0.09882198250003756
0.16910602807769415	0.07617504997194714	0.1777722037085705	0.161441522392807	0.056229702206394394	0.044444032512608936	0.2007635194909589	0.11406794163901875
0.14123443345426256	0.1467452683938257	0.18906797151736157	0.026651641528608203	0.050476028885946336	0.07252747260859421	0.2725600770198715	0.1007371065915296
0.18037647878986643	0.2091255593512093	0.15535978777734497	0.057120633655395714	0.057320428847365865	0.02784031701175954	0.22076986490918926	0.09208692965786865
0.14700495704583932	0.2928169485522117	0.01920258238654285	0.16497633906958065	0.04529980519000307	0.03847864768241431	0.18955028885445785	0.10267043121895
0.19484442337706756	0.09554873884604351	0.1864225913020818	0.02520789101335766	0.055001981746466574	0.09471289217508211	0.2143427111779445	0.13391877036195607
0.09684618265190935	0.15935250486288613	0.020485035185039913	0.28197672792970274	0.058378102357035694	0.07662623816260533	0.1470114842936889	0.15932372455713167
0.1246577313110513	0.11460418010464833	0.19467706132553575	0.05041446181659255	0.04591417405133655	0.1332018058429398	0.20741380520351616	0.12911678034437934
0.1935293657076147	0.024824376347273303	0.2660026957472142	0.07212839837247029	0.05920587777730614	0.14686319102079667	0.13597632090835024	0.10146977411897422
0.11725478693771539	0.253066680174397	0.08399226004208891	0.19869385953060842	0.0640842610876417	0.07316122630567037	0.12329149503702995	0.08645543088484803
0.1903671413136378	0.14452284252204825	0.19655699953134792	0.08778801810741417	0.0382897434900437	0.009660688250334379	0.249827749853616	0.0829868169315575
0.1290667882164835	0.20987551950253122	0.2458888868006162	0.01577973314994699	0.051055272822267656	0.042479109282236374	0.16807755667965912	0.13777713354625865
0.19729484720826942	0.2523723132218052	0.08092807505762145	0.007888779622237413	0.06951504407198605	0.08719863925078829	0.1870628714140433	0.1177394301532486
0.18511640317505473	0.1631050091114189	0.007953304640653414	0.10033294705999678	0.0456278805353192	0.19777002843225805	0.13684271388060584	0.1632517131646929
0.14705920657474808	0.10627718543757253	0.2643924966545085	0.11075680872298814	0.05473129175297736	0.02803160350938068	0.20277863014629527	0.08597277720152927
0.1060679133985798	0.07925925232210396	0.020652645720486598	0.255104989626058	0.036265101004389885	0.18930659220511298	0.19463728519399282	0.11870622052927576
0.11101543127699327	0.08213960830491149	0.1930024466297739	0.09227568869747485	0.07293661337021126	0.0718145028914543	0.24751265562659175	0.12930305320258897
0.12880314047923438	0.12351554180990608	0.07306007020953784	0.14335894735673288	0.06621087377960662	0.14195887126403703	0.1885978362480702	0.13449471885287473
0.09556963457919508	0.23887023443599492	0.07339506424883677	0.1268905006915558	0.05780973509737636	0.0952810296777161	0.18937013029296407	0.12281367097636069
0.20208861129113062	0.12716029943623688	0.1533761516829134	0.13741523885702386	0.07211813753261428	0.02213391331673005	0.2079294949652435	0.07777815291810715
0.12649952369852702	0.280803547798687	0.2105010596681497	0.02450115639175053	0.03229580727663646	0.06355592955867098	0.15224220995560978	0.10960076565196833
0.12494295075398683	0.08899026415902658	0.3118604089074945	0.022743408949393237	0.0720128629457682	0.17329755983719317	0.12175835008885552	0.08439419435828173
0.18514199274402315	0.11877230817954902	0.1699293480080385	0.009171068300888902	0.06370672823891844	0.1485925568172245	0.17488494813516825	0.12980104957618904
0.1935647024934626	0.017551970967399688	0.14571615442485064	0.13420342716719458	0.06994395775432352	0.141095873733196	0.13702610586086558	0.16089780759870712
0.1384049451167711	0.20527151605525726	0.08125341347852819	0.11292676035906347	0.05248744308783099	0.04949536567178256	0.21699240700962344	0.1431681492211428
0.12940602359665018	0.2016322913873542	0.10189646209907118	0.17761127959050946	0.07020335433376296	0.008131773321236768	0.18950684790849176	0.12161196776292327
0.15842169157504582	0.23587797391833268	0.1971207357098099	0.10405809267757443	0.06995908319097158	0.0246658016264774	0.12305207536066017	0.08684454594112782
0.18119386980021301	0.03966083434671519	0.12090966368012612	0.2878947822051381	0.03629337448972479	0.061918397181268556	0.1759033291030996	0.09622574919371435
0.19992841975752032	0.06085134179313742	0.05562436853551904	0.03745971527119506	0.057950347868672605	0.2720967366171222	0.24204658727994094	0.07404248287689218
0.12806123611044765	0.12818498107267495	0.19563190920954182	0.14731172936558756	0.03853535588186288	0.0505959106580605	0.21478795194397543	0.09689092575784893
0.172258874448333	0.03386924584942226	0.02637531476955708	0.20421332007677323	0.033953903570235464	0.20604844008521656	0.1860994016479972	0.13718149955246486
0.10496327910962355	0.11097772480602493	0.15797217789084717	0.020968303763535853	0.060547359293093225	0.19412161190919547	0.22083732873109158	0.12961221449658805
0.0885472683456712	0.09767396017839533	0.10088970190299049	0.2154967598716686	0.056543978445216164	0.21533083159702318	0.15077519579374607	0.07474230386528874
0.10993521805809195	0.16625342109372557	0.19328356894128684	0.047980406394118574	0.058124987619234084	0.13085933144359393	0.14344372233991734	0.15011934411003147
0.13504168569672326	0.2410328675158677	0.04029179496922841	0.06026480693316136	0.03177211025302651	0.22156080840993153	0.17503944139590694	0.09499648482615412
0.15808191551227266	0.1156598727570474	0.037636900164726594	0.13753025372921215	0.057751183174982915	0.17103783093419483	0.24263218646335005	0.07966985726421318
0.0979297309309424	0.03400261460284126	0.2099887474034758	0.06796671131900112	0.06219795037773658	0.3106839340792994	0.1403688441460955	0.07686146714060771
0.14483068335411659	0.010175506571172	0.15524171320916402	0.046429243022223204	0.03488965155509355	0.30897817116680804	0.1486146842380083	0.15084034688341408
0.16661602326906738	0.18600764275240922	0.11485837560383072	0.18992597112197152	0.049465402090753605	0.04745680160508586	0.15822198525074577	0.0874477983061357
0.09167615219511438	0.035333611325088304	0.2980344593188725	0.1242948474469106	0.054687863023085065	0.03597495765107114	0.20528289984756906	0.15471520919228868
0.14818715263888624	0.1436078152321053	0.18266037200290855	0.11291471237465635	0.059994652505771184	0.008652252959772982	0.2651824655464082	0.078800576739491
0.1319184364015305	0.031818052295033705	0.25890774475791334	0.12461434892869216	0.03521503214099027	0.07337550199233409	0.19601715564536512	0.1481337278381406
0.1583254256937325	0.14849795758803194	0.05564707012699484	0.17533799797969532	0.04276158161376048	0.1673909196120636	0.12726402378840335	0.12477502359731779
0.09698677059954436	0.31453683345770533	0.1528405583824949	0.027530220041776188	0.05825000187429716	0.012932537850907089	0.21342720821665806	0.12349586957661665
0.1490996511088904	0.16498659512208008	0.219762020958237	0.13046733887570852	0.043199543671978605	0.015387227586274074	0.12168195099041944	0.15541567168641163
0.17618277138289867	0.07909553509207215	0.2890687932855214	0.009253076195967352	0.06195737062799042	0.15229907930917613	0.1531235987598213	0.0790197753465523
0.08918694843946809	0.1939202930727233	0.16171476552537276	0.2169434005015483	0.05315761086049363	0.04262076005641609	0.15412485767439715	0.08833136386958045
0.13455439703748884	0.12588147682103437	0.10277339676572742	0.03070916182594635	0.05576818273945987	0.1385678510485059	0.2473813118291584	0.16436422193267863
0.16136157938989604	0.033262666306720284	0.05278459200989068	0.16463635267717652	0.05183902371709399	0.22031754160878633	0.20106989066643582	0.11472835362400013
0.15708465050771153	0.138092430546228	0.056814598044828274	0.2845864854887993	0.05579413689611931	0.04283493343367384	0.15133370429526988	0.11345906078736967
0.10476301009076709	0.07537007615016386	0.14774804967986524	0.09294193843419557	0.07321280829410284	0.08214071964588512	0.26239161799225774	0.16143177971276235
0.10871435289300108	0.06608999837616689	0.2209715534323144	0.03380982995758447	0.05525435277644497	0.20766856559118893	0.1444729935561047	0.16301835341719434
0.1435851427058103	0.24433722024987692	0.027778397701567883	0.25720882513660476	0.05237273503105573	0.013280616937412407	0.17058454876194815	0.09085251347572364
0.12315059118605559	0.1251383090754728	0.16952300413089205	0.01789637874186671	0.030846268410296154	0.33035341063139845	0.12911429533849353	0.07397774248552452
0.2017162474086887	0.06281553801167365	0.25408710822438774	0.00598367647150512	0.0657405193727209	0.07637829236663303	0.24569775813221068	0.0875808600121799
0.1471640550717663	0.15426955756549893	0.18879789999072893	0.13553144211176266	0.03220430389269478	0.01814717946451473	0.20590003650449623	0.11798552539853717
0.15632511504727095	0.030571623852554436	0.06131157741892587	0.13252262391876207	0.04816109902557475	0.25651964593463455	0.1873892140033102	0.12719910079896693
0.17995523944782688	0.04691972847691908	0.24905793078638383	0.02947418533006023	0.0704657776279248	0.10665765979874291	0.22859254631895715	0.08887693221318488
0.1419402726543223	0.1282618623315765	0.29212235785655183	0.06318213671334943	0.04852493735386455	0.04372601145636529	0.14693060392386773	0.1353118177101022
0.10860215662487183	0.06404486358357425	0.1508334573297479	0.025474682538815574	0.07239301662189787	0.2615323271349654	0.15980781290747073	0.15731168325865622
0.1781544937870006	0.021771353366458787	0.12696599982140466	0.14447929293562578	0.06188157503629067	0.19062536390208087	0.13022327137361747	0.14589864977752087
0.1074624679206372	0.013322752390800482	0.34392675453288446	0.016106052374929708	0.0708257288346115	0.026046493467652795	0.2706386367765786	0.151671113701905
0.17374634657348492	0.34507753401033464	0.029583587905788064	0.07642683107795983	0.044068836423985944	0.11279884725122125	0.14261940997369763	0.0756786067835275
0.1858859652672765	0.2288141195167816	0.12548115878056307	0.010075535749224984	0.04418314155651824	0.08747486964507525	0.15970673147031392	0.1583784780142462
0.10025093846205031	0.0687449623555064	0.02694903538484593	0.3788479456537953	0.05293532640813543	0.0679440331499305	0.15517378844567822	0.14915397014005763
0.14974405118085946	0.05806415833566883	0.3037933516724822	0.04126901265461194	0.05623134298815444	0.18408577584274066	0.13062612158722056	0.07618618573826166
0.09201763328207908	0.04677206179557082	0.1501263049140263	0.12175102128042421	0.04185425865034799	0.25128086209842926	0.1975548590311527	0.09864299894796949
0.09159195488597621	0.17361732797328183	0.14667783445836188	0.0842537315654183	0.06794036317892041	0.12844823039678577	0.1500235538803888	0.1574470036608666
0.10301869443978416	0.3014817367095941	0.013529173674189723	0.2078170178828116	0.03131674544650824	0.06670135165079079	0.13171566855419303	0.14441961164212816
0.1351234126272751	0.05100969680635957	0.028441805410927848	0.15585884310937212	0.04891915759316948	0.3395759405606288	0.15618357779253336	0.08488756609973352
0.1914944781057719	0.2619409487766431	0.02411775478588908	0.14139763257557525	0.03718272069599582	0.08996001675059859	0.18016367406841557	0.07374277424111045
0.17501415962350794	0.19852858430943682	0.0803306689211811	0.09093887734077163	0.035502239308183026	0.05669338199934543	0.2194748274797354	0.14351726101783835
0.14655532989630138	0.08721350793755683	0.047007907468925914	0.20908796581612302	0.06872896167329173	0.0689974110207863	0.2663318993054269	0.1060770168815877
0.15608965948251385	0.27947961021922657	0.1498344649092082	0.021800830041773953	0.06782440769221293	0.05116858257432459	0.16143241403095937	0.1123700310497803
0.1290389204020059	0.07090785920985937	0.13100483782470737	0.17440520703151435	0.03626639656844777	0.05023690797937996	0.2436398165815838	0.16450005440250123
0.2013451494661449	0.05323024858997494	0.03450954602934772	0.06549459939992143	0.05564863044016222	0.2937502720545623	0.20089974874762748	0.09512180527225875
0.09332198042682538	0.05572445878896823	0.2641920495103476	0.0378262697812366	0.07359087687077058	0.21098539340894562	0.1848638444135774	0.07949512679932838
0.10580968600104129	0.2177039681617145	0.02221194090236199	0.18132316345517074	0.04838762765932797	0.00823580303765234	0.2565766680177572	0.15975114276497382
0.11467927968887061	0.01870886847388112	0.1600629967284679	0.2630598607747616	0.04394219623317297	0.12518587482146123	0.14848123339961516	0.12587968987976916
0.11565060572939492	0.15442407126006077	0.10331699790911664	0.20033866729895383	0.07110306960833432	0.03130984248962439	0.16076713436932186	0.16308961133519306
0.18962536476820863	0.14245346721726132	0.19026186833140252	0.08830760317751021	0.05500417267550317	0.03552386856148872	0.16821114347606234	0.13061251179256286
0.18695393978917993	0.05405039587488694	0.0339213141394014	0.21409200271257428	0.05107194582481553	0.14295320177485388	0.19727146245719676	0.11968573742709115
0.11502635791141917	0.1331581218871045	0.1749433855743551	0.02888279463415591	0.04175889641223962	0.16338033077524305	0.26293727111611365	0.0799128416893688
0.10722158751496062	0.07909300324202065	0.17090569558340166	0.06686713963999759	0.040867884134269616	0.1869175476061696	0.2016781281524869	0.14644901412669317
0.19509146305276093	0.008748507719842757	0.09231635766184318	0.2551311316779473	0.04031065336029081	0.10562572895320793	0.14348606786433654	0.1592900897097703
0.0990994929756853	0.2583677614859756	0.07545268877475542	0.13243690965430577	0.059441716272257375	0.0863353736640877	0.1592327962836282	0.12963326088930446
0.08907193698696549	0.016034878210479053	0.09822641247689504	0.37640306449312144	0.04101093659687649	0.1760630865359384	0.12452828773743159	0.07866139696229223
0.10607550679800096	0.1506841745759636	0.15662687644617268	0.0862408557102502	0.044415387637316964	0.14962389326225684	0.19968082549987332	0.10665248007016524
0.10102480988172377	0.07302428173600985	0.3217495770829628	0.05597284002524358	0.04597289442997718	0.04663868843486384	0.2216593928398271	0.13395751556939173
0.19085476262603657	0.06987708678348321	0.10001665566538533	0.20249291106842154	0.0343881047102637	0.1628492693555182	0.14422870484561487	0.09529250494527633
0.09484648802286985	0.3226549217111419	0.008154956050753712	0.1272502433020247	0.06249876922112263	0.11954180037241939	0.1751143835978712	0.08993843772179641
0.11718101874022183	0.13555285012641302	0.0572101655214194	0.20172660816216198	0.04703616640011091	0.10910214742710667	0.25093443430357654	0.0812566093189894
0.16417893892340352	0.06049347059323676	0.1688590586339158	0.10468841760322774	0.0521307304111322	0.10373017669820983	0.24741328848082664	0.09850591865604727
0.15377220512316384	0.0584133482560866	0.22234658719861797	0.20502332101950288	0.04783521789791399	0.007553328200000237	0.17105020272403776	0.13400578958067652
0.19883468010109778	0.02610570941379775	0.2355933549521799	0.12505603131010248	0.04951208812631533	0.01797603428177777	0.20694267142652886	0.1399794303881999
0.17808823558986536	0.06913530020951907	0.06839059847969181	0.3063408949009707	0.07182339973635944	0.0691676161157312	0.15363092803284883	0.08342302693501327
0.17241908204836168	0.13408181981530798	0.313851542976985	0.005863964641583397	0.05309729649870608	0.06561635631313105	0.1695876115879858	0.08548232611793877
0.1828359070653063	0.16807431845489593	0.10657020959923719	0.13319723039527057	0.049935022933998485	0.08675837308697784	0.1563596671371951	0.11626927132711837
0.19441214883446328	0.04636087707150566	0.11208723921324067	0.25201391876514545	0.034584879822697895	0.10957234628512885	0.1405793571099058	0.11038923289791217
0.19861809706176953	0.06510287460610395	0.019605234995059978	0.06436622650368495	0.04750111987293247	0.34482587668152154	0.16471895809457135	0.09526161218435589
0.1675308449138191	0.024665311097550935	0.09961713071876334	0.11697548465697141	0.056476081562863295	0.27020044558766954	0.1681921831126228	0.0963425183497394
0.1874502354228557	0.016654934036103755	0.19089698601329286	0.2748201611616095	0.07344520808141489	0.048545117418715644	0.12480105384391918	0.08338630402208819
0.11584737163575078	0.043189009231434705	0.023396047631155187	0.24585891813558075	0.03272246164637051	0.20165872693511938	0.21493729224277824	0.1223901725418103
0.14294513251529994	0.07626919558110898	0.011226658756929617	0.1776545227628755	0.04903650751736134	0.255419138219343	0.144056193331895	0.14339265131518641
0.19503356410014278	0.2541814679714337	0.11502756529675108	0.0595716351895402	0.03745517961711198	0.0377480408444663	0.1682220413390157	0.132760505641538
0.10979306737559774	0.16836349215581928	0.3145295217254195	0.046200622425384835	0.03663073035158562	0.04578251929923441	0.12645368011855812	0.15224636654840035
0.13725648976702323	0.12031088950628706	0.044211609994662324	0.24501233289692842	0.05314652869561515	0.07228128784532008	0.21267570994933294	0.11510515134483061
0.15632376848202886	0.048677130080432604	0.0564721257913445	0.11032642284418526	0.06675808375544394	0.27092045657230973	0.19373664259529663	0.09678536987895822
0.20096347082923455	0.2627855858237838	0.07236744054068285	0.014394415794833818	0.03324027850382823	0.1313724491907585	0.12343921440312973	0.16143714491374825
0.1157293708974977	0.01446326258060332	0.022265647372744626	0.24650971112108208	0.03691699211153296	0.23399900034527027	0.1647649535727458	0.16535106199852306
