0.24128273913403553	0.20676012542533997	0.10333486731312647	0.2759467087968616	0.17267555933063616
0.24136195316452475	0.20689924023136685	0.10341366680591706	0.27584762091202875	0.17247751888616233
0.24144850065560314	0.20680292034581824	0.10345702212290192	0.27586637242294404	0.17242518445273242
0.24136209982879564	0.20692558393793772	0.10340472184847539	0.2758076109317294	0.17249998345306158
0.24130106759576325	0.20684129929396888	0.103492818859197	0.275796507859619	0.17256830639145163
0.24145547108112997	0.20684967361138187	0.10336299533747133	0.27591844722885717	0.17241341274115937
0.2414418580343192	0.20677677096799546	0.10331388088662417	0.27589781429963445	0.17256967581142646
0.24123323290155474	0.20692490756152998	0.10348335460040296	0.27581338861786336	0.17254511631864866
0.24135840357120308	0.20684349592606255	0.10341274112630237	0.2759521908593478	0.17243316851708396
0.24130850809784088	0.20682885657833713	0.10348173716901764	0.27585439157190894	0.1725265065828951
0.2413585046166674	0.20690225125901987	0.10341349724817557	0.2758535746055349	0.17247217227060205
0.24131801618423387	0.2067815368406468	0.10345103501835688	0.27592181867273535	0.1725275932840268
0.2413172843278364	0.20678834273024962	0.10344859866551044	0.27594222154348425	0.17250355273291906
0.24137957312568498	0.20676338158015167	0.1033724553009377	0.2757933775050597	0.1726912124881657
0.2413273377967688	0.206889328741801	0.10343065647855007	0.2758608521104363	0.1724918248724436
0.24136366958650401	0.20686022605074575	0.10331960895961645	0.2759303181392192	0.1725261772639143
0.24129804289498946	0.2068987710849519	0.10339582297891377	0.2758572292461626	0.17255013379498202
0.24126940970250133	0.2067854857275766	0.10340556896927386	0.2759626084539436	0.17257692714670433
0.24146879994145004	0.20679778196306853	0.10336404215294236	0.2758603264890232	0.17250904945351564
0.2413506943540324	0.2068471902627413	0.10330920005925016	0.2758364687444245	0.1726564465795514
0.24128279950671017	0.2068451808462831	0.10333968652223213	0.27583404856527877	0.1726982845594956
0.24142004361007857	0.20694063768486604	0.10330801667698243	0.2758276014325006	0.17250370059557207
0.24145737171964576	0.20681983002062	0.1034556983785393	0.27584267412860053	0.17242442575259415
0.24123153875172929	0.20688538973922496	0.10342388265446945	0.2759417397742286	0.1725174490803475
0.2413524106273291	0.2069014516814323	0.10344080317878249	0.27587906952146424	0.17242626499099156
0.24140816787726743	0.20689482948563112	0.1033824423483834	0.2758278399731119	0.17248672031560594
0.24142358726983038	0.2067569070587132	0.10349679167935279	0.2758985886489871	0.1724241253431163
0.24138217979993154	0.2068955768514056	0.10334674520780593	0.2758742125332242	0.1725012856076325
0.24134934471202346	0.20688109687602182	0.10335322592419403	0.27591012481827504	0.17250620766948543
0.24134603315552658	0.2067828361782368	0.10335754539523372	0.27588443694284726	0.17262914832815537
0.2413873684170039	0.20684951248116132	0.10341182237021344	0.2758414710768178	0.17250982565480333
0.24133886236922578	0.2068994086065138	0.10349243235761081	0.2758105391919473	0.17245875747470205
0.24136034231515252	0.20688955892620084	0.10331470816708986	0.2759610081364958	0.17247438245506064
0.24133767044906895	0.2068403770137221	0.10342776954993169	0.2758345374147102	0.17255964557256676
0.24136215250596238	0.2067836933772206	0.10346760400691592	0.27586222036086083	0.17252432974904003
0.24128337051694998	0.2068591336120511	0.10346624815760269	0.2758820095028249	0.17250923821057113
0.2413888871293026	0.2068847791887979	0.1033568060935047	0.27579346374947245	0.17257606383892216
0.24131862461105663	0.20683753803166907	0.10344814506484118	0.2758591046847909	0.17253658760764193
0.2414319206610403	0.2068028202850043	0.10338439254388063	0.27586472251956773	0.1725161439905068
0.241354853028318	0.2067775103524191	0.10348379334555417	0.2759586399464116	0.17242520332729688
0.24132333697243363	0.2068223400743677	0.10342747170536835	0.2759621094706606	0.17246474177716947
0.24129244914601172	0.20685872998460078	0.10345637561561197	0.2758980733461266	0.17249437190764866
0.2413646666377423	0.2069097898289602	0.10345196952108268	0.27584698781418104	0.17242658619803353
0.2412352652105968	0.2067858134313905	0.1034704081100309	0.2758753551911791	0.17263315805680243
0.2412680697768852	0.20689260613557758	0.10349194400150896	0.2758116288593197	0.17253575122670828
0.24132224807147806	0.20684439755460093	0.10342197197393174	0.27587750462477867	0.17253387777521034
0.241310083446731	0.206799339010825	0.10342268938567753	0.2759336341923203	0.1725342539644459
0.2413081095976174	0.20689939358016618	0.10347921082428803	0.27586330349748284	0.17244998250044533
0.2414407288511396	0.20685726952785574	0.10336717633701592	0.2758101456196586	0.17252467966432988
0.2413767069995768	0.20677524023437774	0.10339743857129924	0.27582952113094655	0.1726210930637994
0.2414668430550388	0.2067942812486594	0.10339381028221124	0.27588116696075554	0.1724638984533348
0.24131611417904852	0.20687401380090725	0.10335910004407803	0.27585591612840793	0.172594855847558
0.24136276787429403	0.2068395100167096	0.10338536119039585	0.2759552343791749	0.17245712653942535
0.24143708905634892	0.206903140700814	0.10337992957451435	0.27586872850938604	0.17241111215893642
0.2414229394072175	0.2068220706099881	0.10337631017125404	0.2757962195952406	0.17258246021629947
0.24124829869403897	0.2068645365744429	0.10341523696483682	0.27585847406441033	0.17261345370227077
0.2412577346240935	0.20677437552261863	0.10336711869680743	0.27594538682549224	0.17265538433098795
0.2413881595104313	0.20685124702002244	0.10339995252243615	0.27593291042035795	0.17242773052675195
0.24126973921768918	0.20675625383617555	0.10342487923463886	0.2759074355991479	0.17264169211234828
0.24126038901928576	0.2069360492020054	0.10338777671927474	0.2758948545734428	0.17252093048599104
0.24137521696749542	0.20680558472690622	0.10331309697528067	0.27583150875311613	0.17267459257720136
0.24131125763911357	0.20690098801143117	0.10341754840879261	0.2758631411309426	0.1725070648097198
0.2413351391848466	0.20679150377653552	0.10345790175659493	0.2759175363597062	0.17249791892231653
0.24139009836473535	0.2069153881561656	0.10340371783134251	0.2758489436801072	0.17244185196764905
0.24122688008563875	0.20693784210951346	0.1034602336350144	0.2759229333755272	0.1724521107943059
0.24135105686527375	0.20691338270548867	0.10345066867481624	0.2758260860579933	0.17245880569642777
0.24136754144914538	0.20687962416169	0.10342355627275417	0.27579387380829573	0.17253540430811445
0.24139553601996547	0.20677618238779713	0.10331643179726231	0.2759208758215587	0.17259097397341613
0.2413215611728598	0.2068080301358251	0.10343812781078997	0.2758942457658865	0.1725380351146384
0.2413502969716651	0.20690564067405687	0.10339752338564608	0.27592945133854546	0.17241708763008623
0.24139475405230712	0.2068290488705028	0.1034768026354178	0.2758924232652987	0.17240697117647324
0.24124077618109196	0.20680628199346857	0.10340987065401827	0.2759333646579207	0.17260970651350033
0.24139073301210678	0.20678503875167986	0.10342742312412886	0.27580449349532177	0.17259231161676253
0.24129826693904513	0.20680748965086204	0.10333263250850912	0.27595293229217965	0.17260867860940385
0.24136428080026845	0.20685597173960993	0.10339335546796674	0.2759069424103976	0.17247944958175704
0.24130276201759276	0.20678676127503642	0.10332515629817732	0.27588218757819194	0.17270313283100133
0.24128804408462828	0.20693091063819163	0.10337657771775416	0.27586942292776395	0.17253504463166172
0.24139848170598022	0.20684781855015985	0.10337460468045076	0.27585994758013915	0.1725191474832698
0.24130569481261915	0.20689167170248665	0.10342082305826605	0.2758075290154294	0.17257428141119852
0.24141571875403658	0.2067987081855619	0.10335650206886725	0.27582472358825866	0.17260434740327535
0.2414429253153977	0.20685731494381318	0.10347937339964824	0.27580029860664307	0.17242008773449757
0.24139579300965533	0.20687415467223758	0.10338886644265734	0.2758293316079252	0.17251185426752425
0.24137911116285332	0.20683998463082515	0.10335181348821063	0.27590015662723144	0.17252893409087922
0.24127405730021848	0.20682893209708922	0.1034581124976419	0.27591187027624053	0.17252702782880963
0.24133622124290105	0.20685253340690749	0.10338309634409498	0.275940230441043	0.17248791856505327
0.24133167062457134	0.20688488028285731	0.10342845013896484	0.2758827916547941	0.17247220729881216
0.24132395260019002	0.20689971367087154	0.10342681747512085	0.2758517893207438	0.17249772693307355
0.24142532124290006	0.20686904004584983	0.10339285274008994	0.2758382266590332	0.1724745593121267
0.24125901604677422	0.2069303727195929	0.1034122866662181	0.27582934231636225	0.1725689822510523
0.24136148696386678	0.20685857873101507	0.1034238608531303	0.2758652281267331	0.1724908453252545
0.24141079849841363	0.20682448187277944	0.10338031246504167	0.2758711004917651	0.1725133066719999
0.24130549929764022	0.20675641198139402	0.10342538747032032	0.27592921083446975	0.1725834904161755
0.24138324793447546	0.2068630900572209	0.1034167106866099	0.27584415747223323	0.17249279384946023
0.24126155427945095	0.20681907595997698	0.1034958111847243	0.27580576879628976	0.17261778977955777
0.24128184086630133	0.20685979869688267	0.10336574445083312	0.2758393105149936	0.172653305470989
0.24134274083346147	0.20686376760614716	0.10343161675016896	0.27595058248627385	0.17241129232394828
0.24140679908232882	0.20684033352836068	0.10337507573038864	0.27594253316098105	0.17243525849794059
0.24123023420244022	0.20675619919739668	0.10343681403258284	0.2758913158177769	0.17268543674980308
0.24124641672628444	0.20684224749361305	0.10331402760390865	0.2759155243616927	0.17268178381450094
0.24122768723682872	0.20683894856510415	0.10341509431917315	0.2759360458422978	0.17258222403659593
0.24130658415870115	0.2068427483455876	0.10339136587137888	0.2758405985484827	0.1726187030758494
0.24126560757983706	0.2068069027720747	0.10339589006103687	0.2759388132291212	0.17259278635792988
0.24136034099910994	0.20688940295710462	0.10336468313898227	0.27591287683592824	0.1724726960688747
0.2413174463710042	0.20683270324855546	0.10339077243564668	0.27580178313371845	0.172657294811075
0.24128377163765558	0.20693750689625348	0.10332230512190765	0.2758813916274501	0.17257502471673294
0.24126269476885465	0.20689017364640255	0.10338822911984545	0.27581463815199225	0.17264426431290483
0.24140629146352482	0.20686270179327415	0.10331106850189975	0.27582667059603727	0.17259326764526373
0.24146760672926093	0.2068405217251048	0.10331902044208083	0.275937556192377	0.1724352949111762
0.24128372069165957	0.20685148817401158	0.10345180916363224	0.27589503919201214	0.1725179427786842
0.24140648142598217	0.20677971333606326	0.10339844977520697	0.27581950555502965	0.17259584990771765
0.2412353411379859	0.20682828649858379	0.10349308832777811	0.27584963634318505	0.17259364769246693
0.24123037725478966	0.2069302970266642	0.10344677912993702	0.27587481396062774	0.17251773262798117
0.2413378835055941	0.2068000601783883	0.10342754408789875	0.27590669028199827	0.17252782194612032
0.2414686467435641	0.20679899857280176	0.10337066239311814	0.2758636184563429	0.17249807383417287
0.24132545025810798	0.2068866250954932	0.103439908863992	0.2759032807282356	0.17244473505417096
0.24123761681322012	0.20684609697861234	0.10335515806852173	0.27594248309486374	0.17261864504478183
0.2412305237726624	0.2069127999125623	0.1033647956787457	0.2758438522887396	0.17264802834728976
0.24123545877767166	0.20686350952836688	0.10334503132964931	0.27589918892755694	0.17265681143675496
0.2412600070657005	0.20689424426623673	0.1034607948831754	0.2759353377874892	0.17244961599739797
0.24128182689453087	0.20684469994751228	0.1034918001009046	0.2758713907056475	0.17251028235140453
0.24129959474494772	0.2069048177735064	0.10333242969829767	0.2759361511725604	0.1725270066106876
0.2412465584668782	0.20687020970553074	0.10345448746213567	0.27583818070833943	0.1725905636571157
0.24137100135871237	0.20686323594694792	0.10339535923996375	0.275845586595976	0.17252481685839965
0.24127213921839713	0.20681131649982562	0.10346409800970302	0.2758507689983709	0.17260167727370307
0.24139761354839084	0.206901307702166	0.10338484678580849	0.27579531767298315	0.17252091429065125
0.24140815872315408	0.20691297721984522	0.10334297909445575	0.2758520806681959	0.17248380429434884
0.24135890854452713	0.20684798844875826	0.10334814672985995	0.27593014585888737	0.17251481041796704
0.24131543490659071	0.2068897598644072	0.10344041278715413	0.2759080855977321	0.1724463068441156
0.24139936185818112	0.2069041420199325	0.10333255405403471	0.2758660754120213	0.17249786665583008
0.24128296164621776	0.20685980598153425	0.10342494944969682	0.2758205107048395	0.17261177221771146
0.24140363489003422	0.20681559695234272	0.10332478234805195	0.275835944800519	0.17262004100905187
0.24123508466340768	0.20678290752375653	0.10349603085221627	0.2759154179063778	0.17257055905424148
0.24132374868437842	0.2068582026122287	0.10333991175277918	0.27579394977181015	0.1726841871788033
0.24125114298233086	0.20685422884960483	0.10337763534135917	0.27590773304652905	0.17260925978017583
0.24130362062279667	0.2068484372871712	0.103460249535138	0.27591918356262746	0.17246850899226643
0.24133706039080116	0.2069027425752487	0.10331727024491912	0.2759535197262138	0.17248940706281699
0.2412775718243497	0.20683873790611224	0.1033565357233369	0.27583851128780223	0.17268864325839867
0.2412613675394267	0.20688169701818043	0.10343532668817763	0.2759020473779385	0.1725195613762765
0.24130771911996082	0.20692635369496876	0.10330770066701675	0.2759151635130937	0.17254306300495975
0.24147634722822414	0.20677153070040932	0.10343255831990467	0.27589685550703835	0.17242270824442324
0.24140570591931146	0.2068208421792148	0.10335123475539144	0.2758497157339378	0.17257250141214425
0.24136707284890468	0.20691444501964865	0.1033309104499692	0.2759325772619709	0.17245499441950635
0.24143482548338394	0.20682028553180992	0.1034493277622631	0.2758077859195541	0.1724877753029887
0.24128967759523062	0.20680761522894722	0.10339671652957695	0.2758579013826363	0.17264808926360867
0.24128641921508814	0.2067918674295512	0.10333773886153744	0.27591406628826887	0.17266990820555417
0.24141862563846814	0.20678358356205775	0.10331985059807425	0.2758997272265701	0.17257821297482953
0.24125292341680685	0.20683405754613948	0.1034161759156023	0.27589139534075185	0.17260544778069928
0.24122797520457562	0.2069407333613244	0.10347700054450737	0.27583884051952484	0.17251545037006755
0.24133603217749255	0.206857066558278	0.10336482838951142	0.2759505786563188	0.172491494218399
0.24125085551013548	0.2068800426181247	0.1034951826687355	0.27581567957330433	0.17255823962969974
0.2414375607667689	0.20681129618325933	0.10334261478762119	0.27585408521807053	0.17255444304427978
0.2413552890602209	0.20682515929630296	0.10340004331821831	0.27595802166383554	0.17246148666142203
0.24144741685294474	0.206777922884967	0.10347003850681843	0.2758417759653633	0.1724628457899063
0.24137026221744473	0.20691363125034465	0.10343354990674625	0.27585566817218615	0.17242688845327792
0.24144880183844336	0.2067745100827882	0.10341926914520043	0.2758597180809653	0.17249770085260244
0.24139252672203332	0.2068422414321843	0.10333047691972283	0.27592060097499027	0.17251415395106906
0.2412370672493563	0.20689722851467962	0.10338902447559237	0.2758185989581549	0.17265808080221656
0.24132187242589276	0.20677411097041795	0.10346988213574068	0.27593110167166257	0.1725030327962858
0.24123812952728607	0.20692401252427123	0.10345028357204938	0.2758939282316676	0.17249364614472548
0.24125271157224648	0.20682636020373157	0.10346516681458667	0.2758849757754298	0.1725707856340052
0.24124177831839877	0.2069163368558509	0.10332683917455253	0.2758676628889635	0.17264738276223404
0.2414127795002575	0.20680249139757498	0.10349343880525473	0.275858169542499	0.17243312075441358
0.24135396148643723	0.20684346501951079	0.1033644165148967	0.27587821312731486	0.1725599438518402
0.24128064450627668	0.20678783727832659	0.10335579773488304	0.27596386737893464	0.17261185310157884
0.2412315058902745	0.20680398993993362	0.1033615054714182	0.2759604430917041	0.17264255560666933
0.24138312687993752	0.20678725893934352	0.10348355131262907	0.27582652723837975	0.1725195356297099
0.24124193612003658	0.20688292864250624	0.10341779464426729	0.275893226157095	0.17256411443609465
0.24125360791736794	0.20693355008502848	0.10346908795424732	0.27590074874559123	0.17244300529776482
0.24125386797138032	0.20694510430732713	0.10338507857599373	0.27583516998204927	0.17258077916324926
0.24134274367308398	0.2067866760803788	0.10335331225449398	0.2759593187742666	0.17255794921777642
0.24125345875682802	0.20679849409674944	0.10345585341113664	0.2758157776480693	0.17267641608721637
0.24135181137103418	0.20680608100066775	0.10346066163778267	0.2759050935382601	0.17247635245225504
0.24125834318534994	0.20688559886386965	0.10336309388315676	0.2759609792161577	0.1725319848514657
0.24145496673481606	0.2068535147650183	0.10343074638591128	0.2758001636199026	0.17246060849435146
0.24124402920504184	0.20675949125462875	0.10334791556336094	0.2759468924830594	0.17270167149390883
0.241297665870776	0.20683802129934636	0.10331498521255714	0.27596383613662134	0.17258549148069888
0.24127787449568067	0.2068181913861008	0.10340243564039571	0.275896825243911	0.17260467323391152
0.2413763260839891	0.20687168194273647	0.10334261407151671	0.27591610104398506	0.1724932768577724
0.24139163618754128	0.2068594080122011	0.1034171967522977	0.2758087219158649	0.17252303713209474
0.24146836975287533	0.20678649047709105	0.10339383723213329	0.2758376446054972	0.17251365793240286
0.241271542203976	0.2068979862555055	0.10346504504345233	0.2759306979140713	0.17243472858299458
0.24135621766254278	0.20682812421045543	0.10334354458739554	0.27589328649970984	0.17257882703989613
0.2412383557380341	0.20694573470786412	0.1033153749201959	0.27584633481137716	0.1726541998225285
0.2413898207285932	0.20692470989671954	0.10342919637090975	0.2758330908188974	0.17242318218487987
0.24131265694850787	0.20684720858642078	0.10349513463570512	0.27587140947711797	0.17247359035224802
0.24145990322484884	0.20684196330299562	0.10347799980274258	0.2757938659445214	0.17242626772489134
0.24139804055213054	0.20681484807625	0.10337247335125786	0.2759465342573546	0.17246810376300675
0.24128402238263896	0.20689509277678622	0.10345429591263736	0.2759531583522394	0.17241343057569786
0.24133087800535763	0.20676617574640835	0.1034808401797197	0.275940394740614	0.17248171132790005
0.2413631983621428	0.20693830393961318	0.1033952547846701	0.2758691033509826	0.17243413956259113
0.24131110226682986	0.20676773669981036	0.10349365050553935	0.2759593677559368	0.17246814277188338
0.24131819677723837	0.20683719400046385	0.10331747209143767	0.27588200900181553	0.1726451281290443
0.24133367208891077	0.2067907546627249	0.10342000831970527	0.27592642290799596	0.17252914202066283
0.24136634931201434	0.20693945019597357	0.10345571034297223	0.27580384931171903	0.1724346408373206
0.2414098751580081	0.20681000676953867	0.10331197081724186	0.275889680428164	0.1725784668270472
0.2413480780855335	0.20686763030236488	0.10344109343097464	0.2758109275372279	0.1725322706438988
0.24134362840476656	0.20682394717292651	0.10335746391996362	0.27582974562039375	0.1726452148819493
0.24140421221878616	0.20677684233588878	0.10347423141194531	0.275805982194845	0.17253873183853452
0.24140561278940262	0.20685795582487773	0.10347099673722107	0.27584971147394566	0.17241572317455267
0.24128781073511385	0.20691742003162233	0.1033695119912353	0.2759111506864364	0.17251410655559188
0.24146630597492835	0.2069010631940917	0.10335850674516199	0.2758589896645573	0.1724151344212604
0.24139180714091923	0.2068243196143788	0.10346888655561699	0.27584119785426225	0.17247378883482248
0.24145125712456375	0.20685573820288056	0.10333876301482052	0.27590452862799253	0.17244971302974244
0.24123562973292106	0.20689035687171514	0.10344995687718879	0.2758422277091764	0.17258182880899836
0.24139576146656255	0.20676972114299397	0.10334743071674377	0.2758458149565242	0.17264127171717525
0.2412396342452985	0.20684860715144043	0.10333983851393487	0.27590691007089563	0.17266501001843026
0.24140765915710788	0.20687337400525913	0.10334750085021205	0.2758017152692598	0.17256975071816094
0.24126824647762576	0.2067747901320186	0.10347643692567524	0.27584249613323797	0.1726380303314422
0.2413190136021275	0.20679312939847327	0.10340488213474046	0.2758210667588332	0.17266190810582527
0.24131293757694805	0.20678056193829145	0.10347599355745486	0.2759639935627076	0.1724665133645977
0.24141858803358623	0.20689999609057702	0.1033236271787966	0.2759072948693211	0.17245049382771882
0.2413047876190126	0.20687907063475874	0.1034420432712965	0.2759288850350007	0.1724452134399312
0.24124557569117444	0.20688464209256566	0.10340897281126284	0.27581498832643103	0.1726458210785658
0.24132377345632555	0.20676030168423748	0.10330797839347665	0.2759104637893636	0.17269748267659643
0.2412339676553849	0.20690377404669846	0.10337156960455839	0.275908548676421	0.172582140016937
0.24147668284260548	0.2067982616629732	0.10332651273820555	0.27595719483380443	0.17244134792241111
0.24131342937131067	0.20690112582447606	0.10341260561562561	0.27585689878759634	0.17251594040099105
0.24146621370844198	0.20684439270075008	0.10333310328607272	0.27589909467381624	0.17245719563091877
0.24141292414981153	0.20675826179830822	0.10332783421697905	0.27589263561576327	0.17260834421913773
0.24136804362985612	0.20692618228004614	0.10333909856783843	0.27589883571734225	0.1724678398049168
0.24129166887553774	0.20679645600910135	0.10336494206998822	0.27594843555318654	0.17259849749218592
0.24128941534872014	0.20689429170990564	0.10336580400513437	0.275843819536924	0.1726066693993156
0.2412834828584388	0.20690412854590107	0.10339078740808429	0.27585531896643045	0.17256628222114517
0.24129613643364378	0.20688024578271105	0.10347307743067376	0.2758899874145957	0.17246055293837548
0.24126005981663043	0.2069365821619947	0.1034023809122822	0.2758888102391867	0.17251216686990567
0.24138044291307093	0.20685293130301904	0.10336647227981073	0.2759551678946034	0.17244498560949564
0.24130251365491542	0.20688488336269417	0.10349074744119778	0.2758454574523854	0.17247639808880696
0.24135359278038995	0.20675649880809058	0.10333207553608476	0.2759169592167681	0.17264087365866632
0.241347523602946	0.20684511966928207	0.1033580880827316	0.27591318258195274	0.17253608606308737
0.24139478615416424	0.20678924238159932	0.10338888827348984	0.2758420483791754	0.17258503481157092
0.2414098396042606	0.2069094382429235	0.10331905718593497	0.2757969228345549	0.17256474213232578
0.2414112565521968	0.206927444099272	0.10335166948628721	0.2758899653508361	0.17241966451140764
0.2412783646490873	0.20682273198555373	0.10333437647318441	0.27591459773284976	0.17264992915932456
0.2412793046006596	0.2068968249188455	0.1033844940962182	0.27579999751240836	0.1726393788718681
0.2413261255416934	0.20683411708462993	0.10336473270581897	0.27583214293428077	0.17264288173357667
0.24122245874613846	0.2068846764087975	0.10331301272953824	0.27592515584484495	0.17265469627068059
0.24133724368599227	0.20678166331726333	0.10344029438640188	0.2758571905808907	0.1725836080294516
0.24128158767404795	0.20683797684381275	0.10337804717502194	0.2759605052657928	0.1725418830413243
0.24133154964671188	0.2069019648390732	0.1033896049045197	0.27593615008181127	0.17244073052788372
0.24125291851948671	0.20679052493522362	0.10337421107225755	0.2758810549018359	0.17270129057119596
0.24125784302812814	0.20691550469565884	0.10347506019621511	0.2758974541789597	0.17245413790103792
0.241322165869073	0.20677790878675192	0.10345614973653376	0.2759123544932253	0.17253142111441572
0.24124819039525228	0.20690647443757107	0.1034023376567346	0.27587538287701513	0.17256761463342665
0.24127295321404807	0.20689952675977152	0.10330984109474703	0.275839811503529	0.17267786742790414
0.24137367960413503	0.20687053898536228	0.10330752988973498	0.2758245099957208	0.1726237415250467
0.2413877184217822	0.2068042251259617	0.10331560869053082	0.27586846777746976	0.17262397998425527
0.24131512008203204	0.20688743357375336	0.10341432483042678	0.27579234468179065	0.17259077683199692
0.2412738425302667	0.2067759486214085	0.10344716496843279	0.27582958887724657	0.1726734550026452
0.24127237370752214	0.20684298060052486	0.10336697749437923	0.2758781149147533	0.17263955328282027
0.2412656169745365	0.20684561816634214	0.10340154126370055	0.2758653547515416	0.17262186884387892
0.2413834608369872	0.20676838590939378	0.10336451103802001	0.27590981784544016	0.1725738243701586
0.24125640635128567	0.20684574254814544	0.10342515559807144	0.2758583454922724	0.1726143500102248
0.24137008964943968	0.2068236971405774	0.10330363912655709	0.2758253093242202	0.1726772647592053
0.24143881709718312	0.20685721848953997	0.10341629203879832	0.2758562935021037	0.17243137887237464
0.24133165297812165	0.20684292024402204	0.10348222423072131	0.275905349886715	0.17243785266041975
0.24132736515868322	0.20680985429873328	0.10333392193535446	0.2758915960390853	0.1726372625681435
0.24126545880207106	0.20692425170989923	0.10331645330014509	0.2759558897349271	0.17253794645295728
0.24129236838185658	0.20685258266657353	0.10330370891070162	0.27594504914271123	0.17260629089815682
0.24139798322873052	0.206811599929172	0.10345531627019078	0.275882880989058	0.17245221958284845
0.2412382498428142	0.20689282068629952	0.10331911583227867	0.27587456807667565	0.17267524556193173
0.24135501589101882	0.20685935014608064	0.10339510192126544	0.27579458716968386	0.172595944871951
0.2414431425778933	0.20679354731702798	0.10347744355684425	0.2758403224870275	0.1724455440612067
0.24137245140628727	0.2068565167358825	0.10331070627935177	0.27580932264593816	0.17265100293254
0.2414456991030187	0.20689835715339508	0.10334422824030792	0.2759025958084904	0.17240911969478767
0.24141622244347427	0.2068678413696139	0.103345004968834	0.2758393627492402	0.17253156846883738
0.24143079981729165	0.206881762148895	0.10336467514019414	0.27584807721504584	0.1724746856785731
0.24142207996106818	0.20687542508054754	0.10331046812807809	0.2759632085168433	0.1724288183134626
0.2412280120784126	0.20686105374442618	0.10342857508224285	0.2759441520927153	0.17253820700220285
0.24128465726953496	0.20693252156222616	0.1033408443816072	0.27592588758813125	0.17251608919850017
0.24125852958672578	0.206939235687465	0.10330205438279196	0.2759522015635457	0.17254797877947128
0.24135597935168085	0.20688439779221104	0.10343276989455853	0.27589095810950237	0.17243589485204697
0.24128264338718933	0.2069036132651658	0.10334299981208502	0.2758775005741813	0.17259324296137832
0.24123013195559032	0.2068511879430193	0.10330953259839357	0.27594104093997873	0.17266810656301784
0.24140527378998455	0.20679193968426718	0.10340555951964925	0.27580717133357846	0.17259005567252034
0.24130835414317653	0.2068226439808655	0.10344867378602261	0.27596197319698	0.1724583548929551
0.24126644908899975	0.2067862286103794	0.10342679874905228	0.2759298158375575	0.1725907077140108
0.241316341506079	0.20677409711455172	0.10335169810588837	0.27587980410294544	0.17267805917053514
0.24135365031294578	0.20684926344212837	0.10344464549683845	0.2759122519411443	0.17244018880694284
0.24138196365029413	0.20690869058734307	0.10342824557549746	0.2758530236842964	0.17242807650256875
0.24143683697740853	0.2068196629984051	0.10338731993398045	0.2758755778505583	0.1724806022396474
0.241280497294463	0.20685358280436658	0.10341917675674231	0.2758664133894967	0.17258032975493115
0.2413581367657502	0.20686499988639376	0.10345439349939244	0.27579924348846174	0.17252322636000159
0.24125721706040815	0.20688289606749216	0.1033878352290685	0.2758596060935554	0.17261244554947555
0.24125397836194257	0.20680417007156607	0.1033916943056357	0.2758608452020188	0.1726893120588366
0.2413290404488022	0.2068629136793345	0.10332605121357277	0.2759135068056006	0.17256848785268963
0.2413591392733877	0.20686663698481111	0.10334596440769295	0.2758613475882093	0.1725669117458987
0.24135059090694755	0.20681117993832393	0.10348833059918007	0.27579820019688256	0.17255169835866566
0.24134664040056802	0.2067593770625794	0.10346766378195296	0.2759462810951733	0.17248003765972608
0.2413837250897164	0.20690991844191364	0.10330522457892942	0.27595026181886634	0.17245087007057397
0.2414515176317799	0.20678101478036395	0.10334623372211896	0.27595263989594565	0.17246859396979133
0.24130239442502013	0.20685111841131873	0.10345664365822065	0.2759316181300078	0.17245822537543243
0.24144396172560445	0.20690281946266495	0.10338158270893713	0.2758315695117175	0.17244006659107575
0.2412903994457509	0.20683942752890427	0.10344378559124955	0.2758805993470931	0.17254578808700197
0.24131005889619472	0.20683289799143914	0.10332564724303443	0.2759517410493146	0.17257965482001686
0.24127197040136011	0.20682617613974758	0.10340004606982532	0.27587003494618045	0.1726317724428863
0.2412687868828633	0.20690385688390397	0.10341096735017857	0.27583268999204424	0.17258369889100963
0.24145487951374212	0.2068904686408832	0.1033454056385186	0.2758751297883063	0.17243411641854953
0.24145024438468146	0.20685298876663977	0.10330862006743126	0.2759614120515702	0.172426734729677
0.2412282378770074	0.20691850149243943	0.10348142600173245	0.2758308964963607	0.17254093813245974
0.24145862549660982	0.20692737838216066	0.10330631440760166	0.2758686215729568	0.17243906014067087
0.24130925891901495	0.20682131046813873	0.1033651214334453	0.27584949558236	0.17265481359704077
0.2412520707886892	0.20688435617116477	0.1034975317639648	0.27588044298805703	0.17248559828812396
0.24140090034082007	0.20688843594888343	0.10342768970053774	0.2758598534744803	0.1724231205352782
0.24130876293195178	0.2069363875965108	0.10344398292851195	0.27585375851896327	0.17245710802406192
0.24127246014289394	0.20680545485728127	0.1034610559884589	0.2758098272546299	0.17265120175673576
0.24142250847603558	0.2067663849055441	0.10331361344990266	0.275856227075682	0.17264126609283534
0.2412774484821234	0.20676667237301477	0.10340332502655362	0.2759557507203563	0.1725968033979517
0.2412520325306428	0.20689716844171452	0.1034421272550619	0.27579944341209756	0.17260922836048295
0.24140605149666808	0.20692110264574462	0.10337173706428283	0.27587926894431114	0.1724218398489931
0.24127483450059134	0.2068818879389944	0.10334755038176391	0.2759346308509123	0.17256109632773775
0.24135042744306567	0.20687627929024383	0.10332569636483684	0.27585498782683593	0.17259260907501753
0.2412323003615765	0.2069244399567367	0.10344771572036987	0.2758617211503135	0.17253382281100318
0.24139082048331573	0.2069054924830339	0.10337698974212425	0.2758411621387396	0.17248553515278628
0.2413438508163844	0.20691850075108933	0.10340388164505565	0.2758387089545594	0.17249505783291094
0.24125534274568383	0.2068408165849831	0.1033827663167306	0.27593298308018316	0.1725880912724191
0.24132272363684848	0.20686366147428217	0.10343939721433243	0.2758874008441027	0.172486816830434
0.24142229003794413	0.2068578422787469	0.10332686433866443	0.2759365927853279	0.17245641055931635
0.24135713146579302	0.20679733723902563	0.10336326572925053	0.27589941047512606	0.17258285509080445
0.2414402669838628	0.20679390886139926	0.1034469930262402	0.27581278624788197	0.17250604488061552
0.24136993246964575	0.20678807303995195	0.10339527421406608	0.275880521625201	0.17256619865113496
0.24125886163054094	0.20679922693650818	0.10341419260823391	0.27584752323829065	0.17268019558642606
0.24140569454997385	0.2069361418884907	0.10332653832920527	0.2758857365093141	0.1724458887230159
0.24139619917564376	0.20676336205869542	0.10338525311061399	0.275952994135614	0.17250219151943255
0.2412651189100486	0.20680077972484728	0.10347153790906641	0.2759160062846554	0.17254655717138206
0.24135490293988204	0.20679195885681803	0.10338485020012429	0.2758362642569031	0.17263202374627232
0.24139590732138233	0.20688651903112626	0.10331383027287695	0.27591439895820513	0.17248934441640906
0.2413343650294524	0.2068310409482716	0.10338619351161309	0.27591071759066044	0.1725376829200022
0.24128470761186765	0.20684615050805646	0.10340973173930532	0.27595926295576656	0.17250014718500378
0.24135077056865323	0.20680616893731388	0.10331055752766204	0.27595804742685254	0.17257445553951806
0.24139070631537252	0.20684717441938452	0.1034946812518916	0.27579298432521654	0.17247445368813458
0.24143296408121756	0.2068162349478661	0.10334912470805195	0.27584347536124515	0.172558200901619
0.24132377761989712	0.20680591500493628	0.10346185741403155	0.2759023996475557	0.1725060503135791
0.24122290398874818	0.2068734259504559	0.10335454329734503	0.27589514861646053	0.1726539781469901
0.24124302820482493	0.2068484333367365	0.10334713015738173	0.2758817784771086	0.17267962982394802
0.24138301251079924	0.20689903609372806	0.10332882175463973	0.2759387731302219	0.1724503565106108
0.2413668590221048	0.20688012062485625	0.10334077492551622	0.2758063920213929	0.17260585340612955
0.24128193215404947	0.20689432505327027	0.1033362706531008	0.27593152189524117	0.17255595024433804
0.24129488064283083	0.2068685182770564	0.10338071813145645	0.2758162512746051	0.17263963167405097
0.24132651969925595	0.20682248214427484	0.10348780411044703	0.2757989185752874	0.17256427547073455
0.24144579474979072	0.20681974152622165	0.10339430007322065	0.2758651236303532	0.17247504002041353
0.24145578626898234	0.20678362977484901	0.1033704714011835	0.2758744541896933	0.17251565836529162
0.24141079896788237	0.20680858913868005	0.10338366296727043	0.27594399188674135	0.17245295703942554
0.24141225132724586	0.2068354994494038	0.10344589937436316	0.27589555904733615	0.17241079080165078
0.2412365951500947	0.20692393469670725	0.10333860064903798	0.2758576541536983	0.1726432153504615
0.2412646957832379	0.20685447126911571	0.10341322083439236	0.275855984767906	0.1726116273453478
0.2413579924096676	0.20679797600714478	0.10340995633825804	0.2758634909815336	0.17257058426339572
0.24133290113412903	0.2068059798383446	0.10340597775383836	0.275805429382961	0.1726497118907268
0.24134222173785264	0.2068739428883896	0.1033640393261923	0.27589700195739997	0.17252279409016527
0.24135273991141	0.2068919494245066	0.10342886801999032	0.27584923070913325	0.17247721193495957
0.24122697346599598	0.2068048907910895	0.10335368287053635	0.2759154916437379	0.17269896122864
0.24141072127049903	0.20680020662378637	0.10332063358483354	0.27583464455780404	0.17263379396307676
0.2414666770268904	0.2068450545194846	0.10337461963616354	0.2758426826263164	0.17247096619114483
0.24128534589910158	0.20691472169168548	0.10342861631984272	0.27589197148520683	0.17247934460416312
0.24141399060117708	0.20686432457972445	0.10340823712084332	0.27584951349947423	0.17246393419878064
0.24128240420082236	0.20687663780743876	0.10342323071287468	0.275934639032808	0.1724830882460559
0.24125622853964124	0.20693962693074958	0.10343401507932742	0.275812309736268	0.17255781971401352
0.24124560475864607	0.20683349008919097	0.10339910139706349	0.27583500484458606	0.1726867989105132
0.24135383543409272	0.20688262689079126	0.10338240243000606	0.27594444617246316	0.1724366890726465
0.2414701101915548	0.2068406058433552	0.1033889317495673	0.27583473244515816	0.17246561977036431
0.2414258776496444	0.2067771291301669	0.10342807026351862	0.275865081566321	0.1725038413903488
0.24142525402400217	0.20680624677900522	0.10335061346980283	0.27594473635628036	0.1724731493709092
0.24131161460859957	0.20692136482827542	0.1034371680172981	0.27581620612752394	0.17251364641830272
0.2413887725229176	0.20683123627450858	0.10347060346465121	0.2758816450243103	0.17242774271361203
0.2412867006168904	0.20682390739656675	0.10340606355741844	0.27591159947192795	0.17257172895719625
0.24130255914224552	0.20677526347782527	0.10332490137192027	0.2758971085004065	0.17270016750760223
0.2414303337458455	0.20684497073931515	0.10333868849726688	0.2759241984727765	0.17246180854479573
0.24145348084914262	0.2068805135548327	0.1033876734366544	0.2758452568249523	0.1724330753344177
0.24124499199487898	0.2067963775270898	0.10338117741681117	0.27593791656831634	0.17263953649290345
0.24126827207841345	0.20690836664488238	0.10343287482432457	0.27591340580369805	0.1724770806486813
0.24142428072499605	0.2067956983792888	0.1033832207924007	0.27582429286824744	0.17257250723506676
0.24134973863747394	0.20684938260659502	0.10345776804608992	0.2758986492769959	0.17244446143284492
0.2412263775243735	0.20684020676649645	0.10348882409326086	0.27581187666455215	0.17263271495131682
0.24128526021473112	0.20689352393955113	0.1034926901304442	0.27580216037812	0.1725263653371533
0.24140594242736269	0.20679884564657103	0.10337668536515497	0.2759215205748434	0.1724970059860676
0.24126791463326475	0.20688004989748493	0.10339137534647659	0.2757927981302877	0.17266786199248582
0.24143165343679426	0.2068215883779037	0.10341419590258412	0.2758668686188469	0.1724656936638708
0.24147394984338683	0.20677847459946258	0.10333475005204108	0.27592274100808256	0.17249008449702669
0.24124820533777414	0.20687536584125246	0.10347683213811479	0.2759023736162175	0.17249722306664086
0.24143490223265088	0.20679233396657107	0.10332974196477918	0.27592938353133345	0.1725136383046652
0.24143795642310922	0.2068039551591333	0.10335402895012483	0.27585971713928864	0.17254434232834376
0.24142961008005687	0.20686213973956183	0.10346479935217077	0.2758259268179672	0.1724175240102431
0.24147439067145865	0.20676838168790104	0.10331284808606761	0.2758190354341065	0.17262534412046587
0.24140604924734982	0.20684328043162348	0.10331850342034708	0.27580304693068364	0.17262911996999575
0.24132555214053888	0.2069011398369638	0.10339738539252558	0.27584488628090953	0.17253103634906197
0.24126512604197567	0.20687745968254703	0.1034002623958782	0.2758425880455915	0.1726145638340074
0.24135884427991325	0.20677968986107878	0.10341814959923538	0.27595311335634176	0.1724902029034306
0.24142538870127356	0.2068484279017874	0.10337874315706849	0.27591558948813033	0.17243185075173995
0.24146432087780026	0.20680855832331949	0.10331452575341127	0.2759158648625997	0.17249673018286898
0.2413325310430069	0.20681950372554134	0.10343489791651589	0.27586115110768866	0.17255191620724697
0.24142538655298795	0.20682352938355833	0.1033268464307066	0.27591074910628194	0.17251348852646492
0.24135935566609662	0.20686007097022502	0.10331109832983118	0.2759200686327302	0.1725494064011167
0.241391193477263	0.20688210127495815	0.10330476263019932	0.27579843091265654	0.17262351170492274
0.24123376479140496	0.2069001210900071	0.10345191447426395	0.27590936096616653	0.1725048386781572
0.24138934931096317	0.20682634879049427	0.10348167091451944	0.2758284765365866	0.17247415444743627
0.2414240824427179	0.20683406939700394	0.10342007097911154	0.2758465319283899	0.17247524525277647
0.24128357481009854	0.20681476306010077	0.10345849629527179	0.2758281425211282	0.1726150233134005
0.24127891573460158	0.20693267495688808	0.10335104363081316	0.27594573212860535	0.17249163354909158
0.2412736986810355	0.20681533833944132	0.10330483083344064	0.27592496118979765	0.17268117095628469
0.2412495915207275	0.20677090879080576	0.10342177964174588	0.2758991421279575	0.1726585779187631
0.24135495059422166	0.2069402719868117	0.10341165220840298	0.2758227131807026	0.1724704120298608
0.24124492203111725	0.20690271182558884	0.10335630888440069	0.2757944705449028	0.17270158671399016
0.24122365482930802	0.20691326415868763	0.10343233549085694	0.2758422192992628	0.17258852622188436
0.2414169038513226	0.2068806210187168	0.10338426907661928	0.2758525946884541	0.17246561136488697
0.24128532782662743	0.20692482948645263	0.10333713835277668	0.27596574509272986	0.17248695924141316
0.24136449642791566	0.20681565375729616	0.10330644311721747	0.2758923917516741	0.1726210149458964
0.2413828815280554	0.20689264711977923	0.10339133070570514	0.27590196185976	0.17243117878670003
0.2413030147501834	0.2068941324434981	0.10341978620856924	0.2758094914063232	0.1725735751914258
