0.09426045437391668	0.06110517603246807	0.1599513846210654	0.12177030780883047	0.05719419346462702	0.08502702265158633	0.25838730478486444	0.1623041562626414
0.09196903107120047	0.06286380297612207	0.16011232895152253	0.121102068878436	0.05927170018909644	0.08767027394657342	0.25778574914561925	0.15922504484142963
0.08748599401893764	0.06370230824208653	0.1600718318952428	0.12427339693619129	0.053329937133510696	0.09035703290764555	0.2585804252888262	0.16219907357755917
0.09049873698555634	0.06168860830311802	0.16017457804872648	0.12446665725362513	0.057803534126394426	0.08583941327202364	0.25804239750670616	0.16148607450384955
0.09102975971622566	0.06095094342220157	0.16024433288182868	0.1220783091330071	0.05938558456860343	0.08785251620440959	0.25826052592500737	0.16019802814871645
0.09782144520644694	0.05971570810835404	0.16004923431401522	0.12293838444635458	0.055788398637513864	0.08514940189921882	0.2576750959579164	0.16086233143017992
0.08954275685614636	0.06076772680861854	0.15994050960989248	0.12122782722932618	0.058716847519026366	0.09107052866206498	0.2574547213051485	0.16127908200977636
0.0923219948608337	0.0626064817693622	0.1600459893814773	0.1228260325099948	0.05816912308145966	0.08444568487992278	0.258582911846686	0.16100178167026333
0.09188699030675329	0.06275292523351633	0.15993215308799588	0.12102080728211263	0.055621675646495325	0.0879861493320884	0.2588093578145952	0.16198994129644273
0.09305029135367421	0.060167111381275604	0.16026693329545527	0.1221637866723528	0.05545628327331352	0.08978794080173066	0.25939880557492273	0.159708847647275
0.09275972687788202	0.05991091658005712	0.1602729573024194	0.12108219215415633	0.05988284440030943	0.0860466125956009	0.2591187864442237	0.16092596364535094
0.09349038983774385	0.06209393273787428	0.16020030267606308	0.12319459284539126	0.05572178568391929	0.08756941767890652	0.2574422077042535	0.160287370835848
0.08978052923853105	0.06403669581057801	0.15995212398590536	0.12508094965379804	0.05317623322671261	0.08853394870406785	0.25787804140281734	0.16156147797758955
0.08862742473781836	0.06188293201156839	0.16015670086481754	0.12237340090318478	0.0590263262918095	0.08854929496636295	0.258295877332005	0.1610880428924333
0.08729797601171266	0.06201325022633086	0.16002125255232266	0.12215656384689562	0.0589910151786818	0.08998570781956663	0.2591483917425005	0.1603858426219891
0.09000695812448709	0.06399942132173057	0.15994495621945215	0.125070487487491	0.0561904971121949	0.08641668742486049	0.25789441652425504	0.16047657578552854
0.09900191029034497	0.06302188978936626	0.16025493717560485	0.1217132406070304	0.05383746670164237	0.08545044644445338	0.25724904040185126	0.1594710685897063
0.09646660492206377	0.05953812699082922	0.16011135074092347	0.12452684774025893	0.05402420259074801	0.08572006440779277	0.25905657265300275	0.1605562299543809
0.09442161284721608	0.06121612545127533	0.16010674698342225	0.12499631228035486	0.056552358052489676	0.08465577756349667	0.2581850830891267	0.1598659837326182
0.09245133440737796	0.05978945836664952	0.1602262836532632	0.12124482319727334	0.05738861123594731	0.08709857269523691	0.2596162915587741	0.16218462488547747
0.08842240344206	0.064043938927965	0.1601937322999642	0.12401314550972684	0.05520482035193565	0.08837374839388296	0.25807050914013824	0.1616777019343269
0.09418401499022272	0.06406527880209706	0.15999148658641846	0.12079618110218093	0.052934665735949196	0.08951487856112841	0.2577241089303557	0.16078938529164732
0.09301223191625874	0.06263815760948396	0.16011146408833188	0.12346713285129086	0.05304125457957731	0.09003956994710807	0.257356274334255	0.1603339146736939
0.09636396345303228	0.06227113751147828	0.16009244837437053	0.12023717009882144	0.053882180510526914	0.08883865953363171	0.25762046303559516	0.1606939774825435
0.09125123670809476	0.06089476430486984	0.1601178490008579	0.12371145363868315	0.05435194259603729	0.09095943404762954	0.25719338398002933	0.16151993572379802
0.0894336623584662	0.06007173290309005	0.15994106670137506	0.12184624993256288	0.059536758588348865	0.08896877542891263	0.25964138360176103	0.1605603704854831
0.09143074576183913	0.06347343401582665	0.16021951558182418	0.12249000869616432	0.05960356479537808	0.08493406602165884	0.25815684197879435	0.15969182314851427
0.09237814449509314	0.06045351954533333	0.1599645621090661	0.12353456002512068	0.05716575127532754	0.08728911978472488	0.2586125007518067	0.16060184201352742
0.08904560869646458	0.05965574595352548	0.16023012569048947	0.12331527647656507	0.05969465425871534	0.08941808022549	0.25904878115344704	0.15959172754530285
0.08630349182783592	0.06385438876032049	0.1601274853101941	0.12112499926464292	0.05991770401836552	0.0899054549075755	0.25851600288491716	0.16025047302614817
0.08703415031098144	0.06170795685981058	0.16001884093021876	0.12499550119419539	0.055346586508224854	0.09081554604553072	0.2589630012957176	0.16111841685532044
0.0970540224349355	0.06075930429761574	0.1601673789438209	0.1249896530179887	0.055073608838557164	0.08440333690273974	0.2581921554666641	0.15936054009767794
0.09688487379871971	0.06032079372272145	0.1600641415990854	0.1200256346894119	0.056914284486917	0.08560970170493322	0.2588346421470965	0.16134592785111454
0.0871470754722091	0.06392231856666435	0.1601632701287828	0.12334530569475445	0.05625147156063513	0.08980478391937798	0.2592491128686787	0.16011666178889727
0.09241201443810444	0.06313169721810667	0.16024374136307198	0.12270938552635224	0.0550726804062564	0.08826553603781317	0.25721776150110853	0.16094718350918635
0.09577923678208024	0.06032041619210017	0.1601611201474058	0.12068462306130859	0.05987757400145592	0.08643789126068221	0.2573799845646084	0.15935915399035838
0.09287334987545881	0.06058706972957348	0.16011844888620905	0.12090455593218294	0.05942245272910923	0.08670828894524198	0.259460387631755	0.15992544627046928
0.09607017254389602	0.05996792629556509	0.16019249185002227	0.12139224248178852	0.054510108441646984	0.08882303947384115	0.2583570351926641	0.16068698372057563
0.09198262462492546	0.059505640596992704	0.16002338341297964	0.1239684133511331	0.05794251369165347	0.08585357308995631	0.2593177579735123	0.16140609325884683
0.0974218519423806	0.05983516464824665	0.16032434908057341	0.12225170062773696	0.05638761431763205	0.08669932883231701	0.25792422671471466	0.15915576383639846
0.10059549020486414	0.059741435079436994	0.1599926672088888	0.1207114711516758	0.05435991633505456	0.08527734321694694	0.2583913979219592	0.1609302788811734
0.09916652559362671	0.06287510728918218	0.16028923127135974	0.1203647696176697	0.0532619332929707	0.08572947787707953	0.25820361396384606	0.16010934109426522
0.09130623567280127	0.06368147777763987	0.1601675470716096	0.12006011564784681	0.05534416753933767	0.08774111768812398	0.2596068118063585	0.1620925267962821
0.09234592570895744	0.06427539933029579	0.1600361183753719	0.12039772170033497	0.059673971195231934	0.0855692510884198	0.25824968369441736	0.15945192890697057
0.0920023282452584	0.06144701591671875	0.160245513730659	0.12123285943730538	0.055518842224387785	0.08965104323845058	0.25953804619991866	0.1603643510073012
0.09198759456857523	0.060237695003610675	0.160193953699034	0.12072374131561601	0.05841042263620447	0.08936790004234434	0.25752688625647385	0.1615518064781412
0.08831914391400389	0.06313708902991144	0.15992597622121665	0.12226192160896998	0.05620425467239444	0.09104938175839984	0.259160150392885	0.15994208240221852
0.09413252214056328	0.05970214557118461	0.15992600105366556	0.12281891514263957	0.0553397007118913	0.08680411118897766	0.25939874660692597	0.16187785758415188
0.090187350122069	0.0642492648589936	0.16011248808203288	0.12097890694705522	0.05791578058654481	0.08711188483475577	0.25921247178717244	0.1602318527813761
0.09138551637286074	0.06277568827831911	0.15992140936723429	0.12378819999207129	0.05441908349719844	0.08969574358828696	0.2582178038142957	0.15979655508973326
0.08948266200914187	0.06043066544761967	0.160151595565379	0.1216792071494507	0.05684879238938581	0.08997600505664942	0.2596737276589561	0.1617573447234172
0.09034235701954377	0.06326018754522951	0.15997755635343597	0.12152153391565859	0.059306766930015534	0.08746190681246946	0.25818593464124917	0.1599437567823978
0.09905784344460573	0.060120792744435075	0.1600060552945533	0.12333173120525222	0.0535486168191288	0.08461271780716145	0.25829290253968373	0.1610293401451795
0.09642845868077142	0.059561633844191525	0.16012239630217578	0.12476868085450302	0.05527623581151232	0.08456802054307816	0.2572613517736616	0.16201322219010594
0.09344182918384028	0.060266723965461885	0.16007247158942112	0.12446811549913228	0.056266556240189	0.08579274527863143	0.2582589708830463	0.16143258736027755
0.09326996684353127	0.05995346237867474	0.16027854510744216	0.12133720176635535	0.059947331681131116	0.08664308450553931	0.25734263394844786	0.16122777376887798
0.09048202249077228	0.06122157653704602	0.16009045809818834	0.12040123571861053	0.05922883280542396	0.08983630526977732	0.2580655358030683	0.16067403327711308
0.09296990025442563	0.0621857468185219	0.1600479210125277	0.12346122973721871	0.05653303449988813	0.08443877091846222	0.2589235438133183	0.16143985294563717
0.08971960820821494	0.06378527045772346	0.1602423234653009	0.12092596469446754	0.05522855275153932	0.08987467939778632	0.2586887096309728	0.16153489139399457
0.0859643804491324	0.06140579052036198	0.16000807491843402	0.12185500124392407	0.05876732384711811	0.09106581245318218	0.25951964740583167	0.16141396916201536
0.0895737304606603	0.06323398604751809	0.16013523665791157	0.12425997980819221	0.055815122352883634	0.08795048745162737	0.2573103774176231	0.16172107980358352
0.08661019938503933	0.06424262753075025	0.1600905907852566	0.12095729295212992	0.05862930796088957	0.08899452091609046	0.2589416386900318	0.16153382177981188
0.09374560558004623	0.06181785072286018	0.1600737146422387	0.12088525896992565	0.05292049963365886	0.09086274074008602	0.2577589745827654	0.16193535512841875
0.08771118058105687	0.06269332735379116	0.16018173982740908	0.12353493273425417	0.05444140293981663	0.08965479742378046	0.25958301334002254	0.16219960579986883
0.08905720489126147	0.06375762388439526	0.1602374865250385	0.12364031710275677	0.0593094363007661	0.08456602219331856	0.2580145908826767	0.1614173182197864
0.09305811652419593	0.062179224338654235	0.16025701549916907	0.12415301512154835	0.053341862686090855	0.08783990457675916	0.2573901023864039	0.1617807588671783
0.09260150222072586	0.060342208027615404	0.16023474238542262	0.12449917399660147	0.05615521178764428	0.08754018768079416	0.25945385027112855	0.15917312363006747
0.09748949395933015	0.060657716033811426	0.16008670857150617	0.12181019524409231	0.056589080392533034	0.0860884513048506	0.25767042508922244	0.15960792940465365
0.09503576284565146	0.06213663318552036	0.16022850028622365	0.12056144442316853	0.05500037937106976	0.08576012872254206	0.25904394750542525	0.16223320366039873
0.08939239204808695	0.060853310915550185	0.1599956684548458	0.12236492513550291	0.05908391591345609	0.0879826791849724	0.25820189878346195	0.16212520956412346
0.09298165113663373	0.061044752098070185	0.16026112858470615	0.12489086727464815	0.056298989266703764	0.08581248635396016	0.25752218145193373	0.16118794383334395
0.09086773615645108	0.06397035588244658	0.16029230772324551	0.12393747393877329	0.053577485020941826	0.08798891043504346	0.2586580180540431	0.16070771278905494
0.09325482461914869	0.06153990419474714	0.15995827015334357	0.12413247215636594	0.05360321747290196	0.08751874872250917	0.25813745248994024	0.16185511019104315
0.09689397645406853	0.06216005654430912	0.16021460245191063	0.12286224587718775	0.055372145080957474	0.08434039813791369	0.2573995674829173	0.16075700797073533
0.09043003409579621	0.062820807087234	0.15994661224300172	0.12129115450386344	0.0583088860788261	0.08842514777559575	0.25773977908597656	0.16103757912970595
0.09270147105518656	0.05951865722856704	0.16011373820118657	0.12058435204022337	0.059167772198268784	0.08799475393866263	0.2579977553980766	0.16192149993982824
0.09641680682502904	0.0640684469279702	0.1600581391926555	0.12109792145724171	0.05470305416344064	0.08653506131244233	0.25722468647304064	0.15989588364817975
0.08908076705528825	0.06146369132090658	0.16007938000583496	0.12416858838746425	0.056277000879413785	0.0883066909740671	0.2586685122077734	0.16195536916925146
0.09118236508058368	0.06326448545097832	0.16008634488492385	0.1228942905436576	0.05566180966240786	0.0863062658272126	0.2585371244435888	0.1620673141066471
0.08876370233852088	0.05959734114566878	0.1600467694678217	0.12242746507252716	0.057056183236166486	0.09070417305398773	0.25913423788601453	0.16227012779929248
0.09105855961628684	0.06261314744500654	0.1599648957126672	0.12014865631493898	0.057519565700443934	0.08875596545621289	0.25916852805168433	0.16077068170275907
0.09335926621728441	0.06399449380810646	0.15998651576449602	0.12127678302753482	0.055558936284155785	0.08629154000667419	0.2575949883591055	0.1619374765326426
0.08928037681090793	0.06338158682793915	0.16009716723259526	0.12119388635497781	0.05428956324934489	0.09090088912452535	0.2588372045160081	0.16201932588370133
0.0885983805646489	0.059549479633400945	0.16014144885320925	0.12449444314809406	0.05685883102177647	0.08936395039172272	0.2593760882550563	0.16161737813209115
0.09635278949269127	0.06218967291336121	0.16009002291490898	0.12173920957362774	0.055334360650658165	0.08659531286901664	0.25729988764606315	0.1603987439396727
0.09480128087961621	0.060171439495919424	0.1601846231262269	0.12026402110927915	0.05297895337763449	0.09117938270640527	0.25880794013318653	0.1616123591717318
0.09173954622030672	0.06394274392999098	0.1601414637872484	0.12476125397170809	0.05460446108355663	0.0842871609891038	0.258685617136824	0.16183775288126118
0.0921559557751239	0.0624132112142544	0.16028246940227012	0.12447785519501395	0.058415836631866544	0.08445097344810644	0.25764808321653176	0.16015561511683266
0.08841947730378527	0.06331125527017195	0.15995711615208616	0.12502303572117798	0.05512774313127809	0.08889799611973159	0.2581918440757018	0.16107153222606696
0.08629521840995119	0.06332634659917415	0.1600464905178503	0.12428786479925849	0.05834549460679307	0.08837426825046513	0.2573701785585491	0.1619541382579584
0.0969835350716874	0.06371514089604496	0.16017206648564908	0.12028425213090639	0.054365689103705844	0.0845096188131618	0.2586310926958294	0.16133860480301493
0.09231092479187031	0.06422157098126895	0.15995021532437442	0.1229427629994222	0.05499381287227037	0.08704428224587969	0.25797441893207257	0.16056201185284125
0.09288227021320908	0.05992624697572882	0.16011005137115636	0.12144713978743285	0.05741415987500062	0.0893572667495598	0.25768624385987626	0.16117662116803605
0.08647318695350348	0.06296669471300356	0.16009505008930777	0.12107327220858545	0.058773041899243206	0.08962932529434577	0.25903405641421895	0.16195537242779157
0.08911009738954734	0.06416605609055775	0.16012667644461154	0.1217537282666302	0.058034252991148214	0.0869032022363054	0.2586749915928226	0.16123099498837673
0.09555444383398068	0.06088157516912622	0.16022791587010995	0.12123107765309296	0.05365835511289879	0.08990816067460922	0.25770539937599013	0.16083307231019187
0.09622068258847147	0.060405748194143224	0.1602010429545738	0.12400118076578318	0.05553911141220742	0.08550867443368798	0.25883035071791066	0.1592932089332221
0.08961303755651988	0.061407330465825194	0.16015885158639004	0.12289425009910342	0.058768738268866014	0.08948235730696805	0.25824746977164786	0.15942796494467937
0.09417251410822593	0.05989228700066443	0.16014436369212562	0.12210396985796876	0.05857416144751644	0.08725411333884947	0.2577836312658848	0.16007495928876436
0.0945738814024733	0.06141685376496683	0.1601100403794498	0.1208806974856549	0.053229123969196185	0.0893179097093266	0.2589683401310254	0.1615031531579068
0.09098468532133672	0.06256388585064016	0.16013541496171502	0.12018596713320051	0.05965152845640438	0.0878865682108211	0.2590384637894003	0.15955348627648158
0.09003017618717654	0.06194549642927742	0.1602119343585189	0.12277621102397115	0.059343892318960506	0.08695971766596391	0.2582381097459384	0.16049446227019298
0.09047886973270691	0.06140503240043475	0.16032852610343512	0.12157951079312002	0.05992347760635379	0.0874258178263363	0.25926720678078985	0.15959155875682313
0.08939816455517438	0.06307084773803875	0.1599464104759219	0.12099893239871408	0.05807466034996234	0.09001264808410397	0.2580258188771349	0.16047251752094946
0.09285682526413627	0.05979965817292213	0.16009894893011728	0.12204010451015579	0.05601391307708174	0.08895475727357544	0.258408782219523	0.16182701055248816
0.09196391023768552	0.06359078494349493	0.1599842379220233	0.12135736837177807	0.053722998314818415	0.08985892346102507	0.25785861935091353	0.16166315739826095
0.09334356844941848	0.059956413288353105	0.1599854196674408	0.12249807337791252	0.05775719151458193	0.08808490653122449	0.2572829935790331	0.16109143359203537
0.09089235608080945	0.06239851099584126	0.16010491319372017	0.12181582795310306	0.05691295402130801	0.08819764114210576	0.25965905035421605	0.160018746258896
0.08974362403937912	0.06190010193104277	0.16026545996329988	0.12249406673183662	0.05849791059597699	0.08517160821761882	0.2596519085328115	0.16227531998803413
0.09177203933387108	0.06369020090757366	0.16019234015729322	0.12354123279202671	0.05648003749401449	0.08484959904708611	0.25730203084631154	0.16217251942182295
0.09390076443506869	0.06169026333250774	0.16020607180877539	0.12055311248908478	0.05847374224310942	0.0849924241252767	0.2590072054314865	0.16117641613469058
0.09055084256573165	0.06274459809912841	0.1599213040432108	0.12473922997371449	0.0531086272279607	0.08921693026096514	0.25926369577388797	0.16045477205540065
0.08878228805035143	0.06415305581630831	0.16014510641785515	0.1243874254537018	0.05716226103130828	0.08487409800004654	0.25912353961342205	0.16137222561700626
0.0893172972494341	0.06351621618556397	0.16010376159143264	0.12430299797952257	0.05510439791663903	0.08661712705693497	0.25955133969799904	0.16148686232247347
0.08846385583006806	0.06341542373847135	0.16005361368091164	0.12402855299796042	0.05650609924811109	0.08764940626188807	0.25783076288172135	0.16205228536086785
0.09440575946957551	0.060678451768433464	0.1601335224685086	0.12126178441736722	0.05575517345842419	0.08776536115434466	0.2580222489429034	0.1619776983204428
0.09207434806838304	0.06055044674480774	0.16019988561983847	0.12131606464976381	0.05931844957557118	0.08665418046372658	0.25913463354575983	0.16075199133214907
0.09128568324735267	0.061632040160708126	0.16028073502578444	0.12166636521488194	0.05806728664142291	0.08683334736155543	0.25850723841295564	0.16172730393533866
0.08535182724306355	0.06361036727196381	0.1603222920831932	0.1231689109812726	0.058243790728093534	0.09090512577419974	0.2588898850462804	0.15950780087193298
0.08866883954355415	0.06371148910618141	0.16001732657304285	0.12167765527088403	0.05945916694776392	0.08542488604788966	0.25948413798872516	0.1615564985219586
0.09284585891596797	0.06191686823037326	0.1600155781310208	0.12469696021476859	0.05375031687724288	0.08606409563670255	0.25903730097066224	0.1616730210232615
0.09234681107510873	0.06009583842650916	0.160295013178971	0.12197171134931406	0.055609452602791654	0.09030501919488024	0.2574106150082538	0.16196553916417122
0.09522869413745039	0.06013863635922535	0.15998116323595044	0.12324215950776737	0.05397757685338757	0.08681444703141683	0.258367107760377	0.16225021511442483
0.09713544981293298	0.06310170192977091	0.15992758495025564	0.12007465921265724	0.052951907196343836	0.08876851571843088	0.2582540275166362	0.1597861536629721
0.08962888124520044	0.0635452081740878	0.1602414275486946	0.1229708917490526	0.05900513917829664	0.08764061683460671	0.25775036818896424	0.15921746708109677
0.08894414202420008	0.06347835993401219	0.16001276167390144	0.12237470678553582	0.056841339681214104	0.08681341615133584	0.2594734962097862	0.1620617775400141
0.09452450293226147	0.05951344191083262	0.16013745965272866	0.12506910460999507	0.055633956476574764	0.08657114092194669	0.2579580999169452	0.16059229357871535
0.09241098374896191	0.06290964203675761	0.16031400522790895	0.12030275047310049	0.05362138736483432	0.09063315309891218	0.25844764794308006	0.16136043010644424
0.08829442020209925	0.06391574646442413	0.16019799504499124	0.12348239453073748	0.05501492945495878	0.09093931135249665	0.25740786895520446	0.1607473339950878
0.09007658120618822	0.06390275478861702	0.16002079294991206	0.12388224844730546	0.05441203674650312	0.08832014021041555	0.25956487271922146	0.15982057293183688
0.0941710359920488	0.059719154370543565	0.15993966288899406	0.12426045549559389	0.05408583805521819	0.08855448086124273	0.2588243476450257	0.1604450246913328
0.09430972771084993	0.06058069267296105	0.1599853796836428	0.12288926900483986	0.054164982964772526	0.09014233683628808	0.2575101990924542	0.16041741203419135
0.09214293145610403	0.06166322040948341	0.1599824133260912	0.12143396814804519	0.058504465695720834	0.08585892917056984	0.25811991304439186	0.16229415874959346
0.09410818034283022	0.06201596542395775	0.16021001861401557	0.12453553273724224	0.05472782567854556	0.08474870650012824	0.2584641908768004	0.1611895798264798
0.09273367950695166	0.06248469947823737	0.16019589196607825	0.12424599568005903	0.05441961645448527	0.08872129056919228	0.2575523022038205	0.15964652414117533
0.09083138229880985	0.06354531166749999	0.15995177618456977	0.12426592674804206	0.05392527272883982	0.08938994685517773	0.2572062691857366	0.160884114331324
0.09378000701720607	0.061108684001190586	0.1602834012334535	0.12287372948519636	0.05309222187375463	0.08974414921410304	0.2579816487152097	0.16113615845988588
0.09325216080019538	0.06001107186838758	0.1601233138886388	0.12252822606497454	0.05643167109294911	0.0886278854565932	0.2585044529896453	0.1605212178386159
0.08571534870329017	0.06166394995942699	0.1602993930555305	0.12478526071353865	0.05869183683414253	0.08848504926323716	0.2594893689999187	0.16086979247091504
0.08651401758511373	0.06156048652006464	0.1601236361633323	0.12431436171819805	0.058161189845085476	0.08791849985449028	0.25953448282976865	0.1618733254839467
0.08820563260683421	0.061481080130875776	0.1599574267429515	0.12191939814351113	0.05916653384273403	0.0889879365598286	0.2596168981542857	0.16066509381897884
0.09422103774685098	0.06246768721458369	0.16015192851457594	0.12129123691114682	0.05449779898375262	0.08798420213099944	0.2580512924342965	0.1613348160637938
0.09308358759497112	0.06361780485052715	0.15998344180024068	0.12104296223605812	0.056380548954621454	0.08797262003712915	0.2572738445127283	0.16064519001372382
0.09445105724337705	0.06428092006072372	0.16009451425411375	0.12041732264889375	0.055662361918480646	0.08557551285196707	0.25919959377634927	0.16031871724609453
0.09187870903686934	0.06159112227032304	0.1599348907377335	0.12272243428685842	0.054844538019084746	0.09056904580103645	0.25860400846708864	0.15985525138100565
0.09296398365407241	0.060596684599472914	0.16024051442771026	0.12222350749162277	0.05663851474992594	0.09002151607213145	0.25755993240006125	0.15975534660500276
0.09045090209250872	0.06172265685668858	0.16021101872296586	0.12323247285826225	0.05420128079782298	0.09012139016445354	0.2582109472492072	0.16184933125809067
0.09633834214198242	0.06335371555839489	0.15996451641272658	0.12229338896894691	0.05357188536540752	0.08563079291976025	0.25808025840997395	0.1607671002228073
0.09618351512100448	0.060783949866797915	0.1601613408323498	0.1208036820243465	0.054425043912826127	0.08764629708894331	0.2593999558846174	0.16059621526911427
0.10166901209848522	0.05973752572246761	0.16002378859911498	0.1213907009220679	0.05300045075526787	0.08568740948201507	0.25789256863372034	0.16059854378686084
0.09671057226237942	0.06246208320820218	0.15998904319388702	0.12003268139802778	0.05502913969616237	0.08561666840414504	0.25937438243824107	0.16078542939895488
0.09345338596193455	0.06096330809058639	0.1601221365908544	0.12390028744602129	0.05340749645076995	0.08978688811738089	0.2575649442665747	0.16080155307587762
0.09101662480641888	0.06105605713750935	0.16000870473517825	0.1244627423433486	0.05844291050684139	0.08815960318008689	0.25740763917299275	0.15944571811762365
0.09141176105570369	0.059882933064738436	0.15992258968425113	0.12215810393240129	0.0556494982542652	0.09077277463438242	0.2585656428735176	0.16163669650074006
0.0919787291253891	0.06139038482106923	0.16023487604146075	0.12171285888997505	0.05730001142320572	0.08782251564972425	0.259170798340831	0.16038982570834467
0.09680525333930634	0.06087617920690039	0.16012220977781888	0.12287025701784646	0.05321679387742208	0.08675728115009643	0.259308711733114	0.16004331389749527
0.09145485472108307	0.05955219268541534	0.16019424795050716	0.1239529511290194	0.05688097933322532	0.08786486587147015	0.25901140335386785	0.16108850495541155
0.09502219310524017	0.06146722881624847	0.1602641672374403	0.12184023050938485	0.05409725659786939	0.088585658409868	0.2588749265182957	0.15984833880565294
0.09117552537227991	0.06354933528080889	0.16015643280484615	0.1232557842314265	0.05806431940007559	0.08630930281429641	0.25773026060090065	0.1597590394953657
0.09714147410920249	0.05989637142356595	0.160215867043533	0.12044510980893464	0.05818375277622795	0.08475659692597273	0.2572430602801702	0.16211776763239288
0.09479344364590515	0.060028907909003976	0.16022988638371596	0.1225739696732478	0.057933115673775	0.08766167619706766	0.2573997242793835	0.15937927623790066
0.09171198510006365	0.0637779235985103	0.15996488725164743	0.12369763672500035	0.05874628307233755	0.08438425048189019	0.2572600616577846	0.16045697211276574
0.09516094750431811	0.06063729507410476	0.16004111226293838	0.12330110676076297	0.05400541739290765	0.09007700891289547	0.2574277351319905	0.15934937696008195
0.09326693228255037	0.06313384180812784	0.16020308500107733	0.1227343877426404	0.053284795363534115	0.08853717030647529	0.2575166325264565	0.1613231549691379
0.09569153693837082	0.06077736745584143	0.16000018343327385	0.12319513031389967	0.054217300696595555	0.08553963360362242	0.2588516556729822	0.16172719188541385
0.09021209370124943	0.06399750907421932	0.1602611296602045	0.12343071359719908	0.05905682107068537	0.08434809979481868	0.2581440241699311	0.16054960893169234
0.09216041420570559	0.062122399876656006	0.15999541101627154	0.12264536332813618	0.05837101250042405	0.08583496875146604	0.2596090408027458	0.1592613895185946
0.09226823311362906	0.05966521803489058	0.16003016019594135	0.12347258211473598	0.05387187263742281	0.09105549470388617	0.25941656180009015	0.16021987739940372
0.08932956867700766	0.06140461883837654	0.16018335540100798	0.12125259909605823	0.0591825248726847	0.08992144890752785	0.25833085211687246	0.16039503209046438
0.09266432539405953	0.06382373878258563	0.1600627072501846	0.12117844045447007	0.05565334185762773	0.08781698797539167	0.2587388427530973	0.1600616155325833
0.09392350661901439	0.0634875116449329	0.16032327861225176	0.12185029442227899	0.05295217230717503	0.08775737842255377	0.25758251017354655	0.1621233477982464
0.09173488475851488	0.05976230879597828	0.1603258547091378	0.1234151151942541	0.055072481809884596	0.08933371355443787	0.2590653028485317	0.16129033832926054
0.09585850812392713	0.059588975475957096	0.16023326933721138	0.12250182402632831	0.05395000707823233	0.08824561720439356	0.2578485087701905	0.16177328998375945
0.09946049051518716	0.062230054102462073	0.1601473761480865	0.12099334044068585	0.053155580198377766	0.08495103499250542	0.2589558609145656	0.16010626268812944
0.09944834800049626	0.06265223043908569	0.16001762131383632	0.1208520187258934	0.05342155474462504	0.0869843201675915	0.2572912052863535	0.15933270132211808
0.0968678732698643	0.06110938561606502	0.1602283388633654	0.1221399445752569	0.056150785838691625	0.0846190723785247	0.2585014302209123	0.16038316923731954
0.09639198950338033	0.06379269841638946	0.1601113418212134	0.12244069988446576	0.05315682942804474	0.08528932945907494	0.25802973036691434	0.16078738112051677
0.08712907453165218	0.06056783532449865	0.16023827035410676	0.1246681887822463	0.057326305036679945	0.08925851679190144	0.25943768019562446	0.16137412898329007
0.08976767208025949	0.06321715853073927	0.1600515562551577	0.12169472081841201	0.05633935297297442	0.09069017469184475	0.25898663661244037	0.1592527280381718
0.09412945957037064	0.05961815881076536	0.1602587894750776	0.12205864028936649	0.0553369821461423	0.08896776143409409	0.2575395529217607	0.16209065535242267
0.09787533936801611	0.059811338786241744	0.16014586814907644	0.12001405867855769	0.053053224474461896	0.09046835499201983	0.2573237552752413	0.1613080602763848
0.09320479442286071	0.06306462179212988	0.1600545687175285	0.12205034979214277	0.05307490260581128	0.08971913103781251	0.25769342072054896	0.1611382109111652
0.08651395019851708	0.06373182799479583	0.16010769369272088	0.12258197575762719	0.05435406388812988	0.09099827866491521	0.2595108618548817	0.162201347948412
0.09972422073232695	0.06388632039199649	0.16008730493779844	0.12060243856826652	0.05446529500143271	0.08433215616601246	0.25726129306155604	0.15964097114061016
0.09863825451602437	0.059533386035519636	0.159977289569322	0.12147657020526313	0.05408703648565766	0.0854427655291938	0.25959435202640724	0.16125034563261192
0.09227847770932904	0.06228102609054685	0.1599204347759855	0.12471556004886211	0.055219596637109236	0.08785345513470433	0.2583905812548759	0.15934086834858674
0.08576312508429787	0.06397696723762356	0.160054484190983	0.12419637953802393	0.059807378308792014	0.08520193616218602	0.25932802774761937	0.16167170173047407
0.08719171603189547	0.06413668005925652	0.16018243248831907	0.12139301813301495	0.05770046642243311	0.08961256983453224	0.2586180459933364	0.16116507103721206
0.08746210519495508	0.0634951068618865	0.1602346964741667	0.12372623625674424	0.05578038277777443	0.09089975181171575	0.258337544926999	0.16006417569575812
0.09565586209175066	0.0634178930095094	0.15992391720844307	0.12220223112664427	0.0536433694745059	0.08748364315285687	0.2583515217693949	0.15932156216689472
0.09332609317367807	0.06359861830510803	0.16007367149564505	0.12060963719039043	0.05828420489992145	0.0859811184107461	0.2581225734539778	0.16000408307053277
0.09878397460643197	0.06074754963638436	0.16011913554565335	0.12223146417811885	0.053730480742541276	0.0861679578628865	0.25884622270699975	0.15937321472098376
0.09248029315209148	0.06342354963216035	0.1602318536490749	0.12168708506606825	0.05843988369713632	0.08508798368056805	0.25939700178389047	0.15925234933901
0.08886234851802494	0.06354883097749887	0.16011869291577172	0.12512216972072124	0.05586312773549745	0.088754701669295	0.25852820033049523	0.15920192813269535
0.09667858257570316	0.061783221928322044	0.16022448218721883	0.12231125372537333	0.0538208903758169	0.08623028933930467	0.25831939428950745	0.16063188557875338
0.0968561090857425	0.06252446212552076	0.16022129629362122	0.12008087400745568	0.053456150552577936	0.08552613272019602	0.25921040396654504	0.1621245712483406
0.09840763646119637	0.06039397286453557	0.15992594768874233	0.12223113909280463	0.054198043758249465	0.08627061277811784	0.2593826725397204	0.15918997481663316
0.09290037867412074	0.06262975651814748	0.16027096953202685	0.12141109522303455	0.05707942880061842	0.0878724682303916	0.25804493717340726	0.1597909658482529
0.09219319083092758	0.06377196633727808	0.16027873396280318	0.12114113364888336	0.054430905482418745	0.08907636642576677	0.25838811542367734	0.16071958788824472
0.0972912648845942	0.06099966546853093	0.1602012937611586	0.12023923216131001	0.05843640377083026	0.08629070661837442	0.2573622446146083	0.15917918872059306
0.09395019224936682	0.06310684193919797	0.16020906169184046	0.12258334992363244	0.05585021370510718	0.08499820409076503	0.25864732207839625	0.16065481432169362
0.09479397393753947	0.06270148893238955	0.16007651590693525	0.12217444561269249	0.05567225322629818	0.08765376248696162	0.257182531407258	0.1597450284899253
0.09643190938863973	0.06108245798107281	0.16027704303048154	0.12177891890755434	0.055176180137616285	0.08716189891242238	0.258182338296051	0.15990925334616174
0.0912576428095183	0.06263300073815103	0.1601442831854863	0.12464065652792446	0.05839012600694765	0.08492623048324295	0.25768455195851103	0.16032350829021808
0.09370635612206454	0.06102646312502273	0.16019488217265898	0.1220357334321143	0.05307765533827463	0.09090558063031665	0.25775319799361873	0.16130013118592923
0.09228842450400829	0.06116944990714368	0.15994377155955547	0.12417446674606271	0.056100477543722244	0.08608567528684202	0.25879644032136107	0.1614412941313043
0.08859128061226582	0.06271917136347563	0.15995806484976066	0.12012063447387103	0.058356321048973606	0.09040866277088314	0.2575717878582865	0.16227407702248348
0.0957166425082199	0.062168015428842316	0.159973445763004	0.12025386152097181	0.056428959248207164	0.08519535556157184	0.258134522359562	0.1621291976096207
0.08995813314769235	0.06297607748083907	0.16020030251012365	0.12269099387076506	0.05359336666096115	0.08938245378124299	0.2595717149930682	0.16162695755530734
0.09008428236954007	0.0615871829015838	0.16003545053664295	0.12313493621505185	0.05734628194878534	0.0886805802571515	0.2584094582038802	0.16072182756736403
0.0901146369821251	0.06428977321185972	0.15996012848482516	0.1205095874355343	0.05570471918241643	0.08937595964784434	0.25964464839788337	0.16040054665751133
0.09015600644916609	0.0633697663622421	0.15998178478295222	0.12238744767188624	0.0546177772604597	0.09011605297970787	0.25829116847106603	0.16107999602251954
0.08852063913460027	0.06290297249623533	0.15994278971463832	0.12236057637198873	0.05878324141525984	0.08813505491449647	0.2593738952415892	0.1599808307111916
0.09560856734218216	0.06054849133575732	0.16020675052277267	0.121693179680381	0.056629407696178996	0.08661197887323957	0.25935731275848195	0.15934431179100617
0.09300515728823901	0.061125715987102314	0.16015023228959702	0.12449663417826902	0.05322977090684955	0.08912872861073329	0.25784240566800665	0.1610213550712029
0.08531447285747348	0.06414849741397119	0.1600798394328474	0.12273987332762547	0.05886316213071294	0.08981604073443264	0.2579645285622663	0.16107358554067033
0.0854446708825316	0.06270190246344384	0.15994856149200945	0.12474081408145443	0.05857717908256814	0.08940383867960525	0.2577522834865118	0.16143074983187528
0.08666087816279568	0.062411769557517885	0.16007132207763858	0.12239770673231529	0.059898391550172264	0.0900440545597383	0.25820564529928214	0.16031023206053968
0.09968104008996026	0.059585584101889036	0.1600512526649998	0.12173356562496643	0.05307480025932185	0.08691600886908163	0.2571703304353612	0.1617874179544196
0.09320435412649558	0.06098865557746343	0.16016869068096787	0.12248770224290201	0.05608079106421411	0.08814027969259364	0.25927485217730084	0.1596546744380623
0.09366807784265345	0.06008706788384288	0.16007325384664242	0.12008762648730711	0.05887586271018448	0.08799477060205205	0.25791558923164964	0.16129775139566777
0.09748772660019986	0.06130296354012525	0.1602650243837263	0.12002628171758434	0.0573672342089348	0.0859489074082655	0.2574282582753461	0.16017360386581755
0.09845051656121243	0.06088169521761749	0.16012758172185196	0.12397671066721008	0.052916462352740654	0.08652228809863707	0.2576740441936567	0.15945070118707344
0.09457427176527161	0.06035217044294039	0.15998829013381194	0.12249613481736754	0.05632598116487485	0.0883601763366821	0.2585209307414864	0.15938204459756494
0.09184129891398053	0.06350115853074649	0.1602600962730868	0.12457878328568944	0.05522414755296072	0.08663307041203241	0.2581106476149624	0.159850797416541
0.09451039901396546	0.060892634329233336	0.16032085455169237	0.12070688871969831	0.059469708907629024	0.08603766459275264	0.25837890465684804	0.1596829452281806
0.09288608552007521	0.06108140157407778	0.1602076368950049	0.1206994125175928	0.0594182923041849	0.08603443502771509	0.2590031606805535	0.16066957548079566
0.0861757158945797	0.062024744600069	0.16003240758418275	0.12187478226145222	0.05977062435479717	0.09043800392191415	0.2594637198254569	0.16022000155754784
0.08802265101332722	0.0620131357590515	0.15992298138598365	0.12490138616850965	0.05880656402419157	0.08877474699694039	0.25766667480814964	0.15989185984384616
0.09608252493978856	0.06350367414430019	0.16027931827037012	0.12092736091983701	0.05317403131382707	0.08711675993796868	0.2589107704062356	0.16000556006767255
0.09304704785048276	0.06428071018226682	0.16027785928986013	0.12191893332990715	0.053790465212342486	0.08907339192296101	0.2577669780187827	0.1598446141933967
0.09830920276786125	0.06040686764027332	0.16027931617520333	0.12252349097910177	0.05299032711172505	0.08571817848188008	0.25893046507279577	0.16084215177115926
0.09767518408300355	0.06160833666048872	0.15993998866990483	0.12177305638594231	0.05308988252342109	0.08457055949629266	0.2591791261243028	0.16216386605664385
0.09450029993303423	0.06106129225489283	0.15996285296502796	0.12221173828097878	0.05694129826136349	0.0854996929117841	0.25774874143313464	0.16207408395978376
0.09010717064566422	0.06211758685939246	0.16018319069857262	0.12068778365520753	0.05913646411290524	0.08796357012169866	0.2578451142000422	0.16195911970651689
0.09257384469600878	0.06337236653040917	0.16025011948853815	0.12000407553213537	0.0559093126957903	0.08762695422871156	0.2589036291523204	0.1613596976760861
0.09455118382668039	0.06345518332634639	0.1599289643831845	0.12003167579012174	0.05584408336506334	0.08688696831696449	0.25821710891682004	0.16108483207481894
0.09564194608360557	0.0606517445287358	0.16028511442312948	0.12059599549909258	0.05422963568107213	0.09032137728827977	0.2571918180043914	0.16108236849169305
0.09396929672216563	0.06123720728817433	0.16010192089938166	0.12414924330177428	0.05599560477724112	0.08633673747778053	0.25813483232563494	0.16007515720784726
0.09790821335168123	0.06078313296248547	0.16016420321211294	0.12125106848657069	0.05537684731738572	0.08518539857046048	0.2580146438438469	0.1613164922554563
0.09169700827026891	0.06040035389585631	0.16012456644957315	0.12096686110934873	0.05871987060314618	0.08728007880480804	0.2594640970333022	0.1613471638336963
0.09271891362562046	0.061404598487713125	0.15997051857731603	0.12148323064080613	0.05607651184450367	0.08937937905386342	0.2573197434516642	0.1616471043185127
0.08719485315065206	0.06218726346061548	0.16022212531052776	0.12374470469397589	0.059748730290065694	0.08807309670131713	0.25882937504035086	0.15999985135249484
0.08952542389211465	0.06381307431655367	0.16027792920847836	0.11997120740797562	0.05834111824541459	0.08987406961543432	0.257178920323447	0.16101825699058153
0.09246126920830691	0.05978637485648089	0.16031797127372968	0.12070317014057462	0.057388881595023394	0.0905463790676931	0.2596032888067097	0.1591926650514815
0.09628944293000918	0.06039239610300194	0.16007114820011098	0.12041539019746109	0.057221064972704294	0.08820452377282804	0.2578019143576261	0.15960411946625808
0.09051459552117222	0.06179402277287756	0.16004835247152516	0.12173619208985995	0.05525141515093071	0.09034533480697804	0.2582085840065642	0.1621015031800919
0.09599828273581121	0.06204614352459552	0.1600171834421797	0.12047004604858876	0.053993393123485195	0.08987669600191747	0.2578340923861493	0.15976416273727262
0.09600554847954366	0.0639505473972859	0.1599683493478455	0.12051197316466687	0.053950708395622674	0.08621246427992704	0.25965350710361185	0.15974690183149626
0.08852208743048756	0.061065989793900585	0.1602792565136099	0.12316030500703783	0.05580847991208407	0.0910203206395864	0.2590973771253108	0.16104618357798262
0.09065088624624526	0.06295328070865844	0.16012432844117627	0.12429468860973238	0.05374884729963515	0.08855289231880847	0.2589033052842506	0.1607717710914932
0.09178428983836401	0.06146189294831168	0.16027309904837025	0.12512293648397405	0.055528409053094085	0.08764176855047746	0.2587912957478573	0.15939630832955098
