0.24172690015321951	0.2067546171184372	0.10345612974054294	0.2757044351774858	0.1723579178103143
0.24154212880905798	0.2068463110372847	0.10317146954229711	0.27609967293211446	0.1723404176792455
0.2415305929707629	0.20662445417961436	0.10353656179351911	0.27585540321909774	0.17245298783700566
0.2414177065573655	0.20668560865040514	0.10341688174044808	0.27607660360797737	0.17240319944380367
0.2413573970238264	0.20686511096775284	0.10329029569301298	0.2761221080491786	0.17236508826622896
0.24157063417036648	0.2068214763518756	0.10341938057558613	0.27585551523011315	0.17233299367205843
0.24144782930620015	0.20699256437066477	0.10330939937057533	0.2757150414105068	0.17253516554205273
0.2414285345314679	0.20707181724910448	0.10322957522356366	0.2759465084917419	0.1723235645041218
0.24141920896999813	0.20702050737600353	0.10318663878190663	0.27588251927707547	0.172491125595016
0.24173470015253376	0.2065914742521302	0.10343010106413994	0.2758047467396766	0.17243897779151923
0.24160868523111179	0.20657822110561358	0.10336465278645438	0.27610464697277887	0.17234379390404114
0.24163374222043807	0.20654363410207266	0.10322437185684731	0.27606711775056003	0.17253113407008164
0.24149895051910633	0.20676219926224712	0.10351098935841453	0.27573542571503395	0.17249243514519783
0.24156950058700022	0.20665351757756376	0.10338704341018398	0.27594419252044494	0.17244574590480688
0.241365001173805	0.20707027077375578	0.10330114219714938	0.27586096779222974	0.17240261806305987
0.24153358118533583	0.20700592458283204	0.10315502960570322	0.27597313706821947	0.17233232755790923
0.2414500900600406	0.20694367756610327	0.10334883295202864	0.2757879652513937	0.1724694341704336
0.24139677922649694	0.20683087108734952	0.10346971513222389	0.27580429749897795	0.1724983370549515
0.2414644961678767	0.2071360330256193	0.1033685148604204	0.27570175992232915	0.17232919602375418
0.2414104462299217	0.20678472067501275	0.10351407933622604	0.2759762300138942	0.17231452374494508
0.24159994870952295	0.2066505282548116	0.10338347632488026	0.275906954014898	0.17245909269588694
0.24149753896507095	0.20672210658744417	0.10336901998860767	0.2759654454974821	0.17244588896139487
0.24152824681180166	0.20677611887696912	0.10322510637764631	0.276111633768866	0.1723588941647167
0.24166650652275123	0.2066415151832082	0.10335888639822872	0.2757930626145506	0.172540029281261
0.24140020828936795	0.2069173748569368	0.10355594365937483	0.2758043981269152	0.172322075067405
0.24153969869039812	0.20676625920986877	0.10334799434062363	0.27588843614143604	0.1724576116176732
0.24148663110665303	0.20697806757876616	0.1031571846349521	0.27601056875914315	0.1723675479204853
0.24165322584532956	0.20682234843530609	0.10316171622223658	0.27604797240049633	0.17231473709663117
0.24166022338837984	0.2065944047912971	0.10321989973163986	0.276057901569852	0.17246757051883096
0.24157925307809355	0.20672241032502534	0.10322158679372166	0.2759794507958764	0.1724972990072828
0.2415478113390462	0.20694142076618263	0.10339876682409721	0.27576495015979796	0.17234705091087574
0.24140782444824588	0.2069272502964873	0.103381012627882	0.27585324689169716	0.1724306657356874
0.24167068806172393	0.20663733615566465	0.10333265510110427	0.2759499779835418	0.17240934269796507
0.24143520338020363	0.2065408483860957	0.10351179103127245	0.276034001159855	0.172478156042573
0.24155701076760713	0.20693343203646333	0.1032259098648408	0.2758173158895357	0.1724663314415528
0.24173925189862294	0.20673805332233733	0.10331958820001233	0.27580060625401737	0.1724025003250098
0.2415265146229851	0.20692108870999737	0.10334113464964766	0.2758765803660425	0.1723346816513271
0.24167501431241606	0.20655326814248756	0.10345478100045029	0.2758964909790962	0.17242044556554964
0.24167255297527257	0.2068316908334903	0.10318270973327984	0.27595759649486373	0.17235544996309332
0.2414769470138643	0.2069571423083021	0.10333129284861527	0.2757118609590101	0.17252275687020796
0.2413712375542232	0.2070405100559511	0.10328279304775664	0.27587125252301503	0.17243420681905378
0.24142702812287956	0.20670536400984885	0.10339108362760972	0.27593157016038605	0.17254495407927556
0.24152629414901253	0.20684934116367268	0.10327031096395903	0.2758756199607076	0.17247843376264788
0.24165947274241778	0.20686156571158792	0.10337107335137266	0.27575927082198026	0.17234861737264115
0.24145878177463664	0.20706361064958342	0.10324768619486044	0.2757623071043737	0.17246761427654556
0.2416489468321963	0.20680169487015435	0.10318553549788416	0.27589662943699444	0.17246719336277044
0.2415869568276356	0.2065722455017132	0.10336797332997934	0.2759990196210213	0.17247380471965032
0.24146724313218074	0.20659196609450578	0.10347487844497713	0.276062699550874	0.17240321277746212
0.24173378705053294	0.20670767656381214	0.10336150465660739	0.2757532938858422	0.1724437378432051
0.24175574815613252	0.2065896635049277	0.10332904581650666	0.2758921836961816	0.17243335882625122
0.24171284566573964	0.20666025689795608	0.10321043884335739	0.27592397817050973	0.17249248042243687
0.24148181296367716	0.20688642903302512	0.10353787383754062	0.2757452273098624	0.17234865685589446
0.2415286260958353	0.20685247481942945	0.10331525911770721	0.2759636365430757	0.1723400034239521
0.24148440407212213	0.2068187800477985	0.10325269928530906	0.27598582797124904	0.17245828862352103
0.24165209044716107	0.2066496440887534	0.10341107428884244	0.2758115935375039	0.17247559763773895
0.2415869864211887	0.2068442365016412	0.10320472468617224	0.27604627580197494	0.17231777658902273
0.24143285349513904	0.20664010107300967	0.10347929746592768	0.2759448668473289	0.17250288111859446
0.2416843234519048	0.2068833009617765	0.1032840736560458	0.27572722510044845	0.1724210768298242
0.2414131791133721	0.2068655200272143	0.10326387424543687	0.2760674498348341	0.17238997677914233
0.24166507688517516	0.20662656066311663	0.10335937369294021	0.27591307838311824	0.17243591037564954
0.2414736151637808	0.2068180070800446	0.10342109083681024	0.2757941042106161	0.17249318270874803
0.24160148458500297	0.20670448130764293	0.1032319730185716	0.27594382842768356	0.17251823266109872
0.24138328688397803	0.2067849584405234	0.10322336209362015	0.27610709715851683	0.17250129542336132
0.24150164254336054	0.20673334272190463	0.10336594857669194	0.2760890088313394	0.1723100573267032
0.2415120855890308	0.20677484626986836	0.10350579865737691	0.27587612872051925	0.1723311407632044
0.2413991976123982	0.20694216265514295	0.10343638627532464	0.27573918778244744	0.17248306567468652
0.24163215466299331	0.20690020933354103	0.10336062440118224	0.27570483766822834	0.1724021739340548
0.24173420645220794	0.206669946360836	0.10320393342094432	0.27593774046974867	0.17245417329626284
0.2414117904138995	0.20678932095871885	0.10340240023106297	0.27607430716054926	0.17232218123576917
0.24154573087591658	0.20690757563949877	0.1034013192743562	0.275765358975387	0.17238001523484123
0.241456700347587	0.2066143376629892	0.10341879274762357	0.2760313249290334	0.17247884431276655
0.24151720932814774	0.2068103385875764	0.10320553427168606	0.27608407956118936	0.1723828382514002
0.2416207886536676	0.20662006566021143	0.10337582321193126	0.2760000603627044	0.17238326211148502
0.24151273145174565	0.20661608053145633	0.1034114002262242	0.27592947755794167	0.1725303102326319
0.2415412498164917	0.206995290211449	0.10329285110622871	0.2757073833598626	0.1724632255059677
0.24154032100014633	0.2066355706567238	0.10339516489084966	0.2759381720943564	0.1724907713579236
0.24139328992673384	0.20678416608065667	0.10334480216014598	0.27594267651602916	0.17253506531643414
0.24171316518855895	0.20660466588284793	0.103344587558913	0.27582161368467684	0.17251596768500302
0.2415798240545734	0.20669239846913937	0.10325648414372661	0.27592273349760665	0.17254855983495374
0.24156779568019993	0.20708451679435214	0.10323748982793997	0.2757817279861119	0.17232846971139587
0.24153973364354103	0.20692558274660636	0.10344967725426424	0.275746983696649	0.1723380226589391
0.2413860448142307	0.20704875629442104	0.10333252005509573	0.2757099298765886	0.1725227489596637
0.24139550996995837	0.20682832324211048	0.10353634631670439	0.27580341287462673	0.17243640759659978
0.24149610628123713	0.20705560948482896	0.10325010026376337	0.2757992751836346	0.17239890878653572
0.2414472226441842	0.2068255790108009	0.10343237767124214	0.27576127850814414	0.17253354216562838
0.24154001272795705	0.20683999883128903	0.10335303806561935	0.27572220444328543	0.17254474593184888
0.24157517113671606	0.2066166155826342	0.10335802626142156	0.2760686262050499	0.172381560814178
0.24135894960027166	0.20708772592955524	0.10337270021670572	0.2757561518243247	0.17242447242914244
0.24141149443310012	0.20678453890595472	0.10320315442782879	0.27611005500899183	0.1724907572241243
0.24137599669320992	0.20704938854893085	0.10324544215181751	0.2758510061726073	0.17247816643343414
0.2415398702360778	0.20676783269194088	0.10325885819739541	0.27600270592212406	0.17243073295246159
0.24145373887536759	0.2070594176765836	0.10324459808440233	0.27588363465752824	0.17235861070611802
0.24138408167910075	0.20686085403216428	0.10348258656846646	0.27590561830812377	0.17236685941214455
0.24169920400666145	0.2066584545096387	0.10324262395746735	0.2760187171658087	0.1723810003604235
0.24141617260083453	0.2070046393206328	0.10328870294779532	0.275893373316877	0.17239711181386008
0.24142696895151433	0.20671717281967297	0.10338313567396051	0.27599175919645386	0.17248096335839805
0.24159555382592748	0.2067705303845283	0.10339525148701631	0.27580723889602443	0.1724314254065032
0.2414134343967194	0.20704308484313128	0.10320680859207505	0.27597823766596163	0.1723584345021124
0.24169093161397387	0.2067641426321909	0.10322382003731644	0.27594042174071726	0.17238068397580128
0.24173275276915157	0.2068569364448474	0.10321181868867786	0.2757079956815052	0.17249049641581765
0.24142114607692616	0.20689442747478498	0.10351178783622711	0.27582120474879257	0.17235143386326893
0.2414189190536028	0.20687975968496053	0.10336461499038785	0.27597241083022633	0.1723642954408222
0.24142309185134744	0.2068167571115439	0.10322798651630427	0.27601589234575075	0.17251627217505333
0.2416577865817855	0.20665961261661817	0.10326510883325557	0.27602402400171944	0.17239346796662108
0.2415401298220424	0.20659718714426334	0.10338040011595623	0.2760456529429867	0.1724366299747511
0.24166688562087135	0.206609538181353	0.10320654756033432	0.27601990951233446	0.17249711912510668
0.24169052471455132	0.20655152857894016	0.1032502391765997	0.2760456515814167	0.17246205594849184
0.2416072574206314	0.20658477518361204	0.10350792548732451	0.275878686674296	0.17242135523413576
0.24170300695598385	0.20708093333460223	0.10315413330839025	0.2757090545525013	0.1723528718485221
0.24142669119357968	0.20678010004508027	0.103532738116687	0.2758230578085049	0.17243741283614786
0.24171698036247258	0.20682091411782097	0.10317281930564938	0.27576326637692916	0.17252601983712768
0.24157518361228406	0.20656102601085924	0.10343309633291557	0.27606184301302733	0.17236885103091354
0.24161878131298642	0.20681833318119977	0.10317552653574322	0.2758520647783293	0.17253529419174105
0.24160041316203207	0.2067826287662479	0.10352502591232607	0.27576806205268123	0.1723238701067125
0.2415960384274904	0.20668888635865315	0.10338865191350757	0.27587053270821393	0.1724558905921347
0.2414898245574091	0.2066083868832422	0.10355962612051017	0.2758287804366686	0.17251338200216967
0.2416253800591145	0.2067230118490006	0.10324056323220113	0.2759242296631976	0.1724868151964859
0.24168630002354788	0.20656252481757018	0.10318378277652933	0.27609067530521636	0.17247671707713597
0.2415207145343638	0.20702361499430383	0.10316100443404687	0.2757601503468591	0.1725345156904262
0.24139774122220267	0.20692778773284104	0.10335525395376373	0.27580267134006486	0.17251654575112746
0.2415109336083327	0.20685553695475303	0.10350309169610461	0.27572644232480403	0.17240399541600543
0.24146250269432162	0.20691182684003678	0.1031801693868076	0.2760398724406131	0.17240562863822062
0.24151634174856335	0.2071443435897665	0.10318291221946749	0.27576691627196437	0.17238948617023805
0.2416434210299152	0.20683872239553466	0.10325169984427894	0.2757443265119091	0.17252183021836187
0.24154666209366205	0.20667287943410648	0.10339613231413301	0.276022046648147	0.17236227950995123
0.24139329534615467	0.2068960212796435	0.10342684012717229	0.2758526522371935	0.17243119100983578
0.24151216867380515	0.20658248447894628	0.10352703749447562	0.27601117659965657	0.17236713275311616
0.24146420655048112	0.2070120784035246	0.10322858444658252	0.27587095866089767	0.17242417193851384
0.2413910921121995	0.20705670364066217	0.10348936404312817	0.27570636420101335	0.17235647600299656
0.2415868027646318	0.20673208390466938	0.1032842300072645	0.2758919484966032	0.17250493482683088
0.24157557254529172	0.2067232870468063	0.10338341344993435	0.27592100185821333	0.17239672509975407
0.24155707265243492	0.2067456264165779	0.1034262969834136	0.2759441879549276	0.1723268159926457
0.24138415676906327	0.20710690032169943	0.10348507938124221	0.27570813364236024	0.17231572988563454
0.24162917062968078	0.20673324491874803	0.10331725809102361	0.27600611240917855	0.17231421395136878
0.24174901102863744	0.20669996445427713	0.1031809778623603	0.2759037246504616	0.1724663220042633
0.2415550736666876	0.2068248958339739	0.10353878881586179	0.2757588425875584	0.17232239909591812
0.24168238004431541	0.20670041180274676	0.10327418127589592	0.2758465227290578	0.17249650414798387
0.24137727433028847	0.2066665940868777	0.10345684982535887	0.27612357185920366	0.17237570989827103
0.24148369592526822	0.20657835796680946	0.10345274028330134	0.2759444208078078	0.17254078501681294
0.24140188937929208	0.20699966520813198	0.10318806823309891	0.27601862843116465	0.17239174874831217
0.24152767209918702	0.20656321855310636	0.10336331955858195	0.276116660644774	0.1724291291443504
0.24142559764758179	0.20698460741808924	0.10353541103242152	0.275730059191585	0.17232432471032225
0.24151927652448213	0.20673882603083504	0.1032411273902734	0.2760781526716387	0.17242261738277043
0.2415589344204413	0.2068588469223305	0.10332649456386402	0.27571169346677626	0.17254403062658769
0.24158066827939342	0.20681072033501496	0.10330069643979721	0.2759867812696647	0.17232113367612947
0.2414173835258855	0.2070305023821511	0.10324300763455785	0.27588051172416594	0.1724285947332394
0.24170271872654372	0.2069804993470752	0.10315771380682257	0.27576964835763285	0.17238941976192546
0.24145300231256758	0.2069668206767203	0.10316290166285445	0.2758795930018268	0.17253768234603065
0.24173101282286258	0.20695121634739957	0.10318141713374883	0.2758149936530071	0.17232136004298165
0.24154649140305062	0.20691145691851542	0.10335766778171308	0.27584085660005886	0.17234352729666175
0.24145438273136122	0.20677553579761074	0.10328125516980918	0.27606434090076554	0.17242448540045305
0.2413910962397333	0.20683964962034915	0.10337222160005466	0.27604974449761294	0.17234728804224972
0.24153861243501434	0.20682462142982244	0.10346432975725794	0.2758379651396613	0.17233447123824375
0.24171384094948734	0.20697078354210857	0.10320301882725041	0.2756998811975937	0.1724124754835597
0.24171493209847103	0.20686868403250652	0.10320123973685225	0.27573967002971655	0.17247547410245342
0.2416320882812368	0.20679373604028345	0.10329523797759678	0.2758239808097296	0.17245495689115317
0.24148863928801476	0.20668024203889326	0.10353334569858853	0.2758116891027438	0.1724860838717594
0.24144648625158738	0.20665619647972863	0.10347043918459763	0.2759014159793267	0.17252546210475936
0.24148322724971072	0.20667267267393702	0.10347004904009349	0.2758321101320923	0.17254194090416625
0.24161123917143792	0.20685962046368916	0.10321881099812802	0.2759273121215877	0.17238301724515695
0.24162407442623857	0.20663978181439208	0.10334937081613564	0.27598161481068206	0.17240515813255142
0.2414433836252389	0.2069682768276493	0.10319572323836114	0.27601401710744644	0.172378599201304
0.24143217355167415	0.20670990074652718	0.10349329928896828	0.2760002910296278	0.17236433538320237
0.24137611767458353	0.20680756530950045	0.10334070012888938	0.2760870537321358	0.1723885631548906
0.24143359031462916	0.20703344244866856	0.10343552931627287	0.27578338729988405	0.17231405062054514
0.24142599761007744	0.20692835588682781	0.10327359000950014	0.2758664749272447	0.17250558156634963
0.24143912736693768	0.2068797599920576	0.10330876522271161	0.27597865985456654	0.1723936875637263
0.24163259720390518	0.2068288427964494	0.10340787714160073	0.2758012862312998	0.17232939662674462
0.24167215448677876	0.20666236839601132	0.10346144710719608	0.2757479378059006	0.17245609220411298
0.2414140173296151	0.207108629835516	0.10327848287006383	0.27579405657008416	0.17240481339472064
0.2417288917501536	0.2067364929295088	0.10323809659181497	0.2758069104874141	0.17248960824110826
0.2415965860588533	0.2068826660890608	0.10342773826221287	0.2757353989690318	0.17235761062084096
0.24145443627380533	0.20688238360827524	0.10354604690368754	0.2757017643385641	0.17241536887566752
0.24136222827675846	0.20677839562898334	0.10330740973906095	0.2760116963836394	0.17254026997155758
0.2414125452244574	0.20687495361444128	0.10349897076637249	0.2758533731092706	0.17236015728545795
0.24161217539930502	0.20657700310350863	0.10354421746961247	0.2758320619973762	0.17243454203019742
0.2415128463606619	0.2066515101885174	0.10347656894618744	0.27602939039187135	0.17232968411276167
0.24138472663129992	0.20677489694554366	0.10342369988935615	0.27601476273015807	0.17240191380364195
0.24153954902133773	0.20683190575247162	0.10332141464955305	0.27580203070406073	0.1725050998725766
0.24153468793478566	0.20663715030860763	0.10332557300903569	0.27605631869086433	0.1724462700567064
0.24173212894103083	0.20663343407132329	0.10326628548325584	0.2760406874827617	0.1723274640216281
0.24172600359714536	0.20673015370847056	0.10327982455622987	0.2757540205788981	0.17250999755925592
0.2413888174059055	0.2067880439469264	0.10345900694186193	0.27583969928651497	0.17252443241879095
0.2415499439627119	0.20692663170728123	0.10321677543123596	0.27593593470093514	0.1723707141978355
0.24150922094160354	0.20696466900919785	0.10320692408722885	0.2759729394789559	0.1723462464830136
0.2417099962425232	0.20666652616625572	0.10332216883064092	0.2759660797390613	0.17233522902151863
0.24173124695969433	0.20660014779011962	0.10317159866159809	0.276067396232856	0.1724296103557318
0.24139655927248355	0.20686185913215951	0.10333840012113743	0.27589982109820477	0.17250336037601444
0.2413556937930095	0.20697744772470697	0.10349448698393351	0.27569879807455067	0.17247357342379904
0.2414630244304559	0.20678787964131937	0.10354229411198898	0.2758581575724566	0.1723486442437789
0.2416830935567724	0.20669001032317588	0.10344796500958384	0.27584144127933197	0.17233748983113567
0.24162822591222316	0.206607130963902	0.10324827412219108	0.27601689571843346	0.17249947328325002
0.24166057948914604	0.20689906989453988	0.10316790671566298	0.2758590883673478	0.17241335553330306
0.24145133822738804	0.20682908654625834	0.10322355694268201	0.2760600601623616	0.17243595812130977
0.2413635466107984	0.20670638927406915	0.10348103066421802	0.2760363198606075	0.17241271359030674
0.24147820948314602	0.20680629423694596	0.10324562148589037	0.27604519587375154	0.17242467892026586
0.24153548021030674	0.2067235898370226	0.10349368489460942	0.2757664132353544	0.17248083182270663
0.2415343288006541	0.20673304045372598	0.10337402769622464	0.27599853618499814	0.17236006686439692
0.24160204756103687	0.20670031105962527	0.10334458300421559	0.2758315871089942	0.17252147126612785
0.24155271016044638	0.20654656746792602	0.1033881615528798	0.2760841657142162	0.1724283951045314
0.24167355400460205	0.20676940951945236	0.10344217406761375	0.27573914151191553	0.17237572089641606
0.24146613168003156	0.206715358846221	0.10328489475051195	0.2760886927685325	0.17244492195470273
0.241668153339544	0.2065801518005745	0.1033535745651717	0.2759300417492159	0.1724680785454936
0.2415115363634169	0.20678140035051965	0.10339768564184806	0.2759855206586281	0.17232385698558708
0.2413807190923078	0.2068994397064254	0.10354256919618485	0.2758604097174537	0.172316862287628
0.24161692104809615	0.20659989796592126	0.10331615607133122	0.27598093736026824	0.17248608755438286
0.24144310421262458	0.2069819339068076	0.1032489694877805	0.2758666347292825	0.17245935766350454
0.24169593367466713	0.20667241994825034	0.1032198405189467	0.27607861212309537	0.1723331937350402
0.24170744594261515	0.20666242626428039	0.10327625084255183	0.27596205513051814	0.17239182182003424
0.2416954652908519	0.20664258716458322	0.10337142704680127	0.27582054889089425	0.1724699716068691
0.24137187814782646	0.2067464731401181	0.10356244823209093	0.2758692394763678	0.17244996100359644
0.2415524706842312	0.20700893568811676	0.10329488494870741	0.27581297811913597	0.17233073055980844
0.24152296457054664	0.2067508049783861	0.10349884925979351	0.27589599598672593	0.1723313852045476
0.24137813363660718	0.2066946432805203	0.10346825027610071	0.2760419762344328	0.17241699657233875
0.24139799967714326	0.20670964234008352	0.10341046022717389	0.27610687904209674	0.1723750187135023
0.24146643732034032	0.20672874533856972	0.10328455812959522	0.2760746638410556	0.1724455953704389
0.24148857496756782	0.20659271816058017	0.1035655221297968	0.2759287420031383	0.1724244427389166
0.24138014328530288	0.20688322181584703	0.10342933881380784	0.2758112496520564	0.17249604643298558
0.24142420989389501	0.20707544634690225	0.10323242021214045	0.2758454288049097	0.1724224947421523
0.24135583793773932	0.2071248145838322	0.10323740174426267	0.2757977323295953	0.17248421340457026
0.24148738245120305	0.20672929616888713	0.1034072472697883	0.27591667513800744	0.17245939897211382
0.24161034421904082	0.2069999646858996	0.10319006250194798	0.2758898104171909	0.17230981817592045
0.2416421695824346	0.2065868617253225	0.10342198668021811	0.2760345360435499	0.17231444596847462
0.24137511054316976	0.20714931083927865	0.10332704597159541	0.27581309825591194	0.172335434390044
0.2417472407487307	0.2066674165761415	0.10327847650033205	0.2758060749599394	0.1725007912148561
0.2416687846442954	0.20677222290938302	0.10344416360876757	0.2756965162448546	0.1724183125926992
0.24165083230836282	0.20679294473104212	0.10316596816239057	0.27602541570879435	0.17236483908940992
0.24159529240111413	0.20687393334494894	0.10344612933415828	0.2757405228048038	0.17234412211497457
0.24138822374835273	0.20708865182871214	0.10346458832261421	0.2757395259350432	0.17231901016527745
0.2416397954772992	0.20657514874689648	0.10353513622838267	0.2758388289254611	0.1724110906219603
0.24138776747009832	0.2068568030979012	0.10356561247093433	0.2758251588165254	0.1723646581445405
0.24153854162201027	0.20665398731148105	0.10352091528738114	0.27576123343049097	0.17252532234863638
0.241446618683894	0.2065546279490029	0.10355693164379111	0.27606646164029497	0.1723753600830168
0.24155724971128062	0.2068601220485724	0.10319657473596215	0.2758955901284563	0.17249046337572824
0.24143040205610222	0.2067018602203413	0.10333997206920056	0.2760892877987656	0.1724384778555901
0.24149203199679026	0.20695746099561768	0.10347089453293126	0.27574028681754675	0.17233932565711382
0.24139568198581796	0.20695108615463673	0.10356578669818339	0.27575021655549137	0.1723372286058703
0.24139012774713178	0.20679977513261055	0.10344258054869769	0.27595352088391256	0.17241399568764715
0.24154376407416667	0.2067846804051436	0.1035085994321799	0.27569841524966465	0.1724645408388449
0.24137373592272632	0.20693324425778936	0.1034338128966339	0.27573921493205555	0.1725199919907946
0.24163130306698394	0.20683093456122287	0.10333013967495512	0.2757633298448071	0.17244429285203075
0.24148883031384544	0.20685232400576356	0.10321654123461073	0.2760982633950322	0.1723440410507478
0.24171200086739358	0.20688214964965188	0.10317886883432638	0.2757398040855005	0.17248717656312743
0.24138375939510093	0.20705820407451966	0.10326718149618969	0.2758460063014123	0.17244484873277713
0.2413981384328016	0.20676284058653477	0.10338158645586121	0.2760604914774841	0.17239694304731806
0.24149599994553778	0.20698049665257198	0.10320160368676748	0.275819674801501	0.17250222491362152
0.24145748199726122	0.2068029452737098	0.10345067896322437	0.2758386940864775	0.1724501996793269
0.24171164947436574	0.20679822819214588	0.10328260982367252	0.27577432825053294	0.17243318425928264
0.24156098394318934	0.20691584004166738	0.10330005402027395	0.2757153054585882	0.17250781653628092
0.24156630029632836	0.20667496886691591	0.103438114460197	0.2758468599991058	0.17247375637745269
0.24155754592267298	0.20658330976892472	0.10326012602606352	0.2761190820018764	0.1724799362804621
0.24143192362451923	0.20692046065956468	0.1034113953000883	0.27577052123275264	0.1724656991830749
0.24136899233114847	0.2070814573621565	0.10320354172369967	0.27588136821208886	0.17246464037090622
0.24150550065055482	0.20672324921594723	0.10350682503526788	0.2757873994016036	0.17247702569662623
0.2415943231669801	0.2066827667161248	0.10335629430842348	0.2758721825904997	0.17249443321797164
0.2414354289839098	0.2069171072720128	0.10338762674844153	0.27577100965480505	0.1724888273408306
0.24141914784033097	0.2068658791211484	0.10329515985373744	0.2759144289465678	0.17250538423821515
0.24139762296611716	0.20683366439368228	0.1033267530023196	0.27590311028333475	0.17253884935454597
0.24163517306985943	0.20677911521461212	0.10350127676694323	0.27576413769644337	0.1723202972521416
0.24163293439088068	0.2068730632446387	0.10333597631325085	0.27576463849388533	0.1723933875573442
0.24170782298892446	0.20668573844546434	0.10336615155900601	0.27580123155671243	0.17243905544989252
0.2415779455857053	0.20661993845733917	0.10336811835180927	0.27588703175534823	0.17254696584979776
0.24163027470969728	0.20655885789537395	0.10322161478734863	0.27606810544552746	0.17252114716205244
0.2414990527042607	0.2067335867262641	0.1034094676619513	0.27594803302302284	0.17240985988450078
0.24156295835400673	0.20667090326817072	0.10337541838505108	0.27589333068067323	0.17249738931209796
0.24152062640284855	0.20697540280674004	0.10330372069263069	0.2758843242385089	0.17231592585927158
0.24152684647620085	0.2065790507234433	0.10356453195454565	0.2758307975553326	0.17249877329047744
0.24145182525506748	0.20701353598246655	0.10317077398173505	0.2758558119094333	0.17250805287129736
0.24158892205412266	0.20690046663987133	0.10322026136992848	0.2757426367023077	0.17254771323376955
0.2415872649910118	0.20666053471914328	0.10335374458521439	0.27603554322225166	0.17236291248237862
0.24156175118472856	0.20697570208298524	0.10322507958547343	0.27573251360353696	0.17250495354327558
0.24171451151794968	0.2066343863633712	0.1035235301578171	0.27578938343889314	0.17233818852196858
0.2413983759802405	0.206678080256344	0.10351977908565298	0.27599066428019864	0.17241310039756366
0.24143918893019922	0.20660944037894696	0.10343787628242702	0.27600690835380576	0.17250658605462077
0.2414117981532523	0.20679635675258903	0.10337249194100534	0.2759081639292075	0.17251118922394565
0.2413751727619885	0.20700988311060428	0.10332856594628335	0.27596088873300395	0.17232548944811965
0.24164663516320045	0.2068081834677696	0.1032176698628207	0.2758190815742173	0.17250842993199172
0.24143474686305907	0.2067371532265354	0.10348851205141044	0.27581485645888093	0.1725247314001139
0.241609539356876	0.20665586618391923	0.10344065275171797	0.2757516141581536	0.172542327549333
0.24140387001932695	0.20702325380904138	0.10341779012799163	0.27580998571450444	0.1723451003291353
0.2416902717556988	0.20680828293397505	0.10335263671060024	0.2757101962367352	0.17243861236299043
0.24175712115722442	0.20668973413140965	0.10320935064216503	0.27584268767047404	0.17250110639872662
0.24148341432104475	0.206746309832454	0.10344663851948283	0.27591985586407825	0.17240378146293991
0.2416006712820277	0.20679533033973227	0.10342182595702025	0.27580987653904054	0.17237229588217898
0.2417085694120783	0.2065535669159771	0.10328035966040144	0.2760061374199322	0.17245136659161076
0.24154534003156025	0.20681808135112456	0.10332551832588438	0.27599312528807496	0.17231793500335557
0.24161849229710636	0.20695159810577018	0.10315303569391686	0.27573498465690455	0.17254188924630182
0.2416610085459267	0.20654487141393127	0.10329882694847571	0.2759955319042404	0.17249976118742566
0.24158094048062403	0.20673526580298465	0.10323607335042918	0.27610166357769056	0.17234605678827133
0.24160664537740778	0.20669476004710255	0.10326724190532423	0.2758845242262669	0.17254682844389826
0.2413561444006673	0.20703366648142194	0.10315599920182131	0.2760023964371877	0.17245179347890152
0.2413754104478894	0.20673544550053397	0.10351773800222983	0.2759731221548592	0.1723982838944874
0.2414916844933504	0.20672501034719584	0.10317084984042772	0.2760993148056175	0.17251314051340833
0.24162602540015046	0.2067711232096512	0.10326151858620847	0.27603029829107545	0.1723110345129142
0.2417511317382321	0.20661543135843397	0.1033392550264631	0.27592816769806794	0.17236601417880265
0.24139773986098995	0.20687602721013296	0.10341584964830228	0.2760011729077717	0.17230921037280286
0.24136475084429337	0.2069942858492599	0.1032981958688493	0.2759139172278765	0.17242885020972065
0.2414037551940506	0.20675450850019042	0.10355242863566502	0.27575944434581523	0.1725298633242785
0.2414001163202459	0.20710111876621567	0.10335860559155406	0.2757922666061683	0.17234789271581583
0.24157668259954673	0.20669547922841566	0.10322838987975892	0.2760832142526331	0.17241623403964532
0.24164746596053804	0.20664508514038435	0.10345585297086259	0.2758176508625426	0.17243394506567217
0.24168297803840924	0.20677002178674087	0.10328854081128402	0.27582388223196547	0.17243457713160015
0.2416041971154057	0.2068078205676446	0.10321087785637144	0.2759373772666716	0.1724397271939064
0.24136840096827195	0.20694874317501952	0.10328307526409054	0.27608663253944077	0.17231314805317702
0.24158194858445356	0.20684760004260508	0.1034924835345492	0.27576945489971144	0.17230851293868044
0.24141404769705455	0.20683933234298876	0.10331985256572546	0.2759560675699439	0.1724706998242871
0.2415135793391086	0.2066506927099174	0.10338357232971213	0.2760744849145175	0.17237767070674406
0.24139884174404336	0.20684131401907857	0.10326951124472233	0.276040301899462	0.1724500310926935
0.24146583490906331	0.2065503811235159	0.10346015244902558	0.2759965345656916	0.1725270969527033
0.24174943544149322	0.20682892771948141	0.10318595022789243	0.27574287301908784	0.17249281359204482
0.24142043978055325	0.20673388339598214	0.10350380653521299	0.2758823526986292	0.17245951758962216
0.241695827332657	0.20664318278811972	0.10323380524080188	0.27594709302743786	0.1724800916109833
0.2417506268744889	0.20656384122930824	0.10348833907772022	0.27572476238222	0.17247243043626242
0.2415118713467163	0.20657437333626044	0.10346407934230624	0.27596027668469403	0.17248939929002277
0.24158638560780893	0.20681467832178513	0.10323919300996831	0.2758828649134344	0.17247687814700305
0.24151362204750493	0.20677550501416542	0.10347883657570411	0.2758403541622714	0.1723916822003539
0.2415444341459887	0.20688846456754517	0.10330049358883346	0.27576342354401157	0.17250318415362084
0.24136199248100032	0.2067804191411425	0.10337488515812548	0.27603918373917047	0.17244351948056097
0.24142740681084388	0.20669225809112265	0.10351662240899936	0.2760183464760423	0.1723453662129915
0.241638042661197	0.20671618687789772	0.10337084711917668	0.27588482564620415	0.17239009769552416
0.24171420578427147	0.20662353133802627	0.10323769352403452	0.2759833540721838	0.17244121528148373
0.24154291959440036	0.20689962035567655	0.1032205743235287	0.27591610039324577	0.17242078533314842
0.2415442631767703	0.20655889503306502	0.10349355044405692	0.2760143377052251	0.17238895364088241
0.24150686747765948	0.20693676192896857	0.10342539677776647	0.27579305740022253	0.1723379164153827
0.24138559593110853	0.20697167912767328	0.1032691866029881	0.27588870197606286	0.17248483636216697
0.2417468560139201	0.2065599058558411	0.10347831183719233	0.275899717281433	0.17231520901161324
0.24173122189470053	0.2066726682115051	0.10347131965766881	0.27576269794262753	0.17236209229349778
0.24161594165627076	0.20684752555420197	0.10326306580329112	0.2758992955790381	0.17237417140719782
0.2414852494766126	0.20669404076077044	0.10350906092497121	0.2758513006451473	0.1724603481924982
0.24159815091682588	0.20676392754951864	0.10324525921939115	0.2760377348088023	0.17235492750546183
0.24155484453227996	0.20669666101788922	0.10348480675190375	0.27577574066289867	0.17248794703502818
0.24138217284204272	0.20658697614480093	0.10346033616752955	0.27612082844362545	0.17244968640200112
0.24141703530433706	0.20666592815926157	0.1033019339823007	0.2761170313094391	0.17249807124466132
0.241715688112505	0.20687899535975227	0.10328838754268306	0.2757408468830242	0.17237608210203523
0.24167862957037622	0.20698105055984117	0.10321785403291055	0.2758015099827078	0.17232095585416402
0.24149076039025466	0.20681528506443841	0.10328052492130448	0.27590897772015066	0.17250445190385155
0.24139774690245996	0.2067201477038002	0.1034585085057718	0.2760543850125891	0.17236921187537868
0.24173982484078302	0.20664730713769358	0.10315534302128362	0.27594929809462104	0.1725082269056185
0.24149545035829473	0.20674502639712025	0.1033313499097386	0.2760787800355132	0.17234939329933296
0.24137594358364012	0.20694918008886415	0.10328797639352749	0.27603015549156434	0.17235674444240368
0.24173590866464686	0.20664468556891813	0.10340554941816121	0.2758816086106453	0.17233224773762823
0.2417457158546719	0.20667467819898921	0.10316317226245178	0.27599329478368184	0.172423138900205
0.24148390105548298	0.20678996635468366	0.1031550706243853	0.27605754276970085	0.17251351919574695
0.24137689990961275	0.20708131930912418	0.1033370495677596	0.2757006982274978	0.17250403298600536
0.2414100075929381	0.2068443061776881	0.10348949017236293	0.2758393243887026	0.17241687166830805
0.24163247304383156	0.2067963652070904	0.10317270456560587	0.27591223402655907	0.17248622315691287
0.24136435220419789	0.20695029988568642	0.10332107218824575	0.2759426264875305	0.17242164923433925
0.24142296244530023	0.20687547307025986	0.10332313977270473	0.27584574682404484	0.1725326778876901
0.24144475351211458	0.2069247399244284	0.1033316658551698	0.2758517129701814	0.1724471277381056
0.24156319253890485	0.20694970022540457	0.10318870367994618	0.27581136879500334	0.17248703476074084
0.24156744810456227	0.20691797248915103	0.10316920600758939	0.27589471202018373	0.17245066137851334
0.24138594611988518	0.20700918803522714	0.10336738704955843	0.2757642195691625	0.1724732592261665
0.24163251192311797	0.20665636059844816	0.10343253887604735	0.275940612204148	0.17233797639823828
0.24153315217165672	0.20705567167783737	0.10323553604122454	0.2757226914915305	0.1724529486177506
0.24165736857721984	0.2065414198794833	0.10328506424530286	0.27604087015301115	0.17247527714498265
0.24166606616065667	0.20680765579582389	0.10325495703018461	0.2757698592365878	0.17250146177674683
0.24135957600614444	0.20664993516241728	0.10351212315663566	0.27593680308604135	0.17254156258876102
0.24150529806276066	0.20693902097850553	0.10320664261391786	0.27588539857461586	0.17246363977019985
0.24174554939861304	0.20673261541677795	0.10316216071808106	0.2759559764135404	0.17240369805298725
0.24155120545847192	0.20659080438297742	0.10350921001578094	0.27589865410560305	0.17245012603716642
0.2415273913565719	0.20713097867495653	0.103153116704342	0.27583359933212104	0.17235491393200833
0.2415689332333022	0.2068908418179385	0.10316287241726922	0.27586711610689946	0.1725102364245904
0.2414729318820405	0.20693306075628742	0.10324825234427812	0.27587313919227113	0.17247261582512255
0.24175147609576209	0.2066764762297958	0.10324738882800961	0.2759996435531907	0.1723250152932416
0.24136550610839658	0.20705489651927952	0.10350097907678371	0.2757024449821367	0.17237617331340327
0.24143150888811282	0.20682433074565207	0.10339733375109114	0.2760048269912374	0.1723419996239063
0.24140191206891734	0.20693989729415502	0.10319878235983772	0.2759341804420957	0.17252522783499397
0.24166800560475588	0.20669886241401794	0.10333116204118895	0.2758135781307181	0.17248839180931885
0.24140865931355565	0.2067132800349531	0.10351404987513273	0.27603035006464993	0.17233366071170836
0.24143003355672082	0.2066947930643877	0.10350078847082815	0.27592178374678006	0.172452601161283
0.24155825168179032	0.2069170370865343	0.1034691664732304	0.2756973287538518	0.1723582160045929
0.2415153828874439	0.20678582784934976	0.10327486270390143	0.27606138837085187	0.1723625381884528
0.24168745130563574	0.20676775173086717	0.10319982097796311	0.276027773026118	0.17231720295941574
0.24144799443103546	0.20690208841522836	0.10315654190088379	0.27602980394639104	0.17246357130646112
0.2415203521307421	0.20665336373547538	0.10331419370862993	0.27599879410595385	0.17251329631919848
0.24154882692065094	0.2067737870459072	0.1034377074282501	0.27588393611504747	0.17235574249014407
0.2415259039440411	0.20675607012773234	0.10350258293426283	0.2758140162365147	0.17240142675744877
0.241690150098793	0.20661305168962887	0.10347795464421643	0.2757632288262043	0.17245561474115717
0.24147367687758206	0.20668118702398028	0.10338739708705695	0.27605441183973856	0.17240332717164192
0.24149114713706227	0.20701344916564574	0.10334812040384725	0.27577085907930066	0.1723764242141439
0.24149291521835126	0.20695387603537607	0.1032171450865485	0.27593790717350314	0.1723981564862208
0.2413789793239395	0.20691725792399418	0.10317780876599214	0.2759965178324827	0.1725294361535912
0.24170753808670853	0.20679010200958708	0.10323167793835944	0.275814148996285	0.1724565329690597
0.24168553544371713	0.20659578685958696	0.10330409296126611	0.27604718342768186	0.1723674013077477
0.24155003395789454	0.20676502711153735	0.10345973429206289	0.2758396162712074	0.17238558836729756
0.24151165812573466	0.20672565619566366	0.10349054413519866	0.2758078826517372	0.17246425889166556
0.24139295637468716	0.20676223897455961	0.10337621711428492	0.27595744458934457	0.17251114294712352
0.24140132205311376	0.2067553642329197	0.10351391904432825	0.27601421151187633	0.17231518315776165
0.2415950234319039	0.20680902686538422	0.10318779942718427	0.27590139880472647	0.17250675147080094
0.2414684567720557	0.20666272693148172	0.1035529844477231	0.2758955075092846	0.17242032433945464
0.24173536175978622	0.20700719698318745	0.10320914237793782	0.27570158697114155	0.1723467119079467
0.2416118782636281	0.20695903049560524	0.10333223513714272	0.275727657176436	0.1723691989271877
0.24159624431588164	0.20669343732280152	0.10346592186237617	0.27587208167624794	0.17237231482269247
0.24146954590588146	0.20690213572559757	0.10319902690341685	0.2759376899409377	0.17249160152416612
0.2415667372253611	0.20688751007192074	0.10331641031947779	0.27582665960865715	0.17240268277458298
0.24145350833811777	0.20691919684323398	0.10325309969876512	0.2760017859278555	0.1723724091920274
0.24151668673234783	0.20684067447981175	0.10324790300504214	0.27592980557740066	0.17246493020539738
0.24158396507164775	0.20701074911634867	0.10332495180182254	0.27574657972364397	0.1723337542865368
0.24160505921509423	0.20671969097861254	0.10322527841993662	0.2759059630844174	0.17254400830193897
0.24140319713507397	0.20680794698986274	0.10319432508958284	0.2761236008009093	0.17247092998457086
0.24142614364764048	0.20700320812026676	0.10333760115540172	0.27578141597698885	0.17245163109970194
0.24152321949320138	0.20698145643365676	0.10322663137652055	0.27575387671888396	0.17251481597773713
0.24139558427092472	0.20700038372812102	0.10341469602141487	0.2757181832070774	0.17247115277246172
0.24147874102201022	0.2066112246402087	0.10345646434075932	0.2759413582468765	0.17251221175014503
0.2414496676573088	0.2067768847175451	0.10316830240390144	0.27609931168785373	0.1725058335333906
0.2415455189502267	0.20655784669260074	0.10353171973142075	0.2759138607501744	0.1724510538755772
