0.14611889337267245	0.04688489679171745	0.20976463097977122	0.14196224110474098	0.03785088049716075	0.10406905594509629	0.19839745880471116	0.11495194250412949
0.1909179499859667	0.03545808249340486	0.1910506886603957	0.11846841841526246	0.03543027856391255	0.0923959519543645	0.21322734297185925	0.12305128695483376
0.20324922209348245	0.042278879680592754	0.1876970501985034	0.1387409272661937	0.04300503018187862	0.06586386279537368	0.205830702858479	0.1133343249254962
0.16852619456943324	0.048187075230525095	0.19597111990098195	0.1444746290639076	0.03474026430885313	0.08283027302830648	0.21160098344056577	0.11366946045742649
0.19922011822198515	0.04950740809512129	0.18803863915252517	0.1296417287244193	0.03836543910791397	0.07022011796646999	0.2081493467576545	0.1168572019739104
0.20478675283961334	0.04134274085228404	0.18788915223082622	0.13060619319612157	0.03951135060666369	0.07444501498327119	0.20721128836754799	0.11420750692367168
0.1727684899783857	0.04120911861816874	0.21081798921462624	0.13466703794432566	0.03590698401150308	0.0801528448230005	0.20414301687634798	0.12033451853364183
0.2321330541486056	0.03637582364938882	0.19502119643791227	0.130247482322231	0.03917057303106411	0.07656923468731605	0.19301747135956002	0.0974651643639219
0.1874605239833713	0.04885243956920064	0.1986848795359123	0.12338109295037675	0.037495395720541155	0.10485631815997129	0.18658161388476707	0.11268773619585926
0.18536187920896668	0.034496362627954996	0.20456386993365508	0.13687337396547422	0.03788859085445841	0.0934044733888735	0.20283951439801953	0.10457193562259741
0.15158568919814813	0.052641670187042175	0.2071043546141879	0.14205357451131023	0.03447950969852147	0.09146488766512889	0.20428216682095773	0.11638814730470323
0.1725261152731639	0.03210433900611964	0.20211214224821042	0.13583880820167693	0.030408022142229457	0.09850322733689452	0.2028076585606665	0.12569968723103842
0.16651987244849686	0.05088576498837269	0.21129141977995097	0.12672686761034038	0.03234636148324613	0.08714707096780094	0.19801930165583848	0.12706334106595332
0.1818992561360653	0.047444019378394084	0.19665201227402201	0.1346237103330391	0.0462820374824061	0.09324354828303263	0.18965337950657735	0.11020203660646316
0.2455413639743627	0.035367523270701	0.18494549822893933	0.12231125420776058	0.031623838509814775	0.08177350801567151	0.18469762267069095	0.11373939112205886
0.17296069884468118	0.04666195461282052	0.19199472377397564	0.14506747098493677	0.0392712936427409	0.09117508535737778	0.20549272844094751	0.10737604434251946
0.22284128250473545	0.050470099540058974	0.18790170561913408	0.14032333827700605	0.033617628419510756	0.06588193806579815	0.19194407200704677	0.10701993556670958
0.25646409606903914	0.03372507850784548	0.18596949258886475	0.12263566302504066	0.03005846590665015	0.08513690889615916	0.1914445175676145	0.09456577743878591
0.20715440414319244	0.03331376639564004	0.19248981896411538	0.13455902214017357	0.04580281574580071	0.07156030776026596	0.20240601924232265	0.11271384560848904
0.2406398939611584	0.03632854826376676	0.18511199451171123	0.1221192321324656	0.03031477360415466	0.08097591914239893	0.1984104840650474	0.10609915431929673
0.17973728850129386	0.045835551479559686	0.19459393058529995	0.14125733703575102	0.04489939050928153	0.08582026204132229	0.20559513051362893	0.10226110933386251
0.22911741972600708	0.04012262109568486	0.19001305029658372	0.11864930714541669	0.029342860789234648	0.09971399942951259	0.18543539134032985	0.10760535017723032
0.18779562866679708	0.04174149341447139	0.19802736651001668	0.12870295952554364	0.04517626936120696	0.08701315633776163	0.21582344421457722	0.0957196819696251
0.1997897517394882	0.04150401345143222	0.19444875002322864	0.1242355418941609	0.046282399328409274	0.08261799112876192	0.18727527306561245	0.12384627936890613
0.1522763874978371	0.045735986872854004	0.20647029284033647	0.13930982897835162	0.04666708420470077	0.10236218026983371	0.20556793685492017	0.10161030248116587
0.21227148175023536	0.03373171979604091	0.19753641758237778	0.14133794655554288	0.04132576502451858	0.07415027727293762	0.19380294438979306	0.10584344762855355
0.16027884012330623	0.05299033418106931	0.21155210119020157	0.1316686871261712	0.03951580706090929	0.10140427649479108	0.18723696346262778	0.11535299036092328
0.1684356448182291	0.035350915528113314	0.2118682694292063	0.13854648008236167	0.04631987289591512	0.10607300267785558	0.19878380562857706	0.09462200893974154
0.1720884428042238	0.04096991145650246	0.20965088115714736	0.1453748854183512	0.03487842913807984	0.07462678304872439	0.1979746153108291	0.12443605166614165
0.18530460982623648	0.037409619256679905	0.2007327675899895	0.1297587720455304	0.03535723140503824	0.086084585483602	0.20819924347055904	0.11715317092236414
0.15088447021547854	0.04512042136613294	0.18756081376195632	0.132538410371476	0.04719888577800731	0.09877650113940133	0.21443321351856615	0.12348728384898115
0.2253833912170934	0.036903251704396234	0.20575376336376525	0.12125608767539588	0.033511369064507135	0.07679363696564559	0.19336451552823652	0.10703398448095972
0.18544300602269392	0.039732575964289515	0.20291705880421945	0.1438595846114434	0.032648335513555615	0.07580061468123524	0.1979293000794787	0.12166952432308391
0.1465982361154827	0.0488281001949792	0.20862746016545947	0.1438761594939409	0.04716085804980803	0.08313119960829612	0.19549779611222168	0.12628019025981174
0.2201241322899399	0.04926966540245542	0.19115784852149656	0.13020608151077503	0.0363540603817199	0.0654107872383172	0.2103752931053247	0.09710213154997104
0.16957924050090548	0.03454229856360923	0.20726267935323714	0.146361324812016	0.04678672930714854	0.08914579671287803	0.2072462395740775	0.09907569117612786
0.17345039604081233	0.03860081061110955	0.21214688029395917	0.1365530475917947	0.04064019083973419	0.08414453069097959	0.20250878027915722	0.11195536365245297
0.19343582745850837	0.043613278067046984	0.18469364033021501	0.14091127177137228	0.0461955976054752	0.0748995032985598	0.19550669958452893	0.12074418188429323
0.2233081981023244	0.03969769779543829	0.19221831419341412	0.12558199909926407	0.03246739723711613	0.09184022844203464	0.19051778651565565	0.10436837861475234
0.20671277929458082	0.05181648567741698	0.19698782061160452	0.12975679846437907	0.03042114582051461	0.08900436926315453	0.19755763015211053	0.09774297071623869
0.23125961867961894	0.03224288466739879	0.19248195282522337	0.1345253635680421	0.03854403641539719	0.06858475578504264	0.19687785054349327	0.1054835375157834
0.16098539262529377	0.044898550960198735	0.20154785760284005	0.1468887848630828	0.045968576997501884	0.0982743311492943	0.192181091743025	0.10925541405876318
0.213576540455695	0.03907222732922895	0.18807427705369528	0.14087562256003563	0.03740061117096982	0.09947785499028411	0.1865565059451743	0.09496636049491666
0.21532837563997298	0.036064312969927445	0.19172533279991222	0.1328031130401619	0.04577460927330017	0.07968726063841959	0.19660293510998064	0.10201406052832486
0.18998840404716708	0.0467639918144898	0.197529007930112	0.12002906297118925	0.0422294082619519	0.08289238874222302	0.21183030998945154	0.10873742624341518
0.1534803707656254	0.05282558520046718	0.19187330353049464	0.13305489504578077	0.0454805012954899	0.09106620725333651	0.21074907298249362	0.12147006392631172
0.16505326092231498	0.04479470702155629	0.20151688120406744	0.145000603266037	0.041672628507370996	0.09175606756253718	0.21579618709185094	0.09440966442426492
0.2061635537448572	0.043923150803784464	0.19489953212334393	0.12222133145506994	0.029718350150679015	0.09216309384592745	0.19673650766515072	0.11417448021118701
0.17149884401213134	0.03715947429284186	0.2113081154639206	0.14480363414215708	0.04069274818656579	0.07885819399835883	0.20463475141042137	0.11104423849360288
0.22397914097831229	0.04523935733645551	0.19551126289479004	0.11971404757817018	0.03858085869445803	0.06512635221952703	0.2134182439398246	0.09843073635846206
0.17731031797468783	0.05242676863968124	0.19587998062820153	0.1171598919264244	0.03739625845662774	0.0889777662717595	0.21387001491687913	0.1169790011857384
0.16579051379826412	0.03219820097354842	0.2124372682897107	0.1373200812769228	0.03527912979678602	0.10654010863701478	0.19754974142862022	0.11288495579913267
0.19601531042129142	0.04542471494642972	0.18945819603136277	0.11851309384310911	0.04194860261581554	0.08550896577136001	0.20349687824733664	0.11963423812329456
0.23470948064529634	0.03149114038053506	0.19596766744115574	0.12362892179604845	0.034524637134629305	0.07031836360770671	0.18760699647345536	0.12175279252117276
0.19452358931843766	0.04336221080457697	0.20503242785667297	0.14505453411912414	0.0378134570867463	0.09005421922956051	0.18983998350258863	0.09431957808229258
0.21285692141278656	0.035853385390110376	0.18857203318990387	0.130234644732122	0.030974364648432534	0.08072550036903064	0.20460537395866715	0.11617777629894666
0.16288084082239893	0.04922638162629599	0.20323258252333865	0.12208761998264944	0.039844818654515696	0.09694180419144988	0.20692121115832257	0.11886474104102861
0.16880715561789064	0.03839809474219588	0.20904228535145541	0.13749444023271928	0.04317423870840156	0.09623376436825619	0.19007094955355264	0.11677907142552821
0.20366247116771935	0.050946467573385515	0.19699004313234586	0.12345544209480283	0.033050833630931156	0.07733458005580254	0.20151105633728908	0.11304910600772347
0.1735676347576883	0.04034339887233017	0.21054474918783067	0.13457278836837164	0.04282164732777159	0.10274820546197254	0.18935850330912168	0.10604307271491317
0.167829170213818	0.04990877059586861	0.20490526093338574	0.11835443043778533	0.04597127495617588	0.10672158578386468	0.18671840173091975	0.11959110534818174
0.1805906041773104	0.045341388497916524	0.19923208277311186	0.13503173881368208	0.03424870431649413	0.09773744261288266	0.18951455452448834	0.11830348428411375
0.20366757487012527	0.036952382374117534	0.21057069289385866	0.14758704131282854	0.03474344108937753	0.06748003955938575	0.18869700382717325	0.11030182407313321
0.20748037386753931	0.04296449039983642	0.19053859664989256	0.1328888076974235	0.045209472204672516	0.08053047755992032	0.1981363638826787	0.10225141773803642
0.17041879821587724	0.05059780281934176	0.19609931057677019	0.13448449740821664	0.0356397738681733	0.0870632431576685	0.19975574270664392	0.1259408312473082
0.14532601517988997	0.04996672476754428	0.20706132681043615	0.14778303609109378	0.031060161450483723	0.10302544082878452	0.2128800874422782	0.10289720742948907
0.1660940095109286	0.03731088020348612	0.20173994031494996	0.14522900101790875	0.041461057827412065	0.0784453307247301	0.20268465911012729	0.1270351212904569
0.1937584753453377	0.04040575039364838	0.1871902167654574	0.14037861503134624	0.03193850612681884	0.09316754350609505	0.19322633675302095	0.11993455607827518
0.19290745845334434	0.03955327226867204	0.20171546911691285	0.1403829430602131	0.03629639973352576	0.07828163394285231	0.20175047596745077	0.10911234745702855
0.1865294438015651	0.035238381970465776	0.20521495175666057	0.1341994789528566	0.04473570871159259	0.0731618009112585	0.20515403005734417	0.11576620383825643
0.22557638379010625	0.04082337799411502	0.21008664851843056	0.12855255318566497	0.03950164155475604	0.07308125645012382	0.1848299340301201	0.09754820447668296
0.20311318613600543	0.03946357759759038	0.20703539282015182	0.13351845027150594	0.04792255205492785	0.0849437310061417	0.18728535963709947	0.09671775047657713
0.2144593476576462	0.050908769870479986	0.20883517037580318	0.12492090015794437	0.03426804536481448	0.071575782937503	0.19033916250169042	0.10469282113411812
0.20721121070056306	0.032869167947921565	0.18962681229332562	0.12599218604194237	0.03737780642023496	0.09997349853429893	0.20223833133483102	0.10471098672688223
0.20316929954242052	0.03932226846949213	0.2111126217706462	0.13707937646630422	0.03526935201922993	0.07669086967500403	0.1903584274186383	0.10699778463826443
0.17414930918813284	0.036393783491859275	0.20279111379111578	0.14603816420509017	0.03743770558701476	0.08613997779473728	0.2163455630339854	0.10070438290806426
0.20391316395378792	0.03317566558817918	0.20895065280299907	0.11776269449075469	0.04049122520947476	0.09168988244920154	0.20414709885916463	0.09986961664643798
0.18524201424496478	0.047900144049038584	0.18484719732113475	0.14069970121879782	0.04508849395231729	0.0708435457520122	0.21033037498084267	0.11504852848089171
0.24780406017307824	0.04499819450199359	0.1870299687759751	0.1313627171573327	0.032049151317023766	0.06754743541842666	0.19043884953295176	0.09876962312321794
0.16731107543846496	0.04995379731988317	0.19973579091118496	0.14729296908041561	0.04747690837291961	0.0884974555141759	0.1991181880005552	0.1006138153624004
0.19586579096969586	0.03206726024040796	0.19800995029431662	0.14587488005507923	0.03667244012790728	0.1033903677492121	0.18741833011019624	0.10070098045318439
0.20490327535150815	0.04268188746376918	0.18967744100351952	0.12292290563604089	0.04507753551154685	0.1026837934693674	0.1920466203612764	0.10000654120297138
0.16740829767980636	0.04038632430352079	0.20179707235140926	0.13089463124608985	0.03954332787261555	0.08771752200218996	0.21101206304401568	0.12124076150035223
0.20259331609810055	0.03200542935032556	0.2016215076745223	0.14352890320163542	0.0382109826897908	0.07122967539406844	0.21179113415033274	0.09901905144122394
0.17855980153039272	0.03687838384719892	0.18561409543400914	0.13515788058424758	0.04500545468204602	0.09551610675254303	0.2034028173505663	0.11986545981899603
0.2079571180431707	0.0331261884279756	0.20279415200296674	0.11831731577613268	0.032559026569786514	0.09603428892896171	0.20291300203147022	0.10629890821953555
0.17961503387593825	0.0444972225803221	0.1887885366048091	0.13832021182005277	0.03643797725834477	0.0815994807586552	0.2096794085188714	0.12106212858300618
0.2071902834293275	0.03791896187197685	0.19698641305966558	0.1454429338127294	0.029225653639323182	0.08630819384576202	0.195201273444856	0.10172628689635921
0.17417265823056569	0.04256946968197456	0.21243254063249684	0.1182740728981799	0.036529971241966885	0.0925597099657529	0.21425101047815087	0.10921056687091213
0.2129660114543242	0.05334723052565031	0.18492632398538622	0.1300729303197612	0.03187292364207776	0.08990767648114878	0.19635515075017085	0.10055175284148048
0.2089167064522044	0.04158862859081704	0.19035435816176632	0.1338232766648532	0.03309683343736612	0.07829916268637165	0.1962464925752289	0.11767454143139217
0.17411280415276445	0.041064406926362984	0.19796560902667704	0.12466110460260842	0.037130030193346444	0.09367829536592068	0.20397627303740687	0.12741147669491287
0.20628534719551525	0.04526598785270261	0.20363530535227653	0.1281790481404699	0.034980602873065675	0.07236176467238437	0.21141096911102697	0.09788097480255846
0.18355523292369622	0.048052929007973394	0.1853354720175176	0.1405838282601066	0.045358911077267444	0.09926436567436692	0.19463827593683908	0.10321098510223253
0.20012866239462845	0.046212239369813446	0.1880669504367975	0.13438094740429446	0.03974765220188457	0.06693614561652945	0.20942040583993982	0.11510699673611205
0.20724370010386092	0.04169369258389738	0.2000175672452276	0.13453785470357282	0.0417914867411687	0.08674916259689737	0.19107047474981204	0.09689606127556295
0.19877241348338445	0.03332865579312794	0.20145078999615618	0.13931220131366243	0.03422787967960478	0.08487016593039409	0.20966181800915418	0.09837607579451577
0.19705134533990393	0.03802066900621606	0.192237415889294	0.13537838302197763	0.03735261428837103	0.08945990888415842	0.19393126726376236	0.11656839630631635
0.1405695300289531	0.04550463969790365	0.20882011455620877	0.14384302929044385	0.04496023857631179	0.0952962345927178	0.21044906996316798	0.1105571432942928
0.18757507372173665	0.032704195650896925	0.18769164131006572	0.13201981978068686	0.04550071564042897	0.08987770102888037	0.20691223568392592	0.11771861718337831
0.15878309298886756	0.051167293890957435	0.1991945246083301	0.13987040338877846	0.04627643815936987	0.09945356133760072	0.2086048918180088	0.09664979380808685
0.2330579162046434	0.03628786262499638	0.19173418028001993	0.12685893778403415	0.039320346777467804	0.07661228374953685	0.18948240175095446	0.10664607082834679
0.16487675885987105	0.048600093043171616	0.1919354021785234	0.14334604717396182	0.03878643712616857	0.09201343399966867	0.21499300317742098	0.10544882444121363
0.18831241380354552	0.05147494933679478	0.18666221800563165	0.12245949794655224	0.036242967235500634	0.0982697110014263	0.20433150599671515	0.11224673667383352
0.2099130191749165	0.04220063846577954	0.20582271667742558	0.12728560007266856	0.03490054541917724	0.0776136259643324	0.1851700110818269	0.11709384314387297
0.17598357416586188	0.03611938843930773	0.2033663615136609	0.12970980480340846	0.044708725999351134	0.10479182285514738	0.21057387588141	0.09474644634185234
0.22874247485965324	0.0315786254712381	0.19993431892233865	0.12873070586734014	0.03486785159829783	0.08670970224840324	0.18976769610154087	0.09966862493118762
0.1623614382525094	0.034648249934902314	0.20587966922420745	0.1444214207999289	0.04320544744347045	0.0968977875086279	0.20588221190441428	0.10670377493193908
0.19364771572090198	0.043909576234764366	0.1924989578360329	0.1412016029105485	0.04203136489581401	0.07470504917068521	0.18651809157644741	0.12548764165480542
0.19395171304122266	0.039159642822407026	0.1918710632098728	0.12365329566786525	0.04726728435463266	0.08284679912168985	0.20022133408810322	0.1210288676942063
0.18105654423118492	0.049025855137753996	0.189665135574979	0.13257093752540702	0.047907554475729475	0.07521480241615347	0.19711724969654848	0.12744192094224338
0.2242215260065303	0.044022743480227375	0.19322910542208077	0.1373694636873564	0.043371760983249366	0.07510890144149504	0.18868257129203186	0.09399392768702859
0.20939668432468067	0.03792393919275827	0.20607198189093848	0.12195113657994655	0.03539913221845345	0.08573008073839625	0.1902028897293899	0.11332415532543613
0.20681685050163776	0.046216606590960205	0.19339514725572454	0.11715413044195605	0.03633256864903986	0.08542582193123267	0.19688923602151484	0.11776963860793382
0.1752874052308378	0.04491777192640106	0.2032018295018549	0.13998785603283836	0.03423453319396118	0.09561331939346304	0.20383888055435637	0.10291840416628703
0.1835369215620601	0.049749410994483045	0.18797295379132672	0.13528775773077414	0.03829580673931407	0.10173386662464458	0.18982559405364335	0.11359768850375374
0.1808155836786244	0.04930464249766453	0.20421109855698777	0.12668958988164272	0.040042197823573045	0.07998214407495004	0.2017491405289027	0.11720560295765449
0.17800785646465672	0.05004750032782715	0.1888048861420574	0.1289322305181332	0.04456382589174672	0.09818845889806499	0.2038178752975003	0.10763736646001326
0.20053271122875074	0.04554202826542608	0.18515805724175516	0.14659552814445045	0.040530833566093605	0.06559565298175844	0.2071567703269106	0.10888841824485465
0.21738056881501908	0.043864411308271345	0.1902669889307232	0.13354212723234904	0.03249080457490172	0.08509220437988398	0.18604043311944615	0.11132246163940525
0.19269164641449155	0.0375314265145322	0.1903781053913649	0.12241117163564429	0.033459864852833754	0.09761823753972629	0.2036431172320859	0.12226643041932087
0.21127916064592797	0.03927436626638271	0.19056486609880952	0.1299959076013742	0.04108656673883808	0.09715987882218402	0.18861204365827872	0.1020272101682046
0.21585932838238436	0.03385970912946257	0.19300268362658568	0.12299512497302101	0.03803876868351308	0.0676028274858643	0.2125603462158656	0.11608121150330311
0.15516720986871457	0.05144470001129485	0.20737543819214818	0.14177982412582538	0.03649445654468994	0.0979789203042669	0.18731375451018858	0.12244569644287137
0.20885279620209507	0.04429609875671715	0.2018364286438818	0.1372685972517704	0.03485073045501354	0.0740350927793577	0.20334137577581493	0.09551888013534915
0.19009354744406318	0.0410561922916437	0.2085180491758412	0.13681630097896574	0.036769531108532844	0.07646204892752653	0.1910917042860939	0.11919262578733267
0.13265589343443226	0.04070127728333599	0.2035700116889455	0.136461682527997	0.04711431012994778	0.0980499138537328	0.21446664862056902	0.12698026246103938
0.22180558587834093	0.03132653378539478	0.18708833653072632	0.13892995788024257	0.03104285873345082	0.10623437229547307	0.18662707492031735	0.09694527997605391
0.16700325779236547	0.04788873215201221	0.19396786459832221	0.1391494154403689	0.03231225139266651	0.10181380493964426	0.19039748560809805	0.12746718807652213
0.18491874773532385	0.04888002974716191	0.20027754546578266	0.1429916980595755	0.03713258126590019	0.08181028758101958	0.18693589517585374	0.11705321496938231
0.1853854054711515	0.03203173972585388	0.19499575203365194	0.12388429522258254	0.031338725511312046	0.10023065853617122	0.20808138271769896	0.12405204078157765
0.21993116499916676	0.049450260945154104	0.19023823581166494	0.11755720621098102	0.038831067049283394	0.07497273455576631	0.2024178636349272	0.10660146679305611
0.1725598291603596	0.03405134939386653	0.20233296274422802	0.14177713915738194	0.033693711472147836	0.10349587230606462	0.20648874276080076	0.10560039300515045
0.19063011532607338	0.03478977102368297	0.20906994128721998	0.14334886174364092	0.03059452061800548	0.07959189276942827	0.2132483007123454	0.09872659651960337
0.2145596358912799	0.04642788022799654	0.1853820415678017	0.13770014861474636	0.030372844876125127	0.0826004011667611	0.1919312712101585	0.11102577644513051
0.17705646432197789	0.04312419373028324	0.18932672453895183	0.14097538358128278	0.03991242985986035	0.10123595844983019	0.18825417310711234	0.12011467241070115
0.1774767207412215	0.04527865030865337	0.18616273516902382	0.14297055515510623	0.031179809510728435	0.09110407132070518	0.20691106334663598	0.11891639444792523
0.21295915129762658	0.035487126173929504	0.20263363625898406	0.1224191936848686	0.033909291214508405	0.10096262158688643	0.19717826584248382	0.09445071394071235
0.1850873402330806	0.04587120430949737	0.1925370164363912	0.14670315155535274	0.04613550484537847	0.06899979554429848	0.20865134318297784	0.10601464389302306
0.1825270500682072	0.03562121163105679	0.20722805555228702	0.1250476736842553	0.04214806833004242	0.09002477625421029	0.19388421881698437	0.1235189456629564
0.1522086802587429	0.04950696713589603	0.20809982927379173	0.12634391338837275	0.04184860672497723	0.09488067967051082	0.2021823859433418	0.12492893760436653
0.1843919357050825	0.04195839960509781	0.18691005203960276	0.14125088418355902	0.04645431393138284	0.08245774334588675	0.20355816100109553	0.11301851018829255
0.1693035560355055	0.04155088612946456	0.21255502477319968	0.13533175242085696	0.04790558198920998	0.08414339259855333	0.19724104511130305	0.11196876094190666
0.15860905961868474	0.05120724416386255	0.20350139345657572	0.12910254566033805	0.03634240714716151	0.10239802211445713	0.20296056278721275	0.11587876505170733
0.19656169405566737	0.04690249352009121	0.20875763151272173	0.1254790326725803	0.04717043989164499	0.07458164676497414	0.1851648989420455	0.11538216264027448
0.2166573934151057	0.031252499047525625	0.1951471920651381	0.1197528790077939	0.043285675293958464	0.09233443669071742	0.19039011856567334	0.1111798059140873
0.21746716198070698	0.05150454684571791	0.1935448507293573	0.1248843471189499	0.04649860622680656	0.06940936713012548	0.18650145853879474	0.1101896614295409
0.22233513435273672	0.034052708107258856	0.19624859788695453	0.13782156939881396	0.043887915512371214	0.06930204557256049	0.18839304831536988	0.10795898085393416
0.17813325318109718	0.04633940405978092	0.18918785306569919	0.12487940329834615	0.03802523273148993	0.08951086861621566	0.2091921492303964	0.12473183581697432
0.200992256742915	0.039528904524738034	0.1908374875219795	0.12172492888524852	0.03431226126761053	0.1058467013467013	0.20274348105601264	0.10401397865479425
0.18254926210460856	0.04887016434561908	0.18590296668869366	0.13338905102324977	0.035883778116339374	0.0738251317023451	0.21558956987836672	0.12399007614077748
0.19468635658560624	0.03762217888661695	0.19758033889111737	0.12617143914800857	0.030888740539531695	0.09226809507790584	0.2001978543217688	0.12058499654944427
0.20038197920497977	0.03910608509094726	0.1969029932454765	0.1287718862842558	0.04729149804094766	0.07895072252626303	0.1875019518106758	0.1210928837964539
0.18335928971091522	0.03676104915333166	0.19812208263226327	0.14272337704936464	0.034409821501480975	0.09231718217061519	0.20411554761791245	0.10819165016411633
0.21930183862716837	0.03865167881956208	0.20333098115282552	0.12387146393920938	0.0436810601469247	0.07330701302472598	0.2040523311322554	0.09380363315732826
0.23148325847060566	0.03572643986581299	0.1978787681233509	0.1292575247287235	0.03803104142173297	0.07658308968691929	0.1930361958120118	0.09800368189084258
0.2245158285929531	0.04798104117825304	0.18585540675394105	0.11900616746717976	0.042750722766434435	0.07532998575953608	0.18856111212507567	0.11599973535662664
0.1852867702051565	0.03639676574083875	0.18719620393130765	0.13879249274291158	0.04665851071562707	0.09417530007007202	0.20294917242103958	0.10854478417304661
0.2127750695565556	0.05120140740832245	0.1886271457817155	0.12287331429993592	0.03980116559086491	0.0691789300591458	0.19792687305809703	0.11761609424536254
0.17411909669217907	0.05025890805441248	0.1933743499378441	0.11785888968630732	0.04401143394629711	0.09984701792383563	0.215761834704131	0.10476846905499312
0.1472759488733018	0.050461977368874006	0.21099967967239394	0.12932035567426634	0.042884824940399996	0.10310613084478744	0.210490309248129	0.10546077337784725
0.15007614620948598	0.044170428923973354	0.18501424413132625	0.13310003300960832	0.04671528153572961	0.10641472991188863	0.21428010608714887	0.1202290301908387
0.18713449728942705	0.03318290905051152	0.19778248664077602	0.12211882760784597	0.04103205938438052	0.10625421284331278	0.20265391702076374	0.10984109016298216
0.1439740605288118	0.04722111685997664	0.204566896112423	0.1473428176014111	0.045885252025315695	0.09884190543754173	0.20360489566875944	0.10856305576576034
0.19574149998648194	0.04402457795598763	0.19663367780173757	0.13346743241981734	0.03534934609789575	0.07656280794525469	0.20915024763832726	0.10907041015449752
0.16278409559967028	0.03684167269320454	0.19605401746333936	0.14728617623432827	0.047219381423854415	0.07951881781296648	0.2047663516722532	0.1255294871003832
0.20430341972655774	0.046551831372596664	0.1918577672104375	0.13681393167429529	0.04371011253400599	0.07442087578971997	0.18943475758875136	0.1129073041036352
0.1659161599915478	0.03215237604400066	0.19434632096252238	0.1470971792922695	0.039429973532129015	0.09449274454900596	0.21353373985102608	0.11303150577749835
0.18168375553414323	0.036187723678886105	0.2110813220347507	0.13680951732319666	0.03804283690248793	0.07484584828549823	0.2109236558936532	0.1104253403473837
0.21302162660518326	0.036198682230787	0.19560452676374562	0.121662184321709	0.04769601990762731	0.09353638981416665	0.19135960146409098	0.10092096889268994
0.18839758957851138	0.033989485583793305	0.20691101311878085	0.13662859558085869	0.03247800351884163	0.07483363999024452	0.2113194270797803	0.11544224554918911
0.1516903056271499	0.03984413520551171	0.19587518788692398	0.14411495505863003	0.029372952710979713	0.10639549991165291	0.21076123212617637	0.12194573147297517
0.2203561431853893	0.03165350301255812	0.20072149393009997	0.13303792642226403	0.04720130432128347	0.07931082246751493	0.18816943432901695	0.099549372331873
0.1335495436826362	0.048466421402301285	0.20681750420585904	0.1412828659003718	0.042983681165095905	0.1055541411478906	0.20802092441056444	0.11332491808528056
0.1590522845846308	0.03573646266081479	0.2075427437951487	0.1305876225695531	0.03467705682201802	0.0960011275825049	0.2108319101085207	0.12557079187680875
0.19951097272743323	0.05166153217027558	0.19948398291556776	0.12462098441197293	0.03846418893896199	0.10032442910250522	0.19145338869974116	0.09448052103354189
0.2057118597987196	0.03792267486599511	0.19521283138505172	0.12655334879593996	0.03101782732378365	0.07479031656044745	0.2096265959266047	0.11916454534345755
0.21280402016369374	0.036830116937926774	0.19151574387345927	0.11753242160010467	0.03990682693767776	0.08282123964972804	0.21337694509587343	0.10521268574153603
0.18046170710484513	0.038246537483789284	0.19667284898677076	0.13845020416882017	0.03008088670054239	0.10016425336861423	0.20276962223922823	0.11315393994738951
0.1587576443278492	0.05132569654513536	0.20777975895421885	0.14059260682178978	0.038874896527387764	0.09486557841311345	0.190471062131979	0.11733275627852637
0.24149868638829744	0.03625926217802984	0.18873019318957068	0.1294509101426435	0.04486481398784055	0.06507549572590866	0.1870866135326205	0.10703402485508855
0.16927503008264422	0.03225381358584044	0.18965194232794635	0.1348633941216457	0.046880139959493014	0.10164217112753268	0.20087701602446778	0.12455649277042968
0.17662003133962612	0.040180777264934506	0.18865885669056182	0.1383370424651385	0.047706704628769914	0.07632482919498464	0.21335142590551123	0.11882033251047303
0.1392539787647558	0.04780173152129233	0.20697491041361019	0.14834283190493427	0.03144858883616977	0.09378775891007962	0.20665059129179622	0.12573960835736153
0.19321580154677212	0.04014821567110442	0.2084469707451837	0.14732118031217095	0.034873119599065	0.08480213282208726	0.1952339266812171	0.09595865262239912
0.1696311968458962	0.052435368050923636	0.2097193562247026	0.1312518878497368	0.038658963900404436	0.08097835341218512	0.1918511892106349	0.12547368450551605
0.18036396351118344	0.047268411915832226	0.20747200148945633	0.14237179171827397	0.044847681905920256	0.08512429348559133	0.19834850196030146	0.09420335401344074
0.19306270725666214	0.03820201445897481	0.20649554965765315	0.12676639123351055	0.04372756942077288	0.08307590453758368	0.19618472613073923	0.11248513730410334
0.20718630410624045	0.03582303231579104	0.20488483743350244	0.1328275577804252	0.02930939192181775	0.08302906959100703	0.18707006222245431	0.11986974462876154
0.23124692681172768	0.04786497430129599	0.18573459041085383	0.12938066188481645	0.03206098776328349	0.0653244119787897	0.20018437705191783	0.10820306979731473
0.20026237003019584	0.045037216044259906	0.1916664201277336	0.14616889455805937	0.03618362751631263	0.06903536542790799	0.20758180719375174	0.1040642991017787
0.201052504484522	0.03780236744070209	0.1939099475299802	0.12647346508792665	0.047502913166323046	0.08178759118841447	0.20470755586358733	0.10676365523854398
0.1696717221116349	0.03573735995140161	0.20392753510155867	0.1296942998984561	0.046755810892406144	0.10483342705233614	0.199296255546679	0.1100835894455272
0.1966595976388104	0.04352799682555644	0.18532053668614992	0.13100301545627036	0.02999938927289507	0.10400830874565906	0.19757591025206556	0.11190524512259295
0.20082997412736808	0.031232086181452554	0.19877033958224233	0.12247382444440115	0.034745734007907134	0.09076040117900241	0.20216478649702263	0.11902285398060353
0.18195281122701062	0.03863899951275644	0.2117728795792095	0.13462331920597015	0.03889353011901596	0.0785060708301468	0.19268832006536252	0.12292406946052772
0.16805984527669232	0.04304234584822475	0.1984813800703765	0.12547253508977327	0.04211438041802494	0.09931019272496666	0.20099433570120473	0.12252498487073656
0.18201173367956647	0.04566871774595774	0.2004184829358692	0.11776173331534806	0.03872326042560409	0.09936379815598331	0.20273385589331416	0.11331841784835676
0.16172338035907424	0.05156025590278615	0.20317625501250092	0.1206463609483018	0.0429134126546388	0.08302669940062084	0.2130655707845327	0.12388806493754427
0.20831889570994344	0.04768173022082059	0.21161225011172896	0.12169140664894336	0.035538100597805475	0.08408334989945894	0.19153912512287025	0.0995351416884287
0.22305017244810324	0.036740694918104486	0.19084367324632526	0.12425976105353913	0.03766671858651617	0.06827217519108444	0.19374107278611735	0.1254257317702097
0.19346757965805356	0.03744570474644539	0.19879235164661893	0.14570771250334513	0.0465031481353641	0.08035373923012779	0.19115634294639297	0.10657342113365187
0.23449750072802739	0.05168329696607128	0.20927358003107227	0.12155728054838365	0.030736887809198282	0.07235238241619617	0.18511142433994024	0.09478764716111049
0.21517207763632537	0.05234994066942933	0.19851975742999137	0.12238248188702719	0.042630584763203416	0.08348631005337302	0.19164097477822065	0.09381787278242941
0.19064009771332452	0.04278490223388155	0.20234398834790152	0.14464370159644482	0.04711809202702304	0.08592046835681179	0.1864368122610724	0.10011193746354008
0.20762733519652035	0.03240423644228102	0.18573372869019628	0.1409622119393833	0.029398848973506975	0.08852480495475598	0.20981898230307494	0.10552985150028091
0.20531327940703925	0.044011198555587744	0.19832336549554874	0.13922229080937368	0.03209481300383986	0.09043818413407873	0.19083276592845283	0.09976410266607896
0.19117188955373948	0.035501393939911655	0.21117897357727453	0.11929625023408459	0.044138960882717446	0.08864926553341232	0.20078286914255605	0.10928039713630364
0.18883369820296397	0.04362618071308369	0.20333450162379277	0.13321936065693404	0.040331974236377216	0.09656836567488646	0.19136229832097973	0.10272362057098185
0.16856392002876125	0.03229418381622498	0.20688523034705486	0.13307311013262627	0.04123848227039972	0.09559568790171372	0.21204614473472827	0.11030324076849078
0.16049846410501686	0.050744177083370146	0.21120646412298696	0.12307549453353805	0.03821621420985112	0.08553919071931608	0.20908398889023577	0.12163600633568478
0.1415016191485493	0.05107376486651624	0.20835540571948824	0.1403185146748308	0.043226243820299756	0.10185330401808797	0.20211108011291673	0.11156006763931067
0.186392418340524	0.05249148055204052	0.2108783851520723	0.126084026358417	0.03292600635994003	0.07046725992812164	0.19634518074750998	0.12441524256137425
0.18555135618170504	0.04707741536747917	0.19568498454032118	0.14806192953083686	0.03288773057841066	0.08186529757048508	0.1930887604161047	0.11578252581465709
0.2028999923506618	0.03423641491874592	0.19173567658156157	0.1324372934231047	0.04526083081461203	0.07099232746436392	0.1984150284249686	0.12402243602198124
0.18652353360413215	0.04745114598501994	0.19297655947826853	0.12724997931875026	0.04092709420032627	0.07364217261172473	0.20787515771915602	0.12335435708262187
0.16102756062490609	0.05310328395159525	0.194831697971646	0.14577672231022668	0.037400039149353914	0.08771876099458473	0.20215728486248644	0.11798465013520065
0.1764146912061395	0.04797102112431219	0.19230300957945973	0.12101161830881096	0.04414828491757779	0.10470126484688252	0.20022594353682968	0.1132241664799874
0.20671627610902985	0.04808836399340885	0.1930217724915685	0.13823579289094723	0.04246271337200172	0.08111617604908482	0.18962100161143153	0.1007379034825273
0.2122151674980536	0.04783115411454526	0.18540914094847213	0.12410098176762102	0.034663919140911756	0.08208009388996927	0.21265609598536095	0.10104344665506576
0.19031018653163673	0.0416034008313232	0.19355662455637446	0.1261279621526033	0.03278088591945054	0.09385581497623476	0.20260414407019767	0.1191609809621791
0.15583555822925627	0.04873141604476243	0.2109009658375944	0.1194247654625173	0.04330366344590125	0.08318661978976974	0.21217519915638156	0.12644181203381677
0.20971427345562302	0.048064031237175286	0.18511405588973756	0.13675758282016887	0.042305904853132834	0.0851341178579487	0.19882564948698433	0.09408438439922913
0.1646559090864133	0.04407643412391278	0.2112464016516355	0.12827808557836384	0.037036437314595286	0.08458621451358278	0.21100591021084059	0.11911460752065571
0.20059946444526316	0.032746376865580254	0.19836985335261254	0.13595691593377282	0.03441964159764947	0.10221283235450532	0.19115412420824962	0.10454079124236658
0.17410779559541745	0.03287225344092498	0.1983906924373574	0.12384925221100898	0.04373448703494549	0.0964006459186516	0.21054089218328237	0.12010398117841145
0.1517238860146402	0.05214060000834257	0.20955658018451884	0.128480545348026	0.045861933999995386	0.07881489134926942	0.21048855147944295	0.12293301161576445
0.16870561598859202	0.052690999780812736	0.1934147144221222	0.13388831703959045	0.03808546436512675	0.09141622722392252	0.20992075292577878	0.11187790825405436
0.19271495255550464	0.04332412483372375	0.19587848485784054	0.14227412273999904	0.03629320014865603	0.0811662538092719	0.20541115651799252	0.10293770453701138
0.1870495419295909	0.032245812023627377	0.18548388558070597	0.14039515361137264	0.03625585004219503	0.10485031630000617	0.1938878797961624	0.11983156071633928
0.18332437253033246	0.04768602092669991	0.20710482485793208	0.13367702976288082	0.04055218038857174	0.0950713065045252	0.19755407550514537	0.09503018952391226
0.19083556450266942	0.036663181993650235	0.18758226101552397	0.1367699020372923	0.039831250667683865	0.10340860423818404	0.19194338635681768	0.11296584918817823
0.15598449410566212	0.041071380965876175	0.19350140558238993	0.14833137717622458	0.045593401471597905	0.10615280754443904	0.193023915913213	0.11634121724059698
0.19942075581783997	0.03244098138036146	0.19740140865957273	0.11890437639435646	0.0454110339010413	0.08272374322276396	0.20305716509041086	0.120640535533653
0.19395017464832937	0.04291952916742843	0.20924675203974843	0.12809136682375236	0.030923284963825168	0.10600106044145262	0.19223461845813644	0.09663321345732691
0.21523273549176086	0.038949674484725264	0.1951079167634973	0.12100913808915024	0.03134070886090183	0.0741661505998207	0.208463884727698	0.1157297909824455
0.23029493499460216	0.03639378655043275	0.1869684991487784	0.1201130439383482	0.03948586257378407	0.09824227076266775	0.18552178146342055	0.10297982056796584
0.1916954643745008	0.031075743545513554	0.20500919934462825	0.1384196531432896	0.03612273658028951	0.09824949884544501	0.1927231900945935	0.10670451407173961
0.20914164538050606	0.040491270205095894	0.2042409083813921	0.13706040330030647	0.04120085118176772	0.08265582201562957	0.1914731831030278	0.09373591643227412
0.14715115155818223	0.052839735345204364	0.18641296480635147	0.1419889415899803	0.03502691065139961	0.10230235903458007	0.2116153475058069	0.12266258950849487
0.2103655615989178	0.034255836728104797	0.18736469730323524	0.14562910534407195	0.03705301504372856	0.07162164212982958	0.2122780272674266	0.10143211458468526
0.1846873651924279	0.03253352873317479	0.1889553662079061	0.1414921460305342	0.03880642795814945	0.09865404780131908	0.19522411606071105	0.11964700201577726
0.1840236945907317	0.03541283931453308	0.1973981128720232	0.13884898723495215	0.03884651331584625	0.09334677591397025	0.19577226116922944	0.1163508155887137
0.17648395932309313	0.03665337121702185	0.2046679174407538	0.12592550131490726	0.034558682224138104	0.09862993140277154	0.2017146014794619	0.12136603559785217
0.21010625697267582	0.05116972276553282	0.18860827632603397	0.12040697781394952	0.033829421076169236	0.0909734593255737	0.1963722411494062	0.10853364457065845
0.23352000708818338	0.03213302308641562	0.19493490203467384	0.1181430270739974	0.030438936323545857	0.07036399268181268	0.20578669178467873	0.11467941992669227
0.21261773868524128	0.0362837776452154	0.18817667349938627	0.13327330469091825	0.031050716623026067	0.06607898771480084	0.20499473188376954	0.12752406925764212
0.1915309625188711	0.03983321148279309	0.19914004329918272	0.11786046656469165	0.04356197974588277	0.09732725761690177	0.1991618731548593	0.11158420561681738
0.24273216967915368	0.049467369269803496	0.18479172840524183	0.12393258975562907	0.032623771554804185	0.0736185695217938	0.1846917612853758	0.10814204052819791
0.23497561010881504	0.03193439278062708	0.20324928726278574	0.1247872229305152	0.0329384046516288	0.06893311213764836	0.18769804136370033	0.11548392876427921
0.1662807596623997	0.03811930392255007	0.20650897599593526	0.14056736856166208	0.030564921159165398	0.08975455197793131	0.2037368231593874	0.12446729556096862
