0.16397212738167394	0.1578485036219547	0.3293245882501509	0.252794718597031	0.0960600621491892
0.16045631129442656	0.1578761783366497	0.32756819543404603	0.2573465424550535	0.09675277247982397
0.1573212756136898	0.16004477748941248	0.3309146751039135	0.25679920691126323	0.0949200648817208
0.1591909054224095	0.16261284058828018	0.33103864390749227	0.2526257301918055	0.09453187989001235
0.16188463085860702	0.15903619946882408	0.32790888293872444	0.2540463228929042	0.09712396384094012
0.15666521854783955	0.15973095812903915	0.3315158060666574	0.25664872267382255	0.09543929458264114
0.15701860299584014	0.15787264611003604	0.33363010238214663	0.2534008546722132	0.09807779383976381
0.16063888170255824	0.1641597852569694	0.32476427751237924	0.25584386585319047	0.09459318967490243
0.15829843094103446	0.16333558967969525	0.3252913810739621	0.2584638060255733	0.09461079227973476
0.15981573638256655	0.15979703098489767	0.3321247386251578	0.2518004984670801	0.09646199554029763
0.16138204429996356	0.1582152315595021	0.32959277867952563	0.2566467456630744	0.09416319979793411
0.16251834425755368	0.15724047556123083	0.333219574314758	0.2519843206751915	0.09503728519126578
0.1639475151116858	0.16330870161790167	0.3260253720068892	0.25053527121585917	0.09618314004766394
0.16355886463077018	0.15923435674047373	0.3264887356735213	0.25438725850855426	0.09633078444668028
0.16319711016202748	0.15841673047613558	0.3212422327616121	0.2601397166663245	0.09700420993390012
0.1628416072672171	0.15849400843408512	0.32789592132460943	0.2561833777026224	0.09458508527146578
0.15884635075504705	0.1650617880517004	0.3254822535180333	0.2570363912930135	0.09357321638220555
0.16256338898830733	0.16156195732670003	0.3268927773562524	0.2539640205695888	0.09501785575915125
0.16044535426794482	0.160465418888473	0.324719134049769	0.25760402581927	0.09676606697454303
0.1633111349529696	0.16363182652573555	0.3249671185266747	0.2522174552417032	0.09587246475291678
0.15710055345358284	0.16465667867457406	0.3267400317232816	0.2551106112709657	0.09639212487759562
0.1622571627598118	0.1641374944650873	0.32657558685621363	0.25171016869017077	0.09531958722871631
0.163107599000007	0.1592190772453126	0.3285168014796178	0.2540880388728609	0.09506848340220152
0.16338757903842976	0.16279617109768266	0.3194103284202021	0.2576859526223447	0.09671996882134054
0.15867696008658744	0.15933755622009085	0.3336567128157976	0.25148018053007704	0.09684859034744686
0.15734378026506135	0.16200520370953425	0.32822830388293245	0.2563867915533152	0.0960359205891566
0.16220199323827394	0.15704229008141113	0.33398030037559784	0.2510080078277464	0.09576740847697049
0.16165326081748424	0.15974390622863222	0.32614267638233074	0.2560786297630929	0.09638152680845966
0.15574870289417317	0.16015970356321196	0.3344014431651888	0.2536400057775968	0.09605014459982902
0.15765894701343103	0.15717727139528898	0.33381494498054376	0.25464002185882045	0.09670881475191556
0.1558527762994696	0.157138174623846	0.3352449783009198	0.2543085211538559	0.09745554962190847
0.1631808236486702	0.15901448628689688	0.3261822006441226	0.2558362520216925	0.09578623739861757
0.1570411709078788	0.1570756578058654	0.3344936044693484	0.2568166204993595	0.0945729463175477
0.15997430257025363	0.15994180112835693	0.325378426855897	0.259799806182174	0.09490566326331822
0.15730194451965934	0.16482334149669323	0.32459525207379797	0.2596094953506189	0.0936699665592304
0.15769951901083265	0.16165529893526542	0.3261659288756854	0.25982571333102056	0.09465353984719571
0.16380955121388607	0.16300687978486267	0.3251377880258589	0.25341105485641346	0.09463472611897863
0.16050861548731765	0.15954902500987306	0.32534070831339634	0.25853231168831925	0.09606933950109356
0.15657380654748787	0.16027939432773386	0.3280157200553503	0.25823862238956685	0.09689245667986088
0.16001516080276093	0.15867404692094247	0.32318585845726183	0.2602191669488349	0.09790576687019967
0.157347903147874	0.16303194868241838	0.3240668351882578	0.2584070008470095	0.09714631213444012
0.16253652076256553	0.15901913153195074	0.32706157071904496	0.2558947566306191	0.09548802035581946
0.15915423677092339	0.1631886788759522	0.32836182695031124	0.25183310593541236	0.09746215146740064
0.15843656209940457	0.16447344941926795	0.3277947375772528	0.2558102907943664	0.09348496010970808
0.15700882566893265	0.16203309705658775	0.333601399026544	0.2514176995008786	0.09593897874705676
0.1588261000700255	0.16385786795817853	0.32177736310135485	0.25976596270119473	0.09577270616924616
0.16312873347091994	0.16123191997391123	0.32252512651615717	0.25764412877199644	0.09547009126701501
0.16328477707707628	0.1627489234627741	0.32636623814819493	0.2528129095323732	0.09478715177958134
0.16404246605949996	0.1574265559585557	0.32293128080544076	0.2595589853428832	0.09604071183362015
0.15909212055664013	0.1589078912034933	0.32812766878221433	0.25786142971220344	0.09601088974544855
0.1603005048099469	0.16148876948807322	0.3236571955422859	0.2571799813626605	0.09737354879703324
0.15860736365406575	0.15834384033161514	0.32958382301890377	0.25855342137220366	0.09491155162321156
0.15612323518256022	0.1648607956695173	0.325705185667015	0.25786450921965026	0.09544627426125704
0.16178523865005728	0.16019424386923625	0.32040775970364094	0.26016114952695063	0.09745160825011467
0.15688890400289646	0.16474333748836312	0.3229947009463668	0.25729750022613124	0.09807555733624221
0.15663776057707499	0.1623865773846578	0.3261365066264761	0.25973539766333864	0.09510375774845224
0.16083681872204797	0.1645709260512393	0.32287544079852787	0.25670946193285604	0.09500735249532863
0.1626199822050208	0.16197273064385295	0.32847257263667834	0.2533606055036392	0.0935741090108085
0.16151663302032276	0.1640424453877034	0.3201266806150187	0.25931201379049995	0.09500222718645493
0.1593592539212379	0.15961619342197927	0.32484229584774954	0.2598537961905324	0.09632846061850067
0.15592225400565776	0.16440475196001447	0.3294192079701015	0.25274693213928534	0.09750685392494077
0.15890515146732878	0.1603370734123094	0.3327148672084418	0.2536236989207047	0.09441920899121511
0.15946410606341943	0.15969598024825085	0.32392083774830216	0.25892031843461677	0.0979987575054106
0.16028952035199406	0.16018344031759377	0.33163891190652706	0.25298080303486814	0.09490732438901675
0.15606020425570305	0.16475881833307823	0.3242143339512683	0.2580300112640293	0.09693663219592087
0.1601401942761621	0.15881455671708122	0.3314963989153099	0.25188553553557874	0.0976633145558678
0.1630608039864614	0.15940458339427074	0.33031633724834725	0.2504433600298049	0.09677491534111554
0.15610267182191429	0.15822442007406445	0.33554903848363293	0.2528573739406468	0.09726649567974133
0.15771971193571163	0.15724294113629758	0.3284139849124259	0.25984276744968127	0.09678059456588345
0.16120989034389072	0.16266646042585295	0.32503011439066726	0.25382922137651576	0.09726431346307315
0.1556941515428351	0.16492963477683328	0.33205888993790167	0.2516586172183563	0.09565870652407345
0.16004777425578057	0.16475446782612058	0.32638636521762665	0.2520882419558413	0.09672315074463073
0.16169395687307803	0.15772415118605823	0.3232630899222528	0.2598378439561668	0.09748095806244393
0.1561935380061063	0.15764674884337754	0.3301592258691176	0.26011271809301995	0.09588776918837838
0.15675768322266015	0.16194222452010207	0.33262443453999424	0.2536020360283788	0.09507362168886457
0.16271464385756057	0.15868614254343538	0.326287608088219	0.25451660507264795	0.0977950004381369
0.15763653347671636	0.16191434832094437	0.3228886784226357	0.2600135530179164	0.09754688676178701
0.1602414570564003	0.15787649297046835	0.3352521111403723	0.2517084858163203	0.09492145301643853
0.16171008683965582	0.16407886746907135	0.32325922421019143	0.2540957294107449	0.09685609207033635
0.16217564839575055	0.1629408883737633	0.32196343015898865	0.2571517232168423	0.09576830985465495
0.1557480304575552	0.1586507242007904	0.3333384338398438	0.2567998204783441	0.09546299102346631
0.1627356524186809	0.16490895420414403	0.3238451915287472	0.25329907863030665	0.09521112321812106
0.1625379027082149	0.16308543083289292	0.3261394173200166	0.2543943961988232	0.0938428529400522
0.1600965778432011	0.1593030865362995	0.32617749240993466	0.25650711754432637	0.09791572566623818
0.15565982817146093	0.16006323497357805	0.33066375736734166	0.25638909777539115	0.09722408171222803
0.16104879705568867	0.1609869250540568	0.3276358661567439	0.2568498383136353	0.09347857341987523
0.16089898391422522	0.16319426409964982	0.3212047061982223	0.25773541765724917	0.09696662813065336
0.1583340488694491	0.16113104549467203	0.3288170325444446	0.25516479608897813	0.09655307700245594
0.16274266031228746	0.16230995723030772	0.3190537135093548	0.25919857308584715	0.09669509586220262
0.16233953414958793	0.15853664057127625	0.32625474097157786	0.2590509867554181	0.09381809755213963
0.16209435040053383	0.1607422660755643	0.32914265297270917	0.25177923304816885	0.09624149750302362
0.15665833096899426	0.15860424170867685	0.3261374465653484	0.26056516318935896	0.09803481756762136
0.16305640313747902	0.16179373566162616	0.3256306230921162	0.2537384020266123	0.09578083608216613
0.16283834048053375	0.16045992728867722	0.321268311616142	0.25744386864864	0.09798955196600684
0.1568829879395569	0.16381494177566802	0.32788354770899286	0.25344497929489107	0.09797354328089089
0.1559195463215905	0.16367140278300552	0.3236876024183408	0.259361524975651	0.09735992350141195
0.15742497095782065	0.1603907633666952	0.3275288406876939	0.25899257538031367	0.0956628496074764
0.15642571290734256	0.1628089887511238	0.33338709732493377	0.25316331040229206	0.09421489061430766
0.15924364388582932	0.1641234087483865	0.3248381224931139	0.2552867177994507	0.09650810707321941
0.15591924584405176	0.1620497287661	0.3268155765987515	0.2590914873888959	0.09612396140220059
0.15808036200134615	0.16157560551325467	0.3242244746485135	0.2592661233078453	0.09685343452904015
0.1632175516835463	0.15736791192838898	0.3283347534447074	0.2571245482665486	0.09395523467680846
0.16064721532772508	0.16015535102534945	0.32621270017799886	0.25586414859589923	0.0971205848730271
0.163749232681164	0.15856627512259183	0.32917406393074344	0.2537426961990261	0.09476773206647435
0.16273931244301787	0.1626856386966432	0.32079469769537095	0.25701730190234545	0.09676304926262233
0.15704923229499423	0.16088328356901585	0.33531043789716564	0.25332910971650285	0.09342793652232122
0.15773480754823738	0.1635361065455669	0.32982079819795196	0.25537433281127564	0.09353395489696793
0.15654620101968558	0.16467856872976194	0.3300575923768331	0.2544731779388242	0.09424445993489505
0.15808762093824258	0.16342574571573562	0.32677781567083863	0.255186920980285	0.09652189669489797
0.15879404222776325	0.16369920331372337	0.3245848284826298	0.2554737905687897	0.09744813540709368
0.15787271211167106	0.15931572925693568	0.325589097440679	0.2596246228842865	0.09759783830642754
0.15650154646507186	0.16284846508012932	0.33103703837566906	0.2541236792885382	0.0954892707905914
0.16030601603213707	0.15982917016743747	0.3266871626599218	0.25873704329120756	0.09444060784929585
0.1612370154347879	0.15712038557307492	0.33141982820562466	0.256560534553593	0.09366223623291933
0.16320981644651017	0.15976894469842537	0.3256272960311257	0.25365942488883253	0.09773451793510601
0.15731575361436984	0.1646646009624499	0.3248650982883025	0.25678665995705535	0.09636788717782216
0.16049514699743733	0.16345136950576447	0.32274653126727193	0.2565682218964357	0.09673873033309041
0.16261142440019694	0.16326996172846026	0.32548508555995115	0.25522348573835213	0.09341004257303931
0.15684463791035314	0.16282794096154643	0.33211069011651206	0.2530134284039389	0.09520330260764925
0.15594176667243723	0.16502489203520956	0.3304385269239276	0.2552118672625421	0.09338294710588332
0.16334372354267596	0.15826557002274572	0.32907672478022587	0.25216669941546116	0.09714728223889109
0.15867415076392988	0.15872080700618216	0.3350349653294707	0.253256352271513	0.09431372462890408
0.16268901632783608	0.15848180026023378	0.3262646294866416	0.25891352330044604	0.0936510306248423
0.1606281239674056	0.16487456551941165	0.3248206772724872	0.25280156109309954	0.09687507214759584
0.16048843654485417	0.16187940420971242	0.3306143616275633	0.2510098235573366	0.09600797406053332
0.1632169983575506	0.16337084789553497	0.32215493114328675	0.25697261918705017	0.09428460341657732
0.1633131055020666	0.1584680121863275	0.3284444875577296	0.253330706520805	0.09644368823307117
0.1630617873624498	0.16251454473014615	0.32346509498849585	0.2566217114286936	0.09433686149021435
0.16088194951739418	0.15697996980823808	0.3325225860735318	0.25330207515824893	0.09631341944258673
0.1592819257218548	0.16254531309330755	0.3260894085085242	0.2567737782312338	0.0953095744450795
0.1620372727200319	0.16224571951014688	0.32850774460014	0.25256972658515264	0.09463953658452845
0.1565851204018342	0.16317364939748777	0.32442529934659814	0.26005513801501023	0.09576079283906941
0.1571898258142624	0.1574932993464964	0.33536363099997424	0.2558876034478359	0.09406564039143087
0.16158644050098545	0.1605096734107316	0.32870742472999903	0.25567081092541705	0.09352565043286666
0.1579500811123729	0.1598803409496424	0.3267135492967981	0.25758949815857357	0.09786653048261285
0.16394421452916053	0.15809009880427174	0.33000274719940415	0.25263186346811417	0.09533107599904911
0.1589570526801197	0.1625052654345645	0.32630793709978145	0.25461037815863186	0.09761936662690224
0.16271188649731347	0.16310944583840709	0.31933743805109566	0.25882483628194597	0.09601639333123763
0.16033032630227806	0.16461988384833148	0.32579089666005445	0.25400132556798827	0.0952575676213475
0.15929175290166764	0.15918235020201837	0.32784903619552547	0.25913756236021146	0.09453929834057685
0.15712665436722256	0.16458767848312178	0.3257260461254995	0.25643039546863516	0.09612922555552086
0.15645121429865474	0.15996841284288496	0.33549238619416677	0.2511893858942401	0.09689860077005319
0.1611137940116889	0.1615288793289682	0.3238215189305219	0.25766672597531975	0.09586908175350103
0.1631764409989038	0.16320848819787837	0.32420938241725394	0.25519059649021353	0.09421509189575017
0.16201392738425172	0.15851844789057823	0.32686703907417164	0.25550196534236264	0.09709862030863556
0.1592186910215883	0.1575041047893044	0.3306478959041981	0.25555054145960276	0.09707876682530625
0.15875102516573505	0.1586470801813278	0.33316642257845847	0.25406850342123316	0.09536696865324533
0.16360518823572529	0.1599812740798466	0.33074715564149093	0.2518175728407489	0.09384880920218805
0.1613300874121104	0.16178474271118953	0.3303130608919911	0.2525338114446749	0.0940382975400339
0.15632189793175907	0.1646966864454691	0.331998387965444	0.25045481856915747	0.09652820908817014
0.16119291261266946	0.16492721552678566	0.3206353413606485	0.2589962930835793	0.09424823741631688
0.15865920352680246	0.16454257141878043	0.3268379847021637	0.2526599652188979	0.09730027513335535
0.15855185747150086	0.15768233015143496	0.33060741289426665	0.258095842154792	0.09506255732800536
0.15606088682948066	0.16046393760503694	0.32948014358771777	0.2569668936323203	0.09702813834544413
0.16205925374176397	0.162665686359343	0.3215856353493063	0.257972552395388	0.09571687215419852
0.15591618899428114	0.16090342885942396	0.33093507539326494	0.25524229312444546	0.09700301362858434
0.16053826091940476	0.15974112893955328	0.3275190411947408	0.25441900689600244	0.0977825620502985
0.1606865324640993	0.1603905099921791	0.32663215141278423	0.25678973210384526	0.09550107402709182
0.1597765973859286	0.1611628311469443	0.33106364144484896	0.2521601983988927	0.09583673162338525
0.1598874921410846	0.15730844601114452	0.334358293077236	0.2526265092008055	0.09581925956972911
0.15935251158718927	0.15864771440013736	0.3281235131135748	0.256504097394889	0.09737216350420937
0.16045101945012988	0.15830470292511029	0.3259271603910246	0.25793742667441244	0.09737969055932261
0.1565693482969469	0.15931146174494054	0.3300438925840905	0.25660931064373904	0.09746598673028281
0.15739233422809162	0.16322091308632142	0.3228777594306018	0.2591726146897762	0.09733637856520874
0.15935051765327538	0.16449398890121059	0.32661282111415213	0.2560364605654398	0.09350621176592189
0.16081215536045332	0.16371726713775886	0.31970253377027463	0.2583070796299454	0.09746096410156757
0.1565103969791221	0.16062279948716718	0.3297036799121633	0.25730253792673324	0.09586058569481387
0.15935523178693217	0.15798547929826207	0.3277926116901335	0.25857470821597567	0.09629196900869633
0.16092399443097286	0.15896642873202682	0.3244312193598994	0.2600258668531665	0.09565249062393423
0.1617477316604019	0.16280231028080974	0.3284346904685375	0.2519085763628012	0.09510669122744947
0.16100319058267015	0.16285701343626044	0.32394421387448197	0.2580224554002289	0.09417312670635833
0.16130862854357989	0.161549334228088	0.33224611751240263	0.2506334130597073	0.09426250665622196
0.1590034407520004	0.16199442706330291	0.3283548349622685	0.2527171784892085	0.09793011873321944
0.16232185944588182	0.1590620774842731	0.33330567031516806	0.25150501526692237	0.09380537748775451
0.16076067581487385	0.16059681022022698	0.3307242277432755	0.25446183749190376	0.09345644872971975
0.15881639001573133	0.16508105641202786	0.3264819001336665	0.2553169088998211	0.09430374453875294
0.1598855540522644	0.15774847733739822	0.33452573102164934	0.2521482935342992	0.09569194405438858
0.15673793911752065	0.15811664375912354	0.3296301361543807	0.2591773920403913	0.09633788892858364
0.15692159101682263	0.15840723011339045	0.33540123408298944	0.2542898293854218	0.09498011540137555
0.15755620109289303	0.15792861867917485	0.33354441369182974	0.25601442684227127	0.09495633969383094
0.16072873109003552	0.16243588896198408	0.3302579504595028	0.25097386410819733	0.09560356538028006
0.15689369829375752	0.15696510881624126	0.33364817073595177	0.2553565721492984	0.09713645000475085
0.16028288187424622	0.16205567965087403	0.32164202956344523	0.2585799164222472	0.09743949248918712
0.1569338310644359	0.16121341717100868	0.334953641943746	0.2517911116604637	0.09510799816034556
0.156051056832425	0.16474529505287644	0.3305396644559845	0.25361658273636456	0.09504740092234934
0.15602939189807577	0.1599446468742327	0.32859341498269934	0.25997892868796035	0.09545361755703163
0.1635368549671676	0.16039003802489657	0.31936024798991713	0.2604979830716935	0.09621487594632501
0.15913827842780148	0.16368869218955115	0.32269728460941177	0.2605782329118386	0.09389751186139673
0.15938361433459172	0.16103269865589417	0.3285757501231884	0.25462921926662996	0.09637871761969549
0.15983658844700013	0.1569625723684323	0.3270105076716449	0.2591451930385091	0.09704513847441334
0.15584302567420175	0.16209557295792332	0.3271646521893152	0.26044412950460166	0.09445261967395793
0.1633613686445283	0.16086298856206954	0.3314755859057813	0.25091614039351534	0.09338391649410527
0.15827409878787155	0.1639200263769383	0.3323621649693924	0.25170942936741697	0.0937342804983805
0.1633896724898416	0.1572156708014729	0.3265767248286496	0.2547687317563606	0.09804920012367509
0.16027923319991288	0.1576594714451984	0.3275396239005316	0.2594822560561407	0.09503941539821625
0.15605083789089472	0.15870556705488692	0.32939762140179063	0.25889048587259234	0.09695548777983516
0.16078023066289315	0.15709994066188707	0.32658074549796445	0.2579137460786102	0.09762533709864493
0.15586189661651512	0.15993291609767313	0.3282420715236568	0.25838704947148095	0.09757606629067381
0.15874326751554035	0.16327878022072423	0.3261470806589622	0.2574492950500308	0.09438157655474222
0.15988089703882058	0.16395730563013436	0.3265178938298352	0.2539165072225738	0.09572739627863586
0.15862581746772525	0.16427834379516776	0.32594892147666726	0.25452681864971816	0.09662009861072135
0.1582255066753249	0.15913035875284212	0.33204601413808127	0.25704312698215764	0.09355499345159388
0.1618775079728706	0.1593253083487791	0.32476137191648	0.26019698584115714	0.09383882592071298
0.15926524338505893	0.16172839125959673	0.33196144006803313	0.25086284844546564	0.09618207684184536
0.16041968294609457	0.16116092070485594	0.3225042103094214	0.25815241196493	0.09776277407469786
0.1632734921994168	0.16114467541841218	0.32304823311826764	0.2578078239005786	0.0947257753633246
0.16149528368817603	0.16435978983646762	0.32295054175883375	0.25433556438989274	0.09685882032662968
0.15694911470128817	0.16232762443205448	0.3281630274264295	0.25778942077395034	0.09477081266627731
0.1595601986408987	0.16400216181841215	0.3286895811968926	0.25057699526839167	0.09717106307540466
0.16081145308046932	0.16257857406088283	0.32329217254553205	0.2571403552192787	0.09617744509383687
0.16100770783754678	0.16131644199399095	0.32614663068762817	0.25624733400155714	0.09528188547927675
0.16034803339211245	0.16291545232822824	0.32773857925517136	0.25545396429705414	0.09354397072743365
0.16168987009819843	0.1602168990178921	0.3248934445128421	0.2568407277477977	0.09635905862326949
0.15887638564446027	0.16052095545180065	0.3242438891455446	0.2605401120012788	0.09581865775691555
0.16365878335668213	0.16424883852997707	0.328081568461145	0.25053896746894844	0.09347184218324718
0.16345321018933168	0.1641124765152131	0.3244036744392855	0.25367361878518446	0.09435702007098506
0.16218911599897815	0.15818004305711955	0.33446282483517936	0.2516490341218315	0.09351898198689124
0.1597190650573875	0.16031801435007137	0.3275791188803371	0.25586336600563137	0.09652043570657245
0.16279504079188808	0.15804616317661324	0.3267863851993446	0.2556656844486648	0.09670672638348904
0.1638438630921771	0.16476551015236296	0.3266854194319384	0.2506965751107163	0.09400863221280503
0.16368353456811358	0.1638439300975742	0.32488971155176666	0.2523571671655379	0.09522565661700745
0.16289749863393185	0.1621827976169316	0.31988513971946053	0.2600006603672998	0.09503390366237602
0.16398016691688794	0.16195629433470388	0.3270598941924548	0.2509957211693527	0.09600792338660051
0.15581625254976147	0.16183132764097408	0.3330197752475068	0.2523694924371469	0.09696315212461055
0.16255569516685497	0.16406531911145714	0.32292409439514463	0.2533882046605544	0.09706668666598861
0.15648304390418466	0.1639763364926965	0.33263639581009197	0.2507795005327706	0.09612472326025615
0.1580041313164676	0.15944313064073345	0.335005466390937	0.25138563252434143	0.09616163912752039
0.16194937630157438	0.16096483038566486	0.33028112499788376	0.25184788553810655	0.0949567827767702
0.16402107001739671	0.16053393426032275	0.3199384466209931	0.2582225281700266	0.09728402093126065
0.16118582612256413	0.16043899193072045	0.32171862358527326	0.25972148675053836	0.09693507161090364
0.16241075449592138	0.16430953117575858	0.3237776543439999	0.2558812944442429	0.093620765540077
0.1593957840863089	0.16326240364672387	0.3317885315038482	0.25201006023515227	0.09354322052796657
0.15840618529595513	0.15862577699466712	0.33044636532314065	0.2558377540476977	0.09668391833853918
0.16134250560797858	0.1615038417920191	0.3273545262773019	0.2556389697185227	0.09416015660417755
0.15849192439721976	0.16415633294039578	0.3241916737743348	0.2588538126587668	0.09430625622928268
0.15643953392147508	0.15926311543391264	0.32879188629131306	0.26009407129617923	0.09541139305711979
0.1614875407272591	0.15841706858614724	0.3336143955114959	0.2511642005152307	0.09531679465986688
0.16253731746305403	0.162994209086764	0.3271201341761536	0.2530941484476722	0.09425419082635592
0.15737832264259327	0.15919569918034837	0.33441381032484885	0.2547966029971965	0.09421556485501284
0.16053487060883584	0.16400708862368202	0.3294548926997798	0.2507794258774883	0.09522372219021386
0.1621782006346707	0.1626388980727464	0.32951253727735563	0.2520578857128758	0.09361247830235125
0.15858547462929823	0.1587406857888259	0.32690337717498236	0.25929917482701376	0.09647128757987955
0.15795551270682878	0.15978926075346972	0.32979883340262417	0.2570141994428485	0.0954421936942287
0.15661244170666988	0.16339194510985489	0.33075266719496477	0.2544749941183466	0.09476795187016365
0.15954776599184606	0.1599646502130817	0.33153336671937006	0.25127002569932044	0.09768419137638147
0.16252427105228792	0.1617180610417995	0.31958965416791646	0.25997490979991345	0.09619310393808245
0.16101027072470783	0.15904501129703918	0.32913632260288544	0.2528828454556409	0.09792554991972643
0.1590607284885943	0.16047556778309816	0.32614756624378105	0.25897679604542434	0.09533934143910193
0.1573389490593652	0.16083102525857396	0.33228157408957226	0.2514886347520347	0.09805981684045363
0.15976637376200098	0.15933117459645552	0.3291803272892472	0.25509075930560177	0.0966313650466944
0.1639411936660448	0.16252723998140906	0.3198520557712124	0.256352520361235	0.09732699022009854
0.16059014105169978	0.16205566238896302	0.3291329419560234	0.25287523992747535	0.09534601467583828
0.15864260028612132	0.1571396437384468	0.32892269237974303	0.25778397003508835	0.09751109356060028
0.15648462384507708	0.16244836673284047	0.3296262898142384	0.2556501662059539	0.09579055340188994
0.158719124470931	0.1635384616619903	0.3241862545661417	0.259096888039745	0.09445927126119177
0.15986351058738102	0.16221409020785116	0.32410337320966	0.2588087228451656	0.09501030314994208
0.16309231069025437	0.1632966631316557	0.32575593618653687	0.25240083861996077	0.09545425137159211
0.15710414477719642	0.15859086866011107	0.33488391741157886	0.25409471829446995	0.09532635085664351
0.15645353421888802	0.16279087664895464	0.33538616296562695	0.2514105674206699	0.09395885874586017
0.1622731498621225	0.1618382463085917	0.3240528070325316	0.2572433639741801	0.09459243282257401
0.15946326943409472	0.16002963396359765	0.32988676420818297	0.25506545180296764	0.09555488059115683
0.16275967349080764	0.16495431123852916	0.323097125823618	0.2552669266554554	0.09392196279158954
0.16397367131372695	0.160273625442095	0.3295697556448227	0.2521507623613801	0.09403218523797502
0.1557807191516969	0.15790445702948597	0.32930254590424124	0.26039269379384217	0.09661958412073351
0.15928532442199272	0.16089970387571592	0.3252139004363661	0.2586762285177417	0.09592484274818333
0.15943616705846364	0.16354821174508014	0.32410881137886605	0.25770484261813403	0.09520196719945596
0.1569658367161303	0.16433007705130512	0.32857877652918577	0.256612719336587	0.09351259036679166
0.1623173169435842	0.15937471607494916	0.32594503675821407	0.25441779281380106	0.09794513740945138
0.1620626064378712	0.16294259384502963	0.323354259343498	0.2546858948336661	0.09695464553993485
0.16198166245859777	0.16025240779116853	0.32059883418520474	0.2596490370033067	0.09751805856172208
0.15819820862837278	0.16418815705664863	0.32658179530336706	0.25371287857711555	0.09731896043449573
0.15944679997038863	0.16386992804015865	0.3252688566119918	0.2569848112150869	0.09442960416237377
0.15670754613542898	0.16098357687925147	0.3307681202223717	0.2535582772238165	0.09798247953913117
0.1559198810503255	0.16425176069608904	0.32611225452059633	0.25684485153546777	0.09687125219752114
0.16080625765791837	0.15910218559483952	0.32911444636841714	0.25359641799166593	0.09738069238715885
0.15878803368452357	0.1569744211968151	0.3319826266253397	0.25591526908274914	0.09633964941057223
0.16182005139961952	0.164930719214575	0.3284223284490077	0.2510344152047571	0.09379248573204044
0.16307652874946016	0.1625770149588933	0.3205522383120876	0.2564757829944212	0.09731843498513752
0.1631771093567044	0.15759570781297286	0.3216408647819087	0.25990685187812335	0.09767946617029048
0.16235837918985413	0.16019345863798515	0.32225911948155184	0.2573131008808354	0.09787594180977324
0.15983200869279277	0.15968997481385874	0.32531523372869536	0.2600045908572888	0.09515819190736416
0.16081022170495407	0.1577261663219317	0.33147906766659685	0.25301656856460264	0.09696797574191457
0.16102714136635923	0.15907373367903954	0.3345385324330481	0.2505455203527959	0.09481507216875704
0.1579833052444025	0.1620804100461405	0.3283399215717169	0.25611323300928895	0.09548313012845097
0.15605325067406273	0.1602662344010185	0.32752755142168843	0.2602821963899441	0.09587076711328611
0.16277926419234806	0.16281346117280995	0.3212381847882248	0.25672635182385883	0.09644273802275811
0.15710015557468282	0.1620956301026081	0.3247083138202559	0.2594306537911486	0.09666524671130441
0.16277263928201757	0.16181958808013508	0.3238686298557044	0.25525639896947205	0.09628274381267064
0.16042350629987737	0.15699151452375798	0.3307179846722523	0.2583402850059522	0.09352670949816
0.16015094347430708	0.15973013900152977	0.3308539557064026	0.2549210724352876	0.09434388938247279
0.15772214533400303	0.16068337672978134	0.3311377776771371	0.25427097457158926	0.0961857256874891
0.16040331724539586	0.16007445691288952	0.3301923796512274	0.2552572773317019	0.09407256885878518
0.15864409083371298	0.16299852486789135	0.32910166954944514	0.2553801255207055	0.09387558922824482
0.15811350083681128	0.1649652954512396	0.33028595488917334	0.25060217258243983	0.09603307624033575
0.157214752602243	0.1635501859372356	0.3250669371132141	0.2592148184471453	0.09495330590016177
0.15923777210035525	0.15896083027325392	0.33529580929195013	0.25047183993212385	0.09603374840231668
0.16245819337570636	0.1588843905347707	0.32661421399201085	0.2566657307791866	0.09537747131832527
0.15736644145155676	0.1635393141242149	0.3277834557494916	0.25634155070545767	0.09496923796927889
0.15800895145926222	0.16033620490928138	0.3263041950985447	0.257386941795909	0.09796370673700253
0.15972320088258268	0.16425376131234257	0.32216049751824727	0.2586675251376057	0.09519501514922152
0.1637710678093043	0.1638829115575334	0.31949980353381646	0.25643079234150445	0.09641542475784115
0.1569002463201962	0.16400256862894982	0.33041065733360164	0.2533494651543611	0.0953370625628911
0.16010116287283355	0.1578633432686115	0.33277020417881675	0.25119230152405897	0.09807298815567907
0.15650822747480467	0.1618070573565903	0.3339744121059089	0.2527868832006073	0.0949234198620886
0.15606024917102657	0.15935991806210262	0.3285254979593235	0.25967005265165677	0.09638428215589034
0.15644669326202926	0.15756334930949856	0.33555950262507617	0.2560538455047684	0.09437660929862739
0.16008218712809624	0.15821182164161215	0.3270526662918688	0.25767884159176185	0.09697448334666078
0.1597808951552002	0.16380910743127822	0.3218108045991043	0.2568019101193751	0.097797282695042
0.1635666772504492	0.16347833566549452	0.32376385832865223	0.25487150856675733	0.0943196201886465
0.16170367792605825	0.162394658551751	0.3205942874829615	0.25941677945726677	0.0958905965819623
0.16004635708801193	0.1622276770938592	0.3285550889443162	0.25161348303175557	0.09755739384205694
0.1565615495614627	0.1579454996419206	0.3293928957253476	0.25922450901742733	0.09687554605384166
0.16072846484869957	0.15765421802075547	0.33416586890364863	0.2505936717631158	0.09685777646378041
0.1570357614583009	0.16508462291262738	0.325686005688162	0.25875022405857045	0.09344338588233908
0.1588432296993395	0.16436027445016646	0.32392769284899375	0.2559089285730092	0.09695987442849091
0.1599822790675118	0.1628646162932301	0.32695561917089677	0.2547156729424607	0.09548181252590043
0.15692411651945629	0.16302483771900084	0.327584577355008	0.25814832374226276	0.09431814466427188
0.1597773181399583	0.16363365829075566	0.3241815050682163	0.2553399520958276	0.09706756640524193
0.15940891884883218	0.15931662564115054	0.33341458656944395	0.2513078720201602	0.09655199692041298
0.1596661391414132	0.1572173546548336	0.3281817047188649	0.2571180404843266	0.09781676100056153
0.1586097235454908	0.16266378644241322	0.32530918075083726	0.2569003903165933	0.09651691894466524
0.16228151846926292	0.16000646311966796	0.3266550733454363	0.2543137701729139	0.09674317489271872
0.16203850786357737	0.16154447794692428	0.3225574340006313	0.2570927543071623	0.0967668258817046
0.15633895815773885	0.1623792196111819	0.3326122036921045	0.25441912611881323	0.09425049242016134
0.15704385923430278	0.1593243894755263	0.33406222722601053	0.25148011645177293	0.09808940761238727
0.15739336239072488	0.16256928868296355	0.32801911647999016	0.2573522557227061	0.09466597672361515
0.1593891887596335	0.1604456113188023	0.327458508547532	0.2554957378976515	0.09721095347638048
0.15580124408178078	0.16142529202555583	0.33250371806824147	0.2562424457004938	0.09402730012392793
0.16027239278286348	0.15735168462499644	0.33463925010166495	0.25378206693546523	0.0939546055550097
0.1591724563779781	0.15834462500635071	0.3350730432230843	0.2512821161824987	0.09612775921008802
0.16374122605596259	0.16068669332974092	0.33124999958540075	0.25092434806244196	0.09339773296645362
0.16025225227072448	0.15991645547022273	0.32183013770549745	0.26046989570935014	0.09753125884420497
0.16121083737288655	0.15699670521838968	0.3267415501870006	0.2600374899019287	0.09501341731979424
0.16164026801349946	0.1571971901033326	0.3261001738739442	0.25782255815510813	0.09723980985411548
0.16353402770412342	0.1585471882468018	0.32311488629698626	0.258028017548472	0.09677588020361634
0.15615483884905607	0.15802958005593867	0.33284228319405085	0.25848149428277045	0.0944918036181838
0.1637433937409115	0.15968999625459485	0.323001719735266	0.25547922267205264	0.09808566759717478
0.16094371298294394	0.1643544239489066	0.31939534602739156	0.25975020018585926	0.09555631685489842
0.16059104968561144	0.1617137448871961	0.3242130739712116	0.2597536440936138	0.09372848736236686
0.15581536966134404	0.16377476703018085	0.32957536477144905	0.25297391092996774	0.09786058760705814
0.1606246626513198	0.1609132509830961	0.3306235055056215	0.25175428239685205	0.09608429846311034
0.15968901048733664	0.1648014756843881	0.3294232178110157	0.25190132212481264	0.09418497389244675
0.15667992906673012	0.157259251955215	0.3355476531915772	0.25641024593358713	0.0941029198528903
0.1614562777410369	0.16191878392075265	0.32957867820828	0.25182629635046855	0.09521996377946168
0.16264757715514716	0.16411654342266724	0.3207469924370105	0.2544221898723478	0.09806669711282709
0.1618046269502192	0.15965951809862122	0.32326557092159086	0.25918147229529914	0.09608881173426936
0.16399422747911271	0.1582452522265977	0.32403389256548454	0.2585417673098033	0.09518486041900154
0.1627122873190845	0.16029038509268342	0.3240758287945419	0.2555199981516588	0.09740150064203112
0.15588299054902538	0.16298722593364212	0.32605347550420705	0.25776479314158846	0.09731151487153683
0.16093678087493413	0.1614411188413633	0.32578357745217534	0.25556138204162393	0.09627714078990307
0.1584963373628045	0.16476671250554772	0.3257166059856022	0.2571193858703307	0.09390095827571471
0.1579573370770082	0.15740270380206317	0.32961395175473174	0.2580135842353672	0.09701242313082947
0.16355372067728485	0.16313994619469474	0.3223727271910502	0.25391340019666336	0.09702020574030662
0.15835352812967296	0.16201962798393865	0.3292659149662549	0.2527954283452496	0.09756550057488375
0.16241794837526158	0.16062671950526308	0.32154344840051546	0.25777854284126595	0.09763334087769371
0.15911980562583852	0.15816470315754838	0.33033116287628483	0.25475347343676363	0.09763085490356448
0.1594825750813552	0.16159003030792696	0.3253425015602012	0.25868098611350443	0.09490390693701202
0.16330175126576724	0.1648349896638454	0.32079815472181594	0.25322140323384523	0.09784370111472604
0.15792975834896017	0.16333861659408427	0.32552028027548846	0.2562650958937315	0.09694624888773544
0.1621944552746454	0.16055028367441868	0.3282140488031798	0.25292051643339974	0.09612069581435619
0.15890330680963055	0.1581654146464431	0.3306531433823836	0.2588033221831627	0.09347481297837981
0.16269717072783083	0.15838668931167627	0.33011751798865063	0.2515632238716009	0.09723539810024116
0.16153211768092077	0.1638299716234651	0.32157508199911256	0.2572259463196199	0.09583688237688143
0.15745147528795395	0.1649520058007488	0.3317978073061871	0.25177875315601356	0.09401995844909641
0.15771342794066515	0.16028726680040775	0.3335450937858152	0.25219507275158515	0.0962591387215266
0.1637967567248877	0.1606988208220449	0.3277351114283631	0.25063362018297286	0.09713569084173124
0.16026781151555694	0.1586814432814276	0.32980063983557717	0.25529254182408284	0.09595756354335525
0.1565815124490274	0.1577657609429251	0.32887639572344696	0.2595161794517016	0.09726015143289875
0.15615051708188807	0.1591689235414197	0.3305314415304199	0.25620808184716287	0.09794103599910928
0.1639339378877941	0.16083852934089402	0.31911374297024864	0.25960801250134724	0.09650577729971585
0.16045772094123315	0.16163854771177694	0.3261336373682599	0.25453959471338566	0.09723049926534413
0.16231390334861912	0.1585466112363944	0.3315973469865629	0.25321034570511236	0.094331792723311
0.15820466231920513	0.16204162276698506	0.32926269867341657	0.25471464666698673	0.09577636957340634
0.16019766855274148	0.157234687270276	0.3274686994662812	0.2595012669970598	0.0955976777136413
0.16176767620440727	0.16102171303973356	0.3237606978508045	0.25694667739328053	0.09650323551177392
0.16205765992109433	0.16182525576393159	0.3200812938349694	0.25855456968577245	0.09748122079423202
0.16358928403656378	0.1638074956833321	0.32621759485717583	0.2527434432001199	0.09364218222280815
0.15645515154758077	0.15863068485390558	0.3343047295589523	0.25375417608946077	0.09685525795010037
0.16226480460065057	0.1635026639330888	0.3236823891107874	0.25520724588365523	0.09534289647181776
0.16025483025000273	0.15980104247840324	0.32357508930352186	0.26031336840907	0.096055669559002
0.15909931414919914	0.1603695290303873	0.3269489713332199	0.2575637175318847	0.09601846795530884
0.15767824205178954	0.16412709803078235	0.32462088618194856	0.25628535180821554	0.09728842192726384
0.1581229983725812	0.16335896330924282	0.3225910462915079	0.2584644918976556	0.0974625001290123
0.15650166172156862	0.15710133651251004	0.3343959122961025	0.25831288318466117	0.09368820628515753
0.16236181763419705	0.15981539271383602	0.32681846797556724	0.25622981558205027	0.09477450609434931
0.15857856783960114	0.16195831808943273	0.32886026273221614	0.25478240435755223	0.09582044698119757
0.1635673522877136	0.16498761288452893	0.321014286533803	0.2542957000731743	0.09613504822077998
0.16171287313115773	0.16223290456893075	0.33050974121048043	0.2514266975525812	0.09411778353684969
0.15949026871106178	0.15762344175629878	0.325679473140714	0.26012187429749023	0.09708494209443505
0.1608833423769209	0.1571160364228055	0.3336590861234393	0.2529731339662141	0.09536840111062002
0.15596598833412845	0.16256455690842952	0.33167976007807876	0.25477233060353655	0.09501736407582653
0.15591414352877128	0.16264229406108655	0.33457324734817584	0.25304988577581267	0.09382042928615345
0.15661154030467234	0.16061302904777505	0.33463729137198267	0.25365592416810395	0.09448221510746582
0.15728679571084309	0.16226088253690346	0.3303821799905551	0.2546348861965888	0.09543525556510932
0.16164215903713833	0.160634947703755	0.32988292594609936	0.2532606030321935	0.09457936428081365
0.16156336770492058	0.1577577457379966	0.32412600348891424	0.2603488157661201	0.09620406730204827
0.1628362683641846	0.16251168738470484	0.31933928244729615	0.2582510105336653	0.09706175127014892
0.15924145285646202	0.1638478149210118	0.3276643308792744	0.2539848644091499	0.09526153693410166
0.16151551722641905	0.16339138340391918	0.32685195247873206	0.2546243732945496	0.09361677359637992
0.15818045205558806	0.15894438691099827	0.33088949512475546	0.25765014891439214	0.09433551699426593
0.15808490189113095	0.1630114141866901	0.3332044797096231	0.2516885191779854	0.09401068503457026
0.15753793536318106	0.15953324302675495	0.3347304807017696	0.25432688718327595	0.09387145372501829
0.16336733398917364	0.16330627922090651	0.32198697910325774	0.254525891622418	0.09681351606424388
0.15882403958826422	0.15979270669720597	0.33136694748613016	0.2537103157360518	0.09630599049234766
0.16088807692911114	0.15714364450831997	0.33232145843590777	0.25453314775088426	0.09511367237577667
0.16047886218937146	0.16331988529198743	0.330225274931242	0.25046848576395186	0.09550749182344703
0.16288307416931108	0.15933738238734407	0.3243718044207856	0.25670039577559645	0.09670734324696259
