0.1814911555524926	0.0911094081516965	0.0904434866862044	0.27297925022209923	0.3639766993875071
0.18150043971417845	0.09109567438320197	0.09044353366724531	0.2729336346319141	0.36402671760345995
0.18150545965585094	0.09110819207734167	0.09041322274311486	0.27294776101454865	0.3640253645091437
0.1815051203623983	0.09110446559958722	0.09038273568309779	0.27296703754936624	0.3640406408055502
0.18150712327820195	0.09113489803386018	0.09039896649623186	0.272949372270633	0.3640096399210728
0.1814697958592666	0.09111763476485622	0.09043992667286782	0.27297236221217436	0.36400028049083477
0.181489129050181	0.09103756693928113	0.09048310440411031	0.27298327084907825	0.3640069287573491
0.18148394327442194	0.09118186400294362	0.09038180852234765	0.2729662817101455	0.3639861024901411
0.18148456998867293	0.09105695425061358	0.09044805509390419	0.2729679139154632	0.36404250675134586
0.181478464214494	0.09105727856728515	0.09045814500943475	0.27296952172050415	0.36403659048828174
0.18149487081078364	0.09113079669723051	0.09041483652885265	0.2729869307287754	0.3639725652343576
0.1814882451509756	0.09109503483440104	0.09049318926457858	0.2729431130304497	0.36398041771959483
0.1814987318970142	0.09113412006230272	0.09037458927200141	0.272958054291251	0.36403450447743047
0.18148294790191477	0.0911063231046349	0.09047410609261694	0.2729657809664032	0.36397084193442997
0.1815031235192749	0.09108992744298414	0.09040318515220955	0.27296455095864425	0.36403921292688696
0.1814720868303436	0.09114052844836028	0.09041452884633477	0.2729431596143125	0.3640296962606486
0.1814755460526888	0.09107404620469987	0.09044803061248233	0.2729816540055333	0.36402072312459544
0.1815043637739321	0.09102271153439552	0.09050614182888177	0.2729465784804547	0.3640202043823356
0.1814968583589037	0.09101244717468966	0.09046305440480712	0.272986181464097	0.3640414585975023
0.18149997896722336	0.0910812776802769	0.09038678708013126	0.2729912096744719	0.36404074659789637
0.18146964130660942	0.0911190409860314	0.0904129577577411	0.2729729320091731	0.3640254279404448
0.18149579051329431	0.09106276892258086	0.09044596948074532	0.27295306623017784	0.3640424048532015
0.18147264650955483	0.09111581413719846	0.09039360776549507	0.2729826973453185	0.364035234242433
0.1814695241996301	0.09118149892731736	0.09042062483550195	0.27295197888755274	0.36397637314999765
0.1814696890256933	0.09116970675820889	0.09038518648857281	0.2729354233800364	0.36403999434748835
0.18150782922139463	0.09102151045496254	0.09045674111254046	0.2729908606395367	0.3640230585715654
0.18149219685815102	0.0910954224029006	0.09043269178777444	0.2729837016328344	0.36399598731833926
0.18149583807877226	0.09112606239142435	0.09039634595554488	0.2729638120581641	0.3640179415160942
0.18147751455863784	0.09110004839538748	0.09040991446235176	0.2729629813352653	0.3640495412483574
0.18150390541559078	0.09117797135591321	0.09041040029776459	0.272937308098535	0.3639704148321962
0.18146705906047195	0.09104808833536375	0.09047471970348024	0.27298982188945764	0.3640203110112262
0.18147106243013048	0.09108816182932364	0.0904647372137873	0.2729343508626882	0.36404168766407025
0.1814907306720167	0.09103817926620134	0.09050615981247422	0.2729558119467448	0.36400911830256266
0.18147641766801692	0.09115154712291952	0.09046022452800569	0.2729393550327479	0.3639724556483097
0.18148175048106543	0.09120366322452107	0.09037752668237595	0.272933426121789	0.36400363349024834
0.18147370653778674	0.09108642167597847	0.0904663036796601	0.27293241539224977	0.3640411527143247
0.18150509095362194	0.09113924910371266	0.09042183216319646	0.2729554235053501	0.36397840427411854
0.181502261460936	0.09106165820517674	0.09046328198385852	0.27297132679364833	0.36400147155638024
0.18147959113048495	0.09104953566737012	0.09047893886869246	0.27294294767389604	0.3640489866595562
0.18146706503489357	0.09117964564033496	0.09042433751143832	0.27293917150051267	0.36398978031282025
0.18149849953445926	0.0910036386065507	0.09046907347115646	0.27299124212990156	0.36403754625793183
0.18148622031533995	0.091088428855658	0.09045173431833184	0.27297210337916333	0.36400151313150664
0.18148773554586128	0.0912049105293744	0.0903773123074733	0.2729566186549217	0.36397342296236906
0.1814993684583062	0.0910580921088076	0.09044442733449558	0.27296848029425536	0.364029631804135
0.18149380723281086	0.09111394149917207	0.09042363448136924	0.2729829320974918	0.3639856846891558
0.1814902029656792	0.091112071150354	0.09049049802619506	0.2729339954933616	0.3639732323644099
0.18148345133095256	0.09103283265777261	0.09048219934624631	0.27296719792993	0.3640343187350983
0.18148707222215524	0.09114558556545038	0.09040639722162988	0.27295735945465316	0.3640035855361111
0.18149057607584904	0.09117552133206219	0.0904154791668012	0.27294555614856014	0.36397286727672723
0.18149020553894646	0.09112062648166797	0.09043803390401081	0.2729794377057004	0.3639716963696742
0.1814963001163859	0.09117133189284649	0.09038436283297832	0.27294358875127367	0.36400441640651543
0.18148953592832864	0.09108681051559542	0.09045634654144569	0.27294085113878025	0.36402645587584975
0.18148668120244976	0.09110248151124037	0.09044004848140012	0.2729590229879903	0.3640117658169192
0.18149061481642947	0.09113387567868894	0.0904229364602171	0.27296168062605053	0.3639908924186137
0.1814967090139341	0.0910744062829866	0.09042632728428085	0.2729682997543489	0.3640342576644494
0.18147396680640285	0.09114609675262031	0.09046600814153238	0.2729311212119345	0.3639828070875097
0.18149240426608781	0.091103352096802	0.09037688908007961	0.27298782763456564	0.3640395269224648
0.18147749573934224	0.09115886476756976	0.09041531570376857	0.2729498075596696	0.36399851622964957
0.18150086664288453	0.09107644898087157	0.09044130252547035	0.2729447707293191	0.3640366111214542
0.18148005044810103	0.09106349562783964	0.09047344824009598	0.2729330703678029	0.36404993531616026
0.18147514548795904	0.09107283430137394	0.0904810867893216	0.2729683180797611	0.36400261534158407
0.18148356601320853	0.09111258998606916	0.09047758181163049	0.27295101404960753	0.3639752481394841
0.18149693153220955	0.0910575447310279	0.09047018254559393	0.2729627716006694	0.3640125695904991
0.18149989386816684	0.09100944293461051	0.09047700844725054	0.2729702199715588	0.3640434347784131
0.18150610914871035	0.09105667167293645	0.09049355873081623	0.27297442274054307	0.3639692377069937
0.18148195643716009	0.09107696502093107	0.09043649454912055	0.27296147140123384	0.3640431125915542
0.1814818234623297	0.0910651527593177	0.09049657936751002	0.27295071487902517	0.3640057295318172
0.18149916550725156	0.09102631927353767	0.09045938149289601	0.27296771182213964	0.3640474219041749
0.1814917378533481	0.09116517423245564	0.09038556854229966	0.27293913082748844	0.36401838854440793
0.18149894284119883	0.09111087526885273	0.09042900329764356	0.27298284235626546	0.36397833623603926
0.18150397804425977	0.09112047328855365	0.09041726870815757	0.27295090940076355	0.36400737055826526
0.18147139727622819	0.0912040581641843	0.09040028550805901	0.27295081505388025	0.3639734439976481
0.1814895546582381	0.0911160943690066	0.09043065895705794	0.2729432103945063	0.36402048162119083
0.18147940527990133	0.09109974607936455	0.09049347485823564	0.2729324204372134	0.36399495334528487
0.18147764036210295	0.09106697978829846	0.09049072301488126	0.27295581140022507	0.3640088454344921
0.18147168068286545	0.09109110890298555	0.09047448632490221	0.27294967185993424	0.36401305222931235
0.18147189716002646	0.0910843268799011	0.09047580377534241	0.2729487124591749	0.36401925972555493
0.1814736348254349	0.09102466033374423	0.0904885925302359	0.2729894540221537	0.36402365828843103
0.18148841731502974	0.09110429678941294	0.09040417495787066	0.2729674561701634	0.3640356547675231
0.18147202288710979	0.09118640478251153	0.09042182088227671	0.2729490347873601	0.36397071666074166
0.18147338861895881	0.09111596897431716	0.09045826450332747	0.27293323536869074	0.3640191425347056
0.18148291832126381	0.09111676791915702	0.09042548226276326	0.27297773119119784	0.3639971003056178
0.1814852299155634	0.09103906055083254	0.09048694288381212	0.2729867155967428	0.36400205105304895
0.18149330353658386	0.09102410942879394	0.09050178507394979	0.2729655555283296	0.3640152464323426
0.1815062944664425	0.09105391734153342	0.09044762903340728	0.2729507632051122	0.3640413959535044
0.18147400909119304	0.0911537184909909	0.09044670581094975	0.2729395126681086	0.36398605393875744
0.18146771660922734	0.09107499678300374	0.09042710786200481	0.27298398461782447	0.36404619412793937
0.1814961809176837	0.09111477314437594	0.09037903362102456	0.2729819389886382	0.36402807332827736
0.18149429154894775	0.09109419924405726	0.09043543506365656	0.2729658474923028	0.36401022665103544
0.18149994283120996	0.0910482541519867	0.09049581083610443	0.27298164485071374	0.36397434732998496
0.18149393601182234	0.09114040750608482	0.09041682596497008	0.27296510978507205	0.3639837207320505
0.18149386187170274	0.0911008143213961	0.09044328363804055	0.27296799054735965	0.3639940496215007
0.18147453856610019	0.09117223766784009	0.09038084244858907	0.2729464020257466	0.36402597929172387
0.18148577763368337	0.09117024621898673	0.09039699169069632	0.2729690491577077	0.36397793529892564
0.18147624969024576	0.09110926789312271	0.09046931527583432	0.27294295417350056	0.3640022129672965
0.18150455221215558	0.09100730569114768	0.09047309689295974	0.27298764896684535	0.3640273962368915
0.18146705146407982	0.0911652524588164	0.09039632318918284	0.27294187961369926	0.36402949327422146
0.18146735618586338	0.09114390558355219	0.0903849331467201	0.27298833711092235	0.3640154679729417
0.1814814249087528	0.09113170369922577	0.09040949072519469	0.2729313271925465	0.3640460534742801
0.18150432557579216	0.09100210022763743	0.09046282838889641	0.2729876860266011	0.36404305978107265
0.18149117602033132	0.09113419542604169	0.0904332558385729	0.2729592377152269	0.363982134999827
0.18150790319130222	0.09110163097585497	0.09046005985025202	0.27294266179955196	0.3639877441830386
0.18150267305874138	0.09103545387215412	0.09045260352596564	0.27298747520495137	0.3640217943381873
0.1814764140934595	0.09105498817697491	0.09047341217096719	0.27295236877992857	0.3640428167786697
0.18150483045495225	0.09101787526611611	0.09047587250930154	0.27296443137470167	0.3640369903949282
0.1815066493624632	0.09106151031108123	0.09046590375627643	0.2729769262269894	0.36398901034318953
0.18148078733476594	0.09111173768152235	0.09039409567682631	0.272987095363391	0.36402628394349423
0.18149459587982184	0.09117133549207183	0.09041169764626349	0.27294870490853873	0.3639736660733039
0.18150252288240495	0.09107763960355347	0.09042454439365288	0.2729668492557237	0.36402844386466476
0.18146798242420484	0.0911415750245784	0.09047178372384115	0.27293173734096093	0.3639869214864145
0.1814930832360435	0.09107074276679536	0.09045625275162751	0.2729417927199903	0.3640381285255432
0.18147080534116283	0.09107254827581715	0.0904790188928907	0.2729715798675122	0.3640060476226169
0.18146745416240442	0.09118477319733045	0.09038416225863911	0.2729771056573068	0.363986504724319
0.18146748757737594	0.09115183154616584	0.09042203722574725	0.27293685804513407	0.36402178560557674
0.18148594875779234	0.09105843467817475	0.09049817145517061	0.2729384422855724	0.3640190028232897
0.18150436127351063	0.09110662576335656	0.09043978008528734	0.2729784574790913	0.363970775398754
0.1814698357730218	0.09102564155091661	0.0904704413707893	0.2729860165561253	0.36404806474914675
0.18150760113808811	0.09114664524205762	0.09038695114019601	0.27294418677649335	0.3640146157031646
0.18150483642423562	0.09101503911115083	0.09047565347060862	0.27297600119649085	0.3640284697975139
0.1815040910454228	0.09111288857517046	0.09046315942840949	0.27293824489238694	0.36398161605861007
0.18148232132279069	0.09116898994193068	0.09038636038405687	0.2729580236880119	0.36400430466320965
0.1814709510022277	0.09110750298906953	0.09048794067032902	0.27294428666079074	0.3639893186775828
0.18149326143527317	0.09111271609447422	0.09043982622340499	0.27293516583644156	0.36401903041040584
0.18148983011810801	0.09113154262494841	0.09038330209065795	0.27298923238430495	0.3640060927819805
0.18149354863406178	0.09101928087448077	0.09048163834968417	0.27296736968715307	0.36403816245462006
0.1814815206566763	0.09111825818613459	0.09046074789021556	0.2729499731857039	0.3639895000812694
0.18147599022217897	0.0911041176769479	0.09047450343160474	0.27293330952215966	0.36401207914710854
0.18148855816216158	0.09108509106866153	0.09047672408884799	0.27295416119163896	0.36399546548868966
0.1815053628880003	0.09106025596490883	0.09047928354601989	0.2729786883276415	0.3639764092734293
0.1814860765384832	0.09102329953873112	0.09048997204905723	0.272987231297373	0.3640134205763552
0.18150734045155004	0.09103416433748658	0.09045090199518548	0.27297557813218076	0.36403201508359695
0.18147075633425339	0.09119983708050106	0.0903785505843755	0.27298021072895395	0.3639706452719159
0.18147197597360842	0.09112957898882762	0.09042164729081992	0.2729320742597139	0.36404472348702993
0.18150216731486843	0.09109798216997891	0.09042126409362387	0.27294035873413863	0.3640382276873899
0.181471464562176	0.09118297760261637	0.09039864813784562	0.2729531053504875	0.3639938043468743
0.18150043459421053	0.09114309755296945	0.09038524450328919	0.2729615431117882	0.3640096802377424
0.1814698715675075	0.0911647232140308	0.090401194732792	0.2729701743583515	0.36399403612731795
0.1814995047531227	0.09111028425680409	0.09038564517452619	0.27297326003067257	0.3640313057848743
0.18148045789958867	0.0910345921780069	0.09046355217373062	0.27298127700120595	0.36404012074746767
0.18148559011655008	0.09105927257917915	0.09044045041753228	0.2729907338350548	0.3640239530516835
0.18148656596057916	0.09107428216607741	0.0904529846178779	0.27298409456431777	0.36400207269114754
0.18148058041741633	0.0911498197892732	0.09045080424353018	0.27293677773397945	0.36398201781580064
0.18147668245646836	0.09111315043584037	0.09048309893558981	0.2729381865131849	0.3639888816589163
0.18147748396520547	0.09110374556190627	0.09038754705167122	0.2729855377436293	0.3640456856775875
0.1815072294071061	0.09106161869543601	0.09049169672593231	0.27296611664193676	0.36397333852958863
0.18147228265609588	0.09116305118601722	0.09039478972355973	0.27296374679567026	0.36400612963865664
0.18148378112577376	0.09112564145426419	0.09045898450336015	0.27296281708309605	0.3639687758335057
0.1814808012663022	0.09115797651492769	0.09038336890182319	0.27295415685830726	0.3640236964586394
0.18147743680680714	0.09111012126973876	0.09044422383793431	0.27297607826921444	0.3639921398163052
0.18149884148490336	0.0910555532104309	0.09050333977411361	0.2729393083581103	0.3640029571724417
0.1814903811838981	0.09106033634620878	0.09044875165311092	0.27298607353213833	0.36401445728464366
0.18146859925105585	0.09117007380483802	0.09037918598760242	0.2729419029027419	0.3640402380537616
0.18146704569392205	0.0910864322313109	0.09045008351486335	0.2729878831262328	0.3640085554336707
0.18149473002836164	0.0910489274737142	0.09044374323828282	0.27297645537511117	0.36403614388453
0.18148209876220678	0.09107781215484193	0.09046557581225705	0.2729453773281441	0.36402913594254993
0.1814813284516389	0.09117366688649922	0.09042088603430533	0.27295123568708396	0.36397288294047236
0.18150507807830363	0.09114321000996851	0.09040362659928326	0.27294686728318973	0.36400121802925467
0.18147460909628907	0.09111630207553617	0.09043022223183053	0.2729705344258443	0.36400833217049977
0.18150102826120754	0.09105261624348313	0.09047904730410872	0.27298444889720963	0.3639828592939908
0.18147586065735252	0.0911584567919001	0.09042822593268149	0.27295630474491533	0.3639811518731504
0.1814874244321623	0.09110593806234497	0.0904258432799287	0.272968811048259	0.3640119831773048
0.18150363376896134	0.0911045403476312	0.09038763509134069	0.2729672799419147	0.3640369108501519
0.1814726766798327	0.0910669648869663	0.09049008230407687	0.2729570978689303	0.36401317826019364
0.1814726009200096	0.09104856854858681	0.09047304575792192	0.2729582822322769	0.36404750254120455
0.18146900101323124	0.09107278775223977	0.09046102335137923	0.2729780433743595	0.36401914450879
0.1814730862143936	0.09109503632704671	0.09045021420846874	0.2729908946859077	0.36399076856418305
0.18147639437300497	0.09116151225662823	0.0903745901153548	0.2729704115773117	0.3640170916777
0.18147141974641934	0.0910893749530452	0.09045576170292077	0.27293799001425556	0.36404545358335894
0.18150345051972058	0.09110637857441055	0.09039591992863234	0.2729757009573833	0.36401855001985306
0.18150135462170452	0.09108442781379647	0.0903917261531623	0.2729852050787764	0.36403728633256005
0.18148802601666322	0.0911208213146546	0.09045040142944813	0.272956297819786	0.36398445341944785
0.18146885076108618	0.09115198063125625	0.09038138749586139	0.27298584853681235	0.36401193257498365
0.18148594063655532	0.09111210484542356	0.09040659294884268	0.2729598382044817	0.36403552336469647
0.18149332003353086	0.09101124654449691	0.0905000406538339	0.27295834719685164	0.36403704557128647
0.18147598144484187	0.09108033037773779	0.09049263309553938	0.272940764858861	0.36401029022301973
0.18147058987689568	0.0911755437949893	0.09041273736103345	0.27295654631572797	0.36398458265135336
0.18146809601732783	0.0911321151110017	0.09044736797493358	0.2729516362070186	0.3640007846897181
0.1814818355825345	0.09106612803342826	0.09048266155586801	0.27296638681896157	0.3640029880092075
0.1814884487220637	0.09113248037891677	0.09041820156306651	0.2729651990613329	0.36399567027461993
0.1815025714721394	0.0910741874440053	0.09043196426964267	0.27297189074660705	0.3640193860676053
0.1814882956396208	0.09109245524474247	0.0904332875339233	0.27294678015176715	0.36403918142994607
0.181468846992827	0.09105194782599536	0.09050547928835287	0.2729659792403235	0.364007746652501
0.18148547020250397	0.09119801686247828	0.09038579205409958	0.2729478020040226	0.3639829188768954
0.18149492967256414	0.09113558129395984	0.09044814502129737	0.2729425402817518	0.3639788037304266
0.18149033549918003	0.09111594530438015	0.09044096319388285	0.27293525156760823	0.3640175044349485
0.18150283006755763	0.09106233630445468	0.09049028237557558	0.27293994287058493	0.364004608381827
0.18147143699058985	0.0911327868144001	0.09043618039155539	0.2729864767977261	0.36397311900572843
0.18150748717632034	0.09115612108102342	0.09037756986874235	0.27297985270830605	0.3639789691656077
0.18147047810440237	0.09117273270383669	0.09043602685668704	0.2729311628954626	0.3639895994396111
0.18148668711566984	0.09107920042736956	0.09046710654362396	0.2729701559480245	0.36399684996531195
0.18150019922392427	0.09112039869088798	0.09046239872796355	0.2729479761214494	0.36396902723577457
0.18150018857696576	0.09114242419968722	0.09041954180229977	0.27295908987076467	0.36397875555028236
0.1814914167850927	0.09103372417476367	0.09048140647244253	0.27297805862633584	0.36401539394136506
0.18150108940669707	0.09104653477281732	0.0904491899823078	0.2729690501863714	0.3640341356518062
0.18146825189248167	0.09113737887887342	0.090425448146893	0.2729537282131382	0.36401519286861345
0.18147516882380277	0.09106980349845264	0.09049464615314595	0.27298513886535697	0.3639752426592414
0.18149316203389623	0.09103514167058499	0.09050574433006744	0.2729479198067323	0.36401803215871886
0.18149642208602107	0.09120692259828814	0.09037917458064093	0.27294655412109725	0.3639709266139525
0.18146931356682308	0.0911347024253765	0.09039159934967061	0.2729559047046435	0.3640484799534861
0.1814886828436741	0.09106454735118169	0.0904728811327914	0.27295951533054125	0.36401437334181136
0.18148361558551424	0.0910466690626584	0.09045790946844828	0.2729854502026704	0.36402635568070846
0.1814934608986623	0.09107419672051452	0.09046420999810369	0.2729838948486424	0.3639842375340769
0.18150193595233854	0.09117167886858978	0.09038228126998817	0.2729310122202018	0.3640130916888815
0.1814929073447108	0.09109024050364051	0.09046305154720707	0.27296340236477146	0.36399039823966994
0.1814908456074007	0.09116201566358313	0.09039338231939727	0.27298249636011596	0.3639712600495027
0.18147149319766173	0.09113200211768697	0.09043767120665357	0.2729431904039553	0.36401564307404216
0.18150363409187953	0.09115125078917174	0.09038773784661794	0.272945026768594	0.3640123505037366
0.18147517418204814	0.09105641817454085	0.09049062114268296	0.272961564608207	0.36401622189252086
0.1814829706579325	0.09107018802810185	0.09050184689277513	0.27296193726246243	0.3639830571587278
0.18148857392525897	0.09102555993312302	0.09050160587942307	0.2729349848873652	0.36404927537482956
0.18150030222954452	0.09111443427997352	0.09042827006230544	0.2729717852153073	0.363985208212869
0.18149967213375173	0.09116992459741427	0.09041285519422516	0.2729452767928791	0.3639722712817295
0.18147196201560567	0.09115258478137224	0.09042427543341865	0.272970345897954	0.3639808318716492
0.18146845535991324	0.09117243330966175	0.09039558844313002	0.27294568954520093	0.3640178333420938
0.18150651701520737	0.09111314885985242	0.09045363854631508	0.2729304998702466	0.3639961957083783
0.18149351534547178	0.09108262176213823	0.0904573039632015	0.27297666644990326	0.36398989247928504
0.18148863547930602	0.09111636959553882	0.0903948689710719	0.27295133275409383	0.3640487931999892
0.1814943655677304	0.09115034493642259	0.09040727552184671	0.2729435209569082	0.3640044930170918
0.1814957460804894	0.09118497677910775	0.09037677057101129	0.27296936536868577	0.36397314120070556
0.1814964506414657	0.09102597201150256	0.0905030637804631	0.27293769339861307	0.36403682016795536
0.18150412303956093	0.09102040588256027	0.0904909247664366	0.2729851986759917	0.36399934763545033
0.18150565570144278	0.09101013041790951	0.09046189910726982	0.2729827923038033	0.3640395224695744
0.18146750141680543	0.0911413024699361	0.09043633094632139	0.2729331648034466	0.36402170036349024
0.18147195955646622	0.09116617301541563	0.09040359113393431	0.27298408929392276	0.36397418700026085
0.18150740833339957	0.09105448023048657	0.09048011957825189	0.27298758127036027	0.36397041058750146
0.18147059589488596	0.09105036462794157	0.09048821839986401	0.2729883180998054	0.3640025029775029
0.18149122984871652	0.0910586929637376	0.09047177343856101	0.2729442364128497	0.36403406733613497
0.1814816022508493	0.09107594959172022	0.09044473781492351	0.27299133358238925	0.3640063767601175
0.18147469692868878	0.09113108100978494	0.09045458231430696	0.2729577242185153	0.36398191552870385
0.1814947455027954	0.09108437814973655	0.09045688364040919	0.27296559190733716	0.36399840079972146
0.18147711377352105	0.0911842864493237	0.09039262172471932	0.2729399964690379	0.36400598158339786
0.18150033950934114	0.09111389538844014	0.09041840583478278	0.2729824748498796	0.3639848844175561
0.1814877010991423	0.09117403496892826	0.09039858584234683	0.27294019658906576	0.3639994815005166
0.18148308475188335	0.091058526799362	0.09046550795079042	0.2729624156139614	0.36403046488400265
0.1814671925221179	0.09119837836687529	0.09041784266742897	0.27294161883355467	0.36397496761002296
0.18148757485021116	0.09117602539582703	0.09038370296540432	0.2729804466487473	0.36397225013980994
0.18150475613093972	0.09106734194071991	0.09047981463126742	0.2729331003446392	0.36401498695243356
0.18147935606557264	0.09099991692318248	0.0905005797336769	0.27297516380273257	0.36404498347483516
0.18146768517859443	0.09115737021122947	0.09042897493846387	0.2729360662147998	0.3640099034569122
0.18149827769705382	0.09105171738801718	0.09048449954800888	0.2729532751199085	0.36401223024701135
0.18150033246433328	0.0910584944939681	0.09045701468954861	0.2729792244041757	0.36400493394797406
0.18150087548659977	0.09105714195344122	0.09047625694055816	0.27298251545543106	0.3639832101639696
0.18147505465825808	0.09107663944797278	0.09044966543464375	0.2729572137890109	0.3640414266701143
0.1814748990244023	0.09112763707877607	0.09043160720548683	0.2729630319060843	0.3640028247852503
0.18149464675206212	0.09108878218399252	0.09046512677598394	0.2729748573652921	0.3639765869226691
0.18149954281644	0.09101495654235123	0.09048394793993286	0.2729893398428808	0.3640122128583949
0.181496655058402	0.09105958150020116	0.09047733928135754	0.27297809363260217	0.36398833052743684
0.18147863566475195	0.09106198180759272	0.09044847280769905	0.27297857491467	0.3640323348052861
0.18147710032936296	0.09114352423113321	0.09045646339860526	0.27295488212766994	0.3639680299132284
0.18147716655912222	0.09109523923064575	0.09047697350507003	0.272946207510598	0.36400441319456384
0.18150488725241654	0.0911170054836235	0.0904017982751919	0.27297705203557954	0.3639992569531883
0.18150571576422772	0.0910914670990802	0.090453792760324	0.2729809390203714	0.36396808535599645
0.18146743542644508	0.09112565003842032	0.09049771726088818	0.27293244350342105	0.36397675377082517
0.18150599382031385	0.09111299222823964	0.09042480169069445	0.2729822289689908	0.363973983291761
0.18149766397630035	0.09112187730424023	0.09038311029553127	0.2729809067158788	0.36401644170804914
0.18147364397876836	0.09118355711147244	0.09037983100272988	0.272961315957225	0.3640016519498041
0.18149094024885548	0.09112278285005028	0.09039237869098941	0.2729454906833634	0.3640484075267413
0.18147866190660264	0.09108944150380394	0.09046595497246618	0.27293057124469067	0.3640353703724364
0.1814706813906347	0.09108375191955644	0.09047453014685437	0.27297904849074706	0.36399198805220717
0.181499204942776	0.09104641084917046	0.09042793408421909	0.27298405242167956	0.36404239770215474
0.18149001749692079	0.09102189914921488	0.09049624845763513	0.2729668067455915	0.3640250281506375
0.1814757973251399	0.09108408843894952	0.09044249107529671	0.2729560312121584	0.36404159194845526
0.18150177680334117	0.0910788138277735	0.09044041858796129	0.27296983069130715	0.36400916008961665
0.18150306956651097	0.09105235819354637	0.09049076192593078	0.27296930309371154	0.36398450722030007
0.18146969028325333	0.09111524923974908	0.09041803513583414	0.2729665965688196	0.3640304287723436
0.1815002426197535	0.09105396463666768	0.09047496117952525	0.2729894356848722	0.3639813958791811
0.18147148738998448	0.09118694357556183	0.09039038228168345	0.2729475142578763	0.36400367249489374
0.18147593615699664	0.09115648801202757	0.09042146901762509	0.27294890130174826	0.3639972055116022
0.18148479907439696	0.09102850979043887	0.09046164324244033	0.27297548695840257	0.36404956093432106
0.1814671503232296	0.09107509199441335	0.09049457829355596	0.2729443759293618	0.36401880345943904
0.1815043840989925	0.09111888858479458	0.09041674411146663	0.2729604700053048	0.3639995131994412
0.18149859773190993	0.09111214492044527	0.09039590557413875	0.2729914796425604	0.3640018721309455
0.18148753910678617	0.09110515546224097	0.09040608013029962	0.27298802309115494	0.36401320220951805
0.18147243280273379	0.09120539469884269	0.09039128887307407	0.27293589927970086	0.36399498434564836
0.18148092249114137	0.09104166685376996	0.0905040906119879	0.27296337373780855	0.36400994630529204
0.18148575110559625	0.0911069241380373	0.09045703884299232	0.27294991131161317	0.3640003746017607
0.18148006226861504	0.09110089224471012	0.09045502604542559	0.2729338137820163	0.3640302056592327
0.18147779272642783	0.09110170582283482	0.09046587647827824	0.2729388834246323	0.3640157415478267
0.1814730769332585	0.09108840413120915	0.0904643286312815	0.2729724644454558	0.36400172585879487
0.18150406539399982	0.09107227006690095	0.09045455458395876	0.2729491929497504	0.3640199170053898
0.1814813917604305	0.0910870222646089	0.09042665953251881	0.2729614731310561	0.36404345331138543
0.18148979060572046	0.09113404886502936	0.09043421866347949	0.27296991936770365	0.36397202249806687
0.1815073251704779	0.09103122195610033	0.09048537860824324	0.2729584092188404	0.3640176650463379
0.18149989683254486	0.09106109997408672	0.09045235875814034	0.27295125113715857	0.3640353932980693
0.18148210469575432	0.0911264322936351	0.09045958947627242	0.2729606267426755	0.3639712467916624
0.18147112234904642	0.09109828152277208	0.09046110236299851	0.2729408674978083	0.3640286262673744
0.18148979149209657	0.09113216908783218	0.0904125842468589	0.2729605554106007	0.3640048997626114
0.18150008602684586	0.09109455428347774	0.09041926187088184	0.27296632322187525	0.36401977459691914
0.18150443397464044	0.09102197094445633	0.09047483457636318	0.27298170738367067	0.3640170531208692
0.18150134684335856	0.09118373053245798	0.09037661522250143	0.27294950612188484	0.36398880127979694
0.18149779097534624	0.09118380011572302	0.09037868217214048	0.27295185964477897	0.36398786709201103
0.18150556133752493	0.09110006928643889	0.09039939869939904	0.2729523075035697	0.3640426631730672
0.18146809395007882	0.09106107030827061	0.09044918310801249	0.2729806368148384	0.36404101581879944
0.1814779904037729	0.09115733225061476	0.09039904589853734	0.2729684813412247	0.3639971501058501
0.18149197827462785	0.09114045237868282	0.0904010235675055	0.2729809644480974	0.36398558133108627
0.1814770760849797	0.0911868380502445	0.09041826740019965	0.2729418256008608	0.3639759928637152
0.18150442930617824	0.09104437761511631	0.09048216083890621	0.2729862677780568	0.36398276446174227
0.1814687999211681	0.091100544256944	0.09042210625424035	0.272979689669879	0.36402885989776834
0.18149634940278822	0.09115161700304499	0.09037995897854924	0.27298967250291595	0.36398240211270133
0.18147001190864484	0.09121502283889807	0.09038704354363655	0.2729512428175848	0.36397667889123553
0.18149043026756675	0.09110254147171332	0.0904434919219166	0.27294163362709695	0.36402190271170615
0.18146905589697368	0.09106238435837116	0.09050458719070627	0.27295410410187926	0.3640098684520694
0.18146991090058975	0.0912111925442175	0.09038586705318638	0.2729355000882092	0.3639975294137969
0.18148201235663938	0.09113933657229413	0.0903867300354814	0.27294806293233564	0.36404385810324924
0.18149087000954364	0.09116220244335126	0.09038391606592258	0.2729528718252225	0.36401013965595985
0.18148866459001012	0.0910877065348274	0.09047922748247686	0.2729575993057178	0.36398680208696765
0.18147412575580357	0.09113560643229353	0.09039745963099004	0.2729655245793814	0.36402728360153125
0.18147441774105333	0.09110314307834064	0.09045138336496347	0.27296933622086467	0.3640017195947777
0.18150249758707612	0.09107322176949495	0.0904197136193536	0.2729830348905388	0.3640215321335363
0.18148574357711958	0.09109897624213063	0.0904867490910619	0.27293882114658075	0.36398970994310686
0.18149881199255052	0.09106704475249487	0.09042208014078439	0.27298358429289216	0.36402847882127787
0.1814814591688396	0.09109841159038502	0.09048942821882647	0.27295149582058625	0.3639792052013625
0.18147446588750676	0.0910754861459093	0.09049140175851439	0.2729604532795185	0.36399819292855085
0.18148184709368353	0.09115413290777884	0.09037600022279252	0.27294845155473657	0.3640395682210083
0.1814760268761512	0.0911071108511152	0.09041060443773369	0.2729588092358243	0.3640474485991754
0.18147152064312955	0.09112676497381958	0.09042755690881024	0.2729729443720973	0.36400121310214306
0.1814730324991187	0.09108276180539648	0.0904450606527254	0.27297381299679946	0.36402533204595977
0.18149498836987418	0.09109082872076518	0.09046708563865166	0.27293460688114934	0.3640124903895594
0.1815009199169764	0.09112535027319163	0.09042427130469838	0.27296432790791864	0.3639851305972147
0.18149949034951063	0.09116379245107126	0.09039707150988752	0.27293574178249236	0.3640039039070381
0.18149027759006736	0.09109351222975323	0.09040468247410649	0.2729682326915373	0.36404329501453536
0.18149415942298477	0.09105716158946743	0.09046618380474024	0.27294249975075735	0.36403999543205
0.18148691795723448	0.09107595878696398	0.09049688966430988	0.27293640805867986	0.36400382553281163
0.18147297801805576	0.09117144554594586	0.09043563692975365	0.27294424767702474	0.36397569182921974
0.18149577540183542	0.0910638597377059	0.09046157794762878	0.272962883347292	0.36401590356553765
0.18149011746520566	0.0911058229276758	0.09045702082093776	0.2729540290894168	0.36399300969676374
0.18148296293839344	0.09099340590962843	0.0904967928938161	0.27298075486596646	0.36404608339219535
0.18148394024181427	0.09104680940002707	0.09046684939243413	0.272988202198866	0.36401419876685825
0.18147785171624764	0.09106177315387698	0.09043085856551424	0.27298249541909203	0.3640470211452689
0.18149147629070617	0.09101729044081411	0.09050674197397367	0.27294273541997116	0.3640417558745347
0.18146718092536512	0.09113583452157523	0.09040872627639655	0.2729610460843132	0.3640272121923497
0.18148402134822836	0.09106181831030136	0.09050131088351322	0.27295165940431776	0.36400119005363907
0.18146738110871155	0.09117225035001875	0.09041416310699343	0.27296364890144126	0.36398255653283484
0.1814818099866341	0.09107437772616048	0.09048633410124723	0.27298007659787027	0.36397740158808767
0.18146792455074084	0.09108615389435053	0.09046198108388838	0.27296739962162975	0.3640165408493903
0.1814955268072014	0.09111917855544674	0.09041286937828882	0.2729530099767164	0.3640194152823464
0.18146815750877854	0.09109982093019955	0.0905041655779665	0.272957232396409	0.3639706235866462
0.18150786442897168	0.091188385862332	0.090380200819325	0.27293217666277414	0.36399137222659694
0.18149386437251624	0.09116148500726111	0.09037589610181163	0.27295154439661556	0.3640172101217952
0.18147657776071902	0.0911066698692456	0.09046118303631367	0.27297051700662045	0.36398505232710104
0.18146958000118046	0.0911823922621024	0.09037924976772083	0.27295809844165597	0.3640106795273401
0.18150705473334658	0.0910491423296076	0.09043034329167253	0.2729880609629524	0.3640253986824207
0.1814755617920712	0.09106376475631456	0.09050332545541753	0.2729353514865759	0.3640219965096206
0.18147415828234353	0.09114735139566249	0.0903937515965599	0.2729856139155034	0.36399912480993046
0.18150483490392277	0.09104495016918601	0.09044553739589406	0.27298782469659283	0.3640168528344041
0.18149042146083433	0.09110176986926272	0.09048969091705793	0.27293207509729084	0.363986042655554
0.18147544867060814	0.09104412111755193	0.09048403795941919	0.2729687131416556	0.36402767911076495
0.1814708571881622	0.09112830028460914	0.09042927499169856	0.2729766078811333	0.3639949596543966
0.18149928687263522	0.09108154947804825	0.09040301256199532	0.27297529345540417	0.36404085763191685
0.18147880889218582	0.09117387636807898	0.0904316037163407	0.2729329505199903	0.363982760503404
0.18148643207919737	0.09115502447387609	0.0904096936321761	0.27296284896901996	0.3639860008457303
0.18148843328573547	0.09109590679220098	0.09046737249167702	0.2729368238380496	0.36401146359233666
0.1814915887306882	0.09113307753634467	0.09038727859456981	0.2729898784910031	0.363998176647394
0.1814823841010059	0.09115619850730453	0.09039021287884344	0.27296693822017515	0.3640042662926708
0.18147181233011309	0.09116567571427965	0.09041431486488254	0.2729759386474657	0.36397225844325876
0.1815064235263377	0.09112298578618322	0.09037719464446227	0.27298436673957355	0.3640090293034431
0.1814768388710114	0.09111080634197553	0.09044888501787061	0.2729395927584243	0.364023877010718
0.1814738093341831	0.09111658210947274	0.09046364669934837	0.27293487114180204	0.36401109071519355
0.1814931499011121	0.09113043168764544	0.09042732659380136	0.2729333170389701	0.3640157747784708
0.181501052440347	0.09108373253202484	0.090462359589886	0.2729741192817667	0.36397873615597526
0.18146834333724976	0.09121362910943095	0.09038712186075526	0.27293774553467587	0.36399316015788796
0.1814785866289474	0.09112628732273559	0.09041054308036914	0.2729882902794585	0.3639962926884892
0.18149675839506602	0.0911430695531061	0.09040622410170975	0.2729453459771968	0.3640086019729212
0.1814803603945247	0.09114695934949751	0.09040231374467225	0.2729790763131482	0.3639912901981571
0.18148693096195423	0.09105801239889709	0.09047468416092969	0.2729489793897636	0.36403139308845517
0.18149631016878454	0.09107582209062175	0.09042583451919245	0.27295216407531026	0.36404986914609083
0.18148806027549028	0.09117972520012693	0.09039494693979488	0.2729455244221216	0.3639917431624661
0.1814824237159718	0.09103347165794973	0.09049590134075011	0.27297819025784786	0.36401001302748026
0.18148390070492404	0.09110966551560863	0.0904079240860874	0.27295853208512344	0.36403997760825635
0.18148792911739633	0.091060168591043	0.09048420581210952	0.27296487207750325	0.3640028244019477
0.18150462401157821	0.09106541903159976	0.09046898306235909	0.27297141603158415	0.36398955786287857
0.18147352450415424	0.09114227380581041	0.09042828204749795	0.27293812391287825	0.364017795729659
0.18146765821655397	0.09116389599502996	0.09043459382079938	0.27295694699994344	0.36397690496767304
0.1814764607461248	0.09107380470712675	0.09044034228428913	0.2729652712080565	0.36404412105440254
0.18147503252332192	0.0912054464768512	0.09041028894096824	0.27293795375212915	0.36397127830672926
0.18149647261280766	0.09101427955614663	0.09049685442719618	0.27295666592051865	0.3640357274833307
0.18146775801798096	0.09110619037305114	0.09048037083251577	0.2729301318716502	0.3640155489048017
0.1815076894783959	0.09110279769547662	0.09045272757193737	0.27293130734963583	0.36400547790455406
0.18148498808302033	0.0910478053933965	0.09049080013917027	0.2729515214396132	0.36402488494479945
0.18146799807356806	0.09107334020146403	0.09045439313450797	0.2729911089769421	0.36401315961351755
0.1815015385023253	0.09112096978046921	0.09044886818435621	0.27293164964702443	0.36399697388582464
0.18147933967409827	0.0910931025079967	0.09044615536147438	0.27298224379080815	0.36399915866562227
0.18149493324436725	0.0910867013882605	0.09042072497655153	0.2729620064743838	0.3640356339164368
0.181494358853713	0.09108409203151767	0.09042802496447115	0.2729511835581642	0.36404234059213375
0.18150747908561757	0.09115211227724881	0.09038232043959374	0.2729892296710145	0.36396885852652516
0.18147810112135082	0.09117405845150695	0.09039116791999191	0.27297886162926144	0.3639778108778887
0.181477994891167	0.09111374902601851	0.09046428486916923	0.2729305152700303	0.36401345594361467
0.1814708123503257	0.09109329239850716	0.09042931664922965	0.2729765768846578	0.3640300017172794
0.18148463842489387	0.09115588085546411	0.09037889525546369	0.2729808909846703	0.3639996944795078
0.18147273045014858	0.09111648972582885	0.09041813617702335	0.27298704776026994	0.36400559588672904
0.1814916545970625	0.09113581438447119	0.09043939615661326	0.2729634110896866	0.36396972377216624
0.18150764016598112	0.09105819151763868	0.09048349806628597	0.2729517322707462	0.3639989379793478
0.1814783280768313	0.09106869955486893	0.09045428728090919	0.27296303245468473	0.36403565263270565
0.18150289201561154	0.09104694069519542	0.0904929668686418	0.2729676317626869	0.36398956865786414
0.18150309701976503	0.09101066011994115	0.09046300452533955	0.27298068667208286	0.36404255166287125
0.18148159484606102	0.09115429212752227	0.0904152275675425	0.27296025960638637	0.36398862585248765
0.18149405336325947	0.09106103998497855	0.0904808978853569	0.2729880559215694	0.3639759528448354
0.1815004111208762	0.09117409377403646	0.09039957571705826	0.27295239990926434	0.3639735194787645
0.18150002230898893	0.0910397965847112	0.09049668818515474	0.27298723312804507	0.3639762597930998
0.18146703305241801	0.09115315818642278	0.09044358442509348	0.27293132604873327	0.3640048982873322
0.18147241381611645	0.09116096315675977	0.09038589559807979	0.27295965718397075	0.364021070245073
0.18150648072085118	0.09114446005530644	0.0903856432362536	0.27294896894886533	0.36401444703872327
0.18147612687873085	0.09117538442699984	0.09043659976379455	0.2729397795965706	0.36397210933390395
0.18150213738348284	0.09108138760256101	0.09039324663484721	0.2729919809308771	0.3640312474482316
0.18147353708366354	0.09113620980605365	0.09045443656692669	0.2729414656041251	0.3639943509392308
0.1815018690575675	0.09102153613904407	0.09048681858446425	0.27295020597528336	0.3640395702436406
0.18149725660867527	0.09110068124849616	0.09041461626109856	0.27294275324567174	0.36404469263605804
