0.24222255303861645	0.20722383431925182	0.10252140785954829	0.2756226888004154	0.17240951598216775
0.24228389712292953	0.20694810388685556	0.10220736040182955	0.2759608376596612	0.17259980092872393
0.24139301591030143	0.20737077954868852	0.10337764749471719	0.2755175214167108	0.1723410356295818
0.24181324279126265	0.20687863113858718	0.10289041427797535	0.2757808958493704	0.17263681594280422
0.24204378617478658	0.206954861433374	0.1023692992893501	0.2760598188913286	0.1725722342111605
0.2422377514323425	0.20703245943758022	0.10243694217651328	0.27577979411469666	0.17251305283886714
0.24189612567669422	0.20691682681546722	0.10276224638084967	0.27596514913820175	0.17245965198878693
0.2413127823203994	0.20695317032969765	0.10303001701531671	0.27616056933054944	0.17254346100403653
0.2422196541370288	0.20697953874210187	0.10260492706369946	0.27566687671718537	0.17252900333998422
0.24223976656662688	0.2067606154448031	0.10230871200830037	0.2762724633729679	0.17241844260730152
0.24178712320534018	0.2068259522640056	0.10285229074383628	0.275991992620471	0.17254264116634666
0.24180136497104868	0.20718837488758868	0.1027974498878231	0.2756030603903147	0.17260974986322464
0.24186094149944176	0.2072526889804531	0.10212384859354547	0.2762289676102498	0.17253355331630962
0.24127925116018126	0.20722125573766556	0.10342998015910405	0.2756895388176419	0.172379974125407
0.2419075221915336	0.20715175064648295	0.10277668400523585	0.27554626582196196	0.17261777733478542
0.24238132973009285	0.20670189787433244	0.10244596852606958	0.2760999507588691	0.17237085311063577
0.2419807400523662	0.2069663947504769	0.10329498012453157	0.2755248805750287	0.17223300449759638
0.2415848703901087	0.20711952804495007	0.10344699389810812	0.27563335932463134	0.17221524834220153
0.24214858016418772	0.207307271088715	0.10207013870077147	0.2759579775494935	0.17251603249683203
0.24204879005359559	0.2067878077613368	0.10273809046873972	0.27610895436345045	0.1723163573528772
0.24196675174485155	0.20670470319653347	0.10286282860546833	0.2760360935916827	0.17242962286146368
0.2414214784229403	0.20694023499104094	0.10280999853398534	0.27624722841675403	0.17258105963527914
0.24187149588121157	0.20680369659486592	0.10261642192721991	0.2761613098023544	0.17254707579434797
0.2416817932610266	0.2071624282098977	0.10304140499525641	0.2756349025276757	0.1724794710061434
0.24204540733503527	0.20709062119956764	0.10270593063349887	0.2758684957229624	0.17228954510893554
0.24188174840445525	0.2071129644183206	0.10270876475392067	0.2759083300939732	0.17238819232933
0.24217650736711946	0.20698837783143612	0.10196969633592591	0.2762362969589567	0.1726291215065616
0.24196701129385384	0.20738284088085635	0.10215734932690002	0.2762192997296533	0.17227349876873624
0.24209149208444553	0.2069677973372162	0.10260795284375088	0.27595140672553614	0.17238135100905103
0.24207227325983735	0.2068649268214087	0.10238509858158004	0.2761770711745534	0.17250063016262024
0.24237062665297732	0.2068338450105418	0.10233746627878171	0.27604324776123795	0.17241481429646097
0.24189736192066202	0.2066876582686133	0.10314112020545554	0.27587447121528375	0.17239938838998514
0.24199407461138836	0.2070229569272231	0.10272215421395207	0.2760273709771145	0.17223344327032175
0.24234676865499866	0.20720043481308656	0.10226643094193925	0.27595001138096165	0.17223635420901362
0.24201637279193766	0.20717874024594354	0.10270811014319879	0.2757957786163176	0.17230099820260217
0.2423276868423001	0.20688582859666318	0.10245105416366913	0.2757723539777393	0.172563076419628
0.24220301811517297	0.20682923027013797	0.10236814912190302	0.27625530423217165	0.17234429826061415
0.24231983188869605	0.2072224887283576	0.10224134959091401	0.275999336161316	0.17221699363071613
0.24220356153611622	0.20725033817183838	0.10224194986576492	0.2757342932528234	0.17256985717345683
0.24228781208463626	0.20715354552303927	0.10223179696492606	0.2758739104472468	0.1724529349801514
0.2415989463061324	0.20706988859147812	0.10309667421328945	0.2759161587392717	0.17231833214982806
0.2419144309117827	0.2073692870014672	0.1027581370214479	0.2755630784419484	0.17239506662335358
0.24193635955264475	0.20729216723366192	0.10287203510977022	0.27565304838821014	0.1722463897157127
0.24158060474891102	0.2070910586144822	0.10333836631168346	0.27557490423965864	0.1724150660852644
0.24141583448434648	0.20725411373309566	0.1028643310675868	0.2759058436716509	0.17255987704331993
0.24210679946230645	0.20709830624558692	0.10252545769521747	0.2760521489438831	0.17221728765300587
0.24229599074831976	0.20670083089415212	0.10311092923795025	0.2756042054013458	0.1722880437182318
0.2419433019832861	0.2072521655581522	0.10202610820117752	0.2761311515962196	0.1726472726611644
0.2417644967104141	0.20690430345246374	0.10328707282711898	0.27565719102850267	0.17238693598150026
0.24212450822697992	0.2071903012285485	0.10214707520975048	0.2760800330412672	0.17245808229345364
0.24222324902004655	0.20732982716425805	0.10219919062633065	0.27561639772064245	0.17263133546872209
0.24159170913855837	0.20714631155868066	0.10272313479685923	0.27589884254071073	0.17264000196519075
0.24215690194352396	0.20701575195511407	0.10229689118167826	0.27592731145346394	0.17260314346621952
0.2414402703460182	0.20687967526138432	0.10323192016757812	0.27615450832796296	0.17229362589705619
0.24156266194115883	0.20687825879652966	0.10355907631058661	0.27573287367865806	0.1722671292730666
0.24209355009147449	0.2068664158016596	0.10322472963780924	0.27555498468278544	0.17226031978627096
0.24191058748340144	0.2071248682527988	0.10248679400109988	0.2761484739540884	0.17232927630861122
0.24222230130409214	0.20691273427448167	0.1024633000624045	0.27610586917276203	0.17229579518625943
0.24212933950944016	0.20720168767368768	0.10213421172914391	0.2762169714212462	0.17231778966648176
0.24159985527634653	0.20672727460195803	0.10367563455893317	0.2755378445559272	0.17245939100683477
0.24221601234377194	0.20719111018884367	0.10210959366850673	0.276155858292193	0.17232742550668442
0.2417736299699193	0.20697244327650619	0.10312726168881409	0.2757301884630517	0.17239647660170848
0.2417749365876089	0.20672119429872532	0.10265484193247842	0.27626067558111267	0.1725883516000744
0.24199625503699895	0.2071362767453106	0.10230729205191463	0.27593559507925675	0.17262458108651882
0.2416464007343088	0.2073751889803356	0.1029533724539733	0.2757883767587662	0.17223666107261584
0.24160529699061162	0.20675655433842968	0.10336667807881891	0.27596130019743337	0.17231017039470614
0.2420408988824573	0.20724660199983053	0.10238046971476776	0.27609918271389655	0.1722328466890476
0.24183672979903997	0.2067027995088861	0.10292371001776912	0.2759823282280084	0.17255443244629615
0.2416273529200489	0.20704367260410406	0.10267293679383999	0.2760399267823812	0.17261611089962559
0.24164695344643178	0.20736451216109605	0.10224538558496164	0.2761831555984402	0.17255999320907006
0.24178445459305992	0.2067023013750121	0.10302277548263633	0.2760064058332048	0.1724840627160866
0.24130305312108147	0.207203114234404	0.10287796537752	0.2759837024834871	0.1726321647835072
0.24176334989304668	0.20704857299264892	0.10283260084020913	0.2759046049744276	0.17245087129966744
0.24213430794301197	0.20693156299949397	0.10215053335284435	0.27625097503875373	0.17253262066589573
0.24144988053547461	0.20671911267436796	0.10341662234730065	0.27619951290749295	0.1722148715353636
0.24137957929936055	0.20682168340983048	0.10300652543303057	0.27616824342212243	0.1726239684356557
0.24195949670569106	0.2072128175082201	0.10276060454007477	0.2755536319873164	0.17251344925869738
0.24220498160061188	0.20722172250620402	0.10196343182660601	0.27608411355679907	0.17252575050977872
0.24212619798240442	0.2067209219453724	0.10247401461010011	0.27609029640855104	0.17258856905357176
0.241897814969463	0.20715945736500121	0.10206443668585975	0.2762667558078762	0.17261153517179958
0.24160838407921562	0.20676906608033377	0.10285649794648782	0.27614241589472105	0.1726236359992415
0.24184392964304907	0.2073129209449181	0.1027221969327316	0.27586790456761034	0.17225304791169066
0.2420138733241513	0.2069805949511133	0.10257000398205145	0.2759477546841389	0.17248777305854485
0.24166530854146429	0.20719387291320998	0.10309620743155432	0.2756706295179499	0.1723739815958213
0.2420259334630561	0.20705081923742988	0.10229943584609177	0.2760952574448706	0.1725285540085514
0.24142070522834871	0.20711400982934508	0.10279974220269308	0.2762414645697204	0.1724240781698925
0.24135519527387175	0.20701641517484332	0.10326532245021516	0.2759896146140042	0.17237345248706532
0.24127753205365746	0.2067947561278508	0.10339583755984977	0.2760731723930563	0.17245870186558546
0.24172541143381304	0.2070595071321991	0.10329160980916671	0.27551733983780424	0.1724061317870167
0.24180997921782188	0.20697085419609673	0.10247698558934112	0.27613923548749664	0.17260294550924343
0.24190148545941226	0.20708523015803112	0.10271038101225927	0.2758571224154147	0.17244578095488236
0.24162129764327817	0.2073645297484908	0.10242385197188855	0.2762414975976949	0.17234882303864735
0.24218173304268564	0.20679286310819034	0.10301364812054689	0.27559362572140916	0.1724181300071677
0.2418377498379144	0.20693823557652596	0.10287584651330811	0.27597231865393823	0.17237584941831313
0.24148185066688416	0.2070618016206052	0.10302724045183106	0.2759063850952973	0.172522722165382
0.24150270909123697	0.20730744769725637	0.1025867956598261	0.2760751949111087	0.17252785264057163
0.24134257358940236	0.2072756546907454	0.10280142623936783	0.27609067073151805	0.1724896747489661
0.2422005854252648	0.2070959977345451	0.10208170065572811	0.2760603312093397	0.17256138497512202
0.242050579620222	0.20713953403441998	0.10209681865964189	0.2762190578694372	0.17249400981627866
0.24167273589078042	0.20736132262547935	0.10316061721150961	0.27554714832062494	0.17225817595160547
0.24209507468392716	0.20714835641943163	0.10268501651432896	0.27552824651828195	0.17254330586403002
0.24220360870169078	0.20678344187104974	0.10302290742269572	0.27561116830202054	0.17237887370254298
0.24157523636507588	0.20707473860215955	0.1033860296117533	0.27558521140908365	0.17237878401192733
0.24170341939344178	0.2070666872152685	0.10289931351256813	0.27590958726254	0.17242099261618132
0.24182507281762686	0.20702859697830747	0.10276182889574598	0.27591793690023536	0.1724665644080841
0.2420187026081167	0.20732522903367773	0.1027055833392074	0.2755799221060432	0.17237056291295472
0.24161460803292734	0.20689738562906218	0.10314397713553938	0.2760564605918566	0.1722875686106142
0.24194043717713637	0.20734101345413944	0.1021456603802515	0.2762280324718373	0.17234485651663514
0.24171577641421138	0.2067951009813592	0.10343869880201723	0.2758198788334928	0.17223054496891915
0.24164656838647086	0.207197129862269	0.10300602128399264	0.2755559345933384	0.17259434587392883
0.24146930460043523	0.20725838794381024	0.10266763264195519	0.2762622030854055	0.17234247172839356
0.24211967629028833	0.20711766494477138	0.10262016466591965	0.27556891076029577	0.17257358333872463
0.2414576968650133	0.20678248160013718	0.10352564586700107	0.2758094171684745	0.17242475849937366
0.2418995954950405	0.20708653273018296	0.10296015191960907	0.27561222657863776	0.17244149327652947
0.24177773250498857	0.20703646505239223	0.10307392732359938	0.275659692540703	0.17245218257831663
0.24139915478960589	0.20684524708689084	0.10370673285564525	0.275703902626671	0.17234496264118684
0.2419335772976613	0.20682662303823698	0.10253537456939854	0.2762083055447645	0.1724961195499385
0.2415262165476792	0.2072367761517267	0.10255695957443366	0.2761084069031362	0.172571640823024
0.24186433752117467	0.2070645330878874	0.10245099613618444	0.2759694898238977	0.17265064343085557
0.24139889877298432	0.20722794430581215	0.10291572277809957	0.2759380402117416	0.17251939393136212
0.24213616240214833	0.2067588515669225	0.10253085808964243	0.2760162024762636	0.1725579254650229
0.24162895242900306	0.20705514408210313	0.10265869682544422	0.27606922083992014	0.1725879858235292
0.24134438763350624	0.20726665264447502	0.10278795660675216	0.27624778947342765	0.1723532136418387
0.24172613036302534	0.20704557917098385	0.10346976515262703	0.2755378914280925	0.17222063388527104
0.24154720428125087	0.20707063524793243	0.10289533731457426	0.27627010215425407	0.17221672100198807
0.24226129915373462	0.20697046618954343	0.10218948749591084	0.27602534906278575	0.17255339809802514
0.2418250667818191	0.20702120401706298	0.10305760432382643	0.2755786410457089	0.17251748383158236
0.241592546652659	0.20678123573621043	0.10342005886444688	0.2758849191551306	0.17232123959155285
0.24190753325294637	0.20680632208173447	0.10298017723944726	0.27586163894986887	0.1724443284760028
0.2423172368929138	0.20703396591600806	0.10257570493851381	0.27585879539527114	0.17221429685729292
0.24156586788427098	0.20685886468080167	0.10312836303215052	0.27611713983938	0.17232976456339655
0.24150339049164748	0.20714657537118658	0.10298175110561836	0.2761503620695373	0.17221792096201002
0.24132824263414795	0.20685838867865225	0.10347596239342001	0.27588834306691706	0.17244906322686246
0.2415759958233045	0.2072930542927351	0.10333880740006089	0.2755587741654206	0.17223336831847869
0.24140872116687245	0.20667207419355152	0.10346723040219928	0.2762444572662912	0.17220751697108533
0.24180551022522287	0.20729761084636364	0.10219491234850375	0.27627194992078474	0.17243001665912477
0.24211656503484597	0.20703093117180027	0.10219665131094044	0.27625896704853103	0.17239688543388204
0.2414819214572429	0.2067767684762927	0.10352246789606674	0.2759437021674782	0.17227514000291919
0.24202348166853171	0.20703592526479536	0.1027346873350039	0.2755673614960078	0.17263854423566097
0.24133709429502084	0.2073673693908084	0.10309599039307046	0.2755607427117479	0.1726388032093521
0.24168630279677622	0.20730613602433717	0.10320893493791028	0.2755802674700162	0.1722183587709599
0.24177814882350057	0.20697125608686806	0.1034307555047064	0.27559755919075524	0.17222228039416948
0.24225785060318317	0.20689191392759945	0.10259514480259341	0.27586526690505797	0.17238982376156575
0.24188167990707723	0.2069016005905672	0.10254688309760258	0.2761949709069273	0.17247486549782542
0.24128544748516303	0.20736766716397068	0.10357191929197483	0.2755553184846809	0.1722196475742103
0.2419089352017217	0.20713173976052837	0.10220930258352989	0.2762640221245531	0.17248600032966674
0.24196523742817644	0.20727742850668077	0.10253577080687068	0.2756969128454382	0.17252465041283366
0.24153678384187502	0.20695242392424454	0.10298752879844805	0.2761550125697587	0.17236825086567342
0.24154665287470128	0.20714773635541714	0.10276091085931234	0.27594997197052995	0.172594727940039
0.24174275272868284	0.20733582855018567	0.10304364921026361	0.27560437115813263	0.17227339835273497
0.24219193647568743	0.20689899298381606	0.10221991138166964	0.27623420505138085	0.1724549541074458
0.24212331393568526	0.206682473505632	0.10337572860021667	0.27559529405475663	0.17222318990370922
0.24239632072899114	0.20695877493788556	0.10249889697251754	0.2758140877345336	0.17233191962607192
0.2423129310108121	0.20736168024702584	0.10243407185229442	0.27564509381696667	0.17224622307290072
0.2415557789253776	0.20733251040874612	0.10243216124170944	0.27613444021155553	0.1725451092126111
0.24144324741533363	0.20722988056786412	0.10295766080645744	0.27608560933861714	0.1722836018717274
0.24160306736022497	0.20688221078946276	0.1036038497487489	0.27558038210037283	0.1723304900011903
0.24183153604892638	0.20712876329255311	0.10230182050422354	0.27612154149949264	0.17261633865480408
0.24171284308917637	0.2069563035910963	0.10323345976706086	0.2755280197961085	0.1725693737565577
0.2417640732815098	0.2070572070453874	0.10337608812010544	0.2755614736982673	0.17224115785472982
0.24213632575820135	0.20732423114822332	0.10231114926303594	0.275739392131434	0.17248890169910513
0.24189237046150397	0.2068157507583208	0.1027733118424489	0.27618221156283806	0.17233635537488806
0.24157533407451812	0.20703715148397508	0.10338996530515894	0.2756216099534362	0.1723759391829114
0.24158426224034613	0.206929657966862	0.10293417743480894	0.27617793905234433	0.17237396330563837
0.24141689882275352	0.20698325854204036	0.1034054950648502	0.2755603015893636	0.17263404598099205
0.24195724251828996	0.20729346966347223	0.10227099825784845	0.2760392914505156	0.17243899810987354
0.24233482944357668	0.20672753167545976	0.10236465939245601	0.2762707734064909	0.17230220608201638
0.24153523065734148	0.20667225999651892	0.10291892067905553	0.2762290847027636	0.17264450396432024
0.242308369298387	0.20668483246063954	0.10280438487618025	0.2757498857506047	0.17245252761418822
0.2421365067059431	0.20701727532414932	0.10256968727313652	0.275836186772285	0.1724403439244858
0.24144931241385886	0.20683586954157335	0.10355539555123311	0.2755945093592234	0.17256491313411104
0.2416754032340253	0.20734035545047524	0.1031649390536864	0.2755431741783248	0.17227612808348797
0.24208453325568913	0.20703815820542895	0.10277762372168803	0.2758529643944027	0.17224672042279093
0.24175996128429306	0.20670890568515962	0.10333547452822056	0.2757022771220963	0.1724933813802302
0.24228552228091904	0.2068459904378171	0.10204632185080278	0.2762546541344134	0.17256751129604744
0.24235722117090852	0.20671083542535224	0.1023643802625557	0.2760384904220144	0.1725290727191689
0.2420873258979832	0.20674588845413966	0.10279714922212659	0.27587537650132166	0.17249425992442863
0.24182021854985672	0.2073783469819872	0.10291370871116909	0.27555818432705026	0.17232954142993648
0.2422496867191311	0.20682493316594092	0.10254880988204854	0.27582902560878975	0.17254754462408947
0.24159639576570463	0.20671516559587622	0.10290742192462447	0.2762675591604798	0.17251345755331468
0.24166831750920278	0.2072594982249247	0.1025013992489556	0.2759599848199928	0.17261080019692387
0.24239045995224962	0.2069439752525883	0.10196745834062913	0.2761204640165618	0.17257764243797086
0.24192573497106584	0.2071603578419643	0.10229159283398301	0.27618044464013525	0.17244186971285136
0.2416889764619688	0.2070074716398148	0.10326041179873172	0.27579752620725306	0.1722456138922314
0.24181921405748763	0.20683864630599544	0.10295402477850202	0.2758641210222928	0.17252399383572187
0.24139767200904516	0.20685929821706525	0.10357131925868793	0.2755811679359335	0.1725905425792679
0.24200531912511908	0.20685432587591973	0.10264736701181656	0.2758814017251145	0.17261158626202985
0.2417570464939186	0.20710636616506428	0.10307835820762275	0.27580681669442575	0.17225141243896835
0.24233640448340457	0.20691105896890866	0.10245418607138751	0.2757345133426379	0.17256383713366116
0.2419111082169913	0.20708868283379542	0.10212355381895472	0.2762717395920202	0.1726049155382381
0.24228881866656737	0.20678991055218993	0.10271541883722504	0.2756389880142532	0.17256686392976425
0.24166364001228893	0.20691212851914634	0.10334348180513131	0.2756289162462353	0.17245183341719783
0.24133041487171614	0.2069823314952845	0.10364631873483257	0.27559187440660365	0.17244906049156292
0.24218586661661418	0.206877735008545	0.10227654236156906	0.27600309194767425	0.17265676406559727
0.24164978933126724	0.20719126413093242	0.10283947081406522	0.27575404577889734	0.17256542994483753
0.2421576174768259	0.20726801105510417	0.10232461352106756	0.27561109126719785	0.1726386666798043
0.24218628529056205	0.20731701839837885	0.10213967703462769	0.2760236941844811	0.1723333250919501
0.24175678937995254	0.2069288191388602	0.10275313556334525	0.2760540030042099	0.17250725291363186
0.24162537267222778	0.206707671636132	0.10322771601424718	0.27594145939800724	0.17249778027938556
0.2423246544971182	0.20719619254542906	0.10249148103381764	0.27571204508913283	0.172275626834502
0.2417908389893078	0.20730193372419256	0.10241009551512892	0.2759186079858923	0.1725785237854782
0.2415559189073611	0.20707120828727904	0.10303839193756474	0.27601376558439356	0.17232071528340137
0.24207875680200977	0.20729934193900426	0.10246046296046264	0.27554950517983645	0.17261193311868664
0.24188604080963302	0.20678426650610146	0.10325571293156241	0.27578075889879144	0.1722932208539114
0.24191548831973197	0.20686360526126737	0.10289286100863095	0.2760978287070168	0.17223021670335265
0.24221082136829503	0.20685224737867663	0.10236347748949211	0.2759239010568245	0.17264955270671145
0.24225622598395924	0.20679088228186074	0.1023882083501861	0.27596053787174657	0.17260414551224712
0.24137291259104826	0.2069405064841481	0.10325210180690064	0.27618265706972467	0.17225182204817813
0.24162567772959936	0.20700199766809074	0.10283483609211767	0.27617154365449215	0.1723659448556998
0.24132021068099907	0.2068428573666145	0.10342194855212257	0.2761492261286054	0.1722657572716582
0.2415284076489788	0.20684077107383284	0.10340635121825348	0.2756054187291974	0.17261905132973732
0.24142220916386753	0.20703252854467025	0.10356688091957097	0.2755614061764325	0.17241697519545848
0.24191052049981526	0.2067534292633179	0.10319154512942967	0.27570742969094764	0.1724370754164893
0.24191571485829988	0.20678808881321334	0.1027759811153064	0.2759474571062403	0.1725727581069398
0.241581582059148	0.20678034614979635	0.10310703129760912	0.27588635629127833	0.17264468420216794
0.2420542877802936	0.20695208390124187	0.10257276626582636	0.2758260750233503	0.17259478702928763
0.24226699230397777	0.2073413820088021	0.10214654370476911	0.27560021153078573	0.17264487045166507
0.241813573593052	0.20736531244795903	0.10203974041073029	0.27613923680398905	0.17264213674426937
0.2421072053770134	0.20681427522984255	0.10240767206737396	0.2762110247470437	0.17245982257872616
0.24219694328015998	0.20716468516927047	0.10250872516907211	0.2758669912935738	0.1722626550879234
0.24150892892118886	0.20713634831241604	0.10294562014279368	0.27602085748281135	0.17238824514078982
0.24179549576341092	0.20716602440971205	0.10284708814609742	0.27562488517624606	0.17256650650453337
0.24192814304289445	0.20719487089090735	0.10261519648259046	0.27579543051392746	0.17246635906968005
0.2418924417043678	0.20724834864944536	0.10259868540097154	0.27580449237491855	0.1724560318702965
0.24142186050764525	0.2073339630760175	0.10320775374559597	0.2757554905720163	0.17228093209872478
0.24222682935939904	0.2070328057595827	0.1021641049560559	0.2759303529430172	0.17264590698194487
0.24204630841657068	0.20671188606621324	0.10273973445221268	0.27597786885096925	0.17252420221403392
0.24174332072854743	0.20738054841423556	0.10253644872989294	0.2757588738790622	0.17258080824826155
0.2419516383638347	0.20694101714283614	0.10244853935595569	0.276194783136014	0.17246402200135924
0.2418856541151988	0.20704831607294527	0.10262106735741569	0.27583317960523623	0.17261178284920373
0.24168676258118715	0.20715907269823525	0.10293264976730712	0.27590349551436844	0.17231801943890182
0.24148031125698233	0.2072756502231899	0.10318967242981507	0.2757287194604813	0.1723256466295312
0.24192579161864683	0.2072629579799489	0.10208878462355231	0.2761793877411402	0.17254307803671148
0.241639295579005	0.2068844764893314	0.10294957053636389	0.2761959458672987	0.1723307115280008
0.24132290360356778	0.20686871013125013	0.10321920259742244	0.27607952062201513	0.1725096630457443
0.24181025969625922	0.20729404840318422	0.10296250367316495	0.2755428828170588	0.17239030541033254
0.24214593653964078	0.2070121151111197	0.10250587009219375	0.27612157344352084	0.17221450481352465
0.2421104901406943	0.2070379880098956	0.10202512580683458	0.27621123956407884	0.17261515647849643
0.24178009312346804	0.206931497915278	0.10317070801594586	0.2757877535232998	0.17232994742200802
0.24165268878001755	0.20709325130391903	0.10297225615353309	0.2756946485530618	0.17258715520946827
0.2421807500227004	0.20668592539913835	0.10306732313484539	0.2757191395805726	0.17234686186274306
0.2419375393274508	0.20669097128051933	0.10258514103903227	0.2762235152411684	0.172562833111829
0.24188596312919008	0.20702635353285995	0.1030234507160514	0.2757394064039941	0.17232482621790424
0.24175084166732594	0.20715895733044623	0.10270237622915897	0.2757229534831405	0.1726648712899281
0.2421124148743812	0.20677238111505603	0.10273542804189122	0.2760564400827894	0.17232333588588192
0.2416753702428359	0.20687939733829902	0.10329666333450255	0.27588848388521864	0.17226008519914365
0.24192537105488204	0.20694331707963134	0.10315766588840433	0.2755369900022815	0.17243665597480054
0.2421299511832598	0.20703087665946876	0.10262852854554176	0.27592932708289364	0.17228131652883577
0.24235573782021239	0.20712341111188448	0.10264898170502745	0.2755211313324455	0.17235073803042994
0.2420055843773761	0.20733455769987094	0.10223692796331608	0.2758269850252569	0.17259594493417976
0.24217750886844594	0.20696869811710789	0.10279290379767102	0.27571158860087536	0.17234930061589956
0.24220437588130117	0.20672805486004667	0.10259520698363299	0.2762031032072144	0.1722692590678045
0.2414437767844749	0.20726577777214528	0.10284230744053499	0.27623820807606037	0.17220992992678424
0.241323066044473	0.20713074886738705	0.10300319213694642	0.2762761842053434	0.17226680874584982
0.2413009287838389	0.20715773817293598	0.10306254269439154	0.2762593475975787	0.17221944275125461
0.2413908574825588	0.2073391686222188	0.10277569927826186	0.27599617350076167	0.17249810111619862
0.24192733940302008	0.20694991659331005	0.10279751453671655	0.27567386970945595	0.17265135975749715
0.2414032245017693	0.20724517767908238	0.1036150863275	0.2755189146830502	0.1722175968085979
0.24129670797118333	0.20713287447598197	0.10304994870797374	0.2761529509583913	0.17236751788646945
0.24143336996737624	0.2071550723398983	0.10348504926679844	0.27557856066913	0.1723479477567967
0.24191866957031796	0.20731664355491047	0.10241559207272972	0.2758294603272142	0.17251963447482735
0.2417731563171684	0.20673870502125719	0.1035087927691229	0.2756599084975456	0.17231943739490563
0.24175217115474829	0.20700822334698718	0.10234266508733499	0.2762691108361121	0.1726278295748172
0.24231226724521837	0.20681475747433847	0.10204750630782963	0.2761758087656282	0.17264966020698508
0.2423739309301942	0.20694376949044702	0.10245596727897248	0.2759235463601143	0.17230278594027176
0.24218584912860952	0.20681989179379046	0.10295929830611268	0.27566400817567427	0.17237095259581284
0.2417752866469469	0.20673147984944062	0.10282885182340393	0.27601006110842063	0.1726543205717877
0.2413899388835347	0.20715067795709216	0.1031427223046384	0.27589696462608304	0.1724196962286515
0.24195011143802056	0.20711389033890712	0.10237355993875992	0.27590087229888477	0.17266156598542737
0.2419649308164057	0.20697286586021782	0.10293284162041669	0.27571669189302617	0.17241266980993344
0.24173751252273554	0.2066723438737947	0.1032695089051314	0.2758144740506657	0.17250616064767235
0.2415442888234997	0.2068980784738129	0.10346644047447062	0.27569200200172234	0.17239919022649422
0.24161883151459942	0.20692449353685383	0.10339765363266556	0.275725833511631	0.17233318780424994
0.24224419285923532	0.20727992721008254	0.1022232601615224	0.2759554579125986	0.17229716185656085
0.2417440957128684	0.20682757719797232	0.10318266927450301	0.2760069175335189	0.17223874028113711
0.24150888823000424	0.20729897560814362	0.1029056469438134	0.2756795061280152	0.1726069830900233
0.24195989571676077	0.20725359404121652	0.10225615164474616	0.2762151532698449	0.17231520532743133
0.2423842774063022	0.20713552336958452	0.1021690584940767	0.27603899923407244	0.1722721414959639
0.24211769471638628	0.20724510290065123	0.10232712422817396	0.2756971657059917	0.17261291244879665
0.2419826797538381	0.20695401698240098	0.10256492563466299	0.275966011959739	0.17253236566935864
0.24203693544890253	0.20688017469561928	0.1028113157113523	0.2756370737038455	0.17263450044028011
0.24138155374134268	0.2070391103762484	0.10335450700285925	0.2756775578855311	0.17254727099401834
0.24188632416707034	0.20723738130597236	0.10239189159360225	0.27617774620245056	0.17230665673090428
0.2423863426166568	0.20706042361873347	0.10225130939489727	0.2757334724004512	0.172568451969261
0.2420984907316422	0.20692159417601394	0.10292691449369964	0.27555386661983544	0.17249913397880853
0.24156695496489106	0.20678398299710016	0.10349815673140952	0.275870403033841	0.17228050227275796
0.24218709887403134	0.206854276616834	0.10253548672013812	0.2761208991523546	0.17230223863664162
0.24198129921015255	0.20726336296829337	0.10242170420409145	0.27569523829986436	0.17263839531759803
0.24186570967643806	0.20684629252400563	0.1027830718719833	0.27604161388365844	0.17246331204391435
0.24223092596418203	0.2071632187092424	0.10229317845613745	0.27583552183943283	0.17247715503100508
0.24222220045905407	0.2067514307089218	0.10262267690824921	0.27577276152654906	0.17263093039722563
0.24208024207342393	0.2069467610365861	0.10226942723880131	0.27620698720633585	0.17249658244485264
0.24190639828962668	0.20690631149931996	0.10316063138008233	0.27581612262833216	0.1722105362026386
0.24194842609450742	0.20708247497692317	0.10265377510319154	0.2758297301636544	0.17248559366172314
0.2417329688935701	0.20724176729003252	0.10263501066363134	0.275845281311554	0.1725449718412118
0.24206831031529458	0.2069103787109395	0.10241619263833736	0.2761992440869524	0.17240587424847598
0.242078991691766	0.20685845963730687	0.10240505683550977	0.27611930216262437	0.17253818967279275
0.24230542981526454	0.2071522628851076	0.10200786108175783	0.2762160869644974	0.1723183592533724
0.24135662955791143	0.20680593341666145	0.10337429155884517	0.2759172474469569	0.17254589801962478
0.24228817936855013	0.2071411495878347	0.10219058057145712	0.27602751792077623	0.17235257255138153
0.24178599609647122	0.20695815575616958	0.10257852847281373	0.2762031297795173	0.172474189895028
0.24188272552517798	0.20686267314703552	0.10287136128219353	0.27588007039767726	0.17250316964791546
0.24173298306795415	0.20726563790278243	0.10233236546029678	0.2761469163291477	0.17252209723981873
0.24151257914507462	0.20702220951336153	0.10354752541921562	0.2755711216762271	0.17234656424612083
0.2413046348504378	0.20703160345120578	0.10303247555673131	0.2760608669436669	0.172570419197958
0.24135105858162273	0.2068842528442139	0.10367837364664492	0.2755346245640822	0.17255169036343604
0.2418435423535475	0.2073086817058499	0.10266036153397065	0.27584008482159916	0.17234732958503254
0.24196779910616464	0.20682189173449372	0.10326464678370083	0.27563700071940866	0.17230866165623188
0.24191784844722036	0.20736542485181386	0.102201984025307	0.275897016918484	0.17261772575717454
0.24129594020410808	0.20674133567761965	0.10377251161395852	0.275773860512199	0.17241635199211447
0.24172711324942006	0.20689855561775913	0.1030102971782783	0.2759500851005431	0.1724139488539992
0.2417600618723847	0.2073052161022892	0.1028168121873567	0.27588971894548353	0.17222819089248564
0.24159022713617267	0.20700461102287143	0.1033134106329296	0.27564308649772346	0.17244866471030262
0.2420960516666733	0.20715574349578555	0.10292937381261566	0.2755711441700918	0.17224768685483344
0.24191375631741868	0.2068290733663747	0.10246754504480685	0.27623625119892403	0.17255337407247545
0.24211321757906082	0.20725671888485087	0.10229998559593743	0.2761253224187677	0.17220475552138292
0.24203006065065755	0.20713547828083434	0.10237845926814804	0.27593951250973436	0.17251648929062546
0.24180872473171988	0.2072792117277968	0.10287086666925901	0.2757924828709545	0.1722487140002696
0.2421889638208644	0.20691699659856247	0.10229993397179743	0.2760121454540808	0.17258196015469465
0.24225625403431691	0.2068864450041361	0.10218754164291838	0.2762687838208213	0.17240097549780706
0.24139375474957686	0.20690104784425092	0.10330412823187289	0.2759233787489329	0.17247769042536615
0.24130236150820888	0.20690031075620857	0.10313155473685366	0.2761089057663724	0.17255686723235622
0.24189520873178305	0.20678635355439431	0.1027164751489656	0.2760523077091741	0.1725496548556827
0.242394650631495	0.20701380761585883	0.10221588386753278	0.27576704458324713	0.17260861330186603
0.24231088584634336	0.2070271248214565	0.10258250355111412	0.2757964402940398	0.17228304548704595
0.24126732373123486	0.2072485815071257	0.10306720588364801	0.2761510547741033	0.17226583410388788
0.24175938664888957	0.2073242326019994	0.10243358005598584	0.2758379654165995	0.17264483527652547
0.2415451364862503	0.2073800141976171	0.10277579736819543	0.27596820911104925	0.17233084283688765
0.24184859263935848	0.2066905090507499	0.103296549155866	0.27566492727725195	0.17249942187677342
0.24143320083643233	0.20686571157575137	0.10353410931897064	0.275743249201583	0.17242372906726242
0.24149566545275752	0.20713127362664052	0.10283293269848799	0.27595658781875965	0.17258354040335405
0.2420666318779921	0.2071967470587895	0.10255937763938666	0.2758165969777251	0.1723606464461064
0.2413724421596084	0.20711188478118242	0.10269120250701724	0.2762227451749365	0.1726017253772552
0.2418063126689694	0.20704706372165246	0.10272252576775649	0.2761130870559978	0.17231101078562364
0.24217747899206982	0.20728011731094564	0.10235720727913436	0.27585624068901604	0.17232895572883392
0.241644312190054	0.20687456845227026	0.10257875779284155	0.27624607847197236	0.17265628309286163
0.24194187770197684	0.20728007101087986	0.10240333354096766	0.27599954944437016	0.17237516830180521
0.24140260907893812	0.20729058999040423	0.10286148413276695	0.2757851212290484	0.17266019556884207
0.2420611561166192	0.20693221477123686	0.10252736903711424	0.27619276381449587	0.1722864962605336
0.24176446911150912	0.20702471442734877	0.10280545356904092	0.27615302480715276	0.17225233808494816
0.2420131200655361	0.20684257345801696	0.10314896028922357	0.27571753107741787	0.17227781510980525
0.24142070687284695	0.20706356733163375	0.10298924885888111	0.27610583030918495	0.172420646627453
0.24234685809119008	0.20672449610867125	0.102602209976729	0.2761221755879069	0.17220426023550253
0.24232819291233915	0.20683265727623995	0.102756096408742	0.27567499784969973	0.17240805555297897
0.24133081641390144	0.20721177647801747	0.10299637452478021	0.2759615349077803	0.17249949767552036
0.24137848392813308	0.20732360960073332	0.10317646250072711	0.27574746091229213	0.17237398305811413
0.24172473082882667	0.2071800897983271	0.10304021109439605	0.2757471310708328	0.1723078372076171
0.24218589105447663	0.20690182513018587	0.10268556351737301	0.2756542459885633	0.17257247430940093
0.24237762287155123	0.2067534982396813	0.10210541590072023	0.27627081180112073	0.17249265118692628
0.24206704561972814	0.20722140621188528	0.10232413085174845	0.276002978626507	0.17238443869013087
0.24221927309765912	0.2067843434022254	0.10230112096618933	0.2760645023460186	0.1726307601879073
0.24213016241500576	0.20727396420102473	0.10229714012497082	0.27598947346155467	0.1723092597974438
0.2416594129402689	0.20697088047527396	0.10264138747580956	0.2761252565198332	0.1726030625888141
0.2416672871706514	0.20713849269351858	0.10284072738457928	0.2759046975367935	0.17244879521445702
0.24183231789095297	0.20712621191920028	0.10291254182987421	0.27588366835784645	0.17224526000212587
0.24177667513114753	0.20686000289907322	0.10285138249665943	0.2760574049266427	0.17245453454647686
0.24203460301080731	0.20715906027811612	0.10237408309351433	0.27613390781475283	0.17229834580280914
0.2420164708953937	0.20706616895495006	0.10271521786177265	0.27583504553394744	0.17236709675393588
0.24239946379727056	0.20670995322007973	0.10303237271999813	0.2755805835366566	0.17227762672599475
0.24208800370735706	0.20735339614422074	0.10224609141532724	0.27602162505558936	0.17229088367750534
0.24148030285895186	0.20712674867861935	0.10289652671188576	0.27611129200037937	0.1723851297501634
0.24204299981413155	0.20669753652373973	0.10320002006878494	0.2758108367714125	0.17224860682193105
0.24198668878222254	0.20697229921706267	0.10279022254524303	0.27570069513802026	0.17255009431745125
0.24180747389502347	0.2067907675030846	0.10279272425974685	0.27611731299115827	0.1724917213509866
0.2422256575859665	0.20721454456169364	0.1023385379914623	0.2760120146905413	0.17220924517033598
0.24145314401382903	0.2069815520050219	0.1029127500627883	0.2759991734732316	0.1726533804451289
0.24219917969800686	0.20668126232139533	0.10248533517175276	0.27615286159155894	0.17248136121728586
0.2415098867918064	0.20675475343563343	0.10349720559009129	0.2755896533832202	0.1726485007992484
0.2416296733730012	0.2071201785931219	0.10282140642906276	0.27592521566969613	0.17250352593511772
0.24138465677565657	0.2068444643624498	0.10312299460192344	0.27626865696844843	0.17237922729152153
0.24199452099032714	0.20678666211714894	0.10252435388826457	0.2762517959570506	0.17244266704720845
0.24174922715745112	0.2067151248768705	0.10328814748438234	0.27592205660295543	0.1723254438783403
0.24131493819035488	0.2073426336083935	0.10316718629959742	0.27553232049199716	0.17264292140965676
0.2412740574821671	0.20674623842463358	0.10356280893928313	0.27604648943607285	0.17237040571784312
0.24130016688025344	0.2070594221359487	0.10372496588485984	0.2755649481125289	0.1723504969864089
0.24171251052387804	0.20676009898530281	0.10307366837663426	0.27604276950033174	0.1724109526138529
0.24174911832634977	0.20713858427364737	0.10268910714294735	0.2761072753426347	0.17231591491442058
0.24209744931892824	0.20675804248994759	0.1027578791811601	0.2759095010988155	0.1724771279111484
0.24154680413687787	0.20697113079586432	0.10356181212767802	0.27552134539841766	0.17239890754116188
0.24128937238136441	0.2072816457659282	0.10294836710549593	0.2761627943382006	0.17231782040901059
0.24160675569769668	0.2067465893477017	0.10303638042374727	0.2762312433354729	0.1723790311953812
0.24163492188403246	0.20692554084020173	0.10289060200054674	0.2760119805076452	0.17253695476757364
0.24237851292283147	0.20708754639289412	0.1023912855128075	0.275830991052706	0.1723116641187607
0.24190925591696436	0.20671973498613067	0.10351907494474244	0.27558704783429677	0.1722648863178655
0.24212067197631068	0.20692488562846223	0.10277747494835524	0.2759672069077983	0.17220976053907333
0.24213493868825095	0.20686274580712735	0.10266160164689483	0.2757121271412533	0.17262858671647333
0.24162908516659462	0.20715536125945935	0.10292405014594946	0.2758883704769421	0.17240313295105422
0.24199533014773691	0.20670264423881124	0.10288453748051103	0.2757851053923199	0.1726323827406207
0.24188647118579765	0.20673829635703214	0.10313072198082178	0.2758103511090725	0.17243415936727569
0.24130805781229286	0.20711628153873113	0.10352859635699761	0.2758318360874399	0.17221522820453827
0.2421595357825846	0.20679149847253211	0.10275884261806079	0.2760444681187078	0.17224565500811445
0.242201761237777	0.20712281757314768	0.10249523508570924	0.27565854104793125	0.17252164505543457
0.2415662889105279	0.20736224892482102	0.10262797098969413	0.27581489371270973	0.17262859746224696
0.24126123039943978	0.20694363284071868	0.10354635273910337	0.2757366797053278	0.1725121043154101
0.24147860397284923	0.20718562476130367	0.10300402394773521	0.27576702221428057	0.17256472510383106
0.2422978799039932	0.20671255785238007	0.10249400924829305	0.27621116884146635	0.17228438415386704
0.2414068882463219	0.20677621308356858	0.10349176861778747	0.2756768849845545	0.17264824506776733
0.2421306824408378	0.20709986274661	0.10257758051671709	0.2756147994809714	0.17257707481486345
0.24235187739117992	0.2068720090545783	0.10247314803189209	0.2759809318718457	0.17232203365050375
0.24231112700746016	0.20690192854328374	0.10244613385899848	0.2760806064492158	0.1722602041410416
0.2412723476933301	0.20732404676632077	0.102520961068395	0.27624477529124936	0.1726378691807045
0.24195619617366462	0.20682932588343483	0.10332410124421626	0.2756187418115017	0.1722716348871823
0.24189412351655545	0.20693870801333808	0.1029904383473481	0.27577779839038974	0.17239893173236837
0.24155767713706383	0.20736143046883743	0.10262690862130992	0.2760108393428977	0.1724431444298908
0.24151195677387943	0.20736852515149332	0.10312846587064167	0.2755679219711172	0.17242313023286818
0.24128010195174637	0.20708156264475902	0.10316794388749642	0.27591733471023494	0.172553056805763
