0.15999685666857388	0.1561901504636788	0.3363782757016097	0.25684538972889365	0.09058932743724377
0.1627683927830788	0.16285303434806425	0.31370655739442244	0.2594604696054205	0.10121154586901376
0.1505592537525429	0.16105088103928686	0.3216359138815422	0.26923122772311053	0.09752272360351733
0.16322521631710946	0.1623618536156787	0.319861366596914	0.2571937101691372	0.09735785330116047
0.15892371003278166	0.15181591015200807	0.33571437231278733	0.2664345140419385	0.08711149346048419
0.16092636624784162	0.15807279879604702	0.3274215290946181	0.2611311682909725	0.09244813757052062
0.15514649386220875	0.15493188860509746	0.31599947347134993	0.28556527031918416	0.08835687374215953
0.15447131713344986	0.1508004618034675	0.3215296452493851	0.27457504789024645	0.09862352792345089
0.14964488172259466	0.1602033493689471	0.3225070846599303	0.27438451156715193	0.09326017268137583
0.17176323756001416	0.1481995752993948	0.3109956472523775	0.27483194710398867	0.09420959278422467
0.15267837422229086	0.15544014408124468	0.3340537761670278	0.2599581404256726	0.09786956510376382
0.1599745654057695	0.16130836677122368	0.32294645535127264	0.26839519498826453	0.08737541748346944
0.14940043423359	0.1585223384618868	0.3116737773281287	0.27681261008328806	0.10359083989310632
0.15678792483245016	0.15693946044144325	0.33486866684212946	0.25766835947350625	0.09373558841047065
0.15988045870507067	0.14629740706025002	0.326270429145038	0.2674978133706215	0.10005389171901957
0.16366148586714957	0.14942639895459675	0.32745882902384904	0.2660082600904857	0.09344502606391872
0.1646023034596633	0.15158062566288685	0.32080013307427935	0.25968113490369116	0.10333580289947909
0.1563327497707747	0.1655480770475984	0.31228407947529746	0.2791588137130999	0.08667627999322931
0.16816426900454745	0.1461532300644252	0.324158662601298	0.2673113969377981	0.09421244139193105
0.15534004865410483	0.14787493704832133	0.3344351205683369	0.2626225492140137	0.09972734451522307
0.16232701615888145	0.16457686936191418	0.32764138282090915	0.25482183895473176	0.0906328927035632
0.16700365466745615	0.14718745040873638	0.32471626063100945	0.25993638623503285	0.10115624805776503
0.15261930406152474	0.15291816422951993	0.30897301287556356	0.28239100771268943	0.10309851112070212
0.16175676447820328	0.15708985028329114	0.3177184471518274	0.27628619761451884	0.0871487404721592
0.15932742685535278	0.1618492688387479	0.3187918815469433	0.2581195318556582	0.10191189090329758
0.1531278403036797	0.16589910157369636	0.30827373936838476	0.2698437188398282	0.1028555999144108
0.1592941489611526	0.14826524773042055	0.32830862219035073	0.2698072469597638	0.09432473415831213
0.17013072248728622	0.1588031546779296	0.3129727929943911	0.2623002088307835	0.09579312100960939
0.15258915091614347	0.15536461595212953	0.3105410424281611	0.2832022149100581	0.09830297579350758
0.16160540874532242	0.14816331782469094	0.32469239717945875	0.27296124496576263	0.0925776312847651
0.16662644791050324	0.15475463054937996	0.3193281872600699	0.25648176617676366	0.10280896810328308
0.15254790280552216	0.15846470548882705	0.3303462924778684	0.2710612898250465	0.08757980940273574
0.15161071428149628	0.1578100696733682	0.3175592073291323	0.28401620585275344	0.08900380286324958
0.16286208441064517	0.16426600519864654	0.3250462002796899	0.25646818320264086	0.09135752690837728
0.1616815193640414	0.15300603670328783	0.3167059620136873	0.26974566905621905	0.09886081286276424
0.16270812622832848	0.14653144330662013	0.3090109091490876	0.27985788632006836	0.10189163499589522
0.163265882412801	0.162249359273191	0.33029364852119364	0.25472088494339795	0.08947022484941619
0.16667259894389808	0.14903039792161057	0.32348011208665217	0.2693764368257057	0.09144045422213326
0.1501719306684933	0.15642273921103336	0.308023826463588	0.28411805513725724	0.10126344851962787
0.1533188528166555	0.1571883264255346	0.3243521351715891	0.26913187838158714	0.0960088072046335
0.15424648930263518	0.15567383428435502	0.32723411148452763	0.2688982238897573	0.0939473410387247
0.1528010770272322	0.16284492770129624	0.3260975871424758	0.26580442889487255	0.092451979234123
0.16151445463666342	0.15426837398345286	0.31171203654449425	0.2792020117503587	0.09330312308503061
0.15303762239933286	0.16526015892961765	0.3211678624823115	0.26213890912805593	0.09839544706068185
0.15229457978234812	0.16343849300254606	0.32662628093191415	0.2591406187959377	0.09850002748725376
0.1676203690278298	0.15376279047846303	0.3256212552747719	0.26013392622789766	0.09286165899103735
0.16967415973793976	0.15778940114583473	0.3057379740426921	0.27808170547380967	0.08871675959972358
0.16172893132701727	0.1661002380501449	0.32189186403809045	0.25734941523300814	0.09292955135173903
0.1565936772713346	0.14874487706820108	0.31945975900403817	0.2847865201796259	0.09041516647680006
0.16037632070955352	0.1515070274531734	0.30815525996825816	0.27682079525147846	0.1031405966175363
0.1654340685765168	0.16004029275830522	0.3076785917171879	0.2737434276295741	0.09310361931841574
0.14955066533753558	0.15072267746903406	0.32176714960097763	0.2780651141055476	0.09989439348690494
0.16278396260071637	0.1652022132988613	0.3181712124501419	0.2567861784155194	0.09705643323476085
0.15351117567669725	0.15391490940832045	0.3168548392392331	0.2774752590008446	0.09824381667490449
0.17023051854474136	0.16185977436708948	0.31388817225689425	0.2663029919528076	0.08771854287846713
0.16325816079206268	0.1486651811419427	0.3289694303825084	0.2664109186418117	0.09269630904167431
0.15243726183054443	0.16098375316427238	0.3104856773949128	0.27548465510371645	0.10060865250655382
0.1632463466620571	0.15194249673103474	0.30673406009261095	0.27724944618991054	0.10082765032438648
0.15911736351299824	0.14704313046608272	0.3179326897636088	0.2773563306196064	0.09855048563770366
0.15005185802975057	0.1497908384357513	0.3226429709344363	0.27953853383763	0.09797579876243163
0.1512641356790633	0.16461554137082074	0.32329156038754503	0.26019406545664486	0.10063469710592586
0.15201820558484488	0.15913828006307773	0.33190072079636657	0.263566535427682	0.09337625812802863
0.16216665836483463	0.14937146148783262	0.3129333744828834	0.2854154104536579	0.09011309521079122
0.15967936395608276	0.1562980181451752	0.3305058494670138	0.2616314113354045	0.09188535709632363
0.15614052414496843	0.14935874118972403	0.3362579679298737	0.2688864122565772	0.0893563544788564
0.16878668712359424	0.14694822058205115	0.3154978387580115	0.2796412977094904	0.08912595582685252
0.16653114505369707	0.15895644458243685	0.32375149995679303	0.2577710826443233	0.09298982776274954
0.15557100178519515	0.16289718489057586	0.3140081604517451	0.270952373152458	0.09657127972002569
0.15239458064745667	0.15069582117010866	0.32798253219879403	0.28176435248822235	0.08716271349541815
0.157164233995892	0.1583609650519257	0.32781927562115476	0.26755898249839216	0.08909654283263518
0.15979031257836365	0.1659820035779484	0.32031053388523156	0.25864282642605696	0.09527432353239923
0.16751864154657503	0.15683715838670578	0.32144193576029645	0.2578244015603988	0.09637786274602367
0.16237776495858797	0.15753364422592708	0.30667539151849105	0.27980449593606116	0.09360870336093256
0.17004199187064972	0.1532872936069149	0.31684934015113325	0.25590640519138297	0.103914969179919
0.15234928016955285	0.15745040512957723	0.315414397874718	0.2750162042436297	0.09976971258252207
0.1658160664033781	0.14867421961558303	0.3122200494802429	0.28149630103595735	0.09179336346483845
0.16262117391933206	0.16287821084225138	0.33297801538876937	0.25467755295207195	0.08684504689757501
0.1527727617775161	0.1568483644321343	0.3193837446275891	0.2730940655459385	0.0979010636168218
0.1518762430118784	0.1649482255853125	0.31827211955721085	0.2708228067164882	0.0940806051291099
0.15475295293018998	0.15813773835268352	0.31095522259836356	0.2787256143003941	0.09742847181836864
0.16254944883839903	0.16403206852297264	0.3181610551256627	0.25460973555596766	0.10064769195699777
0.15261147385722404	0.16148458422426712	0.31140559917358657	0.2748649878466745	0.09963335489824758
0.1587222843720555	0.149007863813155	0.327659468360113	0.272628081272589	0.09198230218208732
0.15707543918230493	0.15720207968702746	0.3302674612102994	0.2663732676062155	0.08908175231415254
0.1655499430259068	0.16037132929521067	0.3229272429252713	0.2626912690357093	0.08846021571790172
0.1709735920374614	0.15270803065710947	0.3231744085931371	0.25767662657616014	0.09546734213613167
0.16875977619158916	0.15841509779096702	0.3171326820478046	0.259823258922518	0.09586918504712105
0.1703361601173592	0.16592039031265907	0.3163115260592151	0.25756804548916734	0.08986387802159912
0.171839228064038	0.1514079172895187	0.3071509336147511	0.27696393894331406	0.09263798208837797
0.1672250393277873	0.1620412426684884	0.3178062564744516	0.2584946184528035	0.09443284307646897
0.1592235633237406	0.1571290497502439	0.3235698026571513	0.2561470593823505	0.10393052488651347
0.1592814896101004	0.15066175026354478	0.31584260147228693	0.2799222898944268	0.09429186875964087
0.16458718131115976	0.16240748968639734	0.321805234105905	0.2600447587795221	0.09115533611701557
0.16480432567542624	0.146646625496441	0.32831700130165875	0.26268843318450363	0.09754361434197016
0.14997957295654538	0.16255952185150546	0.30694916750450685	0.28581271379584555	0.09469902389159657
0.15012944757382002	0.16224346726277128	0.31406084503080955	0.271308051156129	0.10225818897646997
0.15936342861178648	0.14920741235309262	0.3288627646392588	0.2756588016886027	0.0869075927072592
0.15621952689419538	0.15294578539906475	0.31888462961039366	0.2692628001689579	0.10268725792738806
0.16905467173808225	0.1523882224700646	0.31564441501678653	0.27117322916807796	0.09173946160698845
0.16638301167831865	0.15196679604408392	0.3159453439372965	0.2635468714822743	0.10215797685802643
0.17079250907046045	0.14955678355839816	0.30855403579284724	0.2824583907678625	0.08863828081043143
0.16219230494879383	0.15452297453113564	0.325990168687458	0.2549447034597411	0.10234984837287119
0.15274955181998773	0.14769611335039257	0.3331600026694624	0.27565849693204353	0.09073583522811365
0.14962524399868968	0.1560996608844393	0.3208009313901683	0.27109970959919627	0.10237445412750631
0.15645177583986764	0.1646450422806202	0.31731557972432134	0.27442962603886956	0.08715797611632108
0.1703626824632547	0.15157738107032095	0.3116571633771975	0.2794693941547711	0.08693337893445548
0.15211962422757383	0.16394092419960338	0.32427008114094724	0.2581064243172102	0.10156294611466511
0.16212606604287239	0.14970876478083256	0.3345056689718685	0.2623166352653399	0.09134286493908644
0.16140158472332042	0.15046895327781806	0.32548739188715653	0.26568689555317715	0.09695517455852765
0.15379444000946724	0.16446482647790372	0.31145706119898386	0.2709250501481534	0.09935862216549159
0.1521456953873525	0.1574026643690994	0.3294991691185398	0.2722551557619852	0.08869731536302286
0.16540865191620407	0.16385537415122392	0.3065771798591713	0.2689109548919394	0.09524783918146111
0.1592531497877066	0.16292945487256558	0.3108626843207489	0.27141253119487385	0.09554217982410478
0.15810465076371716	0.15162316275248816	0.3360614117646273	0.26141649835724945	0.09279427636191781
0.16170539281106253	0.15389120410668072	0.3067415539665405	0.2788473651299681	0.09881448398574788
0.16965265313445094	0.1564090193712601	0.3154682630297138	0.2601353965906561	0.09833466787391887
0.15403886180410375	0.15846319334963727	0.3124488688578886	0.2848194556340968	0.09022962035427341
0.16547558847185326	0.16068129097297468	0.3111165916293199	0.265053941364842	0.09767258756100998
0.16905835875878072	0.15044806868293684	0.32869962011265585	0.256260751606854	0.09553320083877241
0.15864224159724416	0.15977023566039272	0.3201736922301924	0.27144889807585004	0.08996493243632048
0.1602661750217749	0.1580531341283059	0.3192276875644645	0.26971253881248397	0.09274046447297052
0.17087322954252185	0.1612853081810865	0.30935502479840316	0.2621387534597133	0.096347684018275
0.16150095869348333	0.15088258911833513	0.3247188073082196	0.26689619251991414	0.0960014523600476
0.15191791032138682	0.15619623312527292	0.31412557185485174	0.2783582286798932	0.09940205601859513
0.16740628005200536	0.1460619848999153	0.317229286557452	0.2755056788243374	0.09379676966628978
0.16071091682213068	0.16135906535336872	0.3202195101821256	0.2610297669420446	0.09668074070033025
0.17262785791555202	0.16230000715066256	0.32098061817067924	0.255148481665329	0.08894303509777697
0.15676581857924873	0.16300855455717694	0.3229003134495735	0.2543793997427667	0.10294591367123389
0.15539324955729555	0.15415445412950232	0.33572194126627275	0.26646831112876546	0.08826204391816372
0.16111118660461293	0.16116922553343954	0.3241464746617138	0.2625680814013168	0.0910050317989167
0.16719101691300114	0.15261375448486708	0.3116750453145133	0.2694652068072062	0.09905497648041206
0.15973660640278015	0.16594750931959856	0.3242119239947653	0.2561099784544311	0.09399398182842468
0.15962341479559225	0.15214864639728243	0.3197453578557302	0.2707749037479329	0.09770767720346202
0.17089923049261915	0.15481774572691495	0.3120697783513029	0.2656525115441886	0.09656073388497421
0.16941960024486433	0.15361959813193934	0.32477067440567436	0.2544989418901914	0.09769118532733032
0.16340160772256046	0.15255527615241224	0.3140074479469601	0.27822639013445255	0.09180927804361444
0.16136356131777432	0.1523409259775867	0.32151848133057637	0.26584832520457174	0.0989287061694907
0.15438426202900787	0.15394723318521633	0.3192034396182438	0.2717134826744333	0.10075158249309848
0.1532798894930481	0.16607123542073998	0.30998547787064273	0.2691102853832681	0.10155311183230084
0.16658310870801368	0.16371257731676975	0.3180965546401459	0.25976093509415993	0.09184682424091051
0.15662817893304207	0.1576218325479355	0.3142856064932059	0.28464537738692897	0.08681900463888739
0.15418508393378894	0.16481902260959913	0.31138332524915924	0.278911824956552	0.0907007432509005
0.1543843483206378	0.15326799260734292	0.3276542146896734	0.2713619917209723	0.09333145266137344
0.1504076179184501	0.16421358219115342	0.3138480085202073	0.2750108218296884	0.09651996954050061
0.1654725341608353	0.1543263732825654	0.32097534088406077	0.2639038239205673	0.095321927751971
0.16026083305432354	0.1474699388463008	0.32329225164295106	0.2690418186124123	0.09993515784401216
0.17072681509811719	0.151910464216572	0.3275491508148959	0.26169103966098956	0.08812253020942516
0.1688630226789764	0.1505742921858955	0.31264616479487994	0.2734096216650702	0.09450689867517778
0.1709548289049227	0.14640330273952562	0.3222825266054531	0.26134171787848604	0.09901762387161236
0.14982103928150947	0.1507379569983399	0.32816357682176434	0.2772001943729816	0.09407723252540456
0.1587635644836215	0.14745209432054676	0.32364471280590545	0.26626449305737554	0.10387513533255054
0.16354739897791892	0.1632038249372995	0.31059560111515355	0.2737849900744621	0.08886818489516568
0.15684426556350278	0.16438335252675318	0.32587056696402295	0.2557877826777162	0.09711403226800477
0.15220626767822026	0.16294492121767365	0.326982105673464	0.2624500744347295	0.0954166309959124
0.161947525418028	0.15553828628044997	0.31239101223760984	0.2745642431248353	0.09555893293907668
0.1549156486729966	0.15372774729764987	0.3120247279132923	0.2791451788464687	0.10018669726959237
0.15158163653845969	0.15228337874027645	0.3323012845687377	0.274317998901858	0.08951570125066802
0.16002280735712499	0.15657409060746366	0.3258489795309344	0.2604668254773472	0.09708729702712962
0.15806745961942906	0.1652753402095145	0.3163207720281297	0.2672107994465295	0.09312562869639707
0.17284694301975823	0.15695635675379965	0.3180173700907809	0.2632975558582574	0.08888177427740365
0.16470265930091293	0.1507766732972418	0.3094451483532671	0.27285713391729016	0.10221838513128785
0.15570850515321227	0.15541404338420442	0.3235855091251787	0.2612179835916748	0.1040739587457297
0.16882034159182685	0.15113536827736862	0.30970478723956174	0.27570294342517476	0.0946365594660678
0.1684729205622524	0.15475513423707693	0.30748106333506586	0.2712267332171861	0.09806414864841849
0.16406760944658952	0.1501017145691239	0.330826736906645	0.25519778542020405	0.09980615365743734
0.15636481205319724	0.15218117774379358	0.3305554401415288	0.2644842320519035	0.09641433800957669
0.15204471108895937	0.16002999808933113	0.3092673922571884	0.2791225457358712	0.0995353528286497
0.15596280715613597	0.14625838950372883	0.3277161492552545	0.27250274355077264	0.09755991053410787
0.1578296490545353	0.1461815679177126	0.3334237120842236	0.26406398521861657	0.09850108572491173
0.1634043040357801	0.16407587908543475	0.310874831474624	0.2714522805223534	0.09019270488180756
0.1577745421711894	0.16365954407175642	0.31837841261130895	0.26247883263584926	0.09770866850989578
0.1550990140206916	0.15728281009476108	0.33551014847824245	0.25505507306488123	0.0970529543414235
0.15864918204601414	0.15986551355786652	0.31836567364717305	0.2604365962015996	0.1026830345473465
0.16407603047008934	0.14690924128034527	0.32308899484561304	0.27590736954197137	0.09001836386198075
0.16749511149495025	0.14609215459077426	0.3183584039546056	0.27400448624267915	0.0940498437169905
0.16051184700920051	0.15574472071425965	0.3086952233798832	0.28466532217781126	0.09038288671884519
0.16088508760929976	0.15592381539265224	0.3238360969320753	0.2635159712159625	0.09583902885000996
0.17283192882186763	0.15430767288756667	0.3101917801553432	0.2741034274484889	0.08856519068673341
0.15285410623453483	0.1635370163948647	0.31138811878895845	0.2849128274496537	0.08730793113198815
0.16157941399244363	0.15067260105913183	0.3146073833964858	0.2707534568943974	0.10238714465754115
0.1575054104182358	0.15018184744479632	0.3159034908499381	0.27909831807511853	0.09731093321191109
0.15556844711740553	0.1516722145665888	0.3191956297588793	0.2802518353370803	0.09331187322004592
0.1557135452475787	0.1624174963737743	0.3194668572531018	0.26138100812599285	0.10102109299955206
0.17327012813080134	0.14848557280018243	0.3068198584051459	0.2823349818464201	0.08908945881745008
0.1580500446517845	0.16222861996455373	0.3085851762353366	0.28209667745065226	0.0890394816976727
0.15794906143927906	0.15955984600648146	0.32669430610645867	0.25679960993813444	0.09899717650964619
0.155167828162278	0.15462213841745626	0.33020091989880457	0.2585464029616038	0.10146271055985716
0.15672215080670956	0.16320247739090957	0.32322580235046294	0.26690606941969686	0.08994350003222094
0.15272883069736154	0.14612131889344632	0.32972165554148525	0.27865390985573235	0.09277428501197436
0.16863932554260666	0.15758204821592378	0.3126218888877773	0.25980900004282514	0.10134773731086691
0.16883958790649978	0.15348302395017296	0.31848852725532667	0.2622332143061773	0.09695564658182312
0.1500666726943752	0.15872595578356183	0.3189768325401957	0.2734116458943525	0.09881889308751451
0.15047659754275516	0.16021245380240437	0.32251232795647056	0.2657097409686787	0.10108887972969105
0.15363917992691403	0.14748353761502114	0.32875782272833837	0.28142560946833284	0.08869385026139336
0.15876479980457545	0.1623356668627568	0.3137265957877973	0.2614789035701164	0.10369403397475388
0.1509455442933592	0.16088358410066417	0.31769751816309927	0.28220650212939097	0.08826685131348619
0.1541565870106425	0.16301192341181012	0.32739124589923974	0.25799676896747387	0.0974434747108336
0.15837819063724276	0.16125477695343676	0.3074011621081901	0.26915080179532724	0.10381506850580294
0.16195558301350427	0.14900816481667745	0.323092938183712	0.27469863039727405	0.09124468358883203
0.16913112620147494	0.14708200260923313	0.3165587387574516	0.2686056093107653	0.0986225231210748
0.16499631684472923	0.15605933215418005	0.3312165246986388	0.26074641756751993	0.08698140873493176
0.15971003229726077	0.15500166919331415	0.311049250475242	0.2834167102658203	0.09082233776836254
0.15147987151822576	0.16340820545381568	0.32166666560334645	0.2729609486603015	0.09048430876431043
0.1620306284355155	0.15331705009678415	0.32209655722503705	0.2639804577222927	0.09857530652037036
0.16557196056243947	0.15782347533700075	0.3174602397948785	0.2570613376275427	0.1020829866781384
0.16341978789485195	0.15776118467148198	0.3215667485218911	0.2661064564132247	0.09114582249855008
0.15253983920001923	0.15726947061520016	0.3355891341409577	0.2565232000505906	0.09807835599323214
0.15446386161025968	0.14625496264951537	0.32552295753348065	0.2813257015965026	0.09243251661024152
0.16035161317186605	0.16226207087753808	0.3162116586029671	0.26245060196798814	0.09872405537964044
0.16906469220143872	0.15631162359517148	0.31018632667201285	0.2605267334134672	0.10391062411790958
0.17030484418237654	0.16604721893338406	0.3102127957408325	0.258869729647183	0.09456541149622366
0.16344509103185428	0.16543140097918946	0.31718679049481713	0.26325385331906337	0.09068286417507554
0.15561512373625325	0.16314285887733068	0.3222743356003529	0.2638497847049701	0.09511789708109285
0.17132566422486728	0.153063339384042	0.30693192322254836	0.27524437189141837	0.0934347012771238
0.1652154024558339	0.1605277632074858	0.3156734094657926	0.2657438868365517	0.09283953803433578
0.16629995103578898	0.1638300342610381	0.3079708374647856	0.25891944333211436	0.10297973390627277
0.16493183646695728	0.15566820079637386	0.3167293650995503	0.26042293594678684	0.10224766169033156
0.15207078591607837	0.15359250734624144	0.3308689506676522	0.27227625619654683	0.09119149987348102
0.1620345224920382	0.14592323563057438	0.3115101232702773	0.2782857740617518	0.10224634454535814
0.17285437431092276	0.15716513421121325	0.31617094329078926	0.25595678994354604	0.0978527582435285
0.1561182379128358	0.14778687433662413	0.3171641428162848	0.2773886625099198	0.1015420824243353
0.1543643548626241	0.16595015475984673	0.3224574476885795	0.2642934713607563	0.09293457132819319
0.15215015236824794	0.15584013314855658	0.33029286823566856	0.27361317695076837	0.0881036692967584
0.16265426830491	0.16386925519659484	0.31456282613926534	0.26583722726989056	0.09307642308933904
0.17310247212448582	0.1464935357643205	0.321157751848205	0.2701244347973247	0.08912180546566381
0.16443356174170776	0.16063590258356178	0.31379845874646484	0.2685779649220231	0.0925541120062423
0.15855723736829497	0.15470241342818547	0.3076110775250872	0.27672413390206063	0.10240513777637152
0.15101194632237425	0.16518466362493556	0.31958181044825923	0.2647060862504422	0.09951549335398858
0.1646651851404026	0.1529614287416648	0.3163298366590085	0.2673297635719291	0.0987137858869948
0.1634419737752921	0.16599380679173925	0.3068093535991355	0.26269595782314914	0.10105890801068376
0.1561077165744516	0.14914286376278507	0.3165321887755874	0.2806253044419764	0.09759192644519926
0.16261032093933095	0.16372228507797584	0.3076523336762671	0.2668440052143225	0.09917105509210336
0.1590832846609192	0.1565687292456183	0.3067926692308177	0.2842654628056814	0.09328985405696319
0.1672738314161111	0.14667912308537653	0.3304516220503516	0.2586233325686853	0.0969720908794753
0.1533577779744797	0.15332382436482328	0.322811993505047	0.27117642075880566	0.09932998339684412
0.15842356524276996	0.1573417977717876	0.33546420234628216	0.25832877340766447	0.09044166123149566
0.16685902407975373	0.16385060667333548	0.31449163940483044	0.25940206375560476	0.09539666608647543
0.15814063368161588	0.15823653241383281	0.31032807445454996	0.2786278888965914	0.09466687055340972
0.16008165848093164	0.1569844956462766	0.33532857238921293	0.2567002445052371	0.09090502897834152
0.17073544005649594	0.15799736049907	0.30574072938436625	0.2714890158696954	0.09403745419037222
0.1553184409927554	0.15440158559717204	0.3259270510262201	0.27560480659282666	0.08874811579102564
0.15278744227484278	0.1526642704103803	0.32780708976390205	0.27087959586519983	0.09586160168567483
0.16063106679258776	0.15146788802421005	0.31266757832133785	0.2788920679145126	0.09634139894735155
0.16439976690926322	0.15440309248918296	0.30651653350640834	0.2758464331973854	0.09883417389775986
0.1497263352235241	0.1646476540183589	0.32884533656104875	0.25582023115752395	0.10096044303954413
0.1652474682246261	0.16589494035370567	0.3174865509105964	0.2637436907772661	0.08762734973380548
0.16672907313471325	0.1536978235497491	0.3182549402746253	0.27354966537352643	0.0877684976673857
0.1703598691107976	0.16272254305067774	0.31057535431704375	0.26045291055364406	0.0958893229678367
0.15243552627363233	0.15994034667085213	0.33276834510675557	0.25856704709792316	0.09628873485083658
0.1610765398205326	0.16613365446801281	0.31940735876550025	0.261373990184289	0.09200845676166516
0.15743935329679307	0.14840647872554655	0.3278655831964724	0.26846831457162734	0.09782027020956045
0.15976158552320036	0.15470300442864127	0.308163661670723	0.27657819946901047	0.10079354890842465
0.15376979599057494	0.14863857956158097	0.3251254797824545	0.26918081397324806	0.10328533069214135
0.15506057587405922	0.1485154640265738	0.3318061256458338	0.2736328073114392	0.0909850271420938
0.16189040439620642	0.1593146190442821	0.3142865586380684	0.2723196575882375	0.0921887603332053
0.172907415805557	0.15846412023954046	0.3187177876964566	0.2572961656189744	0.09261451063947138
0.16049558180845835	0.16449741186726718	0.31786301153256835	0.25516251793020006	0.10198147686150588
0.15485849938807156	0.14979519128691066	0.3089433449014074	0.28370015605430804	0.1027028083693021
0.1708561568946808	0.1476013982927981	0.32861691695045087	0.2542937538640491	0.09863177399802091
0.15869296630879312	0.16234725101594602	0.3183629721819634	0.27139234411968693	0.08920446637361028
0.1640862141932155	0.16050409160965512	0.3243528400919467	0.2620283389021827	0.08902851520299973
0.15615984889928303	0.1528114412438408	0.3315693452128896	0.2620551413147489	0.09740422332923748
0.1503399381841623	0.15632687247803714	0.31187849409372737	0.2813895530062658	0.10006514223780724
0.150508973955914	0.16166082894640754	0.32720294942476313	0.2660186251312938	0.09460862254162127
0.1559700513981685	0.148981100716638	0.3196570331629317	0.2849892726105422	0.09040254211171936
0.1607586779193104	0.15622645706892618	0.32991963584827866	0.26640503151863415	0.08669019764485038
0.17272682447515814	0.15712723600462714	0.31137540840797495	0.255381592112253	0.10338893899998658
0.1564482175254703	0.15708413575810518	0.3322107235727828	0.26730130356910675	0.08695561957453485
0.1700399312597058	0.1558450734300638	0.3168320782648177	0.2674346214512467	0.08984829559416585
0.16521177771659354	0.14769937240191722	0.32245673499820243	0.2626762774722711	0.10195583741101547
0.15598236588773118	0.16157574426094498	0.3351209076441305	0.2545887213328568	0.09273226087433632
0.15514630305685556	0.15502448416086145	0.3354496459660612	0.25780455946942565	0.09657500734679587
0.1711876403456559	0.16440761268532775	0.3068930679022769	0.2576813228976212	0.09983035616911808
0.16137360466203954	0.15761126980645648	0.3226384480506952	0.260302241949126	0.09807443553168257
0.17093126123202115	0.15090011127577202	0.3176255508851361	0.2720209311706058	0.08852214543646478
0.15173458632316994	0.16566061625810904	0.3096886574232266	0.2837618336943095	0.0891543063011847
0.1530495155184335	0.15282011363313708	0.32855845364944825	0.2647054109962912	0.10086650620268982
0.15925425682845148	0.15532626127580054	0.32578530733113686	0.2644409003679845	0.09519327419662639
0.1714744605577802	0.16538437031625097	0.30592689323193867	0.25447554108352866	0.10273873481050128
0.1689720567690806	0.15866045674288928	0.3224254248267642	0.26191142132564177	0.08803064033562404
0.17222868188751347	0.15356470456057048	0.32842248195262347	0.2560208523830025	0.08976327921628988
0.15496295813697403	0.16221176689444156	0.32245050448739476	0.2637877955620318	0.09658697491915767
0.16234861504909434	0.15538413443382257	0.3137820974604028	0.2688386634807994	0.09964648957588071
0.1632301919372677	0.15459042011709223	0.30776122467064315	0.28117357769860984	0.09324458557638693
0.1634064547963634	0.15555974999537767	0.31954189334948696	0.2687578092613521	0.09273409259741966
0.16394520741293184	0.16314306862495803	0.31511912600170794	0.2647483881781783	0.09304420978222366
0.16944352822228037	0.15651356336880004	0.30893802907650875	0.2765836243087391	0.08852125502367153
0.16502448107127954	0.1560433054114584	0.32168970255850143	0.2704163486433597	0.08682616231540076
0.15795507807181047	0.1646901252156354	0.32947250947967655	0.2550983479216439	0.0927839393112335
0.1606248819347246	0.14732995110432698	0.318716348541089	0.2708513684125431	0.10247745000731612
0.1578699533025335	0.14911355548977434	0.31025188149909266	0.28019012551529865	0.10257448419330059
0.1503196891663334	0.16143901701765362	0.32286781127594716	0.26737335269036755	0.09800012984969808
0.15560109287248391	0.14640400141093515	0.33612037060095123	0.2632474313121609	0.09862710380346854
0.1594530566517275	0.1619672666329692	0.30667353662815594	0.2736153311946207	0.09829080889252648
0.16070702103650025	0.15151656126514196	0.32866497682117723	0.25841462072458155	0.10069682015259876
0.15142723315362225	0.15777567804348114	0.33590189705707824	0.26462235206374807	0.09027283968207009
0.15252188565226116	0.15344579101122902	0.31209995940772267	0.28288963064173517	0.09904273328705179
0.16511300666233764	0.16135145941025802	0.306224065199244	0.2641148375287632	0.10319663119939697
0.16554954297763425	0.15806690434072646	0.30661776053185186	0.27259078954497046	0.09717500260481679
0.16001904233041542	0.15640656351024057	0.3153556878075997	0.27480409849022913	0.09341460786151498
0.15162732379040716	0.14567428757254874	0.33325789655880284	0.26621509007858546	0.10322540199965562
0.1641446663032179	0.15083749341833394	0.3073392989549608	0.28374756125934864	0.09393098006413847
0.1694555418303022	0.14729837616815245	0.3148590328519134	0.26875099268741076	0.09963605646222101
0.1651903396065697	0.16137377864533814	0.3124290612211064	0.27221517621809044	0.08879164430889509
0.15414229769508692	0.16200419000396465	0.31892862485847	0.2661238399955392	0.09880104744693902
0.1655163023176138	0.1504217351280781	0.3126016371185944	0.28393824946341356	0.08752207597229998
0.15981464609156118	0.1587742831561456	0.3135501895430686	0.26589165194903963	0.10196922926018483
0.151589259386007	0.16308142806775924	0.3343156824573039	0.25933954850854185	0.09167408158038778
0.155801603707032	0.1515839020156296	0.33349312602049774	0.25694699038867835	0.10217437786816211
0.15435316284467604	0.15420083157950182	0.3150145917328916	0.28000524883747946	0.09642616500545091
0.1620993906838167	0.15826638322639333	0.31913143697500757	0.2567770699396966	0.10372571917508558
0.16518500014698587	0.15578800372088913	0.3097440797896751	0.277327100610732	0.09195581573171772
0.15608808190259538	0.16080298468204526	0.3111018790214043	0.280282865346982	0.09172418904697295
0.15117476931600055	0.15787922616073755	0.32526896073668665	0.27231573113019025	0.09336131265638478
0.14988713201184892	0.15984109531424068	0.31110805436794964	0.28401409864556315	0.0951496196603974
0.15840542259628837	0.1468596923810873	0.32295677778229454	0.2762567993175699	0.09552130792275973
0.1508990561443379	0.14697789646150652	0.3242441067772771	0.28581706068597684	0.09206187993090145
0.16210193372935222	0.16561030826292034	0.31657176853703023	0.25494436327460324	0.10077162619609378
0.15706777138460434	0.14690330961279363	0.3190984583084044	0.28533320513543775	0.09159725555875968
0.1672699106284348	0.16144032922249682	0.31774541441418513	0.26338523288954385	0.09015911284533928
0.1567729844215418	0.15447547539320966	0.30980997423694734	0.2795499151537344	0.09939165079456659
0.15299284864806528	0.15494595485734647	0.31498234965604116	0.2846050125801646	0.09247383425838232
0.1672339622476347	0.14689677782750493	0.32221002074078264	0.2622657764721079	0.10139346271196957
0.16313738498769326	0.1580174189997143	0.3103395675998549	0.27777607134189874	0.0907295570708386
0.17017790302863683	0.15857207151028407	0.31583151572417534	0.2623124698276176	0.09310603990928595
0.15683098897501493	0.14954402182885623	0.32496372311697086	0.2787224359299054	0.08993883014925234
0.16255171732936552	0.15089490519822138	0.3234644624065493	0.26253244941402115	0.10055646565184245
0.15584328772828096	0.14917486979889158	0.3354077037723249	0.2595546337841866	0.10001950491631578
0.15002403208227924	0.15575721235055326	0.3187415751631454	0.27450131139097766	0.10097586901304423
0.16216352045747057	0.15756030418006015	0.31938597121163786	0.2689274353364767	0.09196276881435456
0.16862766035135365	0.15595045851647202	0.31609215315538053	0.269354795797571	0.08997493217922262
0.1523863852565035	0.15993295581606248	0.307060463564222	0.2856024141760205	0.09501778118719134
0.15672525001310986	0.1640423790812556	0.30578416483783377	0.28290168623369544	0.09054651983410511
0.1598015804663156	0.15253083324991867	0.3180959516777013	0.2794343514492995	0.0901372831567647
0.16111208140868027	0.1520827316694724	0.3195747173380607	0.2805402438885001	0.0866902256952864
0.15283629948096378	0.1591516996655511	0.328039883983239	0.26442838826101356	0.0955437286092324
0.15300493230151088	0.15959107777428713	0.3347815845369607	0.2651555042981789	0.08746690108906219
0.1527145258139495	0.15714448052439478	0.3350545140162443	0.26307772058301265	0.09200875906239854
0.16933692791230753	0.1596699238056833	0.31773732726336157	0.2656506548474541	0.08760516617119328
0.1630203645137686	0.1601523939989024	0.3062066614727463	0.2827637318910032	0.08785684812357931
0.15785446253004204	0.14796467845898437	0.3083317560998322	0.28233726983864893	0.10351183307249227
0.16145996641094898	0.15770360325847876	0.32369462796123216	0.2612626037040134	0.09587919866532649
0.15710893101114745	0.1616299469582021	0.32680619071578365	0.2642709828510946	0.09018394846377197
0.15379652622244464	0.15956408853254522	0.3325458765507851	0.26149978758818165	0.09259372110604325
0.15451062610492064	0.14573802656400633	0.32608781532612596	0.2824284589432241	0.09123507306172278
0.16152038055381812	0.15409801819073946	0.31126973490478116	0.27906004795913586	0.09405181839152524
0.16983746982952014	0.14724647216358974	0.3149376710693293	0.2796082308353773	0.08837015610218332
0.15848099598545537	0.1513222778452114	0.3313878291743693	0.27170262815944846	0.08710626883551523
0.16224336399128164	0.15171500902047946	0.3278047299092192	0.26160884881389185	0.09662804826512761
0.15313455714226787	0.15953710379999725	0.3169082157056654	0.28212052398047727	0.08829959937159207
0.1548675379091859	0.15081820930127082	0.3250053833529193	0.2680521173884444	0.10125675204817938
0.16448032428547987	0.14985629808751375	0.31126195905857096	0.278113095661951	0.09628832290648419
0.16403204784458475	0.15482067079421213	0.31794372983480124	0.27062762477702834	0.09257592674937337
0.16630343622332672	0.14986073798989233	0.3230512788845998	0.26790964272791534	0.09287490417426561
0.15506548616156068	0.1477089269950047	0.3235468113431863	0.2736537570407303	0.10002501845951783
0.15960973809892634	0.16081701865194087	0.3274367807766543	0.2587754166598554	0.09336104581262294
0.1652068172644306	0.15839277972942545	0.31703539072051645	0.26028089869956433	0.099084113586063
0.15620710869015425	0.15216085562140544	0.33013674195928405	0.27423283066409876	0.08726246306505733
0.15811569354891802	0.15887216798885206	0.31684673211548225	0.27922240818191885	0.08694299816482864
0.17112459327106694	0.14803610117146304	0.3186543240849879	0.2687516361847862	0.0934333452876957
0.16850662481131076	0.1568791431222277	0.3197765391202918	0.2544059655414339	0.10043172740473566
0.17136230785220152	0.15040700897311385	0.32186915185597986	0.2613579257594141	0.09500360555929047
0.1508709556283449	0.1568693153814411	0.3244260999788913	0.2722635478107023	0.0955700812006202
0.16150989368135957	0.1545447839028397	0.31924343720849857	0.2731392226543629	0.09156266255293902
0.15072261743286958	0.14583460473032242	0.33569010454522	0.2676606423506631	0.10009203094092468
0.1706138402028019	0.1622196924646127	0.31372127089564067	0.26122241097633764	0.09222278546060689
0.1692494127415332	0.14677048849283303	0.3196757102755364	0.27520601971497166	0.08909836877512552
0.1564981743418764	0.15139473796560055	0.31950603542242195	0.28261567061869103	0.08998538165140985
0.17279934733405736	0.14766036577258326	0.314928816096961	0.27558487180128177	0.0890265989951164
0.17182327148802742	0.15758338665009222	0.3133778652526509	0.25559894564907737	0.10161653096015186
0.15700604109746646	0.14728054469873697	0.3277802229211829	0.2748620006682839	0.09307119061432956
0.15586642378398208	0.15703351964534934	0.31530157292284783	0.27195002127009893	0.0998484623777216
0.15693527179299432	0.14945939647890805	0.322467632466787	0.2753505462533898	0.09578715300792069
0.15391064460332854	0.16615343275239242	0.32261959775687366	0.2627958706270733	0.09452045426033186
0.16795609282374216	0.1504499869938571	0.32352482919001874	0.26547600490642986	0.09259308608595197
0.16386852271770969	0.14720349111997622	0.32350600430876836	0.26589288807471356	0.09952909377883196
0.15579178797341098	0.1633912387514775	0.316789587793991	0.2645211621721161	0.09950622330900424
0.16891201146297932	0.16037275637072373	0.3068441287490479	0.2721393793131243	0.09173172410412453
0.1611237851597101	0.16539846811806708	0.3109947863691312	0.258581099067157	0.10390186128593444
0.15737936026929789	0.15592230732609116	0.30993954555454795	0.27739033213610254	0.09936845471396033
0.15048670907212558	0.1517087058936603	0.3278765191547342	0.26724181531645913	0.10268625056302055
0.1594258065898795	0.15579259842777557	0.30896489706430674	0.2805117275171057	0.09530497040093225
0.16353878726524568	0.15656939782219703	0.33089123288370403	0.2577946044605518	0.09120597756830127
0.16197998323856552	0.15662815807301633	0.33183104239961597	0.259889104876447	0.08967171141235492
0.17209497827875508	0.15185093835995803	0.3305482601746085	0.25861483431688864	0.0868909888697896
0.15644152724292745	0.16014459795463215	0.31142892126438426	0.2706277119396603	0.10135724159839568
0.1648145848684879	0.15190565186940372	0.32890473911166973	0.2676802588090448	0.08669476534139373
0.16671892923802656	0.15818701385735884	0.309002410991814	0.27551246943535784	0.09057917647744257
0.15914812563399156	0.16516698655493278	0.3102354481658904	0.26814803435058915	0.09730140529459591
0.17286820259554847	0.15928384215291855	0.31297551735704054	0.26010064318750853	0.09477179470698371
0.17066716039140334	0.15021419008131046	0.324646651020243	0.260514886502409	0.09395711200463402
0.15714631621937042	0.15858102672753116	0.3326880221249924	0.254922555740344	0.09666207918776189
0.1521850739441461	0.15765862448410956	0.32665290088661614	0.264887252206144	0.09861614847898403
0.17117393496569702	0.1513824107422708	0.31293622478674826	0.26552337108827984	0.09898405841700389
0.16311631252140169	0.14880752804470124	0.3056337881932293	0.28393850092908846	0.0985038703115791
0.15755338565371152	0.1508831072564238	0.31964083221255907	0.27741103523128163	0.09451163964602374
0.1593043534204204	0.14624753288863873	0.3141794507451645	0.28312515594677345	0.0971435069990027
0.15772937422365427	0.16025559242844278	0.3150084353518051	0.2729571020164662	0.09404949597963141
0.16028865129694073	0.14586638055187678	0.32347959636117085	0.27448027083608284	0.0958851009539286
0.16369762230504073	0.14876057210553895	0.3272415954289093	0.2728994013876257	0.08740080877288514
0.15537467147896789	0.14797118078233895	0.33498468745758025	0.27061056336542394	0.09105889691568875
0.1597135525858225	0.14986665008748326	0.3170184661115839	0.28266561953467473	0.0907357116804354
0.15815861047600058	0.15352671808719504	0.32952395522144584	0.26867654414237185	0.0901141720729865
0.16276838721334586	0.15729796855355033	0.32954166112178257	0.26253179402592575	0.08786018908539533
0.1579653425237394	0.14889984877085916	0.3342489430451975	0.26316242579922233	0.09572343986098145
0.1505930194145032	0.15079758254383793	0.33196865127545205	0.2663202937420216	0.10032045302418505
0.15062264029032385	0.15351544193961203	0.3338621738077692	0.27359399901764414	0.08840574494465055
0.16865695556849786	0.16392282765854527	0.3061958840219063	0.2620189420889925	0.09920539066205789
