0.20285271834286547	0.6016785273655084	0.19546875429162622
0.20450312158303252	0.6011746584205477	0.19432221999641985
0.20188143218858148	0.6032762608890065	0.19484230692241206
0.2036266245359945	0.602049912204869	0.19432346325913646
0.20323424152552266	0.6019136970226261	0.19485206145185135
0.20256492012760402	0.6023984929996193	0.19503658687277672
0.20179827827827818	0.6023900358280174	0.19581168589370448
0.20333215300146823	0.6021813054288281	0.19448654156970377
0.20372780017950726	0.6009894614273309	0.195282738393162
0.2043238261531754	0.6007961396187647	0.19488003422806
0.20283407965944783	0.6019378852633128	0.1952280350772394
0.20241749812958476	0.6024986728577821	0.19508382901263321
0.20286843964952772	0.6017806126074206	0.1953509477430518
0.20452236497751852	0.6015216068201266	0.19395602820235508
0.20300197430485126	0.6019140745791766	0.19508395111597227
0.2018528272060081	0.6036719722401531	0.19447520055383893
0.20309540999129733	0.6023822558775577	0.1945223341311451
0.20321960034406134	0.6019087036502645	0.19487169600567422
0.2047743663897458	0.6007053485268603	0.19452028508339392
0.20261338201423995	0.6028517804145127	0.19453483757124745
0.20367859059881305	0.6015341516241538	0.19478725777703323
0.20205698576770073	0.603057142040331	0.1948858721919683
0.202958876773412	0.6022435487747182	0.19479757445187001
0.20256612288706918	0.6022796108522523	0.1951542662606785
0.20291248959924282	0.6013225509035767	0.19576495949718065
0.20489442566906954	0.6007212176054137	0.1943843567255168
0.20404603586730402	0.6004709617068634	0.19548300242583264
0.2027300931278901	0.6034086878521796	0.19386121901993036
0.20237831784397178	0.6030089939643912	0.19461268819163718
0.20274185296872202	0.603236199946952	0.19402194708432607
0.20375828036591692	0.6019563070399754	0.19428541259410775
0.20382022134413022	0.6004193675579386	0.19576041109793135
0.2017810185305361	0.60317779533707	0.1950411861323939
0.20320623553999634	0.6021902558726567	0.19460350858734707
0.20392732911365097	0.6016042973901994	0.19446837349614976
0.20503190355011047	0.6005504830374874	0.19441761341240227
0.20319074621004898	0.6017220010654551	0.195087252724496
0.20258260133333528	0.603312240543153	0.1941051581235118
0.203804556397798	0.6023076193096698	0.19388782429253226
0.20441091437377196	0.6005621260664824	0.1950269595597458
0.20481683781180593	0.6009913924497268	0.19419176973846744
0.20383040039715505	0.6022929941364265	0.19387660546641866
0.2020659809531986	0.6036974843895351	0.19423653465726642
0.2037079289102356	0.6014948661045372	0.1947972049852274
0.20267991058045193	0.6019455501166615	0.19537453930288673
0.20352038456023433	0.6025679867172716	0.19391162872249415
0.20239847032108943	0.6032021888958612	0.19439934078304957
0.20340495543199888	0.6021443122109298	0.19445073235707144
0.2035590631194404	0.6013340699081642	0.19510686697239557
0.20292293271847867	0.6028433568883687	0.1942337103931529
0.20361342413293376	0.6011064524248118	0.19528012344225465
0.20451659912907136	0.6006820557053583	0.1948013451655704
0.2032780264072048	0.6011355778059543	0.1955863957868411
0.20317830417622829	0.6018746222080896	0.1949470736156822
0.20412589223068628	0.6012799654057894	0.19459414236352435
0.20341395359690523	0.6014709764820745	0.19511506992102046
0.20319457065759652	0.6011285043170349	0.1956769250253687
0.20379939879707368	0.601197833114226	0.19500276808870046
0.2016013963720693	0.6029771711067198	0.195421432521211
0.20181940553256042	0.6025621406754078	0.19561845379203194
0.20509364776054168	0.6007333996194928	0.1941729526199657
0.2026488675678535	0.6031865497471078	0.19416458268503878
0.20264972239588155	0.6028848401307108	0.19446543747340772
0.20480840945269355	0.6009713513340829	0.1942202392132238
0.20263329338647784	0.6021642845048952	0.19520242210862704
0.20333109580651945	0.6024198428602406	0.19424906133324005
0.20439683309793638	0.6014109280721802	0.19419223882988357
0.20359238566998392	0.6013466244155798	0.19506098991443643
0.20281540138761794	0.6024684076626927	0.19471619094968942
0.20192048064583373	0.6036131092159092	0.19446641013825725
0.20266808171409262	0.6030359521542532	0.19429596613165429
0.2025862616560115	0.6028854546009157	0.19452828374307285
0.20453033251283217	0.6004159030605247	0.19505376442664318
0.20313879171496949	0.6025936513312895	0.19426755695374118
0.20310126832625397	0.6024526394837084	0.19444609219003772
0.20168934007529826	0.6030557489154241	0.19525491100927772
0.20343805420850328	0.6026678831278766	0.19389406266362025
0.20340852889468264	0.6019247281773341	0.1946667429279833
0.20450493962489388	0.6014301870911264	0.19406487328397987
0.2021075815188516	0.6030982940178298	0.19479412446331873
0.20165084249151533	0.602610695776183	0.19573846173230186
0.20287755654826317	0.6032565851442475	0.1938658583074895
0.2020941510186153	0.6023820511096877	0.1955237978716971
0.2044070504771774	0.6011369620042367	0.19445598751858603
0.20264365798603806	0.6015651608125898	0.19579118120137218
0.2041639757312529	0.6011695389245859	0.1946664853441612
0.20371436896353895	0.6005832795706473	0.19570235146581388
0.20184809306431295	0.6029660737464977	0.19518583318918936
0.2029269834599919	0.601991305752018	0.19508171078799025
0.20316992649644455	0.6012211830582597	0.19560889044529595
0.2021282927919467	0.6022389356748662	0.1956327715331872
0.2033882104272078	0.6013134389521362	0.19529835062065612
0.20431040234082762	0.6014455308808511	0.1942440667783214
0.20262012449830202	0.6016371871772311	0.19574268832446695
0.20465963463311335	0.6009953252567051	0.19434504011018167
0.20256399905789108	0.6018638942398398	0.19557210670226932
0.20403679374662287	0.6007225281922148	0.1952406780611624
0.20434852370070986	0.600565951390363	0.19508552490892733
0.202588860054105	0.6036025684197381	0.193808571526157
0.20190722199741856	0.6032801778901009	0.19481260011248056
0.20342500029648902	0.6026452041724784	0.19392979553103276
0.20382438770115732	0.6019112473491377	0.19426436494970517
0.20236669349464956	0.6020504947973183	0.1955828117080323
0.2018627102665793	0.6035344279295749	0.19460286180384595
0.20456941943526705	0.6006956642691517	0.19473491629558132
0.20284153934569257	0.6031628877176727	0.19399557293663486
0.20331515356261534	0.6021891627381519	0.19449568369923284
0.20192066455864682	0.6027192736858066	0.19536006175554674
0.20333755518821262	0.6027241471431468	0.19393829766864076
0.20334327170946287	0.6023769517006023	0.194279776589935
0.2043179401879889	0.6013395838348552	0.19434247597715593
0.20210312733302346	0.6024319163398992	0.1954649563270774
0.20306636506043985	0.6012144158330245	0.19571921910653578
0.2036297185009558	0.6011499382157395	0.1952203432833049
0.2047396181214856	0.6004238230663947	0.1948365588121198
0.2038929507657495	0.60174277954501	0.1943642696892406
0.20484107456954154	0.6010411941991941	0.19411773123126447
0.20310633724367966	0.6018920385885433	0.1950016241677771
0.20163618571369052	0.60266454102173	0.1956992732645797
0.20321053046100265	0.6020765974016757	0.19471287213732177
0.20452218728100904	0.6015972118029453	0.1938806009160457
0.20207958895447986	0.6024385748477354	0.1954818361977848
0.2035102239374708	0.602457656357923	0.1940321197046063
0.20374994505080196	0.6008745210940847	0.19537553385511358
0.20189657850515957	0.6022893521564863	0.1958140693383542
0.20423301459975945	0.6005594316590468	0.19520755374119386
0.20395801565242755	0.6021218477402072	0.19392013660736546
0.20452045887569045	0.6013977064297029	0.19408183469460671
0.20504141433828932	0.600556694356118	0.1944018913055928
0.20263472344646188	0.6026035168900342	0.194761759663504
0.20371034271914587	0.6005196904377665	0.19576996684308773
0.20279647643277024	0.601681306147298	0.19552221741993187
0.20388195273285076	0.6013808280724167	0.1947372191947328
0.2019246343341118	0.6033745146424073	0.19470085102348098
0.20406596206185282	0.6009486755987787	0.19498536233936847
0.20306056904438508	0.6014793705754369	0.19546006038017807
0.20236568613139866	0.6025098276530803	0.19512448621552114
0.20208150931405539	0.6036613201147526	0.19425717057119213
0.20208404983166706	0.6034172784462271	0.194498671722106
0.2031530258275781	0.6019193767845632	0.1949275973878588
0.20420335151821734	0.6004517250016586	0.19534492348012417
0.20333907819438998	0.6021390348892164	0.1945218869163937
0.20377016480545124	0.6005652769369381	0.1956645582576108
0.20269589594660808	0.6032331547856602	0.19407094926773188
0.20318081150386585	0.6021284664002411	0.19469072209589317
0.20198474868747213	0.603229539674019	0.19478571163850888
0.20468806628221486	0.6014194508286994	0.19389248288908587
0.20265907006890968	0.6019178400043927	0.19542308992669763
0.20177687061347538	0.603744223043744	0.1944789063427808
0.20241902849628657	0.60296631091439	0.19461466058932356
0.20320482260651315	0.6015546313950186	0.1952405459984684
0.20233886026828768	0.6036534295196514	0.19400771021206115
0.2025914301199484	0.6018368187506351	0.1955717511294166
0.20279101687601164	0.6021453888991024	0.195063594224886
0.20398023500960039	0.6013478149361531	0.19467195005424665
0.20253751020410976	0.6021543354789007	0.19530815431698953
0.20421991050742996	0.6008824909331923	0.19489759855937783
0.2023557845346355	0.6027172456190436	0.19492696984632102
0.2048818749444728	0.6011107518122172	0.1940073732433102
0.20333336346721206	0.6008609086493932	0.19580572788339476
0.2037677674169598	0.6014460615363595	0.19478617104668083
0.2026466409066051	0.6030013076632793	0.1943520514301157
0.20178114501590477	0.6036278187717927	0.19459103621230267
0.20439454486392172	0.6004821914885481	0.1951232636475303
0.20253293221323468	0.6026460043067824	0.19482106347998304
0.20288363644681046	0.6026527641545005	0.19446359939868912
0.20308650513818757	0.6018732134705318	0.19504028139128082
0.20230354419490437	0.6023274960702876	0.19536895973480814
0.20247156185545714	0.6031362499047783	0.19439218823976467
0.20242085727282877	0.6022851881390003	0.19529395458817111
0.201973567437564	0.6027898354569154	0.19523659710552066
0.20195213002568208	0.6035603788552455	0.1944874911190726
0.2021904072047277	0.6029362810816108	0.19487331171366157
0.20190749007663897	0.6030805614212014	0.19501194850215972
0.20218827771040643	0.6022403013557263	0.19557142093386734
0.20183424666852096	0.6028466019613219	0.1953191513701572
0.20427118999035065	0.6014708871330794	0.19425792287657
0.20386815413879475	0.6017072266194949	0.19442461924171045
0.20443077323657322	0.601702409746081	0.19386681701734584
0.20387755934870913	0.6020172992372961	0.19410514141399493
0.2041401843162322	0.6017446879310581	0.19411512775270978
0.20161828369401885	0.6035822463959486	0.1947994699100326
0.20223821084383953	0.6037509962188432	0.19401079293731738
0.2032191308601105	0.601945564452695	0.1948353046871946
0.20341467996581142	0.6020670202544813	0.19451829977970736
0.20299137853458696	0.602245732414276	0.19476288905113717
0.2038327405753037	0.6016442492402901	0.19452301018440626
0.2024283276084024	0.6020483936166383	0.19552327877495934
0.20163357604971024	0.6033317653002641	0.1950346586500257
0.2044795590700322	0.6013869515855002	0.1941334893444678
0.2036505839957959	0.6017454016443285	0.19460401435987568
0.20311682095436798	0.6028164688160125	0.19406671022961963
0.2034334820456374	0.6021995363117842	0.19436698164257843
0.20398181951139252	0.600534880142596	0.19548330034601152
0.2048787158596087	0.6012028120047515	0.19391847213564
0.20247309115024523	0.6019969712929268	0.19552993755682802
0.2027305060404161	0.6019645051199607	0.19530498883962338
0.2028408142880646	0.6013519221023086	0.1958072636096269
0.20206799402082914	0.6025524971770411	0.19537950880212998
0.20198300997645038	0.6032227984804777	0.19479419154307204
0.20318392490988973	0.6028886824963198	0.1939273925937906
0.20316250482163378	0.6015337966663434	0.1953036985120229
0.20403987335586446	0.6014918630336474	0.19446826361048816
0.20477691968608414	0.6004924198323012	0.19473066048161478
0.2020669046738251	0.6030650851622508	0.19486801016392424
0.20265029101728627	0.6026856755962668	0.194664033386447
0.20369730227543012	0.601546520651708	0.19475617707286202
0.2020843265426	0.6036768219553339	0.19423885150206632
0.2029309701955099	0.6029602659143452	0.19410876389014514
0.201826431371369	0.6024412563028725	0.19573231232575863
0.20468434920789264	0.6013848510795787	0.1939307997125287
0.20245438423100892	0.6029221549715666	0.1946234607974246
0.20338917181262106	0.6015617795978984	0.19504904858948074
0.20466312498369096	0.6012025011963984	0.19413437381991072
0.20183089993613904	0.6036031702269985	0.19456592983686255
0.20339890816469322	0.6027300692485793	0.19387102258672764
0.20199971342132866	0.6024185557904578	0.1955817307882137
0.20480418273328072	0.6010840762041647	0.19411174106255463
0.2023769484810482	0.6028327145246681	0.19479033699428377
0.20202308748976947	0.6028712155023805	0.19510569700785005
0.2029434223758079	0.6029716623875145	0.1940849152366777
0.20461034219481566	0.600549273404686	0.19484038440049845
0.2033987695960807	0.6026642598474832	0.19393697055643627
0.20163959827577263	0.6031466880374465	0.19521371368678098
0.20475949416454198	0.6013971864094461	0.19384331942601202
0.20399733953125285	0.6019975411737878	0.19400511929495945
0.20441720040382277	0.6006460270550862	0.1949367725410912
0.20280408767158264	0.6033116324255332	0.1938842799028842
0.20392592263746795	0.6014837451317772	0.19459033223075511
0.2027923009912416	0.6016990224034087	0.19550867660534985
0.2038521791312268	0.6016925701874343	0.19445525068133904
0.20235233790516569	0.6025324638538834	0.195115198240951
0.2027785646476169	0.6026347416474354	0.19458669370494786
0.20356034583704632	0.6017741375229433	0.19466551664001053
0.20499636720486425	0.6004768979887467	0.1945267348063891
0.20279810621570774	0.6030395265524577	0.19416236723183466
0.20401947758799296	0.6006175404317657	0.1953629819802414
0.20331471401408122	0.6022348911869113	0.19445039479900755
0.20186749567699136	0.6029823368563899	0.19515016746661884
0.20161507545141916	0.6032218812518502	0.1951630432967309
0.20387464058213012	0.6016543753692863	0.19447098404858365
0.20508322330166132	0.6005927666917422	0.1943240100065966
0.20281563974435707	0.6031359623036479	0.19404839795199513
0.2044307759693761	0.6011516637035603	0.19441756032706375
0.2019659844160594	0.6035705608602128	0.19446345472372795
0.20395215337452083	0.6004649304154849	0.1955829162099944
0.2024895544912839	0.601785348563886	0.19572509694483026
0.20389936492070954	0.6011640589189319	0.1949365761603587
0.20371213519375217	0.6021585594176504	0.19412930538859757
0.20173302814070765	0.6036693853080324	0.19459758655126003
0.20506168543228948	0.6006769844629096	0.19426133010480098
0.20253521191823382	0.6030926801442805	0.19437210793748574
0.20345609764259837	0.6013018455255635	0.19524205683183818
0.20411410593431334	0.6008269419608694	0.19505895210481738
0.20290891010667134	0.6024227872945633	0.19466830259876539
0.20497172519214715	0.6011665545461502	0.19386172026170284
0.20412142131432054	0.6006752115285459	0.1952033671571337
0.20424604108300237	0.6005911483686788	0.19516281054831888
0.20245698883569446	0.6030369526878041	0.1945060584765015
0.20307974570699142	0.60133880914984	0.19558144514316883
0.2033296829133926	0.6022748260873342	0.19439549099927333
0.20384571680152969	0.6020126893768254	0.19414159382164503
0.20249531582212088	0.6020760520451952	0.19542863213268408
0.20302187215189454	0.6020939239837237	0.1948842038643817
0.2041341447837259	0.6020023059670687	0.1938635492492055
0.2037131521106217	0.6018015462791875	0.1944853016101909
0.2020857521593297	0.6024208256817204	0.19549342215895
0.2043115148423318	0.6012005459620886	0.19448793919557977
0.20332078387307045	0.6011215670915742	0.1955576490353555
0.20280697409846998	0.6032673684924867	0.19392565740904333
0.20385464373626733	0.6006918464368474	0.19545350982688542
0.2049812806018579	0.6008621856901468	0.19415653370799535
0.2028159358871763	0.6030140125763774	0.19417005153644645
0.2038676410719859	0.6018783430586985	0.1942540158693157
0.20183674970186538	0.6024799298740864	0.19568332042404835
0.20237692066350793	0.6036419497747625	0.19398112956172966
0.20422607579905583	0.6011458649910939	0.1946280592098503
0.2038210047271727	0.6007441068587344	0.195434888414093
0.203749439364063	0.6020345289662449	0.19421603166969223
0.20361889917262324	0.6011193386435905	0.1952617621837865
0.20385665170000786	0.6008373032068577	0.19530604509313454
0.20216194187473652	0.6036675732789734	0.1941704848462903
0.20351020041249923	0.6026062994727578	0.1938835001147431
0.20454809090426176	0.6006049457577433	0.19484696333799512
0.20272643199071305	0.6020978237093682	0.19517574429991885
0.2043663416891816	0.6011532406448253	0.19448041766599314
0.2023844699429274	0.6019013148922202	0.19571421516485252
0.20353952045733933	0.6013862520220973	0.19507422752056353
0.20278964231932342	0.6026251481831713	0.19458520949750552
0.20506800556010754	0.6006572474351041	0.19427474700478853
0.20214176422851207	0.6022131248533388	0.1956451109181493
0.20446111469003378	0.6013318634311862	0.19420702187878014
0.2015964339056394	0.603475427212828	0.1949281388815327
0.2039455512114376	0.6004315366515701	0.1956229121369924
0.20250119109351947	0.6035604517910951	0.19393835711538565
0.20354065740940222	0.601074076421424	0.1953852661691739
0.2018507211707805	0.6026612169625674	0.1954880618666522
0.20329181046228867	0.6013532576960173	0.1953549318416941
0.20272714114523274	0.6017338490744888	0.1955390097802785
0.20478169051479328	0.6005608829559205	0.19465742652928636
0.2020906093419665	0.6028746724423781	0.19503471821565554
0.20232997206730097	0.6037554644608791	0.19391456347181996
0.2016461810608897	0.6030102355580352	0.19534358338107521
0.2035380682600725	0.6006981889805828	0.19576374275934483
0.20293026774613038	0.6012675596779073	0.19580217257596236
0.20239697611317312	0.60236728706977	0.19523573681705703
0.20308907109664506	0.6019263584309104	0.19498457047244472
0.20163567976128133	0.6026365939131866	0.1957277263255322
0.2019998691104773	0.6033395346972892	0.19466059619223364
0.2029485003150166	0.6032381570332683	0.19381334265171515
0.20386030935475635	0.6006783423097015	0.19546134833554218
0.20276262605986012	0.6017095049213941	0.19552786901874594
0.20378039563885914	0.6021122381469254	0.1941073662142156
0.2023902464000022	0.6022150335496768	0.1953947200503212
0.20292051306902203	0.6024211085972364	0.19465837833374167
0.20339876265358153	0.6020112474230709	0.19458998992334764
0.20329099010128804	0.6011414296316795	0.19556758026703264
0.20272447465458465	0.6019623604336197	0.19531316491179576
0.20309263498109925	0.602019597137593	0.19488776788130793
0.20225734274406781	0.6022698819913381	0.19547277526459417
0.2032831062401943	0.6021210955185786	0.1945957982412272
0.2028978213740612	0.6016178229228599	0.19548435570307898
0.2037863583843762	0.6005140434573305	0.19569959815829346
0.20271818803060088	0.602094158380611	0.19518765358878826
0.203995301113902	0.601430749308545	0.19457394957755308
0.20508874769892393	0.6007594724059027	0.19415177989517352
0.20233026720265104	0.6036372717561	0.194032461041249
0.20258153196979709	0.6027886574111062	0.1946298106190968
0.20420522736241103	0.6018654415181649	0.19392933111942418
0.20205764040983965	0.6027873866155871	0.19515497297457335
0.2023961961228885	0.6027763144011338	0.19482748947597778
0.2036139079103811	0.601423998767884	0.19496209332173503
0.2019358526193289	0.6033255019880088	0.19473864539266236
0.20425252571605723	0.6004444661049537	0.19530300817898913
0.20385601038254178	0.6010575260187054	0.19508646359875292
0.20246733140729747	0.603230133137889	0.1943025354548136
0.20488097333558508	0.6012092026405876	0.1939098240238274
0.2043432545767257	0.6006487339076376	0.19500801151563674
0.20230915339416905	0.6028442192267925	0.19484662737903857
0.20193369579948886	0.6030002621996582	0.1950660420008531
0.2027763361468401	0.6024633617044008	0.1947603021487591
0.2021761933245206	0.6029750233176026	0.194848783357877
0.20336769744373523	0.6011283641673874	0.19550393838887759
0.20332562468413382	0.6021632239746182	0.19451115134124813
0.20442729281258798	0.6004572282840168	0.19511547890339534
0.20240317702987803	0.601877119191727	0.19571970377839504
0.20278803425074085	0.6017831683739887	0.1954287973752705
0.20248291151203732	0.6021721536598579	0.19534493482810494
0.2025390901186109	0.6028437936254302	0.19461711625595904
0.2022797913253555	0.6033177059441451	0.19440250273049953
0.2023407699338802	0.6036805796375062	0.19397865042861376
0.20403667966713326	0.601634556704834	0.19432876362803275
0.2047673600194135	0.6006900370838135	0.1945426028967731
0.20300641754602677	0.6019036784841707	0.19508990396980258
0.2050501645022145	0.6004552403967223	0.1944945951010634
0.20294466177152914	0.6023772757385844	0.19467806248988656
0.20320527995393176	0.6027550890836572	0.19403963096241122
0.20404663969585163	0.6007895624745064	0.195163797829642
0.202461278431571	0.6023333714818504	0.1952053500865787
0.2019438417752365	0.6024439189084909	0.19561223931627275
0.20324397608276323	0.6019862134077598	0.19476981050947695
0.2049246497704085	0.6004553473220873	0.1946200029075043
0.20404422272393902	0.6010959325017436	0.19485984477431745
0.2044844634333041	0.6014249081565575	0.1940906284101386
0.20163762504075095	0.6030697185230058	0.19529265643624333
0.20190528165693739	0.6028779897987797	0.19521672854428307
0.2021098642535143	0.6029710653874034	0.1949190703590824
0.20254921311947227	0.6020179507017485	0.1954328361787794
0.2036118969474705	0.6014119323929463	0.19497617065958334
0.2029340454753497	0.6012914662565679	0.19577448826808247
0.20299423128087507	0.6026991642360418	0.1943066044830833
0.20346459598621233	0.6023295450229643	0.1942058589908235
0.20246583248084954	0.601805001868791	0.19572916565035947
0.20428274491436255	0.6010998080055843	0.19461744708005327
0.20437384783402535	0.6016703496098421	0.19395580255613265
0.20462260308549302	0.600500880256584	0.19487651665792316
0.20434143011056577	0.6008687538688529	0.1947898160205814
0.20292496868361543	0.6019101744403508	0.19516485687603388
0.2031769210782077	0.6030214264854976	0.19380165243629482
0.203808770652439	0.6017645801643876	0.19442664918317354
0.2037632182858245	0.6022799081053472	0.19395687360882852
0.20256376019818706	0.6016605635508918	0.19577567625092118
0.20162598299925197	0.6035461268709161	0.19482789012983198
0.2018015053086428	0.6034724190268106	0.1947260756645467
0.2046841248073752	0.6005122818776747	0.19480359331495026
0.20450923195284726	0.6015361932602128	0.1939545747869401
0.203313107477626	0.6028274829038497	0.1938594096185244
0.2024651631812686	0.6035867103605432	0.19394812645818837
0.20407298357536044	0.6005972343082333	0.19532978211640634
0.20269253546790303	0.6016836698562956	0.19562379467580143
0.20294190352741281	0.6013933964256024	0.19566470004698486
0.20310665668463568	0.6023876566781391	0.19450568663722534
0.2036667214910996	0.6011752685507373	0.1951580099581632
0.20363705755039235	0.601123146160915	0.19523979628869276
0.20251976622732917	0.603526417529077	0.1939538162435939
0.2029723957591479	0.6020537107919317	0.19497389344892052
0.20313246852417532	0.6022464448469582	0.19462108662886668
0.2045350674555857	0.6005987028611858	0.19486622968322861
0.2018530751986432	0.6035108335175245	0.1946360912838324
0.20246392571288535	0.6033340417903492	0.1942020324967656
0.20338835930874616	0.6020747588275439	0.19453688186371002
0.20263379235453832	0.6025015539424371	0.1948646537030247
0.20195561365099662	0.6028072510465896	0.19523713530241382
0.20325197263423492	0.6028831683574446	0.19386485900832057
0.2032104249364115	0.6018804575436351	0.19490911751995355
0.20347282897709446	0.601746747261265	0.19478042376164073
0.2041692946502327	0.6007243947018159	0.19510631064795148
0.20307998542213804	0.6013736161639531	0.19554639841390892
0.203616471192242	0.6006152604543593	0.19576826835339878
0.20314870520945905	0.6019603180573431	0.194890976733198
0.2028420935259854	0.6021328177999465	0.1950250886740681
0.2044978834628231	0.6015097687336781	0.1939923478034988
0.20389505657757429	0.601340519784228	0.19476442363819782
0.20506185626308082	0.6005806942016725	0.1943574495352468
0.2021116305632397	0.6022092242302884	0.195679145206472
0.20223101750530892	0.6037297481399939	0.19403923435469728
0.2041984985943771	0.6009060442415508	0.19489545716407217
0.20406118779430937	0.6011324671647564	0.19480634504093425
0.2026834495495809	0.6034834241127928	0.19383312633762645
0.20375462151040402	0.6018842608806718	0.19436111760892422
0.20292219566216796	0.6017314868985694	0.19534631743926278
0.20254135337638723	0.6026257357613302	0.1948329108622827
0.2029246187471443	0.6026926799782346	0.19438270127462123
0.20487658047762702	0.6005063945218311	0.19461702500054195
0.2019022443245583	0.60286686349491	0.1952308921805318
0.20345627754059348	0.6019462395351438	0.19459748292426277
0.2024509122179007	0.6019802652325116	0.19556882254958785
0.20320681930848264	0.6027038123353197	0.1940893683561978
0.20391434018244003	0.6015431646393776	0.19454249517818234
0.20340369650264695	0.6016156598776474	0.19498064361970577
0.2017530979418961	0.6027461935222048	0.19550070853589918
0.20293222296129648	0.6025338180687643	0.1945339589699393
0.2028462611448587	0.6015859120204589	0.1955678268346826
0.20383810610194653	0.6009125916465433	0.19524930225151027
0.20364891132064772	0.6007024196601797	0.19564866901917277
0.20411711754644338	0.6018112561537493	0.1940716262998074
0.20466359204436665	0.6006069362098804	0.1947294717457531
0.20272547732996993	0.6025710523496772	0.19470347032035298
0.20439461808212084	0.6016821248273816	0.19392325709049762
0.2048266849354814	0.6007897298790581	0.19438358518546073
0.20179600808024672	0.6029300796677795	0.19527391225197388
0.20369997901740902	0.6016383453406092	0.19466167564198184
0.20345368798606248	0.6023442097489997	0.1942021022649379
0.20246544415477719	0.6025215801567996	0.1950129756884234
0.20346727368764644	0.6026927492742593	0.19383997703809436
0.20367559490286063	0.6008190498515164	0.19550535524562312
0.20406794175254273	0.6019929970412612	0.1939390612061961
0.2035238721270451	0.6012424622966444	0.19523366557631067
0.20273491338797445	0.6025938346152098	0.19467125199681598
0.20441544417656543	0.6012520118634774	0.19433254395995725
0.20377457508482708	0.6010050696388106	0.19522035527636242
0.2023947368456581	0.602516343839363	0.19508891931497907
0.20243612123393842	0.6028863922742886	0.19467748649177297
0.20390161840422932	0.6011657212398667	0.19493266035590417
0.2041316525287102	0.6014791016293364	0.19438924584195355
0.20218100746235665	0.6035684319065794	0.19425056063106405
0.20423552048144072	0.6013859991566539	0.19437848036190536
0.20445892441159064	0.6008128646636708	0.1947282109247387
0.2025988566107886	0.6032930616552316	0.19410808173397998
0.20363867672336416	0.6018195383046208	0.19454178497201513
0.20166667786953527	0.6036406139636055	0.1946927081668594
0.20394697872601275	0.6021279631477943	0.19392505812619304
0.20253251078102102	0.6017870742453261	0.19568041497365302
0.2030157457445661	0.6022685551468056	0.1947156991086285
0.203169020015403	0.6019654155918442	0.19486556439275288
0.2030453596626338	0.602763872503806	0.19419076783356032
0.20492668804861944	0.6008279344927545	0.19424537745862616
0.20405490130341541	0.601110706321839	0.19483439237474556
0.20317160099591888	0.601511173659877	0.19531722534420415
0.20221683203983712	0.6022871526833204	0.19549601527684252
0.2040520666255755	0.6007954057818199	0.19515252759260476
0.2041527379913635	0.6009682499282217	0.19487901208041492
0.20437663192983593	0.601426951590299	0.19419641647986519
0.2019462248223937	0.6023215246237996	0.19573225055380683
0.20231968247811283	0.6031301708196847	0.19455014670220258
0.20398467229396564	0.602031099371042	0.1939842283349924
0.20339864095348542	0.6013841513204162	0.1952172077260985
0.20350758160131738	0.6019922131515699	0.1945002052471128
0.20318509776580118	0.6013878603970321	0.19542704183716686
0.20348297403513385	0.6011018259924427	0.19541519997242363
0.2037127293481897	0.6020810815476982	0.19420618910411214
0.20477538874598092	0.6006046202980839	0.19461999095593535
0.20320235762397698	0.6013635067739834	0.1954341356020397
0.20414063036619248	0.6018858873162554	0.1939734823175522
0.2029276402740755	0.6030112882077019	0.19406107151822266
0.20427150276144765	0.601064935584829	0.1946635616537234
0.20193040430409298	0.6036360931486376	0.19443350254726943
0.20314650816349222	0.6011717325336419	0.19568175930286613
0.20306065876263413	0.6023978641907994	0.1945414770465666
0.20314641627868246	0.6018836351219001	0.19496994859941758
0.20227984018092465	0.6028250443985999	0.19489511542047558
0.20337335646425497	0.6022599900590343	0.1943666534767109
0.2017666063827009	0.6031872552502684	0.19504613836703083
0.20315393635374943	0.6022745542073671	0.19457150943888357
0.2033017836619765	0.6013892735701223	0.19530894276790134
0.20200317541594148	0.6024488755254445	0.19554794905861425
0.20372086278268206	0.6015790353514614	0.19470010186585673
0.20367569067624147	0.6010697954430759	0.19525451388068266
0.203555635201854	0.6007571516619143	0.1956872131362317
0.2016790145428661	0.6027540944364139	0.1955668910207201
0.20163993005806763	0.6028601638071949	0.19549990613473756
0.2037366439919746	0.6024418196931668	0.19382153631485877
0.20265220838816636	0.6031462264308021	0.19420156518103165
0.20285500487408553	0.6029430683126477	0.19420192681326692
0.20379407802320004	0.6022049548799946	0.19400096709680542
0.20240054391336698	0.6030374219427719	0.19456203414386133
0.20201730531625772	0.6035263821928972	0.1944563124908452
0.20220518836676332	0.6021032115450689	0.19569160008816788
0.20400839051143435	0.6005070873512383	0.19548452213732748
0.2034611992203985	0.6016035690101484	0.1949352317694532
0.20313880449801047	0.6022354984834469	0.1946256970185427
0.20448761309917124	0.6013152985742134	0.19419708832661547
0.20431188194139943	0.6008154398001186	0.19487267825848203
0.20249100257865715	0.6035340815124111	0.1939749159089319
0.2041224308388225	0.6016884894555573	0.19418907970562033
0.2032268400956092	0.6010507805039951	0.19572237940039583
0.20174305220255254	0.6026383053940509	0.19561864240339671
0.20400981410820476	0.6015425783490806	0.19444760754271473
0.20204849677388315	0.6024250431308096	0.19552646009530744
0.20207673775540583	0.6035002309435591	0.19442303130103525
0.20386687487696914	0.6018183847578484	0.1943147403651826
0.20440900074517726	0.601606688013262	0.1939843112415609
0.2037221428743206	0.6013937800195452	0.19488407710613426
0.2029937748625641	0.6031756053570199	0.1938306197804161
0.20356599140010084	0.6017246513288494	0.19470935727104985
0.2036546047285669	0.601108985460202	0.1952364098112313
0.20258103734252447	0.6021860841140358	0.19523287854343988
0.2016811573207743	0.6026604437028074	0.19565839897641846
0.2034184208006346	0.6010469705096377	0.19553460868972777
0.20446271659426113	0.6015263460726046	0.1940109373331345
0.20319788297073707	0.602685034459995	0.19411708256926807
0.2041603839167059	0.6019577969514642	0.19388181913182992
0.20307965726822136	0.6026107748708911	0.1943095678608876
0.20346028790066334	0.6016414742008667	0.19489823789847022
0.20327598847902095	0.6011274063724663	0.1955966051485129
0.2046575101188549	0.6009328333381825	0.1944096565429626
0.2027602984694888	0.6025332200129425	0.19470648151756875
0.20433141675572772	0.6009808241942963	0.19468775904997607
0.20163462137194726	0.6031992015702079	0.19516617705784495
0.20216136561155557	0.6037219912139692	0.19411664317447536
0.20235482477218458	0.6034093014916294	0.19423587373618617
0.20302649877896184	0.6024699370089259	0.19450356421211235
0.20337726785717458	0.602599473933565	0.19402325820926047
0.2019896050080928	0.6029314251176123	0.19507896987429507
0.20392688885095467	0.6011274065458019	0.19494570460324354
0.20248149454890396	0.6022294012653243	0.19528910418577183
0.2047901241290638	0.6008109767935927	0.1943988990773435
0.20284141358815158	0.6033139047458664	0.19384468166598207
0.20262962078643976	0.6022358918749376	0.1951344873386227
0.20312928158773597	0.602333498514044	0.1945372198982202
0.20177803118111853	0.6033895346482119	0.1948324341706698
0.2018133354623674	0.603667156452145	0.19451950808548768
0.20507028660275775	0.6004103929830774	0.19451932041416498
0.20442290979105174	0.6007249428605282	0.19485214734842016
0.2023246196197987	0.6022818797217323	0.1953935006584691
0.2022205837351878	0.6021356501302428	0.19564376613456952
0.2037030873555481	0.6016286730879707	0.19466823955648127
0.20282356942003582	0.6030379007010211	0.19413852987894323
0.2019072139989968	0.6033160256138735	0.19477676038712977
0.20253089132653154	0.6022001931767293	0.19526891549673925
0.20510156236231505	0.6009240310609358	0.19397440657674922
0.20482103361083115	0.6004042662146117	0.19477470017455722
0.20415198907468154	0.600977544739649	0.19487046618566956
0.20315240180157504	0.6018694442168351	0.19497815398158994
0.203957692911043	0.6020572434906225	0.1939850635983346
0.20406938855232937	0.6018281826156848	0.19410242883198597
0.20294504989309117	0.6029837820051076	0.1940711681018014
0.2027860197886336	0.6019131678565994	0.19530081235476704
0.2038942893109872	0.6004483882365714	0.19565732245244144
0.20171289897944372	0.6025680126796853	0.19571908834087104
0.20363643024502834	0.601761100843036	0.19460246891193575
0.20239282948834356	0.6024651990667558	0.19514197144490075
0.20321991615839255	0.6021423230591997	0.19463776078240788
0.20402239641919312	0.6013852188546895	0.19459238472611745
0.20263436460783663	0.6021718886526121	0.19519374673955145
0.20370981736174867	0.6024665119696364	0.193823670668615
0.20450862376710513	0.6006097430315153	0.1948816332013797
0.20424084422163216	0.6016053857280006	0.19415377005036738
0.20354170494737264	0.6020974119917218	0.1943608830609056
0.20312627087117568	0.6024427102205867	0.1944310189082377
0.20350203778470555	0.6011095676462828	0.19538839456901186
0.20475081668612313	0.600930058772014	0.19431912454186298
0.20398044166575574	0.6009170104686457	0.19510254786559866
0.20279359207498118	0.6024285999589567	0.1947778079660622
0.20430009180187592	0.6010523731415434	0.1946475350565808
0.20373727777044437	0.6004843239463294	0.1957783982832263
0.2019040432290328	0.6026193321915273	0.19547662457944004
0.2045595509403433	0.6013054965675398	0.19413495249211693
0.202420184857354	0.602454920598148	0.1951248945444981
0.20324707813539344	0.6012066148395572	0.19554630702504944
0.2042498312030721	0.6016146475870479	0.1941355212098802
0.20321979839978324	0.601724519825517	0.19505568177469995
0.20213070012881765	0.6021147766268229	0.19575452324435955
0.20211172278717737	0.6036044792955113	0.19428379791731148
0.20474843436511592	0.6011065335309284	0.19414503210395584
0.2042795718529981	0.6007160748169244	0.1950043533300777
0.20268199441357454	0.6026419158302995	0.19467608975612608
0.20420024030660283	0.6017230595121286	0.1940767001812687
0.20369265811023604	0.6023859130824789	0.1939214288072851
0.20339142545074382	0.6027205032869657	0.1938880712622906
0.20344885511545338	0.6013899050008542	0.1951612398836926
0.202680168887706	0.6018445340045895	0.1954752971077045
0.2032609588613351	0.6027600954346032	0.19397894570406177
0.20348245452707753	0.6015026027156417	0.19501494275728087
0.20303660683702393	0.6020595379176916	0.19490385524528459
0.20344670354584715	0.6013557753283418	0.19519752112581107
0.20384355777299704	0.6011855015575462	0.1949709406694568
0.2031239117559362	0.602091746636293	0.19478434160777094
0.20281100097560886	0.6023273770785198	0.19486162194587142
0.20274037125492617	0.6014862854299512	0.1957733433151227
0.20222532065210466	0.6026161594048065	0.19515851994308903
0.20473674777979017	0.6004323862841024	0.1948308659361075
0.20236267305530864	0.6018268588138531	0.1958104681308384
0.2021891712079468	0.6026014317820437	0.19520939701000956
0.20272802701726336	0.6021430872775692	0.19512888570516757
0.20193754395111874	0.603623218697152	0.1944392373517294
0.20200399515617493	0.6030301566864358	0.1949658481573894
0.20432211704611977	0.6017142923791923	0.19396359057468804
0.20439214909093267	0.6010080382422645	0.19459981266680298
0.20243739973956149	0.602319960622367	0.19524263963807154
0.2034222309914453	0.6024449339964629	0.19413283501209183
0.20275343038207969	0.6019373466205433	0.1953092229973771
0.20345687782728236	0.6026105298356631	0.19393259233705462
0.20452957185919807	0.6013024938815316	0.1941679342592705
0.20281281853413957	0.601521780604793	0.1956654008610676
0.20412037157147603	0.6016233952637123	0.19425623316481178
0.2046347390244677	0.6006303875861547	0.19473487338937764
0.20359133784444955	0.602473089144723	0.19393557301082753
0.2046425667764105	0.600494521408332	0.19486291181525756
0.20241329470669422	0.6034516018178242	0.19413510347548174
0.2028738992321809	0.602773599020692	0.19435250174712715
0.20353318929571543	0.6013937289357463	0.1950730817685385
0.2038942495063946	0.6012710936467265	0.19483465684687895
0.2034445617733632	0.6016634057616599	0.194892032464977
0.20345902355407916	0.6025178124690856	0.19402316397683533
0.20328183997484567	0.601937266521946	0.1947808935032085
0.20356395506370803	0.6012270874686132	0.19520895746767894
0.20460765646606918	0.6008153118348525	0.19457703169907853
0.20307913251343535	0.6029749858941884	0.19394588159237625
0.20204701271627096	0.6032065170925576	0.19474647019117167
0.20444964064987953	0.6006785825885561	0.1948717767615645
0.20405825355075155	0.6011574380834864	0.19478430836576216
0.20183811128419957	0.6032081178689835	0.19495377084681703
0.2042385423933822	0.6019207040848381	0.1938407535217798
0.2021801015595897	0.6036732133879297	0.19414668505248064
0.2021983245553548	0.6027531256744575	0.19504854977018787
0.20408934785854416	0.6010817186666896	0.19482893347476637
0.20453616792160792	0.6007991996208282	0.1946646324575641
0.20408999431647626	0.6014138747342341	0.1944961309492897
0.20488590862338962	0.600820301705957	0.19429378967065353
0.20482006996084562	0.6010761505152682	0.19410377952388636
0.20295393093461314	0.6017335923872805	0.19531247667810647
0.20221792620019025	0.6031439015363285	0.1946381722634814
0.20378925371228104	0.6009957600010121	0.19521498628670697
0.2042496743382703	0.6014384770988022	0.1943118485629276
0.20496982642874095	0.6004427853428125	0.1945873882284467
0.20272231478178854	0.6026198269098071	0.19465785830840449
0.20499436438943755	0.600708412750928	0.19429722285963458
0.20358982259593866	0.6008540632732688	0.1955561141307927
0.20324232739502734	0.6011240664737294	0.1956336061312433
0.2038657695738594	0.6010311817068856	0.19510304871925502
0.20407650168037667	0.6016109314577118	0.19431256686191162
0.2044118406361659	0.6006707982516517	0.1949173611121825
0.20271852455678363	0.6033400972004381	0.1939413782427783
0.20331118601606085	0.6013953592683539	0.19529345471558535
0.2035064606254522	0.602597117633843	0.19389642174070487
0.20392281773943838	0.6005238007997388	0.19555338146082302
0.20273952775757617	0.6015132152927517	0.19574725694967227
0.20375707442492297	0.6018904969168338	0.19435242865824334
0.20285863457715217	0.6013364442251536	0.19580492119769427
0.2022418349533363	0.6029955695124517	0.19476259553421213
0.20188456296779653	0.6034978916718323	0.1946175453603713
0.20262792924081352	0.601707368741895	0.19566470201729153
0.20503403847575485	0.6008138621762773	0.1941520993479679
0.2037192162106221	0.6008912610377527	0.1953895227516253
0.2018510550533599	0.6028731093142173	0.1952758356324229
0.2051195943508069	0.6010156294129203	0.19386477623627288
0.20261346382104642	0.6021254519290428	0.19526108424991095
0.20293157720443467	0.6020763865552599	0.19499203624030564
0.20199864410417184	0.6031239786768094	0.19487737721901882
0.20230212542787698	0.603244609199077	0.19445326537304614
0.2033260578681756	0.6023180183421026	0.1943559237897219
0.20207053076339193	0.6027667871827175	0.1951626820538907
0.204272437758967	0.601580812293901	0.19414674994713202
0.2032429072210002	0.602035371333915	0.19472172144508487
0.20452316445355673	0.6012876335072848	0.19418920203915863
0.203480674489249	0.6019603838339134	0.1945589416768378
