0.2315103486054411	0.0764183931066587	0.3044122410953699	0.15564238196696956	0.23201663522556049
0.23155419689109125	0.07650562123426602	0.3042358234871936	0.15565622317505665	0.23204813521239226
0.23167607687275976	0.0763165398719266	0.3041609127366448	0.1556301295628676	0.23221634095580104
0.231469742386915	0.0762981336096353	0.3040838071055714	0.15562953190744933	0.23251878499042866
0.2315617666923967	0.07652623384829457	0.3038881308970759	0.15563206402237797	0.23239180453985464
0.23167768113270293	0.07628730434985699	0.3040295808181687	0.1556478640502026	0.23235756964906856
0.23167908931427209	0.07634218151283871	0.3038365011325623	0.15564888468148408	0.23249334335884259
0.2315628411859214	0.0761945829587697	0.30398112451162	0.15564517683483087	0.2326162745088578
0.2316760367906889	0.07614604610711882	0.303948400282667	0.15564287255002945	0.23258664426949555
0.23165752460988237	0.0762255153740677	0.3038513905875305	0.1556562655396203	0.23260930388889886
0.23150247329895057	0.07631953631991906	0.30390496873165684	0.15565285000766277	0.23262017164181054
0.23167778445885173	0.07641748862949391	0.30396709369853625	0.15563116386335643	0.2323064693497614
0.23151318990137792	0.07626409772796507	0.30398456760877857	0.1556523264941202	0.23258581826775798
0.23157063927774596	0.07622220097686828	0.3038539199859951	0.15565022113420524	0.23270301862518514
0.23159161695580388	0.07636200182776086	0.3039240011063882	0.1556312206927786	0.23249115941726825
0.2315375875532706	0.07655028332897323	0.30430054506985843	0.1556289574004836	0.23198262664741387
0.2316575596506482	0.07641179955726884	0.30431745763221496	0.15564300058295932	0.2319701825769085
0.2315630954223296	0.07642157798046438	0.30414044248821803	0.15565352787108308	0.23222135623790466
0.23157715330776793	0.07642816439692697	0.3043412755783465	0.1556333550818051	0.23202005163515327
0.23164686840814003	0.07656130129929797	0.304217433563172	0.15564577375906383	0.23192862297032596
0.23159876941836702	0.07639300246001444	0.3042493609043814	0.15564887798302135	0.23210998923421552
0.23159248095966506	0.07624146507659557	0.30438760238421536	0.15562607477486531	0.23215237680465842
0.23167568684838663	0.07616121757618927	0.30437160614143266	0.15564199584149585	0.23214949359249537
0.23149670841857137	0.07649316796615736	0.3041687628104527	0.15563635363897174	0.2322050071658466
0.23167447111602318	0.07643626422450943	0.30415821037806046	0.1556260112828192	0.23210504299858747
0.2315801489619293	0.07653544668776652	0.30395228626076	0.15562670146156143	0.23230541662798254
0.23161388847771824	0.07615938368368332	0.3041255958406721	0.1556347326814132	0.23246639931651286
0.23152289396644643	0.07659941735972989	0.30424195972961443	0.1556496778258854	0.23198605111832363
0.23148120645888498	0.07644192144685215	0.3039141497795383	0.15563821878367903	0.2325245035310453
0.23150654817886585	0.07639099579358091	0.30413158686494945	0.15564410202285148	0.23232676713975206
0.23151190275981948	0.07630139150524862	0.304372950615402	0.15564450388172246	0.23216925123780724
0.23161918097009954	0.07649946112266104	0.3039668508169052	0.15565568467352175	0.23225882241681223
0.23146872986133696	0.07632967373279594	0.30431113239104357	0.15565667908925954	0.23223378492556376
0.2315101294801924	0.07630825758810067	0.30431528264579977	0.15564497757253656	0.23222135271337035
0.2316572161359002	0.07619261088881066	0.30434525455338746	0.15562895033291485	0.2321759680889866
0.23162991479713502	0.07631924076692055	0.30440295871452233	0.15563680111790643	0.23201108460351547
0.23150439314009186	0.07658668838204197	0.30389106819509487	0.1556573726269461	0.23236047765582496
0.23147539115087304	0.0765853337897433	0.3043983299996763	0.1556376199741431	0.231903325085564
0.2315951093363518	0.07635565635035392	0.3043628224736397	0.15563270641358778	0.23205370542606651
0.23148971035531074	0.07658850409220919	0.3040593809847005	0.1556446123916304	0.23221779217614896
0.23157999080296637	0.07627987473103096	0.3039490694093526	0.15562559480558288	0.23256547025106697
0.23161170531146416	0.07622755861615059	0.3038757382073087	0.15562819193555155	0.23265680592952478
0.23152470228752017	0.07646565156935178	0.3040490561384574	0.1556296131889032	0.23233097681576723
0.23148254533611407	0.07653632079512601	0.30426342787951716	0.1556540884386568	0.23206361755058572
0.23147386774123185	0.07627560664251376	0.3043860948343906	0.15564845355264711	0.2322159772292164
0.23165267970767547	0.07639294599638367	0.30410713170936143	0.1556476766289667	0.23219956595761249
0.23149233973895858	0.076316201110952	0.3041894954577454	0.1556489030894757	0.23235306060286803
0.23165209597657174	0.07642094101500937	0.3039324405156516	0.155637669527526	0.23235685296524103
0.23153580701598878	0.07629505549010544	0.30432036757034664	0.15564031662582128	0.23220845329773765
0.23167781853427263	0.07616358034871551	0.30414889013882324	0.1556415161234562	0.23236819485473217
0.23158365859805774	0.07643843688133083	0.30428867130116366	0.15563680216119496	0.23205243105825257
0.2315957306292583	0.07658772021416274	0.30400582082753624	0.15563410003542297	0.2321766282936195
0.23148646895390845	0.0765177636953281	0.3042566756682355	0.15564771043165596	0.23209138125087175
0.2315025304271889	0.07642473580003757	0.30403255028084925	0.15564331651265012	0.23239686697927392
0.23159424866717515	0.07639646844121491	0.3040083693156451	0.15564544487827633	0.2323554686976882
0.23162085720888134	0.07654928681951513	0.30393022799444297	0.1556540347910117	0.2322455931861486
0.23153699579036807	0.07637459883474242	0.3042660261659895	0.15563778668202907	0.23218459252687074
0.2316358785407462	0.0764358594363234	0.30430745466432646	0.15565464944224083	0.23196615791636294
0.23157454567132832	0.07623166467524771	0.3043409029321635	0.1556294489654374	0.23222343775582283
0.23149130365245185	0.07634497719453266	0.3043506081833826	0.15563003331027075	0.23218307765936183
0.2315036114572281	0.07646023167897258	0.304375535677202	0.15564884442579285	0.23201177676080426
0.23163229337764163	0.07657578927200277	0.3043987411171022	0.15565579419981063	0.23173738203344257
0.23153691026045836	0.07648019317668478	0.3042552675776563	0.1556548260724801	0.2320728029127202
0.23160780562753042	0.07640741365059636	0.30416505942017735	0.15563024254513028	0.23218947875656534
0.2314852411933204	0.07631493635024361	0.3043826804728481	0.15564881175581396	0.23216833022777367
0.23158405762482645	0.07634430431411052	0.3039330632010882	0.15563860542857677	0.23249996943139783
0.23156682813034235	0.07659111081996474	0.304026240679402	0.1556540230086259	0.2321617973616648
0.23153934927761016	0.07636456574554445	0.30424684331975715	0.1556269865587959	0.23222225509829209
0.23156729655208946	0.07623118533957764	0.30403349843514776	0.1556292370699402	0.2325387826032447
0.2316679635393318	0.07626666303494634	0.3042269577588392	0.15564373483141766	0.23219468083546477
0.23163422097100217	0.07645006781548142	0.30404408693358953	0.1556313003527566	0.23224032392717006
0.2314678089638137	0.07619732267189279	0.30400475817897293	0.15562602776637197	0.23270408241894838
0.23148004428432578	0.07621316682521659	0.30436175679397903	0.15562509413531855	0.2323199379611598
0.23151793160575268	0.07632917705608205	0.30429929579701853	0.15565411638075732	0.2321994791603892
0.2315684065695085	0.0762584288046115	0.30416120372682365	0.15563847845732376	0.23237348244173234
0.23151529914291027	0.07631654648576121	0.30436594867231265	0.15565655469715506	0.23214565100186058
0.23168872213535918	0.07633695153609293	0.30404946219667545	0.15563940670478316	0.23228545742708903
0.23158409245232436	0.07615419365440736	0.30435405505801677	0.1556448404167608	0.23226281841849045
0.23163725008389946	0.07628810881403766	0.30439828658875573	0.15565740382210375	0.23201895069120315
0.2315414125077346	0.0764953999507775	0.3042937217986436	0.1556318217307225	0.2320376440121215
0.23161137847371036	0.07659256060638449	0.3039605229678994	0.15565590700329246	0.23217963094871302
0.23167058154253323	0.07658948900680641	0.30414291341185196	0.15565737050617734	0.23193964553263088
0.2316757586875537	0.07644528167218055	0.3041517340591476	0.1556299269363035	0.23209729864481443
0.23148620445367663	0.07659428132555778	0.30415743225391095	0.15563414498337919	0.23212793698347522
0.23150118145413343	0.07654947799494097	0.3039921914105311	0.15562506060961886	0.23233208853077547
0.23154687309064628	0.07633963092025003	0.30389949544263706	0.1556332100059256	0.23258079054054084
0.23166659630180708	0.07641737048831256	0.30393228790048166	0.15564010854103194	0.23234363676836647
0.2314714854660142	0.07636785702246662	0.30397704840312184	0.1556370544195576	0.2325465546888395
0.23159751963573968	0.07644363511012778	0.3038755748162808	0.15563451317248786	0.2324487572653636
0.23164035733101845	0.07645640258199571	0.3039411720422979	0.1556517025441415	0.23231036550054618
0.23149552434128426	0.07656205424029572	0.30420859334748324	0.15562759236585727	0.23210623570507927
0.2316140087548424	0.0764114500205613	0.3043901194545584	0.15565169505007584	0.23193272671996187
0.2316350458892265	0.0764347282609757	0.30434281401447305	0.15564155424107085	0.23194585759425362
0.23150036795222095	0.07654388940349532	0.30400395471507574	0.15565584043364977	0.23229594749555796
0.23159888745296825	0.0765182453468393	0.3042296128265569	0.15563259079019748	0.23202066358343787
0.23160666375078573	0.07636627285563435	0.30434673181657407	0.1556496231147304	0.23203070846227522
0.2315246234890531	0.07644878640679129	0.30405588031226727	0.15563708581826438	0.23233362397362375
0.23167751182727087	0.0761587964634953	0.3041251687149056	0.155650165325215	0.232388357669113
0.23150514110851494	0.07635311981743403	0.3042241763429888	0.15565094917432504	0.23226661355673694
0.23157425387130587	0.07640425584904675	0.3040992593753341	0.15562507073011667	0.23229716017419638
0.2316831665619445	0.07638407436203329	0.304385595942114	0.15565396428769113	0.2318931988462169
0.23164338001438636	0.07634088080691166	0.3042700818456734	0.15565794366092575	0.23208771367210257
0.2316378760255412	0.07617159519978567	0.3043826463509695	0.15563972061750328	0.23216816180620004
0.2316488115999675	0.07625232320497714	0.3040698244835046	0.15563262234791206	0.23239641836363845
0.23153429522803637	0.07614432873678521	0.3041774286214091	0.15563802883692707	0.232505918576842
0.23166110787166372	0.07628271237486464	0.30400145221782193	0.15564556760451354	0.2324091599311359
0.23165071810637244	0.07657993350315914	0.3040544300156886	0.1556494735156966	0.23206544485908295
0.23154153815089373	0.07652913004363189	0.30404854978613516	0.1556475339527194	0.23223324806661952
0.23167257518765105	0.07646686570193043	0.3040580078084433	0.15565717766832715	0.2321453736336478
0.2315309261480852	0.07647069570826386	0.30408946011299826	0.15562995238086424	0.23227896564978817
0.23158597118387533	0.07637893714036999	0.3040652405302272	0.15564451328508658	0.23232533786044068
0.23158060214893045	0.076282589911396	0.30425941105140797	0.1556253483842304	0.23225204850403497
0.23166007091272917	0.07653284509685526	0.30414115803545994	0.15563708642927673	0.23202883952567868
0.23149994406506452	0.0762850493046797	0.304410995252256	0.15562616542140556	0.23217784595659394
0.23146203702748563	0.07637749353846068	0.30388564988028416	0.1556451361333364	0.2326296834204329
0.2315147531169186	0.07646856306443167	0.3041990987905739	0.15564007109061828	0.23217751393745734
0.2315298300050988	0.07633543657085085	0.3043562099306772	0.15564755660031593	0.232130966893057
0.23157976282872517	0.07646528652047625	0.304207911869083	0.15564543210059842	0.23210160668111685
0.23158519185286203	0.07620429057161641	0.3039442712804863	0.15562524752041476	0.23264099877462022
0.23162809158157388	0.07632374377481903	0.3038429393521595	0.15562836541398448	0.23257685987746285
0.231549233824653	0.07613880770421397	0.30408144949933774	0.15564735393899126	0.23258315503280375
0.23163604960149342	0.07634484841591943	0.30416095192108195	0.15564352208824697	0.23221462797325793
0.23167928656668382	0.07657314165242492	0.3040295501044528	0.1556369725556123	0.2320810491208259
0.2315191290510094	0.07637466874857603	0.30439894477826274	0.1556462817574193	0.23206097566473227
0.23164723110400384	0.07657846864962604	0.30440699274373584	0.15565784314449801	0.231709464358136
0.23151070316271055	0.07631653716238339	0.30422905087242125	0.1556562902272357	0.23228741857524884
0.23167865187541734	0.07633718756340789	0.30407986519051766	0.15563443748340453	0.2322698578872523
0.23161320802889745	0.07646370529047906	0.3043415905322054	0.15564516974059445	0.2319363264078234
0.23146342311691076	0.0765664365706981	0.3042521561153126	0.15564174455028967	0.2320762396467886
0.23163736838745477	0.07632361139674038	0.30424018599664515	0.1556562707192119	0.23214256349994758
0.23165582046408092	0.07632815368557916	0.30412309920239633	0.15564368082366808	0.23224924582427525
0.23164120058326565	0.0763713304303483	0.30436718000597396	0.15563726787784574	0.23198302110256608
0.23149135546188923	0.07654001101191654	0.3043233597629454	0.1556352075658632	0.23201006619738543
0.23163302064712468	0.07615576952247972	0.30441046415146195	0.15563560830965098	0.23216513736928243
0.23148295580549302	0.07615976951346293	0.3043195123068462	0.15562565294584904	0.2324121094283486
0.23155913239003822	0.07640360179013204	0.30389163364195704	0.15562543801499884	0.23252019416287362
0.23159748210093833	0.07655472823059227	0.3038741124561723	0.15563010501277547	0.2323435721995214
0.23150175485601926	0.07659506373653903	0.30420731855380306	0.15565356608771916	0.23204229676591925
0.2315203255018836	0.07659354750255278	0.304110947491248	0.15564599140791585	0.23212918809639954
0.23159995272289313	0.0764556745945421	0.3040783836838799	0.15563402338790924	0.23223196561077536
0.23164015041347022	0.07628107157378863	0.3041638227434917	0.15564887015646323	0.23226608511278604
0.2316706503296431	0.07658187269190843	0.3043634583139428	0.15563898935872178	0.23174502930578367
0.23167322326974227	0.07654779663451182	0.3044075196137756	0.1556570487749241	0.231714411707046
0.23157485571358366	0.0761880169039306	0.30440408736157665	0.15565453690458095	0.23217850311632787
0.23156203705035203	0.07649384960268252	0.3041952536345952	0.15563383104995843	0.23211502866241157
0.23165101719341238	0.07617673197491319	0.3043371738597407	0.1556411045996572	0.23219397237227635
0.23155068863447514	0.07636442273707954	0.3039231830886806	0.15564248082445048	0.232519224715314
0.2316165544006356	0.07613295497385429	0.3040753917755955	0.15562526069088417	0.2325498381590302
0.2316176874942995	0.07643736221929331	0.304407231717096	0.15562834284351673	0.23190937572579423
0.23165327491381357	0.07647017540280766	0.3043620813347378	0.15563255205683077	0.23188191629181
0.2314833087334274	0.07633408872880519	0.3044021147760263	0.15565536381737205	0.2321251239443688
0.2314832474814652	0.0765293210705835	0.3040520171268317	0.1556467436296521	0.2322886706914672
0.23164388733624322	0.07635323906082374	0.3040115174844845	0.1556532676140643	0.23233808850438395
0.23155000336368511	0.07636030519236081	0.30418917946489193	0.15565541304161581	0.2322450989374461
0.23160780419583576	0.07649183338378912	0.30440960300564224	0.15564086740017563	0.23184989201455697
0.23153304757172963	0.07627877466192128	0.30429787010820075	0.15563697081006683	0.23225333684808128
0.23156319475525486	0.0764098728400464	0.3039257899366968	0.15563884209072312	0.2324623003772786
0.23153718705102377	0.07614208533807304	0.3039606890253375	0.15564665613667433	0.23271338244889112
0.23163336751124097	0.07639643339561308	0.3039003405776495	0.15563889508447498	0.23243096343102126
0.23148211065573024	0.07636226852385807	0.3042127267594933	0.15563875541109873	0.2323041386498194
0.23153676900572792	0.07659734535784161	0.3040176126265869	0.15565415436407423	0.23219411864576908
0.23166391939939787	0.07651846258770519	0.30392695176166173	0.15564593211847402	0.23224473413276098
0.2316656886671172	0.07653976650264496	0.30384650884972286	0.15565386944925375	0.23229416653126095
0.23163148930739666	0.076328941396297	0.30437143578776016	0.15563897830375698	0.23202915520478898
0.23151308305629714	0.07614709664871876	0.30426723824463753	0.15564088804629317	0.23243169400405314
0.2315931875878557	0.0763133952216219	0.304117047523524	0.1556548658931467	0.23232150377385147
0.23148726495382047	0.07613364290726755	0.3043390034285519	0.15564252756232486	0.23239756114803495
0.23165934930322718	0.07652148403512979	0.30389896509981373	0.15564299936637244	0.2322772021954566
0.23162489353535845	0.0765658444364663	0.3039999093469169	0.1556555075334337	0.2321538451478244
0.23163852427796044	0.07648843351435392	0.3038914076870216	0.1556457962531909	0.23233583826747295
0.2315914124182586	0.07653504318080995	0.3041822967832364	0.1556452003433475	0.23204604727434733
0.23147861703113212	0.07623238014144335	0.3043242608362262	0.15563803097302606	0.232326711018172
0.23149548321825597	0.0761630659461013	0.3042549449046129	0.15563708070401125	0.23244942522701834
0.23150868108761347	0.07615569681438382	0.30435083226600407	0.15564821401186124	0.23233657582013717
0.23150914903905442	0.07624782256616962	0.3043304923658683	0.15562894429249927	0.23228359173640817
0.23152316714437374	0.07623783410931396	0.30427133619222435	0.15563275888390496	0.23233490367018278
0.23163554333740208	0.07643599681810907	0.3040295558996662	0.155646769487157	0.23225213445766543
0.23164234955899599	0.07640689737348408	0.3042127699520611	0.1556537582568947	0.23208422485856386
0.2316368203089565	0.07628909794225655	0.3041394839737978	0.15563938831016488	0.23229520946482402
0.23151623560688156	0.07643904502998045	0.3041136785459333	0.15562915565203933	0.23230188516516515
0.231466018526056	0.07625565152860922	0.30419771914034976	0.1556502326659852	0.23243037813899953
0.23168670648534262	0.07630935881620637	0.3043148791961986	0.15565771470434325	0.23203134079790882
0.23158301746867274	0.0762772636169688	0.30435449536465475	0.15563492608920743	0.23215029746049604
0.23146431170242557	0.07648879727229552	0.30422403193632663	0.15564141338041199	0.23218144570854005
0.23160248869428146	0.07621214600683235	0.3040754998499804	0.1556464481980492	0.23246341725085637
0.23155188326181425	0.07637293726700516	0.3040337098710069	0.15564732291492847	0.23239414668524494
0.23147776526403369	0.07657067258545608	0.30416541425199634	0.15562980996585563	0.2321563379326581
0.2314840635293053	0.07632500138118682	0.3041909794150288	0.15564217440412878	0.23235778127035003
0.2316083212551237	0.07625161600320837	0.3042062345799611	0.155628132743577	0.2323056954181296
0.23157461291079223	0.07630264270432072	0.3043160819277163	0.1556461893184316	0.23216047313873886
0.23165330916700802	0.0762302335858478	0.30435090230973877	0.15563227920923617	0.232133275728169
0.23150238900655895	0.07648050081581247	0.3042774038907415	0.15563737096335822	0.2321023353235286
0.23159192869822187	0.07649526575931366	0.3043250567411947	0.15564999948015365	0.23193774932111588
0.23159127982765737	0.07639243206626004	0.3044137435225747	0.15562654175368887	0.23197600282981873
0.23158484927566636	0.07648611755723017	0.3039532152631421	0.15563159986712488	0.23234421803683628
0.23168236918699142	0.07656978802949525	0.30405932231934707	0.15562980186398667	0.2320587186001793
0.23163871604059927	0.07652699913104113	0.30420560329965435	0.1556271360947948	0.23200154543391016
0.23164080341171042	0.07660024068756693	0.3041588612475337	0.1556260212357734	0.23197407341741527
0.23161443148765593	0.0765579509319022	0.3040399191249443	0.1556408446561611	0.23214685379933628
0.23167168448787726	0.07620155986400703	0.30400509008047605	0.15565667337440442	0.232464992193235
0.23168521221530938	0.07613611992486281	0.3041377415007223	0.15565131521788295	0.23238961114122228
0.2315576511575277	0.0765315438570449	0.30419053977992383	0.15565581266465148	0.23206445254085184
0.2316689261735765	0.07648576790572117	0.30429315126594336	0.15563853303833083	0.23191362161642787
0.2314875742190251	0.07619827324884158	0.30421422748714366	0.15562931993061713	0.2324706051143723
0.2314982668875546	0.07640974723778705	0.30421826195446994	0.1556296344665227	0.23224408945366554
0.23160173393785294	0.07643185821852866	0.3042442398126251	0.15562873991343334	0.2320934281175597
0.2315200696819295	0.07642831900909755	0.3042741723737364	0.15564632135734943	0.23213111757788688
0.2316756443114013	0.076309222330363	0.30405696542610117	0.1556545352651135	0.23230363266702078
0.2315664150505364	0.07617156059452596	0.30413336298392046	0.1556569147758497	0.23247174659516723
0.23168580665279298	0.07625478865861737	0.3043223790694247	0.15563859383465178	0.2320984317845129
0.23163209630602605	0.07636294675236883	0.30411899585972346	0.15562687427993388	0.2322590868019475
0.231491441875473	0.07637783675610776	0.3041581223670271	0.1556543957291145	0.23231820327227742
0.23160885664870867	0.07648198814451053	0.3043125453216156	0.15562913118161484	0.2319674787035501
0.231488917986225	0.0761659257823374	0.30416958858633486	0.15563786572551624	0.23253770191958623
0.23157437097652825	0.07616234676824435	0.3039622850828349	0.15563464330349952	0.23266635386889273
0.2314750256366954	0.07616046850508296	0.3038832938814867	0.15564619563465457	0.23283501634208015
0.23166193184106176	0.0761591445004082	0.3038265790402765	0.15562667307240502	0.2327256715458483
0.23153275646575877	0.07647848513778312	0.303993275679771	0.15565227443159013	0.2323432082850967
0.23157805761262934	0.07635050757279874	0.3041617942635267	0.15564981027226527	0.23225983027877972
0.23155223149323345	0.07645426551712937	0.3039939578456231	0.15563590404734684	0.23236364109666696
0.23147311494668849	0.07634305949067796	0.3040526025552205	0.1556494740474701	0.23248174895994267
0.23154492794277465	0.07629070100735526	0.30427527501678936	0.1556376948858251	0.23225140114725534
0.23158195807633672	0.07619172894257356	0.30431109448711113	0.15565657938207067	0.23225863911190764
0.23150847662147767	0.07635308427945778	0.3039356040011848	0.15565564028968107	0.23254719480819847
0.2315871787343161	0.07613340230623317	0.3041941531885626	0.15563867172798834	0.23244659404289958
0.23168534861906465	0.07622045785522082	0.3039279000375498	0.15563173453724827	0.23253455895091615
0.23152788139303754	0.07655279150106917	0.30404120504820153	0.15565201833994247	0.23222610371774904
0.23148878940747641	0.07645338781573995	0.30431458769628217	0.15562770800276277	0.23211552707773847
0.23152062754816502	0.07659909967391507	0.304322049141348	0.15565617223190714	0.23190205140466458
0.23162187471152038	0.07620120470483563	0.3042534706669675	0.1556491874018534	0.23227426251482283
0.23146848681117538	0.07620100573897606	0.30392724532614424	0.15563063900159374	0.23277262312211036
0.23152205901071687	0.07615179024254054	0.3039681445379151	0.15564256740071655	0.23271543880811074
0.23155831817296274	0.0763820939741941	0.303839358672524	0.15564323295964388	0.23257699622067504
0.23158480231327183	0.0761587799047546	0.3040551910561443	0.15563905506188602	0.232562171663943
0.23164451885078802	0.07647771972656038	0.30383924272882745	0.1556333359629413	0.23240518273088256
0.2315831095169418	0.07622613268088588	0.3041471432711325	0.15562850528961542	0.23241510924142417
0.23149416094841604	0.07639280536711543	0.30401461953236586	0.15563634827061218	0.23246206588149027
0.2315229933764983	0.07632788090474849	0.3044004444691225	0.15565747695166457	0.23209120429796587
0.23164686075363752	0.07647680621429544	0.3044017962886163	0.15562773969358473	0.23184679704986572
0.2316845520698691	0.07654574234625923	0.30437369928662056	0.1556460031222282	0.23175000317502265
0.23164419335619774	0.07659283490912332	0.3043654091759739	0.15565163551001981	0.231745927048685
0.2316524297691413	0.07653255033533542	0.30433810741808215	0.1556267328054739	0.23185017967196703
0.2315035968398998	0.07614290640932345	0.3042488152384235	0.1556502262109515	0.23245445530140146
0.2316190296828506	0.07614771258323638	0.30429603628329577	0.15563385792614004	0.232303363524477
0.23150168899416274	0.07659132498548507	0.30383806726364926	0.15564778324766998	0.2324211355090327
0.23164679281004524	0.0765816532760274	0.3038622411095308	0.15563818103240507	0.23227113177199127
0.23149148742869294	0.07654554181433613	0.30391148525597045	0.15563956334088314	0.23241192216011708
0.2315256426120689	0.07658814619325978	0.3038305450760435	0.15564132991622137	0.2324143362024062
0.2315455902133209	0.07656384623105936	0.3039634297975279	0.15564825934596432	0.23227887441212727
0.23166068979319415	0.07632762901773864	0.3038858738176399	0.15563915977025666	0.23248664760117044
0.23158026344419463	0.07619199515975222	0.3042749701199251	0.15564709232851276	0.23230567894761506
0.23162093095199465	0.07626409014796957	0.3043755516536811	0.1556336554958918	0.23210577175046265
0.23157266218714606	0.07633101603392595	0.3040951839098362	0.15562535974299602	0.23237577812609553
0.2316169333795066	0.07638043135641473	0.30411172991686275	0.15562575971413653	0.2322651456330792
0.2315665133181764	0.07659913191692583	0.3040389464518828	0.15564877837562713	0.2321466299373876
0.2316540753079343	0.07615115363125383	0.3038264801419589	0.15563595868551694	0.2327323322333358
0.2314729782856998	0.07616975740259661	0.30397166404390713	0.1556576781288646	0.23272792213893165
0.23150577881417594	0.07614851985006783	0.30397549548166214	0.1556278432330386	0.23274236262105524
0.23149267989653963	0.07621681184853131	0.30419691590471976	0.1556536749009972	0.2324399174492118
0.23151851571633136	0.07627607386840601	0.3038746312709632	0.1556352257587844	0.23269555338551476
0.23160760976906516	0.0765376781656887	0.30411577895133596	0.1556421064479667	0.23209682666594322
0.23151814889103642	0.07620392108599622	0.3039320547359385	0.1556311228853457	0.23271475240168296
0.23157583869675058	0.07623867426801895	0.30388644064349735	0.1556486054308237	0.23265044096090914
0.2316195565740892	0.07618338586110646	0.30433922511285205	0.15563223487570055	0.2322255975762515
0.23148961405955473	0.07615678814203254	0.30416777699241426	0.1556346290382879	0.23255119176771033
0.23167051345532474	0.0761885942989795	0.3040469517067179	0.15562587804774403	0.2324680624912336
0.23153436989034704	0.07642317377529825	0.3042851475245795	0.1556433682345947	0.23211394057518023
0.231650900797601	0.07642977528430213	0.30423665710409575	0.1556533999111997	0.23202926690280123
0.23160978842599061	0.07616991594552412	0.303991885592205	0.15563672850704507	0.23259168152923493
0.23167102840069018	0.07628182205362527	0.3039217854429019	0.1556437962828296	0.23248156781995283
0.2316044010440602	0.07657110757820691	0.3040276376130013	0.15564078333782022	0.2321560704269112
0.2314795230112299	0.07646476896069697	0.30439705676471146	0.15563728078420677	0.23202137047915466
0.23155406206037404	0.076275785724139	0.3043379790117245	0.15565533762773792	0.2321768355760243
0.23153358214053385	0.0765105701859065	0.3040933437046265	0.15562606661335252	0.23223643735558036
0.2315039216104426	0.07622850880263306	0.304095923501719	0.15563412158105294	0.2325375245041522
0.2315243522867281	0.07638134834381519	0.3043675618538688	0.1556327214415113	0.23209401607407637
0.231564757406288	0.07637074855426543	0.3042582055320554	0.15564666004501063	0.2321596284623803
0.2314909756606348	0.07651772207157523	0.3043857154830018	0.155642443449444	0.2319631433353439
0.23163439079717213	0.07644151716445274	0.30436219849244406	0.15565186274868437	0.23191003079724648
0.23167803511382876	0.07650316044183716	0.30436369237664535	0.15562975309525892	0.2318253589724296
0.23164806134865262	0.07653684145325305	0.3043094732858739	0.1556510904020057	0.23185453351021446
0.2315961962333477	0.07651707027819833	0.30437197452440784	0.15565587936155822	0.23185887960248763
0.23152049995128324	0.07642880826052154	0.30438837749071224	0.1556577551665419	0.23200455913094087
0.2315846699108936	0.07637616755066597	0.3043979325536125	0.1556490485371988	0.23199218144762884
0.2316820434152748	0.07649145565842444	0.3038616055647643	0.15564969858048186	0.2323151967810543
0.23156401020668813	0.0765580540083679	0.3039225253766357	0.15565452064174315	0.23230088976656488
0.23161341069461944	0.07628065959572913	0.30426266429376214	0.15565245227505656	0.23219081314083245
0.23150664727411546	0.07624344894030416	0.3042218827127454	0.15563739800183332	0.2323906230710014
0.23161732602854734	0.07657886089751381	0.3041110552804305	0.15565775225592918	0.23203500553757894
0.23148453586483086	0.07659519529284428	0.3042603319576032	0.15563404242835593	0.2320258944563655
0.2315774787091906	0.07649680127228198	0.3039837249024102	0.15563460578521957	0.2323073893308974
0.23158436635490132	0.07646431204068725	0.3039375250786867	0.15563392168742343	0.23237987483830105
0.23163056355282075	0.07618203506930209	0.30411037547839354	0.15563696388482304	0.23244006201466033
0.2314865758903366	0.07620985954204636	0.30409223391179757	0.15564636354358824	0.232564967112231
0.23152399425601022	0.07634241690402059	0.30393771748435283	0.15565114776228534	0.23254472359333075
0.23152280555210686	0.07618463979252404	0.30424909677280454	0.1556321123816671	0.23241134550089718
0.23165685025178068	0.07628310503159674	0.30439546309840004	0.15565153525154765	0.2320130463666746
0.23162731916911738	0.07632606892557753	0.3040103157265813	0.15564753432723477	0.2323887618514887
0.23148101148059652	0.07635690153797227	0.3038432071759906	0.15563243162741697	0.23268644817802342
0.2316810879198361	0.07641375435816225	0.30407916736059837	0.15563596348993863	0.2321900268714644
0.23149995658660066	0.0762695133790649	0.30409959265446135	0.1556464550387581	0.23248448234111468
0.23156607371302904	0.07615519314070075	0.3040004258482963	0.15564396281290224	0.23263434448507148
0.23167225366576716	0.07630986458272326	0.3039761809789509	0.15565094494594328	0.23239075582661517
0.23168578045831242	0.07618638304086273	0.3038273323740105	0.1556495278148143	0.2326509763119998
0.23154400099015254	0.07633261767567803	0.3039984799027274	0.15564921106755936	0.2324756903638825
0.2316114419909934	0.07657235704422581	0.3043581026613577	0.15563992881491606	0.2318181694885068
0.23156611137028432	0.07614004485676351	0.30400845939218224	0.15562555987700571	0.232659824503764
0.2315654948266367	0.0761723652895171	0.3039303794989934	0.15565344860464636	0.2326783117802062
0.23152132235750134	0.0762025659585356	0.3042569418732213	0.15565747023749515	0.23236169957324643
0.23166934315759763	0.07616312392163355	0.3041777877431148	0.15564008886755681	0.23234965631009694
0.23152351628129933	0.07639066671482615	0.3042106572922067	0.15562567328331722	0.23224948642835042
0.23158453058150083	0.07626220642378326	0.30434320063397863	0.1556453675285453	0.23216469483219176
0.2315524550010533	0.07649781088423278	0.3040834999335893	0.1556573249083647	0.23220890927275967
0.23165608538685112	0.07613039699311863	0.30439803634559365	0.15564785986265395	0.23216762141178243
0.23168153342044462	0.07617419351510135	0.3042456067689502	0.15562894878167022	0.23226971751383338
0.23151067364572145	0.07640393645652374	0.30401641902187526	0.15564141229484896	0.2324275585810304
0.23147626283502912	0.07624681282461929	0.30439201392316856	0.15562890605715304	0.23225600436002974
0.23159758398658664	0.07647261395467007	0.3043536645885687	0.15563622805844157	0.23193990941173273
0.23153558908135885	0.07659473010689272	0.3040775910393723	0.15562561312471554	0.23216647664766032
0.23163292675240904	0.07640478663612922	0.30419100827346124	0.15563032407945276	0.23214095425854747
0.23159489909780975	0.07615521448628344	0.3043021928674622	0.15563783057872874	0.23230986296971562
0.23155712903411524	0.07617998475811176	0.30439565799252777	0.15562568420007905	0.23224154401516597
0.23159437691078308	0.076183399042559	0.30418831318005024	0.1556489086924529	0.2323850021741545
0.23154213841563948	0.07626415659493183	0.3043816622090283	0.155653956578799	0.23215808620160117
0.23164824530539763	0.07649275601739454	0.3043323147312155	0.15562850464961303	0.23189817929637901
0.23157315491491454	0.07658350224696071	0.30430549229167764	0.15564980711937088	0.231888043427076
0.23149771076361697	0.07619735757007817	0.3042994828552948	0.15565079567295192	0.23235465313805792
0.23160406234830563	0.07630400931588933	0.3041670372487475	0.15565027647945792	0.23227461460759932
0.23156072410742842	0.07614131975659577	0.3038534397278897	0.15564692913350983	0.232797587274576
0.23160173165817605	0.07621368697673139	0.30392471246622904	0.15565054398697503	0.2326093249118883
0.23165234322197462	0.07614777742821793	0.30384707147646645	0.15562985266043006	0.2327229552129107
0.23153102607398363	0.07627786965217052	0.30393010350760985	0.1556507727840608	0.23261022798217496
0.2315224284028938	0.07627729436381714	0.30402094083175	0.15565735642140946	0.23252197998012933
0.23146888761179835	0.07613199946726036	0.30403372730561695	0.1556484976643221	0.23271688795100204
0.2316163569504605	0.0761681140894002	0.30417315478439333	0.1556465930353365	0.23239578114040924
0.23152683276257996	0.07640822283594564	0.3039981107010907	0.155639255373564	0.23242757832681948
0.23151809458533734	0.07639447209669027	0.3040894623636764	0.15564943120568714	0.23234853974860864
0.23165544060919815	0.07621774542380771	0.30422524961610925	0.1556319561424912	0.23226960820839346
0.2316719576912174	0.0762402110461924	0.3038724285186572	0.15564832365720563	0.23256707908672708
0.2316093825896341	0.07644930764291562	0.30423625047063346	0.15564262506142112	0.2320624342353954
0.23147648267273546	0.07635421658991219	0.3044048873474342	0.15564700208796062	0.2321174113019573
0.23149513722387272	0.07618427347107902	0.3042950768036295	0.15563376849116678	0.23239174401025178
0.23148608744203347	0.07655178780939047	0.30404486473605785	0.15565460833959943	0.23226265167291857
0.23161732071685223	0.07634941250004605	0.3043281878662688	0.15564221054095848	0.23206286837587417
0.23168741838216123	0.07638019801849862	0.30419013699176617	0.15563807735880889	0.23210416924876484
0.23158884041241343	0.0762688730852441	0.30427985260412266	0.15563741121658722	0.23222502268163236
0.23162512947242161	0.076440286657861	0.30404644300601535	0.1556413067918869	0.23224683407181484
0.23160173416371804	0.07620526380675935	0.3040373934069669	0.1556271786093898	0.2325284300131657
0.23146464829936808	0.0761312357367404	0.3039237432803899	0.15562556605171485	0.23285480663178657
0.23149269016440355	0.0764226283314423	0.30403358441659994	0.15563176161608067	0.23241933547147328
0.23155264759455557	0.07639531259483333	0.30386562766668956	0.15564900500112513	0.2325374071427962
0.23162773417934132	0.07655235581536399	0.30391271544703885	0.1556364655606486	0.23227072899760698
0.2314852345159698	0.07635774620395798	0.30404044166897726	0.15564387364714247	0.23247270396395225
0.23157241137376594	0.07633852566875295	0.3041388342138815	0.1556561690615606	0.2322940596820388
0.23150733820388517	0.07617665744416618	0.3042739052161411	0.15564411060326105	0.23239798853254623
0.23161012691118266	0.07653438132502914	0.3040813387742157	0.15562751376340048	0.23214663922617174
0.23154429966407103	0.07649611650116288	0.30403673774407874	0.15562632816317087	0.2322965179275162
0.2316590275496076	0.07656872306500237	0.3043360634147646	0.15563636029708378	0.23179982567354146
0.23156838430579602	0.07656015705893018	0.3043667104545375	0.15565636614181744	0.23184838203891864
0.23164779544367575	0.07620920993342202	0.30427338194385983	0.15565161703439745	0.23221799564464474
0.23158535201006478	0.07645024560532805	0.30399447095871845	0.15563415146646992	0.23233577995941856
0.23153672455032467	0.07633415884759834	0.30421829492727537	0.15565525695370064	0.23225556472110076
0.23156464199334043	0.07635493814869045	0.3039346655034852	0.15564462016693803	0.23250113418754564
0.23149380861686575	0.07646812311132152	0.30412472827694315	0.1556279548795522	0.23228538511531713
0.23159575800213025	0.07651712969574599	0.30417652951269475	0.15565560979357565	0.2320549729958531
0.2316239639785421	0.07651925552885155	0.30391642150756976	0.15564590412459525	0.23229445486044104
0.23163851894928947	0.07616348560373512	0.30402379975085664	0.15564430536840793	0.23252989032771063
0.2315090519696471	0.0765280936271939	0.3039582490699875	0.15565516008726554	0.23234944524590576
0.23162514896195535	0.07635858781618879	0.3038524549897218	0.1556455077294574	0.2325183005026764
0.23162826498080424	0.07649394003852353	0.30410237160605247	0.1556316068725364	0.23214381650208313
0.23152845470843206	0.07647479242468377	0.30405432565597723	0.15564821193351674	0.23229421527738994
0.23152477619789152	0.07632820241548213	0.30423762518251607	0.1556372683668335	0.23227212783727652
0.23146662875266794	0.07637393917470013	0.3041530998347526	0.15565192047952806	0.23235441175835103
0.23165308434512638	0.07620440520476197	0.3042937003983004	0.15563160303712703	0.23221720701468399
0.23157646751648453	0.07635655565274066	0.304275321310038	0.15564992276377265	0.23214173275696393
0.23164518199145778	0.07614563107223814	0.30398967406359534	0.15562880083434072	0.23259071203836781
0.23151049874521346	0.07625067333931701	0.3039103100162743	0.15564885909762954	0.23267965880156546
0.23164141480049075	0.07628205418775132	0.3038472663838311	0.1556290469579961	0.23260021766993053
0.23168551599944456	0.07654722508160149	0.30389699614904475	0.15563494081810939	0.23223532195179955
0.2316567117369478	0.07648960010258275	0.30398319373819216	0.1556358088421039	0.23223468558017318
0.2316727268985099	0.07649445771890731	0.3041290228954253	0.15565464993206074	0.23204914255509648
0.23158464135662954	0.0765427060616663	0.3040444259668429	0.15562819704770106	0.23220002956715996
0.23167564546818076	0.07629350335459419	0.30415780663087266	0.15563010039566172	0.23224294415069044
0.23161356980137737	0.07635533451819042	0.3040135202126515	0.1556369063149568	0.23238066915282365
0.23152678782509775	0.07655495223888009	0.3038765739493939	0.1556517552082677	0.23238993077836034
0.23167479973864755	0.07658729891316625	0.30391819739254805	0.15564237723203242	0.23217732672360547
0.23153857104863418	0.07647421380540496	0.304187522760681	0.15563609557286007	0.23216359681241955
0.23166768626456602	0.0765107891103454	0.30406827198423647	0.15563472831618796	0.2321185243246639
0.2315938825082665	0.07648950783806738	0.30434768937158235	0.1556282798199912	0.2319406404620923
0.2315324632780244	0.07647998272263028	0.30428562383250224	0.1556541492120745	0.23204778095476836
0.2315542487186192	0.07659942320741601	0.3043214547122697	0.15563100326648738	0.23189387009520745
0.23157050813202712	0.07645927272910227	0.3041073489744984	0.15563791617420997	0.23222495399016196
0.23155712598765765	0.07657486375141674	0.3039215922673419	0.15565791642252896	0.23228850157105452
0.23148595954926096	0.07640314633323374	0.3042478207905692	0.1556578108069802	0.23220526251995566
0.23157733074859613	0.07658646246897433	0.30395416351259463	0.15565778937317123	0.2322242538966635
0.23161206302445225	0.07645122603101596	0.30441013678581974	0.15565197345381818	0.2318746007048936
0.23148395466348845	0.07624981911443333	0.3038858854154154	0.15563012850577912	0.23275021230088344
0.23166676747571852	0.07632663389857738	0.3039816671285866	0.15563092615816254	0.23239400533895466
0.2315143447993003	0.0765368337578989	0.30384327455850146	0.15562925498812735	0.23247629189617175
0.23157736013635077	0.07615711914596957	0.3039061248353625	0.15562697922541657	0.2327324166569003
0.23153618807096937	0.07626341454584872	0.3040790740581343	0.1556390842248893	0.23248223910015808
0.2315426156703846	0.07631818288740592	0.30401494700455994	0.15562921601579713	0.23249503842185215
0.23157400732607886	0.07627549237717794	0.30419661876058407	0.15565362330702667	0.2323002582291322
0.23165280465305876	0.07623451118116878	0.3040705153596583	0.15565190657307076	0.23239026223304313
0.2316402012595493	0.07627855925378248	0.3043861274088755	0.1556485033287493	0.23204660874904318
0.23164938750162933	0.07640125056648854	0.30438081794801936	0.15563167556882437	0.23193686841503813
