0.17498151841494156	0.28941749320448723	0.5356009883805714
0.17736782220285485	0.2950479582953933	0.5275842195017519
0.17571222055170904	0.29465342874730804	0.5296343507009831
0.1755733134265078	0.30022486009065374	0.5242018264828385
0.17867403732039477	0.29389572472133557	0.5274302379582698
0.17907850420237284	0.29310440601190696	0.5278170897857203
0.17876318079527506	0.27877661643156176	0.5424602027731633
0.17963584886913753	0.2835046662735158	0.5368594848573468
0.17952259480436225	0.2878430696020878	0.5326343355935501
0.18091223356163422	0.2767818428674486	0.5423059235709172
0.17733709310976337	0.2764104386350456	0.5462524682551912
0.17492837681820209	0.28991664545815626	0.5351549777236417
0.1821737711829907	0.2860650901289163	0.5317611386880932
0.17876089101023662	0.2948219324984448	0.5264171764913187
0.17699776374602275	0.2812692526393176	0.5417329836146597
0.17610845891616148	0.28074329862112885	0.5431482424627098
0.17546435985255476	0.29517125601418165	0.5293643841332637
0.17583609827613042	0.29002741427369616	0.5341364874501735
0.18012963233102616	0.2810811585027381	0.5387892091662358
0.17846199640385835	0.27903228618614595	0.5425057174099959
0.17631262249745433	0.27857393160024857	0.5451134459022973
0.17740607298992117	0.2924728332522674	0.5301210937578115
0.17960469297492185	0.28599735429628415	0.5343979527287941
0.17603319444898172	0.2856972887609382	0.5382695167900802
0.17598479607479356	0.2854340541739058	0.5385811497513007
0.17918883144676775	0.2843619257620412	0.5364492427911911
0.18122045742017812	0.27506434084419856	0.5437152017356235
0.17939028781152	0.2949848922442059	0.5256248199442742
0.18078060284263994	0.2829551368205103	0.5362642603368499
0.17472569234384877	0.2848024539467517	0.5404718537093997
0.17883737727811966	0.28017441232936396	0.5409882103925164
0.17878432372702258	0.2903674427195485	0.530848233553429
0.17715625046133282	0.28987938327395885	0.5329643662647084
0.1813707104163595	0.29478022328773246	0.5238490662959082
0.177551814607351	0.28614390954744867	0.5363042758452004
0.18012122737710196	0.293396074848285	0.5264826977746131
0.18069632717842282	0.27991333933789614	0.5393903334836812
0.17457042934589484	0.27959695553505937	0.5458326151190459
0.1758701120596355	0.28754056653068616	0.5365893214096784
0.17629501868541503	0.2850218443477372	0.5386831369668479
0.18119275078100106	0.29411787875837925	0.5246893704606198
0.18214307666066976	0.2754763109392825	0.5423806124000479
0.17420829041957217	0.2849574765311605	0.5408342330492675
0.1816886879853921	0.29302449809367775	0.5252868139209304
0.1744210894128624	0.3016045051327009	0.5239744054544369
0.1770807239285957	0.28107078723477674	0.5418484888366276
0.17864489552373755	0.2859947229709328	0.5353603815053297
0.18186232960228607	0.2848002316683964	0.5333374387293177
0.1768416792002358	0.2961452815002405	0.5270130392995238
0.18051589414852826	0.2921590497990888	0.527325056052383
0.1762940519862693	0.2820529857751924	0.5416529622385384
0.17608938673376434	0.2893153370488999	0.5345952762173359
0.17762701281500065	0.2939046264675731	0.5284683607174263
0.17715388382842906	0.28571435057446565	0.5371317655971054
0.17651160668164909	0.28293540950185564	0.5405529838164954
0.17494507604945853	0.2907289910070597	0.5343259329434819
0.181763185058633	0.2940666231055817	0.5241701918357855
0.1743150313952817	0.29338277312594363	0.5323021954787748
0.18017778768090834	0.27927024838609055	0.5405519639330013
0.1778711561744637	0.27903842337236917	0.5430904204531672
0.178986544064154	0.2768196563628585	0.5441937995729876
0.17494432648858088	0.29747902442694885	0.5275766490844703
0.17619457847467376	0.2901568280631361	0.5336485934621903
0.17632299829192385	0.2941596598040768	0.5295173419039994
0.1760049717671857	0.27973116936470277	0.5442638588681117
0.1792407121417715	0.2778026977046635	0.5429565901535651
0.17887840641805855	0.27691732458792806	0.5442042689940135
0.17998871447553508	0.2790568380801672	0.5409544474442979
0.18135530990176837	0.2827592783785	0.5358854117197318
0.17739624310906318	0.2810993948365298	0.5415043620544071
0.17585497370901235	0.2790421233923088	0.5451029028986789
0.1750444327623606	0.2808064164963764	0.5441491507412631
0.1816651929364977	0.28129891527907597	0.5370358917844265
0.1766559174985808	0.28228647209201213	0.5410576104094071
0.18229478671896265	0.28510777093297723	0.5325974423480603
0.17859678820271288	0.2858692952445696	0.5355339165527176
0.17665448530512673	0.2898467768115526	0.5334987378833208
0.17992674799482394	0.28028494743154686	0.5397883045736294
0.1821805832686571	0.27433156478669607	0.543487851944647
0.18125664773905012	0.28851709155479494	0.5302262607061551
0.17791413794939545	0.2863554759023253	0.5357303861482794
0.17516507356311542	0.2883296680248681	0.5365052584120166
0.17881624301962534	0.28524892849494543	0.5359348284854294
0.17880305604526994	0.29534837377995765	0.5258485701747725
0.17978923399569266	0.2929412224498952	0.5272695435544124
0.18162821537657206	0.2942888347892212	0.5240829498342068
0.17734300970278669	0.2818041913259026	0.5408527989713108
0.1813107204687834	0.29137743430332663	0.52731184522789
0.17686019471879136	0.2929967332647984	0.5301430720164103
0.17446709130855617	0.28754796287676887	0.5379849458146752
0.18209789770172127	0.27909519264901794	0.5388069096492609
0.17533487739897408	0.28494099163827413	0.5397241309627518
0.17758078059450252	0.2923239601286268	0.5300952592768707
0.18094460778756408	0.2860808777533925	0.5329745144590435
0.1789763296312926	0.2885781002038441	0.5324455701648634
0.1810220474960857	0.27473538312841805	0.5442425693754964
0.17492070102902285	0.28528771779338946	0.5397915811775877
0.1794246572489246	0.29454621985412105	0.5260291228969545
0.1800641213554181	0.29317898702637885	0.5267568916182032
0.18134623947323394	0.27660652624670484	0.5420472342800613
0.17718015462236447	0.2795528055444819	0.5432670398331537
0.17485863747868582	0.2814517833824696	0.5436895791388447
0.1820202355081944	0.28237438893084743	0.5356053755609582
0.17949978601112845	0.27809835099859614	0.5424018629902755
0.1786406310337567	0.2873323768981396	0.5340269920681038
0.18092057176634388	0.2828638434269017	0.5362155848067545
0.17631435274921192	0.28811848732588113	0.535567159924907
0.17809721729383957	0.2912162267196948	0.5306865559864657
0.1773990636041463	0.2767917017293559	0.5458092346664979
0.1756025851239234	0.297036589310746	0.5273608255653307
0.18173832083740227	0.29272316564361506	0.5255385135189827
0.17958461082661858	0.2780804072248758	0.5423349819485057
0.17627667892526472	0.2780483167583212	0.5456750043164142
0.18149287899146588	0.2747290937406887	0.5437780272678455
0.17547457918735876	0.29654370986675016	0.5279817109458912
0.177635420551536	0.276418389516485	0.5459461899319791
0.1744196266551412	0.2980383391098481	0.5275420342350108
0.17774354446437382	0.29513749166813785	0.5271189638674885
0.17495494704874875	0.2872310900038391	0.5378139629474122
0.17574289656071818	0.2809597386161525	0.5432973648231294
0.175036594738359	0.2951049504519351	0.5298584548097061
0.17817774149266685	0.28003105760851343	0.5417912008988198
0.18106364504475456	0.2925111945450421	0.5264251604102035
0.17769594713124776	0.2924229184075793	0.5298811344611731
0.17757494699952803	0.2916891808894882	0.5307358721109839
0.175982480259398	0.2987226119133074	0.5252949078272947
0.18027543801113532	0.2915442481296128	0.528180313859252
0.1787130039586225	0.2779886493741178	0.5432983466672598
0.1762952559188093	0.2795561446279856	0.5441485994532052
0.1810580487571419	0.27828429324126913	0.540657658001589
0.18227231407215805	0.2730089615566803	0.5447187243711618
0.18179119062516683	0.2719178999984748	0.5462909093763585
0.18012823630313143	0.2809068840400141	0.5389648796568546
0.18047951407703416	0.27702732763769694	0.542493158285269
0.17595313753907124	0.2971191151106115	0.5269277473503173
0.17951817838770054	0.2934239704559505	0.5270578511563491
0.18062860182029958	0.2791277391330395	0.540243659046661
0.17425640141210047	0.2930721762453327	0.5326714223425669
0.17932704099920746	0.28896217241028427	0.5317107865905084
0.18081655113265915	0.29103244704073067	0.5281510018266102
0.17961155473147836	0.28408211907409125	0.5363063261944305
0.17738968145424838	0.2825564098355547	0.5400539087101971
0.17729585934730013	0.2951662324142431	0.5275379082384568
0.18006874495316633	0.2833160604290921	0.5366151946177418
0.18107656203686648	0.280133828481461	0.5387896094816726
0.17460803832853378	0.2943590422479041	0.5310329194235622
0.1752617206412194	0.2878215164153169	0.5369167629434638
0.17691889788036663	0.2816277654681872	0.5414533366514463
0.17920751504837507	0.2949224387915702	0.5258700461600548
0.18167253363995378	0.2882739064260897	0.5300535599339566
0.17482093198618828	0.299468480015321	0.5257105879984909
0.17552829678848328	0.2784782312390668	0.5459934719724501
0.17746109855753953	0.2820096434332514	0.5405292580092091
0.1773131315950576	0.2869118441426996	0.535775024262243
0.17425216671807547	0.27982346692438725	0.5459243663575374
0.17897998018555775	0.2789032556682104	0.542116764146232
0.18007536087705217	0.28990688912629803	0.5300177499966499
0.1762150288967938	0.29823275110178965	0.5255522200014167
0.180093364521935	0.2836774045153153	0.5362292309627498
0.17468295100723596	0.2959279435330594	0.5293891054597047
0.18027393958485186	0.2820300433020901	0.5376960171130581
0.18141261415631219	0.273782580595106	0.5448048052485819
0.17430713887248261	0.28811008006110606	0.5375827810664114
0.18133863520678117	0.2866191284731558	0.5320422363200631
0.177154395624516	0.287312749976342	0.5355328543991422
0.180620849366657	0.29309385741939	0.5262852932139531
0.17743935537206845	0.2888099816848458	0.5337506629430859
0.1793749186379891	0.29634525807939366	0.5242798232826174
0.1789986765366455	0.2796223296009343	0.5413789938624203
0.17653975130942437	0.28035384510291517	0.5431064035876606
0.17969566515425967	0.275628886502749	0.5446754483429914
0.1752799115378127	0.29441652175809063	0.5303035667040968
0.17462978239372617	0.29528588590488375	0.5300843317013901
0.1788916294144818	0.29465263567687444	0.5264557349086438
0.18020024163045334	0.2833905582117929	0.5364092001577538
0.18053146214991694	0.29299568860395037	0.5264728492461328
0.17984972052328999	0.28862065467435966	0.5315296248023504
0.1801700278300146	0.29479360635901647	0.525036365810969
0.17578827497975288	0.28119626135531267	0.5430154636649346
0.17810258359137524	0.29660908201435576	0.5252883343942691
0.17475491666538692	0.29415482010254085	0.5310902632320723
0.1800199909560177	0.28674220653342375	0.5332378025105586
0.1777375217971134	0.284973946456889	0.5372885317459977
0.17428225253294138	0.28811863920502273	0.5375991082620359
0.17956175738049013	0.29019724654689205	0.530240996072618
0.1820521802535345	0.2830835886684996	0.534864231077966
0.1793195784490495	0.2957601490371537	0.5249202725137969
0.18066723742231736	0.2757735487551113	0.5435592138225714
0.17542132477181496	0.28805703558098406	0.5365216396472011
0.1785875001477942	0.289706391202857	0.5317061086493489
0.1766757253717939	0.28601453427021845	0.5373097403579877
0.17441851354988597	0.28169433123328086	0.5438871552168333
0.17817784129895903	0.2823495522891217	0.5394726064119195
0.17534358053140786	0.3004823424691759	0.5241740769994164
0.17597647110976267	0.28586938497437386	0.5381541439158636
0.18222214120344246	0.2776426216559292	0.5401352371406285
0.17665440226552157	0.29576712167270086	0.5275784760617777
0.17818497080135282	0.2891143820810817	0.5327006471175656
0.17662459929475258	0.2867208744283373	0.5366545262769102
0.1766144446290949	0.27874425246406226	0.544641302906843
0.1811756300772069	0.28365102918857454	0.5351733407342187
0.18004486680110202	0.29565479352631213	0.5243003396725859
0.18169075427305578	0.27682600956038766	0.5414832361665567
0.1760307356777757	0.286465600694716	0.5375036636275085
0.17723486915881004	0.2844735747962974	0.5382915560448926
0.17715921944418012	0.28257988380009613	0.5402608967557239
0.17601125773667614	0.2778227180489692	0.5461660242143548
0.17565419299313886	0.2937091519021162	0.530636655104745
0.1817604187609406	0.2941457343177443	0.5240938469213152
0.17555437471568033	0.2823931864478089	0.5420524388365109
0.17796294475994678	0.2857351148716466	0.5363019403684068
0.17725678462595093	0.2886525805811761	0.5340906347928731
0.17831267087837666	0.2875810876269357	0.5341062414946878
0.1749667001107196	0.2848312667356008	0.5402020331536798
0.17717674484713009	0.29873375608157304	0.524089499071297
0.1767390206391983	0.2849790931728226	0.5382818861879792
0.1753535860658224	0.28305566558204104	0.5415907483521367
0.18041595644451072	0.2760523687036172	0.5435316748518721
0.18157515578237865	0.2852638939631922	0.5331609502544292
0.17870290917407436	0.29315125292633826	0.5281458378995875
0.1742650557672247	0.2941055501265158	0.5316293941062595
0.17679880932577788	0.29689913482970853	0.5263020558445137
0.18156564394114189	0.2915958026494886	0.5268385534093696
0.1765710867126475	0.27746633545489646	0.5459625778324562
0.17727180931439146	0.2949876926373465	0.5277404980482622
0.1770918835441165	0.2810201291844817	0.541887987271402
0.17672911968632954	0.28314595431847933	0.5401249259951912
0.1759494028008803	0.29576384365201286	0.528286753547107
0.18229555468753786	0.280381417578962	0.5373230277335003
0.1793458002918033	0.29584367516373605	0.5248105245444608
0.1770711338278225	0.29092701505357965	0.532001851118598
0.17985581509285187	0.2819902835264879	0.5381539013806603
0.17683423251712005	0.2955123252975892	0.5276534421852909
0.1782930431662916	0.29456173808889774	0.5271452187448108
0.17639762547786225	0.28294661596029164	0.5406557585618462
0.18044181816815189	0.2764535965380915	0.5431045852937567
0.17726470675441394	0.2853194597874773	0.537415833458109
0.17676315000070109	0.29535675186379456	0.5278800981355045
0.1818779921011044	0.2882025511014006	0.5299194567974952
0.1766670971994756	0.29703489763306434	0.5262980051674602
0.17500459071855504	0.29298894327496516	0.5320064660064799
0.1805031867567144	0.29101725356033115	0.5284795596829546
0.17831978213771704	0.29660130158298514	0.5250789162792979
0.1766180156271348	0.27925154900908866	0.5441304353637766
0.1816114645438224	0.28607520444304246	0.5323133310131353
0.1800321144864912	0.27555001377677424	0.5444178717367346
0.1822754321989856	0.27963110162225296	0.5380934661787615
0.17628483170242906	0.2777574236995948	0.5459577445979763
0.17662430572314616	0.27786868297574435	0.5455070113011096
0.1808079768254672	0.28426506450443184	0.5349269586701011
0.17668556795317503	0.2886981929650686	0.5346162390817565
0.17777978586466675	0.29689011381096725	0.5253301003243661
0.17786971781415375	0.2885953940204832	0.5335348881653632
0.17755029063006672	0.2954597284282125	0.5269899809417209
0.17572780692183235	0.29452983269134236	0.5297423603868254
0.17901823521215568	0.28389761188064866	0.5370841529071958
0.17778568236336553	0.2842695121092331	0.5379448055274014
0.17702594804135563	0.2906194997701572	0.5323545521884873
0.1806508357456953	0.2901672705472329	0.5291818937070719
0.17709270307015235	0.29535618154268883	0.5275511153871589
0.1766708563506442	0.28851877188241465	0.5348103717669412
0.18181706012950366	0.2895255913149419	0.5286573485555546
0.1764764185079866	0.28697691307733236	0.5365466684146811
0.17799137012076613	0.2795599919227944	0.5424486379564396
0.1754163172070752	0.29844671322585314	0.5261369695670718
0.17875522754199097	0.28347475897682906	0.53777001348118
0.17484346225328037	0.29702834525295785	0.5281281924937619
0.17835668742535915	0.2951618719312997	0.5264814406433413
0.17448553878385278	0.28751052924891635	0.538003931967231
0.17531582486898076	0.2925538262406993	0.5321303488903201
0.17485714137873853	0.2914610198148517	0.53368183880641
0.17874065698409658	0.2768029739489638	0.5444563690669397
0.17905856953519078	0.277505686247757	0.5434357442170523
0.1803332873208397	0.28665659037602265	0.5330101223031378
0.18042867706569682	0.27626387492717397	0.5433074480071293
0.17941872648825807	0.27952444763378453	0.5410568258779576
0.17623142898540026	0.2792431663595131	0.5445254046550868
0.17490127654992804	0.29233088397263873	0.5327678394774333
0.17774763915858074	0.27632591496656944	0.54592644587485
0.17643521403738896	0.29525712305565105	0.5283076629069601
0.18147717154448015	0.27351735620165757	0.5450054722538624
0.17691700489149983	0.2965915517119607	0.5264914433965395
0.17774699440370956	0.2939770827729374	0.5282759228233531
0.17955329634302714	0.28699382226005876	0.5334528813969142
0.1758315346438506	0.2892813545863072	0.5348871107698423
0.17643981893932692	0.2782329115585753	0.5453272695020979
0.18110977534674907	0.2795656418050082	0.5393245828482429
0.17799752822936124	0.2851201398998928	0.5368823318707461
0.1761875939062126	0.2820331201316073	0.5417792859621803
0.18213009143584824	0.2731941208112956	0.5446757877528563
0.18093884389034356	0.278540270993638	0.5405208851160186
0.17552532984054198	0.2892853219964581	0.535189348163
0.17996231931605974	0.2763322661404568	0.5437054145434835
0.1757674380131847	0.2855057374425667	0.5387268245442487
0.1822216605166505	0.2721059183319119	0.5456724211514377
0.17691867475378936	0.29910338244480983	0.523977942801401
0.1765712034253442	0.297681509405744	0.525747287168912
0.175919316789826	0.28571876360950393	0.5383619196006703
0.17648482922043793	0.28303692598319047	0.5404782447963717
0.18012983471846686	0.28123782560349686	0.5386323396780364
0.18154190767694117	0.2809705420794632	0.5374875502435957
0.17618824159716684	0.2797114645158308	0.5441002938870025
0.1818789092760126	0.2831165748652062	0.5350045158587813
0.18217830423416698	0.27444718572881405	0.5433745100370191
0.1786338491541766	0.28569095622622415	0.5356751946195994
0.1775051746248493	0.2909878605387407	0.5315069648364101
0.17527522117421224	0.28734700869147517	0.5373777701343128
0.17607657606152277	0.2983212564116142	0.5256021675268632
0.17898714530578333	0.29138032394757657	0.5296325307466403
0.17736283181241883	0.28846346204739054	0.5341737061401908
0.18206152454048274	0.2849083050494291	0.5330301704100883
0.18020735716518876	0.2746811504831072	0.5451114923517042
0.17921959542771623	0.29461325052869086	0.526167154043593
0.18230715426533786	0.2737636189280226	0.5439292268066397
0.18034548550532906	0.28613469062238495	0.5335198238722861
0.1812715569577679	0.2737245638666733	0.5450038791755589
0.17991636965467328	0.27956863986646485	0.540514990478862
0.1756736770830008	0.2803870596371157	0.5439392632798836
0.17648099240149223	0.2936322983085902	0.5298867092899177
0.17556221862280655	0.29449949796231273	0.5299382834148809
0.17927239438105722	0.2951115791453188	0.525616026473624
0.17854716917032196	0.2962918197924246	0.5251610110372535
0.1803686226336042	0.275441164629553	0.544190212736843
0.18218833338362142	0.276429885001663	0.5413817816147157
0.1805579234243336	0.27806213951599845	0.541379937059668
0.1803759807580863	0.2924697629370706	0.5271542563048432
0.17782632063100626	0.29519564486915684	0.526978034499837
0.1784870958911982	0.28648107241766957	0.5350318316911323
0.17457035596872109	0.2824430749476858	0.5429865690835933
0.1769671125983139	0.28182287022808317	0.5412100171736031
0.17492184430866936	0.2813869363449162	0.5436912193464145
0.17563607572568185	0.2849189065005576	0.5394450177737606
0.17678331580276183	0.28655164977997843	0.5366650344172599
0.18087327960539715	0.28552046345652926	0.5336062569380737
0.17715577654952538	0.27889493318757846	0.5439492902628963
0.17444410729832302	0.2993552639222416	0.5262006287794355
0.17882413424612653	0.29232432245191686	0.5288515433019567
0.17421421622884128	0.28808925599913515	0.5376965277720236
0.17788326650032513	0.28173148924751296	0.5403852442521621
0.17645774858410718	0.2910345771913271	0.5325076742245658
0.17810758249462352	0.294727498892181	0.5271649186131957
0.17886810291717645	0.296689942776656	0.5244419543061676
0.18208481173409874	0.28735074339291733	0.530564444872984
0.17784292460453638	0.28659420325962504	0.5355628721358388
0.18080901425879092	0.28438746384776864	0.5348035218934406
0.174320322718179	0.28958051873412555	0.5360991585476956
0.17682139891825716	0.28713429124665774	0.5360443098350852
0.18103614114245667	0.27281461765356285	0.5461492412039806
0.17759767354450776	0.28977196326630394	0.5326303631891884
0.1776428204533345	0.293388258786102	0.5289689207605637
0.1753834352231494	0.29998630195414	0.5246302628227107
0.17737391745290518	0.29518953976917045	0.5274365427779245
0.1785880261543284	0.28581616489597383	0.5355958089496979
0.17808944263150386	0.27595870819087803	0.5459518491776182
0.18193004108764257	0.2905097301495414	0.527560228762816
0.18038096393414982	0.293329326451565	0.5262897096142853
0.17633167250162743	0.2774850469454852	0.5461832805528875
0.1745390366910022	0.28920615182380605	0.5362548114851918
0.17869470244005492	0.2806771623180379	0.5406281352419072
0.17883075307079432	0.29278015307943356	0.5283890938497722
0.18153972394259107	0.28721371594047995	0.5312465601169291
0.18197065055442146	0.2851939886149404	0.5328353608306382
0.17684951352302597	0.2954468743615287	0.5277036121154455
0.1805030050328046	0.2917012442522088	0.5277957507149867
0.17488167325828455	0.2807276381233496	0.544390688618366
0.1794147986900019	0.2850944305406706	0.5354907707693277
0.18110683343097464	0.2943310284770716	0.5245621380919538
0.17546481556432397	0.29738294476290683	0.5271522396727693
0.18128022083109066	0.29278457224793486	0.5259352069209746
0.17855688811528203	0.27998843134624524	0.5414546805384728
0.17845565317993586	0.28229209806651057	0.5392522487535537
0.18017770359149515	0.28902974242978624	0.5307925539787187
0.18201684799577628	0.28188158821389775	0.536101563790326
0.17509024659584277	0.29094108546083	0.5339686679433273
0.17857381882462364	0.2884895936624983	0.5329365875128782
0.18008553400821892	0.27592229502916527	0.5439921709626159
0.17770701081723855	0.2874007733679536	0.534892215814808
0.17440042945778705	0.28189777563638396	0.5437017949058291
0.1816752030363083	0.29003153753839034	0.5282932594253015
0.1784206014154134	0.28862632413434586	0.5329530744502409
0.1804331673531663	0.28193147478661434	0.5376353578602195
0.18211753202510594	0.2914770566589025	0.5264054113159917
0.180420256132636	0.28438086365563303	0.5351988802117311
0.17768677166318775	0.2772706632893899	0.5450425650474225
0.1803276043514683	0.2926973643608644	0.5269750312876674
0.1796758771720008	0.28683216655274013	0.5334919562752592
0.18145124290247705	0.2722740099288516	0.5462747471686715
0.1758378881899386	0.28903045191490057	0.535131659895161
0.17423296576222033	0.2923859444504513	0.5333810897873285
0.1797809899592125	0.27629954282192054	0.5439194672188671
0.1786276907515331	0.2778323690711707	0.5435399401772963
0.1817406626235086	0.27610859662700504	0.5421507407494865
0.1763413624485052	0.2869605591057762	0.5366980784457187
0.17572966724587719	0.27897984822381294	0.54529048453031
0.18071881208965412	0.292054887242505	0.5272263006678409
0.18187331604811208	0.27750324331124143	0.5406234406406466
0.18219274046184514	0.27608248530496726	0.5417247742331877
0.18116239262940723	0.27275154385473044	0.5460860635158624
0.17799931742496242	0.2785912702653722	0.5434094123096654
0.18020537787831903	0.28139671796686866	0.5383979041548124
0.17711332450549983	0.2961751487620034	0.5267115267324969
0.17949935849156667	0.2872425010775337	0.5332581404308998
0.1807509437139593	0.284624737870645	0.5346243184153958
0.17882084740762796	0.2895612545502075	0.5316178980421646
0.1753562332456621	0.2982924712408577	0.5263512955134803
0.1809288310426535	0.29024865016617263	0.528822518791174
0.17535686947202	0.29279124709985216	0.531851883428128
0.17948951349793035	0.2932575667748074	0.5272529197272624
0.17616976702343162	0.2987035423263517	0.5251266906502168
0.17483616002483485	0.291861705277202	0.5333021346979633
0.1805731286420656	0.2880319304139809	0.5313949409439537
0.1798354306002262	0.28635249902851645	0.5338120703712574
0.18095691618562376	0.29087216294010343	0.5281709208742729
0.1807839929643226	0.29046909447983943	0.5287469125558382
0.17821388584761327	0.28915836629056607	0.5326277478618208
0.1763592378474386	0.28097851470052315	0.5426622474520384
0.18147183344605441	0.2911057818562437	0.527422384697702
0.18165621981970598	0.2905459247056164	0.5277978554746777
0.18017964408829584	0.28422523553226436	0.5355951203794399
0.17752073804353127	0.29607089660525393	0.5264083653512149
0.18149107239570011	0.2823441217674031	0.5361648058368969
0.1822902505728108	0.2912494201329146	0.5264603292942747
0.17890708521844723	0.2944348307228441	0.5266580840587087
0.17592774133592723	0.3004691487175492	0.5236031099465237
0.17458494435599572	0.3005971911994515	0.5248178644445529
0.17496879248113473	0.29541060267683333	0.529620604842032
0.18054450139739475	0.2849597203028665	0.5344957782997389
0.1757246211707554	0.29592169453867156	0.5283536842905732
0.18184968429499251	0.27551377531801613	0.5426365403869915
0.17758505167348895	0.27733790698240435	0.5450770413441068
0.18080718551694402	0.28740103031991304	0.5317917841631431
0.18152045762983782	0.28232657311018955	0.5361529692599727
0.17971142204237084	0.2782995942826819	0.5419889836749474
0.18141153093261098	0.2902665432567454	0.5283219258106437
0.176118614079465	0.2841187374487142	0.539762648471821
0.1770715694729288	0.29124352550093036	0.531684905026141
0.17567530435033746	0.2794452601896527	0.5448794354600099
0.1773216039503253	0.2903443088575667	0.5323340871921081
0.17532393833982854	0.28270631985070604	0.5419697418094656
0.17664283363668484	0.2960267769709932	0.527330389392322
0.17848795160628017	0.2906583822800788	0.5308536661136412
0.17669930539150588	0.2930729133733728	0.5302277812351214
0.17888223228205433	0.28371120609743755	0.5374065616205081
0.17965899606706004	0.2921456312655582	0.5281953726673819
0.17624850428863523	0.2923419524026266	0.5314095433087382
0.17849472820243226	0.28997696761740577	0.5315283041801621
0.17834985841198261	0.2828888450958843	0.5387612964921331
0.1767290660192243	0.29239255608265674	0.5308783778981191
0.17658425956403356	0.2941006809257021	0.5293150595102645
0.17831034168477883	0.2775100029356877	0.5441796553795335
0.17886527966450783	0.2834678726934497	0.5376668476420425
0.17777169306929672	0.2806093660637937	0.5416189408669096
0.1818834338525411	0.280426284536327	0.5376902816111321
0.18141996221339932	0.2802027986137266	0.5383772391728742
0.1773873328063408	0.293608283383538	0.5290043838101213
0.177658594868685	0.28687635505758124	0.5354650500737339
0.17604224318313888	0.29889234088718436	0.5250654159296768
0.17841031826525994	0.295372231437178	0.5262174502975622
0.17969528608313326	0.28741843987970656	0.5328862740371603
0.17522006576337973	0.28679918175325825	0.5379807524833622
0.17890598561051746	0.29308708374024744	0.5280069306492352
0.18231930251831494	0.28101601178387875	0.5366646856978065
0.17840925908639887	0.289712892359255	0.5318778485543463
0.18156020923406793	0.29015633240110983	0.5282834583648224
0.1798578596032461	0.2835570809520056	0.5365850594447484
0.1765174260504966	0.2899650969086589	0.5335174770408446
0.17746789917378958	0.28652016300834315	0.5360119378178674
0.1758957812103986	0.2802390066560648	0.5438652121335368
0.18230823639940996	0.27993365373115003	0.5377581098694401
0.17741135314049336	0.2894095726221601	0.5331790742373467
0.1797261971108981	0.2810241447170161	0.5392496581720859
0.1799735282240934	0.2923203630699765	0.5277061087059302
0.18082970562859227	0.28521154375126456	0.5339587506201433
0.17971983762377086	0.28953254005056994	0.5307476223256593
0.17874013416579837	0.283881109981596	0.5373787558526057
0.17589808616254934	0.2877181571708933	0.5363837566665575
0.17425485226172538	0.29520354876601534	0.5305415989722594
0.1788829088586125	0.2843971697800781	0.5367199213613094
0.17817700460169458	0.287139628029241	0.5346833673690645
0.1819270107028305	0.2883783445133366	0.529694644783833
0.1819975743999091	0.2756689610583899	0.5423334645417011
0.17770720557899392	0.2863423121877823	0.535950482233224
0.17545065979459482	0.2873178184326633	0.537231521772742
0.17914534903218896	0.2797752540268865	0.5410793969409246
0.1783958297146666	0.2848078992213646	0.5367962710639689
0.17657913775029588	0.27874165228310716	0.5446792099665971
0.17462844209020476	0.2834683199236226	0.5419032379861728
0.1790329641255173	0.2765723196513532	0.5443947162231296
0.18086074251292125	0.2904233793074641	0.5287158781796147
0.17723622978511794	0.287705033775521	0.5350587364393612
0.1809988219176743	0.276911975597769	0.5420892024845568
0.1749833189810918	0.2929636901784089	0.5320529908404994
0.17581872317630673	0.2840112939507632	0.5401699828729303
0.18226430307248764	0.27704954421504624	0.5406861527124662
0.17878475027873153	0.2938670372004708	0.5273482125207978
0.17630246147993664	0.2835874761763442	0.5401100623437193
0.17462700010213195	0.2944608037157934	0.5309121961820747
0.1805685595155054	0.28765940008181073	0.531772040402684
0.17466945319235166	0.2907516619051482	0.5345788849025003
0.1788766808393827	0.29669207629215255	0.5244312428684649
0.17527383887002285	0.297305809807621	0.5274203513223563
0.18052330864496058	0.27754945743276044	0.5419272339222792
0.18231324519200015	0.27960705735987273	0.5380796974481272
0.17571163072688228	0.2842647114050288	0.540023657868089
0.17541042189699466	0.2937608577717195	0.5308287203312859
0.17507998798695665	0.2867797281076263	0.5381402839054171
0.17544183879651104	0.28074888094198835	0.5438092802615008
0.1751237900066641	0.2867545759276514	0.5381216340656846
0.17460071615735964	0.2968373235818748	0.5285619602607656
0.17808144494030004	0.29646788253412204	0.5254506725255781
0.18098335497741236	0.28199828334570015	0.5370183616768875
0.18188730191157645	0.2868145643267021	0.5312981337617215
0.17491295288662898	0.28263999031716625	0.5424470567962049
0.17551029871167284	0.2789884929609984	0.5455012083273288
0.179528587696611	0.27754523475409504	0.5429261775492941
0.1779975256518494	0.275916404713488	0.5460860696346628
0.1802563716643831	0.28394792386093093	0.535795704474686
0.18185526917194186	0.2841667712602572	0.533977959567801
0.17451280324901958	0.28963475195789484	0.5358524447930857
0.177459167428754	0.2933217528476443	0.5292190797236018
0.17916290509858043	0.29245929294958906	0.5283778019518306
0.17455409995958815	0.2897641078944927	0.5356817921459194
0.17812575359837896	0.28577130798040284	0.5361029384212184
0.18081305865787414	0.28963983920197633	0.5295471021401497
0.17967168677244005	0.29346738143137546	0.5268609317961845
0.18228619245907432	0.27315908108943865	0.5445547264514872
0.1782913577420648	0.2781306795410459	0.5435779627168894
0.18152662096699254	0.2851319260761239	0.5333414529568836
0.17757399589102366	0.287150673982675	0.5352753301263015
0.17604589702437745	0.2933883814634732	0.5305657215121495
0.1786166427585218	0.2827883371016805	0.5385950201397978
0.1820023096429101	0.28354692809692533	0.5344507622601646
0.1817596484967765	0.2835836467932732	0.5346567047099504
0.1752021309378904	0.292281984911164	0.5325158841509458
0.17496704233903687	0.2999529036837924	0.5250800539771708
0.17511651320659474	0.2812981379001281	0.5435853488932773
0.17582488731945273	0.28146602443148555	0.5427090882490618
0.1818414519993754	0.28764089226318046	0.5305176557374442
0.1784274100967335	0.2765220417108028	0.5450505481924639
0.17989187834762674	0.27437514135151847	0.5457329803008549
0.17822897673089505	0.2823985669735543	0.5393724562955508
0.17970675802160013	0.2746887439220236	0.5456044980563765
0.18178831899748504	0.27633242724566587	0.5418792537568492
0.1783258890659038	0.29150548744492544	0.5301686234891709
0.18067770143029985	0.28470778061274726	0.534614517956953
0.18091098867036182	0.2793679405384019	0.5397210707912363
0.18185202653082375	0.2868774061393179	0.5312705673298586
0.17657451310379144	0.2825216387708375	0.5409038481253712
0.18017495127431774	0.2876345678197507	0.5321904809059317
0.18183157497747904	0.2868024454528485	0.5313659795696726
0.1807401853891709	0.2875744490245326	0.5316853655862966
0.1794400523534377	0.2869643545893503	0.533595593057212
0.1742468557793906	0.2826773028225194	0.5430758413980901
0.17846481655457966	0.29478099969905336	0.5267541837463672
0.17519672825906246	0.2854400378821728	0.5393632338587648
0.17568327588399985	0.282098333502899	0.5422183906131013
0.17461654791247766	0.2794811800147737	0.5459022720727488
0.18177406687252212	0.2798650039063992	0.5383609292210788
0.18077704678870055	0.2834530916339367	0.5357698615773628
0.1746236550104943	0.29675385374125	0.5286224912482558
0.1790258038688591	0.288494582998523	0.532479613132618
0.1791600385398094	0.2783211128255335	0.5425188486346572
0.17937436462612935	0.2913654092963378	0.529260226077533
0.17794339118159902	0.296010692547014	0.5260459162713871
0.17647265004413798	0.2899521685418285	0.5335751814140337
0.18042248157849028	0.282441469222274	0.5371360491992359
0.175936451328796	0.29282422749727577	0.5312393211739284
0.17575712215105863	0.2879651841256612	0.5362776937232803
0.18214069118905424	0.28627676693091914	0.5315825418800267
0.17648446729635967	0.285846013001833	0.5376695197018075
0.17892113128213427	0.28504221871843083	0.536036649999435
0.18063493659510968	0.2945377664251835	0.524827296979707
0.17813175533439352	0.29498840704153134	0.5268798376240752
0.17877191893321454	0.2765690697190689	0.5446590113477167
0.17787771972601896	0.289466847820042	0.5326554324539392
0.17875395157943472	0.2891286477934608	0.5321174006271046
0.18020713309038858	0.29378809115326815	0.5260047757563434
0.17419524091162644	0.2987151952477114	0.5270895638406623
0.178732786735325	0.28429250749071333	0.5369747057739618
0.17596463940078153	0.2861978931058039	0.5378374674934147
0.18047575117759718	0.27757445009745524	0.5419497987249478
0.18113038435512036	0.29023283268369077	0.528636782961189
0.17455553695721424	0.2952396684663362	0.5302047945764496
0.1797708185680211	0.2918608758281686	0.5283683056038104
0.18034868616877597	0.27908234615528477	0.5405689676759394
0.18049670316562896	0.2734916034981475	0.5460116933362237
0.1761038463216853	0.298721903281446	0.5251742503968688
0.17817321913186407	0.2933826082872722	0.5284441725808638
0.1794995413792702	0.29169089044196517	0.5288095681787647
0.1807329540982031	0.28839880724787753	0.5308682386539194
0.17564993941435858	0.3004706463169446	0.5238794142686969
0.17647278705977462	0.28969313280314063	0.5338340801370849
0.17855609302732467	0.2836499150583328	0.5377939919143426
0.17704342183938124	0.2839399732712189	0.5390166048894001
0.18045055366384258	0.28925007498998806	0.5302993713461694
0.1804503930754128	0.28219153004233	0.5373580768822573
0.1754179870604224	0.29620598167500944	0.5283760312645682
0.18017082669548623	0.29562446804502696	0.5242047052594869
0.17419389638301194	0.2863913447487272	0.539414758868261
0.17652340928628588	0.2828566192985328	0.5406199714151814
0.17428934079616187	0.28191482328723666	0.5437958359166016
0.17922100668890567	0.29590048831876786	0.5248785049923266
0.17574531219844988	0.29312701204001046	0.5311276757615397
0.18145926483950184	0.2788300927055344	0.5397106424549639
0.1807565986441493	0.2804970120924446	0.5387463892634062
0.17630889153951665	0.28725999613384684	0.5364311123266366
0.17874140787651466	0.28212282793237625	0.5391357641911092
0.17758171691821417	0.28873621366923274	0.5336820694125533
0.18207627119700925	0.2863634914225029	0.531560237380488
0.17706387841863727	0.2833097071205233	0.5396264144608396
0.17501544545565922	0.3009475615404865	0.5240369930038544
0.18030484960080287	0.2767944046707953	0.542900745728402
0.17563066267350733	0.2860618232050067	0.538307514121486
0.18101836863061527	0.2901036998657263	0.5288779315036585
0.17930628329663956	0.2939268278156028	0.5267668888877577
0.1747137593873977	0.2841412644570825	0.5411449761555199
0.17718854557485733	0.29339346875709815	0.5294179856680445
0.1811449205676925	0.289742290394677	0.5291127890376306
0.17545209794476127	0.2956362897048148	0.528911612350424
0.1764821971886924	0.2794984004810724	0.5440194023302353
0.17560570904404427	0.28773705206268047	0.5366572388932754
0.1822417575496236	0.2793247143572876	0.538433528093089
0.18065318926499205	0.28927304791434383	0.5300737628206642
0.18127634215721994	0.2929187947060754	0.5258048631367047
0.1798608666808024	0.29304763007563905	0.5270915032435586
0.1776858356978604	0.2951873986872151	0.5271267656149246
0.1762344802712617	0.2886096618261788	0.5351558579025595
0.17582909403478522	0.2798475973254238	0.5443233086397912
0.17742211636838098	0.2888626942960482	0.5337151893355709
0.17842057979919854	0.2950526205075753	0.5265267996932262
0.1762263253269908	0.29913436430946544	0.5246393103635438
0.17638568680533845	0.2998208230122068	0.5237934901824549
0.17596300155008887	0.2969592508170788	0.5270777476328324
0.1803496177379044	0.2929766708535957	0.5266737114085001
0.17993562282128428	0.28076798026284616	0.5392963969158697
0.17810976618470348	0.279070167082529	0.5428200667327676
0.1770407430827879	0.29883850292846426	0.524120753988748
0.1785255803511744	0.2831283537165881	0.5383460659322377
0.17764462194433644	0.28186873855353045	0.5404866395021333
0.1800817111304468	0.29417739856039005	0.5257408903091633
0.1747718523964433	0.2986169416342425	0.5266112059693143
0.17790538304958134	0.2876056437272923	0.5344889732231265
0.18067134150678885	0.28237191826334834	0.536956740229863
0.17899043633169895	0.28890737589533466	0.5321021877729665
0.1787424989410479	0.29369839703432415	0.5275591040246281
0.17589885761690038	0.290242769785059	0.5338583725980408
0.17464292922358962	0.28212929352192406	0.5432277772544865
0.17890655696863375	0.27835563421202275	0.5427378088193436
0.17440364756611318	0.2935045245855199	0.5320918278483671
0.17726858422036723	0.2821027336958404	0.5406286820837924
0.18138234038044646	0.29006487339377757	0.5285527862257761
0.1749223296676733	0.282937078243613	0.5421405920887138
0.18031961411736397	0.2830933796074611	0.536587006275175
0.17478671517413594	0.2938152412248315	0.5313980436010327
0.1783427167429646	0.2971203556698517	0.5245369275871838
0.17511216713010927	0.28913290028302496	0.5357549325868659
0.1756191008422161	0.2908219086889022	0.5335589904688818
0.17832859010220886	0.28304885480127107	0.5386225550965202
0.1790052793521704	0.2922718003837327	0.5287229202640971
0.18045302889607023	0.2824201792141316	0.5371267918897983
0.18185373571510569	0.2804300727871407	0.5377161914977537
0.17464610497237404	0.2790910433774241	0.5462628516502019
0.17686310286443643	0.2808037972762454	0.5423330998593183
0.17988714261791727	0.28815242917198114	0.5319604282101017
0.1812387207839778	0.28331838144097277	0.5354428977750495
0.18156328815642023	0.28115739654138056	0.5372793153021993
0.17587589239198212	0.29040505728675725	0.5337190503212608
0.17702431598357574	0.29608552112332664	0.5268901628930978
0.1756058624783706	0.29121536255210634	0.5331787749695232
0.1766033433693833	0.29947524124677777	0.523921415383839
0.1776875248749967	0.28204228278598725	0.5402701923390162
0.175246315779012	0.28175578558835257	0.5429978986326356
0.17530255892219634	0.27936843660278243	0.5453290044750214
0.17676356411859886	0.2888468203074067	0.5343896155739946
0.18170393951574398	0.2793453760444085	0.5389506844398476
0.18209502692393975	0.2721223612948113	0.545782611781249
0.18227261413275792	0.2803793601002071	0.5373480257670351
0.17628072008012174	0.2892725524581168	0.5344467274617616
0.174324551252495	0.2951140525614503	0.5305613961860548
0.17882407653501362	0.29441881320370433	0.5267571102612821
0.1793768732015033	0.2865475473625945	0.5340755794359022
0.17869769933770221	0.2778139128520339	0.543488387810264
0.1786746412440153	0.27571515152362697	0.5456102072323579
0.18013524445459766	0.29274991167049136	0.5271148438749111
0.1786894578714135	0.2910586669593466	0.53025187516924
0.17665044878448982	0.2892214125478861	0.5341281386676242
0.17606285571312472	0.28719447814496	0.5367426661419153
0.17448024486493052	0.2833332097086214	0.5421865454264482
0.18036997555266182	0.27463607897387	0.5449939454734682
0.17793169636208128	0.2874008828932733	0.5346674207446456
0.1784290623769574	0.2807900362859486	0.5407809013370941
