0.19045535552694076	0.5675986078108635	0.2419460366621959
0.1912713901288378	0.5664909907378843	0.242237619133278
0.19080774283897406	0.5694044174290895	0.23978783973193657
0.18929952818569132	0.566675905255024	0.24402456655928478
0.19082644684128455	0.5697123744991319	0.23946117865958358
0.18968963285099746	0.5653865495507585	0.24492381759824414
0.1906703575793109	0.5656865603634094	0.24364308205727986
0.1895505125279833	0.5667188269980609	0.243730660473956
0.19006899168047953	0.5663629936917324	0.2435680146277882
0.19122602659754004	0.5682710161501179	0.2405029572523422
0.18957644674565752	0.5654877677145922	0.24493578553975037
0.18972448192468516	0.5657358223176332	0.2445396957576817
0.19005896555627366	0.5655802845706258	0.24436074987310064
0.190447347370514	0.5650475138793947	0.2445051387500914
0.1902835936500721	0.5652674414683272	0.2444489648816009
0.18948795883203826	0.5655976327030305	0.2449144084649313
0.18931322708299148	0.5670555343842483	0.24363123853276036
0.19037615069354305	0.5662380561920214	0.24338579311443564
0.191322011843587	0.5656704134758859	0.2430075746805273
0.19128888413403308	0.566165257589476	0.24254585827649097
0.18987949921239522	0.56506871329924	0.24505178748836484
0.19088754142958594	0.5670007430290873	0.24211171554132682
0.1897891516405705	0.5689569537561557	0.2412538946032739
0.19013660638481542	0.5695991085088525	0.2402642851063321
0.19059099950444308	0.567290864471951	0.2421181360236061
0.19015552640548306	0.5661101425535886	0.24373433104092854
0.19115301507841134	0.568543221450313	0.24030376347127583
0.18940641316059456	0.5685754463483821	0.2420181404910235
0.18941326349154158	0.5683010427723126	0.24228569373614586
0.18931446223833365	0.5668719514132945	0.243813586348372
0.1902936793607718	0.5669969810317097	0.24270933960751861
0.18955834277813555	0.5694242540504784	0.24101740317138623
0.1893344917516754	0.5675020914911256	0.24316341675719913
0.19030706677323245	0.5663521686011558	0.24334076462561188
0.19070051906524496	0.5665956488198445	0.24270383211491062
0.19055468739755915	0.5682181664570247	0.24122714614541627
0.19009467886450154	0.5688520842603019	0.24105323687519667
0.19054947587674903	0.5673233749818373	0.24212714914141387
0.19024556353941624	0.5681652445368245	0.24158919192375936
0.19061157663222483	0.5673387732543196	0.2420496501134557
0.19136011694797175	0.5677259670158039	0.24091391603622442
0.18994175437786598	0.5680812627218109	0.2419769829003232
0.19017891425199082	0.5687033007549348	0.24111778499307449
0.19070374405966	0.5675592397200261	0.241737016220314
0.19139374022520217	0.56598582606901	0.24262043370578795
0.1910737858119424	0.5666857573019733	0.24224045688608442
0.18928504484765235	0.5691838661421579	0.24153108901018988
0.1893459029350916	0.5677421904926329	0.24291190657227568
0.19033601279336293	0.5652573185251301	0.24440666868150712
0.19049771740898894	0.5689710128862755	0.24053126970473565
0.18954191219339228	0.5659296602031245	0.2445284276034833
0.19018214437808434	0.5688718600729381	0.2409459955489776
0.19002850119319983	0.5669876093775177	0.24298388942928253
0.19116349501146426	0.5676259948280458	0.24121051016049003
0.19124529680851116	0.5683801228550664	0.24037458033642245
0.1913474216490805	0.5662357982528508	0.24241678009806883
0.1905718021329421	0.5697117570344282	0.23971644083262977
0.18955651523493444	0.567535079603188	0.24290840516187762
0.18979303043058726	0.5658277918314373	0.24437917773797557
0.19059964864138706	0.5657054120046741	0.24369493935393904
0.19023855083500674	0.5681753326346979	0.24158611653029552
0.19081279001319246	0.5668426474870003	0.24234456249980735
0.18997582303403676	0.5677437273336862	0.24228044963227716
0.18945744918456991	0.5668584489586108	0.24368410185681944
0.18970433651311464	0.5676862509072335	0.24260941257965202
0.1892753837180859	0.5664908583494352	0.24423375793247895
0.18998527867297346	0.5697775870385666	0.24023713428846002
0.19099125936431177	0.5694299651895465	0.23957877544614187
0.1896358129248036	0.5677629729117174	0.24260121416347913
0.18968977314005583	0.569259313704212	0.2410509131557323
0.1904062945496816	0.5693664991188192	0.24022720633149938
0.19130562139449211	0.5681885842720471	0.24050579433346098
0.1907193816278676	0.5668373339923487	0.24244328437978374
0.1905340909151404	0.5677278673028808	0.24173804178197883
0.18997693725851228	0.5659700675607209	0.244052995180767
0.19022066610810887	0.5692294223586204	0.24054991153327082
0.1894005271932296	0.5658031873267406	0.24479628548002996
0.19122296061120495	0.5657795235546663	0.2429975158341289
0.19087664915063227	0.5690892704701739	0.240034080379194
0.18939213162836535	0.5657383486704897	0.24486951970114518
0.1913013854512424	0.5675776774607906	0.24112093708796717
0.1911184510038692	0.5680370508678809	0.24084449812824998
0.1912697642269759	0.56906263675199	0.2396675990210343
0.1902538887350073	0.5657373917670185	0.2440087194979743
0.19047648836225373	0.5696084210009963	0.23991509063675012
0.19105229332408508	0.5673935093594287	0.24155419731648636
0.19009137239862853	0.5682306009008155	0.2416780267005562
0.19100756649175316	0.5662685221142881	0.24272391139395882
0.19044715955022276	0.5672410585266917	0.24231178192308564
0.1913238738409935	0.5677282381175608	0.24094788804144587
0.19120799390730486	0.5692203893825623	0.23957161671013305
0.19062403874387998	0.5669134157154768	0.24246254554064328
0.19104725372170922	0.5654908587314355	0.24346188754685544
0.1912543130310894	0.5650691076538956	0.24367657931501507
0.1906028261522123	0.5675502327012119	0.2418469411465759
0.1901211583453862	0.5669649220379105	0.2429139196167034
0.1898262592677705	0.5688796832074001	0.24129405752482952
0.1897515833320046	0.5651446870786686	0.24510372958932694
0.19031598575569325	0.5696243679665463	0.2400596462777606
0.19022830348908737	0.566552752636127	0.24321894387478574
0.1893981585383842	0.5687261473361075	0.24187569412550847
0.18952179744199762	0.5651570535827483	0.2453211489752542
0.19011530480983196	0.5668412504211602	0.24304344476900802
0.19089455923215082	0.5670858029547309	0.24201963781311842
0.1908553593127972	0.566855549830298	0.24228909085690498
0.19013085917956013	0.5677976649907092	0.24207147582973082
0.18997760156592153	0.5686550022984641	0.24136739613561445
0.18957685668226587	0.5696097395160791	0.24081340380165517
0.1906328608245915	0.5668000046562669	0.24256713451914175
0.1902011447991882	0.5680719129125211	0.24172694228829078
0.18985321446244563	0.5689866213770449	0.2411601641605095
0.19095074302169077	0.5681798407071951	0.24086941627111425
0.1897454085021905	0.5654181476658432	0.24483644383196645
0.1902791318809136	0.5652526296550179	0.24446823846406865
0.1897514098327355	0.5682209224128578	0.24202766775440682
0.18989347428426673	0.5655986691656458	0.2445078565500876
0.1892574417486434	0.5665378379912323	0.24420472026012452
0.19070090043728838	0.5696825410821136	0.23961655848059815
0.1908559296864522	0.5695012156337145	0.23964285467983343
0.18940200869027446	0.5666008698761312	0.24399712143359442
0.19088893749649619	0.5649883112700698	0.24412275123343416
0.1893206397628355	0.5666712051269454	0.24400815511021928
0.190623166585748	0.5655298277951002	0.2438470056191519
0.18943331043455783	0.5674097369873855	0.2431569525780568
0.19070868575155667	0.5667137202012968	0.2425775940471466
0.1897064663626276	0.5653673557670212	0.24492617787035126
0.19017748263865583	0.5672911783090667	0.24253133905227756
0.19024316277906975	0.5670464670602577	0.24271037016067262
0.18970310384552122	0.5655239756689173	0.2447729204855616
0.19109173842944757	0.5685084742822273	0.24039978728832526
0.18928711540566337	0.5667568525654118	0.24395603202892496
0.18953540042952413	0.5695537735140088	0.24091082605646713
0.18992554633272624	0.5686458631742576	0.2414285904930163
0.1912677346136533	0.5691691310310418	0.23956313435530505
0.18992759366486198	0.5649976001740905	0.2450748061610476
0.19003085027932565	0.5662019656340183	0.2437671840866562
0.18997807165826508	0.5668185639153748	0.24320336442636026
0.190927567303271	0.5684341233720676	0.24063830932466157
0.18965719471126885	0.5676182610816146	0.24272454420711664
0.18996920835638365	0.5691168298333681	0.2409139618102484
0.18996877676810822	0.568412461872688	0.24161876135920396
0.19095697440825884	0.5662327203010411	0.24281030529070025
0.18934571117031107	0.5690675095409713	0.24158677928871772
0.18928057001462706	0.5666554503531762	0.24406397963219678
0.19084010162068432	0.5649789788223444	0.24418091955697144
0.19070633996607242	0.5682577159572495	0.24103594407667814
0.19029634985325533	0.5696199612398883	0.2400836889068565
0.1897554387901696	0.5672267683691112	0.24301779284071928
0.19136211837324063	0.5670747953580143	0.2415630862687452
0.18976059337684986	0.5667974673008729	0.24344193932227742
0.19100552818117328	0.5661431024062937	0.2428513694125331
0.1893804455505859	0.5653593621338237	0.2452601923155906
0.18963223283093283	0.5665433439484193	0.24382442322064796
0.19060371002970156	0.5678518615507191	0.24154442841957938
0.19043708507299728	0.5669874594251298	0.24257545550187296
0.19086713321158238	0.5696733546724715	0.23945951211594624
0.19068075617272037	0.5671652782834906	0.2421539655437891
0.19103285309692858	0.5683366043542539	0.24063054254881755
0.18961944320801158	0.5668566803438209	0.2435238764481677
0.19044538607987238	0.5655021594291146	0.24405245449101312
0.19030016995009935	0.5664520640940445	0.2432477659558563
0.19035101878827448	0.564938104455354	0.24471087675637165
0.18923146784087183	0.5689949821590493	0.241773550000079
0.19012956676151777	0.5682442751171365	0.24162615812134586
0.19060890626684998	0.5687965175962784	0.24059457613687174
0.18948920072486103	0.5658213862846945	0.24468941299044458
0.19016993873466634	0.5673181399454369	0.24251192131989688
0.18953803310706396	0.5658751038049781	0.24458686308795813
0.18936301098479857	0.5675724717103996	0.24306451730480189
0.19026465475829052	0.5681722637790166	0.241563081462693
0.1893968078860368	0.5690732720653792	0.24152992004858415
0.19021844437305274	0.5692938408516893	0.24048771477525804
0.19087196797220218	0.5689411360699672	0.24018689595783066
0.19025849165749442	0.5664825482453704	0.24325896009713532
0.19063969239009512	0.5688244734919378	0.2405358341179672
0.190722364975152	0.5682052953280384	0.2410723396968097
0.19086298292835793	0.5688197673776236	0.2403172496940186
0.19077388292314834	0.567394357607535	0.24183175946931676
0.19124221553183504	0.5654374968226259	0.24332028764553912
0.18971264432601614	0.5666048741890972	0.24368248148488675
0.18928526149000063	0.568565669012468	0.24214906949753146
0.19114208094468893	0.5650468585054411	0.24381106054987012
0.19127918135418415	0.5684041617690334	0.24031665687678253
0.19088395311228898	0.5652735093576999	0.24384253753001117
0.18984492949363524	0.5688882519830005	0.2412668185233643
0.18961660160115845	0.565444815076067	0.24493858332277463
0.18933473812314094	0.5696425471927763	0.24102271468408287
0.1898587803710913	0.5664552832063552	0.2436859364225537
0.19048077994115828	0.5684982047388687	0.2410210153199731
0.1893411154288219	0.5685933923440829	0.24206549222709536
0.1894937218322833	0.5693595570105976	0.2411467211571192
0.19089338802475952	0.5685243334422484	0.24058227853299222
0.1898228186371267	0.5688711378933041	0.24130604346956935
0.19008069390501103	0.5672333300082202	0.24268597608676895
0.18946209939655007	0.5696103891977936	0.24092751140565644
0.19067397640141473	0.5667723649980598	0.24255365860052563
0.18953148466614186	0.5665009631530956	0.2439675521807627
0.19088399747851603	0.5664859472255179	0.2426300552959662
0.19013453236495126	0.5684559900534	0.2414094775816489
0.19100845777887762	0.5662726942246903	0.24271884799643223
0.1912143896305281	0.5675864479429467	0.24119916242652537
0.19099046900938496	0.5660887854882579	0.2429207455023572
0.19089125624252168	0.5683398557906081	0.2407688879668704
0.18926925774944353	0.5662787536894245	0.24445198856113204
0.19105276326893034	0.5663381500956711	0.24260908663539865
0.19017903921042786	0.565157190149916	0.2446637706396562
0.19055867896197332	0.5653668432259888	0.2440744778120379
0.1909513701737952	0.5659356407082226	0.2431129891179824
0.18922837125548836	0.5679412014537382	0.24283042729077361
0.19048518568477785	0.5694086064627807	0.2401062078524416
0.19139346207298683	0.5666773832620478	0.24192915466496548
0.19118277537882533	0.5689610133767116	0.2398562112444632
0.18929462207670283	0.5662637546744159	0.2444416232488814
0.19053242572999457	0.5696994228145428	0.23976815145546276
0.19045258781385627	0.5658220821008192	0.2437253300853247
0.1905099910911169	0.5655057513638904	0.2439842575449928
0.19080818954736412	0.5675698771017683	0.24162193335086776
0.1903594254242479	0.5696463166330948	0.23999425794265733
0.19060245947950408	0.5692386775139316	0.24015886300656444
0.19032555505649665	0.5693874900807923	0.24028695486271115
0.18953878866742385	0.5664810212165448	0.24398019011603148
0.190699656537648	0.5666117544942227	0.2426885889681294
0.19112633711361132	0.5661983124259311	0.24267535046045774
0.18924005884994866	0.5666757410329593	0.24408420011709225
0.18971926717233847	0.5650001353620852	0.24528059746557646
0.1898852300722593	0.5679553030310025	0.24215946689673823
0.18953399326122208	0.566847286100535	0.24361872063824302
0.1905588774232338	0.5673554682855538	0.24208565429121245
0.1901603733223518	0.5649148795708121	0.2449247471068362
0.19083463697431233	0.5674975303148623	0.24166783271082554
0.19077601266262736	0.568984945555217	0.24023904178215583
0.18962668218681789	0.5693797914308317	0.2409935263823505
0.19035101483937272	0.5658131520837855	0.2438358330768419
0.1899022744693616	0.5695706033770123	0.24052712215362626
0.19025773154355413	0.5695365226191491	0.2402057458372968
0.18981733099745482	0.5675193252230248	0.24266334377952042
0.19049417714921596	0.5674417237010546	0.2420640991497295
0.19126835015613836	0.5689159587936428	0.23981569105021897
0.1907626262821316	0.5674972095915202	0.2417401641263484
0.18986336210502505	0.5670012806046302	0.24313535729034488
0.19122088327282677	0.566783647943155	0.24199546878401837
0.19100320481131194	0.5694629756704594	0.23953381951822866
0.19048545770559538	0.5656444157105436	0.2438701265838611
0.19066786887763626	0.5658826840678464	0.24344944705451743
0.1896454560024725	0.5677983945264364	0.24255614947109114
0.18977499753894383	0.5682045580250448	0.24202044443601153
0.1913867842145012	0.5684950163905743	0.2401181993949246
0.19005930139439337	0.5660537197202902	0.2438869788853166
0.19023031266615398	0.565406334501724	0.24436335283212227
0.18988553010378617	0.5679186228297556	0.24219584706645836
0.18972109124938114	0.5651619604046227	0.24511694834599623
0.18923298161046775	0.565495705486898	0.24527131290263435
0.19137290080076066	0.5653502357622517	0.24327686343698765
0.18977404703637918	0.5689301377020369	0.241295815261584
0.18966670024052187	0.5662236868549404	0.24410961290453778
0.19077719210097274	0.5677483537502725	0.24147445414875487
0.19052778108185925	0.568493566678257	0.2409786522398838
0.19083803792966073	0.5655600996233611	0.24360186244697832
0.19060944504867944	0.5677605946854416	0.2416299602658791
0.19130337563070787	0.5687569248548945	0.23993969951439773
0.18982427410304054	0.565040281916102	0.24513544398085754
0.19091534788859882	0.5665970238089315	0.24248762830246978
0.19029235390845314	0.566233480526291	0.24347416556525606
0.19053838830439912	0.568386494557878	0.24107511713772292
0.19118805885482396	0.5666350856055018	0.24217685553967433
0.19109967940451253	0.5679504017130992	0.24094991888238845
0.18955518364139978	0.5657534042147826	0.24469141214381773
0.189417759122473	0.5656103852048537	0.24497185567267338
0.19045605470928567	0.5650398567267216	0.24450408856399286
0.19084729624297828	0.5670070374436316	0.24214566631339027
0.18965211886092567	0.5683551262000969	0.2419927549389776
0.18938897629025725	0.568506687017559	0.24210433669218384
0.18994534780920586	0.5669268605242735	0.2431277916665207
0.19037371262552286	0.5689715620475653	0.240654725326912
0.19017827667039533	0.5691987977756795	0.24062292555392525
0.19055348613912498	0.5691132895474953	0.24033322431337986
0.19087168992414602	0.5693223833289803	0.23980592674687382
0.1906547680654498	0.5649818786858484	0.24436335324870198
0.18972062464647169	0.5660366778541581	0.24424269749937033
0.18979231863829496	0.5691696938074721	0.24103798755423306
0.19050974521652417	0.5690162995198105	0.24047395526366547
0.19079049343150617	0.5664775641521633	0.24273194241633061
0.1904376687325314	0.5668668870954692	0.24269544417199945
0.19124499840894876	0.5678086529960529	0.2409463485949985
0.19051842658090407	0.5691512609853575	0.2403303124337385
0.1896173250971864	0.566372727554322	0.24400994734849168
0.18922047393707356	0.5693022132164574	0.24147731284646914
0.1905522642836681	0.5656937089765496	0.24375402673978241
0.1897676984762204	0.5665072992498704	0.2437250022739093
0.1898880430495235	0.5697036448599412	0.24040831209053543
0.18975256503411972	0.5655542230423274	0.24469321192355306
0.18953608069100922	0.5683529530503622	0.2421109662586287
0.18978844787483257	0.5651736757292978	0.24503787639586982
0.19045445241615633	0.5677567031254704	0.24178884445837343
0.19123328031390707	0.5666432495640141	0.24212347012207894
0.18975291393099825	0.5649193632760857	0.2453277227929162
0.1898938334239465	0.5690013778022531	0.24110478877380048
0.1893545930213375	0.5662347522920828	0.2444106546865798
0.19050809571455912	0.5691480181624653	0.24034388612297564
0.18978458635337836	0.5664856794690052	0.24372973417761656
0.1909874731575804	0.565417517628584	0.24359500921383564
0.1907634551553721	0.5697684794420648	0.23946806540256318
0.1906187719952209	0.5653893276906894	0.24399190031408974
0.18935420214116452	0.5685197027878679	0.24212609507096766
0.19090367314303114	0.5655408050522279	0.2435555218047411
0.18949954087760748	0.5663220801219762	0.24417837900041656
0.19088911774288925	0.5666851300682423	0.24242575218886853
0.19080217718175238	0.5664236109506708	0.2427742118675769
0.19025417576671105	0.5678472338358332	0.24189859039745581
0.18982512179952754	0.5689160379622391	0.24125884023823346
0.1894303882945134	0.565366017525295	0.24520359418019172
0.1897660438649825	0.5681495256185755	0.24208443051644213
0.1899995452454959	0.569676510075352	0.2403239446791522
0.19068427316806508	0.5690939583707213	0.24022176846121368
0.19137896527270024	0.5688884742509168	0.23973256047638303
0.19062570376691398	0.5656299854522316	0.24374431078085446
0.19006162537350418	0.5689287141016276	0.24100966052486836
0.19017018594529245	0.567297635580106	0.24253217847460168
0.19082098146799936	0.5670047061828888	0.242174312349112
0.18971974201569478	0.565966196739486	0.2443140612448194
0.18928232917397825	0.5675909123371172	0.24312675848890464
0.19038525362596506	0.5658687608804691	0.24374598549356596
0.1906394126000439	0.5678143476763122	0.24154623972364392
0.19063499989040567	0.5656965666993325	0.2436684334102619
0.19078466660319157	0.5677235412052554	0.24149179219155317
0.18993303145814927	0.5656841007304851	0.24438286781136564
0.19085910597125305	0.5667584335039939	0.24238246052475315
0.19007919949466778	0.5690552518931191	0.24086554861221326
0.19115462857738857	0.5653316492960798	0.2435137221265317
0.18975620929029005	0.5677304912294701	0.24251329948024006
0.1908711002005134	0.5676288390767116	0.2415000607227752
0.18952507612974057	0.5668290031801768	0.24364592069008265
0.1906612477039611	0.5687078450206762	0.2406309072753629
0.19091330909354337	0.5672441284464013	0.24184256246005548
0.18928033158843366	0.5691264531169562	0.24159321529461028
0.1908998904360322	0.5668730079455957	0.24222710161837227
0.1906049291106345	0.5655567890784688	0.24383828181089678
0.19093193375088824	0.569152614428143	0.2399154518209689
0.1913588882623476	0.5684396642943348	0.24020144744331773
0.19054342709025848	0.565951300632509	0.24350527227723262
0.18974005420679027	0.5692533848802326	0.2410065609129773
0.19072736577406038	0.5651478346373345	0.24412479958860517
0.1896284164303653	0.5678498484031202	0.24252173516651457
0.1895025264412818	0.5651462375723518	0.24535123598636654
0.18964879794758796	0.5684286729177939	0.24192252913461826
0.18961412797806884	0.565317119217589	0.24506875280434232
0.18999750361743495	0.5649336192304637	0.24506887715210152
0.18928818667519198	0.5690786862261176	0.24163312709869053
0.18971095564605137	0.5685821009170676	0.24170694343688115
0.1898181976415381	0.56574726578441	0.24443453657405195
0.1908743502059504	0.5660759963310932	0.24304965346295654
0.1899272493742428	0.5677139656105759	0.24235878501518146
0.18953535054795118	0.5680819945615316	0.24238265489051722
0.19105564220096677	0.5652064994943942	0.2437378583046392
0.190363583052913	0.5649122814950074	0.2447241354520798
0.19013960113347955	0.568494897644741	0.2413655012217795
0.18921900843655967	0.5659074703172147	0.2448735212462257
0.19034226118989328	0.5680499583526243	0.2416077804574825
0.18958231198034872	0.5662606663555718	0.24415702166407954
0.19133849748191634	0.5669054903138346	0.2417560122042492
0.18940731926487497	0.5673140363325216	0.2432786444026035
0.1902094788752995	0.5651331679850982	0.24465735313960252
0.18968573047957976	0.5657762271358951	0.24453804238452526
0.1909331645776594	0.5679266800117476	0.2411401554105931
0.18949089435539213	0.5686535385386513	0.24185556710595674
0.19111170854553902	0.5666772955895036	0.24221099586495737
0.19023860906499696	0.5697002922638825	0.24006109867112058
0.1900279565988384	0.5654954450291987	0.244476598371963
0.1912088027455251	0.5667408725950565	0.2420503246594186
0.19120103564729102	0.5689440446164155	0.2398549197362937
0.18987511153085715	0.5673205283190106	0.24280436015013235
0.19108997049523746	0.5690057691019996	0.23990426040276297
0.19056552803448112	0.5681933731144478	0.24124109885107112
0.19100668717705288	0.5685098565144808	0.2404834563084664
0.19003698741304398	0.5688198523844034	0.24114316020255278
0.18987617680224567	0.5688949318894311	0.24122889130832337
0.1900496800364774	0.5673264945398481	0.24262382542367467
0.18950336721247127	0.5667421302957678	0.24375450249176106
0.19109046030308516	0.5682782907387786	0.24063124895813637
0.1906825969064878	0.5688085103221008	0.24050889277141155
0.18958855969865135	0.5660943068216142	0.24431713347973463
0.19016167377901494	0.5694562282610238	0.24038209795996138
0.18982533499427656	0.5674393809845395	0.242735284021184
0.19055962309792324	0.5679450722027106	0.24149530469936634
0.18973199642601332	0.5690994859849259	0.241168517589061
0.19051744619927213	0.5660326053532727	0.24344994844745532
0.19089061512616076	0.5682641182549537	0.24084526661888567
0.1912181775721827	0.5691874930938641	0.2395943293339533
0.1893892870814015	0.5687309869361798	0.24187972598241875
0.190397668812071	0.569353014017755	0.2402493171701741
0.18990732557083942	0.5694344973532037	0.240658177075957
0.18953558861962105	0.5690063317262362	0.24145807965414284
0.19051829349070745	0.5655323821086295	0.24394932440066314
0.19060780869075689	0.5694442457919162	0.2399479455173271
0.19099716749711707	0.5653280553338588	0.24367477716902428
0.1908166632670777	0.5659624586401306	0.24322087809279186
0.19052044662182477	0.5690501414767041	0.24042941190147127
0.18945216122517758	0.566546734945598	0.24400110382922457
0.19074187654632568	0.568473128006529	0.2407849954471454
0.1895098506362097	0.5672383897976276	0.2432517595661628
0.19126294025346718	0.5672195202599837	0.2415175394865492
0.1898918419988307	0.5696209898981583	0.24048716810301113
0.1906695820673544	0.5658897077461797	0.24344071018646596
0.19009760160757647	0.5665741039064136	0.24332829448600998
0.1912675559000314	0.5673145160725999	0.24141792802736883
0.18942121109287535	0.5682826105342548	0.24229617837286999
0.19116847046314137	0.565728419472799	0.24310311006405977
0.18985728726505857	0.5669823927784263	0.24316031995651521
0.19091116404384972	0.5672330376637814	0.24185579829236895
0.1908267719305044	0.5670304813591205	0.24214274671037522
0.18952144469024132	0.5663920408262738	0.244086514483485
0.19100339448280587	0.5659997169418609	0.24299688857533336
0.19083448850238718	0.5649712548242928	0.24419425667332018
0.1912594309333145	0.5678698141142235	0.24087075495246202
0.19065938471874574	0.567966490134796	0.24137412514645828
0.19103107168085662	0.5670690167133752	0.24189991160576826
0.19095408831420163	0.5685147055677127	0.24053120611808584
0.19091338649518086	0.5676113565896146	0.2414752569152047
0.18989974321677325	0.5663294069666953	0.24377084981653158
0.18931101965829575	0.5657456098832464	0.24494337045845793
0.18944933305286304	0.5687235054759161	0.24182716147122102
0.1911079309094974	0.5693497672164556	0.2395423018740472
0.18997978852045372	0.5663503221140925	0.24366988936545383
0.18993099058618032	0.5666896937971639	0.24337931561665588
0.18940051113345	0.5676716929663438	0.24292779590020638
0.190537678283693	0.5655468421482971	0.24391547956801002
0.19090864236855162	0.5666061561997924	0.24248520143165606
0.1901052363286825	0.5693438199562839	0.24055094371503374
0.1908878809876077	0.568056207180949	0.24105591183144348
0.1894786236061222	0.5685856627612359	0.24193571363264207
0.19092213850894224	0.5670335715589754	0.2420442899320825
0.19053253774978163	0.5656334210258359	0.24383404122438262
0.18986098271320953	0.5663991424064831	0.2437398748803074
0.19078299229325288	0.5654027102088792	0.243814297497868
0.1904920413779645	0.5668637613862342	0.24264419723580144
0.19028390828299696	0.5663620090743425	0.24335408264266062
0.19065900386569834	0.5692237763044379	0.24011721982986386
0.1903905051766618	0.5690426032692579	0.24056689155408034
0.1895232803339685	0.5689080547777078	0.24156866488832382
0.19057291933685264	0.5676436958943509	0.24178338476879652
0.18999515681544935	0.5668974437418113	0.2431073994427395
0.1899853197166123	0.5683104560444804	0.24170422423890744
0.18944289110651258	0.5666548429105623	0.2439022659829252
0.18992375844772363	0.5658228707121149	0.24425337084016166
0.18934912274449495	0.5680860086519273	0.24256486860357787
0.1892088610352996	0.5687318245169586	0.24205931444774198
0.1904859351593562	0.5664688509005106	0.24304521394013334
0.1904072249421564	0.568123887457828	0.24146888760001567
0.19122437508493026	0.5666462584811403	0.24212936643392957
0.1905092116356871	0.5695045286488047	0.23998625971550833
0.19044008167980508	0.5687711451301555	0.2407887731900396
0.19138175024777793	0.5678976329136347	0.24072061683858753
0.1904747501747679	0.565651785149802	0.2438734646754302
0.18949808342606808	0.5661986335242475	0.2443032830496845
0.19085123703680112	0.5663169846162677	0.24283177834693137
0.19045550926905325	0.5648933975400391	0.2446510931909078
0.1897478439878162	0.5675909529833061	0.2426612030288779
0.18989595965980183	0.5694306368878547	0.24067340345234361
0.18965306686785965	0.5658996500978415	0.24444728303429902
0.19111195667266212	0.5659162220345995	0.24297182129273848
0.19068554637403493	0.5694194435634937	0.2398950100624715
0.19081000018685867	0.5688158750962174	0.24037412471692396
0.1909144333374726	0.5660141214815128	0.24307144518101476
0.19107456324427252	0.5690246234830962	0.23990081327263135
0.18990449717137264	0.5670685960671535	0.24302690676147393
0.19014962723611634	0.5651277552592009	0.24472261750468283
0.1906000497831128	0.567120737607907	0.24227921260898033
0.19116488555348987	0.5672007045682466	0.24163440987826373
0.19045692809863188	0.5681158167489838	0.24142725515238442
0.190800274467662	0.568462650557955	0.24073707497438313
0.18941372988365585	0.5675481159073761	0.24303815420896824
0.18983028805562352	0.5675197957389494	0.24264991620542722
0.19040542856876216	0.5653059835515875	0.24428858787965055
0.19127929977826091	0.5662030096062571	0.242517690615482
0.19076690186053422	0.569592919819732	0.23964017831973383
0.19093169492372014	0.5680436114184383	0.24102469365784165
0.18963048984161565	0.5687669882977011	0.24160252186068334
0.19031438183841426	0.5675702518160373	0.24211536634554862
0.1892636495417389	0.567543872968432	0.24319247748982917
0.18950113691624162	0.5685711908917548	0.24192767219200373
0.19054555220883962	0.5683723661720357	0.2410820816191248
0.19074919542805627	0.5663910396071247	0.24285976496481912
0.18985003324414218	0.5653251879627618	0.24482477879309614
0.19051536366135258	0.5657855245107134	0.24369911182793413
0.18944161182065136	0.5668456183204529	0.2437127698588958
0.1902024883655232	0.5663071451031184	0.2434903665313585
0.18957235171552764	0.5651945813953345	0.2452330668891379
0.19034912600974482	0.5671188212983925	0.24253205269186282
0.19077520514464677	0.5651479126509101	0.24407688220444318
0.19000328100826774	0.5692530748185687	0.24074364417316366
0.18920776725185456	0.5685070797270667	0.24228515302107884
0.19113828137264063	0.5675458089828518	0.24131590964450766
0.19025007612162895	0.5685987050304419	0.2411512188479293
0.18936914745279632	0.5685025313567449	0.24212832119045896
0.19040913924174185	0.5658384777076454	0.24375238305061286
0.19104096315525315	0.5689273058815782	0.2400317309631688
0.19110889548400298	0.5660211824502037	0.24286992206579347
0.1898651270181312	0.568125731810345	0.24200914117152392
0.19033411852820725	0.5687294905360554	0.24093639093573743
0.18944326626375227	0.5666600905338068	0.24389664320244092
0.1912763099590474	0.5649268767200276	0.24379681332092507
0.18921796342229127	0.5674115143058036	0.24337052227190523
0.19016138848296787	0.5656231303622896	0.24421548115474256
0.1908772666877806	0.5670715260282122	0.2420512072840074
0.1912481409677047	0.5691453116599435	0.23960654737235187
0.18962638870880344	0.5672377898851938	0.24313582140600287
0.1906196496468731	0.5681815470437928	0.24119880330933433
0.1899413983313094	0.5671645498727453	0.2428940517959454
0.19038360825051928	0.5679197938384799	0.24169659791100095
0.1894491260049037	0.5684839238127061	0.24206695018239033
0.19010207840657922	0.5672280911054538	0.24266983048796711
0.19021794304882841	0.5653139775782575	0.2444680793729142
0.1908284219206736	0.5677299741529929	0.2414416039263337
0.19003621089465264	0.5688321183469078	0.2411316707584396
0.19025260668425056	0.568087914670216	0.24165947864553355
0.18993120176189668	0.5686945784198512	0.2413742198182523
0.1895473331281796	0.5697679914143645	0.24068467545745598
0.18932095592229928	0.5662544578010769	0.24442458627662392
0.1903039800945777	0.5659458758784821	0.24375014402694034
0.1895938932073464	0.566530890065952	0.24387521672670176
0.1894379381554538	0.566729010307488	0.24383305153705825
0.1897377323016762	0.5676291541451781	0.2426331135531458
0.19033367075110058	0.5688053445109056	0.240860984737994
0.19015222223018455	0.5685834999714949	0.2412642777983206
0.18959962370582406	0.5679144665214996	0.24248590977267648
0.19054341413173723	0.5690986601785251	0.24035792568973785
0.1898186380092253	0.5697781249123584	0.24040323707841652
0.18995050646257425	0.5670502327371989	0.242999260800227
0.18958505799330766	0.5673969496614503	0.24301799234524218
0.19019822762648714	0.5695786094513811	0.24022316292213192
0.18989590603753556	0.5678453290698833	0.24225876489258125
0.18971022362246615	0.5688112847325668	0.2414784916449672
0.19123953738250538	0.568412740197748	0.2403477224197467
0.19112751697488148	0.5687035946258341	0.24016888839928457
0.1912671095566445	0.5671081538300996	0.24162473661325606
0.1899435756728211	0.5695401105372245	0.2405163137899545
0.18961452939258716	0.5663883280682208	0.24399714253919216
0.1897525601708564	0.5690361386959774	0.24121130113316638
0.18982095384282557	0.5661366760912134	0.24404237006596105
0.1893185613679052	0.5697810305401032	0.24090040809199167
0.18998583976758845	0.5673167747644944	0.24269738546791725
0.19042094627409356	0.5665158643045187	0.24306318942138783
0.19128522559543393	0.5674617842671303	0.24125299013743584
0.19074144183461933	0.5685159695122867	0.2407425886530941
0.18951127260241757	0.567194409000418	0.24329431839716456
0.18943272003964476	0.5664022488092177	0.24416503115113758
0.18971758544978617	0.5691140208938125	0.24116839365640147
0.18959622188601225	0.5694122739304397	0.24099150418354812
0.19111279358214434	0.5688576470115222	0.24002955940633355
0.18998096534561124	0.565993785212969	0.2440252494414199
0.1899940176569097	0.5676020870588551	0.24240389528423537
0.1894691063981438	0.5693877437637211	0.24114314983813512
0.1912358466197705	0.568543661405143	0.2402204919750866
0.1909150266725983	0.5684323472289927	0.2406526260984091
0.18932792582920882	0.5663595778455364	0.24431249632525492
0.19086642478252078	0.5653465260491773	0.24378704916830202
0.1911025745159077	0.5683719240908324	0.24052550139325998
0.1911136795759695	0.5673519507404872	0.2415343696835435
0.18938975578201941	0.5672844271860172	0.24332581703196343
0.1893254346089011	0.5673484319526216	0.24332613343847737
0.19049791692512666	0.5661698118594354	0.24333227121543802
0.18931851580229248	0.5690834220814898	0.24159806211621782
0.19072524592326423	0.5695280907699991	0.23974666330673683
0.1895783780372795	0.5677136970916701	0.24270792487105058
0.1909380815870155	0.5687303123839342	0.24033160602905043
0.191202673229804	0.5688563295706859	0.23994099719951018
0.19003240254980364	0.569046014385683	0.24092158306451344
0.19105661797060913	0.5663433022011379	0.24260007982825305
0.1909958530110516	0.5661642399445568	0.24283990704439168
0.1905121670756521	0.5675186553418138	0.24196917758253422
0.19134294969469717	0.5657995512552605	0.24285749905004253
0.19025049989219292	0.5657997258002505	0.24394977430755668
0.18931905263731452	0.5688422092612354	0.24183873810145018
0.18925484008584478	0.5674758503337742	0.24326930958038115
0.19106457666954094	0.5685130570304999	0.24042236629995922
0.1900254539768368	0.5654127871705712	0.24456175885259218
0.19032845028412695	0.5652560015436897	0.24441554817218344
0.1903569837524442	0.5659873166350162	0.24365569961253966
0.1896843962411552	0.5682269724047263	0.24208863135411857
0.18932200250504524	0.5697601616992269	0.24091783579572798
0.19048778568118688	0.567276712000596	0.24223550231821717
0.19051471571870854	0.5685982567457206	0.240887027535571
0.19098738088166617	0.5685269529649477	0.2404856661533862
0.19081821114559971	0.5687124478383883	0.24046934101601208
0.18934096671400194	0.5658335114321997	0.24482552185379847
0.19012864541303295	0.5684356649808604	0.24143568960610673
0.19015457382622336	0.5670039911210081	0.2428414350527687
0.18947938028599592	0.56557799639142	0.2449426233225842
0.19072608749664458	0.5662596385739196	0.24301427392943592
0.19018102508864076	0.5663542320088563	0.24346474290250308
0.1898182668992212	0.5671025333263595	0.24307919977441939
0.19132092076883012	0.5668492137509784	0.24182986548019164
0.18989567586286765	0.5662977640063265	0.243806560130806
0.18947370868967386	0.5680434934144935	0.24248279789583277
0.18943835875010692	0.5685260808211411	0.2420355604287521
0.18946962726375216	0.5660232254725264	0.24450714726372152
0.18968031358267182	0.5650963140550672	0.24522337236226108
0.1898406079640746	0.5650353105419248	0.24512408149400078
0.1902510289287763	0.5676101919875479	0.24213877908367587
0.19024321435173536	0.56682608226271	0.2429307033855548
0.19043160479938262	0.5696599125315891	0.2399084826690284
0.19125884293897244	0.5651464025171642	0.24359475454386353
0.190318076423922	0.5695421649359258	0.24013975864015236
0.19044306312575798	0.5654047952882275	0.24415214158601467
0.18951143367948348	0.5680956898319647	0.24239287648855196
0.19086529458319035	0.5692989445166474	0.2398357609001624
0.18963042326869356	0.5697677799563581	0.24060179677494853
0.19051717453249534	0.5686351526936623	0.2408476727738425
0.1900657713367789	0.5665858369211279	0.24334839174209344
0.18989565864204488	0.5656184867299096	0.2444858546280457
0.1899266200329531	0.5658421735223031	0.2442312064447439
0.19106072207863783	0.5678891301730982	0.2410501477482642
0.18964008241281013	0.5675649908428755	0.24279492674431447
0.19017761228661934	0.5663380561958942	0.24348433151748666
0.18948824438660195	0.5692912053747478	0.24122055023865038
0.18966767512271568	0.5693637790216357	0.24096854585564875
0.18959492441157205	0.5688375749804173	0.24156750060801074
0.18945530663369547	0.5656200581234772	0.24492463524282743
0.1896993161795395	0.568503723807669	0.24179696001279158
0.18968278235788605	0.5696794393150258	0.2406377783270882
0.19122988141913638	0.5692204740401494	0.2395496445407143
0.18937706172925906	0.5662420851110982	0.2443808531596429
0.18979739259970232	0.567286553627232	0.2429160537730658
0.18974813768668483	0.5679341069400646	0.24231775537325062
0.18926576080369176	0.5663268093678204	0.24440742982848795
0.19112525481429474	0.56740714248157	0.2414676027041354
0.19040854470173302	0.5690369810358771	0.2405544742623901
0.1896711117366844	0.5697362680787132	0.2405926201846025
0.18963511288229437	0.5651935433000492	0.24517134381765648
0.1911034111021421	0.5679237889844577	0.24097279991340032
0.18964207433197997	0.5686317545282529	0.24172617113976724
0.18956652814829164	0.5665477765281336	0.2438856953235749
0.18933437857495555	0.5660588882936549	0.24460673313138967
0.19111416421927888	0.5654990373457064	0.24338679843501482
0.18999961673971855	0.5694549023179548	0.24054548094232672
0.190305982360894	0.5657768518131707	0.24391716582593545
0.1895019833223729	0.5692442153258009	0.24125380135182628
0.18936051677802124	0.566300720287424	0.24433876293455492
0.1900526013203362	0.5661110219086776	0.2438363767709864
0.19043490443274685	0.5696385327646547	0.2399265628025985
0.19009696923299466	0.5677495002941597	0.24215353047284574
0.18975304572652152	0.5666043083889186	0.24364264588456003
0.190849687614271	0.569108309544765	0.24004200284096414
0.19095980265397874	0.568210605924969	0.24082959142105242
0.19104077043623569	0.5678155605284092	0.24114366903535517
0.1892623902508807	0.5693809584627387	0.2413566512863807
0.19103226023458955	0.565682554547427	0.2432851852179836
0.19089767200610513	0.56779014447754	0.24131218351635503
0.18997311398887867	0.5656570544279097	0.24436983158321177
0.189468153686453	0.5671025520761704	0.2434292942373767
0.19121917678208905	0.5649768621522205	0.24380396106569055
0.19056615296404272	0.568687876889512	0.24074597014644547
0.19079163443026104	0.5669191395269563	0.24228922604278283
0.18966318883729655	0.5668098085776367	0.24352700258506677
0.19039728523191501	0.566232969370204	0.24336974539788112
0.190350937711428	0.5683421588209666	0.24130690346760553
0.1910128656573153	0.5667381271742999	0.24224900716838493
0.18931032604419068	0.5691437817956297	0.2415458921601797
0.19062909083966503	0.568463947442815	0.2409069617175201
0.19016606545372336	0.5678113532604727	0.242022581285804
0.18959323434022318	0.5674394764900245	0.24296728916975247
0.19067290443786317	0.5656788264808987	0.2436482690812382
0.19105365770686436	0.5655235557467622	0.24342278654637356
0.19130036956714003	0.565785152490138	0.24291447794272208
0.18949444732140922	0.5664453897388916	0.24406016293969937
0.1899155586610046	0.5696661697808625	0.240418271558133
0.19112822778401728	0.5666796358994466	0.24219213631653627
0.19050633150851567	0.5650401739414402	0.24445349455004425
0.1901591719689693	0.5663296124782096	0.24351121555282126
0.19128014099561336	0.5689516634542043	0.23976819555018242
0.18987923144382554	0.5666754191780912	0.24344534937808343
0.19024228259969675	0.5669627634106351	0.24279495398966822
0.18980140556040173	0.5674236822161789	0.2427749122234194
0.19056187835595512	0.5682535963745554	0.24118452526948952
0.1906132962449752	0.5693682107333673	0.24001849302165768
0.18933986158029073	0.5684173114240479	0.24224282699566146
0.18957892337871315	0.566934102019061	0.24348697460222596
0.18960839963092832	0.5678358909849079	0.24255570938416388
0.1907907834058806	0.5667641028385152	0.24244511375560435
0.189954572615858	0.5666975424166005	0.2433478849675415
0.18925398706361682	0.5657426860815844	0.24500332685479886
0.1893701589911948	0.5659408095042826	0.2446890315045227
0.1892752807211903	0.5696044310855419	0.24112028819326795
0.1912962163798744	0.5674785497738056	0.24122523384632014
0.19026865258731543	0.5664292733797369	0.24330207403294776
0.19093886307320704	0.5674954203657383	0.24156571656105486
