0.18993375276016375	0.042931327985662515	0.3064650135738499	0.2396902084136031	0.2209796972667205
0.2214518205477698	0.10783956460904605	0.27257549544954635	0.20718847249834313	0.19094464689529445
0.23804043018532978	0.05722886653023457	0.3016278309339668	0.21532471103423317	0.1877781613162355
0.20687318681483247	0.062054697772609135	0.3119328866327776	0.180596296621581	0.23854293215819963
0.21889701874848005	0.0803376291547438	0.2717577141622522	0.2304217616089735	0.19858587632555022
0.20167571183357139	0.08022398378587542	0.31609620555444035	0.1810710960318199	0.22093300279429273
0.22218328013013405	0.12712885435621143	0.25734618770164885	0.19492653712955083	0.19841514068245458
0.22685748647206896	0.1079934689395978	0.2875325751377766	0.1692195113271141	0.2083969581234423
0.21733038523432907	0.056120357520533404	0.2609589000788254	0.2330726724454756	0.23251768472083634
0.21122128599516732	0.07253924788056232	0.2917071424233013	0.1868318078401298	0.23770051586083907
0.19847993198820194	0.08483937802632388	0.3029625589834268	0.18294076311036597	0.2307773678916812
0.1900746961547598	0.09928775019279365	0.27818099894834714	0.2304323098779853	0.20202424482611386
0.21994914236108543	0.03428042993808453	0.2705353355036034	0.23976697082204707	0.23546812137517936
0.20826317086268994	0.12275277250237485	0.2828628675315906	0.18831773795728787	0.1978034511460565
0.2145212169247116	0.0607429469251351	0.2731524789110192	0.23095582338652304	0.22062753385261083
0.20971939239143336	0.0413425293584703	0.3192212564166856	0.22710601478739909	0.2026108070460114
0.21421575632318163	0.08923898806123434	0.3082561789741567	0.2002726417670754	0.18801643487435174
0.19121168138457031	0.08903899006769346	0.2980754484652603	0.18270299452874134	0.23897088555373439
0.23193400012017212	0.082267282788291	0.27225257339768383	0.17790042652458063	0.23564571716927218
0.2250376940872021	0.12625421280849597	0.25065094081377814	0.19257766001737878	0.20547949227314474
0.21856111599327746	0.07297571363930183	0.30705042103850383	0.190332868746032	0.21107988058288465
0.22552344404322194	0.08403720038081901	0.3166144827096644	0.16846101893429583	0.20536385393199855
0.21987577601629107	0.09424919146226429	0.26886705811692513	0.20550993852122895	0.2114980358832903
0.23864455611266913	0.08524588808582904	0.27164255985076696	0.21132013740635047	0.19314685854438415
0.2310441021363039	0.1056763179757284	0.25028184483698246	0.19007743005382266	0.2229203049971623
0.23383826786162282	0.06380936731471945	0.3097048386168223	0.16945844570675794	0.2231890805000772
0.19792336200045604	0.0918595655837428	0.30546895137324975	0.1943784210453474	0.21036969999720384
0.23758658872057536	0.08710758283656779	0.28098452163899	0.16921911856945474	0.22510218823441186
0.23425374928685716	0.04762572319029082	0.31394917709409387	0.2096793128626883	0.19449203756606961
0.22976685303439387	0.09982153640179448	0.28183756087049594	0.17208570506303275	0.2164883446302827
0.20742515732814143	0.08127987285033049	0.29292686857305084	0.21482341173806566	0.2035446895104114
0.19903416950447447	0.13037304200167732	0.3115516655473007	0.16368219996585026	0.19535892298069701
0.19424184154257632	0.04653513242029578	0.310186998165933	0.22734831987578868	0.22168770799540605
0.22066306363573346	0.07258330855319517	0.30296514391041535	0.17352143763630998	0.23026704626434585
0.2202677711455834	0.0359058874816954	0.31770280666352096	0.20684270363974758	0.21928083106945243
0.22251496422839673	0.08769410345844639	0.31388019603880546	0.17069494657238177	0.2052157897019694
0.19055280703448396	0.06952022940895652	0.30089501376419947	0.2016102646720652	0.23742168512029463
0.20739313152229708	0.08511604479296807	0.2721370042511282	0.1963447825632559	0.23900903687035055
0.22624184800876226	0.10007048859233891	0.28192643133599266	0.1659931071469006	0.22576812491600529
0.2218701323471029	0.08254861832623604	0.30408849467778915	0.16308314348036876	0.22840961116850295
0.19234438858739192	0.13197615990056066	0.29365511697578717	0.1743944551686375	0.20762987936762256
0.23281931023186203	0.11043799662347961	0.2721359125108212	0.16899033076309422	0.2156164498707427
0.23542166811694226	0.09182743995349131	0.2701268359702991	0.17334959334864064	0.22927446261062648
0.18843735144640467	0.05807516654682329	0.3021753034364886	0.22323552843312017	0.2280766501371631
0.2225820717267012	0.09192368307509592	0.29304184510851194	0.17710620908652028	0.2153461910031704
0.19275771978378525	0.10484878053840152	0.2954738327803006	0.20620311393223476	0.20071655296527766
0.2222399681839568	0.03934543565466081	0.28172513592179066	0.22637003150601848	0.230319428733573
0.21110097856591875	0.04125332125271805	0.3148123927027644	0.20926993426197968	0.22356337321661887
0.21800023950216899	0.047456449913359705	0.30932573325900614	0.23261599346908252	0.19260158385638243
0.21508516596280444	0.04322157725727749	0.30582800648788294	0.22349397272483668	0.21237127756719823
0.2065062687693538	0.0976740267595953	0.2806822648774788	0.1979141289413341	0.21722331065223777
0.23782469341428833	0.054052827274293225	0.289953994736438	0.22600864389981884	0.19215984067516137
0.2175199613655193	0.0909413354658389	0.2850883936584837	0.20820057454077923	0.19824973496937862
0.22731818004413645	0.0944466683836165	0.2863044269398015	0.20474895950594033	0.18718176512650495
0.1969786427678981	0.06813577570908985	0.29504373999270067	0.21536339771193666	0.22447844381837453
0.20787057328301212	0.0770133782993961	0.267365238768724	0.2384234952051888	0.2093273144436788
0.21294738702519833	0.10563340484285448	0.2727091907608068	0.22169937703195286	0.18701064033918732
0.21772619753714506	0.11293134303000125	0.2739627527391838	0.16303147670072107	0.23234822999294857
0.1879084319480237	0.11423018524820687	0.27953527413868307	0.220263972054769	0.19806213661031716
0.1971385681533754	0.12139605572310483	0.31890726708155726	0.1661705427350442	0.19638756630691806
0.23535259347511273	0.0712553605569115	0.31124600139035535	0.17816586834238107	0.20398017623523912
0.23288455528436566	0.0502592765104066	0.2686586338953494	0.2386889119542822	0.20950862235559584
0.23748415353935304	0.0594739499297976	0.30639608198742624	0.16140010308718386	0.23524571145623904
0.1884366205389626	0.0936616838509713	0.28175416069163484	0.22444686044297624	0.21170067447545482
0.2372300295950159	0.08410787905456962	0.28459250927201707	0.17830149392925737	0.21576808814913984
0.23289774737210348	0.05736523003150518	0.29402847066614884	0.22172826112727015	0.19398029080297208
0.20663096052823293	0.0880256366875659	0.31667697379425874	0.20119307631454042	0.18747335267540177
0.23973358886238644	0.07234484181009532	0.2811893435423796	0.18916018212286514	0.21757204366227323
0.1964571706677422	0.12736846291130077	0.289211928292232	0.187231858740237	0.19973057938848776
0.23151861715734545	0.09125660663761914	0.25495339190526517	0.21555339508358762	0.2067179892161824
0.22057167551366091	0.05063513157808172	0.2860287633732741	0.20872291906010382	0.23404151047487926
0.21195685884767312	0.051321129064090226	0.31141998776328467	0.18916068692793647	0.23614133739701532
0.19047266606696212	0.10010293888603813	0.2897191642802449	0.22762365420388292	0.19208157656287167
0.18812306228079165	0.11987942101549823	0.2828690176325164	0.20581676771906046	0.2033117313521331
0.20184637775235237	0.0931099128082209	0.30765864488281	0.1833318092397702	0.21405325531684638
0.20233011278453442	0.08494531451835517	0.2812959313493509	0.2094862733461614	0.22194236800159792
0.20871085314690363	0.07012935214221075	0.2977756261250678	0.2230796085446168	0.20030456004120073
0.20322247642612862	0.09852274594848068	0.26547591063958464	0.22044008326047834	0.21233878372532752
0.20634057847858278	0.07897695998309821	0.2600497422535872	0.22784695164750754	0.22678576763722408
0.19698666196705175	0.07121592568933582	0.29099061986729946	0.20140447694581692	0.23940231553049582
0.2080569043586754	0.08256869646458738	0.30337860619134965	0.1819465524175794	0.22404924056780792
0.21273402864145557	0.11353915655989799	0.3038359601062098	0.17984999683406372	0.19004085785837269
0.23145307988877384	0.07748509405967305	0.2534389072147214	0.21574161944048786	0.22188129939634363
0.22433377832054682	0.07471279860647334	0.2801904888383831	0.22355245722873704	0.19721047700585942
0.2191972823339723	0.10355135211832144	0.28545490426077225	0.17549560664136624	0.2163008546455676
0.21399239005268655	0.06443923042527358	0.2838368960799663	0.23008916887573677	0.20764231456633647
0.19336344359716873	0.03939591956789504	0.3178877178246403	0.21450944913045406	0.23484346987984162
0.21443040489705387	0.12621977240837495	0.25311736847184935	0.21885929476951507	0.18737315945320648
0.2230536264006676	0.09623528144233126	0.31043901427073495	0.17523186906725605	0.19504020881900994
0.19003877234269362	0.056616117852495956	0.30471950857402197	0.2178871364581031	0.23073846477268517
0.2388570664002831	0.12278203412424656	0.2690410160524369	0.1755803090928151	0.19373957433021807
0.20827717912171384	0.12374983818963622	0.29070756279083676	0.18767547127935086	0.18958994861846207
0.23889546638487857	0.06955369060114999	0.29707087669053495	0.17778325108109236	0.21669671524234388
0.20720350366814796	0.09223491143026308	0.2549688589723659	0.21119142484314998	0.23440130108607288
0.22852593738800075	0.11926596332690444	0.25350915011345454	0.19504038192192746	0.2036585672497126
0.22805030900928985	0.10865002046020253	0.2629119139315561	0.20190135390943065	0.19848640268952059
0.20898809855721193	0.0828845581049262	0.30775544449641934	0.19366877253749945	0.20670312630394283
0.23157423992637283	0.08974187023325353	0.31566435858923647	0.1703969071433852	0.19262262410775174
0.23520072856666227	0.1192676816244547	0.2697752688660494	0.16199828146746442	0.21375803947536895
0.23213993426110474	0.0643771988201457	0.2882194280812702	0.1915044367665602	0.22375900207091895
0.20049137001082765	0.07409677594458339	0.303960117645348	0.22408600356720643	0.19736573283203426
0.21305911430202984	0.1330334554066685	0.2752611122609458	0.18714580986586532	0.19150050816449035
0.225302753469838	0.10549883630611988	0.26234756551201605	0.21857227163991055	0.1882785730721153
0.20592276365672824	0.12247382837686323	0.30388430502010566	0.1704791307024927	0.1972399722438099
0.23338804127263646	0.09445548072817744	0.25937738297712926	0.2205197841937369	0.19225931082831968
0.2351619765591026	0.06529926033159164	0.28596999486471	0.19141181469859436	0.22215695354600118
0.20261291720440883	0.09935029501624465	0.2651111251383407	0.2099291136049154	0.2229965490360902
0.2365049469947793	0.07638506987133184	0.29326672338505455	0.16512730652459973	0.22871595322423433
0.22178495315765615	0.13097244512078277	0.27307354984077026	0.17563896399272655	0.19853008788806403
0.2040582504762708	0.09243874396989636	0.2658137390006273	0.22199956318660682	0.21568970336659843
0.21207695619538863	0.13143000207988	0.2997807435760018	0.16239336194858356	0.19431893620014581
0.2306903985194936	0.1005233957081528	0.25725962364707633	0.19778676640577	0.21373981571950704
0.23643965948217716	0.06364847978762878	0.3000494572122085	0.18135717562775686	0.21850522789022847
0.23866869775546634	0.12276547043783285	0.2718723082456447	0.16322796582121357	0.20346555773984235
0.20519932315911035	0.07240325619097374	0.3059661649345205	0.21027919731517253	0.20615205840022272
0.2347660377796258	0.07235660209703626	0.30540070336761027	0.1801975572078787	0.20727909954784876
0.2215470461175568	0.06454642688689055	0.2722658694553809	0.2181605686871206	0.22348008885305087
0.2105326384660657	0.057640132945069894	0.3053761734407301	0.20215627186906987	0.2242947832790642
0.20222905866305294	0.0954759631930223	0.2577047663645665	0.21638156156615976	0.22820865021319825
0.2227824674920555	0.1143779614531873	0.2767179399666371	0.17028937631829508	0.21583225476982476
0.2267535430087724	0.03487882589918945	0.2642854733680597	0.2343988968830944	0.23968326084088382
0.2347624059150466	0.07660808342644271	0.30290485603601747	0.16182026035606453	0.22390439426642844
0.23099815686991282	0.06664373082691852	0.27082349806113815	0.21625860922861392	0.21527600501341634
0.2148058491620816	0.044160754201960334	0.2998831135632437	0.21150478806792547	0.2296454950047887
0.21196996467270998	0.12347589284325242	0.2657753739002152	0.17434694488373398	0.22443182370008813
0.20148189381006842	0.08726312926767432	0.30423323155289306	0.21167017366722854	0.1953515717021354
0.19476277950395662	0.03832804568038217	0.3083732542822507	0.22517529576881298	0.2333606247645973
0.2033015125294792	0.12524236808095396	0.2827607886925757	0.18945661987530765	0.19923871082168323
0.20207518664228474	0.08545700590172678	0.26389532579959296	0.22706083404404492	0.22151164761235037
0.18985645378855032	0.12846021589702034	0.2890598767980581	0.190370755554795	0.20225269796157605
0.22289452585102232	0.035096815725048414	0.29083227531653527	0.22955426195447398	0.2216221211529198
0.2153384120755859	0.09528047628367518	0.2593019358155719	0.2097451862252413	0.22033398959992545
0.20488488390489437	0.07385927870005066	0.3136366153770386	0.20704025682792793	0.20057896519008825
0.22842422101636664	0.07324340172779581	0.3073824453954806	0.20214922895296722	0.18880070290738948
0.22437427531415297	0.05684596396470276	0.314236872546656	0.17183563402240326	0.23270725415208476
0.2217041845745408	0.09144178921923148	0.2526712481601318	0.20198291243777272	0.23219986560832298
0.2399532314788631	0.05766987485225414	0.26820469906437383	0.21180072659925192	0.22237146800525673
0.20492655774985935	0.0981542586770653	0.26428318726060307	0.22791087446032274	0.20472512185214936
0.22595954846987765	0.09838273922498682	0.31305558043727677	0.17076859310678438	0.19183353876107417
0.21437278096387502	0.08903572251034125	0.27726453649795635	0.19878966448165422	0.22053729554617293
0.18962780429745993	0.11299488070988058	0.2634006884208802	0.21220965997977934	0.22176696659199976
0.22767901227020348	0.07304221804500785	0.2595619927796035	0.22575591229894978	0.21396086460623515
0.1922923998621949	0.049913601266394214	0.2912591693941421	0.2355078854100478	0.2310269440672208
0.20581876795037132	0.09952487339771066	0.2738110200597743	0.21310090961162775	0.20774442898051573
0.19211000573423404	0.08926342420133217	0.30757555441544177	0.21871363789047046	0.19233737775852133
0.23475369814400884	0.06678731742972557	0.31087502083379637	0.19195741377532272	0.19562654981714628
0.2194719490961642	0.06175875299711625	0.31361390970338754	0.21182062747371525	0.1933347607296165
0.21068417846587004	0.06458666349367981	0.29540825783746255	0.20219497914183265	0.22712592106115465
0.2318061839729348	0.07713510681319176	0.2791867045865636	0.2093123918411607	0.20255961278614892
0.2229403511021164	0.11982983304034807	0.2618818156722701	0.16656012658803823	0.22878787359722697
0.21520276711363817	0.07478084720011485	0.2918852594975396	0.21656253355379418	0.20156859263491297
0.19656455252142815	0.08508988727127816	0.31403388275611016	0.1718694122469089	0.23244226520427444
0.19978053925596176	0.09986241191110795	0.29998525079566796	0.21134535092818182	0.1890264471090803
0.2057490973175578	0.09323625832978173	0.3008188714927669	0.17395875524725601	0.22623701761263731
0.21743263578992925	0.06044708186151873	0.2946742590479116	0.2163960039625033	0.21105001933813686
0.20837575942609865	0.03783485493833777	0.28517141795451945	0.24010943840135165	0.22850852927969223
0.20030199185103217	0.0838272859921692	0.2875706759132891	0.19029293997458513	0.2380071062689242
0.20333338167073825	0.0945901042974142	0.27052230418064416	0.19778701899418494	0.23376719085701825
0.23570689887997676	0.09465504168367628	0.3079465895468066	0.17240725459483497	0.18928421529470515
0.20547268649107034	0.03587100362192755	0.2926495330459466	0.23714069397090193	0.22886608287015336
0.19480055225865534	0.09566118828979972	0.26907616186192135	0.2367184930911006	0.20374360449852277
0.20746807427207306	0.12114001836706	0.26849223349163953	0.19080871539069655	0.2120909584785306
0.20113854728374633	0.11717225225765902	0.27449298711953063	0.18773797602466674	0.219458237314397
0.20823847856581473	0.0604733364151592	0.311655904509303	0.23135875815254653	0.1882735223571763
0.23990542139697318	0.05836668087196081	0.28307738507755176	0.21439003736248394	0.20426047529103009
0.21975338230995972	0.06987644432982498	0.3105195549086541	0.1733988267847813	0.22645179166677964
0.1972696192597817	0.09328464773849897	0.2958421340428238	0.20179797264843682	0.21180562631045843
0.21928177361297785	0.06846572810791793	0.2612433946589371	0.22431455824176055	0.22669454537840636
0.22310933968695068	0.03530434917901373	0.31553827191073125	0.21603199891146896	0.21001604031183513
0.20883661136334375	0.08842064086173336	0.30022363837468385	0.194326920035133	0.20819218936510583
0.19430113852322822	0.13149039851289396	0.2509651149818776	0.2106399669705998	0.2126033810114002
0.23967662640198878	0.07208989481904415	0.2669981036280464	0.1955071596286322	0.22572821552228825
0.23471126784236362	0.0546963633643861	0.30974298770069186	0.20214189212483888	0.19870748896771928
0.21642025855659286	0.04591499344151123	0.293520755861296	0.21330312388250983	0.23084086825808983
0.22508656782396028	0.03319638837678257	0.2801064903401361	0.23125480187711026	0.23035575158201058
0.18767021537026002	0.09967093184810016	0.3196924184321142	0.19399968410949858	0.1989667502400268
0.21990163389286524	0.10498276782911424	0.31271929357705197	0.17263581939408842	0.1897604853068799
0.23832079274637308	0.05084029862250475	0.29170065352839886	0.21066849968981527	0.2084697554129078
0.21038320359145116	0.09611218007807461	0.2587190163133588	0.21781241806715854	0.21697318194995668
0.2047138650422878	0.07257745658181455	0.27908211566858454	0.20965010192598188	0.23397646078133097
0.2289630065623902	0.059168060978072895	0.29704699546793145	0.2151148156264557	0.1997071213651495
0.20980906689974482	0.10511036523779554	0.2503373872136127	0.21832481289481148	0.21641836775403517
0.21308308489533345	0.11220660655631386	0.30565847262826673	0.18055294995503038	0.18849888596505537
0.2206269267164361	0.10803049624513339	0.26768326052592556	0.18824541836932496	0.21541389814317974
0.189787217757244	0.09973057576080416	0.27895511010596097	0.2065912008249335	0.22493589555105717
0.22502891269318198	0.03984661625221109	0.3176704561181501	0.21923527672585366	0.19821873821060296
0.22061545979001707	0.13067365168505385	0.27451039574455627	0.16074637968605884	0.21345411309431375
0.20233897822881566	0.04509734403511631	0.3068617842240225	0.23141389862395398	0.21428799488809133
0.21829536252545004	0.08042503489609656	0.28006680171316045	0.21578544066205937	0.20542736020323332
0.18798377669819658	0.09704397720473232	0.29306970167663104	0.22589720090779056	0.19600534351264928
0.23256469778155026	0.04821860392418087	0.29034609842149955	0.21319116428275353	0.21567943559001557
0.21115469189325747	0.1136152372028444	0.28920717038122173	0.18488556430201883	0.20113733622065733
0.22261349072952583	0.05690029158404952	0.28566731263771006	0.2345952012170529	0.20022370383166146
0.21823604564902788	0.04624679851115465	0.3066425946854165	0.20770937903988698	0.22116518211451378
0.1998366139055858	0.06593700863201821	0.26863282091412366	0.23270030146765552	0.23289325508061656
0.204188908557641	0.09207615735410997	0.29810467952993375	0.18310867641401823	0.22252157814429685
0.21937648761318915	0.12161485567969073	0.2805981470483292	0.16249004492488073	0.21592046473390997
0.20253347929960458	0.10368375205921539	0.27047482574487436	0.2168672074157201	0.2064407354805853
0.206557393247834	0.07974108990062802	0.26748360564603646	0.24242038645029923	0.2037975247552021
0.22752279900225306	0.12566999496050096	0.25996425614917296	0.19533272160373827	0.19151022828433445
0.2259788233942225	0.05729928942590032	0.3160666336604079	0.17170602120318615	0.22894923231628295
0.22479818995034048	0.05125689487325455	0.2589172125899743	0.23065659638409683	0.2343711062023336
0.1900970148753579	0.09357957597050057	0.27087185245594536	0.24166794609217196	0.20378361060602404
0.23857659830970138	0.07079183470795539	0.29504786103726255	0.16840497025018536	0.22717873569489513
0.2130438525941307	0.10822393724705412	0.2533877316253075	0.2051140533581423	0.22023042517536515
0.23366896860001454	0.10017160724850249	0.2898236100043522	0.16674359346316192	0.20959222068396863
0.2055481614584404	0.046158945262565115	0.32074664794918945	0.2397618206611541	0.18778442466865075
0.19360935498004408	0.08030479360233538	0.2893103845582473	0.22483242653440058	0.21194304032497244
0.22573403572195097	0.07310059446253675	0.2825223172979048	0.2165356530309766	0.20210739948663067
0.23456706810261302	0.04366632831434791	0.2874872842037119	0.23466097990198273	0.1996183394773442
0.23335656602309893	0.052510058519112196	0.2725766358145268	0.22902893091981286	0.212527808723449
0.23298254326690598	0.048650922884783065	0.3107478429598021	0.19326359099619797	0.21435509989231064
0.23182040477400656	0.036589407811746105	0.3166752977444197	0.2089722477206282	0.2059426419491992
0.21463573119024534	0.07005436152628813	0.3105303425682988	0.1760499734855489	0.22872959122961858
0.2273451254062024	0.1162845846798082	0.286485479239037	0.17258674463763052	0.19729806603732167
0.19756278100383512	0.05546112114044521	0.3059734614932078	0.23744480042692512	0.20355783593558652
0.20596688338165428	0.10383676292282705	0.27526732032910717	0.2228250610630788	0.19210397230333248
0.227849403976047	0.065491050738583	0.27834395754939834	0.20031851768924983	0.2279970700467216
0.1936018399639127	0.11456924379776791	0.2586929772510781	0.23599880469421114	0.19713713429302993
0.22457231404964417	0.05181516092386643	0.30448795922326166	0.19409215793762227	0.22503240786560524
0.20710733554861613	0.08443247025711995	0.3159332644106619	0.1919352399832424	0.20059168980035938
0.21199113123420102	0.06466664306518627	0.2629941358900657	0.22745828019465392	0.23288980961589284
0.19696094863630884	0.06913106992556672	0.27119785021396586	0.23590731889427236	0.22680281232988597
0.19906468334580507	0.04008752326265813	0.31114889598364537	0.22000230277298138	0.22969659463490985
0.23483422145123378	0.06533915573567978	0.28436323025843596	0.22426719913184753	0.1911961934228027
0.22097823393700056	0.11782745512228397	0.2544807048578726	0.2068432003255638	0.19987040575727882
0.1982119440876338	0.08266895050789139	0.2684017222767204	0.2253455174467558	0.22537186568099846
0.20415638097038452	0.09103322075984369	0.2929599959988933	0.19405142618180615	0.21779897608907217
0.2148290490949969	0.12736014810517465	0.29776100546037965	0.1674760273985155	0.19257376994093311
0.2210162474535324	0.10256373292037993	0.27438443644677396	0.1878577877984018	0.2141777953809117
0.230614549238503	0.04438140721634656	0.2956608658409778	0.2227181886950215	0.2066249890091509
0.20818782252319767	0.07680582750417281	0.30326996942686996	0.20813401766790857	0.2036023628778508
0.21722364202472913	0.08799076019980369	0.316985697314368	0.178147178316344	0.19965272214475493
0.19614497137183728	0.07213064984431672	0.30324118224761887	0.22569756908131744	0.20278562745490947
0.2305086158040184	0.12047826856283125	0.26047910483177916	0.1742392214303537	0.21429478937101723
0.22699796769465033	0.0655341367203375	0.2603758945541683	0.23515673703175743	0.21193526399908613
0.2053057466690562	0.06340615424887269	0.318967105668843	0.21682388421311294	0.19549710920011493
0.18830369703746863	0.12279248196839565	0.31252728980861555	0.18085067872103475	0.19552585246448517
0.2329865598323806	0.07005567935256149	0.2655150937649128	0.2097119567606369	0.22173071028950797
0.231981971798042	0.05583631910310782	0.2663469110973986	0.21523633963871994	0.23059845836273146
0.20168689959143263	0.10039583192922012	0.31505056192244024	0.1681960161853904	0.2146706903715164
0.21114684233716707	0.06323800101950058	0.2707822509256711	0.24079941218743578	0.21403349353022524
0.1993552234211366	0.05390701126704617	0.30333434580293234	0.23210113586278952	0.21130228364609513
0.20903921402607356	0.07396536971772816	0.30815924955833335	0.21727837632603117	0.19155779037183351
0.2143794354017405	0.03869164959132282	0.29449697144964926	0.21804856513006726	0.23438337842721987
0.2367464912608361	0.05125836509773071	0.2771391754807633	0.21244620812577636	0.22240976003489327
0.20382303551665779	0.03325912492352345	0.3146612990545709	0.21033087992822128	0.23792566057702635
0.22090409887767729	0.12309034766851025	0.2665233841031013	0.17677508679429516	0.21270708255641582
0.19757447800277644	0.12229240863641763	0.27015174390377117	0.2095450340570155	0.20043633540001904
0.2040851214524288	0.09893445939172406	0.2935069084218738	0.19995920191913796	0.20351430881483512
0.1908893893671381	0.06274912164736579	0.31851881727092113	0.20080974532270635	0.2270329263918684
0.208535885513886	0.043858325425516625	0.2826402967509393	0.22829875160063864	0.23666674070901922
0.23830470364966794	0.0387549471689716	0.2813476690629588	0.22583926898684542	0.21575341113155594
0.21944748899256958	0.1140473499105927	0.25037772104117856	0.2172221478017577	0.19890529225390122
0.23292233171391827	0.0912460990765658	0.26609648884496784	0.19811768535390115	0.2116173950106467
0.1964785342990669	0.06870520004113975	0.3071069434062991	0.20212318103955618	0.22558614121393783
0.20934960754105417	0.08361579910309809	0.3032408765145239	0.1958660895321741	0.2079276273091495
0.21909212168728912	0.1153212238393252	0.309003968670022	0.16080092563801054	0.1957817601653529
0.23616882348387155	0.060795070847022153	0.28877465269958463	0.22377959781988888	0.19048185514963256
0.22347459313382284	0.08349696735547162	0.25081053752335924	0.22043531177667966	0.2217825902106664
0.20189647899321528	0.10941819209698343	0.29781439796574805	0.18594960965919416	0.20492132128485885
0.1995344423611688	0.10079930685696975	0.29124485720425686	0.19558915536850618	0.21283223820909822
0.21476510512984617	0.10908707691511668	0.2645626238103457	0.19319207237220626	0.218393121772485
0.18860727747960973	0.06131025442652968	0.29850435536079917	0.2203509696651181	0.2312271430679431
0.20678648327028898	0.053763066219240346	0.29615876251245676	0.21682684871453362	0.22646483928348002
0.22451675361363604	0.11381154233481922	0.26903718079313493	0.19908807141070917	0.19354645184770036
0.23585304256876005	0.050405830139700514	0.29224494456161765	0.22006605340597266	0.20143012932394888
0.21089205932037808	0.11563982837443991	0.2643661169869994	0.17157358716435994	0.23752840815382248
0.2332527660395903	0.05867736377863675	0.2740652916349358	0.2400017507201469	0.19400282782668998
0.22190169791612335	0.07633735107824592	0.3093533230856989	0.16697162753610828	0.22543600038382328
0.23706985608285036	0.0743564457002508	0.3060213453442615	0.18718971874607573	0.1953626341265614
0.2278778256539212	0.1206845145619742	0.26156953925722903	0.19525890835139173	0.19460921217548363
0.19392737787974573	0.11097316965802544	0.28099899258741484	0.21216722773040309	0.20193323214441067
0.2338495541484653	0.03912463282562123	0.3057938988257817	0.2332025535275019	0.18802936067262963
0.23326019195319844	0.06365016981918781	0.25523415022178925	0.23976761547685088	0.20808787252897334
0.20786674281619533	0.07023076805148812	0.29891994221081997	0.23375310055253096	0.1892294463689654
0.21698867568693836	0.0710607378446797	0.2773552419942835	0.2250769943702378	0.20951835010386038
0.19791377105352562	0.12254492680572118	0.26446886154106936	0.22409997481787364	0.19097246578180999
0.2375885867141963	0.0552753371875144	0.2624946882941298	0.2318813310421391	0.2127600567620202
0.21746847240810357	0.08921798290170864	0.2892867552129719	0.20844694983895157	0.19557983963826406
0.19079247538076718	0.06329384838369653	0.3165753581955849	0.21986459837615202	0.2094737196637992
0.21553884400017057	0.10824127458602967	0.3038477267924131	0.17331922617178275	0.19905292844960368
0.1962484729070523	0.07298025244891906	0.31008666356813885	0.2192160957716046	0.20146851530428492
0.19638752438091775	0.11578133679265175	0.2591825020106592	0.19717660040407622	0.2314720364116949
0.20173365780381386	0.10625740554910611	0.2699094092120401	0.21867173067368884	0.2034277967613508
0.2092260236872219	0.049538882432678816	0.30894115227948465	0.2025801790543698	0.22971376254624462
0.20899600167525031	0.08744324819584222	0.2844113768596127	0.19480537687950866	0.22434399638978592
0.20757561485004783	0.07444075894293631	0.276604127275446	0.21421507890327995	0.2271644200282897
0.21850753289980201	0.04300870685304231	0.27762167928564685	0.2387762400296659	0.2220858409318427
0.195279408205054	0.12123088018447638	0.2788347986536277	0.18685544825524844	0.21779946470159328
0.1981685909605806	0.11513841934137062	0.26722007380798923	0.20153784115696252	0.21793507473309684
0.23892767908264417	0.08492167646960085	0.3098720588835437	0.16312458667559088	0.20315399888862018
0.19634892861777645	0.07867323035491966	0.27747435456570957	0.23602774735133464	0.2114757391102595
0.20342399045259038	0.11592070559052096	0.2946149704093554	0.19854355838730206	0.18749677516023097
0.19780584940625393	0.10772607956336107	0.272457488131012	0.22234838087316433	0.1996622020262085
0.21799867692031538	0.04147316342427601	0.29225702270752735	0.21530572108486193	0.2329654158630191
0.20146326768568404	0.08127631508231518	0.30662158594350325	0.21784832233169105	0.19279050895680624
0.20607289518441455	0.07185303453487671	0.30345407648929723	0.1887420114721476	0.22987798231926362
0.23327306240323273	0.055771561996165786	0.28457654674351995	0.18705887056366205	0.23931995829341923
0.22524482118465816	0.07328346148369469	0.28583754168410036	0.1909476300208889	0.22468654562665763
0.23484308007648158	0.08442272412133074	0.28353767927745205	0.18261186468668353	0.2145846518380518
0.20389087104882214	0.08097741770042563	0.2688733507427171	0.23775923377012967	0.20849912673790522
0.22534813528355815	0.08780473825664989	0.3046463203259536	0.19322182346083988	0.18897898267299826
0.2167139660895746	0.10357170670863808	0.2747820587421865	0.19322527983058638	0.21170698862901421
0.19899810192714576	0.12359862022608184	0.2821875608238954	0.17466414165421001	0.2205515753686668
0.2165495450347789	0.06602346495850919	0.31093695878043176	0.19263554389554513	0.2138544873307348
0.2227072486588133	0.08972752580436272	0.26501357763656586	0.2337519260128884	0.18879972188736951
0.23789533294490284	0.07740879361905798	0.2960502667869195	0.18883901552878046	0.199806591120339
0.23746120924635847	0.04884996222106053	0.2530255464108703	0.23926312987778983	0.22140015224392062
0.20885155539231884	0.09494512768076149	0.2538348759197666	0.23939033303457471	0.20297810797257812
0.18820569687251193	0.12354883918241046	0.29141845938073146	0.20219184347284183	0.1946351610915041
0.22735744339804975	0.06094638121794582	0.26184047819980266	0.2206147905668993	0.2292409066173022
0.2381094820233992	0.11514149605693849	0.2558093634970202	0.20024567011110964	0.19069398831153214
0.2179744515885953	0.06370068927566849	0.3133260546492934	0.18724565417773462	0.21775315030870795
0.19230592873496763	0.08883123692900251	0.25944596046661383	0.22707886475666084	0.23233800911275504
0.22827550782407843	0.0747990639719052	0.30541394098626307	0.20272921165467067	0.1887822755630824
0.2166634510444591	0.07287281713731325	0.2748195459015493	0.21334822762610173	0.22229595829057638
0.2189609336501694	0.033964305559306074	0.3055374455242505	0.21080263835217825	0.23073467691409555
0.211969725217572	0.08896828793356049	0.3015289269033096	0.1911902185438465	0.20634284140171114
0.22975960115748711	0.055305696093210954	0.3193261493705754	0.19941224602915217	0.1961963073495741
0.21084937900315903	0.06511940751310713	0.3012170306687084	0.2339916644857003	0.18882251832932495
0.2381151007290767	0.06311862911133131	0.25753796094308223	0.22671757127641523	0.2145107379400942
0.19485059395666413	0.10764734265610638	0.27965830217354193	0.20826560959618687	0.20957815161750049
0.22704574075390055	0.060444538475962345	0.2530949130313977	0.22289944823790417	0.23651535950083502
0.18850731987967764	0.08328763660100796	0.3149911463084349	0.22016177769656078	0.19305211951431853
0.20780006477706547	0.10420873425913793	0.29185873492112757	0.16835719450719752	0.22777527153547128
0.20231507142747043	0.12504699317334492	0.2641593439647948	0.2009560660350013	0.20752252539938834
0.22538717419441184	0.080431357743402	0.3181522049694845	0.16231359306549759	0.21371567002720385
0.18893708140182497	0.07223279411683009	0.28599553140507233	0.21783917251347168	0.2349954205628007
0.20424758312439123	0.07436927827430792	0.2833021349355322	0.20425204469834843	0.23382895896741995
0.19032642731332108	0.0917070943576219	0.30988171900374795	0.1793246749785	0.2287600843468089
0.23612399298498207	0.04629237399206376	0.2546964751786833	0.22591710872460558	0.23697004911966502
0.19553310055091672	0.07053665587399327	0.26894855797501416	0.23480831915079273	0.23017336644928288
0.22853220036100244	0.09815674616292362	0.24973976911765342	0.19126146302671332	0.23230982133170697
0.22255893512314834	0.10077541312688633	0.2992079669565404	0.17588755112216978	0.20157013367125495
0.2263470190560461	0.05994137177989786	0.29320019361100524	0.2098441837789743	0.21066723177407629
0.23883255857706398	0.06017213679279443	0.2597525927319336	0.23610922094770856	0.2051334909504992
0.21765303049404597	0.08909219769741007	0.28519399319967464	0.21249680158161097	0.19556397702725808
0.19110206407040553	0.08658284684951591	0.27179667813174835	0.23577742967143459	0.21474098127689542
0.19504457166751768	0.07417527813913932	0.3052924670984402	0.231676665683896	0.19381101741100656
0.22112004839579041	0.0463148039034357	0.31636033630311344	0.2078970057189777	0.20830780567868248
0.19751898464395062	0.1300843429187546	0.2525274961338239	0.22758469244079602	0.19228448386267463
0.1982411396735093	0.1241280617979325	0.2546885488819374	0.21653762358252	0.20640462606410057
0.20447318209002022	0.08346506376372373	0.2738844727894507	0.22180709304131926	0.21637018831548582
0.21977721149539214	0.07879330265773683	0.28731289032039464	0.1984644991014718	0.21565209642500435
0.19711332057920292	0.08158868312221021	0.3179352386287671	0.20627196736781364	0.19709079030200588
0.23821526930830544	0.04065658020655538	0.2821379009744201	0.22483297896198337	0.21415727054873548
0.20819549094798853	0.12899606070618141	0.26836688012462573	0.20628838037709166	0.18815318784411245
0.2084529613336949	0.10576053491109702	0.25730901942647477	0.21472944933412907	0.21374803499460399
0.2066342692191045	0.0832062439267496	0.26642765087552206	0.21442060002517258	0.22931123595345107
0.20744178674731342	0.116892110461644	0.2632753448587017	0.21986068868241448	0.1925300692499262
0.19023743655495454	0.12344022959279692	0.2831067475423439	0.1954796002656268	0.20773598604427762
0.22398695359620238	0.03772828774535619	0.27063469477292357	0.23417117199443543	0.2334788918910822
0.22845306928726547	0.08138557393678328	0.3022325949696603	0.1641530644828216	0.22377569732346908
0.23027740490439572	0.12411232443528308	0.24972120574699458	0.20325298833551167	0.19263607657781473
0.21543517742922141	0.09604287798553936	0.3018105101054276	0.1898781263015299	0.1968333081782815
0.22189553653478353	0.0947916788874829	0.27053594171503126	0.18852158697687552	0.2242552558858266
0.22700216462634773	0.06174562985902299	0.31271726120902466	0.21125916438610137	0.187275779919503
0.21845574624182817	0.07386479885142658	0.29776364129256416	0.21380138177506117	0.19611443183911967
0.22833987689807717	0.06740349110134092	0.3166714332932782	0.19062950282130847	0.19695569588599499
0.20408709353760482	0.07726217496989937	0.3162578774174736	0.18533275798967766	0.21706009608534438
0.22178352619561698	0.1083901344252718	0.2642024234722861	0.1869888445073351	0.21863507139948973
0.19772195849664034	0.057045958463476015	0.3113730463737704	0.20690560881373557	0.22695342785237743
0.2290111809998595	0.12419299946708526	0.2787012738092207	0.17359858520144147	0.19449596052239282
0.1879344721230052	0.12019894081911622	0.266019169584904	0.192049424472162	0.2337979930008123
0.23635549304786296	0.11436337630954573	0.2521091516828354	0.191196961189536	0.2059750177702197
0.20046170968483915	0.053460145977264756	0.30426171152621534	0.23187196059150264	0.2099444722201779
0.23735954215222485	0.08952886404643175	0.28204396576703017	0.19164777266475216	0.19941985536956086
0.21578311023939173	0.05993664097686929	0.29966508643851975	0.23269004614311575	0.19192511620210326
0.22831294823505785	0.1173106711943119	0.250430279163985	0.1902484654122102	0.2136976359944348
0.21789173107163318	0.04285912027694175	0.29541919338233513	0.21642902470901432	0.2274009305600754
0.2327499948029743	0.0650979493871606	0.3069920208198342	0.1717285447262206	0.2234314902638101
0.21333290079159517	0.11188295754243681	0.26037435854099594	0.18362398581169745	0.23078579731327442
0.22541879387149794	0.12902517381549244	0.25789457968370166	0.18973535962399773	0.19792609300531
0.23288328080483148	0.10697133826456467	0.26931986617568104	0.19824601627024413	0.19257949848467842
0.23130028323966073	0.08903121926191013	0.2667836512248589	0.2172155195181459	0.1956693267554241
0.23206124517045137	0.1079290470379889	0.2555983704474879	0.21290050307617975	0.19151083426789184
0.2199682746630712	0.08310950800993863	0.25125915050785447	0.20806702267039537	0.23759604414874008
0.1941704939407389	0.13123354279490823	0.272521198582135	0.19792649629084913	0.2041482683913685
0.19283523488910098	0.046097581203183774	0.3029642496930398	0.2402776613066949	0.21782527290798026
0.2076522360224503	0.05808522498731983	0.30708025710599635	0.20357076847188596	0.22361151341234733
0.21508825947641358	0.07398653068386613	0.27064665445593855	0.21289079172654438	0.22738776365723715
0.2180379354214761	0.11232489339331862	0.2566620647208876	0.2058213075367262	0.2071537989275913
0.21886724075893133	0.10263773593185083	0.28074903739852564	0.20619984825636686	0.19154613765432513
0.2372155293117273	0.11825923652425703	0.27223546817688027	0.18191172373166042	0.19037804225547472
0.229526332775124	0.06327469585234888	0.295991296044886	0.19502796883160944	0.2161797064960315
0.22021090455510559	0.03749825276527688	0.2983557644216813	0.22892541255149068	0.21500966570644525
0.21074868775099062	0.11027018478235891	0.2622055554714703	0.19240958626647497	0.224365985728705
0.1911030599000136	0.09583858049835754	0.2726552983415571	0.20131401007230787	0.2390890511877636
0.21745684398417386	0.1143234851279801	0.25103779966645223	0.22929314758580246	0.1878887236355911
0.2167724384581749	0.08171686846369976	0.2674021943423578	0.19789933670907126	0.23620916202669603
0.18979707606847077	0.10593989565465108	0.28573762641164224	0.17983907870798607	0.23868632315724964
0.19682522902985047	0.06683713042819817	0.3170242650050288	0.20335167435088677	0.21596170118603558
0.23964186829349576	0.0650778732926455	0.3184856438773219	0.17313145952432987	0.2036631550122067
0.19752695161904946	0.04074976895261387	0.31923854393234224	0.22697189121440453	0.21551284428158968
0.23968760827394175	0.0709566475754092	0.3085707120513267	0.17798736984812044	0.20279766225120172
0.1887263440119559	0.10690794433003613	0.26565219555448305	0.22929073062467592	0.20942278547884882
0.22852510559555927	0.106164912109588	0.2520028711703341	0.1946516448978374	0.21865546622668097
0.2166366740990207	0.12085575630475542	0.2716610559583301	0.18135936639689992	0.2094871472409936
0.23345566875929455	0.06799476081573291	0.27153888712584173	0.19831737895576884	0.22869330434336174
0.21659109656579675	0.104162791129261	0.2622547886187556	0.21968832919092218	0.19730299449526423
0.2140078008666653	0.09393421638943397	0.2597370007316947	0.19322246638056653	0.2390985156316393
0.2199677044950218	0.11562217376577624	0.26151813869509494	0.17854335765825577	0.22434862538585099
0.21471909991739588	0.08420161456488845	0.29657326060738076	0.18915007865401587	0.21535594625631882
0.2176309736167598	0.05100514241404633	0.31008220911064177	0.19979244510719535	0.22148922975135651
0.23965840632125068	0.06270046730888534	0.28544789559850225	0.1999333544137343	0.2122598763576272
