0.16612440589780125	0.16950188011705053	0.6643737139851484
0.16571723542903405	0.16729770121682297	0.6669850633541431
0.1666802632925048	0.16592067051593648	0.6673990661915588
0.1648547719843588	0.1685127449401705	0.6666324830754708
0.16670479614293662	0.16854830169201418	0.6647469021650493
0.16557485945825554	0.1661649708217482	0.6682601697199964
0.1659069706385673	0.16663152471238685	0.667461504649046
0.165089307685024	0.16766731557053194	0.6672433767444442
0.16471880834834468	0.17042697345787539	0.66485421819378
0.1654750989874706	0.16685460135339888	0.6676702996591306
0.165581884619847	0.16966278976399923	0.6647553256161539
0.16570201071995605	0.16723424242754575	0.6670637468524983
0.16506723992980385	0.16918885128250422	0.6657439087876921
0.16610530138690432	0.1694292326828507	0.6644654659302451
0.16477542566186854	0.16635738553633916	0.6688671888017925
0.16519430825072712	0.16673731892056703	0.668068372828706
0.1665825920548143	0.1666653067110937	0.6667521012340921
0.16509039740204856	0.16984363360607224	0.6650659689918793
0.16542084551376735	0.16637541124817423	0.6682037432380585
0.16519576888396365	0.16941399051029823	0.6653902406057381
0.16470922828122198	0.16910776221475177	0.6661830095040264
0.16510469207661232	0.17009576459275363	0.6647995433306342
0.165132704008128	0.16719588895585946	0.6676714070360127
0.16652096636053423	0.1674545181607951	0.6660245154786708
0.16670375145361405	0.1691989856371496	0.6640972629092365
0.16617120032400157	0.16823381213451027	0.6655949875414883
0.16466681868160057	0.16929798793377077	0.6660351933846288
0.1654943723621758	0.16654572878201196	0.6679598988558124
0.1660078816009541	0.16772981553411637	0.6662623028649297
0.1654402107055668	0.16893838669427247	0.6656214026001609
0.16538368779650955	0.16641781525754956	0.668198496945941
0.16621304790395086	0.16896621028659453	0.6648207418094547
0.16600905513633146	0.1698537288746625	0.6641372159890062
0.16635743722499635	0.16671072067075274	0.6669318421042509
0.16560828431465224	0.1664904899994457	0.6679012256859022
0.16484863647949316	0.16647958060425044	0.6686717829162565
0.16566796128920308	0.16749891717443144	0.6668331215363656
0.16512187076488816	0.16939204476445013	0.6654860844706618
0.16678263458224574	0.16583850118850307	0.6673788642292513
0.16595190160556922	0.1665287633224969	0.667519335071934
0.16504565786571102	0.16639230299584912	0.66856203913844
0.1656095260135192	0.16637045858098376	0.6680200154054972
0.16468993886649735	0.16735182231236956	0.6679582388211331
0.16632228865991344	0.16948215894317636	0.6641955523969103
0.16571253695086224	0.16676639852967842	0.6675210645194595
0.16512175958587516	0.16815945937718738	0.6667187810369376
0.1666835154539839	0.1672132229938792	0.666103261552137
0.16547671570449307	0.1691507106561786	0.6653725736393284
0.16652460115650164	0.16933044431096905	0.6641449545325294
0.16499441356179378	0.16956444070710106	0.6654411457311052
0.16549346363289916	0.17018116740517897	0.664325368961922
0.16616988579328645	0.16886770296931497	0.6649624112373986
0.16496052103309894	0.16756537188885395	0.6674741070780472
0.16525421655688724	0.16635642287248525	0.6683893605706276
0.16598641465959252	0.1667417742946184	0.6672718110457891
0.16677639246686893	0.16610642775228954	0.6671171797808417
0.16474082375384305	0.16713308264109175	0.6681260936050653
0.16672995406056557	0.16659968680547768	0.6666703591339569
0.16551139271140347	0.16912549764305135	0.6653631096455453
0.16469115454816713	0.17016680843388954	0.6651420370179435
0.1651439244224864	0.1685017197805993	0.6663543557969145
0.16676655983355923	0.1692809967974317	0.6639524433690092
0.16595943428135645	0.16689859436526294	0.6671419713533808
0.1646871398807476	0.167814704368217	0.6674981557510355
0.16519488789048747	0.16642301791058398	0.6683820941989287
0.1648806624390825	0.16772287640385503	0.6673964611570626
0.16618028203297047	0.16909806777759429	0.6647216501894353
0.16473665524336165	0.16822196043205037	0.6670413843245881
0.16546205267219338	0.1697715835055782	0.6647663638222285
0.16591064907123365	0.1686102671557898	0.6654790837729767
0.16545157603764749	0.16563390995763058	0.6689145140047221
0.16604128370222496	0.1672165511492797	0.6667421651484955
0.16530438502024314	0.1657588353565131	0.6689367796232439
0.1652972922095013	0.16879335041852814	0.6659093573719708
0.16679020501397102	0.16832684017168048	0.6648829548143487
0.1652630816207299	0.1701688342839796	0.6645680840952906
0.16500204917684408	0.16608362183860514	0.6689143289845509
0.1652554737360997	0.16859378481375742	0.6661507414501431
0.16635459260174967	0.1666914814306699	0.6669539259675805
0.16637198783968662	0.16825217103105522	0.6653758411292583
0.1654958041273184	0.16866465003640518	0.6658395458362765
0.16583973556285547	0.1680789836460671	0.6660812807910775
0.165348936308854	0.1693256943449291	0.6653253693462171
0.1646570168734677	0.16907939936020017	0.6662635837663322
0.1660299305173628	0.16601486697120071	0.6679552025114366
0.16641426381419097	0.1683700636790358	0.6652156725067734
0.1667793743796482	0.1672185608354551	0.6660020647848968
0.16471361776293886	0.17003363703239546	0.6652527452046658
0.16516020211618174	0.16950105427625567	0.6653387436075627
0.1661402567151319	0.16844184247842992	0.6654179008064383
0.1664359953327054	0.1656741398304116	0.6678898648368832
0.16662055545427643	0.16792677499361722	0.6654526695521065
0.16668159545524824	0.16640446847825818	0.6669139360664937
0.16517341219697787	0.16988478782123678	0.6649417999817855
0.16636168442308266	0.16631743095189347	0.667320884625024
0.16483281568725477	0.1683075677932745	0.6668596165194709
0.16532594913565285	0.1704238808130169	0.6642501700513304
0.16542389302681174	0.1661896705829205	0.6683864363902678
0.16490875421653944	0.16712456983476018	0.6679666759487005
0.16470794812039163	0.16857234644971805	0.6667197054298903
0.16645885662683835	0.1692183036661634	0.6643228397069985
0.16657855198804067	0.16620881658608355	0.667212631425876
0.1662185550165957	0.16938523592458862	0.6643962090588158
0.16672166937343924	0.16778327897529205	0.6654950516512689
0.16593234055920883	0.16892420897264504	0.6651434504681463
0.16528612917466917	0.16943216516674925	0.6652817056585816
0.16564260512024923	0.16998125041593165	0.6643761444638192
0.16509546984402212	0.16779586880281794	0.66710866135316
0.16677151357614517	0.16566306973675185	0.6675654166871031
0.16632943791777097	0.16678199984977762	0.6668885622324516
0.16561159496150452	0.16590248257341061	0.668485922465085
0.1653288947761991	0.1657543791644035	0.6689167260593976
0.16534833221497866	0.16669313855572232	0.6679585292292991
0.16548517536531054	0.1689976820697651	0.6655171425649244
0.1662611890199457	0.16661666726402646	0.667122143716028
0.16678243051124228	0.16601345038270937	0.6672041191060485
0.1665464005277718	0.16692743180414438	0.666526167668084
0.16545315693442633	0.1685636282820081	0.6659832147835656
0.16677475502780353	0.16573317329116205	0.6674920716810345
0.1648511553182345	0.16631669879154093	0.6688321458902247
0.16594144728725466	0.16969522921855618	0.6643633234941893
0.16626508353560246	0.1657058708827254	0.6680290455816723
0.1653861352446881	0.16863304602925733	0.6659808187260547
0.16545471235004375	0.169595712421157	0.6649495752287994
0.16535793881221317	0.1678211442409644	0.6668209169468226
0.16677432744023846	0.16690200411209283	0.6663236684476689
0.16641102206671687	0.16900647227952525	0.664582505653758
0.16538383286705433	0.17007058004675799	0.6645455870861878
0.16661924862108135	0.16603456830158397	0.6673461830773348
0.16654134846179974	0.16586344939846462	0.6675952021397358
0.16679342611970152	0.1663655607874301	0.6668410130928686
0.1646750232906378	0.16912690865934615	0.6661980680500161
0.1663847436187379	0.16818875137155248	0.6654265050097097
0.16534998653006586	0.16609142203310479	0.6685585914368295
0.16464187245055084	0.17007541003072557	0.6652827175187237
0.16565352949180792	0.16802696138021272	0.6663195091279794
0.1667712160361699	0.16744576610303635	0.6657830178607937
0.16496590233525932	0.1672271614570489	0.6678069362076919
0.1655121806649606	0.16618012076823374	0.6683076985668058
0.1658904025508323	0.1683066519628807	0.665802945486287
0.16559219023674362	0.1668694819231672	0.6675383278400893
0.16581549745588	0.16694211313702517	0.6672423894070949
0.16568764456511545	0.1675621308648692	0.6667502245700154
0.16578670821871888	0.16886541047604448	0.6653478813052367
0.1649701009280983	0.16940477916466412	0.6656251199072377
0.1648466655403676	0.16706110177591754	0.668092232683715
0.16563401406976666	0.16609218697581252	0.668273798954421
0.1657076315085938	0.16907022855595163	0.6652221399354548
0.1665151572079394	0.16649324282824096	0.6669915999638198
0.16602427628935942	0.166180876890244	0.6677948468203967
0.16470154778101875	0.1689952170811717	0.6663032351378098
0.16629011703313532	0.16607386280224185	0.667636020164623
0.1653795592158653	0.16883091115770538	0.6657895296264295
0.16667461475348633	0.16843099897337754	0.6648943862731362
0.1651309616502789	0.17003767996054028	0.664831358389181
0.16581481111042806	0.1662492463951285	0.6679359424944435
0.1662981309176666	0.16873608593167524	0.6649657831506584
0.1658431395059588	0.16997255444799036	0.6641843060460509
0.16513712535753186	0.16594537568383316	0.6689174989586351
0.16557898109111385	0.16941476367123065	0.6650062552376557
0.16557443624933418	0.16915122680976497	0.665274336940901
0.16627892997466454	0.16631559767840354	0.667405472346932
0.16642819441178186	0.1680697522940597	0.6655020532941586
0.1651239002121292	0.16857822002275494	0.666297879765116
0.16589228537533932	0.16867634947796778	0.665431365146693
0.1657436095165448	0.16855304869110171	0.6657033417923537
0.16638247670051634	0.16918875286738408	0.6644287704320997
0.16640759180412285	0.16588576184938075	0.6677066463464965
0.1654767410497703	0.17000599044992792	0.6645172685003018
0.1651239001939394	0.16850800987673906	0.6663680899293216
0.16513039877835012	0.1680670467058678	0.6668025545157822
0.16473965211182626	0.1684027335534677	0.6668576143347061
0.1661088685412487	0.16966409763448387	0.6642270338242675
0.16482372454556216	0.16999370847675815	0.6651825669776799
0.16564539223311214	0.1680204717710681	0.6663341359958199
0.16620370113088748	0.1663746107291384	0.6674216881399742
0.1664461535210834	0.16580201163224795	0.6677518348466688
0.16605089857188707	0.1700195838141504	0.6639295176139627
0.16515835767039397	0.1668265981734674	0.6680150441561388
0.16538748607753648	0.16862120860950242	0.6659913053129612
0.1651975630863837	0.16930773700509258	0.6654946999085238
0.16586815719397113	0.1693966626429376	0.6647351801630914
0.16490485909533284	0.1661489883646811	0.6689461525399862
0.16487903606351706	0.16698249823723	0.6681384656992531
0.16571029009563326	0.1674186848994243	0.6668710250049426
0.16543681665757448	0.16678923983537708	0.6677739435070486
0.16525111230136752	0.16572257116605915	0.6690263165325735
0.16495046957358558	0.16727291178193526	0.6677766186444792
0.166779868683258	0.16763229624898207	0.66558783506776
0.1659599395870814	0.16779865278246084	0.6662414076304579
0.1655688815064413	0.16560985202041587	0.668821266473143
0.16532699815125923	0.16563171949401975	0.6690412823547212
0.16679720433357476	0.16905338856887747	0.6641494070975479
0.16565429631521733	0.1693275866070401	0.6650181170777427
0.16531364700520346	0.16839682496723823	0.6662895280275585
0.16463848164551137	0.16740367998328093	0.6679578383712078
0.1656302455544761	0.16570238195642922	0.6686673724890948
0.16630902945676618	0.1678001092145904	0.6658908613286436
0.16664406008883298	0.16845749164349544	0.6648984482676716
0.16462774007469222	0.16821719008259617	0.6671550698427118
0.16548280891217143	0.16673498567651968	0.6677822054113091
0.1666342441275878	0.16762838466565633	0.665737371206756
0.16525745306235032	0.16793433703795022	0.6668082098996996
0.1659474223894306	0.16643234633675227	0.6676202312738173
0.16519001494016977	0.17047917718934222	0.6643308078704881
0.16513650783418538	0.1691603880062001	0.6657031041596146
0.1648280236573881	0.16619370791501537	0.6689782684275967
0.16511978755157608	0.16852599784025946	0.6663542146081646
0.1655238927606504	0.16633036101648913	0.6681457462228606
0.16543008448086804	0.16890947224268116	0.665660443276451
0.16551059614046076	0.17001443380213	0.6644749700574093
0.16622342218395192	0.16918418326443202	0.6645923945516162
0.16599800861075117	0.16576149851006178	0.6682404928791872
0.16579175514836347	0.16903221573301752	0.6651760291186191
0.16469091513709788	0.1699598770758703	0.665349207787032
0.16621400581204082	0.16935239044847428	0.6644336037394849
0.16460974843444054	0.169340011643769	0.6660502399217906
0.16477731548730606	0.16965522976948672	0.6655674547432073
0.16593287160452258	0.16759733484043002	0.6664697935550474
0.16570602974126197	0.1687922385749967	0.6655017316837415
0.16475991145873192	0.166924294966196	0.6683157935750722
0.16666989968986295	0.16578342184253583	0.6675466784676013
0.16499836949457142	0.16918785274467535	0.6658137777607533
0.16630760855355106	0.1664769687661073	0.6672154226803417
0.16641287531281615	0.16637192675327178	0.6672151979339122
0.16490086443894242	0.16696972585362774	0.66812940970743
0.16674349002691743	0.16918011804017646	0.6640763919329062
0.1664703992021742	0.1689682435035449	0.664561357294281
0.1652332797188529	0.16928582891009314	0.6654808913710542
0.1648724668645706	0.16880788777635491	0.6663196453590746
0.16561788996823104	0.1682449932400852	0.6661371167916839
0.1653802479282047	0.16833856367071215	0.6662811884010833
0.16663047688263916	0.16798639474462485	0.665383128372736
0.1650101649839575	0.16965498739209323	0.6653348476239493
0.16474955000161967	0.16711815164034552	0.6681322983580349
0.16548291824957895	0.1657978611636491	0.668719220586772
0.1652031307085139	0.1704308356042361	0.6643660336872501
0.16544707732893554	0.1690381163091058	0.6655148063619587
0.16609122227812717	0.1688021175637018	0.6651066601581712
0.16498134240043463	0.16660123859387826	0.6684174190056872
0.16506426279395578	0.1669959450271078	0.6679397921789365
0.1664218222999291	0.16950209249503945	0.6640760852050316
0.16507772259029174	0.169699278100327	0.6652229993093814
0.16581603410882687	0.16995181877925472	0.6642321471119186
0.16659336041242861	0.16866548734573023	0.6647411522418413
0.1667619577298728	0.16697670607068668	0.6662613361994407
0.1648298423329251	0.16750756773897651	0.6676625899280986
0.16574271943115373	0.16741576156857527	0.6668415190002712
0.16517805629645807	0.16698755643924165	0.6678343872643004
0.16669271825632367	0.16734418340886847	0.6659630983348079
0.16617714023619265	0.16859731582531362	0.6652255439384938
0.16503456642194705	0.16921659357094726	0.6657488400071058
0.16458629348843273	0.1699446028992218	0.6654691036123456
0.16542234044279502	0.16975945730469996	0.6648182022525051
0.16519714155725695	0.1670466447991955	0.6677562136435478
0.16507488524981268	0.17045487291948663	0.6644702418307008
0.16466107291876922	0.16905834814292608	0.6662805789383048
0.16473919273006418	0.16899623471291447	0.6662645725570215
0.16565470993777007	0.17011461808966943	0.6642306719725606
0.1646772069553706	0.16923790283802453	0.666084890206605
0.16671715944621412	0.16635599733501313	0.6669268432187728
0.16674649750737808	0.1688549471510789	0.6643985553415431
0.1659764504254903	0.16964450609017784	0.664379043484332
0.16536114752553938	0.16902227828855654	0.6656165741859043
0.16530174556348862	0.1682756317456286	0.6664226226908829
0.16496785180037157	0.1699657268187943	0.6650664213808343
0.16621941404070592	0.16933509739712393	0.6644454885621702
0.1660120785939645	0.16939094216626427	0.6645969792397715
0.16505265810816366	0.1691325845653363	0.6658147573265001
0.16660425785914953	0.16712685479432196	0.6662688873465286
0.16616161828890175	0.16833718028899436	0.665501201422104
0.16473227190623668	0.1669684010143121	0.6682993270794513
0.16640261988328023	0.16626244100990023	0.6673349391068197
0.16528700957800338	0.1670824560974121	0.6676305343245846
0.16471823446662373	0.16925230983689205	0.6660294556964843
0.166433848853796	0.16558307089764743	0.6679830802485567
0.16553725482168605	0.16833415405310648	0.6661285911252075
0.16529899959893934	0.1689555050916533	0.6657454953094075
0.16519288457229123	0.16688943848727705	0.6679176769404318
0.1655691150942112	0.16780130272355254	0.6666295821822363
0.16634344570930948	0.16879436159623085	0.6648621926944598
0.1656051939610701	0.17008456155684176	0.6643102444820883
0.16570966854159142	0.16991021694303488	0.6643801145153738
0.1659770621537454	0.16595862544968398	0.6680643123965707
0.16608497426818422	0.16763100529782268	0.6662840204339933
0.16487884420773477	0.16905653048984537	0.66606462530242
0.16558194793440828	0.1659642001267269	0.668453851938865
0.16567247063735807	0.16933603688681587	0.6649914924758262
0.1653113674179298	0.16741020158372605	0.6672784309983443
0.16626369932662366	0.16913921697493944	0.664597083698437
0.16495191426353448	0.16869941129261673	0.6663486744438489
0.16504781859303821	0.16958964744927535	0.6653625339576865
0.16679360030148224	0.16690051196423805	0.6663058877342798
0.16469695143094593	0.16757654311063155	0.6677265054584227
0.16659938209890315	0.16590653627237317	0.6674940816287238
0.1649869947478949	0.1672120654076496	0.6678009398444555
0.16467122305176396	0.16899843188864158	0.6663303450595945
0.16496384415389104	0.16998673480217785	0.6650494210439313
0.16469928888835222	0.16746848158051555	0.6678322295311323
0.16578077650483003	0.1687176486132705	0.6655015748818995
0.16544728601293424	0.16875345201091163	0.6657992619761542
0.165114510430197	0.16815822279995277	0.6667272667698503
0.16676394679857057	0.1671244888543318	0.6661115643470977
0.16588486205558572	0.1700788372595336	0.6640363006848808
0.1658206460952753	0.1695770011188321	0.6646023527858926
0.16513839003842365	0.1694754802359933	0.6653861297255832
0.1652262788036289	0.1698752171648339	0.6648985040315374
0.16542451555458085	0.16624855712745737	0.6683269273179618
0.16549896369366066	0.17002589506659002	0.6644751412397494
0.16524718637720143	0.16805612729059996	0.6666966863321988
0.16536898149200496	0.1665043066030265	0.6681267119049686
0.16496479719661888	0.1682277794507383	0.666807423352643
0.16631250137236242	0.1675263440899122	0.6661611545377255
0.16484725180500856	0.1692654725372754	0.6658872756577161
0.1665188343867392	0.16618666940264099	0.66729449621062
0.16546826642166423	0.16997264610867102	0.6645590874696649
0.16625003364299118	0.16678493227752994	0.666965034079479
0.16556985756510778	0.1697392582350733	0.6646908841998191
0.16575370835720724	0.16953727529330062	0.6647090163494922
0.16585473108199442	0.16965692039859154	0.6644883485194142
0.16529023867479165	0.1686426607955579	0.6660671005296506
0.16620271631313385	0.16760813930890373	0.6661891443779626
0.16544694321111275	0.1668191321607353	0.6677339246281521
0.16610479631288322	0.16945687781685106	0.6644383258702659
0.16531599272047173	0.1695623226968899	0.6651216845826384
0.1656346060010032	0.16802430689566802	0.666341087103329
0.166773744586437	0.16639635174884915	0.666829903664714
0.165817019387437	0.1692617760867883	0.6649212045257749
0.165796268743785	0.16962403338959675	0.6645796978666183
0.16607348697759627	0.16691929145876	0.6670072215636438
0.1656956027236586	0.16906096083445482	0.6652434364418867
0.1664194161590074	0.16743761267575702	0.6661429711652358
0.16593105069000696	0.16881064530858836	0.6652583040014048
0.16483569338736492	0.16982362338997492	0.6653406832226603
0.1654130297149366	0.16829775524599827	0.6662892150390652
0.165247443452734	0.16595446797724112	0.6687980885700251
0.16524333159595633	0.16953120695108254	0.6652254614529612
0.16640384389332047	0.16893423374624894	0.6646619223604306
0.16489894444624723	0.16981214983673948	0.6652889057170135
0.1657097635990457	0.1679701356277747	0.6663201007731797
0.1647053957061958	0.16661000550076438	0.6686845987930399
0.16597181061158933	0.16817914126865052	0.6658490481197603
0.16518009545846782	0.1664902748917661	0.6683296296497663
0.1656367397638962	0.16703398165812933	0.6673292785779746
0.16589673807013244	0.1672310308024924	0.6668722311273754
0.16539705460159448	0.16572382506573413	0.6688791203326715
0.16471440372141072	0.1676491030920254	0.6676364931865639
0.16617038754879046	0.16657040323022226	0.6672592092209874
0.16646869703508418	0.16774525625224862	0.6657860467126673
0.16531965760786307	0.16899805183384764	0.6656822905582895
0.16589827169239565	0.16953597240836255	0.6645657558992419
0.16649045851849667	0.16764630659356197	0.6658632348879414
0.16588915612238458	0.16732649417984524	0.6667843496977703
0.16486999726724738	0.16899576795910726	0.6661342347736454
0.16604846236859283	0.1660874454100585	0.6678640922213488
0.1646663548183093	0.16759962894340458	0.6677340162382862
0.16539356115880285	0.16985118101885266	0.6647552578223446
0.16590116105916097	0.16839280612877794	0.6657060328120612
0.1651092339480717	0.16761202148415022	0.6672787445677781
0.16650578673943534	0.16583400137564686	0.667660211884918
0.1659101907272651	0.16712751099167206	0.666962298281063
0.16588432122505004	0.16988971520729954	0.6642259635676505
0.16592685195795914	0.16587486878233948	0.6681982792597014
0.1659244482816918	0.16969429826167415	0.6643812534566342
0.1653713017800535	0.16952756203946312	0.6651011361804835
0.16610800255459632	0.16848129922471747	0.6654106982206863
0.16553514370718636	0.16801400981290793	0.6664508464799058
0.1662136653540588	0.16783122354466035	0.6659551111012809
0.165956288334503	0.166556207077013	0.6674875045884842
0.16631947079258638	0.16562560035286883	0.668054928854545
0.1658847348890131	0.16731041242499795	0.6668048526859891
0.16620119575095288	0.1671911654232604	0.6666076388257869
0.16562016293258505	0.16941470157785363	0.6649651354895615
0.16533610924673545	0.16999334874369804	0.6646705420095667
0.16548685967110294	0.16979186730699525	0.664721273021902
0.16647123815625323	0.16926558346973172	0.6642631783740152
0.1646033528773531	0.170288403219852	0.6651082439027951
0.16557618974891009	0.16858085629482128	0.6658429539562687
0.16610741425904238	0.16800009735527868	0.665892488385679
0.16513469606621015	0.1697338482953297	0.6651314556384602
0.16522874681232524	0.16892562398001484	0.66584562920766
0.1655550853642064	0.1669428326507268	0.6675020819850669
0.1660115931183071	0.16693018165184	0.667058225229853
0.1653623703299078	0.1663101153135915	0.6683275143565008
0.16534226593447798	0.16689744392862166	0.6677602901369004
0.16590435037914975	0.16764682615704757	0.6664488234638029
0.16649293411490945	0.16702117254261817	0.6664858933424724
0.16511592036135733	0.1691013526767559	0.6657827269618869
0.16534220698046453	0.16894327985159902	0.6657145131679366
0.16537691330908547	0.1686441115681098	0.6659789751228049
0.1656171725117162	0.16801464747072026	0.6663681800175636
0.16482249629205728	0.16990080155277137	0.6652767021551714
0.16507217796763876	0.16647698203191555	0.6684508400004459
0.1654561952812626	0.16758294947723784	0.6669608552414996
0.16613829112916215	0.16595745054132205	0.6679042583295158
0.16544548729437414	0.16718184462326263	0.6673726680823634
0.1645904894512502	0.1704269198574216	0.6649825906913283
0.16481228823194619	0.16642643202271024	0.6687612797453437
0.16538005372876727	0.1659093712114808	0.6687105750597521
0.16657806053304675	0.169007298585171	0.6644146408817824
0.16470952014433404	0.16844964990706623	0.6668408299486
0.1654284063390219	0.16751204062425828	0.6670595530367199
0.1654779388382039	0.16762583646333326	0.666896224698463
0.16618603378593	0.16931064388401318	0.6645033223300569
0.16611616486310118	0.1678411378307838	0.6660426973061151
0.16509299599584765	0.16867827567972524	0.6662287283244273
0.16615643663390914	0.16822906142898278	0.6656145019371082
0.16608957029578453	0.16948285751206482	0.6644275721921508
0.16479518114716404	0.1678503383259743	0.6673544805268617
0.16613983307190072	0.16777965545149992	0.6660805114765995
0.16487631033891267	0.16618912503928598	0.6689345646218015
0.16485815282075642	0.1693249032676384	0.6658169439116053
0.16548023526066727	0.16659136480265785	0.667928399936675
0.16459057649356362	0.16639787551434193	0.6690115479920946
0.16636691193935857	0.1663385014096115	0.66729458665103
0.16669523875525236	0.1692445273722423	0.6640602338725055
0.16552351442468796	0.16829930349359587	0.6661771820817164
0.16519430479840358	0.16799905521902758	0.666806639982569
0.1650721142063297	0.1697540915492653	0.6651737942444051
0.1658560426155404	0.168295658947334	0.6658482984371258
0.16500668974742533	0.16766470552571666	0.6673286047268581
0.16620940151773242	0.16760082972388046	0.6661897687583873
0.16469501554397478	0.16702778151998876	0.6682772029360367
0.1658057521013971	0.16756220165605584	0.6666320462425471
0.1662682276590714	0.16713027709821804	0.6666014952427106
0.16542942476538805	0.16632266964106363	0.6682479055935484
0.1660037013483513	0.16584622846226565	0.6681500701893832
0.16623058035182206	0.1679446646912405	0.6658247549569376
0.16667222923727895	0.16667784426197066	0.6666499265007505
0.16573794184647095	0.16999944675092613	0.6642626114026031
0.16492736757305995	0.16684293146254833	0.6682297009643918
0.1663877808196773	0.16614314979463748	0.6674690693856853
0.16545958720173456	0.16986708551863072	0.6646733272796348
0.1662659109187812	0.16720082119260585	0.6665332678886131
0.16548341972312974	0.16711259297477032	0.6674039873021
0.1646760873018024	0.16784974049193851	0.6674741722062592
0.1663175286680911	0.16657996197866648	0.6671025093532426
0.16519322750082874	0.17036700881379713	0.6644397636853743
0.16553910884503015	0.17033794125851578	0.6641229498964543
0.16467691603225837	0.16869395942156212	0.6666291245461797
0.16609544875558807	0.16894384051614308	0.6649607107282689
0.16485801428283575	0.1694264665749743	0.6657155191421902
0.16477719966015317	0.16683330502164623	0.6683894953182007
0.16554379214391327	0.16952407604128505	0.6649321318148018
0.16632509055893385	0.16754135619208327	0.6661335532489829
0.1648709696319153	0.16611918004202453	0.6690098503260603
0.16598743029761875	0.1675794600636906	0.6664331096386908
0.16584134418181926	0.1702330911032615	0.6639255647149194
0.16557566480449826	0.1670530762235949	0.667371258971907
0.1664954109783101	0.16717760683882193	0.6663269821828681
0.16605343793856453	0.1664668263578949	0.6674797357035407
0.16582635083723052	0.16622382569784616	0.6679498234649235
0.16534936342053014	0.1659309571801738	0.6687196793992962
0.16634981084587536	0.16941921923437286	0.664230969919752
0.1661059298344574	0.16805730851859457	0.6658367616469482
0.16466399209524873	0.16727078907563314	0.6680652188291182
0.16476638827813836	0.16826922230420394	0.6669643894176578
0.16587536215313511	0.1658041239853376	0.6683205138615274
0.16588582820852937	0.169253345681654	0.6648608261098168
0.1652763116840547	0.1683870675133856	0.6663366208025598
0.1650814605109162	0.1661847150060674	0.6687338244830165
0.16610168065200326	0.1664247785132177	0.6674735408347792
0.16653104600341342	0.1684844429361705	0.6649845110604162
0.16639316256187003	0.16700767692234136	0.6665991605157887
0.16650139429488212	0.1665190384588049	0.6669795672463131
0.16468276210232924	0.1668801443917407	0.6684370935059302
0.16597160095403238	0.16730449893328747	0.6667239001126803
0.16490918309313135	0.1667459439112104	0.6683448729956585
0.16570585533858764	0.16711321704767867	0.6671809276137337
0.1645882814255457	0.1679612498142577	0.6674504687601968
0.1660645718874411	0.1695410957846339	0.6643943323279251
0.16673367864562164	0.1691842003880657	0.6640821209663128
0.16603385950553678	0.1683778017843594	0.6655883387101039
0.16484789789906593	0.16771165664678683	0.6674404454541474
0.16530491966833324	0.1689960359305378	0.665699044401129
0.16568052120527155	0.16789369786560765	0.666425780929121
0.16581632554976256	0.16883313903910424	0.6653505354111333
0.16585312695297916	0.1686770463638536	0.6654698266831673
0.16536380999799657	0.1664547969440825	0.668181393057921
0.16501429480277718	0.1695086251621783	0.6654770800350446
0.16527426894530728	0.16633658819753594	0.6683891428571569
0.1648880437136333	0.1688918010627103	0.6662201552236565
0.16621048284231654	0.16767555040010568	0.666113966757578
0.16472839632816852	0.17029860081411444	0.6649730028577172
0.16658207062879005	0.16946653614339552	0.6639513932278145
0.16570783324009694	0.16850363768770724	0.6657885290721959
0.16640794352015176	0.16625120609535465	0.6673408503844938
0.16538274109323248	0.16897664743212498	0.6656406114746427
0.1647905039719769	0.16986354245602361	0.6653459535719997
0.16595930138117077	0.16715488182313723	0.6668858167956921
0.16508176109921613	0.16765996268829436	0.6672582762124897
0.16500298963460314	0.1662973410254541	0.668699669339943
0.16523680919879405	0.16714456228091218	0.6676186285202939
0.1653645242099834	0.16753174728320147	0.6671037285068153
0.16654129938289222	0.1689183211141067	0.6645403795030012
0.16518652272301518	0.16971045035648477	0.6651030269205002
0.16476485990138845	0.16802017467765223	0.6672149654209594
0.1654069212941151	0.1679796753616441	0.6666134033442409
0.16645346960423213	0.16709641575471185	0.6664501146410562
0.16673940139260263	0.16559859420833442	0.6676620043990631
0.16492829053583524	0.1696346160688213	0.6654370933953436
0.16568149935215942	0.16673045907785508	0.6675880415699856
0.16462688854160318	0.1672566023202569	0.66811650913814
0.16496199581957838	0.17040987879796662	0.6646281253824551
0.16601541792655983	0.1685923938973068	0.6653921881761335
0.16558613107565556	0.16752393386252953	0.666889935061815
0.16675111070130474	0.16663264285101342	0.6666162464476819
0.16480063678317858	0.16745907370668078	0.6677402895101407
0.16637396072421867	0.16748275314671635	0.666143286129065
0.16548728968440293	0.16739987941363027	0.6671128309019669
0.16557391302248403	0.1693820906034607	0.6650439963740554
0.165796473049828	0.1689779800924467	0.6652255468577255
0.1649312137654688	0.1691290030428382	0.6659397831916931
0.16644968243850936	0.16709499053710797	0.6664553270243828
0.16655136584938304	0.16570521616572673	0.6677434179848902
0.16545910999526298	0.16581441651511708	0.6687264734896201
0.1660913560948336	0.16617818982011162	0.6677304540850548
0.16519922581305124	0.16776102323792028	0.6670397509490286
0.1667193179378739	0.1661760060684649	0.6671046759936614
0.16530456948638728	0.16720563667260482	0.667489793841008
0.16544199114709468	0.16638798477856942	0.668170024074336
0.165340690286696	0.16624095583237164	0.6684183538809325
0.16679601376747005	0.16821696447374035	0.6649870217587898
0.1653041256582647	0.1692626565479651	0.6654332177937703
0.1646702172335204	0.17041759950175916	0.6649121832647206
0.1649656841835465	0.1679506212220513	0.6670836945944023
0.1647201968670534	0.16877403890508255	0.6665057642278642
0.16616280910873216	0.16920863378682066	0.6646285571044473
0.1649526066664791	0.16739506896089928	0.6676523243726218
0.16473993468148343	0.16774487169766475	0.6675151936208519
0.16660912856971277	0.16570682203450363	0.6676840493957837
0.1659208945390619	0.16802406326492386	0.6660550421960144
0.16678008969110794	0.1671065568563615	0.6661133534525308
0.16651378453130355	0.16722083054031614	0.6662653849283804
0.16611384575938293	0.1692930215600804	0.6645931326805368
0.1667367003990978	0.16610913251107756	0.6671541670898248
0.16649877699320623	0.1692882218313585	0.6642130011754354
0.16639174725303985	0.1677865285044039	0.6658217242425564
0.1662767354518876	0.16897932702080065	0.6647439375273119
0.16494937250560732	0.169799766636331	0.6652508608580618
0.16677716809520735	0.1663131316693235	0.6669097002354694
0.1666295869743848	0.1661048872674623	0.667265525758153
0.16466321606393894	0.17047892284258237	0.6648578610934788
0.1646584932454911	0.17032383792877626	0.6650176688257328
0.16587835553948813	0.1659474463287431	0.6681741981317689
0.16496423794958345	0.1682231792936201	0.6668125827567966
0.16513370039734487	0.1661217190348641	0.6687445805677912
0.16540185478080682	0.1680572507272658	0.6665408944919275
0.16509711885360387	0.1675842557718638	0.6673186253745325
0.1659037581268032	0.16937096638802632	0.6647252754851706
0.16571926169055895	0.16777231534364395	0.6665084229657972
0.16526893975787063	0.1683362123269207	0.6663948479152088
0.16615793639091453	0.16920512212085956	0.664636941488226
0.16654929638827953	0.1685908595288627	0.6648598440828579
0.16657377020192493	0.1672505761652298	0.6661756536328454
0.16474079395656133	0.17055299094046988	0.6647062151029689
0.16465217761266196	0.1669164804186391	0.6684313419686991
0.16510228588155162	0.16925464195400675	0.6656430721644417
0.1649904666898466	0.16861628652300653	0.666393246787147
0.16553286460579228	0.16821826395661726	0.6662488714375906
0.16544188441225738	0.16761735046097193	0.6669407651267708
0.16462404466756325	0.16875583306295439	0.6666201222694825
0.16530733046306695	0.1693990295497252	0.665293639987208
0.16657524677349647	0.168709892470973	0.6647148607555307
0.164614196749751	0.17023459575989303	0.6651512074903561
0.16604297205308693	0.16795907349791878	0.6659979544489945
0.16469390746199652	0.16714863081779982	0.6681574617202037
0.16644013680738917	0.16667440885626472	0.6668854543363463
0.16504675465257404	0.1663485698751118	0.6686046754723143
0.166230325400889	0.16858950126070665	0.6651801733384045
0.16582254475273225	0.16847077800623325	0.6657066772410347
0.1657705697288215	0.16827201491944538	0.6659574153517333
0.16540630197825104	0.16853138020973957	0.6660623178120095
0.16650236603167873	0.16763663663716305	0.6658609973311584
0.16654048535827246	0.1671862739570678	0.6662732406846599
0.16559054269777446	0.16927957072754793	0.6651298865746778
0.16536822345698088	0.16624176349660147	0.6683900130464178
0.16482710262971226	0.168999574225681	0.6661733231446069
0.1646527210976753	0.16806946879793333	0.6672778101043915
0.16549793725129583	0.1677441046659916	0.6667579580827127
0.16485136141427426	0.16908781216547955	0.6660608264202463
0.16464748821298675	0.1701434302024119	0.6652090815846015
0.166198518074186	0.16617616305412825	0.6676253188716859
0.16469847397232035	0.17057721499126477	0.664724311036415
0.16654680071323263	0.16931351393499006	0.6641396853517774
0.16525481063084813	0.16973886181220232	0.6650063275569497
0.16594214724361045	0.16918163668738356	0.6648762160690062
0.16673466124315744	0.16581871986800373	0.6674466188888389
0.1663320284089957	0.16764098472393374	0.6660269868670707
0.16538378777724097	0.16634483271491787	0.6682713795078412
0.16630723831016683	0.169621840380154	0.6640709213096794
0.1653072194567171	0.17019577950904308	0.6644970010342399
0.16548012382141042	0.16819806688344235	0.6663218092951473
0.1658786791958817	0.16677103065044027	0.6673502901536781
0.1651675874964743	0.17009982939708923	0.6647325831064366
0.16494056861778503	0.1684814031109546	0.6665780282712606
0.1659597256102008	0.16629411832632068	0.6677461560634785
0.1657202906479331	0.1663735891797423	0.6679061201723248
0.16641392582408993	0.16761091013573448	0.6659751640401756
0.1659912728851885	0.16716998753957454	0.6668387395752371
0.16550786703499443	0.16679910276712145	0.6676930301978843
0.16601138240199503	0.1673638323913094	0.6666247852066958
0.16572624228262134	0.16587937934846286	0.6683943783689159
0.16655120100442827	0.16798236178231313	0.6654664372132587
0.16635302897828408	0.16944107012374357	0.6642059008979725
0.16633004022491396	0.16722269273195506	0.6664472670431311
0.16481525756532825	0.166883240608329	0.6683015018263428
0.16490284874379113	0.16677440113894176	0.6683227501172673
0.16628584647417524	0.16596294772882264	0.6677512057970023
0.16586074702811193	0.1695219245346357	0.6646173284372525
0.16608261604045532	0.16802969685863006	0.6658876871009147
0.16510136719019725	0.16737172443871473	0.6675269083710882
0.16507286500556217	0.1661102827196999	0.668816852274738
0.16674049939642838	0.16586937855800382	0.6673901220455678
0.16524015616623416	0.16592674148740666	0.6688331023463593
0.16545763672592212	0.16883057903578125	0.6657117842382968
0.16569754200243794	0.1661356631490959	0.6681667948484664
0.16523525881272091	0.16858543707394297	0.6661793041133361
0.16634108628200156	0.16878135250334136	0.6648775612146571
0.16651311129870272	0.16701186634255327	0.6664750223587441
0.16494025065102672	0.16772926202396027	0.6673304873250132
0.16574469505983194	0.16575112795219443	0.6685041769879737
0.16592363239804753	0.1680864936830944	0.6659898739188582
0.16508632004418416	0.16910048738639688	0.6658131925694191
0.16675167418154346	0.1664035248148456	0.666844801003611
0.16582504239308218	0.16600853640120408	0.6681664212057138
0.16656341183500273	0.1663534592115956	0.6670831289534017
0.1650481777945927	0.16870936680423848	0.666242455401169
0.16555337263895087	0.16936305265839374	0.6650835747026556
0.1658303455633293	0.16847596832297684	0.665693686113694
0.16579131662321664	0.16572634149379667	0.6684823418829868
0.1646684294052602	0.16854408605522897	0.666787484539511
0.1656536044515654	0.16685879162253325	0.6674876039259015
0.1661056571453582	0.16589143859459451	0.6680029042600474
0.16544022471317973	0.16757755307774957	0.6669822222090709
0.16482512353475887	0.16934356431612918	0.6658313121491121
0.1655588909924789	0.16559731831378327	0.668843790693738
0.16464854102175833	0.1663670861657056	0.6689843728125362
0.1652380075554162	0.16665117238199706	0.6681108200625869
0.16609315523657717	0.16735365246684328	0.6665531922965797
0.16462822919107342	0.17004419519132893	0.6653275756175978
0.16564248633305206	0.16710964789581959	0.6672478657711285
0.16576203584311347	0.1675422353433893	0.6666957288134974
0.16560310046038776	0.16590253807432548	0.668494361465287
0.16510100134396322	0.17011735239883713	0.6647816462571998
0.1652241834790566	0.1697050610651188	0.6650707554558247
0.16626323061229095	0.16697219886250847	0.6667645705252007
0.16555664985488516	0.16556803463476968	0.6688753155103453
0.16459023243422982	0.16850550224122846	0.6669042653245418
0.16554777599336123	0.16569064636011593	0.668761577646523
0.1651381390710685	0.1670419898382041	0.6678198710907275
0.16674821636654155	0.16625327109330268	0.6669985125401559
0.16502244674574265	0.166384974653462	0.6685925786007956
0.1667557437547257	0.16634217963933515	0.6669020766059393
0.16666985301375636	0.1687211716238727	0.664608975362371
0.1650068937160251	0.16768626869279363	0.6673068375911815
0.1661849364369324	0.1674584031355262	0.6663566604275415
0.16562446811677695	0.1702978448815774	0.6640776870016458
0.1657343960485765	0.16735043173344225	0.6669151722179814
0.16480543476314333	0.16781781720960542	0.6673767480272513
0.16575805332776775	0.16603274478903207	0.6682092018832002
0.16579631095487224	0.16655688356053783	0.6676468054845901
0.166624073156512	0.16911257970965443	0.6642633471338337
0.1658838185707007	0.16575155560399152	0.668364625825308
0.16564430260171642	0.16578026082070974	0.668575436577574
0.16506822089066747	0.16840808791370915	0.6665236911956235
0.16655556302961683	0.16804439899062323	0.66540003797976
0.16621225093115072	0.16907802716733306	0.6647097219015163
0.1658315031833084	0.1656399772801733	0.6685285195365185
0.16571665918352374	0.1681884439476173	0.666094896868859
0.16489237030737758	0.16989967141525772	0.6652079582773649
0.16647481166539815	0.16917335258507288	0.664351835749529
0.16491637520806707	0.16756228925595362	0.6675213355359794
0.1651151491651491	0.1686713599283759	0.6662134909064752
0.16486123301976305	0.16653709589560955	0.6686016710846275
0.1649921872031525	0.16711144866550262	0.667896364131345
0.165947431175676	0.1666598465961659	0.6673927222281583
0.16602250375034885	0.1664957010672405	0.6674817951824108
0.16667506624985604	0.16560552285976624	0.6677194108903779
0.1649003102591317	0.1704492267734068	0.6646504629674617
0.16524583031299056	0.1702916803821245	0.6644624893048852
0.16631899879525736	0.16691045106157332	0.6667705501431694
0.1655132425445686	0.16805900342838204	0.6664277540270496
0.16472729778138476	0.16744299148453384	0.6678297107340815
0.16598351603060685	0.1700399109187557	0.6639765730506375
0.16593557761733918	0.16645109023441473	0.6676133321482463
0.16487372081054014	0.1669740812742514	0.6681521979152085
