0.1818959184636584	0.09105430048063284	0.09089789743082233	0.27263523258677547	0.36351665103811076
0.1818884911248111	0.09095667305074794	0.0909172528945956	0.272659682234421	0.36357790069542417
0.1818519704141123	0.09095985626200079	0.0909531950992934	0.2726387068229088	0.3635962714016845
0.18186987748894898	0.09099974437062178	0.09094184553799106	0.27262624178987205	0.36356229081256586
0.18185177521822868	0.09097709563518022	0.0909460851624276	0.27262006856233556	0.36360497542182774
0.18186103698516626	0.09095559208790036	0.09091311292312922	0.27272468095058994	0.36354557705321405
0.18185055508440684	0.09098279033426596	0.0908710116857501	0.2726950358299879	0.36360060706558905
0.18186174654249773	0.09094744317140327	0.09086405866706747	0.27273434221082726	0.36359240940820403
0.18189670815367878	0.09101763519601608	0.09093280928697346	0.2725877308363681	0.36356511652696333
0.18187182055082263	0.09097123700158381	0.09089903579025975	0.2726507864712404	0.36360712018609315
0.18189609085543273	0.0910268476794438	0.09091595777640599	0.272610175403557	0.36355092828516034
0.18187887967105448	0.09103401964348384	0.0908778022322134	0.27259198373692595	0.3636173147163221
0.18189322282044532	0.09099418582717825	0.09089721614542959	0.272659095173389	0.36355628003355767
0.1818876672510559	0.09098473746329265	0.09095106434489274	0.2726195254653677	0.36355700547539077
0.1818521644486997	0.09101377279040174	0.09088842432191246	0.27266039681025017	0.36358524162873573
0.1818489930801397	0.09102194955235732	0.09094830385648314	0.27263708657767044	0.36354366693334916
0.18188737266584543	0.09097725922368298	0.09089716324806359	0.27271560542161405	0.3635225994407937
0.1818963119028678	0.09105292920505653	0.09091369513413626	0.2725749736720903	0.36356209008584883
0.18187913688904117	0.09097541415615601	0.09088927700373156	0.2726992781104745	0.36355689384059653
0.18186997496871654	0.09098792402275896	0.09094641221728951	0.27264083058785205	0.36355485820338274
0.18186412810574099	0.09100411318985324	0.0909072614943702	0.2727015439735583	0.36352295323647704
0.18186052740433026	0.09101945763997117	0.0909188228299023	0.27261305898475274	0.3635881331410434
0.18185814543263573	0.09097490089201016	0.0908962648490893	0.27269249132737405	0.36357819749889053
0.18187031817128163	0.09101684272671959	0.0909339842370129	0.272624010241887	0.3635548446230987
0.18185448433517548	0.0910074179687133	0.09094962644605081	0.2725906410201305	0.36359783022992975
0.18188124648548668	0.0910576021693818	0.09092901902415021	0.2725847203153917	0.3635474120055894
0.18184864152848623	0.09097266964818083	0.09092487929252338	0.2727361371692181	0.36351767236159127
0.18184373556271533	0.09106530218644847	0.09087291254310807	0.27267076648545996	0.363547283222268
0.18189426164085198	0.09101176539185774	0.09089796795616803	0.2726606834998968	0.36353532151122525
0.18186442298930877	0.09095563302749238	0.0909425833951898	0.2726890411553981	0.36354831943261073
0.18189020622161833	0.09106129371984313	0.09087971709304125	0.27259158637892017	0.36357719658657695
0.18188225390816387	0.09096258095281226	0.0909094834947923	0.27271214036149594	0.3635335412827354
0.18186023413069358	0.09104963971864195	0.09089573799878994	0.27266607585400143	0.36352831229787286
0.1818946872798844	0.0909513239386576	0.09095059786731188	0.2725964758741005	0.36360691504004544
0.18186310483240234	0.09105770874496635	0.09088737838745298	0.27262583598441076	0.36356597205076735
0.18188369392896042	0.0909692838398801	0.09095027090469379	0.27260514358914845	0.363591607737317
0.1818732880589145	0.09099173918848844	0.0909345642219613	0.27268430641486907	0.36351610211576646
0.18188944167080817	0.09097385693830072	0.09090544636816116	0.2727175527797545	0.3635137022429753
0.18186724675617122	0.09094092621613147	0.09090711661778465	0.27266032021998216	0.3636243901899303
0.18186734029418744	0.09094552851470253	0.09095502292506757	0.27262406946981016	0.3636080387962321
0.1818752056912137	0.09094276404120263	0.09090566418860763	0.272718196564783	0.3635581695141928
0.18186326647895026	0.09097790595495078	0.09094911535272825	0.27267580691526194	0.3635339052981086
0.18187835150132797	0.09094212404402192	0.09087489804471315	0.27270941500867873	0.363595211401258
0.18189625776781118	0.09106213458408671	0.09088518456090033	0.27257558553013733	0.3635808375570642
0.18186121151402881	0.09103838122893786	0.0909165005462597	0.27258023012732874	0.3636036765834447
0.18189381432914392	0.09096763790288312	0.090938116847215	0.27268077154838444	0.3635196593723733
0.18184300951386884	0.09104453384878819	0.09092629918754314	0.27266298280610424	0.3635231746436953
0.18188328927603792	0.09100646582036029	0.09089726236141575	0.2726642898629029	0.3635486926792829
0.18184441854268132	0.09106051826122266	0.0908977152330484	0.272582785673971	0.3636145622890764
0.18188543979310842	0.09095247035797387	0.09089974931281938	0.27269521192895735	0.36356712860714074
0.18184820069182137	0.09099801001323651	0.09095360255716935	0.2726676457695551	0.36353254096821747
0.18186279128539115	0.0909683051565228	0.09088562495270382	0.2727410506770285	0.36354222792835356
0.18188986390745862	0.09098586339842707	0.09086548404180352	0.27267248607386174	0.3635863025784488
0.1818962789420279	0.09092753766682554	0.0909315336183767	0.27264502403598423	0.3635996257367854
0.181895583525319	0.09093509682259163	0.09092092842655569	0.2726381719874089	0.36361021923812453
0.18184923204458175	0.09099833899833493	0.09087771185367553	0.2726585176616993	0.36361619944170825
0.1818753134788367	0.09106229932633185	0.09093817244941475	0.27259457355397726	0.36352964119143927
0.1818545995868593	0.0910493213293806	0.09091320357185059	0.27257877655134277	0.36360409896056656
0.1818746798689175	0.09099573344118328	0.0909487033665078	0.2726004501267393	0.36358043319665195
0.18185730458765703	0.09102414628637485	0.09093189421788543	0.2726670136963068	0.3635196412117757
0.18185539352306923	0.09105415772004989	0.09087713884564315	0.27264179724024734	0.36357151267099014
0.181883309054069	0.09096919359491171	0.09090834422355917	0.27266959120588885	0.3635695619215711
0.18184989337201465	0.09097011677635983	0.09095728060060787	0.2726292869551939	0.3635934222958236
0.18184320683744248	0.0909736417935035	0.09094872401383747	0.2726133102011695	0.3636211171540468
0.18189886494003346	0.09094790487731025	0.09090159863834565	0.27272352640051717	0.3635281051437932
0.1818749687205206	0.0910205346058937	0.09093504367245986	0.2726559083925033	0.36351354460862234
0.1818456915547194	0.09106456736829852	0.09086596906596	0.2727071237475943	0.36351664826342756
0.18187418118430104	0.09098390960598324	0.09087179399480472	0.2727153452138712	0.36355477000103964
0.1818956494880866	0.09100854805754241	0.09087300297425313	0.2726090069023183	0.36361379257779936
0.1818674684625579	0.09104894999329356	0.09088784384108822	0.2726574453939948	0.3635382923090653
0.18188105123476386	0.09096550847173213	0.09095032330088608	0.272631717408188	0.36357139958442974
0.18187585053924993	0.09096205320900907	0.09089989980524546	0.27269594027719474	0.3635662561693006
0.18188650327882322	0.09102665038440544	0.09088279635922464	0.2726810225976911	0.36352302737985537
0.18184217177373113	0.09098302357947309	0.09089662128925534	0.2726751182629062	0.363603065094634
0.18189267284176286	0.09098678684001729	0.09089613332384847	0.272699815254151	0.3635245917402202
0.1818585409512331	0.0909382280462487	0.09091757302067381	0.2726749273858278	0.36361073059601634
0.18185409368867447	0.09104430496921477	0.09090946188082154	0.27265681158496574	0.36353532787632326
0.18188280103475774	0.09095105848891358	0.09091028763211209	0.27272076812138213	0.3635350847228343
0.18185905962277488	0.0909284749005794	0.09091755974686086	0.27273477994308837	0.36356012578669633
0.1818893614545616	0.09098267465258406	0.09089867052600391	0.27268841831848767	0.3635408750483625
0.18188960308673263	0.09096794184622062	0.0908779966812634	0.2726465348383964	0.3636179235473867
0.18187599709264332	0.09101383442522284	0.0908813914006872	0.2726276797660062	0.3636010973154402
0.18185835587748356	0.09101204922696982	0.09087273711176008	0.2726906150888091	0.36356624269497717
0.18185840808584153	0.09092966291579112	0.09088875867893671	0.2727298508960899	0.36359331942334056
0.1818461703012171	0.09103643147624055	0.09090748495896583	0.272668518085742	0.36354139517783424
0.18187163406708728	0.09102262396110762	0.09092485373249391	0.2726622397250571	0.36351864851425386
0.18184755151877657	0.09102607604107096	0.09094796711789768	0.27259984523595604	0.3635785600862985
0.1818447717809826	0.09106719616481024	0.09089182688757541	0.2725937777191789	0.3636024274474526
0.18185603458136204	0.0909671022611172	0.09091730266973205	0.2727279064555813	0.36353165403220716
0.18186163594255073	0.09094808092276996	0.09091828851688996	0.2726873921526626	0.3635846024651266
0.181846236048516	0.09106630717141509	0.09089680644898941	0.27262991452564234	0.36356073580543696
0.18184568931680614	0.0909751863504128	0.09094008743778503	0.2726729693559708	0.363566067539025
0.18184816690907005	0.09099220486876089	0.09088890169882571	0.2726824431854956	0.36358828333784754
0.18187183113663177	0.09105700883204383	0.09089660930834145	0.2725903585121723	0.3635841922108104
0.1818618290665415	0.09097648539176603	0.09095030354945592	0.2726810594618895	0.36353032253034684
0.18186974127237215	0.0910007561759892	0.09090984278371267	0.2726987119578309	0.36352094781009486
0.1818489107148857	0.09104633562221265	0.09090478693022078	0.2726358824625358	0.3635640842701448
0.18184232653956253	0.09104696136105175	0.09088657767338541	0.27265004158228134	0.3635740928437187
0.18188748485123704	0.09102582889743974	0.0909054520081883	0.27266845323716465	0.36351278100597006
0.18188318726742947	0.09095078678391146	0.09092442635182763	0.2727275177159483	0.36351408188088297
0.18187163313630283	0.09100921670023054	0.0908940764778431	0.2726286031254914	0.3635964705601319
0.1818581089356476	0.09100921553020654	0.09088750521897085	0.27269880626710635	0.36354636404806845
0.18185496777183033	0.090980146779619	0.09086739437584242	0.2726845612643808	0.36361292980832727
0.18185738739383595	0.09095223631660139	0.09090006511041833	0.2727163554711903	0.36357395570795387
0.18185420200801392	0.09096154870179989	0.09093866382026332	0.27271466355816787	0.3635309219117548
0.18188972977271528	0.0909810891691522	0.09094090431056649	0.2726154725007741	0.3635728042467917
0.18186373196316233	0.09100003090569253	0.09087607719860429	0.27267729197526513	0.3635828679572755
0.18185761579339146	0.09106084555928581	0.09087766089493973	0.2726389324898716	0.36356494526251115
0.18188225727404655	0.09100553568576886	0.0909475960856517	0.27264877160474277	0.3635158393497899
0.1818947040916392	0.09105123175018336	0.09090847690798771	0.2726326570902915	0.36351293015989805
0.1818982220841372	0.09093898585347954	0.09093133541804045	0.2727121169583392	0.36351933968600336
0.18184234251316678	0.09103188156600293	0.09091558881357072	0.27262035747989444	0.3635898296273649
0.1818878455679156	0.09100776071545594	0.09094306989210747	0.2726186409358927	0.363542682888628
0.1818584319026934	0.09102998102190596	0.09091816999129818	0.27266874035361816	0.3635246767304841
0.1818701752182167	0.09103235527866342	0.0908715590779662	0.27266610602735936	0.3635598043977941
0.18189846374659885	0.09102493962939315	0.09094805519252032	0.27258009111261616	0.3635484503188713
0.1818949404593109	0.09093263438378142	0.09094830323094384	0.2727018947006192	0.36352222722534444
0.18185138600557765	0.0909981745443237	0.09088537429350917	0.27267223983894706	0.3635928253176422
0.18184926401379328	0.0910544563815099	0.09089041859620041	0.2726764716536818	0.3635293893548144
0.18188844139147198	0.09106492097907976	0.09091845611868835	0.27260959025111187	0.36351859125964786
0.1818533763825555	0.09098533596334943	0.09086917085311763	0.27267170415330366	0.36362041264767353
0.18189798276695937	0.09099277072121943	0.09088152596740752	0.2726538231675109	0.36357389737690254
0.18186008990539826	0.0910388286203745	0.09093004321700462	0.2725930862125561	0.36357795204466625
0.18189558884352508	0.09098335378228666	0.09094688903851064	0.27264292170240484	0.3635312466332726
0.1818937700826925	0.0910411220193565	0.0908924519134386	0.27258731195344527	0.36358534403106696
0.1818690258589157	0.090966603142207	0.09091100152741527	0.27265097363564833	0.3636023958358135
0.18185160040670895	0.09101919250856416	0.09094768513393207	0.2726399952312807	0.36354152671951395
0.18186957267052029	0.09101793655347654	0.09087273005517091	0.2726426656638089	0.3635970950570232
0.18188871778854557	0.09103041462243158	0.09091506804228572	0.2726134533936109	0.363552346153126
0.18188018620570717	0.09099892261766052	0.09091250627250022	0.27268424176208816	0.3635241431420437
0.1818509709653892	0.0909577460034025	0.09090558333008728	0.27270494142260016	0.36358075827852065
0.18185553811963612	0.09095139409302329	0.09094653527742447	0.2727211972161795	0.36352533529373643
0.18189138078067751	0.09092784147859587	0.09094455978199839	0.27266750384763205	0.3635687141110959
0.18189410107967827	0.09094458231483196	0.09088161383756613	0.27269442622013723	0.3635852765477862
0.18186960395031115	0.09094930663837822	0.09086882343391937	0.2727346322215976	0.36357763375579344
0.18185200535191623	0.09106596108033967	0.09089764996184863	0.27264602245693154	0.3635383611489637
0.1818851474152138	0.09104709399157457	0.0908641713820447	0.27260097985252824	0.3636026073586385
0.18187125605572801	0.09097185206736837	0.0909332171156695	0.2726201129426343	0.36360356181859965
0.18184653617461194	0.09094317457088268	0.09095266442159669	0.27267928333836705	0.36357834149454143
0.181898601402719	0.09104451078219257	0.09090573185862358	0.27258065332580605	0.3635705026306586
0.1818633296843134	0.09094598699518448	0.09089384616176764	0.2726898172280592	0.363607019930675
0.18189122735373078	0.09104376326046489	0.09089421326264158	0.2726481485798831	0.36352264754327945
0.1818974376324941	0.09094175423303517	0.09092879446528217	0.272618473673245	0.36361353999594337
0.18185645045105636	0.09101047816636249	0.09093809320908036	0.27263530245374457	0.363559675719756
0.1818824527070454	0.09096197665409941	0.09093983999611005	0.2726238148159704	0.3635919158267745
0.18187939429475516	0.09095309133283501	0.09088077288993043	0.2727010501893111	0.36358569129316803
0.1818640365417691	0.09105584876998393	0.0909277057267387	0.27259014552148036	0.3635622634400277
0.18186410370296396	0.09097415471744157	0.0909562972744931	0.27269102309834714	0.36351442120675403
0.18189150289264022	0.09098749028389216	0.09091267271554847	0.2726044274978705	0.3636039066100484
0.18189510955837296	0.09095537049208119	0.09091691442421976	0.27261108630778796	0.36362151921753794
0.1818509779965412	0.090995734139309	0.09092606786775814	0.27270171202678983	0.36352550796960165
0.1818494446593523	0.09097851324371943	0.09092538215594548	0.27273371913733685	0.3635129408036457
0.18188328952962832	0.09104830627611582	0.09087662452112318	0.27267677307988947	0.36351500659324304
0.1818893978459758	0.09099402658114931	0.09094685193792923	0.2726072101173862	0.36356251351755925
0.18189490346309647	0.09094946669454912	0.09090277487884049	0.27272616506172154	0.36352668990179227
0.18186817949323442	0.09106515267371085	0.09090247875568118	0.27261187846856433	0.363552310608809
0.18187993107975436	0.0909500146853465	0.09086984881054253	0.2727245212497555	0.36357568417460095
0.18189503390244707	0.09095344746461932	0.09093875848857887	0.2726818622273976	0.3635308979169569
0.1818692731000136	0.09105723514024386	0.09090097063205385	0.27262153053692045	0.363550990590768
0.1818844563244665	0.09095491566913948	0.09092203894628567	0.27264135694425473	0.3635972321158534
0.18185296414965088	0.09104526618895567	0.09089884069798758	0.2726853161567461	0.36351761280665956
0.18187936872045418	0.09106350107033284	0.09092072926506695	0.2726079816112064	0.36352841933293945
0.18187581378798323	0.09098185745013551	0.09090924655426055	0.2726504570264063	0.3635826251812142
0.18185903710350662	0.09101043243953294	0.09090383289003082	0.2727077364037527	0.3635189611631767
0.18186136613208004	0.09103863351876072	0.09094055587011936	0.27260089479781563	0.36355854968122403
0.18187471494324592	0.09104452082295239	0.09091652483774525	0.27263301674714957	0.3635312226489066
0.18185430487826015	0.09102555192841183	0.09088737072402758	0.27263781598701764	0.3635949564822826
0.18186325070110698	0.09098318396134665	0.09087375530880555	0.27269168466966615	0.3635881253590745
0.18186303587952596	0.09103804426846428	0.09091512732437636	0.2726417231874203	0.36354206934021294
0.18185875672283425	0.09104923477141469	0.09088897702190463	0.2726570719983932	0.36354595948545304
0.18188708941224085	0.09104354637063948	0.09086675048939481	0.27264844709256003	0.3635541666351646
0.18188966518004707	0.09104439478126115	0.09086488431537305	0.272632285374127	0.36356877034919155
0.18187620472843624	0.09092868691859328	0.09093576232253546	0.27263469173131144	0.3636246542991234
0.18184245409304658	0.09103507294841143	0.09094181230113282	0.2726400882242573	0.3635405724331517
0.18184746032105337	0.09099200036529123	0.09089732271612615	0.27265317583392373	0.3636100407636053
0.1818822690314772	0.09095177547853227	0.0908959051595532	0.2727163172115847	0.3635537331188524
0.18186629022980239	0.09100945222278042	0.09092766558137955	0.2726651146738527	0.36353147729218477
0.18188791490149508	0.09095438915768014	0.09095291286175583	0.27258595208796543	0.36361883099110326
0.18186015392920313	0.09093988567946676	0.09091678509535613	0.2727024594713363	0.36358071582463747
0.18186242959642662	0.09099385154989761	0.09090275136657266	0.27269822579760816	0.36354274168949474
0.18184730473593028	0.09096199117972625	0.09092801343932608	0.27268868631094617	0.363574004334071
0.1818548053106558	0.09103636142774124	0.09095066379417452	0.272627389487602	0.36353077997982625
0.18186092011775565	0.09100903947388117	0.0908653015915197	0.2727352861260045	0.3635294526908388
0.1818900591702382	0.09102669132843678	0.09090343645733197	0.272641787862111	0.36353802518188183
0.18187874908913554	0.0909669937344819	0.09089710960473542	0.27269506825627	0.36356207931537693
0.18188960577703422	0.09094269482341068	0.0908660001250881	0.2726862523368768	0.36361544693758996
0.1818692790780725	0.09100869134443929	0.09094631991709905	0.2726473639358101	0.3635283457245788
0.1818429687614076	0.09092812049191662	0.09088075071835428	0.27273206331988453	0.36361609670843675
0.18189551940423146	0.09093347917552794	0.09092141617483224	0.2726952787058891	0.36355430653951903
0.18186096854912373	0.09101867629007934	0.09094682921757305	0.27260151000188143	0.36357201594134225
0.18185963802364435	0.09096824605624809	0.09089047776391095	0.27268549236309214	0.3635961457931043
0.18186459227009888	0.0910394158069193	0.09091312835278215	0.2726543622586088	0.3635285013115907
0.18185600153136833	0.09102141603678282	0.0909140017856972	0.2726379025878838	0.3635706780582677
0.1818819369248954	0.09095405809199772	0.09093566879671935	0.272609662108511	0.36361867407787635
0.18185477022985358	0.09105976748336561	0.09087996942512988	0.2725942208550279	0.36361127200662285
0.18188485294973838	0.09106075899101083	0.09092991861153582	0.272595082963479	0.3635293864842357
0.18186129685536329	0.0909852070732286	0.09093190369155973	0.27265928292630415	0.363562309453544
0.18189699247695587	0.09100013519217877	0.09089764210702232	0.2726528555845605	0.36355237463928236
0.18185106412370544	0.09106341655054143	0.09093462299069077	0.27259731760201356	0.36355357873304855
0.18184484409352292	0.09100622461022823	0.0909262720147774	0.2725999014552506	0.36362275782622067
0.1818656564995385	0.09097189396830363	0.09087839505721237	0.2726766779932473	0.36360737648169794
0.18188290366008236	0.09094800830302602	0.0909541698958764	0.27259904626800313	0.3636158718730119
0.18185693653706214	0.09095237465190158	0.09089326036057493	0.27268119792926776	0.3636162305211934
0.18188261401214945	0.09096161771973699	0.09091894813117968	0.2727076736884503	0.3635291464484834
0.1818600727307171	0.09102994690909819	0.0909035598441773	0.27264765247411593	0.36355876804189124
0.18185395402542548	0.09098882265626954	0.09095411325440889	0.2726456839608469	0.363557426103049
0.18188409438516476	0.09095826355782835	0.09091014306023745	0.2727097360379289	0.3635377629588403
0.18184763318681021	0.09101837532276755	0.09095138863826747	0.2726287516045531	0.3635538512476014
0.18185645887146615	0.09098292548952837	0.0908873396130695	0.27265918198982264	0.3636140940361131
0.18187704175586017	0.09094023811822609	0.0909214308232358	0.27268079981188986	0.36358048949078786
0.18186849565351254	0.09094645623005113	0.09088075618299585	0.2727104680868853	0.363593823846555
0.1818897638587918	0.09099443246178962	0.09094172288279426	0.2725940756993989	0.3635800050972252
0.18187392573701916	0.09096342964549439	0.09095707026766407	0.2726318267958204	0.36357374755400174
0.18188514011987977	0.0909800640355744	0.09094795248137053	0.272650967220187	0.36353587614298805
0.1818579936913814	0.0910397160510852	0.09089071127673948	0.2726444014891458	0.3635671774916479
0.18187710302161203	0.09105476325976107	0.09092095558351886	0.2726031048958218	0.36354407323928606
0.18188324317352572	0.09103313670850677	0.09087554664125	0.27260871852550744	0.3635993549512099
0.18186752022008454	0.09104783019860818	0.09093173524235404	0.2726152885779478	0.3635376257610052
0.18188470409211138	0.09105344547611137	0.09087304594613703	0.27264190549797007	0.3635468989876699
0.1818561258702347	0.09095014579804458	0.09091215243025733	0.2726664435923365	0.3636151323091267
0.1818691847648835	0.0910615194896572	0.09088908020192436	0.27260476618800605	0.3635754493555287
0.18186638814158224	0.09095487182387925	0.0908814194350107	0.27267250279655697	0.3636248178029706
0.18186254412111447	0.09100088268001881	0.09089452696102447	0.2726347584040658	0.36360728783377616
0.1818572150451243	0.09101537836071541	0.09087392022760007	0.27267840705184143	0.3635750793147186
0.18187105532395362	0.09097422212390964	0.09094227990455443	0.2726784711549861	0.36353397149259603
0.18185957448933884	0.09095644355345484	0.09094471726180163	0.27268848578035987	0.3635507789150446
0.18185757144620693	0.09103872894590145	0.09088252415779419	0.27262077524982364	0.36360040020027357
0.18187697953003956	0.0910076674725481	0.09087750693577769	0.2726888873275748	0.3635489587340597
0.1818651498072133	0.09095593884201537	0.09090401402719352	0.27271537950731856	0.36355951781625906
0.18185897858526678	0.09100121419362081	0.09091533334751878	0.272698171269921	0.36352630260367236
0.18185071503540068	0.09103670963917475	0.09091062586818997	0.2726600283748911	0.3635419210823433
0.18185632367135157	0.0910291306235956	0.09090044042605025	0.27264720096988454	0.3635669043091178
0.18187084426449457	0.090998909021065	0.0909324442369317	0.2725827887730426	0.3636150137044659
0.18185369642131377	0.0910099569817526	0.09089548362729395	0.27261836707053627	0.3636224958991032
0.18185841371937372	0.09105367271369776	0.09088311705442953	0.2726508051393134	0.3635539913731854
0.181886289064329	0.09104209435262661	0.09092529146941447	0.27261865888161074	0.36352766623201904
0.18184402398681657	0.0909448935963266	0.09093180984147448	0.2727069025501856	0.3635723700251966
0.18187806325298614	0.09102665001425549	0.0909199856484516	0.27262762297424176	0.36354767811006483
0.1818804001361782	0.09100480956086526	0.09090320473023981	0.27259797167789057	0.3636136138948259
0.18184735305977373	0.09105005423991971	0.09086540870810103	0.2726496396968868	0.3635875442953185
0.18188508519629198	0.09095778854407366	0.09086561973193878	0.27270374043008877	0.36358776609760657
0.1818980493779287	0.0909980991888171	0.090944838678919	0.2726102593682972	0.36354875338603776
0.18185870905963833	0.0909987564637563	0.09087441078845199	0.27273680506187	0.36353131862628324
0.18188330116591298	0.09094565316000665	0.0909483645678152	0.27267424503916643	0.3635484360670985
0.18189350187414624	0.0909771969718463	0.09092773712648634	0.27260578252668816	0.3635957815008327
0.18189112992415116	0.09099162220964492	0.09089526880575897	0.2726213126924612	0.3636006663679835
0.18184207771284222	0.09098448247155108	0.09095164820978449	0.27263652508096503	0.36358526652485695
0.18186609931493666	0.0909517009123317	0.09087523447477355	0.2727044267616975	0.36360253853626034
0.18185261507383726	0.09105445845430896	0.09087155331975183	0.27261432506478833	0.36360704808731337
0.18187329043169725	0.09103405148792451	0.09087592705231287	0.2726045870422896	0.3636121439857755
0.18185626769377103	0.09102926654827906	0.09089266579402913	0.27260668223010764	0.3636151177338129
0.1818594538522869	0.09103875347721203	0.09092340115525775	0.27257546730095905	0.363602924214284
0.18187505069783463	0.09101685719523873	0.09091028150054827	0.272642287609498	0.3635555229968802
0.18188231470291003	0.0910498675792951	0.09086607565893624	0.27258766463802353	0.3636140774208349
0.18187855365835204	0.09093135230619465	0.09092250747690758	0.27270484595817385	0.3635627406003717
0.18186107885561623	0.0910442941109561	0.09094665053501061	0.2725819976371505	0.3635659788612663
0.18185955413044558	0.09103492901652925	0.09089431054177297	0.2726391088768488	0.3635720974344032
0.18185659466728574	0.09098320243571537	0.09093157871341967	0.27266883328753777	0.36355979089604123
0.18188470668397463	0.09101389021258238	0.09087848066969662	0.27270549426184015	0.363517428171906
0.18187867229463406	0.09097334469293246	0.0908862212114006	0.27264703177185307	0.36361473002917966
0.1818726534995741	0.090962333722464	0.09088725258453888	0.272711431043985	0.3635663291494378
0.18189440857251593	0.09093605262152213	0.09087406901404071	0.27271829125373626	0.36357717853818483
0.18188300302337815	0.09093802877805228	0.0909402589925445	0.27271143889135296	0.3635272703146718
0.18189704163821774	0.09100121460364853	0.09088390166857897	0.27263184992180023	0.36358599216775433
0.18188271897944633	0.09100639500560746	0.09090051576436985	0.2726880380407413	0.3635223322098349
0.18188943851290607	0.09098435713899236	0.09093602982245444	0.2726523218849477	0.36353785264069927
0.18188224818395718	0.09103418771348744	0.09089088090849543	0.2725874060936677	0.36360527710039203
0.181854885091343	0.09102657032602954	0.0908871672571786	0.27264942360718103	0.3635819537182676
0.1818794741831606	0.09103325222867267	0.09087242450139968	0.27265562467868143	0.36355922440808536
0.18187495440797904	0.09096906632012675	0.09090600324748417	0.27268568042413155	0.3635642956002783
0.1818465359440803	0.09095800532735844	0.0909227179816204	0.27272082130333664	0.363551919443604
0.18186954475059797	0.09098180534843481	0.0909317064386327	0.27266280166469153	0.3635541417976428
0.18186397292134865	0.09105423511887514	0.09090868108536715	0.27260400355959014	0.3635691073148187
0.1818656038867498	0.09102898462728554	0.09091001831992938	0.2725858554821903	0.36360953768384474
0.1818531633475097	0.09097994321587743	0.09094169884395624	0.27264297903186263	0.36358221556079373
0.1818489311585876	0.09099011373166603	0.0909191449223646	0.2726249538518823	0.3636168563354993
0.18187681953996973	0.09095432638419185	0.09089186900567865	0.27273325532915205	0.3635437297410075
0.18187387637097918	0.09096943088298963	0.09092942495618797	0.2726624471066659	0.36356482068317714
0.18184440007194824	0.09100656620388137	0.0908891222758368	0.2726752271463011	0.3635846843020323
0.1818983886507119	0.0909635679471118	0.09088990243027384	0.2727337667681867	0.36351437420371546
0.1818427797219198	0.09094274437394731	0.09092312167630492	0.2727084864334701	0.36358286779435767
0.18187248993772942	0.09100794780290182	0.09086540086823837	0.27263671537276224	0.363617446018368
0.1818479414355105	0.091066518531189	0.09087537875436122	0.272670936037886	0.3635392252410531
0.181875120385796	0.09097961009876704	0.09094181379991892	0.27265033496722846	0.3635531207482893
0.18188920739043843	0.09103679928279927	0.0908799480786535	0.2726763318489947	0.3635177133991139
0.18189073847516676	0.09092987693254537	0.09088232988999029	0.2727086475543979	0.36358840714789953
0.18187055557222284	0.09100582591275022	0.09092954957801253	0.2726049283251299	0.3635891406118843
0.18188028926505548	0.09096229846612519	0.09088185360584627	0.2727397176722032	0.3635358409907697
0.1818921431527313	0.09100969254912042	0.09089630881163685	0.27267468031343484	0.3635271751730763
0.18185307107586188	0.09093259536913738	0.0908802333075546	0.2727146016447891	0.3636194986026568
0.1818988504930056	0.09102942547544413	0.09087940109155979	0.27264582677502397	0.3635464961649663
0.1818907174410165	0.091052462216937	0.09086609742037102	0.27259807151004256	0.3635926514116327
0.18186528471554864	0.09095370476472939	0.09093201800346977	0.27263253212753924	0.36361646038871276
0.18185460620959937	0.09096996887167005	0.09088957494677052	0.27273443799812747	0.36355141197383234
0.18188830077754548	0.09105684361796104	0.09089133043369042	0.27257484517452885	0.363588679996274
0.18184306641131565	0.09098793947997971	0.09093174275828053	0.2726209776574077	0.3636162736930162
0.18186010357185514	0.0909651015251334	0.09091648781423317	0.272717022988125	0.36354128410065306
0.18189207243745037	0.09097170437246611	0.09092733625768125	0.2726458498732984	0.36356303705910364
0.18185875244527683	0.0910300900857022	0.09089448644985802	0.27267237335562794	0.3635442976635348
0.1818989445901767	0.09097833060703832	0.0908801707026456	0.27271573584394077	0.36352681825619837
0.18188953253606363	0.09100413701920894	0.09088842809748894	0.27268176657499466	0.36353613577224364
0.18186935678211585	0.09097591527823215	0.09091787443053563	0.2726255979680652	0.363611255541051
0.18189628847467043	0.09094055188303747	0.09095572267409886	0.2726854377361746	0.36352199923201844
0.18186142125724322	0.09097363546369333	0.09092564250555563	0.27264994886963667	0.36358935190387087
0.18189119488423405	0.0910114174754682	0.09091688415521568	0.272664022911936	0.36351648057314584
0.1818750459423379	0.09104768830269917	0.09094340261816221	0.2725957001635095	0.36353816297329106
0.18184909479300518	0.09094739494138511	0.09094999316808618	0.2726558542609392	0.3635976628365842
0.1818584580052314	0.09092761618270362	0.09095698574919261	0.2726334546889816	0.36362348537389055
0.18187729553851142	0.09100526784488783	0.09090361997709015	0.27261358418212445	0.36360023245738593
0.1818447157010132	0.09101093481002144	0.0909146955441799	0.2726350766283575	0.36359457731642775
0.18185493986094284	0.09103682616977582	0.09087246668609408	0.2726807285403653	0.3635550387428218
0.18184256625918616	0.09097108071086209	0.09093088896776516	0.2727420023691469	0.3635134616930395
0.18188259510908683	0.09098191468180306	0.09094276845887653	0.27259345810662755	0.36359926364360584
0.18189642731393976	0.09102586685661992	0.0909087027916877	0.2726061141902168	0.36356288884753557
0.1818880106562097	0.09096598908185236	0.09087878016018591	0.2726744727564878	0.36359274734526403
0.1818461655553391	0.0909757305997556	0.09090098456875516	0.27265628966689975	0.36362082960925024
0.1818462569369014	0.0909319320608499	0.09093039839975667	0.27274012856596763	0.36355128403652415
0.18185814403106546	0.09094921517838411	0.09092304709834532	0.2726941338093808	0.3635754598828241
0.18187325932930273	0.09099441443040851	0.09089076140746397	0.2726749627816225	0.36356660205120206
0.18186688650243327	0.0909753582335483	0.09094790553167095	0.27259675074449013	0.3636130989878571
0.18185054284194582	0.09105787439805871	0.09092265835341959	0.2726113139320647	0.36355761047451096
0.18187739759659216	0.09100637027868881	0.09087749607743949	0.2726823922759711	0.36355634377130824
0.18188544584760583	0.09102843028353749	0.09093440250218385	0.2725973901861293	0.36355433118054337
0.18188362336264885	0.09103979808746325	0.09088651296206694	0.27265980084160607	0.36353026474621464
0.18188075631041695	0.09095494161616278	0.09093041628486019	0.2726888052662553	0.36354508052230455
0.1818669341553342	0.09102326837909694	0.09088029713729133	0.2726421844221393	0.363587315906138
0.18186785782035728	0.09099561965859558	0.09091657576433881	0.27266832850600503	0.3635516182507031
0.1818893777658204	0.09105296210184073	0.09093067910592117	0.27261288974982956	0.36351409127658796
0.18186226880491793	0.09102034825037246	0.09090836371725046	0.272676438241791	0.36353258098566793
0.1818856690247186	0.09105661233461024	0.09094652311996695	0.27258111919233285	0.36353007632837114
0.18186761229128373	0.09094160087320433	0.09091560340820454	0.27266766484064564	0.3636075185866615
0.1818534428108874	0.0909436693095204	0.0908688171188771	0.2727268374333719	0.363607233327343
0.18185972040189283	0.09095181805194569	0.09086956047047373	0.27271682750652676	0.3636020735691608
0.18188066662820618	0.09100850792188617	0.0909421144904483	0.272645971217594	0.36352273974186516
0.18185399547300996	0.0909332235490273	0.09091556434290665	0.2726959710237419	0.363601245611314
0.18186572528331377	0.09099223215127238	0.09089311598152507	0.2726948949385587	0.36355403164532984
0.1818737270871295	0.0910035820188867	0.09087821046211866	0.2726293907032248	0.3636150897286402
0.18189657838399925	0.09092720236430266	0.09095600336573442	0.2726196672094881	0.36360054867647534
0.18184353044284113	0.09101773137298913	0.09091032569646793	0.27261483102259276	0.36361358146510886
0.18186776032271512	0.09101420377643032	0.09089634354981989	0.272650462432681	0.36357122991835344
0.18186365595062798	0.09098761951505493	0.09087292150435611	0.2726836860260322	0.3635921170039285
0.1818786752130097	0.09101113865568897	0.09088213596442318	0.2726797125061333	0.3635483376607447
0.181864004893608	0.09096639927754574	0.09090437611583631	0.2726798450848776	0.3635853746281321
0.1818884932278429	0.09095862520211338	0.09086680156738333	0.27271254399831046	0.3635735360043498
0.18184640670395333	0.0910446369999299	0.09086601789255208	0.2726697203034001	0.3635732181001644
0.18184270101887695	0.09098723031822503	0.09093745268880914	0.27271259389414604	0.36352002207994266
0.18186394853353952	0.09104271061482168	0.09093558789810481	0.2725777024951363	0.3635800504583975
0.18185215657250345	0.09102498887704795	0.09088103702173728	0.2727176681948966	0.3635241493338145
0.18189304724682148	0.09097059800300836	0.09094138566240671	0.27258222644537444	0.3636127426423888
0.1818504012020695	0.09096954086799638	0.09088676392490275	0.27273086470039354	0.3635624293046376
0.18187870989348906	0.09101057994103764	0.09089299369477963	0.27268403460556384	0.3635336818651296
0.1818617262819005	0.09095078741585105	0.09093423610269599	0.2726606730264802	0.3635925771730721
0.18185673824700985	0.09100705309404593	0.09090646069280878	0.2726938177265865	0.3635359302395487
0.1818981163627754	0.09092869615943949	0.09094804699779772	0.2726612018580613	0.36356393862192593
0.1818881493328714	0.09101667348909365	0.09087611213401289	0.27267897827222953	0.3635400867717923
0.18185471903195688	0.091051177285902	0.09095375000248711	0.2726277473458531	0.3635126063338008
0.18185471888479968	0.09093135741554298	0.09089295584633289	0.2727012238834704	0.36361974396985386
0.18188362134596994	0.09104005773848119	0.09091725628205508	0.2726168374364218	0.3635422271970718
0.18189648974674102	0.09103190905818762	0.09089394921096282	0.272601920809157	0.36357573117495134
0.1818669894143504	0.09101612540356921	0.09094630225076145	0.27261005807362415	0.36356052485769463
0.18188486178368346	0.09106412496175154	0.090893694878191	0.2726004168529905	0.36355690152338327
0.18184268416942448	0.09093516214169567	0.0909279580667446	0.27267186707504154	0.36362232854709353
0.18185436036714764	0.09102120304403861	0.09088673225849513	0.27264707351313155	0.36359063081718684
0.181843334944632	0.09101993530650265	0.0909471496359121	0.27266284002169117	0.36352674009126185
0.18187597059345564	0.09097041733464091	0.09094100784721303	0.27260861041865464	0.3636039938060356
0.18189545907453758	0.09098460029169395	0.09090118920282411	0.27270155382987404	0.36351719760107015
0.18188456181701018	0.09102955671976322	0.09087245394280806	0.2726665289921312	0.36354689852828714
0.1818558816624687	0.09096260061521654	0.09094862422234432	0.27264619775635074	0.3635866957436195
0.1818976423336528	0.0910304401756667	0.09089892570179148	0.27259303734010437	0.36357995444878444
0.1818845309152155	0.0910306027866811	0.09091618558946077	0.27260807506484397	0.36356060564379844
0.18185163977226482	0.09094763472885863	0.09088895648392491	0.2726900359238582	0.36362173309109325
0.18184487003883973	0.09103612677967757	0.09092242142908541	0.2725993609448145	0.36359722080758256
0.18185449726721253	0.09098290712381399	0.09087412540197734	0.2727413915129097	0.3635470786940862
0.18184318455589168	0.09097303958517758	0.09087694451449835	0.2727383661843171	0.3635684651601151
0.18184584860711983	0.09093530380804873	0.09090282747565717	0.27272374847762193	0.36359227163155206
0.18184235897786677	0.09098882354510715	0.09089410197585218	0.2726589062620579	0.36361580923911574
0.18186107023605452	0.09099747991480142	0.09087340599514959	0.2726685660136154	0.3635994778403788
0.1818529915819369	0.09102371079376631	0.09090150807180959	0.27267587930184767	0.3635459102506393
0.18189507887213763	0.09100994256287652	0.09092830523124994	0.27259610037516224	0.3635705729585735
0.1818918525692642	0.09098567799650885	0.09089753378840071	0.272603820332302	0.36362111531352403
0.1818662401154424	0.09106453618633141	0.09093811737880254	0.27257594054334794	0.3635551657760755
0.18184933767189207	0.09102406556928887	0.09094879731243538	0.27265813902613134	0.36351966042025213
0.18184867538190763	0.09105982458821936	0.09088871693298806	0.2726818743534511	0.36352090874343357
0.18188407653465238	0.0910274689143888	0.09090961057505893	0.27258475264339643	0.36359409133250326
0.18189362010041024	0.09099898100139855	0.09090574885656941	0.27263071835774155	0.36357093168388005
0.18188144831518727	0.09100759306513784	0.09091090259485546	0.2726033975031119	0.3635966585217073
0.18187015602930712	0.09099331009627101	0.09094653303961586	0.2726668872019673	0.3635231136328385
0.18189783831871012	0.09101785830925563	0.09090208565603902	0.2726356368898085	0.3635465808261865
0.18184770309664847	0.09104458445351933	0.0909102108887868	0.2726053066878821	0.3635921948731631
0.18187140007918906	0.09101300053828618	0.09095704104878924	0.272623736146069	0.3635348221876663
0.18184919653583217	0.09098630491480468	0.09095156538076087	0.2726981365023607	0.36351479666624137
0.18186797503195332	0.09102524399079595	0.09090107041272757	0.2726424049280327	0.36356330563649025
0.1818513059670146	0.09099120925524666	0.09091401867700119	0.27271436013255046	0.3635291059681869
0.1818936804523251	0.0909584570550822	0.09094781160839915	0.27258148369690893	0.3636185671872844
0.18189535850175056	0.09098357193553028	0.09092689973869275	0.27262415487312275	0.36357001495090335
0.18187626401497178	0.09098460595624881	0.0908796657037905	0.2726815663722671	0.36357789795272155
0.1818675320255585	0.09105293264766491	0.09088608022292488	0.2726594376022141	0.3635340175016374
0.181894359409899	0.09097270238391379	0.09095631845625662	0.27262079318296073	0.3635558265669696
0.18186368192602978	0.09103369996614252	0.09090593034148264	0.2726802948600805	0.36351639290626436
0.18186254460195925	0.09103549085099538	0.09086468237040365	0.27265592816692347	0.363581354009718
0.18188323170851217	0.09102784906491415	0.09088553682027119	0.27263975245660965	0.3635636299496927
0.18187604328038454	0.09095195719253105	0.0908830910285586	0.27269608871730966	0.36359281978121594
0.18189012368044685	0.09106545807825316	0.09088119472970191	0.2725963253405975	0.3635668981710003
0.18186850162203774	0.09094463148489196	0.09093178816598302	0.2726404623796243	0.3636146163474628
0.1818511391117581	0.09099041591397389	0.09091142841094493	0.2726427400262407	0.36360427653708216
0.1818799597025008	0.09098140469896851	0.09094704396412462	0.27259499490685274	0.3635965967275531
0.18185543705371382	0.09106252912683645	0.09088323653241277	0.27259919622686757	0.36359960106016914
