0.22316814180862832	0.06858597432631974	0.21233686121477097	0.0642197526668147	0.07125915259667467	0.10771143904706616	0.06822803103307887	0.18449064730664627
0.2200904999823595	0.07241745939263228	0.20961135348481746	0.0651146886109491	0.07574567186624125	0.11419143157246824	0.06823399091361645	0.17459490417691553
0.21322866630440823	0.0719167445728589	0.17933440778611862	0.09683931513636143	0.0654902027982968	0.10367466741037809	0.08071685097331892	0.1887991450182588
0.22123209591530577	0.07222819867631339	0.2547998001128486	0.04739485510065808	0.0699940485478392	0.10881591866208726	0.039554938178793686	0.18598014480615382
0.22420187376238315	0.07339598339676509	0.21788419698226624	0.07594224606299303	0.07399805377832172	0.10247392591592284	0.05356798235621686	0.17853573774513082
0.20509438982968817	0.06564681262512495	0.2552475065077263	0.09741853647244464	0.06586997805963438	0.10434507388190098	0.024822712341455486	0.18155499028202488
0.21518694111081627	0.06764496029319092	0.20900200570152228	0.07746563224120177	0.06724837826595809	0.11080974360346713	0.06878412301167071	0.1838582157721726
0.20850477947357327	0.06880548695293458	0.2428665271068361	0.0942962374170884	0.07367540256814348	0.10361067063890345	0.024144671585383554	0.18409622425713693
0.22406438173668142	0.07146270603130889	0.27054401031591546	0.05377652331216104	0.07539699647177744	0.10843183098504586	0.02214770046147234	0.17417585068563726
0.21593966090763986	0.07486883892619828	0.2298948185938048	0.09300079268734736	0.06817122986767929	0.10736515553082812	0.03985662404041547	0.1709028794460866
0.22162957624662388	0.07155726868114956	0.1832713593061709	0.09772753286807866	0.06597767801500301	0.1045669532353482	0.06546171502899056	0.189807916618635
0.21611475162909677	0.06771848161055422	0.17106967407330276	0.12244913894450024	0.07056931225646385	0.10520580446923616	0.06282726330785125	0.1840455737089945
0.22727974731496348	0.07272250164667987	0.1732367703551871	0.10092796068105045	0.06670692358254249	0.10256475467387818	0.07160034262922883	0.18496099911646935
0.20966931219469634	0.07336417061594228	0.21448123111644532	0.09831581338004353	0.06880523784859817	0.10865160908424273	0.05466919349151689	0.17204343226851454
0.2099047199379538	0.07247054795936685	0.17349224880307257	0.1079951521810705	0.06647383379326055	0.10775320983831363	0.08137874656407622	0.18053154092288565
0.21019585427556053	0.06798955333314977	0.26747940138519444	0.06320425854558488	0.06596039805398639	0.11360909099854637	0.030249556999898244	0.1813118864080791
0.22538106037113126	0.07008709406342109	0.2234260879379739	0.09232267036421457	0.0674108464983563	0.1051512555614202	0.03589975578322284	0.18032122942025966
0.22679066547699894	0.07574273930659584	0.1831518751319645	0.10365792521439737	0.06799322845970945	0.10924850391820098	0.061982004163592064	0.1714330583285406
0.22068753400245364	0.06825367176755845	0.1590619623112562	0.16474284516862908	0.0672256120318961	0.11138118205556721	0.030812231254222416	0.1778349614084167
0.2112015078881977	0.07251295832778609	0.1851384978526285	0.14069033820259216	0.07598736433771794	0.10493416868121813	0.03473080107766402	0.17480436363219523
0.20771768798718274	0.07188544599102843	0.1970696649673815	0.10491786751998913	0.07204307236906421	0.10507802705792817	0.05550311814269156	0.185785115964734
0.21387685914915294	0.06564813834070629	0.20187850532768964	0.08834151415408317	0.07480776346358906	0.11340445295883746	0.07095126387008668	0.1710915027358545
0.22574046368175432	0.06965747146977183	0.1923466276240241	0.09304338895247588	0.06741745227142307	0.11146979844921692	0.0646895343257568	0.17563526322557682
0.21242709599515208	0.07544837825687903	0.20566938732744997	0.09721402654335906	0.06710874374343354	0.11150926825271873	0.04558826290365624	0.18503483697735112
0.2274420947008911	0.07383532189423574	0.16314006341190815	0.13971142688376775	0.07381684148336587	0.11289077794113238	0.029334852908344686	0.17982862077635406
0.21456935439849803	0.07423579045192667	0.14849159174143475	0.1636117254099965	0.07601925048139403	0.11081808656079607	0.03338177204997915	0.17887242890597455
0.22006379142920512	0.06649401183484699	0.1127908534142626	0.16758251941584662	0.07237051865319483	0.10657639720399245	0.0738843828891705	0.18023752515948063
0.21924599418962648	0.06830609586643989	0.1615543210150297	0.12310557788360973	0.07407802420819264	0.10495550171866101	0.06817345886623118	0.18058102625220918
0.21288503313308585	0.06573914759054109	0.23907462513670297	0.07345912853705777	0.07544856952580853	0.11135645931216165	0.05007059279152855	0.1719664439731134
0.226214930480751	0.06701927006402802	0.22148996759866219	0.09209850099412567	0.07446142583044665	0.10356866416767639	0.026976438725073257	0.18817080213923656
0.2137071243641817	0.07266930286720313	0.14928454845249048	0.15503648843896176	0.07302146883572166	0.11306515520390714	0.04187636609508458	0.1813395457424493
0.20708877667900655	0.07062856158100961	0.14497236857374382	0.15866450602114773	0.07183786148039743	0.1107977040358632	0.06218218955643365	0.17382803207239778
0.22052277432449377	0.06848704355283627	0.1561351973335823	0.17103278953896645	0.07118815510222021	0.10426386992343611	0.03158495774829957	0.17678521247616508
0.21340158445601626	0.06914537424417438	0.1219018203469334	0.17715241118868938	0.07031767398053518	0.11195269000524867	0.051001686206410754	0.1851267595719917
0.2179863731858741	0.07226045270356349	0.17066353743030838	0.15115341582525196	0.06718190171890498	0.11208873946402599	0.023895846839339027	0.18476973283273182
0.20631685551450846	0.06740432827270965	0.14620626437622886	0.1518001982870312	0.06682531669549455	0.11239086618648858	0.07523654543668967	0.17381962523084876
0.22456127063695208	0.07004611551471043	0.11328283185724405	0.16491944199211742	0.0666304834641579	0.11087260248142979	0.06589467748460605	0.18379257656878206
0.21027157340443772	0.06609323745608306	0.12957856355934488	0.17541551971862707	0.07047236014975708	0.11183744620828304	0.05030387623028075	0.18602742327318614
0.20876346223050485	0.06646352162350336	0.16483962878455752	0.16209696665680584	0.0749839374438627	0.10317773556092691	0.02960501487834044	0.19006973282149817
0.2146716962795126	0.07473134022274999	0.1723369297328598	0.1280103838238405	0.0715811416136381	0.10961283946240535	0.039242279297708155	0.18981338956728525
0.2158185894203446	0.06972636937180465	0.14232935920715545	0.15777918469659338	0.06798331685773448	0.1089346884029739	0.052633786017877146	0.18479470602551612
0.2258463018449054	0.07332203994950362	0.15162378263820933	0.11592183654042945	0.06662857369612316	0.10923910688684346	0.0689409613073371	0.18847739713664824
0.2110671421263052	0.06695626825506078	0.2167990264831119	0.07443485710326297	0.06622029783356655	0.11225015976718777	0.061876757390131557	0.190395491041373
0.21810326503756944	0.07492219730296398	0.23819736822934462	0.08705886502816981	0.06812646349914131	0.11439054465934752	0.025043746537549413	0.17415754970591368
0.2218277209467659	0.06917055929860184	0.24922569387981186	0.05882219279798981	0.06762291737522436	0.10304504441132362	0.05676487986258273	0.17352099142769967
0.2047721447721127	0.06862211252846045	0.24941888234828669	0.04567200595010373	0.06927868847888696	0.10321464602346234	0.08186901645623745	0.17715250344244943
0.2149707568860426	0.07450001114416652	0.24386401233070676	0.058621065486675616	0.06997445968731339	0.11078650750176106	0.040861125689531735	0.18642206127380206
0.20681128616167851	0.06980271908165216	0.24854186081136342	0.04794258057608583	0.07225669684309022	0.10313974938443334	0.06518792227926873	0.18631718486242757
0.22913687735680432	0.07018105850129899	0.2522615466668131	0.04588219018541033	0.06907470313877404	0.11130031688535129	0.04331575436816801	0.17884755289737964
0.22294744544073425	0.06532085323129025	0.23214906513456712	0.0634235443032949	0.07604790108485697	0.10417385648613546	0.06484995424516915	0.17108738007395163
0.2170784294054955	0.06844790502246004	0.22242799798715013	0.10112663907134076	0.06806860367943735	0.11167146505496117	0.03969987360770247	0.17147908617145233
0.21041727557597245	0.07336788966602024	0.2532264691439634	0.05528722134928252	0.06933395660828467	0.11132395524967408	0.05482141576450321	0.17222181664229919
0.20691054528300024	0.07121669740087094	0.24257277147612083	0.08908937398452778	0.06648140414365397	0.10760003865973111	0.04312633798686445	0.17300283106523043
0.21020651895413395	0.06576428245828997	0.2119583003999446	0.10313333491601347	0.07594745058537569	0.11038024964038819	0.048518529410032235	0.17409133363582163
0.224176224621988	0.07426013658751596	0.15674949602517443	0.15211730360742606	0.07259619549492449	0.11046163673902679	0.03784948558726324	0.17178952133668074
0.21279455329649402	0.07246148242088904	0.15917829616259252	0.13308962867651014	0.0710924963652527	0.11111909593769118	0.05659695849879812	0.18366748864177204
0.2236821223472707	0.07071848325723977	0.18947002876231195	0.08088847470974077	0.07200655277981169	0.10948849749943047	0.07728319309986678	0.1764626475443276
0.2163040886539354	0.07573161201627797	0.19225542956314126	0.08154067414865632	0.07005406268609654	0.10615433371321951	0.06849915802670159	0.18946064119197115
0.21988166879069007	0.06649938564150552	0.21115932923532243	0.08124345874039741	0.06891852795067308	0.10842950224941668	0.0556425358614894	0.18822559153050517
0.22684722806916244	0.06552431212475392	0.24339013581168611	0.07347491024336344	0.06874006587098357	0.1073530409607096	0.03617976583450186	0.1784905410848388
0.20874190885996663	0.06561949742321957	0.2243359667730569	0.10568120883520979	0.07322547400848112	0.10827243729835494	0.04330774474128986	0.17081576206042096
0.21762115200616017	0.07027735170636981	0.18581805666654702	0.07544088287692183	0.07422777618258966	0.10661054298892393	0.08277091942970752	0.18723331814277983
0.2209529032050426	0.07466490998944267	0.20435252874333928	0.10845786825465105	0.07207482486680736	0.10730626720209624	0.03130927748108478	0.18088142025753579
0.2047429650191546	0.07559652312123269	0.23543961442604255	0.050280739816476586	0.0739761106242209	0.10839791532563554	0.06752313430752821	0.1840429973597087
0.21259648711252954	0.06610382887485824	0.17981943103728318	0.1586066091520769	0.07207432682231854	0.10455383025018643	0.035821516661108915	0.170423970089638
0.2105495947284164	0.07352137561807709	0.17554779143252874	0.1666574112871838	0.06567829420284824	0.10765553425843663	0.02904903664116279	0.1713409618313461
0.22151247044440064	0.06942723532781801	0.17853801969602562	0.13597248843671303	0.06896034020243269	0.10979563794504545	0.027176855797153135	0.1886169521504111
0.21919146780134285	0.0744847386962435	0.2321525099139667	0.08823174936545913	0.07283302073051467	0.10734256430435764	0.02899123869755081	0.17677271049056442
0.21245475143747566	0.07230160475690078	0.18278854730870717	0.10904565880521527	0.07349196743102716	0.10297626313180551	0.07066970841494499	0.1762714987139232
0.22007400202512595	0.0656986690336786	0.20769006365059645	0.08968396386185991	0.06981659964177118	0.10857847079672515	0.0645879786099397	0.17387025238030282
0.21271253139696106	0.06833214545118188	0.1924887218435749	0.0961124729908728	0.07431011404270985	0.11130264188614286	0.0625232529145621	0.18221811947399427
0.20775323649654742	0.06811661880141132	0.17796932452503997	0.14752842367292224	0.07204077600473204	0.1067133236899156	0.04491531090217364	0.17496298590725753
0.21626168339413088	0.07112022161761314	0.22909983968726244	0.0685185995511906	0.07388681435482869	0.11387856697022201	0.04204559382454959	0.1851886806002024
0.2247782440941452	0.0706248115811697	0.19796035943834447	0.10791511052502936	0.06556513529198849	0.11276512154478105	0.03678305158913869	0.1836081659354028
0.21500948875613918	0.07107750800733623	0.2342807862027073	0.08413840473392104	0.0683212948574956	0.11381075596100941	0.03854398504976245	0.1748177764316286
0.21507178581870828	0.07147722405263986	0.23555929914155377	0.07874439761727217	0.06789341739425248	0.10894350434079048	0.041597064299310954	0.18071330733547175
0.21641591599842233	0.0689870270115448	0.24465221797220058	0.07559734263148206	0.07047421577279715	0.10347934748701924	0.03871446988720664	0.18167946323932696
0.2088231158491931	0.06664820389246692	0.2504863363087528	0.07569720041888943	0.06698243922209057	0.10694709438981678	0.04472505939065574	0.17969055052813446
0.21694418840131235	0.06703487664164826	0.26604036617524773	0.052636367861995756	0.07574137385551888	0.110361495869829	0.03630988178151663	0.17493144941293115
0.21297003388936905	0.07318074772490353	0.25940403576590704	0.07327212320278356	0.06718794526089991	0.11336613694087214	0.026470960852423175	0.17414801636284136
0.2142617197179807	0.07445428998553288	0.2464519649019401	0.054875206703995275	0.0729310204870032	0.11262473504992969	0.04914734599794411	0.17525371715567378
0.22235222825406653	0.06963313413009756	0.26502195601585576	0.04674433476491632	0.06743644535084778	0.10248798692298287	0.05483013081270914	0.1714937837485237
0.20890806067417775	0.0651610992855916	0.2686154235721507	0.06363998900775095	0.0752051129289343	0.10270977696459745	0.03387618753879608	0.18188435002800096
0.21762273022159195	0.07541586339010087	0.16530103394588752	0.13546834855968756	0.06781162339102303	0.10797729618486929	0.054680879249336956	0.17572222505750257
0.22756119361449595	0.07109493435367575	0.17707382786545633	0.11512631373615863	0.06710447552819761	0.10493533723014198	0.049979639870081194	0.18712427780179236
0.21070988114668937	0.07408925070474197	0.23269546028370902	0.05916233267983917	0.06692788869451455	0.10874309846827239	0.062236441922094	0.1854356461001393
0.2107835078788401	0.073260743508226	0.26444193969020924	0.04946712411702425	0.07391326472509833	0.10914468102446578	0.030338186274691398	0.1886505527814447
0.2224507758851577	0.07402346371125577	0.21334806925611186	0.09940921376893015	0.06695812025625641	0.109510645452225	0.027048838664304437	0.1872508730057584
0.22490062851755055	0.06563783358089662	0.16007578960210128	0.15354978716460765	0.07359103499074511	0.10625951717787288	0.03664216471232	0.17934324425390563
0.20849641159328475	0.065726264030191	0.23143904585478714	0.07531886712064179	0.07622811677512059	0.10718920839902714	0.06264793547934411	0.17295415074760329
0.22050570685182208	0.06754311947768926	0.15202209920179038	0.14328275177801267	0.07311643852395161	0.10253567588817857	0.05602281682566	0.18497139145289515
0.21333420788529167	0.06724943255732523	0.23159370287992392	0.06488200159034993	0.07408385618637464	0.11079835305304138	0.06117371712237861	0.17688472872531438
0.21530847122596722	0.06831295529391884	0.19870427480604982	0.0867093733439457	0.07623768125622833	0.10376929798342864	0.06889782695322354	0.18206011913723769
0.20933179399847474	0.0661452583859587	0.20492900130805727	0.11022652028348602	0.07493471501912456	0.10394901822458594	0.04765062613512899	0.1828330666451835
0.21275880776779194	0.07399070473272017	0.21951921942636837	0.10576586228690532	0.07164168716575424	0.10903352623030464	0.03702827712859784	0.1702619152615572
0.22592093133210306	0.06765305032411803	0.19928889652483353	0.0792293733029425	0.0697928758308434	0.10888182204578772	0.06787924641410065	0.1813538042252709
0.2258333355158881	0.06815847801392666	0.23045324136332387	0.0716249143271318	0.06590455612683702	0.11176408719012214	0.04006750557174246	0.1861938818910277
0.21315196610849335	0.06820056339040256	0.22717342307344762	0.09569803933177355	0.07175783954032515	0.1070913796693492	0.02974823347064129	0.187178555415567
0.22316094212459353	0.07474895218973182	0.21725119329677572	0.07149266808245236	0.07592676714967636	0.10700996434145049	0.0433788745196856	0.18703063829563385
0.22199231189001645	0.07302485438501179	0.1652087869999519	0.12746453460657395	0.06919770825856773	0.11245274582116085	0.04258434435009459	0.1880747136886225
0.21163034881174642	0.06681868208402926	0.15981241486802145	0.12540225075608077	0.06632442718290645	0.110346114680737	0.08057414743536094	0.1790916141811174
0.20578008422900157	0.07510937528107223	0.18146742341057334	0.10485290572956357	0.06788907523617843	0.10764133914684018	0.07374090134612832	0.18351889562064205
0.22769944637360723	0.07104237585268786	0.20014043587970748	0.09975086833598554	0.07062289291382173	0.10978952381648686	0.03684643402475214	0.1841080228029509
0.2173952579450501	0.06747219599601206	0.21388807892428296	0.11677115657554789	0.0712282527123472	0.1117080011119718	0.02556847880731268	0.17596857792747508
0.2057641619125617	0.06849698742332849	0.1605222599579381	0.1266672479920115	0.0740919565991315	0.1051406363854421	0.08121710447859733	0.17809964525098904
0.22268684558080962	0.07392617168433144	0.23019982232867825	0.04841410035789	0.07336686532480952	0.10616182822531797	0.0600211681892978	0.18522319830886516
0.20440499333567866	0.07615804801257264	0.22793656637184834	0.05955475695401223	0.07008149283887218	0.11071819474577581	0.06640174530132878	0.18474420243991113
0.2173220780263987	0.0758145995211966	0.17596118049788112	0.1235125656151292	0.06843537045915046	0.11384117119584668	0.05205788091191406	0.17305515377248296
0.20566802913641963	0.07538026339969998	0.21867443641576678	0.10126875907184281	0.0675799193533811	0.1082238478251443	0.040075581122217596	0.1831291636755275
0.22467723824466174	0.07414565085736542	0.19418516050041426	0.10461878533375533	0.07268413080731344	0.1078745480710031	0.03183887535544658	0.18997561083003983
0.2071662191015583	0.06608315107139007	0.2505055532347874	0.08767203904967398	0.06581145094568533	0.1125656086196323	0.024616140102553793	0.18557983787471855
0.22595716938828467	0.07019899482878053	0.20319629295194064	0.06975967786648482	0.06843669616282097	0.10480333236153401	0.0751055270725905	0.18254230936756363
0.21776608230962163	0.06857491038201421	0.22602978124663153	0.08311149200615549	0.06854519472195847	0.10254957200242432	0.060150274423030906	0.17327269290816322
0.21599813357064612	0.07608792229233324	0.20713325701008256	0.08778393289546796	0.06572346953187445	0.10524762331561265	0.06437366915058948	0.17765199223339334
0.21084433768394628	0.07269205491873765	0.1857258786887333	0.07412932919581902	0.07338006494996618	0.11380608146558911	0.08108632795907236	0.1883359251381358
0.22635036250560955	0.0683602239350366	0.18196177603181177	0.10521659999076831	0.07083235316554048	0.11336240406250833	0.055867999946530175	0.17804828036219453
0.20522154161521297	0.06969042389381785	0.2290339259296834	0.06427925708452044	0.066757246850515	0.107055254372764	0.0700108183433526	0.18795153191013347
0.21498237258166358	0.06998437613497499	0.19938622298641448	0.0904866434674542	0.069692830076336	0.1067229343208977	0.06987410027408456	0.1788705201581742
0.22360484955809298	0.06813253456374954	0.15184828426704594	0.10763456964724119	0.07585152923735483	0.11282123667624584	0.07470907536220892	0.1853979206880605
0.21515033755368246	0.0708470996497364	0.15840571010034307	0.10999417190771255	0.07232030780748352	0.10977299646090492	0.08259539193473106	0.18091398458540578
0.21965008848287781	0.07113567778416226	0.21251754575829446	0.1013482192976899	0.06810122427090254	0.10386669064968297	0.050868418885268926	0.17251213487112083
0.2164244508924061	0.07057514694055243	0.13885835391399654	0.13178512003422418	0.07255770636700275	0.11352495832214675	0.07906809400790092	0.17720616952177004
0.22263443679846723	0.06912281656596478	0.16534378589622056	0.1421320353483801	0.06742718563531691	0.10400276102288253	0.04768084238200815	0.18165613635075947
0.20928389735403086	0.07479448203635586	0.0961123967690776	0.17832101948421536	0.07132909240373402	0.11426005988012887	0.07106916609056371	0.18482988598189348
0.21720039042373496	0.07380962011283992	0.11145724330203856	0.15940459115855404	0.07565717717271356	0.11253553512904858	0.07532921327073233	0.17460622943033782
0.22440133824246628	0.07341930209498478	0.10682802877518906	0.17157717974169615	0.07421740303572441	0.10297123900715718	0.0734177290734452	0.17316778002933675
0.2162399857938276	0.06905106158880897	0.16581370307747867	0.1443678529829697	0.06842726126812074	0.10260469747101408	0.046147209356731	0.18734822846104895
0.2104929048012086	0.06587110090680368	0.25587353657734546	0.055785376351403265	0.07010315558807587	0.10853269279192301	0.0618137971598158	0.171527435823424
0.21071466761529956	0.06650012765580124	0.20131501314415426	0.10241861432696897	0.073437676575384	0.10540882968486329	0.05549616258030987	0.1847089084172186
0.22209145017272103	0.07502538896523825	0.2247486172700915	0.07420648839971447	0.07342406233134853	0.10743129007348182	0.051142453611032104	0.171930249176372
0.22009877128766914	0.07454440121430671	0.20219882679482243	0.12237244367757995	0.06641883886951011	0.10936238339197049	0.030377275561687803	0.1746270592024531
0.22205711357492314	0.06833636933106901	0.1901965490760856	0.10571694941206702	0.06550763462951958	0.10541957598840868	0.06586797951576512	0.17689782847216165
0.2162818112159791	0.06691228887714894	0.22345280840201376	0.09085428595076332	0.07024489722135797	0.11183581245229346	0.04509016191649459	0.17532793396394858
0.2044092163319533	0.0676363024777759	0.1518767999490923	0.13947778954580295	0.07510395014770366	0.11170921485338976	0.0681229950987288	0.18166373159555307
0.21138079998363363	0.0726803769345306	0.12226762733077637	0.15828064498777694	0.07121486266926494	0.11316289564024892	0.06593724901671252	0.18507554343705587
0.21175498042859467	0.06722959340114433	0.1442139295385667	0.16361953545076807	0.07507967259018389	0.10840640997682907	0.05522968372918716	0.17446619488472584
0.20881481731841484	0.07497485856085073	0.18417115545727977	0.09796994091328695	0.07237111739850337	0.11201122510029449	0.07919266988060754	0.1704942153707621
0.2095897762122216	0.06907357057113436	0.2729985337359001	0.06385345902150122	0.06674896329194702	0.10871220148500543	0.03140419056806981	0.17761930511422028
0.21608785816616283	0.07585365646632405	0.25538348516677956	0.0609746061681227	0.06829866526743775	0.10975301328736695	0.030108778102642356	0.18353993737516347
0.20706030760305516	0.0738455939458395	0.2233625577918576	0.0676584667629874	0.07531800249918123	0.10452539682776554	0.07222426627762843	0.17600540829168487
0.20425248602441612	0.0756515076460779	0.21537647835230536	0.13156294243614114	0.06915943790406628	0.11031312533323351	0.023595727871656563	0.17008829443210283
0.22720292745519344	0.07376599520848784	0.18207008752660528	0.10327741893641648	0.07316505441598536	0.1047106516450856	0.050068834865451925	0.18573902994677383
0.2180390803616612	0.06853099345305563	0.21634119450598852	0.07104899902530021	0.06636738963192584	0.10924876142620461	0.07149120326313993	0.17893237833272385
0.20466133092630057	0.07579159330242051	0.2368486637949977	0.05313631986668886	0.06991764913933535	0.1130749501486761	0.07571804801200326	0.1708514448095774
0.22600751395851562	0.07140745755794492	0.23888735030794306	0.0837479149489575	0.06741370145330292	0.11000750728553466	0.02801722791713855	0.17451132657066248
0.2202159777342144	0.07480763982705488	0.2262769661568287	0.09330814121653758	0.06592876265966663	0.10755127451416961	0.03614664893039518	0.17576458896113284
0.20980093929865706	0.06665146411753607	0.25464908745543724	0.04672313777836164	0.06764608661221014	0.10407154908720606	0.07777519342379373	0.1726825422267978
0.21787439421844923	0.07010839291356122	0.2166878588245934	0.10196728403322478	0.07078948589318193	0.11178422090507076	0.029456383539333122	0.1813319796725853
0.22450451130509996	0.06897167639942237	0.24544977832599424	0.048786762546198306	0.06685315987264656	0.10603736782380765	0.06654955910996807	0.1728471846168626
0.2200558204657717	0.07296711424689413	0.21798865070278511	0.06200077580878545	0.06782433742584347	0.11101579015770721	0.06541310985133333	0.18273440134087932
0.22775210447375102	0.06609990563744694	0.2524251016729169	0.07187787657108716	0.06900695359300607	0.10678854938706814	0.03384513853606541	0.17220437012865816
0.20862518510596947	0.0728155887791376	0.2410492952422704	0.07706187785296365	0.0676738420995397	0.1029059135198346	0.05495028716468635	0.174918010235598
0.21818299744252123	0.07173057315854268	0.24614528884657078	0.05149350426281614	0.07015119487846848	0.10579217031388183	0.05196244196046568	0.18454182913673295
0.2090532665128264	0.07470368300044279	0.2462061377739752	0.048945926749401264	0.06954311758347415	0.10479406375253017	0.05703757884419962	0.18971622578315012
0.21588694173568773	0.07342226325399075	0.2559580502779931	0.0652299198477042	0.07102787105504794	0.10267176437465833	0.036825121440009406	0.17897806801490834
0.21351783387445616	0.07395005432322546	0.21851526921689293	0.083960295629084	0.07443116096563726	0.11196161408094014	0.05111446141005575	0.172549310499708
0.20439001127496548	0.07253456645351039	0.22690307636127938	0.0919123901931322	0.07547017055304611	0.11084249194203813	0.04147259280222858	0.1764747004197995
0.21977444530026344	0.07181627243212314	0.16009741999408378	0.11378378483500008	0.06947281025737445	0.10665210815635826	0.08170684696618184	0.17669631205861472
0.225302922216225	0.06515149226732142	0.10457981016143242	0.170660496503806	0.06899552440916223	0.10700288719730107	0.07914103767575992	0.17916582956899163
0.2208779805872806	0.07228792373101883	0.15923312788097133	0.12936730330483542	0.07087435384940768	0.11029684843551842	0.057094511074699705	0.1799679511362678
0.2044621795253282	0.06584782926739735	0.23745740500832485	0.05411123742201822	0.06952336443269941	0.10283137363373489	0.07815359883758234	0.18761301187291451
0.20906050653947877	0.07040344625829412	0.15703481273750788	0.15523030460378456	0.0676353121391648	0.1076688298110399	0.05181740297868864	0.18114938493204105
0.21156832281961296	0.07107856016173962	0.11946454711315922	0.15452330446886026	0.07493077873538873	0.10511054785861458	0.08348943993092585	0.17983449891169853
0.2116247027091508	0.06674873985878305	0.17963485797652454	0.13476087837273648	0.06968030807617634	0.11378570735660709	0.033351135660460385	0.1904136699895611
0.21141775661352077	0.07079612217605619	0.12686934749259718	0.15975084377717796	0.06567189704413043	0.11218279583273301	0.07643032392694905	0.17688091313683516
0.22939687691782046	0.0658624784040446	0.14471297969676725	0.17606147382415466	0.0669664431662254	0.10283579649459465	0.025698463805037167	0.18846548769135557
0.20722006629245127	0.07273015589925155	0.1464309809995456	0.15040561198908522	0.07433354739590083	0.11058268766031992	0.04773253318713648	0.19056441657630888
0.22628139669485378	0.07553223324712083	0.12277679891477997	0.1416543493897085	0.07507665514936687	0.10670293175407702	0.0791036791843287	0.17287195566576402
0.20451341099487763	0.0675503872044999	0.16626630921013277	0.1403708456670101	0.07364341358402401	0.113211680597918	0.049095607475052525	0.18534834526648478
0.21752230284982568	0.06954969773584538	0.1712742406332009	0.10860367408179304	0.07621133848938365	0.11152145185031824	0.05666917698882869	0.1886481173708042
0.22154178107233724	0.07231063721466502	0.23345588182601215	0.08244105327084437	0.06889050379048807	0.10759518953323222	0.03102472246894375	0.1827402308234769
0.20601647759902442	0.06828347303407968	0.22983585222377478	0.08611747721935509	0.07518853859249232	0.11401351907310853	0.03955516431755096	0.18098949794061395
0.20776067038685775	0.0720814313755811	0.2286811089957843	0.08014777174401257	0.06833538359376985	0.10822588241981636	0.04642892980879634	0.1883388216753815
0.21054375575953374	0.06534216618432315	0.2390234632353732	0.09276210295251325	0.06698320987703518	0.1097809870945951	0.044602464735158595	0.17096185016146753
0.2102339827748716	0.06519892150032208	0.22173155796631375	0.07546126346135762	0.0691083911920056	0.11318044891929625	0.05624999033063523	0.18883544385519763
0.2179669249275382	0.06993293827005381	0.27159979448588	0.0718022293826387	0.06902730592265377	0.10286496257340796	0.024827051491951635	0.1719787929458757
0.21614891311395557	0.07298421426944478	0.232015662483274	0.06629807098773077	0.07506303238270429	0.10892234543393305	0.0554237200685095	0.17314404126044775
0.21289349117479978	0.06961087309017411	0.21460193177300468	0.08032268604897538	0.06773846719111906	0.10989745620970505	0.07233831968760476	0.17259677482461697
0.22364712414207186	0.06974941086965711	0.1069062069829777	0.15660163475816133	0.06979067658099274	0.10988560077464075	0.08348125633998736	0.17993808955151092
0.21398255333223518	0.0751568391915263	0.1325826598298242	0.15209213425681914	0.07005159126510371	0.10567655003216207	0.06557407410930383	0.18488359798302534
0.2199662106408431	0.06784476223280447	0.12374035137456159	0.13765023185223044	0.07550563428569596	0.10723108754908038	0.0784912587624248	0.18957046330235905
0.20524021820302102	0.06947408530219626	0.1264088215429636	0.17259714352591699	0.07004186191523337	0.10981898142945859	0.07179818372493804	0.1746207043562719
0.21840730100688083	0.07109207597993704	0.16389790774475207	0.1625309085656813	0.06747650089428392	0.10254366526501502	0.026405314765786045	0.1876463257776635
0.22587594793376964	0.07015149431226797	0.1589597874854015	0.14997646165649106	0.06880986094170341	0.1054056841544339	0.03739238909694559	0.18342837441898666
0.22844099015915864	0.06822940272205749	0.18667219611137148	0.11254902163359547	0.06562042056676834	0.1029630330792364	0.051539152296153926	0.183985783431658
0.20560897019970348	0.07007454950465397	0.15126865411666962	0.15174069064830392	0.07343064438670038	0.11137450267283794	0.05262756241692092	0.18387442605420956
0.22696527402418437	0.06773640085877358	0.12451371126618346	0.17787178907885934	0.0746260300851765	0.10314000745169778	0.0415918430826277	0.183554944152497
0.2166335536209148	0.07566410868852594	0.16447854942740486	0.14644775278268043	0.06622780587813239	0.10728460278954793	0.035682927590808	0.1875806992219854
0.22252627179395074	0.07096441586864743	0.19432898654369174	0.13940287181310287	0.06570006779817913	0.10468230196182216	0.026674986545326754	0.17572009767527888
0.218004963417147	0.0748439212061893	0.20958224968075817	0.0746323196052541	0.07497178031742038	0.11210662774715109	0.054960508592350535	0.18089762943372917
0.2063995937275675	0.07089451483185924	0.16468102011608396	0.14975736048316107	0.06944667190611423	0.10363305839371391	0.051108472739588656	0.18407930780191123
0.2249792558208366	0.07221167275691817	0.10692005513657517	0.17877202297471043	0.07581310193109453	0.10881074021564052	0.05824481217628916	0.17424833898793515
0.2164333685832765	0.07400347069449557	0.14759028688274886	0.11495780524974386	0.07557927779112605	0.11247172803402279	0.07383697436278361	0.18512708840180253
0.21819840880700575	0.07342662589521219	0.1046057871673385	0.1702494374787545	0.07238677940920568	0.11243560994862692	0.07369669927861511	0.17500065201524106
0.21142784391442868	0.06999420003190598	0.21691315918880552	0.11156829462724534	0.0708677713894876	0.10473983177843808	0.02657451246207955	0.18791438660760906
0.21597480085996631	0.06928097681464185	0.180622808638433	0.14660665601374134	0.07607920645944574	0.11190928028295	0.028829640907717974	0.17069663002310353
0.22051436221973886	0.07100025838649815	0.19035227226689536	0.11438921491324501	0.07300286640432313	0.10983140962179752	0.03735242510284845	0.1835571910846533
0.2292783082007918	0.07480099095793445	0.18807287243241075	0.12497725403933045	0.06784153365369594	0.11263920680142889	0.021707948800399085	0.18068188511400837
0.2056306307872029	0.07216064852808254	0.1764465683667026	0.16364990473184163	0.06948723075913141	0.10841845677872913	0.02098726820516293	0.18321929184314661
0.22452680168175615	0.07616629001006513	0.16689871320982702	0.10663371884477262	0.07370312839633036	0.11349670191676273	0.0652935215959588	0.17328112434452694
0.22853856808463108	0.06762164969514792	0.1616619111063056	0.10653360654213366	0.0741718920291023	0.10929441382294824	0.06626489806973379	0.18591306064999716
0.21257561465567798	0.06879699546008267	0.20464425235468195	0.08736655122289003	0.07298741999269284	0.10338913601416425	0.06310203982251561	0.18713799047729446
0.22518471538844848	0.06539558001584023	0.21410748971155233	0.06899299246706286	0.07289013198826338	0.11389167359147476	0.06875760395723104	0.17077981288012667
0.2259450503329673	0.06794139268164454	0.22640592138679339	0.0867466968606886	0.06826813347079815	0.10394467306809307	0.04707414783729866	0.17367398436171605
0.20559065049158834	0.07388567564648199	0.22467126424318218	0.06488836670268364	0.07546493881253111	0.10903582391570497	0.05818152370303088	0.1882817564847966
0.22717939334940745	0.0681772835714716	0.17675357588934945	0.09591341143836929	0.06682021220410397	0.10382471528235544	0.07097921940596863	0.19035218885897387
0.21315029858479487	0.06986656334329175	0.20484848256449986	0.08146765667874464	0.06971377053009556	0.10261604086736432	0.0804561840787121	0.1778810033524966
0.2144752173953634	0.07024697496108445	0.21469427593585855	0.08265662442725939	0.06646209549713598	0.10615810353194044	0.06347906486110053	0.18182764339025698
0.21393474353056008	0.07502457009799715	0.19760629652117412	0.08968280105030019	0.07608926510851254	0.11303051104263219	0.06305514304485613	0.17157666960396734
0.22283917986568674	0.06749861530514231	0.22600351941128932	0.05213210672995425	0.07587842909959402	0.10697107928596376	0.07448892057114068	0.17418814973122868
0.22133582708117955	0.07239256483315118	0.23134621658041193	0.06815340211595586	0.07492854300038207	0.10477385225026883	0.05103430491038366	0.17603528922826664
0.20776823213227644	0.07038889030064621	0.26096494965760747	0.05742473610074747	0.0691204081596841	0.10338380620986959	0.05325962479997989	0.17768935263918859
0.21829818953229674	0.0735152869737731	0.2386515227035294	0.09580207630142834	0.06710939069803573	0.103751441607353	0.030047632072412706	0.1728244601111707
0.20803355399423223	0.07424612777325944	0.22843662743346752	0.06489969637591654	0.06781098264468811	0.11266741130012725	0.0536257318017518	0.19027986867655688
0.2049092262587265	0.07495952727794747	0.22171803036722992	0.09130470862010637	0.0756731290348534	0.11296616859123788	0.035666587947232556	0.18280262190266564
0.21873048532903366	0.07454988131768454	0.18314734285532155	0.08788892053303612	0.07349235272218547	0.10329315742589244	0.07069497097669619	0.18820288884014974
0.2252193762836733	0.06747466587070353	0.18702526698867755	0.11058681462056255	0.070936660212043	0.10630386867989652	0.042736149511643465	0.1897171978327998
0.22263689011388432	0.07281977934492237	0.14842963765698286	0.11655863642993641	0.0718128773823446	0.11390160304327442	0.07440258619327597	0.17943798983537884
0.21389218706388488	0.06714243807720985	0.13343912749680834	0.15189111325153495	0.07078333677040137	0.11094469605467049	0.06672864175442904	0.18517845953106082
0.22063066284470126	0.0671839002355277	0.11731671568885998	0.16691108168529653	0.0685267344566726	0.11008075639966505	0.07569450678889128	0.17365564190038535
0.22505667123284365	0.06552908213426084	0.09191836411795073	0.176835079715045	0.07120200914826763	0.10611748459205977	0.07362850926774159	0.1897127997918305
0.22799582821519404	0.0716372048348052	0.10588122404694669	0.16459725012868082	0.07647357931458693	0.10791306930316577	0.05968560113206117	0.18581624302455912
0.21796848443879904	0.07009330812746851	0.17176842442268936	0.1581749083917241	0.07533025197427921	0.10250465344750388	0.024016360834497083	0.1801436083630385
0.20831459046803585	0.07508860490642999	0.2252770755444201	0.10836825556588123	0.07100945078224141	0.10357245267099871	0.036469596353182226	0.17189997370881022
0.2266533853908056	0.06978664552847427	0.17661169192504872	0.10145782071128606	0.0726724738580738	0.106238029691567	0.06041249509839561	0.18616745779634863
0.22522576635510372	0.07500561866957273	0.14496975118380914	0.11915569727229634	0.06660159437554404	0.10753506054587153	0.08425657109532923	0.177249940502473
0.21175522057807972	0.06759790772199423	0.12947857027406148	0.14708178562339608	0.06713316534207162	0.11241959859828166	0.07393927874567752	0.19059447311643746
0.22857439088242848	0.06598002757433466	0.16972121927753525	0.12663829151972128	0.06558672773221916	0.10912683766589144	0.05941327865473947	0.17495922669313002
0.2118305862188974	0.06626214974890676	0.13520876587349043	0.17359775309424402	0.06582487172263893	0.11417211567859818	0.05509695835115963	0.17800679931206442
0.22250274828725292	0.0718496078255987	0.1586229245618204	0.1499809253451298	0.06570914583158495	0.10666586779761633	0.045240603997154946	0.17942817635384173
0.21443129050552295	0.06816720161192147	0.19965684149110427	0.09061452750766871	0.06777338256073714	0.10431446194427328	0.08316354235493617	0.17187875202383576
0.21783372993041494	0.06946893641900269	0.24128186752080405	0.07501135248726601	0.06935014316593216	0.10298201101495538	0.03712379796805905	0.1869481614935654
0.20754386612227574	0.07325046965883844	0.22035977389578543	0.07869270229901623	0.0671317558953344	0.10600885344396399	0.06885778656668382	0.17815479211810176
0.21117826686450059	0.06785200868549413	0.1710515467933502	0.14075968358164193	0.07358933628529646	0.10582868646677766	0.04317590882201888	0.18656456250091996
0.2130784083784013	0.06999424858019003	0.21474962596806563	0.07441748380934071	0.06756152651909954	0.10878322485454262	0.08022545521219365	0.1711900266781663
0.2238372112509479	0.07489364680786839	0.19848254852114372	0.12135442542817367	0.07412432172564333	0.11089552015139169	0.02285871441312201	0.17355361170170905
0.22436380098661385	0.07594955291710011	0.2070703077514907	0.0805583315882277	0.0677563058645673	0.10824585453417862	0.04916990607049199	0.18688594028732947
0.20492253628680354	0.07504137438013073	0.20891356648191967	0.13248886015489814	0.06862519058734977	0.10554796923477192	0.024996720476418002	0.179463782397708
0.2222966402877952	0.07083856267077093	0.18416236773643727	0.09985300786545118	0.0682853103764201	0.11305880626176404	0.058920592793243604	0.18258471200811743
0.21324387407350248	0.06914024999851116	0.21192623793146287	0.08821540269760877	0.06701415774253378	0.10717534301802245	0.05270469860322001	0.1905800359351382
0.22743239404156274	0.06848279955016197	0.20500922369698177	0.10894136761791094	0.06838602274666782	0.10609329357563244	0.025123815735382207	0.19053108303569988
0.20778452364028138	0.06536788416863729	0.2153597422164349	0.10717603561502861	0.07584265217605238	0.10553289807800664	0.0479132958803289	0.17502296822522967
0.2249882906713838	0.07251509712589074	0.20057090542167855	0.057917454055855605	0.07302593183407907	0.10819673996481427	0.07896076168902766	0.18382481923727007
0.21925569108022314	0.0711459506639302	0.24932500286231218	0.08464133742698537	0.06585353039430422	0.10991872227796669	0.021625202753441236	0.17823456254083664
0.20691033099909883	0.0691011041210671	0.2638506669998185	0.06391062448466492	0.07351801835806873	0.10793856861795342	0.024427633765866097	0.19034305265346213
0.21036415373801604	0.065148932019888	0.21842115311134258	0.08625429221110541	0.072608785999331	0.11044222038089027	0.06104777191881851	0.17571269062060796
0.21464814952458325	0.07399206568640425	0.12363342119956598	0.17189454418140457	0.07460667572850074	0.1055439537607712	0.0649444538431902	0.17073673607557954
0.2109574629303992	0.06998616282262166	0.11633033541305901	0.16030779843215937	0.06651682934172509	0.11331828105006599	0.07598406921300949	0.18659906079695993
0.21948260691904709	0.07321174102995695	0.11042472095434525	0.162945256889641	0.07236548711183989	0.10737197855502062	0.0718346197179626	0.1823635888221864
0.2121115481635532	0.07592264144566988	0.10913809404848658	0.17058100945586033	0.07062139088227734	0.10271745676061858	0.07210394290267118	0.18680391634086263
0.21323305191927633	0.06636809141781903	0.15156340462695772	0.15429454158056616	0.06877131591715757	0.1063218640962375	0.06457218721909327	0.17487554322289217
0.21210414782011405	0.07299827099381004	0.14172145530195984	0.1299993538409995	0.0677951702478523	0.10795624637009457	0.07837450562450171	0.18905084980066778
