0.18157057002581073	0.09092829600360142	0.0909299885756727	0.2728073725854613	0.36376377280945366
0.18155661086249675	0.09100677915814902	0.09092472659155644	0.2728017315991446	0.363710151788653
0.18164147801465547	0.09094921724908375	0.09093401904642115	0.2727603364449126	0.36371494924492687
0.18164639824231998	0.09094292465690343	0.09092816871238626	0.2727911700549023	0.3636913383334879
0.1816465106900907	0.09095714227161378	0.09093298473044253	0.2727657277244046	0.36369763458344817
0.1816970666892056	0.09089087275898595	0.09092378664228548	0.2727923902193724	0.36369588369015027
0.18170400638394474	0.09089499661986991	0.09092222451829063	0.2727943636680499	0.36368440880984465
0.1816783283196275	0.09089097552546219	0.09093022711701529	0.27278895600061404	0.3637115130372808
0.18155533530860887	0.09097774252437425	0.09091938223810896	0.2728089543513658	0.3637385855775419
0.18157958252560463	0.09098543081984312	0.09093105190758452	0.27277196120552755	0.36373197354143993
0.18161996937575264	0.09095937997907298	0.0909310720315637	0.2727895916357722	0.36369998697783823
0.18157696231874956	0.09097450659005149	0.0909293409668396	0.2727598499625725	0.3637593401617866
0.18164852964488482	0.09096129734735661	0.09092530047475371	0.2727763366909369	0.3636885358420677
0.1816312190345738	0.09094708920053039	0.09092657592325766	0.2727881555363688	0.36370696030526917
0.18168666209025722	0.09094268013954303	0.09092984130222813	0.2727597308220641	0.3636810856459073
0.18167618752110612	0.09090378183489921	0.09092010382442899	0.2728010269356	0.36369889988396553
0.18155306188214068	0.09101171965158819	0.0909186286116844	0.2728089050070368	0.3637076848475497
0.18163922205260416	0.09092071297160786	0.0909258591963096	0.27276466309968495	0.3637495426797932
0.18158592391032333	0.09096276123385501	0.09092324159199336	0.2728035212937485	0.3637245519700795
0.18159048045351678	0.09099485937695025	0.09091779218519146	0.27276009219586367	0.36373677578847763
0.18155976216899852	0.09099223394037506	0.09093150544706195	0.2727654078094526	0.3637510906341117
0.18155444938135737	0.09099423720365027	0.09092258011009662	0.2727902288730007	0.3637385044318948
0.18157555870680583	0.09097329663873893	0.0909224878874671	0.27281644698038177	0.3637122097866062
0.18162159608609302	0.0909434093576027	0.0909254467215545	0.27279120982992	0.36371833800482956
0.1816846294539869	0.09089071692400999	0.09093563499748031	0.2727639609013528	0.3637250577231699
0.18164836875820187	0.09092540122290158	0.09093752496341445	0.27278766503551866	0.36370104001996323
0.18163047703480859	0.09093242664511782	0.09093196116228697	0.2727898236638953	0.36371531149389114
0.18165121532643425	0.09095775948162889	0.0909235083780898	0.27276178486752356	0.3637057319463234
0.18164282987512043	0.09090206680654417	0.09092284938584977	0.2728157180754792	0.3637165358570062
0.18158048920866843	0.09098272623207604	0.09092097245363501	0.27280472005856066	0.36371109204705965
0.1816093448215653	0.09095841013468177	0.09091795117888736	0.2727823740269522	0.36373191983791314
0.1816275001441081	0.09092853360437225	0.09092504463403664	0.2728075982496559	0.3637113233678269
0.18157988135785147	0.09101654411353824	0.09092224038678229	0.27278952234214876	0.363691811799679
0.1815508219668685	0.09100335963176949	0.09092483813083443	0.2728178265888572	0.36370315368167017
0.18155479260951524	0.09098078883853714	0.09092920442070043	0.2728140542588812	0.36372115987236575
0.18162382050499887	0.09095350199084158	0.09091978587392878	0.2727675386664118	0.3637353529638188
0.1816289544740442	0.09090537377278382	0.09092909389647202	0.27278818688085216	0.3637483909758476
0.181568308163689	0.09094369670718729	0.09093282228849396	0.272818569836843	0.3637366030037865
0.18161336096658612	0.09093092667777286	0.0909254102199637	0.27278079208460576	0.36374951005107137
0.1815909812100424	0.0910023539416429	0.09092170029488476	0.27276840241760264	0.3637165621358271
0.18157876796755595	0.09097919092618831	0.09092968686117017	0.27281302833321996	0.3636993259118654
0.18156763081535382	0.09095960974970532	0.09092199357300293	0.27281591305394004	0.36373485280799767
0.1815604411333437	0.09099653159502125	0.09092174360025852	0.2727903126523515	0.3637309710190249
0.1816069480311219	0.09097227827026302	0.09092158591842794	0.27280198092106356	0.3636972068591233
0.18156531463177203	0.09100489863950455	0.09092312673426871	0.272774198935084	0.3637324610593705
0.18165747939331892	0.0908917973547582	0.09091851825942078	0.2727831207353919	0.36374908425710994
0.18165440992969584	0.09094302388340651	0.09092281410187152	0.2727688947010005	0.3637108573840254
0.18165888386285706	0.09096531964705157	0.09092360479303366	0.2727666058566739	0.3636855858403836
0.18163980624957057	0.09098268235717774	0.09093498165927075	0.2727607394317584	0.36368179030222236
0.18157299806184304	0.09095690334524173	0.09092553081931647	0.27280103569776265	0.3637435320758359
0.18157618736450815	0.09092270932811691	0.09093814910290979	0.27281347349470136	0.3637494807097636
0.18163217169743254	0.09097927362382588	0.09093274861034681	0.2727662405081601	0.36368956556023446
0.18164790641032752	0.09091941731083275	0.09092185530490118	0.27279359632181893	0.3637172246521194
0.18160142981484012	0.09093615667546179	0.09093126582241956	0.27278273122384	0.3637484164634383
0.18169158175601005	0.09089581560990852	0.0909324828216485	0.27278914049608216	0.3636909793163506
0.18161016206598923	0.09095385766494916	0.09093584631456905	0.2727898965997024	0.3637102373547899
0.18166162772296693	0.09090457040633561	0.09093020997627498	0.27280288686717685	0.3637007050272454
0.1815564967497323	0.09099443527937243	0.0909192003494646	0.2727750473127192	0.3637548203087113
0.18155556659105368	0.09101334391424608	0.09093160572338994	0.2727693869978318	0.36373009677347823
0.181632273361238	0.09093131970423374	0.09092420856698002	0.27280093196469163	0.3637112664028564
0.18161733049038492	0.09094915818164141	0.0909215062894941	0.2727656879455257	0.3637463170929537
0.1816942655422687	0.09091121768713724	0.0909209165348361	0.27279351260785883	0.36368008762789894
0.1816816993043004	0.0908936458585531	0.0909236865272623	0.2727739754458367	0.3637269928640473
0.18155631364758298	0.09100171161235741	0.09093607539124014	0.2728080458424409	0.36369785350637834
0.18160553719003003	0.09095312082425645	0.09093353431298153	0.27281548179927645	0.36369232587345535
0.18158605241770898	0.09095865805900755	0.09093220254172671	0.2728152222142358	0.3637078647673207
0.18160264946331686	0.0909061042783584	0.09093584256316688	0.27281876542200056	0.3637366382731571
0.18157220162450333	0.09093629307771695	0.0909269599485662	0.2728123467674095	0.36375219858180374
0.18163906298652657	0.09093775947752608	0.09092699079605243	0.27275884622852964	0.363737340511365
0.18169551419994462	0.09092073325593292	0.09092331919201121	0.2727680031564683	0.36369243019564274
0.1816899825223921	0.09092177663440212	0.09092474135846786	0.27277593250671955	0.36368756697801813
0.1816959338443145	0.09090474707210369	0.09092683247425773	0.2727719204252441	0.36370056618407975
0.18160394263082197	0.09100479825304525	0.09092557102721882	0.27276748829391184	0.3636981997950019
0.18161020528729177	0.09098472446293766	0.09092335539571382	0.2727707167429463	0.3637109981111103
0.18158797200060386	0.09096584826747882	0.09093754323069224	0.2727697349689088	0.36373890153231614
0.18162416386679817	0.09092572424015892	0.09093126063796148	0.2728001291122032	0.36371872214287804
0.18166689191308213	0.09089841048834685	0.09092367150795504	0.27277261482303317	0.36373841126758255
0.18168239241296447	0.09091217278568327	0.09092409916194592	0.27279193108684996	0.36368940455255616
0.1816005388998136	0.09094926424087432	0.09093685477006565	0.2728082431373651	0.3637050989518811
0.1816203039190985	0.09095575736608516	0.09093783122356394	0.2727932670694826	0.36369284042176964
0.18162004667886836	0.09090997168091698	0.09093321816257546	0.27280739795369163	0.36372936552394736
0.18165180003203873	0.09097548959493744	0.09092029124416968	0.2727585741019303	0.3636938450269237
0.1816076362108381	0.09098362190702712	0.09092424785689747	0.2727766761512776	0.36370781787395945
0.18164463667188363	0.09096142548996973	0.0909379543845521	0.2727660958637618	0.36368988758983245
0.18161626920165957	0.0909452005410213	0.09092819732112908	0.27278828531398375	0.36372204762220606
0.18156475351260623	0.0909905574202842	0.09092600065830121	0.27277288787443754	0.36374580053437056
0.18160237061028803	0.09099944356426722	0.09092873688687732	0.2727804663821984	0.36368898255636883
0.18161021744052513	0.09097435199684556	0.0909276691630378	0.2727650192556683	0.3637227421439231
0.1815505507028183	0.09099543408861184	0.09092577481001586	0.27280155952454566	0.36372668087400817
0.18165140076330547	0.09097020740865047	0.09091746879972634	0.2727780963302847	0.3636828266980328
0.18158308159031716	0.0909795851063695	0.09092532419299323	0.27281089747055287	0.36370111163976704
0.18160424941442926	0.09089989713791786	0.09093288702200872	0.2728098716499874	0.36375309477565654
0.1816530851867723	0.09091912081078381	0.09092393818823317	0.2727827746492296	0.3637210811649808
0.1815931555105315	0.09093791337667728	0.09093177950014678	0.2727730931072698	0.3637640585053744
0.1815808003869689	0.09099100229781618	0.09091768561863534	0.27280702008446855	0.3637034916121109
0.18160855406636672	0.09098398672106114	0.09092403957542063	0.27280093580735454	0.36368248382979673
0.181680085030346	0.0908990359258767	0.09092602069164588	0.27277783625802166	0.36371702209410955
0.18164175213418712	0.09089504873444054	0.09092900019330583	0.2727851884497392	0.3637490104883271
0.1816227539425979	0.09090494863406558	0.09092542184393325	0.27279191833199795	0.36375495724740514
0.1815668203587836	0.09097071147674399	0.09092772759887865	0.2727726319790843	0.36376210858650926
0.18156565297170513	0.0909731846630834	0.09093181974051148	0.2727852488935736	0.36374409373112615
0.18157547719653883	0.09096466105487017	0.09091730968459089	0.27278250094605117	0.3637600511179488
0.18159571259754706	0.09095182093072957	0.09091990145328965	0.2728155512499806	0.3637170137684529
0.18160789359221305	0.09094500759662401	0.09091838676927698	0.27276419659281076	0.363764515449075
0.18165860390123775	0.09097089675448357	0.09092102385511354	0.2727684851613239	0.363680990327841
0.1816249767283945	0.09091756919156457	0.09093743248469997	0.27276439343270087	0.3637556281626399
0.18161129271107473	0.09095361066040139	0.0909198674614745	0.2727949935744979	0.3637202355925514
0.1815757000652956	0.0909836585074388	0.09093217849916196	0.2727792300982029	0.3637292328299005
0.18156610787290953	0.09095615464264688	0.0909276305071759	0.2727916574391906	0.3637584495380769
0.18164780249871393	0.0909214896537129	0.09092435649787493	0.27281167432143544	0.36369467702826264
0.1815736434730581	0.09093626839691017	0.09092758541376962	0.2728083729192978	0.3637541297969641
0.18165880472171336	0.09094327066709267	0.09092050988912868	0.27278815007544643	0.3636892646466186
0.1816384557346568	0.09097740034894986	0.09093007062277522	0.2727616612494528	0.36369241204416514
0.18156952580048116	0.090984009008291	0.09092025191122245	0.2727699671217928	0.36375624615821234
0.181633502708213	0.09090736747416726	0.09091921614283617	0.2727755090897437	0.36376440458503967
0.18163528449561406	0.09098825720004453	0.09092598233667429	0.2727657409086645	0.36368473505900245
0.18158651752228178	0.0910076748531409	0.09092433154748546	0.27277235556832397	0.3637091205087677
0.18162957959543324	0.09093556641827823	0.09093061772444429	0.2727838268047099	0.3637204094571341
0.1815713076665545	0.09094657406308515	0.09092212032801772	0.27281158366100533	0.3637484142813371
0.18162675825717575	0.09095600888589095	0.09092356567050791	0.27277903426431416	0.363714632922111
0.18169605152390905	0.09091356025821863	0.09092744334435367	0.27277693270170267	0.36368601217181573
0.18157977472945266	0.09096158334489597	0.09093440606633812	0.2727615336963222	0.36376270216299084
0.18166597471966586	0.09093151529041288	0.09091884500905267	0.2727923813977375	0.3636912835831309
0.18169638202535113	0.09088984342382582	0.0909335460092957	0.27278473774908524	0.3636954907924419
0.18159590198498654	0.090930846105834	0.09092855656865824	0.27279300243038457	0.3637516929101364
0.1816020758081507	0.09094321402601477	0.0909349207761864	0.2727864659264734	0.36373332346317466
0.18167021611388573	0.09090351359259358	0.09092698782890354	0.27277918797644823	0.36372009448816867
0.1817148690287485	0.09091318524422966	0.09092284749039571	0.27276001291647783	0.3636890853201481
0.18170096006321543	0.0909055345324937	0.09091758029957446	0.2727667871616323	0.36370913794308396
0.18164424184112934	0.09089168015635893	0.0909316311151775	0.2727717055252928	0.36376074136204123
0.18167890059040162	0.09096009815194829	0.09092222289428538	0.27275827142039955	0.36368050694296494
0.18160059959945235	0.09092482427225193	0.09091916941433734	0.27279805148255354	0.3637573552314046
0.18159294223734507	0.09093842828315421	0.09092328052025123	0.27281386548585684	0.36373148347339246
0.18161088953063564	0.09095891529470942	0.09092459903852848	0.2727959268422352	0.36370966929389104
0.1816078910862523	0.09095706960933722	0.09092196174710285	0.27276510268981646	0.363747974867491
0.18164675949371512	0.09092775034536194	0.09092380291957594	0.27276654229714986	0.3637351449441969
0.18161839238000865	0.09094010887936213	0.0909247411878138	0.2727620215992662	0.36375473595354896
0.1815808056653988	0.09098794982211038	0.09093791457551754	0.2727839921765285	0.36370933776044456
0.18161652927213418	0.09095199549368298	0.0909179511383974	0.27276108535912297	0.3637524387366623
0.1816061644192817	0.09094647534743024	0.0909269039023011	0.27280327154358186	0.3637171847874049
0.18168423300109324	0.09092383720647411	0.09092419652922068	0.27277140215747564	0.3636963311057362
0.18160854044192176	0.09099521809455913	0.09091881860687805	0.27278799519630514	0.36368942766033563
0.18164998982266287	0.09091380922418014	0.09093125968926989	0.2728152363637541	0.36368970490013275
0.18169581434233562	0.09088839867611118	0.09092057486772998	0.272809153572392	0.36368605854143105
0.18163376635854697	0.09092622488786826	0.09091960196498086	0.27281794484076116	0.3637024619478425
0.18158537745437264	0.09096642626893935	0.0909357888064668	0.2727790333729413	0.3637333740972797
0.18163679258172544	0.09097202045543203	0.09093391264674727	0.27277026791084535	0.36368700640524976
0.18167710975870202	0.09089038246595176	0.09093391509291082	0.27277312180724134	0.3637254708751939
0.18167993190640408	0.09090634678937078	0.09093288882529553	0.2727617738559002	0.36371905862302917
0.18170652266731385	0.09090975396707965	0.09092530767281487	0.2727778752551104	0.36368054043768105
0.1815942632703153	0.09095422672454576	0.09093323441018142	0.2727961248008089	0.3637221507941484
0.18165808783292792	0.09093322299322348	0.09093232396573359	0.27279608708085	0.3636802781272648
0.18160356955318335	0.09098396954640908	0.09093408172771306	0.27276478886332955	0.3637135903093648
0.18167242309056897	0.09090798339481393	0.09093447847220877	0.2727987068770426	0.3636864081653655
0.1815732242932187	0.09097365896315229	0.09092581226765484	0.2728012617539588	0.3637260427220152
0.18163101943343468	0.09098247412502472	0.0909200948757831	0.2727626777092965	0.3637037338564607
0.18163473640074512	0.09091185129159525	0.09093209950875744	0.2727586080361954	0.36376270476270656
0.1815490538413274	0.09100857705432568	0.090926119913674	0.27276650348979925	0.3637497457008735
0.18169473192104382	0.09091056271091308	0.09093196373639942	0.2727779320503844	0.36368480958125904
0.18165630400237745	0.09090500364951744	0.09092243005477672	0.2727930991566888	0.3637231631366393
0.1815972179114229	0.09096406665897835	0.09093573988222178	0.2728126772941514	0.3636902982532254
0.1816282748003889	0.09095959833952649	0.0909197964680036	0.2728071254023221	0.36368520498975865
0.1815945114269909	0.09096526072702882	0.09093396783871793	0.27281632952538315	0.363689930481879
0.18165038340140402	0.0909067339226835	0.09092423476786983	0.27279616136095086	0.36372248654709155
0.18165372129340554	0.09090711191912934	0.09092938983446175	0.27277857960839547	0.3637311973446077
0.18157040945166908	0.0909763064827859	0.09092709724566247	0.27279550942026987	0.36373067739961246
0.18159533788848148	0.09097370908032154	0.09093281539268583	0.2727965532373403	0.3637015844011706
0.18167208549088204	0.09090297546677702	0.09092699387513983	0.27278547785092855	0.3637124673162723
0.18161395111718678	0.09099413945843818	0.09093250653586193	0.27277814162169123	0.3636812612668217
0.18156770343308248	0.09101321015834309	0.09091743044737176	0.27279745209662926	0.36370420386457325
0.18163420327861496	0.0909777749925109	0.09092922664686527	0.2727702931397232	0.36368850194228547
0.181550059743285	0.09099843367695523	0.09093213981840145	0.2727589147930093	0.36376045196834883
0.18169361972864	0.09090634494973171	0.09092355676915276	0.272783801681892	0.3636926768705834
0.18156434610615863	0.09099698942374405	0.09092891647045367	0.2727615641108704	0.363748183888773
0.1815682906275417	0.09100264831723559	0.0909351959638302	0.2727929049537514	0.3637009601376408
0.18157808976721945	0.09097742844568824	0.09093118773337656	0.27278642672694037	0.36372686732677517
0.181578924102633	0.09095248124984137	0.09093502979890561	0.2728098040545138	0.36372376079410607
0.18173011904254738	0.0908980039420324	0.09092245046003392	0.27276206171707346	0.36368736483831265
0.18162045963951545	0.09090161501285982	0.0909201992710679	0.2728050784566952	0.3637526476198614
0.1816367061055214	0.0909062283581401	0.09092715168992627	0.2727727746514868	0.3637571391949252
0.18170981603852374	0.09089545357169226	0.090918746203634	0.2727778195364746	0.36369816464967525
0.18155813779840463	0.09099811926676747	0.09091978875921414	0.27281859176752926	0.36370536240808427
0.1815539893274195	0.0909656375936399	0.09093707158000963	0.27279611092495243	0.3637471905739783
0.18165651589940718	0.09090485415094984	0.09092368765840103	0.27277052539894653	0.3637444168922952
0.1815881185308329	0.09097125454100738	0.09092098572753168	0.2727954019422012	0.3637242392584266
0.18154710056146267	0.0909864454210451	0.09092388002774977	0.27277873867315006	0.3637638353165921
0.18165963545765385	0.09094908301562393	0.0909204458322597	0.27277701798524323	0.36369381770921905
0.18160308220317684	0.09098161485213935	0.09093692816432511	0.2727655211847838	0.3637128535955747
0.18163965062158086	0.09098854698529826	0.09091806571411892	0.27277225301740105	0.3636814836616007
0.1816471368006622	0.09095140938033429	0.09092121120688805	0.27277871872906256	0.36370152388305277
0.18166398862430655	0.0909473516146275	0.09092507340131561	0.2727762919198523	0.3636872944398979
0.18160790505275956	0.09091028564036166	0.09092406036934382	0.2727963257140104	0.3637614232235243
0.18159002356299864	0.09093816181929519	0.09092086906000493	0.2728108337953786	0.36374011176232235
0.1815866056711702	0.09094233813846461	0.0909249212183426	0.27280554198715784	0.36374059298486455
0.18154715689956544	0.09099810831054841	0.09091858744446754	0.27277340994272936	0.36376273740268905
0.1815770221414189	0.09099277019684536	0.09091755566762315	0.2727615839848104	0.363751068009302
0.1816246253615704	0.09096781647946252	0.09093404335601149	0.2727743949316449	0.36369911987131043
0.1815802950934515	0.09099038356682444	0.09092316111525019	0.27279509091802484	0.3637110693064488
0.18158853746185977	0.09095651052894876	0.09093245162205964	0.2727622227348715	0.36376027765226004
0.1816115180542164	0.09096264802655013	0.09093588213747184	0.27275962145508276	0.3637303303266787
0.18166257045699613	0.09088999934456914	0.09093744164095567	0.2727903133450462	0.3637196752124326
0.18163042644632876	0.0909368852293369	0.09091743899634536	0.2728188372048629	0.36369641212312587
0.18160174804631385	0.09099492962909893	0.09092474020606961	0.27279301253427257	0.3636855695842448
0.18155257954912796	0.09096261244974935	0.09092710781422754	0.27281619347527586	0.3637415067116191
0.18164325979482812	0.09089650195524596	0.09092817344089607	0.2728054660764129	0.3637265987326168
0.1815671985441241	0.09094616101451503	0.09092702613996101	0.27279998580716	0.3637596284942397
0.18163228589717037	0.09089569054654675	0.09092476338362968	0.2727846024263454	0.3637626577463076
0.1815712046217209	0.09097392495247864	0.09093716668708926	0.27279775276095797	0.363719950977753
0.18159127928495047	0.09093092987065451	0.09093288230472393	0.27279015995118483	0.36375474858848605
0.18157443944732488	0.09098229608579675	0.09093473998188598	0.2728187816470456	0.36368974283794664
0.18158629159094242	0.09097836078616803	0.09092420033268298	0.2727854818031579	0.3637256654870485
0.1816321208785626	0.09089999130053754	0.0909260065064696	0.27279585845977655	0.3637460228546535
0.1816260198009242	0.09101007312088745	0.09091771855158844	0.27275967655568445	0.3636865119709153
0.18165360446386683	0.09093738106942767	0.09093073460913666	0.27278443824966925	0.36369384160789936
0.1816057534731792	0.09094974683955016	0.09093309887946573	0.2727939492014263	0.36371745160637836
0.18163590413917668	0.0909359307158645	0.09092485006207329	0.27280127429040707	0.3637020407924782
0.18166243353450176	0.09089529290931093	0.09092183817733657	0.2727951181380859	0.3637253172407646
0.1815955450148998	0.09093993697413788	0.09092008004308186	0.27279338090090605	0.3637510570669742
0.18165170099636868	0.09090155088247039	0.09092593363662518	0.2728107685631314	0.3637100459214041
0.18169072065833367	0.09090966696062247	0.090922327073062	0.27279243160173894	0.3636848537062427
0.18156055590304465	0.09097258167114086	0.09093277595426856	0.2728092996720814	0.3637247867994643
0.18161703785426914	0.09095803980818314	0.09092375964732999	0.27279677734922514	0.36370438534099236
0.18157720938647615	0.09094434513623884	0.09092149631323188	0.27281631269183515	0.36374063647221777
0.1816349922813254	0.09093987106149673	0.0909370301165189	0.27279426549759667	0.36369384104306207
0.18164696470760777	0.09088937312325851	0.09093308854117275	0.272799320303172	0.36373125332478873
0.18158149686526845	0.09093307978955814	0.09091935763460432	0.27280787805146156	0.3637581876591073
0.18158073022875723	0.0909430699108025	0.09093792496782072	0.27278499740150536	0.36375327749111397
0.18166884862346397	0.0909195628054909	0.09093574205529936	0.2727952730062111	0.3636805735095344
0.18161893028573728	0.09100105674933918	0.09093146801045494	0.2727617450902211	0.36368679986424735
0.18160370327434203	0.0909410429423029	0.09092269352792677	0.2727979684441461	0.363734591811282
0.18165646399850183	0.0909009198453929	0.0909220848322281	0.2727665962044143	0.36375393511946263
0.18159670356007265	0.09100857975399565	0.0909272559910638	0.27276850315702805	0.3636989575378396
0.18162650846680212	0.09091841755568594	0.09092754557898508	0.27281341336376475	0.3637141150347619
0.1816428119665486	0.09093431154468457	0.09092372962151754	0.27276055394908494	0.3637385929181642
0.1816589661192134	0.09092631099949797	0.09092428789991513	0.2727760762495699	0.36371435873180336
0.1815795985286363	0.09098669018364733	0.09092891954699306	0.27277880092372225	0.36372599081700085
0.18163598260057948	0.09091165303983442	0.09093009185337418	0.2727829918548291	0.3637392806513826
0.18162283628596032	0.09090282099231778	0.09092233537725525	0.2727884465458636	0.36376356079860284
0.18155233318376196	0.0909960935075642	0.09092442897949458	0.2728154116042784	0.36371173272490065
0.18162988023667398	0.09091398028461171	0.09093238489619566	0.2728021643971505	0.3637215901853679
0.18164609460790965	0.09089494243815227	0.0909263908098017	0.2728118483975336	0.3637207237466025
0.1815795886650169	0.09096757242794212	0.09093356555445106	0.27279039483033135	0.3637288785222583
0.1815702951798101	0.09100712266125967	0.0909225413822912	0.27279672243548364	0.3637033183411552
0.1816067615178374	0.09093017896186517	0.09093530640476738	0.2727951294165235	0.36373262369900633
0.18161590307312037	0.09092605951906078	0.09093517131212042	0.27281063340223244	0.36371223269346575
0.18158538577017813	0.09096304853369801	0.09092413846063384	0.2727725584803282	0.3637548687551616
0.18163907153597833	0.09090747716055306	0.09092945988649219	0.27279831057427145	0.36372568084270473
0.181556876033256	0.09096293220731165	0.09092690873126943	0.27279897320701163	0.3637543098211511
0.18159258612023133	0.09098790806386965	0.09092622053160675	0.27280997765829373	0.3636833076259983
0.18158544642985458	0.09094466057699122	0.09093003707627707	0.2728108217639158	0.3637290341529611
0.18164798460222165	0.09092557289367129	0.09093688860916693	0.2727719233858491	0.3637176305090908
0.1816765441893279	0.09089117325574274	0.09092905675950862	0.27279234434739846	0.3637108814480221
0.18160451165649064	0.09097624747613334	0.09092231290672267	0.2727998123675229	0.3636971155931302
0.18164773559361538	0.0909528081803675	0.09093444727692698	0.2727848523886178	0.36368015656047215
0.18158954673502997	0.0909937327667695	0.09092960103059114	0.2727925393164417	0.3636945801511675
0.18160093600099486	0.09097979212908563	0.09092742498496412	0.27277265891241204	0.3637191879725431
0.18166137112853148	0.09091724259338092	0.09093084276633444	0.27279045214577946	0.36370009136597353
0.1816257321955384	0.09092566230937268	0.09092970012855765	0.272810021395981	0.3637088839705501
0.18171741332909674	0.09090580303833291	0.09092459046866624	0.2727613145796611	0.36369087858424276
0.181631421497184	0.09092685661713101	0.0909225858619836	0.27277503009655113	0.36374410592715
0.18159488533992707	0.0909693394923398	0.0909243900011448	0.2727626531927076	0.3637487319738805
0.1815583608412668	0.09101647204148683	0.09092226968936609	0.2728132603678497	0.3636896370600304
0.18160416464813703	0.09098760458852209	0.09092788893475282	0.2727875573401677	0.36369278448842013
0.18160207124495228	0.09090661609943856	0.0909279677446466	0.2728138529359566	0.3637494919750057
0.1816017918478729	0.09095181249439892	0.0909313836255288	0.27280633892250505	0.3637086731096941
0.18159856544373668	0.09101054146513499	0.0909348679343878	0.2727667870400896	0.3636892381166507
0.1815501719316836	0.09101222869558748	0.09092212095421433	0.2727613918781512	0.36375408654036323
0.18156760668890815	0.09097326920173554	0.09092172121164749	0.27280751947541854	0.36372988342229007
0.18162703770795574	0.09098458619705174	0.09093490655195668	0.27276332628523875	0.3636901432577969
0.1816750847515438	0.0909414660372774	0.09093176476069041	0.27275800173150877	0.3636936827189794
0.1816276408214877	0.09093861513667512	0.09092772365849261	0.27279036546878843	0.36371565491455593
0.1815843188827301	0.09095185213192254	0.09092932178776982	0.2727718093237964	0.3637626978737809
0.18160290003367668	0.09093289915584668	0.0909312488231698	0.2727915791791529	0.36374137280815366
0.1816148570792994	0.09092816096333366	0.09093304798050023	0.27277026594303844	0.363753668033828
0.18160361860387483	0.0909737773456155	0.09092258140239227	0.2727676667830988	0.3637323558650184
0.18165356030205812	0.09092601895237304	0.09092302357766927	0.2727605651866408	0.3637368319812585
0.18159781367319297	0.09098450986414647	0.09091953858333146	0.2727655283963002	0.3637326094830287
0.18164448823669752	0.09091649922041033	0.09092881813413828	0.2727916463819111	0.36371854802684256
0.1816057055833349	0.09098689292161152	0.09092855850037523	0.27276405103162293	0.3637147919630552
0.1816589374921613	0.09090262577900259	0.09093745056905127	0.27281029223000436	0.36369069392978026
0.18159044822553733	0.09098501188676811	0.09092465665309374	0.27276681197791885	0.36373307125668175
0.18157492242997275	0.0909754477607693	0.09092355392994925	0.2727886668942381	0.36373740898507045
0.18168719266157424	0.09092383977462445	0.09092268088305915	0.2727685552223955	0.3636977314583464
0.1815520308521325	0.0909532442819444	0.09093585322126634	0.27280847754748516	0.36375039409717136
0.18155047895152382	0.09100091551352685	0.09093380634742207	0.2728151642721369	0.36369963491539015
0.1816358879275985	0.0909381803239252	0.09093197670987471	0.2727672180636659	0.36372673697493546
0.18169949287656442	0.09090620655543816	0.09092350996189966	0.27276232842129816	0.36370846218479935
0.18168148247024124	0.0909313435632729	0.09093236859893851	0.27277327116751454	0.3636815342000326
0.18169738587956424	0.09090477053147536	0.09093205418006299	0.27276975227131917	0.36369603713757803
0.18165523840705916	0.09091083930104635	0.09093514102844202	0.2728044457773591	0.36369433548609315
0.18159868446277094	0.09098653197683375	0.09092923712529916	0.27278645498380044	0.3636990914512955
0.1815872093477508	0.09093890651497002	0.09093808641933229	0.27279856905698535	0.3637372286609613
0.18162000290754504	0.09093687414626857	0.09092615207413049	0.27280484697736773	0.36371212389468793
0.18163058241422123	0.09094783378074045	0.09091924823972022	0.27279754956384267	0.3637047860014752
0.1816430270694912	0.09090931505643082	0.09093139597275729	0.27277183441195546	0.36374442748936503
0.18163591883002367	0.09090270303599537	0.09092012750871409	0.2727810602922335	0.3637601903330332
0.18165454704666933	0.09090571568299176	0.0909216787379774	0.2727640342019428	0.3637540243304185
0.18158006540068994	0.090954295381297	0.09093683997708461	0.27281175815916464	0.3637170410817636
0.18163362594600327	0.09089446785269867	0.0909249995039386	0.2727894707665204	0.3637574359308388
0.18163167355385326	0.09095728709856774	0.09092593161975698	0.2727841659499191	0.3637009417779027
0.18164800315004687	0.09091076859192547	0.09092989575877071	0.27277436611942363	0.36373696637983316
0.1816668636830908	0.09091996966485719	0.09091864138340011	0.27275882989579836	0.36373569537285333
0.18157369522256095	0.09096197214041936	0.0909270468876968	0.272785025672016	0.3637522600773067
0.18156635274342825	0.09100846396843021	0.09092938963764506	0.2728115866971323	0.363684206953364
0.18155166554043875	0.09101106465007963	0.09092021810105169	0.2727740307707359	0.3637430209376938
0.1815673285963248	0.0910131057466663	0.09093668499661431	0.2727659481040822	0.3637169325563122
0.18167312256723142	0.09089678642551069	0.09092722445843554	0.2727821514982723	0.3637207150505498
0.18168443175638138	0.09091633683162166	0.09093427391144686	0.27276089893435973	0.3637040585661902
0.18164313881570776	0.09097595497159626	0.09091749763544843	0.2727746537594116	0.3636887548178357
0.1816040722504392	0.09094546599054214	0.09093406534428766	0.27280132466721824	0.3637150717475125
0.18157002648213513	0.09097497031426506	0.09091809356610235	0.2728071845547906	0.3637297250827067
0.18161277866396902	0.09093227980555002	0.09092380036872821	0.2727734177367658	0.36375772342498675
0.18163683373477602	0.09096474774946556	0.09093618582892696	0.2727807591985747	0.3636814734882565
0.18164563439960418	0.09092477494975126	0.09092595520372465	0.2728128287263979	0.3636908067205218
0.1817068034689058	0.09090157632662733	0.0909184317429971	0.27277532637410395	0.36369786208736554
0.18160160271667786	0.0909455196137763	0.09092956393444482	0.2728006411997407	0.36372267253536006
0.1816546850633846	0.09095828508316647	0.09092059773788208	0.2727713103393332	0.3636951217762334
0.18155245022398386	0.09100338941050991	0.09093721582430712	0.27278665752965625	0.3637202870115426
0.18162641319323045	0.09092140660373685	0.09093618651284727	0.27280696621278777	0.3637090274773975
0.18161621497592473	0.09096005082611917	0.09093751364563565	0.2727877259681785	0.3636984945841417
0.1815627022928748	0.09098627120548897	0.09093722360142567	0.27280638017960623	0.3637074227206041
0.18155387084870145	0.09100123107428337	0.09091835115202501	0.2728052744521105	0.36372127247287944
0.1817039579729073	0.09089528789420548	0.09092110114511853	0.27277249257014285	0.36370716041762563
0.18161697998866477	0.09098510672386917	0.09092877276817365	0.2727845874283297	0.36368455309096254
0.18165310399436652	0.09096206834448475	0.09092749245587113	0.2727594059400649	0.3636979292652125
0.18158721524093627	0.09101373714881392	0.09092406966443228	0.2727774434249653	0.363697534520852
0.18155926685749027	0.09095022600242698	0.09092629882514368	0.2728015727847085	0.36376263553023036
0.18161559150233147	0.09098180504235792	0.09092334051521463	0.2727681314880586	0.36371113145203715
0.18159783487121028	0.09094381537213737	0.09093694302663317	0.2727978392131587	0.3637235675168603
0.18157768563360224	0.09094816219535617	0.09091844257704744	0.27281885185399407	0.36373685773999986
0.18159702004755054	0.09097482697371113	0.09092462407864092	0.2728134413539625	0.36369008754613463
0.18158442262875546	0.09098033757927787	0.09092469766535027	0.2728161459678454	0.36369439615877075
0.1816571876392532	0.09092976279863285	0.09093782286878277	0.27276406906182493	0.3637111576315061
0.18162746027936635	0.09097779778834358	0.09091757201372277	0.2727829025270305	0.36369426739153654
0.18173021318959592	0.0909069137779206	0.09091945995447892	0.2727607468962835	0.3636826661817209
0.18171627127186707	0.0909106540023931	0.0909287708324568	0.27275974765852884	0.36368455623475404
0.1816792650034031	0.09090466643544615	0.09092252963600958	0.27276746357622517	0.36372607534891577
0.18163169529896095	0.09092678750727709	0.09091911369837388	0.27276734695741045	0.36375505653797746
0.18166805811935047	0.09093157402737725	0.09093537773997956	0.272758577628879	0.3637064124844135
0.18156544641246	0.0909788215197641	0.09092464063802717	0.27279776680290774	0.3637333246268408
0.18160322759666708	0.09097406960405152	0.0909196736238034	0.27276068140297793	0.3637423477724998
0.18155027438204896	0.09095401729910846	0.09093638419500513	0.2728089887656242	0.3637503353582131
0.1816177718750192	0.09092519270139315	0.09092610117727351	0.27279626151259373	0.36373467273372023
0.18165338463017064	0.09090541858925709	0.09093009872929411	0.2727596266813114	0.36375147136996655
0.18168663494252313	0.09090635743575856	0.09092892527337212	0.27276438581769386	0.3637136965306521
0.18158577551015248	0.09098329041831166	0.0909183110450057	0.27277582108967136	0.36373680193685864
0.18155564048703576	0.09100445904613388	0.0909229435950798	0.27276053333727124	0.3637564235344791
0.18154722787451266	0.09100640892318895	0.09093321185672917	0.27277563145512224	0.3637375198904467
0.18155430680337253	0.09092863224790962	0.09093811095387175	0.27281788176817423	0.36376106822667165
0.18160118088605695	0.09101532539264068	0.09092167645884676	0.27276690265680553	0.36369491460564984
0.18157087187931797	0.09097705682176307	0.09092425610152707	0.2728081894051234	0.3637196257922683
0.18154768888882034	0.09099787756016124	0.09092364871884773	0.2727891679746215	0.363741616857549
0.1816186838484321	0.0909454174750709	0.09092896085165732	0.27276008065792434	0.36374685716691507
0.18155350789645752	0.09100257363697573	0.09092017016950707	0.27281693644316285	0.36370681185389664
0.18157877127578836	0.09100683268390268	0.09092776624974899	0.2727704403534258	0.36371618943713396
0.18157219834356692	0.09097495277340556	0.09092387142469167	0.27280257153612747	0.3637264059222081
0.18158683747630558	0.09097002999142159	0.0909340780447822	0.27281151628727585	0.3636975382002145
0.18160865738848636	0.09090923252389528	0.09093360206909035	0.2728171030347865	0.3637314049837413
0.18159642836313084	0.09094649570648201	0.0909240594137911	0.27279124336954735	0.3637417731470485
0.1816049937319524	0.09099334191456396	0.09093230204058982	0.27277081265941666	0.3636985496534769
0.18164201688367893	0.09092032525743196	0.09093696721549821	0.2727913387137354	0.3637093519296553
0.18167195157585742	0.09090095415747167	0.09092861583294426	0.27276493059790785	0.36373354783581857
0.18164535782772587	0.09091807684881631	0.09091740504435854	0.27281447299949324	0.3637046872796058
0.18157013393674212	0.09099734537918502	0.09092478402241558	0.272802111015898	0.36370562564575903
0.18156650897022183	0.09100000323588381	0.09092488980184738	0.272792795384489	0.36371580260755787
0.18163424171051074	0.09094052528218291	0.09093646154451732	0.2727642074005539	0.3637245640622349
0.18166771023187267	0.09093782584402847	0.09091859230402669	0.27276956091315563	0.36370631070691634
0.181601299199346	0.0909985673162222	0.09093394277893956	0.27277569908509414	0.3636904916203979
0.18169673797642735	0.0908957668259221	0.09092520839496712	0.27277475015760444	0.3637075366450787
0.18157948347948918	0.09092248056282166	0.09092972307515731	0.27280549721703146	0.36376281566550017
0.1816777593545698	0.09088981268283539	0.09092454984931912	0.2727597295641674	0.3637481485491081
0.18160600564611118	0.09089471389292043	0.090936167820984	0.2728129627344993	0.3637501499054848
0.181585300855077	0.09097108529297712	0.09092733834850376	0.272795292105095	0.3637209833983469
0.18160879918362643	0.09097464234952285	0.09093450797166108	0.2728011390019063	0.36368091149328313
0.1815535053977859	0.090959670606172	0.0909354436493531	0.27280800844070996	0.36374337190597883
0.18161811744236192	0.09099794479952233	0.09093455421259553	0.27276760151341006	0.36368178203211
0.18166402561512277	0.09091379586578524	0.09092737732938169	0.2727790898060838	0.3637157113836263
0.18160312506982934	0.09094700062162964	0.0909225557522619	0.2728007921273872	0.3637265264288917
0.18166174339744584	0.09091240821954075	0.09092682198837973	0.27277343971048074	0.3637255866841527
0.18167092284741915	0.09089045315310249	0.0909290416734833	0.27278405563495045	0.3637255266910444
0.18165542761546702	0.09091882399434657	0.09092281136209521	0.2728137625698485	0.36368917445824256
0.18166098267826913	0.09089245023627236	0.09092287968349021	0.27277523960005606	0.363748447801912
0.18159716444167306	0.09096596614457811	0.09092129525696904	0.272803850796341	0.36371172336043855
0.18159117094231614	0.0909560463454368	0.09093632068190517	0.2728029858252654	0.36371347620507627
0.18168157846123834	0.09091299744137085	0.09091810986912985	0.27276953235378465	0.36371778187447606
0.18158507060339113	0.0909871897204454	0.09092763528802153	0.2727605671094229	0.36373953727871877
0.18170549205824396	0.09092228812467759	0.09092945738714199	0.2727623591883046	0.36368040324163164
0.18157102612145176	0.09097453132360647	0.090928750980798	0.2727640099150011	0.3637616816591424
0.18161661751664052	0.09096910536727816	0.09093122271414861	0.27278356413891425	0.36369949026301823
0.18163927191249135	0.09092519641340316	0.09093678365616498	0.2727731205158274	0.3637256275021129
0.18165414080205838	0.09093900266800128	0.09093707916234571	0.272766827020107	0.36370295034748745
0.18163742609887162	0.09091800138399816	0.09092750250094278	0.2727845966608669	0.36373247335532033
0.18158336520324064	0.0909875390332377	0.09093286214587226	0.27278347854649754	0.36371275507115164
0.1816800176290835	0.09089333924814058	0.09091911115395432	0.2728078842092651	0.36369964775955627
0.18163252576341454	0.09091016262300516	0.09093000006394077	0.2727919229705595	0.36373538857907983
0.1816443838129964	0.09093437240889826	0.09093361683480955	0.2727901799724311	0.3636974469708644
0.18165874602940105	0.09091488768611972	0.09091896659977913	0.272793440960777	0.3637139587239229
0.1815753312488794	0.09099029099397796	0.090930100410996	0.27276488678833666	0.3637393905578098
0.1816158669553008	0.09100730182985385	0.09091797395986125	0.27277018953690185	0.36368866771808206
0.18158229948179627	0.09095971258532473	0.09093659033579886	0.2728142112004233	0.36370718639665656
0.18156966907144537	0.09100071023361901	0.09092275310616509	0.2727778983445655	0.36372896924420484
0.18162452755522485	0.09091182795582918	0.09092588278256375	0.2727899565739413	0.3637478051324407
0.18158971751122763	0.09098983868490976	0.09091806765124145	0.27279596937080564	0.3637064067818153
0.1816678322707575	0.09094938529597696	0.0909199428916079	0.2727588631337857	0.3637039764078717
0.18162759020107783	0.0909121239813652	0.09091976394783688	0.27277641852222834	0.36376410334749154
0.18156072546574842	0.09093650498963615	0.09093308390470248	0.272808423456404	0.3637612621835088
0.18168871879967505	0.09093074286634971	0.09092240035637003	0.2727589829933136	0.3636991549842914
