0.2782046507385306	0.1151762348952837	0.6066191143661858
0.18540479528974418	0.4740244775959588	0.3405707271142972
0.03283961182433737	0.4579171722894162	0.5092432158862465
0.31357189521378426	0.04961290419371028	0.6368152005925056
0.030627650214514968	0.22736062072733912	0.742011729058146
0.26704530228477824	0.5320987653884105	0.20085593232681137
0.30772460105531085	0.5785607353589031	0.11371466358578619
0.13934070847654415	0.8189437840237648	0.04171550749969133
0.09135532745446479	0.8478754732121548	0.06076919933338054
0.25507701588382714	0.014146549129931407	0.7307764349862416
0.13208070337087224	0.4208257178079574	0.44709357882117046
0.1753151190417539	0.24760329043118395	0.5770815905270623
0.21864306183262477	0.5643683799715873	0.21698855819578808
0.6534882029363509	0.10687930809167231	0.23963248897197695
0.3613531498438559	0.5236118426203333	0.11503500753581083
0.11855363019119614	0.8506516525932594	0.03079471721554461
0.37561271926673284	0.14023210706105751	0.4841551736722097
0.254940345240916	0.6901429740811066	0.0549166806779775
0.2617239998239073	0.11925140269342369	0.6190245974826691
0.49365894043487624	0.056617072838911375	0.4497239867262125
0.2706837321743228	0.2388244581883905	0.49049180963728684
0.3363105560985844	0.14330747847661324	0.5203819654248025
0.23133073514401314	0.5119871611340461	0.25668210372194084
0.2236905346691681	0.3102672287781995	0.4660422365526325
0.2690526681670171	0.1342975873175379	0.5966497445154451
0.8045049114755037	0.16173486133032117	0.033760227194175096
0.12749469602953728	0.09742560350275303	0.7750797004677098
0.600260913396885	0.1450432384313501	0.254695848171765
0.33567455510053074	0.4336507575192316	0.23067468738023778
0.22053321227593933	0.6862456564165934	0.09322113130746734
0.2505742346687403	0.6615289251067556	0.08789684022450417
0.2768796107637727	0.12225290311688908	0.6008674861193384
0.24203905927816902	0.4746655275030943	0.28329541321873675
0.06866157718381749	0.564643496072545	0.3666949267436375
0.6157307446750577	0.14169502027527803	0.24257423504966436
0.31422074101696257	0.13798241709506937	0.5477968418879682
0.014824031203162225	0.7845081913496854	0.20066777744715253
0.523019013744989	0.4237882335396223	0.0531927527153887
0.1494621139440807	0.12718930837030998	0.7233485776856095
0.486675644506543	0.342747537443462	0.1705768180499951
0.01345808005243282	0.5644907904758916	0.4220511294716758
0.09976175602425169	0.189526034267001	0.7107122097087475
0.11952145278093468	0.326331985259465	0.5541465619596004
0.2503850689328663	0.3032922942422891	0.44632263682484474
0.5516890143327876	0.35818548142992235	0.09012550423729018
0.22908499381548353	0.5602247049150226	0.21069030126949392
0.3568380171194219	0.31499885476929557	0.3281631281112826
0.04734722314259282	0.29005514009706285	0.6625976367603444
0.08751436154278897	0.358665688452653	0.5538199500045582
0.2729905402622983	0.5653921695614695	0.16161729017623233
0.501968527331946	0.43988842393410044	0.058143048733953706
0.6017712848505244	0.2838762149037118	0.11435250024576385
0.04311276830128885	0.41642280508261487	0.5404644266160964
0.6974989418096418	0.1927615757833233	0.10973948240703493
0.5203214833929524	0.10428299546419709	0.37539552114285063
0.5912341220904191	0.0426097020160654	0.36615617589351557
0.6563184374860962	0.33280139105254336	0.010880171461360555
0.06016901718072526	0.08520811256826469	0.8546228702510101
0.7366718605572058	0.02055971442989235	0.24276842501290202
0.35192601275802793	0.5803680444170863	0.06770594282488585
0.20189748315356942	0.17561060170496245	0.6224919151414683
0.13714844990792802	0.06837657596786129	0.7944749741242108
0.7503443427251643	0.017573354789194473	0.2320823024856414
0.2707967506950625	0.4578603839239498	0.2713428653809879
0.8488108406667926	0.07827181035405051	0.07291734897915692
0.09647788885922318	0.6094647039243097	0.2940574072164672
0.10913529349072854	0.7876737065470198	0.10319099996225178
0.5586728005348769	0.35228848209112523	0.08903871737399793
0.32962100376117753	0.5469283326420898	0.12345066359673273
0.2579696803645715	0.30696762293103363	0.43506269670439496
0.06668475205469054	0.2674456552812427	0.6658695926640669
0.5563011636850568	0.42162640975070637	0.022072426564236913
0.31618743774985864	0.047972395223442765	0.6358401670266988
0.19715077714141538	0.5663484049263083	0.23650081793227637
0.2784389306794348	0.45096540948523184	0.2705956598353335
0.07300456140906697	0.37342007159112345	0.5535753669998097
0.06606892686327426	0.6480225795440225	0.2859084935927033
0.6410237468674439	0.19045145091969828	0.16852480221285793
0.4218636238982614	0.47486267745276467	0.10327369864897407
0.2692335851779016	0.21312464966164574	0.5176417651604528
0.2878611889269143	0.42156845671583615	0.29057035435724965
0.10616325655909598	0.10879475264527019	0.785041990795634
0.35713805045045743	0.1467116033310698	0.49615034621847287
0.40715143136382054	0.3058523957481197	0.28699617288805995
0.5539224957124268	0.34364589166446224	0.10243161262311104
0.5087328783032513	0.34197405625423605	0.14929306544251275
0.09688194544944145	0.5603702780676376	0.34274777648292104
0.32751838116832677	0.44039546847809374	0.23208615035357955
0.3781130434357091	0.3397354187139309	0.28215153785036007
0.6242914547171072	0.3285162386928323	0.04719230659006052
0.14759667834251394	0.4670173303318036	0.3853859913256825
0.08193725753520503	0.44218858017365514	0.47587416229114
0.6920964019834934	0.24675589525320368	0.06114770276330295
0.3215814460818584	0.45086790059476	0.22755065332338167
0.49909949144462745	0.22617235691161433	0.2747281516437583
0.02211588459737074	0.24816078856538593	0.7297233268372434
0.49487897938547387	0.46000718949408426	0.04511383112044204
0.21303660429923504	0.35239932453979056	0.4345640711609745
0.43274428784438695	0.4181125203817979	0.14914319177381521
0.24557672143231268	0.11455771049795826	0.6398655680697292
0.27215307702244573	0.2946948627303432	0.4331520602472112
0.056956669610949195	0.2598072742773039	0.683236056111747
0.44078942904218366	0.44946688318512873	0.10974368777268775
0.6648263757827202	0.045929216545073204	0.28924440767220677
0.47182413802956596	0.06970767338907036	0.4584681885813638
0.19850630648629208	0.3343098799016617	0.4671838136120463
0.5055067878858034	0.35474271165280297	0.13975050046139376
0.05853323933343624	0.6060718263210303	0.3353949343455335
0.09158616368208206	0.28731867332824546	0.6210951629896726
0.5954269823665775	0.18128046893381022	0.22329254869961232
0.5573219516970611	0.2231595254952523	0.21951852280768674
0.045254512298195326	0.5738588418928452	0.38088664580895953
0.3088043046414706	0.2102456206489154	0.48095007470961415
0.26830519177467455	0.489596427624591	0.24209838060073458
0.36449818451650745	0.36133570430599643	0.27416611117749623
0.11327177353938125	0.05048829538474098	0.8362399310758779
0.4913270439869536	0.4318289295619483	0.07684402645109822
0.5126380510022448	0.14026447659330835	0.34709747240444694
0.30456629923978246	0.35952599615563846	0.3359077046045792
0.7043903376800895	0.10150382626211402	0.19410583605779658
0.6781007889183406	0.026177230028414322	0.2957219810532452
0.5101157217547752	0.13597479377350247	0.35390948447172255
0.09599320291577726	0.822128785620335	0.0818780114638879
0.43999569958745033	0.3961876624715775	0.16381663794097226
0.13484282023287225	0.42734375129874363	0.4378134284683843
0.2010764187708401	0.19622404187174963	0.6026995393574104
0.202616276917553	0.27488472308832906	0.5224989999941181
0.19239171154553789	0.5127390817797932	0.29486920667466904
0.015013371706921907	0.3229452919912137	0.6620413363018645
0.6679703111698709	0.2641273581090908	0.06790233072103835
0.4670785291023082	0.2757708642888336	0.2571506066088584
0.3921470864003227	0.24005385264031107	0.3677990609593663
0.15141719808346032	0.7531824259981003	0.09540037591843947
0.08448981520922322	0.7110728770120565	0.20443730777872038
0.6086005113297515	0.23436407651987534	0.1570354121503732
0.49519435316155647	0.30632897215997584	0.1984766746784678
0.6615894728470899	0.3233209768760765	0.01508955027683373
0.28075906050285787	0.6106901407484681	0.10855079874867418
0.5211234722664191	0.2236257188375902	0.25525080889599083
0.41254393576116744	0.48290190821795254	0.1045541560208802
0.19660739860066823	0.6526697604716387	0.15072284092769322
0.6490497088864497	0.19523413669783565	0.1557161544157147
0.6173190538908582	0.12351498644657435	0.2591659596625675
0.26551872234876894	0.17435817229768424	0.5601231053535469
0.10715752176239154	0.7643629839464787	0.12847949429112981
0.02592675051374571	0.12458781022628257	0.8494854392599718
0.8039352798689166	0.12932004026817073	0.06674467986291271
0.4978091840813701	0.11513377394796015	0.38705704197066987
0.3288491199409098	0.24159076364337206	0.42956011641571823
0.5693321697134526	0.26252482507459596	0.16814300521195163
0.36617904656496864	0.20939342487008547	0.42442752856494603
0.19838965820190857	0.06959070401515899	0.7320196377829327
0.45428773418819485	0.20182905143629876	0.3438832143755065
0.12233837059064032	0.5206770217186272	0.35698460769073265
0.2692238235922573	0.03383988984704889	0.6969362865606938
0.2705729250778952	0.08485909000375702	0.6445679849183479
0.36869528955360076	0.456620789267994	0.1746839211784054
0.6605291717934116	0.15926218791900415	0.1802086402875842
0.6277367578106555	0.21922811386564733	0.15303512832369728
0.06523938363198611	0.20202955419332125	0.7327310621746927
0.31562829536102727	0.2095489584274804	0.47482274621149245
0.32647219039290193	0.327617567902738	0.3459102417043602
0.038579757527939296	0.41897311476650473	0.5424471277055561
0.181134238510488	0.04816304736659366	0.7707027141229186
0.627973214484918	0.038352312245687026	0.33367447326939503
0.24613227181607109	0.5142457496311786	0.2396219785527504
0.1422670353153494	0.10913775488760086	0.7485952097970499
0.16007493887885454	0.28261161519947475	0.5573134459216708
0.5948205594688509	0.07559376087219355	0.3295856796589556
0.5064237135303379	0.43060657180531053	0.06296971466435175
0.23351056372647885	0.7496290644357416	0.016860371837779664
0.7567993605690397	0.04134289630069954	0.20185774313026084
0.25323010408685953	0.5010319416572053	0.24573795425593523
0.047307513441995186	0.254542856013543	0.6981496305444619
0.11538146241019129	0.28739113067075567	0.5972274069190532
0.6857492871037676	0.044558577148199996	0.2696921357480325
0.5380789714077284	0.4330786469041408	0.028842381688130858
0.2778656974228828	0.5247886689444923	0.19734563363262508
0.24016426814327266	0.043846943546995254	0.7159887883097322
0.05743932602712887	0.09247572462992859	0.8500849493429428
0.2589218230463563	0.3505817952172113	0.39049638173643253
0.08119013790263241	0.4941138995105443	0.42469596258682335
0.2910651620747263	0.5849289274025216	0.1240059105227522
0.4402909989409591	0.1894236628971675	0.37028533816187353
0.2912994395924058	0.027766283613727294	0.6809342767938671
0.1864787870117532	0.2708176917777032	0.5427035212105438
0.11890029243804184	0.22813412120947568	0.6529655863524826
0.42951280462289143	0.31619004376989523	0.2542971516072135
0.060803629989594876	0.5075639988079569	0.4316323712024484
0.2994035980205021	0.219803876435829	0.480792525543669
0.4428183075403813	0.17593660723853954	0.38124508522107925
0.3209723343423023	0.4269256362835856	0.25210202937411214
0.36656994779232244	0.16056356260313162	0.4728664896045461
0.35053094972021115	0.21115868118449127	0.43831036909529775
0.7135927713757546	0.18817644815606724	0.09823078046817835
0.14684858211270055	0.6071638190864558	0.24598759880084375
0.4510171983240968	0.29715774337172857	0.25182505830417473
0.04032624716663036	0.20487351703027318	0.7548002358030965
0.08213909414696907	0.6200147933529478	0.29784611250008325
0.04637595934027394	0.3988910587702317	0.5547329818894945
0.5782196295596109	0.2136882984005942	0.20809207203979496
0.021620755183740292	0.317155753098868	0.6612234917173918
0.39878822461555935	0.4768043425269821	0.12440743285745864
0.07349388771123233	0.7943759148714344	0.13213019741733328
0.15331640282551856	0.3960051607543619	0.4506784364201196
0.06333211866248312	0.4158537579788556	0.5208141233586615
0.5632780308870236	0.3146928117249298	0.12202915738804682
0.14543374696025002	0.3876086602532758	0.4669575927864743
0.2901334938451522	0.05515285175062162	0.6547136544042262
0.4381399887553156	0.148019426915581	0.4138405843291035
0.4193539622880644	0.0573439175303736	0.5233021201815621
0.3439539584110497	0.120668296722591	0.5353777448663595
0.27133486949161134	0.6365263955788603	0.09213873492952851
0.3859269978892513	0.5924404597201021	0.021632542390646825
0.5691096895237704	0.1668148221548744	0.2640754883213553
0.1010500244005505	0.179484059491396	0.7194659161080537
0.2749416480444929	0.5432322463302647	0.18182610562524257
0.2749131880734413	0.3394468575954992	0.38563995433105963
0.15362822039273802	0.3416867886355601	0.5046849909717019
0.33425128666783976	0.053019007582399025	0.6127297057497614
0.11503500419142804	0.7148457363246837	0.1701192594838884
0.2402751540356025	0.5055250630389223	0.2541997829254753
0.6037891470514855	0.2616436081484824	0.13456724480003224
0.23621832100433085	0.42898891377548054	0.3347927652201887
0.2847056010454043	0.11468620659510997	0.6006081923594858
0.2470144135258845	0.34998196387918634	0.4030036225949293
0.6367924467512783	0.14625616524002424	0.21695138800869754
0.3143036205855163	0.2731779276873258	0.412518451727158
0.02969597777363392	0.8367972272575743	0.1335067949687918
0.3526576527217444	0.3273921894905226	0.3199501577877331
0.3672218300082186	0.22224774965710198	0.4105304203346795
0.03958154929954272	0.41088286961739284	0.5495355810830647
0.7295148594438421	0.16516253521106322	0.1053226053450948
0.4544238279811067	0.22904505826929897	0.3165311137495944
0.6243478792880619	0.34943331659580623	0.026218804116131866
0.5040883686576066	0.0679557307369707	0.4279559006054228
0.266285643412287	0.27043860743210313	0.46327574915561
0.3514383647832126	0.5110854990462859	0.13747613617050172
0.09510561420024305	0.25382517961111994	0.6510692061886372
0.16393832292514363	0.774502034161659	0.06155964291319749
0.49833072519200783	0.32800369420868547	0.17366558059930684
0.3796962131094912	0.19980378668839063	0.4205000002021183
0.30529875302523807	0.37184975948159815	0.32285148749316395
0.551410190696194	0.23001624218194058	0.21857356712186554
0.1962757572909663	0.36831410792326963	0.4354101347857642
0.4463303335925833	0.3040061257553251	0.24966354065209173
0.45342853333434424	0.3862102856901956	0.1603611809754603
0.28865787601500537	0.2621403390035109	0.44920178498148383
0.13127255475555485	0.7922911680417326	0.07643627720271262
0.7765885158769856	0.04331315814446424	0.1800983259785502
0.6236580055882627	0.25746280093770696	0.11887919347403045
0.5328976574514631	0.35093225754556107	0.11617008500297593
0.42215062814763216	0.3689022906407654	0.20894708121160252
0.06214950386168505	0.8360232163102507	0.1018272798280645
0.15957046942350195	0.20987660285285437	0.6305529277236438
0.41009838497209794	0.16532387507655372	0.42457773995134845
0.05356939461031002	0.6929418480780092	0.2534887573116809
0.4280982379957981	0.3428694152691879	0.22903234673501405
0.8439787619173076	0.13140216862512993	0.024619069457562537
0.731465721770529	0.051874236090103276	0.2166600421393678
0.5509477985991997	0.3667337109198651	0.08231849048093531
0.778654835803201	0.1781045155902165	0.043240648606582444
0.5074505425851498	0.018356381396519073	0.47419307601833127
0.6031423591966214	0.09802668081181284	0.2988309599915658
0.12010704149579332	0.4102256766182699	0.46966728188593687
0.8143244013706522	0.14872700539444536	0.03694859323490257
0.15217101984581266	0.47069811230514336	0.37713086784904415
0.804207000691709	0.125664102915353	0.07012889639293812
0.1118464063346497	0.7450238318645808	0.14312976180076964
0.1181131752832908	0.5513231417387314	0.3305636829779779
0.07313244127633056	0.14885473189513837	0.7780128268285312
0.3166282733083573	0.5564178821037188	0.12695384458792403
0.46472198233448636	0.3370959224768962	0.19818209518861757
0.10639937034815078	0.07237771840129398	0.8212229112505554
0.30135137857663197	0.09874103353506342	0.5999075878883047
0.3028386181841233	0.0685356254192897	0.6286257563965871
0.18805633652753959	0.18376556363705193	0.6281780998354086
0.42481215272196493	0.2912556142325743	0.28393223304546084
0.6211105096821125	0.0252084916333159	0.35368099868457176
0.18919400126161834	0.014273084628506849	0.7965329141098749
0.7778353136454353	0.08922120731982697	0.1329434790347378
0.09189663554886518	0.7667253705962903	0.14137799385484462
0.0645242811323885	0.39990932675039303	0.5355663921172186
0.09676236531205412	0.48904882731986177	0.4141888073680843
0.7398091214531605	0.14038512650588097	0.1198057520409587
0.21153838584298756	0.17324611516488253	0.61521549899213
0.13408683988475234	0.3488424608203621	0.5170706992948857
0.37166698283956395	0.3385598609911632	0.28977315616927296
0.4997064042427558	0.1418599489570133	0.35843364680023104
0.4230776424029916	0.08129046883053559	0.4956318887664729
0.26832569487504176	0.3283292120186398	0.40334509310631855
0.283018313997268	0.28091463887036805	0.43606704713236405
0.39707651592520576	0.3534412567608497	0.24948222731394465
0.45646473403496945	0.08411157315540974	0.4594236928096209
0.5138076349700822	0.04040604154602229	0.44578632348389563
0.3781610369094479	0.01922765441988017	0.6026113086706719
0.07861126605990892	0.5372077675564997	0.38418096638359145
0.3001270915586111	0.355860656570262	0.344012251871127
0.1512325175004758	0.025233232223367263	0.823534250276157
0.6733253302486397	0.05431659915154763	0.2723580705998127
0.7805004347122618	0.028240780185942893	0.19125878510179534
0.028385557789368243	0.6382861448136918	0.3333282973969401
0.28643237663408966	0.29553612657984896	0.41803149678606144
0.7496258253063695	0.08645453223233035	0.16391964246130025
0.5201509100483979	0.2851680282953213	0.19468106165628088
0.15823163363442452	0.6338551570001165	0.20791320936545904
0.7312755228374014	0.09300526569439221	0.17571921146820652
0.3134572367020583	0.6743864884200126	0.012156274877929252
0.12057597214807705	0.535733247979072	0.34369077987285107
0.7496623999060765	0.071961805906329	0.1783757941875946
0.43707763286869217	0.40153668807151166	0.16138567905979628
0.44707818388108966	0.1074900308809019	0.4454317852380085
0.034706606831709896	0.461312663367326	0.5039807298009642
0.06563962949906732	0.592784674011522	0.3415756964894107
0.15210517666478876	0.6683865942648882	0.17950822907032316
0.18274396176111402	0.18891308634496295	0.6283429518939232
0.4140411463312269	0.09816134603534118	0.487797507633432
0.4665110735164282	0.04171098949905472	0.4917779369845172
0.28048265033838493	0.07534928124776596	0.6441680684138492
0.11365652163696771	0.5097778800595146	0.37656559830351777
0.3647805430299167	0.07550263557917652	0.559716821390907
0.23207256260126316	0.40876111001009374	0.35916632738864324
0.7186751420260871	0.058659231442768855	0.2226656265311441
0.4758185573778042	0.11658233646945101	0.40759910615274486
0.5083500108128113	0.05793216864715334	0.4337178205400355
0.04839642043604858	0.2394774548389364	0.712126124725015
0.36455963078655096	0.010878235759796517	0.6245621334536526
0.20062614689494102	0.3225736990566804	0.4768001540483787
0.7221889448175693	0.08618138050967356	0.19162967467275718
0.7226935863392473	0.2599238628903357	0.01738255077041706
0.1910997200455437	0.5378747581820218	0.27102552177243466
0.22160936207815693	0.4403001671586958	0.3380904707631474
0.41139403732914914	0.44280206273071593	0.145803899940135
0.6877287930146041	0.00955690855268565	0.3027142984327103
0.19714788234223452	0.5237950704450799	0.27905704721268576
0.20945268255724095	0.06291716976975636	0.7276301476730027
0.09052964855755577	0.19120678905137606	0.7182635623910683
0.2781234708785959	0.2515637333031902	0.47031279581821406
0.5894279340778112	0.30912008835012283	0.10145197757206595
0.15089288276436058	0.19299775309774947	0.6561093641378901
0.15358293957964575	0.7347566007264146	0.11166045969393978
0.14868663757957065	0.6889119408256792	0.16240142159475018
0.4327764657325803	0.42203782858589384	0.145185705681526
0.05782974681328723	0.15770578060318766	0.7844644725835253
0.14159735129605347	0.7119972323439139	0.14640541636003276
0.4345961245541645	0.43614269769711134	0.12926117774872428
0.5803034791576829	0.3835614830065694	0.036135037835747785
0.4577321818457302	0.3665767132307644	0.17569110492350543
0.30654652738900184	0.4127892601415585	0.2806642124694398
0.4158665922129229	0.5153105547120203	0.06882285307505698
0.7877489526627411	0.17046603644166475	0.041785010895594166
0.7489253926840863	0.012887303575307485	0.2381873037406063
0.1449088802732439	0.3334405684893315	0.5216505512374248
0.07370337082700684	0.06754327986744812	0.8587533493055451
0.12947605966356657	0.16245302576238924	0.7080709145740443
0.15074930447271961	0.426813335201253	0.4224373603260275
0.09145672045598893	0.2600333913237995	0.6485098882202116
0.3835682039508169	0.1203462081514089	0.4960855878977743
0.8043732006616096	0.12476785635464582	0.07085894298374468
0.5100107309218891	0.3608201150638685	0.12916915401424248
0.64916632743936	0.2609403391938579	0.08989333336678224
0.6010571908150159	0.2847811158052566	0.11416169337972767
0.23584066132226922	0.026869037045951283	0.7372903016317796
0.034151445191591356	0.5864570985653824	0.3793914562430263
0.6761916228551383	0.3066814807481439	0.017126896396717883
0.07365927804863537	0.5791483922379697	0.34719232971339514
0.3620068224144236	0.4409819394671427	0.19701123811843382
0.8397012877765867	0.05515870521632149	0.10514000700709186
0.27963174017566306	0.325072968575405	0.3952952912489321
0.2240996547045859	0.4611434457561077	0.31475689953930647
0.6422936196021611	0.15050301585295836	0.20720336454488059
0.18595274225007866	0.5283641526827145	0.2856831050672069
0.7906192421889814	0.08542426481555682	0.12395649299546185
0.5664288098292288	0.35963754253949787	0.07393364763127341
0.7826941768519594	0.14857860134137407	0.06872722180666663
0.09336544690919155	0.16109519959455876	0.7455393534962498
0.5330772510014343	0.4076227945906937	0.05929995440787206
0.33374229716126724	0.5033702346743278	0.16288746816440508
0.3267066944613903	0.4232278237583505	0.25006548178025934
0.13497896970580114	0.4666533311644194	0.39836769912977954
0.8118503396385445	0.06845477694935098	0.11969488341210463
0.17665234533129162	0.14309374484978937	0.6802539098189191
0.2788985412559808	0.1404203226809058	0.5806811360631134
0.37575119535542384	0.25289826390374137	0.37135054074083496
0.5490823872844433	0.2808145512944891	0.17010306142106776
0.02175834791271536	0.3863395667629246	0.5919020853243602
0.6357660128285303	0.0664822067748112	0.2977517803966586
0.1464362806734404	0.44778279965176526	0.40578091967479446
0.37475584124196243	0.2963673882052055	0.3288767705528322
0.4194550484235589	0.1274434780949872	0.45310147348145396
0.4919137351853795	0.27154851022243665	0.2365377545921839
0.19690104598338903	0.5882654423819232	0.21483351163468786
0.18484830355406906	0.15958486110198344	0.6555668353439476
0.15522959672981287	0.04454317648666839	0.8002272267835189
0.13145674981568883	0.8129592574296837	0.055583992754627554
0.37204946436874714	0.091756547961238	0.536193987670015
0.19850252686945594	0.7684056033349419	0.0330918697956023
0.4171939602267073	0.29461462621931117	0.28819141355398165
0.28409001182242416	0.5617509879195409	0.15415900025803503
0.8167813037311619	0.11838769040261715	0.06483100586622104
0.8084496147078071	0.1431484152930526	0.04840196999914037
0.5288388316424419	0.06444651956015296	0.40671464879740515
0.4933840826679417	0.35433128565377037	0.15228463167828804
0.4987466308841836	0.43382655446009666	0.06742681465571992
0.2873140893934022	0.03556420745692224	0.6771217031496757
0.4671198197057371	0.14610122065123504	0.386778959643028
0.4130733365201764	0.5204397476076328	0.06648691587219091
0.4724790222789286	0.36897533173696206	0.15854564598410947
0.24809720077141667	0.0697470355499798	0.6821557636786036
0.3063176891247508	0.3694149625685091	0.3242673483067402
0.34997166772938243	0.4089319870209707	0.24109634524964696
0.24542571542312785	0.6234660361342235	0.1311082484426488
0.14587035713944801	0.8365322839751597	0.01759735888539249
0.19664889696848742	0.1353793200760819	0.6679717829554308
0.4668844720776054	0.25618900516968246	0.27692652275271223
0.09824399154552196	0.34492401689805857	0.5568319915564196
0.3291766839954376	0.30965907900205103	0.3611642370025115
0.6936413740629661	0.17805752338717584	0.1283011025498582
0.772225573287872	0.093038302650442	0.13473612406168617
0.4860087363937382	0.156324164284874	0.35766709932138796
0.12864585407680934	0.7068164341906	0.16453771173259077
0.7458576721172135	0.12635754721381515	0.12778478066897137
0.29746201453920207	0.13470048973080312	0.567837495729995
0.23903157953420034	0.7090371605658938	0.05193125989990599
0.09642482403768254	0.20301793434892573	0.7005572416133918
0.07405536299850168	0.1312752487742647	0.7946693882272338
0.5290687025113321	0.0994271793042257	0.37150411818444223
0.20245824843838126	0.09092522018741614	0.7066165313742028
0.572206893669093	0.11039472388213012	0.31739838244877694
0.6270004446830411	0.3514486815635903	0.021550873753368782
0.3736176478310008	0.554920895216569	0.07146145695243034
0.3120606865929681	0.1655996201955786	0.5223396932114535
0.5082924181425541	0.2810063346491882	0.21070124720825778
0.36794387798494077	0.292489491073211	0.33956663094184836
0.3727867587573435	0.5053646805422785	0.1218485607003782
0.5170887117645437	0.2083132443063188	0.27459804392913756
0.6297094435866346	0.036449696444232293	0.3338408599691332
0.3539359840022077	0.21512775402300488	0.4309362619747875
0.02300916587811258	0.7901573050200393	0.18683352910184825
0.11855025419984574	0.15926454830371586	0.7221851974964385
0.13121273070654665	0.33173369631384175	0.5370535729796118
0.23418167039381532	0.19713192437183175	0.568686405234353
0.3226225776085386	0.2999252667709381	0.37745215562052337
0.4203889316150604	0.4531296675127341	0.1264814008722056
0.398486128164404	0.020732814566684687	0.5807810572689115
0.19303411142531512	0.12208110595609917	0.6848847826185858
0.6746246673659002	0.18261706781598597	0.14275826481811393
0.02345043423729576	0.4406251478374257	0.5359244179252787
0.39612608373583935	0.18425254635906813	0.41962136990509263
0.06743305640256925	0.3193727929050762	0.6131941506923546
0.17925475812165653	0.2535669514567068	0.5671782904216368
0.6623740926853847	0.3064448299954133	0.031181077319202166
0.22723442943475036	0.6222344228417201	0.1505311477235296
0.7497038357842937	0.20110288281516323	0.04919328140054319
0.741816823950905	0.012501727487522873	0.2456814485615723
0.4781862443824876	0.09497338849668385	0.4268403671208286
0.19555656826030177	0.27525899965874623	0.5291844320809521
0.22520145984563805	0.5474386580086531	0.22735988214570896
0.06824596145416373	0.4312325757337043	0.5005214628121321
0.09110435163510405	0.19826066946827114	0.7106349788966249
0.49012904541582886	0.35049156663205777	0.1593793879521135
0.8298226100726862	0.0754546773644047	0.09472271256290915
0.021056988936374144	0.18480281794499093	0.7941401931186352
0.10624684097525211	0.7372786987887683	0.15647446023597972
0.49848320418924785	0.3236082567558837	0.17790853905486845
0.3680546239442811	0.36765320029709686	0.2642921757586221
0.30230452759497295	0.5338823632373545	0.1638131091676727
0.22759218090654382	0.3400535003341989	0.4323543187592574
0.45765723616698806	0.3850274188883238	0.15731534494468824
0.1028425425226499	0.7123745721233631	0.18478288535398707
0.14848501300716704	0.5452319711567566	0.3062830158360764
0.7238574452494719	0.02936245090469114	0.2467801038458371
0.0709774040156001	0.5194390737302994	0.4095835222541006
0.05552308670483452	0.0784880813626132	0.8659888319325524
0.2644283375506012	0.19398069743198337	0.5415909650174155
0.03853375043235846	0.5685926727939861	0.3928735767736556
0.015175937384949434	0.6207579689237579	0.3640660936912928
0.18411709893433262	0.4998759957875227	0.31600690527814485
0.40473465754183957	0.5504079006949432	0.04485744176321732
0.6942898337139258	0.0410886211384176	0.26462154514765657
0.6427543883013813	0.3239348470222897	0.03331076467632915
0.557137437193759	0.15631767936404042	0.2865448834422007
0.036611504400878125	0.3729398820152859	0.590448613583836
0.3635563918679623	0.5614410247313442	0.07500258340069366
0.6272460133241095	0.08343880812393281	0.2893151785519579
0.04297479544100713	0.641103777082108	0.315921427476885
0.1674170479622691	0.194876250567594	0.637706701470137
0.030384471177898997	0.8145149817905086	0.15510054703159243
0.23949154724006513	0.4979134739581905	0.2625949788017444
0.39066460312216705	0.483365396818579	0.1259700000592541
0.6089449824306838	0.27734355742026695	0.11371146014904929
0.21951976404467946	0.5876170553525868	0.19286318060273386
0.4365547625009625	0.4664343962843427	0.09701084121469492
0.1520801392855141	0.02032851839155414	0.8275913423229319
0.05875159214266462	0.2585545443697617	0.6826938634875738
0.06172844482854328	0.3742439731192903	0.5640275820521665
0.034630159220300216	0.1418907379572032	0.8234791028224966
0.25029717835181386	0.3028670034862483	0.44683581816193796
0.563312361528546	0.3078321570311695	0.12885548144028455
0.5459929291813028	0.2547246105627809	0.19928246025591628
0.41746598401136115	0.39939253188785845	0.1831414841007805
0.7515498853142183	0.13597190750551774	0.11247820718026402
0.40024570571018137	0.021874800978736286	0.5778794933110825
0.2708871678081263	0.047122367623348316	0.6819904645685255
0.08949913716929514	0.7565445319118906	0.1539563309188144
0.6032091933049295	0.08260310014676059	0.31418770654830996
0.7317914575925334	0.08548014953546959	0.18272839287199708
0.4132104451397556	0.4696796622052112	0.1171098926550333
0.4264521253950497	0.47841539626680296	0.09513247833814745
0.36174979534220597	0.27039432677692327	0.3678558778808709
0.0320471084885629	0.8045011554065198	0.16345173610491737
0.697474137929084	0.08247317300042012	0.22005268907049597
0.4721764262429977	0.2616305371280627	0.26619303662893967
0.4246097765584428	0.11837620183334058	0.45701402160821675
0.7339856849400532	0.0630868721834007	0.20292744287654613
0.5722953645530959	0.21507605855074519	0.212628576896159
0.18813711937308555	0.5530647096243337	0.25879817100258073
0.3848992632733178	0.3152585345325794	0.2998422021941029
0.09693035209881673	0.06652018758538508	0.8365494603157982
0.1589221642533174	0.4501444420924847	0.390933393654198
0.25585889583566734	0.057022207950049586	0.6871188962142831
0.48667398026268494	0.16758174670177972	0.34574427303553545
0.198022725455818	0.3460642455270087	0.45591302901717345
0.4051097155621093	0.07644082357909676	0.5184494608587941
0.04548539813510466	0.16328475043417737	0.7912298514307181
0.6351761116038249	0.165437364137648	0.19938652425852713
0.7378577686634152	0.030704469680716773	0.23143776165586805
0.12035347561846393	0.09412393012061798	0.7855225942609183
0.1741125853491944	0.5139090576088107	0.31197835704199506
0.12679261190073388	0.16104997585456243	0.7121574122447039
0.11771852107640754	0.8291701476436016	0.0531113312799909
0.10523229878406293	0.8447769172773405	0.04999078393859668
0.3741181152013047	0.3986050149300311	0.22727686986866433
0.6783511930578161	0.046267497991859585	0.2753813089503244
0.18117731746425578	0.24873745765365052	0.5700852248820938
0.2237597078231892	0.6845533677638244	0.09168692441298651
0.25707777152222	0.48924328856447297	0.25367893991330714
0.26989050205357307	0.31361963578645763	0.4164898621599694
0.46400068665656113	0.4279066556286896	0.10809265771474932
0.24176005525462346	0.3217131958711606	0.43652674887421605
0.19402554156640955	0.42889213008420896	0.3770823283493816
0.3592583542440734	0.444453492886233	0.19628815286969378
0.5497035805259002	0.06601043071532187	0.38428598875877806
0.29742152554035134	0.3686394560504572	0.3339390184091916
0.27096163340703544	0.4337572842056474	0.29528108238731726
0.8270821439375721	0.04002767424414089	0.13289018181828718
0.02465870714405838	0.28663014023112354	0.6887111526248183
0.018750195397811587	0.39709416564996547	0.5841556389522231
0.16244731200647644	0.5824161662790517	0.25513652171447204
0.4907595267438098	0.24358303688066113	0.2656574363755292
0.2824841979673347	0.27981170866774474	0.43770409336492067
0.11915634796665786	0.133150707473064	0.7476929445602782
0.32752007433870456	0.3346739992157307	0.33780592644556484
0.23384292592628952	0.11158001413751284	0.6545770599361977
0.45517373400045336	0.44343680987327955	0.10138945612626715
0.11130525902402408	0.5999956351120972	0.28869910586387887
0.019039899544127714	0.5282917075367165	0.4526683929191559
0.819722485950431	0.08984826967780138	0.09042924437176769
0.08823782813802128	0.3968197791779621	0.5149423926840169
0.2622066523071435	0.1124281186815454	0.6253652290113112
0.13950900065605737	0.7475731944346864	0.11291780490925635
0.5349134381193656	0.08499124235464567	0.38009531952598874
0.7835679417280714	0.20088016597821962	0.015551892293709013
0.32557730179460204	0.34575539765444563	0.3286673005509525
0.08462236671595585	0.7131277009983008	0.20224993228574337
0.3192504320600709	0.05018180251629417	0.630567765423635
0.30158023552088	0.256302034534132	0.44211772994498816
0.13004910998098834	0.5565066257826012	0.3134442642364106
0.11843310091007361	0.24128172832461253	0.6402851707653139
0.1690559537509691	0.5358495956926397	0.2950944505563914
0.686141914418319	0.27732952708505126	0.03652855849662984
0.47431689350649137	0.12255295362298632	0.40313015287052245
0.6197169023562452	0.0573789747808362	0.3229041228629188
0.3568580785397969	0.11449275435554962	0.5286491671046536
0.507765397053146	0.4330610333762878	0.05917356957056619
0.43888283375973036	0.4704342728206686	0.09068289341960115
0.5899377571634058	0.16948352183379034	0.24057872100280397
0.4847175088819153	0.43055641170918774	0.08472607940889709
0.43283533189190565	0.3998718042561248	0.16729286385196962
0.2860891929537448	0.4634816296415239	0.2504291774047315
0.4870826834519095	0.27114319101453876	0.24177412553355182
0.15108990628870783	0.8062151935753604	0.0426949001359318
0.03983490234688131	0.48441171797494353	0.4757533796781752
0.7033820996216938	0.21842595352603628	0.07819194685226993
0.3787987569901142	0.017376289212353235	0.6038249537975326
0.4075917851813805	0.40791341027504896	0.18449480454357062
0.08881419186174494	0.14426258534903091	0.7669232227892243
0.7316589599082025	0.17973841247466893	0.08860262761712862
0.38972925588082263	0.1637710647647423	0.4464996793544352
0.1299902763566842	0.6387531416226238	0.23125658202069216
0.33937401209553264	0.4253537696601992	0.23527221824426825
0.3503431402549462	0.1830959866518598	0.46656087309319416
0.5599861944752502	0.27803769312978316	0.16197611239496673
0.3220268534466095	0.3355722634710903	0.3424008830823003
0.0481482912061712	0.1488914587191254	0.8029602500747035
0.29041049660359836	0.029410950459665575	0.6801785529367362
0.34058911387810686	0.31785043086742754	0.3415604552544657
0.3927228909910915	0.28311157092972994	0.3241655380791787
0.13458574562503717	0.4972928276489426	0.36812142672602033
0.31653545504282765	0.16168601275385222	0.5217785322033203
0.20268534148729744	0.640522638851298	0.15679201966140466
0.07161293938508384	0.21327659824891257	0.7151104623660037
0.2231077461654679	0.1761150315075799	0.6007772223269523
0.054103182441010866	0.13800932511307112	0.8078874924459181
0.32246226117966076	0.6522523410587523	0.025285397761587003
0.5705481747574698	0.3685642853375914	0.06088753990493889
0.09638656384482538	0.4226371923804073	0.4809762437747674
0.10689282544520895	0.11320298704872878	0.7799041875060624
0.2609239601416006	0.34600486387491947	0.39307117598348007
0.08565659353004229	0.6207901816926421	0.2935532247773157
0.07268423321120204	0.7834831071474078	0.14383265964139036
0.3696310619222276	0.02167980774267203	0.6086891303351005
0.6539752288770617	0.31075789350681277	0.035266877616125625
0.26055618204475334	0.5453262970711491	0.19411752088409767
0.025064032508657297	0.7054537374331272	0.26948223005821564
0.5847346751344379	0.23460629454041598	0.18065903032514619
0.17792998442649646	0.2971489194276756	0.524921096145828
0.8497772793468039	0.04939802947237465	0.10082469118082149
0.5250613564745007	0.35546476356642603	0.11947387995907341
0.2401865400747225	0.3708292641319363	0.3889841957933413
0.4893496747437037	0.12824668720661608	0.3824036380496803
0.1799814665330145	0.6307842187768917	0.18923431469009383
0.04046044246376351	0.35351112122292266	0.6060284363133139
0.3334844666586984	0.3680157432270827	0.29849979011421907
0.18114903367536983	0.4311479671140037	0.3877029992106266
0.10613409748632172	0.5367657145338404	0.357100187979838
0.4990659067680846	0.2699877501175043	0.23094634311441123
0.7049450670147304	0.12331985702208392	0.1717350759631858
0.050955157121810535	0.4680263345158149	0.4810185083623747
0.17803151086711116	0.6729153398849701	0.1490531492479189
0.24198049744440225	0.5592421493562051	0.19877735319939277
0.08826929670184114	0.7667140450450189	0.14501665825314003
0.39129496496674987	0.5158083869137433	0.09289664811950699
0.7845357085404631	0.19920155355288938	0.016262737906647562
0.2540714340597905	0.0893303919997776	0.6565981739404321
0.27238557051385043	0.36854120010093655	0.35907322938521313
0.7044732221268676	0.06974001770198646	0.22578676017114604
0.4367865471706303	0.40355873584376734	0.15965471698560252
0.4230560109143896	0.45926094149929886	0.1176830475863116
0.688868716437386	0.25484873363286265	0.05628254992975146
0.2519219980852907	0.2964947944321557	0.4515832074825537
0.5175927062948911	0.16010442655953175	0.3223028671455774
0.023934402774594632	0.7151576335754668	0.26090796364993873
0.5921977778373528	0.11086293733119895	0.29693928483144827
0.21662934411137114	0.45787886046161635	0.3254917954270126
0.14347961659907915	0.7583540395296862	0.09816634387123474
0.3140928942984762	0.3343189306992727	0.35158817500225115
0.5216248135424918	0.10861478954690995	0.36976039691059837
0.14957776152033003	0.11866827467008359	0.7317539638095865
0.08365944274920292	0.17449121686680003	0.7418493403839972
0.17284563969763492	0.6209678173342892	0.206186542968076
0.03327466175959076	0.548481310540687	0.41824402769972235
0.046691166078779545	0.2945652732121605	0.6587435607090601
0.05027364489364311	0.2928479198692429	0.6568784352371141
0.7775922133840544	0.0316092145024251	0.1907985721135206
0.4997126294697815	0.40779965947083635	0.09248771105938228
0.021907156271691763	0.5432402862763259	0.43485255745198237
0.22937418168492452	0.48176809766313655	0.28885772065193904
0.15817453346448046	0.37147109890395424	0.47035436763156535
0.37049990838927666	0.5400326876887405	0.08946740392198294
0.23943729976503314	0.0324934573315111	0.7280692429034559
0.5172821083800109	0.3736049521200036	0.10911293949998563
0.3452412877974547	0.46013898975498013	0.19461972244756529
0.2964915875276472	0.3798969676978412	0.3236114447745117
0.6905058459108425	0.10612982661022557	0.203364327478932
0.769096070001909	0.09678240594225318	0.13412152405583794
0.06538326526294469	0.4448857250882755	0.4897310096487799
0.607053477132059	0.29605469175598886	0.09689183111195226
0.4233008123199886	0.4113790193243346	0.16532016835567684
0.11510614633124144	0.22669292028654608	0.6582009333822125
0.49609696172012274	0.18172574491171317	0.3221772933681642
0.31501286630559283	0.04669529287713964	0.6382918408172675
0.4238171999173313	0.06124801761858906	0.5149347824640798
0.7707874165362598	0.007968377920726244	0.221244205543014
0.20986159449123182	0.291092669890278	0.4990457356184903
0.16772716820306982	0.6263567584204515	0.20591607337647883
0.648928490324788	0.2761673071486584	0.07490420252655361
0.2957650961505853	0.09629268648913683	0.607942217360278
0.2961724743217673	0.4278801225313845	0.2759474031468483
0.6184865596658196	0.3696118394633669	0.0119016008708136
0.18681309193610976	0.04811109501194066	0.7650758130519497
0.19605750826098764	0.6249009572968982	0.1790415344421143
0.3461777815865926	0.09418317553563982	0.5596390428777676
0.3276327241310309	0.5673674048983519	0.1049998709706173
