0.2565735991988416	0.03035516227907059	0.3153661652836968	0.16273748195551732	0.2349675912828734
0.23294527840489487	0.0583292279360246	0.3087066633214024	0.16242810948657765	0.23759072085110022
0.24001057507175685	0.060320242994975154	0.32239295009392044	0.14902416255896192	0.22825206928038544
0.23678111609170885	0.05019025802466798	0.31021393720877954	0.15789369945880746	0.244920989216036
0.2506038287424902	0.05505979887552129	0.32034751806154466	0.14467952316399177	0.2293093311564518
0.2506580734617114	0.036848887566581834	0.3126354055410083	0.16601399128883707	0.23384364214186118
0.2363576007614748	0.05105671602478051	0.3269802787749979	0.1514946005254854	0.23411080391326114
0.23409109713018716	0.049821879866238594	0.3129895183295771	0.14972917328195878	0.2533683313920381
0.24635785003935773	0.03506233590149435	0.3208527034309031	0.14554359804663097	0.2521835125816137
0.25287711226553966	0.03011939912650269	0.3214293332856094	0.14447633607647917	0.2510978192458689
0.24599313061893618	0.02228190719692591	0.32843064483794526	0.1586922100976322	0.24460210724856024
0.23905140343588735	0.06427532611650807	0.3079484197706476	0.14926483378201888	0.23946001689493784
0.24880575718387538	0.03207890704262628	0.33172750074988544	0.14679515277593375	0.24059268224767888
0.23951648769642125	0.04338537947412191	0.31463898494654574	0.1595498836544157	0.24290926422849518
0.2557975721495455	0.04029639413785013	0.3260828562089231	0.15005792722837888	0.22776525027530214
0.24641231398349245	0.039525955398104884	0.32739692235977735	0.15190857937393543	0.2347562288846896
0.2537306580258283	0.012527173982446016	0.3349836352107644	0.16005620781509622	0.2387023249658648
0.23672398240827894	0.03997434309902795	0.32181584814887965	0.16122403944476246	0.24026178689905076
0.24065827849310983	0.0497882590966294	0.323857464905177	0.1518624792736849	0.2338335182313987
0.2428511224855955	0.06021477293979288	0.3055437346301983	0.1530322663645246	0.2383581035798884
0.23883066026086294	0.07183719539541053	0.30643023965296456	0.14636037018604636	0.23654153450471532
0.2333904513276565	0.049865491746068885	0.3192443672836473	0.15326407174848458	0.2442356178941425
0.2408176732688705	0.02935081265976744	0.3263862248973215	0.1504708346393856	0.2529744545346548
0.24041955928591158	0.03666219681277147	0.31547222135321795	0.165506806102883	0.24193921644521574
0.2436996298230798	0.02918684488550871	0.32259809001703194	0.16640758155270077	0.2381078537216785
0.23862343088161758	0.029040173147799553	0.3295967252004819	0.15802983720953848	0.24470983356056225
0.2498912610634429	0.026902838686439556	0.3316156258846592	0.1492715391631194	0.2423187352023387
0.2528514273321683	0.026029346543299636	0.32343572633975604	0.16349450351313524	0.2341889962716405
0.25123850121172053	0.035583578403758725	0.31575538797928293	0.15773250818765353	0.239690024217584
0.24503292228994927	0.04524662730705606	0.3258735076348899	0.153932450619454	0.22991449214865048
0.24721032921127084	0.028268385739194712	0.33257585648439597	0.14551835329011414	0.2464270752750241
0.24676264447571863	0.018935203264235007	0.33569883514193255	0.15711650213309153	0.24148681498502203
0.25260412865178683	0.01084228126434758	0.32799211881143764	0.1656776448485578	0.24288382642386985
0.2405834616452095	0.05659032129810038	0.31373616580625396	0.1556192352019725	0.23347081604846345
0.2503898472846581	0.04056754146466668	0.30922513526420714	0.15429130234987232	0.24552617363659548
0.24546444289548325	0.03727309553091526	0.31392400170770957	0.1605624697950233	0.24277599007086836
0.2578515747038527	0.02002196342045648	0.3191602193046268	0.1511790556923276	0.2517871868787362
0.24618564923534336	0.004105748715826696	0.3335455170283903	0.1659844427848476	0.2501786422355917
0.23518763680902452	0.053826153916034514	0.3280134570046917	0.1462307637315507	0.23674198853869827
0.24434669296511036	0.03597685811131662	0.3134984886591772	0.1639831412512077	0.2421948190131879
0.24467059930339494	0.039768870553931523	0.3104138478089868	0.16506244384201874	0.24008423849166777
0.25891213504029226	0.02495827790070329	0.31149162531908825	0.1632204806227139	0.24141748111720207
0.24134907846617357	0.06554771808193938	0.30732345380890425	0.15583988100015034	0.22993986864283225
0.24514601421107204	0.06561695418638613	0.30958737964321764	0.1507089183946923	0.22894073356463168
0.24066761745590487	0.06450349888451826	0.30868060998032565	0.15044160733274414	0.23570666634650683
0.24706443845918352	0.04418876568736088	0.33314198159855923	0.14432485133971185	0.23127996291518427
0.25543904546446644	0.012542409666816134	0.3333022803561305	0.1483003660804299	0.2504158984321567
0.2324333888001215	0.06026178060185908	0.3299863725152209	0.14415411740580247	0.23316434067699585
0.2411541672085524	0.06655027252641077	0.3119044738284592	0.15122679809374212	0.22916428834283525
0.23898645497238868	0.05821447476507205	0.30450564228051247	0.1609302032516822	0.23736322473034438
0.24134383671301662	0.03695956546423598	0.3312116237017	0.15720313311882428	0.23328184100222288
0.2487659232252479	0.029768489292529843	0.3224048239405364	0.16615135011358828	0.23290941342809737
0.2537903931534117	0.04304748781014514	0.31552333447525427	0.15577554198109822	0.2318632425800904
0.2516186127249267	0.020381440183246946	0.3330960384641235	0.16481062962511636	0.23009327900258628
0.23318957398024442	0.06637796276296812	0.3100010580661587	0.1537006460996158	0.2367307590910127
0.2536477462497237	0.04771226432216788	0.3042709300715415	0.1460564256421032	0.24831263371446344
0.25216127885303297	0.050845112783570956	0.3071609370474383	0.15652497357749506	0.23330769773846244
0.2364471293075745	0.0496989869722102	0.3127483885704425	0.15488769076946218	0.24621780438031032
0.25441038433685514	0.036938741117783114	0.3117329834017041	0.14744068133907562	0.2494772098045818
0.24844967419882852	0.044446937843122175	0.3195917416017765	0.1451033907188291	0.24240825563744345
0.25010371726589303	0.05842281027339791	0.3060587834976276	0.15535755053225472	0.23005713843082642
0.2326905307264588	0.0617541042618672	0.31332413451659	0.14558733214359626	0.24664389835148742
0.25301232281030317	0.04725968293266081	0.3118057093136106	0.14501904012323008	0.242903244820195
0.2582493384670538	0.03837452561630411	0.31195906872092855	0.16116035913989077	0.2302567080558225
0.2340420005030178	0.06724513093732742	0.31337958587329584	0.15680164525426904	0.22853163743208962
0.23981125366200903	0.06052370219355779	0.3057063060733235	0.15658004148601706	0.23737869658509242
0.2505746205050598	0.021950704357784623	0.32007607172335806	0.162291484576616	0.24510711883718134
0.2571028740119229	0.04169989652620271	0.31786015438948545	0.1502331912468784	0.23310388382551034
0.2380078076726695	0.02242258435726663	0.3353744600017381	0.15792054942702433	0.24627459854130118
0.23551095703829794	0.04765489997891184	0.31366787984768196	0.15281022101589387	0.2503560421192141
0.2542370633600606	0.026838478623689738	0.3282800602928708	0.14519900961310417	0.24544538811027444
0.25804001416044764	0.0321789374348154	0.32148207835823706	0.1528615001104756	0.23543746993602405
0.23490303087119432	0.028874222829808643	0.32939597223816885	0.1584370607743918	0.24838971328643614
0.23373292403757884	0.06500500499217479	0.31065508392403807	0.14793627145879734	0.24267071558741074
0.2418540779820182	0.01693980315016122	0.33019358118611397	0.162320443967422	0.2486920937142844
0.2389229846134835	0.057844926488458265	0.31059739810197845	0.14665292353608103	0.24598176725999849
0.24753082951509003	0.04011401382365232	0.31564206149748625	0.16635655697465754	0.2303565381891136
0.24409323992262022	0.039030827484991454	0.3272162977245053	0.15120688239451507	0.23845275247336778
0.25142596888184576	0.03368994796085842	0.31659644857286157	0.163076181148607	0.235211453435827
0.24687774711937943	0.025130164389062237	0.32050537015291614	0.1563733090600649	0.25111340927857706
0.252961388578639	0.033850068477385725	0.3196282336270696	0.16262745142062182	0.23093285789628362
0.250072524867173	0.041318742150867865	0.3340753672155753	0.14562098792202305	0.22891237784436053
0.24028069555415055	0.03523568663022597	0.31287406017238284	0.1644270442305012	0.2471825134127392
0.23710884810827618	0.04760426044316046	0.32649681186471624	0.1518778687465694	0.23691221083727745
0.23564634015075694	0.06332937473850103	0.32235268154608127	0.1505463310275709	0.2281252725370896
0.255819848978457	0.044646900434533815	0.30509564485060253	0.1518640966694921	0.2425735090669143
0.24289979587059418	0.03945621889580139	0.32481201657817343	0.16344938913844842	0.2293825795169823
0.24314393101389084	0.044604606933514396	0.30607024534775024	0.16358303990842948	0.2425981767964148
0.23548836787203065	0.06635992426687695	0.3067971883822006	0.15778024596740947	0.23357427351148208
0.24981231222537326	0.036003882191547515	0.3341959215620931	0.14636724805562526	0.23362063596536053
0.2540617899440577	0.019956944244648528	0.3265582032624612	0.1531739335385409	0.24624912901029145
0.23571369232608022	0.0421768736230384	0.3310544953267679	0.14564063722397672	0.24541430150013654
0.2354373084476375	0.0315824593131806	0.33573679031463854	0.16633988221099372	0.23090355971354937
0.23511404606782224	0.05966849098855306	0.3083925837342154	0.1509119971903811	0.245912882019028
0.25149985388734525	0.03893050519435465	0.3099362419577048	0.14967802868891728	0.24995537027167775
0.2555636764736073	0.027270575387076362	0.3218425448120057	0.15192788859010645	0.24339531473720394
0.23289027953770197	0.03704119200243611	0.33009106359471907	0.15683884986715813	0.2431386149979845
0.24178032184914172	0.03477975531051258	0.3302881469146512	0.1464279097781942	0.24672386614750008
0.23898530901011855	0.044494680605561165	0.3277065095851289	0.159358116436022	0.22945538436316906
0.23497129046271753	0.03193187824794255	0.3251715227080314	0.1635990915792408	0.24432621700206744
0.23787226799208455	0.06463324965711084	0.31130407740507854	0.1583028116433003	0.22788759330242558
0.25840140913195436	0.011576995424693426	0.3234246573875531	0.16549511611407086	0.24110182194172802
0.2562939971076744	0.053647832836703574	0.3045178126333553	0.1461909662127444	0.23934939120952203
0.24769708951314878	0.04751742969699821	0.31770545246050275	0.1573038286541093	0.22977619967524077
0.23861566792575728	0.017175436098886693	0.33277839130755693	0.16326599898040778	0.24816450568739107
0.2437408659815673	0.026392294984177833	0.31777383230156003	0.16655513400228356	0.24553787273041103
0.23586633589481845	0.054746696290497915	0.315541083282483	0.1565667015970404	0.23727918293515998
0.23775164255970183	0.028135799118818944	0.33334917256544205	0.1564172981851617	0.24434608757087525
0.23311687064531667	0.054051973236703216	0.32726990630805897	0.14385068279544383	0.24171056701447707
0.23357720933889486	0.061285981894482394	0.3110289345535783	0.1558102448418348	0.23829762937120946
0.2530276572549143	0.030144169164910917	0.31677380645182124	0.15418937197638255	0.2458649951519708
0.24628607562289143	0.05615834106482093	0.3066288952840123	0.1450819848781041	0.24584470315017096
0.24505937810101855	0.021020239038347682	0.33255516165365817	0.15264350175926805	0.2487217194477073
0.251697178134655	0.032125466878268644	0.32584159475456814	0.1576798026834625	0.2326559575490455
0.24672003020843666	0.029758230139594555	0.32029845791777733	0.1536782463858956	0.24954503534829553
0.2395768501382166	0.03128466124761067	0.3231358208223306	0.16463861513712186	0.24136405265472
0.24661023895439105	0.01479099506398976	0.3331105417614272	0.1521524065969561	0.2533358176232356
0.23376412462754087	0.029780628573831264	0.3289116924843369	0.15979580331331988	0.24774775100097088
0.23738713054183	0.03911976722751748	0.32112950306285415	0.1626379906449471	0.23972560852285102
0.23881510103710596	0.04551589084960053	0.3220127189383659	0.14572568817825268	0.24793060099667472
0.24541338876787733	0.042195989249010996	0.33183955948224764	0.15102786638688917	0.2295231961139746
0.23914968882624923	0.0558039079871831	0.32854136380643495	0.14717388111726065	0.2293311582628718
0.2587376635585518	0.0022594225833970083	0.3278744076065697	0.16214425178465855	0.2489842544668226
0.24317241190376798	0.03407362497025382	0.32118462025195615	0.16358878621671002	0.23798055665731171
0.24056317297584626	0.03180671866215151	0.32644330971691676	0.1521853989529892	0.24900139969209611
0.2440207148173131	0.05511599232605105	0.3039584510792853	0.15952427179298637	0.23738056998436385
0.24625468705062042	0.044988059083182014	0.31521074779240343	0.14900074258998208	0.2445457634838118
0.24524617443556684	0.028437873748710457	0.3223606463977022	0.15327224986137478	0.2506830555566455
0.2582901477410847	0.00641579903775924	0.3276688512885796	0.1556723629821642	0.25195283895041204
0.23994021486865688	0.04091369200878184	0.32153144336761763	0.15322762041190444	0.24438702934303902
0.24863372961776226	0.03676610504744102	0.3211401192170096	0.1492881323343704	0.24417191378341652
0.25402021371882877	0.025899094234014763	0.33137738904777436	0.15853404783727454	0.2301692551621072
0.23706438620342313	0.07135375474665329	0.30445901345229764	0.1561965145075027	0.230926331090123
0.24215611496308792	0.03067453781638288	0.32733804880244355	0.1499119702929665	0.24991932812511888
0.2389543582565992	0.043421193767762906	0.3146325329896085	0.1590214040645631	0.243970510921466
0.24797519256139566	0.013805263930810802	0.3250054213353899	0.16065386930135503	0.25256025287104844
0.25771734280965103	0.004022738021118993	0.32942526492698837	0.16274488151134636	0.246089772730895
0.2573797709747338	0.02184113188414466	0.3112824685182319	0.16111538335134634	0.24838124527154304
0.2456445494854843	0.03130595502339123	0.3241051817362932	0.1484885319535326	0.2504557818012984
0.23536666355374922	0.0315725769168074	0.32034621724628604	0.16572886161249442	0.24698568067066268
0.24836626206067633	0.02184512581799017	0.32798896689445634	0.15703026917661633	0.24476937605026056
0.23269340886921605	0.054103390845867294	0.3156337559902018	0.1458162981764253	0.25175314611828936
0.2494319281188922	0.030003811865917634	0.3266137857297199	0.14523497941088098	0.24871549487458902
0.25141235490273434	0.04471105896899866	0.3126023106774244	0.14439859077314085	0.2468756846777015
0.25282044103222795	0.02045876989129211	0.3340391485365152	0.1451508165778952	0.2475308239620693
0.25729766600300763	0.055198524893725565	0.31211843204460143	0.1466503178302772	0.22873505922838785
0.25131011483466126	0.04938734848547566	0.31035507347835695	0.14572245636666492	0.243225006834841
0.23743998114045314	0.02994255597323106	0.3360512189203494	0.15067798374787184	0.24588826021809435
0.23236413551876345	0.06650365864971872	0.31964700879565544	0.14544497658864777	0.23604022044721437
0.2585734444441059	0.017457755058614743	0.32065152477940867	0.15647393897460443	0.246843336743266
0.2500112312821543	0.028737245128810734	0.3123149727411886	0.15675251414363273	0.2521840367042134
0.24148064493188737	0.060849740486440484	0.30742365281753137	0.1467550187502473	0.24349094301389332
0.23801788714682443	0.061971680448896116	0.3066672040003324	0.15834502937891798	0.23499819902502883
0.23817974066458586	0.038238355976521365	0.3348976106231729	0.15716872420812222	0.23151556852759747
0.2339120105968945	0.045407202595700136	0.32464309347653114	0.14596468740174193	0.25007300592913206
0.2519768103567482	0.020828100101960983	0.33610172717686476	0.1575980901720447	0.2334952721923811
0.25599102646671174	0.034683911787674215	0.30956658725328506	0.15103066498679424	0.24872780950553447
0.25549067217463695	0.04620183866324096	0.3066136930441201	0.1580534651636523	0.2336403309543495
0.23695444844397306	0.05041992461207026	0.32694767502351096	0.14607406163993908	0.23960389028050638
0.25782582725633424	0.01154161184017341	0.33006828552672635	0.16041308777832314	0.24015118759844256
0.24517319184379188	0.021341163689905573	0.33095746677118165	0.16514966909539952	0.23737850859972112
0.24662242930308437	0.025585631937546205	0.3355372395230163	0.14585736775844865	0.24639733147790427
0.23439560067402276	0.05207970581371732	0.3035219102826482	0.15957766127190612	0.2504251219577054
0.2476597062878813	0.020768801359583366	0.324979537215027	0.1595435072362429	0.2470484479012652
0.2557639982674877	0.028954483729087155	0.3218142917067661	0.1489744137666033	0.24449281253005556
0.2502029843354189	0.014260213539531552	0.33572750783159944	0.15947611934651068	0.24033317494693915
0.24447279712876957	0.0615974116407684	0.3038912682856576	0.1470650395873802	0.242973483357424
0.25280649100790875	0.06224262215536264	0.3057531874740785	0.14654250972542687	0.232655189637223
0.23610656504057664	0.05293999770710389	0.3196851637598723	0.16094165547082584	0.23032661802162102
0.23776329762689818	0.06816929389682302	0.31304970966916784	0.14511013840813478	0.23590756039897587
0.23412699850626367	0.04671403687922254	0.3181507827928753	0.1523308112205441	0.24867737060109416
0.24873327869220252	0.0430667513577111	0.313138450731693	0.15710528521736583	0.23795623400102728
0.24614717591398902	0.04279317682534686	0.3097874904171449	0.1537366908620626	0.2475354659814564
0.2393165885238295	0.06674900396362704	0.3117319251278974	0.14908875398724894	0.23311372839739686
0.2347883142686767	0.06761484701661702	0.30479721525784753	0.15496538217839	0.2378342412784685
0.23708447955998763	0.025304071766117014	0.32967867690345465	0.15889013729273815	0.2490426344777023
0.2561701929215518	0.0427597903606447	0.30544501120543166	0.16574453852535329	0.2298804669870183
0.2488941139790034	0.023859777329849036	0.3357781806314843	0.15061851958277514	0.24084940847688785
0.25473112051015606	0.010956764894379023	0.3355855890481157	0.15382134022932037	0.24490518531802863
0.25690126288891646	0.040805059946560585	0.3077452125774435	0.16462911481709513	0.22991934976998407
0.2348054722414974	0.048777816937874974	0.3038518622911166	0.15973429986299256	0.2528305486665182
0.25821017281329933	0.02932589138061864	0.32631396110757216	0.15514128306806288	0.23100869163044674
0.25595030589564605	0.045922988883429605	0.3095597999736186	0.1519927103977928	0.2365741948495127
0.23810826759756148	0.04733594341576702	0.32191640317172193	0.15257331638704197	0.2400660694279073
0.24280733339833566	0.050374571611536995	0.3285985043377271	0.14522953671325525	0.2329900539391448
0.2527561307319884	0.03804324321578223	0.32561338001042084	0.15358449396344445	0.23000275207836382
0.24728392828638995	0.04975334687351951	0.31254447552396647	0.16204951524916789	0.22836873406695593
0.2348137946603944	0.061745531622665384	0.3288874053508914	0.1449171958958939	0.22963607247015463
0.2555233858033976	0.030520247953493035	0.3306375112730755	0.14564916444077342	0.23766969052926024
0.2531999779503206	0.009153594820945465	0.3284101006117834	0.1586751769053186	0.2505611497116316
0.23659206935154475	0.03960992457979995	0.3212937764181999	0.15354162982639594	0.24896259982405924
0.25390555807863174	0.014229957848806846	0.3269280311748638	0.1642477000650494	0.24068875283264796
0.2432672183593618	0.01596245531941959	0.327286570694991	0.16479383183179036	0.248689923794437
0.2499046053524894	0.053085097757282346	0.3095436516643761	0.1526393523191466	0.23482729290670531
0.24295709292884174	0.016266184911585047	0.3292708313369631	0.16009143486460634	0.25141445595800355
0.25740527578807054	0.03667461189283011	0.33184967470698856	0.14576833853794122	0.2283020990741692
0.23930095882903102	0.06072937548506052	0.3172913717787036	0.15487686146053997	0.22780143244666468
0.25623389198351665	0.0066309043781733745	0.3304682554440829	0.16282820235725715	0.24383874583696966
0.25057146332386127	0.03452089465369795	0.32075385574290644	0.1553752332216157	0.23877855305791845
0.2417479078316052	0.05336099985512005	0.31396758701905225	0.1464058997580282	0.244517605536194
0.2502804732084562	0.020252813706908568	0.3357751663099522	0.1526297856970753	0.24106176107760746
0.2410940768389595	0.045875440014632785	0.31981449889268276	0.1550701542588367	0.23814582999488798
0.2531534703265652	0.011461104978292419	0.3255513618794541	0.15879059021254183	0.2510434726031462
0.24754167773350044	0.0315423236472272	0.3281666142739512	0.16374613681395062	0.22900324753137027
0.23603504887244153	0.030082636974776894	0.32860222475447587	0.15519881278414183	0.25008127661416363
0.2508962100107686	0.03981014815052941	0.31038256236033296	0.15641918924720133	0.24249189023116743
0.25739416206223453	0.04604282369437909	0.30496208889609727	0.14879397336677463	0.24280695198051416
0.2419412747111325	0.036126784093094416	0.3118832112716987	0.15875416234420398	0.2512945675798702
0.24972732666327235	0.028691403614024447	0.3216156134503457	0.15654082337766043	0.24342483289469682
0.25535156502761724	0.056653075396608465	0.3138055559949443	0.14433522711355587	0.22985457646727386
0.2526361381522427	0.048417621017699336	0.3236727348548679	0.144897063947492	0.2303764420276978
0.24303671565662538	0.011758335954774407	0.33596547485008704	0.16378665795251243	0.2454528155860005
0.25198883029001584	0.027922720820606595	0.31108069604195854	0.15648759105818205	0.25252016178923675
0.2503401109999405	0.03361038320329815	0.3179478962512343	0.15617617984753138	0.24192542969799538
0.2526496168881838	0.029105028020310036	0.3303452628211954	0.14660657316074668	0.2412935191095638
0.2488556861843735	0.03110965231315599	0.3296412666238299	0.15798853534926413	0.23240485952937623
0.24905397261396378	0.030321983559297994	0.33171995653771585	0.15262993810120346	0.2362741491878187
0.24563981160184054	0.048177629705284886	0.330334093188291	0.14773034976686178	0.2281181157377215
0.2504482536327715	0.022570203644541487	0.32690537391326374	0.1612247419594926	0.23885142684993038
0.2583584173092911	0.039636247785691	0.31830732049610494	0.15487805541104574	0.22881995899786697
0.2561383870870364	0.016634917778519775	0.3318837796915464	0.16510345622285702	0.23023945922004016
0.23216706820658067	0.07318101816435324	0.30819883896954503	0.14649489264916368	0.23995818201035715
0.2418604668622465	0.05902713692920308	0.3144601276054596	0.14385654144786217	0.24079572715522843
0.2334267751875358	0.045010543782558615	0.32996284869235193	0.14659175394508195	0.2450080783924714
0.25562237940183746	0.03100203147523839	0.3208453730073754	0.15472723519041848	0.23780298092513003
0.25365979991518983	0.029149389828479505	0.32859111838431987	0.1440762580879814	0.24452343378402913
0.2539418547129236	0.03403231173724133	0.3111993814607549	0.15274759449651668	0.24807885759256326
0.23585887262801417	0.058652053318786784	0.3110799077526634	0.16350466162061553	0.23090450467991985
0.2528101075157539	0.05503274908187333	0.30422700658228174	0.1536419878213149	0.2342881489987758
0.2403298134127649	0.05759575991297167	0.3094332318784088	0.1471373815082332	0.24550381328762116
0.24809127243135726	0.04988935967911337	0.31402281366974927	0.15481072456045689	0.23318582965932302
0.2433727245001086	0.04856557681005216	0.3197690277360639	0.14692943523848784	0.2413632357152872
0.25315000388578046	0.06293990846250319	0.30773382003750305	0.14661830159327466	0.22955796602093834
0.2375736151955915	0.024159214915161153	0.330750119571385	0.16224962032851534	0.24526742998934675
0.24211493958135738	0.03928998227530797	0.30759309793628287	0.16015459987534153	0.25084738033170995
0.23490580658863403	0.04269882257653973	0.304480802182769	0.1647425459555047	0.2531720226965523
0.25841914752359124	0.0014828568339504689	0.3215990617856756	0.16514964189707315	0.2533492919597093
0.24105013663844901	0.028169961305024915	0.3210002957248248	0.16006654836152168	0.2497130579701794
0.25307583678983914	0.0555825788216818	0.3076309989057286	0.15457955524510092	0.22913103023764933
0.25622457137431953	0.016150940600170693	0.3296248996073781	0.161794509573397	0.23620507884473438
0.25067175951087917	0.04192317034377016	0.32959665974456287	0.14927728865058548	0.2285311217502021
0.23956462361062358	0.05651741244012609	0.32245502333850734	0.1451038998748821	0.23635904073586064
0.24820908026921262	0.04460569109589485	0.3238009938315066	0.14855000931087556	0.23483422549251012
0.2512286363392552	0.03760369527645796	0.3239535820481804	0.1594014308762539	0.22781265545985224
0.24253218269542193	0.0494538478235651	0.31210655421850775	0.1455029563409037	0.25040445892160124
0.23523241722969065	0.04144196876438047	0.33542226987465174	0.1558996256451576	0.2320037184861193
0.23287285377453765	0.061104975070235906	0.30830451269889336	0.15607502441308208	0.24164263404325076
0.23755774653987788	0.04320022386617295	0.3265863767558347	0.14645627494812924	0.24619937788998503
0.25250810201062557	0.015000119703187376	0.334608786828239	0.16460680433826685	0.23327618711968098
0.2577485773982891	0.025456888758677687	0.33214343394445944	0.15575065017739123	0.22890044972118226
0.23586578184590853	0.053013143768900456	0.31140927294747567	0.15229532790547845	0.24741647353223667
0.24443573184965406	0.03392498502644045	0.32553796041897387	0.14585371640511174	0.2502476062998196
0.25595039459494395	0.02480299860861046	0.3340705194895418	0.14531538115976583	0.23986070614713764
0.24474055892650864	0.05768503876224934	0.31123773545950517	0.157968723790823	0.22836794306091351
0.25170639219681085	0.047152174754767684	0.30465425298174453	0.1618342312859651	0.2346529487807116
0.2568965238300869	0.04477068836568904	0.30879785956627154	0.1608023413804472	0.22873258685750508
0.2512727519839182	0.04481696766280782	0.32348865886500583	0.15137560226257438	0.22904601922569354
0.24993727593157794	0.05211206021604148	0.31918720901419323	0.14804080625607116	0.23072264858211594
0.2567795243456842	0.027701686788884683	0.3062718840754426	0.16242760766309078	0.24681929712689754
0.23759926570652412	0.04404400172021916	0.3235463494679049	0.15497351330832487	0.23983686979702673
0.25683575492631977	0.05003146538299588	0.30935989729851354	0.1510981924770608	0.2326746899151097
0.2529303284193719	0.023496750766457825	0.31244652384878835	0.16114778055767212	0.24997861640770958
0.2526974961685605	0.01336309626837906	0.33006711486576645	0.16275220630920456	0.24112008638808924
0.23568815423144274	0.049486344834714174	0.3265827991129818	0.14427498285982845	0.24396771896103256
0.24109238312582124	0.06515188559049989	0.3037485916297557	0.15380033481913508	0.23620680483478784
0.2508133461769313	0.020111112268487386	0.3311333162453053	0.16509813181680372	0.23284409349247207
0.24353496888016848	0.020517733672459487	0.32040203675175094	0.16259394514613976	0.2529513155494811
0.23686109035655695	0.04029775264833399	0.32315032518142234	0.14945955361327118	0.2502312782004153
0.2583943415442556	0.03360208397961359	0.32859792032678753	0.1468206863461708	0.23258496780317225
0.2582243733782276	0.03133485511451978	0.3303601369380205	0.14744377577682527	0.23263685879240653
0.2434131038464739	0.06329135611687722	0.3073039721202278	0.1511199405516918	0.234871627364729
0.24064522728507198	0.04256547810269526	0.3299342676044054	0.1494303918278624	0.23742463517996465
0.24721111258825296	0.046974437258362284	0.31356920554722084	0.1467391599376544	0.24550608466850926
0.24003137411279943	0.018377187349338436	0.33312163070515444	0.1635507458960369	0.2449190619366705
0.24486105833963806	0.02177315475374228	0.3241611757097086	0.15716445154434283	0.252040159652568
0.2440974204488508	0.04136473416430908	0.3145705933227183	0.15893799251740398	0.24102925954671758
0.254603382714951	0.03274056661464875	0.3197172730377195	0.158502917695455	0.2344358599372255
0.24085601188626632	0.04076720869697234	0.322651889307671	0.14405609907656175	0.2516687910325283
0.24356631361985104	0.04441252280895633	0.3331408996442988	0.15055215019920165	0.2283281137276919
0.2464425380741906	0.052744562228333625	0.30868228977733614	0.15259314406449515	0.23953746585564423
0.23466061645646785	0.02233400238387928	0.3348453768108509	0.16215912336512492	0.2460008809836768
0.25152490435497554	0.03288401812456951	0.32482510082476435	0.14884295599278904	0.24192302070290125
0.2516203984977082	0.022038888869749473	0.334247667062922	0.16393705935754754	0.2281559862120726
0.25236776284917567	0.04030647946528629	0.3075825177139849	0.1539480685577659	0.24579517141378696
0.24541430318230792	0.028509742664631466	0.3200670949707178	0.15999986584381887	0.24600899333852375
0.2586887173478885	0.017465730580331407	0.3271102023339942	0.1589887124578782	0.23774663727990744
0.2523427738290342	0.017581639515802217	0.3252666497600512	0.15701046916287023	0.2477984677322419
0.2567952714429949	0.009623532852384598	0.3331102367202996	0.15594196950425623	0.24452898948006446
0.24798029780719846	0.012102575594043846	0.3360599561509342	0.15726066097280056	0.2465965094750227
0.23715458895548	0.029677658632925513	0.32653856270002785	0.15428364233159372	0.2523455473799727
0.24414904981324376	0.043750370491345864	0.3178372431892901	0.16492565538771536	0.22933768111840466
0.23297070115215607	0.04342733360926934	0.3132042080914695	0.16060997714045835	0.2497877800066465
0.25611070093091	0.04938672519515991	0.3118583894103943	0.15322347702479971	0.22942070743873585
0.2464287712197436	0.04803137831520152	0.3139715670770179	0.1629887344041836	0.2285795489838531
0.24636157485906338	0.043010956340512996	0.3306471337762653	0.14823338148979315	0.23174695353436492
0.241437315984033	0.03223569458270173	0.32421041941343104	0.1537351187847804	0.24838145123505356
0.2514750566697882	0.0583141702052587	0.3126307327660465	0.14463648356778702	0.23294355679111933
0.2469090264676117	0.03283825327442602	0.33126997888808246	0.15614125633790266	0.23284148503197688
0.25560910251135016	0.015233528672549845	0.33455078093181	0.16068233209235772	0.23392425579193205
0.2557078910059399	0.029378370447002755	0.3257625972128302	0.1441376044616245	0.24501353687260244
0.24995715227893137	0.03609729726496924	0.31908653669767345	0.16616023328828347	0.2286987804701422
0.2522286390584265	0.05003969567460989	0.3200748737064379	0.1490284836685884	0.22862830789193705
0.23287129840376053	0.038831413854884034	0.3283019196826896	0.1610498148724861	0.23894555318617947
0.2448749308768423	0.038364535822471596	0.32961155099299533	0.14968373384124603	0.23746524846644448
0.2364460865088731	0.047818216818008075	0.3178367893834221	0.1613873202086657	0.2365115870810308
0.2447615409297571	0.029185367218791225	0.33374660134723266	0.15607314838795028	0.23623334211626845
0.23885882498703692	0.04717795415642109	0.3228385288024973	0.16077156601458853	0.23035312603945585
0.23958173605490937	0.02781142041137108	0.33103718457789744	0.15736661912278554	0.24420303983303637
0.23378022879869706	0.04971929410082557	0.3220972257085722	0.1567150075648817	0.23768824382702325
0.25523206498172724	0.013327271260387769	0.31478295519978927	0.16403289699038626	0.2526248115677093
0.25378437760059036	0.02174551361807428	0.33064367313090287	0.16575334069459058	0.2280730949558417
0.2539896890226404	0.03220010367441076	0.30850706200209965	0.15595124821101758	0.24935189708983133
0.240610309920883	0.03325145070195823	0.3264654136324804	0.15770282904759733	0.24196999669708083
0.24999282787389954	0.020975267898862032	0.31607479956607054	0.1635378209100863	0.24941928375108133
0.23441473899817122	0.06566745035816338	0.31344884939359596	0.1495950484333222	0.2368739128167469
0.2544831057878479	0.004344637543309632	0.3248608082419746	0.16291840501059207	0.25339304341627555
0.25173800383179495	0.022123881574912074	0.3229731941273807	0.1640826043163169	0.2390823161495951
0.2506014227670022	0.06289361139475694	0.3065386045626688	0.14898132759755392	0.23098503367801787
0.2520917054922348	0.012881822850515867	0.3243887904182336	0.16606162096031468	0.2445760602787008
0.23943240944965016	0.03307358846428521	0.32326724420732916	0.1553359174871263	0.24889084039160891
0.24943392648942464	0.04350112252580901	0.3218041034525577	0.14908554918440414	0.2361752983478042
0.2548322933414942	0.007795112915891217	0.3360824670645767	0.14933194501686856	0.2519581816611691
0.25267535944659336	0.034182852027581395	0.32298819056196315	0.15388563572504985	0.236267962238812
0.2548130490925804	0.013312466926897054	0.3236716628567015	0.15884584442097238	0.24935697670284834
0.23393203918664876	0.044927870714812135	0.33237428092980204	0.15762892366351441	0.23113688550522243
0.2553924167775875	0.022575982695621638	0.33099196723329155	0.1609634722460807	0.23007616104741835
0.23731769418864984	0.07272966979396056	0.30446560541190276	0.15749099138590578	0.22799603921958078
0.25874737342009785	0.038412198839585965	0.31006520951344785	0.15175565480580624	0.2410195634210618
0.24400345259949419	0.0489250426953379	0.3176380163912097	0.15612535057254082	0.23330813774141712
0.23379038969089255	0.05211703153482036	0.3093325381468119	0.1545226600321409	0.250237380595334
0.2575051890909101	0.028633345324658416	0.3214351655455281	0.15528747176391602	0.23713882827498714
0.2341550149473111	0.03103694272943444	0.3257821129340144	0.16264220523897321	0.2463837241502666
0.25137476318203844	0.020358916661225274	0.3262947867079044	0.1519712988847476	0.25000023456408405
0.2558362175641568	0.04825944460715259	0.3066014164780745	0.1471475829903732	0.24215533836024258
0.2508610111136901	0.03508293349998334	0.3065227818223902	0.16606244043638474	0.24147083312755138
0.24508454296293639	0.04932134228504442	0.3268271879659456	0.1444693370549385	0.23429758973113476
0.24093197357563026	0.027618115584247593	0.3256053538766414	0.16630045395723692	0.23954410300624362
0.2355048365323686	0.047493585852839026	0.31628545678025133	0.14940881099197395	0.25130730984256683
0.24210572869266248	0.045365461627449866	0.3094600042283321	0.16529330378735013	0.23777550166420516
0.25262780047061495	0.029604871494532142	0.3233582069538821	0.14551462260383574	0.2488944984771348
0.23550162884696677	0.02593488675572342	0.3354660579591845	0.1580354823834281	0.24506194405469697
0.24018798946791078	0.04279537621250892	0.3136744900272205	0.16268518454640488	0.24065695974595475
0.23362878200838944	0.05084747293926242	0.33262107211344283	0.1477921224377166	0.2351105505011884
0.24303096294859589	0.06294654445078557	0.3120150805366089	0.14750623420472997	0.23450117785927943
0.2511809154128506	0.04229744554740325	0.3156213958761632	0.15582567463257185	0.23507456853101077
0.25354714226657943	0.026273680393558513	0.31705734046745204	0.1620980430218134	0.2410237938505964
0.25389301497003663	0.0156957445613492	0.32992530290662836	0.15456284954610588	0.24592308801587973
0.24747737634753958	0.029067257597693852	0.33231201063885485	0.1568669005862355	0.23427645482967596
0.24381325555369812	0.037499032606614024	0.33429846394702667	0.14393079391673577	0.24045845397592513
0.2517375771206974	0.05586281994701331	0.31253418335846217	0.14624545029876	0.2336199692750669
0.25479329573157483	0.02253127222808754	0.3307579734033219	0.15986405022817987	0.2320534084088356
0.2343428441125266	0.06138897247072492	0.3156168043623552	0.159225353667654	0.22942602538673906
0.25604355223822983	0.00996374599583899	0.33222934924271297	0.15193679574788874	0.24982655677532925
0.24419332597506826	0.02091817514295602	0.3219666726416525	0.1664438470032808	0.24647797923704218
0.23276270739415467	0.05749385461811457	0.30981546235638	0.15385787300703474	0.24607010262431578
0.23484758984122558	0.053724553902362776	0.3112209334654415	0.15805275827786777	0.24215416451310212
0.23588033207490222	0.04969519071878811	0.3059943214484473	0.1604951046863206	0.24793505107154154
0.23223847336280343	0.0497752166907478	0.3272951969128737	0.1577363942542564	0.23295471877931842
0.24964714318734826	0.037478136443224785	0.3233855029269809	0.14850476595275952	0.24098445148968634
0.2582410534141172	0.02714694220768854	0.31505264381437653	0.1549245134415711	0.24463484712224642
0.2367310042960546	0.03263719256161457	0.31937294694028284	0.15810614126198672	0.2531527149400611
0.23817034455360875	0.05904581253529395	0.30840869535444976	0.1440644601382355	0.25031068741841184
0.25330624957219927	0.020964935205729396	0.326681411679823	0.14709914776232047	0.25194825577992763
0.23524160249229176	0.030149358452586705	0.3306191200871704	0.1647968246031078	0.23919309436484307
0.2396657641437303	0.0432339095420925	0.3147763004663511	0.15092907200749098	0.2513949538403349
0.24411451144216517	0.029313890134474385	0.32512085781102407	0.15812751719631704	0.24332322341601909
0.24211352873569025	0.03674281952165481	0.3304325557893708	0.1449585624775137	0.24575253347577017
0.24402308040192186	0.03254204003411518	0.3206214809874844	0.1645396112819515	0.23827378729452686
0.24900994446737432	0.026587733643873346	0.3141997288392142	0.15949328003420188	0.250709313015336
0.2478373982668795	0.046407683858318005	0.3104972269391588	0.16242116108445362	0.2328365298511898
0.2546437251351259	0.030439295260260846	0.3272457806169764	0.15447545514684505	0.2331957438407916
0.24737787874340778	0.03700151988678277	0.33198843002986234	0.15560666549679564	0.22802550584315123
0.23342684148518422	0.03807357947428783	0.31377868576465884	0.16270503467429573	0.2520158586015731
0.2532512642531474	0.04316087720161493	0.3076643430386722	0.14556477447621602	0.2503587410303492
0.2484824073059682	0.049157963747825356	0.30694154503955595	0.1540435818712838	0.24137450203536648
0.2486360120693617	0.01674814369255631	0.3327670613194417	0.1542091286360061	0.2476396542826339
0.24171515341368388	0.04352860683021942	0.31328286356192636	0.15734711727189118	0.2441262589222789
0.23536583389869511	0.031105474802151284	0.33320511649684303	0.15065604166654242	0.2496675331357679
0.2512432668049541	0.023056440479779866	0.32758650408868273	0.14549303564223812	0.25262075298434494
0.24697018316450864	0.050308055401314694	0.30465614791050727	0.14474932264748241	0.25331629087618673
0.245435707702374	0.04269343523568339	0.322369196714666	0.15117538896782992	0.23832627137944645
0.23827147549966426	0.0380911299644307	0.33354598593403306	0.14417538681443678	0.24591602178743488
0.2438738219518642	0.03929542934961874	0.3185256515865383	0.15019208723416377	0.2481130098778147
0.24230325428351773	0.03689379365946735	0.3258514321650583	0.1465212892217234	0.24843023067023295
0.25066850558128484	0.0034597806333344916	0.33491461211895945	0.15770744633552464	0.2532496553308964
0.2565010157059187	0.026704016586781343	0.32216937535387097	0.15342273996569902	0.24120285238772968
0.23847961429670111	0.03845744391374098	0.3352642860145688	0.15326206431545805	0.23453659145953082
0.24474883214037232	0.03333347565962971	0.33019778988642867	0.16018640406570633	0.23153349824786273
0.23244771298384265	0.05046075297932062	0.32447771005201953	0.148325491571285	0.24428833241353193
0.2374631975274269	0.037270442073322946	0.32924548630017597	0.14684070025081228	0.2491801738482617
0.25246923615275213	0.03266553996380303	0.31975844080425836	0.14735248654589267	0.24775429653329356
0.2573490331843078	0.03952960431341074	0.30409880311234966	0.15224036174738625	0.2467821976425453
0.2521168721999285	0.0553221685724484	0.31929740318914696	0.14450342003291	0.22876013600556586
0.2394281882150256	0.014050413371767073	0.3296559040122433	0.1643013828807083	0.2525641115202555
0.2533725937575272	0.012270419249717529	0.3212792759195069	0.1664554451854625	0.24662226588778563
0.2505916393882476	0.03192528692999774	0.31845581472759377	0.15665422042746702	0.24237303852669367
0.23537063364722963	0.04599541292791143	0.324918254719684	0.15953869305838425	0.23417700564679042
0.23378403030407557	0.033236199459424576	0.3209302751573193	0.16526133064318138	0.24678816443599896
0.24208823684060263	0.049452277172184866	0.3221190888669323	0.14488858365190202	0.24145181346837802
0.2480951441814514	0.0435642087726634	0.3169310776660813	0.15456528101837863	0.23684428836142496
0.23931043064873758	0.06393886084574532	0.3087298868278713	0.15196953478541284	0.2360512868922327
0.2548648885977991	0.02260575095345632	0.32469992055644736	0.15767215208652552	0.24015728780577147
0.2577654296542886	0.022738722733226496	0.3194818725042815	0.14980694897566452	0.25020702613253865
0.23362710594825087	0.0389989057684027	0.324417030051525	0.15523486924171742	0.24772208899010373
0.2530286040056739	0.03237250322194399	0.33444161607644524	0.14877719449723617	0.2313800821987005
