0.2299160583609275	0.07516321812094784	0.3122410018310433	0.1529799507947971	0.22969977089228405
0.21953258543432896	0.07445007222392036	0.3059462999117004	0.16216410269313788	0.23790693973691213
0.22634197033092832	0.073596693943179	0.30499073007632	0.15961062678738708	0.2354599788621854
0.23078429550932766	0.0778554066921834	0.3061223514472736	0.15599874439917238	0.22923920195204273
0.2246363555821928	0.07288418745750994	0.3092133853667064	0.15919943895529617	0.23406663263829447
0.22868483664233993	0.07186283734530957	0.30806778990412925	0.1622806124344312	0.2291039236737898
0.22101763735807145	0.07586253627222393	0.3080740248163958	0.1600437052713486	0.23500209628196006
0.2211573318390453	0.07750312751156531	0.30533388167673825	0.16355833482646034	0.23244732414619057
0.22467912067661217	0.07599107867145118	0.30952691642256774	0.1524154489292473	0.23738743530012138
0.22645533502573448	0.07253766688321706	0.3065040479959913	0.1612431634746495	0.23325978662040747
0.22425830098954236	0.08081342670646417	0.30941052922050666	0.15133239968756285	0.23418534339592373
0.22489745671467093	0.07246648698166103	0.3092000542258997	0.15499392031899029	0.23844208175877785
0.2289605385569788	0.07251916644762885	0.30364411321854967	0.15734320082891717	0.23753298094792522
0.2280947016401439	0.07292940716119581	0.3067047123549746	0.15871012548684926	0.23356105335683622
0.2213290366840741	0.07522889846430236	0.3044917752071868	0.16499288368199672	0.23395740596243975
0.22706862859501276	0.07246320015599317	0.30417196030673604	0.16312559333099236	0.23317061761126545
0.2230159230269409	0.07672399584847132	0.31084854167170556	0.15302139781528964	0.2363901416375923
0.2241439062171914	0.07894722568867084	0.3059852108058241	0.16015375476269444	0.230769902525619
0.21974877417137678	0.07741729747038689	0.3095520938660188	0.15557842206199973	0.2377034124302176
0.22864410912883382	0.07276638645138117	0.3076106505116575	0.16067565552266022	0.23030319838546706
0.23032222047199663	0.07827068706668168	0.30220976783103726	0.15819138365972985	0.23100594097055438
0.22174825312977275	0.07606502678121808	0.3112202349708834	0.15450313867612722	0.2364633464419983
0.23122900876340383	0.07284571552585398	0.30206977499508386	0.16483845489025392	0.22901704582540416
0.2253613721487932	0.07383270641059922	0.3056475031997119	0.16028986727019676	0.2348685509706987
0.22416624962938309	0.07592353311286631	0.3083024578183011	0.15370758544331206	0.2379001739961372
0.2312050460266861	0.07540838820669989	0.30456960213776674	0.1578633166333332	0.23095364699551388
0.22293415237132494	0.0781196594347822	0.31022489997276603	0.151699622875256	0.23702166534587057
0.22371031310745318	0.07728990247119223	0.31029637415912686	0.15672100685404583	0.23198240340818163
0.2248805595800728	0.07254028627340867	0.30629530397587845	0.159958164314527	0.2363256858561128
0.22644473962712325	0.07649205701313441	0.30783696923342263	0.15223156709115765	0.23699466703516175
0.22368521411135647	0.07620309800084253	0.3033414431233752	0.16528415612962682	0.23148608863479875
0.2254208787044019	0.07257216698948862	0.30372251873064227	0.16153507755183288	0.23674935802363412
0.21906882063752825	0.08075833334160999	0.3061531076813625	0.16233972682437592	0.23168001151512313
0.22035667112593024	0.07408779181861883	0.31238559135720784	0.15461366450346764	0.23855628119477526
0.22403208726732357	0.0735607138937315	0.3022083572485582	0.16361694427692222	0.2365818973134643
0.22146841693305955	0.07568653499074307	0.3069421808311092	0.16576422984786485	0.2301386373972231
0.22842011160119707	0.08073579547007668	0.3043097244004282	0.15616232672874825	0.23037204179954954
0.223770904165358	0.07267416190964868	0.31045209868032786	0.15824844803244836	0.23485438721221688
0.22086811456521413	0.07194387085702553	0.3087740274096612	0.16019849140097975	0.23821549576711912
0.22549606222838087	0.0796803063085743	0.3066886740757559	0.15240924119000454	0.23572571619728416
0.2233013961370234	0.07365270923813927	0.3109703743435287	0.15911455364545696	0.23296096663585142
0.2253892868325147	0.08162734714577766	0.3035900022673952	0.15682536531284358	0.2325679984414687
0.22509245714633694	0.07402995858590913	0.30459185135504985	0.1635934132741062	0.2326923196385976
0.2299166110988804	0.07767911406110198	0.3101370387106249	0.15249019322582152	0.22977704290357095
0.22047848092331643	0.07236087058898988	0.305843989823138	0.16914839122517814	0.23216826743937732
0.22655162909432255	0.07200358354235648	0.30571509157051835	0.1675174257617198	0.22821227003108258
0.2288173795726897	0.07523421522311717	0.31082421254133263	0.1544194222853812	0.23070477037747908
0.2244026248921352	0.07360604843649615	0.31103105340156867	0.1570212238428289	0.23393904942697086
0.22851098392159752	0.0759581836611967	0.30521971200766596	0.15981441914371455	0.23049670126582497
0.2193140864881234	0.07818781463076883	0.30312833000271444	0.16846239568484705	0.23090737319354604
0.2239813733175691	0.07857811402194229	0.30857305265732715	0.15660861071263243	0.23225884929052878
0.22982698065280321	0.07215274142656036	0.30671594378534695	0.1539081761204072	0.2373961580148821
0.23105954123653752	0.07504957375171542	0.30295428553283993	0.15405608015686376	0.23688051932204313
0.23060546289436681	0.07631629214686823	0.3083740850176174	0.1532042267125239	0.23149993322862342
0.22119823467106442	0.07738511554790484	0.30915241554785994	0.15967412098193717	0.2325901132512334
0.23072628378248444	0.07349758995894065	0.3045012676955694	0.15617019629101198	0.23510466227199325
0.22276026851313047	0.07551320073114631	0.30366960439258006	0.16411922836350912	0.23393769799963382
0.2287229482533117	0.07248063132122998	0.3115798939943232	0.15191757591616153	0.23529895051497338
0.2247263429773175	0.07940131236756344	0.3082562480040184	0.15737649249311148	0.23023960415798894
0.22368480948482677	0.07721275843131044	0.30955481287326814	0.15196600094034027	0.23758161827025412
0.22942085916896685	0.08049258881535558	0.3025622219302492	0.1570586003473981	0.23046572973803
0.22457080019570247	0.07999193213729411	0.31251896377928023	0.1525124238776982	0.23040588001002477
0.23069973741303035	0.07855440638025513	0.3085315287307402	0.15298986931402808	0.22922445816194598
0.2220509391787594	0.07770138401521184	0.3074656196280654	0.16186960469195574	0.2309124524860074
0.22547634714000875	0.07581805143523282	0.3111861682029098	0.15673966926184185	0.23077976396000652
0.21981614291902155	0.07452398128804527	0.3073982495797518	0.16340888293736996	0.23485274327581118
0.22038694119832125	0.07591936571109152	0.3034512994355825	0.16522337012186838	0.2350190235331361
0.22849483532646808	0.07355292977671421	0.30536416109582365	0.16315262720759705	0.22943544659339676
0.22224779004152528	0.08061997766438994	0.305571609412755	0.15633084663173735	0.23522977624959218
0.22315432875716373	0.07409390165054486	0.30769919765192366	0.16220383989647033	0.23284873204389717
0.22396617053338805	0.07786806137807402	0.30632580207753657	0.16124950590901743	0.23059046010198367
0.22486015998797743	0.07758533947326254	0.3039926453671798	0.15874239966531362	0.2348194555062664
0.21912663471436344	0.0799125674643146	0.3119156061974599	0.15782858868380212	0.23121660294005972
0.22945094003614325	0.07355126793148323	0.3125347360869979	0.15450461548327146	0.22995844046210392
0.22188962000141138	0.0764290975618723	0.3066387597530057	0.15725224821946276	0.23779027446424758
0.22007703470533965	0.07974064004766489	0.3045582506681916	0.15943931785637055	0.23618475672243308
0.2313876942080777	0.07507090007967634	0.30196237537606574	0.16261083002050494	0.22896820031567502
0.22865141816768178	0.0779281224079625	0.3043544939588365	0.15127919047382127	0.2377867749916977
0.22605339685110742	0.072753729055066	0.30354390373619505	0.161613856604683	0.2360351137529483
0.22945813781833868	0.07553726127963219	0.3081445510482057	0.1537871874628498	0.2330728623909734
0.22851025870277666	0.07815709387454896	0.3046377557656721	0.15877567478931134	0.2299192168676907
0.2216716173249686	0.08091669290484774	0.3114048635754913	0.15386858153260105	0.2321382446620911
0.22694903597650481	0.07459547596186067	0.30554017657548704	0.15840003793699575	0.23451527354915147
0.22101454753772448	0.07974869111438489	0.30405766918036703	0.16685326008083837	0.228325832086685
0.2224086546140668	0.07581108609420328	0.3056296853253979	0.16136422040969295	0.23478635355663877
0.2220722143964293	0.08107663262293797	0.30580940371133336	0.15429663453280806	0.2367451147364911
0.22035605979123232	0.07604549590716381	0.3067206658615086	0.16448640075470117	0.23239137768539392
0.220216058937246	0.07268298788102923	0.30270162183203025	0.16697711449514743	0.23742221685454684
0.22682774494995672	0.07891660926123395	0.30265715797015846	0.15522743883120585	0.23637104898744474
0.22528393496233884	0.08021157977310855	0.3061096435113734	0.15560170592464517	0.2327931358285338
0.21914632422806707	0.07987070685387206	0.3103928915612645	0.15624873399064018	0.23434134336615603
0.22768505045802787	0.07292604416321427	0.30693740003674685	0.1573500063146375	0.2351014990273733
0.22516881027736477	0.07342962344946996	0.3071364005203785	0.16184048994739159	0.23242467580539491
0.22344095889223334	0.07980719988218146	0.3096018942591092	0.15780384482861956	0.22934610213785617
0.2202598169325166	0.0773921732394157	0.30393237267059947	0.16039391593996058	0.23802172121750742
0.2203696501766213	0.07295238185195183	0.3073423875382301	0.16321703216034333	0.2361185482728532
0.2232970440419722	0.07753707274275329	0.3066386076425413	0.1638909564335977	0.22863631913913532
0.2197308732683515	0.07663448254963756	0.31009538759111477	0.15938741127011052	0.23415184532078542
0.21992058976721182	0.07892390801003996	0.3033931338835544	0.16457014607456855	0.23319222226462505
0.2275267225227574	0.07388391642256034	0.30237262405364207	0.16704477100727833	0.22917196599376163
0.22822958544668542	0.07455547011239469	0.3021562181673545	0.16363944291640037	0.23141928335716477
0.21915315172834682	0.0778464183337024	0.3021019400973658	0.16512412932505738	0.23577436051552736
0.22172266286494774	0.073739398752353	0.30233199027756014	0.16844157189690948	0.23376437620822943
0.23033199629314371	0.07231445708700338	0.3119231497048268	0.15400032659386773	0.23143007032115812
0.22177350439135518	0.07888258044700804	0.3051277918211175	0.1647792294845314	0.22943689385598764
0.22739863716261505	0.07245936619655846	0.3060754090808637	0.15592600143493632	0.2381405861250262
0.22421632737682043	0.07296354378053624	0.30210910935480584	0.16518307083336153	0.23552794865447574
0.22056928521154495	0.08184520241162183	0.3021584418731754	0.16238075280094594	0.23304631770271167
0.22786819373869335	0.07570229373129396	0.3075449958262192	0.15429959976837082	0.23458491693542244
0.22459039414118004	0.07554187943085351	0.30213139190293037	0.1589917368537902	0.23874459767124565
0.22597936836635305	0.07817889434899737	0.3068676667971775	0.15253299639822615	0.23644107408924575
0.22700189879620733	0.07682393961765684	0.3088631103070885	0.153465097328346	0.23384595395070104
0.22234026406845286	0.07465985214841095	0.3116593629881058	0.16094389450482574	0.2303966262902044
0.22116177948345106	0.07825117866628599	0.30651221553866337	0.1596510899112832	0.2344237364003161
0.22476408437412776	0.08009033809629784	0.30589580230623503	0.16079146129949706	0.22845831392384208
0.22789618918151133	0.07363776195997804	0.30264898884004293	0.16067057886176894	0.23514648115669848
0.2266542820911118	0.07732460050358976	0.30921266065936	0.15396758825348134	0.23284086849245691
0.22741260589102408	0.07973171080982358	0.3022260908686224	0.16197164198059885	0.2286579504499308
0.22401209176687242	0.0743309716051018	0.30767630050932376	0.15619837855322455	0.23778225756547722
0.22274666283838251	0.07379745338395538	0.3041616950284141	0.16538269332705974	0.23391149542218803
0.21940298571870423	0.07677716750129343	0.30276797537499034	0.16970758871120173	0.23134428269381005
0.22131918917725785	0.07323393255335714	0.30466865052798797	0.16771025279319252	0.2330679749482043
0.22802562635480808	0.07957549376679848	0.3076812506266785	0.15287503624926824	0.23184259300244647
0.21980387123719214	0.07241852603397361	0.30409021028342886	0.16959532298540742	0.23409206945999772
0.22157217558028597	0.07799272634015827	0.3061362378645827	0.1614201945223581	0.23287866569261467
0.22927829201073924	0.07977928977866638	0.30321596305006515	0.15780601021262433	0.22992044494790465
0.22824331495113814	0.07408245610793723	0.3032459909895298	0.1608661664248054	0.2335620715265892
0.22705082051669934	0.07577951540935231	0.3036050096471593	0.16382671294630055	0.22973794148048826
0.22761060378909434	0.08063658233164214	0.30472149026903705	0.15165248536646925	0.23537883824375694
0.22526926223915955	0.08143944838641488	0.30422793166563994	0.1601534675829432	0.22890989012584223
0.22251910281425955	0.07589892689437028	0.3117667379192298	0.15768407980976515	0.23213115256237496
0.22141415555477384	0.07539053450772443	0.3098481039402842	0.15756552838648014	0.23578167761073715
0.23073280533805768	0.07361808744542955	0.30611261811757834	0.15199838469810753	0.23753810440082668
0.2303195758804633	0.07684028917882683	0.30332551308576683	0.15114817681914158	0.23836644503580118
0.22379536609886552	0.08020691160543066	0.3098838498692305	0.1553899528044212	0.23072391962205185
0.22911502906772074	0.07675899593880865	0.3043272250654442	0.15879778630896837	0.2310009636190578
0.22647978943948316	0.07440480661482354	0.3119797890996712	0.1547178540076061	0.23241776083841575
0.22062896668713217	0.07761247991575927	0.31053836876032964	0.15248083008236085	0.2387393545544178
0.22120407327416025	0.07654967491432198	0.30956674343114193	0.1552242681962802	0.23745524018409542
0.22379384602050595	0.07844181842674096	0.3048368980674302	0.15801388202160666	0.23491355546371598
0.22101155584920767	0.08196478187364574	0.3025717682123376	0.1606340658971398	0.23381782816766894
0.224938782047602	0.07897358606493976	0.30829693413222525	0.15120407369396494	0.2365866240612678
0.21966866029619475	0.07709566460321698	0.31177866402136806	0.1527753697092989	0.2386816413699211
0.2207941632943778	0.07590335769512817	0.3073837245063803	0.16237767000051895	0.23354108450359456
0.22197259508893338	0.0764683879176183	0.30464232485967707	0.1677932679035974	0.22912342423017365
0.22864232664456166	0.07252954427448877	0.3070859531403906	0.15882633170735322	0.23291584423320555
0.22665223223853348	0.07630975788292362	0.30400061388892785	0.16131051354488896	0.2317268824447259
0.2301463011660679	0.0722004174955222	0.304540025661119	0.15931781795168867	0.23379543772560196
0.21952771112969982	0.07261145646387834	0.31102167634661954	0.1624085864424866	0.23443056961731545
0.22309732154524253	0.07207455656875114	0.30633115158464	0.1599867000827107	0.23851027021865537
0.22688241624025052	0.07813265427927377	0.30828940805299054	0.15622431268566364	0.2304712087418213
0.22599263199372277	0.07209941438226414	0.30753411938662706	0.1608356626831401	0.23353817155424575
0.22366538640258898	0.0791407461817692	0.30662133511354833	0.15585508659643352	0.23471744570565978
0.23180665105393541	0.0729116432768809	0.31033938648933845	0.15149273794551946	0.23344958123432552
0.22240373880954037	0.08032768735514718	0.30407532877153237	0.15920251892515003	0.23399072613862984
0.22468650910792384	0.07454909253699726	0.30661147870857136	0.16555390230986108	0.2285990173366462
0.21981188638390012	0.0791555428322547	0.308396432127273	0.16196277791459454	0.23067336074197736
0.21951989099004385	0.08152693382245582	0.307886862801882	0.15515193483850903	0.2359143775471091
0.2232345351584733	0.0775734773078961	0.3086547887547181	0.1542640072693544	0.23627319150955786
0.22079302601584694	0.07852805732400937	0.3090805153413488	0.15783250351308134	0.23376589780571333
0.22520861663459843	0.07780100656712478	0.30194783252295115	0.1578066970596958	0.2372358472156296
0.21969094463927571	0.07990562628582844	0.3055925233744885	0.16225440203973987	0.23255650366066727
0.22200294948591298	0.07578701661196793	0.30360936549081374	0.16347740391660873	0.23512326449469637
0.22269081097954854	0.07402345467400168	0.30460429756813223	0.16001072459711618	0.23867071218120112
0.22976048128312251	0.075352874252782	0.3053468658971162	0.1526715760673839	0.23686820249959517
0.2275852384763038	0.07854126623760094	0.30334172515591884	0.1538089769653477	0.23672279316482847
0.22743940897519027	0.08022446744569425	0.3055667821974657	0.15779042916264252	0.228978912219007
0.22637059784406796	0.07260265824263706	0.30402878505076086	0.167503755282884	0.2294942035796499
0.22258280935438107	0.072687078347492	0.3042153969606187	0.1655047738547165	0.23500994148279142
0.2204493246373494	0.07879190209897247	0.30292675854514317	0.16271029004461204	0.2351217246739227
0.2243149304368426	0.07725491809505303	0.303195697680511	0.16038907536857616	0.23484537841901693
0.22644325034677107	0.07974691034144041	0.3023012430788106	0.1591994488679306	0.23230914736504704
0.21945859142351212	0.07313740766445376	0.31057803682620216	0.16608192262277172	0.23074404146306007
0.22614231392657072	0.07379550264707035	0.3034920793396775	0.16144928953788318	0.23512081454879796
0.2281471967125072	0.07586411403303132	0.3053568880242691	0.1520658127416284	0.23856598848856375
0.22628107180968404	0.07622098058453432	0.3037351772762921	0.16550744717795357	0.2282553231515357
0.22338683392055822	0.0754376001260266	0.3103339563664008	0.15261059660406123	0.23823101298295285
0.22286977212063297	0.07621158700427051	0.3104558824028396	0.15953545472632807	0.2309273037459286
0.2213414365141073	0.07621603302474679	0.30337282168242813	0.16646126718185805	0.2326084415968595
0.21980394076083523	0.08024894345858563	0.3071681212838385	0.1584878652249193	0.2342911292718211
0.22717825434003514	0.07397581399014902	0.31120053430380645	0.1540764992706614	0.23356889809534773
0.22619800863140577	0.08074854471044987	0.30410434220790555	0.152746994598716	0.23620210985152257
0.22152096791784942	0.07689442198842522	0.31167355535115016	0.15629863509850858	0.23361241964406634
0.23178327990765496	0.07232304163717193	0.3090639660891612	0.1575999430310716	0.22922976933494002
0.22632618896516327	0.08057259096630386	0.310401870076224	0.1525896869535679	0.23010966303874072
0.22935764639516557	0.07386978289230442	0.30862120944361615	0.15850035358000109	0.2296510076889125
0.23118030796309008	0.07476689953084478	0.3055034866623261	0.15396531328432592	0.23458399255941292
0.2214314355275655	0.08019691994795422	0.3088857777483873	0.16122617241271403	0.22825969436337867
0.2217413811911833	0.07647717502897336	0.30606732739006354	0.16717816905099872	0.22853594733878083
0.22460120066089925	0.07919475939172102	0.30966941175709023	0.15262627686883518	0.23390835132145404
0.22030342200886768	0.07426022157117462	0.3113347695960988	0.16217596495189004	0.2319256218719686
0.2219303412452572	0.07308824315499507	0.31239840943343455	0.16167050948972106	0.23091249667659186
0.2294562071022989	0.07574531347067562	0.306161463850499	0.16043896113167924	0.22819805444484703
0.23097423711710346	0.07857504741211248	0.30381492369593954	0.15812403059262284	0.22851176118222144
0.22828976181611038	0.07224469730408137	0.3113637064203626	0.15744885670059902	0.23065297775884638
0.22612021321211462	0.07550836815606783	0.30437456338456714	0.16297983297627922	0.23101702227097096
0.22480749258118113	0.07245256079598292	0.31000328115625075	0.16127857481537047	0.2314580906512145
0.22189642673154722	0.07982131250897812	0.30591095319916606	0.15817992794932917	0.23419137961097924
0.2207094950638253	0.0815206721839105	0.31232327103403085	0.15535531602737435	0.2300912456908588
0.227548910562433	0.07384523909291413	0.3118417103848169	0.15344544657660353	0.2333186933832322
0.22060243918348832	0.076704459530577	0.3085670846839937	0.16248095954185174	0.23164505706008906
0.2265546502023067	0.07454872172779448	0.3116432485396543	0.15586268049236246	0.23139069903788184
0.22530432240789083	0.07346202455101078	0.30945348391173333	0.15784543381445287	0.23393473531491193
0.2264078650186379	0.0745982139190964	0.306072751414768	0.15543006161198114	0.23749110803551632
0.22058705256407246	0.07355019267209517	0.3031309768110405	0.1685888910077057	0.23414288694508592
0.22077484796624477	0.08152563265721434	0.3050813761064323	0.15521097407625153	0.2374071691938568
0.2191940770293031	0.07665356122177204	0.3052020189079213	0.16084309470193225	0.23810724813907114
0.2316900298813816	0.07435827324728328	0.3057344165518301	0.15470317333641884	0.23351410698308595
0.2205668287266602	0.07773106438776309	0.3056804625214856	0.1676620754480719	0.228359568916019
0.22855634054506013	0.07474476996349644	0.3063285396075426	0.1593209819312804	0.2310493679526202
0.2262692285231968	0.07761012068858367	0.30249313923505333	0.16395042811471722	0.22967708343844873
0.22914112258313155	0.07838614362144013	0.31219804749758445	0.15114586117147258	0.22912882512637106
0.22991330136595	0.07636156257517443	0.3118710779314105	0.15282559043085808	0.22902846769660673
0.22085069159349266	0.07432702120270748	0.3094611742390806	0.1656031046896176	0.22975800827510148
0.22161237906950326	0.07607081988482783	0.3026946272819293	0.17002894603873933	0.22959322772500004
0.22797463486530703	0.07485340704943533	0.30624675877664465	0.1553167076264799	0.2356084916821329
0.22124120521194085	0.07593178338166284	0.30199730722378393	0.16856145723303873	0.23226824694957338
0.22082265155942737	0.07319429901387184	0.3089732920173977	0.16494706323853245	0.2320626941707704
0.23004619372444154	0.07465622117991652	0.302277979177372	0.15450728294805688	0.2385123229702128
0.22277244088420994	0.0804510080284529	0.30217459582477824	0.15844264019038537	0.23615931507217325
0.22745116901435003	0.0812499338756012	0.30440309346695216	0.1562285611934285	0.23066724244966785
0.22394243713199533	0.08069901811615939	0.3056143475884169	0.16053122360036265	0.22921297356306555
0.226187877291596	0.07501827405143717	0.3047211381095187	0.16160336430302824	0.2324693462444197
0.2292173529471077	0.07712766210294943	0.3026838893520618	0.15264198584861163	0.23832910974926919
0.22387240433935485	0.08111228881372413	0.30292067801277156	0.15994468587780938	0.23214994295633984
0.22354993752564317	0.07784053053647362	0.3113569627125839	0.15503407115651097	0.2322184980687881
0.22274948450193638	0.0746619690137483	0.30335952087424406	0.16157497512196606	0.23765405048810495
0.22392578710729077	0.07702837375455997	0.30210758421082795	0.16446614034091106	0.23247211458641004
0.2226871084587687	0.07870985285058199	0.30264811059030283	0.1643024360363327	0.2316524920640135
0.22146431445859438	0.07593733931350166	0.3047164687919714	0.1633430285374121	0.23453884889852028
0.2215124028133188	0.07849409478846284	0.3040327834837102	0.16556027028579068	0.23040044862871722
0.229180910011659	0.08035789207862393	0.3086456256894601	0.1535881052879585	0.22822746693229826
0.22575530699033686	0.07790080657968988	0.30760595759944076	0.1562906160739589	0.23244731275657332
0.21954542005606958	0.07331261075669421	0.3036946026444372	0.16644471134085376	0.237002655201945
0.21928750822392046	0.07341034898942853	0.30873582175032543	0.16648272203022946	0.2320835990060959
0.22769331428773998	0.08043019739590967	0.30591489091857893	0.15729474264856685	0.2286668547492043
0.23162669004973674	0.07674368053574122	0.3073832490572963	0.15149859521844533	0.23274778513878025
0.2271457591851253	0.07857085304634803	0.3057189981819355	0.15271577274850925	0.23584861683808167
0.22122760671194158	0.07832989861067025	0.3024022008245509	0.16941795850551694	0.2286223353473201
0.2222780292108444	0.07888613441721737	0.3098150998070725	0.15885400793493057	0.2301667286299349
0.2231392437812691	0.0798789624845127	0.30810444970754564	0.15105566047052033	0.23782168355615202
0.22698232549463068	0.07190372769744266	0.30302804845380665	0.1669723410497925	0.23111355730432726
0.22065154119756034	0.07503516910089623	0.31194539877714	0.15840948958228313	0.23395840134212004
0.2211736381125488	0.07952713021341329	0.3108648227593332	0.15953535074705363	0.22889905816765083
0.21900558629112735	0.08037152206643669	0.30213211377470334	0.16995558458963314	0.22853519327809924
0.22786993461532679	0.07304909645295879	0.30768264476967977	0.16084116413019156	0.23055716003184287
0.23109456167964967	0.07386238241589321	0.3034780078744994	0.16141997179015632	0.2301450762398011
0.22342179662417372	0.07339434181375948	0.3057303661923547	0.16521679135027803	0.2322367040194338
0.220478421160899	0.08073938566588931	0.30937129231617944	0.1551058207870027	0.23430508007002937
0.22536225007762398	0.07387025709595219	0.3068971414132566	0.16003866434626332	0.23383168706690372
0.22387478880772005	0.0809756103709292	0.3105585372448758	0.15584423812067566	0.2287468254557991
0.22641339132121183	0.081207937711216	0.3064592529336092	0.15380549116488518	0.23211392686907756
0.23049985057630668	0.07511362256847152	0.3107701262643528	0.15206622541528275	0.23155017517558601
0.22625060283579768	0.0805374015916981	0.30414607249092807	0.1565649194515489	0.23250100363002701
0.21957747662188537	0.07764470560827469	0.31014214290194525	0.1617610749830084	0.23087459988488607
0.2244789044595292	0.07199102440362931	0.3037414018054847	0.16124684797283387	0.23854182135852264
0.21948386107595758	0.08054197199890716	0.3075015625568722	0.15374115343278882	0.238731450935474
0.22000362951794938	0.07520846367617169	0.31224813931139034	0.15776232417716768	0.2347774433173207
0.22395752833342436	0.07738435608873737	0.3124894630241988	0.15323875606249443	0.23292989649114482
0.22393098882375764	0.07617107600438205	0.30587048897238955	0.1568087133038399	0.2372187328956306
0.22241287984512767	0.07741927867065122	0.30930300124383014	0.1591949790483106	0.2316698611920801
0.22293611260363894	0.08152541652966767	0.3089346799004247	0.15284606151240387	0.23375772945386453
0.2216656674870851	0.07239911206554125	0.30537479869563794	0.16622863999195525	0.23433178175978026
0.22638231449476048	0.07846822874667161	0.3058638294589721	0.1607765729114033	0.22850905438819225
0.22468120086711893	0.08070337850497192	0.30676044665313923	0.1553829703538103	0.23247200362095938
0.22458433417077892	0.07395870347128233	0.30342548391534463	0.1608475631782374	0.2371839152643565
0.2226762718903596	0.07353124823729845	0.30540818813375303	0.16530044647682984	0.23308384526175885
0.23121311249162602	0.07231196593367081	0.3110729244908495	0.1511716120710907	0.23423038501276272
0.2214589175972819	0.07503825889366565	0.3034816482914732	0.16350860006300133	0.2365125751545777
0.2238594407557317	0.07611683691458365	0.30437098042066546	0.16053699112707726	0.23511575078194166
0.22722157820783678	0.07969777425780994	0.30895797961832694	0.15600680716317394	0.22811586075285212
0.22157959727798537	0.07879623134202934	0.3089018414191536	0.16099695432854919	0.22972537563228224
0.22280860821153955	0.07282216844568465	0.30854801690868994	0.1582044987319395	0.2376167077021461
0.23074859804956369	0.07601141310937479	0.3048000522161212	0.1548638217120701	0.23357611491286995
0.21984681663463063	0.0792477226962358	0.3057882585424907	0.16553383096860363	0.22958337115803906
0.2232792243184102	0.07482308738022123	0.3124743145391963	0.15626481311972584	0.2331585606424462
0.22389052386959116	0.07325389361490886	0.3092350303367616	0.15776265488949875	0.23585789728923942
0.2189246684486399	0.0735640143975223	0.31132058552279296	0.162615065895724	0.2335756657353206
0.22507662494937342	0.08013772995100066	0.3026520685247046	0.15545064150114973	0.23668293507377136
0.22587228709252288	0.07506284953327304	0.30785931298910774	0.1540235040371271	0.23718204634796902
0.22768981622562817	0.07572387539258506	0.30378898849960945	0.16303257859905493	0.2297647412831222
0.22029159381960572	0.07608700015745945	0.30772504899115394	0.1636077464647132	0.23228861056706743
0.22207355029888015	0.08147939313051925	0.30895053234936043	0.15565861370462405	0.23183791051661584
0.2300378346022217	0.07568694681622444	0.30798435177261757	0.15787195475586147	0.22841891205307455
0.22963119463382742	0.07396946500564824	0.3103652640706167	0.15248707782605905	0.23354699846384833
0.22258120436253748	0.0789117558685551	0.3047796421151795	0.16215432011334713	0.2315730775403806
0.22301832588572235	0.07976920389150967	0.31000900409389387	0.15210848920415895	0.23509497692471495
0.22443355765148534	0.0729085849046216	0.3115141758587258	0.15708289371369868	0.23406078787146833
0.22206442983730465	0.07326526187965385	0.31007901605444715	0.15936541593897693	0.2352258762896172
0.22233147551663027	0.07696200493154845	0.30768506926674233	0.16395617076560132	0.22906527951947742
0.22683245199428315	0.07693795087035023	0.31191498104873866	0.15494599716499582	0.22936861892163193
0.22109642177686872	0.07502638412346764	0.31068138794527156	0.16390863947896786	0.22928716667542395
0.22333768126718284	0.07715633095898876	0.3090582136320323	0.15399120825482704	0.23645656588696884
0.23117051367203098	0.07211662631685647	0.3109628237432047	0.1524899071030172	0.23326012916489033
0.23105807831435496	0.07204958119674171	0.30734607029299965	0.15891321197698804	0.23063305821891536
0.2241576722273907	0.07551527218895573	0.309809335631669	0.1524640562356253	0.238053663716359
0.2273884921816841	0.08068974329090661	0.3027192907879143	0.1531361159615775	0.23606635777791718
0.22288071339670693	0.07943573850647664	0.3118652180602734	0.15542603687803141	0.23039229315851134
0.21902388483984883	0.07863938712394249	0.30848946035463976	0.16572813544782292	0.22811913223374577
0.22086860610938686	0.08113251102907765	0.30762255519762083	0.15369760156611054	0.23667872609780388
0.2258323832207547	0.07755745332600489	0.30609863889364824	0.1523415644167221	0.23816996014286987
0.22718087261760656	0.07258579451944228	0.31004251902484015	0.15391303575013848	0.2362777780879723
0.22662761603513742	0.07592464161406487	0.30241889850841713	0.16024434328713236	0.23478450055524797
0.2191466313904659	0.08021372505048062	0.311897170813101	0.16061855494990457	0.2281239177960477
0.21961991136873463	0.07372356466751623	0.30669152749000506	0.16124019302221554	0.23872480345152833
0.22317840162603153	0.07856653433897744	0.306131017578368	0.15630561769126922	0.23581842876535358
0.22104906285807394	0.0760899296205728	0.3055940864174024	0.1648264445139404	0.23244047659001021
0.219372613327349	0.0734382587619693	0.3050005462822225	0.16679735320822622	0.23539122842023275
0.2237829603034881	0.08080867402012695	0.30873926947347097	0.15677937766664868	0.22988971853626508
0.22706330401904642	0.07434260390831873	0.31103432011930116	0.15450934625669047	0.23305042569664297
0.221072594668887	0.07963654875983307	0.30445290700611677	0.15866410969833017	0.2361738398668327
0.22985431275298052	0.07337486645405125	0.3041423373087372	0.15773618424472804	0.2348922992395028
0.23004173150992985	0.07585789932143078	0.30524015414254274	0.15940112194024603	0.22945909308585033
0.23078269667279458	0.0724675256904731	0.3053038686740815	0.16301983897994912	0.22842606998270149
0.22349844591067852	0.07298280335114155	0.30838079772708343	0.15856269276278637	0.2365752602483099
0.22519190807992384	0.07929884423362084	0.30488135766656926	0.15939159444231676	0.23123629557756903
0.2214094444403834	0.07266620223409892	0.30459308590194817	0.17014133782137086	0.23118992960219836
0.23171825843196153	0.08188515016658751	0.30603701028876595	0.15220801153406555	0.2281515695786192
0.22957360613723127	0.075509588081781	0.3062093284957352	0.15507389520035286	0.23363358208489945
0.21929467289577226	0.07389901969722043	0.31128806423821664	0.15801296749566385	0.2375052756731266
0.22420927963196882	0.07812303077449723	0.3090530242866895	0.15602804289510844	0.23258662241173578
0.2255712145904231	0.07856637371381588	0.30268698977851477	0.16486345330864266	0.22831196860860334
0.22756486665509382	0.07882396234711586	0.3020370047297358	0.16110864020002236	0.23046552606803195
0.22390371514253102	0.07671260052617425	0.30504004574644533	0.15993664526226808	0.2344069933225811
0.2255701193587887	0.07187142689264911	0.30491409407112735	0.16690494279301188	0.23073941688442268
0.22773581055401296	0.07680116611683888	0.3043871643600543	0.15618195173059096	0.23489390723850267
0.23110146419372674	0.07623476901271062	0.30504310782152766	0.15455412598778384	0.23306653298425092
0.22101441368537175	0.08017187517727657	0.3021235692732444	0.15923917643809138	0.23745096542601563
0.23143178230498684	0.07490866521784659	0.30376561664791585	0.15197623391337473	0.23791770191587572
0.23029975351140336	0.07406064828015957	0.3029244450067919	0.16379934833027893	0.22891580487136604
0.2281057188098546	0.07569948292636483	0.3065217021506201	0.1581344897507443	0.23153860636241594
0.2301454587769519	0.07877736292542512	0.30622974599172825	0.15220152360027245	0.23264590870562202
0.21968285195215334	0.07183599099925678	0.3082238049481928	0.1699748952119433	0.23028245688845358
0.22784783580139656	0.07883052590992265	0.3039551619011116	0.16091361524965725	0.2284528611379117
0.22130616770029582	0.07599377951701139	0.3094535962586714	0.16346219735304626	0.22978425917097492
0.225225805408297	0.07431171677032855	0.3038856009529052	0.1663993099449586	0.2301775669235104
0.21944755073571237	0.07564797183167074	0.31005686809560545	0.1621810339151041	0.2326665754219071
0.22721398341124419	0.07414933916725203	0.3093368619244388	0.15483629685507952	0.2344635186419852
0.22316080307603636	0.07980062420713867	0.30757598616380766	0.15879702328703715	0.23066556326597992
0.2219621617735404	0.07777538829596689	0.30640238430924116	0.15699740150592484	0.23686266411532644
0.23148287574546658	0.07604014568779774	0.3027897349098735	0.15241776372949517	0.23726947992736674
0.22688825690372694	0.07300686612997076	0.3039406475754298	0.1574873692513853	0.2386768601394869
0.22905009963644868	0.079480885300853	0.3046930484688501	0.1521459382165633	0.23463002837728464
0.22670140435940558	0.07190511646430062	0.3120456367228567	0.1609440576158652	0.2284037848375717
0.2310444122202019	0.07204672172801463	0.30919947273579496	0.15444929221877832	0.23326010109720993
0.2262082123179063	0.07712246461226752	0.309806888739829	0.15524060515277144	0.23162182917722549
0.22835751044170374	0.08095025273234563	0.30932963958862125	0.15196374903486973	0.22939884820245945
0.2206481446419645	0.07823568610957847	0.310786381042256	0.15797440966788318	0.23235537853831767
0.22489443579510257	0.07961246514817266	0.31121074084407757	0.15093791903119047	0.23334443918145645
0.23113113234640834	0.07543727126471918	0.30274658301234303	0.15390800715655917	0.23677700621997
0.2267954014609645	0.07560723396998868	0.3032723820651048	0.161098487023163	0.23322649548077878
0.2260605652710857	0.07199662798791281	0.3058419511081213	0.1656466724287719	0.2304541832041081
0.221495622545137	0.07827392454485388	0.3023102526272081	0.16076409174588832	0.23715610853691246
0.21986020411123092	0.07669544622949323	0.3094480828454982	0.15798266032214497	0.23601360649163244
0.2269225371797912	0.08031624130137974	0.30742114788364755	0.1569571047472718	0.2283829688879095
0.22990468364929448	0.07563244995514	0.3024947696926725	0.15925350459630094	0.2327145921065918
0.23070982545050095	0.07726890574123056	0.30630325091773447	0.15579514967647967	0.22992286821405408
0.22099532314447506	0.08127570419280282	0.30838212154278183	0.1557497672462838	0.23359708387365627
0.21927554716456238	0.08023241379207637	0.30397080450330044	0.16632301816890013	0.23019821637116042
0.2191047495754066	0.07213086067637606	0.31155470585493494	0.16663383321587283	0.23057585067740932
0.22791926002738735	0.07379818254886725	0.30217436523703606	0.1659903911198324	0.2301178010668767
0.22013403124156164	0.07925823837153952	0.30287241094230766	0.1682527867884016	0.22948253265618934
0.22445093746446182	0.07329583414539687	0.3051843765426423	0.16534385391236997	0.2317249979351288
0.22021773573529485	0.0754262690576771	0.31138585073612485	0.16481918073760587	0.22815096373329713
0.2223720074413071	0.08003937019898669	0.3089909587185922	0.155864930492154	0.23273273314895973
0.22534558376545893	0.07913316521748665	0.3035676226649199	0.15375502820793632	0.238198600144198
0.22112933689744999	0.08106906645626843	0.3041512483229061	0.1582977200678169	0.2353526282555584
0.22236123214032175	0.08010254288258888	0.30570591135432607	0.16003795711580324	0.23179235650695984
0.22678845148350493	0.0761615819603981	0.3041247586557682	0.1641651416401298	0.22876006626019874
0.2213889743574598	0.07293887659964851	0.3086648409120952	0.1606983944969359	0.2363089136338604
0.23058831203768893	0.07681498503302131	0.30328195265617747	0.1566102531145628	0.23270449715854927
0.22002724828137227	0.07832501951256836	0.30502687588633126	0.16217817196292325	0.23444268435680468
0.22231951108574816	0.07492627416778638	0.30615230056318027	0.16026444826575145	0.23633746591753352
0.21895034102636152	0.07540940270123327	0.30863170208653357	0.16562976767007112	0.23137878651580027
0.2217521276260733	0.07643169491614281	0.30703582311423355	0.16521575186048695	0.22956460248306312
0.23191142266540343	0.07887621617262557	0.3058704172678438	0.15333335665117356	0.23000858724295337
0.2278487429079395	0.08053031965373843	0.30608372984969606	0.1536155558447472	0.23192165174387858
0.22590234200178083	0.07367190465991022	0.30281748823058685	0.16110925623211422	0.23649900887560768
0.22991362258252226	0.07738962390474954	0.3102933209461269	0.15177399320912624	0.23062943935747482
0.22468832916117637	0.07564601626949861	0.30590415713164615	0.1602949479032633	0.23346654953441537
0.22550727895755485	0.07423141574027248	0.3093391652223897	0.16029719221462557	0.23062494786515722
0.22501884221326163	0.08041705247720891	0.3088888656148898	0.15684500251831737	0.2288302371763221
0.22159404286581508	0.07428913497422435	0.31134143841568895	0.16396943975339143	0.22880594399087995
0.2275616319483397	0.08052964715571058	0.3019644978690994	0.15949484017664556	0.2304493828502045
0.2234947094134268	0.07757436972154419	0.3069948833371394	0.15494848137797315	0.23698755614991623
0.22160952070355555	0.08202828888348414	0.30347671277648414	0.1573814711368304	0.23550400649964554
0.22144555222666912	0.081108893450925	0.3105792497612278	0.15350681648495235	0.2333594880762255
0.22193708265119153	0.0768918148997207	0.30637339262792757	0.16276434301509365	0.23203336680606634
0.22887413886149827	0.07413559832385094	0.30925426786496296	0.15706149350981496	0.2306745014398726
0.22032668713620174	0.07461541337964372	0.3110287628625356	0.16541298261139364	0.228616154010225
0.21915096491479993	0.0816828852975341	0.3114010008387813	0.15869721951979238	0.22906792942909207
0.22238531120290653	0.07526467411890587	0.30992213006213115	0.15846267852881366	0.23396520608724258
0.22684917414266567	0.07475945442574466	0.3022687688957218	0.15883398964146878	0.23728861289439884
0.22802771096298555	0.07527870116401252	0.3055858576927692	0.15691080742964986	0.23419692275058268
0.22626074619503897	0.07247642827254705	0.30272451776295084	0.1621667168227741	0.2363715909466888
0.2301089990336395	0.07762379653167521	0.3033550371480652	0.15301323966805597	0.23589892761856388
0.22032919660551487	0.07237122381418368	0.3053727491123663	0.16853266020639582	0.23339417026153914
0.2239402357714987	0.08133779289922674	0.3040598918480471	0.1603047480785943	0.23035733140263293
0.21989124918973124	0.07374450450181583	0.3100916922536212	0.16079568263961702	0.23547687141521445
0.22082561754601315	0.0800426678953726	0.31004228051109767	0.15841522763447358	0.23067420641304276
0.22359486670413908	0.07417915701236902	0.30407749539435436	0.16089144799995386	0.23725703288918343
0.21927593767863132	0.07949738922475405	0.3079437967341042	0.15504990227219848	0.23823297409031172
0.2303079584529577	0.07309354329428594	0.3114692926185846	0.15393606714816976	0.2311931384860018
0.22363619447136154	0.08035812431656733	0.3082369503132293	0.15355678329821115	0.23421194760063047
0.22308131679861173	0.08187716772069074	0.30303871397673665	0.16219593991138279	0.22980686159257785
0.22176130790179327	0.07551954963717497	0.30450184069942776	0.16585653183244867	0.23236076992915516
