0.15346395989760248	0.05552937497953579	0.20269470804817707	0.05572285565034214	0.07369673078591908	0.08617264174748848	0.22796836344610882	0.14475136544482597
0.1488738629341179	0.05676828926778314	0.20709972774706747	0.05593372253777394	0.07172560586462468	0.08391864608087865	0.2311685725529148	0.14451157301483925
0.15261435101206733	0.05694525833059168	0.20012135775431014	0.05491039823375218	0.0759603251177648	0.08855405401829208	0.2283315977799687	0.14256265775325283
0.14765248560284155	0.056666410434434156	0.20323614239095622	0.057081945084892546	0.07512836969685052	0.08607128085665139	0.22946194551298188	0.14470142042039152
0.15567479172729204	0.057086603976605366	0.20059225864271438	0.0545400371608413	0.07558495748100669	0.08513071534192493	0.22684097469119557	0.14454966097841954
0.1536945508571417	0.05518276195211644	0.1936925552002527	0.055729505507234434	0.0755621066644741	0.08882257397226168	0.23287411425200016	0.14444183159451857
0.1529401547460191	0.05683977087760783	0.19392400011598074	0.057205445201561206	0.07585330141178119	0.08871140073745866	0.2306093595660378	0.14391656734355324
0.14794176086880392	0.05681672958559507	0.20318766301429447	0.055737496741939965	0.07391949152980223	0.08677139831494614	0.23176459629698193	0.14386086364763606
0.15828209435680227	0.05686418505606003	0.19121873624374253	0.05548713876682945	0.07498367208123574	0.08661316519624393	0.23221709371301963	0.1443339145860662
0.1603064627411992	0.055952273453404325	0.1961144622192938	0.053635313211986155	0.07615104553547675	0.08595201940103955	0.22888802817240594	0.143000395265194
0.1608695193153476	0.05609147649738602	0.19373571292944064	0.05631153508764081	0.07557829865133632	0.08582790822434352	0.22815511718894854	0.14343043210555625
0.1477625822845913	0.056456195160498504	0.20702266537821548	0.05498259892538425	0.07410324993274325	0.08627748747871479	0.2300044187498527	0.14339080208999952
0.1438157550448919	0.0562017971262269	0.2092020066136505	0.056039979495964856	0.07503152454344525	0.08878650422017606	0.2281304139355903	0.14279201902005398
0.15038408770149433	0.05669526280960424	0.2035642118261567	0.05687144640427934	0.07364554440273584	0.0835917650438221	0.2317325636463556	0.1435151181655516
0.14335962848750547	0.05737086739168824	0.2097932506708605	0.0547426531504345	0.07502363183017924	0.08456871289786472	0.23121167429275077	0.14392958127871633
0.1502378128943651	0.056179110504131394	0.1991987245954624	0.05683049383780216	0.07602193419204095	0.08427983720053281	0.2335879090523874	0.1436641777232776
0.14968482726122567	0.055272061948825	0.2021995758544492	0.0571789557170979	0.07341004191065584	0.08576134671341075	0.23337410198701963	0.1431190886073157
0.14108760003796805	0.05704415573749819	0.20702664738410348	0.05612182199421485	0.07474182023722106	0.08959153243765441	0.23012910992630956	0.14425731224503013
0.14350301868295667	0.056272380584155846	0.20784095996551652	0.05697629551834639	0.07251987998963103	0.08888328041111043	0.2291513775481251	0.14485280730015782
0.14977821196857774	0.05594377769811609	0.19703630793730623	0.05758406283946056	0.0737665843029092	0.08862152568539874	0.234045963327828	0.1432235662404032
0.15915314041887765	0.056763301435384605	0.19198490812815797	0.05677137345041139	0.07192576130495405	0.089329271882079	0.2305654494171996	0.1435067939629355
0.15575840460723264	0.056280623342723685	0.1918038156661176	0.057651837710734996	0.07402995753543937	0.08890912150100358	0.23293943358388375	0.14262680605286415
0.15118686658530597	0.05546407709390663	0.20911742207727604	0.05501116214127755	0.07243412155741605	0.0849593612175508	0.2282698443787073	0.14355714494855945
0.14259288731687308	0.055389407681183736	0.20957201091907127	0.05349980996858962	0.07438910452322939	0.08925848593171856	0.23288461706969704	0.1424136765896371
0.14904062632785467	0.0552095239997141	0.20208394642734762	0.05425386043912163	0.0755596405490109	0.0888608579407438	0.23240821336169298	0.1425833309545141
0.15402485721130707	0.05544908722351437	0.2001506218826739	0.056271468496906535	0.07382322986432109	0.08390312299162031	0.2335024794326273	0.14287513289702922
0.14768385592866123	0.05538081440147202	0.20321371083989714	0.05673983242739776	0.07193908760465993	0.08839525837089418	0.233572999290266	0.1430744411367515
0.15202166302019282	0.05579952799517464	0.1998239944093558	0.05489924986791256	0.07474453775991013	0.08650974059945318	0.2322992670146744	0.14390201933332625
0.15704809689656937	0.05689918035156431	0.19400890450439234	0.05586267748531276	0.0727424220382342	0.08513912956299376	0.23365658813156287	0.14464300102937017
0.15395510279371188	0.05666122499518815	0.1975787913225559	0.05641102185841805	0.07206925283721624	0.08743994256017293	0.23227585222311786	0.1436088114096187
0.16134117191965403	0.055740107575991946	0.19521150744866766	0.05414197620236143	0.07264233035297987	0.08849973074389873	0.2286937213054816	0.14372945445096455
0.1576740559962892	0.05593194803923324	0.19848416327817353	0.05770064600956594	0.07283364417295388	0.08352287048455476	0.22972939563310013	0.1441232763861291
0.15299022688114425	0.055258682737258105	0.20179980807502507	0.05510857283961082	0.07599508274364206	0.08801101201671255	0.2269848637756815	0.14385175093092545
0.15065430640724575	0.05542395957677293	0.20149438006809528	0.05635116181315372	0.073717643159699	0.08837683344063835	0.23066435004732172	0.14331736548707297
0.1465054772540188	0.05629588213151243	0.20659813984337289	0.053496037315364106	0.07312380597813252	0.087285846884952	0.23254881601023303	0.144145994582414
0.15321469974915242	0.05574872358900121	0.20318356475988694	0.05627877902031714	0.07380503557038509	0.08678536528304537	0.22743250834016848	0.14355132368804308
0.15326495461514733	0.05549133284141167	0.20709225954619997	0.05386089607272604	0.07481416642720681	0.08386773428276974	0.22731601654491354	0.14429263966962472
0.1601628750247958	0.05595245752408483	0.19323319904166894	0.05695965407778365	0.07524058944240447	0.08568265882636653	0.22920167940942	0.14356688665347556
0.15816020118239232	0.05700678806757854	0.19189931416007694	0.05583692066205595	0.07582457953663135	0.08629079994828005	0.23197245798622182	0.14300893845676274
0.1497646313279503	0.0562412566541305	0.20610303975529587	0.05373684307061069	0.07468880246695261	0.08442122607544325	0.23254878573884663	0.14249541491076995
0.14492312396919632	0.05655219107430037	0.2050169949692895	0.05627746337336917	0.07197777761107232	0.08685757096248428	0.234045688547305	0.1443491894929828
0.1617322136389415	0.05554943408876521	0.19476429931948314	0.05400649668076171	0.07373793483751262	0.08441247094599746	0.23219774230920753	0.14359940817933062
0.15346653002610922	0.055964707988135604	0.20088521991075953	0.057026224432059874	0.0749796364533065	0.08588088244885513	0.22868520436812287	0.14311159437265109
0.14949592821130814	0.056921030656538654	0.20172747757099901	0.05645065052298742	0.07612315558607324	0.08529060152448971	0.22956062184465456	0.144430534082949
0.1546103841784892	0.05684823053813609	0.2002498651823971	0.055877522679169	0.07596813329321966	0.08588265787780971	0.2279814310857826	0.14258177516499645
0.15582814437860995	0.05671736407603373	0.2044862040862184	0.054931811604262	0.07187276307817914	0.0841792783932157	0.22715740948358498	0.14482702489989588
0.15429853482565686	0.05531063686066191	0.20147080683135116	0.05421860863364043	0.07542041613568057	0.0856392764900061	0.23034822411272804	0.14329349611027473
0.16023534466594844	0.05525757547372544	0.19297033885540288	0.05552927686133381	0.07540657390136465	0.0849463096880587	0.23218331824749777	0.14347126230666807
0.15214051601324152	0.056854130907348116	0.20579427162000685	0.05586688117401439	0.072836281404263	0.08431685769100836	0.22950935483073717	0.14268170635938038
0.15709237986476493	0.05540341595030443	0.196352287819415	0.0574959659571298	0.07438744878618402	0.08788407664928141	0.2271636169770349	0.14422080799588524
0.15791963089386815	0.05717477785327056	0.19664923234664	0.05363118615423114	0.07394232840701964	0.08442144308011622	0.2336124142562243	0.14264898700862974
0.1585876039182881	0.05611465111723926	0.19449548738503633	0.054251861949545926	0.07507937286395458	0.08497725032154156	0.2339133176690672	0.14258045477532683
0.1582968066793497	0.05726928486481084	0.19434420539494657	0.056040540954094414	0.07170184323290664	0.0865443409108415	0.23272354149806365	0.14307943646498647
0.15450010728858127	0.057383854978623625	0.1965771338767594	0.05620855268416661	0.07243337153357257	0.08812371750954937	0.23039975115442318	0.14437351097432374
0.15184760195272465	0.05643105627516597	0.19582694588679123	0.05676971402445079	0.07477547159590717	0.08816954932091131	0.2326192243388258	0.14356043660522286
0.1594794208062854	0.05667754172397106	0.1919826752643316	0.056923151403402844	0.07591023421007678	0.08582474166961257	0.23001366229064274	0.14318857263167678
0.14448139743484925	0.05532870668071797	0.20985605047944594	0.05476742645986345	0.07365981862407031	0.08969272928510352	0.22845287905676281	0.14376099197918646
0.151952777608519	0.05609159002266563	0.19788203352929745	0.056543938127713356	0.07359505604346217	0.08801391363551608	0.2325610785052888	0.14335961252753726
0.14842602693682777	0.05651673946879779	0.20518461810447533	0.05620540258375367	0.07297858775436256	0.08954626541465907	0.22843086041240923	0.1427114993247143
0.15107426524113168	0.05646428171375152	0.19914714857432742	0.0569044848629363	0.07224582760741155	0.08713918444452189	0.23322415344361874	0.14380065411230064
0.1614959138379934	0.05593237003715475	0.19576775785016576	0.054600129829205646	0.0725654093476249	0.0838728544167181	0.23115512912156466	0.1446104355595726
0.1604125049581544	0.05655646225908416	0.19283234774065472	0.05710410540616215	0.07317132821776323	0.08859948743294105	0.2274052315319957	0.14391853245324435
0.15515605590174564	0.055975808112931416	0.1970685201978214	0.05694406464012927	0.07316668774835663	0.08422080541931579	0.23264094526151569	0.14482711271818394
0.15792281576366002	0.05706421174055257	0.19633557192564866	0.05628608607911886	0.07397342844007676	0.08340607126942975	0.2322667015092703	0.14274511327224282
0.14426049002901792	0.05595773203634846	0.20745218696278733	0.056535781362218804	0.0742410447316098	0.0846318169586737	0.23317626194863833	0.14374468597070542
0.14850128889113526	0.057297352459620685	0.20756840209196847	0.054166734538535	0.07354834195210129	0.08632699888781188	0.2278889095562444	0.1447019716225828
0.16169499931481482	0.0561381138754664	0.195625921979589	0.05489590502319877	0.0755161719647623	0.08481013695879443	0.22825877429842412	0.14305997658494998
0.15903560569628333	0.055274979972707444	0.19160484552241092	0.0571522333590819	0.07369570653534716	0.08598751109792366	0.23324113505816607	0.14400798275807933
0.1587967864375079	0.05684958377122756	0.19557091182351788	0.05405225718145454	0.07442263915175246	0.085235295560669	0.23172002455945684	0.14335250151441362
0.16055416202795653	0.05702897805427276	0.20044257945092808	0.05355747554721356	0.07338852003480488	0.08414783587226687	0.22725995929956333	0.14362048971299374
0.1504837559131038	0.05718719982733814	0.20096300173863063	0.05701860792028815	0.07456913747522637	0.08685140139890475	0.23017914298483605	0.1427477527416719
0.1461020873393087	0.05688857811999551	0.2076789313741867	0.05669755384482439	0.07376711696353827	0.08482202223095728	0.2308290365088479	0.143214673618341
0.15623023758603094	0.05604457067148007	0.19549037456154789	0.05333896773104527	0.07249922268024195	0.0892628985774324	0.23380238184035523	0.14333134635186603
0.15058533752476522	0.05725567438599548	0.19772381247512422	0.057594821838382576	0.07571782173133267	0.08933676737808122	0.22725737013327263	0.14452839453304575
0.14627219437242298	0.055326794186806166	0.2051932250196558	0.056734560884770927	0.07611331534172319	0.08837087894653588	0.22927481224239454	0.14271421900569023
0.15361208121035352	0.055285753713309946	0.20326325891888608	0.05570312554111338	0.07431888984619521	0.08692334347068174	0.22683747910150526	0.14405606819795463
0.14977697069436485	0.055358056409024456	0.20465407744198003	0.05370166518957513	0.07366144189196493	0.08812712827441277	0.2310317477408433	0.14368891235783426
0.1473004860243064	0.05739010211773053	0.20791857674990022	0.05604582698724249	0.07272354466491274	0.08498093453382671	0.2294456414198596	0.1441948875022211
0.1461390926342408	0.05671767372697635	0.20818015735592957	0.05735610101153871	0.07328864984809713	0.08659633685605339	0.2272078417382623	0.1445141468289015
0.15099941273222572	0.05540346987302752	0.20628622005868327	0.053572699389120335	0.07273603967087292	0.08809343750402593	0.22944944213810498	0.14345927863393915
0.14223605730962638	0.05739852840742954	0.2056343685190154	0.0547346764500784	0.0723960247172813	0.08971341402494919	0.23340170943575655	0.14448522113586304
0.15060488363823496	0.05562122978518459	0.20340601663007662	0.05472961671846728	0.07402695470024473	0.08448204927745426	0.23347904773061934	0.14365020151971802
0.16078879746671412	0.05721628635572562	0.19279936419703886	0.05532234027550004	0.07173453898669438	0.08722914654722176	0.23044113497059168	0.1444683912005133
0.15846361695436306	0.0562202246029975	0.1912793091777049	0.05339662202602549	0.07273978602142421	0.08944515013770638	0.23380070606352726	0.144654585016251
0.14861687781560146	0.056602174085093576	0.20977687951930893	0.05518612549568855	0.07440857350193941	0.08372550249441202	0.2275992864762772	0.14408458061167867
0.14227758916197847	0.05660525250365697	0.20490849553635992	0.05544890480060792	0.07524153296942115	0.08845444640811416	0.23291342828677863	0.14415035033308254
0.1448165246335439	0.05527471917622381	0.20780293832538385	0.05707631113504376	0.07253431380604923	0.08613781227408614	0.2324040686584391	0.14395331199122996
0.1449016169757596	0.05709281316271721	0.20844401993401973	0.05541268206920302	0.07181759184511813	0.08504695128457823	0.23356576813211855	0.1437185565964853
0.1495272661467178	0.05738336504127249	0.19930990502352883	0.05390194710155484	0.0758734863986011	0.08947499093271111	0.2305390777343796	0.143989961621234
0.15319007877806537	0.05694323270884859	0.19520244069039278	0.05725215962211047	0.07291907775753137	0.08963977543676244	0.23197350273841844	0.14287973226787032
0.15044709625399477	0.05541495118137589	0.20321686562731367	0.05602052916336957	0.0727713680184954	0.08914538009633247	0.22997209220039477	0.14301171745872326
0.1538203887734064	0.055783371079819455	0.2049215812905363	0.053422703432756624	0.07216190102350178	0.08549715845930368	0.23030326401483933	0.14408963192583613
0.14557569040574236	0.05724017940934753	0.20816946134164083	0.056940097349279226	0.07339435881070876	0.08370936713747192	0.2322905708975571	0.1426802746482521
0.14359188513685622	0.05619387702630586	0.20759590300700134	0.05492051902869849	0.07403656010450446	0.08875771323229029	0.23212306716297132	0.1427804753013718
0.15900396470953354	0.05691403626882319	0.1982410026683729	0.05646934730994113	0.07185226781273879	0.08457831626585355	0.23007444327617277	0.14286662168856396
0.14592909716173375	0.055864315685384566	0.20738122173169835	0.056722222036928185	0.0726226946543035	0.0893641265221615	0.2279552637469871	0.14416105846080282
0.14834634920243625	0.05653398999733604	0.2082775426330546	0.053772652324006506	0.07510774389568027	0.08747457580418888	0.22774026979428097	0.14274687634901628
0.15230980053522522	0.05727949797654762	0.2003417407584785	0.055830842374194695	0.07285285614502883	0.08658621063070854	0.2318236723160872	0.14297537926372922
0.14885359503498213	0.05705331402291064	0.19744706755291955	0.05712576280860024	0.07537880654601083	0.08953892679344251	0.23117416457125117	0.1434283626698827
0.15634620053962173	0.05531710472051343	0.2040352916513965	0.05360356772037922	0.07369037211007254	0.08651863474558925	0.2270197818399738	0.14346904667245333
0.1522217407765059	0.05636411901791674	0.19804971283877376	0.05583394770081518	0.07368101352794856	0.08755119946077888	0.23204168886086585	0.14425657781639492
0.15053501503492564	0.05645679237147601	0.20374756753087336	0.05460267074636542	0.0755894295374574	0.08715564839251276	0.22923206915463912	0.14268080723174997
0.14831450981325983	0.05725009615233363	0.2046231893186138	0.056040510252459264	0.07310267684839536	0.08551962341916852	0.23035898705585478	0.14479040713991462
0.15033266029853534	0.05632384583542928	0.1997729151130539	0.05644497136737693	0.07577662153820007	0.08449789389511073	0.2334597939835907	0.1433912979687028
0.15407052076367939	0.0553933915377246	0.2052799285090702	0.05348229595110297	0.07412590791984687	0.08528568299551476	0.22753161321989993	0.144830659103161
0.15106270882844547	0.05617759047917867	0.19490695107119566	0.05609461586685863	0.07497132140584434	0.08905574550464572	0.23324661357321327	0.14448445327061799
0.15952931875121024	0.057077973841643675	0.19109764223158288	0.05394527280940599	0.07542634018236574	0.08650934932305446	0.23267825633010605	0.1437358465306307
0.15704687613729584	0.05524169275816733	0.20024012147531461	0.055634859627190975	0.07193895676811538	0.08628249868859292	0.22900916494992712	0.14460582959539564
0.15123621478191526	0.055485809511522405	0.20462642809167708	0.055428033740318086	0.07284088853786297	0.08677015441507094	0.23095452104036823	0.14265794988126484
0.15271378506030442	0.05694129286722581	0.19449164431235172	0.05746503374586752	0.07567526209048736	0.08521630762652806	0.2331977519054005	0.14429892239183437
0.15942810481294203	0.05651133590910708	0.1937673463769291	0.05752566971161882	0.07449742171551386	0.08706196634150874	0.22705481548237272	0.1441533396500074
0.14787223027727225	0.05631561976476618	0.20690534359610507	0.056065991640365326	0.07550295958092229	0.08604064644788965	0.22754694174738743	0.1437502669452915
0.1616524142649114	0.05640856417993988	0.1938635840231961	0.053601197054695904	0.07466730586009147	0.08394422902022726	0.23135413317091033	0.14450857242602744
0.1573590347549507	0.05657185759550376	0.1999928151047087	0.05519535292653424	0.07291021757383703	0.08681026370366743	0.2278676724274986	0.14329278591329928
0.14772132075001612	0.05534450458576848	0.19983481104346074	0.05684482978590592	0.07504499358851315	0.08895695464665464	0.2332948289225959	0.1429577566770848
0.14239965941219637	0.056962850245522056	0.20912542903292025	0.05653299100195339	0.07620712448406528	0.08654658416273653	0.2286627298487237	0.1435626318118822
0.1479696377051152	0.057261776131622755	0.2040235272276944	0.05495671461957263	0.07463272133642798	0.0877702484714642	0.23074886948504214	0.14263650502306047
0.15028794799391362	0.055801637686170025	0.20090201376908884	0.05578730857200627	0.07343703492308135	0.08975752449165675	0.22955687886750112	0.14446965369658182
0.1572665883429893	0.057245427615469496	0.1940957573106906	0.0554705789026473	0.07532860635636339	0.08853879123215906	0.2291058266913283	0.14294842354835235
0.15527147028979485	0.0558648359768327	0.1973286475519872	0.056726106532420245	0.07559554664878111	0.08755225654340579	0.22851294723523563	0.1431481892215422
0.15695089159932735	0.05738915892117784	0.19979229833211037	0.05596968324198831	0.07468710066929019	0.08450731650373455	0.22782125145029014	0.14288229928208104
0.1562547353821071	0.057182442378178475	0.1997051454255906	0.05570318107036332	0.07496400671217854	0.08342843967843125	0.22857766305073127	0.1441843863024193
0.15994862065082266	0.056114801943798004	0.19341925598281334	0.05529342519337399	0.07336765693920219	0.08635330866026203	0.23255518095793704	0.14294774967179052
0.15793212713839927	0.05674655642154654	0.19220334777515005	0.05692206991083201	0.07522966819542443	0.08843126564445836	0.22869821374011146	0.1438367511740776
0.14498977262053325	0.05525032258086378	0.20658138241213583	0.05553119123145195	0.07433174945630112	0.0876381080617846	0.2312835027966874	0.14439397084024175
0.15608344081397	0.05594822535556035	0.20010652391033273	0.05661003299988657	0.07208727524027167	0.08663237373154609	0.22778935606119205	0.1447427718872403
0.1541768213605967	0.056473579511205796	0.20074464711619514	0.05456080672328005	0.07407709049245854	0.08692457587983178	0.22857218352718547	0.14447029538924624
0.16120270279362753	0.05553324646360139	0.19523076287919217	0.055903188230405285	0.07242902745302694	0.0873441948850735	0.2298414131531994	0.14251546414187355
0.160880980482385	0.05569351820713965	0.1953135490709023	0.05657094860931362	0.07313271165747558	0.08451057625779085	0.22918901109609907	0.14470870461889368
0.1431172676533889	0.055754725741760436	0.2077739933721388	0.05702475093141199	0.07209395696676715	0.08868029708682032	0.23285332761713023	0.14270168063058192
0.14470105037071826	0.05685157446675895	0.20812956079422323	0.05362448553899336	0.07322181104239417	0.08915250063729621	0.23035077959480738	0.14396823755480823
0.14708118440937198	0.05590820472082757	0.20249877145197098	0.05636205501803483	0.07603806118707435	0.08563193301178612	0.23225192470627481	0.14422786549465916
0.15050140079337226	0.055704011596746816	0.20077347670158613	0.05689873192703358	0.07359352553947077	0.0864802731600495	0.23314212025871445	0.14290646002302632
0.15640360478634188	0.05635972859202108	0.19220931521814566	0.057357876828490154	0.07435364869007488	0.0860201562743156	0.23390017336074953	0.143395496249861
0.15941147776869213	0.05629739771713396	0.19314489676856472	0.05526057374748307	0.07273421689151162	0.0847165637258245	0.23385320530933834	0.14458166807145137
0.15454649826457767	0.056223124277696435	0.19857491847309106	0.055228840623184394	0.07355058545047044	0.08812872520762943	0.23093341398250833	0.14281389372084202
0.14646070683410398	0.05587848567961194	0.20299637761102673	0.055404117860062885	0.07427323839083289	0.08958349202258623	0.23057204919967933	0.14483153240209581
0.15079151146309736	0.05729301835649643	0.1980644458366822	0.055092112499863885	0.07461499559342763	0.0886794736941178	0.23177733225108382	0.14368711030523063
0.1592870894473703	0.055476831887257924	0.20000093078375047	0.05378000110034853	0.07370105482980913	0.0851046289270862	0.2287609927878916	0.14388847023648554
0.15349259808478533	0.055649208000916994	0.2008528875580893	0.05666069020351938	0.07533334498146278	0.08352306880279553	0.23043615455065697	0.14405204781777348
0.15640350233557387	0.05539004059332324	0.19963556359122908	0.0568564549445241	0.07240472375069937	0.08608182851608188	0.22969245905162428	0.14353542721694396
0.15516824316193578	0.05519695592294155	0.1993911429317085	0.05407301467657191	0.07250724888487584	0.08512118144753669	0.23382642431300749	0.144715788661422
0.1450994963686244	0.05732782460646947	0.20899870097099865	0.05717388123875826	0.07201517315291336	0.084767000075058	0.23173518897125447	0.14288273461592318
0.14051057383281534	0.05722252488757014	0.20923341754793917	0.05516135521046629	0.07499189975806515	0.08541962498561986	0.23321019109191043	0.14425041268561334
0.15179573152334683	0.056967297276775256	0.20307907861466473	0.05531980638182367	0.0720191341765648	0.08539443196775029	0.23183679850025948	0.1435877215588147
0.14533492340771803	0.05646940179508089	0.20736381487927102	0.05708552592231238	0.07379963864315214	0.08914176308984206	0.2270475223847798	0.14375740987784352
0.1468100756760631	0.055276043547031875	0.20693774624659994	0.056434392378431966	0.07395067968720737	0.08440836431015142	0.23219567083931508	0.143987027315199
0.1522914733661393	0.05661508309564019	0.2046462587315216	0.05762196019508767	0.07298953609143428	0.08447663830905447	0.22839023048949514	0.14296881972162714
0.14323676373220673	0.05641065411167612	0.20974290028915205	0.057461097778824105	0.0720810787039721	0.08862460452635693	0.22907605033310607	0.14336685052470569
0.15067343735212513	0.056563801941743555	0.2028679352432528	0.054852131290437714	0.07292152121047123	0.08574143154027543	0.2329561427350026	0.14342359868669133
0.15379452243510688	0.05649333691250866	0.2014533022142628	0.0533470579627202	0.07549676519731308	0.08348072432428666	0.23351320405987486	0.1424210868939266
0.1555550702093378	0.055201947452220526	0.20591358288467243	0.05374603114625069	0.07339319567620338	0.08463620748185871	0.22741294078958202	0.1441410243598742
0.15280609893706845	0.056370419829282245	0.20022025453996087	0.055949318771333814	0.07602665381453377	0.08441218186803717	0.2304942108237258	0.1437208614160577
0.1598449944167668	0.05632040760772801	0.20066609205013664	0.05378248490935077	0.07317892246334451	0.08436709739086945	0.22888658212402252	0.14295341903778108
0.1490023960730846	0.05568246085309245	0.19659516036583866	0.0572078824574018	0.0762185851595775	0.08748099408651182	0.23364646108945394	0.14416605991503903
0.14194592760850713	0.05531289301273824	0.20950643811504127	0.057492866154200364	0.07419986895386803	0.08811440128843143	0.22926801319535134	0.144159591671862
0.1602952801570951	0.05622733534801466	0.19693048578692268	0.054639842156764776	0.07239568208156025	0.08787719180848944	0.22830181115918408	0.14333237150196876
0.14539759991142148	0.05634019488644747	0.2063500727964401	0.05735223070116145	0.07267300521627218	0.08588037170161639	0.23238269883186036	0.14362382595478035
0.14457778902458318	0.0554589683296374	0.2068151278187203	0.05593977443131587	0.07261708462899173	0.08714939611135936	0.2326177406731028	0.14482411898228909
0.16062278372735483	0.056102421279822706	0.19182501188531695	0.05420552069144449	0.07485455189511636	0.08848048407252918	0.23078642579432	0.1431228006540953
0.15074897972619544	0.055171925028590224	0.20494959274354638	0.05532158688530757	0.07206505755746839	0.08944607154030473	0.22925104261455254	0.1430457439040345
0.14917910496796016	0.056127781358815076	0.20001751256297146	0.05740283883441874	0.074283936024089	0.08570260632687834	0.23401102834271847	0.14327519158214846
0.1485695485775731	0.0556127212589311	0.2065558614434535	0.05726721271854168	0.07228562419861895	0.08643730704505978	0.23021655708305638	0.14305516767476523
0.15253745051224843	0.055531139126941145	0.20491853680122774	0.05413554808879685	0.07352075457524002	0.08765848815862956	0.2278051757976709	0.1438929069392451
0.1532262078008346	0.05610897414059686	0.19625396548329394	0.05707112132670705	0.07236818724802305	0.08836594269439625	0.23283725813616932	0.14376834316997872
0.15801838426438725	0.057267804194668245	0.1923460158703849	0.05718870753681235	0.07196059471523887	0.08613655923202158	0.23236534419387475	0.1447165899926118
0.15374762603997535	0.056054517358545414	0.19842650002701262	0.057272670987506547	0.0754833396279356	0.08706052417027127	0.2293934384714582	0.14256138331729476
0.15112594041664518	0.0563752118044092	0.20637037447169482	0.05747936444098738	0.0721216986842005	0.08358947747685226	0.22833094232657533	0.14460699037863511
0.15409629776396566	0.055403424783839236	0.20360488274224525	0.055117466458279016	0.07325248594625108	0.08677654991203004	0.22695808207702367	0.14479081031636581
0.15230659869241187	0.057044465755025295	0.1979709205123374	0.05646121990906143	0.07548620100474245	0.0837098989783776	0.2325065688832899	0.14451412626475382
0.14952757510834952	0.05605649600261946	0.20181094206960337	0.056490867686483384	0.07624352391376724	0.08512565244808108	0.23004764837006256	0.14469729440103318
0.14994633564594514	0.05623852990730037	0.19921795496991757	0.05446967613490698	0.07610031769182926	0.08787986862176805	0.23156156413162648	0.14458575289670592
0.1546045017776037	0.056885632609633016	0.19301208267179287	0.05692888128714725	0.07516328655928872	0.08755377095091652	0.23318276453466175	0.14266907960895592
0.16142330411352668	0.05573186376309383	0.1971523930400798	0.053405414081988595	0.07497773340581329	0.08712895723822241	0.22753701807987356	0.1426433162774016
0.15141740206382653	0.05669540646156798	0.19906306497802945	0.05649054098344125	0.07359067831286234	0.0866400947146072	0.23253344641869506	0.14356936606696996
0.15747073118321792	0.05549986860632719	0.1923776078794767	0.055418988196305516	0.0753273319915601	0.08877310804228945	0.23162508410591592	0.143507279994907
0.1590034588314956	0.05714709597244588	0.19572092517079598	0.054568795344424756	0.07331059335142007	0.08760002776988499	0.2289083618949559	0.14374074166457657
0.1586680962105424	0.05718681805116632	0.19180527088552762	0.05622133831598626	0.07475077047023403	0.08639078897271335	0.23042570630768205	0.14455121078614772
0.15660198106012232	0.057251421717732454	0.20141577789063397	0.053427595289348234	0.07253012245617368	0.08482521587708368	0.23048324480464655	0.1434646409042589
0.15485497147624455	0.055657867847585224	0.20198140799898875	0.055100988698425	0.07313082803552401	0.0848936890434548	0.23082091155060708	0.1435593353491704
0.15587660541312148	0.05681275890794546	0.19521210108605175	0.054306444692205996	0.07620243567389574	0.08460284715933498	0.23260608183220513	0.1443807252352392
0.14859770764942618	0.056758083442494625	0.20259249384370587	0.05672857857994161	0.07279787357476397	0.08832953423560692	0.23075388389975532	0.14344184477430527
0.15891522760259524	0.055903210797996566	0.19316098250395586	0.05342735445951459	0.0749161848264274	0.08950094697254424	0.23004794497355455	0.14412814786341133
0.1552008026406586	0.055508252224948915	0.20343499799512027	0.05359530645093935	0.07542710974049405	0.08624014072472909	0.22775678253979414	0.14283660768331535
0.1496306295422304	0.056698409270583186	0.20031277973702455	0.05382032851207469	0.07445060787918356	0.08948023465250726	0.23255340708948152	0.14305360331691458
0.1587311606601124	0.055435404978359595	0.2012033247395642	0.053884035811660264	0.07553581414213714	0.0840608525061459	0.22829201446171588	0.1428573927003044
0.15718522131083273	0.05638626095269145	0.1930216930933104	0.05690085999112321	0.07230350582042012	0.0881242769996524	0.23157360123678442	0.14450458059518503
0.14974029826943938	0.05630147806030787	0.19783252123986994	0.05763426234846339	0.07600584527057995	0.08481498634998899	0.23310673178321517	0.14456387667813514
0.15628150514679792	0.056164964894708555	0.1960581829710709	0.057022929885837306	0.07527275155443956	0.0887552244359241	0.22688210369650147	0.14356233741472
0.14785995533227897	0.05671568357712323	0.1998243196829581	0.05754645562186052	0.07308311958418756	0.08913098196282677	0.23205664580523044	0.1437828384335341
0.16086954140120877	0.05677027092303985	0.19384342868821178	0.05712824595378661	0.07578989320514717	0.08443411148603078	0.22840118464588494	0.1427633236966899
0.1565869053267034	0.056566488319598096	0.20147135428314214	0.0575236860984185	0.07242928901150297	0.0835630126240956	0.22721887264305454	0.14464039169348447
0.1509778119180757	0.055931487088808116	0.19999140995012538	0.0576787895929029	0.07498093349316906	0.08685757692487664	0.23052450990287224	0.14305748112916974
0.15441981695611073	0.057305400775207835	0.19825246555081033	0.05422632872581726	0.0756719364877623	0.08966543736359237	0.2272591114182146	0.14319950272248436
0.15727244442948526	0.05708629608636116	0.19740947542244025	0.056366795940265405	0.07276155745098321	0.08514282939513414	0.2309130118364725	0.14304758943885784
0.15373301727548067	0.056950314107272984	0.19413552522071403	0.05723380959750342	0.07378722543682065	0.08841758465384002	0.2317208906243895	0.14402163308397847
0.1578704742785482	0.05699897650476311	0.19443640341963883	0.057259866831032694	0.07245406158955062	0.0836893741273256	0.23317753882543651	0.14411330442370412
0.15486590966032418	0.05621742424169239	0.19348784904022526	0.055441552426906626	0.07543416941761177	0.08698538821512958	0.2333665213198238	0.1442011856782862
0.15904984134743397	0.05547210325873936	0.19143781162460746	0.05345129924677412	0.07436432448092431	0.08911371817761549	0.23323344821938533	0.14387745364451968
0.1479066411088996	0.05536357202154779	0.20259188785733404	0.05655830776687569	0.07465808393302045	0.08924714608998165	0.22916521283865848	0.1445091483836821
0.14251087933536846	0.057346896300821334	0.20639556511970242	0.05376796734263148	0.07611327959560985	0.08513673193412302	0.23392604215157878	0.14480263822016448
0.14629576402599603	0.05536635976461832	0.209528079992277	0.05514057946369724	0.07212969942819222	0.0865324917460661	0.23218957479165306	0.14281745078749977
0.14977505207052313	0.057408227839797155	0.20020231145374015	0.056401222707304355	0.07521178407468848	0.08709927772519889	0.23044810333743188	0.14345402079131575
0.15091745855029376	0.055999710207338266	0.20102719345931214	0.05494755026448492	0.07469654641562433	0.08848491989112725	0.23036709602473898	0.1435595251870801
0.1486969913086167	0.05651598767185277	0.20129333689804652	0.053437408435786135	0.07277171232146712	0.08900131225597832	0.23369928795895367	0.14458396314929853
0.15399966253914682	0.055252381048808655	0.20300600786736833	0.055306904058153986	0.07266202896618185	0.08370205749140738	0.2327249962030164	0.1433459618259163
0.15571452894027918	0.05597520692803423	0.2025265690677282	0.055208650427300845	0.07260729201653124	0.08500519103180362	0.22980153569979436	0.1431610258885281
0.15256074040022338	0.056672853851616925	0.20046172849788255	0.05490211297451669	0.07513856602756544	0.08420115761721722	0.23280753236386514	0.1432553082671124
0.15412348893521294	0.05655099257489078	0.20302126566955842	0.053442361743526096	0.07487456776757978	0.08414619256394783	0.2290439530008072	0.1447971777444767
0.1590732349752131	0.05639096189438879	0.19752988819177966	0.0542420261619259	0.07309098776767373	0.08434526124993647	0.23230005316534216	0.14302758659374
0.14495620877494186	0.05722712751114052	0.20748523131913987	0.05615370330873376	0.07518854177724138	0.08497907071568998	0.23107743079559276	0.1429326857975196
0.14748588470618507	0.05585172093962444	0.20009505137201233	0.05699747968971579	0.07444820327562743	0.08899720490745011	0.2326933294303481	0.1434311256790366
0.14980170135641174	0.056107912786153694	0.20552769974047475	0.05483476816484313	0.07293463831208762	0.08808248625554757	0.22793783265616588	0.14477296072831541
0.14901313570525945	0.05536678040359107	0.20532504876412894	0.05443534840115957	0.07594781594665796	0.08552740221506729	0.23191549403088965	0.14246897453324583
0.14159894299666279	0.05630871370753793	0.20976130359819734	0.055285370631125014	0.07541045032096683	0.08710306072622795	0.23176408563916845	0.1427680723801135
0.153712533922194	0.055545191055127646	0.20451699841369014	0.05372514533812486	0.07460963386547931	0.08658584874695213	0.2273611817037186	0.14394346695471316
0.1426483792707881	0.056006662891082595	0.2079198135225106	0.05749348010421239	0.07281084812537017	0.0876421517813577	0.23211159905009854	0.14336706525457965
0.15127955876250004	0.055972629083566997	0.2061242088774075	0.05459415806676028	0.07245356657390384	0.08370166541158111	0.23121217350722967	0.14466203971705033
0.14711840219350786	0.05689009064822251	0.20746965061559214	0.05734150909612076	0.07218015894868127	0.08635968576906419	0.2281568843881329	0.1444836183406782
0.15687833022928055	0.05602270652634801	0.19863442818294336	0.05731308635153998	0.07288885586292553	0.08546569847701607	0.22851417137395647	0.14428272299598974
0.15286596478175296	0.056567705895056844	0.20266757708556324	0.05673058120749977	0.07427696035536982	0.08448170401189764	0.22821222154160795	0.14419728512125163
0.15691474950349993	0.05532828964812887	0.19925143720827043	0.05472297388172552	0.07346675959558585	0.08876638496012351	0.22782470203721278	0.14372470316545288
0.1485439135837624	0.05704119095699324	0.2067105662849139	0.055430496147963734	0.07533962003913508	0.0842761794566782	0.2281659655977376	0.14449206793281558
0.14764312168169755	0.05572338282079732	0.2068570819758604	0.05375043280671461	0.07600216720108725	0.08597478516037613	0.23015332421887758	0.14389570413458894
0.1468597844576463	0.05713127660127157	0.20776923202245695	0.054007210842009004	0.07495628644714034	0.08369383933279081	0.23230081691091592	0.1432815533857688
0.15803538456491503	0.05674384113561254	0.19672942095129387	0.05384395817352915	0.07541191136479915	0.08480115532299813	0.23201279236286404	0.14242153612398786
0.14865861310026085	0.05733231615924883	0.19897764383158625	0.05564534119041353	0.07582372769468981	0.08711744255277065	0.23313884575128704	0.1433060697197428
0.14991621664814758	0.055504725827405094	0.20188297899356888	0.05338701656219859	0.07359526669104388	0.0880080568915831	0.2330621073378527	0.14464363104819997
0.1503199808851928	0.05535237379289505	0.2032263678721767	0.05472162031890103	0.07199961805294394	0.08661556665731002	0.23296695700101694	0.14479751541956334
0.15619169653024778	0.057405323195882346	0.19281381615499693	0.05678911619389031	0.0756035253486243	0.0882200465752923	0.22954170563141402	0.1434347703696518
0.15179556861558202	0.05553943634737779	0.20784196873863325	0.05394569608520136	0.07329551735427647	0.08372311777471972	0.2314355090194794	0.1424231860647297
0.14693624058799026	0.056627437663503574	0.2047391529409287	0.05362589237946039	0.07565168228495425	0.08636742934563899	0.23230420438311727	0.14374796041440635
0.14728458123493243	0.05595954438434718	0.20498883364091058	0.055283623479397886	0.07579064762529783	0.08444592807120815	0.23346833107061024	0.14277851049329546
0.1546859385799882	0.0552687503266671	0.2008513187985041	0.05608720700729963	0.07486431307763347	0.08697493425885716	0.2278825373754843	0.1433850005755658
0.15163726384076223	0.05533868592179546	0.20185641409215083	0.05433847340631753	0.07577160234581523	0.08349140900891375	0.2332122683389664	0.14435388304527833
0.15787314718517914	0.05691238983280246	0.19102495718197188	0.053485143600065926	0.07571679421132452	0.08870157220393016	0.23177913152528673	0.14450686425943896
0.1506027667991336	0.05737201745339647	0.20431807502394583	0.053656755952303514	0.07573444079448241	0.0877425383091402	0.22817288327799096	0.14240052238960688
0.15181455163388652	0.05665805288823611	0.2006461239813196	0.057660117534980584	0.07512678434850746	0.08492439560678337	0.23042611259193768	0.14274386141434842
0.15789192607489638	0.0566780191650354	0.19430753219257296	0.05507035075516102	0.07472082581782483	0.08869124324411146	0.22999648045592488	0.14264362229447283
0.15811745056137047	0.05726258918588077	0.19211069408200737	0.05738687575821845	0.07585486248477388	0.08557232619024227	0.22952345492036103	0.1441717468171455
0.1563804170255459	0.05573806859529937	0.19303344058611044	0.054437839279971006	0.07471920613365696	0.08912352559882827	0.23281694668241854	0.14375055609816934
0.15054942220782763	0.05694387861826536	0.19793573132693076	0.05663943980007377	0.07414291619052635	0.08718527374228226	0.23396884823994515	0.1426344898741485
0.161695306928663	0.05546844917937875	0.19444975899482242	0.05457233799896179	0.07308826784615852	0.08534555399260196	0.2326078546831224	0.14277247037629098
0.14998053070660367	0.05558746053821485	0.2088805695199657	0.05355483688767526	0.07413815607872587	0.08611682299055529	0.22778364988973362	0.1439579733885256
0.15133114775388978	0.056824786785209275	0.20143209343215043	0.057700989991894325	0.07615041927678157	0.08399932302309977	0.22935160667623555	0.1432096330607391
0.1601293214379313	0.05742098453055525	0.1938001754245719	0.05710537662667595	0.07226447444678154	0.0834471574331692	0.2324582445781573	0.14337426552215735
0.15505999904246526	0.05532839713464288	0.19885757791326325	0.05681649884247665	0.07402821231987727	0.08399634667717937	0.23306710215217305	0.14284586591792203
0.16096598930729364	0.056264305708452464	0.19362352361265742	0.05416115808467101	0.0742233018604739	0.08434766911986141	0.2319136492753261	0.14450040303126382
0.144995717877936	0.05613456107371896	0.20181412331185966	0.05518319198297651	0.07600725430592362	0.087105532213997	0.233926959831549	0.14483265940203902
0.1492416804922464	0.056812163783782205	0.206317413799615	0.05559711752218392	0.07477170100591422	0.0850133794345593	0.22933893791404286	0.1429076060476559
0.14667720823222788	0.056826117075783736	0.20748032748771414	0.05675634832032912	0.07207209845873136	0.08392577360191697	0.2333241605316292	0.14293796629166733
