0.040087069548984056	0.12218880486609891	0.21529045112655315	0.15082336283721196	0.054530672191048665	0.06193581351798225	0.23859304133437736	0.1165507845777435
0.04478024449837542	0.1887886039052696	0.15825539552229784	0.1296966005516602	0.07094809277902864	0.05352351777087218	0.21696632962934814	0.13704121534314778
0.1212558255470778	0.22717104266064114	0.0751960732693007	0.10330294876055426	0.048023641526269936	0.0807254744904633	0.18927871821399123	0.15504627553170144
0.20158458762159326	0.2621652145218304	0.04089217159593235	0.10206445744116868	0.04589671539437436	0.05446438059976701	0.17869888012379156	0.1142335927015422
0.11144690572188101	0.13667058941666327	0.16079407697802933	0.11061824382006215	0.059882044124305894	0.05705627785481823	0.23354405703619074	0.12998780504804913
0.18038960942727345	0.0546060882162569	0.1910365247182213	0.1036714240646115	0.06364104704352626	0.0744701544842358	0.21171088467298646	0.1204742673728881
0.10778149273364356	0.05950816824825661	0.21557535085367469	0.13794427531740538	0.04904231527904107	0.06978233775889375	0.22624984775345736	0.13411621205562735
0.1688529962916122	0.16170963425414348	0.08991964862618024	0.15243437326910214	0.06153606818956989	0.061061288354912396	0.18225507613813818	0.12223091487634126
0.019499360683792016	0.24521422152868483	0.1645359180334852	0.106848811187592	0.04836441083939669	0.06766993272066543	0.19255414063569704	0.15531320437068655
0.03824803707442222	0.2372695164622189	0.08480930067582332	0.1534176101210254	0.055545730862322645	0.05569346519380483	0.23327632977274138	0.14174000983764112
0.0845987811255372	0.17674555317116458	0.13307357301099093	0.10748527703954108	0.06219117087081065	0.08055199049440206	0.22486326845398963	0.13049038583356365
0.11305964891122339	0.035850103656942495	0.24056959702913205	0.14145596517693648	0.057765123782902605	0.0645865839717023	0.19676219911072035	0.14995077836044005
0.09621650827475786	0.2082647270058941	0.08062036952352186	0.12625416137908918	0.07169499129675977	0.07071269334472075	0.22805806183605837	0.11817848733919789
0.0849614975989372	0.21666686021143305	0.09336777533322872	0.11884950989567049	0.06716140535950052	0.07891248199639199	0.20831875849546827	0.13176171110936954
0.05404083001279458	0.22769378185956252	0.14362031014226084	0.10482511823954155	0.06183603036256309	0.0581288463846545	0.19525465603692194	0.15460042696170082
0.03420851611236095	0.22707032927395931	0.19301027460459957	0.1181017218409701	0.06662180441804792	0.06183228661131478	0.18382271724394014	0.11533234989480703
0.026502964145703217	0.15813907174416808	0.25098239929025434	0.13581144632093473	0.05164545476573179	0.07033760819475923	0.1839992660450329	0.12258178949341558
0.12041422756535819	0.2371961020595839	0.05075739974741496	0.13084864083830725	0.06888074767426305	0.05743288303485698	0.1957219248506336	0.13874807422958185
0.15311085200435487	0.04246187585342308	0.22103354169162842	0.1466144052009302	0.06195262965368095	0.05374098803879816	0.17726185415673357	0.14382385340045048
0.18430335032633088	0.18544632551737716	0.05758548522220801	0.09875168626180915	0.0710553106233501	0.0728587522485645	0.19092280336358003	0.13907628643677988
0.05399575987471068	0.16356828704634868	0.18523908038764478	0.13223071114029156	0.051149101921534185	0.062213196000857784	0.21172440678772692	0.13987945684088524
0.011661105702857402	0.136135608170262	0.23525122323710973	0.1537525646796805	0.05873035640868135	0.057212869609231	0.2085942271080572	0.13866204508412064
0.13969033245110143	0.16570230121984614	0.04467846176919245	0.12332892387600593	0.07593855661531096	0.07101925206631116	0.2395010330982052	0.14014113890402652
0.10669107046639999	0.0985884374062633	0.17975668330741523	0.14944431838313543	0.06829765778547148	0.07514842635260689	0.20734426598924915	0.11472914030945829
0.1816335663320855	0.15056648037977508	0.07951670215597918	0.10486955027221007	0.06376857017226834	0.07302345521846224	0.22398101952731553	0.12264065594190383
0.13852101704672634	0.11693430834430454	0.14768796040307391	0.09960054880274928	0.04858962469414614	0.06062575204391396	0.238973240782307	0.1490675478827786
0.10799496340140369	0.07780827351791852	0.2361047828661415	0.10365570836342203	0.07512318699672293	0.05238695836545458	0.23831461641582918	0.10861151007310732
0.13688414259399842	0.25379218885976784	0.04344050866076961	0.1006025681080953	0.04991760445265765	0.06702663741797064	0.19918568571761852	0.14915066418912176
0.1726014770294311	0.18721436357823912	0.0391279253737503	0.11425436819968919	0.04835634391782517	0.07134741197735546	0.23212467931504122	0.1349734306086682
0.03123032113492094	0.17592673320163593	0.2299807100618815	0.09925907631340426	0.05482199521394955	0.05474290864374348	0.21477505051711326	0.13926320491335087
0.12803000717309948	0.26162696195179314	0.032614309006631134	0.09994786554483975	0.0663149529161251	0.0662161669526959	0.21977750343889468	0.12547223301592061
0.11840434105735329	0.07670656657426835	0.2004795216673374	0.12499003048672593	0.06947941752630349	0.0797557007711589	0.19106862354071918	0.13911579837613325
0.023326506482740844	0.20362965406515332	0.15700681290192056	0.14372409800548813	0.0761145214600435	0.06956034811437761	0.20267800673304887	0.12396005223722696
0.0989606307993235	0.19496747534303033	0.05793133371819867	0.14347359667588838	0.06747448562707867	0.08021527318811683	0.2051379714360259	0.1518392332123375
0.14928700242076715	0.18598203419588105	0.054389030898847335	0.10646824565229879	0.061712559484762924	0.07594471368679853	0.2184464801431491	0.1477699335174949
0.18119841067999484	0.10030972405735997	0.09385017229117967	0.1469443704541847	0.049128412182385686	0.08261653548932263	0.23698707222474277	0.1089653026208295
0.12874803792493764	0.13357713826011128	0.20880729116113955	0.11083605169822054	0.07132162982339893	0.05430307919452834	0.17520013381170849	0.11720663812595501
0.15307750387326247	0.09727565106943492	0.15055258740267924	0.13541883231862356	0.06695015343403699	0.05480115208204364	0.20541612232959947	0.13650799749031947
0.027323291248164044	0.2139820318623391	0.1663943067228471	0.12532294940496383	0.07388066836070589	0.062372620560121175	0.2060718179645934	0.12465231387626524
0.018579665727189734	0.15707947578293602	0.19554896583095888	0.11241191985217845	0.07366727092163813	0.08024566597568415	0.23063607900140826	0.13183095690800614
0.1443020314674582	0.09879463388642001	0.2261291276846203	0.10523331757917412	0.06634189447808762	0.05968244389571284	0.18183349569846552	0.11768305531006115
0.09879987002485771	0.08132502015151008	0.24162480299054678	0.12043960777026019	0.07244417848987636	0.060117050014367845	0.1760178349919131	0.1492316355666677
0.14509887252935638	0.10204475470229536	0.14238282396747445	0.12714250582332867	0.05681651430387921	0.07574089256765347	0.2398270847678637	0.11094655133814849
0.03624483112200025	0.2575834298249732	0.08800943503392222	0.1281030247769872	0.06453165508259237	0.08274913867914577	0.2093718609614598	0.13340662451891902
0.15046495646679256	0.23836551427650277	0.03834106532216848	0.1076641645498766	0.0625480591113663	0.08059089165971339	0.19625322524368238	0.12577212336989732
0.0954893642440561	0.2519953494219326	0.04491672592768188	0.14247783023614227	0.04972920415745373	0.07692970578780498	0.19772451931082036	0.1407373009141079
0.1777509697713097	0.0672359333535297	0.1904384048967867	0.14754669815062063	0.0527891568349228	0.08127550928351461	0.17446514258058876	0.10849818512872686
0.10299485859590196	0.09118003145662926	0.19095439450707033	0.12543722502213145	0.055380943590661535	0.07682378740428981	0.23329781028487978	0.12393094913843566
0.02239880639882115	0.2598726658940036	0.09724354075321985	0.1272805092261143	0.07445160090212569	0.07302190562475848	0.22727457306279653	0.11845639813816024
0.07789972124127607	0.08319254406564307	0.22408579547214286	0.1061733564898498	0.06171636400120317	0.07286808651195477	0.23375106829600148	0.1403130639219286
0.03776766283343572	0.16855595109690036	0.1527362981190833	0.10944204813481045	0.06536483673620316	0.0779298637879657	0.23232056754683794	0.1558827717447632
0.016379485592098925	0.21208112230152398	0.1390600432796692	0.12319204778915004	0.059348614776298894	0.061646741450827644	0.2425275341548191	0.14576441065561202
0.16205964815727145	0.0744438758852537	0.16245055805705727	0.13933721375116054	0.06319991100759706	0.06488031808727669	0.22093451169547518	0.11269396335890788
0.07599246491332984	0.15148476049848114	0.2146496547732823	0.10410434376287611	0.06964800529982969	0.054099688390513656	0.2153209693866413	0.11470011297504579
0.17317304319747553	0.1371690613388774	0.1325505373029225	0.14949622901947246	0.05340174806338596	0.05317913691241097	0.18373380649015583	0.11729643767529908
0.11536797963217953	0.12407678503649973	0.15660102396422754	0.13396248532028612	0.05681737438446628	0.08013340443674957	0.22305774430994946	0.10998320291564154
0.1880360548366462	0.1939007416239547	0.06975291462525388	0.12022320036234851	0.06705187299065865	0.058628231332479255	0.1741566960162088	0.12825028821244974
0.17343125108036528	0.075650183450739	0.12464647016215305	0.15506105912740745	0.06673325842103278	0.0509519279954643	0.22134418662952726	0.13218166313331065
0.11555451002767089	0.17356882164386703	0.1191885742388032	0.10260282080018202	0.04688242386636998	0.06242289551763125	0.22744054064795974	0.15233941325751568
0.10499750598088022	0.10445925942278914	0.1650419026320219	0.15480038069266566	0.05994306786439575	0.07738885835436955	0.1907104127460103	0.14265861230686727
0.14665428058993346	0.128327664798786	0.11892224178807653	0.14179368398106684	0.0458603249596837	0.07098931432662148	0.225611593824394	0.12184089573143775
0.06371333092707923	0.15764351914947544	0.14941907348727945	0.1033593096174622	0.06604815717263102	0.08335448616696269	0.22475917711595045	0.15170294636315934
0.10111899859262705	0.23153291291353117	0.09754078617120882	0.11786574393382394	0.047174853635644914	0.06888067683292776	0.20712964419965518	0.12875638372058093
0.12967194854131492	0.26280948864521436	0.057276800886717924	0.1120772210904562	0.06619376914943134	0.058371838586339334	0.17993361958275678	0.1336653135177689
0.04175663253300571	0.1995692478701072	0.2154202419151145	0.10744971837237874	0.056023737363191564	0.052442777820274955	0.1884215946067335	0.13891604951919365
0.14147751306689343	0.07940978674768147	0.1723602784566172	0.14043426436636852	0.049217058291563434	0.05253627965370042	0.23031469565514479	0.13425012376203055
0.12385394832826158	0.14094276351653906	0.14587300563341477	0.12191292122742249	0.06552033178807101	0.08164348853640446	0.1998910020558316	0.12036253891405477
0.19733307162524089	0.026954131605960135	0.1761148326671066	0.12342329161676548	0.053237297607426876	0.07991200668748111	0.20492451302189635	0.13810085516812237
0.09152071341430675	0.024344445006077922	0.20977447283217063	0.14674118911094894	0.07529949514807742	0.06122088936845256	0.2421672204043253	0.14893157471564028
0.15185470276027413	0.036105963960754994	0.236655904763801	0.1085419167936987	0.07601735924830394	0.06671660750086805	0.21455993538260382	0.10954760958969513
0.17305346802102387	0.2182343265428741	0.03450088177408915	0.12427684753563631	0.07214917507484757	0.05903222806254234	0.19158152235505627	0.12717155063393015
0.07111851979422278	0.1831020717400554	0.1666679186352898	0.1357750717203435	0.04717475905459101	0.05174660000486528	0.22347044518183257	0.12094461386879941
0.1455359736094392	0.10788333587980288	0.10010400329029488	0.1277305106189179	0.07636624171973005	0.07864070067979695	0.21700658569159031	0.14673264851042755
0.17123946054483785	0.14240129522173217	0.04875521367236757	0.12008574666370125	0.07668201637443689	0.0743536507398235	0.22230654625927848	0.14417607052382203
0.16067438504294745	0.1853918931563829	0.032886183560421334	0.15597440726267653	0.04498953671893584	0.0669985153956528	0.21962057005122443	0.1334645088117585
0.0220627067446805	0.06615428598760686	0.25067391442233705	0.14617819744813024	0.07553282417412874	0.06912063080028112	0.22978151560748164	0.14049592481535367
0.09190650725473759	0.15522289722465465	0.10564251375039105	0.14809910334645404	0.058544610464469946	0.06903805787610856	0.24028341790498192	0.13126289217820203
0.08385338462222033	0.07162411678296925	0.23928083337521866	0.10621117859416834	0.06475134483743569	0.08289466347211423	0.20841614817872312	0.14296833013715018
0.0341107588152427	0.16013463393708088	0.18167339057542375	0.12800927710491963	0.06423824943535085	0.07388923860546429	0.21558521492385446	0.14235923660266325
0.024826478413391778	0.2083730300183449	0.19522183530499343	0.13040959306349006	0.07088433149631687	0.05726844431927744	0.18428587092310822	0.1287304164610771
0.16126331837886032	0.21292779387776664	0.05054278439675994	0.15484493393566515	0.060097255211624526	0.07181086180813187	0.17856913000917826	0.10994392238201307
0.01881901107001084	0.21512541496027549	0.16283672966906698	0.11502587460910113	0.06524499085180777	0.06984366386990878	0.21536627459348515	0.13773804037634368
0.058963474708421934	0.07931910743333076	0.23130995376450283	0.14327301970276513	0.06517253880225549	0.073923076272441	0.22076211561884337	0.1272767136974393
0.05643119914190056	0.1602823615814154	0.2513316253732598	0.10343493806589432	0.04868694282383301	0.06372631380716876	0.18474542763156085	0.13136119157496712
0.19778407096799877	0.09345524825265586	0.1396045491055331	0.10906784766363367	0.06731242021393749	0.05427942892677105	0.19540108081529328	0.1430953540541765
0.07278824793295943	0.1397396371309456	0.19249391668367466	0.12153164016309162	0.051099879144271554	0.0573361085566787	0.24014134698998363	0.12486922339839461
0.10843350768923268	0.21205472541901743	0.07953068255536964	0.11724012583120787	0.06658166029640453	0.06516000485993828	0.20385746405588434	0.14714182929294506
0.09477064690284843	0.17100847519401818	0.1065724926954773	0.1379151841131537	0.0765605071239712	0.07309068971327932	0.19768252041542628	0.14239948384182535
0.08135035597639738	0.13002975702200922	0.16458967351701992	0.12751834994366895	0.06434806774793055	0.08299261399181679	0.23302001394164773	0.11615116785950924
0.058165677543398325	0.09627738045614521	0.24820376259436716	0.11165606743114367	0.06597075565213836	0.07134433908334789	0.2001630834067061	0.14821893383275309
0.1582479026890762	0.02873629376131097	0.21264194270900683	0.12518713918054927	0.05262355669431282	0.07597412568142389	0.19936474996061276	0.14722428932370704
0.17822996959906784	0.03725068523444733	0.18246154627976185	0.12132898573716093	0.07419635733794641	0.056685373954465934	0.22964056598957455	0.12020651586757493
0.11810461001099717	0.12873741376563966	0.1249581090432659	0.1454118866732178	0.06802253892007447	0.06353082091568478	0.22765245996736005	0.12358216070375991
0.04164392880991798	0.2252227821550505	0.1525793243923325	0.10449095956971217	0.0662253722762003	0.07661787659867006	0.22290045939004952	0.11031929680806676
0.19780376116515982	0.11575120676488405	0.07740118473429741	0.14215492477599237	0.047892500154229495	0.056955910369533985	0.233179583019752	0.12886092901615062
0.08360307678613577	0.0747931841319725	0.19650771006062498	0.15133649390977105	0.06674229518368846	0.0706219267231068	0.2195587756714415	0.13683653753325875
0.09249544423595017	0.060656170505282284	0.22875696554486735	0.15403674334920703	0.06367639154330931	0.07642099730973079	0.21403808538203606	0.1099192021296168
0.08737489406350897	0.24083855022455103	0.10749081213373274	0.13680123697494925	0.05637398654674605	0.06411981071557661	0.18393845866376263	0.12306225067717247
0.13288793334762308	0.24585437134729954	0.06372096700269803	0.13961671829199837	0.048183896062872295	0.07968920522866715	0.1811723499684051	0.10887455875043624
0.16393490238556757	0.19781927936684215	0.09612232855961046	0.1104157188781397	0.07311159102104489	0.0627868256621194	0.18376780108122498	0.11204155304545058
0.024156460232057364	0.09057840718917745	0.24880307570300714	0.15656136451999017	0.05010792149539868	0.0628114238156366	0.22386044789738965	0.14312089914734277
0.04180955204504205	0.15694063260590527	0.15714254523514842	0.12114762248414088	0.07360380614955178	0.08217794089973046	0.23052773300644458	0.13665016757403636
0.039785818033268375	0.19715705242283948	0.1884782077441592	0.12135773714806511	0.05992649150397905	0.05596268455989835	0.22888103734866566	0.10845097123912457
0.0702270813616069	0.22083550423985565	0.15589348515769771	0.11060977299449629	0.05305886308417375	0.06562197936003364	0.204613407425596	0.11913990637653987
0.05814604541455155	0.24530557595467062	0.10001557977566172	0.11175873479499181	0.07098363013112961	0.08252511612879668	0.20098836292872813	0.13027695487146973
0.14798864910411857	0.11193447668009177	0.17608081233935935	0.15529953707468108	0.061895946911516536	0.056551223851993335	0.17760914151955914	0.11264021251867995
0.025459824867072225	0.2576292938192341	0.06747459117753668	0.11187221936945121	0.06499573516057919	0.08064992348702665	0.24379865176686522	0.14811976035223456
0.023221362874724538	0.1622941530893262	0.17071187357462114	0.1379606395486553	0.058352709667300065	0.07852940417526227	0.2271066729828301	0.14182318408728015
0.1148555976069989	0.1943238191799853	0.05433785958435132	0.13382095144475836	0.056990064245321256	0.05674445785871664	0.2345832860772245	0.15434396400264344
0.11618952141715877	0.10800737343344528	0.19401919337619677	0.1154756551349692	0.05540792124184554	0.05137066407660966	0.23533354000953485	0.12419613131023972
0.11915114917083475	0.09162152923415476	0.18810685335612654	0.145813968147037	0.05225156456125282	0.06501409331322046	0.19650024279398576	0.14154059942338765
0.08502641841138546	0.25944017268150177	0.034055457684792484	0.12481639458788442	0.0716305963533424	0.06693571542494758	0.20387564531406938	0.1542195995420763
0.04282799621474109	0.1493705780820727	0.17695207149853517	0.1480728022064047	0.07037706393192078	0.07400057061525184	0.22101929946905274	0.11737961798202076
0.10464905618207543	0.2362775462300213	0.04961620604976412	0.10445563001349426	0.06210282982256227	0.07622969785749922	0.24005175608829515	0.126617277756288
0.18771263126166565	0.16189045046400397	0.0515397077995878	0.1465953928427427	0.058490975870231054	0.0680949178755693	0.19426554394917556	0.13141037993702373
0.10493537502797935	0.156474220088065	0.1513795139038277	0.10718171877381434	0.04658736312375099	0.05647778104842885	0.22534724488143626	0.15161678315269728
0.05671328964576634	0.13315708965284806	0.17065693866406295	0.12691958552200533	0.04897524436927318	0.08282416143621416	0.237063202520628	0.14369048818920177
0.05845575220918023	0.17284806456035356	0.18761577818079933	0.13681098716023554	0.061402191501090594	0.05272847354704015	0.22159131983564812	0.10854743300565227
0.13450068578394994	0.13341157512464263	0.10855410558249866	0.14284621208658643	0.07600646413252564	0.08019416522923817	0.20476302680994868	0.11972376525060961
0.1878452973308003	0.04949954682812839	0.22403954576227814	0.10702470131864991	0.06608302891230011	0.054998474110947076	0.17829418521914894	0.13221522051774687
0.12051076209022958	0.056320477106662284	0.20868002078361722	0.12966965955862417	0.07596349512291839	0.06512228578374187	0.19519174520967364	0.14854155434453262
0.12254748258563176	0.06059372849465905	0.21473649175393683	0.12055984018716494	0.07466380488441507	0.062414690369007333	0.23457967263807333	0.10990428908711145
0.1350590590505364	0.18523486158434765	0.17134222228979532	0.10533827825075484	0.05905173551976253	0.054665261732145934	0.17760790199727122	0.11170067957538592
0.01998333423789217	0.19604198281011803	0.1845306957701181	0.1228345081320531	0.05347844587828013	0.06804540272575034	0.20364651803366612	0.15143911241212182
0.03461189510808077	0.11778402068184307	0.19900428111467536	0.15669669433322753	0.07080132878335624	0.08192127773992405	0.21634766793436094	0.12283283430453183
0.09683273506291167	0.12451483097917877	0.19057945806372056	0.11103180210239907	0.07288149162593069	0.07590579591774654	0.18326215636515297	0.14499172988295952
0.20328176509166443	0.051593919260380136	0.12299285397542771	0.13171877400777346	0.058882924158493166	0.07901580384077783	0.24229786142218462	0.11021609824329842
0.037235099772917835	0.24137345470038382	0.09144490497021307	0.12718239245741642	0.053198972240961484	0.0596605289119405	0.2444413956627168	0.14546325128344983
0.149587324474259	0.21837463876279906	0.10775234722571789	0.1047038555854906	0.07685505659173764	0.054501960843792704	0.17819277977317893	0.11003203674302396
0.09049582178273519	0.027434958966352313	0.22305289045710566	0.15701429783965232	0.04858487412460133	0.06813322773329958	0.22983771641774176	0.15544621267851172
0.019644690770793435	0.26071170187115045	0.1645343645560765	0.10492913018873123	0.0456155749007746	0.08337158674577394	0.17668625477750788	0.14450669618919176
0.18199578158628274	0.08508710285371548	0.10838408711801399	0.10929628229547925	0.0767504369973511	0.055370793682576	0.23777287572766967	0.14534263973891154
0.09282721567808905	0.07599145113158365	0.21986609726286988	0.14685454383286825	0.04914292094958611	0.05306626606449438	0.24174216891668188	0.12050933616382657
0.06262338583716595	0.12663571198428733	0.20217109030009628	0.12561874977246565	0.07674856341031663	0.07226063999909738	0.19446407344438715	0.13947778525218338
0.19714162899556611	0.029174021155517676	0.1813895367353405	0.12204335264998235	0.050916838678859946	0.05708411075373028	0.23265957301216322	0.1295909380188397
0.11760788448958477	0.12342571193890499	0.18452439875047136	0.10492433708854353	0.047793624378852914	0.06899589324117254	0.22217879062638318	0.1305493594860865
0.10297908837574693	0.1767524373644843	0.17677942545733105	0.1476174507732638	0.05749488568158624	0.05336955133532549	0.17623711893672803	0.10877004207553395
0.18318405548506872	0.07590878023160946	0.1374399545047386	0.1359270643049938	0.055380827784662495	0.07842970742726518	0.18458182606711349	0.14914778419454802
0.06832148435454899	0.05932057671447215	0.20718661702648092	0.14022739434341527	0.06010523035621426	0.07926244343986438	0.24335685955758513	0.14221939420741864
0.18572532944528297	0.16334908175040286	0.07480609488405285	0.13484713259144734	0.060430332555326524	0.06030871691294026	0.20130565698436836	0.11922765487617856
0.06789248016244778	0.09991141750213897	0.2339207723645355	0.12947735782654446	0.06790411731945041	0.07887213400202152	0.18405708169294374	0.13796463912991744
0.14698137311252088	0.2271178271606295	0.06624267736794062	0.12750247511214535	0.0486165081862238	0.08173581291000445	0.1817649962665316	0.12003832988400356
0.10636016942981455	0.08000933209655837	0.19570055438728476	0.10890794714276919	0.07347580348943229	0.07260312531051338	0.2340166771854571	0.12892639095817018
0.05925116486728757	0.06891721198767946	0.2408120081556459	0.10849049865652846	0.0643222656858295	0.07848190731746986	0.23812416454641844	0.1416007787831406
0.02301281139127663	0.20426952886573035	0.1645394235221393	0.14954218590310753	0.0619061199849323	0.0668136963936444	0.20724063118787522	0.12267560275129408
0.1350578623977492	0.10719884422439052	0.14793697087900995	0.14437564049175064	0.07032249979102036	0.053649763769263295	0.22781273756321568	0.11364568088360012
0.1064789995093445	0.0941357453878364	0.2064254518911029	0.09987074577405453	0.05818785699619687	0.08190288591511216	0.21820488681891212	0.1347934277074403
0.04582335531749235	0.16119799447082672	0.17743187079375303	0.12141048241722126	0.062091381931952155	0.06948907569885754	0.23114465824355873	0.13141118112633804
0.04680538298389478	0.11000438321333438	0.16796351553547767	0.1398800060745398	0.07263589461019151	0.07741956484272351	0.2406070650863094	0.14468418765352878
0.08085874627689082	0.22449941784773314	0.11752696854602025	0.1453350661476521	0.05186345451044275	0.06276787736916656	0.1852885135754115	0.1318599557266827
0.07078497631113764	0.22367626951256814	0.11632229466339972	0.1505682851972823	0.054349651918595934	0.07640154230795507	0.18005614975440792	0.12784083033465304
0.016325179127146455	0.11638220500169141	0.2452515208359115	0.13474866927117446	0.06372492476349603	0.07051785805923252	0.23451089802057468	0.11853874492077274
0.11673929625631627	0.20483610096883373	0.10951999181731861	0.13584218501824674	0.06326038342096095	0.06440383920634105	0.17583719174769707	0.12956101156428534
0.2019587727474021	0.02732721888356139	0.12665576866836362	0.14821243990277772	0.05949261254907123	0.06658716322249052	0.2173263536903025	0.15243967033603065
0.2020496341640677	0.10282071342778874	0.12957968036979609	0.10386116019248004	0.04654536939001827	0.08065632778344661	0.1990618862785768	0.13542522839382554
0.16284267773634797	0.11749991492763995	0.10709442234264581	0.15195968068157487	0.05880267149362481	0.05864542447428789	0.19010933644027286	0.15304587190360563
0.146806086603754	0.22790846132770223	0.043632260504691545	0.13485256833718406	0.05160762734930366	0.05256170501848084	0.18903233675417236	0.1535989541047111
0.15870429834846128	0.19788204864758896	0.04595703595028207	0.13624760876780417	0.05853837350633595	0.07246343251550451	0.18238660837135895	0.14782059389266386
0.06585268662963543	0.19036974818291	0.1237235787896427	0.13322263688034233	0.05465366593661056	0.0627808645071474	0.23711863555473153	0.13227818351897982
0.04293797210665262	0.21220180778056932	0.0957230793878665	0.1275975073849803	0.06344291540852123	0.07424586876681444	0.2394864543028625	0.1443643948617329
0.18319114738497927	0.028700226850148433	0.21680735701727605	0.14065071641459534	0.05539721112801094	0.06668589873978417	0.18694095472285424	0.12162648774235131
0.11852569957115373	0.05424382252022211	0.1855831799441925	0.14563532565112114	0.07609401609058027	0.08038226844188616	0.2128704573567515	0.1266652304240924
0.060295983850692805	0.22623773391448376	0.12964353140421078	0.11043585432325259	0.06987906318835596	0.06605976700733504	0.21568937791233417	0.12175868839933468
0.12317314110331923	0.1872445119602989	0.10379364281249807	0.14802747945849648	0.05241567695061365	0.06751772105661458	0.18910525974614353	0.12872256691201533
0.13209135844943812	0.07738824330101401	0.2023309808080838	0.11516471351209545	0.05673186498535242	0.07248567289648694	0.21301167727210915	0.1307954887754199
0.011568547998480422	0.25118154931659264	0.1608588998395024	0.12471324803852106	0.05772973130233833	0.06982070030317974	0.2116132986649351	0.11251402453645014
0.09340290499824394	0.23302952948634323	0.11432170781888196	0.11021213872378993	0.04517284284992969	0.06410426536159555	0.1986922974158579	0.14106431334535757
0.13984752476619106	0.10989958236978395	0.23170702275337757	0.1089922234896056	0.0651707467199788	0.05507016556752588	0.18084549874243466	0.10846723559110225
0.1449331374060913	0.25055140747833593	0.041108994291923176	0.10528990980230352	0.045954803069713585	0.050864747951504016	0.22088874402382963	0.14040825597629863
0.1964246896157171	0.12009146543060428	0.03539237130590207	0.1413506745234271	0.06633626631243145	0.06838489307077075	0.24442042817363213	0.12759921156751483
0.09385759470249326	0.11578623581816566	0.16390656289195119	0.14623062774726964	0.06655617066582206	0.05282805990112287	0.2182895359147881	0.14254521235838696
0.16244026941809353	0.1719051812122394	0.0520262434656588	0.14328231737557345	0.06949421959672618	0.07914975698291257	0.1816039460800936	0.14009806586870224
0.10442207833269683	0.09288337800765044	0.17885831954618944	0.10279057784007092	0.06987469557843085	0.07618729196422658	0.22927300886915947	0.14571064986157525
0.15320882231392433	0.0516146610165249	0.1716395624997434	0.13246557902951933	0.07650664405800484	0.06588479369052755	0.22205444256815327	0.12662549482360216
0.15182426018380846	0.13209396960810152	0.193774375493881	0.0997695081875448	0.06711404019565705	0.06686133217388573	0.17853581220071424	0.11002670195640694
0.1945471488547527	0.20588199632669857	0.06749649863329854	0.10016698174798613	0.04948278712862274	0.05899825449341131	0.19406825009994602	0.12935808271528373
0.18100264244913655	0.0426956554135743	0.16340296386074105	0.1321584270774552	0.06783252790794236	0.055085757970686114	0.20202982137594672	0.15579220394451748
0.06239681349627477	0.16855278998614664	0.15815116434303075	0.15612227794510108	0.07228440729419816	0.05377433826275997	0.1957632434202578	0.1329549652522306
0.1175891116644856	0.12815781897052636	0.12475135899413273	0.12644950703936975	0.07222295752456809	0.06105023290783888	0.22506853594646553	0.14471047695261285
0.14142093370742226	0.03803263546422546	0.2160256132530481	0.10656313564924795	0.06936173731153678	0.061030757037592615	0.24067572133133494	0.12688946624559172
0.12315075098195871	0.20323903506351282	0.11291160893888735	0.10885634403582736	0.06336406640147083	0.061742428151606424	0.18360724495323807	0.1431285214734982
0.13239297439802447	0.14352398206276892	0.14785902484251578	0.13544514031178193	0.048990361809722396	0.0698653194383187	0.20025051835302665	0.12167267878384094
0.025053349657726903	0.15064685753072016	0.2259434964685439	0.15048467474164648	0.047499907652362144	0.07074147401704145	0.22002856932393422	0.10960167060802448
0.06960788506584865	0.1792593306815225	0.14601903877607672	0.12940741271760983	0.06519838602234752	0.07069400010341576	0.19926147810942246	0.14055246852375636
0.03640613893928181	0.21783576540754182	0.13836420760477852	0.14193998367508678	0.06288802230470661	0.08273285087779601	0.20304584329008624	0.11678718790072201
0.19467769940695714	0.17831980224819782	0.05398809619886877	0.1477483644176593	0.06020222811643089	0.056291247386873536	0.18530628016327944	0.12346628206173287
0.15693630736141115	0.1577569213998738	0.1353957630285208	0.1029454066136657	0.05024772525413203	0.058615671822777896	0.21851381706674378	0.11958838745287459
0.08760201369926288	0.17686072880351225	0.1452351789262272	0.10722027677485753	0.06062645050930161	0.07488807838837172	0.19879053403575997	0.14877673886270665
0.1760373315878332	0.10428725952702356	0.08468972477578354	0.14146481985781054	0.053254450940437625	0.082223786952308	0.23963517755033992	0.1184074488084634
0.11219893655738299	0.1193383238309792	0.17263682953088488	0.12680114967066303	0.04979189612515629	0.061520788294265674	0.2364039469638111	0.1213081290268566
0.012442110366150672	0.11812387667101241	0.2326347663483843	0.1499039881473389	0.058071118046210346	0.07082998084440269	0.2241860902312469	0.13380806934525366
0.07563507643738004	0.10523120644837035	0.17303815265701167	0.10399945751011569	0.07257635997121549	0.08294963162802206	0.23908837476944408	0.1474817405784404
0.04845414009622573	0.20814949252195786	0.17045086953138308	0.11590855810595702	0.06835763500342477	0.078560308503426	0.19578833687269565	0.1143306593649297
0.13721266223446504	0.03628198933368812	0.19767901717970462	0.11456526230166009	0.07162896236871241	0.07973372404502661	0.21389146716154533	0.14900691537519756
0.17666206865823472	0.17761664731627327	0.06608252012799563	0.11801138873946954	0.051821334181774883	0.07628643876208976	0.18533957854851044	0.1481800236656515
0.06967226869807519	0.12188824572740448	0.21202479665306956	0.10289560922566164	0.06144655556613399	0.05105599853091013	0.24185689114777095	0.13915963445097387
0.07198700957307225	0.22496216291270305	0.10680114843442146	0.10999207904990779	0.07569399538072605	0.05629963342628444	0.23732873363625237	0.11693523758663239
0.06281720326208076	0.24636037348431003	0.12874334926305997	0.12315342810873729	0.057234867854961985	0.051221212107496555	0.183792072140187	0.1466774937791662
0.15403762502523882	0.12886314091984574	0.09893449112393236	0.10901005952700041	0.05387112877812292	0.08332296630468816	0.22766913887558454	0.14429144944558678
0.09668037077720437	0.15368810763560603	0.17404063952522736	0.0992308581165971	0.06679780712268435	0.07128225105859987	0.22061739674989822	0.11766256901418251
0.016665446090255	0.14359563550698232	0.18517761972627073	0.1172822443270433	0.07137319451341967	0.07256842446556805	0.24277748658764658	0.15055994878281415
0.09773846665582252	0.261409135395962	0.06764630313761563	0.10734697042330778	0.06440083255739726	0.05618080986916091	0.21274914023260136	0.13252834172813233
0.05508958277134805	0.23915740333696445	0.0620412674292419	0.15440615643060487	0.04912892368551805	0.06286096463738308	0.24275419182878755	0.13456150988015192
0.046848099350010663	0.24830498239696927	0.06631220855262761	0.12043320749260812	0.06478420531875646	0.08238868567358294	0.2363760779030842	0.13455253331236053
0.06424560741556765	0.2537197220649969	0.0397590393829462	0.14522310648328984	0.04514812862196439	0.07305647988940855	0.2424077611379894	0.13644015500383688
0.0739188275489834	0.2445528234542354	0.050212424660422264	0.14548689061927306	0.06651686361781617	0.06534994210660147	0.23255274522780361	0.12140948276486442
0.06933199324078425	0.11295333591619888	0.1810091949259902	0.1346002177350049	0.06300131181819783	0.051250632768518975	0.2382415697744778	0.14961174382082695
0.18878173148392904	0.15531562176409228	0.09588543534160213	0.1134269379800203	0.07021494229169722	0.05425531926013605	0.2090317571214121	0.11308825475711062
0.17737694617605818	0.062497378082106744	0.1697106426679602	0.10499918183805568	0.057092105957876074	0.07353192849284974	0.2071092983359858	0.14768251844910735
0.04710004646285769	0.1833365885924192	0.10940324251378843	0.13986015587376946	0.07192810230451163	0.05689805596012938	0.2421585963597475	0.14931521193277653
0.11901159655805875	0.16812549023508327	0.14702049312562993	0.12030666016993793	0.05583620187391723	0.06440842442506997	0.17917796088911464	0.14611317272318808
0.03366159254313286	0.2431323020535354	0.05617984347199284	0.1346469741283848	0.07613599887792388	0.0718644935406279	0.24117878349014094	0.14320001189426118
0.08565782313392366	0.08239151728315777	0.2501897298605211	0.10623404736109468	0.07587466744782366	0.0551146085996333	0.20837899167602356	0.13615861463782203
0.16552941437301238	0.06548754101505735	0.2188590664112353	0.11215531940777063	0.07317138614667236	0.054553941412164214	0.19838539742473263	0.11185793380935488
0.022004473563845606	0.0891271454818056	0.25099863292984964	0.15304876349325583	0.06362993526602775	0.08036701043247348	0.19513983666669416	0.14568420216604774
0.03662575338268986	0.13804690673604456	0.2406327188994392	0.13816192641190797	0.05194808096314668	0.06466959212323012	0.19971702671904418	0.13019799476449728
0.07953934859972153	0.19050977720994855	0.1464300211296644	0.15472546759856853	0.06147243600171537	0.05685412696807017	0.18825955581377424	0.12220926667853699
0.07745294058144654	0.20673245086445988	0.1281853024695632	0.10266609294734656	0.05766660357894528	0.0681938536084998	0.23397668014166517	0.12512607580807336
0.0799866005630891	0.1574774981961354	0.18299630996213975	0.15329440732633054	0.0634134944240376	0.05785533189144994	0.19221754399273042	0.11275881364408703
0.14146404709487892	0.09187376069674033	0.15310038524337738	0.1205580542678224	0.07076780868212362	0.0782049152407056	0.20355134474860193	0.1404796840257496
0.09904479413271794	0.11268628630821345	0.2098457590447152	0.11484952996487605	0.0670393606319585	0.05837482249238622	0.2145346816901755	0.12362476573495693
0.18783724331233265	0.14560427819944516	0.12364087281903395	0.10334224282203879	0.06036870485308424	0.06442792928783417	0.19063386228158075	0.12414486642465007
0.059661882289770346	0.1881676742120575	0.14666131373500457	0.15572109441691762	0.04761801277857938	0.07670990689335687	0.18986330456341394	0.1355968111108995
0.14916733873351887	0.22724649633539112	0.03973501699891002	0.12338505635259994	0.05123543783163764	0.05453976112875353	0.22698954308044872	0.1277013495387399
0.13104214702169933	0.09421862088252775	0.16210729584896444	0.13132320469793954	0.07258550544818076	0.05507228610339525	0.23231081352927846	0.12134012646801419
0.015302363276762265	0.10882606369219722	0.23744228631036826	0.12747416196480263	0.06769530977082847	0.07085595883218483	0.2259733344633757	0.14643052168948045
0.099784507299667	0.10777121042396771	0.19973977774341412	0.10408267419900304	0.07181431230713436	0.08164799335489223	0.21247056198177844	0.12268896269014286
0.0871158598348138	0.1464159689288326	0.09896957612058924	0.13596364466000546	0.07490212535756641	0.07570227490870252	0.23480492583861756	0.14612562435087223
0.09932277611119457	0.24276774282537192	0.04430711039743475	0.12031151605535927	0.050094196149755243	0.062020598630652485	0.24453136054181546	0.1366446992884161
0.07982547130192216	0.13306702298405634	0.23973181032247132	0.1150897808333016	0.06902889814898931	0.05653166136993244	0.1933693912995134	0.11335596373981327
0.14420089810592035	0.08493557273795496	0.16446015926301444	0.1549366756266661	0.06506647826691968	0.07271253104780685	0.19137867941030168	0.12230900554141574
0.05362612601149658	0.14751669758406874	0.18575451074111335	0.13199818188896395	0.056633831341162205	0.08301098855886631	0.1931636298035115	0.14829603407081718
0.08801975025345514	0.2556416228155661	0.09828056614368219	0.12368966828983961	0.06054174792279879	0.06258500840806425	0.17970493517543396	0.13153670099115974
0.16861848426046805	0.22096133303436508	0.06053869397236314	0.11122723997095574	0.05587624445036768	0.06568823929775885	0.1803370375331754	0.1367527274805458
0.060358941592651844	0.08340485707579003	0.21618565674578422	0.1488885019306213	0.05448223282580715	0.0595907183874666	0.24230369499814686	0.13478539644373183
0.06802263033293791	0.22599543559541568	0.060072734017951504	0.12325822193312916	0.05612251918796397	0.07256201628315093	0.24218886901057204	0.15177757363887856
0.1568795906527055	0.1652862304396046	0.11802937857895937	0.11848985439414854	0.06752500515326472	0.057561683414885004	0.1947125810705191	0.12151567629591298
0.14896798502623151	0.17850791919017786	0.08697056715942804	0.12383592679716422	0.053535856363543355	0.057421615395077674	0.20425717877426364	0.1465029512941135
0.006805782219769588	0.2552863183004993	0.15966696200249253	0.10195354374519534	0.0760944122824861	0.07109170255401168	0.18600638107127707	0.14309489782426826
0.09695869011377209	0.12016188150202944	0.25068410706239336	0.11448643714813345	0.05243962084236513	0.06266386191043366	0.19249111967097965	0.11011428174989304
0.1471506470736217	0.14820905115679453	0.0513815928237665	0.1350634490547224	0.07339047441461993	0.06980481416027379	0.22950725488951623	0.1454927164266847
0.16078741048788664	0.19613215571573198	0.057108067650434274	0.11002675477071945	0.056337276943877704	0.06132931212237831	0.2158443447259839	0.14243467758298753
0.10872699721981835	0.2488378493605526	0.047804665687842696	0.12922939604158357	0.06020535369816171	0.05765924713966013	0.19490567783223076	0.15263081302015002
0.16133079260193417	0.1862543362869716	0.06877617160344096	0.14944350967626235	0.060057890137626774	0.05274101610810453	0.21287790500781495	0.10851837857784445
0.18308792311623187	0.22290051692749402	0.04088961348697963	0.11044071811066752	0.06206934502521551	0.07764098813171488	0.19407042186868084	0.10890047333301543
0.04332137419193202	0.23582565574911868	0.14366141868541918	0.13812910424586597	0.07634786308278213	0.052417628735054664	0.1779833547448858	0.13231360056494132
0.16631442288127352	0.1568687957129135	0.07682605276207663	0.155491849418907	0.061421783511783734	0.07216483443880745	0.19788523994405113	0.11302702133018677
0.04770936386763902	0.20882534523791368	0.13442353378121594	0.15063285194044995	0.07125704132595992	0.07972150622134896	0.18300141402374476	0.12442894360172756
0.14965082340849303	0.14794113498764394	0.122931442891862	0.12517903040699138	0.056296175924610725	0.0545554791473776	0.216425973728122	0.12701993950489907
0.13072223498301588	0.10783645768257824	0.19782653065458533	0.1192815828323225	0.07242333916312463	0.06951517231500194	0.18841432785324735	0.1139803545161239
0.17779243317107357	0.073142131585268	0.11994461688280264	0.10259234556959038	0.06067228736016421	0.07431582941138218	0.24158134312074137	0.1499590128989774
