0.16908631680568845	0.1680945317425177	0.6628191514517939
0.1675922061333272	0.16470598529057934	0.6677018085760935
0.16602437971811634	0.16546342852540408	0.6685121917564798
0.16690942463755762	0.16982543331384575	0.6632651420485968
0.16868704576135862	0.16331085409331422	0.6680021001453273
0.1659367773969748	0.1671397848048459	0.6669234377981794
0.16695472945460094	0.16445862673450212	0.6685866438108972
0.16663144695583898	0.16317383548250586	0.6701947175616553
0.16711296748408533	0.1695277279520431	0.6633593045638717
0.16604894096179054	0.16563641207577912	0.6683146469624304
0.16715438334852412	0.16648808604967136	0.6663575306018046
0.16704798300589785	0.16794757591998047	0.6650044410741218
0.16699846205339336	0.16630143664643376	0.666700101300173
0.16797131716862373	0.16991208790880075	0.6621165949225756
0.16697285650801413	0.1665843322952969	0.6664428111966891
0.16788513388482876	0.16720549611113722	0.664909370004034
0.16913377452173764	0.16107008095641662	0.6697961445218459
0.16835445225970658	0.16520809406665182	0.6664374536736417
0.16613997096322075	0.16784282599676037	0.666017203040019
0.16598007185129737	0.16196701055608836	0.6720529175926144
0.16803731812611686	0.16141656395579193	0.6705461179180914
0.16761970538004484	0.160618172534429	0.6717621220855263
0.16881214150325224	0.16027217580832331	0.6709156826884246
0.16848730671729406	0.16289101171509715	0.6686216815676089
0.1675436278005607	0.1619322164814222	0.6705241557180173
0.16615379430699756	0.16640270207098487	0.6674435036220177
0.1674839238130825	0.1642278361332548	0.6682882400536627
0.16663318427388812	0.16306501313948885	0.6703018025866232
0.16842316755836717	0.1687097273545317	0.6628671050871012
0.1682438423949702	0.16134604459390545	0.6704101130111244
0.16832081286296724	0.1662707205083556	0.6654084666286773
0.16849463075908178	0.16684952590966343	0.6646558433312549
0.16778382914056883	0.16459789223719604	0.6676182786222353
0.16600327734035836	0.16756306079354816	0.6664336618660937
0.16812311071035158	0.16241790509319382	0.6694589841964548
0.16609368679553874	0.16835748794837713	0.6655488252560843
0.1670770548357708	0.16875499201584215	0.6641679531483872
0.16879772169851898	0.16546601105648628	0.6657362672449949
0.16605077653101932	0.16621552427499578	0.6677336991939851
0.1659413252373229	0.16339572243463088	0.6706629523280463
0.16790403452531988	0.16332650211928817	0.668769463355392
0.16938010694134742	0.1631874895331942	0.6674324035254585
0.1691996072139897	0.16601267204512996	0.6647877207408804
0.16646277078969612	0.16301195348869604	0.670525275721608
0.16623105349814954	0.16645029725943403	0.6673186492424166
0.16730070157756616	0.1601740240820433	0.6725252743403907
0.1659555674432806	0.16498614756791907	0.6690582849888005
0.167054931528681	0.16333875223437022	0.6696063162369489
0.16951135725832323	0.16623397106303028	0.6642546716786466
0.16926273761035554	0.16590287069798104	0.6648343916916635
0.16935095279603785	0.16498723929380082	0.6656618079101615
0.16710352621436603	0.1651835596742608	0.6677129141113733
0.1684288146187902	0.161806294639319	0.6697648907418909
0.1676988641576751	0.16545471741128312	0.6668464184310419
0.16827684082733377	0.16155356498926055	0.6701695941834058
0.1671831526449155	0.16721989911864216	0.6655969482364424
0.1677535695242462	0.16260357178592905	0.6696428586898249
0.16697861707832398	0.16644787116075305	0.666573511760923
0.16920018176761648	0.16239033978737766	0.6684094784450061
0.16684823435136573	0.1625724598240214	0.670579305824613
0.1694518372009261	0.16278219107752895	0.6677659717215451
0.1693905372946395	0.16471690140991896	0.6658925612954417
0.16586849610027282	0.16836358563408194	0.6657679182656454
0.166944730243673	0.16546347622279814	0.6675917935335289
0.1673177960857074	0.16291952163152762	0.6697626822827651
0.16733100719556934	0.16267469534571	0.6699942974587207
0.1672701202616857	0.16421603437198953	0.6685138453663249
0.1678306928761845	0.16840496624788992	0.6637643408759257
0.16802195365376632	0.16192771991707777	0.670050326429156
0.1692189926036279	0.1627475996492389	0.6680334077471333
0.1682873095727052	0.1694841356938771	0.6622285547334178
0.16926738087134452	0.1623077339172006	0.6684248852114549
0.16583016811459678	0.16319966647824136	0.670970165407162
0.16868165463364454	0.16050986319154253	0.670808482174813
0.16616172877190022	0.16612469800225016	0.6677135732258497
0.16892444799279432	0.16554118513817442	0.6655343668690314
0.16657645705403876	0.16587219965209668	0.6675513432938647
0.1684675392514395	0.16168869106007638	0.6698437696884842
0.16829681472051788	0.16647962980997896	0.6652235554695033
0.1692534270480735	0.16677196998796573	0.6639746029639608
0.1685526676147064	0.1666844442336911	0.6647628881516027
0.1674017343597584	0.16144231780678597	0.6711559478334557
0.1679911679203318	0.16640580662243998	0.6656030254572283
0.16953076242796053	0.16807244764779533	0.6623967899242442
0.16817279207970953	0.16308383852283806	0.6687433693974525
0.16583040722253278	0.1616634489246247	0.6725061438528426
0.16764130970407815	0.16031862797583313	0.6720400623200888
0.16906999912738918	0.1630949051426952	0.6678350957299157
0.16671015853899396	0.1693280370005053	0.6639618044605009
0.16789606264471135	0.1680376403476278	0.664066297007661
0.16880303012848205	0.16631977184429703	0.664877198027221
0.1682565514091434	0.16793165830943907	0.6638117902814177
0.1683339477068719	0.16942731404319428	0.662238738249934
0.1678823679633159	0.16809825048945742	0.6640193815472268
0.16799346056062003	0.16704795634216174	0.6649585830972182
0.16773311823866627	0.16331249062985476	0.668954391131479
0.16799788629120857	0.1633130131283391	0.6686891005804525
0.1670721886561392	0.16211000332783995	0.670817808016021
0.1661537356261535	0.161542832438913	0.6723034319349337
0.16940400709802644	0.16097948316814636	0.6696165097338274
0.16649382621670483	0.16666610882236604	0.6668400649609292
0.1672524342295134	0.16989231574009206	0.6628552500303946
0.16577752721843436	0.16374763023557606	0.6704748425459897
0.1694553895299274	0.16323317222501615	0.6673114382450566
0.16895101977550125	0.16438666218011158	0.6666623180443874
0.16950519295198013	0.16589679848710476	0.6645980085609152
0.16785703874047986	0.1658759789220416	0.6662669823374787
0.1691767717586391	0.16375826420738737	0.6670649640339736
0.16620966913155139	0.16749540460756907	0.6662949262608797
0.16702366184050443	0.16235314664123843	0.6706231915182572
0.16822401299707912	0.16056313658114196	0.671212850421779
0.1661574398784413	0.16148735826255206	0.6723552018590067
0.16618439856325126	0.1668572185186069	0.666958382918142
0.16753269848296776	0.1611324161125307	0.6713348854045016
0.16810666233759924	0.1682330982414459	0.663660239420955
0.16627045271962615	0.16522178219087347	0.6685077650895006
0.16654861215940603	0.16842812766589438	0.6650232601746997
0.16700839085541486	0.1664919165103612	0.666499692634224
0.1677805001475828	0.1656394350926956	0.6665800647597218
0.16816857155681816	0.16544353153049668	0.6663878969126853
0.16924708025192664	0.1602948168611227	0.6704581028869507
0.16732753167432357	0.1648533963779133	0.6678190719477632
0.16643230824481584	0.17028147246962383	0.6632862192855604
0.1681042496754961	0.16980843167099086	0.6620873186535132
0.16909982556165654	0.1663752710954468	0.6645249033428968
0.16659778334696437	0.16686155958367255	0.6665406570693632
0.16838132012440704	0.1663719217649096	0.6652467581106835
0.16640091306787896	0.1695470937206608	0.6640519932114604
0.16935668109411578	0.16174883962790698	0.6688944792779774
0.1674697764768347	0.1626593324462305	0.6698708910769349
0.16824184573552342	0.16884747550381757	0.6629106787606591
0.16884277902579628	0.16750485282530936	0.6636523681488945
0.16702381457200144	0.16692783965653152	0.6660483457714672
0.16887317548110753	0.16225600980180627	0.6688708147170863
0.1662369892930597	0.16478847494640983	0.6689745357605306
0.16912871007302038	0.1608802696840373	0.6699910202429424
0.16830443966229094	0.16599371396021753	0.6657018463774916
0.16680122208895395	0.17009453577285621	0.6631042421381899
0.166831338879403	0.16872760223113897	0.6644410588894583
0.16915155186323655	0.1676861034131654	0.6631623447235981
0.16601046867004166	0.16801512936691948	0.6659744019630389
0.16687916761908417	0.16742131965150842	0.6656995127294075
0.16589065228720215	0.1699660704125937	0.6641432773002043
0.1671507862744666	0.16175856812754882	0.6710906455979847
0.16788712640199513	0.16647740405418587	0.6656354695438191
0.16709957274817822	0.16501616177053785	0.667884265481284
0.16767329139331516	0.16045189388500547	0.6718748147216795
0.16857648854245189	0.1652357383111636	0.6661877731463846
0.16917406362305054	0.16044980023471683	0.6703761361422328
0.1687940047633031	0.16328773036253066	0.6679182648741664
0.1666049732359141	0.16816930995831286	0.6652257168057731
0.1676916611986904	0.16539375866353584	0.6669145801377738
0.1672146250636507	0.16933668430977866	0.6634486906265707
0.1680778647196238	0.16467210431905943	0.667250030961317
0.16908720560967266	0.1664542847720667	0.6644585096182607
0.16916763006113883	0.16469594947329938	0.666136420465562
0.16929050052945405	0.16569659096384254	0.6650129085067036
0.16622095768349232	0.16803761671737033	0.6657414255991374
0.16918214471664111	0.16576785646348074	0.6650499988198783
0.1658263426725036	0.16486276359003973	0.6693108937374568
0.16733274151429084	0.16180354949115194	0.6708637089945573
0.16842883169291964	0.1676475113807036	0.6639236569263769
0.16716831055892994	0.1612467507256558	0.6715849387154144
0.1674604719438521	0.16061210264451206	0.671927425411636
0.16684294170251934	0.16501999156716649	0.6681370667303144
0.16624260301900892	0.1683471330794774	0.6654102639015138
0.16718476111307193	0.16063982668664067	0.6721754122002875
0.16837148529396884	0.1623165053442176	0.6693120093618137
0.16753790106578498	0.16174767054912725	0.6707144283850879
0.16778576877340584	0.1657833211832258	0.6664309100433685
0.1679365837417283	0.16258548328097222	0.6694779329772996
0.16681905704271646	0.16815276160032455	0.6650281813569591
0.16757924699092966	0.16384817264165324	0.6685725803674172
0.16866476639305072	0.16355703284229756	0.6677782007646518
0.16738949910266654	0.16167111541924645	0.6709393854780872
0.16633047638411091	0.1619157140252949	0.6717538095905944
0.1657704838702348	0.1658632235218611	0.6683662926079043
0.16852352528853468	0.16083451778151725	0.6706419569299482
0.16617425807877062	0.164080684322617	0.6697450575986126
0.1675085224974603	0.16112558328722326	0.6713658942153166
0.1665540105305473	0.17038763968974424	0.6630583497797086
0.16769067117413544	0.16076137784332753	0.6715479509825372
0.16931514493963234	0.16033386160936514	0.6703509934510026
0.16841345206040986	0.16261060869689103	0.6689759392426993
0.16771202376908378	0.1678082425086903	0.664479733722226
0.16635330932728626	0.17039578800963256	0.6632509026630813
0.16732961742269326	0.1629269335402827	0.6697434490370242
0.16676522527592247	0.1658219529889252	0.6674128217351525
0.16707596994422752	0.16341157900794967	0.669512451047823
0.16819567240146155	0.161971958785807	0.6698323688127314
0.16686076265988442	0.1689210332489427	0.664218204091173
0.16622401870442222	0.16547554541382253	0.6683004358817554
0.16667918009432717	0.16124546607798457	0.6720753538276883
0.169396600627937	0.16435845200607252	0.6662449473659906
0.16575045291071638	0.16582182813405932	0.6684277189552243
0.16584531395347712	0.16177476292197399	0.6723799231245491
0.1658431743529458	0.1672852985069374	0.6668715271401169
0.16906715921153306	0.165413631855584	0.6655192089328831
0.16714585939355864	0.16475273324599884	0.6681014073604425
0.16793380074624115	0.16607932664195643	0.6659868726118026
0.16607424949027913	0.16279864164166957	0.6711271088680514
0.16706940174479393	0.1647981290628659	0.6681324691923403
0.1694892568764114	0.1670193312117388	0.66349141191185
0.16791627524243063	0.16537981255031536	0.6667039122072541
0.16638072555436056	0.16587881402616067	0.6677404604194789
0.16911987431028574	0.1639483004610848	0.6669318252286296
0.16664589710826563	0.16802722647008111	0.6653268764216533
0.16780118009854056	0.1679060441374927	0.664292775763967
0.16703457059776428	0.16581098708418268	0.6671544423180531
0.16776391898923254	0.17002912837026693	0.6622069526405006
0.16822303190695492	0.1684010778554213	0.6633758902376239
0.16676629950082558	0.16346328430942672	0.6697704161897479
0.1693987946089623	0.16032885763627047	0.6702723477547674
0.168319817962282	0.16706360580018204	0.6646165762375361
0.16766925389423304	0.1683643671339737	0.6639663789717933
0.16627368574387677	0.16912946925342187	0.6645968450027016
0.16936094345548808	0.16623993136063198	0.6643991251838801
0.16691712588332308	0.1655273809763231	0.667555493140354
0.16593815877342868	0.1619459971204602	0.6721158441061112
0.1670229382402581	0.1679951148830934	0.6649819468766486
0.1665342767662529	0.16251635454289065	0.6709493686908565
0.16610554484506396	0.16793438884152442	0.6659600663134118
0.16932315559420713	0.16149046527810174	0.6691863791276913
0.16721284498379763	0.16418647202351905	0.6686006829926834
0.16747604166632957	0.16931969128077062	0.6632042670528999
0.16928203120035534	0.1629422042915304	0.6677757645081144
0.1660060248109886	0.16679074288541437	0.6672032323035971
0.16789397646089307	0.16809525354894034	0.6640107699901667
0.16649399429791134	0.16613890230089023	0.6673671034011985
0.16595569053143158	0.16699043961824758	0.667053869850321
0.1678586199329601	0.16487930008710383	0.6672620799799363
0.167890744012212	0.1647873961491299	0.6673218598386582
0.1672082983923058	0.17001014717449497	0.6627815544331994
0.1672391826340581	0.16909588720275034	0.6636649301631916
0.1670470524013391	0.16915897460746834	0.6637939729911927
0.16857698120195458	0.16874840545374653	0.662674613344299
0.1669192049608375	0.16268150355267524	0.6703992914864874
0.1684325428877827	0.16648139291922245	0.665086064192995
0.16928551116075952	0.16818860142097813	0.6625258874182625
0.1675150631457328	0.1699062706229068	0.6625786662313605
0.16773596381514005	0.1619213309856818	0.6703427051991784
0.1660654914402733	0.16675672245532558	0.6671777861044013
0.16589053332034692	0.16934275490279388	0.6647667117768593
0.16808783045222986	0.16451404169095618	0.6673981278568141
0.16656030840236366	0.1644534174002291	0.6689862741974073
0.16605100553902094	0.16508726068329496	0.6688617337776842
0.16846301255918428	0.1654299890984957	0.6661069983423201
0.16626983671253587	0.1633803805688132	0.6703497827186511
0.16696619312582187	0.16768532627151797	0.6653484806026604
0.16852430035722576	0.16347572364822635	0.667999975994548
0.16919143991839455	0.16548302251092395	0.6653255375706817
0.16910907297989303	0.16175777542215536	0.6691331515979517
0.1690349082092463	0.16054178419778214	0.6704233075929716
0.167415133689535	0.16786538380537763	0.6647194825050875
0.16933034046533657	0.1612980088341375	0.6693716507005261
0.16646509615104937	0.16384984162289967	0.6696850622260511
0.1668508982173934	0.16703980818176548	0.6661092936008413
0.16707219472958446	0.16876090901069335	0.6641668962597223
0.16673161115131635	0.16922182233966548	0.6640465665090183
0.16742464852063704	0.1632561755480753	0.6693191759312878
0.16599820349666028	0.16212285631542905	0.6718789401879108
0.16945193190808727	0.16356640969805353	0.6669816583938593
0.16869494664682083	0.16101064350302866	0.6702944098501507
0.16598038113129032	0.16950129879958264	0.6645183200691271
0.16685061727905054	0.1644614081399523	0.6686879745809973
0.16864026272808522	0.16880699026781582	0.662552747004099
0.16793072066760104	0.1628630000270192	0.6692062793053799
0.16782885249352097	0.168378484318294	0.6637926631881852
0.1677347696591096	0.15997406373172043	0.6722911666091701
0.169517977823936	0.16393661300872947	0.6665454091673346
0.16714897165025477	0.16773737678112677	0.6651136515686186
0.16833833959063654	0.1690968061434834	0.6625648542658802
0.16577265752742712	0.16992592166189618	0.6643014208106768
0.16579053861833518	0.16172309910278054	0.6724863622788844
0.16808143533172065	0.16109942611482686	0.6708191385534525
0.1671253401641236	0.16495212058994174	0.6679225392459348
0.16887552894514546	0.16103987260120106	0.6700845984536536
0.16931494766567928	0.16826486908725258	0.6624201832470682
0.16704408201155724	0.16398839707217577	0.6689675209162671
0.1693748447314009	0.1655039196653622	0.665121235603237
0.1680952667597958	0.163307057264723	0.6685976759754813
0.16629419292045583	0.16112663539360667	0.6725791716859375
0.16791997127609531	0.16978189658402543	0.6622981321398793
0.16843652062655323	0.16389762951689224	0.6676658498565546
0.16888179006846316	0.16742853780871603	0.6636896721228209
0.1661870123258739	0.16925346448742687	0.6645595231866994
0.16697003085291867	0.16204332255762016	0.6709866465894613
0.16713187862284062	0.16283489941959867	0.6700332219575609
0.16824752556357186	0.1600267864240763	0.671725688012352
0.1692272290268395	0.1604186040866533	0.6703541668865073
0.1670793231380344	0.1660622133684208	0.6668584634935449
0.16588660448155812	0.16816028217812484	0.6659531133403171
0.16677103319393877	0.1687306801810488	0.6644982866250125
0.16710171249287575	0.16429067318017423	0.6686076143269502
0.16610544419371537	0.16781219384110513	0.6660823619651797
0.16787613317028102	0.16522074480865412	0.6669031220210649
0.168389381128365	0.16901938210378797	0.6625912367678471
0.1694754445673201	0.1614583462833074	0.6690662091493726
0.16795548541883346	0.1649005989613783	0.6671439156197885
0.16661137622287772	0.1689223329760782	0.6644662908010442
0.16908042198067	0.16145891640455018	0.66946066161478
0.16937484450203893	0.16589050233749889	0.6647346531604623
0.16721947668140522	0.16488420039587237	0.6678963229227225
0.16778893906102224	0.16773708746454447	0.6644739734744334
0.16648942149205334	0.16441699019818096	0.6690935883097658
0.16927568795715583	0.16312670573671517	0.6675976063061291
0.16776826727486704	0.1652713763495529	0.6669603563755802
0.1663326359058289	0.16600695293319634	0.6676604111609749
0.16949732187960098	0.16506812526085718	0.665434552859542
0.16617311856544265	0.16598542980841346	0.667841451626144
0.16755480097217162	0.16246286729793252	0.669982331729896
0.16798239791681302	0.16086172473103016	0.6711558773521569
0.16884093158924923	0.1631869669382495	0.6679721014725014
0.16707530068697657	0.16943472299840273	0.6634899763146208
0.1687087879250244	0.1677407815551511	0.6635504305198247
0.16781760305506455	0.16773990340715114	0.6644424935377844
0.16797518051774005	0.16624622650095716	0.6657785929813029
0.16602166314315003	0.17023487053107955	0.6637434663257704
0.16841123672504654	0.16714953982624398	0.6644392234487095
0.1692815585281987	0.16299758616337737	0.6677208553084241
0.16871345971945287	0.16566090736055145	0.6656256329199958
0.16933178248133418	0.16757919067012705	0.6630890268485389
0.16784001415367916	0.1611743484561745	0.6709856373901464
0.16730104356265746	0.16229485375705047	0.6704041026802922
0.16679398683510227	0.16099738578322653	0.6722086273816713
0.16879339231092824	0.16434345750501272	0.6668631501840592
0.1669801283208487	0.16290252596808022	0.6701173457110712
0.16655128820865678	0.16370622152749523	0.669742490263848
0.16754879808284345	0.1703988578132124	0.6620523441039442
0.16611290239448454	0.16446781637179197	0.6694192812337236
0.1666281591108509	0.1631975180595325	0.6701743228296168
0.16586481809745562	0.16360562154677227	0.6705295603557722
0.1686858114028214	0.1625560840749651	0.6687581045222136
0.16717801512665925	0.16134154243272536	0.6714804424406156
0.16696289507222728	0.16300284769518542	0.6700342572325875
0.16912649033873933	0.16588306981157114	0.6649904398496896
0.16648312824157202	0.16342787317921392	0.6700889985792142
0.1687437742924081	0.1676121088989455	0.6636441168086464
0.16850360843105727	0.16325388253525036	0.6682425090336925
0.16914514239711625	0.16886763176113195	0.6619872258417518
0.16586548638873555	0.16790391818818606	0.6662305954230785
0.16789604746515863	0.16134448977556592	0.6707594627592756
0.16904427876670267	0.16022699575320484	0.6707287254800927
0.1690963860008568	0.16597115032794213	0.6649324636712012
0.16666098296198437	0.16170811250151776	0.671630904536498
0.1691700871934681	0.16218282711520826	0.6686470856913238
0.1658754555810446	0.16516129415046044	0.668963250268495
0.16831120179882428	0.16854383354274163	0.6631449646584342
0.16624575817996662	0.17033158319378378	0.6634226586262497
0.16601998918725197	0.16171425952388482	0.6722657512888633
0.16649897521786916	0.1619892536611755	0.6715117711209555
0.1676409017278786	0.16894953321606848	0.663409565056053
0.16584438035506024	0.16968071523563005	0.6644749044093098
0.1670694128406344	0.16540040108682424	0.6675301860725414
0.16720182760786145	0.16198042174780677	0.6708177506443318
0.16652570708444692	0.16392381145162543	0.6695504814639277
0.16594574232449502	0.16588245222710107	0.668171805448404
0.1665032306501505	0.16832483090672462	0.6651719384431249
0.16768178439573855	0.16306587106263531	0.6692523445416263
0.168834419909687	0.16607642737350742	0.6650891527168057
0.16780614130800658	0.16617643150693281	0.6660174271850607
0.16694758584446842	0.16370347854251294	0.6693489356130188
0.16925072493192872	0.1605560267968934	0.670193248271178
0.16609868215617105	0.16401299434699917	0.6698883234968299
0.1687320652173918	0.16665509732620892	0.6646128374563993
0.1662468654617088	0.16809345440355383	0.6656596801347374
0.1688713444659282	0.16709746700500328	0.6640311885290686
0.16887747639275064	0.1668699638122461	0.6642525597950033
0.1664417231640498	0.16732097812465707	0.6662372987112932
0.16844589937957843	0.16708953559701767	0.664464565023404
0.16866917042983756	0.16326766539379742	0.6680631641763651
0.16917464769773763	0.16347949969848397	0.6673458526037785
0.16944634338517384	0.15991028281592432	0.6706433737989019
0.16815281466541007	0.16636673946806907	0.665480445866521
0.16611696635178513	0.16748181569303816	0.6664012179551768
0.16653200700410203	0.16808462871821836	0.6653833642776796
0.16777033884924794	0.16715172776628034	0.6650779333844719
0.16700699627304186	0.16982124972131607	0.6631717540056422
0.16876062689543436	0.16443261988334562	0.6668067532212201
0.1661944735448087	0.16362044651798102	0.6701850799372104
0.16881907009739783	0.1630351065198204	0.668145823382782
0.1661826367490866	0.1701407082686148	0.6636766549822988
0.16810394433357748	0.1608942700713548	0.6710017855950678
0.16748205490889853	0.16001199139111622	0.6725059536999853
0.16632260090501755	0.1640743439341371	0.6696030551608454
0.1691318894692277	0.166183700272373	0.6646844102583994
0.1688160358230011	0.1676156572480494	0.6635683069289496
0.16841957396255092	0.16500074488489988	0.6665796811525493
0.16579993334486964	0.1620535616863846	0.6721465049687458
0.16819028359828112	0.1618322041419747	0.6699775122597443
0.16872574127103052	0.16480968565024443	0.6664645730787251
0.16747075282939117	0.16435173862627261	0.6681775085443364
0.16695078452404225	0.16595883292348104	0.6670903825524768
0.16791910366846358	0.1608666048457374	0.6712142914857991
0.16798130170996275	0.16794610550765665	0.6640725927823807
0.16911879399829918	0.16115431266881677	0.6697268933328842
0.16839795101977495	0.16434584261504792	0.6672562063651772
0.16706908791177005	0.16510457561302744	0.6678263364752026
0.1657849479153149	0.16897205253603714	0.6652429995486482
0.16948102927091516	0.167455709976682	0.663063260752403
0.1688309621499275	0.16694187558995827	0.6642271622601144
0.16881436572859349	0.1608349451908595	0.6703506890805471
0.16779358295898733	0.15999244869646043	0.6722139683445523
0.1663146686273433	0.1660858880740015	0.6675994432986554
0.16924826806142948	0.1611333344391056	0.6696183974994651
0.16796798749959263	0.16543336981488344	0.666598642685524
0.165876325481411	0.16541017665918223	0.6687134978594069
0.1672089726539036	0.16498754768273455	0.667803479663362
0.16926155652476796	0.16128443678702037	0.6694540066882118
0.16923265527471343	0.16332949226481389	0.6674378524604727
0.16921621850509364	0.16550375584253818	0.6652800256523683
0.16878271220524924	0.16882849112856235	0.6623887966661886
0.1678471425705616	0.16030175864914045	0.671851098780298
0.16831119984166393	0.16423117998485656	0.6674576201734796
0.16731458854868692	0.16210108876776935	0.6705843226835438
0.16876495229503738	0.167478789175261	0.6637562585297018
0.16861429269396594	0.1624249502125838	0.6689607570934504
0.16834251022787938	0.16251577370665038	0.6691417160654703
0.16933289584791517	0.16082113336300144	0.6698459707890836
0.16671340318656774	0.16379343441508587	0.6694931623983464
0.16788210680951482	0.1620720874455352	0.6700458057449501
0.16753226847379682	0.1625979225748874	0.6698698089513159
0.1683977073869352	0.16096329039861146	0.6706390022144534
0.16899554498252964	0.16422732687964314	0.6667771281378273
0.16841716252249256	0.16549525277442434	0.6660875847030833
0.16752293381607924	0.16135704746252844	0.6711200187213924
0.16876799755789643	0.16067999196145424	0.6705520104806495
0.1658611137174475	0.16878068119478448	0.6653582050877681
0.167137529562777	0.16772852839189356	0.6651339420453295
0.1670666265540098	0.16536013864238003	0.6675732348036103
0.16668261054544894	0.16115055094177716	0.672166838512774
0.16861147010540464	0.16005801471898856	0.6713305151756069
0.1687879369743281	0.16661484137762306	0.664597221648049
0.1684697568933891	0.16556197912172504	0.665968263984886
0.16787618956123893	0.16455411552390253	0.6675696949148586
0.166834442026001	0.16211977667236316	0.671045781301636
0.16632297801536916	0.16884181333298348	0.6648352086516474
0.16914427079247932	0.1662248735041035	0.6646308557034173
0.1673027449327969	0.16262501177843375	0.6700722432887695
0.16874934393021052	0.16686577101634686	0.6643848850534427
0.16801235193388953	0.16639046694174342	0.6655971811243672
0.16883605402112947	0.16808178931198786	0.6630821566668827
0.16715307319917128	0.16441098734531717	0.6684359394555117
0.16712408639711307	0.16832606915283227	0.6645498444500548
0.16612364923065237	0.16162857832426616	0.6722477724450815
0.1693570427176394	0.1615279571700588	0.6691150001123018
0.16625562011694672	0.1694727384461363	0.6642716414369171
0.16607924797257995	0.17029136300834385	0.6636293890190763
0.16575655334967765	0.16283018218216944	0.6714132644681531
0.165985063517459	0.16458953550362965	0.6694254009789115
0.1688767404413627	0.165057078488121	0.6660661810705164
0.16864045037721864	0.16448741730528932	0.6668721323174922
0.16645859228192822	0.16678641714047407	0.6667549905775978
0.16644813544780562	0.16374408643217625	0.6698077781200182
0.1669816820374709	0.1631122767064893	0.6699060412560398
0.1677678130300903	0.16312865658930586	0.669103530380604
0.16623324751103968	0.16604298910005993	0.6677237633889005
0.16683975628492448	0.1702789206554685	0.6628813230596071
0.16762718915923064	0.16983102323355953	0.6625417876072099
0.16893051538891685	0.16881304164463684	0.6622564429664464
0.1667078668885898	0.1666388239356017	0.6666533091758087
0.16853923361639092	0.16802764399830078	0.6634331223853084
0.16854012825281034	0.16579829122739517	0.6656615805197946
0.1676891930434053	0.16742171770126235	0.6648890892553325
0.16726609049357904	0.16706532458758958	0.6656685849188315
0.16767303143819162	0.16170556790594973	0.6706214006558588
0.16588921142086313	0.16261836208196973	0.6714924264971673
0.16678171751222237	0.16146188770216438	0.6717563947856133
0.16615604801855205	0.1637993991826363	0.6700445527988117
0.16592104445612155	0.16547341415663508	0.6686055413872435
0.16679409279888674	0.16738938927706204	0.6658165179240514
0.16938357234643125	0.1615824692851746	0.6690339583683942
0.16923182813425666	0.16629773478262305	0.6644704370831204
0.16837214095248298	0.16770337423225043	0.6639244848152667
0.1689586946827148	0.16411123815057654	0.6669300671667089
0.16879355515260824	0.1610963818331635	0.6701100630142284
0.1679091677530625	0.16898600239368022	0.6631048298532574
0.16607354781514672	0.1663892253020044	0.667537226882849
0.16629896219836832	0.16528000419726874	0.6684210336043631
0.16744766585132637	0.16213506632301822	0.6704172678256556
0.16718334833998855	0.16996755715319445	0.6628490945068171
0.1693815126650115	0.16128293880005884	0.6693355485349297
0.16735749398259195	0.1692566579205641	0.6633858480968441
0.1685452015631037	0.16807650677179498	0.6633782916651014
0.16664272868349078	0.1674311302366712	0.6659261410798382
0.16769466885105155	0.16879277122700498	0.6635125599219436
0.16758491079144108	0.16540192791494704	0.6670131612936121
0.16685618325156565	0.16814659848952418	0.6649972182589103
0.1692957952494316	0.16428476107367454	0.666419443676894
0.1686753414694901	0.1661841542381292	0.6651405042923808
0.16584822319555612	0.16405985288644875	0.6700919239179952
0.16609875272034413	0.16236648017595723	0.6715347671036987
0.16871659559135743	0.16214366087735477	0.6691397435312878
0.1688815782460611	0.16600542986941325	0.6651129918845258
0.16775408451106177	0.1601188031819762	0.6721271123069622
0.1679722519322289	0.1622235370929531	0.6698042109748181
0.16830880693771672	0.1613212769818569	0.6703699160804265
0.1671523012798909	0.1700571771926156	0.6627905215274936
0.16767605693878238	0.16611458272304092	0.6662093603381769
0.16951624157005704	0.16701426685963308	0.66346949157031
0.16944816581843714	0.16065714093330585	0.6698946932482571
0.16588512813120865	0.1648572043535314	0.6692576675152601
0.16785550779546143	0.1621201949688656	0.6700242972356731
0.16854311319794169	0.16151143418116204	0.6699454526208963
0.1685512479173404	0.1665939405478024	0.6648548115348573
0.16844753947167249	0.16259457654442416	0.6689578839839034
0.1680727098340052	0.16556005927106726	0.6663672308949277
0.16610104594033617	0.16744814832534005	0.6664508057343239
0.16926735357610959	0.16809792929750733	0.6626347171263832
0.16745221390635945	0.1605102306732049	0.6720375554204358
0.16697065865847918	0.1649232466429812	0.6681060946985398
0.16902459007952267	0.16094138955194268	0.6700340203685348
0.16942278138067307	0.16648758157700067	0.6640896370423264
0.1664994846190764	0.16579384283578716	0.6677066725451366
0.1658466452084666	0.16826233241941402	0.6658910223721195
0.1663439997920227	0.1692742116187454	0.664381788589232
0.16636505078663255	0.16250735131065097	0.6711275979027166
0.1678225795084175	0.16476414905095702	0.6674132714406256
0.16912797919609496	0.16815712923364406	0.6627148915702611
0.16758404268259658	0.16115582694929725	0.6712601303681063
0.1676825846070502	0.1613731418736171	0.6709442735193327
0.16611472883419	0.16991861984391565	0.6639666513218945
0.1687361195080358	0.16643716668365094	0.6648267138083135
0.1693904050316553	0.16346143276129338	0.6671481622070514
0.1667203554743259	0.1643678250297905	0.6689118194958837
0.16733517543845103	0.16610632889331742	0.6665584956682317
0.1677481556029063	0.16476788214461913	0.6674839622524747
0.1681254499689968	0.16727961500178415	0.6645949350292191
0.16784658119223478	0.16965089918247062	0.6625025196252947
0.16594454632865105	0.16964588539538517	0.6644095682759639
0.1672509578325641	0.16326235923915022	0.6694866829282858
0.1694036496506628	0.16252738990010188	0.6680689604492355
0.16647185632452102	0.16399612048287143	0.6695320231926076
0.1665158106658509	0.1692483661785047	0.6642358231556444
0.16611029609961486	0.16710585359872504	0.6667838503016602
0.16608112282206536	0.16797046229702173	0.665948414880913
0.16585225095023554	0.16558994127633225	0.6685578077734323
0.16868411530925945	0.1647241031322376	0.6665917815585031
0.16881911745768316	0.16869959611360563	0.6624812864287113
0.16750350522649032	0.16543403191341957	0.6670624628600903
0.16636077893056705	0.16585270619789433	0.6677865148715387
0.16767718918864866	0.16737917869416835	0.6649436321171831
0.1670094202296442	0.16152855326797128	0.6714620265023846
0.16903223116565902	0.16777220497240908	0.663195563861932
0.16850161011281659	0.16264644119312385	0.6688519486940596
0.1682818700785295	0.1647751355063613	0.6669429944151093
0.16792895509029465	0.16104720067180223	0.6710238442379032
0.16589738890383984	0.1622559732093578	0.6718466378868024
0.16648840794285955	0.16645086568732442	0.6670607263698161
0.1688931487536548	0.16533427360614109	0.6657725776402043
0.16793269252543366	0.1656416363211539	0.6664256711534126
0.1694537911304797	0.16609567528458932	0.6644505335849311
0.16789667819782753	0.1658991584837144	0.6662041633184582
0.16899359591154745	0.16407201035544042	0.6669343937330123
0.16680217391619526	0.16624597666183746	0.6669518494219674
0.16685613761919835	0.16392336523024922	0.6692204971505525
0.16608066185530268	0.1638496039039922	0.6700697342407052
0.16626623714233563	0.169596418928884	0.6641373439287805
0.16678370810541268	0.16946371626663123	0.6637525756279562
0.16798541871445352	0.16104102891412408	0.6709735523714224
0.16594762123597173	0.16508656235042357	0.6689658164136048
0.16620097393022332	0.16169959252417074	0.6720994335456061
0.16600073090239853	0.16184595708640243	0.6721533120111991
0.1683827477578041	0.16046794317920354	0.6711493090629924
0.16935647446369603	0.1634044935733262	0.667239031962978
0.1670975053036966	0.17026255176989613	0.6626399429264074
0.16902683410931488	0.16214105744715462	0.6688321084435306
0.16903475078911845	0.1666095768031976	0.664355672407684
0.16702489491741723	0.1677497795604192	0.6652253255221637
0.16743891277960937	0.1636583939417089	0.6689026932786819
0.16787475040246158	0.1625828546825561	0.6695423949149824
0.1678983923954138	0.16788541031985088	0.6642161972847354
0.1683202684622781	0.16078464635955786	0.6708950851781641
0.16727616900008127	0.16344974602876516	0.6692740849711537
0.1686668822807426	0.16431888085963547	0.667014236859622
0.16903480619670894	0.1609531269056917	0.6700120668975995
0.16861093244220304	0.16027168778024953	0.6711173797775476
0.1674654380037508	0.1636826973204475	0.6688518646758018
0.16779398664776587	0.16940574442556386	0.6628002689266703
0.16824991133316972	0.16476912200191265	0.6669809666649178
0.1688331846379758	0.16625725302374084	0.6649095623382835
0.1683466644364708	0.16260940328842904	0.6690439322751003
0.16601943489174928	0.16457795660128613	0.6694026085069648
0.16611654153848868	0.1653031993690642	0.6685802590924472
0.1676245139742643	0.1621783855056147	0.670197100520121
0.1679899085976963	0.16913264888131482	0.6628774425209889
0.16791489207882582	0.16339207935230507	0.6686930285688693
0.16578091937113815	0.1622238941856842	0.6719951864431777
0.16737668240071107	0.16273258843056043	0.6698907291687286
0.16720459040108487	0.1656451319535927	0.6671502776453225
0.16592582193399283	0.16361631337367744	0.6704578646923298
0.16697446504255806	0.1655946180622767	0.6674309168951653
0.1689916571161582	0.16428967748509082	0.6667186653987511
0.16580598593171747	0.16275914404793845	0.6714348700203443
0.16675524384260862	0.1700964871257995	0.663148269031592
0.16583299291636605	0.16902624262643945	0.6651407644571946
0.16741206349119986	0.16183730187318315	0.6707506346356171
0.16585611189012248	0.16383239634833516	0.6703114917615425
0.16748251048216628	0.1629352624634077	0.6695822270544262
0.16832056382633698	0.16179587587302258	0.6698835603006406
0.16841834494944638	0.1658424673652188	0.6657391876853349
0.16633795874315044	0.16305664665452155	0.6706053946023282
0.1682485259780773	0.16934778475888224	0.6624036892630405
0.16642725712581385	0.16813978451427303	0.6654329583599132
0.1663627555785526	0.16771279935027145	0.6659244450711761
0.16668230425986294	0.16277925696627965	0.6705384387738575
0.16795189639898594	0.16321323184348102	0.6688348717575332
0.16670401562596668	0.1700082413787993	0.6632877429952342
0.16591803640961908	0.16514855212984736	0.6689334114605336
0.16924495263951334	0.16379500209506964	0.6669600452654172
0.16923616291878474	0.1678546171674462	0.6629092199137692
0.16644305982937077	0.1635578724607188	0.6699990677099106
0.1669929059457522	0.16451415086162366	0.6684929431926243
0.16607834731023385	0.1633814901210055	0.6705401625687608
0.16875663410300953	0.16127360081501502	0.6699697650819756
0.16780682883426049	0.16105733957063034	0.6711358315951093
0.16707366098352192	0.16569267096762366	0.6672336680488546
0.16765759968346944	0.16022763809570145	0.6721147622208292
0.1675745121956137	0.1618647476774251	0.6705607401269613
0.16690038083184633	0.16155652299233603	0.6715430961758178
0.16874138109312437	0.16287922334668525	0.6683793955601904
0.16667508509700713	0.1633651006116769	0.6699598142913161
0.1673175043711388	0.16209375394278713	0.6705887416860742
0.16750976406443738	0.16851257736806927	0.6639776585674935
0.16701902001707003	0.16575876843592854	0.6672222115470015
0.16847368455064193	0.16300274750319466	0.6685235679461635
0.16725252664346132	0.16165284391598334	0.6710946294405554
0.1680271603519996	0.16073790691530063	0.6712349327326999
0.1685080358319849	0.16744328559360616	0.6640486785744091
0.16765559793835694	0.1643889111168757	0.6679554909447675
0.16718183561473304	0.16264780950365726	0.6701703548816098
0.1685264727606187	0.16760245881408306	0.6638710684252984
0.16605709348699232	0.16982333761135074	0.664119568901657
0.1666552260538259	0.16605216588285493	0.6672926080633192
0.16589732051728096	0.16242932590209563	0.6716733535806235
0.16633316760568023	0.16821978143002095	0.6654470509642989
0.16586818967384484	0.1703198498093067	0.6638119605168485
0.16755472545971928	0.167910855789652	0.6645344187506288
0.16654520210344567	0.16865788397212	0.6647969139244344
0.16704712977652822	0.1692346445109944	0.6637182257124775
0.16856026600801396	0.1673515978978973	0.6640881360940889
0.16613862865562176	0.16176539113771915	0.6720959802066592
0.16595000930789894	0.16265969197746324	0.671390298714638
0.1663099022570579	0.16990842740582465	0.6637816703371175
0.166456125281067	0.16999269725038102	0.6635511774685521
0.16854300662864918	0.1617069439393063	0.6697500494320446
0.16937676722314107	0.16659886089640435	0.6640243718804546
0.1670402848749765	0.16075110393071362	0.67220861119431
0.16844193852540795	0.16140693658523103	0.6701511248893611
0.16595627438452326	0.16199923826015916	0.6720444873553177
0.16658373254877168	0.1637095292771754	0.6697067381740531
0.16833727906754356	0.1626913226424606	0.668971398289996
0.16842067655560106	0.16263011463452598	0.6689492088098731
0.16947066731574642	0.1674205442818144	0.6631087884024393
0.16646886069976594	0.1694426164327606	0.6640885228674736
0.16625911494756387	0.16454980801822672	0.6691910770342095
0.1692307046139821	0.15996660255037046	0.6708026928356476
0.16605175903191663	0.16697345922334317	0.6669747817447402
0.16724873625659425	0.16394284290500313	0.6688084208384028
0.167921817373535	0.16382162961734165	0.6682565530091235
0.1691973317849217	0.16110525747620213	0.6696974107388762
0.16588798635550522	0.1626558073661169	0.671456206278378
0.1684471198197903	0.16652521896052214	0.6650276612196877
0.1662237785783951	0.1646721854257185	0.6691040359958865
0.16621720458361713	0.1617236381979212	0.6720591572184618
0.16733897083006233	0.1602369394497355	0.6724240897202023
0.16798935499822298	0.16300971381426035	0.6690009311875167
0.1677326549739812	0.16701917540371658	0.6652481696223023
0.1666640761156174	0.16157321908414987	0.6717627048002328
0.16905427315273014	0.16718924455765835	0.6637564822896116
0.16856096892073447	0.1669338372409415	0.6645051938383242
0.16905841494952512	0.16291495468378453	0.6680266303666905
0.1675950666536366	0.16905662373683755	0.663348309609526
0.16704748914048184	0.1646909991612302	0.6682615116982881
0.16827562536557217	0.16551961310836122	0.6662047615260668
0.16902086186223317	0.16633496254542987	0.6646441755923371
0.16785880192102356	0.1691208167293015	0.6630203813496751
0.16761735464499788	0.16813431348390384	0.6642483318710983
0.1686425420944711	0.16491420918567956	0.6664432487198495
0.16781866583908125	0.16267137766389933	0.6695099564970195
0.16923399953345808	0.1611988383315882	0.6695671621349538
0.16752037037230355	0.16463427305084605	0.6678453565768505
0.16631607295436784	0.1638854851860695	0.6697984418595628
0.16682832122064128	0.1617678891557059	0.6714037896236529
0.1663088426987971	0.1638767782568789	0.6698143790443242
0.16944276996728008	0.1649887191852314	0.6655685108474887
