0.016923156429723862	0.05095708955581886	0.12570764186974956	0.08270300658915614	0.11407928887256974	0.35865195129927635	0.22320455887747526	0.027773306506230083
0.06206892312594037	0.08348121416816293	0.14344372788993626	0.0497455104170277	0.11048842030578591	0.36094572408969366	0.17061371266948716	0.01921276733396575
0.04985389392917436	0.052455381080907984	0.130691196629974	0.045455570739148285	0.11165148686363296	0.3882619349936316	0.20229092993862202	0.019339605824908568
0.026054274391171972	0.12130608702250069	0.14685218557486185	0.059921795791599244	0.09391870324834488	0.3673968881669159	0.1645611991121446	0.019988866692460666
0.04890117492599723	0.11905497602597477	0.10601831948604365	0.05654879826780365	0.12681346350102687	0.34277254191316886	0.17698576188036913	0.02290496399961564
0.08098596992809678	0.03941173322837492	0.15150582318328204	0.051082085201161115	0.10853231377058972	0.32616374527185865	0.22461022730443397	0.017708102112202584
0.07455852608289337	0.11171792629886595	0.10360828393350928	0.08657403628571214	0.12383567096089694	0.3101291599964552	0.1618984225226097	0.02767797391905727
0.01830812558805013	0.11550385499651877	0.1026173037006527	0.08418801464832625	0.11507368495986793	0.3157687005668758	0.22756293137250105	0.02097738416720718
0.08346310060135226	0.06758533237201932	0.11559343255968334	0.07353174251717765	0.12735397482633734	0.3021201841395901	0.19875323239940798	0.031599000584431894
0.03389649880503749	0.04655823616702286	0.14675221173647185	0.05665439322626224	0.10448570428220925	0.3740924152387739	0.21340221769099837	0.024158322853223863
0.05002438216364373	0.05672817215145792	0.1538667205032521	0.07815063089146654	0.08988047160148438	0.37161845717452824	0.16852760286834714	0.031203562645819707
0.011583087382770446	0.21547627238926464	0.09435518170736028	0.05052104794821907	0.11215796260887628	0.3075079902026655	0.18458355356714035	0.02381490419370326
0.036528239680657854	0.09320591047772646	0.10966062580558888	0.07734501709904414	0.10885492419597613	0.3351492179545641	0.21213519920812324	0.027120865578318998
0.04190728238894792	0.0938709187725022	0.09550390548405915	0.03820826743446855	0.09023196349597745	0.3791551929051087	0.22995361934904848	0.031168850169887297
0.03719502350467194	0.11635064874621083	0.14904609282170617	0.07531456729697691	0.08530327827662612	0.34486810141874913	0.16279740618163743	0.029124881753421192
0.03916478617413395	0.18172613449460134	0.09430503138407931	0.04711497077431101	0.07833410956359704	0.31992308393962987	0.21227282456433477	0.027159059105312508
0.08961934786423625	0.08006020525436958	0.1447455842374207	0.05664726107801078	0.12404815937068822	0.31466791407035233	0.16260659805260022	0.027604930072321676
0.011304804584458955	0.11703655719436451	0.1018191388284928	0.09253901842904616	0.07817382159026426	0.4141631453968111	0.1621772745073583	0.022786239469203773
0.09057591569558726	0.0556974953104797	0.16057265504589047	0.04083274368677128	0.10379563714319498	0.32483563941882376	0.20734641447948543	0.016343499219766938
0.0864935545314735	0.0450839675305789	0.08556982383537745	0.07095227945912	0.08541596248963224	0.41883756037658804	0.17643339041982534	0.031213461357404368
0.08371478196578609	0.08670950434396796	0.08559886299232118	0.04184460859544449	0.12326471664934412	0.36119004510329766	0.18888546358617275	0.02879201676366558
0.05539088041349126	0.1785803069661129	0.11151607132842989	0.03874608895587203	0.07773838595041956	0.34362014023814536	0.17734135949000768	0.017066766657521104
0.05933901125602013	0.13372253677858445	0.10485164023039428	0.04184494516175996	0.10103338340662403	0.3286040981818158	0.20800481969073678	0.022599565294064317
0.03571419098000217	0.15758704645454394	0.08675499886563368	0.09498708720407013	0.08135930018265727	0.30253950104756744	0.21407832510921984	0.026979550156305335
0.08065409921918114	0.09783609589237596	0.0908050791871689	0.07881143190629986	0.1223915835976145	0.3459578173910922	0.15652686117506628	0.027017031631200908
0.04665646726850163	0.043403271960992	0.12815799946900416	0.053252263924789545	0.07845920700871575	0.4147438580077555	0.21257661453979662	0.022750317820444496
0.025887889037506856	0.10756386693127853	0.1406270610772184	0.06437967800736613	0.07879034666780062	0.41021613424421155	0.15620241374233246	0.016332610292285138
0.027148264726586657	0.060506849985325586	0.0879724185879581	0.05999293733000245	0.09415340087168408	0.42230340432017344	0.2299142537825472	0.01800847039572237
0.07544670813154745	0.08570956575163134	0.13623435740077158	0.08322413908392048	0.07708925930105327	0.34192823245912707	0.17822614333723902	0.02214159453470954
0.059879540959229	0.03847505236412252	0.1357602180947698	0.04013779571160439	0.12471007075663121	0.35042580683433444	0.21970526800625234	0.03090624727305609
0.028542392056687543	0.1285953717242268	0.09021307744947274	0.04793093899741217	0.07711629360103275	0.44439372081541384	0.15373111762720393	0.029477087728550067
0.08509094396564737	0.08509341333065856	0.13887880330902172	0.08928193901865933	0.10713721962916412	0.3141255472940113	0.1565167916173225	0.023875341835514874
0.013541711945182569	0.07249919420999429	0.15599079849414196	0.07834995979723644	0.07875612913868511	0.38585943868423866	0.1897519797659295	0.025250787964591292
0.010708959546426589	0.16253808327334468	0.13142232680943955	0.08679066739910717	0.11041062327735221	0.30816723010015984	0.16244098696120993	0.027521122632959874
0.020046716611513735	0.15585982720043318	0.12797583891503864	0.04936292990121646	0.0873439093730903	0.32489157085038123	0.211473965334651	0.023045241813675288
0.023341716208081564	0.1454110373169558	0.10821047659471517	0.08255458993204616	0.10083052459864757	0.35352817689042143	0.17236303754848914	0.013760440910642921
0.07198915001183195	0.11720726993230338	0.1314115216470284	0.04499551007841007	0.11337937594675332	0.3043863830450252	0.19118393215550988	0.025446857183137578
0.06394485439793728	0.09638603371896734	0.13243919488763783	0.06489662146224501	0.10747379956778216	0.322450084234924	0.18468754292327783	0.02772186880722835
0.07996681824658138	0.09163336004153372	0.11071605196915034	0.04537683649120179	0.0924055489232552	0.3704871993790322	0.18813092343394267	0.02128326151530255
0.010113015200860456	0.10199814128628937	0.12957622950589798	0.0866432117198162	0.08095803016256685	0.4056717723342801	0.157850267008661	0.027189332781627912
0.08868185932241374	0.1883112779616155	0.08594233226649821	0.051829523285975426	0.09407656094746757	0.30135871243977563	0.17366500601570123	0.016134727760552456
0.08352300338441154	0.05077173237282723	0.15039479889323992	0.07691583222789632	0.07685008775974572	0.3099323751692742	0.21989942965274545	0.031712740539859424
0.020359259992374173	0.04101807105649048	0.16163379281417734	0.06980235367205613	0.12277639649194108	0.32309971530982057	0.23477072469585947	0.026539685967280527
0.08228625795849255	0.08367466248199895	0.08565261468968074	0.07126352846546648	0.0791259094717704	0.4224257235970611	0.1574427854765536	0.018128517858975957
0.07961987017279809	0.0640669771773457	0.16026340479032605	0.0695202173426543	0.11082696387305228	0.330689308569875	0.17100344249227997	0.014009815581668375
0.014161485555948289	0.17405622053426642	0.13314425710754868	0.03576641197970906	0.1200873263955253	0.3421969100437823	0.15605928425325963	0.024528104129960204
0.0283677481285598	0.07259200265371221	0.125909959163894	0.07973758446876272	0.10803319757692717	0.40333637296233493	0.15398085223160055	0.028042282814208452
0.01403752172444174	0.1503784259811336	0.15598096925300192	0.06312707539333015	0.11765020445734548	0.3030139667170062	0.17470643766576133	0.02110539880797936
0.08471169091820627	0.13018188570911376	0.09325821193270578	0.06750931379899912	0.1213741198094399	0.31053178622495686	0.17467667057997335	0.01775632102660471
0.0351088207698414	0.08487168814346371	0.1369856070493096	0.08035262786222291	0.11807062212625281	0.31269813147035336	0.21223532121150257	0.01967718136705346
0.04505585917603533	0.06868827381905955	0.13884010080906878	0.0927132251249436	0.09547552860792412	0.3396736076976511	0.19884997988130954	0.02070342488400788
0.024442171919525635	0.1221512637743837	0.10342612527273716	0.05559576300166452	0.09747137969057292	0.38367454500715437	0.1835758620712652	0.029662889262696293
0.05868329864160973	0.11341198485168988	0.14457601654172905	0.052621442647125816	0.10010461236243717	0.3357244274502058	0.17550659187723733	0.01937162562796506
0.029961619369644893	0.08658041600185667	0.08775964951246086	0.06805716064304919	0.10190803705434485	0.4287067728083024	0.1722932184257441	0.02473312618459686
0.05875195674576626	0.0649045947322052	0.14307619997214982	0.05427596286493397	0.12257462890402945	0.3186412855139442	0.20494768359925214	0.032827687667718736
0.05643811774734775	0.09990843630338961	0.09037471931343968	0.03867044239133183	0.11403037836494537	0.4133362484936859	0.15973218954920923	0.027509467836650564
0.011710193139577552	0.03473117460751257	0.08582220487127398	0.09332837699821972	0.10520492614862272	0.44152416705430586	0.200407005086846	0.027271952093641458
0.028594484591314806	0.08854918450285554	0.09743928194110801	0.041570269019147316	0.12533819078415917	0.440874014201986	0.1579940562552171	0.01964051870421188
0.019989893511538404	0.11630148139776565	0.1189640098240526	0.08911420130727857	0.08203299019089753	0.3790906979441919	0.17571191220255117	0.018794813621723944
0.01868713112886386	0.16278866564889544	0.14234673458028005	0.03906015407536459	0.10699219071004722	0.2998109892345177	0.1998131459253888	0.030500988696642195
0.07874608416877266	0.0411483729715553	0.12041830796666156	0.057417951156708724	0.0828599095214794	0.44676664536187294	0.15488182153264726	0.017760907320301986
0.04231938426049388	0.04523544604968062	0.1511743909062391	0.03650808822027972	0.10206808732132745	0.3689936316784198	0.2244222517168602	0.02927871984669897
0.028059121345311744	0.1498638423141756	0.15913853134990838	0.04266995334698491	0.07755192831708328	0.32542317880973237	0.19765027559925957	0.019643168917544
0.0610188499074594	0.14124218689729387	0.0998914487438359	0.08759904490438009	0.09878606737926629	0.32482689291785344	0.15433366919479946	0.03230184005511133
0.017831227076608044	0.08452830719277908	0.1551094410624426	0.059790400536005886	0.09980129348794992	0.3547141384217148	0.20069912334140527	0.027526068881094212
0.07465831173107147	0.10646793708850164	0.10715456383550448	0.05866066596876615	0.11816296124547543	0.3336744493019259	0.1768878258332368	0.024333284995517845
0.02102878282279942	0.05942828764072776	0.157370394680399	0.0908240524381293	0.08503245890537878	0.3805344165181104	0.18128027216200954	0.024501334832445598
0.059560583914972626	0.07578532597417267	0.12816817994550744	0.08042878608331465	0.08899552955310913	0.3784791328451367	0.16755389805240026	0.02102856363138636
0.08572552123949512	0.09481317120295665	0.13695048440460408	0.04243733207394006	0.10638622474633966	0.29979641704348003	0.2013639129023686	0.032526936386815586
0.057400598463433414	0.12292521800642862	0.09917742921094203	0.09641952300209941	0.11036283876140682	0.3233113313546208	0.17108265427910657	0.019320406921962102
0.026075811294879667	0.18949213913512877	0.09113382097717171	0.07642598439980555	0.09412200689872768	0.3275809502795276	0.16706427179465655	0.028105015220102225
0.0816879050492754	0.0326988403038912	0.15427897462480755	0.05246214584961792	0.0959665634490249	0.35008283691695363	0.2084898290280105	0.02433290477841868
0.023335474959445796	0.06007887099683007	0.13029772778596285	0.0950977406644067	0.08061079022891818	0.3883973915603608	0.19044961426334056	0.031732389540734846
0.010860018893879303	0.11392228349218816	0.12539473775292412	0.0756899840745785	0.08503264207340872	0.3784624260728777	0.18961953646489074	0.02101837117525257
0.08599354558784841	0.045795251655355584	0.08991141054426116	0.07868291493389806	0.08854340363576177	0.38888356158801085	0.20016619438964084	0.02202371766522307
0.05781936393501061	0.18761078091014266	0.09793754388257321	0.08383931253493314	0.07758598960447229	0.3107112819499096	0.15755755500941518	0.026938172173543162
0.0355711087710997	0.1826910182555592	0.10928704238009564	0.03936282840707839	0.0770331105754804	0.31239959482068413	0.22774527517940824	0.0159100216105941
0.06716242937681621	0.15119098485821092	0.13524010302529982	0.03639527077241138	0.0931113675296718	0.31544894878282537	0.18733284081081264	0.01411805484395165
0.03187324455578122	0.11633590144174091	0.13817724286250793	0.05147888186558924	0.11173694184461791	0.3132259881120016	0.21150162711594378	0.025670172201817235
0.06417889261923339	0.12747692228497426	0.12502358137528347	0.04514177265740586	0.07794278903377841	0.36734839104986317	0.16590801379255693	0.026979637186904354
0.03596677778479557	0.027217229051702277	0.12777999035066923	0.04155099434768318	0.12104952289643642	0.4392070025637248	0.18037364998931096	0.0268548330156774
0.07920152027833585	0.07701854422400625	0.14664904413180782	0.04079265896168012	0.07648359049699625	0.33592051644850307	0.21385129107664894	0.030082834382021473
0.02614020214340111	0.08714498796345188	0.13135848064595115	0.05798512542216605	0.09998456777007572	0.36479711819875105	0.2100916430166332	0.022497874839569665
0.026097588893779583	0.07893666349151579	0.09423786999186587	0.039962738775886616	0.11373886389987763	0.4529822297467241	0.16640270835029466	0.02764133685005561
0.01271567066029311	0.1697055318031202	0.09797201407857108	0.0884801349082257	0.07910758177952378	0.3169629916449771	0.2046344212109652	0.030421653914323707
0.05673002996930847	0.09950043388833901	0.14144126844486596	0.07863638659875753	0.08465304655292791	0.3677500005596911	0.15532336278553177	0.01596547120057805
0.06821173483265601	0.03518062821767355	0.0989772769849662	0.047315072422671925	0.10564566061998336	0.412414284912222	0.20768466819755196	0.0245706738122749
0.043112075149998486	0.05233415673929072	0.09949495700514392	0.04452265886645175	0.09040614630069874	0.4289112695729671	0.2261917054464004	0.015027030919048681
0.034271458323670026	0.12279183865827441	0.09592191514904916	0.05226814964408673	0.08753867091933745	0.3702838657642099	0.20464538594072856	0.032278715600643534
0.0234825962614508	0.11567749522368563	0.10927173399143189	0.09018969296904922	0.12134210714225893	0.36329588325950224	0.15510586755073588	0.021634623601885228
0.07258529538132458	0.03468133859471022	0.1416516898861194	0.07082944390828486	0.12209249981990136	0.32731022271637567	0.20637951186194314	0.024469997831340587
0.07860216177247552	0.08556703988051917	0.13881995493511576	0.08077136648089003	0.0781198134322853	0.3463234189044897	0.1713201048063948	0.020476139787829445
0.010325781190118968	0.14088095977293538	0.11168340533365191	0.038581091611311166	0.09867352927112737	0.412047945817	0.16624796178073015	0.021559325223124925
0.022821299618388996	0.06030631510432072	0.112211718053739	0.06684040976236422	0.08956599380560837	0.4199050442795137	0.20965084023409064	0.01869837914197417
0.0761965015592235	0.0354863952870587	0.11180590091489295	0.08263591608638918	0.09334114125770272	0.38340443328977425	0.1942473995415058	0.02288231206345262
0.08701931148873462	0.05424558640760403	0.16171603094818388	0.044243554819996284	0.08300073730185448	0.33698890862755615	0.21335294412990177	0.019432926276168577
0.0352903482187661	0.17436298447933687	0.0992077769793862	0.05890313479253205	0.10444686434794981	0.3078760115468645	0.19693305786815535	0.022979821767008912
0.015724963835971273	0.06782332190307722	0.09481218104653699	0.05583349359192548	0.10945517121099674	0.42872716416273393	0.19507258891758042	0.03255111533117777
0.03090788110640688	0.045538037292592426	0.16051680876122676	0.051839386636007165	0.10458384871864161	0.3916145951316804	0.19369094713105028	0.021308495222394308
0.06571813592264053	0.04500054592914213	0.13692221980441333	0.05680681637390672	0.09905879511965927	0.4151904892992633	0.155699289200286	0.025603708350688564
0.06349820411464535	0.032038668241147025	0.09296269713421236	0.04900183107600123	0.09868614356180103	0.41149969055692104	0.22306944521136463	0.02924332010390715
0.06610624685289637	0.03110903452206462	0.08587590954247215	0.09118088069408624	0.10103412903252675	0.3659253753463272	0.23463570656077243	0.024132717448854063
0.011638231053609838	0.15011024680215512	0.1483124236080349	0.0396065179441069	0.09205862845835136	0.3613621777170732	0.17598068130634043	0.02093109311032809
0.05217868041887755	0.030994401126478208	0.13939363549994202	0.043052905432919716	0.12555545342523983	0.42610091574818876	0.16097939335320957	0.0217446149951442
0.058830036783144954	0.1089831711398787	0.14403185003737812	0.045318819452264764	0.10115894227685578	0.3141415544378128	0.2064736361188743	0.021061989753790394
0.054742089890625956	0.08884885865191854	0.1365590841147819	0.05404635255293114	0.09761779112497557	0.3549744357615301	0.18522617537912262	0.02798521252411404
0.04318963582573769	0.11155797112731008	0.1495968539162591	0.07307449366513391	0.11938000329158477	0.3097922343737216	0.1637886939246478	0.0296201138756048
0.04432159399539447	0.09007661894665592	0.08944001524115272	0.03657411315806851	0.12348165713612894	0.3740833612204286	0.21606044151999793	0.02596219878217272
0.02201453767132472	0.2129250782287999	0.12192654736967305	0.06618310698317996	0.09750896692200771	0.30077973781125666	0.15883009392631164	0.019831931087446186
0.027400141933523442	0.1213152621936184	0.11554596143715981	0.06949800573700882	0.08673476383735389	0.31976852078564405	0.23266886188803415	0.027068482187657242
0.02571205414779444	0.1162861248892465	0.11778050970403492	0.05442017460448144	0.11396903806649242	0.354132158064955	0.18634393333748603	0.03135600718550907
0.010959792737660054	0.1993499856977164	0.12924821449999363	0.037492914807565184	0.10752691225387992	0.3314781361632272	0.152930265691662	0.03101377814829548
0.03115233414148863	0.05882971050177052	0.15410407468946263	0.04160204665288518	0.08399013017885926	0.41819087641627284	0.18934557462392287	0.022785252795337885
0.059670088074945796	0.1303880867900585	0.08853445920869982	0.03705915873942807	0.122041362469742	0.32022870731175024	0.21973858616743425	0.022339551237941124
0.035408932159651865	0.100848423012254	0.1569135573485135	0.06665953398661875	0.10038409060243711	0.34476659776639274	0.16460342401057199	0.0304154411135599
0.0336384520261164	0.121199760938314	0.11448817253544402	0.08921098859565096	0.0948798706285755	0.31014676205168223	0.20587239171876584	0.030563601505450788
0.026165161103673687	0.10270961332911173	0.13763183958360217	0.08293674255553923	0.08641481567775826	0.3473433143982826	0.19285959554663615	0.02393891780539595
0.010939765172262583	0.02947016386355164	0.12942947714411351	0.04776214381902763	0.111991965425201	0.4632421165672721	0.17884694500493079	0.028317423003640638
0.015632080783885116	0.17435571736401678	0.09580591990473042	0.03815757282169678	0.09652110017835738	0.3672590568428432	0.19067213284956336	0.021596419254906782
0.04020285411907018	0.13886490850680888	0.09645851242892414	0.0850515519739749	0.09757306672562027	0.3526172293701819	0.16064803715313464	0.0285838397222849
0.03685887242648744	0.15196250137312803	0.10812429339697326	0.08648853106069959	0.0843374835276155	0.3074946250985223	0.20429203538960375	0.02044165772696996
0.04773279406101966	0.04550348743107528	0.14383961009152763	0.07746335006686714	0.10163264329458306	0.3716458352096361	0.19247877736076038	0.019703502484530594
0.017623984387770478	0.04684276188463009	0.08547607865940829	0.06533729911223624	0.12303396483914826	0.442976435498892	0.18711411356916025	0.03159536204875418
0.03293835395819385	0.12183146200779943	0.09456654862692289	0.08081483313412263	0.09249256035546058	0.3331183738889105	0.21897462255780148	0.025263245470788412
0.02498314126195493	0.13269433705173095	0.1367919288725316	0.04525834999069919	0.11708697967074883	0.3507987600587774	0.17054679158681116	0.021839711506745713
0.055346888141028144	0.08107534036684297	0.15353119067534265	0.0401870982185286	0.11499171048687286	0.3127653971640805	0.21477270860514203	0.02732966634216201
0.07229693968231936	0.039566562790876156	0.11821386975136576	0.06206850838565628	0.10358674138863283	0.3583306385432006	0.2233650058842912	0.022571733573657646
0.07428416982191788	0.04001000269143826	0.11044294158003562	0.038190726116659995	0.10488523364568578	0.4053328331626306	0.21251245328844343	0.014341639693188302
0.03833096313921072	0.09155290088817526	0.12286966737295975	0.06037448277657792	0.1265585389069948	0.31160586856579375	0.23105933746991497	0.017648240880372618
0.020662520112366578	0.16073415486052592	0.14376564786293886	0.04402875782788178	0.09584927461955293	0.3289058509338584	0.19081768765968532	0.015236106123190027
0.014103792358117373	0.12024472610075959	0.11892248307326654	0.03757431210818615	0.12380701815099712	0.4010622881695888	0.16215529250245858	0.02213008753662571
0.01099294026160258	0.11702869632539682	0.14566984770188784	0.07295019648707912	0.1137383333203347	0.35889927166791	0.15389878802617626	0.026821926209612434
0.06726975457573577	0.04738905095562761	0.08820875125899572	0.08217411457059812	0.12659704670165167	0.4038362080544141	0.16846250922872522	0.016062564654251654
0.05605080790371997	0.0794375689978826	0.14854878557583256	0.04173737790124088	0.10828250267299241	0.3872261172763749	0.16472703712762063	0.013989802544335808
0.0823416694173741	0.11115429681055884	0.1021389291643164	0.03837269147178288	0.10109917216868633	0.35291345623509573	0.19318270200092474	0.018797082731260822
0.061974058471008925	0.03560332054201816	0.09392934857605721	0.08033110969760843	0.1000449016744602	0.4386063944483749	0.16942719564590444	0.020083670944567575
0.07400474915591032	0.06756556928882826	0.15310702267003073	0.04083017724484943	0.11484340342309947	0.3103393483062401	0.2163651044847184	0.02294462542632303
0.04984029000232684	0.1790965400670381	0.11404704492164434	0.05519423528540718	0.08024467127792301	0.32671186766738447	0.1716757032991152	0.023189647479160636
0.020116071567269647	0.08236577269481482	0.12149787757580463	0.08247852292513858	0.11522538437368221	0.3441890763497151	0.2179506803425566	0.016176614171018205
0.08703876352687949	0.13159144770706854	0.130475780309335	0.03527975872252487	0.0920348731103399	0.3362351153802368	0.15740789732839083	0.02993636391522439
0.030973256184098505	0.11433583413015244	0.15533568223789954	0.03864767508685499	0.08336419669667314	0.3227608571911048	0.22224248815057232	0.03234001032264405
0.02448040959134898	0.06474418982355223	0.11883316711563693	0.041978561419943924	0.1097186366074112	0.44412291447804286	0.16758965820602117	0.028532462758042637
0.037556840271884925	0.0973004920836557	0.12586110977654752	0.0903725620357224	0.1057234396191651	0.3039815523327682	0.21650591314238224	0.022698090737873766
0.03235603146669845	0.13946202943450772	0.11802746323191843	0.08838856735552547	0.07961374653111267	0.3018194403952258	0.21438788334920733	0.025944838235803902
0.03545002031746679	0.1906043738558429	0.12489146223258364	0.03548677182689483	0.1219842678627817	0.31384500950259075	0.15882325913420972	0.018914835267629493
0.05575919001633026	0.04165787070459781	0.14786183639110725	0.07822693006440987	0.12001571860360254	0.3152258594694172	0.22179889082722912	0.019453703923305726
0.05273277992974751	0.0693890335203999	0.11145281425547438	0.07792336051822535	0.11023340689186531	0.38197596631003805	0.16426265457637645	0.03202998399787292
0.06593979331020053	0.084884034426109	0.14868960192483693	0.09220677295915264	0.08578462295549252	0.3194507213668636	0.18533029827081235	0.017714154786532182
0.04081928516045913	0.17543772189900297	0.12668935847588272	0.059715400436445146	0.09062683426405826	0.3010286519054888	0.17463994865893953	0.03104279919972322
0.011056942511744342	0.09844268094744169	0.09304530701924463	0.041752147048046445	0.10861893080375025	0.40898937201589436	0.20889815320075128	0.029196466453126763
0.04657548814343748	0.028874374943990797	0.10953807522533171	0.07122916664383128	0.10909303136493537	0.40223075252036833	0.2089076677890629	0.02355144336904194
0.0441058764660963	0.13677726659756753	0.10092127132702983	0.0797678609019295	0.12657118608884083	0.3124608280692437	0.1782518750374154	0.021143835511876763
0.06181782942242581	0.04305004598350924	0.13588705131324808	0.0853295544172628	0.09515909365155238	0.34182779084720316	0.2207176989626793	0.016210935402119125
0.013885260801342891	0.08608166807299913	0.16146996553159096	0.03555208012334579	0.10696291693004026	0.4093562856093118	0.17278099249682194	0.01391083043454698
0.07930079825183298	0.0720838296615931	0.1464571793711205	0.055551867559227225	0.10644030522808728	0.3162199368655728	0.19972956001217718	0.024216523050388752
0.01110650388607834	0.0638843507522096	0.11416479093995147	0.035473071988594174	0.11360046259360519	0.4503184936826097	0.18949017772448543	0.02196214843246591
0.0319303679252845	0.08040800063893855	0.12205751890407943	0.07417434025776018	0.10994859446831673	0.3604505933923053	0.19583317326183725	0.02519741115147789
0.05793203742812715	0.07271294077105873	0.10633565465226752	0.06113367025479667	0.08643200037462855	0.4267554287388924	0.16094409480394248	0.027754172976286254
0.02607705607006254	0.0809622341382256	0.1318185727328582	0.05924710371739089	0.11909349548841498	0.33650848275053136	0.22567906025507656	0.020613994847439684
0.06028631935087059	0.04316305752287128	0.10121271267015318	0.03764291495214077	0.08881411571462398	0.42158284811703206	0.23365369298447158	0.01364433868783628
0.014943090210599239	0.07652201230132245	0.11886251476069523	0.04018060214912492	0.0979804136157576	0.39318689275246355	0.23215449863010917	0.0261699755799277
0.014003206396759588	0.08699897675571897	0.16074049306474297	0.04053300114530155	0.09980795377587152	0.41591849249477775	0.1563678113971782	0.025630064969649285
0.026754919729351914	0.07644977596871004	0.10454521763877309	0.08815667859748402	0.08151712383933066	0.40357339415803106	0.20127985845886098	0.017723031609458012
0.04686872501302816	0.10941763092660467	0.13267705341304772	0.06259491841104534	0.10074789412329935	0.36159309596688194	0.16805537541433335	0.018045306731759247
0.06051916051552639	0.03773610276462597	0.0886593288686352	0.04802391703991056	0.09533668409522678	0.4406940300355596	0.19953433825937864	0.029496438421136598
0.011664634828983292	0.03474587875262071	0.13195899358901683	0.04546024462838445	0.09769746646742089	0.4629808388776836	0.19839025054483306	0.017101692311056974
0.05964900197340857	0.1572985150983916	0.15409069270884804	0.04338317784109316	0.08843214459393095	0.3027057942794189	0.1790092566998841	0.015431416805024481
0.05439447379560919	0.13874789003755983	0.10583173382629352	0.039851269932179745	0.11913574832779082	0.35497321881603155	0.15556734535166225	0.031498319912872885
0.014641334679993248	0.05909664614962566	0.10075805888205167	0.04079510366504928	0.0847887089301288	0.4789987479642589	0.19024470303963764	0.0306766966892546
0.0357002785612843	0.23531406447150047	0.08768952225439657	0.0487960866795685	0.10586254368104328	0.3075338006089207	0.1547993104101317	0.024304393333154303
0.0344387224144289	0.13812640784717573	0.09935643330692735	0.06436455213690108	0.09466941331707923	0.3293971696484639	0.22331560058846403	0.016331700740559632
0.04501452021740486	0.08791193054343266	0.13714785659549722	0.08143855555108478	0.0864651963694959	0.3346977268349322	0.20202968655633646	0.02529452733181571
0.01358763940076596	0.06109192308476161	0.12858866438831038	0.09174048082388572	0.10018160315328592	0.38165185945828306	0.20863969537231514	0.014518134318392079
0.028921990857018187	0.07998603599471443	0.11188777116537708	0.05405250102417131	0.1054554058752179	0.38243138279600564	0.21381669523843236	0.023448217049062928
0.035226562462651156	0.06408630254750955	0.11201686141989702	0.09066931149335583	0.07988039213064425	0.39074806974817533	0.19489772626889945	0.032474773928867245
0.03653396933880165	0.15641373354462376	0.10606646391416549	0.03727689150896288	0.12496989365762502	0.33979346296822244	0.16783347615876704	0.031112108908831537
0.0701088117995341	0.08218111992450858	0.09831375713453439	0.056661601208301715	0.0754154324738723	0.37015416630935216	0.2212801276888682	0.025884983461028355
0.02513257510228828	0.02745375945435205	0.10893639617060716	0.0937323024593965	0.10742088210303391	0.4038310847789538	0.21426668588790213	0.019226314043466003
0.0849857851233585	0.056848578227042326	0.09681446188472931	0.06569511297690137	0.08033784024943899	0.37143697837383605	0.21359823925423788	0.030283003910455325
0.04750370241503145	0.07847560967011197	0.13912500273519565	0.06385757548310925	0.08272088451901234	0.36846162581982056	0.1872553432975323	0.03260025606018627
0.056697696217826984	0.10542135959306213	0.13684689842890482	0.044162452166313176	0.12231390309894062	0.3294784557900847	0.17908947634357675	0.02598975836129057
0.08135674721419558	0.08571587424747137	0.1358400040354332	0.039129149791169576	0.09907814806967116	0.3142887959063979	0.22728711282292283	0.017304167912738103
0.060803111092023326	0.1460204325321219	0.10542642988557502	0.07676821501232906	0.08708576250205985	0.3090806957308049	0.1991682508161143	0.015647102428971493
0.05525380895734776	0.07539996326655007	0.15929740938925144	0.06112277693934168	0.1119374351690289	0.34113832077842454	0.17251703713059	0.023333248369465445
0.03821975784103129	0.07999048047722018	0.12741601635878003	0.05804628062050636	0.09029606561011659	0.3901070673059511	0.19635398746869231	0.01957034431770191
0.03819706589193801	0.10645899773375281	0.15706126173452672	0.03925775835315759	0.11388801522772947	0.3118978346683363	0.2145662080719447	0.01867285831861419
0.02160912004218704	0.0725667643127488	0.0973691797818605	0.08280389548856434	0.09295963065267357	0.4308110880045767	0.1737083794034944	0.028171942313894444
0.010961978195101585	0.049266801489211115	0.15090746350282716	0.06580566621893819	0.08698629660125473	0.40687028551646	0.19818592579349487	0.03101558268271215
0.07343449035261373	0.13906950867805237	0.14672374309904695	0.037714883348884065	0.09269979991792857	0.3153819054310967	0.17616576950318907	0.018809899669188376
0.0695649380952236	0.06282980903725424	0.13956066359948788	0.04964929838288688	0.11270002945871221	0.3204909590923122	0.21892847945848892	0.026275822875633875
0.05613691976984074	0.08841614308884793	0.10891527504241627	0.08344339441218179	0.09735023418333405	0.3496087831186936	0.1961187107287435	0.020010539655941836
0.025495693809371126	0.1708464082883086	0.12396149635535071	0.06202831192167692	0.07969071591895674	0.3028564031384588	0.2102317619685191	0.024889208599357823
0.058538744598925066	0.06157350960824799	0.09576398651170823	0.07936614975795156	0.09915797505097218	0.37830577299091417	0.20232281097467	0.024971050506610554
0.0731899804500096	0.07674806592317142	0.10930430514827616	0.08084281929668394	0.10868269450795426	0.3431522573081154	0.1821115675215084	0.02596830984428064
0.016494121555407165	0.040525030548158175	0.1425521990242895	0.04928852196367417	0.11392752069811021	0.4047470168303767	0.20450602224125025	0.027959567138733626
0.06781341667154396	0.08105454841477938	0.13877877365559435	0.06697034231254248	0.10694344868580508	0.3377409259220653	0.17118745030391175	0.02951109403375754
0.026617085676025304	0.10371774798949605	0.09360933453546828	0.04537098440637627	0.1170245385077843	0.3851581530656477	0.20522379923880119	0.023278356580400644
0.04078181954057024	0.07398089711703584	0.15061060302203247	0.04282669825023497	0.08951673062083526	0.39950922441515724	0.17265288469111098	0.03012114234302274
0.05543484890529567	0.06675419803925764	0.1426724435123281	0.061861502997134596	0.09676202117176708	0.37262841521932866	0.17729300194255454	0.026593568212333496
0.07186712317319806	0.03533416179012985	0.14639644331220875	0.08582947626296684	0.11317041643985788	0.299042687960797	0.22862069855562023	0.019738992505221098
0.019346415225721017	0.09170831022111844	0.13073570007638047	0.035450984588455164	0.10564934110028903	0.4188257987871812	0.16513990311597862	0.03314354688487593
0.08760282921729864	0.0716399199877329	0.11267577817193276	0.09136566862257084	0.11831709571092991	0.3258214211064566	0.16021197191692488	0.032365315266153216
0.03995382613130083	0.06557136998653598	0.1576494356069486	0.06427409567292933	0.07676901393142857	0.3455597806201188	0.22702700067846415	0.023195477372273537
0.019435157264472702	0.12327088170608558	0.12094548490717405	0.07934091147723844	0.10239695545519889	0.34618039112662735	0.17978671997836734	0.02864349808483546
0.05004726413886296	0.1106790890322238	0.11985934915176773	0.0751444083141297	0.0878125550151262	0.377128062500416	0.15868730356905206	0.020641968278421408
0.04600554068028792	0.04661591835243073	0.15612428944128376	0.06574929785580265	0.09067509115585902	0.36350339698425516	0.20833422996672935	0.02299223556335117
0.031871041804881206	0.11097562054736293	0.1450147130146519	0.07050618058750664	0.10739047228228532	0.31569928949726844	0.18725928213100423	0.03128340013503916
0.02775367976234716	0.13017208819084397	0.13438831164547319	0.0355301230545111	0.08184086908798685	0.37520286810695047	0.18923435825408644	0.025877701897800642
0.07771668453647862	0.0812547747866662	0.15604554493338904	0.0506139274532679	0.08552241354395322	0.3630124241946424	0.16753015112557515	0.018304079426027214
0.022261362331077533	0.16921589674800164	0.11985229121318876	0.07832791341967207	0.09613429555151498	0.3104591588606259	0.18475282842202206	0.01899625345389684
0.03992638460107838	0.1077583178803707	0.11799299477398545	0.07139766075383218	0.10797232405658738	0.3766421677745383	0.15808068021444197	0.020229469945165515
0.03377662231375565	0.10235077266247333	0.09529523087459756	0.05192955900338238	0.0981149241258101	0.3944853080775238	0.20345466414088195	0.020592918801575016
0.06749755239237007	0.057504815679127255	0.14499263736863446	0.06050740035294626	0.12737003809480058	0.36751713646156425	0.15789396922168156	0.016716450428875346
0.024275354525022927	0.05120320959385624	0.08590587190109747	0.06508880630771177	0.11402075729441008	0.4614860520246653	0.17144680710404037	0.026573141249195575
0.0514296837726622	0.08773574028653026	0.09778276300813356	0.07285732046185701	0.12431927493734918	0.36202287625268653	0.17583631806772476	0.028016023213056282
0.015149347653123951	0.08900566273659766	0.09545469487714946	0.06361089588901758	0.10212864600557463	0.3765851700212979	0.22686699803359242	0.031198584783646233
0.07417836483735057	0.170012486937833	0.08974472631958563	0.061051769378878684	0.0989692602898223	0.29947216028497	0.1922015305440218	0.014369701407537808
0.04071160061703753	0.14565250565214904	0.12123285096163908	0.03944000973673664	0.07733991284961561	0.40253222394070853	0.15717653360248246	0.015914362639630864
0.036086449038733856	0.03139500630544541	0.13997083555190587	0.05756739422174456	0.12492200731465042	0.3787239513890196	0.20889324014430766	0.022441116034192465
0.08599811231923418	0.1882916747806822	0.09282913933506462	0.05231178188758075	0.0969718690848789	0.3096166636014743	0.15697473144573457	0.017006027545350313
0.028133469835038394	0.08460988034721931	0.09261308537093567	0.059006824743240496	0.12320320741964172	0.4312749153236908	0.16663272319193995	0.014525893768293524
0.06322957590928532	0.08322219187885257	0.13307309534733947	0.06567507259111734	0.1090704651148843	0.34714203596933585	0.18472618005630687	0.013861383132878075
0.0871445858301845	0.05366561416395807	0.12673152605741234	0.08883549897684762	0.0823834000630582	0.32607648283872237	0.2192291121647435	0.015933779905073248
0.07555201173546039	0.03214846042981645	0.14896263783473362	0.059856568426267756	0.12721483511944276	0.30880675161573556	0.2281236310619344	0.01933510377660888
0.035501078547890585	0.17764998784515695	0.08637548300702015	0.06675460582767252	0.09536583472611082	0.32168700498793446	0.1964156190610293	0.020250385997184983
0.026947018556263344	0.06285256237119695	0.11795034364570661	0.05802816345787777	0.11216046157426088	0.39887921282465644	0.20476127341418893	0.018420964155848873
0.08761273361273808	0.04513802969825412	0.1451515536263673	0.07748228075268408	0.1135264282159952	0.34628087660770523	0.15434570985679813	0.030462387629457632
0.05997538286146589	0.09392598708046307	0.14329878503435348	0.07237157777154622	0.08033883587210658	0.30646174202321064	0.21999286093594694	0.023634828420907
0.07387109008149803	0.028264892220077012	0.12540283422237966	0.04428136210162119	0.08601619488572881	0.4010359937732225	0.21106031207287826	0.030067320642594195
0.012455517484352585	0.13318489236937656	0.09176288399615402	0.05959147275500823	0.12222512438918365	0.3545417097792223	0.19429784026857916	0.031940558958123394
0.05554887312792553	0.14334252833297834	0.08683958127491903	0.04068374270924559	0.09484853976922222	0.34309827593405773	0.21592299884101088	0.019715460010640465
0.03259253307103532	0.04529049262946676	0.11061952288010331	0.036272099256251605	0.10545946613956766	0.46789460820153894	0.18605054940806587	0.01582072841397031
0.03107571257530542	0.08062633206280431	0.08637659152726011	0.0923598160524208	0.12390146077358634	0.3641398029363025	0.20488334850798282	0.016636935564337485
0.020532061862659018	0.12657869611939634	0.14027373925409595	0.040375216138867354	0.12624138119536182	0.32541503749145434	0.20244213363088082	0.01814173430728422
0.05881445472744817	0.06410133856194444	0.09926252474539762	0.07118642945514166	0.09982633692366548	0.37344162196280556	0.20582334832173485	0.02754394530186205
0.07039594503823499	0.0971853586949884	0.09585485867385099	0.08009499627237915	0.07686850447857117	0.34005149215910796	0.22523773284660603	0.014311111836261131
0.02152803970164824	0.130858577756109	0.11650980477191034	0.04907800973531121	0.08693582453804635	0.350411561323714	0.21908287738989562	0.025595304783365025
0.021713244169167478	0.1505230248159133	0.15500686151977372	0.07037994004142153	0.09195860317293982	0.321692627852214	0.17066603233856747	0.018059666090002507
0.0864763156787452	0.04489759717366046	0.08991611736160482	0.07668395860027746	0.08050239607145734	0.3670206533472201	0.23302777726793872	0.021475184499095634
0.029510773824800912	0.09165789059145113	0.11426714213734808	0.08455441246081215	0.12715967571002812	0.30924740733263695	0.2173198806287278	0.026282817314194615
0.03771778618840435	0.12195914080398212	0.12304237973950172	0.07489860406141732	0.08271692853044345	0.32344052290268643	0.20506630504495804	0.031158332728606367
0.08145279610639272	0.027282100221123234	0.13525869769035212	0.08911631245210233	0.0850883067804924	0.3488394565826931	0.21135479698748735	0.02160753317935654
0.019092095773704368	0.146761837650363	0.09121149743511922	0.06276862592321927	0.0881691054581781	0.39366972925722554	0.16554849576734745	0.03277861273484281
0.027121074104441215	0.1246936203979438	0.09862681015999517	0.08217646243881649	0.08478632741141182	0.3793512452398128	0.18391101277155603	0.01933344747602264
0.04160045856950351	0.145502559876178	0.10921196994756256	0.05606782978897944	0.07813327262758939	0.38527471830128446	0.1639915978827811	0.02021759300612136
0.06469041878746733	0.09865422717407987	0.15020937687151298	0.0656566044266945	0.11124999164773541	0.3212445056011789	0.17094660007757878	0.017348275413752057
0.033051090183818424	0.06765888916484895	0.14321837418457514	0.05636727264493532	0.11691327049945313	0.4122007731923515	0.15383302490004094	0.0167573052299764
0.05303769317133103	0.10093407412727073	0.11415566882537066	0.04544344235839265	0.10515885677848225	0.3959781698870358	0.17089960597004816	0.014392488882068441
0.056564206819661345	0.05464990949481267	0.10167404241537152	0.0680530770246927	0.08958659718452383	0.41996074164681085	0.1902384856728964	0.019272939741230566
0.027850759941770692	0.10987119453790566	0.09049841835668695	0.08719739266982462	0.09384976341561765	0.36412125151013586	0.2059100886868406	0.020701130881217777
