0.16486972552433465	0.15579759724704512	0.3166665852708521	0.2639039175732038	0.09876217438456411
0.16483227679254514	0.1561440890689024	0.3090572891168024	0.2722270715081706	0.09773927351357928
0.16200919005070244	0.15727593239842175	0.32142789652413006	0.26143328849010294	0.09785369253664261
0.16118548627805956	0.15686270174615985	0.31688960952050305	0.2670646274797556	0.09799757497552175
0.16127212237754412	0.16642976812518862	0.313723252353807	0.2611046103399042	0.09747024680355587
0.16342423561451233	0.1692271392887266	0.30696548949430646	0.2623528749281287	0.09803026067432569
0.16288710488039382	0.15816767363276865	0.3124530784105699	0.269041690770449	0.09745045230581842
0.16101018673925754	0.16594576513850998	0.3139698934914581	0.26135740422899306	0.09771675040178113
0.164270649409112	0.16028541656199474	0.3145268890775762	0.26157435854178196	0.09934268640953484
0.1623115702140745	0.16572304849184505	0.30896434463598466	0.26459133206793894	0.09840970459015666
0.16169114218194902	0.15842868049991554	0.3134630192880597	0.26709135846672194	0.09932579956335362
0.16375186566348549	0.1630268232491613	0.30748681362298813	0.2673971934065066	0.09833730405785836
0.1632103713533808	0.16744598712972159	0.30733722900262556	0.26449792426592805	0.09750848824834382
0.1638155944405491	0.15681881560989988	0.318062960299174	0.2625803586336955	0.09872227101668127
0.1637105685494984	0.16187194157928106	0.31130270816168054	0.26471923860348046	0.09839554310605934
0.16491969163609108	0.16163223923583342	0.3120077193279732	0.2635686915828958	0.09787165821720631
0.1614012548758727	0.15794977612488698	0.31054512224238373	0.27190330475990926	0.09820054199694711
0.16115833190914824	0.16461374568870263	0.3062813631108835	0.2693359104143617	0.09861064887690373
0.16587531121428056	0.16179546415364743	0.31120879552343517	0.26331218636422665	0.09780824274440997
0.16193987881204513	0.15584594533504506	0.31609569029373524	0.2680382267482757	0.09808025881089867
0.16521679379420903	0.1559578871118688	0.3169034323163441	0.26383108979809006	0.09809079697948775
0.1640010166941703	0.16575585511085597	0.3067030026563049	0.2653700080747828	0.09817011746388588
0.16296842373987383	0.16530730415270645	0.31273305520027067	0.2596705950216782	0.09932062188547064
0.16552441255210504	0.15886484292108857	0.312410186410346	0.26563328320690693	0.09756727490955319
0.16355645117615158	0.16337253223016554	0.31442967438270214	0.2598160480107041	0.09882529420027637
0.16313107787510583	0.1579711206779444	0.3123829725921121	0.2672665832673998	0.09924824558743767
0.16103181225187108	0.1622389922482122	0.3163759633226483	0.26215002849277647	0.09820320368449179
0.16225779059508666	0.15982952286529295	0.3166753469643958	0.26361883807520403	0.09761850150002027
0.16223360130883907	0.15682632243092054	0.3104491994858596	0.271590802520445	0.0989000742539356
0.16387299896039645	0.1654665859726496	0.3110024149570077	0.26109187589720406	0.098566124212742
0.1611619203276962	0.16317866076744442	0.3067128643655903	0.2708023153456319	0.09814423919363695
0.16411502983164056	0.15947426549548255	0.3069305003604573	0.2716842423244244	0.09779596198799495
0.16368094370743108	0.15756251249612596	0.3151405143607133	0.2652867906036502	0.09832923883207927
0.1629008456263203	0.17002350131730123	0.30901421558326203	0.25876899551652643	0.09929244195658976
0.16116853803522924	0.16172036736326473	0.30826238221152463	0.2704748782043431	0.09837383418563814
0.16341399393697453	0.17057813601246094	0.3092850958266681	0.2592652107091021	0.09745756351479415
0.1644652071877634	0.1681960004768885	0.3108424355190833	0.258986687560406	0.09750966925585858
0.16102721254151983	0.1642394580367791	0.3136710948532445	0.26229953620813706	0.09876269836031931
0.1631928380477435	0.16343356863265038	0.3095788041234296	0.26578810097474764	0.0980066882214287
0.1615772359855762	0.15562670131398068	0.31583165946076613	0.26861569565983	0.09834870757984672
0.16510585735817612	0.16539713539419376	0.3077837423671922	0.26381109952642506	0.0979021653540127
0.16378059790653812	0.15790648541305763	0.3149039047989054	0.26441118471452885	0.09899782716696981
0.16198818183610736	0.1585919412428666	0.31563424063077455	0.26508121617446745	0.09870442011578386
0.16410786933045726	0.16390135716372814	0.3077816634793409	0.26576205898561867	0.09844705104085487
0.1642960212607057	0.1607228672953031	0.3172071425236562	0.2600342874706087	0.09773968144972604
0.16253775687084582	0.15738298447521631	0.3194409853903638	0.2621088916043491	0.09852938165922479
0.16472774837611864	0.15571321249967207	0.3094623025456618	0.2724157132120065	0.09768102336654072
0.16485594779504192	0.15702181343488952	0.313867392849338	0.26678855433539633	0.09746629158533403
0.16596091464185472	0.15749359656197606	0.314352518306274	0.26307057767835706	0.09912239281153798
0.16170883164606104	0.15928480302797965	0.31791459382900944	0.26236312545356455	0.09872864604338513
0.16484246754601278	0.16028037256342492	0.31081359424227506	0.26656704468150644	0.09749652096678056
0.1659137611241175	0.161883086420257	0.30850953839291473	0.2643978775849503	0.09929573647776024
0.16101384701224886	0.16133593725643885	0.31464687812626146	0.2641381346445202	0.09886520296053043
0.16471352162261946	0.15559356715948156	0.3128837641567982	0.2678033080701865	0.09900583899091413
0.1617656746671134	0.1622626984582753	0.3180392210796358	0.2600980103904901	0.0978343954044853
0.1632150817491161	0.16188549463593144	0.3063891454262438	0.2710584763076661	0.09745180188104235
0.16295367520903398	0.16960221837435174	0.3105165067983032	0.259282606424982	0.09764499319332881
0.1642902591133623	0.16393699715290436	0.30963644597111784	0.26364025842093164	0.0984960393416837
0.1654008221877418	0.162262831758135	0.30648475325927627	0.2678527302391785	0.09799886255566825
0.1626787028300322	0.16030716570413073	0.3081997194540456	0.270237774432453	0.09857663757933828
0.16256961830153102	0.16099599206225956	0.3166207668710499	0.26172928407076423	0.09808433869439508
0.16196745992909617	0.1709549062118185	0.3078554944470675	0.260082098182973	0.09914004122904463
0.16181726473128422	0.16350304243135422	0.3100665633135448	0.2668034242575035	0.09780970526631307
0.1647856056651547	0.16167660923569757	0.3103596176279055	0.264283083436935	0.09889508403430701
0.16266895914246812	0.16414069188154273	0.3113691437846605	0.26320016447100675	0.09862104072032168
0.16343402422862735	0.1588548630359749	0.30894935978810567	0.27048678226769474	0.09827497067959716
0.16254836756760194	0.15847015531853934	0.3088187740625018	0.27146418458439003	0.0986985184669667
0.16469831500037818	0.16848767932693492	0.3076749906077011	0.26099592787787423	0.09814308718711134
0.16337508444955476	0.1561795199103433	0.3108183209844797	0.2705905027411575	0.09903657191446455
0.1628825080329051	0.16089466653530937	0.31257256416987134	0.26430852486147577	0.09934173640043821
0.16104745826384192	0.15885221285506457	0.31949402039668284	0.26313518105492123	0.09747112742948928
0.1633539216608146	0.16634131663262963	0.31059708241375994	0.2617778560142112	0.09792982327858447
0.16442713714159257	0.16947316781804342	0.3084994991105635	0.2595676795686396	0.09803251636116067
0.163236057507621	0.16236599372381913	0.3116554044677962	0.2635762168684042	0.09916632743235926
0.1642285646328708	0.15970683423776638	0.31628899180868425	0.26158266131659313	0.0981929480040852
0.16186810424319717	0.1708723380713123	0.30798731165497006	0.2617058213586542	0.09756642467186608
0.16520588784349421	0.16925677414313944	0.30820980919205565	0.25916113017318726	0.0981663986481233
0.16118066472756545	0.1635742912304165	0.3109317035790561	0.2652482828573437	0.09906505760561805
0.16544150292830662	0.16188756011256905	0.3069777923847287	0.2665644644027911	0.09912868017160432
0.16345319991524268	0.160535835148296	0.30981607832550856	0.26873459767421687	0.09746028893673565
0.16304414869281256	0.16658603488655174	0.3077686535330561	0.2639220935040561	0.09867906938352328
0.1622661439906395	0.16220044096912517	0.3152353522175598	0.2626027860738838	0.09769527674879146
0.16536931304735827	0.16595314742995806	0.30972471289470416	0.2607933217043963	0.09815950492358305
0.16593717554253207	0.15628869590343142	0.3200933467335943	0.25981551516599116	0.0978652666544509
0.16136538945485712	0.1583248439802732	0.31797231513915303	0.26464804155390764	0.09768940987180882
0.16462114408276154	0.16697375129581551	0.30755368783873327	0.26198538202852456	0.09886603475416492
0.16567790409173103	0.16164986089164246	0.3115164259988797	0.2628302329839875	0.09832557603375912
0.16241080852298054	0.16331319370215586	0.3137872486805747	0.2618853303151804	0.09860341877910829
0.1613466471793933	0.1659076051056071	0.3131179709121378	0.2616868802977103	0.09794089650515132
0.16390548806729774	0.16608120110110783	0.30892831713782626	0.2627626855542675	0.09832230813950045
0.16277591854869444	0.15747689444399326	0.31008553181381593	0.27082244038723924	0.09883921480625693
0.16327869395561312	0.16344456900628487	0.30682522612577856	0.2679170818645808	0.09853442904774246
0.1615175826753796	0.16955744871767403	0.3073419791268324	0.2625035314417241	0.09907945803838966
0.16219546428384307	0.16248297510356263	0.3063844430746985	0.271221671593762	0.09771544594413364
0.16255401249120655	0.1713412010825013	0.3051964507404257	0.262054361038328	0.09885397464753826
0.16330027632816768	0.16199828377328557	0.3162556077433313	0.2604838590075016	0.09796197314771374
0.16563007093327295	0.1564745208365019	0.31525414938196217	0.2651425313181385	0.09749872753012426
0.16594194741854895	0.16049324574408255	0.31488734399435536	0.2601900436259781	0.09848741921703486
0.1620044538150412	0.1577571365053516	0.3129157397564162	0.2694215710106886	0.09790109891250223
0.16542413055144348	0.158227997552406	0.3161711930979684	0.2612082432495273	0.09896843554865464
0.1635635436058962	0.1556807866933858	0.32051875656615764	0.2612120784515823	0.0990248346829779
0.16447719923715654	0.1619904912444482	0.3159140817908778	0.25977743020997407	0.09784079751754315
0.16448560068715357	0.16347231745925442	0.31029721810439254	0.26405349968048636	0.09769136406871293
0.1610050951094757	0.16094161364439732	0.30855684682097084	0.2704290791049899	0.09906736532016601
0.16555770174751872	0.15616752342652376	0.3137185670163831	0.2661705248278604	0.09838568298171377
0.1623807535756285	0.1657981569816585	0.3054469542362438	0.26753153073110214	0.09884260447536683
0.1652016538564348	0.16119654325975763	0.30664307706530236	0.2680653543772368	0.09889337144126825
0.16129673692717872	0.16284866322691766	0.30893154392852795	0.26889477742081896	0.0980282784965565
0.16237327969451798	0.16899346511613872	0.3058937581675343	0.2651109170391893	0.09762857998261949
0.16506307746841797	0.16097529236729735	0.30671927708146174	0.2686389220950191	0.09860343098780361
0.16550090920964863	0.1600692734413373	0.3083799172990622	0.26764899427134226	0.09840090577860933
0.16264661268421327	0.16914776427525302	0.3079693744949329	0.2615545481186816	0.09868170042691901
0.16596634387655473	0.16561339045483486	0.306858971659532	0.26243176052562756	0.09912953348345066
0.161830694294002	0.15865296671479734	0.31560752049591473	0.2660784806882207	0.09783033780706499
0.16425983130289587	0.16242462729219548	0.3056382026926665	0.26990839062411065	0.09776894808813132
0.16119720147841632	0.1559872984701321	0.32016315661440453	0.2641390662569931	0.09851327718005372
0.16205079760512167	0.17053213292358782	0.3051886815105033	0.26426508940028165	0.09796329856050534
0.16155434894920262	0.16829205342057937	0.31198006676219003	0.26064977264590017	0.09752375822212764
0.16283058764491673	0.16584596328983273	0.3096001175775347	0.26257585859484933	0.09914747289286628
0.16464864453134267	0.1631660871793269	0.3082707159705123	0.2651787693187098	0.0987357830001081
0.16117734815983742	0.15605133686793513	0.3216453459760303	0.26317154756810174	0.09795442142809524
0.1612894726459616	0.16515509898294153	0.3053423734823415	0.2698836955980307	0.09832935929072446
0.1614499576453305	0.15840853916885558	0.3107502468673304	0.27089682203643717	0.09849443428204623
0.16362364049076822	0.16663041345627755	0.3108752976682829	0.26077873057641265	0.09809191780825846
0.1640366067332439	0.15903063466660322	0.31201300715006847	0.2660071209361591	0.09891263051392513
0.16202733727474333	0.16288130434523368	0.3104213130234801	0.26691994802889335	0.09775009732764936
0.16118823513740219	0.15828929447085374	0.3204513334390651	0.2614077120981283	0.09866342485455046
0.1618162723255521	0.16100129758131637	0.30968389515093153	0.26827868208801325	0.09921985285418652
0.16255981398003438	0.16390405547238351	0.31482714051255467	0.26117144947727017	0.09753754055775705
0.16456715651195616	0.16320622014777225	0.3095166010869851	0.26481112997826267	0.0978988922750236
0.16452231270750126	0.16649080313604647	0.3065539000526532	0.2646942068087223	0.09773877729507655
0.16095007684582455	0.16292126669647491	0.310353371371493	0.2672272364519732	0.09854804863423408
0.16335885285548352	0.16283857574877042	0.3157230039681224	0.260494783426486	0.09758478400113745
0.161625676012348	0.15704153208197522	0.3207709142469202	0.2622046823394679	0.09835719531928844
0.16582660687536668	0.1653450501889152	0.3116358770531238	0.25865483042284143	0.09853763545975262
0.16138832046922624	0.16035753603129094	0.3129486895897088	0.26652859065985823	0.09877686324991553
0.16142111845715917	0.15806759576231072	0.3099782249872429	0.27165078609677396	0.09888227469651306
0.1646087623472759	0.15815505554385106	0.30898676193821917	0.26926285653203264	0.09898656363862102
0.16096398638837853	0.15589666709956873	0.31600365894983545	0.26783692271013765	0.09929876485207945
0.1644184597500763	0.1563618166089233	0.3212836215382888	0.2597583987251127	0.09817770337759871
0.16294494058870584	0.16481626407727917	0.3106233198400772	0.26259660945939856	0.09901886603453898
0.16193054292927003	0.1576784688538007	0.31217295723619676	0.26936889015814125	0.09884914082259108
0.16137542870464372	0.17012956190788853	0.30741542902636815	0.2617707235123903	0.09930885684870916
0.16502494562887549	0.1581795033382998	0.3163590099863969	0.2616798708003649	0.09875667024606274
0.16221719460012432	0.17171654163046618	0.3074829639209437	0.2596864602236898	0.0988968396247758
0.16519080157019747	0.15580433393550897	0.31485746611823284	0.2658813579368229	0.09826604043923765
0.16477441532959936	0.15640059515681945	0.3154984919960613	0.2658107032457262	0.09751579427179352
0.16173450789076588	0.15616647946391302	0.31478144400726993	0.26931564734480706	0.09800192129324393
0.16360899347635288	0.1601861278277202	0.31109391729001684	0.2660065014394305	0.09910445996647937
0.16384091980398435	0.15774717247013223	0.3201467046565247	0.26070099729898355	0.09756420577037495
0.16278168691159828	0.15978366011108805	0.30766515749458084	0.271733495343891	0.09803600013884164
0.16171855346047512	0.15725733410852133	0.3128294602970211	0.2699735435514632	0.0982211085825191
0.16367031406054283	0.15807127202084603	0.30846911350171013	0.2716182772531025	0.09817102316379825
0.165041397159531	0.1578174578946362	0.31125266554076675	0.266860546964116	0.0990279324409499
0.1639814912234432	0.15629309424088283	0.3166304440739082	0.2645929725681833	0.09850199789358224
0.16140771978739182	0.15949088733233008	0.3201124759504221	0.2600282482127868	0.09896066871706906
0.1653560351655174	0.17119440085504128	0.30529612835842657	0.26006235616882994	0.0980910794521846
0.16303485663092937	0.1671780818476847	0.3090682812806005	0.26208946924587656	0.0986293109949087
0.16245739330664483	0.15871839862874226	0.3111985689825121	0.26958038451476296	0.09804525456733769
0.16415638446550102	0.16047685212894527	0.3092224580197248	0.2668070262628612	0.09933727912296748
0.1616896558625165	0.16265471922216415	0.3132395893429799	0.26388228183476464	0.09853375373757464
0.16480362294625783	0.16282831549501878	0.3117258091208211	0.26139827051994186	0.09924398191796019
0.16550922558721043	0.1655101328983563	0.3055473825775549	0.2653667320390405	0.09806652689783761
0.16109184147942787	0.1575352964084194	0.31454795307727296	0.2682254453322689	0.09859946370261066
0.16330304373892932	0.15857131019003268	0.31117604754875205	0.26843307542835904	0.09851652309392672
0.1632863079083402	0.15651878493560822	0.3118082015311556	0.26985423485765075	0.09853247076724497
0.16382778136392426	0.16050131325655617	0.3096950342043462	0.2673472795117574	0.09862859166341581
0.16438935232415747	0.15631376119753984	0.30872880043549117	0.2715452539650851	0.09902283207772619
0.16269569240175158	0.16538569836104888	0.30551040850840006	0.26746555283866796	0.0989426478901313
0.16121019109862697	0.16866681573681397	0.3089353200399472	0.263617616342426	0.09757005678218562
0.16239226364546944	0.1610858575731149	0.3132706955462099	0.2639823106139042	0.09926887262130141
0.16439918471670723	0.15762155390751853	0.31971707030454716	0.25926812397740057	0.09899406709382633
0.1628312101422067	0.1562101851095093	0.32150262281602476	0.260419548226288	0.09903643370597112
0.1631532718224199	0.15554014092919927	0.31408135614944976	0.2680651220511871	0.0991601090477438
0.16211678017813208	0.16034749053531572	0.31097193448633303	0.26811117975965737	0.0984526150405616
0.16194350245096106	0.15915471713097257	0.31013543074779754	0.2708127455313213	0.09795360413894728
0.16150637676431462	0.1707361964581397	0.30753696191797175	0.26196671307092384	0.09825375178864985
0.16552848446382434	0.16373618735355233	0.30997263822974275	0.2615606850335087	0.0992020049193717
0.16116143823771495	0.16442231035270855	0.31358451282451816	0.2626297337564434	0.09820200482861477
0.1653985856951863	0.15649229849395835	0.3135525302943787	0.26594338932478123	0.09861319619169528
0.1614253321911853	0.15975787899417937	0.310584108264675	0.26984141030363407	0.09839127024632613
0.16249509222102554	0.16265091997267803	0.3071915600318517	0.2686320544254324	0.09903037334901209
0.16129369557416198	0.16242692620690727	0.31468230821730375	0.26299340234006374	0.09860366766156312
0.1648267357010823	0.16876900334983289	0.3071945613114329	0.2600929879479695	0.09911671168968225
0.16329039076609142	0.16170332677815014	0.3127432221810746	0.26458312068606377	0.0976799395886199
0.16331196356826866	0.1641378438490381	0.3105216365376031	0.2641738317863174	0.09785472425877247
0.16290233473340404	0.1600657117973115	0.314884971981486	0.26345059450370106	0.09869638698409718
0.161027412251864	0.16737274378207506	0.30768198376593103	0.26494102687246596	0.09897683332766377
0.16326564259054305	0.17030945830309616	0.30810661316879784	0.2600668873178258	0.09825139861973697
0.16385965770452993	0.16049179180655815	0.3093448796631261	0.2681805802291014	0.09812309059668423
0.1657461104774173	0.1643804727475016	0.30741493071878195	0.2643119785011667	0.09814650755513221
0.16247165386309925	0.15907430856624183	0.3082530473748047	0.2718035307848625	0.09839745941099146
0.16393005006518468	0.1602587392307952	0.31302973191749883	0.2635547112884541	0.09922676749806694
0.16166399997305758	0.15555517303105093	0.3198417022884203	0.26368607308702097	0.09925305162044999
0.16094247261447173	0.15984876533342748	0.31817137112517385	0.2618978787588173	0.0991395121681094
0.1659806044167666	0.15976498631128505	0.31746555576782	0.2590482217668843	0.09774063173724382
0.16396376276901287	0.16100159375879733	0.3098638290802881	0.26582946920542344	0.09934134518647804
0.16315780463013455	0.15709175785484017	0.31149435363013184	0.2698856384801863	0.09837044540470696
0.16478624798654432	0.16433419364985344	0.31056549178341486	0.2625930104355086	0.0977210561446786
0.1647924313381651	0.15781883603602048	0.317195068928079	0.26227849421221106	0.0979151694855241
0.16577467198404605	0.15638374397136126	0.31619916880518834	0.2623202919030456	0.0993221233363585
0.16280090224079938	0.15651370524942793	0.3117022038885858	0.2705368996964779	0.09844628892470883
0.16574069174019088	0.1680073075458211	0.3062322314970187	0.26257180448782635	0.09744796472914272
0.16143486762306775	0.17121506095447558	0.3106298249608603	0.2591614242686891	0.09755882219290705
0.1632912396586111	0.16522259639250625	0.3104153453220031	0.2631915341197013	0.09787928450717805
0.16158126003145215	0.16233796491717356	0.31517623726704486	0.2630521036244733	0.09785243415985595
0.16563334852499992	0.15706120398097262	0.31511940548218675	0.26343046942955217	0.09875557258228834
0.16524230986270938	0.15892666500987437	0.31463213070470597	0.2618501334715097	0.0993487609512004
0.1622708935399363	0.1691769965030168	0.30912292825479415	0.2610364162930235	0.09839276540922903
0.16316430534549678	0.16022627893526536	0.3098025801576473	0.2675785346367988	0.0992283009247916
0.16099183455920685	0.17118231965065261	0.30938113001804	0.2604059897103418	0.09803872606175851
0.16205435422134795	0.17110333240630257	0.3087686477476115	0.2593551216417586	0.09871854398297915
0.16222635154292017	0.16215815624596286	0.3056411885573095	0.2706877573564952	0.0992865462973121
0.163994896114222	0.1560567012209888	0.32035100720327525	0.2613307890414828	0.09826660642003096
0.16554377367461406	0.15762239933641545	0.3166258701495275	0.2610066264568318	0.09920133038261097
0.16456841298188818	0.15788162847616377	0.30895653123332834	0.2703140416037734	0.09827938570484612
0.16437345863337396	0.15543088727296955	0.3100293969300787	0.2711072032291029	0.09905905393447464
0.16383569682625132	0.16031797609371737	0.316815237450916	0.2607571603204318	0.09827392930868331
0.16407019578208945	0.1575485777744442	0.31974687021407816	0.2605846880360186	0.09804966819336941
0.16563637784820634	0.16070774092637855	0.308683784829869	0.2660358066200157	0.0989362897755302
0.16445627462378193	0.15727501169975414	0.30731062499809964	0.2723992836143153	0.09855880506404884
0.16118055008879567	0.15696495965323692	0.3165267301723904	0.26662785500138164	0.09869990508419516
0.16507379395767013	0.1687387748371652	0.30525376715644337	0.26258338288137656	0.09835028116734454
0.16267741486099607	0.1571862299661695	0.31229472423053817	0.26877265468842204	0.09906897625387398
0.16219207813207265	0.16699833048494678	0.3060519704169541	0.26572097872018163	0.09903664224584471
0.16419083725570233	0.15576818949949034	0.31351127373115806	0.2673087264477419	0.0992209730659072
0.16356870147342958	0.16912311748792996	0.3065855906857848	0.26247775621100494	0.09824483414185055
0.16132986590759613	0.1648966492811358	0.3157776613706644	0.2594031084349847	0.09859271500561881
0.16168579742498568	0.16695630112963233	0.311593396778706	0.261564021496341	0.09820048317033478
0.16156081463611377	0.16156365255746918	0.31963566750567407	0.25903918639815016	0.09820067890259263
0.16124933329622398	0.1621900583130011	0.3183424461940414	0.2593669165677631	0.09885124562897021
0.16292288711370123	0.16666298351959136	0.3133827279944595	0.2587444941533897	0.09828690721885806
0.16413441931961606	0.16538059081954795	0.3078686433310501	0.2638872479359119	0.09872909859387384
0.16108488259680837	0.15834769491583608	0.3102732230039805	0.2711649521530426	0.09912924733033225
0.1614650820012695	0.15898306241898816	0.3149379185537514	0.26572746369184147	0.09888647333414932
0.16381744350635521	0.15732906365425908	0.31368205389514275	0.2663468365262789	0.09882460241796381
0.16310447716516902	0.15777724153194167	0.3093829763765749	0.27109956703859733	0.09863573788771687
0.1622929611250253	0.1570128902001392	0.3129687545577793	0.269050019518702	0.09867537459835402
0.161361874496926	0.165117875811667	0.30532171538744846	0.2704527514156129	0.09774578288834543
0.16355578170605317	0.1701473792882599	0.30814985841974685	0.2597492749154514	0.09839770567048847
0.1613038479594816	0.15840844238220286	0.31425386405787853	0.2676475178886094	0.09838632771182734
0.1629328099710022	0.16304584036752146	0.3135173595525204	0.2620317123746813	0.09847227773427439
0.16174370209893985	0.16017204549749736	0.31723750880058454	0.262261246187148	0.09858549741583
0.16336063140164686	0.1661930946375818	0.3121991187700015	0.2596039686326254	0.09864318655814419
0.16320753712163033	0.16288178131016567	0.3078458790551362	0.2680425965705793	0.09802220594248831
0.16498189735512853	0.15920343685219265	0.3098794420061889	0.26704104817026797	0.09889417561622177
0.1637435173374688	0.16099898490738832	0.31061735333289675	0.2668963024616631	0.09774384196058278
0.16245157455806467	0.1626032840305951	0.3093906104547594	0.2676265254078921	0.09792800554868854
0.16094891358871838	0.16102722442434933	0.3117816576297112	0.267158901737513	0.09908330261970791
0.1610240328725205	0.16139037797169337	0.3067127602024166	0.2716818897713293	0.09919093918204008
0.16279006309268998	0.15606398508570457	0.31457830047734237	0.2691217475192938	0.09744590382496907
0.16473274587591163	0.15691268410449707	0.3142074730058776	0.26618796712632975	0.09795912988738377
0.16454910606536616	0.16470052108741418	0.3133686956067171	0.2598036398006152	0.09757803743988715
0.16415137432214968	0.16346263844132647	0.31523375136887366	0.2595599730144435	0.09759226285320649
0.1622612457844241	0.1575869086713692	0.315890589290296	0.2654322201054479	0.0988290361484626
0.16355346806966364	0.16561891863138434	0.3115920777886352	0.2617706757855783	0.09746485972473833
0.16130077497854822	0.16526725271796117	0.3081218476406835	0.2678030236469914	0.09750710101581553
0.16137580895375958	0.1611502935021707	0.3144682396014268	0.26464633897121603	0.09835931897142669
0.1651667537255942	0.15605850406017682	0.321538924906418	0.25871135326979905	0.09852446403801175
0.16187350760286384	0.16530043837186448	0.3056746749120727	0.26906011862010093	0.09809126049309791
0.16167802406824835	0.16513650254579657	0.31042148452651563	0.2651746955168045	0.09758929334263478
0.16218715067157857	0.15860041359485208	0.3100052797938625	0.27062194967893316	0.09858520626077347
0.16505293817528208	0.16805232044148768	0.30560632510954766	0.26367892004265203	0.09760949623103035
0.1656304649096296	0.16026058877276617	0.3105242510480126	0.26533186470692727	0.09825283056266408
0.16147514045172778	0.1589628319137688	0.3207727145759121	0.26127188777514926	0.09751742528344187
0.16304857713115828	0.1658865705839778	0.305976334160273	0.26745832534736025	0.09763019277723045
0.1622397418418552	0.16278075773335074	0.31463225771184355	0.2611732591850347	0.09917398352791562
0.16162651622457033	0.15949738141507214	0.31480818764419505	0.2649942700497715	0.09907364466639079
0.16581079951951405	0.1593647301826201	0.31085464809811747	0.2663472911759306	0.09762253102381757
0.16363688153564304	0.161840296572916	0.3101658977120739	0.26547324030636055	0.09888368387300629
0.1639560476799634	0.16966447834853632	0.3096772632421867	0.25889287504530745	0.09780933568400586
0.16552433407613207	0.16683187815931363	0.3096317345738794	0.25973456211998697	0.09827749107068773
0.16565561397000297	0.16490378495277216	0.3076728640896057	0.262733709814193	0.09903402717342591
0.1609766642590782	0.15845343294361633	0.31360097654248903	0.2693230871346658	0.09764583912015046
0.16241130495564368	0.15739930913134972	0.31424435724529687	0.2684348642184634	0.09751016444924614
0.16122123198950955	0.16575086492527613	0.31129083253695305	0.2642507124815383	0.09748635806672275
0.16223634843755688	0.16794589937906962	0.3088129565018775	0.2635549681199147	0.0974498275615811
0.16270374674148685	0.16578975792049036	0.3122410903347307	0.2603132741566378	0.09895213084665415
0.1629506540513557	0.1558551454834598	0.31724299923576993	0.26534204078152246	0.09860916044789192
0.16227987402924304	0.16429159545240696	0.3066959690520571	0.2686770011001037	0.09805556036618901
0.16320422901654144	0.1566364153629125	0.3099207315048291	0.27193434866705657	0.09830427544866029
0.16196180543623012	0.15585155715962493	0.3122017786123514	0.27244951106786197	0.0975353477239314
0.1617429360154189	0.16052393239288537	0.30972714596944445	0.26985400342254895	0.09815198219970213
0.16261027639919728	0.15752831350060656	0.31371275069635396	0.2671090514972658	0.09903960790657614
0.16318554220379375	0.1595639977635212	0.3123468746156727	0.2666720576487353	0.09823152776827687
0.16423907038570845	0.15766739442286143	0.31374644461727375	0.2655198534221032	0.09882723715205298
0.16515708158422704	0.1572911255455401	0.31663375825145057	0.2634200948811652	0.0974979397376169
0.16208415716864816	0.16385252524307864	0.3101961259641369	0.26459915037819515	0.09926804124594096
0.16171258748031125	0.15606328940382838	0.31764973509434796	0.2667556816677033	0.09781870635380888
0.16446894298872086	0.1583465825703601	0.31414160646215916	0.26373952412254154	0.09930334385621811
0.16198182749631332	0.16049774124456848	0.3101814781485132	0.26870568762553165	0.09863326548507316
0.16521972420302047	0.1581924089604302	0.31772874605943235	0.2600536206889395	0.09880550008817729
0.16527349239168	0.16025113912005182	0.3107822321278151	0.2657522327619795	0.09794090359847335
0.16233706869965642	0.15669519248263175	0.3157511808970391	0.2670496355190601	0.09816692240161243
0.16202889394796718	0.15828467045400982	0.3146347556127528	0.2669637847765507	0.0980878952087193
0.16349612360176627	0.1636844579174394	0.3099358278168164	0.2649683157258668	0.09791527493811092
0.16515485702599025	0.16200221780281418	0.31441932775400266	0.2593663462097908	0.09905725120740187
0.1633292777546271	0.15751216204248153	0.3123070079412954	0.26789954131502625	0.0989520109465695
0.16340490493993431	0.1564834368389278	0.31945527251710665	0.262844204346139	0.09781218135789208
0.16338313360713608	0.16890855407881364	0.31041256121373706	0.2587657755702508	0.09852997553006215
0.16431974565842455	0.15879822725577106	0.31032402110657076	0.26772721176642694	0.09883079421280652
0.16535323022563186	0.16000531713553612	0.31482858908834077	0.2620243645163124	0.09778849903417867
0.16096391013921976	0.16460179336035452	0.3163847640453978	0.2596333990484988	0.09841613340652895
0.1645902089106235	0.15988338688373532	0.30621712992623207	0.27095772134905916	0.0983515529303497
0.16561794527476825	0.16010962302756035	0.3102401910755407	0.2652300521091	0.09880218851303053
0.16590325991576577	0.16698817897456822	0.30805171951782606	0.26135128124132606	0.09770556035051364
0.16121596683211561	0.16450051205173832	0.30882084529285003	0.2674482473441482	0.09801442847914767
0.16461203853076767	0.16623279770348576	0.3074596463350395	0.26354423248758285	0.09815128494312397
0.1652512138718632	0.1638449715345297	0.3113355633257251	0.26041135643084495	0.0991568948370368
0.161028350264373	0.1669353521637019	0.31170707095197087	0.2616601421308542	0.09866908448909986
0.16483644592371563	0.1564912040419548	0.3093985160165528	0.2704127148798835	0.09886111913789304
0.1644936833807466	0.15654900925316156	0.3158283872432498	0.2649547901770409	0.09817412994580103
0.16188194884439783	0.16991924860849542	0.3102254353922355	0.25912501811077976	0.09884834904409123
0.1654954691113328	0.15739650748539685	0.3169667543703125	0.26199731167502865	0.09814395735792891
0.16536785204350798	0.1587468925083803	0.3174965254756964	0.2596644760730292	0.09872425389938583
0.16354535837736509	0.15575070370453	0.3207255014118706	0.2617135404739963	0.09826489603223777
0.16533445758279067	0.1621497849965574	0.3078618687776711	0.26535022709166267	0.09930366155131794
0.16259006974975332	0.16188331876506915	0.31263015145214207	0.26428092818588816	0.09861553184714711
0.1619907067620089	0.16814958199216756	0.30921132120873757	0.26255433116759086	0.09809405886949489
0.16410660626819046	0.1605343578606125	0.31285503820979577	0.2636368021415556	0.09886719551984555
0.16529995578563755	0.15632295464525275	0.3164907818494156	0.26377524729580526	0.09811106042388866
0.1652226130633275	0.1629373300417113	0.3116170638612342	0.2612495509002321	0.09897344213349468
0.16526210366562916	0.1593263999790323	0.30703581496617227	0.2702273449508833	0.09814833643828279
0.16443302648685837	0.15765852125621585	0.30900218563304727	0.2705939652791385	0.09831230134473987
0.16440207615625232	0.15973977797690583	0.30630482326701397	0.2714141939838988	0.09813912861592886
0.1615143572619483	0.16088802372312871	0.3080985853881973	0.2706330361216646	0.09886599750506092
0.16444195134284312	0.15937580475104896	0.3089424273355738	0.2691470575728693	0.09809275899766468
0.16376735000888412	0.1562988236390046	0.31183031341730305	0.26922185199829723	0.0988816609365108
0.16466585394703648	0.15995981789379876	0.3079791462351757	0.26854554057753516	0.09884964134645371
0.164794725286824	0.15743798012415372	0.3154088262259815	0.26469614077092585	0.0976623275921148
0.16199684620717286	0.15990139712993934	0.30652230660783075	0.2724836380168425	0.09909581203821431
0.16496808348493883	0.16504689063613598	0.307402769615423	0.2641343200005766	0.09844793626292543
0.16562089335308747	0.15618302070156886	0.31619236037357323	0.2629571902591813	0.09904653531258892
0.16378301244141605	0.16846298807784263	0.30614556443146174	0.2637152773534042	0.09789315769587519
0.1651798527255673	0.1591113981368687	0.3158764764521891	0.26181081564627073	0.09802145703910399
0.1654458031138946	0.1588691151763209	0.3139421493744225	0.26351065431693443	0.0982322780184274
0.16199456212713922	0.16718179390195015	0.3089151467842532	0.2631816454321051	0.09872685175455213
0.16580121493559333	0.16538469710600295	0.3096819497043191	0.2603781247723995	0.09875401348168487
0.1612289167043543	0.16803841500813374	0.30805765598257995	0.2639350390741887	0.0987399732307431
0.16451570473246438	0.16752095356986194	0.30708931777888243	0.2620737584656208	0.09880026545317022
0.16403734922459173	0.1661898845637284	0.30888502163820747	0.26343691878115877	0.09745082579231339
0.16465956391718967	0.15579631702248542	0.310742953096091	0.2700501259442347	0.09875104001999895
0.16249942924215835	0.17034939753670608	0.3053812126653925	0.2625720616759653	0.0991978988797776
0.16396046353764193	0.15625197515642394	0.31675090195198546	0.26491181128481656	0.0981248480691319
0.16133501232762376	0.16079550306498408	0.3125271888491321	0.2668718901487839	0.09847040560947598
0.16465576243148805	0.16588253565918482	0.3072470650249597	0.2629713890435522	0.09924324784081505
0.16391770089317192	0.16083154599593738	0.3174694513299006	0.25889179851612787	0.09888950326486207
0.1657174011616463	0.16611327955280752	0.30691264308793076	0.2623248177451335	0.0989318584524817
0.16362890762352467	0.16284175076984098	0.31607435263326245	0.2591746422151848	0.09828034675818687
0.1630231126912554	0.16082804952310875	0.31855316042594106	0.25924341085969616	0.09835226649999838
0.16440007286771197	0.16995233775545032	0.3081725785292961	0.25915296107796226	0.09832204976957915
0.1636781147730194	0.16041969839910836	0.31768697269377333	0.2591438365077181	0.09907137762638064
0.16261378790149278	0.15921517759343945	0.31785011398472435	0.26232452665773476	0.09799639386260846
0.16227483571940376	0.15748656691614493	0.31726698991577007	0.2654027963291865	0.09756881111949457
0.16093775980302083	0.17067628360630455	0.31078661588367795	0.258730866705899	0.09886847400109748
0.16267915285760176	0.16382109388207267	0.31128572994600046	0.26323328774995297	0.098980735564372
0.16258253268872425	0.16356898048082513	0.30998811422690165	0.26461999163724054	0.0992403809663083
0.16342249263236475	0.15682604392019525	0.3162255326134951	0.2656787762674079	0.09784715456653684
0.1638854919732946	0.16777500544166	0.3101283399351537	0.2607295326778961	0.09748162997199536
0.16177052860352586	0.1616968527654415	0.3182110144337785	0.25971933647920087	0.09860226771805305
0.16467113410832615	0.16200662219256645	0.31213418803275494	0.2630773447457787	0.09811071092057351
0.16390430868268424	0.16069930622869016	0.30553609566643336	0.27075642261976585	0.09910386680242622
0.16539598620609558	0.15556358494098843	0.3215205422457342	0.26004282727640265	0.09747705933077899
0.16378171501407268	0.15723012565421046	0.3193618544936692	0.26149457909368673	0.09813172574436074
0.16312923328482515	0.15835570474048097	0.3191883995605138	0.2614845212580843	0.09784214115609557
0.16288392209851654	0.16634720225817348	0.3099896047272751	0.26168721496945413	0.09909205594658056
0.16436176159183005	0.1636912841229738	0.30747247127253086	0.2652177469103438	0.09925673610232139
0.16116770391445578	0.17054743197053931	0.30782769555255607	0.2623294328164549	0.09812773574599373
0.16547629913182277	0.1566913850221077	0.3137179891299689	0.26600513074028237	0.0981091959758181
0.1636499628929424	0.1623666599557429	0.3051585899362604	0.27055665272440366	0.09826813449065047
0.16330717264118128	0.16170167049236334	0.30569421175242484	0.2700769180653556	0.09922002704867475
0.16211523924995444	0.15956424194790406	0.30901183425100254	0.2714074735059229	0.0979012110452158
0.16530563910469165	0.17011409559722118	0.3068213542290649	0.2597576658259262	0.09800124524309584
0.16553130518610992	0.1630184009376226	0.31312692780441254	0.2596064407980605	0.09871692527379425
0.16553020853211683	0.16021450899583328	0.30655865787064984	0.26967670696549895	0.09801991763590089
0.16170744260696907	0.16490377799928696	0.30641964453819226	0.2687437234775379	0.09822541137801358
0.16098701357508333	0.15678856635923655	0.3114901073688302	0.27179870204682766	0.09893561065002207
0.16550736014762382	0.15795792760269078	0.3110750088526612	0.2664101483489857	0.09904955504803832
0.16230492134063773	0.16197060556053938	0.3085726112031244	0.2688258324271449	0.09832602946855334
0.1612288215505508	0.15858497079844935	0.31241065435789805	0.2688859802241129	0.09888957306898867
0.16190981551157768	0.164054105612512	0.3103240108611993	0.26612415191676436	0.09758791609794651
0.16340867442903864	0.1604121949527076	0.3133124012919064	0.26434239044436286	0.09852433888198434
0.1634839291043411	0.1667946196089734	0.3117808439609079	0.2601675439697745	0.09777306335600294
0.16159864813497424	0.16426506917410322	0.3075356085735961	0.2680638814807749	0.09853679263655132
0.164132508037326	0.16848279462159627	0.30545387401163004	0.2643184779350811	0.09761234539436636
0.16331716334754676	0.171846903894516	0.30601677579767883	0.2603008473241054	0.09851830963615277
0.1617430070725832	0.168326940104568	0.30634056675965915	0.26608660746536994	0.0975028785978195
0.16266949925625174	0.16539731110305064	0.3131319602181981	0.26068702844481684	0.09811420097768245
0.16338196644153674	0.16767375317196728	0.31060620945256945	0.25929687141186886	0.09904119952205746
0.16118176729438655	0.17011130374219807	0.3054216821388148	0.2653002698018332	0.09798497702276716
0.16384705887438808	0.1628321654841185	0.3141871412285452	0.2616087579024526	0.09752487651049546
0.16510245345507188	0.16076028184927899	0.30719485223451304	0.26873751177782645	0.09820490068330948
0.1641742265402255	0.17161998279363014	0.30544522204574454	0.2603201626250141	0.09844040599538545
0.16093354832733425	0.16433134981979686	0.3083638312823569	0.26715555573818767	0.09921571483232415
0.16130234550493838	0.16874061838184792	0.310763889470653	0.2613313732385277	0.0978617734040328
0.16255599357954278	0.1616254223255365	0.31176394251659806	0.2661072047099361	0.09794743686838633
0.16213108989955466	0.1603084140963868	0.3206401553060838	0.25934941225563846	0.09757092844233609
0.16343408764763767	0.17166168096583773	0.30756381639643626	0.25932984217817634	0.09801057281191178
0.16446238843627772	0.16470463520994805	0.30804918776007073	0.2639239587811293	0.09885982981257402
0.16316694064506007	0.16058842384580188	0.3108825870073533	0.26621095045402215	0.0991510980477624
0.16377992903172112	0.16366304349820915	0.3114436411081549	0.2620125059573796	0.09910088040453496
0.16238719046687475	0.15839033634593983	0.31120941796655016	0.2696199897720378	0.09839306544859726
0.1611241169778786	0.1588837828844288	0.30869628528929355	0.272370968483042	0.0989248463653569
0.16257440038014603	0.15875333176694567	0.3164549822537661	0.26380767109620584	0.09840961450293617
0.16112320116155318	0.15563467292822558	0.31329251632294663	0.27158197964411124	0.09836762994316317
0.1609558606178885	0.17168481990041048	0.30675431368059447	0.26139578527288526	0.09920922052822106
0.16315952241289094	0.15992905817047848	0.3053025095529311	0.27243610091492226	0.09917280894877699
0.16101348021814613	0.1566798889133309	0.31088354731255863	0.27243658567366513	0.09898649788229899
