0.23575007057862854	0.05979109897775278	0.3193624673584951	0.15739996895350097	0.22769639413162235
0.23577789018461218	0.05977149458317402	0.3193919360675944	0.15739610743029686	0.2276625717343223
0.23586129696855607	0.059437045970992225	0.31939865051362326	0.1574110901696355	0.2278919163771927
0.23593327927404112	0.05945863950406158	0.31930977909121944	0.15741099315587298	0.2278873089748046
0.23585809027630308	0.05974825160226274	0.31932748796413457	0.15739312101785502	0.22767304913944436
0.23587622124144145	0.05996306619895023	0.31929249165067486	0.1573861127354215	0.2274821081735117
0.23575685522169498	0.059815402968033726	0.31932402647305846	0.15742556061261687	0.2276781547245957
0.2359131299194717	0.05953155490072892	0.31927759088198937	0.15743151818789666	0.22784620610991307
0.2358939228173119	0.05953503271076638	0.31935364957485757	0.15739257099801063	0.22782482389905323
0.2358436690007124	0.059667592373707	0.31931187265555655	0.15738780802772048	0.22778905794230328
0.23577428049848367	0.05961586913001796	0.3193423126653637	0.15739271800167065	0.22787481970446372
0.23573437084768842	0.05982290819917033	0.31934477918163184	0.15738780161817664	0.22771014015333257
0.23580702960270503	0.059757532535547164	0.31928611774674526	0.1574196033009052	0.2277297168140971
0.23577668683648445	0.05989384722759705	0.3194221946498639	0.15741984548308902	0.22748742580296535
0.2359067068474787	0.059697737772833825	0.3193524286482095	0.15740069946848312	0.2276424272629946
0.23588872900280403	0.05981136802496459	0.3193808633194677	0.15741790115484422	0.22750113849791925
0.23576467163615386	0.059636627773679035	0.3193846499644526	0.1574188068594314	0.22779524376628288
0.23575159399072723	0.06002166715630075	0.3193533167079551	0.1573998124634492	0.2274736096815675
0.23581416385293424	0.059956176973563396	0.3193101030964407	0.15741337845414244	0.227506177622919
0.2357705313448879	0.05991640718386851	0.3193644187745821	0.15740007180803123	0.22754857088863
0.235737692797593	0.05996875114485717	0.3193255846339188	0.15739949105177176	0.227568480371859
0.235840432334298	0.05959644794645075	0.31928757941722685	0.15739811211365787	0.22787742818836632
0.23586102820405333	0.05941617354611148	0.31937315831363533	0.1574044716286036	0.22794516830759598
0.23583417208428398	0.05944326900770694	0.3193665603633551	0.1574149022749407	0.22794109626971307
0.23582332206662965	0.05979277486830514	0.31940896285525366	0.15741561091919393	0.22755932929061737
0.23587430608956816	0.0595816244672909	0.3193602372012682	0.15743177207021328	0.2277520601716592
0.23572703592759114	0.06009340391556192	0.31927775313556045	0.1574069880117907	0.22749481900949553
0.2357611303336581	0.05993301406723561	0.3193648806133303	0.15740650943711895	0.22753446554865683
0.23584900720916632	0.05970018481802464	0.31929794247924315	0.15742841171641864	0.22772445377714698
0.2357199618017654	0.060007321669623415	0.3193748744715902	0.15741074803288363	0.22748709402413708
0.23579955166489014	0.05992048989551152	0.31931902610760976	0.15740614840608946	0.22755478392589895
0.23576771198539576	0.05993122676817855	0.3193602631343344	0.15740812172938673	0.2275326763827043
0.2358419845593472	0.059676934548418076	0.3193223795799185	0.1574094512234082	0.22774925008890776
0.2358375689997676	0.059933976002044864	0.3193403459729311	0.15742284954121738	0.2274652594840388
0.2358475957487376	0.05982696748533575	0.31928904239249556	0.15742063368308637	0.2276157606903445
0.23573842125448646	0.05988162002847838	0.3193209941868118	0.1574300439239729	0.22762892060625023
0.23572164009002794	0.05964537714082846	0.3193458321016131	0.15740759544261257	0.2278795552249177
0.235859633752334	0.05971692812141208	0.3193289460898424	0.15741949277698744	0.2276749992594238
0.2358879058547152	0.05991916077868986	0.3192788653855648	0.15740452779959033	0.22750954018143957
0.23591772255239418	0.059537055444645826	0.31933063906266834	0.15738656952056568	0.22782801341972575
0.23580578849836314	0.059628823688592875	0.31943250086888636	0.15739025410840643	0.22774263283575097
0.23585037126611152	0.0598420058957817	0.3192864353551522	0.15742120762894093	0.22759997985401337
0.23575008342731402	0.059524958668618816	0.31938252234658643	0.15740399026870308	0.22793844528877738
0.23593060867137752	0.059697922246904594	0.31929412496867143	0.15739714484199893	0.2276801992710473
0.23571865576169895	0.06002302427063155	0.3193360133823787	0.15739062814791183	0.22753167843737873
0.23575816466989163	0.05982904180964721	0.3193411280457261	0.15741285734480637	0.2276588081299284
0.23578849318919903	0.05960617938652496	0.3194190797666884	0.15738849103982394	0.2277977566177634
0.23587495789688936	0.059549087179205984	0.31940979197616093	0.1573945871625121	0.22777157578523136
0.235933164718886	0.059356891582288906	0.3193386924178179	0.15742472483848297	0.22794652644252397
0.23581276938506912	0.059513909688730215	0.3193462814937949	0.15742799518190237	0.22789904425050317
0.2357687557553433	0.059606913965447206	0.31943706797478977	0.15740177133640632	0.22778549096801318
0.23579232347588647	0.05955822169071118	0.3194263519237554	0.15739513513230557	0.22782796777734116
0.2357293704527105	0.05985847354719398	0.3194113896381224	0.15742363560198133	0.22757713075999159
0.23573998456675044	0.05999703651075622	0.3193140116976599	0.15740788856925905	0.22754107865557413
0.23592868762652427	0.05986998492499229	0.3193193882297771	0.15742381861837487	0.22745812060033127
0.23577088472532554	0.059760494386055685	0.31941847015900815	0.15740357928075885	0.22764657144885153
0.23573556459841472	0.05970848361087594	0.3192904710313404	0.15739449468402256	0.22787098607534617
0.23594130602579932	0.05951470257755534	0.319310514509778	0.15743105787481443	0.22780241901205273
0.23577620708238956	0.0595680931665957	0.3193455014523471	0.15741085708459948	0.22789934121406788
0.23586719866992295	0.059565588616224074	0.31939810207167574	0.15740724290010633	0.2277618677420706
0.2359382328692526	0.05982053650859945	0.3192842127817863	0.15741324675074964	0.22754377108961177
0.23574842125375636	0.05990606758840003	0.31937052964683454	0.15742799929704743	0.22754698221396139
0.23577544294293856	0.05975903435484051	0.3193643903292936	0.15743133669035478	0.22766979568257234
0.23591974344668137	0.0593717935220342	0.3194192319953846	0.1574132986985225	0.22787593233737719
0.23581511718392692	0.059368124833448	0.3194428522041543	0.1574311715829444	0.22794273419552608
0.23574042801540854	0.05969950015021544	0.3194439920372192	0.15742647329071463	0.22768960650644193
0.23572232644276214	0.05988227828982254	0.31931975271282137	0.15742520376339855	0.22765043879119518
0.23583378969101162	0.0596713325420343	0.31932207405341295	0.1574112992860091	0.2277615044275318
0.23578857535633652	0.05991495938365346	0.3193401521763154	0.15739415615267432	0.22756215693102005
0.23583157689420214	0.059694840578935676	0.3193239348099876	0.15739017064236063	0.22775947707451374
0.23584226665053054	0.05957777510545087	0.31929373210272993	0.15739087983823813	0.22789534630305025
0.23592769886202014	0.059331605174816726	0.31941086836984567	0.15742019410775537	0.2279096334855618
0.23580741991929996	0.0597953977785923	0.3193783615189749	0.1573927245630027	0.22762609622012986
0.23573485077917763	0.059806087207032815	0.3192966034016357	0.157411649659046	0.2277508089531076
0.23577160251782767	0.059848047827313705	0.31931160329167374	0.15740061053514187	0.2276681358280428
0.23579705912855312	0.05973192535034208	0.319336836770236	0.15742121078055235	0.2277129679703162
0.23590600031817513	0.05970528157640531	0.3193109946628344	0.15741778963680464	0.22765993380578023
0.23593494033222567	0.05961532231652927	0.31935579087486016	0.1573966060650672	0.22769734041131745
0.23592553699221305	0.05954592169025291	0.3194200702546414	0.15742764036038398	0.22768083070250839
0.2357671614142638	0.06003604833324336	0.319325612983978	0.15739497389973203	0.22747620336878255
0.23581870859742363	0.05978059041794362	0.31940300126249344	0.15739323192025456	0.2276044678018845
0.23587623277446795	0.059818208768758735	0.31930500194887823	0.15740419648025727	0.22759636002763753
0.23572362776306513	0.05991879061450389	0.3193128812186433	0.15741991046735815	0.22762478993642926
0.23572088918374465	0.05978144445196559	0.31933706018757163	0.15741320928214603	0.22774739689457185
0.23586077428609314	0.0596172785130831	0.3192840935205562	0.15741185202954006	0.22782600165072725
0.23587071156458692	0.05957426546629538	0.31933927987340904	0.15740039867961442	0.22781534441609402
0.2357435460883557	0.059768051932921507	0.3193237981804564	0.15742566155784968	0.22773894224041644
0.2358211812773681	0.05949437302053695	0.31933173910367557	0.15740265683182111	0.22795004976659802
0.23583927203092717	0.059638167376245416	0.31937446472440834	0.15738955353515705	0.22775854233326182
0.2357685662244279	0.059464818481358594	0.31938576248141853	0.15743198988903467	0.22794886292376004
0.2358184255911995	0.05974138008152699	0.31936785765073106	0.15740218467303668	0.22767015200350552
0.2357450910320893	0.0598468224755814	0.319330992306009	0.15742387832784077	0.2276532158584793
0.23576947234379378	0.05966393091142816	0.3194324125099861	0.15739868443556815	0.22773549979922356
0.23586045917890847	0.059588869720858584	0.3194415500336362	0.15739892137565065	0.22771019969094589
0.23588923110117635	0.05948494093860801	0.31944341453270525	0.1573944244949299	0.22778798893258018
0.23583914061646374	0.05957789018858983	0.3193050663321622	0.15740902869040127	0.2278688741723827
0.23575876985579783	0.05958266176466326	0.31934921966871765	0.15738995099784228	0.22791939771297876
0.2358546227908961	0.05949688886583421	0.31938468008187376	0.1574080277151812	0.22785578054621447
0.23594131474305297	0.05960218424533101	0.31931137371117424	0.15743154279645682	0.2277135845039847
0.2359379388242513	0.059392017171970735	0.3194181995306169	0.15742385746466536	0.22782798700849546
0.2357888783642891	0.05966661117570404	0.3192790595549219	0.15740867521266635	0.22785677569241833
0.2358403123059004	0.05985399090933036	0.31932577251284633	0.1574173506048651	0.22756257366705754
0.2357677046386783	0.06008430205436213	0.3192854611307328	0.15738953068139408	0.22747300149483246
0.23583177970420724	0.0597585080399782	0.31936655202603975	0.15738988403636425	0.2276532761934103
0.23593101917859788	0.05977795565480867	0.31928091171387063	0.1574043602216093	0.2276057532311133
0.23577366926090043	0.05986328756388415	0.3193172335365809	0.15742821723250958	0.22761759240612464
0.23573630783761979	0.05997764531545635	0.3193630917050993	0.15738886878520225	0.22753408635662203
0.2359082426211836	0.05973749578896742	0.3192872106651628	0.15740632046343989	0.22766073046124607
0.2359385348255554	0.05962703367098668	0.3194195891334831	0.15742906958190817	0.2275857727880664
0.23573890815908002	0.0599033333441516	0.3194247700942184	0.15739609578436844	0.2275368926181813
0.23593997997896587	0.05952297668747594	0.31930293103516977	0.15742173872307982	0.2278123735753084
0.23575311874640517	0.05979231455333628	0.3193246152837088	0.1573950214885937	0.2277349299279558
0.23572613275743415	0.05983680505502345	0.31928669908264573	0.15743155935848832	0.22771880374640815
0.23584039389457462	0.059718967449196386	0.3192932876915588	0.15739642308711363	0.22775092787755633
0.23582241220033176	0.0596007415825793	0.3193415318685475	0.15741465953716433	0.2278206548113769
0.23588204022324605	0.05969768739554279	0.3192902970914837	0.15739815346194147	0.2277318218277857
0.23587597165834095	0.059672096154491844	0.31935414589270394	0.15739308412692618	0.22770470216753683
0.2357883259059181	0.05948887217265125	0.3194093786856826	0.1573990120554514	0.22791441118029637
0.23578772827090583	0.05975049065060811	0.31936960936821884	0.1574285815675022	0.22766359014276477
0.23573718691354062	0.059999849062402105	0.3193327291662518	0.1574232343354766	0.22750700052232858
0.2358816385658271	0.05952545424190828	0.31939842710003236	0.1574056464198345	0.2277888336723975
0.23580836384232146	0.0597306907177452	0.3194393154402103	0.15740045072844847	0.22762117927127434
0.2357179104156481	0.05987290476390539	0.319305627079608	0.15742640142179304	0.2276771563190452
0.23592349115240763	0.05960536034675959	0.3193432800160775	0.1574278467155793	0.2277000217691758
0.23579451742763852	0.059938373279330326	0.31929693444918844	0.15742496308403492	0.22754521175980752
0.23587168698716093	0.059799064534890645	0.3193562665138814	0.15742129020537102	0.22755169175869577
0.23572096143114632	0.060048863523711665	0.3192932392706218	0.1573893804856786	0.22754755528884138
0.23575871160218392	0.05971002467689898	0.3193677919575409	0.15742166231473131	0.2277418094486446
0.23579331754602412	0.05998637914734822	0.31932132506152283	0.15741289893586524	0.22748607930923936
0.23579133442941985	0.05982313610025905	0.31930814539058955	0.15739555461815294	0.2276818294615784
0.2357327920767586	0.05998647758134132	0.3193974949418069	0.15741919773886293	0.22746403766123002
0.23572947639975922	0.059734414662268476	0.31937120559773857	0.15742300863671854	0.22774189470351497
0.23583654636232693	0.05974343562123996	0.319305927368167	0.1574041430667641	0.22770994758150181
0.2359172402105995	0.05984173384252242	0.31935622078732123	0.15742392880866538	0.22746087635089124
0.23574318417783607	0.06006698668712859	0.31929420700553846	0.15742460560465643	0.2274710165248402
0.23576738426303062	0.05979361004417519	0.31928387098122657	0.15740046832615842	0.22775466638540892
0.23578372655600432	0.05983787484614528	0.31937903898740816	0.15740561239267684	0.22759374721776515
0.23582241180514457	0.05981353002204823	0.3192994293944386	0.15740272770040056	0.22766190107796777
0.23572972297898676	0.059902754334753366	0.3193244817176246	0.15739420261813786	0.2276488383504972
0.23591452633059296	0.05942110366372769	0.3193802022592687	0.15742539644235265	0.2278587713040577
0.23587134073166444	0.05952795332229022	0.31938020467717276	0.1573990040748494	0.2278214971940229
0.23585057086139005	0.059439523202218986	0.3193895307261626	0.1574100044088867	0.22791037080134144
0.23585113364384205	0.05959388450688494	0.319435864409231	0.1574000193181701	0.2277190981218717
0.23584878596465017	0.05952106541763619	0.3193885136571108	0.15739817833992503	0.22784345662067756
0.23581844871277047	0.0595008300501742	0.3194272060530167	0.1574125461033024	0.22784096908073598
0.23575069446205904	0.05950688934120607	0.3194116948496429	0.15739267428821646	0.22793804705887533
0.235878779308011	0.059487931177772096	0.31933782145921485	0.1574001689658523	0.22789529908914954
0.23578588207380208	0.05965379890868097	0.3193003371826686	0.1574270524249012	0.22783292940994687
0.2357213340605738	0.060041325146956676	0.31928926581009837	0.15743163311806066	0.22751644186431022
0.23592790796597568	0.05978257833404091	0.319348865778825	0.1573955463434802	0.22754510157767796
0.23583712942648338	0.05969992490567358	0.319429602929021	0.15739667292471643	0.2276366698141053
0.2358591143262686	0.059706717124268976	0.31937596546930963	0.15739897765329844	0.22765922542685413
0.23584297555368341	0.059679651750127294	0.3194447138565085	0.15742787882322598	0.2276047800164545
0.23581224371846468	0.05958688290608724	0.3194232885380116	0.15740091801656733	0.22777666682086892
0.23591967879413087	0.0594140312288465	0.31938202648594516	0.15742980611479993	0.22785445737627735
0.23571905257320427	0.05986069962453466	0.3193221976814303	0.1574115176798375	0.2276865324409931
0.2358699551796623	0.05971972427880437	0.31934600455299383	0.1573933099330941	0.22767100605544516
0.23586077676175274	0.05935623787610966	0.31943893182368066	0.15741464695369087	0.22792940658476582
0.235841025413552	0.05943199036170807	0.319418346086761	0.15743176507447632	0.22787687306350235
0.23579912991654584	0.05977341898261229	0.3193819265065161	0.15742544094183866	0.22762008365248687
0.23581056534084788	0.05996133872688714	0.31930282786815045	0.1574291156219662	0.2274961524421481
0.23576679663621847	0.059909346846201444	0.31936141553291914	0.15741094953060525	0.22755149145405545
0.2357732768665197	0.05985080216943167	0.319323278339798	0.1574259219778329	0.22762672064641754
0.23584345558881784	0.05984067865074427	0.31931808048310184	0.1574183442976188	0.227579440979717
0.23572612178836166	0.05982971883441349	0.3193352180981896	0.15741308304654625	0.2276958582324888
0.23573853814342355	0.05985591682292432	0.3194422423840706	0.1574003370903988	0.22756296555918243
0.23588222158163444	0.059725872377527994	0.31936813826149263	0.15738704196770015	0.2276367258116445
0.23579115407067935	0.059489234477801356	0.319401323905001	0.1573983273364996	0.22791996021001845
0.23592288394222216	0.059792275708564824	0.3193281873951616	0.15739703210900355	0.2275596208450476
0.23588483269953842	0.05959771723637061	0.31944107887946227	0.15739533456015686	0.2276810366244716
0.23585282585229478	0.0595616357800309	0.31934273604864366	0.1573981013967399	0.2278447009222905
0.23584415303722975	0.059746861051643924	0.31938190277763406	0.15740810016725215	0.22761898296623986
0.2357513728341727	0.05976451425274171	0.31939473442529126	0.15740092135173753	0.22768845713605657
0.23584561162448903	0.059536859675637877	0.3193543401089798	0.15740052822191783	0.22786266036897523
0.23594332084615394	0.05952144101917145	0.3193246884244352	0.15741639387596545	0.22779415583427376
0.23577970231624507	0.05956667571685087	0.31940313130623676	0.15739635598705887	0.22785413467360818
0.23580853731525026	0.0595501666904745	0.3194308981275519	0.15739482190762133	0.2278155759591018
0.23583030147058445	0.05957201414296187	0.3193643326416098	0.15742748858099803	0.2278058631638456
0.23576195156630822	0.059559429284638504	0.3194100150199971	0.1574010693720576	0.22786753475699828
0.23579691318487955	0.05971455655602442	0.31940421125037943	0.15739644823941945	0.22768787076929684
0.2357870002460853	0.05991284133169658	0.3193142612365715	0.1574070031865527	0.22757889399909376
0.23579503782970798	0.05981353867397646	0.3193192330589991	0.15741826863240657	0.22765392180490965
0.2357280261721848	0.05990168110357097	0.31934911889055334	0.1574041347962138	0.22761703903747688
0.23574722288017816	0.06004731209514205	0.3193423404694888	0.1574031294869959	0.22745999506819484
0.2359142102804978	0.05982013329454472	0.3193972177840654	0.15739668830206663	0.2274717503388252
0.23582958805107324	0.05981272121931161	0.31942843160139733	0.15740815449095502	0.22752110463726252
0.2359074466829286	0.05973037417071289	0.3193135178328162	0.1574155273730448	0.22763313394049728
0.2358010688798577	0.05985443150716671	0.31929028599040854	0.15739824347334672	0.2276559701492201
0.2357130469701798	0.05961546950993277	0.31944015209821713	0.15739846575397526	0.22783286566769478
0.23594089291174475	0.059566033807433166	0.31939575483851196	0.15741066976458407	0.2276866486777258
0.23574077464814724	0.05972043127204826	0.31931588093098207	0.15740347257850926	0.22781944057031295
0.23590169907006064	0.05945104906818066	0.3194221478605417	0.15739568939198406	0.22782941460923273
0.23587120922325427	0.05973412989173968	0.31928316854819855	0.1574272918099958	0.22768420052681143
0.23581505369800868	0.06001628004799478	0.3192850969396903	0.15738694673994919	0.22749662257435677
0.23579004812346557	0.05985565645260782	0.31929580277751285	0.15739192249531075	0.2276665701511027
0.23578453333811183	0.05978409384646097	0.31943497847708485	0.15739720525618153	0.22759918908216062
0.23585181307289071	0.05950310573776174	0.3193976238478216	0.15740987128358425	0.22783758605794144
0.2358816733543151	0.05949907791940351	0.3194139343160121	0.157393126014747	0.22781218839552206
0.23584045447275176	0.05978581814819969	0.3194308182127016	0.15740082479595507	0.22754208437039167
0.23575880944487848	0.06003837142679966	0.31930501988262655	0.1573918319130035	0.22750596733269157
0.23586247301562357	0.05982305618009473	0.3194268011380711	0.15739379693860683	0.2274938727276035
0.23577340002204966	0.05989582411835431	0.3192815413647466	0.1574177567437215	0.22763147775112766
0.23573887655585135	0.059921071488591104	0.3194324885120746	0.15741572648332142	0.2274918369601613
0.23578409048507393	0.05979598651317489	0.31935120866858074	0.1574144728963433	0.2276542414368269
0.2358759965017292	0.05989810238456181	0.3193468399020392	0.15741085252027448	0.2274682086913951
0.23577900768001098	0.05970917986653865	0.3193183132952045	0.15741658127987465	0.227776917878371
0.23577687971020508	0.05946003242648057	0.31943269109128536	0.15739340775024194	0.2279369890217868
0.23591168840467083	0.05942826728803294	0.3193064532880626	0.15742890065927503	0.22792469035995833
0.23586473591684817	0.05966140479869855	0.3192980785821494	0.1574035268462634	0.2277722538560402
0.2359083420048823	0.05969042730239632	0.31940199010762016	0.15742147878600546	0.2275777617990955
0.23575334518746716	0.05963878791547178	0.31931083594016085	0.15743101126291406	0.2278660196939859
0.23574529459937515	0.05972489687355925	0.31928478725576637	0.15738726559754107	0.2278577556737579
0.2358034326582712	0.059558582891088924	0.3193553593088272	0.1574306197651022	0.22785200537671024
0.235811737392068	0.059586967148622605	0.3193795899839429	0.15738889573339482	0.22783280974197145
0.23583753322616252	0.05974552917240708	0.3194111021717355	0.15740513210600213	0.22760070332369248
0.23589769262499632	0.05962703632173752	0.3194215416299006	0.15740916370522257	0.22764456571814273
0.2359117542937745	0.05962995479638766	0.3193130487142493	0.15739009659484823	0.22775514560074
0.23590350958841383	0.059839754395562106	0.3193972285057589	0.1574064460030953	0.22745306150716954
0.23588299795869125	0.05962780380829391	0.3194009234545588	0.1574216855793263	0.22766658919912952
0.23588736729010645	0.05979018750736287	0.31943150357662453	0.1574261393821575	0.22746480224374838
0.23575579932821344	0.05992125792666542	0.3193506648648581	0.1574223226787368	0.227549955201526
0.23582876126470528	0.05996646742274658	0.31933637542841226	0.15738880756941281	0.22747958831472284
0.23584236848524326	0.059875156970276566	0.3193234012653847	0.15743085223568282	0.2275282210434124
0.23578982495796613	0.059979902946605324	0.3193486479380362	0.15739839350700713	0.227483230650385
0.23579016819283072	0.059838474827523025	0.319280751721956	0.15740435508278533	0.22768625017490465
0.23573540369948542	0.05968311041012764	0.3193717736926851	0.15739870843643078	0.22781100376127078
0.23571429354196566	0.05962383079331665	0.31942143942087975	0.15742253964731873	0.22781789659651897
0.23581300418704673	0.05957795150457626	0.31936983602348656	0.15739366017177078	0.22784554811311944
0.23585033165888722	0.05956762962049142	0.3192774014491255	0.15741511731232072	0.22788951995917492
0.23581443958107173	0.059408095641870134	0.31944484891478225	0.1574146208210959	0.2279179950411797
0.23590562465531392	0.05977322156856257	0.31931196548163276	0.15741911758198954	0.22759007071250092
0.23573861691586678	0.059999372813943075	0.31931946366890407	0.15742093189348091	0.22752161470780488
0.23571955301500086	0.059965611411495034	0.31929387712721646	0.15739209888133282	0.2276288595649546
0.23582307418485854	0.05969790630278707	0.31936881353115826	0.15742316060401954	0.22768704537717638
0.23583306198950435	0.05984270220722682	0.31934878605375583	0.15739985928389721	0.22757559046561554
0.23577111243928336	0.059737567766849575	0.31936775022982217	0.15740677408746842	0.22771679547657622
0.23575213232321557	0.05964673885482083	0.3192980141805688	0.1574160287733085	0.22788708586808615
0.23571710211082753	0.05966757447579546	0.3194235999889863	0.15741612202858307	0.22777560139580735
0.2358715984570673	0.05982229075965431	0.31935054124804413	0.15742618424542892	0.22752938528980507
0.23577402792391655	0.059787098645438935	0.3193744754010719	0.1574246408840134	0.22763975714555898
0.23583725218634466	0.05991165138127688	0.31931180563460515	0.15739967051371057	0.22753962028406255
0.23589409152841606	0.059669563544219484	0.31944273089772024	0.157392433182777	0.22760118084686695
0.2358586082694416	0.0596819814650926	0.3193473097083498	0.15740373878159658	0.22770836177551917
0.23591379376496413	0.059659500806520604	0.31937484058025295	0.15739220347706645	0.22765966137119556
0.23581710951360033	0.05955645328701015	0.31943092379595284	0.15741616761165228	0.2277793457917842
0.235761793854535	0.05978865136945935	0.3193164239538616	0.15739842189400316	0.22773470892814057
0.23583650927236013	0.059828267839430876	0.3193235373126176	0.15741656770056758	0.22759511787502357
0.23582762073596175	0.059911127963069105	0.3193258446281846	0.15740874277269032	0.22752666390009402
0.23582469404565312	0.05974218772314241	0.3193290177542665	0.15741081255847686	0.22769328791846086
0.2357348313179084	0.05987110546143165	0.3194204672981799	0.15740895380884135	0.22756464211363847
0.23580384974691276	0.059735867253811	0.3193383276462973	0.15740604069058023	0.2277159146623985
0.23591023314058354	0.059393007839793927	0.3193892286699521	0.15741206184782716	0.22789546850184303
0.2358545671099413	0.059543204677029976	0.31934344287978667	0.15738625358153957	0.2278725317517023
0.2358054917414486	0.05963992042492702	0.31936748452112634	0.15741134559838701	0.2277757577141108
0.2357831810977199	0.05967728954398818	0.31944172502715873	0.1573894150123145	0.22770838931881845
0.23576868385095393	0.05995854565242134	0.3193975794784637	0.15740561798784505	0.22746957303031573
0.23578598825704847	0.05986188124225253	0.31938235368067874	0.1573935233725291	0.22757625344749094
0.23573432274045059	0.05985435759507221	0.31939688329231125	0.1574268267446781	0.22758760962748764
0.235790726484411	0.05972715940299078	0.3193309614665808	0.15742090698345404	0.22773024566256314
0.23575291577652363	0.05967764663141789	0.31942357689736456	0.15742625158369442	0.22771960911099925
0.2357690254564082	0.059546449380549926	0.31938506703469016	0.15741523688300374	0.22788422124534766
0.23576635155331938	0.059655243702587346	0.31936931693144066	0.15740545267727518	0.22780363513537727
0.23576595906706765	0.05960505397340293	0.3193542733529775	0.15741827427981114	0.22785643932674057
0.2358466618409383	0.05963534000458298	0.31943573747844256	0.15741682656982306	0.22766543410621284
0.2357422248643139	0.05987860375393969	0.3192959600665641	0.157405425665761	0.22767778564942112
0.2358795536047989	0.05940319230663593	0.3194086029010472	0.1574289276867993	0.22787972350071842
0.23590140834912326	0.059438611862460605	0.3193376082769305	0.15740137882691588	0.22792099268456953
0.23590009580300095	0.05941233360161477	0.3194359166019585	0.15739330785801353	0.22785834613541198
0.23575366346345034	0.05959148126930974	0.3194122721685474	0.1574217474182711	0.22782083568042114
0.23588448215356497	0.059431294745676794	0.31944325413657443	0.15743131429209078	0.2278096546720928
0.23575073790076295	0.059721330933528216	0.3193211144631183	0.15740440285396873	0.22780241384862157
0.23577349580044452	0.05960915594854127	0.3193153637315285	0.15740261207506395	0.2278993724444215
0.23587794155325859	0.059601774630431786	0.31934348004099367	0.15741465952567946	0.22776214424963628
0.23588766169444128	0.059460270495919315	0.3193395278426332	0.15743171586631355	0.22788082410069244
0.23591587502394185	0.059533675704591865	0.3193367921972444	0.15740330916393036	0.22781034791029128
0.23588844891281013	0.05948831897212578	0.3193548476714639	0.1574075046851333	0.22786087975846667
0.23581841637432552	0.059791518525729725	0.31927824283410505	0.157398953554042	0.2277128687117975
0.23586221818430003	0.059857783501361034	0.3193868237970177	0.15740421663185553	0.22748895788546547
0.23572003338219122	0.059639365624929	0.31935131255353466	0.15739854529353617	0.2278907431458087
0.23576344743789962	0.0595819260836952	0.31931442450130587	0.15741027240001662	0.2279299295770824
0.23581187421268107	0.059611348091316435	0.31934494910221456	0.1574057706559618	0.22782605793782584
0.23581274917257877	0.05959903696863955	0.319337179711156	0.15739763528330267	0.22785339886432276
0.23578775096893406	0.05965883883759457	0.3193823574832634	0.157389713719213	0.22778133899099473
0.2357367798625224	0.059836136363587644	0.3193863492880237	0.1574299236590066	0.22761081082685947
0.23572100000187052	0.059991706152997676	0.31941302942224037	0.1574094172444992	0.227464847178392
0.2357504752367423	0.059784628736211626	0.3193454169870312	0.15740134480603613	0.22771813423397852
0.23575684104844036	0.0598325633591095	0.3193674015348721	0.15743138606154383	0.22761180799603403
0.23579151414804178	0.059574493625610125	0.319306447811593	0.15739431947525745	0.22793322493949741
0.2358766624969073	0.05954945193516789	0.3193535655572894	0.1573967780128262	0.22782354199780896
0.23589810307154413	0.05961747539783002	0.3194279722123402	0.15739513142198616	0.2276613178962992
0.23579190678493211	0.05966559283447015	0.319382900319538	0.1574181307059451	0.22774146935511444
0.23583584826092238	0.059582895286631965	0.3194097823361445	0.15738618523699274	0.22778528887930818
0.23582959591995498	0.05961622363940214	0.31934757271001635	0.15741038698142754	0.22779622074919875
0.23575490888704462	0.05954161568743452	0.319422066388205	0.15739120379576654	0.2278902052415491
0.23575774250379505	0.05973598055347215	0.31931278685155484	0.15742891461984485	0.22776457547133291
0.23573725663635492	0.059835496798309185	0.3192977237030543	0.15741231252560067	0.22771721033668063
0.2358112391484162	0.059838604952885927	0.31935621549457793	0.15739457093835987	0.22759936946575987
0.23574453942114162	0.05975380167506761	0.31930727110792345	0.15739476915342648	0.22779961864244055
0.23587039909400187	0.059392598617403175	0.3194289535434592	0.1574113714979743	0.22789667724716123
0.23593238496696162	0.05946488836597591	0.31933863219534653	0.15741003441762258	0.2278540600540931
0.23587454308876135	0.0596999305613749	0.3194397982639444	0.15740758822472925	0.22757813986118985
0.235779021394297	0.059551585793955725	0.3193491557385515	0.15741784943321696	0.2279023876399786
0.23589901564203206	0.05941340770029779	0.3193519198048355	0.1574319718480342	0.22790368500480024
0.2357148525807968	0.05978285269713787	0.31930970455576496	0.1573875543576908	0.22780503580860934
0.23571914910776806	0.05966446737169351	0.31935153331368454	0.15739001080026682	0.22787483940658682
0.23582886487271743	0.05956997762692967	0.3193837048965792	0.15740776312500104	0.22780968947877245
0.23581680449417422	0.05962468311693936	0.3193582051528003	0.15741091863939113	0.2277893885966948
0.23576205190207672	0.05981801750607263	0.3194253436003351	0.15741276317437644	0.22758182381713882
0.23589755129529227	0.05994467977568321	0.3192815225382958	0.15740459344706226	0.2274716529436662
0.2357994148829625	0.059752791535340744	0.3193669833795062	0.15740079945030216	0.22768001075188815
0.23578608968672296	0.05984887984578638	0.31939554672254017	0.15739948187368122	0.22757000187126905
0.23590677495198736	0.05932213835709793	0.3194258023013888	0.15742820074770655	0.22791708364181915
0.2359207058024844	0.059334140425200244	0.3194102959138961	0.1574037665256356	0.22793109133278347
0.23579234690826978	0.0596800541044033	0.3193458141651757	0.1573923676357085	0.22778941718644244
0.23591594282751444	0.05979699298057428	0.31928693762397403	0.15742099505451734	0.2275791315134197
0.2359351908170313	0.059523144778983045	0.31928730766773333	0.1574003266050665	0.2278540301311856
0.23573001124394133	0.05976435534915861	0.3193917912045016	0.15740129580912843	0.22771254639326974
0.23582341398374168	0.05962778262571136	0.3192833761771176	0.15742008759279233	0.22784533962063674
0.23586290504052423	0.059678680298703074	0.3192802642788015	0.1574100135069496	0.22776813687502132
0.23573916000932177	0.05973870340927326	0.3193934744066135	0.15739836609527794	0.22773029607951328
0.23583029532899	0.05948183702503426	0.31940397011741595	0.15739981558095906	0.2278840819476005
0.2357476942850779	0.05992457949880389	0.3194386361911613	0.15742656661336898	0.22746252341158768
0.23581673461261526	0.05984075055395588	0.3193042151606228	0.1574056455371586	0.22763265413564723
0.23588840693966123	0.05956998353429674	0.31943293755486357	0.15738924251900355	0.2277194294521747
0.2358557708200813	0.059593091962744066	0.3193615971960493	0.15741852352510852	0.22777101649601664
0.235857258047392	0.05951409792411763	0.3193218291408604	0.1574308393157429	0.22787597557188688
0.23583957358133992	0.059600885413127164	0.31939737436079635	0.15741321414812548	0.22774895249661084
0.23581950909989954	0.059743026564893165	0.3192980229588633	0.15740787859735522	0.22773156277898854
0.23588713749856394	0.0596977776274398	0.31931904194137933	0.15742471786694703	0.2276713250656696
0.23584050104169302	0.05983821205220402	0.3192932489306379	0.1573932939747233	0.22763474400074157
0.23577181735677347	0.06009470972101083	0.3192771722208467	0.15740286716349752	0.22745343353787123
0.2358514985626231	0.05979947952670611	0.319331163796637	0.1574058854767349	0.22761197263729863
0.23574282371069988	0.059839799525888	0.31935315201833847	0.15740094223808496	0.22766328250698842
0.23587684537104606	0.059915397624606265	0.3193178853253666	0.15742149228966207	0.22746837938931877
0.23581846932583267	0.05993062653892953	0.31934068418604705	0.15740300458384243	0.22750721536534813
0.23592789945957468	0.059862271445910165	0.3192914242474886	0.15742678013038494	0.22749162471664142
0.2358921731845863	0.05973343775602313	0.3193954884223213	0.15738963815053159	0.2275892624865374
0.23586715831865546	0.05961792935283983	0.3193835138700103	0.15738871033191656	0.2277426881265776
0.23590988577308747	0.05971657148674403	0.31928519927935395	0.1574149088913797	0.22767343456943462
0.23589834880567667	0.059634500209886226	0.31931371737600395	0.15740950616574118	0.22774392744269176
0.23592670491264178	0.05960931519292556	0.31929660252165226	0.15742892875422654	0.22773844861855363
0.23571894215217637	0.059970582841704645	0.31929693943931925	0.15739797096960656	0.2276155645971929
0.23593759128719655	0.05930870860950546	0.31941033516977424	0.1574185710735016	0.2279247938600219
0.23581913532851317	0.0595150435558254	0.31937993986526714	0.15742116630633057	0.22786471494406346
0.23573517602404803	0.05964725253388606	0.3192831841343797	0.15739809612112576	0.22793629118656017
0.23591403939293099	0.059436522078929604	0.31934703268726183	0.15742092762911655	0.22788147821176075
0.23586189823736745	0.05953891837680195	0.3192858003193094	0.15741836695597675	0.2278950161105442
0.23579018684181863	0.059801215715969025	0.319355114274194	0.15740387959510668	0.22764960357291142
0.23586683398349134	0.05984855647441345	0.31933536153533193	0.15739474648016816	0.2275545015265949
0.23579549551505097	0.05952721651405865	0.31932618599879964	0.157398361684353	0.2279527402877375
0.23578568875285602	0.05961850320648901	0.3193404975709412	0.1574093471695986	0.22784596330011495
0.2359361230881537	0.059414834119788096	0.3194252971969767	0.15742139798721178	0.2278023476078695
0.23592808224889	0.05945459282572038	0.31938661069060204	0.1574289371458866	0.2278017770889007
0.23577765946120116	0.05950294409758944	0.3193657942958066	0.15741363186225324	0.2279399702831493
0.23580093560891838	0.05952562203545381	0.31931945867463996	0.15741542245538048	0.2279385612256071
0.23576265018120765	0.05955318599386958	0.3194431280547331	0.15739675084089347	0.22784428492929593
0.23582552957665276	0.05979213920566284	0.3192781426202229	0.15740878903830313	0.22769539955915807
0.23579512895652088	0.05961033903072671	0.3193352872459482	0.15739296869738373	0.22786627606942028
0.2357762641960229	0.05960850414005711	0.31937696284623945	0.15739768895979062	0.22784057985788966
0.23586872910194426	0.059793476680906815	0.31931642808630245	0.1574232171309649	0.2275981489998813
0.23576409838994067	0.060026844590640116	0.3193006603827516	0.15741683465078488	0.22749156198588244
0.23579628644300593	0.05983007710073723	0.3193979427709419	0.15741052789515536	0.22756516579015934
0.23591158768337095	0.05959198616645217	0.31934773930519883	0.15739138340289888	0.22775730344207892
0.23578608693350364	0.05962772945028272	0.31939040331934365	0.15742574863331238	0.22777003166355733
0.23576565559337934	0.059673628656818384	0.3193786738135337	0.15741008666195705	0.22777195527431127
0.23579784077667285	0.0595784668866495	0.319298955537888	0.15743126842146593	0.2278934683773235
0.23579520643358054	0.05956817950816906	0.31930571108236994	0.15741590581109632	0.22791499716478386
0.23585457624875297	0.05942963949158686	0.3193781585099019	0.1573919030765012	0.22794572267325675
0.23585374084502836	0.05966810381830315	0.31938083760236236	0.15740581799597772	0.2276914997383282
0.23575613906482284	0.05959885621470051	0.31933849544789317	0.15740943906792687	0.22789707020465635
0.2357717394311245	0.059672164479261575	0.31927763502225287	0.157390460380225	0.22788800068713577
0.2357886138141822	0.05997940414870809	0.31930864326984215	0.15741703824894301	0.22750630051832427
0.2358243136404042	0.05988554777956909	0.31931007529667377	0.15741925230044068	0.22756081098291206
0.23583218710265977	0.05990054497730085	0.31931686985167007	0.1573961496496633	0.22755424841870575
0.2357704961974181	0.05991319350312613	0.3193714934820972	0.15740365217956234	0.22754116463779595
0.23580032692588665	0.05979457131909888	0.31937123475863216	0.15741482841723536	0.2276190385791467
0.23580459665827125	0.05992339055137336	0.319375835109019	0.15740135686188922	0.22749482081944689
0.23572383337321867	0.05977639653026018	0.31938084592453997	0.15741835479321828	0.22770056937876268
0.235877209533299	0.05944603691149117	0.31930961835560706	0.15742079515433863	0.22794634004526387
0.23582056330395607	0.059957089910682826	0.31934673835521793	0.15741275625170165	0.22746285217844128
0.2358216052864761	0.059665709312081566	0.31933453124674605	0.15742732174474683	0.2277508324099492
0.2357931985631593	0.05965694340922206	0.3193633425404495	0.1573962450968317	0.22779027039033717
0.23579861792097523	0.0596705028448026	0.3193001635412257	0.15741417890770262	0.22781653678529362
0.23593215995375993	0.059604688485994234	0.3192810941816292	0.15738747049922758	0.22779458687938886
0.23592066497572484	0.05964705599229583	0.31929547458716667	0.1574266255608912	0.2277101788839212
0.23572467260569044	0.05979256588968923	0.31933774826304256	0.1574021209031218	0.2277428923384557
0.23586747257474006	0.059350361735927004	0.3194351066342446	0.1573948657358163	0.2279521933192718
0.2358821724329276	0.059518976258613965	0.31938736511914695	0.15741834147942216	0.22779314470988907
0.23582934885251838	0.05973661492566035	0.319368143163859	0.15738699623289676	0.22767889682506529
0.23584269430221358	0.05947598861873099	0.31931752106873	0.15741461341734403	0.22794918259298114
0.23579197784415729	0.05942744637945699	0.31939918653139826	0.15743181822850089	0.22794957101648633
0.23585300283885863	0.05956898111798664	0.3193615903007684	0.15743030428282878	0.22778612145955734
0.23586654489232375	0.05970808829289845	0.3193116285328078	0.1574129702664557	0.2277007680155141
0.23593825654091705	0.059614618389934676	0.31928829414279297	0.15739348048779117	0.22776535043856386
0.2357478895285648	0.059630875629898966	0.3193029866921006	0.15738896842223285	0.22792927972720256
0.23594003438996403	0.05950298401740939	0.31942360994423813	0.1574267035689941	0.22770666807939408
0.23582190523760588	0.05975672226763337	0.3194142431308988	0.1574092518495701	0.2275978775142916
0.23579550667652815	0.05993013363549887	0.31928280803788867	0.1573974751771048	0.22759407647297922
0.2358201363201659	0.05985753460392185	0.3193579739544337	0.1573998716344824	0.2275644834869959
0.23573223018021908	0.05992697922548215	0.3193915578828564	0.15741736901598652	0.2275318636954556
0.2357155947656987	0.059646048894859666	0.31933449758327315	0.15739629610950118	0.2279075626466671
0.23574480180594115	0.05952845590033981	0.3194404807921068	0.15741599582769283	0.22787026567391921
0.23579399595556427	0.0594961054153989	0.31941917681819604	0.15742835317849158	0.22786236863234896
0.23572371759896177	0.05974536959985979	0.31932562921233054	0.15738622637085792	0.22781905721798976
0.23578707329981421	0.05973532340767129	0.3193633506713579	0.15739034536568053	0.2277239072554758
