0.16677705191980324	0.5123260232218032	0.3208969248583937
0.4511746307885755	0.08645496000853439	0.4623704092028902
0.7948440614521026	0.07350120793186499	0.13165473061603244
0.06878442198531365	0.5026851446983105	0.4285304333163759
0.13393597716054337	0.31063297465050965	0.5554310481889471
0.42282494369414503	0.3981504165950281	0.17902463971082702
0.05764186803703075	0.5296263418922739	0.4127317900706955
0.2813149652377635	0.36948365712052084	0.34920137764171577
0.09913140819779107	0.7846732616755896	0.11619533012661945
0.39322886033471194	0.5257091010573485	0.08106203860793959
0.7316729474982345	0.06784040095834754	0.200486651543418
0.15982484560400811	0.5975249827174927	0.24265017167849923
0.037911747946987484	0.534012414062756	0.42807583799025656
0.5366879545085486	0.2953373392961933	0.16797470619525817
0.5369395096047143	0.11666483044587683	0.346395659949409
0.26243372537223497	0.6534118452508287	0.0841544293769364
0.3300332449292516	0.47336321521295033	0.1966035398577981
0.5500572036360536	0.30090570014784196	0.14903709621610461
0.21587378706831872	0.49910526877073547	0.285020944160946
0.5567351789070254	0.3208476907361131	0.12241713035686161
0.34993319996818695	0.5190240572086554	0.13104274282315773
0.48158796935451287	0.1456124004369654	0.3727996302085218
0.17028547869572375	0.32894706947852703	0.5007674518257493
0.4581077805241395	0.4266396148955479	0.11525260458031275
0.5980995112725629	0.14595333708025354	0.2559471516471836
0.5997858548342757	0.0953651771406018	0.30484896802512257
0.03433558082044241	0.773540518311802	0.1921239008677556
0.2059168480324844	0.3194791388615273	0.47460401310598843
0.33516919159785696	0.35659701451961884	0.3082337938825243
0.658942623609251	0.22521513666194937	0.11584223972879962
0.7365715973644746	0.11684272388482458	0.14658567875070092
0.7735059158327386	0.05527160868937758	0.17122247547788377
0.19707158064238767	0.22310659220820378	0.5798218271494087
0.08944358123654775	0.6564927954953973	0.2540636232680551
0.3159770627629256	0.6096979510839096	0.07432498615316502
0.10985571319307291	0.514010722136576	0.3761335646703513
0.5872520324884751	0.07726453971578934	0.3354834277957356
0.06266782867193615	0.620991392036058	0.3163407792920059
0.2416927171227445	0.5367605290789044	0.22154675379835123
0.7703841496506054	0.0690570997941587	0.160558750555236
0.1443620659949702	0.6698116106644563	0.18582632334057358
0.10750886034092852	0.6744537464532661	0.21803739320580548
0.15647591381987855	0.4367149665643353	0.40680911961578625
0.2345376815699956	0.24396272541179245	0.521499593018212
0.7019829673064235	0.09292298498528628	0.20509404770829034
0.5769190356412419	0.1946031687696101	0.22847779558914816
0.33276960811959094	0.12752118555713537	0.5397092063232738
0.07052119417062302	0.6645583935274896	0.26492041230188756
0.6217197059712546	0.2665908113607629	0.11168948266798262
0.024587853626358513	0.8269775223965549	0.14843462397708676
0.5484260648627983	0.08741938305829378	0.36415455207890807
0.2603591972772226	0.21842266967797772	0.5212181330447998
0.26682098393527554	0.5544614795783356	0.17871753648638894
0.6675505760596585	0.10805397220999599	0.22439545173034553
0.7721485326238917	0.03626044997934119	0.1915910173967671
0.22129921306937156	0.3584469715749947	0.4202538153556339
0.7787681983020667	0.13781090036989727	0.08342090132803626
0.03329470433568277	0.531755612744415	0.43494968291990244
0.681978749118541	0.12596843437265162	0.1920528165088075
0.10139358444363061	0.7433266508779833	0.15527976467838617
0.1963556656982394	0.5851737556592943	0.2184705786424664
0.630971540964455	0.08013095566326178	0.28889750337228337
0.279935358567233	0.6353466560576617	0.08471798537510544
0.5013672075299227	0.3299090972837743	0.16872369518630306
0.6282968992028085	0.23033286809340098	0.14137023270379062
0.4276088810238309	0.17955952165420203	0.3928315973219672
0.19862088163139135	0.694319206683276	0.1070599116853328
0.10464492307860071	0.597692718259887	0.29766235866151236
0.519251491691283	0.3866283910939109	0.0941201172148062
0.69179516581753	0.2024015928581111	0.10580324132435906
0.38045184574525737	0.29127472766528373	0.328273426589459
0.21264428910728114	0.2432125802536534	0.5441431306390656
0.3388031746677738	0.39814433974283614	0.26305248558939015
0.7813061441298192	0.10079307683290112	0.11790077903727975
0.39274526758811795	0.3628564346870412	0.24439829772484095
0.1506183194078821	0.5635335017513068	0.28584817884081126
0.04761196349119601	0.8744426095770846	0.07794542693171957
0.4898335892227389	0.232046956302996	0.2781194544742652
0.5102795407660891	0.2947805259760495	0.19493993325786158
0.1344400021402508	0.6895592237136581	0.17600077414609122
0.37671165678141083	0.5425468420718815	0.08074150114670775
0.3014710583589964	0.39111263880826863	0.307416302832735
0.37223149017166324	0.2187438076278616	0.40902470220047527
0.30524235765614	0.5689337401080595	0.12582390223580062
0.023073338043223535	0.8473600364119332	0.12956662554484338
0.28133114458368563	0.4680117664239326	0.25065708899238187
0.20241882718236529	0.24313880825950063	0.5544423645581342
0.07731857383738033	0.8334169130336561	0.08926451312896366
0.44343188431714653	0.4298081493916086	0.126759966291245
0.8059147266964812	0.05524910462541921	0.13883616867809975
0.40516139030876896	0.2022655919363518	0.39257301775487935
0.14035315045155813	0.5553231472422882	0.3043237023061538
0.45430309168830874	0.3578816528526856	0.1878152554590058
0.18481633464035954	0.3312083014732814	0.4839753638863592
0.664376915230542	0.18584033466365693	0.14978275010580114
0.5441984958943173	0.2181161489920498	0.23768535511363287
0.5820109361045185	0.34321179919951916	0.07477726469596241
0.3532839424916181	0.4572946660556122	0.18942139145276984
0.5255812243623585	0.09544240830458067	0.37897636733306084
0.3572084611133349	0.19353429707075442	0.44925724181591076
0.18117719785218966	0.49271680997560074	0.3261059921722097
0.48135476048679454	0.1537813670093343	0.36486387250387126
0.46868093009593176	0.1667795141711256	0.3645395557329427
0.34835804051427877	0.1869634161813964	0.46467854330432495
0.20967491544100486	0.4086699043174828	0.38165518024151246
0.1917987236442767	0.4855105384087288	0.3226907379469946
0.5049966206944781	0.310936083146083	0.18406729615943893
0.777504035008493	0.12631664892234376	0.09617931606916341
0.5591917124952381	0.3180021174971701	0.12280617000759181
0.35275128768139596	0.21641021579028782	0.4308384965283163
0.4166292062346146	0.4145212915758666	0.16884950218951894
0.4298063810856888	0.3448626612173579	0.22533095769695335
0.5183643403346083	0.13094887137254912	0.35068678829284267
0.25571386195106466	0.35068625373269036	0.39359988431624504
0.12911189176887863	0.7497699524704081	0.12111815576071333
0.6768572993826385	0.16362755944585938	0.15951514117150228
0.31060000973710244	0.38158337677498183	0.3078166134879159
0.44383454732633115	0.384968562111213	0.17119689056245593
0.5587274475698683	0.32042636664178153	0.12084618578835032
0.5846159078092387	0.097376987705593	0.31800710448516845
0.5629449123861989	0.1897345383745897	0.2473205492392114
0.2839198514271889	0.4297530055198181	0.28632714305299317
0.18496283936696256	0.5142720776437528	0.30076508298928467
0.24460814311377638	0.4833148567522447	0.27207700013397895
0.4397073153742581	0.47379319007178444	0.08649949455395756
0.06395317581600451	0.7560142796721194	0.18003254451187617
0.5458501744691989	0.21540804331594837	0.23874178221485282
0.044425925779048636	0.7871130721726989	0.1684610020482525
0.27164571659682113	0.300007788362868	0.42834649504031097
0.2822580372719097	0.47377578235114315	0.24396618037694728
0.04959618318149206	0.48619558934417084	0.4642082274743372
0.06564818324869132	0.855555549434538	0.07879626731677075
0.10313420698889456	0.31431235389267587	0.5825534391184297
0.07265883440057702	0.5651497909460195	0.36219137465340356
0.43463400853457734	0.23538315743892352	0.3299828340264992
0.1160477303151363	0.7264275140950847	0.15752475558977913
0.0794214597148068	0.4224839808383173	0.4980945594468761
0.6443437354116979	0.12150097377614894	0.23415529081215325
0.32985640095276547	0.5649197382515327	0.1052238607957019
0.34094726814735427	0.23062605608633968	0.4284266757663061
0.44493841270402257	0.07121105873890488	0.48385052855707267
0.46508581502832563	0.260070015580821	0.27484416939085343
0.345168511801772	0.0802038972043474	0.5746275909938807
0.562905451883114	0.0645921031608539	0.3725024449560322
0.36859648663150213	0.276687898326135	0.354715615042363
0.3147007319198013	0.25822493697376253	0.4270743311064362
0.6187025917957025	0.18598594419318382	0.1953114640111137
0.27212796246411175	0.5834183369731014	0.1444537005627869
0.1843419753628468	0.24669063285732884	0.5689673917798245
0.63877109265625	0.12176173922817246	0.2394671681155776
0.29119402573265574	0.6397277977679239	0.06907817649942044
0.12148902503065814	0.31144235259259156	0.5670686223767505
0.6546567238164617	0.0718133927945136	0.27352988338902484
0.18446093446478407	0.42260980120887	0.39292926432634606
0.3859411936715413	0.5323376341656026	0.08172117216285618
0.6460961556398626	0.1465684052077629	0.20733543915237457
0.07696123270882244	0.5218075805251651	0.40123118676601255
0.450144077007434	0.13857614463640147	0.41127977835616464
0.2896301584417604	0.4813691838138051	0.2290006577444346
0.3079824218405243	0.3558044923381838	0.336213085821292
0.3237036512290965	0.5382952676055041	0.13800108116539958
0.5730602727385479	0.341336085532874	0.08560364172857823
0.31389575018148635	0.5573707342239012	0.12873351559461266
0.10417379216935943	0.7470126810770262	0.1488135267536145
0.03253799691624526	0.3745356717464779	0.592926331337277
0.14653242517152942	0.3095399251230054	0.5439276497054654
0.6765921294371444	0.1563662440118064	0.16704162655104926
0.2353938668496591	0.30826134898583074	0.4563447841645103
0.20551627046288035	0.6767496246390672	0.11773410489805253
0.248539652471916	0.5557317593298227	0.19572858819826147
0.13802785764122338	0.29153864052111667	0.5704335018376601
0.5793244172339539	0.05072868285060711	0.3699468999154391
0.8174056002607549	0.07166039065775492	0.11093400908149026
0.2924652666384927	0.6117814187921163	0.09575331456939115
0.275321164870599	0.15929547895265514	0.5653833561767461
0.25074283269985	0.35221016035954483	0.3970470069406053
0.13093310634703687	0.7572894802711334	0.11177741338182975
0.18227744006316393	0.4218996652109778	0.39582289472585835
0.0762750173765	0.6864622564800249	0.23726272614347532
0.23269661849945844	0.3546509048385781	0.4126524766619636
0.12149032718560457	0.6483415335769251	0.23016813923747037
0.10153287075965223	0.8129853203800543	0.08548180886029352
0.6587935013699568	0.11111148203634175	0.23009501659370152
0.7454289390889485	0.0965794483941183	0.15799161251693333
0.38350943331315307	0.17124845812911177	0.44524210855773527
0.17175955363571002	0.24868371503110248	0.5795567313331876
0.8279977207393872	0.04128460458758504	0.1307176746730279
0.6027208671405713	0.039398803958130224	0.3578803289012986
0.19156682637607528	0.7207448718618656	0.08768830176205922
0.10960195584125046	0.6718324983721633	0.21856554578658638
0.39444291526771	0.2569097659599396	0.3486473187723505
0.417153225530211	0.5087360994929727	0.07411067497681639
0.03401806583104988	0.6875924478785987	0.27838948629035154
0.11222000889487588	0.5003684438070566	0.38741154729806765
0.7334116341555842	0.11284586370943311	0.1537425021349828
0.3459965041141722	0.34880684139336543	0.30519665449246247
0.21489539602146174	0.571356873393542	0.21374773058499635
0.3585869761199874	0.0991120058393416	0.5423010180406711
0.09839374962682432	0.3404254953673165	0.5611807550058594
0.5372524792098039	0.19343042941514224	0.26931709137505394
0.5178940027112324	0.08896706590455356	0.39313893138421413
0.49332048382143573	0.046968228557110636	0.45971128762145375
0.29731533953278233	0.5353868581820332	0.16729780228518454
0.390773534602782	0.33899170335449563	0.27023476204272245
0.3422282394344279	0.5270277180255156	0.13074404254005653
0.34511272719340313	0.3107948641629785	0.34409240864361845
0.537981253971362	0.2032671878503629	0.2587515581782753
0.20070465823257908	0.5167223838133846	0.2825729579540364
0.12873176895220986	0.7049028901461165	0.16636534090167382
0.18779414747981038	0.38218855540936997	0.43001729711081976
0.35036536426492565	0.28905724512878556	0.3605773906062889
0.3320276155124995	0.13786690019587572	0.5301054842916249
0.21199890539838545	0.5513242652193467	0.23667682938226792
0.29671644843018263	0.24892052655368918	0.45436302501612835
0.2718080201422157	0.14089871677944218	0.5872932630783423
0.7184452721111149	0.21013002216720394	0.07142470572168125
0.5231114495822339	0.38175733177231114	0.09513121864545512
0.2583095823622924	0.2636172952055402	0.4780731224321675
0.23903767411472648	0.3810031839553034	0.3799591419299702
0.3327565312883691	0.5593269496703782	0.10791651904125288
0.27655178197373786	0.30787119718462275	0.4155770208416395
0.7426277858116198	0.18323363449330338	0.07413857969507687
0.43618723317986474	0.2977953442630046	0.2660174225571308
0.08538002300018399	0.541889293742212	0.37273068325760417
0.33416338424433556	0.21285520875336844	0.45298140700229605
0.47808224629908136	0.39210735704196215	0.12981039665895658
0.42299223875883096	0.1846181015663607	0.3923896596748085
0.13860259457928847	0.7691788547092813	0.09221855071143037
0.592841380680099	0.1257463116531169	0.28141230766678427
0.2631966702300127	0.5801196025426392	0.1566837272273482
0.2682530407764391	0.6219523619769993	0.10979459724656168
0.7785448967855891	0.09419605289894958	0.12725905031546142
0.06754973696662447	0.8422400305581954	0.09021023247518034
0.45740933457998345	0.33297390524955595	0.20961676017046071
0.2489183910203915	0.26335146684758703	0.4877301421320216
0.21251754574097617	0.20215632710655515	0.5853261271524688
0.713946961677463	0.15154250193927948	0.13451053638325755
0.24287756488208173	0.5928729219209049	0.16424951319701347
0.1319327927453406	0.5859540095299287	0.2821131977247309
0.10686615231646487	0.3107204944243513	0.582413353259184
0.430699904312618	0.3808878937290649	0.1884122019583172
0.6220193760659448	0.19050694589717224	0.18747367803688303
0.09694039643018698	0.6258032004136642	0.27725640315614886
0.4076722588539716	0.44362331473985794	0.14870442640617054
0.6033281717492365	0.13082329857241767	0.265848529678346
0.29785392087200985	0.3419296689255675	0.3602164102024228
0.5865250728700168	0.32584046191873556	0.08763446521124779
0.050275755544177736	0.7331705857145034	0.2165536587413189
0.5098080103343618	0.03580351012329264	0.4543884795423455
0.534295328861622	0.34834360717258234	0.11736106396579576
0.23789122528136297	0.278411342775367	0.48369743194327014
0.25005160171012664	0.4397180442643681	0.31023035402550536
0.3288708201800018	0.4028458806844737	0.2682832991355246
0.5558708464872437	0.36213963487999135	0.08198951863276499
0.17058932454979922	0.32796882725174764	0.5014418481984533
0.03524578806164702	0.628784034533765	0.33597017740458807
0.7977788081402728	0.09234885045532093	0.10987234140440638
0.7256894088278216	0.08501113379240358	0.18929945737977483
0.16161643027639222	0.7390694039997014	0.09931416572390636
0.5467166655187066	0.33158233617823124	0.12170099830306227
0.5176256644486618	0.12934588154255564	0.35302845400878274
0.15262317257102997	0.6198623155687751	0.227514511860195
0.14454115483238772	0.6869034711484321	0.1685553740191804
0.09533772763345841	0.5757683923460106	0.32889388002053105
0.18509827984452537	0.6838485310011109	0.13105318915436387
0.5701745808563055	0.340020157926736	0.08980526121695864
0.10755307815251772	0.5789052020325315	0.31354171981495094
0.7353075267104072	0.09644092469925708	0.16825154859033573
0.4863480497301223	0.21374729475474738	0.2999046555151304
0.29316354153664487	0.20312080599146168	0.5037156524718935
0.48396332090878985	0.3301781160393377	0.18585856305187254
0.24022316507897035	0.3318722613858096	0.42790457353522016
0.37153465485925563	0.4039472663742143	0.22451807876653015
0.600283862368299	0.06844276001483307	0.33127337761686804
0.28062618535470807	0.5025552259066615	0.21681858873863058
0.16569199636490148	0.6016139738034778	0.23269402983162085
0.4678393165960547	0.2479617976512029	0.2841988857527425
0.07002817115979237	0.35236919722685667	0.5776026316133511
0.06981777017153268	0.6333774639357448	0.29680476589272264
0.6052535309656389	0.08615830953679326	0.3085881594975679
0.33932981600691237	0.3041543101135368	0.35651587387955097
0.07155430788784378	0.7507910543511546	0.17765463776100174
0.29265639297267265	0.22177687659226414	0.48556673043506327
0.05056123429568049	0.5225117758572468	0.4269269898470728
0.5620346531905781	0.26608826245031986	0.17187708435910215
0.06716830228860743	0.5483016451339638	0.3845300525774288
0.2313184820520292	0.49823468384415043	0.2704468341038205
0.29184492409122076	0.2469593811420738	0.4611956947667055
0.6319450054086819	0.2855915846094766	0.08246340998184154
0.13435929443907207	0.7205344737856181	0.14510623177530996
0.30609483968513873	0.5527142054550823	0.1411909548597791
0.6396364059331833	0.08817096215908429	0.2721926319077326
0.4499947056083513	0.2188233947646738	0.331181899626975
0.2714975652504292	0.42896343761075284	0.2995389971388181
0.1523954479574938	0.6304347788387186	0.2171697732037877
0.322884942995307	0.5759159353759201	0.10119912162877298
0.3936121431087636	0.2546541714400014	0.3517336854512351
0.22669561065228566	0.41286348997748723	0.3604408993702272
0.48854551212244723	0.3931737372463707	0.11828075063118212
0.296647365893407	0.3463922229561872	0.3569604111504059
0.17826966985406092	0.6216356978574256	0.20009463228851362
0.10625310944444655	0.504392274465918	0.3893546160896356
0.1258129958395202	0.47926351021406094	0.394923493946419
0.03782163416345208	0.40611087321007533	0.5560674926264727
0.213871962864619	0.28865770682533815	0.49747033031004295
0.6016885577106906	0.04116960481052301	0.3571418374787864
0.3250979881305883	0.25647608736845673	0.41842592450095506
0.4707000141981857	0.3046397924437565	0.22466019335805795
0.15843597818126148	0.7257856824277887	0.11577833939094989
0.221937169138622	0.4749399554452991	0.303122875416079
0.22699741908242954	0.6895314538984249	0.08347112701914575
0.7608803243060565	0.1048205470566182	0.13429912863732546
0.6287004087217813	0.1819580790447521	0.18934151223346668
0.43528572586995323	0.07173391183111572	0.49298036229893116
0.5732567703987685	0.30417309728123654	0.12257013231999511
0.42636087183656196	0.4753798499189195	0.09825927824451863
0.08743713205483677	0.7982738382243126	0.11428902972085075
0.07622242881962543	0.8169242209104601	0.1068533502699146
0.1415013072328759	0.371538195777593	0.4869604969895312
0.6433101291094359	0.13727243699063096	0.21941743389993323
0.42181390292284315	0.20513409274319055	0.37305200433396635
0.21357474397754383	0.41497149483333734	0.37145376118911894
0.6666954680143288	0.25403572149414855	0.07926881049152279
0.18987861022499333	0.5330214989105243	0.2770998908644825
0.13705314129447388	0.27477668885812084	0.5881701698474054
0.3301796251400201	0.46876731501872365	0.20105305984125638
0.4351973972988487	0.47068867534885395	0.09411392735229746
0.6229552691214046	0.0409692971777591	0.33607543370083626
0.32564468650117917	0.5224974273929577	0.15185788610586323
0.11455706656306408	0.29503001204663415	0.5904129213903019
0.07298638692311649	0.8161448810258644	0.11086873205101933
0.387056055810451	0.4573226562868621	0.15562128790268703
0.32817826629087027	0.2819580150484752	0.38986371866065467
0.25898811755596995	0.1832026587389574	0.5578092237050728
0.44022655071753003	0.46953272869361007	0.09024072058886001
0.3926521167130785	0.3018368501357315	0.3055110331511901
0.31797068740794315	0.3763609828856993	0.3056683297063576
0.7333714210254753	0.10041010678465306	0.1662184721898718
0.28120022556677454	0.14476699911777907	0.5740327753154464
0.4734288632558882	0.40655546006483845	0.12001567667927349
0.6796149966148473	0.11917615963267367	0.20120884375247922
0.37578559090005437	0.3790243890675424	0.24519002003240337
0.1536770446506459	0.6958817484143787	0.15044120693497554
0.2698157579440122	0.5566352439386494	0.1735489981173385
0.1125299524767373	0.3450216301494113	0.5424484173738515
0.42770784161051256	0.10596636373927215	0.4663257946502154
0.4189529894529145	0.347035314159852	0.23401169638723363
0.6379984090848332	0.06551489661498466	0.2964866943001822
0.5244533552408763	0.17635888359999105	0.2991877611591327
0.34184299790667944	0.2909000180470895	0.36725698404623125
0.4686098514563729	0.34755386230241153	0.18383628624121567
0.21815855190861147	0.27984325383128184	0.5019981942601068
0.6659972577481001	0.22840886430692703	0.10559387794497288
0.39655260864259356	0.3210092809135253	0.28243811044388123
0.40074289651258943	0.3318542869139968	0.26740281657341386
0.19853896238910018	0.7204729755508993	0.08098806206000064
0.12962313935731196	0.7479344129207589	0.12244244772192925
0.17843388374409472	0.6764122546059028	0.14515386165000255
0.0934920299770921	0.6551731555773034	0.2513348144456046
0.3530389632394233	0.1290741784822774	0.5178868582782994
0.08912102347747072	0.38701575395732724	0.5238632225652022
0.11770645814017161	0.8003420696777974	0.08195147218203114
0.42543247282000485	0.4016638368418389	0.17290369033815636
0.39285037150186985	0.4256425306506434	0.18150709784748684
0.3949867695972917	0.3176244192600645	0.2873888111426439
0.26667728144936637	0.6502883348127878	0.08303438373784594
0.32771770607115963	0.25119171183718364	0.42109058209165684
0.23209070159888523	0.6424913912247172	0.12541790717639764
0.1385690055750596	0.5580790359793145	0.303351958445626
0.4114446023909974	0.45851887221620635	0.13003652539279636
0.13994017393002542	0.6630826694770782	0.19697715659289652
0.17574413002619615	0.583772052698825	0.24048381727497897
0.11325006037757332	0.5459715704967291	0.34077836912569776
0.06031173176088911	0.8431582749566806	0.09652999328243039
0.567563343034262	0.11968893041810724	0.31274772654763083
0.1713134189871523	0.6172412063969079	0.21144537461593976
0.7119286970391092	0.13653767147948687	0.15153363148140397
0.3645635021452701	0.4186239435294275	0.21681255432530244
0.0749197745950071	0.8179846461119182	0.10709557929307473
0.17471743456158115	0.28430466533937926	0.5409779000990397
0.4669459141926195	0.3228572052854735	0.2101968805219071
0.3370515162429734	0.3415011736889741	0.3214473100680526
0.37221418709856635	0.5271361629656165	0.10064964993581729
0.29435606391396785	0.5584300249792671	0.14721391110676524
0.20084083709274725	0.5516812481642	0.24747791474305275
0.6214752497788256	0.24081135147752647	0.13771339874364807
0.31042669197020345	0.48982204951555286	0.19975125851424386
0.13939837099499994	0.5208545276134912	0.33974710139150904
0.16919981262084655	0.41485203672230997	0.41594815065684365
0.3643095321933164	0.34271684754285553	0.29297362026382817
0.5787070585517864	0.28414739235676745	0.13714554909144633
0.029240110084904236	0.4717372602280611	0.4990226296870348
0.03226633369603005	0.48346669711660084	0.4842669691873692
0.40088327173021077	0.29401763559255123	0.3050990926772381
0.34896380071246996	0.40622581054764084	0.2448103887398893
0.5227323740217108	0.36019813235574627	0.11706949362254301
0.18012163312160978	0.7431160793200944	0.07676228755829606
0.5410428303832057	0.3652848209114153	0.09367234870537913
0.7333866970418572	0.08712631578851399	0.17948698716962885
0.3265318999942394	0.3798610457391688	0.2936070542665919
0.17096715105057725	0.40267805513640564	0.4263547938130172
0.3645343648887758	0.14068271854912534	0.49478291656209905
0.5863557497040849	0.26751886930636015	0.14612538098955505
0.4104263622585426	0.11586455061224302	0.47370908712921445
0.5614652078525064	0.3432041961953146	0.09533059595217913
0.3471682955469447	0.19018672974332376	0.46264497470973165
0.08341566596699518	0.7774834949764446	0.1391008390565603
0.17297023657946825	0.4211908241992922	0.40583893922123965
0.33771315160514664	0.5700815081911521	0.0922053402037013
0.11301071156794182	0.5129895534206497	0.3739997350114086
0.3456893245278786	0.39018013568587756	0.26413053978624396
0.7236011222399827	0.18405290014889403	0.09234597761112329
0.3733616257481529	0.308641271428323	0.3179971028235242
0.31831908038352735	0.15669273921484214	0.5249881804016306
0.8428958633570718	0.066515775439419	0.09058836120350927
0.4657057853850169	0.04852826936171606	0.4857659452532671
0.23849159661482527	0.5009243074350553	0.26058409595011955
0.3660477075415506	0.19991943636209056	0.434032856096359
0.5856717621085777	0.32468788253571224	0.08964035535571016
0.294946250489323	0.2545541297474887	0.45049961976318836
0.6713507399154796	0.19270977993364324	0.13593948015087728
0.3654450460248414	0.5102174782044686	0.12433747577069013
0.2649160109287022	0.6062950886259281	0.12878890044536984
0.32617232743848906	0.09238432675789646	0.5814433458036146
0.17609161269313783	0.5851209168582101	0.23878747044865212
0.08872902457119647	0.47869064646673254	0.4325803289620711
0.3904105839374749	0.23266427827558572	0.3769251377869395
0.2984063933909691	0.20375561234336353	0.4978379942656675
0.5328771127639176	0.195263640327717	0.2718592469083655
0.5135428208462336	0.35338231998440495	0.13307485916936157
0.40403514412913116	0.4809550563193259	0.115009799551543
0.7820969917770547	0.14674384220873582	0.07115916601420957
0.3490436963982877	0.35370550172410375	0.29725080187760866
0.17256280996245638	0.31262621824378606	0.5148109717937577
0.49228645173579194	0.22472788927581494	0.28298565898839323
0.5681827311070059	0.32174274583824847	0.11007452305474572
0.22893521961277474	0.5000100578403002	0.27105472254692514
0.7054436281356504	0.13464872052562082	0.15990765133872875
0.040713244018700856	0.6822681126349804	0.2770186433463188
0.08732426316220565	0.5362455538666292	0.37643018297116526
0.5150167047938305	0.1722208833946494	0.3127624118115201
0.09446632651936049	0.30961895716677335	0.5959147163138663
0.14220476283494282	0.5694408794074999	0.28835435775755747
0.4773955462657785	0.13115275334195464	0.39145170039226695
0.4349398575766503	0.25106110062410697	0.3139990417992428
0.1042250299703795	0.6888234526649837	0.20695151736463693
0.7511403991355086	0.14098900889699004	0.10787059196750143
0.464688570518634	0.08124685939317755	0.45406457008818857
0.522577996747727	0.3984384644425518	0.07898353880972125
0.20885233092196687	0.7204240594059688	0.07072360967206459
0.057453421050715936	0.5183796489743151	0.4241669299749691
0.5609460035298051	0.2602414834190424	0.17881251305115267
0.4277268107894082	0.3928919891401107	0.1793812000704812
0.18072648334821734	0.5241516309857295	0.2951218856660533
0.4917376005456801	0.15975847261954967	0.3485039268347703
0.08794017184852163	0.34775487045269127	0.5643049576987872
0.5271670671524986	0.24824290933819568	0.2245900235093058
0.6882773756987648	0.17816224273134318	0.1335603815698921
0.13135709146897814	0.7739302066405422	0.0947127018904797
0.18887883639376868	0.4161897481621119	0.3949314154441195
0.20542602631405438	0.6832793059365112	0.11129466774943461
0.7778591154276686	0.07829557731272319	0.14384530725960823
0.17633521546739858	0.24529359367828588	0.5783711908543157
0.2335385185857335	0.644172589731247	0.12228889168301965
0.27180996309256206	0.2643641059362378	0.46382593097120023
0.5177570880596616	0.3995495725926159	0.08269333934772255
0.2892721539991566	0.509078836137729	0.20164900986311451
0.29332778899732936	0.5835904838008392	0.12308172720183155
0.324464665608697	0.20211768962078755	0.4734176447705155
0.2988843906932444	0.484959633096603	0.2161559762101527
0.658209275403985	0.11386281199240988	0.22792791260360512
0.6005259578457836	0.2900628417026651	0.10941120045155145
0.3039424562225429	0.17300291686807623	0.523054626909381
0.6579811026307327	0.2715027863475983	0.07051611102166916
0.02908887471563415	0.6466600300962188	0.32425109518814726
0.20250322816041388	0.6395830070556121	0.15791376478397412
0.3933530648122997	0.3758052284639009	0.23084170672379956
0.7064988955151672	0.07925963920498447	0.21424146527984836
0.07870451140557577	0.6437998599687235	0.2774956286257009
0.39162636786105054	0.05796015849304881	0.5504134736459008
0.6107078972855191	0.0908226378927387	0.2984694648217423
0.346369340718569	0.2263642156924719	0.4272664435889592
0.16291421807479614	0.7123510036245236	0.12473477830068033
0.3103526927960295	0.5529939923388704	0.13665331486510024
0.1221146568507811	0.6754891737569225	0.20239616939229654
0.4450521804095431	0.17343685808001041	0.3815109615104466
0.09227262790352275	0.5839783509269626	0.3237490211695148
0.11676125805734316	0.3449670169462371	0.5382717249964198
0.4543379601470835	0.446747462874424	0.0989145769784926
0.2923431722737907	0.4387655201429374	0.26889130758327207
0.20958969926822613	0.6241333906481454	0.1662769100836285
0.28430545202369906	0.3180275454683614	0.3976670025079397
0.4850001302942145	0.19275320675691915	0.32224666294886645
0.20322325096611987	0.6761035172693342	0.12067323176454603
0.15624939195344542	0.2685054396985506	0.575245168348004
0.1499347813278539	0.4147050290226009	0.43536018964954526
0.48351933526549434	0.06058103712140189	0.4558996276131038
0.3454330449895892	0.10126981746947755	0.5532971375409333
0.5422597536018929	0.17945305665536707	0.27828718974274014
0.21070523903481192	0.6525218704564233	0.13677289050876484
0.10240967786328148	0.37273592477788414	0.5248543973588345
0.27063902542647567	0.3280864679524413	0.4012745066210831
0.2675205046516217	0.6258448742787281	0.10663462106965024
0.28565597333931203	0.5184949053541379	0.19584912130655024
0.7064383015280948	0.0972569806756001	0.19630471779630515
0.7876412573686803	0.1388526519819781	0.07350609064934172
0.04778202450646174	0.5953626245080788	0.35685535098545956
0.35640750319097986	0.18423934635725053	0.4593531504517697
0.26190824332205215	0.2153816514229306	0.5227101052550174
0.5999207432266227	0.21295408045526687	0.18712517631811051
0.7200901357516623	0.07932583549279171	0.20058402875554615
0.7314445813079958	0.04931060788897007	0.21924481080303415
0.25127814782494884	0.4597363659488475	0.2889854862262038
0.03839894335914351	0.8135091954040916	0.1480918612367649
0.11728928480093959	0.5110045516734345	0.3717061635256261
0.4514908338045776	0.08618009288044998	0.4623290733149725
0.12867225650394126	0.5066761066454263	0.36465163685063257
0.3575928773908692	0.2632196389831185	0.3791874836260124
0.635395462810298	0.03391737190295824	0.3306871652867438
0.2956078641268274	0.18261961917434438	0.5217725166988283
0.14320396623968024	0.5393987145914851	0.31739731916883474
0.6133615857358594	0.314853891155728	0.07178452310841277
0.12969297120017093	0.5324057071186337	0.33790132168119547
0.09394983600677018	0.3331979492605199	0.5728522147327101
0.12635227665555507	0.33703932635848405	0.536608396985961
0.5402656149041083	0.07032230797454392	0.38941207712134795
0.18858579869392267	0.4309841204057155	0.38043008090036196
0.07124068241665499	0.7289305523069354	0.19982876527640986
0.19817162570951447	0.6429179173501636	0.1589104569403222
0.022947772161112157	0.6722935885170842	0.3047586393218038
0.10980638319973679	0.7674386580445425	0.12275495875572079
0.5618583951652901	0.07474516950048127	0.36339643533422866
0.3728363699108646	0.41294194819536123	0.21422168189377427
0.670919026991777	0.18960446677402465	0.13947650623419847
0.5391792294149653	0.11491015784420203	0.3459106127408328
0.6536370111094867	0.162725265973507	0.18363772291700636
0.5936492828226905	0.12862772132540784	0.27772299585190174
0.7164338324083117	0.11331205421552765	0.17025411337616075
0.02857714165988534	0.8801651886340284	0.09125766970608634
0.39444744047960717	0.26574474158964356	0.3398078179307494
0.10095570665875717	0.7343228723365011	0.1647214210047419
0.38099202015920797	0.0457835353318678	0.5732244445089243
0.2557318219134066	0.4558326880460145	0.288435490040579
0.35231428724680064	0.48665599763450723	0.16102971511869224
0.20795387489400782	0.2819876489290273	0.510058476176965
0.07112157725766421	0.35507394072203935	0.5738044820202965
0.23349000306134787	0.1980664260609334	0.5684435708777189
0.6328672462399647	0.276026025655942	0.09110672810409348
0.5150672312875968	0.2655228141804048	0.21940995453199852
0.4925027711268438	0.3835684605423683	0.12392876833078795
0.3691203797113913	0.17765266530712903	0.4532269549814798
0.12310952891020535	0.6864039994158233	0.19048647167397148
0.3545888871297215	0.0875420382808163	0.5578690745894623
0.08816255449092403	0.6774231263108521	0.23441431919822392
0.49214045919536564	0.09584203912526429	0.4120175016793701
0.34942396711775964	0.327059877853385	0.3235161550288555
0.20724138747194518	0.2467862658044732	0.5459723467235817
0.41822593382278267	0.33707734036261305	0.24469672581460442
0.17904691829873554	0.46266827926548376	0.35828480243578087
0.3512331034926258	0.3147551639278012	0.3340117325795731
0.3996528608693902	0.4436087597577231	0.15673837937288673
0.2893612326148587	0.17463223528581978	0.5360065320993217
0.662654718957556	0.06325348708078843	0.2740917939616556
0.6373869424980013	0.1364681475579283	0.2261449099440705
0.18029821728742934	0.25995868886801465	0.5597430938445561
0.2089372998373099	0.7041425965983097	0.08692010356438051
0.048464204949402234	0.5199424312691353	0.4315933637814626
0.44757826782191745	0.1449857039850672	0.4074360281930155
0.2301344395313798	0.4099367186089577	0.3599288418596626
0.41587201274560937	0.34705179385494533	0.23707619339944538
0.25063425635527337	0.28367671567588115	0.4656890279688456
0.14073213490178677	0.745671607294859	0.11359625780335433
0.2885418438219159	0.2456709219738501	0.4657872342042342
0.1690237977874922	0.49171905593587456	0.33925714627663334
0.5408753816465	0.36173407438396765	0.09739054396953248
0.5375532813611252	0.12010381463670983	0.34234290400216505
0.4911407329678733	0.3351219541910587	0.17373731284106808
0.21837359426974412	0.3727476627555469	0.40887874297470916
0.18403149825918141	0.39331970369435554	0.4226487980464632
0.6577779852974407	0.17323978550571162	0.1689822291968478
0.11367142067853842	0.783478254281817	0.10285032503964464
0.18181688929922132	0.6369073520040591	0.1812757586967197
0.5968038335326744	0.23072929853486102	0.1724668679324647
0.12441246953455415	0.7470152964342118	0.12857223403123424
0.4641740024615678	0.07943375568604305	0.45639224185238925
0.07645956743662247	0.3426962596346699	0.5808441729287078
0.7600594995199076	0.09969679948665491	0.14024370099343764
0.3941212354034688	0.41344991965769934	0.19242884493883203
0.34706663141904814	0.5288967792076479	0.12403658937330406
0.35665094354120797	0.40975826994668113	0.23359078651211096
0.39604828226274275	0.042911673967612585	0.5610400437696448
0.5692097715660045	0.08757907357016978	0.34321115486382575
0.2412496268812196	0.2943123934599142	0.4644379796588663
0.32027514845980537	0.4863474386290828	0.19337741291111188
0.07898283328545508	0.8383735934348444	0.08264357327970062
0.381778788598138	0.03839058126814843	0.5798306301337137
0.21826881644408183	0.4584958913531647	0.3232352922027536
0.595074472472985	0.27643593216528917	0.12848959536172594
0.3722490952937251	0.24604199201638322	0.3817089126898918
0.493749550440057	0.06887379184587344	0.4373766577140697
0.023624009095228327	0.7129484775622096	0.2634275133425622
0.513174036256383	0.2844393060028839	0.20238665774073314
0.38171801225361657	0.33755876736501483	0.2807232203813687
0.3459194191568385	0.3863147963787297	0.2677657844644319
0.13715581755447392	0.425515165670037	0.4373290167754892
0.1294467764446873	0.5723740356593183	0.29817918789599446
0.46450389222784555	0.38137762085248744	0.1541184869196671
0.14881571844832794	0.4036833936363146	0.4475008879153576
0.049174133324179525	0.8213629301045142	0.12946293657130634
0.2628816240864615	0.28495468993371786	0.45216368597982076
0.11737212424700189	0.38539969686036973	0.4972281788926285
0.2158868625221019	0.5262644083913107	0.2578487290865875
0.2842967096248999	0.12233579538539532	0.593367494989705
0.09806330794757301	0.4988669141051418	0.4030697779472854
0.1138917658577992	0.35626654299332766	0.5298416911488733
0.5509540517671127	0.03635541218429056	0.41269053604859685
0.6559044984402226	0.04837243011007342	0.2957230714497041
0.4844687484921586	0.32202840941567146	0.19350284209216997
0.17958664562476165	0.28021061732539	0.5402027370498486
0.30667517575687614	0.22995106802668713	0.46337375621643684
0.5158227564653337	0.059655543302339686	0.4245217002323267
0.5493542054015585	0.09617652081496711	0.3544692737834745
0.11342604498001702	0.7968888195528049	0.08968513546717821
0.27235860434204023	0.3385317069721191	0.38910968868584084
0.6932485051427019	0.2001569539070425	0.10659454095025578
0.13315861398934453	0.3444637146132959	0.5223776713973597
0.042432419634647056	0.8480986417378245	0.10946893862752868
0.4527489979337709	0.43893980080307543	0.1083112012631538
0.11723877851042896	0.7281535749682609	0.1546076465213102
0.19408319796578677	0.4524093276115716	0.35350747442264174
0.15445660412394072	0.3894650773284872	0.4560783185475722
0.20003530093887792	0.34895711032055055	0.4510075887405717
0.3521412505841424	0.5527227166535836	0.095136032762274
0.1757450489154294	0.3592175258812678	0.4650374252033029
0.12609392267673847	0.7028007324379599	0.17110534488530169
0.08492788070142668	0.5231856523690824	0.39188646692949103
0.19238445725425163	0.5868243520053569	0.22079119074039166
0.18298224194036378	0.7159396372082678	0.10107812085136844
0.5825458053899647	0.19946760844637856	0.2179865861636568
0.22747277573105926	0.19262465417306943	0.5799025700958714
0.036665269510866794	0.7885032429461546	0.17483148754297875
0.06098002604553293	0.5096077116686044	0.4294122622858628
0.5404285597035816	0.20208541226336335	0.2574860280330552
0.46483592651091976	0.3910202699563877	0.14414380353269257
0.22014354114065093	0.4155058364612853	0.3643506223980639
0.12588601426141804	0.3055189730530719	0.5685950126855102
0.4951216299294483	0.10768031082535809	0.3971980592451937
0.25194373875999154	0.17977100050271494	0.5682852607372937
0.12393964890845016	0.7520872938898802	0.12397305720166973
0.06948909779220891	0.626199797433991	0.3043111047738003
0.20323447489755608	0.3187480283210344	0.47801749678140965
0.40537606089373157	0.12043288087857773	0.4741910582276908
0.2279458637332563	0.26189338169810117	0.5101607545686426
0.24229493300009675	0.17674289016966302	0.5809621768302404
0.399496060477837	0.4185221387714312	0.18198180075073192
0.4010780666353721	0.20519918831569714	0.39372274504893084
0.3747340981889324	0.5336170382579573	0.09164886355311042
0.3722770016485022	0.39144766262786	0.23627533572363796
0.057003184644749405	0.8715943574802842	0.07140245787496646
0.41490570924908543	0.16896979826692798	0.41612449248398664
0.34511438379076387	0.2499038993535489	0.4049817168556873
0.19542232966668377	0.32086395558189335	0.483713714751423
0.33830899392829256	0.3092289788905059	0.3524620271812017
0.6849279353256819	0.1971651358684937	0.11790692880582454
0.05951185852594154	0.8351501795122325	0.10533796196182607
0.1989811618337577	0.5847976077274765	0.21622123043876593
0.5135051135123281	0.250618324437743	0.2358765620499291
0.048501118219186734	0.8571023078616876	0.09439657391912581
0.20585748055015166	0.3592134562007189	0.4349290632491296
0.6219383106553151	0.04663605225771528	0.33142563708696976
0.08745255702184118	0.36053144790057884	0.55201599507758
0.5489911752441193	0.11466978258841104	0.3363390421674698
0.1435180997718989	0.36118249532302293	0.4952994049050783
0.20303815640595604	0.2182920244288457	0.5786698191651984
0.193284749129505	0.689959398235723	0.116755852634772
0.46990884098973373	0.4072487967971046	0.12284236221316183
0.5388094678187716	0.37052402333501566	0.09066650884621283
0.049062446733114606	0.3656298129977006	0.585307740269185
0.6245289651585191	0.08624393742298797	0.28922709741849295
0.7782939459664386	0.15129057995815715	0.07041547407540433
0.03545446945471242	0.5170809173209567	0.44746461322433095
0.07104168588486587	0.7799977730118293	0.14896054110330503
0.7048394314613232	0.13373907695493337	0.16142149158374353
0.5135154534987632	0.3133218088343662	0.17316273766687076
0.4423421212299932	0.47901994859124947	0.07863793017875742
0.2625069284661514	0.1965223020654769	0.5409707694683719
