0.0741709239835048	0.16924497500718821	0.17303905074825626	0.06319547654225349	0.11381461412677352	0.04823835231861155	0.1564128450499775	0.20188376222343446
0.07402536527847181	0.1670068276137756	0.17836512477423117	0.06626275774266721	0.105035598785941	0.047375206861616115	0.1544559406445843	0.2074731782987126
0.0744901574449687	0.16470344129161998	0.1723282639963925	0.06535081407462982	0.1181001796744523	0.04858515702672475	0.153613997056255	0.20282798943495672
0.07492522285517636	0.1672018796875784	0.1788645430470876	0.06328327832244338	0.11162549692822563	0.0482343101652456	0.1531523437203634	0.2027129252738794
0.07418195212925499	0.16448208842191223	0.1784700229483157	0.06672770994798519	0.11092970084919405	0.04887036321189844	0.15287687451518436	0.20346128797625482
0.07462152140838087	0.16975412981283308	0.17188105542142146	0.06531188296176746	0.10999609706624952	0.04787458354199149	0.15540332610061414	0.20515740368674182
0.0744818633552908	0.16527059018592058	0.17820042542146133	0.0623066566033558	0.11022774719495478	0.04899939616156565	0.15305501483085865	0.20745830624659223
0.07490921198341505	0.16507177866606726	0.17524953782553465	0.06675424572653825	0.11416442346204139	0.04722881109184543	0.15354938314666897	0.20307260809788882
0.07408278640278554	0.16590434797080322	0.17433329823715737	0.06522330739342275	0.1072883992657783	0.04879162406345551	0.15678338430008232	0.20759285236651479
0.07384984860010409	0.1698035964963154	0.1710836045443038	0.06620945528671066	0.11340457917835017	0.047691398371495275	0.15589644153380014	0.20206107598892026
0.07480843722013415	0.16973313664298129	0.17543428814660664	0.06511526670721714	0.10580365000548937	0.04739611098747086	0.15698857035157	0.2047205399385304
0.07383772688502818	0.1697395856651936	0.17818722784885319	0.06336549510814517	0.10554305096955806	0.047832321480254306	0.15524921799489436	0.20624537404807297
0.07480080934817675	0.16756404208134837	0.16944713550943158	0.06258411415002912	0.11717495735470501	0.048392388325008806	0.15413998768663859	0.20589656554466157
0.07406812171682457	0.16810979681142993	0.17187605049806992	0.06606822866621534	0.11157416367787797	0.04801210832760831	0.15596234846762036	0.20432918183435342
0.07503893412805158	0.16768289159626723	0.1770276599132149	0.06467590451267854	0.10546236776544558	0.047807975656917495	0.15511776085495707	0.20718650557246737
0.07455637651397184	0.1693984667681021	0.17612611817544782	0.0630649493420222	0.1140373277593116	0.046713204145911374	0.15452903790008546	0.20157451939514742
0.07450502801457957	0.1651788536602487	0.17837629287414838	0.06402736787501676	0.11363545289466762	0.04875447370595393	0.15713859000661112	0.1983839409687737
0.07434562296882011	0.16856557365797487	0.17011278016635573	0.06323099759139927	0.11423941013653059	0.04860278610014972	0.15673448564042608	0.20416834373834347
0.07420395737448088	0.16443114040361664	0.17693413015216874	0.06521150731733878	0.11131301803180975	0.0476530965659311	0.15466434484455896	0.20558880531009494
0.07417112459915481	0.16948755351445438	0.16844015982671373	0.06636357218900789	0.11465326911827459	0.04755609553695943	0.15187360731990796	0.207454617895527
0.07403763416179032	0.16930119910954736	0.17253252792901538	0.06552291541654887	0.11212406583562357	0.04743355739890377	0.1559087970656316	0.20313930308293898
0.07412589798151337	0.16878782569321077	0.16919861593568344	0.06529068123393149	0.11395150671627137	0.048204939466499674	0.1560202401334838	0.20442029283940594
0.07491308260604417	0.16733941268386848	0.17104440461423878	0.06586447538815138	0.115225727262208	0.048382635806831456	0.15710942030765546	0.20012084133100205
0.07501401218704482	0.16913033063669047	0.1729488917654657	0.06272454356973019	0.11582678025880054	0.04741797933711368	0.1564065155306589	0.20053094671449548
0.07503952266910136	0.16597866336708683	0.16958075306483786	0.06648129740164924	0.11157197495247935	0.04898369412693458	0.15499519794613248	0.2073688964717781
0.07465925515911524	0.16885768455242717	0.16854362435035505	0.06656016651387214	0.11044888665130378	0.048966354377696614	0.15430045786059507	0.2076635705346347
0.0739576251374506	0.16606279719874384	0.17521705226517217	0.0620882816175377	0.11728212666548721	0.04891472264004457	0.1526568324028133	0.20382056207275037
0.07433578068823232	0.16670278092094923	0.1722860413602149	0.06439811853043496	0.1178799723569617	0.047989760546197385	0.15622911934724476	0.20017842624976456
0.07410165053121093	0.16622451893192208	0.17513803656943971	0.06656997491478808	0.11648950018036036	0.049106022642492	0.15369935454219857	0.19867094168758803
0.0739275352326684	0.16493442229587546	0.17531552339530734	0.06243764485816648	0.11506855719103444	0.047199677237938345	0.15601618651629248	0.20510045327271684
0.07457935035010814	0.16394424636861274	0.16978980556301523	0.06607793071729375	0.11787438722426434	0.04838828202796351	0.15522071166184148	0.20412528608690061
0.07379209414259112	0.16898206318008965	0.17306119791266625	0.06363405858895302	0.1175992483096379	0.04696223253230361	0.15614961619291046	0.1998194891408478
0.07415384401943347	0.1640593491513735	0.17265742244785875	0.06258884868128034	0.1183187053742756	0.04789677970605123	0.15565936959290005	0.20466568102682683
0.07465074606228188	0.16851757657292263	0.1711576288032271	0.06412863866562296	0.11115673713979575	0.04700175475583754	0.15530711594975877	0.20807980205055315
0.07475864313708888	0.16540230751369006	0.1734988716152317	0.06433207923384844	0.1134494011315378	0.048915274159178346	0.1567590218523549	0.20288440135706964
0.07389761597784153	0.16374977830082743	0.1780213261522436	0.062070940268441316	0.11756694814303349	0.04820750315110699	0.15188484454289997	0.20460104346360547
0.07405784719488312	0.1680775063046066	0.17359223656708078	0.06688684217524149	0.1174017905135814	0.047471442589057875	0.1535235217179172	0.19898881293763138
0.07458880165928727	0.16493009800413333	0.1777441961777517	0.06330037708494873	0.11619821390071634	0.04888382564333295	0.15320477992339165	0.2011497076064378
0.07462009268525555	0.16970019718491	0.17292143175574345	0.06291097715743778	0.11483945878363468	0.04723188914595797	0.15727236247591989	0.2005035908111405
0.07420927329795336	0.16965366075284255	0.1701273816506071	0.06672510700080694	0.10995990589291889	0.04873548179330067	0.15465152031330764	0.20593766929826263
0.07417379822215608	0.16470496507999327	0.17474604337454197	0.06561337977949891	0.11734150206645959	0.04751138511618287	0.15255341629086341	0.20335551007030372
0.07435393093328842	0.16921273740486087	0.17501607166141853	0.06619610360774374	0.11043308709135954	0.04890056702797875	0.15312272432069823	0.20276477795265171
0.07466098007289432	0.16914466651757504	0.17022459148609487	0.06666569160291395	0.11868738147857665	0.04779762508012146	0.1533790723486404	0.19943999141318308
0.07450255893079591	0.16664432675328783	0.17695828279158216	0.0633469146767695	0.11314072904190559	0.047187264987644986	0.1573138342963456	0.2009060885216682
0.07439495158037868	0.16693761854511552	0.17624386313179521	0.06260131810518742	0.1122361332455085	0.04787634483140385	0.156316896255002	0.2033928743056086
0.07497002325775859	0.1692959839227833	0.17028920558298727	0.06675349462971264	0.11015857548819247	0.046614742028434755	0.15430323070674415	0.20761474438338662
0.07499973494912877	0.16986324332665476	0.17707631018489303	0.06660991186134552	0.10526879649430107	0.0469397652768552	0.15587476665665995	0.2033674712501615
0.07387934416085154	0.16522379627110323	0.1743515166697279	0.06636884479130985	0.11649248140013785	0.047337876843960014	0.15455811107816014	0.20178802878474927
0.07397215440204284	0.1667110348211981	0.17757865700392772	0.063490561534253	0.11519446010052829	0.046642291352292545	0.1558416893311202	0.2005691514546371
0.07502711139213725	0.1690064193156812	0.17305319692649146	0.06205799345957047	0.10875471613600432	0.04904429972483332	0.15572022390530407	0.20733603913997767
0.07412120467700525	0.16484475392566586	0.17295577897348635	0.06581087787331177	0.11625279627494997	0.048885642599870785	0.1538522998563957	0.2032766458193141
0.07387053964891092	0.16702388411516977	0.16868681960995333	0.06689974299460663	0.11023457194579812	0.048719643597332496	0.15595161463091645	0.20861318345731206
0.0743085993094337	0.16728879720910522	0.1688625622644792	0.06520554790380964	0.11029050478246993	0.048996977923829496	0.15699130640379655	0.20805570420307604
0.07389325956057251	0.1647209947089576	0.17600702953474792	0.06632681764562881	0.10660122621016599	0.04667032613372213	0.15704449343416704	0.20873585277203782
0.07436341314363645	0.16847545809363884	0.17415044507223332	0.06510252900407368	0.1150872382762485	0.04818266166202119	0.15246318540226006	0.20217506934588772
0.07433949518506858	0.16992134113350804	0.17375482372988416	0.06328137567752054	0.10794509789196861	0.04772759220905959	0.15706183258215567	0.2059684415908346
0.07434370651475274	0.1667548930746725	0.1706712736031215	0.06580793342914197	0.11879316082844034	0.04886978183211271	0.15569378818348542	0.1990654625342726
0.07498244499150519	0.1665728633310513	0.17609489555365024	0.06479423514870103	0.11664925595317968	0.04714071077338265	0.15220286518950837	0.20156272905902134
0.07416751472796838	0.1683491459991854	0.17839270833774687	0.06233604389947378	0.11279425982721265	0.048833450980567114	0.15427261887816918	0.2008542573496764
0.07456080074114083	0.16560720594904807	0.17389191920085595	0.062012364373424694	0.1161031931826261	0.046634318556975723	0.15532387497627365	0.2058663230196548
0.0748343080655881	0.16668064924950085	0.16968466849585348	0.06613437392010477	0.11760930584954299	0.048035163958847785	0.15589607743361333	0.20112545302694848
0.07397223228474885	0.1671879401308274	0.17222423009417165	0.06581417035727002	0.11585822154206975	0.04815162712172791	0.15457971145039556	0.20221186701878863
0.07396532969523503	0.1660066427496577	0.17299837510884572	0.06642353428210368	0.11147660899747446	0.04783150835280488	0.1556658370903984	0.20563216372347987
0.07384465085466599	0.1648562549904652	0.1768058890697391	0.06402007783638433	0.10776967106578428	0.04852561322518978	0.15666558193008312	0.20751226102768805
0.07456345231735598	0.16970737126058794	0.16920073121569673	0.06261723273797487	0.1138469331352055	0.04861829964973026	0.1567455477268131	0.20470043195663545
0.07492716704333541	0.16730560410766837	0.17846393693302673	0.062009959564473804	0.11292910694971262	0.04747716629917538	0.15347245407567203	0.20341460502693542
0.07489375969951212	0.16515569343488778	0.1689081872327671	0.06269757264939128	0.11781187359796248	0.047260016136201885	0.15518788803589506	0.20808500921338208
0.07499741810789541	0.1671744056088837	0.17537712852736553	0.06433983744323629	0.11669243782808998	0.04737412137754833	0.15277045621617008	0.20127419489081047
0.07448320486152828	0.164055841563429	0.17804822898454328	0.06205292606922819	0.11293463850547825	0.048162345602129175	0.15407200880525732	0.20619080560840633
0.0739073455154459	0.16939175998836556	0.1713753672274499	0.06537529340172138	0.11478774247279687	0.04753429918198861	0.15219696788123688	0.20543122433099473
0.07467230976990658	0.16891468036433055	0.17485869029409828	0.06616960062416434	0.10605902576236322	0.04765224782285589	0.1534125772624231	0.20826086809985786
0.07382462195504057	0.169751178381551	0.17037775143691164	0.06651007581159646	0.11367686013274136	0.047485052603735714	0.15729629207215928	0.20107816760626376
0.07399386127960586	0.1684848415728682	0.17565746985828334	0.0639630700922337	0.10506968635243963	0.04825323063841999	0.15628315602133863	0.20829468418481045
0.07448538746213995	0.16443498447704225	0.17354774271637674	0.06672707261681184	0.11104762137350302	0.046961309568998494	0.15420692698767471	0.20858895479745276
0.07390816489342619	0.1670636990920549	0.17702761480582177	0.06665437293351782	0.10848399763071623	0.04809351235831595	0.1566128427259328	0.20215579556021418
0.07398273489019823	0.1676550415685832	0.17779890633591733	0.06263290749883815	0.1102323644716163	0.047438154698393326	0.15552584436200156	0.20473404617445162
0.07473522841258184	0.16531046978691621	0.1718995133216062	0.06490354129463098	0.11754279053422437	0.0468983653064709	0.15724593900310518	0.2014641523404641
0.07505741991894949	0.16712935445130456	0.17336789636686756	0.06359808315274053	0.11024755710071403	0.0483746147503997	0.15409216726604047	0.20813290699298348
0.07442729975856666	0.16974880707215367	0.17502433757877628	0.06237687474693049	0.11087703423631783	0.0476245987667252	0.1525595643820597	0.20736148345847
0.0738039363579586	0.16950434172305961	0.17256899258642194	0.06614242524516176	0.10913870553320174	0.04688744284677884	0.15388603734160503	0.2080681183658123
0.07443734904113591	0.16797479335155974	0.17472666281253751	0.0633972478265942	0.10926966329603105	0.04808387317643681	0.15516476636567234	0.2069456441300322
0.07421244686140097	0.1670605866992645	0.17024932286264827	0.06529736255023612	0.1180138884955304	0.04858390141773833	0.15523550953533174	0.20134698157784947
0.07432021891166354	0.16842023282959342	0.17301504071793372	0.06389702502118652	0.11312552996881045	0.04763756848119109	0.15230230976658354	0.2072820743030375
0.07394667536091408	0.16552540401402685	0.17759220359657643	0.06684454471120008	0.11171132731647884	0.04811813903889656	0.156517948319916	0.19974375764199093
0.07387647859481372	0.16934624453868463	0.1783288272220927	0.06233762097646649	0.1139297022611496	0.04824930491551763	0.15315240315983641	0.20077941833143864
0.07428511001361435	0.1679742058853384	0.17052609972169203	0.06575478227267975	0.11439734146246217	0.04835495675025679	0.15196927336185412	0.20673823053210216
0.07385872449127828	0.1675263299187443	0.17541215489827064	0.0654468827751065	0.11546868313142412	0.046701473376202354	0.1552582388050132	0.20032751260396037
0.0747598668130235	0.16789002333376718	0.17158646713659298	0.06629176623617035	0.11878192214700407	0.048007298384919114	0.15397341883529386	0.1987092371132287
0.07468174781748421	0.16668893093628623	0.17175777075624404	0.06340787893873787	0.11809540413522397	0.048691900876275715	0.15585973565859568	0.2008166308811521
0.0745177420790992	0.16751707454659287	0.1781338167997251	0.06667026273706642	0.10906884907204498	0.04696111617502674	0.15340904679221185	0.20372209179823264
0.07400639947855364	0.1691273290881929	0.1765442063550015	0.06476837505306583	0.1053016072305157	0.0481168735467189	0.1568888197194542	0.2052463895284971
0.0740366774574174	0.1674154101317323	0.17362281564269388	0.06472958031069054	0.11881079111429999	0.04676908048088256	0.1518955706338491	0.202720074228434
0.0742184378951723	0.1664008451218526	0.17743706376531818	0.06243379742734882	0.10617939162202754	0.04885124397205551	0.15564052390852873	0.20883869628769614
0.07405270513515705	0.16756609770948128	0.1741260855151265	0.06219140716649188	0.10881492640088712	0.04894704353477618	0.1558312348149938	0.20847049972308596
0.07505412218400614	0.1678163225010218	0.17873344114419434	0.06459442051509034	0.11041983404891582	0.046935913945341856	0.1521855317484481	0.20426041391298136
0.07432937454992469	0.16912874975785677	0.17436474957446646	0.0646905234455379	0.10908531641616076	0.0488753339442311	0.15167502340335165	0.2078509289084704
0.07420929838269018	0.16795897299383872	0.1713480680420613	0.06489500851314117	0.1186859433957718	0.04693731975240578	0.15629894283212611	0.19966644608796472
0.0750012329486832	0.16732325567475348	0.17846475530238032	0.06575487091846156	0.10554285492422819	0.04762959982173612	0.15409470971522063	0.2061887206945363
0.07429397459991349	0.16908944589230926	0.17404501496639624	0.0632724273118462	0.11123328399546714	0.04892147277692052	0.1535240406644548	0.20562033979269215
0.07486469738822836	0.16985461915350591	0.17569763667223126	0.06495758754945379	0.10772072919902229	0.047570714953884916	0.15653974507635765	0.20279427000731565
0.07406999414179005	0.16513255093537638	0.17678981256263748	0.06482554557513115	0.11061668516825049	0.04757437877406476	0.1542484750746489	0.2067425577681006
0.07402888731743576	0.16419316346883997	0.17423584985429466	0.06565650551526203	0.11665415804413763	0.047272327235572786	0.15682483963121016	0.20113426893324676
0.0746426928055962	0.16951373955958607	0.1707000578200633	0.06311123645985983	0.11088736649763781	0.048576542981140086	0.15566469509062575	0.2069036687854907
0.0750299524324315	0.1639849829354701	0.1742895883310862	0.06660053080663675	0.11615449404469388	0.0487315108997787	0.15562794119865048	0.19958099935125223
0.07481820610265677	0.16836455136842898	0.17123989797382397	0.066162036492554	0.11536513325816626	0.04685491662524385	0.15509941748959222	0.20209584068953373
0.0738873991787975	0.16759749163937193	0.1745151551348919	0.06666158821513372	0.1131290245848699	0.04891130246236025	0.1563371589400558	0.19896087984451882
0.07483691329778165	0.16757149864740817	0.17631762337814572	0.06594529582790902	0.11359144361880438	0.04855970836737558	0.15181351864468878	0.20136399821788648
0.0740520879620696	0.16862568170703093	0.17356437105442274	0.06352490139034701	0.10864429797571956	0.04709434360992745	0.15628942071810253	0.20820489558237995
0.07423456118973122	0.16893119929421208	0.17084162512400292	0.06254025322432474	0.11062451153750293	0.047375309431724105	0.15729634626610656	0.20815619393239523
0.0742613664482209	0.16809874515339457	0.17097067028488314	0.06635805804097128	0.11284423407960859	0.04662567763597364	0.15272598552055544	0.20811526283639226
0.07497853065224891	0.16921846858983722	0.1740445071190611	0.06303696305132767	0.11642782732156491	0.04733741038445005	0.15359705340683377	0.20135923947467618
0.07436673140364453	0.16637363375260403	0.1746322233993771	0.06450582588172611	0.10948802500874791	0.04908001149906721	0.15278424270523608	0.2087693063495968
0.07403241571119265	0.1692996216135479	0.17217308496511316	0.06684505032469643	0.11237412397678367	0.048176375101526864	0.1561215514583464	0.20097777684879273
0.0745763863933207	0.16684864548213088	0.17779857634463403	0.0647816048009443	0.11481541626840751	0.04690348683569932	0.15476944247511729	0.19950644139974577
0.07490253261674858	0.169073364804239	0.17485763287063832	0.0652277837742665	0.10751254166885371	0.048074164049964105	0.1532743995144737	0.2070775807008159
0.07504534856970711	0.1654482809545815	0.17093544149172435	0.06429593925014443	0.11249895796170072	0.04838596970727729	0.1573002231804721	0.20608983888439225
0.07438971793387444	0.16398041577449854	0.1746018996673812	0.06638116995206782	0.11868081085024094	0.04726277743020198	0.15169368311496098	0.2030095252767739
0.07414104092775119	0.1661305214123246	0.17798444569197913	0.06515076042170226	0.11345590038353665	0.04894833211903876	0.1516179687703956	0.2025710302732716
0.07503567993037094	0.16666805260205603	0.17349201929201635	0.062424564245995434	0.11032383741366862	0.04712912028841895	0.15674477718995877	0.20818194903751464
0.07393713224167289	0.1689118023298758	0.17008541199242463	0.0627069824339993	0.11366754964807786	0.04781532105959779	0.1551441351813601	0.2077316651129914
0.07480562366172666	0.1679376964227433	0.17849502099447828	0.06451089196550341	0.11242715994887476	0.047028310411481714	0.15401007127796865	0.20078522531722304
0.07477120089153842	0.16394996311921683	0.17476959761970806	0.06462081943519743	0.11439756693016961	0.048173607158097376	0.15365396776346066	0.2056632770826114
0.07377736361138781	0.16658387717806603	0.17130640179455195	0.06250190002507058	0.11662460815191207	0.047262866539065376	0.15556453344019136	0.20637844925975463
0.07390420870533557	0.16966938835315848	0.17103389071018585	0.06295505565102404	0.11115426318697744	0.04913281049972287	0.15566606605759725	0.20648431683599827
0.07397559136612902	0.16779450632375087	0.17785921007456976	0.06285665660336698	0.10965115788630311	0.04730858039128351	0.15380806871649008	0.20674622863810646
0.07477662290218967	0.16781768560600305	0.17364536416422638	0.062234808605946504	0.11769429426753218	0.04823708567504156	0.1555724004089632	0.2000217383700972
0.07408013432457164	0.16969835806196235	0.16843612674293268	0.06681651512022985	0.11273894800874393	0.0470674826121551	0.15321986398945045	0.20794257113995385
0.0749100179346145	0.16389040984670167	0.16883097679798198	0.06265910564034993	0.11868241071834101	0.047646851360338666	0.15525513079731842	0.2081250969043536
0.07400052282027975	0.16738289664058184	0.16957498475030985	0.06585619888722577	0.11639845789192547	0.04891566577562184	0.1520490943442578	0.20582217888979742
0.0742719783415737	0.168329370647757	0.171929871072663	0.06593050772591999	0.11661314900869937	0.046854465108527255	0.15275650478490677	0.20331415330995273
0.07437507191546566	0.16498733922227626	0.17230100690110323	0.06303459133503761	0.11781148299249065	0.048753193773734646	0.15665155488900945	0.20208575897088227
0.07384344833907622	0.16489850795256644	0.1769817735098731	0.06332202844356068	0.1191316045889994	0.04834808438367148	0.15261443962118537	0.2008601131610671
0.07441487682233651	0.16469828774874512	0.17883589524397286	0.06572515984870617	0.10893167847573199	0.04773526807480262	0.1529003472428355	0.20675848654286905
0.0746155743750487	0.16753573189446147	0.1752726235300175	0.06663175905583191	0.11248272817984928	0.047674818545442255	0.15223524258708498	0.20355152183226372
0.0746376969143258	0.16895218923806932	0.17854226234999404	0.06645582979488993	0.10829565033381125	0.0472743201071303	0.15603050646342612	0.199811544798353
0.07467033497187403	0.16773527402254043	0.17685425295113955	0.0634885989979681	0.10975737548343344	0.048718717670723666	0.1517201373005571	0.20705530860176347
0.07450676167775477	0.16959546972538456	0.17298991120785842	0.06662525728116589	0.1093434885241305	0.04660776863004018	0.15637678614907483	0.20395455680459063
0.07409140597716514	0.16447282641231473	0.17033167488045825	0.06640974116279288	0.11654112452295554	0.04874341167774478	0.15311585593834975	0.20629395942821874
0.07388661222976856	0.16860649870748096	0.1723444430603212	0.06558794222890066	0.10585365392986869	0.04879343728231479	0.15676063688389014	0.20816677567745479
0.07487318788714267	0.16451520860673335	0.17815652749923824	0.06403794952328981	0.11169501025748957	0.047545790120791465	0.1518371981860204	0.2073391279192943
0.07421426857367548	0.16866753224661923	0.1781084443267465	0.06326783625951601	0.1073984156746784	0.047820232276496094	0.15626970063497447	0.2042535700072936
0.07443970403721178	0.16662542949986614	0.1733197182242043	0.06636720632832555	0.11727791381225468	0.048051104530352065	0.15195146974586024	0.20196745382192505
0.07390169654884735	0.1695884546900673	0.1721844804293161	0.06689354301193594	0.1174919420866703	0.04804936992758391	0.15334304857097247	0.19854746473460644
0.07474691591254487	0.16676794995403374	0.17703766974936877	0.06235255528355542	0.11505720393141991	0.047357804679643886	0.15402467887648605	0.20265522161294713
0.07424720670685805	0.16589669484932448	0.17487776494505	0.06298272962405813	0.11742341823152284	0.04750458342704811	0.15367871129208727	0.20338889092405094
0.07432792310844256	0.16482524369055723	0.17534065347948224	0.06209489536943545	0.11299704278940328	0.04885592640660168	0.15667433242126913	0.20488398273480818
0.07451773908865138	0.16589595878367386	0.17501230732369863	0.06643732080548473	0.10849014763926926	0.048901867407664446	0.15612239797290642	0.20462226097865105
0.07415377031561377	0.16514100482257071	0.17793080572956912	0.06678328735888228	0.10935521747960476	0.047454611396242255	0.15567661390030385	0.20350468899721305
0.07451683367202519	0.1683047266684109	0.17290828638794495	0.06372789507480034	0.11832535576338787	0.048385673278714916	0.1517167705348786	0.202114458619837
0.0749430071037395	0.16624248644597983	0.17597347523373727	0.06297824191740398	0.11542767825017128	0.047933072305437543	0.1537835672693456	0.2027184714741848
0.07415533149782509	0.1647369598464892	0.1720624180834725	0.06676017296385828	0.11700725847758059	0.047100492419178366	0.1536211036311852	0.20455626308041056
0.07443786712429323	0.16905806416997665	0.17706229931047207	0.06440180131628834	0.10721036742636993	0.048384432891969836	0.15560943264521743	0.20383573511541223
0.07413626092518211	0.16573618954144037	0.17579736393987933	0.06607274766158684	0.11519632789395814	0.04862242071817399	0.15206204587076708	0.2023766434490119
0.07450610159782912	0.16594245081106848	0.17390712451085688	0.06472590813268603	0.11233413172590007	0.047919414915375005	0.1540928630366709	0.2065720052696133
0.07391356418988163	0.16553783319517107	0.17237324424323125	0.0659501730150983	0.11234240248172503	0.04668485216494622	0.15452891724938184	0.20866901346056446
0.07480179284232334	0.16929012766757923	0.17053918920043262	0.0667098082860831	0.11210926380151463	0.048351410760756525	0.1533789008533404	0.20481950658796994
0.07440731663294872	0.16710334793508924	0.16872935173766884	0.06562120284684497	0.11837398688352417	0.048312341176130855	0.15201055026110727	0.20544190252668573
0.07405857772122379	0.16838511003297374	0.17737661431895904	0.06594603384222736	0.10814268670144207	0.04803604221173252	0.1538921162610426	0.20416281891039867
0.07390005071691184	0.1686463937211794	0.1726183275617271	0.06228837544202598	0.11312376641897595	0.04812115749216378	0.1560332144877913	0.20526871415922443
0.07391852184693559	0.16761503818184278	0.1715259769115985	0.06283827126661294	0.11694181964461597	0.04686467999237698	0.15497989606806054	0.2053157960879565
0.07495183964733287	0.1685617750256429	0.1728085496475928	0.06342420582834192	0.11655274157067022	0.04701913700442978	0.15517745596330915	0.20150429531268016
0.0748492593041847	0.16790660036998498	0.17189044886464697	0.06558980741450858	0.10808087458559895	0.04852624229944816	0.15410000945904426	0.2090567577025832
0.07451542881807524	0.16543990723321467	0.1733399699497692	0.06632453340555933	0.11809510259215666	0.047358747194636605	0.1548030827895587	0.20012322801702942
0.07470275065808475	0.16749038995500595	0.1754175495022658	0.06353901701333035	0.10741962387730306	0.048039044858241536	0.155201822702645	0.20818980143312335
0.07399760149700754	0.16453275903591813	0.17177933839281934	0.06405209719936547	0.11915669735848564	0.04819100073883574	0.15673545108091638	0.20155505469665153
0.0744010438464779	0.16667167638448377	0.17367753652885315	0.06453009281242793	0.1178450382513072	0.04710172692106063	0.15579269549331745	0.19998018976207177
0.0746246880373701	0.16897309577990594	0.169325951546307	0.0664175084483268	0.10820050874707973	0.04762527053517815	0.15646631586090085	0.20836666104493118
0.07426006697166979	0.16768707769115387	0.17721668438983712	0.06631799093701202	0.10902837695836351	0.04779363250517486	0.1521434497758966	0.205552720770892
0.07393458485528782	0.16818334940255042	0.174174799971951	0.06332013019121377	0.11787008816042276	0.046644947681917695	0.1566775115611558	0.1991945881755005
0.0743333018215784	0.1644986299988294	0.17653723659937434	0.06386861234609822	0.11793910240921583	0.04889154984231796	0.15167179847387524	0.2022597685087104
0.07497891903657439	0.16691013202533433	0.17471827222386394	0.06212006672182062	0.11472267662015888	0.048685127754499874	0.15484650067670047	0.20301830494104728
0.07396074593530794	0.16502580446834106	0.17111728497766093	0.0665962702225358	0.11303236634630397	0.04688978944304359	0.15566770326711177	0.20771003533969473
0.07494662125451326	0.1694629386981181	0.17518972461378152	0.06646066188842405	0.10632050184016831	0.049046848816319336	0.15685132583668562	0.2017213770519896
0.07432897235253455	0.16609094018491266	0.17523815026875966	0.06399477397383935	0.11161992638308493	0.046646785065457275	0.15596025467339442	0.20612019709801693
0.07465702116124287	0.16904605695262304	0.176580218207785	0.06262284186055958	0.11332708306685214	0.04688124327724054	0.15596013575930448	0.20092539971439216
0.0741070389748579	0.1651908114086801	0.17563569731146667	0.06625716655742653	0.11603944785625031	0.04671968531804585	0.15222491681181566	0.20382523576145675
0.07450353537258309	0.16381994980481818	0.17707119409770022	0.06402124902677298	0.11625619561159961	0.0480025975051723	0.15576253440474416	0.20056274417660924
0.07405697736195337	0.16814782188346783	0.17226128825365578	0.06674030190495311	0.10658337291625905	0.049093184523400044	0.15492017177204734	0.20819688138426332
0.07418940243562247	0.16867649093137582	0.1749755260112701	0.06332344385418726	0.10923436790604119	0.047699294023446	0.156500355894674	0.205401118943383
0.07378695045154149	0.1690221377657063	0.17048224342214702	0.06606692679862246	0.11865777204765603	0.04708881811950799	0.15231427977899534	0.2025808716158232
0.07478714617510683	0.16449370759614487	0.16938338516260726	0.06308871651840427	0.11765627967104496	0.04742354218041858	0.15479817540268065	0.20836904729359235
0.07433670997579184	0.1660359691219689	0.17852508996893512	0.06344560223301843	0.11058298775845637	0.048100545409074796	0.15241340174687296	0.20655969378588135
0.07433282423528527	0.16513642853588378	0.17102836647809866	0.06551760069996496	0.11284838529788795	0.048428360596708075	0.15684025897797677	0.20586777517819432
0.07424365188039321	0.16812894499528458	0.16989399255639254	0.06460483429741212	0.11756232226110588	0.04675475724221999	0.15668673272297806	0.20212476404421334
0.0744142920948787	0.16720531107129058	0.17553203331577782	0.06291131606711288	0.1188929072071902	0.04877271542768989	0.1521704523845969	0.2001009724314628
0.07494705291854731	0.16857550027703452	0.17158878511054715	0.06203383711642471	0.11381326639832903	0.04710458771517931	0.15624880614237466	0.2056881643215631
0.07441124775589388	0.1674375125778335	0.17552559819203384	0.06268884282686434	0.10848782266861888	0.0475582142592056	0.1571764001441603	0.20671436157538947
0.07450831725092355	0.16620019367583216	0.17569200435395294	0.06383143976340105	0.11236271792222642	0.04855080232078492	0.15689694003065727	0.2019575846822215
0.07437633058250182	0.16724663336032314	0.17857239877667222	0.0631958328830037	0.10888321400698132	0.046696889264797786	0.15461664161876948	0.20641205950695035
0.07411909972756828	0.1637794431689888	0.17880219508364276	0.06393653509719951	0.11092771780043778	0.048124336811036256	0.15320043894496596	0.20711023336616044
0.07469879034007207	0.16720559505352697	0.17790177538625512	0.06338296432671951	0.11486677729459652	0.04710671766153658	0.1525309206787187	0.20230645925857432
0.074494423328268	0.1697119442877404	0.17337005508911082	0.0642576129801464	0.11335547680681307	0.0479193703290926	0.15692967729500162	0.19996143988382686
0.0747808107864054	0.16475598600618266	0.17779179315082402	0.06607845782203844	0.11200187924915944	0.048104660035364094	0.15610278424257296	0.2003836287074528
0.07399862243951402	0.16923086618516228	0.17247865027482576	0.06299497191365463	0.11181419700856017	0.04846460495008281	0.1560243089165313	0.20499377831166887
0.07470853571478758	0.1667604698743758	0.17826240149136646	0.06200821395729615	0.11082132082447836	0.0466306046955518	0.1545824141661737	0.20622603927596997
0.07497773828397927	0.16818780167280542	0.17248467791613414	0.06280581859157669	0.11376100711139488	0.04720543816741443	0.15481828489289165	0.2057592333638033
0.0746289362644981	0.16404488226990485	0.17119816771373292	0.06331375272518303	0.11840768256571547	0.04719034957458863	0.15310047326977672	0.20811575561660003
0.07499623866335364	0.16983377834181215	0.17045310765503552	0.06406599719900881	0.1088623261221797	0.04868030210287204	0.15684757942112984	0.20626067049460808
0.07426916811046996	0.16977319539931784	0.1753117177741676	0.06366787669387383	0.11288387636349621	0.047959247735604824	0.15200453376476192	0.20413038415830762
0.07491959225919519	0.16433631426138454	0.17474130417899425	0.06316064986662581	0.11316334012394187	0.047139648386074234	0.155927885108534	0.2066112658152499
0.07433309037112687	0.1677745613920208	0.17689041154403592	0.06462367561399589	0.11420758398048922	0.04774677087265945	0.1545536755706875	0.19987023065498416
0.0749397279758362	0.16699884198808326	0.17421876511110826	0.06437725839603937	0.1110593024940445	0.047184661404794506	0.1572693823375163	0.20395206029257743
0.07399647774362075	0.16571234527890338	0.17818760316513743	0.0654786445269215	0.10870573626771664	0.04855809948712017	0.15563186480281155	0.20372922872776839
0.074654842948133	0.16532125857957003	0.1736417992943878	0.06486255846519205	0.11477889424154046	0.04903771505835332	0.15657353472308502	0.20112939668973812
0.07490363182231483	0.16824878768744922	0.17629849847078166	0.06299989475344925	0.11182788746164354	0.04729257013116016	0.155197202975503	0.20323152669769814
0.074690061909021	0.1681389933888609	0.1740967478196851	0.06622829064787827	0.11125811016816117	0.04896618428595782	0.15378465545231834	0.2028369563281172
0.07499985369632035	0.16601885419741333	0.17160686972795913	0.0653148583177382	0.11817494054366824	0.04847094787382092	0.15251087969813604	0.20290279594494356
0.07388332884969738	0.16664833160204798	0.1724863764628333	0.06399113893045016	0.1114562316536556	0.04702444679249068	0.15541834287905512	0.20909180282976958
0.07462771284667019	0.16488769527925345	0.17044912492744785	0.06391209675906662	0.11853274505645713	0.04700509761946113	0.1523219142490932	0.20826361326255025
0.07444636396000448	0.1684966246838434	0.17768348163579176	0.064138715650905	0.11098478304598279	0.048074191987974496	0.15550591115493945	0.20066992788055843
0.07441617210223764	0.16562100229781268	0.17062137929170687	0.0666317529375971	0.11855004698716173	0.0477693869547367	0.15408516674210873	0.20230509268663835
0.07447892733747946	0.16814100338107957	0.17485234756926146	0.06244376833360776	0.11248527380696773	0.04814217815965269	0.15602681561966533	0.20342968579228576
0.0740855246888869	0.16544652655101072	0.16911185332741635	0.06402176814967431	0.11599618731373826	0.04898929032550803	0.155816221530402	0.2065326281133632
0.0739779397347815	0.16690304318437849	0.17499031403709456	0.06539050070021732	0.11264090390443683	0.04789158407581105	0.1540634594627119	0.2041422549005681
0.07448190918689684	0.16877454585677854	0.17379886297161828	0.0634606979942689	0.11622809894992106	0.04673283220289161	0.15704884677001152	0.199474206067613
0.07393765711971953	0.16891570810494652	0.1696072152232998	0.06360529718132965	0.11451474805473628	0.04676467459248196	0.1549371581183588	0.2077175416051273
0.07403714180466242	0.16903844786812236	0.17759037239033712	0.06557754280283523	0.1107016866038888	0.04911555241850775	0.15511507232852614	0.19882418378311997
0.0741970955441047	0.16814703312959817	0.17165618746972053	0.06264020292934644	0.11323593696602718	0.049041966954011	0.15435839095347786	0.20672318605371387
0.0738869719980022	0.1688988395594871	0.17514713151502487	0.06555856288263046	0.11234935087465878	0.048478484611806816	0.15450590960919547	0.20117474894919413
0.07386209068878113	0.16407601989548892	0.17693566955939177	0.06445172532177235	0.1130483576756686	0.04871308683705795	0.1535480958237306	0.20536495419810846
0.07507287902284471	0.16996124417419012	0.17127371031900715	0.0640730050577194	0.11622674686990914	0.048904963663873174	0.15346975591741205	0.20101769497504407
0.07479475234176171	0.16487936208907078	0.17814484832397096	0.06280400331802027	0.11519524176322614	0.04818223670342053	0.155302058412764	0.2006974970477654
0.07436201840350673	0.16883286412304704	0.1758663474572217	0.06477508460581569	0.1092418937061517	0.04854987770260147	0.15337110934846948	0.205000804653186
0.07423254425953477	0.16687536707133224	0.17795089515038665	0.06600292570849509	0.10483733718013252	0.04757279550970915	0.15418091137162368	0.2083472237487857
0.07479059423894492	0.16586079435301804	0.17208475322090855	0.06579999327490449	0.117441836791817	0.04712451678875493	0.15515023702774883	0.20174727430390302
0.07430289712688955	0.16545171753749977	0.1732821098086764	0.06408112755092787	0.11663482010770565	0.04903037705138463	0.15491358138490666	0.20230336943200924
0.07503091647450362	0.1672525194896956	0.17054379264424124	0.06409413665065034	0.11086402480159105	0.04911134333283765	0.15515107202905495	0.20795219457742536
0.07384291998079069	0.1649650524626731	0.17663598390879362	0.0650019225249415	0.1156978402262677	0.048891086225893304	0.15263861924644334	0.20232657542419658
0.07499973410121062	0.16746605169497397	0.17188357740310584	0.06376618983696303	0.11415983155504972	0.04726379497644995	0.15559589414864558	0.2048649262836011
0.07379138654680079	0.168930468598199	0.174448860419769	0.06516577976462395	0.11500126282170006	0.0483549301106698	0.15487307641004697	0.1994342353281902
0.07450274794759172	0.16526955395523285	0.1723995104007594	0.06221276797131872	0.1188223642061017	0.04846693914743713	0.15295340246678135	0.20537271390477685
0.07486402954716881	0.1692091221130264	0.17664004970262126	0.06448798744315298	0.10558864212952658	0.046927897105136215	0.1550960350899652	0.20718623686940232
0.07490531407333893	0.16815888549342234	0.17767024332224998	0.062119340286034885	0.10590936756610006	0.04825973091623273	0.15717271674686167	0.2058044015957592
0.07423564467778812	0.1667147306695629	0.176568923596768	0.0643171423620709	0.10951524663785822	0.0474101141753899	0.15663910239122902	0.20459909548933264
0.07476549393573508	0.16818772986470143	0.1768598435593305	0.06473456116244275	0.1067002926427599	0.0468781810085908	0.15477165304268434	0.207102244783755
0.0747000876032366	0.16895321211144815	0.17274304540057583	0.0663923338330812	0.11572179277149311	0.046699095563419696	0.156004453542029	0.1987859791747162
0.07455943838607074	0.16501490219131992	0.17863219946453018	0.06406674778810839	0.10644169091313282	0.04862599510504738	0.15380015803696745	0.20885886811482288
0.07465525997548764	0.16595784045209977	0.17642457267224548	0.06634828199755315	0.11472738958173495	0.04690488339855586	0.15594566258864936	0.1990361093336736
0.0745373834018612	0.1688466595726007	0.17039120491982193	0.06498235177462999	0.11154070339072412	0.04874018640689223	0.15422271264725584	0.20673879788621377
0.074345451627779	0.16405654488367233	0.17442361607662588	0.06483440208047468	0.11429201847489391	0.04847758159200251	0.15554758731187515	0.2040227979526763
0.07394958285061823	0.16499912337655892	0.1758600386971885	0.06544946409740385	0.10955311466203274	0.0476361447506507	0.15554400403131385	0.207008527534233
0.07423075099058715	0.16401409559876867	0.17565016389005383	0.06331055461741121	0.11269270826558582	0.04828530089719524	0.15298802660274355	0.20882839913765427
0.0746298744003152	0.16796891505894473	0.16957702723869594	0.06542514785749462	0.11507207639412272	0.04912392576195554	0.15462413057197122	0.2035789027164998
0.07397187189973124	0.16878479060861581	0.17506598131889223	0.06376032717705304	0.10835762146108627	0.04717625697131475	0.15707807932347106	0.20580507123983538
0.0745913637002508	0.16951311884938647	0.17474822738484655	0.06564054879917117	0.1107944041028848	0.047463596798187874	0.15195041461711492	0.2052983257481572
0.07379150941981424	0.16703554810803228	0.1731683504282296	0.06533617510432184	0.11673175386702951	0.048674024508700967	0.15296776030679504	0.20229487825707632
0.07433958623230498	0.16938790697052047	0.16878141392414792	0.06203998505483739	0.11834304556623926	0.04877536480689121	0.15516732170291697	0.2031653757421416
0.07404791204770278	0.16802750922814544	0.1778796244430617	0.062246235857372934	0.11283114104005283	0.04737019149734403	0.15509214074723499	0.20250524513908502
0.07417326213181784	0.16818722505704412	0.17657971696064406	0.06515283364880181	0.11097267503567157	0.048339524173563825	0.15567850784352105	0.20091625514893552
0.0740870255861949	0.16673051542352485	0.17698581650165737	0.06337368056762652	0.1155015353775329	0.04743553183016709	0.1557260086111571	0.20015988610213908
0.0743228413549043	0.1679721964942919	0.17601538139421347	0.06538231435141476	0.10768195785718147	0.048761572892150315	0.15223138479346424	0.20763235086237936
0.07410616596158408	0.1641665548574914	0.17011291984544635	0.06622136676913411	0.11617989818833724	0.04806294708322581	0.1559274154300126	0.20522273186476822
