0.11717000319462988	0.0349371437275343	0.023730519322615426	0.15108863680510815	0.02309923967997707	0.03283702107766266	0.05188412323028581	0.2468069142433118	0.31843826083918164	8.137879693115302E-6
0.11682344647407113	0.03473438785920527	0.023939508863764183	0.15120930617369094	0.023329438684922807	0.032317162680201	0.0526588940501047	0.24681901285123958	0.3181640610736254	4.781289174915493E-6
0.11590899731492138	0.03465285055858679	0.024104931962344228	0.1517132910379097	0.024271547796677673	0.03292148393346149	0.05260615760244523	0.24646234029642378	0.3173545209530781	3.878544151528218E-6
0.11538114806217922	0.03514639013406788	0.023758857546440026	0.15234042956904398	0.022850090352067948	0.032972938763803306	0.05296487075301848	0.2469439670090412	0.31763564689917106	5.660911166840976E-6
0.11384795998399544	0.03530912998457575	0.02432181600747317	0.15159737126742615	0.022792165744309298	0.03363573667078204	0.05223026533149968	0.2474416729887866	0.31881647089117426	7.411129977430431E-6
0.11350629426094297	0.036301663267037876	0.025055351141655913	0.151561855775537	0.022695104163696564	0.03349171705811417	0.051947653602935	0.24692507694237076	0.3185079877723416	7.296015368016273E-6
0.11386694814035302	0.037163993942418816	0.025762353838643448	0.15143451364495003	0.02267704471882115	0.03227749061383714	0.05175946595548357	0.24672382481502925	0.3183257413118987	8.623018564857254E-6
0.11493904020234175	0.03704072443030468	0.02635482123615035	0.14901678805548663	0.02271435011573547	0.03262772237307848	0.053656943945611955	0.2464540047627144	0.31719079877614104	4.806102435223059E-6
0.11494511809234281	0.0349684829125335	0.02718980964812366	0.14967452952446497	0.022938574289976935	0.03280831884689149	0.052771761244058614	0.24713496564624032	0.3175594577323689	8.982062998777463E-6
0.11439564613309622	0.03634099182399324	0.027119427849475866	0.14978403512559144	0.02271678674324952	0.03283629366155326	0.054260425665724164	0.2459026465122775	0.31663796270226896	5.783782769788748E-6
0.10811229409327608	0.037990752578809565	0.029414282582474027	0.15084750636746408	0.02292909557229325	0.03314595465330922	0.05490923047043141	0.24577709440942386	0.3168693424828039	4.4467897145489266E-6
0.1046023630851185	0.03796882075518632	0.03017143932360769	0.15271309684736514	0.025704100543609887	0.03450593485145345	0.054520814365618696	0.24386224519507071	0.31594709497042167	4.09006254782629E-6
0.09994786957071397	0.03761967509449159	0.027417474260830868	0.1521080269377643	0.025601806324868914	0.0386917185132157	0.05481112636879363	0.24612438238629997	0.31767288508295344	5.035460067540076E-6
0.1035806654406126	0.03505778833772237	0.024884004126155088	0.1548354745791842	0.02684103646033055	0.03796389048575904	0.05583247405717185	0.24375600078701287	0.31724514837759515	3.517348456161251E-6
0.10296909965947751	0.03516202303460765	0.02529412871085858	0.1551303234902562	0.026915066651069547	0.037771268244725854	0.05743780441372965	0.24201021810985163	0.31730002501557514	1.0042669848206454E-5
0.10383552486835404	0.03933214433059799	0.025435787012748623	0.1522857182608913	0.02574098041002422	0.03914036690067585	0.057436046112478545	0.2399368546144387	0.3168516362533061	4.941236484604095E-6
0.09881650640726275	0.04356950985629556	0.02705978652971998	0.1476491943183191	0.027898231141082766	0.035863419337891375	0.06137415489675437	0.24188054480007642	0.31587957235830866	9.080354288953929E-6
0.0958297231114214	0.044429568985074386	0.02693298565432667	0.14808403071054435	0.02803780683226162	0.03799425663528955	0.057475913189874196	0.24462249331222674	0.3165827469524463	1.0474616534805747E-5
0.09524402492104952	0.044141542902023545	0.02754271161541666	0.14986737580592957	0.02654298276597246	0.038076147907886826	0.057911777845504844	0.24390856025046914	0.316754338906533	1.0537079214403833E-5
0.09355919962279172	0.042886943814599926	0.029049085892504073	0.14677304595412674	0.027460055670803632	0.0366977946859485	0.060155015225869385	0.24580059093859036	0.3176086980852898	9.570109475776079E-6
0.09345632614208647	0.05489065396196151	0.03339972169439383	0.14056169349645314	0.023752361591811544	0.03799189983178483	0.058476190402825576	0.24257769007025537	0.31488438050053047	9.082307897215203E-6
0.09419448599188238	0.05462648939076124	0.033543678745937555	0.13653089046768505	0.02690004100028094	0.036428156299155454	0.05975221652269613	0.24438818098084314	0.31363062717269014	5.233428067935586E-6
0.093334668236248	0.05436448707108436	0.030564083591599414	0.13685718249156723	0.02708535659245702	0.03434193424410144	0.06277315720379917	0.24558659353599133	0.31508620405001714	6.332983134835213E-6
0.09290015511318733	0.054348121938442386	0.03125667033866937	0.1351022218011364	0.026564575090370426	0.036519361177138096	0.0616708070298319	0.24649377970117464	0.31513765265733507	6.655152714349355E-6
0.09345043103719353	0.05042185034193554	0.03149269780947363	0.13485841004043692	0.03039140499080374	0.03803239715514574	0.06670527129933881	0.24226408056003584	0.3123800630958253	3.3936698108916197E-6
0.09356285908585427	0.05119600775167339	0.029783942703458965	0.13478416977826188	0.027726833237478946	0.03661750207633159	0.0710496061472722	0.24128901412690473	0.3139819255445898	8.13954817416307E-6
0.09644969466596406	0.05421090809328791	0.029138873825337433	0.1356160915149629	0.026854730246855266	0.036648583816520905	0.07081252963215373	0.2357014011340886	0.3145631076534405	4.079417388641593E-6
0.08618522911049624	0.060453253500263836	0.03828196884685716	0.13444757151809228	0.02766230790821049	0.050583626209727534	0.0709713472950918	0.2345247819573491	0.2968812660517978	8.64760211372051E-6
0.08441928728906391	0.045508936377592436	0.033691186751457894	0.1390383309838807	0.03803842742123633	0.03849463675099745	0.08910159784643029	0.23155125930018594	0.30015057319963334	5.764079521700105E-6
0.08427013212086913	0.04936764503961753	0.037183518282408984	0.136613337508038	0.03788647693428965	0.03882574256947402	0.08451936586685614	0.2296499229610815	0.3016744460615172	9.41265584779305E-6
0.09053617652155721	0.049217491595741715	0.03075187313242897	0.14673861529742513	0.02279621060971246	0.037342912148737986	0.09148154549258772	0.2280831641007529	0.3030438595346539	8.151566401964905E-6
0.09347278548568214	0.04848846383979172	0.03164877630631721	0.14511145190033764	0.028003730184915573	0.036468330433947246	0.09246111157244682	0.22743267947401136	0.29690623853983106	6.4322627192636705E-6
0.09343534749324611	0.04834683254006247	0.031319040587508604	0.14538357650479297	0.02880302612318339	0.034745770890523636	0.09189531055598449	0.2273815495269823	0.2986817453703393	7.800407376593044E-6
0.0972087854896222	0.04804687101688468	0.03259961956818237	0.14152503033669112	0.0362982999076472	0.03398174344908127	0.08863097806062586	0.22428481712408177	0.2974144627716919	9.3922754915432E-6
0.09492953086142192	0.04876929535266897	0.0321976123400186	0.13903762683388526	0.03651907579208108	0.03505684850889636	0.0882661197669348	0.2256082445639237	0.299609944607791	5.701372378222325E-6
0.09619359218863122	0.04879222412979033	0.033378969061273786	0.13620014564548727	0.034488616937113095	0.03371640160448579	0.09139062426900965	0.2249702949807159	0.30086448808345145	4.643100041487602E-6
0.09241432269633366	0.052830297713072766	0.03059446391106345	0.13196169462502513	0.03657488322311947	0.0337427444952801	0.09314432596387874	0.22113010393856802	0.307601442654689	5.7207789696256395E-6
0.09114534198668688	0.046746597279813756	0.026286517670325124	0.13795808602386114	0.03575781030546149	0.034898827990637524	0.09316243141176626	0.22389208553017143	0.31014343385121357	8.867950062774188E-6
0.08852939930105141	0.04646893062443321	0.027038577254748425	0.13815698071611923	0.03595268922076941	0.03572319225879894	0.09395802585878438	0.2246622768442338	0.3095012890349177	8.638886143511049E-6
0.08976347386624997	0.047733595115258994	0.03223094451338168	0.1367097200782116	0.03410491644862122	0.03572943255834722	0.09119456123856481	0.2278242575312724	0.30470270197673816	6.3966733539339016E-6
0.09027777591326491	0.04304157450146512	0.03724097005527935	0.13081532737514628	0.033395203426218184	0.0422498355951013	0.09156373841585859	0.22108492159321885	0.31032588642952	4.766694927410553E-6
0.0891613160458668	0.04079934773233852	0.039997394866293584	0.12746398058423095	0.03365897849321707	0.0462847817877583	0.09262992105302972	0.22258528121418097	0.30741442797707436	4.570246009610868E-6
0.0975348047928101	0.041508961218152944	0.03523558115615483	0.12059918825381767	0.0348902109771496	0.047074592130348515	0.10075443426481974	0.21726959973465132	0.3051248950603171	7.732411778135773E-6
0.09149457013257946	0.03979682650565416	0.03797806230189194	0.11998741224686793	0.037245731915709276	0.047924577302343445	0.10026131618013917	0.22116929156249307	0.3041323108906097	9.900961711786782E-6
0.09444942801402496	0.04368538334910686	0.04200684165054362	0.11145730377112566	0.04264085880033097	0.04601082481225634	0.10462005718262149	0.2075496629779889	0.30757304924836165	6.590193639466335E-6
0.09706361857445579	0.042265082988570124	0.03816497511065668	0.11202541852035247	0.04470579852335854	0.044249210403014855	0.1021230560278643	0.21079485696874017	0.30860148923614705	6.4936468400222935E-6
0.09547347262031874	0.0451536779800389	0.04487072427865859	0.10715976041382	0.04343517081890067	0.04587306105163662	0.10121755775686923	0.21061853963629346	0.30618822642363114	9.80901983260729E-6
0.09460911793208024	0.044797172935002946	0.04498080914717026	0.10769709054353294	0.04259638499857503	0.045010232287173185	0.10413541113809277	0.20928426310894482	0.3068842410131135	5.276896314257429E-6
0.09731886688180072	0.04649574701536963	0.04600220886678646	0.10732322227594453	0.04295302031450749	0.04203970471943388	0.10226405985692719	0.2107253903810115	0.30487269561939306	5.084068825433885E-6
0.10257272918532692	0.05581542913838186	0.04224088163274596	0.10598851277133434	0.04241881992242688	0.040501645011331855	0.10445815979895987	0.20431172604069342	0.30168490114479146	7.19535400739435E-6
0.10196265639439732	0.055492908867302876	0.04151941208193642	0.10596165927293144	0.04200759477890274	0.04096336333459431	0.10560889343797583	0.20485701448666743	0.3016168248845829	9.672460708695652E-6
0.10295229015313273	0.05445405453560061	0.04085022594173647	0.10624034410285117	0.041245416086284376	0.039649938039665586	0.1057425664197327	0.2072310363101252	0.3016263811565315	7.747254339621201E-6
0.09973733198388024	0.054762874794396	0.04019581973910092	0.10229179062608482	0.04521335203183253	0.041787173224101075	0.10685142361968868	0.20672731516212306	0.3024270382185422	5.880600250349199E-6
0.07654695210376708	0.05969951479535067	0.05004032044711752	0.11480599566274598	0.047945510379518455	0.03737123577439974	0.10387386977857885	0.2069088065527428	0.3027998383059713	7.956199807548914E-6
0.07755072714722223	0.05925703229688093	0.04901209759825096	0.11355393726834538	0.04826155128940154	0.03691033814682014	0.10347747017488976	0.20817007118359904	0.3037993725581203	7.402336469689019E-6
0.07839575790593499	0.05994000724592113	0.04938282665082406	0.1132642282496818	0.04759887593038473	0.03597780595971224	0.10327728008984895	0.20720126092712365	0.30495392307298586	8.033967582546375E-6
0.0781756753483576	0.05846798348349701	0.049681960152828095	0.11629765942387292	0.047438735703325255	0.03643747662288993	0.10201495658037106	0.2045843797838187	0.30689661482205616	4.558078983196712E-6
0.08014410723302717	0.05962057849330946	0.04641337601670253	0.11751090786549741	0.053562940548606684	0.034035752945286574	0.09573098012729576	0.20592833653037135	0.3070458263404837	7.193899419305483E-6
0.0788556812789008	0.05617237699928584	0.0438372087366529	0.12026535103099677	0.051616204279940285	0.03777734148459936	0.09253825246541197	0.2095527500677672	0.30937849844218346	6.335214261368738E-6
0.07923890753330862	0.0553841538310751	0.04711404248180065	0.1192535327256399	0.050797393747857286	0.03810892288971941	0.08911798119060746	0.21230010828918763	0.3086769817545295	7.975556274394946E-6
0.0769019274138338	0.05579528541677264	0.045989406571490234	0.11960161102663758	0.050255686822677184	0.040902709272382994	0.09009618864746388	0.21298301039666304	0.3074658596318846	8.314800194031413E-6
0.07757797073283623	0.0551423167188775	0.04592743724168268	0.11934768776579416	0.05124317885460728	0.04039453683326707	0.09081773475534963	0.21294206143215022	0.3066036099192465	3.4657461886883345E-6
0.08110060415335585	0.05479448551067388	0.056594290266186224	0.09457878790589898	0.056159984770192926	0.060913729093699125	0.08993577285669864	0.19872943501424625	0.3071832837707491	9.626658298969581E-6
0.0806622391065967	0.05412796054932078	0.05735532984533185	0.09490700016137518	0.05660195155860293	0.061303132602160984	0.08844677682706295	0.19856132059914228	0.30802579810225683	8.490648149436786E-6
0.08102131632718203	0.055753041877410876	0.058683064209805215	0.09120978487217839	0.06079805073159232	0.06179815504079274	0.08380598826381376	0.19573093287747653	0.31119308369851034	6.582101237731508E-6
0.07930489310148109	0.05682359384779859	0.06057561459748804	0.08988848699862578	0.05919979025883765	0.05971460010523669	0.08447671460521275	0.19594630526375822	0.3140615382027027	8.46301885841505E-6
0.08571549814637987	0.060642155818554914	0.06060018267482097	0.0855142501812249	0.05270062738195531	0.05940570404791958	0.08026580663988926	0.20084616601800237	0.3143030163462801	6.5927449726804754E-6
0.08259369349222584	0.06057617258088341	0.059217635960188815	0.08760416101228644	0.05356938808470764	0.05982060344636805	0.07970710201839837	0.20312782487907793	0.31377838099023403	5.037535629401346E-6
0.08353396471476725	0.05972143050718574	0.059372169623132146	0.08638575649687943	0.05461330225333569	0.05704842695335119	0.08040685356345081	0.20610421398704726	0.31281034252906165	3.5393717887632903E-6
0.0841912156229396	0.06372856852617646	0.05834428861842262	0.08606220839058837	0.053436179987239936	0.055693844073274885	0.08125052358623504	0.20228690762712984	0.31499681240650995	9.451161483278736E-6
0.07804868499183358	0.07091866607349756	0.06455995464991454	0.09295819584721869	0.048235125828422334	0.04203280037251208	0.09168231494826048	0.1962269764944804	0.31533258980017487	4.690993685413369E-6
0.07919487490879988	0.0707483711378327	0.06449434390835072	0.09189078244102614	0.048641393872884464	0.04115153053297532	0.09191428503615728	0.19697104621796044	0.31498520652954337	8.165414469657462E-6
0.07995006608327054	0.07146550254635561	0.06373569732549153	0.09106130772655563	0.0467922528227992	0.042434936832062585	0.09288283696697001	0.19707126632465838	0.3145961743734783	9.95899835812275E-6
0.08001620757435839	0.07146791037157635	0.06341864566245713	0.09126589914839903	0.046665145327323285	0.04209550833386014	0.09218705816802532	0.19824165035360547	0.3146341598275215	7.815232873353839E-6
0.08421407361606531	0.07420229192836203	0.0639711600153082	0.08861375596677006	0.04981728980939417	0.04064146363791447	0.09248059800943226	0.1957629652441676	0.3102893296041141	7.07216847173342E-6
0.08397003560174637	0.07562246567631101	0.0634221749515995	0.08847727863509601	0.048739208261134745	0.04376144151764638	0.09146666210184569	0.19606787010232418	0.30846712100404583	5.742148250234558E-6
0.08126365250144921	0.07518345104792995	0.06243878869622585	0.09088570362802036	0.05109908473318829	0.043077312355384645	0.09255346769439994	0.1957983104980055	0.3076917216567654	8.507188630837992E-6
0.08049965800919504	0.07450264932335915	0.06598175799704517	0.09437781676408588	0.05024166375459966	0.03738792364539392	0.09191247902567524	0.1983413727532249	0.30675061028452716	4.06844289378705E-6
0.08126691350143747	0.06656977788187882	0.06714484242695822	0.09201221237036794	0.048658403516379775	0.04066841831367099	0.10041901007420431	0.19258889485459174	0.31066305687079404	8.47018971662783E-6
0.08593197699461931	0.0721192283722475	0.07713684019803993	0.08830282751846141	0.040423133133759045	0.05066034920094893	0.08934859104733935	0.19257982385880507	0.30349091728271543	6.3123930640063275E-6
0.08667292129410757	0.0729189671896057	0.07675554956421647	0.08733850295068786	0.04004930972289734	0.05122313964322225	0.0884067466331141	0.1925785682156978	0.30405265638259876	3.6384038520770323E-6
0.08629409924727999	0.06961381637764337	0.07433069012336041	0.0849472402849505	0.040510015485472846	0.05738895129675046	0.08672813593064685	0.19709579958646278	0.30308175125187337	9.500415559374198E-6
0.08720701647727531	0.06392563776436198	0.07589059820923402	0.08901092675842812	0.041639222054331446	0.05137825846307569	0.08713311625519211	0.19836684260551196	0.30544066052872015	7.720883869077877E-6
0.08096211854166065	0.06687829291023634	0.07690265608566833	0.08806046488635982	0.04082918036723215	0.04977312390923672	0.0896013981418948	0.20208907788963376	0.30489724323670214	6.444031375299475E-6
0.07929061452836034	0.0688284217447731	0.07699814627738523	0.08746154866455554	0.038757634057733754	0.05230627069950903	0.09228588413601638	0.2005440776810668	0.3035180315690339	9.370641565933924E-6
0.07580038451182265	0.06860361094526957	0.07844204005672181	0.08926813736783151	0.039787593010867844	0.05181889888171089	0.09201429066334624	0.19951546313331928	0.30474233747233476	7.2439567754684075E-6
0.07671603025608043	0.0706524177057388	0.07570092819716936	0.0882318023578851	0.044983192708083715	0.048684614767184047	0.09421489002931868	0.1970860452996746	0.3037212520082289	8.826670636313816E-6
0.07729949434585631	0.07210465569052565	0.06477704877380261	0.08828891230906029	0.051457920039165	0.0455158240296294	0.08796346599501591	0.20626265377793182	0.30632576387678706	4.26116222590478E-6
0.077828895653877	0.07254605931522656	0.06475974933357796	0.08910760090292083	0.05213649664229136	0.04518440200413136	0.08692214730648806	0.2054238464426255	0.306080405261584	1.039713727739311E-5
0.07707188058505868	0.07165208866008367	0.06355955866000026	0.08983853316907897	0.053293260934533716	0.04521585388729114	0.08550907214287212	0.20608639723194777	0.30776831340085814	5.041328275459667E-6
0.08161632888222976	0.07366853302641806	0.055667058660118174	0.08419922845840512	0.049282941769746375	0.05086529088620613	0.0827057474994689	0.20787851576616262	0.3141119507875759	4.4042636688362835E-6
0.08026995884003248	0.07435830321138867	0.0566205547318417	0.08652076746704714	0.050323399297706	0.05035442755423302	0.08155092930162089	0.20457792490842625	0.31541851313448105	5.221553222800601E-6
0.08062228601531674	0.07528775339761068	0.058674693782869845	0.08532975368309607	0.04960192572287709	0.05165276928191854	0.08108766983714541	0.20330582687448745	0.3144272772758193	1.004412885886874E-5
0.08203506007244893	0.0711432585680957	0.05832336357403365	0.08947742934294874	0.05574863243235735	0.0481134589087506	0.08797469996349452	0.19743990755628643	0.3097384599504271	5.7296311569560165E-6
0.07822418199043395	0.06865978897493802	0.05543347045026464	0.09937091163980684	0.05626354006870372	0.044118438291399935	0.09173151189935744	0.202591308716424	0.30360201496125255	4.833007418825197E-6
0.07714135317401996	0.06798958070736077	0.05651847881209172	0.10189127596215329	0.058052934694715806	0.04494472489524314	0.0988283480749287	0.19932896246062415	0.2952971486477492	7.19257111322924E-6
0.076568003017121	0.06440765585363283	0.056058282130960285	0.09923780326224076	0.05962412237485984	0.04917652411678576	0.1032843384701666	0.19841113182123782	0.2932220052414315	1.0133711563581338E-5
0.07802658439381015	0.06226429799786238	0.058408377474406394	0.09856645257212006	0.05972293424724346	0.05002753719492344	0.10253751788275932	0.19753114812638078	0.29290870353900345	6.446571490584252E-6
0.0770728104684812	0.062028414963139177	0.057510505803317374	0.09903051279504982	0.05993211205077252	0.050762036353035424	0.10294589903674706	0.19701256420735389	0.29369935898686733	5.785335236138667E-6
0.07514242951927519	0.06321911434186991	0.058293989721319245	0.10064572255513593	0.058987450720525296	0.05063687475933176	0.10441733139909584	0.19523342118631853	0.29341857135384974	5.0944432784805205E-6
0.07914930817370101	0.06404029961182464	0.05897097478930952	0.1050113564299374	0.0546071197928046	0.05030069755374641	0.09914299509358769	0.1969174720124767	0.2918548783924417	4.898150170323801E-6
0.08985607212171974	0.055581965915253335	0.04456101909585649	0.10509870241922935	0.06003122690592121	0.06420581610542198	0.07448861150193356	0.1983588143585378	0.3078089534418382	8.818134288338109E-6
0.09044275728579207	0.053236314481222305	0.0440522578662354	0.10628221316009812	0.0587767739419295	0.06452062655257011	0.07516202728018287	0.20020635581851154	0.3073171000153708	3.5735980872114714E-6
0.08815118583631694	0.05003024292462342	0.04205560066094868	0.10807520696152624	0.05577498956288563	0.060829538613025085	0.07453087960798829	0.2065110545888278	0.3140357909237755	5.510320082363629E-6
0.07941154839955279	0.04059618416343778	0.04088831776500403	0.10368590752195664	0.07076552335467351	0.07799733161418664	0.0740278560072018	0.21114651910439708	0.3014757902219015	5.021847688177483E-6
0.07874109575949588	0.0397592920164533	0.04310101888718394	0.10212278034106582	0.07166042130501099	0.07891766721939572	0.07579675898303816	0.20994874272047964	0.29994298967053107	9.233097345476282E-6
0.08012378496249468	0.038714867948673654	0.043616546950631066	0.10219983395748118	0.07262595969195346	0.07800620397236807	0.07360079521124714	0.21191072043515183	0.29919477147587636	6.515394122538765E-6
0.08000025908564617	0.03749201675639932	0.04221681699329943	0.10117195247982182	0.07343696109565973	0.0794422339547961	0.07263333585407139	0.21428270890994175	0.2993138421457188	9.872724645434983E-6
0.07852258643733345	0.03918162239190687	0.0440424471344175	0.10244383065254109	0.07297785168108153	0.07804071752193686	0.07248239460415344	0.21240811943452567	0.29989553033358246	4.899808521072191E-6
0.07921588509712475	0.04065752067255544	0.044624175888966174	0.10272487465648102	0.07188152026869246	0.07723009346243268	0.07171277006007098	0.21295961522888196	0.2989894969680442	4.0476967503033645E-6
0.08241589366800589	0.039007161148220316	0.04238905516840107	0.10428907415024846	0.07501006704744406	0.0795750862099058	0.0712828063309168	0.2054959220426421	0.3005254151514708	9.519082744602336E-6
0.08001232701419117	0.03484305547161319	0.044021231790332016	0.11028966208859865	0.07755073828191353	0.0737420478837996	0.06883896591620955	0.21080928672395632	0.29988687412009835	5.810709287609739E-6
0.0746671791946486	0.03708204475372284	0.04945670850674252	0.11281430126679473	0.07681312380253215	0.07621072552749844	0.06245495312430414	0.21218432266298098	0.2983062248352237	1.0416325551834693E-5
0.07105654616192253	0.036795405099217166	0.046063463718994294	0.11839831960585054	0.07690537388631652	0.07580894977994827	0.06180569034793129	0.2127676622929806	0.30038794352157455	1.0645585264187907E-5
0.07920283737534725	0.05196539145528121	0.03588211473489339	0.1210307274341117	0.06484865740091034	0.04432371085877157	0.09021688051113065	0.19443604858507824	0.31808622525739605	7.406387079578192E-6
0.07965820887726606	0.055168942910596944	0.029488386114755377	0.12001298515701656	0.05968289375341008	0.040449160282335105	0.09563339559194202	0.20189350162880096	0.31800461619413956	7.909489737348285E-6
0.08125641060644577	0.05463628707175814	0.02855070358303549	0.12065950791591301	0.05927242535944544	0.04023433216240685	0.09614032642513959	0.2006536193919456	0.31858793475254854	8.452731361588417E-6
0.07898138478714731	0.05816603090797488	0.030334673187688885	0.11784757064013282	0.05972743290276451	0.04142255689128595	0.09639222222485298	0.20342868455956287	0.31369378507467066	5.65882391907746E-6
0.08468321639850501	0.05913133868459897	0.030840696611719537	0.1171026917917648	0.057430615587945495	0.040173062944560516	0.09485977310630479	0.2022125853362451	0.31355997111144995	6.048426905810866E-6
0.0864595019990176	0.06017819361764459	0.03010673321028981	0.11779034445981708	0.056548711152587444	0.04039989406986906	0.09413964530376046	0.20112586590936188	0.31324051063804476	1.0599639607283828E-5
0.08288011232421541	0.06168802226420911	0.03156106779836264	0.11405215101089597	0.05491470793029457	0.03930201370372147	0.09485608146242287	0.20342450576363152	0.3173111343855613	1.020335668509842E-5
0.08290109529392076	0.0591799626997948	0.03495178614727977	0.11397588014427468	0.05247389291736413	0.041429541774361214	0.09286743860725068	0.20482310326575282	0.3173935856749439	3.713475057245952E-6
0.0784631503389029	0.06335968968876816	0.03503385407542581	0.11606722685175959	0.0489804717574453	0.04637059334403855	0.0919506575519628	0.2027875338162621	0.3169787978782836	8.024697151207127E-6
0.08261104257730044	0.06022510690558787	0.03296961361423972	0.11539011784480499	0.05983374998318278	0.042098566372273064	0.09371955166779901	0.20485868115650352	0.3082867020338506	6.8678444579695075E-6
0.08060686332291905	0.061045506701854484	0.03389872167268507	0.11720178892220129	0.06006482165458215	0.041838698347445476	0.09486890845328677	0.2035547198801495	0.30690939047815524	1.0580566720944096E-5
0.0824163846852089	0.06274214131742414	0.030924515809508155	0.11416495245876347	0.06248379148769402	0.04222448784427815	0.09561585758977306	0.20365702583259665	0.3057654425087114	5.400466042013163E-6
0.08107480128549423	0.06792191256902795	0.0275380979374283	0.1103609878795058	0.06510949727550767	0.04212941826180497	0.09814058836062978	0.20285269236400866	0.3048637582507326	8.245815859966865E-6
0.08335404788921731	0.06815078760491976	0.024648827503682302	0.1131110525847577	0.06451557805112643	0.04140968707779977	0.09489855607675145	0.20299652500329085	0.3069091004433564	5.837765097951864E-6
0.08333396755750659	0.0688600561763362	0.024422449953312095	0.11349325084149739	0.06402519169000122	0.04070794864731039	0.09529959071930189	0.20276015548931253	0.30709202982026024	5.359105161306665E-6
0.08608431696865701	0.06603010000626633	0.02361212735018295	0.11456517607329106	0.06094887839596351	0.04093498807658067	0.09793423374126677	0.20364161196950023	0.30624008367765826	8.483740633141723E-6
0.08558361299021837	0.06628283706950276	0.02499632072146847	0.11468287598059514	0.06014786923797735	0.04072993208978245	0.0949456467682708	0.20548057555429647	0.3071451177720652	5.2118158229280676E-6
0.08498563418366437	0.06555690892169361	0.02738337013796502	0.11413115512188116	0.05642096173221432	0.039099703729284174	0.10285819979661619	0.20672738386754072	0.30283189014630224	4.79236283812412E-6
0.08188145194291852	0.06586655390326024	0.029047853345919736	0.11545678202710039	0.053328317505253534	0.03908882255661249	0.10645276177010773	0.20847366338384032	0.3003944910164707	9.30254851630452E-6
0.07560779076315866	0.06594104168007034	0.028380238386434303	0.11777518923192903	0.05639995903911543	0.04467420134408958	0.1105766585928362	0.20848738474389705	0.29215276082151914	4.775396950221222E-6
0.07215570905501335	0.056263550150257115	0.04001745706399944	0.12060315806158775	0.06172847244040234	0.05017694907604966	0.11318594879749387	0.19940727336220465	0.28645525268171806	6.22931127373938E-6
0.07190946476389733	0.056619304556567995	0.039551258678744865	0.12121840417637308	0.0645548058945136	0.046991846178593755	0.11101391297897267	0.19959742496431299	0.28853375347474025	9.824333283406372E-6
0.07044607637683192	0.06227665002631056	0.032951546208709576	0.1227757490205873	0.06974289502863579	0.054761836861366854	0.1120455198419508	0.19629994320777072	0.27869360350091105	6.1799269253648426E-6
0.06811344957881846	0.06338322616492897	0.03395691017241395	0.12372589766783962	0.0689008777472157	0.05564328923650426	0.11154233502757861	0.1966564123307267	0.2780682514564695	9.35061750419186E-6
0.06890985372089944	0.06166567787537694	0.032458569249300365	0.12237169840454992	0.0670925553023202	0.05663006096684785	0.11474540090874702	0.19638721794688785	0.2797316231159639	7.342509106458839E-6
0.07213378542781404	0.06909615322665344	0.02887029693743784	0.11978376520318708	0.06874874111700109	0.05544050254995967	0.11411944400305879	0.19230681468952243	0.279494932646054	5.564199311552942E-6
0.07090066849908154	0.06979273101864937	0.02993273394224312	0.12208767259353753	0.06643185633986838	0.05537828241121509	0.11359973866775465	0.1925201384773622	0.27934624866928526	9.929381002776738E-6
0.07123250569684156	0.06789819765193006	0.03345165369813538	0.11989421709999047	0.06771048043558474	0.05383553048974136	0.11326059566880907	0.19235033889099915	0.28035592717727376	1.0553190694415071E-5
0.07339737434047187	0.06660362727984775	0.033451367183530284	0.11801929079965767	0.06478593117538739	0.05893937787125029	0.11223004771775975	0.19339953902766546	0.2791641999855208	9.244618908707536E-6
0.06871389994215966	0.06414390999376693	0.04348098334137807	0.11309869510061164	0.06251986258451506	0.06777014397434766	0.11489223361917542	0.18741716494802918	0.27795972363321825	3.382862798093078E-6
0.07007761233603318	0.06240430181801299	0.041726668969768316	0.11381092309069055	0.06220553103050811	0.0665736238923478	0.11488501893947452	0.18930505201317133	0.27900152108386206	9.746826131099007E-6
0.07000710716180705	0.06135741129153615	0.04094506980063095	0.11036913530291803	0.06008365185196426	0.0713812048308712	0.11404254433515783	0.1907348030751161	0.28106965879014084	9.413559857618381E-6
0.07345390665883217	0.06296869476460965	0.04241441979016008	0.10460646619554897	0.05947998872387862	0.0699867234618405	0.1122872890789683	0.19090053419853165	0.2838935876120026	8.389515627441058E-6
0.07160820402268771	0.06650770388619018	0.040953315616036295	0.10125863918151876	0.056925757819864274	0.06843593337942686	0.11162386849885046	0.19781273518214343	0.2848661438430321	7.69857024997267E-6
0.06910287979785883	0.06499669159726273	0.04336268793369939	0.10205110886572943	0.06109769606796095	0.07025060732171055	0.10610389488132552	0.19830177742873042	0.28472662160925366	6.0344964684933E-6
0.07574956994014129	0.0606874689381093	0.04584170097015419	0.10397792489154423	0.05725659425188375	0.06259083600061695	0.10898496319686518	0.1987383810921716	0.2861677391157696	4.82160274392629E-6
0.07799794373112223	0.060488498420873615	0.044146207829732144	0.10326918236446975	0.0610925590105226	0.060080255415491605	0.1059535775859251	0.19578995301092336	0.2911749829833636	6.8396475760013065E-6
0.07799416400863876	0.06108631009589825	0.042796150349865655	0.10364742042045429	0.06110313715786274	0.05944504970401511	0.10570987375827565	0.19648213664021655	0.29172649441584636	9.263448926627449E-6
0.07538168621170567	0.0634614083497667	0.04033328963641861	0.10435454302165018	0.0585888796063804	0.06182005247739035	0.10632073431777801	0.19812646821263658	0.2916035543423499	9.3838239235422E-6
0.08133954214629573	0.06835629248654995	0.03959148628168498	0.10341464924001	0.06290951035891076	0.058880404109851715	0.10369478892125132	0.1978121252596769	0.283994978083746	6.223112022585298E-6
0.0835604480941333	0.06666898275894173	0.040884351883909036	0.10155864073660835	0.06602673977022891	0.05415546993288979	0.0994681029562245	0.2029128543884574	0.28475805546480815	6.354013798823277E-6
0.08260371569379842	0.06702567906285475	0.04300351926990194	0.10136324195179307	0.0640838353001485	0.05502401862790225	0.10013235615527052	0.2031723948260185	0.28358749397522187	3.745137090144235E-6
0.07977868613387538	0.06995891889409434	0.044161674686748094	0.09815964804457257	0.06289393957988827	0.055145614031575405	0.10214739188956476	0.20305182632263757	0.28469680743082176	5.4929862218083825E-6
0.08050468791049012	0.0695125258363396	0.043173404185470464	0.09674757364058403	0.06260357092881835	0.0554614366560202	0.10323062334769208	0.204287941377667	0.28447141034891826	6.825767999818488E-6
0.0834888922267357	0.06921132374024716	0.04196880407297388	0.08794042117527621	0.04913794451043161	0.04863781018393736	0.10426409187134972	0.22438420598455325	0.2909626897393682	3.816495126957031E-6
0.08491640647792126	0.06756881627019054	0.043428300676302	0.08867693519139591	0.04912456119359088	0.04851186547190009	0.10503214799995646	0.2244307194135854	0.28830199173655385	8.255568603593444E-6
0.0868649098000734	0.06674937822109855	0.041194775903721274	0.08909720611627904	0.048620471569559696	0.04965233786943871	0.10469552333367572	0.22481623922216346	0.2883051780977288	3.979866261244469E-6
0.0859594471911566	0.06412493713660894	0.04450393514013923	0.08415743715549014	0.04891822941986961	0.05047547250237302	0.1050148771892905	0.2257405553945564	0.2911005052779771	4.6035925384546594E-6
0.08357687092953398	0.06148795088334761	0.044914260897730054	0.08481576284408257	0.048120083780488904	0.05447970787968784	0.10487175421352805	0.22702973949540145	0.2906975606400795	6.308436120025518E-6
0.08060258268938035	0.0623667641112214	0.042633961771690876	0.08856693572438233	0.045985767626414306	0.05780745115219415	0.10409163233312517	0.22678514293290125	0.2911558567662235	3.904892466585763E-6
0.09145060274091449	0.057736570733819055	0.04828070789099589	0.09155749511309466	0.04067792809984307	0.05834702008179376	0.10094837899782297	0.22584208434911507	0.28515554296533485	3.669027266131608E-6
0.09373433030754368	0.05566811890200575	0.04715480224133544	0.09204526814652655	0.041559694229450335	0.06075222641429999	0.10060614490922615	0.22420087371239011	0.28427475667296775	3.784464254155684E-6
0.09640750139449031	0.05516018585120419	0.05144507941792392	0.10385529769827706	0.042246962049028725	0.047766550793789754	0.09512043937528843	0.22896780520248444	0.27902264520560677	7.533011906354914E-6
0.09642813573202004	0.054289018133422705	0.05326847263816358	0.1039496867447321	0.04325066312729308	0.046756074513038474	0.09465393937444891	0.2293788830642886	0.27801967429331004	5.452379282386288E-6
0.10011893067922455	0.04871911125829251	0.04723734501473871	0.10188169571848202	0.04104042489978938	0.054185459337958694	0.09402788716068775	0.23340307353327416	0.27937769244119476	8.379956357440488E-6
0.10028411336455853	0.06317548254912275	0.040861567487663585	0.10817825583880768	0.05013734794246016	0.0512377883470909	0.08795591671732127	0.22054596255198544	0.27761752110140414	6.044099585475471E-6
0.10412250899703133	0.06422486605347785	0.030187794571130494	0.11607613761331678	0.04515340991299054	0.053874137536374954	0.08053348575017694	0.22598979602464592	0.27982950205965984	8.361481195318099E-6
0.1035702693305155	0.06492092096357771	0.02992236025758291	0.11516968383829511	0.047244100513838434	0.05375892809684706	0.08138210049072728	0.22515398806492543	0.2788711323344693	6.5161092212551175E-6
0.10031430056621166	0.05757543328552624	0.026319001468782258	0.12180800383276866	0.04680950196789478	0.04988637663896671	0.08282782366539945	0.23154831334762788	0.2829027616145069	8.483612315438038E-6
0.10016509932104742	0.06052780198746068	0.026669403861474372	0.12095809346478886	0.045944124711996125	0.05144646885840571	0.08319747622006202	0.2315614487876682	0.2795211931227226	8.889664373901152E-6
0.10399292768621969	0.061937379119712435	0.02976312685644328	0.12276436834834148	0.04398873962447594	0.05217996278003628	0.07822419985936616	0.22584537383974518	0.2812956748452327	8.247040426789809E-6
0.10248545276275424	0.06258640182193068	0.028426235415511064	0.1230900884515988	0.043422833137407114	0.05326039529208184	0.07672411725058413	0.22743926897702144	0.28255699679369506	8.21009741561185E-6
0.10349004658455094	0.06471347075420751	0.028976353040077688	0.12393320134676084	0.04068637503462473	0.05315381896196478	0.0760044435580563	0.22915694178889096	0.2798748643365483	1.048459431798876E-5
0.10727661875423346	0.06534698717997534	0.027020281526851417	0.1215658058327084	0.03734694573507451	0.05723719920109498	0.07723656265417483	0.2311953916837342	0.27576996780003676	4.2396321159599015E-6
0.10569666140161879	0.06030687793364317	0.02837912567782945	0.13058899859967021	0.03556967747380674	0.05737532227387047	0.07306202846128847	0.22993012377084726	0.2790868281031523	4.356304273131495E-6
0.10456625832315056	0.05889065695012074	0.030669387509904972	0.12889106007382545	0.03490924973035511	0.05716465433006895	0.07504542700007441	0.23010431197493808	0.27975167247872995	7.321628831741256E-6
0.1043562008609183	0.05666629239832996	0.03207956446377738	0.12903014058287046	0.03546110494910118	0.05736230877177763	0.07606547319632911	0.23024286518502046	0.27873044124024116	5.608351634267539E-6
0.10145986755071881	0.059169320849593546	0.035166962004316626	0.14351908369364313	0.029900905230463654	0.05497792073063057	0.08359083679701994	0.21916173234531297	0.27304283461290185	1.0536185398826725E-5
0.10256559050941584	0.05969734317151137	0.03592470237367018	0.14296271871862154	0.027963617664532342	0.05406639608614906	0.08465537025631342	0.22018548451874984	0.27197449864447637	4.278056559989252E-6
0.10347334269306449	0.06757889799736722	0.02987216250942297	0.1455063305431044	0.025469693054922624	0.053269725150482776	0.08484014098401572	0.21764272042896693	0.2723405909139833	6.39572466948346E-6
0.10413245974320584	0.07135286849500676	0.03163763274082504	0.14561880609799616	0.02548404999350916	0.05229040665654958	0.08584909023666375	0.21556826444281674	0.2680602824832311	6.13911019578528E-6
0.10386039657571912	0.07192799450668638	0.03140796479146955	0.14455301184255312	0.027057935740141578	0.053865081525663515	0.08786860829835316	0.2142667504242523	0.2651835233577976	8.732937363573057E-6
0.10482528076713188	0.07247953486855457	0.029430675782674068	0.14201438879383815	0.028505857177654928	0.055080681649286894	0.08627250572553019	0.2145863661975755	0.26679806953182433	6.639505929453837E-6
0.10561260362311559	0.07160770487809973	0.028919049473896008	0.1399330568456899	0.029504369732294103	0.0556763331646075	0.08684527427159176	0.21500319531302045	0.2668923803213187	6.032376366205128E-6
0.10653589627896126	0.07152717878504569	0.028948514301714315	0.14368257653215588	0.028072590563054237	0.05669228616584335	0.08297164601393886	0.21766961313345554	0.2638901954652517	9.502760579066516E-6
0.08872832302779797	0.08397862601860681	0.026878568659117127	0.14717318326811651	0.024389021319269774	0.07006729611052534	0.10379208589380363	0.22177541097683368	0.2332076278085512	9.856917377981667E-6
0.0906055091505429	0.08204516682348185	0.029071856218919306	0.14949657544310774	0.022956280492867215	0.07002643452515281	0.10087166985707136	0.22144479978574305	0.23347830216075338	3.4055423603490675E-6
0.09103053710949445	0.08153108062051209	0.02879020368664917	0.14872691876082805	0.023550633136041707	0.06835417406719707	0.10299799110818525	0.22204819497040734	0.23296057883691734	9.68770376741368E-6
0.09029349905526085	0.0828052019312551	0.03268154350217435	0.14806031120321175	0.023190125873307363	0.06802931533787618	0.10408858672079381	0.21762890436354632	0.23321217950931922	1.0332503255078285E-5
0.09026535543750887	0.0852900848172264	0.03165164167556228	0.14822643205191577	0.022665977324660858	0.06948243978804672	0.10303215178051671	0.21389182629740205	0.23548506698660998	9.023840550237416E-6
0.09016395082910617	0.08562860315833745	0.03157823225797278	0.1476893649727819	0.02301578532938124	0.0681206757454766	0.10363519708428251	0.21512053264242842	0.23504101532581362	6.6426544193115555E-6
0.08963481223644745	0.08628892548494284	0.03125724568929897	0.14811446290035654	0.023289767718529197	0.06776368298520355	0.10247536087794423	0.2128383627207644	0.23832756532216154	9.814064351229557E-6
0.08766394179855583	0.08583751926616555	0.033246445637383853	0.14918343129921474	0.02373191241931974	0.06972967119732457	0.10059148836918415	0.21140531629937714	0.2386001258604042	1.0147853070185953E-5
0.08936441557497699	0.07842693058006618	0.04177211603606164	0.14537383266917286	0.023428901142334826	0.0742082344152268	0.09625707625737916	0.217166687573646	0.2339947426931675	7.063057968020869E-6
0.0921499143575537	0.07667363426888908	0.031395094847926505	0.14782976454269883	0.025164997476033082	0.07878078703887226	0.09668074260543126	0.21015208868725443	0.2411681160621434	4.860113197446836E-6
