0.16908271083862852	0.0013421099022045552	0.0014470484305101061	4.866269425682357E-6	0.0021495627606888112	0.00405906416679698	0.0013002795168443881	0.002314122447777678	0.25129471052250546	0.5670055251446177
0.16903461668770647	0.0014352096418751292	0.0015185728136394572	5.471961947819959E-6	0.002118321890265437	0.00405027878999252	0.0013477982792916704	0.0023242849079311845	0.25122772043479713	0.566937724592553
0.1682791539183383	0.001581436651536372	0.001508567857242682	5.9541444561439505E-6	0.002353636962250105	0.004064914443395004	0.001270811250038334	0.0025196896316799777	0.2513809742283699	0.5670348609126931
0.1679542535574533	0.0019570425724341617	0.001656476049623809	5.280835830942521E-6	0.002641579631140853	0.0040633898061435275	0.0012787001952532795	0.002293875003999149	0.25133456809240606	0.5668148342557148
0.16785336200237788	0.0017021946440544528	0.0014757850419069712	6.53042291097472E-6	0.002673270580778861	0.004191911992307049	0.001458706310013283	0.0023890052609793905	0.25113320177625226	0.5671160319684188
0.1675594205931586	0.002422040374293541	0.0015538080345870314	3.3438187549000853E-6	0.0023860773505113703	0.003949950983730896	0.0016120848732077558	0.0022401311198682466	0.25132447613762837	0.5669486667142591
0.16661639469909822	0.0025476893230496483	0.0014741555590454952	6.276120945183927E-6	0.00218129333607113	0.0042394764234007926	0.002033750015022831	0.0025039991944662693	0.2512926125225987	0.5671043528063017
0.16671597530295668	0.0026484123400915965	0.0014464144453287947	3.883621002967463E-6	0.0022198464212785513	0.0047650320831479215	0.0020462455697541765	0.0022654949262223972	0.25123537496138704	0.5666533203288298
0.16661392273466802	0.0025303535011246686	0.002433384970383215	5.114277969744951E-6	0.002503422540918329	0.004582715632418133	0.0019122242509138493	0.00233549752058948	0.25053850245813847	0.566544862112876
0.16559880247869924	0.003071611018466272	0.0028430005582248258	7.326427324677587E-6	0.0026771124819097575	0.005221678660298892	0.001650430607534531	0.002550023645637431	0.2502490888064972	0.566130925315407
0.1656106580095627	0.0031309640141532202	0.002962207087376198	6.119796952350209E-6	0.0027897313894166414	0.005267810008421525	0.0017291600359328196	0.0024167776452228007	0.24970068210675495	0.5663858899062068
0.16528259903798342	0.0027315314040438216	0.0031414923086244134	6.508741326238798E-6	0.00251986328721239	0.0054770853164951006	0.0017195890501429667	0.0024733064105399855	0.2500891652912989	0.5665588591523326
0.16620342812903371	0.002598784703947629	0.0029451500053448293	6.7851449331579605E-6	0.002455467570568415	0.003965415932377467	0.002050911162734856	0.0036577053025304423	0.24993354646896077	0.5661828055795687
0.16583124109592	0.002490720350769679	0.0030054319507698685	4.904010744946619E-6	0.0023779305333048034	0.004067800189804946	0.002313291915731361	0.003545068028310075	0.25066914189436307	0.5656944700302811
0.16525383326364024	0.0022287737837793503	0.0030965876994780567	5.841169341089247E-6	0.00221197251016432	0.004172223092964875	0.002908713194735915	0.0028298799274434766	0.250997454826612	0.5662947205318406
0.16571063789695095	0.0014100167216624243	0.0030206393383678393	6.630690454492716E-6	0.0023772389525803655	0.004092861737890849	0.0036509537336554126	0.002987304735292698	0.24998736836544422	0.5667563478277007
0.16612151194280567	0.002158641096649719	0.003988841493140605	5.667922186092245E-6	0.0032346228801249516	0.005090413261937751	0.0026999513733173136	0.0025606548863743445	0.24978302253196816	0.5643566726114952
0.16499575293666346	0.00184068829292032	0.005021057319709241	3.3288917945933916E-6	0.0026532597568758587	0.005814492787314468	0.0025570242833622553	0.002764854899092173	0.2504263705474334	0.5639231702848341
0.16400961424859106	0.0017665772809103558	0.004652790548067123	5.607580678884672E-6	0.0029703116683041098	0.006991458017660865	0.0038717344672474924	0.0026796511633512127	0.2498512751469703	0.5632009798782184
0.16334717934550308	0.0018927451160972858	0.0037610323990132227	4.6063576347593616E-6	0.004064969394463033	0.007017905456159476	0.003185818318375347	0.002571791650283553	0.25021385958147657	0.5639400923809935
0.16322692021646656	0.001877121548617619	0.006409835234993569	3.4192713537911645E-6	0.0023130491327928854	0.005868890341589064	0.0012688521991077034	0.00304368892297395	0.25066722346181214	0.5653209996702926
0.1636943114019166	0.0013476763933095576	0.006126645414837886	5.4571104088491085E-6	0.002238410552033346	0.005214884348506435	0.0022761996135475387	0.002990631698993884	0.25060705371610675	0.565498729750339
0.1633025937116716	0.0014711936378266482	0.006127647035268982	5.188751425258542E-6	0.002557420308523975	0.004877059475040288	0.0022678666324199154	0.003008503270313559	0.2508149097471768	0.5655676174303328
0.16177360960556542	0.00443923380443019	0.005334514210404526	5.6596876973208365E-6	0.003983054480416762	0.005955439599775167	0.0023452945664865915	0.004025362385252321	0.2509209681144933	0.5612168635454784
0.161471098246044	0.004923172613947896	0.005484526851273819	3.598903641932605E-6	0.004652952243171499	0.007226114803214639	0.001628858872465097	0.004115914900166287	0.24987318560465033	0.5606205769614244
0.1609761736857842	0.006358108022126552	0.006381477663820259	4.792666055228323E-6	0.004879799485869224	0.006716464607537109	0.0013652981374481787	0.0030542717934940317	0.24961410547896973	0.5606495084588953
0.1609988307229352	0.0034287576805907966	0.006189145207455907	5.6451437059484855E-6	0.004099529682033379	0.006098105893809505	0.0024571326550145017	0.00462047053445698	0.25139459066032377	0.560707791819674
0.16090830664322897	0.0030431216830722613	0.006035838834377125	6.400236471901244E-6	0.005431733588760326	0.00766363839866234	0.0018822687356182394	0.004894972927201632	0.24941075105661265	0.5607229678959945
0.16053778064705176	0.0028632388482219273	0.006228871042027143	4.196059978436861E-6	0.007345925827587349	0.008182542733195755	0.001762398008791105	0.0067672385314090505	0.24958823622420168	0.5567195720775356
0.16067619187975085	0.0032481711294023025	0.006106628259347949	5.9983294366655615E-6	0.006940639605500384	0.007735165643089584	0.0012733788586319766	0.006892939741503942	0.25014994009138547	0.5569709464619508
0.16105865804783626	0.003948518956430974	0.007477704887233233	4.691572868961713E-6	0.00576401426969711	0.006694649495532404	0.00313826792334429	0.006601598703375816	0.24908567736037107	0.5562262187833097
0.15874434190591313	0.005403693191996448	0.006971844885324749	6.088209728818961E-6	0.005103529362063194	0.006716343526682961	0.0037445525983210576	0.0056914696796496606	0.2491312772918849	0.558486859348435
0.1588243769241079	0.002521090482445351	0.007971795259657896	5.043703576165792E-6	0.003871515374941556	0.008576309028792403	0.003802977525489623	0.004624710561682524	0.2504025103230455	0.559399670816261
0.15985419443280735	0.0033010314917724243	0.006185511080137554	6.284888762961294E-6	0.004165193742348375	0.00722243043817232	0.0019053203194370621	0.004472274450134497	0.25137044864450214	0.5615173105119251
0.16077526365199923	0.0037132672739106642	0.00455268567815785	4.319681155481869E-6	0.004613613661083885	0.009756813533095862	0.0013263392853241768	0.0027969711079764564	0.24945880699102846	0.5630019191362678
0.15995003335222757	0.0034038244849563526	0.004173119725669985	4.140250232542719E-6	0.0046673354985152515	0.009549956229079726	0.001282399936829423	0.0036742329835017934	0.24921233687682487	0.5640826206621624
0.1603442370155479	0.0031080004352265628	0.0036610238752458196	6.170925898954516E-6	0.004072344472162731	0.00997641792756987	0.00143891655775015	0.004875184012793035	0.24840948581467037	0.5641082189631345
0.15958312260984575	0.003218540868233019	0.003935724688249681	5.5902337155328E-6	0.004388469042342247	0.010414886087275255	0.0024255256388847485	0.004380585308600457	0.24763009964991745	0.5640174558729357
0.16267412025494415	0.0016669376966977761	0.0037669435148749014	6.53337762344941E-6	0.008509453704401856	0.010775424196589736	0.0021881748737097723	0.004781512015768902	0.2408702062843749	0.5647606940810144
0.16276078079517142	0.002525046552699306	0.004214458695628809	4.119952254050263E-6	0.007392262506420444	0.008575525838842496	0.0016256484483385958	0.005765478879498534	0.24112923956191923	0.5660074387692271
0.16193209881374498	0.0019411667478374944	0.0023398762942843515	4.407227242445022E-6	0.008906746646040645	0.009200245478989899	0.00480134824664398	0.006299941602472062	0.2412436710858774	0.5633304978568666
0.16061491988270238	0.0020794936697528105	0.0015276943062136894	4.6635980468778815E-6	0.008961582334744714	0.009278696790408422	0.005763445238405079	0.008107217387030671	0.24085169686529584	0.5628105899273995
0.16030097112683495	0.0028574326886531137	0.0019820744503093735	4.773174507644029E-6	0.010242064403970255	0.009179863258590173	0.005258021829755363	0.008705930369194745	0.24050415277855947	0.5609647159196248
0.1603538238595642	0.002132609589656456	0.001553779862686247	3.866121417991919E-6	0.010118077401242001	0.009121643912242808	0.004876570759212814	0.009844138961539059	0.24066130025092303	0.5613341892815153
0.1593814113391961	0.001478431940468497	0.0015224300676557473	5.018532599057601E-6	0.010552434038488129	0.009466991093151883	0.006117370303449901	0.009752754737587507	0.24035402340340578	0.5613691345439973
0.16140225108009093	0.003126529780553125	0.001668526139999446	6.989376326135832E-6	0.009020939460835958	0.01092261253683599	0.003985892364030741	0.008848485700942182	0.2413864387393025	0.5596313348210828
0.16176370755904862	0.0019325192781510236	0.0032785044217537584	5.2459537975974024E-6	0.008933050540703064	0.010525473252055051	0.0013486700897920034	0.009082953835553853	0.2408331851482573	0.5622966899208875
0.16113983642697088	0.0022277626322548955	0.003425680191664629	6.702612128220431E-6	0.009081731784102279	0.010146016619601725	0.0014795182017944691	0.009343834837217749	0.2410949568989823	0.5620539597952827
0.161446296861659	0.0019346096939337615	0.002986132006874198	4.937263441737172E-6	0.00894014497858929	0.010496631390131267	0.0019902208753821843	0.009644920080048733	0.24105493153625357	0.561501175313686
0.16154339506405446	0.0015289796866635313	0.0038592319103229883	6.001604655511694E-6	0.00889378068812989	0.009352225253177124	0.0018497970902787292	0.008903992420428483	0.24216021259123155	0.5619023836910576
0.16031839840027623	0.0020340305821237997	0.005103664956726303	5.712920898778839E-6	0.008464035739747175	0.009081221578970108	0.002058322594318082	0.009874976554233111	0.2421007675297447	0.5609588691429617
0.16088784680898788	0.0017528058023363463	0.0035939422089589362	5.2311450897679634E-6	0.008735682892857047	0.009638121877829267	0.0016864672161250316	0.011261380641854099	0.24101243092369268	0.5614260904822689
0.15807519424811395	0.0033306653139374837	0.0029042790072240504	5.624543940194182E-6	0.009065652000474975	0.011282675801523104	0.0013667951441991982	0.012224325758223895	0.24021717868914844	0.5615276094932146
0.15842015410994542	0.004367116335469448	0.0017149791480462612	3.3759010406725354E-6	0.009615847060137309	0.010243900157967126	0.0018695088833218104	0.012283121015370171	0.24054778609007854	0.5609342112986232
0.15722177645947633	0.005011757034423206	0.0013689982707901782	4.86932277943275E-6	0.01007701608115101	0.009945227627030817	0.002251702642388137	0.012679353112061545	0.24022795842188505	0.5612113410280142
0.15750958069112542	0.004714525524110905	0.0015670076119638637	4.634939476458322E-6	0.010171326230420566	0.009601456331134225	0.0030164538461510543	0.012203297061555277	0.24000087173629425	0.5612108460277678
0.1567951046531632	0.00525539277334848	0.0024792637846783178	4.027506781675849E-6	0.010075187945063666	0.009183793758093056	0.003426543957316966	0.013121001929872353	0.2388754962002662	0.560784187491416
0.15909488669148858	0.002643374343030705	0.0013629543208024258	5.49775755355475E-6	0.012190438663601949	0.00861637531111549	0.002855012450839259	0.010429258330973232	0.24003357981070544	0.5627686223198892
0.15825389143704904	0.002081988979178176	0.0031090574192008807	6.2436074176747125E-6	0.012376210351692798	0.01107361236653269	0.002920495197486342	0.009796259296272036	0.23924411353818653	0.5611381278069837
0.1557562371469961	0.002412193840656024	0.0031117609681141495	4.6696486634828505E-6	0.014061882299350889	0.011300636887954574	0.003660191330540033	0.0099190347996167	0.23734586440598215	0.5624275286721258
0.15597468695784433	0.003349011776935182	0.002339913565103227	4.248112493734912E-6	0.013692906690897774	0.011264897398750515	0.002626074962127453	0.009915158185410222	0.2377046191311672	0.5631284832192703
0.15385755160004427	0.003756448844179097	0.001612489140784143	4.6509237832254025E-6	0.014193403230668186	0.011350890575966374	0.005511746671247958	0.00818358924408448	0.2383855915648147	0.5631436382044275
0.15402576486716169	0.003519867261165613	0.0019205666928680115	5.830949371135596E-6	0.014225679976804531	0.011390517114763535	0.0059554545414333	0.008142999567702591	0.23827626433093896	0.5625370546977906
0.1546000489861497	0.004101891057656695	0.0024913078751142154	3.76245858825508E-6	0.01480909342778601	0.012290770640398532	0.0024041012793375033	0.006943333132591531	0.23904209009752686	0.5633136010448505
0.15692736684607161	0.0016851406460073465	0.0016991262096093668	3.7934943566686474E-6	0.013546198105132384	0.011389994419256116	0.003169121117245391	0.005845025932109366	0.2406830941800342	0.5650511390501775
0.15806788902243984	0.002043001989323126	0.004252321288568478	3.752766726219936E-6	0.015156647014171229	0.011140792112030576	0.004882800561791745	0.003838190650963247	0.23556489711992962	0.5650497074740558
0.15960290759935752	0.002379462184149403	0.003826273825365392	4.739687534296988E-6	0.015863818263430904	0.00778913623023704	0.0056036409906742995	0.003762408954900362	0.2378030342571852	0.5633645780071656
0.157228229428662	0.005709551239770724	0.005686843998997743	5.753211617096077E-6	0.017521942742763794	0.006662859676026298	0.006104419466129565	0.0032856467993518518	0.23841352115600722	0.5593812322806736
0.15756463094285172	0.005347463768153024	0.005991683848150395	4.899613682482484E-6	0.017229427110837567	0.006730958460004918	0.005156912840146646	0.0033779304671751748	0.23858953552250534	0.5600065574264927
0.1581362005933945	0.006367962704062299	0.005181241060973965	3.4985885463273414E-6	0.01777635801944573	0.0058200023427792125	0.005277263566924012	0.00419116233604111	0.2383461585929026	0.5589001521949302
0.15760906847024764	0.006573265090087113	0.004911598663217456	5.0073382146936796E-6	0.018665683391336632	0.005681466180620001	0.005157959815721078	0.004734179210275802	0.23721889803422008	0.5594428738060594
0.15883814622649312	0.0045199288574545304	0.005020068510232553	6.83886523943078E-6	0.019022647417380495	0.005257574064585019	0.0050041763962371255	0.003976063407484756	0.23708928068493268	0.5612652755699603
0.15922841322366166	0.0033523806269366435	0.004875419096185288	4.739687788954394E-6	0.019382770274504205	0.004282286803326152	0.006724932856775209	0.0033486034339016563	0.23807118234236346	0.5607292716545567
0.15802179993784826	0.003304092620054988	0.004923929127794463	5.881306849628287E-6	0.018940399379038478	0.00438654167700174	0.007275877753877197	0.0030960833879249555	0.2377390259646982	0.562306368844912
0.1587957537247942	0.0022029568165538443	0.004731295309643682	7.075513530227506E-6	0.019951687317110653	0.004370429503828224	0.007518376952936126	0.002722092517664379	0.23744558556326428	0.5622547467806743
0.15863717118866788	0.0030606102873388247	0.004406159118572242	5.827516562736945E-6	0.019334447868380192	0.004565459891227766	0.007726642145629931	0.0022285656103667034	0.23780751495517666	0.5622276014180769
0.15895236787649547	0.003745574239541541	0.003992609100041664	6.055792738809962E-6	0.01771621787232293	0.00420792452662129	0.009773639117301572	0.0033777742978366027	0.24004486500268896	0.558182972174411
0.16055812437424066	0.002708828945796951	0.006766592917562861	6.576033303215545E-6	0.016438918845119915	0.00464631720128178	0.009434851480553896	0.002559027115505999	0.23996204927638676	0.5569187138102478
0.15787380073203267	0.004062668833605329	0.00204093336295523	4.089133176496396E-6	0.013522816207884245	0.0046281284395688765	0.008371922909962512	0.003681142941138499	0.24570490039938425	0.5601095970402918
0.15901360735775838	0.006647820192398499	0.002072602131506243	3.5642802855700983E-6	0.01283781472847241	0.004662090598743632	0.008204848044152557	0.00476077541738433	0.24427647531411678	0.5575204019351815
0.1595857597289071	0.006195026350728841	0.0022476545326021724	6.864033051168228E-6	0.014692776163924962	0.0056153150730915286	0.009729435855088245	0.0034825989600003604	0.24290649175046197	0.5555380775521436
0.1552713966847783	0.009173451324188397	0.006939299632668275	4.859266475407131E-6	0.01450226523292275	0.006855034491852791	0.007353374837666654	0.0034280275667731147	0.2422993526961852	0.5541729382664891
0.15602413691681005	0.008862323325208005	0.006704371514051191	6.6070869529227805E-6	0.01345721322953608	0.007001046314637299	0.008095680475547817	0.004221678677194002	0.24093152921537475	0.5546954132446877
0.15692971427715857	0.013923978599882342	0.0038551327403576335	7.274094511747209E-6	0.007785871772588299	0.009069014287816715	0.009589156587832867	0.004663273564365064	0.2429614176009836	0.5512151664745032
0.15749279943875005	0.007210183564234793	0.005583174573958002	4.332698302925153E-6	0.003734153590644676	0.012769256190616085	0.00775691771615325	0.008515849962055955	0.24236594361446567	0.5545673886508184
0.1582180604362054	0.007568836516340757	0.00661942886728957	5.3986968276964475E-6	0.004130860760623092	0.012845550635570288	0.006378091976151426	0.00817292026998935	0.24212632374422893	0.5539345280967733
0.15796190084956657	0.009852714865748124	0.005026930061409071	3.959555773563883E-6	0.002116653749804409	0.012786896743479603	0.00630380655890754	0.007092289917442776	0.24157911212484923	0.5572757355730191
0.1568214785523211	0.01103760435792199	0.004023525893829247	7.194224623266465E-6	0.0023907438461373137	0.012065472970541682	0.004585443757904692	0.008573316107302317	0.24165980001682236	0.5588354202725959
0.15938961137692642	0.010657555323099699	0.0015828172025399573	6.33503817649983E-6	0.003747031537256945	0.011508866379489835	0.004983653441925015	0.007438427681416893	0.24202458115296832	0.5586611208662002
0.1628776803884432	0.011560722279811433	0.001955909138708564	4.105372229376569E-6	0.0043163048675912	0.010509306813112754	0.004325071604809896	0.006491386565878179	0.241761471484085	0.5561980414853303
0.16489739186077662	0.013196408382999639	0.002802306408336716	5.937910086614706E-6	0.002137783878454022	0.010205757075890484	0.004772331088155557	0.007610615089835168	0.24194319714978502	0.5524282711556799
0.16364863276848157	0.014768700156693335	0.005815052198972451	4.857308866082488E-6	0.0024777115041516723	0.00786895386702223	0.007630537707278132	0.007069461123308612	0.24281162624943237	0.5479044671157934
0.1643912710110209	0.014731701733239164	0.0064057777839495594	7.1840064541500714E-6	0.0022990713769801413	0.007225750382818016	0.007553870984766883	0.005533655982995003	0.24318998406589964	0.5486617326718765
0.15789082983135233	0.013870149225937156	0.015691154637869312	4.631394289925095E-6	0.012702400372956293	0.01015689373591215	0.004620674510404307	0.0074101236472902815	0.2374123583802698	0.5402407842637182
0.1570228308478795	0.014012334269350266	0.014640763426884251	5.559054481504844E-6	0.011749972092827118	0.010387972169524876	0.005073978754296618	0.00810638370491644	0.23812952361648876	0.5408706820633505
0.15695608684655626	0.014444628960384079	0.014709377743308202	5.173871089017568E-6	0.01085125901675811	0.010521316204551753	0.004779188727352987	0.00829262794819939	0.2380102758300629	0.5414300648517372
0.15817185841422637	0.014815657269468749	0.01367574737113976	3.700987531704558E-6	0.010276931410473575	0.008764890936406852	0.003259756046073356	0.005790412110324508	0.2416216490545111	0.5436193963998439
0.16105128447691036	0.014540108386941447	0.01124738480906129	5.4934916907112274E-6	0.012214343213077614	0.013250723533487135	0.0044927101168729805	0.0033403254974314484	0.23728173561215998	0.542575890862367
0.15279939265844344	0.0022004574557573237	0.012415406753516905	6.465038397504563E-6	0.00832362607153142	0.00911371725698909	0.008650996549230835	0.008995100659852442	0.2384934793090852	0.5590013582471957
0.15544980066553993	0.004115775579948203	0.012459535605773162	5.026647205683132E-6	0.010042696989168029	0.008264837248478	0.008273729187651582	0.007755542886756103	0.23494442095324947	0.5586886342362298
0.15465893061884706	0.0051845125447520235	0.014217209556160876	6.474513873186427E-6	0.009350227455705573	0.006281651841061858	0.010049272763691844	0.006890015935416369	0.2351933794954521	0.558168325275039
0.15495156912591168	0.007622949630807244	0.01037877715895183	6.9053708960237214E-6	0.007636614263547933	0.005330801138270239	0.008764213372990562	0.009535499392875915	0.23447869805381427	0.561293972491934
0.154939212782487	0.008189576055596406	0.009505076074073374	4.206554797478446E-6	0.00812907004526943	0.0046724048385553	0.008052438850077837	0.008463276131916816	0.2360544809419758	0.5619902577252505
0.15908299812775067	0.021837008602077976	0.003189888480508482	6.447279173940612E-6	0.014988771195587197	0.006719186538829705	0.00605842610338736	0.004075304714298275	0.23601304815412893	0.5480289208042574
0.15968906998823312	0.02168756672073331	0.0030605426717288803	5.108279351156986E-6	0.01572294199445741	0.00671524025775487	0.005399340538822489	0.004080495603276682	0.23502524162537214	0.54861445232027
0.16126427647746033	0.02277913718535529	0.003730014161501885	4.87414535671471E-6	0.01586470209249087	0.007158277659578327	0.0038470360643928503	0.0035321350603063073	0.23540798518634615	0.5464115619672112
0.16076510908665692	0.023584125391970592	0.004158691279742374	4.590560121017773E-6	0.01492304819572414	0.008290371219991197	0.002989550749270334	0.005755562476495002	0.23400025102860506	0.5455287000114233
0.16169049092308913	0.023271489933256354	0.005121689616747388	4.92436659101092E-6	0.015592255451586393	0.006338306578245856	0.0021248989783680255	0.004763656977580202	0.23475118078103346	0.5463411063935021
0.16200855618947013	0.024832736911174283	0.0047538534844007024	7.2843828532037636E-6	0.01541554334626348	0.006754237994751139	0.0015384981861162605	0.003561670470475939	0.23479950609301342	0.5463281129414814
0.1611143100017733	0.023226426458508018	0.0022647869575252305	6.015074597562342E-6	0.01283455476512431	0.011253751500167039	0.0022800526635185087	0.003694889996135056	0.2360985363289257	0.5472266762537251
0.16309697280611485	0.02271426188905941	0.002796905174802064	6.327518404097843E-6	0.013444507327415284	0.009898885153866152	0.001957634562783167	0.003647960995242533	0.23524364105246448	0.5471929035198477
0.1637179778783921	0.02201301379442068	0.0038148503842365816	4.696065004930472E-6	0.012223009635754498	0.00989531875278181	0.0014934488664595097	0.002982608731971939	0.23643470985349707	0.5474203660374808
0.16348703278712529	0.021657613436052894	0.005296779077976682	6.532542323828272E-6	0.012325364796806293	0.00971173362925154	0.0017358703236190487	0.003650664237774784	0.2370487263378731	0.5450796828311963
0.16499435567250492	0.019690457439603085	0.005266366304220768	3.5787192250030797E-6	0.013021661643447521	0.01048829973300043	0.001538416011632085	0.003788327977829145	0.23652050203001557	0.5446880344685214
0.1635549760869648	0.017748546406215523	0.00857445164251626	3.4844700838587706E-6	0.011488092026827254	0.010778830791835683	0.006120519740953942	0.004166142167699283	0.23506156539738765	0.5425033912695156
0.16387450276272886	0.01821906388771187	0.008629442396803091	6.981470867764572E-6	0.011846229269403805	0.01044994548342533	0.006110489150758278	0.003786527749229926	0.2347442883778174	0.5423325294512535
0.16151782976753704	0.01703894033984915	0.007639997957351735	3.995573360407456E-6	0.01260491966187012	0.010963626724094969	0.0042929956736283	0.004566828528222669	0.2371759840231798	0.5441948817509058
0.16297723534649455	0.01584268271880955	0.007597285956453412	6.018182324971089E-6	0.01201674960557668	0.01077881101599494	0.004424324781262992	0.005370853591567679	0.23757300284823973	0.5434130359532753
0.16363707161871072	0.015881404799085647	0.005783712663091398	4.589308180147356E-6	0.012089896255001148	0.0104873547232356	0.005029640898960561	0.006547659863996316	0.23646953927444792	0.5440691305952904
0.16585154354994125	0.010627344124831198	0.00846328196102665	4.945857670982101E-6	0.01563994076137691	0.007662168682345996	0.004906304495704741	0.0023883241298697927	0.24320623152435422	0.5412499149128781
0.16317640615826762	0.011479296230968841	0.007727653814655414	5.9690208570467584E-6	0.015655821346616264	0.007831829529475628	0.005113681899749992	0.0035126594642796855	0.24337152082688723	0.5421251617082422
0.16374058789233564	0.010384580240401259	0.003988668593224512	3.8521138056996085E-6	0.016925154229158065	0.009387362149254452	0.007088203860144804	0.0035306021639886637	0.24097202148448982	0.5439789672731971
0.16290864637442315	0.010887712149714804	0.00418127365983352	4.956070038447669E-6	0.016596637938296646	0.008724079399502732	0.00692006139720007	0.003793875279267847	0.24120282586719938	0.5447799318645233
0.16269481859214308	0.012625392304314045	0.002157925107832956	5.219955908838947E-6	0.01594746594487194	0.011012158870809183	0.008737896366172518	0.004098591258437187	0.23962743094762412	0.543093100651886
0.16450048613933826	0.011742393276469573	0.0023260383569162074	3.615383559057994E-6	0.015752342054290727	0.00940957333112942	0.007475448570363821	0.003850077675811886	0.24088636635547273	0.5440536588566482
0.16361103308375724	0.014067372843666229	0.0020250995049721915	3.852122048911277E-6	0.015482677978465378	0.009618160066057993	0.007035213702796181	0.004538281286159088	0.2405564977833322	0.5430618116287445
0.16534636176777467	0.014515804751917202	0.0018645822563848197	3.7912923977062585E-6	0.01555527229786284	0.010706039972522258	0.006292215159867845	0.004108051070505367	0.2401173395231354	0.5414905419076318
0.163981294507826	0.01153609192128624	0.0034754224574775755	5.3698297516197036E-6	0.013867242615596756	0.005373897272448136	0.013916133940852046	0.004656220402102659	0.24209610896174727	0.5410922180909116
0.16338902142703582	0.011195731987085275	0.0020968317583984625	3.7543997073313795E-6	0.012388070641158558	0.006769796894840918	0.013867072039049105	0.005505504732526381	0.2415819889170796	0.5432022272031184
0.162894117891483	0.010769908350711802	0.0017347199822476678	5.097312860302683E-6	0.0135252775979572	0.007276011828862866	0.013243868969890243	0.006407825746815574	0.2415187883956494	0.5426243839235219
0.16142369474523915	0.00882923412700122	0.0033288016699114936	4.5021630676739255E-6	0.014005293756463463	0.008182678463279733	0.01296488915512091	0.00773754061879682	0.24202982522182254	0.5414935400792968
0.16044390635721972	0.010805987627875616	0.001555555310216658	3.971455444520822E-6	0.017838583085394197	0.006454432342584124	0.012254684236221627	0.006918461193594447	0.24308119009169826	0.5406432282997508
0.1600691962288891	0.010456614809689402	0.002154473542556018	5.7292815329179625E-6	0.017907158212789626	0.006066926771226902	0.011959847736380522	0.009828293294774054	0.2429283749322001	0.5386233851899613
0.16139515340058763	0.009261596409295733	0.0028493275985257277	7.024715942868798E-6	0.015109767602929522	0.005149438113876373	0.011150909259559874	0.011453800410229323	0.24405253853556097	0.5395704439534919
0.16138672134897963	0.009667057763368056	0.0014616436364565805	5.328641092108843E-6	0.015520363728260558	0.005804666466162164	0.010129006999428605	0.011475606318095952	0.24415205467996437	0.5403975504181919
0.16060289756719293	0.009688329667547999	0.00403475492498491	4.930928399718426E-6	0.013998395475533096	0.005649966257205777	0.009793352487969906	0.010741858366677695	0.24468853545581581	0.5407969788686721
0.16161573354661674	0.008597271251870098	0.004834627847952883	5.095265039362085E-6	0.01670087824730812	0.007130794962431478	0.007510426898036715	0.012817815838742586	0.24348907373975442	0.5372982824022474
0.16101922968055338	0.00909721654054961	0.007302695198832518	5.661150660099534E-6	0.013543656635165852	0.006443111359575662	0.0068268550138478185	0.011746554374374482	0.2442621732182449	0.5397528468281956
0.16074415086881488	0.010144059953238901	0.0076226701903686495	5.3543880575296354E-6	0.013403086624503902	0.004858854724979753	0.006319918104329539	0.011645447753530228	0.24430358402142643	0.5409528733707502
0.1605661142465104	0.0073911948744372485	0.008929588830974403	6.785588450866631E-6	0.014177815502463012	0.004018939099499061	0.005675894161271233	0.011506859351554946	0.24803124438712104	0.5396955639577177
0.16056603472672693	0.006935469337508771	0.008393339778353631	7.18245427387687E-6	0.014943785594548495	0.00507194925539807	0.005053521405025893	0.010457211620414436	0.24846484610461034	0.5401066597231394
0.15951490602921548	0.008616538767619544	0.010043690928725271	4.033649172105469E-6	0.013956076552100447	0.0059162957006988065	0.006158911626773275	0.008679184467213025	0.24778465820451584	0.5393257040739661
0.1619510302589643	0.005030025706762878	0.009726005101187568	6.65499973447059E-6	0.012095712292765196	0.008508301337879373	0.003755816859491154	0.012715961614377241	0.2497618384919585	0.5364486533368793
0.16168700172496736	0.0054610743956376995	0.007988177635674165	3.5923168601043054E-6	0.01296435139146293	0.009346205636017235	0.0033175165196757533	0.012621135094894417	0.24936722783215304	0.5372437174526573
0.16089328576000306	0.004957644029436936	0.008436686208707203	5.874034108260817E-6	0.012985496549433442	0.011258058267246365	0.0026459915878683515	0.013183059608896944	0.24866362957288335	0.5369702743814161
0.16243437232354108	0.003685652682391169	0.004673807000622074	4.858305214947012E-6	0.013370032973217968	0.01046692465692324	0.002953874777466267	0.0157632377794419	0.2502505784568055	0.5363966610443758
0.16214793874499123	0.0027552704044219722	0.005584719920974049	3.529895997625432E-6	0.013167063414305166	0.009952501428939983	0.0027084798230913587	0.016122850986087928	0.25115330931249275	0.5364043360686979
0.16080903437420396	0.002956249897468219	0.006353941437559976	4.386387386492996E-6	0.012899264905544924	0.009472165941438598	0.0037869526307474227	0.015477739423667744	0.25020428567685343	0.5380359793251291
0.16151182949222387	0.004775317704119306	0.006865943398902147	5.689210723192062E-6	0.013041255998042858	0.013966163301710258	0.003218689843797015	0.010899791982074594	0.24591869558764068	0.5397966234807658
0.1621127977350018	0.0031236144446421255	0.005197213457549782	5.986932406470968E-6	0.014687211574399242	0.01631545333681926	0.008918001658190525	0.0031496621819824128	0.2468454696355855	0.5396445890434228
0.1622777210126855	0.003844088516190655	0.004573283600989589	5.544719120245678E-6	0.015063872621999472	0.016662889143981133	0.008895316895451741	0.003022589082394736	0.24633366730231976	0.539321027104867
0.17389489006770686	0.003537685640762775	0.002697448763112578	4.174898652939407E-6	0.014290879965726047	0.009472624430883161	0.005672844747393893	0.00420954971460534	0.24677375088845743	0.539446150882699
0.17217641938905676	0.0030363414443902587	0.002389034889360972	3.7116365417949604E-6	0.014908482114372415	0.008262091460982016	0.005956529992469831	0.005173837789899535	0.24832878091776428	0.539764770365162
0.17509195905914882	0.001984240181401545	0.004368865872561897	5.946708053969352E-6	0.01257669312223779	0.008685179661399797	0.007093824043767669	0.004891511063623191	0.24574075812104318	0.539561022166762
0.17531843583208567	0.0015842081069968456	0.004421064495887014	7.056743561648093E-6	0.01304271969618262	0.009707305822104911	0.006938866038756875	0.0036532470159961333	0.2467500122932184	0.5385770839552098
0.17548798352736977	0.001382672186365369	0.004311878470122765	6.1676502299823355E-6	0.012804468643433986	0.009824814206229618	0.007112331723981347	0.003371033962059705	0.24696156703706496	0.5387370825931425
0.1750541155605867	0.001448328049365441	0.005563026330873258	4.8909490088094865E-6	0.012190939586726998	0.008701070623898063	0.006150911570457537	0.003697519613729175	0.24879086039614673	0.5383983373192073
0.1744740752873582	0.002269875367967522	0.006134571390701116	6.688383736352943E-6	0.012415377719600051	0.008865863973037458	0.005820678754494171	0.0038750420830494375	0.24892469621005603	0.5372131308299996
0.17312064143206923	0.004297578060513271	0.006510821593032595	5.109612303169642E-6	0.01118110059734466	0.007840606419325755	0.00614253521911981	0.004792340565971984	0.2493944492479031	0.5367148172524163
0.17174916976919136	0.005171652970920551	0.006763007498268872	4.017271950776391E-6	0.007418667868843695	0.008777525901295116	0.00730179457799264	0.006493077019776708	0.24616335348617674	0.5401577336355834
0.17269860611003496	0.003918497341768121	0.005484263290598049	4.056372658892138E-6	0.007150011392318231	0.008342933491172502	0.008846528272720769	0.007427170974347974	0.24610224373034306	0.5400256890240375
0.1731543832298783	0.003991303637620472	0.005710450168723777	6.6563570122052385E-6	0.007387418184321301	0.009061326272053319	0.009014257588879124	0.00576540166303631	0.24540568633860066	0.5405031165598744
0.17266248094555658	0.008090854069382522	0.007594379786527564	5.042775575267444E-6	0.004296318207989799	0.004582310727282948	0.0070659196966601084	0.009549246382046697	0.24867113405396252	0.5374823133550158
0.17135917219485114	0.010373112632131865	0.007242195877311966	4.451416643833084E-6	0.005421308141897632	0.0048247025045675546	0.009259965538623335	0.0044161504319216865	0.25087425177006384	0.536224689491987
0.17305374077271568	0.0077556947494905465	0.004565343664876861	4.0730775905661876E-6	0.006240310138400915	0.006720756385895463	0.009348117632571415	0.00428735360816461	0.25121155256008876	0.5368130574102051
0.17112040516001348	0.011337580890577112	0.008032110612369733	3.490325189606236E-6	0.006908166353122178	0.009717010035697735	0.0029585774445507473	0.004221185643787623	0.24957937628803395	0.5361220972466577
0.17228854233542734	0.013126503094979494	0.008083448829740283	7.3060213061221235E-6	0.004948728970769714	0.009918667868898931	0.0014216002020528556	0.0049773725082913195	0.24806659117829172	0.537161238990242
0.17273193448478086	0.012288210172457056	0.007125916256984791	5.108066351691698E-6	0.006346134929180555	0.009729787671983361	0.0019174694647467322	0.004293412585621728	0.2483750570040295	0.5371869693638636
0.16518540800488868	0.003628577351353343	0.006180084296521504	4.517076305624035E-6	0.008842370785811626	0.01791457925105905	0.008553594778383786	0.015956926608113528	0.23218326535177503	0.5415506764957878
0.16400669120536487	0.004438371578022612	0.006452849766982446	4.343511853979742E-6	0.006190979057139376	0.01929943101805069	0.010031692306210899	0.017347369562804874	0.2321797985236318	0.5400484734699383
0.16413651269673252	0.00430794727811018	0.0073285222735267885	3.460777855096575E-6	0.006210724243989427	0.01808354903188776	0.009084760947502643	0.017099285346634588	0.23327319782406641	0.5404720395796944
0.16335130062197029	0.005997148206515465	0.00780118947322983	4.17131957693162E-6	0.006803271718870393	0.01822377696341508	0.008716400073534511	0.0178102868839239	0.23273384104086015	0.5385586136981033
0.16156793224240107	0.006049536806939829	0.004444108257833507	5.590771641403314E-6	0.00447878450935954	0.019710381441032335	0.011071413085211104	0.01696426595234507	0.2349212352235982	0.5407867517096377
0.16044441749703459	0.0047823690319168805	0.0032347122278675727	3.96752995836247E-6	0.003992984842978262	0.020136474933605555	0.012372774696442976	0.017013762307090854	0.23526281768792112	0.5427557192451837
0.16072386290699447	0.002059304665396569	0.0031082920122581376	6.573979132909469E-6	0.004663876653202378	0.02041773812352389	0.012562181006517056	0.017500379297164095	0.23494271358362534	0.5440150777721852
0.16050404041556143	0.0022733605390116013	0.002869774425526536	4.360830253458126E-6	0.005011913362876347	0.023075010988496028	0.012765734482999516	0.014349085886762883	0.2343027028808119	0.5448440161877001
0.15983084496591288	0.0021572974199060985	0.004932060376877226	6.556650962566413E-6	0.003818826978897835	0.023745548267474118	0.012506792741203934	0.013831747474953374	0.2338813968633402	0.5452889282604715
0.16016642128463848	0.0019529519643749077	0.007134232032725868	4.101805339565279E-6	0.003241911100361969	0.023265011356031998	0.012361017085282783	0.013707213930562914	0.23413512221721483	0.5440320172234665
0.15875253787116023	0.0025490400148876075	0.00852468861722247	4.6969596520368695E-6	0.0036002797892948496	0.02268052926884534	0.011497116282254818	0.013266421088339822	0.23437322772560237	0.5447514623827404
0.15832530567520814	0.0020183463135468177	0.00956653093365921	6.744986133719322E-6	0.0032337862537895473	0.02190748655879031	0.010178066699645952	0.014098824110401684	0.23416191171460005	0.5465029967542245
0.15875734677276138	0.0030730355231438217	0.008718574867591797	3.939446399800484E-6	0.0037986394224363423	0.02232685423786325	0.010326810539817086	0.01307847931926713	0.23453382428080882	0.5453824955899105
0.15780533018211113	0.001903855314074207	0.008293120079342603	5.42985107655769E-6	0.0053751629120427635	0.02323966129337314	0.009471841412150864	0.012161149141098115	0.2353114782491344	0.5464329715655961
0.15762532652945133	0.002076916968944048	0.005814646222468134	6.639384766055079E-6	0.006191708776612834	0.023865650648854972	0.008438971217741773	0.013352920336423588	0.23501241125449096	0.5476148086602461
0.15462723606086504	0.0034712748754595207	0.006391600136388842	5.102395496017764E-6	0.007438973199511631	0.020572966545238353	0.009069535717523405	0.01587929015237309	0.23442654862616075	0.5481174722909833
0.1540487961126088	0.003491380855680057	0.008386698087034392	6.225656056804696E-6	0.006731005496494705	0.020120042050921896	0.01032407817118243	0.016256794386768483	0.23360505819345606	0.5470299209897962
0.1552560051110765	0.0028149524945866172	0.010232273272532025	4.098451770392919E-6	0.00813417650107627	0.01844513632334975	0.011018451293231687	0.013335814713648128	0.2325856246179681	0.5481734672207604
0.15554301181176944	0.00227475211009244	0.010853909824158306	5.791291931803166E-6	0.008461829686126146	0.01731574090518491	0.010690592642338556	0.01430402043114011	0.23278647989054096	0.5477638714067172
0.1564363845834556	0.001619700586111758	0.01216035698490843	4.695299069254477E-6	0.009853592021025995	0.017185562758482903	0.01020895041688119	0.01314849567627105	0.23287757757926986	0.5465046840945238
0.1577974257458577	0.005190882279769313	0.009621176915226418	3.8439967453146595E-6	0.004365515620403715	0.019652996022613972	0.009386621293010766	0.01734705103935473	0.2297565795102653	0.5468779075767527
0.15636834531227023	0.00593787655863641	0.011221603623646728	5.88469646238543E-6	0.0040602488200796455	0.018561337596420854	0.00890635015740153	0.01681921043363889	0.23118985144386844	0.5469292913575747
0.1567077714136741	0.005536888347495564	0.010998834670104637	4.16780376956416E-6	0.0035250266221991816	0.02057557770166521	0.010554117289436102	0.01550783798097212	0.2300992282112338	0.5464905499594497
0.15689280938882338	0.002317345933369505	0.012864263857401678	3.8119652421425565E-6	0.0066763725018256365	0.019302833478372097	0.011009899110579771	0.014150809779844079	0.23169275606026735	0.5450890979242742
0.1571472564222301	0.0017103727947086755	0.012872291605093997	6.7408109640648695E-6	0.007374341016875549	0.018985036352283477	0.011108771516085317	0.014377308432475033	0.2317505858183	0.5446672952309836
0.1572389229858716	0.0021294104828454424	0.012830290000604774	5.866036909260575E-6	0.007558789482755443	0.018875906909403134	0.011001563331649741	0.014339362884579432	0.2317015642111928	0.5443183236741883
