0.007515243004379987	0.015030432237388522	0.04391126718432342	0.20424483373870211	0.02346971177347626	0.053544612227597654	0.07983676446392136	0.29367310947096864	0.27876902709489376	4.998804348246844E-6
0.00791058886278971	0.01505518021574992	0.04365921247460319	0.2031919640109231	0.023058744214640145	0.053672819566226646	0.08043620631959268	0.2941788849896429	0.27883183887123003	4.560474601691955E-6
0.008680524857535926	0.01567232462452063	0.04437239737358174	0.20199304125518497	0.023804319081543138	0.05386094967213999	0.07995091627859154	0.2929924437257239	0.27866550458455347	7.578546624767424E-6
0.007555385154746769	0.015810524584862193	0.04340661490685603	0.2027484304231886	0.02546007691038056	0.05301619340488532	0.07976701741093623	0.2929943597726986	0.2792330486083654	8.348823080414625E-6
0.007406014798628083	0.01560732585672911	0.04520833789743963	0.20132980898629443	0.02504031991284998	0.05356942531694577	0.08068042108389528	0.2931754927554014	0.27797750681237715	5.34657943916661E-6
0.007973282602121864	0.01728734625876728	0.045295492827643904	0.20074683265741744	0.023986281225957584	0.054387282521545545	0.08018736789574879	0.2934583038327604	0.27666872251025837	9.087667778864827E-6
0.008631605728463984	0.019349804959338787	0.04504849988123826	0.200341057128397	0.023224288595552478	0.05376617223344324	0.08009150485984695	0.29324526756824154	0.27629810455319403	3.6944922837539584E-6
0.007867950569235685	0.019329417266531423	0.04422754957703662	0.1997162687774129	0.024329242858573505	0.05518966737287735	0.08110745182210707	0.2931306696248418	0.2750931968872779	8.585244105782652E-6
0.007617585242932143	0.018273475386493668	0.04387000420221063	0.1986100903362536	0.02489633471671636	0.056238449334830375	0.08072871206610742	0.2934218429021325	0.2763358147554234	7.691056899947202E-6
0.008950688779016058	0.01681258268949533	0.043521896806138806	0.19920660596570583	0.023846324571852665	0.05490490599782078	0.0805585341099653	0.29304448284588164	0.279149555275833	4.422958290603574E-6
0.009295752210077543	0.01670499287556322	0.044469211800544375	0.19990577259565678	0.02518690432762881	0.053033301560359694	0.08157967650328159	0.29128588646992204	0.27853130322283676	7.198434129149223E-6
0.011340633955828863	0.017190891822341195	0.04549521705742531	0.1980701510286466	0.025162550459925395	0.055320024777678084	0.07992275072082436	0.2911439115704381	0.27634620110917657	7.667497715510563E-6
0.011502510859713502	0.01620875199266608	0.0449146410827796	0.19702220381517	0.02394497902527415	0.05424540205772176	0.0821289560039164	0.2931414272005019	0.2768830193858425	8.10857641413143E-6
0.013878907578010788	0.015267802129650399	0.044974118321381706	0.19709283245461293	0.025064399907490015	0.05492356824627884	0.08043841808222496	0.2916305841035804	0.27672237367145686	6.9955053132453315E-6
0.013462588134383238	0.018286371246800187	0.045309535569242027	0.19600070364346384	0.02663575618429448	0.0533804453787881	0.07987271081755445	0.2939581094820244	0.27308641695078634	7.362592662998879E-6
0.014605946704645795	0.01917386427371258	0.04386817176693924	0.19570294891464363	0.02599404425965038	0.0531651172567364	0.0803758076422598	0.2941138298069155	0.27299294050270856	7.328871788156444E-6
0.01454174423026669	0.01837497565504112	0.043561572775783354	0.19498949219241085	0.02601638224261779	0.054111019394993014	0.07973761143315658	0.2942453523731416	0.274415495152447	6.3545501420014805E-6
0.013892050961355068	0.0184701099475177	0.043883851181494946	0.19552404299244114	0.025844959414874066	0.054138255858293065	0.07993246209327873	0.29424902163600264	0.27406159471829294	3.6511964497526472E-6
0.014730693449351337	0.01979909275491354	0.044983019390376175	0.19355243878616613	0.02644772168175724	0.056579185956168856	0.08040335469130025	0.29111141451268124	0.2723876555165299	5.423260755380022E-6
0.012372881934153368	0.01813472103161469	0.045035534966329525	0.19453930255748186	0.028023025983941116	0.05469319847115575	0.08615979337036714	0.2885409790228145	0.2724973184990378	3.244163104251796E-6
0.011413602657678643	0.018479375444990592	0.04430345642420105	0.19487042876328128	0.029878613488851943	0.054152603625911434	0.0863094726666634	0.28816199683968313	0.2724225365414787	7.91354725986071E-6
0.01152032609190616	0.01975155278928309	0.04371482196989068	0.19407408596074305	0.029845797117972583	0.0550479326428137	0.08628355446147506	0.2882333885755324	0.2715252478777862	3.292512597133368E-6
0.0072158595985575	0.01824320078527658	0.0487096600143282	0.19293611051032802	0.031614000131021724	0.05452875893352007	0.0808634529565304	0.2880753048402362	0.277804967449326	8.684780875373166E-6
0.007213869594938707	0.018806853917715333	0.04706148842407117	0.19418428144397923	0.03185706836705589	0.05342263664761899	0.08056866892142614	0.2889608301560516	0.2779162745825822	8.027944560798361E-6
0.007278597603044126	0.019076546866157673	0.04699572656648329	0.19398011146076177	0.03214415001997302	0.05308329390379443	0.08074619684845322	0.28894427956817487	0.2777468032493352	4.293913822422946E-6
0.007579953604839151	0.019343391764235787	0.04786793551042614	0.19427711656403002	0.032279922092486826	0.053515474837259845	0.08001521681803635	0.2875769830067702	0.27754037536784903	3.6304340666620805E-6
0.008071406718657886	0.01858542384582665	0.04915513291187814	0.1925908668673828	0.03186731711774911	0.0547346667649122	0.080429331703995	0.2884850863161689	0.2760759765344387	4.791218990635171E-6
0.008588844523070974	0.017170603390269074	0.04837522097064263	0.1921045602462315	0.03250538032090568	0.054761280041986674	0.08303732956127013	0.287677554164589	0.2757736370995856	5.589681448814332E-6
0.008211065408926521	0.016998117887588454	0.048027493042351425	0.19220922885148292	0.03376335014769964	0.05570365288967346	0.08081776427526129	0.28849016146642287	0.275773711659143	5.454371450469564E-6
0.0083561804467404	0.016429968513745355	0.04910830141262701	0.19124793817382002	0.03500231070396034	0.05556899623502683	0.08267026695880937	0.2874836506736048	0.2741235693368016	8.817544864328508E-6
0.008497881199063279	0.015915442332694874	0.049285783017259714	0.19018499389389426	0.036133221554112735	0.05593193014125498	0.08182337424845235	0.28797747002207164	0.2742428706590831	7.032932113140711E-6
0.012459648293492956	0.015386495067946912	0.047890574593714506	0.18666377051496663	0.032517139372604115	0.056399853016140374	0.08277928511975621	0.28656675202458504	0.2793307888911834	5.6931056099246424E-6
0.011656056370439385	0.01670422277420286	0.04768270784207228	0.18560922363359772	0.03223082964619153	0.055166348566653145	0.08326658458157639	0.2887806927735504	0.27889992979525713	3.4040164592491484E-6
0.011786750457132553	0.01587390927907968	0.04842801001987907	0.18495618754320448	0.03165477944386029	0.05652899476124793	0.08425335989875235	0.2872582987543295	0.2792537482168056	5.961625708580942E-6
0.010211948033240284	0.017303341851275245	0.05016485463092912	0.18171920877029116	0.03919726464141131	0.057666488568108756	0.08088333750076585	0.28665716557484305	0.27618817064815343	8.219780981852387E-6
0.010492550840413978	0.018028844557111234	0.04913276577776256	0.18295093153283204	0.039873088799084605	0.05819419942137058	0.08085622609554965	0.28602142320472856	0.27444622491988546	3.7448512613807994E-6
0.008952008073347548	0.017866795589689843	0.05066954755489538	0.18588182430060118	0.036860202492361355	0.057444000862229457	0.08084935384916506	0.28621862633572986	0.2752530984759695	4.542466010851176E-6
0.008406224837328113	0.0166633824570752	0.05051135527563603	0.18437072833056734	0.03320478208780167	0.05880196404665135	0.08197822730255358	0.28976331459588445	0.2762913410199293	8.680046572964728E-6
0.008861696490638268	0.016213048137307104	0.048513965094583354	0.18355588906930898	0.034178151489197686	0.060353249407262395	0.0840677089385935	0.2882859304942445	0.2759620646765235	8.296202340760117E-6
0.009873359060781517	0.015463203537098721	0.049018515230519484	0.18242615209188756	0.03323955107340304	0.05994075563114806	0.08468409131850964	0.2882235227178524	0.2771242211393159	6.628199483688091E-6
0.009442784327090309	0.016419811910158746	0.04967429065961583	0.1815616907997094	0.03194058623997294	0.059521438278153066	0.0847909118499337	0.2898027574387599	0.2768386654824159	7.063014190247796E-6
0.009046727103757049	0.017237636153466157	0.04951634783220915	0.1827840996166187	0.03127233790514039	0.05843096184637217	0.08642198044765027	0.28855035875518753	0.2767359032042332	3.6471353654227157E-6
0.0100593095610855	0.016342343889642855	0.047205507018836024	0.18468188077156483	0.034337262393959525	0.05974097193333874	0.08864324361795889	0.28356230286806633	0.27542269574042577	4.482205121572602E-6
0.009090174083088307	0.020122289164014276	0.05209784392585409	0.18337609903802066	0.032811517889412875	0.05974130421148684	0.0849568412128918	0.2817767081316694	0.2760214700973508	5.75224621102155E-6
0.00827318147450852	0.020696361145934802	0.0529386262137396	0.18430440576568174	0.03336492516136015	0.05861297620822921	0.08517888551292968	0.28122406311762854	0.2754002448621333	6.330537854495888E-6
0.008463380446497831	0.02028247831416853	0.05267913958449235	0.1842585083317465	0.03471091521557433	0.05817690334795526	0.08403637431317512	0.2815603767079727	0.27582539470199524	6.529036422120438E-6
0.009248396632619768	0.020773979410803542	0.05288249094027346	0.18411236398367586	0.033747756756037514	0.05890553176996134	0.08275406596105572	0.2814011094361211	0.27616576252534825	8.542584103418682E-6
0.010996393258228251	0.01856148388179607	0.05579933589946794	0.18629587764395633	0.032393894341807145	0.05333302988358286	0.08664121722906087	0.2797004955525048	0.2762718099424057	6.462367190082641E-6
0.010499662263205103	0.0186754556969312	0.056271796409364784	0.18604609259169036	0.03400443508833903	0.0539497883599964	0.08599363896898063	0.2769777890681419	0.27757245575010003	8.885803250549551E-6
0.011744803165065446	0.017771536795089346	0.056971894846304806	0.18743077373967942	0.033112935542440936	0.05537742497123501	0.08659613738076027	0.27764910386108577	0.2733377136253897	7.676072949255874E-6
0.019410585768506558	0.019116595376066428	0.05384403815977344	0.18565161804577152	0.03303049270011464	0.05455112457244646	0.0853923787109667	0.27942489652818536	0.26957056126606344	7.708872105521847E-6
0.019344774345563545	0.019675706221953207	0.05695569754918322	0.18613081412629384	0.034770703766755465	0.05415059814168219	0.08429076973658228	0.2689984792994368	0.2756756102296454	6.846582904063148E-6
0.01736541761124187	0.024154201079001403	0.051463296116170607	0.19026731039239708	0.03001648605725908	0.05641889326871698	0.09101944303996426	0.26583501707016965	0.27345359102498246	6.34434009662288E-6
0.017492536161809194	0.02794090305989287	0.04574814092943402	0.19042409248560233	0.030344055710545367	0.05606184749643697	0.09059161796599906	0.27256550303195054	0.2688272682451851	4.034913144518315E-6
0.01656234189073029	0.02692713495642704	0.0454624981070741	0.19116744081734272	0.02852388216308477	0.05799320946232323	0.09144105907043454	0.2735514058422526	0.2683645981029718	6.429587358927624E-6
0.017254046358254768	0.02673368856276974	0.04489127510585698	0.1913851582615595	0.029401214005291443	0.056034808726937245	0.09280667656390208	0.27241929316957614	0.26906864267690833	5.196568943890978E-6
0.017578579070910705	0.02540683880680794	0.04585586820177262	0.19036824947591893	0.03032692864689454	0.05741569170436267	0.09430292638520943	0.27079447735439904	0.2679419538292805	8.486524443740429E-6
0.016140021815758757	0.03068802471409164	0.04618528317700599	0.18963548334277594	0.03084471120535094	0.053655463991920435	0.09114058783281152	0.270837431454646	0.2708694680206196	3.5244450191790344E-6
0.013151460751957944	0.028808528017182408	0.046790414383519184	0.18998303275517697	0.03151174750809188	0.053673040895971545	0.09226570774329149	0.2736931019523933	0.27011581120820377	7.154784211552134E-6
0.013067147844299257	0.02904049256858708	0.04770744309736801	0.18972113562774046	0.03151862105330987	0.053206172319448554	0.09244194076995081	0.2738405018710878	0.2694495018889076	7.04295930055443E-6
0.014039586028173442	0.027290599088665685	0.04745081479561506	0.19079854221939435	0.028592154311516293	0.05378258212707718	0.09315330038752165	0.27561237305644315	0.2692729841399383	7.0638456549365625E-6
0.014616359374487062	0.02842303401903294	0.049997585560708796	0.1907561442051887	0.02499853391355475	0.05330203777886102	0.09262031614765974	0.2763566306369448	0.26892503260054185	4.325763020382456E-6
0.014600327014196487	0.027629060781390227	0.04899391341651325	0.19007581023015035	0.023986614822070165	0.05355079278645026	0.09386003758912821	0.2772639215492325	0.27003553464601926	3.987164849339475E-6
0.016549978173565752	0.02833591806252271	0.046259976270074166	0.1898908970738349	0.024501776653212848	0.05371421711566844	0.09214894849415345	0.2787475862160294	0.2698462405818762	4.461359062055137E-6
0.01528861448435656	0.028148159275702134	0.04564032634725121	0.19020426589497835	0.024650707931899926	0.05409397902107235	0.0917818577031433	0.2791520830980106	0.2710326616872134	7.344556372121391E-6
0.014500927935582539	0.03230983532026921	0.04800562236590897	0.18416920488012228	0.027823601631258674	0.05411529902914455	0.09240509084432581	0.27654037588590386	0.2701249145457947	5.127561689452498E-6
0.01770037562556101	0.031221564400246468	0.04806469023240116	0.18459976985387594	0.028404937776888656	0.05466971772338762	0.09303700765879724	0.2734734329800205	0.268821943678292	6.560070529473827E-6
0.017963021251087757	0.032285611027595654	0.04820141899247648	0.1838265288845173	0.029341618632300517	0.05403653669024643	0.09401591234109138	0.2734760470284988	0.2668457329286851	7.572223500632025E-6
0.018083845747002433	0.0314879493473257	0.05019780237100968	0.1838444083507335	0.029593502785276518	0.05424081802189076	0.09257989318462283	0.2729548422285491	0.26700954719641395	7.390767175527446E-6
0.015950029438811145	0.033500045319927355	0.051481690067682634	0.18294571494153797	0.03042086823077972	0.053847781762831406	0.09288991882109761	0.2714802764614883	0.26747488224605237	8.792709791483055E-6
0.008483160585574356	0.03600062310520115	0.05363999661994902	0.1755299003236479	0.03333458349194003	0.06248538710783263	0.08539818636840428	0.27659036301928636	0.2685300862165118	7.713161652531109E-6
0.007674350451419024	0.03606725525441211	0.054854116008569265	0.17227247501459175	0.028660199346016643	0.06148643061690095	0.08311554761223613	0.28566272012133426	0.27020309707876544	3.808495754445418E-6
0.009184212118558688	0.03483652645004098	0.05354260972850527	0.16854278165782222	0.028062881766913725	0.06286578458454696	0.08476756290050863	0.28641813496043855	0.2717720999856153	7.405847049737901E-6
0.011251766847494057	0.03910203940257975	0.04900108726151845	0.17377030915811326	0.030335753917253516	0.06518468479184682	0.08541537889672515	0.28356636774241456	0.26236443706539103	8.174916663369891E-6
0.017734969335472403	0.027600512488027557	0.06012038762255473	0.17958275419412686	0.03563430057723288	0.06175524938370151	0.08948059828867566	0.2726494317702699	0.2554361325108432	5.663829095295392E-6
0.018503369214036267	0.022806879419174572	0.05461847756353937	0.16912170685642414	0.03582364999349205	0.07177715982029947	0.08528679711142104	0.27522307672144103	0.2668332572680055	5.626032166625161E-6
0.021979239494218414	0.02035672810552165	0.05193124766271142	0.17188211594622482	0.035614414402971126	0.07087862555097446	0.08548095688894912	0.27507110645059046	0.26679721284765817	8.35265018038489E-6
0.027486209328143024	0.023832559705166262	0.04901286801524266	0.18230479634087388	0.032234386721123	0.06674513113944092	0.08050103578937018	0.2719428561265141	0.2659321135288476	8.043305278412904E-6
0.029029000508641226	0.02303671000226354	0.04783197083093931	0.18424091096932493	0.030339980138264902	0.06542934394962843	0.08215218059671758	0.27363489408711383	0.2642976867359481	7.3221811581758445E-6
0.03078429120118735	0.022303387629173013	0.04649047602806994	0.18159613598726626	0.03238420289950328	0.06400027034823647	0.08130539104035471	0.27351464082846855	0.26761458080721645	6.623230524013812E-6
0.030682461245949783	0.022712350775601853	0.04800538499345207	0.17988175170774506	0.03076915947522621	0.06070989926368359	0.08229592998347388	0.2751377201452735	0.26979846116592987	6.881243664227932E-6
0.03043618730446969	0.02429808868101911	0.052308227959935526	0.1790184204748455	0.0282869602121978	0.06108338583591214	0.08134921735921492	0.275962676699883	0.26724943401692536	7.401455596925399E-6
0.032175704412744366	0.021863144661331796	0.04934189963677147	0.17789903968655207	0.031632684305917286	0.0560906614875731	0.08301746752319676	0.28126011890799174	0.2667156617910301	3.6175868912413645E-6
0.03229620583885713	0.021937259675620782	0.04882847044948883	0.17758937836569177	0.030905359436782256	0.057006676896587	0.08217686488602663	0.2822670780886205	0.2669863516081456	6.35475417945508E-6
0.03473988387455232	0.02267276695405178	0.04904676192414092	0.17492010468951863	0.030948259321001356	0.05728792618970478	0.08111502492297977	0.2810406109035889	0.2682223378829384	6.323337523109207E-6
0.02045212143279039	0.025534264156338762	0.05891839345423442	0.16348832445091266	0.0247813118021145	0.07398994983533341	0.08319467896537824	0.27273147545328863	0.27690291485094715	6.565598661897876E-6
0.017552012932096767	0.027455870930007883	0.05863446989117355	0.16359363573791397	0.02450860535557356	0.07560582444501125	0.08199077892553575	0.27362034062383944	0.2770339174277426	4.543731105297044E-6
0.012633469150733975	0.028462609222106097	0.0638470812037571	0.1591647203312878	0.02511159124576333	0.07592309202548825	0.08312064560466911	0.2776171186715552	0.27411579694517874	3.875599460384516E-6
0.013516922507202905	0.029316783308603517	0.06380802135806987	0.16048643680856806	0.023101272926054642	0.07707054553141926	0.08199768991436168	0.274902924702385	0.2757925726483559	6.830294979220941E-6
0.012018784278656158	0.026795616975883924	0.061135875841498474	0.1637890393880284	0.024540251611281663	0.07604250577870648	0.08275753101190501	0.27787888061037247	0.27503601212052087	5.502383146616108E-6
0.012699470176949404	0.026127903511254838	0.057235630388515965	0.17761932082575937	0.02757555820527663	0.08840826508251018	0.0861446277796486	0.2666913659364882	0.2574911587354066	6.699358190268012E-6
0.012175458516215099	0.023758526624819407	0.05801975758792052	0.17878489263197028	0.028605107470560345	0.08888852069198817	0.08606174660294832	0.26668905263082315	0.2570087310054527	8.206237302035846E-6
0.012392188809264904	0.02474386059095421	0.05814245355418517	0.1790165288493059	0.02947659193866227	0.0879482368802572	0.08677102992086605	0.26477343916035	0.2567282124779295	7.4578182247958535E-6
0.008363019026863164	0.024472273286927457	0.05851378213540194	0.1790960791997373	0.027520017218808937	0.09056613939314805	0.08503069342907102	0.2704040978445654	0.2560267356412676	7.162824209178131E-6
0.009209060342334027	0.022816976279772055	0.06241488160416901	0.17883765204476199	0.027589592889590286	0.08833295591647411	0.08338749375926846	0.26949591733827283	0.2579099293935362	5.540431821091096E-6
0.007780590402461915	0.022387312402256887	0.06281249515841238	0.17802958760349602	0.026956977948594862	0.08924315704121898	0.08502005646151622	0.26993868190798054	0.257822408780671	8.732293391225388E-6
0.009132232416736288	0.022700671297523914	0.06036148921794819	0.17857990370635662	0.02643497494328946	0.08813568924978424	0.08762954667036608	0.26740677961833603	0.25960971311538844	8.999764270684052E-6
0.009375960430109992	0.023020814589020402	0.06022312766797247	0.1784904016900437	0.0268005968426287	0.08716244943866644	0.08736916540366109	0.267607926015149	0.25994130398948984	8.253933258470236E-6
0.008058268569509544	0.02340154530111796	0.05774908483929035	0.17761273290464874	0.0333213050009845	0.08341560534316644	0.08471501307357615	0.27054796289959293	0.2611721514855968	6.330582516658745E-6
0.008994085045752526	0.023642963340414574	0.05830420340744618	0.17738076908172745	0.03234819998656596	0.08278199438171362	0.08448951269523462	0.2698844608015001	0.2621702240053508	3.587254294293296E-6
0.010276143208405877	0.023928087909095647	0.059249738232287796	0.176533794304138	0.03286025150791061	0.0826963385184939	0.08240121684832798	0.2700278594174769	0.2620210821819172	5.487871946111E-6
0.009428808652509349	0.02454593338851238	0.06292085025486505	0.17410296544369142	0.03340796668362525	0.08287540724994923	0.0813106891548773	0.2698498903590036	0.2615500948377691	7.393975197389491E-6
0.009560462425412641	0.024616314425831468	0.06350147050442656	0.17500133895423864	0.03367875098258151	0.08263561410102742	0.08085625396650079	0.26957563478693747	0.2605667856207113	7.374232332296726E-6
0.011505533198115495	0.023674856642746794	0.06361853162017074	0.1695260106096238	0.038922512189917144	0.07897377975389068	0.08365416918831783	0.27205351982430387	0.2580629164335576	8.170539356075479E-6
0.011834965822048862	0.024102093906694835	0.0630244243218148	0.16934554429471732	0.037502555566908874	0.08050213231492553	0.08318865783730586	0.27200854734936214	0.2584844633829908	6.615203231016831E-6
0.009806393948742026	0.02609140251269039	0.06261540483198372	0.16918129661976722	0.03744160816186849	0.08109815727966403	0.08341270285616836	0.2721037214875612	0.2582453344539171	3.977847637490206E-6
0.008255810150452708	0.028308248729822322	0.0671894726897584	0.1686308859067751	0.039989162717673235	0.07773738446673982	0.08472358415173578	0.2722879279550546	0.25287142301391624	6.100218071861119E-6
0.007729694589903233	0.029203248320091205	0.06746556819980448	0.1687511053941818	0.03968398775459673	0.0782128837374195	0.08430627656105408	0.2716176644948698	0.25302275573355787	6.815214521352364E-6
0.007967036610732711	0.029635927837786485	0.06520880071292515	0.16973230653107169	0.03917209505377633	0.07824410906693142	0.08414975197699148	0.2723881122804383	0.25349313142743257	8.728501913815578E-6
0.0077986040924644395	0.03167921228750328	0.06623492454163919	0.17007311775933637	0.04074743452649471	0.0764676142904924	0.08435853821380218	0.27228327240184347	0.2503493541868322	7.927699591819826E-6
0.0074718753157058115	0.032586978406290046	0.06723507195165634	0.1707323660345222	0.04165034771832271	0.0773340342720335	0.0837419676441892	0.2709871804150441	0.2482568518361894	3.3264060466803302E-6
0.0076781152381808215	0.03364007740943281	0.06665015543618628	0.17094666804503422	0.04098751418058878	0.0765350684775965	0.08479235175334181	0.2712765090690852	0.24748829837651343	5.242014040257592E-6
0.011211795099349942	0.03721616846017378	0.06750192719891536	0.1716286701360278	0.04280239304682562	0.07403918880522374	0.08256562581589749	0.2679507380316817	0.24507551362782215	7.979778082492506E-6
0.05814679497104141	0.016218313066946835	0.08091764670664439	0.14385131082912656	0.031552976665303226	0.07937676325260887	0.07989118668985126	0.2709796202290189	0.23905916967725244	6.2179122060773695E-6
0.05757749813570705	0.015765675531088152	0.08219870246263361	0.14437495179455406	0.0313406416381299	0.07908784732174053	0.08213260648097169	0.2696948620222024	0.237822006422588	5.208190384589639E-6
0.0572224032224744	0.015186456489182418	0.08190984990240167	0.14544558856020665	0.03272847250621781	0.07918315650520345	0.0820066570728217	0.26886716040036346	0.2374445761181721	5.6792229563285E-6
0.05970073348331939	0.016056457598813564	0.08210491333464333	0.1430474703323654	0.03210399817928278	0.07675837387045532	0.08368383367374524	0.27086941882694626	0.23566834397596514	6.456724463518859E-6
0.05734290473968211	0.018294060895376454	0.08421547138089704	0.14285153461350403	0.028488334983139477	0.07814501963952565	0.08116606270052096	0.27356692379433134	0.23592175821496275	7.929038060197624E-6
0.053250204783906435	0.015169667036824652	0.0844268266986841	0.14341571101117948	0.028277334003872445	0.0792657523089598	0.08298603711027802	0.2749141373862954	0.23828823183487108	6.097825128600909E-6
0.05357806885841676	0.017198232141110978	0.08673512436345594	0.14185558513826813	0.028161140148093025	0.07735861840220107	0.08737894986884721	0.2716622452111976	0.23606656882413712	5.467044272192134E-6
0.05019540129361681	0.01954158959171659	0.08483847463328732	0.1445038632196597	0.029286181728833627	0.07390167073661807	0.08744390631223517	0.2735444877968693	0.23673772984764646	6.69483951698524E-6
0.04958607562306648	0.020449861849812914	0.08229704229709192	0.1450070273109526	0.029111168822762046	0.0738867353747195	0.0888823587762767	0.2732140296896037	0.2375577949460962	7.905309617903256E-6
0.05100353049686243	0.02407179051987178	0.079586650802825	0.14198075616758396	0.029151317210174804	0.07647609729985969	0.09097052537190284	0.2698186950881895	0.23693465271104963	5.984331680364274E-6
0.0515362429693157	0.025649453238132502	0.08083561459126455	0.14180660174571633	0.028891308568904345	0.07578740134629733	0.09026838240846234	0.2687910162810511	0.23642970408032016	4.274770535619976E-6
0.05042312109081416	0.02599226401442263	0.08172873407317549	0.14043270439050445	0.031062180104395806	0.07536151300407194	0.09125192629106701	0.26772840391790204	0.23601247143968423	6.681673962283252E-6
0.046167484020783765	0.026088078612342108	0.08108209266344625	0.1434460581241132	0.03449840694776167	0.07660119412225129	0.09039609717640879	0.2700942757669035	0.23161842171153985	7.890854449590923E-6
0.048095413339746394	0.023216857529141197	0.07817925660609398	0.14361649416046188	0.03687262980107099	0.07918213583254356	0.08847760792625955	0.2720740823189328	0.2302801044306021	5.418055147546341E-6
0.04669457766301017	0.023666509384714596	0.07933032787959798	0.14219886645789054	0.0371935257102628	0.07891417563951755	0.08731993722079513	0.2736133056156213	0.23106049333322326	8.281095366630131E-6
0.04598508829484352	0.024760636073016054	0.07912858207943582	0.14216612227964634	0.03668969904490875	0.08077914001517968	0.08542557240925888	0.274012079912592	0.23104967301622614	3.406874892780687E-6
0.04316154097135721	0.02299224722685675	0.08113685099117986	0.14326392837742702	0.03665452088455995	0.07869336812587296	0.08770342327932462	0.27575525519335947	0.23063103844714755	7.826502914601297E-6
0.028241970080494325	0.023791944887768438	0.07736246470794908	0.14190460223177215	0.04533991454055371	0.07762597790383022	0.08695715177281337	0.2904029012388886	0.2283649954977529	8.07713817717326E-6
0.02766354588838031	0.0212587755113718	0.07335748597757444	0.1419650552751593	0.04893827180358275	0.08077057242471472	0.0869201254354983	0.2900001662338217	0.2291179336949104	8.067754986337827E-6
0.027611116017831935	0.02091913255801084	0.07343906991226806	0.14094397305057665	0.050397874376705676	0.08117171474924889	0.08676477388695152	0.28932903729039705	0.22941878098615515	4.527171854201706E-6
0.02851261097043155	0.020573174371207578	0.07398262860191387	0.14017695863483015	0.049562836026097394	0.08127597426553715	0.08768033794337149	0.2894581237519353	0.22877297323361795	4.382201057584467E-6
0.02576631934329006	0.021552979915081635	0.07451144997974715	0.14280878446020082	0.05067953707998581	0.08023356864501338	0.0884210828533396	0.28724787757350023	0.22877139085043874	7.009299402602198E-6
0.024798017619141993	0.02147582953276017	0.07453670034370918	0.1438717332245274	0.050484083385695044	0.08051115645459268	0.08935394193981368	0.2874296738674468	0.22753498178884363	3.881843469485946E-6
0.027325708082328648	0.018139862978674162	0.0754972577886299	0.1415364051826643	0.05068298294275817	0.08152732460339032	0.09074877585262224	0.28687085577080235	0.22766395342315138	6.873374978538793E-6
0.03229075443522636	0.017007964860800848	0.0773960900018869	0.14069664700538828	0.04546898879143105	0.08181417058541668	0.08711368933249289	0.2843155284455485	0.2338882203953312	7.946146477269544E-6
0.03816457850417587	0.027459390335495645	0.06607563203407556	0.16002321920892099	0.023698503329447423	0.07039864978637078	0.1076649152227095	0.2672446535522653	0.23926429981925795	6.158207280976269E-6
0.0415874400147946	0.02369623081056886	0.06590690364532176	0.16416534969329868	0.025306043863015423	0.07248320594700977	0.10628258130069451	0.26082439625252474	0.2397400325066526	7.815966118998596E-6
0.04061379806072242	0.023937968134174425	0.06370575671738142	0.16442267414724962	0.02336404824761812	0.07074054318415701	0.10643808448936565	0.2645160631535357	0.24225669591757726	4.367948218453321E-6
0.04410093811944454	0.01572051174803729	0.05761727853864407	0.1531814901796078	0.02465368276980237	0.07561632199087436	0.11872369382327885	0.25307159641722166	0.2573068665237183	7.6198893707718485E-6
0.0519040439731477	0.02136018106164124	0.05810411188197818	0.15007584309346125	0.024561154907871183	0.07196284703565348	0.11376075838484369	0.2536969078600847	0.2545661752230455	7.976578273075074E-6
0.054463610063478426	0.02408115920717807	0.05670769566191862	0.14583089851840117	0.028143866932033287	0.07396467095385176	0.11327367682782477	0.2506995838739567	0.25282848218740767	6.35577394952902E-6
0.055255337678154354	0.023499612170187104	0.05693196372888641	0.1445990421033798	0.028098188347731673	0.07563648372770435	0.11229015801672118	0.250564578424125	0.253120073818019	4.5619850911893245E-6
0.05510561643183072	0.020269856436702247	0.06397991508873517	0.1386842350761376	0.026436775208528066	0.07820239379829994	0.1146429993319619	0.24932361499891115	0.2533454629992635	9.130629629663933E-6
0.061068194011760765	0.017931910264561313	0.060554944162712905	0.13003038555570276	0.029193841191878928	0.08354521770395307	0.11510843358841662	0.2485580650828989	0.25400430597101514	4.702467099645946E-6
0.0625670227917183	0.01646937709430235	0.05981938788393276	0.1304148093530958	0.029818357819574842	0.08358468998397722	0.11521083113377291	0.24767939572304393	0.2544304511399091	5.677076672774839E-6
0.06573461286658158	0.015305971739705132	0.05893007567010676	0.12710274073939495	0.027762505847424068	0.08421475538673734	0.11660710695197334	0.24905638852510537	0.25527928058297	6.561690001391507E-6
0.06647136163203751	0.01579448367337355	0.05826132649228869	0.1280799818163934	0.02852975490529297	0.08426407547370779	0.11554274628942246	0.24735863600142233	0.25569064136361147	6.992352449830541E-6
0.06612980061225862	0.015834424374156955	0.058491946221750815	0.12885253489874848	0.028023962128467028	0.08456172211696307	0.1151320982888926	0.2468153187139363	0.25615105574854746	7.136896278597815E-6
0.0680065106803601	0.015371450949878754	0.05680113397535079	0.1286771320226076	0.029389540807366443	0.08392114793260705	0.11575610668887402	0.2446881718642301	0.2573798995479407	8.905530784447668E-6
0.0657556977988093	0.015697414587914682	0.055619377488510334	0.1295528656124229	0.030836584148973084	0.08266829390354594	0.11743592881907725	0.24515467133079188	0.25727127906272756	7.887247227097993E-6
0.06352721583300121	0.018464616810124762	0.05325706114215605	0.12929914558473313	0.03160689395221428	0.08482449867441041	0.11544934912234313	0.24785915560866967	0.2557055662018592	6.497070488123424E-6
0.0649055130279566	0.016535995966337605	0.05222875680097476	0.12955427416011767	0.0337056458632692	0.08460927379703598	0.11368909751980281	0.24881938187145514	0.25594460323085944	7.457762190826722E-6
0.06689784711687435	0.01775985602269188	0.05353767865228795	0.12922511216512517	0.03470830565598938	0.08411838570284311	0.11282637188084796	0.24342034743522717	0.2574973253644613	8.770003651667468E-6
0.0668122729653242	0.02182611481426404	0.04597999159125449	0.13016966318254666	0.045736537963635714	0.07544290341578799	0.10844774090365392	0.25124753810294015	0.25432880167370997	8.435386882901796E-6
0.06716115748056785	0.020284041194242056	0.04564855131349556	0.12950550299992375	0.04659542163994628	0.07642507482069193	0.10948894132135258	0.24957242487230835	0.2553112391023824	7.645255089186453E-6
0.0701810123596533	0.01885489636430135	0.045755212874384846	0.1285452658293782	0.04385206404314349	0.07346167558580614	0.112634446071768	0.2511229937124113	0.25558437395094735	8.059208206054325E-6
0.07095736007527759	0.020396355433046506	0.04523910696520635	0.13126626702916716	0.04455395385550841	0.07202164103986443	0.11122401052287864	0.2493808940257638	0.25495438931896675	6.02173432034947E-6
0.07134528320200204	0.021247283558075356	0.04421697193857091	0.130277055549111	0.04344224314408909	0.07104892676478573	0.11205977436915876	0.25037781892218963	0.25597934265717237	5.299894845031683E-6
0.07146160744473615	0.024643657763702698	0.046764913338458516	0.12994896377379248	0.04646973795923087	0.06937975326134856	0.11247902752539037	0.24753989982548863	0.25130388429770856	8.5548101431826E-6
0.07093226557409185	0.02555379569761583	0.045865666483005677	0.12944658446901564	0.0465069908675054	0.07081208501184545	0.11243026954045801	0.24707852812747166	0.25137046828562987	3.3459433605859124E-6
0.07029600272901185	0.027924790471001396	0.04529142110581428	0.12790329464093747	0.04793630576677652	0.07088119011637802	0.11190220976101085	0.24662793649028825	0.25122926698193176	7.581936849535009E-6
0.07060068147967294	0.026712558964733485	0.044976924442599445	0.13059505841782643	0.04716192065862704	0.06866569096187236	0.10898982186582022	0.249126865914236	0.25316480576272427	5.671531887796455E-6
0.06839670204052237	0.02860309484607984	0.04691051092063526	0.12951207950625512	0.048699611836297986	0.06870469258620933	0.10883146382588861	0.24820544138287565	0.25212893399839265	7.469056843095734E-6
0.07633950650100949	0.035281622707483626	0.04710180076341802	0.12531235140287164	0.05212086081585629	0.06558815742496954	0.10259968762661682	0.24464950150245857	0.2510013034371414	5.207818174604584E-6
0.08845594643467765	0.03228022852127686	0.043625442015394617	0.12286239349276715	0.051097161420807787	0.0577083369091996	0.09677237719330825	0.2481828393569429	0.2590079861422826	7.288513342598724E-6
0.08935552980959886	0.03338132660592419	0.043533506935629004	0.12270873913181363	0.05121190036732348	0.0563937757585104	0.09744056795057687	0.24624784361546298	0.2597222843615086	4.52546365192763E-6
0.08771425469017348	0.033397258575944125	0.045002061350475825	0.12143535561838635	0.05042795445483357	0.055440687251969406	0.09964762103030622	0.24700354152086157	0.2599259380944541	5.327412595276804E-6
0.08560698740364323	0.033874320841065036	0.04357203256934193	0.12123156175957345	0.051866244067328204	0.05710706022648428	0.09871645243160813	0.24739119780315771	0.2606272987946473	6.844103150729919E-6
0.08086115427443462	0.03366842564655112	0.04643445954809865	0.1193639909073012	0.047156052181206984	0.06032961158825903	0.10236580572560651	0.24911696592925875	0.2606950975875424	8.436611740783584E-6
0.08085811213459142	0.03375995146984216	0.04613929508717013	0.11927642139461964	0.047282626938857264	0.06031702890357396	0.1031832310994629	0.24888964284271614	0.26028746577300976	6.22435615658945E-6
0.08149268293581415	0.03213201916884352	0.04387704566611998	0.11804828689375152	0.046104576096940096	0.06192298398602308	0.10449795355692458	0.2497896081864437	0.2621298915686694	4.9519404699827074E-6
0.07954053302838632	0.031153561049232614	0.04424703987209593	0.11778819854636591	0.04716675872175554	0.06312049301246009	0.10360800576976946	0.2500115693899272	0.2633597439132354	4.096696771510588E-6
0.07806074174999833	0.02819442757328229	0.045613868861588816	0.11968826020910042	0.04900416782300451	0.06587169975194469	0.10414673171424954	0.24795606299692508	0.26146036197455114	3.6773453551686153E-6
0.0911054117998007	0.10427870179006628	0.06417932814013076	0.09466059563852125	0.037092091409788044	0.07154347722208218	0.13726462387828203	0.17019662586465628	0.22967153878460977	7.605472062660601E-6
0.09016404639504638	0.10471337480687289	0.06612745415328036	0.09449962003867551	0.03395524213364125	0.07070382775231376	0.1391145588015048	0.1721566648531958	0.22855817832713382	7.0327383352858375E-6
0.08430020334318372	0.10801216841695367	0.06542729569322991	0.09274275487330337	0.04565121312357778	0.07770620380627193	0.13713314138142957	0.1672948911897134	0.22172801636385478	4.111808481810364E-6
0.07511378575149394	0.10848862762978365	0.06919111031274226	0.09481031063565401	0.04126842540193088	0.08343279785898068	0.13811331181123138	0.16662832095461222	0.2229477954957953	5.514147775678713E-6
0.06939579559639503	0.1066479030274381	0.07889061968847652	0.09427205028486266	0.0496750236879315	0.07789941048574278	0.14322503581536372	0.1568779837417601	0.2231093083445399	6.869327489680832E-6
0.0708369458017518	0.09519018185051517	0.07581231972307909	0.1135704055577819	0.05133950539293163	0.0612178111890385	0.15418392359877484	0.15079278859726636	0.22704756411270538	8.554176155264881E-6
0.0710318300994599	0.09583139964851863	0.07629623344335752	0.1137455032510521	0.04974176193970803	0.06262016171814344	0.15346135779288467	0.15204541452461678	0.22521963341244422	6.7041698147141116E-6
0.07567071540300502	0.09425569798702668	0.08143368176274053	0.1138034661980785	0.044682459952132554	0.06589509592252116	0.15577372990336216	0.16806953008024436	0.2004100915303025	5.531260586486009E-6
0.07362487041994704	0.08511414762690779	0.08355648105679778	0.11125977646075572	0.05561628241310681	0.05963933561691886	0.16588200282780435	0.17069674518710756	0.19460438659461504	5.971796039019872E-6
0.06554894040494431	0.09036249793396889	0.07026129154690992	0.11891183544604797	0.0575727385436184	0.05814663403394404	0.17390123909287472	0.17536121103737548	0.1899302703778844	3.341582431856671E-6
0.06580552968583273	0.09041492660078426	0.07122946794395138	0.11921684203866739	0.06165776327351869	0.05558958697791505	0.17040879099049844	0.1723065796106282	0.19336217582247908	8.337055724783049E-6
0.06582822100767136	0.09025075761879692	0.07068816722234836	0.12069280365774843	0.06123495930913645	0.05644910278438252	0.17081874822345586	0.17069584951874867	0.1933376729756081	3.717682103360209E-6
0.06261397796270007	0.08664985766183789	0.06606205099523976	0.12402484146844517	0.0653347229393528	0.054434069720476645	0.16981198994024374	0.1752856626578631	0.19577967886521797	3.1477886228564733E-6
0.06301513767675768	0.08618601910722946	0.06431528124962016	0.1268901085591518	0.0650079968788911	0.054398269989554535	0.17166599924725048	0.17281193442373932	0.1957053562394148	3.896628390662182E-6
0.06271263878679698	0.08561796462670279	0.06326039693772764	0.12591754402859928	0.06407145675636577	0.05421137582308182	0.1728095093211205	0.17322558524706572	0.19816667436827634	6.8541042631264926E-6
0.06435057925903392	0.08594636452040863	0.062135162287085696	0.12524466669556034	0.06321697628399087	0.05388592386502253	0.17323406918940482	0.17375046281207485	0.19822732634645515	8.46874096324668E-6
0.06696299937381128	0.08243722318900035	0.062189233262857774	0.1258275377562591	0.06437076785185403	0.05502582703127169	0.17357453960322994	0.17266467436436933	0.19694103278510122	6.164782245215994E-6
0.06601784628185695	0.08294447690154798	0.061599342045411586	0.1274512270753062	0.06576486699028009	0.0547241486443885	0.17274833004815865	0.17515145351939437	0.1935908217628265	7.486730829134314E-6
0.07150847864121751	0.0821911975606453	0.0632262216692155	0.12773420249117196	0.06720191271398307	0.05317815078990561	0.16991041112820127	0.17512212292176255	0.18992231956684447	4.982517052762314E-6
0.06956866331531844	0.0832532877744053	0.061202395438284735	0.12793470560772666	0.06747668371554227	0.05564422121697479	0.16819597685233817	0.17667856883270272	0.19003780259952957	7.694647177314273E-6
0.0706508415705337	0.08201728285209828	0.06016253978017222	0.12419306586589313	0.06619688401253457	0.05901021245757042	0.16919081638384315	0.18129249855116297	0.1872806190121659	5.239514025659475E-6
0.07110775993774983	0.08148950424512458	0.05964962915919405	0.12441171842127273	0.06689310656216055	0.0592721481219542	0.1681690758429401	0.18252967165143325	0.18647144419453665	5.941863633993072E-6
0.0709428155640226	0.08168250264831466	0.058687544709395	0.12373498370988435	0.06615645004449741	0.059163477563266405	0.1697818693740244	0.1814720362922447	0.18837478515241673	3.534941933738822E-6
