0.18185934909362605	0.09094075998384259	0.0907330499562688	0.2727449883761677	0.3637218525900947
0.18195112198929778	0.09093382122271147	0.0907242657072268	0.27270802698934105	0.3636827640914227
0.18192686527069044	0.09092634269246636	0.09072456280559006	0.2727363467273718	0.3636858825038811
0.18193713519477014	0.09093390514583272	0.0907382929290187	0.2727123225168574	0.36367834421352085
0.1818917417872563	0.09093768396607291	0.09072465131294642	0.2727256386952055	0.36372028423851865
0.18189667195357972	0.09093203236778716	0.09073599872221536	0.2727253936978097	0.36370990325860786
0.18186233502533894	0.09093190532344017	0.09074009865645141	0.2727492272928449	0.3637164337019244
0.18190601974104992	0.09093056028894962	0.09073574704680744	0.2727363683706572	0.3636913045525357
0.18190333703208186	0.09093011142778515	0.09074109433481288	0.272738417411979	0.3636870397933408
0.18190628533449948	0.09094100483331419	0.0907253156887713	0.27272353642880093	0.3637038577146139
0.18191044920224425	0.09093919757120186	0.09071808123299682	0.27270936355231434	0.36372290844124244
0.18195948532414974	0.09092176736969221	0.09073253539268974	0.2727197212797106	0.3636664906337575
0.1818846764919643	0.09093543388556169	0.09073339487587656	0.2727479715302587	0.3636985232163385
0.18191256707760517	0.09093267827403369	0.09071807042916846	0.27273628231485114	0.3637004019043414
0.18194945973739327	0.09092788844151806	0.09072454120047363	0.27272807866409216	0.3636700319565227
0.18189423321780934	0.09092556903611064	0.09073242832844743	0.2727365080809542	0.36371126133667825
0.18191279478325478	0.09093579513386212	0.09072838297132345	0.27272739454929323	0.3636956325622662
0.1819221371624054	0.09093096445707743	0.09074022057742778	0.27271875952080415	0.363687918282285
0.18192201747359013	0.0909249034400455	0.0907406336409228	0.2727479769448332	0.36366446850060813
0.18194618070513416	0.09092573611130866	0.0907383264738767	0.27270809293791964	0.36368166377176064
0.18195902833947344	0.09092194833728529	0.09073804217515444	0.2727125950008583	0.36366838614722835
0.18195849419513788	0.09092702746017213	0.09073423952928987	0.2727133851973556	0.3636668536180443
0.1819584622174617	0.09093195870530603	0.09073378605009198	0.272710245799665	0.3636655472274751
0.18191188778500317	0.0909393906292731	0.09072367853682543	0.27271737618984265	0.3637076668590554
0.18189543244905498	0.09094032128394744	0.09072906473144579	0.27273599047523633	0.36369919106031534
0.18190434336873246	0.0909222377925979	0.09073077616444108	0.2727361440039531	0.3637064986702754
0.18191324870661346	0.09093358336322084	0.09072469388926907	0.2727360270874764	0.36369244695342
0.18188641420185672	0.09093335409321043	0.09072129881563523	0.27275060524528966	0.36370832764400773
0.18185994191110533	0.09093928461768791	0.09073811801894906	0.2727416909827508	0.36372096446950664
0.18197185880345443	0.09092481428148994	0.09072538086209997	0.27271054406381506	0.3636674019891404
0.18189464588013285	0.09093469739223624	0.0907237737344895	0.272724739333987	0.36372214365915423
0.1819353363259046	0.09092174741937631	0.09072083859327654	0.2727136884470541	0.3637083892143882
0.18189780448939652	0.09093883121840102	0.09073021657506956	0.2727447994572238	0.3636883482599089
0.18194224208871218	0.0909357030171043	0.09071694706416547	0.27273825734015356	0.36366685048986436
0.1818936042837805	0.09093078618405437	0.09073283306047474	0.27273023556686793	0.36371254090482225
0.18190808670106023	0.09094124150708732	0.09073214560757042	0.27270905450186556	0.36370947168241624
0.18193153350660188	0.09092097193503268	0.09072444562244636	0.2727268923822501	0.3636961565536688
0.18190628424672076	0.0909373544574989	0.09072551225109914	0.2727200754006271	0.3637107736440539
0.1819209678837182	0.0909283655388054	0.09071907050420083	0.272724154895781	0.36370744117749443
0.1818837496796597	0.09093642615079998	0.09072745894762414	0.27273528424106114	0.36371708098085487
0.18194051371626455	0.09092350493750499	0.0907316533238074	0.27271491691675437	0.36368941110566855
0.18187260677847727	0.09092542618330302	0.0907394195461865	0.27274231575985797	0.36372023173217505
0.18188806181571257	0.09094070047717956	0.09072436224299273	0.2727255749677884	0.36372130049632656
0.18190324731089821	0.09093059958153545	0.09073630087155773	0.2727484516127591	0.3636814006232493
0.18191775321768866	0.09092485114564539	0.09072501964456986	0.2727103227624802	0.3637220532296157
0.18191272091917557	0.09092647616464442	0.09074036982551041	0.272714676300815	0.3637057567898544
0.18192046732509082	0.0909298225178534	0.09073587604020256	0.2727270967688501	0.36368673734800294
0.18191721967574814	0.09093593853165885	0.0907210603299752	0.2727247184290119	0.3637010630336057
0.1819093151616826	0.09092650182789294	0.09073938650395127	0.2727089732327551	0.3637158232737179
0.18192605534015366	0.09094223899788327	0.09071894679581614	0.2727288220551944	0.36368393681095235
0.1818991279568123	0.09093745817461368	0.09074043050682129	0.2727383123597227	0.36368467100202984
0.1819513994992661	0.09092983043197055	0.09071835382990052	0.272714479138757	0.36368593710010566
0.18188727510701647	0.09093686167135487	0.09074007461968178	0.2727349254186975	0.36370086318324923
0.18189439415575162	0.09092424264408894	0.09074006344766003	0.27274858802585455	0.36369271172664464
0.18190852898448095	0.09094169015612288	0.09073549768478256	0.272738017181118	0.36367626599349534
0.18189292146713187	0.09092997687499937	0.09073863533698712	0.2727178572568706	0.3637206090640108
0.18191282152922592	0.09093035967592983	0.09071853878485753	0.2727418414314157	0.3636964385785708
0.18190539013896026	0.0909259503135831	0.09072905760488634	0.2727183520984132	0.3637212498441569
0.18192048564036148	0.09092091395536839	0.09073601968710036	0.2727208978728816	0.363701682844288
0.1819254420069018	0.09092407363328496	0.09072887156379199	0.2727471547908097	0.36367445800521137
0.1819073521483095	0.09093334253584694	0.09072238061301391	0.2727175458382026	0.3637193788646269
0.1818580660636506	0.09093755717237527	0.09073594234559242	0.2727497002115708	0.3637187342068107
0.18191119145016826	0.09094158458459559	0.0907237410460624	0.27273234941607305	0.36369113350310056
0.1818906546506502	0.09094197877108637	0.09074066476268365	0.27272289119015797	0.3637038106254216
0.18193787584642362	0.0909290452418345	0.09073188123641514	0.27273183557885994	0.3636693620964666
0.1819210790434755	0.09093447519802317	0.09072743212943794	0.27272712709629104	0.3636898865327721
0.18192246883978563	0.09092646666671886	0.09072266745732513	0.2727121457432941	0.3637162512928761
0.18194111666066362	0.09092100985803345	0.09073197658847829	0.27271689459730647	0.3636890022955179
0.1818763336787229	0.09092953285943542	0.09073475817783185	0.27273788687320777	0.3637214884108019
0.18191605732864208	0.09092179937795677	0.09073815619522069	0.2727233475560617	0.36370063954211856
0.1819345209408405	0.09093086164919598	0.0907410909911094	0.27272649491732326	0.3636670315015306
0.18190582640764122	0.09092448406268425	0.09071733612722231	0.2727293436046634	0.3637230097977886
0.18191324826644983	0.09093205528207204	0.09073288747949408	0.27271858260462095	0.36370322636736285
0.18188225747696632	0.09092742146900577	0.09074003527600563	0.2727460036439707	0.36370428213405137
0.18194087509304707	0.09093415212960053	0.09071885370881351	0.27271636235818775	0.363689756710351
0.18190227913607587	0.09092992969020092	0.09074247645257347	0.27273929026640603	0.3636860244547435
0.18188566061774272	0.09093519230930387	0.09073849635452995	0.2727315794114785	0.36370907130694474
0.18195484690329328	0.09093992755855171	0.09071925338686677	0.27271533975501955	0.3636706323962685
0.18189858104567305	0.09093091736486701	0.09074133512278852	0.2727426019380678	0.3636865645286034
0.18189875640321795	0.09093832504456732	0.0907228251975212	0.2727399191370602	0.3637001742176331
0.18195657756472924	0.09092567370213928	0.09072408302114451	0.27272311522616194	0.36367055048582486
0.1818967613556663	0.09093872710076963	0.0907237117289801	0.272719103868155	0.3637216959464288
0.18187869463793732	0.0909347950186064	0.09074121147550324	0.2727312883875327	0.3637140104804202
0.18193274805819	0.09093067311190765	0.09071858971586218	0.27273400608195747	0.3636839830320825
0.18195457402726295	0.0909229428246914	0.09073105386810568	0.2727267384760207	0.36366469080391906
0.18193559723526134	0.09093959125989742	0.09072089995438258	0.27273042686179194	0.36367348468866656
0.18188831706537134	0.09093008324024832	0.09073072553254105	0.2727469868221403	0.3637038873396988
0.18194505186992116	0.09094163848948418	0.09072440073612342	0.2727193682917923	0.36366954061267875
0.18197894772685444	0.09092244577126626	0.0907173432067099	0.27271447854258857	0.36366678475258063
0.18192474388020935	0.09092284396887985	0.09073187223612207	0.27270943996392044	0.3637110999508681
0.1819100692632191	0.09093360848539211	0.09072728369860128	0.27273963745925295	0.3636894010935343
0.18189157874914555	0.09094127306008334	0.09073963490032397	0.2727248940914931	0.36370261919895386
0.1819233117523467	0.09092412085835182	0.0907286028871634	0.272709924709448	0.36371403979268985
0.18190053648011764	0.09093182676605914	0.09071842408090906	0.2727444110816942	0.36370480159121976
0.18194718315980704	0.09093950360844935	0.09073593847408642	0.2727121455941496	0.36366522916350735
0.1818872344028225	0.09093239618595707	0.09072436696658888	0.27273404612564583	0.36372195631898546
0.18195841329349513	0.0909319394983541	0.09073345992446911	0.27271354583578844	0.363662641447893
0.1818774734222939	0.09093652144291836	0.09073562987591328	0.2727474156522363	0.3637029596066379
0.18191885862504648	0.0909359883686544	0.09071767202624613	0.2727258285132551	0.36370165246679764
0.1819475165365389	0.0909301194607873	0.09072142047397042	0.2727275442589798	0.3636733992697233
0.1819331073844258	0.09093062428510096	0.09074199359873818	0.2727085005423671	0.36368577418936776
0.18192889617160812	0.09093219862325146	0.09074225892579742	0.2727261493823172	0.3636704968970256
0.1818981871857251	0.09093351416136147	0.09073057260267783	0.272725531598486	0.3637121944517494
0.18194525041012075	0.09092885097986085	0.09073344551613609	0.27271217079869414	0.363680282295188
0.18192608314330938	0.09092410349084173	0.09072853470958844	0.2727278643678701	0.36369341428839014
0.18195606394716185	0.0909316142846038	0.0907298758895439	0.27270891526279195	0.36367353061589824
0.1819294250842246	0.0909348702469939	0.09073429593445834	0.27273826348855995	0.36366314524576304
0.1819215369619559	0.09094162208364236	0.09072131705858621	0.2727500393539456	0.36366548454186975
0.18191189699563534	0.0909332920688261	0.09072665451885298	0.2727115500499932	0.3637166063666921
0.1818836986525505	0.09094048711905883	0.09072891402610297	0.2727239036742187	0.3637229965280687
0.18192393878610877	0.09093959955629771	0.0907395271412619	0.27271498289183577	0.3636819516244956
0.18193328998818944	0.09092316957953724	0.0907379948723291	0.27270768734358286	0.36369785821636114
0.18190559452938462	0.09092917837413866	0.09073279723406391	0.27272073913382144	0.3637116907285911
0.1819124814369863	0.09092123594616935	0.09073015631848777	0.2727173912503594	0.363718735047997
0.18195989367759002	0.09093928302688795	0.09072264539849491	0.27271546918142037	0.36366270871560646
0.18188739993680034	0.09093670472327725	0.09072367230737544	0.27274251952527745	0.3637097035072694
0.18188155493777147	0.09094152619578924	0.09073745797723157	0.2727345934346891	0.36370486745451847
0.18191748059383214	0.0909259670345708	0.09072619017003856	0.2727489094163009	0.3636814527852574
0.18197946665400774	0.09092821872574905	0.09071723679999594	0.272710503411433	0.36366457440881406
0.18195782447317024	0.09092910044186278	0.09073370669340303	0.2727126304945441	0.36366673789701964
0.1818929932733655	0.09092794024410303	0.09072051179776804	0.2727451910970752	0.363713363587688
0.1819498535982148	0.09092204791078477	0.0907270802781368	0.27273072589604735	0.3636702923168161
0.18192667802412094	0.09093755221863804	0.0907392928072689	0.2727307678219616	0.36366570912801033
0.1818975551548548	0.09093469721207037	0.09073495429135858	0.2727477948828032	0.3636849984589128
0.1819008638832193	0.09093979371241714	0.09072115720740268	0.2727329969144058	0.36370518828255494
0.1819449762169316	0.09092899931776018	0.0907246100111976	0.2727095986871085	0.36369181576700194
0.18195369957284943	0.09092347298060355	0.0907275203688831	0.2727084187990231	0.3636868882786406
0.1819593304310099	0.0909263583077027	0.09072064202405027	0.27272410846730527	0.3636695607699316
0.18195611224967198	0.09092822011242574	0.09073334665895844	0.2727171600991231	0.3636651608798205
0.1819454638747485	0.09092402299765642	0.090731430482701	0.27271163730754144	0.3636874453373524
0.1819027850179795	0.09093008657051391	0.09072934001894203	0.27273982095935256	0.3636979674332118
0.1818692583058451	0.09093210428670255	0.0907331418412768	0.2727428670514972	0.3637226285146782
0.18191206732082119	0.09092903844182432	0.09072796670336053	0.27274438287623753	0.3636865446577562
0.18190926101242924	0.09092383175815022	0.09072384502347033	0.2727435148638053	0.3636995473421447
0.18194450281534516	0.09092897611699396	0.09072348841423421	0.27273624806172264	0.3636667845917038
0.18188589534715144	0.09093551775625508	0.09072228460644713	0.2727323695914616	0.36372393269868464
0.1819434438443912	0.09092423161477728	0.09072124575847318	0.27274681498286385	0.36366426379949424
0.1819184180918124	0.09093684027047011	0.09074036826473389	0.2727229611482384	0.363681412224745
0.18192672752250416	0.09092123494110373	0.09072906995180474	0.27273079747273926	0.3636921701118479
0.1819190458851577	0.09092307076953293	0.09072056507549672	0.27273227513492637	0.36370504313488605
0.1819087550218877	0.09093360971948046	0.0907402299279627	0.27271812385010763	0.3636992814805613
0.1819010136161561	0.09092989828134339	0.0907390959162535	0.272725757310206	0.36370423487604076
0.18192251386278754	0.0909217278152768	0.0907176222732114	0.2727431364766074	0.3636949995721166
0.18192144583715492	0.09094263637739367	0.09073648277716351	0.2727247240225567	0.36367471098573095
0.1819305537891036	0.09093164876869306	0.09072552483474888	0.27273991985329055	0.36367235275416376
0.1818799587377434	0.09092676958399895	0.09074178917551215	0.2727287775376575	0.36372270496508785
0.18192117254302043	0.09092174828438426	0.09073360953464932	0.27270795928785524	0.36371551035009053
0.18185769515388436	0.09093207180645965	0.09073934591772781	0.27274777222176816	0.3637231149001598
0.18191697247866914	0.09092603629710364	0.09072507156622497	0.2727426657862245	0.36368925387177753
0.18189926104961932	0.0909279501290759	0.09071842137215816	0.2727350056435891	0.36371936180555725
0.18190708289854357	0.09094215968833452	0.09072513349825884	0.2727488532089196	0.36367677070594323
0.18189550454197595	0.09093831390114197	0.090728130932836	0.272727946282328	0.3637101043417179
0.18191151887395013	0.09092612507296392	0.09073931902715786	0.27270735234100607	0.3637156846849219
0.18188385981923486	0.09093324815052817	0.09072803064951804	0.27274468681143615	0.36371017456928256
0.18187741751271408	0.09093325037577228	0.090722379061128	0.2727485444563971	0.3637184085939883
0.18188975516578157	0.09093501353641405	0.09074203974397295	0.2727276719388174	0.36370551961501385
0.1818832035750429	0.09093730833132996	0.09074204072050875	0.27272495535346314	0.36371249201965505
0.18191362960896829	0.09093864153752892	0.0907288940976205	0.27275019215896645	0.36366864259691556
0.1819124002592325	0.09092527661278843	0.09071731428806903	0.27275020065750893	0.36369480818240096
0.18192739813366748	0.09092853631960623	0.09073371698690297	0.27270821472208556	0.36370213383773753
0.18187922043351443	0.09094257695529144	0.09074198856227478	0.2727213124540708	0.36371490159484837
0.1819186656737478	0.09093463469099498	0.0907276506724463	0.27270956023703136	0.36370948872577935
0.18192254049242482	0.09094151085766723	0.09071739046479123	0.272731282552596	0.36368727563252057
0.18193266851088336	0.09092418363295751	0.09073549800738323	0.27270742002932424	0.3637002298194515
0.18193529957776983	0.0909314120987741	0.09072075830355772	0.272715582676376	0.3636969473435221
0.1819390621819345	0.09092200338941478	0.09072556968620296	0.27274560532384684	0.36366775941860074
0.18195554455860274	0.09093601752085356	0.09071707174870247	0.2727116297392199	0.3636797364326211
0.18191227695834647	0.09093353299829687	0.09073138763917589	0.2727126062050099	0.36371019619917067
0.18193471123154895	0.09094116601986449	0.09073429269623107	0.27271781118422866	0.3636720188681266
0.18192589086247288	0.09093243818991639	0.09073189925556303	0.2727475970725219	0.36366217461952566
0.1819055947222487	0.09092954269268308	0.09072142696200032	0.2727446932081793	0.3636987424148884
0.18191946271560477	0.09094188663554205	0.09073428922333557	0.2727105183491044	0.363693843076413
0.18195423676075945	0.09092397413219416	0.0907235996826358	0.27273015717646654	0.3636680322479438
0.18194786319205875	0.09092209374657427	0.0907212894370518	0.2727235113232173	0.36368524230109767
0.18193042287384925	0.0909354922877261	0.09072712643515525	0.27272958287103444	0.3636773755322348
0.18190754707439544	0.0909228932664192	0.09074023779055854	0.27271915273956354	0.36371016912906307
0.18195094323850725	0.09092868998848366	0.09073983806120847	0.27271675114191285	0.3636637775698876
0.1819249498910419	0.09093494794072976	0.09072205412745829	0.2727159518776444	0.3637020961631254
0.18193507991011826	0.09092558448437549	0.09072079354699238	0.2727372442216444	0.36368129783686926
0.18189888297308154	0.0909403793842675	0.0907171929870275	0.27273696063221275	0.36370658402341044
0.18195265152228085	0.09093232990956514	0.0907252182975757	0.27271069508399703	0.36367910518658103
0.18191937641103484	0.09093533305067295	0.09071863178121466	0.272731271880106	0.36369538687697134
0.18190027022796237	0.0909248890913591	0.0907385318768809	0.2727314280230556	0.3637048807807418
0.18193000015558713	0.09093370183841605	0.09072063028250489	0.2727345693349942	0.36368109838849755
0.1819383608948825	0.09092392572590206	0.09072669785326083	0.27273406251348015	0.3636769530124742
0.1819136771001563	0.09092522177464206	0.09071899259268469	0.27272054064984697	0.3637215678826698
0.18191962892256547	0.09094130165621536	0.09074054231443696	0.27270727512094045	0.36369125198584157
0.1818920204615642	0.09093944537089432	0.09074058505213542	0.2727508641904998	0.3636770849249061
0.18190153643941936	0.09092801914621237	0.09073344503698115	0.27273093054122666	0.3637060688361602
0.18188718031514753	0.09094069508058747	0.0907276085900361	0.27274498882402376	0.36369952719020493
0.18191064699633883	0.09092539208862459	0.09072936454091655	0.27271513653255763	0.3637194598415622
0.18190677222137908	0.0909335120745017	0.09072491741367922	0.2727359570014074	0.3636988412890324
0.18192696103654904	0.09093429046682308	0.09072921037966161	0.272730073310544	0.36367946480642205
0.18191696235224342	0.0909416557429752	0.09073116361672476	0.27272292193622866	0.3636872963518277
0.18192227530579774	0.09092640674769037	0.09072438624542098	0.2727295903376127	0.363697341363478
0.18194674616295117	0.0909217505455884	0.0907235947129327	0.27271565303605527	0.3636922555424722
0.1819137182672348	0.09093759668781286	0.09072036251333794	0.2727345613165325	0.3636937612150817
0.18188090838075652	0.09093387483126215	0.09071866440510194	0.27274743568144943	0.36371911670142976
0.18190237528214706	0.0909400785745209	0.09072005180953523	0.2727296027105526	0.36370789162324396
0.18193891279381758	0.09093707468026795	0.09071949779681664	0.2727229035423098	0.36368161118678777
0.18192289563218716	0.09092701983098726	0.09072725598229625	0.27272159658606276	0.36370123196846627
0.18194038284608163	0.09093784215834591	0.09071981810138852	0.27272394118504056	0.36367801570914315
0.18192912460195007	0.09092351458865791	0.09072500226575997	0.27271139019653495	0.3637109683470969
0.181957671897637	0.09092609679700524	0.09072243590960043	0.2727296482190046	0.36366414717675255
0.18192096378913558	0.09093024888457915	0.09072911456351099	0.2727263298146344	0.3636933429481396
0.1819273772440217	0.09094032921154745	0.09072102513002096	0.2727381819542578	0.3636730864601519
0.18193026594224893	0.0909282693488467	0.09073925862593132	0.27272024060220823	0.3636819654807646
0.18193437829078463	0.09093446492505035	0.09072254038212306	0.2727093199891407	0.363699296412901
0.18197761143351274	0.09092139095479464	0.09072069767935408	0.27270977509556343	0.3636705248367749
0.1819301190504994	0.09093654796738214	0.09072051965156629	0.2727464495758902	0.3636663637546617
0.18193408760220214	0.09093624411834851	0.09073130790158063	0.27273400479212767	0.36366435558574084
0.1818949875305891	0.0909286670853501	0.09072426334212094	0.27274502866451217	0.3637070533774275
0.18186038485251815	0.0909325764798199	0.0907382265363873	0.27275005858678153	0.3637187535444929
0.18193380876281473	0.09092610140446125	0.09071998268862833	0.27271368003723456	0.3637064271068609
0.18187488298107118	0.09094028549037708	0.0907241516439081	0.27273950970245	0.36372117018219347
0.18195987552311357	0.0909409600659433	0.09072402510439623	0.2727090442103839	0.3636660950961629
0.1819394801028752	0.09093446509539584	0.09072365155317157	0.27274033478392845	0.36366206846462873
0.18196140938945127	0.09092538603735462	0.09073467329265456	0.2727123054532844	0.36366622582725494
0.1819277611278702	0.09092916793255852	0.09071744177610207	0.2727164627715434	0.36370916639192563
0.18190613936362915	0.09093486353451286	0.09074105770835605	0.2727127465322573	0.3637051928612445
0.18189029673313278	0.09092314316353828	0.09073785099398665	0.27273407476102396	0.3637146343483181
0.18192711634187814	0.09092322432378125	0.09074025201718944	0.27272888225259423	0.3636805250645567
0.1818976914174853	0.09093004108401788	0.0907196505309203	0.27273881549690215	0.3637138014706741
0.181910078919109	0.09092784973005068	0.09072660158254918	0.2727248472780116	0.36371062249027936
0.1819246381776367	0.09092515531716211	0.0907177394606044	0.27273449739046257	0.36369796965413403
0.18195414494923554	0.09092112350253398	0.09073847600754567	0.27270773844994245	0.3636785170907421
0.18191545367262993	0.09094259614724785	0.09073654900663858	0.2727080109375227	0.3636973902359607
0.18191129377897236	0.09092163070386308	0.09072357146918894	0.27273797380789866	0.3637055302400767
0.18188875957481582	0.09092175171657947	0.09072465624402687	0.2727426956479075	0.36372213681667015
0.18195114266375834	0.09092735544640021	0.09073506946757126	0.2727074792346477	0.3636789531876222
0.18186103544769194	0.09094251657219261	0.09074049978814812	0.2727498405040334	0.36370610768793377
0.18190067278158584	0.09094107777082983	0.0907317590094045	0.27271368256708806	0.3637128078710916
0.18191159320138567	0.09092631139866443	0.09072228226034217	0.27273838761584657	0.36370142552376095
0.18193601805152895	0.0909413883828806	0.0907216563954697	0.27271391544159185	0.3636870217285287
0.18190938163704456	0.09093741783138888	0.09072193250671577	0.2727223563226122	0.36370891170223835
0.18194923984908967	0.09092838638911124	0.09073540409018452	0.2727144426325451	0.36367252703906927
0.18190158886817598	0.09093646342722347	0.09072181569246673	0.2727509678641004	0.36368916414803315
0.18190253113597174	0.09093202126227688	0.09073552856197172	0.27272637999733784	0.3637035390424417
0.18193660476785858	0.09093187773661261	0.09073316381183275	0.2727256181809044	0.36367273550279144
0.18192764838027697	0.09093776481198936	0.09074136412942724	0.2727159678536098	0.3636772548246964
0.18194556011878554	0.09093592966471185	0.09072778760435947	0.27270727067281564	0.3636834519393273
0.18195173512674484	0.09092234277157518	0.09073229561219107	0.27270733146337833	0.36368629502611033
0.18190456119711157	0.09093796583608349	0.0907195516950272	0.2727464603933849	0.3636914608783926
0.18193883085863805	0.09093989900787486	0.09072434176299737	0.2727263347320082	0.3636705936384813
0.1819418314905793	0.09092299247030632	0.09072206712212709	0.2727343764668095	0.36367873245017757
0.18195659529528563	0.09093186652767521	0.0907172222905592	0.2727136329073907	0.36368068297908895
0.1818884224141236	0.09092428795032989	0.0907221165736428	0.2727482216624486	0.3637169513994549
0.18191240099080136	0.09094191783822131	0.09071992851267976	0.27273652645547036	0.36368922620282695
0.18186080909113397	0.09093701553834732	0.09074110804149571	0.2727439761151851	0.36371709121383766
0.18186191844270744	0.09094064665082843	0.09074069860563011	0.2727428473252643	0.36371388897556944
0.18187120650920507	0.09093913183486685	0.09072598374559254	0.2727411630833467	0.36372251482698864
0.18190449980049953	0.09093816685339848	0.09071818289508407	0.27272360152903374	0.363715548921984
0.18191628061939377	0.09094081605058121	0.09073776227353941	0.27272335702871836	0.3636817840277671
0.18190163216537358	0.09093783848817125	0.09073737991742853	0.27272956639901574	0.36369358303001065
0.18194046276722303	0.09092599002123858	0.0907213552966381	0.27274370263507297	0.3636684892798271
0.1818945594917631	0.09093540023090456	0.09072709277639421	0.2727360997916155	0.36370684770932243
0.18188615484508247	0.09092905308930455	0.09073381644997275	0.27273777339528715	0.36371320222035286
0.18192549314096934	0.09092913702623401	0.0907359920729208	0.272724107338711	0.36368527042116466
0.1819185763506661	0.09093528179680758	0.09074058399481864	0.2727207060645831	0.3636848517931243
0.18189112865485496	0.09093896607743059	0.09074220997392142	0.27271023785393567	0.3637174574398572
0.18188004444972458	0.09094147335054502	0.09073864207363283	0.27274541698778804	0.3636944231383093
0.18190012927370441	0.09092397421815483	0.09072494305941345	0.2727432750715706	0.36370767837715656
0.18194460008595886	0.09094057218079575	0.09071873096026396	0.2727242911457489	0.36367180562723234
0.18194167437899042	0.09093751341088703	0.09073348749166968	0.27271386265603986	0.3636734620624128
0.18189010845013331	0.09092882018987954	0.09073033399921955	0.2727403423468441	0.3637103950139233
0.1819089861574476	0.09092725993069031	0.09074087861482544	0.2727347477864581	0.3636881275105783
0.18192690482028728	0.09092483053784248	0.09073824392608959	0.2727168581302598	0.3636931625855206
0.18196681117940938	0.09092422197097803	0.09072141383290132	0.2727127497298095	0.3636748032869015
0.18188350795284827	0.09093634266369444	0.09072316132515673	0.27273868357783104	0.3637183044804694
0.18188072529322263	0.09093117182169788	0.0907292382266664	0.2727369987182515	0.36372186594016137
0.18192287900749002	0.09092865598638093	0.09073649803583797	0.27274215851568356	0.3636698084546073
0.18190182430086752	0.09093749953489574	0.09073977916510685	0.27273710984983596	0.3636837871492937
0.18191280921895453	0.09092968918503305	0.09074146955529924	0.2727148191526948	0.36370121288801815
0.1819245324995455	0.09092740025431016	0.09074090664954597	0.27271362911097113	0.36369353148562705
0.1819600648497846	0.0909216198172458	0.09072184250299456	0.2727174831743289	0.36367898965564593
0.1818940362154119	0.0909320156088269	0.09073930717091248	0.2727127893839913	0.36372185162085724
0.18190354542412412	0.0909420513318408	0.09073501597539833	0.27274564565501824	0.3636737416136183
0.18189477112712626	0.0909333425743965	0.09071945133627878	0.27273032141671993	0.36372211354547834
0.18195949550183743	0.09092764081862686	0.09071953099668388	0.27271590500801707	0.3636774276748345
0.1819508459672678	0.0909356959187598	0.09072067445065667	0.27272499418393314	0.3636677894793824
0.18189434997112766	0.09093865192486841	0.09073051503886156	0.2727449889058632	0.3636914941592789
0.18192254082161088	0.09093311176946002	0.09071775434679093	0.27274491737898277	0.36368167568315524
0.18190122899660593	0.09093703256549047	0.09074167902554119	0.27274123564806985	0.3636788237642923
0.1819187938988987	0.09092840312860342	0.09072945414754058	0.2727250800613966	0.3636982687635605
0.1818989637603387	0.09093401465515469	0.09074060104144335	0.2727286062364498	0.36369781430661324
0.18193243135964	0.09094038759250384	0.09072714727216674	0.2727371931168009	0.3636628406588883
0.18193906093570555	0.09093571508699719	0.09072645800001816	0.2727341590998048	0.3636646068774741
0.18191180186856412	0.09092967553552404	0.09071940937731156	0.2727405433541607	0.3636985698644394
0.18192559552209436	0.09092722011290559	0.0907184883045738	0.27272632624636717	0.3637023698140588
0.18192546892312572	0.09092181453621824	0.09071763202664397	0.27274527089141654	0.3636898136225953
0.18194705562005947	0.09093748678843722	0.09071872484274265	0.2727099688117695	0.36368676393699095
0.18188192179437718	0.09093129035775545	0.09073547108444598	0.2727357030577672	0.363715613705654
0.18193103140151864	0.09092907235801337	0.09074194572056604	0.27273517336534703	0.36366277715455475
0.18189986017571208	0.09094031012843401	0.09073716089921496	0.27272099561998425	0.3637016731766545
0.18187074127637004	0.09093381353704642	0.090730187652993	0.27274204885515513	0.3637232086784352
0.18190533204230655	0.0909226780791649	0.09073391962583888	0.2727398017695953	0.3636982684830942
0.18189525907760468	0.09093004752891079	0.09072976876844302	0.2727342683905932	0.3637106562344481
0.181921982077538	0.09092505821313525	0.09073294127657737	0.2727378074181904	0.3636822110145587
0.18190834680775086	0.09092367153819453	0.09073265584683313	0.2727487375854116	0.3636865882218096
0.1819346258335277	0.09093250822116818	0.09073129692744888	0.27272624517833166	0.36367532383952333
0.18191465875468288	0.09092437509231151	0.09073421693783285	0.272712991819408	0.36371375739576456
0.18191356363401234	0.09093733521274908	0.09073977305207924	0.272741616651065	0.36366771145009413
0.18194688176764345	0.0909213507235559	0.09073624277048488	0.27273247225637576	0.36366305248193975
0.18191978206353035	0.09092378269098517	0.09074025738469442	0.2727260501810313	0.36369012767975856
0.18192663202176576	0.09093590924121547	0.09071926709597229	0.2727454412643662	0.3636727503766801
0.18190556128624175	0.09093787248218452	0.09073645007730287	0.27273284907818907	0.36368726707608157
0.18194286328099005	0.0909250199533228	0.0907201869235566	0.27270811254633737	0.363703817295793
0.18194187437135984	0.09093952601779368	0.09073456572375926	0.272716824164604	0.36366720972248295
0.18191443176716884	0.09093373302239835	0.09074111630530354	0.27271744550648735	0.36369327339864177
0.18193433298833245	0.09093690747218265	0.09073190640544948	0.2727078820676962	0.363688971066339
0.18192853576734386	0.09092515841537015	0.09072046602052676	0.27274246734182606	0.36368337245493293
0.18192835608993518	0.0909283805475474	0.0907219703513625	0.2727155092233324	0.3637057837878223
0.18193738153781486	0.0909279627907502	0.09073844125343825	0.2727267804774377	0.36366943394055873
0.18190809708926386	0.09093927986980463	0.09071801610441066	0.2727232466417496	0.3637113602947711
0.18190236575027635	0.090940359120998	0.09072255844448557	0.27274421240362556	0.3636905042806143
0.18193207113841386	0.09093853348850062	0.09072256843096604	0.2727420057010703	0.36366482124104893
0.18193149776267872	0.09092639342501775	0.09072450326798324	0.27274531576353245	0.3636722897807876
0.18196244648391788	0.09092251509349226	0.09072147756551237	0.2727263495110174	0.36366721134605995
0.1818599436924761	0.09093574414098189	0.09073561171574428	0.272750524793329	0.36371817565746856
0.18191719751522017	0.09093857348085314	0.09072969603561011	0.27271687663705096	0.3636976563312654
0.18190419264474436	0.09092467543955134	0.09072912932341572	0.27273797181320786	0.36370403077908053
0.18194169700183419	0.09093211107485709	0.09072558811191499	0.2727211477722098	0.3636794560391837
0.18191923277325428	0.09093738038196991	0.09073865559849116	0.27274199657586873	0.36366273467041577
0.18193994603685149	0.09092883421755606	0.09071860234707879	0.27271857950539674	0.36369403789311666
0.18194091651320674	0.09092805947526995	0.09072329761780963	0.27273600192002134	0.3636717244736921
0.18191567838612185	0.09092518448044666	0.0907346916946837	0.272718048374741	0.36370639706400654
0.18192743577451667	0.09092934363804558	0.09072905921282776	0.27271710988582015	0.3636970514887896
0.18189997779949746	0.09092381230273336	0.09072590370386086	0.2727313669505568	0.36371893924335136
0.1819048362075105	0.09093643118827224	0.09073184596495304	0.27270776926122453	0.36371911737803947
0.18195372244180053	0.09092886214577689	0.09072062135284423	0.2727232624117241	0.363673531647854
0.1819782929461726	0.09092425732167683	0.09071787869140541	0.2727088211356613	0.36367074990508363
0.18192760008835057	0.09093273992025616	0.09073196004747547	0.2727436500482837	0.36366404989563383
0.18193132140638119	0.09092934835338799	0.09073520061235794	0.27273630256858516	0.36366782705928746
0.18194256874636427	0.09092135720697343	0.09072487649066653	0.27273597835960717	0.3636752191963884
0.18191050712214196	0.0909299475188472	0.09073659623885519	0.27274941613371984	0.36367353298643557
0.18191627873350555	0.09092157921439419	0.09074164053543748	0.27273377496995416	0.36368672654670847
0.18188543014889003	0.09093670452242766	0.0907175796351541	0.2727489709766399	0.36371131471688806
0.18194451976993886	0.0909396847433368	0.09072873578950902	0.272713503802333	0.36367355589488215
0.18191175970746373	0.09092761549081736	0.0907234836550712	0.272735181155606	0.3637019599910415
0.18195032363711577	0.09093987940890512	0.0907269586644367	0.27271841179818834	0.3636644264913539
0.18195397372419095	0.09092469831316731	0.09073160134668	0.27271555515897167	0.3636741714569899
0.18189325811019463	0.09092740301900037	0.09073288511959503	0.27274165250341453	0.36370480124779525
0.18194160038113233	0.0909380767968649	0.09072483227059805	0.2727140656850318	0.3636814248663727
0.18193408828664687	0.09093095082962627	0.0907170382814944	0.2727287769044602	0.3636891456977721
0.18192020201217945	0.09092289702034417	0.09073766585844423	0.2727235248795187	0.36369571022951325
0.18195249531384916	0.09094124085635859	0.09072536892943756	0.2727149697221927	0.36366592517816176
0.1819150574104902	0.09094037615223179	0.09072924233226591	0.27274435760014193	0.36367096650486996
0.18192406258761476	0.09093114179354178	0.09073762784863859	0.27274488749013753	0.36366228028006714
0.18193304605856223	0.090934392489864	0.09073996306545258	0.27272524682402804	0.3636673515620929
0.18194454023482973	0.09092153109348669	0.09072197918722316	0.2727082488883311	0.3637037005961291
0.18192265005496627	0.09093728540158479	0.09071824665067806	0.2727317974449086	0.36369002044786214
0.18193508916074266	0.09092444028469363	0.09073638233563687	0.27271374024021067	0.3636903479787159
0.18190145708567967	0.09092783793129566	0.09072202934572873	0.2727377257567176	0.36371094988057806
0.18189756013563074	0.09093312313267464	0.09074230459687121	0.2727208551083563	0.3637061570264669
0.18193687263617742	0.09093608496452271	0.09073018286009278	0.272732042771163	0.36366481676804396
0.1819266796995246	0.09092107965185355	0.09072745931767301	0.27271209164140076	0.36371268968954784
0.1819007438765718	0.09094247424272983	0.09072295274181458	0.2727328670278388	0.3637009621110448
0.18190568038730065	0.09093123091704336	0.09074226158410012	0.2727432326364125	0.36367759447514325
0.1819021947152858	0.09093404383205593	0.09074166535756463	0.2727170798243751	0.36370501627071833
0.18188931183099025	0.09092630625457394	0.09073352499251917	0.2727461392321157	0.3637047176898007
0.18191120356171786	0.09092360207907013	0.09073062795040875	0.2727356783164191	0.363698888092384
0.18191334224238737	0.09093353923285952	0.09073003015591884	0.2727384600928625	0.36368462827597153
0.18188209800813773	0.09094196555755217	0.09074233863817231	0.27274525861070276	0.36368833918543475
0.1819357433122109	0.09092198838303497	0.09073634895559012	0.27272085365584625	0.36368506569331754
0.18196332402475698	0.09092205913243265	0.09072037193101734	0.27271464629767417	0.36367959861411864
0.18189573840171808	0.0909225335026908	0.0907291843464523	0.27273414877644164	0.363718394972697
0.1819117773800634	0.09092586587119947	0.0907404551881679	0.27271987446773804	0.36370202709283106
0.18192514027327045	0.09092180915467918	0.09074085341129351	0.27271202323853316	0.36370017392222354
0.18192279083200086	0.09093697438710717	0.09072235285346732	0.2727269279352855	0.3636909539921389
0.18192153965957975	0.09092758702619838	0.09073695312224986	0.2727267179274303	0.3636872022645415
0.18190088411747807	0.0909306464291052	0.09072982325570078	0.27271855293398284	0.3637200932637329
0.1819135668085404	0.0909254476368879	0.09074210754257442	0.27273310535686623	0.3636857726551309
0.18192344433508184	0.0909248740888115	0.09073735425527704	0.2727245835174024	0.363689743803427
0.1818847189410681	0.09092261418765055	0.09072627319892752	0.27274831001651945	0.3637180836558342
0.18196203363129396	0.0909270834531844	0.09072646541982032	0.27271674645885946	0.3636676710368416
0.1819256944684588	0.0909312950273296	0.09071690443899724	0.27273425527161854	0.3636918507935956
0.1819347099342633	0.0909214320877868	0.09074146437975118	0.27273408289629253	0.363668310701906
0.18194387366035988	0.09092923966694536	0.09074083809971872	0.2727132538792784	0.3636727946936974
0.18190344043339707	0.09092303277508161	0.09072756072199879	0.27274600442322083	0.3636999616463015
0.18191024445258966	0.09093362508133422	0.09072611188059172	0.2727375517670428	0.3636924668184415
0.18191401843686933	0.090939394879568	0.09072663375169499	0.2727278356681315	0.3636921172637359
0.18191998969252643	0.09092285511329509	0.09072885808966955	0.2727226757840152	0.36370562132049356
0.18188516568435353	0.09093347932755644	0.09072815003188031	0.2727407359173385	0.36371246903887106
0.1819329973691683	0.0909359437811363	0.09071897848069542	0.2727254932573688	0.36368658711163104
0.18192747255598457	0.09093202256261859	0.09073851025585594	0.27271201683556373	0.36368997778997697
0.18189074198255842	0.09093621273786044	0.09073334675268895	0.27272087105482995	0.3637188274720621
0.1818846902814352	0.09094145725375935	0.0907419474900452	0.2727355439524579	0.3636963610223022
0.1819167398651656	0.09092606608854083	0.09073415610489313	0.27273346920592534	0.36368956873547487
0.18193560715124008	0.09092391043067571	0.0907381600906546	0.27271730978624964	0.3636850125411798
0.18193678911492867	0.09093562336477187	0.09071963101817943	0.2727097581703744	0.36369819833174544
0.18193955433255574	0.0909337488756854	0.09073635864695156	0.2727211008455505	0.36366923729925654
0.18193979878392744	0.09093964518322775	0.09072196305393562	0.2727321313353929	0.363666461643516
0.181927903046244	0.09093124733014228	0.0907259076195579	0.27274495205276617	0.3636699899512894
0.1819024516582286	0.09093561524879284	0.09072432621397078	0.27274230455991605	0.3636953023190914
0.18189718678931188	0.09094263289057808	0.09071975760793258	0.2727284783435848	0.36371194436859244
0.18191335027490782	0.0909273759865715	0.09074217731730473	0.27272895868670893	0.3636881377345068
0.18193220651729483	0.09092504894412096	0.09073918529542158	0.27271854447062605	0.36368501477253634
0.18193290694240472	0.09093395162210803	0.09073669802127769	0.27272554980222363	0.3636708936119857
0.1818937046237122	0.09094188426486081	0.0907212153074282	0.27273098168735666	0.3637122141166419
0.1819134996277058	0.09093376661650437	0.09074071459084046	0.2727098517179235	0.36370216744702566
0.18193310212446934	0.09093449908369843	0.09072667345690828	0.2727400770973368	0.363665648237587
0.181935416785605	0.09092725725024148	0.0907213177393319	0.2727495712310156	0.3636664369938058
0.18192835413380773	0.09093422279532562	0.09073583921890822	0.2727115817204534	0.3636900021315048
0.1819386722087739	0.09092790669106689	0.09072164080157825	0.27271810772516236	0.3636936725734184
0.18187976467041972	0.09093238829174624	0.09074100349205505	0.27274796003160373	0.36369888351417506
0.18192277744996876	0.09092814542616524	0.090731611236816	0.2727428657154885	0.3636746001715613
0.1819269463708511	0.09092455715075319	0.09073534588207939	0.272719552853574	0.3636935977427421
