0.025045844796280248	0.045885746889980705	0.1754790631262949	0.04517480285507913	0.12306985852756167	0.3456189181694518	0.21894352519391314	0.020782240441438282
0.025166643883678355	0.06451261485211847	0.15603806504449744	0.0453774363898307	0.12562932079411504	0.3523849372971931	0.20864100928197593	0.022249972456590716
0.02953607046667775	0.019452258951703105	0.1779525322907936	0.04856305490553536	0.12088157225772854	0.3511582124089904	0.2316584363968643	0.020797862321706703
0.02384468606728246	0.008560411049997121	0.16095199630868187	0.04524248292613138	0.12612004750601857	0.38716468571309837	0.2254970871190104	0.022618603309779606
0.027349165408685414	0.046234693300717514	0.16439570847718	0.04659384500325865	0.13309694587504967	0.34129867803226305	0.21933474112614076	0.021696222776704743
0.026733538323590017	0.05757067583587561	0.1651027822924257	0.04545963118860452	0.12112754346481128	0.3434508491372389	0.21674680481598768	0.023808174941466143
0.027128898325288253	0.02436846843250126	0.17769591309606808	0.0448719001954911	0.1322146093682806	0.3778258744390509	0.19550000884802718	0.020394327295292405
0.026972478054901147	0.015488884220061727	0.17541529127936084	0.04711715789904894	0.1359442232398542	0.383346627097115	0.19308340384269337	0.022631934366964618
0.02592018138615443	0.04036215086882465	0.16384000539748256	0.04611830323296186	0.13076542995927	0.3658266632527729	0.2055884561060185	0.021578809796514886
0.02189470579059663	0.028791259986139198	0.17363944134724857	0.046213571297319206	0.14292904994481104	0.3614082858342099	0.20323191599592208	0.021891769803753208
0.024314636042521542	0.030448726848691765	0.1725138069726614	0.04578319915177201	0.13975299156510596	0.36713776990256775	0.1998217342613149	0.020227135255364515
0.021699152692672544	0.02005172346286152	0.17797084727191426	0.04639212518521388	0.13721691464033622	0.3455173082025883	0.2299813812557121	0.02117054728870091
0.025590152234921976	0.01212552887088636	0.1699383462519779	0.04605889311273631	0.1291091338141873	0.3570835863767716	0.23727713822829388	0.02281722111022444
0.029074576338358818	0.013348880223481574	0.16301714296490386	0.04664615431008018	0.1427947521004129	0.35450623443609064	0.23035861748081268	0.020253642145859146
0.021627596334526544	0.019275855384690857	0.1587223038744705	0.04753786406047457	0.137586267458592	0.38357864090499916	0.21028510796267735	0.021386364019568796
0.025331552212355668	0.012580141777292816	0.1667532017614529	0.04545013987322183	0.11521181665472605	0.37944581026904856	0.2314318905743123	0.02379544687758968
0.026389438332434803	0.022126669560337847	0.15997465409568806	0.04605002191946364	0.14673559898065242	0.35352001736174005	0.22231446622671377	0.022889133522969243
0.025592760843097737	0.05495779307118662	0.1620075520598106	0.04818159674621776	0.11980453492536844	0.3352421013683961	0.2332388459030854	0.020974815082837134
0.02865535868739244	0.028583513271283403	0.1713388623873435	0.04622236592434788	0.11414468923697574	0.387952147595932	0.19915331432480587	0.02394974857191899
0.025649468212552526	0.01670645816613134	0.16443026352435658	0.04881350384661723	0.12549168610066896	0.3888958311033215	0.20705328556967995	0.022959503476671778
0.030181845654925557	0.010659473125639557	0.16443093475954448	0.04743839001409082	0.13153838976460208	0.3800537581986758	0.2142558281989521	0.021441380283569372
0.0208664265540765	0.019047808589830753	0.1674123782569796	0.04668783887679355	0.12215328761501786	0.3687004425609109	0.23494660939037032	0.02018520815602036
0.026503636167152317	0.010556673858782492	0.169064620844189	0.04860755723993715	0.14547600831206947	0.3625232577583295	0.21366428375521596	0.0236039620643239
0.029827345336157204	0.037105936230871245	0.15839468970466936	0.04500541139022343	0.14578058814617936	0.3581931585759552	0.20363670904474615	0.022056161571197858
0.026617240077395465	0.026956735889623218	0.175602445001662	0.04809348113731275	0.12566213916987956	0.34113975617923786	0.23527523762529662	0.020652964919592356
0.025698768258876334	0.026018859484015888	0.17311782500368816	0.04759015056327104	0.11731815885085196	0.35596152716138896	0.23291043555273594	0.021384275125171548
0.027829016544003438	0.028668356040770823	0.17187821500056613	0.04479894104149365	0.13421262139205323	0.3493479193112893	0.21970534562574467	0.023559585044078624
0.03034635755428619	0.05034195685983417	0.16728673238005742	0.047719543368998835	0.1173311693958943	0.35326135892703836	0.2134811083893742	0.020231773124516322
0.022754701125082655	0.04188881538514527	0.17227613194493857	0.04721813496958013	0.1210458823492783	0.3525014485312815	0.2184221843169813	0.023892701377712072
0.026654278810228346	0.04034075978924247	0.15540724241793158	0.04880067002800231	0.11974574877823224	0.36105426873608093	0.22679518911258328	0.0212018423276987
0.021626555863303587	0.033941216049748715	0.16892100864872223	0.047832243942372454	0.13510316426369365	0.32997044403190623	0.2419562616043207	0.020649105595932304
0.026044451536439264	0.01003958878841775	0.1689714472532825	0.04528537959055623	0.13374223930329596	0.3634994611759733	0.23183893378679232	0.02057849856524241
0.02281786445853083	0.0442966827302638	0.16353027237157383	0.04520603581667705	0.12248846372669617	0.36787910552037173	0.21244122095381252	0.021340354422073868
0.02412893762878479	0.011096451840723456	0.1734590804303129	0.04879679722198381	0.14620211682634693	0.3786866533081208	0.19387593543411802	0.023754027309609127
0.021214710450782784	0.026927663119797787	0.16377722508050188	0.04615924789119995	0.1325136538795408	0.37432216724318473	0.21151996803953815	0.023565364295453736
0.023149497369460065	0.019174671522933895	0.16942178499311888	0.04701787077712907	0.14457641454275127	0.3518203022823656	0.2212168958384656	0.02362256267377541
0.026419004418855682	0.015359737218324801	0.1569127228871432	0.0487075775409042	0.13695574247443595	0.3870809010651701	0.2082211110038261	0.02034320339133966
0.028771672457873612	0.024543733072031004	0.17743685872690554	0.044781237615213326	0.1188097959751493	0.3882346254792286	0.1967651385140327	0.02065693815956575
0.02144608147546921	0.025950092543331582	0.16907618667572272	0.04526855414585934	0.1324732633738788	0.3823212591910742	0.20018895845739637	0.023275604137267675
0.02923469385664225	0.02184476831567722	0.1714592454209279	0.047091549989846035	0.11878076938202946	0.36838373081915743	0.22108576065408914	0.022119481561630364
0.02181672127780679	0.03250075943485943	0.16286317815024656	0.04468322181145565	0.11360734904121857	0.36116172448421185	0.2433487528953432	0.02001829290485771
0.028363273835260105	0.028646112229037027	0.15745314602116547	0.04622245753566109	0.1305423797230222	0.3481102904174549	0.23951834524478482	0.021143994993614176
0.029262236296530075	0.026083487709559983	0.1631458198923194	0.04468540679978475	0.13003307401879735	0.3883642574864271	0.19469096475196113	0.023734753044620013
0.020676285456562443	0.022075221842432782	0.1596721619223121	0.045423470301309124	0.11279289699076119	0.39116794199324	0.22711634287591032	0.021075678617471838
0.022505871600714017	0.05623612619175564	0.16152472143344473	0.04583477102142515	0.14259953033727626	0.34461240497942347	0.20427053735035597	0.022416037085604634
0.030240418523782495	0.01677725883157724	0.17151134701715529	0.045508824924643115	0.13109088313973857	0.383709826437591	0.1998322055540252	0.021329235571486888
0.023650994457479604	0.024068696576805007	0.16022939710234532	0.04855129058920697	0.13017952601194266	0.37791343106756536	0.2121425209428096	0.023264143251845212
0.026869896870182486	0.01672245931016407	0.16394370622740118	0.045443114180001506	0.1360261031395119	0.34937815531953487	0.24022369425733356	0.021392870695870203
0.027903290446310583	0.017400000677171568	0.16538171478405544	0.04855486360472422	0.12559122237064163	0.3506012085486564	0.2420955466403188	0.02247215292812116
0.02078650369887383	0.07762574781760498	0.16216496377976355	0.04781542743671434	0.11441938181716864	0.3517511719137083	0.2030112223132211	0.022425581222945024
0.021753229640580546	0.044223953618584985	0.17350984149350673	0.04535558559859411	0.12838627691122984	0.3452446135380481	0.2181801699807188	0.023346329218736722
0.028171696430900367	0.07913514459713547	0.1565091134696562	0.046662200595017925	0.14320664818284864	0.3252121652131965	0.1978999691286269	0.02320306238261774
0.024766657733839265	0.0606951242865781	0.1777608428257057	0.0454814518875238	0.13342846924411178	0.3316663702548469	0.20492506273908584	0.021276021028308334
0.026163800655565228	0.06681111329334045	0.16335081508582905	0.045633058858191994	0.14556350884752195	0.33555494222381665	0.19680562952910854	0.020117131506625932
0.0281759672505833	0.08270835924482531	0.16554824313262861	0.045915705438779195	0.11632497478175415	0.32290158216239473	0.21644761417234337	0.021977553816691087
0.027272960674279506	0.047176055271407835	0.1663696001073987	0.04798130514736773	0.14145901325823054	0.35202679975040374	0.19769039855453796	0.02002386723637381
0.028902545967617238	0.03598401874430822	0.17695524890883468	0.04749371191224504	0.11276063595717029	0.3765648232152399	0.20127378944426183	0.020065225850322624
0.027895871509967335	0.030144114233224897	0.1644660893900694	0.04646741207696993	0.1475730582359545	0.35064402384747767	0.20973056610301039	0.023078864603325686
0.024205558961105683	0.057648508238368784	0.16665670103484892	0.04497727197007334	0.11982464079219478	0.34764536512109373	0.21608415654498814	0.02295779733732642
0.021927301231277785	0.04191967217804482	0.17503619671140203	0.04505217804894045	0.11634195228187426	0.335330713098259	0.2440743049111389	0.02031768153906259
0.021167617766229094	0.04589410941479034	0.16816936327515125	0.04652828200625729	0.14397061167163377	0.33988498840302184	0.2119116900917512	0.022473337371165053
0.02376126640987153	0.07065807719330905	0.16001856279746995	0.04663219034761659	0.12411937675497556	0.3522471835220033	0.20006159911680382	0.02250174385794998
0.02970533425195057	0.03371111631996396	0.1753255734604451	0.0450733217995144	0.13521062143060092	0.32953336087353124	0.23147844597045453	0.01996222589353902
0.025160505708191463	0.020425086599182823	0.17260871491602722	0.04693733753471874	0.12749507943127353	0.37941386735799887	0.2058566811196933	0.022102727332913893
0.025861792909382217	0.02445160572997919	0.16972122055097064	0.04561049695214035	0.14525833725357898	0.3397087302842414	0.22702118389622683	0.02236663242348025
0.0253232000604032	0.05373230222910433	0.174286208629217	0.04590968830876016	0.1282375057034448	0.3497041748480545	0.1996507375726737	0.0231561826483421
0.026290835977747617	0.05725111597862652	0.17073525367685854	0.0461715453821708	0.12697352910418605	0.3260927355354268	0.22257085223012735	0.023914132114856115
0.028684116181226835	0.0663636070938804	0.17556278538046116	0.04573621983616452	0.11689267003511719	0.34537207404123665	0.19858124075521766	0.02280728667669539
0.029935925363096055	0.05801183179153643	0.17131699779960718	0.047117070127818225	0.11486105465526171	0.34653104960163394	0.21210489626788623	0.02012117439316008
0.029649193984463015	0.07241645224077613	0.16307588238645446	0.047966378585892866	0.11478375392797989	0.3549485475841398	0.19527002286577888	0.02188976842451476
0.022632134604881574	0.03243991230212974	0.17451744624207838	0.047296107401056414	0.1466332085317688	0.34734514712411435	0.20871722418449606	0.020418819609474503
0.02207560433410527	0.04332366331462198	0.16656581957541589	0.046213358357055784	0.11665500239753503	0.36833622279951855	0.21647188991527805	0.02035843930646926
0.03007684576738555	0.04541377738395176	0.16815155298720988	0.0455482004315223	0.12554729482171492	0.32273818281700883	0.23985560292777827	0.02266854286342826
0.024978048945411432	0.03590301855959295	0.17217213255684072	0.04514185252252079	0.14128686888915665	0.34794106159941274	0.20989416317174842	0.022682853755316118
0.023561335732082203	0.009583415536486395	0.16209395714739777	0.04785042061377737	0.14336072663216765	0.35552988103495037	0.23691727976833526	0.021102983534802833
0.026757981489520064	0.04097691438402898	0.15745936200998115	0.04856762112898508	0.1373228775901839	0.3399025345559631	0.22702561084982167	0.021987097991515853
0.023247533870415532	0.07813696385758359	0.16183363977890158	0.04671648101661563	0.12959855382720398	0.3307159789222878	0.20630004089109136	0.023450807835900284
0.024788757200093006	0.07876562528709877	0.15769062921644666	0.045436121523484724	0.13175657356851758	0.3361903642317746	0.20468816660788514	0.02068376236469932
0.0290497342673645	0.04344461251367793	0.16971296565494737	0.047617382427276395	0.12663745176723146	0.3379394077342233	0.22497275191216898	0.020625693723109823
0.028812871788374064	0.03713067088006211	0.17624651850686018	0.045680328775651494	0.13641292459679763	0.3515523041840609	0.20399043093391686	0.020173950334276547
0.02188061881001349	0.0431308625790144	0.17692065306940563	0.04789487744222784	0.13710954138345025	0.34177739930717377	0.20986962803464188	0.0214164193740726
0.02638651743710045	0.03616775218901701	0.16312192711602017	0.04722649895965758	0.14130057980694855	0.32861548981784283	0.23341686238935352	0.02376437228405967
0.025170788497709373	0.053318077223513435	0.1564269766390015	0.04589513076204162	0.14449424768524782	0.34435099070389186	0.20711464119148054	0.02322914729711356
0.02163841846928566	0.02860221658206291	0.1599636055617697	0.04807673733383877	0.14413855328167777	0.38255692399729857	0.19427195169980413	0.020751593074262248
0.025972605657310757	0.043096991577269775	0.17302134415086726	0.04716579696714475	0.13246240399298603	0.3422125577789547	0.21409652797333145	0.02197177190213509
0.023195655130707052	0.04508243666099032	0.15928169365254682	0.04574115857386264	0.13301125528076368	0.36662019306917437	0.2068814992041308	0.020186108427824034
0.024843809298541006	0.05584240020550993	0.15614089043502566	0.04699086156375748	0.12282865707019854	0.355911014892294	0.2140090780956554	0.02343328843901782
0.02230812003947455	0.07723545080993752	0.16414048872948855	0.04671295721683104	0.12449020755686035	0.3511566886745111	0.19401542221364654	0.019940664759250187
0.027170318016053727	0.052556176489993695	0.1576791310438938	0.045211049740751685	0.12239127789398993	0.34275822770633335	0.23084672767521697	0.02138709143376663
0.020758969904376978	0.05265774701676748	0.1578109573321595	0.04665143000725734	0.14187366713341495	0.3255871526437235	0.2315474345976054	0.023112641364694653
0.025491417871797137	0.04876264638120635	0.15762533174553717	0.04496534218035757	0.1263011820319792	0.35780937411570823	0.2184184061755134	0.02062629949790072
0.029731487725850353	0.09030672474171843	0.1718503096504187	0.045157026252035604	0.12093039818132775	0.32633947373584127	0.19484495006410604	0.02083962964870173
0.026440824013007194	0.06814806720941002	0.16228103610226494	0.04467248369214684	0.14147804653575238	0.3317605034327171	0.20321647004456855	0.022002568970132808
0.025920585349390318	0.03754625153206749	0.17731485473173003	0.04698896456321841	0.13336255445569134	0.3528254235688596	0.2041407674000296	0.021900598399013108
0.02357915967513663	0.024874361236000897	0.1641573829098437	0.04778763148091904	0.13352465893215473	0.38906652075775827	0.19484819386454988	0.022162091143636736
0.0220312901180469	0.08004596864567327	0.16017707554395824	0.04621007141433897	0.11650889007511724	0.35557484926177474	0.19706131877799204	0.02239053616309844
0.022311309684520386	0.037939054513953366	0.15970221147420002	0.04704305627718759	0.1460663789831818	0.3231750358349247	0.24323258269953013	0.02053037053250177
0.028949655705606342	0.03854585975654751	0.15591693789213606	0.04737855793315071	0.12366790706570095	0.34506291174366227	0.23830794469866604	0.02217022520452988
0.026464147096248836	0.030370449083527137	0.15814059992241034	0.0477840566097253	0.13708185590761202	0.3658009866046465	0.21303696558741034	0.021320939188419347
0.02712052895501242	0.024516147624587648	0.16119291337495903	0.04782667186895313	0.1258742993726934	0.37180049202877563	0.21801656101500777	0.023652385760010802
0.020783058602781818	0.07478091108678545	0.15906050339858313	0.04814513925507366	0.11744766541818025	0.33434197941412924	0.22410506610406727	0.021335676720399044
0.028994846788094775	0.03583849244281759	0.16819032045249752	0.046464448402284544	0.133121659250892	0.33694874433717625	0.22999338698362903	0.020448101342608077
0.023967197822759176	0.056459423253026775	0.15621419046082352	0.04758325913773209	0.12993588642947554	0.3398107860538431	0.2246126179105678	0.02141663893177176
0.023488330005346558	0.056489092603663665	0.15819704399621917	0.04551896511219175	0.12612909768231279	0.3321428541744486	0.23776188359167566	0.020272732834141605
0.029789962601094774	0.01612611340276973	0.16739088891576104	0.04607830218861844	0.14504535283490022	0.3402369547924118	0.23305877613667708	0.02227364912776665
0.030378595170128225	0.023577724765164634	0.16789574919637307	0.045448408860043255	0.13757893139944138	0.33704362491043943	0.23762596539872366	0.020451000299686148
0.02369422675405189	0.06285240129588636	0.16362763512463444	0.04682510309539366	0.1383050140347933	0.3313869992887194	0.21134579853940175	0.02196282186711901
0.02931749391877697	0.06584703021825933	0.165997896125621	0.04808347948101524	0.12388016604540385	0.3335183784555916	0.21064162681740323	0.022713928937928576
0.024373346075231755	0.06250590609876801	0.16802197793033843	0.048471005127096914	0.12191379511066873	0.3591197877703536	0.19458951916370815	0.021004662723834305
0.028960232171128725	0.049774409346467485	0.15968375105885801	0.04590285292699711	0.14748110815087392	0.3424972414835683	0.20460284938856538	0.021097555473540905
0.025291134384063607	0.0401615352701027	0.15983863824642813	0.04741577631212096	0.11410871107676777	0.38210540143450944	0.2070564292332386	0.024022374042768593
0.03034860179332638	0.03250671635463753	0.15703688110244374	0.045973007300934565	0.13606715969214092	0.35416343799968736	0.22141243424776483	0.022491761509064498
0.02083705105744227	0.037078291724692944	0.15582549475215168	0.04727168057662616	0.13732157917361013	0.34621391062074347	0.23289122169613324	0.022560770398599925
0.020991932963802834	0.07561233584878149	0.16783299126642262	0.04549692904272369	0.13135477399345033	0.32248598185466637	0.2161803762164907	0.020044678813661773
0.03002931845697239	0.08806583456464936	0.16134928202412716	0.047937666398261664	0.1220223937950559	0.328117533937197	0.20241928078265775	0.020058690041078533
0.02833823355164397	0.06213902875751977	0.1555827247280431	0.048801157315863306	0.12167314179051109	0.33318845820321186	0.23018048593683677	0.02009676971637002
0.025201892445831306	0.05424062978018618	0.1617568307366112	0.04487482003104064	0.12386494507600758	0.3396675707098964	0.22993001426202742	0.02046329695839913
0.020695409092208364	0.04459949842324347	0.1570605297354395	0.045870176866404336	0.13518091827688675	0.3356296928636072	0.23891280585128044	0.022050968890929737
0.02584514059037743	0.027809403175915237	0.17129020368922918	0.04522082583591969	0.14089550284311553	0.33842957921248634	0.22982756858553666	0.02068177606741972
0.025817179398181317	0.022178860238005346	0.1709858293467892	0.048115363355740376	0.13008721813689775	0.3780696775142456	0.20355889716053566	0.02118697484960466
0.030165129117405987	0.008764846998913556	0.16928141799471577	0.045362314487395666	0.11848667038974803	0.386966919790094	0.21919466853040864	0.021778032691318172
0.03006850337513485	0.020869154585412233	0.15896637532040175	0.04782301836743286	0.13175513903911068	0.3692030207858431	0.21789322480614667	0.02342156372051768
0.030024417196790415	0.040002803062736056	0.17437505493017846	0.04627267811481631	0.14143781992305818	0.3439949061090812	0.20191291991589244	0.021979400747446767
0.027760690449045305	0.08377300022449356	0.17603372029357767	0.04810109168575924	0.11703502719593517	0.3243326843951263	0.20102513045700474	0.021938655299057808
0.028595107648345067	0.09604059889529161	0.16269253065439815	0.045789766334334764	0.11417665395517214	0.331778374947197	0.19754582904518145	0.023381138520079642
0.02689749826432772	0.04466603190241006	0.15711455867762786	0.04863882570161046	0.12971610385213478	0.36636608742481713	0.20335352932346723	0.023247364853604555
0.024404113394135715	0.04652027628728474	0.16657993818003575	0.045810758036704716	0.14028143834703377	0.34023384356782205	0.21572928798212254	0.020440344204860433
0.02954127677568466	0.032825476648656385	0.16883361994910845	0.04745011882769459	0.1298265915429514	0.33648922197855546	0.23160140199033352	0.02343229228701535
0.02133826735561578	0.06114639114135206	0.16268621720323528	0.048383639146355614	0.12074604992143056	0.3440911272210775	0.22143500676732672	0.020173301243606334
0.02330070677337967	0.04670963556631161	0.16273518728441577	0.04833174075088528	0.11390741266173174	0.3503191946745137	0.23140982933851612	0.02328629295024584
0.028662651705032877	0.06462844051370456	0.16685416521989715	0.046449640348378424	0.11566079248917992	0.3219539922832565	0.2344342119119125	0.021356105528637898
0.02535810102539951	0.036729301929306665	0.1666265195182909	0.04750167635029749	0.1377867400682734	0.3708302264340432	0.1943042829008546	0.020863151773534053
0.023942221819861276	0.01522390854135855	0.17695096916999853	0.04815646843216903	0.14253592369931573	0.34999969734492825	0.2226117354756021	0.0205790755167663
0.028334360832962285	0.033207738564172015	0.17749839507125492	0.047928009922295775	0.1437547080041901	0.3285651221834832	0.21957072140083972	0.021140944020801758
0.02261889829504571	0.008782469132421256	0.17674800995100043	0.047622812271231454	0.14019796128675766	0.36257150277173733	0.22069660509519018	0.02076174119661575
0.029170276538216383	0.024692195662109853	0.16827468934198997	0.046623495436466364	0.11379098485093125	0.3839585069813968	0.21180740609371554	0.02168244509517364
0.025900930632768604	0.02259871230102936	0.1684507784290468	0.04666593725340376	0.11808793134317135	0.38771075233357477	0.20794391749209196	0.022641040214913116
0.023094038873011688	0.017219487217882995	0.16039963095668985	0.046974294841036116	0.14114049200007112	0.3796112679699888	0.21064923578179912	0.020911552359520177
0.028958633188894967	0.06804862870408471	0.16852348478310092	0.047924675554128174	0.1357180018320041	0.32443488153624045	0.20412811239412415	0.022263582007422233
0.021796422118406142	0.04704568602921161	0.16438047704730058	0.047036297114153885	0.1267567284135711	0.3452956043899702	0.22682537724555263	0.02086340764183367
0.029337036582060716	0.056879269744497585	0.17457354796438207	0.04744250253557973	0.13776765761873103	0.3272330308378004	0.20663122359040675	0.020135731126541517
0.023937922904060133	0.028370876796874264	0.1664850221914968	0.04664961366418373	0.12545528949464263	0.354020940623586	0.2320497218018221	0.023030612523334132
0.028717339461847402	0.02241865111538792	0.17509919025979737	0.04609447270929365	0.12740702935697645	0.3540331068040292	0.22385913093611548	0.02237107935655236
0.0286527169311898	0.03530305130784965	0.15575177670836612	0.048656354690075995	0.14114909424301114	0.3658934811433138	0.20397231883848568	0.02062120613770757
0.022699006016830323	0.027297107042828034	0.17531057676318162	0.04690758022759264	0.11471503799657755	0.3872374581907294	0.20386655363401604	0.021966680128244223
0.025701239920061875	0.021128240902585443	0.15825991087605712	0.04765346393593296	0.14006469625164114	0.38791046632920234	0.19869897639697243	0.020583005387546413
0.027787588185469003	0.04929796341243063	0.15591564347627537	0.04742952977294777	0.13301997914182545	0.3596880183085315	0.2035694685128971	0.023291809189623022
0.02101764980222401	0.04807646735465715	0.158372481592742	0.0481113724299618	0.14346040219387377	0.33624997802141543	0.22454041470734296	0.020171233897782692
0.023498929556443365	0.04465480515413266	0.16635019619486988	0.04848039274254952	0.13714297894311286	0.3493551902973209	0.2077022784699768	0.022815228641593813
0.02418194941522578	0.008383281122191596	0.17051885983231657	0.04478163371790776	0.14530662505838599	0.3584551145892215	0.22817320180927692	0.020199334455473714
0.02228475215220449	0.008440309594823697	0.16531491884671748	0.046323027483581886	0.12424467143232075	0.37278530862236503	0.23806807835445992	0.022538933513526607
0.027819682820893935	0.023099213366634147	0.16495746652516297	0.047136316326257754	0.143373508999576	0.36375222718351086	0.2087410788937933	0.021120505884170887
0.0299391363759052	0.013728838277494063	0.1776584819684951	0.04744564199670899	0.11735781100997994	0.3793200787629665	0.21279839364582143	0.021751617962628575
0.024640120171593657	0.03091050585147491	0.15826441468429572	0.046527038085816694	0.12337508860432599	0.36716703964982045	0.22676085043414781	0.022354942518524545
0.026963175901620062	0.034925696183479696	0.16797093916763997	0.045988474101287105	0.11885351370153677	0.37348310634299964	0.21006918612109965	0.021745908480336973
0.027148010661218955	0.018056617689492863	0.16105928354891155	0.04499174673817004	0.13410568255333413	0.38558482462757915	0.20563973147531112	0.023414102705981946
0.023312023318937766	0.045479534128615634	0.16591380421192609	0.04854507389542337	0.11515774280127791	0.37022336223215135	0.20824852264060473	0.023119936771063027
0.022669346647040192	0.014463815321123591	0.16117677020652815	0.048306700873966046	0.1392097891560745	0.3479823076642379	0.24333551399772851	0.02285575613330096
0.027743803215181398	0.028097024504620677	0.15816881235683783	0.04656639432650614	0.13993367435484638	0.3566503463957025	0.22225529816821243	0.020584646678092455
0.024129423249819426	0.037399939378901875	0.17311236116605017	0.047020960302040254	0.11705497437897136	0.35788765342448703	0.2203253188220644	0.023069369277665355
0.024993313628701178	0.04689429630264323	0.15655817021821714	0.046813007888039895	0.13015137379963207	0.35459698282853835	0.2169798899273547	0.02301296540687324
0.022042172123301618	0.00884152368823854	0.17372428812227936	0.046859485719761645	0.13208393892658768	0.3751374647423351	0.21790547866857035	0.023405648008925473
0.02914843277824683	0.008879361819743123	0.1576888148613726	0.047341314491576636	0.14174515924645428	0.3623510103388673	0.23138532427512606	0.021460582188612964
0.025866118546708464	0.009604530389863877	0.16230647327664338	0.044879900532447684	0.12949714855915476	0.38796192644078753	0.2173494797336714	0.02253442252072277
0.027891449029472548	0.018744136960188437	0.15581238094753724	0.04482111088148953	0.13017338001591863	0.3875177939455532	0.2136371782123201	0.02140257000752016
0.029142000162576426	0.04702368892458321	0.16812451047953944	0.04667313318305055	0.12540076354961174	0.3333941169496092	0.22982732069242226	0.020414466058607028
0.02913073264087096	0.02286450435208308	0.16369064549856932	0.04605751733721346	0.1372597328886489	0.35660875422990546	0.2214225064134263	0.022965606639282293
0.02665055067949966	0.017100596076072866	0.17366555344250623	0.04740901519211141	0.11292242173395702	0.385498905760988	0.2128326215374229	0.02392033557744172
0.02720955116192189	0.03085138887388393	0.16846603718585482	0.046544367268065115	0.120693601301026	0.34139554580726283	0.24149527258356435	0.023344235818420822
0.024538951073765247	0.06324779883174875	0.1778402668278451	0.04602033535227447	0.12860025078243575	0.34123177176296066	0.19534680639887053	0.02317381897009932
0.027437043878079465	0.045481819639988985	0.16634466288667593	0.046264456804601006	0.12382146341073413	0.37138098639100536	0.19573050729774444	0.023539059691170552
0.02877410706079389	0.042843977201469235	0.16849929202715971	0.04821022819196846	0.1321772607240793	0.34561504850099645	0.21241281172037174	0.021467274573161
0.022818423518211145	0.05754645445356624	0.1586135923813189	0.04515976203970215	0.12139448212250603	0.3335609011654904	0.24029143404067826	0.020614950278526625
0.022867413638420625	0.04309152477152496	0.16178319804369468	0.048751917942861434	0.13162095282973924	0.3249054182121904	0.2435524701387911	0.023427104422777414
0.025180030624757335	0.024404016628266467	0.16668023442935967	0.04490742566027095	0.13066011279866038	0.3832107871067536	0.20108083667819607	0.0238765560737354
0.02658417836043088	0.0287587373048709	0.16014980575460747	0.04497935348231942	0.12113787603316128	0.3725377336650416	0.22433688001207083	0.021515435387497395
0.023655726624287263	0.02660418699915379	0.1722729730855035	0.045709440785211775	0.1275460156406216	0.34630230423427444	0.23388769897287204	0.024021653658075293
0.02794092265129837	0.02668767273577083	0.17029284491055693	0.04482443238231035	0.14401707712896045	0.3431511131056294	0.22100637476214113	0.022079562323332413
0.030048746219467404	0.02666845559811279	0.16227614671904	0.04519435997493862	0.13954141132560322	0.3411772629682629	0.23201442303183545	0.023079194162739458
0.02950374723558738	0.04785391791911958	0.16974489562326464	0.04845820059402482	0.12631030613902997	0.33059678443232243	0.22420522251088976	0.023326925545761185
0.02824150652987968	0.04628230177355806	0.16861117210960685	0.047262420622195975	0.1178290709365726	0.33846535093676144	0.23212571122928227	0.02118246586214287
0.027829226482139605	0.08958187320704711	0.1609480111169969	0.04623709705397956	0.11551429109076874	0.332338619733608	0.20464399508679487	0.02290688622866499
0.02507984836828911	0.07890591719485102	0.1609802429903594	0.04868839165522723	0.1382888868003992	0.3270808130799324	0.19990253212154022	0.021073367789401207
0.02869726779738324	0.026445553599495075	0.15874849092166896	0.04693860434319547	0.12354004895926017	0.3807201837641312	0.2148568332166055	0.020053017398260292
0.02895239421973972	0.036162555319693465	0.1613739781016594	0.04580549541847999	0.12848211400847054	0.36081707209842584	0.21698485849462662	0.02142153233890423
0.0280939473166143	0.049088022382479196	0.16311491375757337	0.0472808302883308	0.12669034727098763	0.35874518540623146	0.20477641004715286	0.022210343530630228
0.029877228051728683	0.03786022250504599	0.16576276932001666	0.047076123936139594	0.12434690044123589	0.3461127998012342	0.2273954787096951	0.021568477234903738
0.030243379857829947	0.015592664046703161	0.15618140438170722	0.04798165069779367	0.11309483466739478	0.3859354709506482	0.23015154811255156	0.02081904728537133
0.024917922853756436	0.039613794568340244	0.1590167146574943	0.04534603496809078	0.12116284417284645	0.36087359030249344	0.22509537784656508	0.02397372063041303
0.02763130763496341	0.04938645334236172	0.15985966977444283	0.0463893238478561	0.1152690844079515	0.34179250968058017	0.2367558183777146	0.02291583293412945
0.025718671318441133	0.0161561731851175	0.17010215298878825	0.04685202471533531	0.13469755737112465	0.34354108322309074	0.24138506757493744	0.02154726962316479
0.029018865681688558	0.04419249991674831	0.16112663420591913	0.048221130229968406	0.12383842066026486	0.3758928663383191	0.1963513562201674	0.021358226746924003
0.028579371696300107	0.04828885922355043	0.15804508191980016	0.04730507286460012	0.14253209645889525	0.35556995779954303	0.1993376139754924	0.020341946061818328
0.02863145502484289	0.03483586753759543	0.17521927611513272	0.04661213781666902	0.12728927315530783	0.34631181189512145	0.2191399020287374	0.021960276426593067
0.024162470108187617	0.04357812590573426	0.1639942028767108	0.04678686858989124	0.13870430281084234	0.3429726018949708	0.2194286925708694	0.020372735242793358
0.028546399190290686	0.0599687968390822	0.17713638049326888	0.04870006969004158	0.11845732323535371	0.3433324716771717	0.2018432129410747	0.022015345933716346
0.022243542763930535	0.08797265052993465	0.16131099048579498	0.04854067811970304	0.11568863946256948	0.3386210798816671	0.2041467113377746	0.021475707418625478
0.02622758091002858	0.050195733760213704	0.16825636302614833	0.045819221262614424	0.11414054941037335	0.37411655546815914	0.2000000974360221	0.021243898726440127
0.027092885850501888	0.045971218059818145	0.17481699539993056	0.048373149812407826	0.12873856067028097	0.3299307777753844	0.22228661532721217	0.02278979710446384
0.027259869344652493	0.02030277591399303	0.1748107422779286	0.04850978856269032	0.11869697044364927	0.3553874714136533	0.23294672868985722	0.022085653353575624
0.020815043123588117	0.02198045541027467	0.16553489405959115	0.04753694035158859	0.1336570416945818	0.36387725428253714	0.22577104191709318	0.0208273291607452
0.029137286597153145	0.04432805519402429	0.15975098968829893	0.04559728697838955	0.11501651003308137	0.35158410134523205	0.23386029600007885	0.020725474163741625
0.02468976317343756	0.060659867544629945	0.17328653374492387	0.04689899674139171	0.11750043922323436	0.34396509777431683	0.20975540228237205	0.023243899515693472
0.020842615572648965	0.046234140611787516	0.15583151048682656	0.04627178859906375	0.11765254015348509	0.3792358906706854	0.21099856737212674	0.022932946533375742
0.024648792416578025	0.04016116733133894	0.1632319369991435	0.04482195919749522	0.13630845709025224	0.36661718606807947	0.2040709078055768	0.020139593091535596
0.026832834961984922	0.040046333093583325	0.1779769785011436	0.04626032396902305	0.11828220579078791	0.3739793550257017	0.19327467751628835	0.023347291141486967
0.025737133683879213	0.039954181545364134	0.1603464076972816	0.047250421384568295	0.14282915487724904	0.36026123487411155	0.20302647136236696	0.02059499457517902
0.02605015610906286	0.05559775192818832	0.16415335044110613	0.04537233711668734	0.12228874761527597	0.3680123752300061	0.19761119176454017	0.020914089795132984
0.02393553751011057	0.05726303781137	0.17241274379617122	0.04640054438760735	0.1179813392162866	0.3229093883880588	0.23617799008954934	0.02291941880084583
0.02585136204557284	0.070880050250617	0.17399807137300727	0.04778040712300592	0.113094235340826	0.3457554401741439	0.2007667175224785	0.02187371617034839
0.022208320087356834	0.04432507576335251	0.16397528961992744	0.048349131302036885	0.1431319648883208	0.3539888115264199	0.20250563180891387	0.02151577500367155
0.023356726403229194	0.03280847583698149	0.16143080871842652	0.04880842050852846	0.12449663024612485	0.3754970720598927	0.21184203792546744	0.02175982830134922
0.025742381284247884	0.009608885699970718	0.1570818183728882	0.04667998733139554	0.14445158649278034	0.3585979549720152	0.2373726462623806	0.02046473958432131
0.02937618366832459	0.02535650558503723	0.15998577546736942	0.04778454886797917	0.1320155164693161	0.3733627797164488	0.2082390247179551	0.023879665507569328
0.02323641568617002	0.019988553548825214	0.1745683304640837	0.04806714302348973	0.1277324886544672	0.3865706909284551	0.19984921141176942	0.019987166282739388
0.022159228783913326	0.015323478192619144	0.17433922057887102	0.04492053716007233	0.11608927320470602	0.3894235610381105	0.216336252310226	0.02140844873148154
0.023869144864646363	0.022980114545603336	0.16824237780938936	0.048446425861042225	0.12296921468445793	0.3696520577544996	0.22127531270381434	0.022565351776546616
0.022526897979156704	0.03244310698901537	0.1649696081958226	0.04525904295208852	0.13836597206400242	0.36419236998057225	0.21191509429306266	0.020327907546279333
0.021263445974023715	0.048234867756460215	0.16674369105216774	0.045090051248574736	0.12381824178027324	0.32841211282271976	0.24270923424898252	0.023728355116797925
0.02299012746597892	0.03969763380251623	0.17180488441491332	0.04633188032715063	0.14210283386212935	0.332135027107304	0.22327367716984084	0.021663935850166516
0.022679366498171857	0.05447858323701328	0.15851883008151718	0.047254748744396335	0.127354982367511	0.34954764087725304	0.21612223375601675	0.024043614438120392
0.024493073584016728	0.04185966261401232	0.1668075019515954	0.047528875617298585	0.12625664547510204	0.34151641288110957	0.22976443144795544	0.021773396428909714
0.02094088825459081	0.046097168174112524	0.16443615773265835	0.04465257865885339	0.14522147991637427	0.35122486909770284	0.20400848175479372	0.023418376410913877
0.023867329353575675	0.03806349574440583	0.1779450791513039	0.048455404899291524	0.14101931887622784	0.34270248589661967	0.20474338325262822	0.02320350282594706
0.025164335572994828	0.0635434731081728	0.1674332015463942	0.046191537096251664	0.13083345141910876	0.33742411335275435	0.20582713002520714	0.023582757879116067
0.024008373321836973	0.07669899855092027	0.15762184162086143	0.048045244109129734	0.1135575133310013	0.3392357647604672	0.21941724354780717	0.02141502075797573
0.023471003723710734	0.06946832065281036	0.16830816313758953	0.046414347423191143	0.14484458586314897	0.3274277167009612	0.19765136493105703	0.022414497567530778
0.028830237870327846	0.02920156484614425	0.17519625581531323	0.04509378987483173	0.14611284756380113	0.34684897818986316	0.20588010373629545	0.022836222103422996
0.024025736298806083	0.05823223619233492	0.15846747857515395	0.046762022566572234	0.14144404842712083	0.3489783869477634	0.20160396680793796	0.020486124184310422
0.02242786331233465	0.04937869982622481	0.15945586414157928	0.04682935042810668	0.12668095092318962	0.33355358303821414	0.2393317714207307	0.022341916909619883
0.02691554921248926	0.06662724423706827	0.15734258569804394	0.047140246883578985	0.12309682677160971	0.35238539937432595	0.20527035643875022	0.02122179138413345
0.02757627442852563	0.05668261143994813	0.1610109689285345	0.044898394369863606	0.12024398739614885	0.37402988091369993	0.1941924978119451	0.021365384711334062
0.028396692788427116	0.0637941607097709	0.16546786602174188	0.044884697418683284	0.1459761757438508	0.32956367147031884	0.20019310075106492	0.02172363509614203
0.022012000099539297	0.07557414669340001	0.1616275880697462	0.04722228618408959	0.12773426210325667	0.34469447018036714	0.2010649908600004	0.02007025580960045
0.02492405740762775	0.021224888480220014	0.1700178504262339	0.0453453170695263	0.13003627292787354	0.3695857118867564	0.21733078064242972	0.021535121159332232
0.024220470911806707	0.037075728933574026	0.16435024048516778	0.04820452860317519	0.12772954742876358	0.36057559395558847	0.21566663621480078	0.022177253467123292
0.029794191269212664	0.036356648174167006	0.16011705891100342	0.04486461774022785	0.12137219162995803	0.364182839811957	0.21979333176544188	0.023519120698031956
0.027561760405309277	0.026955056000123892	0.163924721865286	0.04623397416385165	0.12899205597186109	0.37448869008831387	0.21133322338763483	0.02051051811761917
0.022420417465405518	0.025749529752726236	0.17361322550635605	0.04783682686753046	0.12772026368259928	0.3814972361202039	0.19879007435452686	0.022372426250651556
0.020841017896918668	0.028869570086795387	0.1774921955924827	0.04616424291533874	0.14745980943904047	0.3371533098966273	0.22117086962537064	0.02084898454742594
0.023066859980922103	0.042357457891379	0.1690158533181711	0.04825434746975346	0.1347253893481272	0.35100366791635973	0.21050619087203865	0.02107023320324858
0.02586947240260387	0.01240884366713052	0.15720836679063152	0.04756329285760831	0.14097306442931384	0.392232592887114	0.20306096912421	0.020683397841387702
0.028117790232047635	0.027725926111472926	0.17006264611226005	0.044826122462411175	0.13033884697815976	0.3518912380743651	0.2254678824665164	0.021569547562766772
0.02125878073436721	0.061361755851869204	0.16801574388789497	0.04602722021521288	0.11408942315007192	0.3549551657231562	0.21112336367624113	0.02316854676118625
0.021400338251451823	0.029836017258175362	0.16316696188264665	0.04588764172604187	0.13832764851940424	0.384114065814933	0.1940858428638274	0.02318148368351941
0.023349448073367612	0.04308805180170083	0.1736848946308478	0.04826537972907344	0.11518298166280001	0.3456786144306481	0.22741423388740606	0.023336395784155944
0.02441791543494229	0.04887029130317894	0.16685021873466627	0.046601357280811107	0.11315924228020413	0.35684626931525076	0.2206186447599024	0.02263606089104389
0.021228945528097426	0.021007218280132633	0.1697500377533801	0.048219166872937314	0.14257034516153044	0.3794397746403154	0.19523364744085742	0.0225508643227489
0.025067625984462993	0.024529400588267206	0.15975405079776536	0.04827929385886773	0.11351166369570519	0.3802276175473326	0.22483841878781857	0.02379192873978006
