0.20419917608157934	0.049238539894264674	0.0899257777537633	0.14142102369132065	0.0559823894252645	0.054785707531910255	0.29283083398264864	0.1116165516392484
0.14026057954649732	0.07077725376173608	0.20476595862130637	0.1040552021714478	0.04023856226062879	0.09428751998654863	0.20464722401355817	0.14096769963827663
0.15959676934873457	0.08072825078548893	0.20842052210426387	0.11084700587980095	0.050453029827703125	0.09170737166223135	0.2256641972386039	0.07258285315317306
0.12398335814015882	0.06134821536775313	0.10564841190532011	0.10996545976957138	0.05237440463663835	0.10688373723314554	0.2829098845786507	0.15688652836876182
0.19579551552839586	0.08360411566830638	0.08105280266579468	0.13049976885591477	0.03552073547928698	0.08165006846652173	0.1967585261933493	0.19511846714243006
0.1768264252351756	0.05721397982836468	0.13695653862524965	0.19230587210122058	0.03792442249035349	0.05089729089311054	0.1568601896503261	0.1910152811761991
0.11691888066358855	0.0706473924733289	0.17418417115752602	0.15198553190221822	0.03461926184056553	0.05443406235018407	0.1964696628019783	0.20074103681061017
0.11962005368772173	0.04191179133129562	0.19247550281953432	0.1160127688403841	0.03015693901198284	0.0700862765384145	0.25145925748942743	0.17827741028123922
0.1344962600185527	0.0456676775894895	0.22812612896506174	0.18780970713326006	0.03947093083892467	0.07920335293513747	0.1724056520243798	0.11282029049519393
0.14898044123626206	0.0649365634832034	0.1582684707812836	0.1869994441879217	0.04242573169272419	0.08056213542941937	0.296632063949938	0.021195149239247493
0.20238224337732602	0.07807719475901637	0.2613104818364343	0.16870530661560912	0.03919032569666725	0.05423344049958223	0.17477814721511906	0.021322860000245386
0.17027023868898608	0.04446313597367543	0.01638170076261182	0.16752099706112544	0.04619087796107839	0.05821885332638492	0.19869469449385244	0.2982595017322852
0.1236295142343567	0.04485867609719686	0.1653535901977667	0.14188903918694834	0.046309221733692604	0.07342836196251648	0.15845607740404233	0.2460755191834798
0.13476897645580793	0.0536477072256317	0.0681831189382886	0.1697188453311173	0.04261285902707232	0.08105214057308516	0.2627029819018159	0.18731337054718084
0.20940700835076392	0.07902039258495118	0.07364643632932485	0.10167766568445469	0.0514386906284164	0.056398623463748465	0.2386093366929078	0.18980184626543248
0.2145856762732491	0.08423369837129344	0.11380546865559049	0.10352194226461846	0.0509638590184346	0.10945681642803409	0.1506246006117704	0.17280793837700914
0.13708106907173026	0.06893511582051275	0.20467652737356867	0.13248134955888216	0.030190775795326502	0.057177240902819115	0.1630785651712418	0.20637935630591855
0.19224794569308457	0.05198892666168982	0.15994832313643287	0.1401133777752963	0.046365703719935245	0.06273358236539991	0.23014208204278824	0.11646005860537278
0.11723124039267306	0.08205744730005923	0.2827823657128343	0.10805896447461665	0.032309406453633185	0.05365314759062326	0.2132224141560564	0.11068501391950367
0.17059436895179717	0.06352258674432354	0.1252466488189288	0.16315043568146043	0.045200450558735575	0.09242200569073775	0.20579802512912437	0.13406547842489214
0.16168911167526895	0.04108941364820351	0.23540132750665965	0.14262683678939458	0.0403191273499279	0.05474303810031281	0.23541942226998303	0.08871172266024926
0.11479315408665987	0.07832286074448433	0.09860160894600545	0.18212223648681364	0.03685976387240568	0.08688531476929957	0.2008685082672611	0.20154655282707012
0.1943509915475257	0.08245275463046986	0.2534813123578458	0.1079619067508833	0.03415868114402994	0.05994578392532178	0.16426870651336994	0.10337986313055345
0.12544138827633056	0.06505700860706559	0.2594449188807544	0.15857348677293906	0.037868976520926426	0.0997865511845534	0.15725832802503847	0.09656934173239186
0.15272363399017935	0.0666690095684071	0.22943361260973538	0.1405254641238232	0.033289731640053166	0.050761917758955055	0.22510782560857104	0.10148880470027549
0.13388933105242912	0.050652546822124236	0.13768481521067147	0.10686268078186505	0.05086651321679864	0.06258966724239545	0.28122616577296	0.17622827990075576
0.15265501333216291	0.08249310537443846	0.21897905329306233	0.15754160140784867	0.04873747784069213	0.10493727832181818	0.1798604006867663	0.05479606974321083
0.16838880370928194	0.06609451710646137	0.18120948627588518	0.1812033630046942	0.04031648452699836	0.05589601067033499	0.27471924552877136	0.032172089177572305
0.11980855713207987	0.046335051520375994	0.18157524758202542	0.11532383153903845	0.04286084925217276	0.0883490645545783	0.20169185693300268	0.20405554148672628
0.20618324308560593	0.05178465680387542	0.1689453503955604	0.18592941851138833	0.05576169361215322	0.07407364176939331	0.1781477628382228	0.0791742329838003
0.14166766020101365	0.05125328718044048	0.0284872628728636	0.17960390613402408	0.05622434342547605	0.08484034756928548	0.2024669362585268	0.2554562563583696
0.19636106081458482	0.0499702669320828	0.09599601156044812	0.14405000222428996	0.035888314061272325	0.10542991811431035	0.22458336683143731	0.1477210594615741
0.21918550409985954	0.062452965172796054	0.049033216365675245	0.11210898491733694	0.03380897785320572	0.0922220361963434	0.22352712294195648	0.2076611924528264
0.17858972013299396	0.08099426610995471	0.16608063599440084	0.18527120491634758	0.034097569138924186	0.060490330982491916	0.2224578263179834	0.07201844640690318
0.19395054213058135	0.07987846536020374	0.1761735287319525	0.188344066235098	0.03383538152234218	0.1020712181239162	0.18113151598302568	0.04461528191288011
0.1452921725543583	0.07531213209888153	0.22042792746493423	0.14695468103746737	0.030894374880315337	0.09331457342038184	0.27778934260575205	0.010014795937909104
0.12421675869657989	0.0741822307809548	0.096363814762938	0.18241549261985263	0.056669683101747026	0.10930895031592719	0.268674829718912	0.08816824000308823
0.21625113637332574	0.07629962396482656	0.09554445516728813	0.16516997771801104	0.04824196168498682	0.09356950747445944	0.2702929635589906	0.03463037405811145
0.12061130334391235	0.08255893218977223	0.14843620810040933	0.16240172098818956	0.056086145718972344	0.10323779394782236	0.23867823260519538	0.08798966310572623
0.20826649698712948	0.07238643766955805	0.23732626161279158	0.16214190739804946	0.032276908740484625	0.07782124699151491	0.16468569951694623	0.04509504108352545
0.12353259564737379	0.040603143180402645	0.21506506025209343	0.1517321462091068	0.03723908001494845	0.10180965309545184	0.2836448307801707	0.046373490820452085
0.11987997186470731	0.08362421719019233	0.1739144909406817	0.17252302669241942	0.054714789147449774	0.10011132989332369	0.20440023239796784	0.09083194187325769
0.21435215915576233	0.05538290494319262	0.1734251112924705	0.11217303702527519	0.036330169576980376	0.05846341702272209	0.2987546317413847	0.05111856924221195
0.11453583370790145	0.04059984144022491	0.21480333429328505	0.1620605787598437	0.03584607304676124	0.0674347143192531	0.15537463049016947	0.2093449939425609
0.11820597934254892	0.06886172502339927	0.1312826031146218	0.15156943788923133	0.05571330010527141	0.07064547719702202	0.26181864653579173	0.1419028307921133
0.12086410227355698	0.05465502214959546	0.07232128860772614	0.15253365301897356	0.042883398744062814	0.0903634079274849	0.18050446891850347	0.2858746583600965
0.1579682236188797	0.047614237053301894	0.09944729920193583	0.1895463588268156	0.0550392755329315	0.10390723021176505	0.2963272855225815	0.050150090031788705
0.16977242121477512	0.07261614237255737	0.10202212258567771	0.14658806804022584	0.03369237794396543	0.10129761190694095	0.2013241785260577	0.1726870774097997
0.1200202429130534	0.07414016244677886	0.32597736573061875	0.15347292854936906	0.04046063397634414	0.09053724804380363	0.17712917275733442	0.01826224558269751
0.13956131476458458	0.07714455433785389	0.25413068632295954	0.1306634592745683	0.03250197295613726	0.08868387674589727	0.2111143748170528	0.0661997607809462
0.14786336640650155	0.07409543806007565	0.04766436774948504	0.19174186844227037	0.04291838781524848	0.08390480519887533	0.26718133769484864	0.14463042863269468
0.15012953951659788	0.07633589202749456	0.2004672863253999	0.14265922269617512	0.03332973000447208	0.08317717071397937	0.2786548230220274	0.03524633569385345
0.15040351681918804	0.06562469528066253	0.13940602428015528	0.1749178636077424	0.03705878082869836	0.07726180168112484	0.23700477605640638	0.11832254144602192
0.2280906610193409	0.045481409715546664	0.11958873340458565	0.14341021959666644	0.03515172795368393	0.09371663835138264	0.17836338368600205	0.15619722627279145
0.22099408937853637	0.04938674267473825	0.16267492553000762	0.16701711549024434	0.05435873543912656	0.06935837971107117	0.2320313235581266	0.0441786882181488
0.18526972143421838	0.050870983317649277	0.10529683514672122	0.1296964934356313	0.05032388826268354	0.07666686387584054	0.19598113436966935	0.20589408015758615
0.13526301971759092	0.050206363404249	0.12713397754057093	0.12010173007474995	0.03947367677414723	0.09292398405687102	0.19421634269010243	0.2406809057417183
0.1444117797658715	0.05248077935040357	0.11216826376408046	0.131388646053231	0.03326283574102193	0.05267194837308674	0.21743494942878247	0.2561807975235221
0.1745556318496539	0.0718415405934445	0.057491573522447645	0.10236237885687205	0.042788348637327694	0.0680520877451142	0.30130024555887613	0.18160819323626365
0.15418536282391504	0.046051011277636986	0.07106792528257198	0.10680208512382354	0.0367508702565147	0.09239039064066747	0.2380910377340979	0.2546613168607722
0.13961249277575433	0.04756979290683283	0.08778840774173757	0.15260379696912246	0.03319968704838275	0.06699515305092113	0.22891930584187808	0.2433113636653706
0.13611838284413658	0.055258416868823906	0.13341969258323866	0.11149297537119818	0.04811556530550243	0.05791392740631983	0.25951980891935383	0.19816123070142633
0.17371054538173286	0.07459528004175836	0.054903261202750187	0.16721670473089217	0.03550209066267469	0.06936194346954415	0.24398929903658068	0.18072087547406662
0.17697747670775765	0.04679884177454528	0.1785641206196935	0.1463764589793974	0.03797098428188657	0.06026278550716763	0.17452735400966496	0.1785219781198868
0.19000442057880232	0.052787447970154874	0.020574189836440993	0.12434245158753127	0.04345703760757917	0.06533262711933449	0.29192920504298947	0.2115726202571671
0.16541634712805262	0.07013952715242922	0.23222868416797804	0.17940268409549895	0.03616973062116306	0.06198105594136587	0.21684025186215694	0.037821719031355075
0.14657629210486525	0.04319338680779848	0.22590107438717077	0.18452593700856273	0.03053325945862652	0.08807510708375457	0.22701505852094134	0.05417988462828008
0.1502971355597859	0.07961694543802	0.2753423673133254	0.18421954666932147	0.04028997849746717	0.05370519249216854	0.15714717479816595	0.059381659231745376
0.1471223472844183	0.042740846311642336	0.18173507191489002	0.1076612219986953	0.05692364163989595	0.06670058472108692	0.20004970508293202	0.1970665810464389
0.22444842662658557	0.04545882250909962	0.14818482667367247	0.1478567425109516	0.0355798620201723	0.07802660259478761	0.193395283016799	0.12704943404793156
0.1620788195391325	0.05426067688112218	0.2389332289134331	0.1444705436021413	0.0468455797272154	0.0554713464610809	0.2199207712014326	0.07801903367444177
0.12974989321139055	0.04696708807097344	0.2481179387491235	0.11007012417952468	0.052695026614009835	0.06228894734616047	0.24905141718585397	0.10105956464296333
0.19773662485110158	0.07615601480716444	0.08959929005538529	0.09827906284396637	0.04657212451043978	0.0875753941743366	0.187933192562433	0.2161482961951727
0.18922425988213762	0.07990597983747007	0.12883406284543722	0.16032826436043351	0.039449007453992616	0.10343792370793667	0.2616523928801536	0.03716810903243847
0.2117094979773216	0.05747190911420802	0.06721210090201574	0.16743569443130477	0.05091867244936901	0.06720054505535866	0.2334494006760707	0.14460217939435124
0.1242374774077781	0.04111343757792604	0.11439904354496676	0.10688138008721648	0.05018838499874896	0.07695785222722067	0.22539520421220383	0.2608272199439389
0.1753644251454635	0.06167331316486037	0.23872146710119443	0.1333421709377885	0.04681074339817082	0.08072743100148919	0.16621326789112548	0.09714718135990749
0.1872420582281519	0.0835089569944156	0.1554976665778156	0.12920767105046924	0.039130254998118036	0.06766704347628641	0.2495979821543512	0.08814836652039176
0.16128295576625157	0.061907380681034366	0.2515950837176323	0.161037083073109	0.04534111747251861	0.10437766348435601	0.20402498975695638	0.010433726048141634
0.21265528996597918	0.05573246146167862	0.1163550114362728	0.1313994897556637	0.039973313850141676	0.0725898791618268	0.1750257493528196	0.19626880501561736
0.20579420360279352	0.05798911934751119	0.3106786756458113	0.1247285794089597	0.04741043977112111	0.06369129251402865	0.16630956513431938	0.023398124575454857
0.1242315849640669	0.05927316732186261	0.22706216217076772	0.16291401956331175	0.041929853532185896	0.08483515360643192	0.1740366364569882	0.1257174223843848
0.12202946548217056	0.07878043245590735	0.03247219990574718	0.1388080604160854	0.042205348835013354	0.08929999472153978	0.2741636728208256	0.22224082536271056
0.11613015470114496	0.06846895044078988	0.27190590334937537	0.13083579456328748	0.03728078990959455	0.08127257618384091	0.18686642815802929	0.10723940269393739
0.1169825987062269	0.05497132825597252	0.22283261569883805	0.14172163732171428	0.04110006682252515	0.06393938083531606	0.2543784987622712	0.10407387359713564
0.1266837459284165	0.05101729707236079	0.11428634010196205	0.11490500409998045	0.0412212615084266	0.059170097481237374	0.2631761763130236	0.22954007749459238
0.15935056344813084	0.04100306136579092	0.0832658443472018	0.15770847823061532	0.031225602636843527	0.07684256351042171	0.28109056230360896	0.16951332415738668
0.15048345234495086	0.05149744537303301	0.25077088204734344	0.09910468650438442	0.04203519534345633	0.05320474151517389	0.2952401118579353	0.05766348501372255
0.1811406983443906	0.07877861291758301	0.08201011173864728	0.10113004239067308	0.04892416003686842	0.05384655623593956	0.3014023123848416	0.15276750595105631
0.14711336078314607	0.07692330049442297	0.07539070118683686	0.14913888015644694	0.03436461095297609	0.06896476772119763	0.2382132317245848	0.2098911469803884
0.12001642506416191	0.06634475776501408	0.1726339795882249	0.14709533190584687	0.04761101404021195	0.0533694482799871	0.23862521641663986	0.15430382693991307
0.19626317496726164	0.05969066240159353	0.13018910641143935	0.13889542390005827	0.053580435514286345	0.0954366042756942	0.2239434905510762	0.10200110197859022
0.21502552035064182	0.06150317095272369	0.22946932529548364	0.12211363838828469	0.036530244722734875	0.0633036306361904	0.16143996740011435	0.11061450225382624
0.16501966303807092	0.05246312091732355	0.058169126075013136	0.11278149427961963	0.031430870393603275	0.0827581837198781	0.17092433776515148	0.3264532038113397
0.13743732117784124	0.04392126718406053	0.12969466439745586	0.1321795045509777	0.04422917757154533	0.07434020845520775	0.18351793562225105	0.2546799210406603
0.22759238914265081	0.0422583304635407	0.1831157646868733	0.17692649197186516	0.04410901452273806	0.09516413958274633	0.20637067850954302	0.024463191120042374
0.12165005458294954	0.06324185887669047	0.26103761051292484	0.15502393112354246	0.04070767417854562	0.10087866019264648	0.17288958078222072	0.08457062975047963
0.17129362942709148	0.08198565924545387	0.07177073696781465	0.11800851358345753	0.033609006649903586	0.05664482090302077	0.26913913933532285	0.19754849388793508
0.20781022506075952	0.04506450485487262	0.049692175829293694	0.18798581900555372	0.036625748628278235	0.06363082198718797	0.29293027212341827	0.11626043251063571
0.13549494614384136	0.04120382732005305	0.05254700268887809	0.19249062890450383	0.04676423107327142	0.08883618009473712	0.1739173126307988	0.2687458711439161
0.19795741916666326	0.06383548192097327	0.13148789124462237	0.16238445737594986	0.030887906690318906	0.09556826822255625	0.18344813759585712	0.13443043778305871
0.11418773968687555	0.041365704208419674	0.1820941607745909	0.10755312431385351	0.03616144213174406	0.0802634914059867	0.17665160047664197	0.2617227370018874
0.12904078838712968	0.0826876285235977	0.12671846196063685	0.14352769964963827	0.05590341112186609	0.05172190930644785	0.2133622808038655	0.19703782024681787
0.22653245967335187	0.05634675024584812	0.1231128499823386	0.14877933080206565	0.04692508485590341	0.06930524599283475	0.30092674134417846	0.028071537103478955
0.11710230346686784	0.061162535721266106	0.2398144284705272	0.09860458918500371	0.0433226076545247	0.05766425348877885	0.1767211966033948	0.20560808540963657
0.1520260406282255	0.05170681010951418	0.23717230617228957	0.12344745091989587	0.051607779760990194	0.09824373180361505	0.27019892814249175	0.015596952462977681
0.11471275177466832	0.05501525681549532	0.3315818394534547	0.13706806094139926	0.04816573165272427	0.0743094914829876	0.18278877920872325	0.05635808867054708
0.14787014092379144	0.07149906110237816	0.25318564554795453	0.09813204490529966	0.05236629148351747	0.07705502723516779	0.25217251993961964	0.04771926886227114
0.1330835341936169	0.07482760246727174	0.1619835712361303	0.10088705472498363	0.04560305150873181	0.051195821818915854	0.3032555520432415	0.1291638120071081
0.2239741065885003	0.08105702589294375	0.05668904608497681	0.17887661051403428	0.03057191479817256	0.10831658434695317	0.25245065518389964	0.06806405659051924
0.148149219774283	0.06442470020632667	0.16866241719104053	0.13523007448079766	0.046418957950714684	0.07660209809446536	0.2900228748706458	0.07048965743172607
0.15609468919288566	0.06259571745226049	0.22764551682911452	0.1530306050747278	0.03248118844598363	0.06947993787612458	0.2692542244396319	0.029418120689271188
0.2049470416113871	0.08109402891777534	0.045629099739148776	0.10937961484380514	0.05089553708954095	0.053100274635995176	0.25816330533648285	0.1967910978258644
0.21760256809585707	0.06239083894824249	0.042528634627868406	0.14928454334757274	0.047969791285551455	0.08401935103218593	0.21906960162247552	0.1771346710402461
0.11458731375336209	0.06608512735064245	0.07104109000231923	0.14318288125129813	0.03607818499689465	0.06814620967731241	0.23203812293477158	0.2688410700333992
0.17090700370794562	0.054647689741850705	0.2286480978042191	0.1184351761918194	0.05525442621322782	0.051180495502547774	0.2554058932926784	0.065521217545711
0.15667412463763308	0.07942786306576725	0.13077817158795446	0.16243284594743213	0.031151140482455125	0.09617341378473705	0.2960602663339045	0.04730217416011616
0.20866240576158823	0.08008921010536235	0.027948067357807915	0.17951417863640645	0.049804633414664554	0.09561424933406408	0.2645014332234474	0.09386582216665884
0.1593623997143504	0.0618235693495765	0.19330739925622697	0.13208278204205948	0.04731377137054099	0.07195669704410218	0.21360474516130462	0.12054863606183862
0.17767423747145522	0.04379193776100339	0.2603387297660359	0.11868371469228797	0.0320685267176614	0.06040815911778134	0.18015948945994376	0.1268752050138308
0.18120318425064047	0.07090113224435096	0.25263285493854415	0.1551257823407469	0.05308815685731402	0.06430790314749096	0.21062503804392493	0.012115948176987315
0.11669590768805747	0.05070411549293885	0.25368690005735595	0.12370852527412864	0.03827907046661683	0.08432794417199381	0.26515536935037415	0.06744216749853407
0.15380744446483025	0.07797470184740796	0.29907334707320166	0.13475661357301083	0.05402959524418793	0.0759183471321039	0.15612074088779207	0.048319209777465136
0.202711230144418	0.06316023835086687	0.16073542451651643	0.14281245956959793	0.03131451380664617	0.06947074625413657	0.17467511339754516	0.15512027396027261
0.2021574209738556	0.08407251241098068	0.08073939595974161	0.12901590689273928	0.030683047766988464	0.08368593797060508	0.24529696081238817	0.1443488172127008
0.13688158649899085	0.06806754093097966	0.256330708439125	0.1617849916606091	0.05567243423480632	0.09328808935593907	0.1599687469405595	0.0680059019389903
0.21538845666130518	0.07592143721592	0.15647534676184724	0.1649720950985923	0.05213677529939527	0.07450290960674312	0.18544070994355255	0.0751622694126441
0.1259124815886115	0.04461047377606464	0.2529571556322382	0.10362605091924207	0.05594675180425908	0.06067502441172626	0.2840742275504557	0.0721978343174024
0.12136761648087835	0.05003837500123312	0.05375558248056431	0.14446119016093203	0.03676858123254037	0.09224140176133103	0.15828328184413207	0.3430839710383885
0.13230158595232314	0.056024951841297355	0.26039601743950735	0.1042397697342829	0.04187715154123474	0.09313218370055953	0.21547027945637215	0.0965580603344226
0.1513127508585444	0.04470444170894863	0.22840698237856405	0.1843761414706945	0.032646068338230416	0.11046163339364001	0.2095665424841911	0.03852543936718661
0.18864766279234857	0.05274006086018854	0.16111506869557182	0.12728361858420606	0.041959563919969245	0.08169297965039786	0.21313994511408668	0.13342110038323093
0.12284645490949317	0.04907328939634552	0.224280042209685	0.11442047122097462	0.035645019884127035	0.10752658262257807	0.21003934475342634	0.13616879500337
0.16362139206498505	0.07444524837769817	0.036843897475473175	0.13327421097057324	0.04187419593368663	0.0899350521475839	0.2881003907482012	0.1719056122817984
0.22677269000972947	0.05789360765118086	0.14769666989346236	0.13998023309310886	0.0475223911532168	0.07970465327490664	0.28678449714216847	0.013645257782226305
0.21925012412424974	0.06919537661586186	0.1310760635613371	0.13453941838002853	0.04187771012026906	0.08778268452241848	0.28315562792124527	0.03312299475458966
0.21059182301444357	0.05103672253312147	0.12093853712540616	0.1078712560683552	0.03121208582529758	0.07412970855814335	0.2679711720093584	0.13624869486587401
0.17739402679016725	0.06894776674493847	0.10310100259858296	0.10997737424072003	0.029435193354805655	0.09284886575087095	0.3039010767569511	0.1143946937629633
0.223786335102276	0.08042508278273047	0.09205268924111945	0.10341228028180503	0.04030974139432329	0.06654698319705883	0.2963414230096938	0.09712546499099288
0.1502273597373654	0.05635037317859182	0.22016153755567036	0.14114099309190803	0.05541858230477484	0.07733398301350972	0.26388546297312415	0.03548170814505547
0.12486542265785003	0.04555867491407796	0.021007143418222893	0.11234305831073188	0.04648843006519178	0.10924630512923096	0.2597763832124755	0.2807145822922188
0.12389674050222388	0.05193871277106467	0.10872131593536649	0.18488282123419078	0.04770497092855143	0.060842308242211054	0.18845872703535854	0.23355440335103295
0.19062494379187386	0.05092494028946207	0.209696403376541	0.09768994098601094	0.045435770977410486	0.068329866888476	0.18881995604008117	0.1484781776501442
0.20524397563133237	0.05282902613572196	0.11198572298249987	0.11883212049076147	0.047886220818043945	0.06196850138600597	0.19146332967155233	0.20979110288408187
0.17824851234743375	0.05054747727100395	0.1761367314911303	0.09973229081299448	0.03735806397417757	0.09396946861070031	0.15149324085528423	0.2125142146372752
0.15103480469001435	0.05819942174104621	0.2774759313460031	0.15392422140003015	0.03881131273505824	0.09075138727717016	0.21311494792005942	0.01668797289061813
0.1409578477128663	0.04050078989920469	0.2680621406714203	0.17327764318555128	0.05461241333157728	0.0645876163540759	0.17527042911336788	0.08273111973193611
0.18360717706371543	0.05320895220776102	0.28129898269570164	0.10660159786091375	0.03967838372169134	0.07307601742337808	0.20221508007545225	0.060313808951386244
0.21895254028520122	0.07641182114833268	0.20249606933846648	0.13963275201750075	0.05052127965642113	0.06592017623318391	0.20407515747282623	0.04199020384806734
0.18228252333824588	0.046281340167951796	0.17496972740163683	0.11786670516462108	0.034754191926458344	0.06813770976907146	0.23717611908373767	0.13853168314827669
0.12190702752269787	0.054046212260160334	0.097465102298221	0.17388059255913313	0.053715106171214375	0.07332020637050773	0.22471610242853762	0.20094965038952778
0.16971335905254636	0.054614436284404946	0.20626018609981228	0.15787404584242237	0.03107613264672733	0.09581982460011851	0.26509992544147565	0.019542090032492326
0.21392799366814805	0.08061466957737022	0.10452761369629826	0.1861679054604803	0.049069636992316853	0.10042801504095812	0.22566698862459955	0.03959717693982842
0.2186017484250292	0.06684454511180085	0.13869718623596197	0.11992159418241582	0.03215222560549012	0.08098357736843756	0.1994174762190506	0.1433816468518136
0.11577552988083867	0.08368896595111144	0.20956387459107995	0.11440182323660737	0.03781285730632328	0.07899471886751785	0.19298656080721158	0.16677566935930963
0.22696757081163965	0.0825121102762331	0.1692561347942284	0.1393784539765449	0.05434101176106147	0.0630633407823884	0.17383030871812472	0.09065106887977908
0.17444482289732763	0.06430177070161636	0.10148214564532676	0.12858471611153463	0.030725746129872195	0.0964777191359322	0.204119838266059	0.19986324111233095
0.12489216304163367	0.08411803019312114	0.18432319555734228	0.13129348368697447	0.032277226040685836	0.06358651885452608	0.2563685134191167	0.12314086920659961
0.12129307872096752	0.05598697943001826	0.0433989496138034	0.10668815166285467	0.044578038993409924	0.07396725981721428	0.19806284354659182	0.3560246982151399
0.18332490593637546	0.045756216459135746	0.01649550343687764	0.12503793323357465	0.042061039349244794	0.10078982580979293	0.1970214630630765	0.28951311271192204
0.14257267952322453	0.05010078485077489	0.2592949224169967	0.11389306777419228	0.04466263073472809	0.053469949134265046	0.29136185362530054	0.044644111940517706
0.19815207607332297	0.08050643550151314	0.17190493597861684	0.16105311213738205	0.03734758779402696	0.09600502431470756	0.18245920639898489	0.07257162180144537
0.20611290636821447	0.07831027424743434	0.13715499950729926	0.13912801720054574	0.056909942894523	0.06092631309854668	0.29396553995303826	0.02749200673039806
0.15444680064704053	0.05222290787783915	0.17792430860410763	0.1773921505830119	0.031465143707855914	0.09906699977924066	0.262963343989235	0.04451834481166898
0.152438972241823	0.045694587614668186	0.3114982316656679	0.18538721129822786	0.02967397592851162	0.08147883925747271	0.1660996170431277	0.027728564950500773
0.1338933371131642	0.07856557615644384	0.24679508562867647	0.14471489957218053	0.05120501843503253	0.07177614173316282	0.262729467253945	0.01032047410739434
0.13820924053851166	0.06139476570848387	0.22667564567117018	0.11443549489031504	0.04870208276191024	0.10820234869129994	0.27003705520710547	0.032343366531203385
0.12062159459671051	0.08123150523996918	0.2602984429890872	0.1449490916350029	0.03628097376644755	0.06228819720819592	0.18103752421404362	0.11329267035054287
0.16112124970884284	0.0594566320453586	0.13302976498184954	0.19169701291624403	0.04332570993280692	0.08530751855712326	0.2932546275232593	0.0328074843345153
0.19141855841508612	0.08448091769947985	0.034768956655440386	0.11538141139960033	0.052753226576466083	0.06615235600426468	0.2577287800638753	0.19731579318578707
0.2020590313448792	0.05837631507670883	0.09667048193564737	0.11830062667873911	0.036786681220479636	0.062351797424315264	0.25229577703631967	0.1731592892829107
0.1907361200311098	0.04866683732918532	0.1333900508013318	0.18730639982109548	0.03938122467309296	0.08240457705565443	0.2637699648340216	0.05434482545450839
0.22884605362291202	0.04676885229884674	0.12239731395801362	0.12601771923832011	0.03162931559907674	0.06790940450248013	0.26749911001120436	0.10893223076914602
0.14238753978504204	0.04316532714020571	0.06147842954835976	0.15311884074770526	0.050281224358687024	0.05793467971465982	0.2801892477932666	0.21144471091207354
0.18503478101282858	0.07627090360263641	0.25288341776008616	0.1868931188151757	0.03357494732992218	0.05184724722723842	0.16467911264153118	0.04881647161058107
0.17466501272446816	0.06495530906592586	0.15125024677531962	0.1567964242576761	0.03692963561316619	0.06643736391445663	0.1598400275008211	0.18912598014816612
0.1876697309257032	0.045654010287838664	0.03863432681902833	0.0966582963239968	0.0371582756302144	0.05550905067543556	0.165215062523056	0.37350124681472685
0.19503375652037017	0.06497031035384501	0.11237684891454508	0.15477387617209765	0.03790194034401781	0.07133026901980594	0.2786433037608599	0.08496969491445824
0.12826397327802425	0.06232673376800503	0.25273090499166884	0.18841163446800324	0.03443824588072854	0.09656099424046002	0.19107954530069837	0.04618796807241149
0.18803027017224636	0.04695506527655183	0.22449285365199584	0.12699723811739988	0.03853308251601409	0.10374275669372798	0.21595278978435326	0.055295943787710536
0.1261228338951775	0.06546349878727846	0.27402636705804806	0.18207888226508792	0.030761811301422345	0.06206963292003623	0.19270354177442545	0.06677343199852384
0.19058657189672495	0.0821067363859811	0.10842375438308796	0.09907157970326728	0.0571854581547621	0.07477055328105542	0.28830788209364383	0.09954746410147712
0.1916879122913273	0.07231413888803767	0.17157786951190443	0.1383538346975585	0.056965354365378335	0.05553402510213562	0.15226405366331947	0.16130281148033848
0.14637041706835024	0.08041272784869063	0.2844138881096507	0.14149022916308826	0.05588163343729996	0.09879609808322108	0.15195886148370377	0.0406761448059951
0.1964261179625857	0.06823314608887829	0.11490084485894334	0.10026433107001621	0.04472377254413974	0.07710961555599503	0.19729532304332764	0.20104684887611374
0.19734950296363404	0.06855638095708153	0.05341417619073591	0.1445281010661284	0.04931789155033697	0.08352634824441563	0.19426943882223055	0.20903816020543672
0.14626343348597742	0.04464227324630379	0.28958419214867925	0.10451072472199296	0.049314022243373015	0.10329445058933623	0.1901174081412096	0.07227349542312758
0.1631666634966613	0.07360007978974184	0.04666746526861429	0.1369779683548062	0.04266516994863266	0.06998564474491323	0.298757865956655	0.16817914243997525
0.18299418808627976	0.07215714330484824	0.07734744264507472	0.1828115128231404	0.05229851733136895	0.07094734898985579	0.19198661762176022	0.16945722919767164
0.22448666889865002	0.049010164704611184	0.1336055547869583	0.12300489667714068	0.0459658497889021	0.056332604697696284	0.27286807085345666	0.09472618959258454
0.11898762270656237	0.05320689211030645	0.16978001207720142	0.11036359414927235	0.05679051737983341	0.08176169345983064	0.22975995076045705	0.1793497173565361
0.22351560005805743	0.06636461586742445	0.12575587391180573	0.15512448857045621	0.05607974949610896	0.08260356529376815	0.1754595002607288	0.11509660654164999
0.15018848825310074	0.049140406862042754	0.26379458760041297	0.13941066779604863	0.051202798274650685	0.08186877395924774	0.16573921835789884	0.09865505889659745
0.15045678550425495	0.06561876234459098	0.1963072504487133	0.10538721648224177	0.04137886074695474	0.10843510815323833	0.16635810044632565	0.16605791587368007
0.13766813848000883	0.07658375804267488	0.06015131691666445	0.1200542043285317	0.04965755000897591	0.10010134977919263	0.1551014290587463	0.3006822533852051
0.2315874634747505	0.06694158476819298	0.056549173439092104	0.1761637531154901	0.05053191661825335	0.06750929223806185	0.16636043053094027	0.18435638581521857
0.12895330319207787	0.07059022148841437	0.15235226714189845	0.17803358709729444	0.030635464144257732	0.06855186771500928	0.2837421516673472	0.08714113755370047
0.11965487313053283	0.06187607189549191	0.2625341050969963	0.17901636043285998	0.030312983175907332	0.0993614280078173	0.2233299741015268	0.023914204158867247
0.11916531877640461	0.0484712145006075	0.02295990258007928	0.1547664760931023	0.03290992077119717	0.09234998011984669	0.2729036727573648	0.2564735144013974
0.1979723386252749	0.0761758134902226	0.16206620892872425	0.1359823381361872	0.042456166646392776	0.05637300633530355	0.1831627204689872	0.1458114073689073
0.1722580821143738	0.058038439988360654	0.28471963101899017	0.14968151160738657	0.03939768875616895	0.07548134538355725	0.20646766358022117	0.013955637550941216
0.21644423644564006	0.052792004767402784	0.3197581765926192	0.11143133147014687	0.03455589090132702	0.07375294440219216	0.17018355329517107	0.021081862125500575
0.23258279737244492	0.04953756486420936	0.03855758235801558	0.12336068089201203	0.0442899986980126	0.06477687696945114	0.2725486782569007	0.17434582058895337
0.17598591633021538	0.06658305664338118	0.07508549859656488	0.1467460597269522	0.05485325284931579	0.09319426210742936	0.21137944391997404	0.1761725098261669
0.17380234482007573	0.061626554848275505	0.14704464338678327	0.17799141291121381	0.04527790355882037	0.08916230268902513	0.22678442908410595	0.07831040870169997
0.1678817016339403	0.07575652511335626	0.21600831426527634	0.1798866534903777	0.04539504323935671	0.07091527890456266	0.20137563802346942	0.04278084532966038
0.15073373367494744	0.08022401069563032	0.19812324051600522	0.11956864809534591	0.04004393529773795	0.09183766172077489	0.2557249821396701	0.06374378785988791
0.1521560228698743	0.043733142597579086	0.05259501103186774	0.17132905393319992	0.04378846320305051	0.059783771153123916	0.20805485871950702	0.2685596764917973
0.1461268939764128	0.07978725844850153	0.11115426261198696	0.10708994975792405	0.05358540499509597	0.0521430781493533	0.1945963197784626	0.25551683228226263
0.19248780072928273	0.05948842953380619	0.01692355103488609	0.15898221017136382	0.04693094086012474	0.1075521895655693	0.29024920414114674	0.12738567396382017
0.17857545004873465	0.04724484283277412	0.16237929631684944	0.16428329368426664	0.053249228143512684	0.08480590736813803	0.16603253969402615	0.14342944191169804
0.2213935633726654	0.05495778108744592	0.16816853093551648	0.1400277903555679	0.03270975781380003	0.08140244006723228	0.23254850418416056	0.0687916321836112
0.1516574261946434	0.07475611719825592	0.2717872150138787	0.10553196485608726	0.04997790295723181	0.07782696789908969	0.2264807690627528	0.041981636818060136
0.11766779580148083	0.07736340124613468	0.22209357327281054	0.16165027205481208	0.040976354375151805	0.09836131311163646	0.23123048720682216	0.05065680293115127
0.1287601474391653	0.050621714107520005	0.2260890663153226	0.12164549063351511	0.03239558876856698	0.06953020111317865	0.23507650591419627	0.1358812857085349
0.22321892939499108	0.06575947304219737	0.03769898655258891	0.17279186552525214	0.029541783835147134	0.10724110282217988	0.20029568143422957	0.16345217739341367
0.15850643928245453	0.07134612502411808	0.12470454651939838	0.09844972608281019	0.04228765011927507	0.09453137572228897	0.3026722849110564	0.10750185233859814
0.13108007610920777	0.07929924848227987	0.09870966038113298	0.16097924902531263	0.05480971548507792	0.068059252973895	0.20121813066225241	0.2058446668808412
0.16028187565125018	0.0843623678603366	0.2551053701353432	0.1824023651743261	0.04839392971628592	0.060626722747967876	0.19487000725185216	0.013957361462637805
0.1670291062617392	0.05545663536129691	0.027914679892051125	0.16485924119806455	0.05379844387119166	0.058395411088155796	0.2487019610183559	0.22384452130914462
0.17022313758410493	0.057562880843244554	0.14201571563423113	0.15393783746614184	0.032760647912538965	0.06039098430677563	0.16144990856083674	0.22165888769212602
0.1911886781048206	0.06573462418703074	0.04941062000097997	0.1879387194095239	0.04110918059832433	0.05628115212062462	0.16058681425604776	0.24775021132264785
0.2020675670618613	0.05643771328924377	0.11327584888970989	0.14885595219796888	0.04012841262333544	0.08228391916928748	0.1606827018154952	0.1962678849530978
0.13068468219229246	0.047556765077655744	0.16538778078748598	0.16329876582268393	0.04038977492793866	0.09989886228734848	0.24073509042964825	0.11204827847494628
0.11401244712248482	0.08432767088152868	0.2676381368987899	0.16630345229669144	0.03830701551985641	0.09561870726693258	0.2187196906854615	0.015072879328254546
0.18543914753294177	0.08419176487368672	0.09219975172774593	0.1336795333578879	0.046026062230091314	0.07274756405361796	0.23885424472497355	0.14686193149905458
0.1694724379174342	0.08407159058311256	0.07926773643464485	0.18826188858438705	0.043699608385090766	0.08205952613282588	0.16628346243624054	0.1868837495262639
0.16662800805218855	0.04514647617548495	0.3102358887340269	0.1758386274258908	0.044178457889588615	0.05782026050716872	0.17117881478650576	0.028973466429145486
0.18494563990708676	0.07458285672425742	0.19443925025663428	0.1231926145329131	0.03621734414274386	0.07662443278908047	0.15968086994980107	0.15031699169748283
0.2029853827660922	0.06536946982148464	0.18578167791722555	0.10805848279546709	0.030833510928267416	0.0710637090913879	0.16693834796748613	0.1689694187125888
0.13036882497605165	0.07538370391913785	0.0785637499945816	0.16686640837178932	0.037273119176056926	0.07918794313813061	0.2982644867517057	0.13409176367254616
0.18013026476416333	0.05423483821360649	0.26625678313613643	0.1151712417254422	0.05388115815747538	0.08436529381575229	0.1541759262446299	0.09178449394279373
0.160198205336531	0.051332029507801316	0.12780858737110534	0.10561373844705362	0.03947270674064811	0.10299965270155817	0.25186395550706675	0.16071112438823548
0.15400613626335174	0.07171583329830639	0.3121612828092997	0.10871678454449502	0.04348494323202143	0.06529146249393648	0.19720575980670146	0.04741779755188753
0.18109021671405692	0.08405653814790404	0.10213919817283038	0.12530359906019936	0.05672076571730274	0.091338784089886	0.16603846966294877	0.19331242843487156
0.20633946045633583	0.04539106896667719	0.06463790706170369	0.138183258500926	0.0437891603649144	0.05902198933297102	0.16506969721551776	0.27756745810095385
0.18956525025365872	0.07286448709624752	0.029268490592014168	0.10621324473039664	0.05491648570529453	0.054986083614540715	0.2489585266489164	0.24322743135893107
0.1609679563120235	0.06049938317271933	0.07779461851740552	0.15951884798900037	0.0481865387966144	0.05939403286865089	0.2810540440577002	0.1525845782858856
0.19929177009962867	0.04716264681157367	0.0394008703004384	0.11774535651369074	0.045781284028851565	0.08567356858663752	0.19438943934976938	0.27055506430940984
0.20384315203833184	0.07066627294870521	0.1476811694428634	0.1230292103911501	0.041358207847345466	0.07370223207436088	0.1681477160921943	0.17157203916504854
0.14862264600733632	0.06461367978411553	0.05903202191616819	0.11239924993073871	0.05088168594554299	0.059334867672728636	0.27100048728627824	0.23411536145709116
0.20548330910625348	0.07120445726554762	0.07819642183009923	0.16600498825679938	0.054672011857963984	0.06379519071061107	0.16134653377850447	0.1992970871942205
0.22105811027889802	0.05121422245775456	0.1635108883716735	0.1397089639382262	0.029889932529600094	0.09698809730410382	0.2667368965280167	0.030892888591726828
0.12439113671253475	0.07690283100217796	0.0662597868792231	0.16300320931621293	0.0436849375168602	0.05344659937383854	0.23492739699722737	0.23738410220192496
0.15503857419247596	0.08074803214798972	0.03966242974233927	0.12917282215720377	0.04587870273664507	0.09212678147224682	0.2916491458624259	0.16572351168867325
0.14308318207783954	0.07596316544858794	0.019711233397324168	0.1470194359951174	0.04807773121995544	0.1012732453046749	0.21898609848432937	0.245885908072171
0.1474564912054423	0.05144249792252248	0.051986594126425284	0.10195103265708823	0.041745206640562055	0.05077634267936072	0.15843759936086982	0.39620423540772887
0.1591108454030963	0.058546875355171835	0.026120411212090355	0.13791806083221209	0.04318216711861844	0.07790364115568897	0.18704192224047658	0.31017607668264513
0.11982458963183257	0.045508360607455264	0.038199697072397024	0.15814435483563377	0.052360098363137264	0.0739086940781	0.2504923780112376	0.2615618274002064
0.12665979093008836	0.04263549242160747	0.11466335284361508	0.17068607890879953	0.05064838884534767	0.0925937463163021	0.2096231190155721	0.1924900307186675
0.20633383157767607	0.043529591956738306	0.18013725526961716	0.1670967886616051	0.03509748745232476	0.0563450941512053	0.2874172424881233	0.024042708442709726
