0.021116788348832682	0.16016319921919758	0.13525199449661204	0.03882589174545924	0.12322776863962424	0.29999081902612734	0.20306126284626602	0.01836227567788061
0.020113129501122887	0.19021349433992124	0.11834718195113898	0.03791449084687583	0.10538624762308384	0.31721852983750154	0.18890697668181042	0.021899949218545087
0.018582528682262428	0.19533104805894252	0.10663302779148802	0.039942075437096644	0.12107358858155504	0.2855955921005985	0.2120197585066532	0.02082238084140342
0.021489540922138367	0.16171013264642198	0.13511473706118002	0.04867745325222611	0.1194919427467781	0.31793411790602993	0.17409391945873487	0.021488156006490428
0.018982489549043413	0.22870067393505086	0.0981148194023905	0.0395472734000618	0.10705892083200666	0.3171077511288327	0.16963637258851735	0.020851699164096432
0.021876465652393234	0.17114734732348444	0.14761674142745398	0.034449241734884034	0.12225811896760855	0.307779105908758	0.17376201143519165	0.021110967550225915
0.023059627341744313	0.16943616637663778	0.12821943182474638	0.052588138770577456	0.11737820605302682	0.3039394956044606	0.18516961399834347	0.020209320030463038
0.02132086915338277	0.116336703734323	0.14611125689557966	0.05167727802090459	0.12132459448575031	0.326004092121537	0.19587509651816737	0.021350109070355117
0.018328024284461453	0.12995767828254157	0.13467451392738244	0.04493280779336992	0.1321930182018871	0.3100251061026583	0.20785071390977888	0.022038137497920107
0.023317396684768968	0.18112302931040158	0.1445968027786534	0.04172809676254524	0.11039796171705385	0.30956981799856764	0.1700205630342589	0.01924633171375026
0.020837694247864025	0.17904576601964614	0.11588167420009145	0.04700796156021045	0.114336429888649	0.2819359818233308	0.21839855238318873	0.022555939877019232
0.019128158557361483	0.1407936938824076	0.14442275010313557	0.039334979966307276	0.11703232335705868	0.2891228701911701	0.22771888403352125	0.0224463399090378
0.02196816668824217	0.1274010212218666	0.11179385415253516	0.04118176942939179	0.12497900574617105	0.3386449683596793	0.21313347753970951	0.020897736862404245
0.02271324754628859	0.16426516641923736	0.10685787264250954	0.036287986138495154	0.13799217467851882	0.3402861402682359	0.17178596106721916	0.019811451239495265
0.023268029347355418	0.16834336012488152	0.12874680700974486	0.054027572716730934	0.12021559327201221	0.30802969551104475	0.1763988896890113	0.02097005232921878
0.02030774312731712	0.14290593274664454	0.15894271581490663	0.04592866410948508	0.14539984837666772	0.2816920662742649	0.1843043849653785	0.020518644585335324
0.022040099279315356	0.16563291356609033	0.11287664678261533	0.03959524370102989	0.13169395037954237	0.3084031878044959	0.19992415389271012	0.019833804594200505
0.02260513778881637	0.15494570095642746	0.0977920019495768	0.04411873508983373	0.13038740212146246	0.30209975531625854	0.22594933759731564	0.022101929180308816
0.01940834442642099	0.11155057828721934	0.14530708827388866	0.04425695766148484	0.13860165443920602	0.33356618050877024	0.18701608620697288	0.020293110196036857
0.02151064358363361	0.07862759210526607	0.15185132544548982	0.04752640833064212	0.13353476411666096	0.3611316137765861	0.1841354932786346	0.02168215936308651
0.018798133005113474	0.092388423306844	0.13728549729452555	0.03911440737321614	0.12365400262891123	0.3697926760603254	0.20016112615342238	0.018805734177641656
0.022854461483482344	0.10088397554164012	0.15521024191229738	0.04223616451254408	0.1454533975774534	0.3188263235035348	0.1928794225872315	0.02165601288181622
0.01836809161149329	0.08676652566974158	0.14859788217863928	0.044375919651767154	0.11376055336595536	0.3568730314917431	0.2125325312163598	0.018725464814300236
0.018061910634002865	0.08717487367433141	0.11576462862649713	0.04407787026765453	0.13470620117941984	0.3795890955000627	0.19835860158819624	0.022266818529835183
0.019424556135766158	0.0712229162413685	0.11597457341489757	0.0535665514949733	0.10406685899408522	0.39341184310972943	0.2230225766050191	0.01931012400416049
0.022617703116499438	0.048487879511792314	0.1272357128277384	0.03697566069431174	0.1389182975703587	0.4060242562520726	0.19822725345539394	0.02151323657183271
0.019186997588744745	0.09719939055307139	0.13881252602579688	0.03836899827464829	0.14641381754954183	0.336903374978196	0.20189696446344016	0.0212179305665606
0.022939753282655406	0.09300459999931995	0.15911693359894297	0.03706179855747796	0.12165684089006157	0.3359152491091303	0.20831509902385592	0.021989725538555716
0.023041670577604034	0.06430344834508608	0.10246327373914557	0.04484031070872854	0.11374356740737004	0.4052839946592961	0.22607620933246236	0.020247525230307067
0.022185602869987164	0.07007231538810067	0.14423752104417442	0.03909563772615479	0.13908507095040373	0.33960536295918625	0.2240350044301703	0.021683484631822444
0.023745301429642027	0.17210738764518602	0.10370496749988889	0.046675291480997166	0.1121654289694515	0.3157723658707543	0.2069453738159685	0.01888388328811144
0.02132307231760143	0.17725703829434786	0.11382512705980369	0.0507291056976473	0.12246067386951912	0.2892575559296975	0.20297170862357333	0.022175718207809586
0.021702303945833487	0.1261361281938825	0.14521827149436764	0.0518042081642132	0.12639238254194757	0.3045454568557793	0.20232615473746873	0.02187509406650738
0.023775036002292305	0.166040720100365	0.11156131533082977	0.0513261922075717	0.13693043072075153	0.2966878604925175	0.1947308101075738	0.01894763503809818
0.0187963369975387	0.17646518356167085	0.1093818443508729	0.03400253857803251	0.11452774215079921	0.34530047769316674	0.1816101430590275	0.0199157336088914
0.02133740921894889	0.12683624434326893	0.11347640385602496	0.04429295107858386	0.11374939934323065	0.36130040501623617	0.19945176573536488	0.019555421408341503
0.018651103903122856	0.16176587536492645	0.10508193822963095	0.03765019930566013	0.10988206871249487	0.3555912722103821	0.1888354535961137	0.02254208867766873
0.021781616239005347	0.08259988395320625	0.13155253738911524	0.05261132605831452	0.1223646691084588	0.394119401751032	0.17618632674248907	0.01878423875837859
0.021994260797187873	0.13975347167481128	0.11091133219579469	0.04197987443222831	0.10562191247486571	0.36920756242273256	0.19008535323683365	0.020446232765545788
0.02191311741320616	0.1390047884605599	0.14651266196154716	0.04213071063407581	0.11417936449552847	0.3386646686398098	0.17826900946055818	0.01932567893471429
0.022086461463927773	0.1420549427086532	0.15960517878115205	0.034102225548012066	0.1287110946513889	0.3211891190975076	0.17242727822918122	0.019823699520176985
0.022495737783485487	0.14843034715681316	0.1237145450103187	0.0348397310349947	0.12743148309517682	0.30703386482326367	0.21715319919453516	0.018901091901412162
0.020468339133523875	0.09611124155340539	0.14811368674432465	0.05175915797322862	0.11355905387044671	0.3606663484135627	0.18743155032994674	0.021890621981561095
0.020303235874147077	0.06561181748036372	0.14394564466593912	0.046378165219296566	0.112423301537579	0.3795234055945462	0.20900704646797746	0.022807383160150546
0.019533419893660503	0.11294376078045099	0.14756813906552926	0.042259878075976476	0.1103816382574378	0.3641732018538877	0.18195481204456215	0.021185150028494942
0.022867262517229578	0.09547468597392415	0.1566380924827826	0.04671381246028894	0.11960136557166226	0.3193317298588129	0.21769943800357713	0.02167361313172228
0.021753656555431072	0.14374284118661204	0.10686305634530847	0.03929230628442207	0.1243752303675555	0.3608516506708084	0.18197821853134627	0.02114304005851597
0.01897265831537294	0.10802300549221777	0.12470633401229851	0.04680072142632588	0.10610593815051994	0.34873561821363236	0.22800080111769513	0.01865492327193731
0.018785225231272712	0.053673398077174375	0.14812544982918535	0.04862154821183377	0.11728841836180313	0.40383927890320614	0.19156422751600938	0.018102453869514895
0.021644562962450486	0.041672462601863594	0.13768512447194403	0.0489826327297745	0.1322770335181931	0.3704716006967006	0.2281288226947592	0.019137760324314246
0.02151517944567033	0.06811193727907833	0.1390316202220751	0.04166059124504898	0.14559452329690428	0.39174253342573984	0.16990015323373367	0.022443461851749308
0.020851317030799302	0.05517922825232298	0.14232780291391864	0.04055366170913727	0.14209157273390663	0.40488577830016814	0.17390905932964634	0.02020157973010045
0.022865893339775678	0.047987841487332455	0.1543649793547986	0.03658625654684136	0.13981039403312337	0.37020421694916417	0.20693499072171398	0.02124542756725023
0.02352032172222139	0.08091743420960373	0.1301520143858359	0.04804884231120793	0.1126794803691015	0.35502246633475393	0.2279939638302192	0.021665476837056233
0.020823776744435696	0.06950224965233676	0.14936529518205433	0.04048929032764678	0.14114895965522087	0.3341851582463656	0.2230640962587835	0.021421173933156304
0.020707018596652027	0.15421299404174443	0.11806376388958811	0.05256606919779683	0.1114303075009005	0.3505747151468548	0.17307045965408502	0.01937467197237805
0.02259957620895911	0.10479508538778134	0.10641646121877328	0.03503846359926327	0.13682454705254965	0.39692641550119845	0.1775811476895092	0.019818303341965535
0.020846553939306234	0.03656950191074358	0.11782830391512479	0.05132935171934647	0.13054445977202808	0.40057750737512	0.22005464070226316	0.0222496806660675
0.021042750980332717	0.11151035643857646	0.11245500364320302	0.04803202484602799	0.12193620525281199	0.3530730302194749	0.20951439790726112	0.022436230712311683
0.02198469737576854	0.11300923840953012	0.13455043272846215	0.03973102705093237	0.1304060857756346	0.32444374900132433	0.21436964080773313	0.021505128850614577
0.018697476604914165	0.13853450796053432	0.1260627318136225	0.055594523499427784	0.10398356652225281	0.35336294958486636	0.1821643988434397	0.02159984517094217
0.02017859695184493	0.11980747610063049	0.1549069601156573	0.05024633566669291	0.11765299945386937	0.335219570771744	0.18134922282126797	0.02063883811829284
0.019434852829519927	0.085228510202978	0.15402552561025667	0.04922240949225225	0.1349651270941247	0.3320882613906395	0.20225071817144583	0.02278459520878287
0.0208867991166459	0.05291864125657833	0.13222601993037733	0.04393293013265019	0.14501562209531457	0.38424496260830465	0.19972786734417872	0.021047157515950127
0.02215720443841887	0.07532732510086954	0.1160213682599073	0.0554493805887033	0.1325704318706382	0.3570459268736371	0.22130277459596007	0.02012558827186549
0.02211933751583202	0.13170177808385997	0.09857950633683803	0.045479948251720054	0.11533651366933043	0.3530792243267348	0.21397527750584913	0.01972841430983538
0.01917081351076924	0.13467765834510098	0.11967037573959691	0.05305403238736556	0.14299271865768137	0.3216900439766037	0.1860930732947689	0.022651284088113066
0.020412982174547303	0.16843951132295953	0.10422140623266785	0.041146628565439894	0.12807786875000624	0.2965969952742087	0.22025811934334694	0.02084648833682337
0.01990626321250731	0.13385070309111718	0.15628128116768072	0.03552958682291556	0.12727863210949936	0.2966481158431318	0.20876470732396984	0.021740710429178037
0.018901114296509258	0.14499549425980066	0.15741336899627206	0.035824121833875705	0.11982621567845403	0.3156883429414894	0.18913199701634476	0.018219344977253915
0.022078252929621678	0.13013383644850526	0.14630651416855844	0.05433541536026562	0.12576461599662703	0.3060703421963349	0.19294649893280397	0.02236452396728296
0.018837987704511255	0.15037298608124774	0.11632238016863086	0.034739264084243326	0.11388276587302244	0.32517363779078834	0.21970460348709503	0.02096637481046079
0.018225877227373177	0.1744690893175387	0.12932749325281487	0.03335151957204886	0.11311109784651555	0.32503634743201393	0.18831253091751704	0.018166044434177617
0.020492333127989815	0.1756417399162167	0.10410301701085037	0.04276607843787718	0.12409644614461615	0.3131768347836209	0.20024740063276264	0.019476149946066085
0.02268011939750539	0.1155708614181293	0.09838576004201657	0.05249784969865641	0.1299182251319485	0.3546565937235089	0.20757766164874228	0.018712928939492474
0.022701877072836135	0.1762151973036452	0.0970545262463181	0.03601659674573578	0.10969805314932929	0.3474867730705472	0.19147346363426665	0.019353512777321405
0.0221759966674204	0.14779303003458466	0.13408835868917368	0.03897991365900766	0.13191886730960453	0.33321290886588373	0.17360862610895725	0.01822229866536791
0.020275637425667403	0.09482645460024992	0.1382414257424144	0.0556642485972659	0.10425904293876664	0.38814830001687795	0.17771825973706176	0.020866630941695746
0.02059537213142701	0.09993978788939288	0.10748075736372134	0.042782481988748594	0.1359685870998231	0.3676068676133194	0.20510609438175875	0.020520051531808747
0.023212322492212417	0.06735548209943217	0.1517605505640075	0.03465179219908353	0.11804269252684167	0.40035316428084244	0.18631671315477621	0.018307282682803905
0.02056474221299412	0.07765324055929809	0.14000994960823798	0.05292918279835447	0.112349681032426	0.35994446029355	0.21523648899104098	0.021312254504098155
0.02103671622348957	0.09400541895790204	0.14940184619746358	0.03871382712380608	0.12313117253473536	0.3702271083583615	0.18132757768931584	0.022156332914925858
0.018050530236934495	0.13530773805661783	0.10113984231167056	0.0374813709043233	0.12079431732360621	0.3709119064488514	0.19395749372334917	0.02235680099464682
0.020376650020721254	0.09630904055881487	0.12372286061404439	0.03684016761299545	0.12252516360172071	0.3993098454600581	0.1789638531962623	0.021952418935382717
0.02174756070560957	0.08394262380651347	0.12870179217028152	0.033633785475847736	0.128302112411926	0.3654768980922734	0.2169089117206434	0.021286315616904708
0.02171218742355313	0.0682467381325329	0.14628833767100063	0.05157547022015792	0.1300697331432949	0.3661021925170011	0.19544107299019708	0.02056426790226211
0.023112607570818122	0.08705400253651696	0.12950169766402936	0.0399397011255946	0.13838916913077604	0.3628123111947863	0.19965472044751992	0.019535790329958502
0.02205402011932095	0.09767066550029566	0.11987791918198147	0.03730915442227445	0.12793495844873284	0.3891660645415821	0.18754178824662304	0.01844542953918929
0.020991176552097965	0.061909442374511764	0.12349920183920872	0.05534255289745324	0.11236095488545525	0.3797192408316826	0.22514694866602153	0.021030481953568783
0.020535523737234107	0.06603484649201866	0.09935333958878814	0.03782024578906443	0.13128500878526878	0.39740349618276083	0.22677348408128561	0.0207940553435792
0.020748650298176602	0.05240754043532732	0.13287648821621234	0.05521197712702042	0.12965236169458524	0.3642255840285277	0.22653182333016136	0.018345574869988834
0.020571252851902144	0.12510293284038546	0.14347399619488482	0.04407236387176541	0.13776183952517368	0.32148808044576127	0.18689036283170066	0.020639171438426335
0.022743499084583105	0.09408759886182955	0.11390251014808622	0.0549592147243808	0.1342500165376988	0.38940785560518276	0.17193175468259292	0.018717550355645568
0.01956128673515317	0.09972550792853672	0.09611017626660386	0.052691141036001754	0.14035765716858023	0.3646044240215307	0.2052149612417672	0.021734845601826175
0.01918756878405152	0.1525080512568118	0.10876100128722802	0.0368770931562436	0.11384365431783242	0.3254283301661374	0.22147584999028017	0.021918451041414877
0.023472984558843307	0.16443178719596158	0.12192187856978678	0.05241245822330588	0.12884494060844814	0.31614631683582084	0.1706790437966007	0.022090590211232553
0.018357522524365497	0.113691278337464	0.13860750750784528	0.05469031223623898	0.128675390344072	0.32186151497341997	0.2033129328056511	0.020803541270942943
0.02135852352147287	0.16018777331138256	0.11367908387328829	0.04969110754763527	0.1317101849816654	0.3237858055638695	0.17853268940438466	0.02105483179630127
0.01864355456789324	0.16739911215596764	0.10208441237150329	0.041972836046627104	0.1053030298244449	0.37111986844213374	0.17389481196479362	0.019582374626636284
0.020379883499359513	0.1380335151229985	0.12120598003828327	0.05517342282084699	0.13080991592335947	0.32844160948194	0.18321245956992727	0.022743213543284846
0.022340163398255328	0.10899303124926397	0.12128429576920838	0.03357041975281115	0.10534211702192164	0.388981833811226	0.20102785586569527	0.01846028313161799
0.022665284544650055	0.11843385050888325	0.128427454039171	0.04521086754129623	0.1316837768387942	0.3633942228816014	0.17113612051791957	0.019048423127684164
0.021762120729205317	0.09832046023873406	0.15286009257472502	0.03755921220620223	0.11752552622227914	0.35166373409609086	0.19907251921610258	0.021236334716660615
0.0222900070941099	0.09156400098801075	0.15974610223832342	0.04397624284976223	0.1278715193166603	0.33333653378165246	0.198997976894762	0.02221761683671876
0.02133260533143444	0.1869627090184581	0.1368949905718469	0.03621311651832722	0.1252470655233693	0.2832206502825623	0.19165324430437644	0.018475618449625086
0.020422826143771486	0.17675667095982317	0.13423182250389804	0.040720244023796065	0.12028327083898332	0.3126097524715922	0.17669637663206428	0.01827903642607126
0.02218076157428904	0.14103652754965137	0.14312360005549965	0.053403071468697674	0.11603046599943108	0.29507634879310024	0.20917950182137646	0.019969722737954276
0.018169543513321493	0.09179506492950826	0.146486999700559	0.05056235015828642	0.14202853036462276	0.3389515093902938	0.19027578932215045	0.0217302126212576
0.021576710906613797	0.13413951888139497	0.13308731912132324	0.03549990891875815	0.12241493867058996	0.34697904487642894	0.18754253357495335	0.018760025049937373
0.0227612779496581	0.10167173940375579	0.16038383614347868	0.05146018599727667	0.12297484831465075	0.3142073421264812	0.20703662727969607	0.01950414278500251
0.021683396932993704	0.14685193487677642	0.1428741178937089	0.039080110252072295	0.1124868640073009	0.3038985624346566	0.21347299120295415	0.019652022399536825
0.018189323746814465	0.12714568994504652	0.15639327290738403	0.051540482079275696	0.11444810305294081	0.3404490711853474	0.17053661141936088	0.02129744566383003
0.023534780730425336	0.11437067898612892	0.1584006907141504	0.03616477323291763	0.1364897786212347	0.3360296548553151	0.17346337909074147	0.02154626376908625
0.022907904861156694	0.11903574393909715	0.15402847497551073	0.045849306223854316	0.11022928614520822	0.3232591314884808	0.20312908758045475	0.021561064786237177
0.023591278447300038	0.10434825558327261	0.12206555882643687	0.044414628395031866	0.14089491436076246	0.3234452526440386	0.2187182417634841	0.02252186997967323
0.02074965727542183	0.1107244753757528	0.15563413554941746	0.03516883185756485	0.12045847514148231	0.3222300628105932	0.2131688398393823	0.02186552215038512
0.021706740372244265	0.17231699505663317	0.13958994319599133	0.0526008967667206	0.12351228881457886	0.2957499084802948	0.175062580363659	0.019460646949877813
0.021182301558309552	0.18226679744428065	0.1253968536744413	0.039057485993554825	0.11037147816471689	0.32431582750302296	0.17595969820000018	0.021449557461673457
0.019201735600270456	0.13046847260456318	0.14142247366049734	0.050958367238289975	0.1324956790496508	0.30061317273101446	0.20448755510142874	0.020352544014284837
0.021390974039802446	0.12459362700820556	0.14726122102259404	0.053024738845828964	0.11883846392350376	0.29203761120252025	0.22022556170584773	0.022627802251697096
0.020508905810992517	0.13869108907613004	0.10174630664341788	0.04304712576626592	0.13223311509826718	0.3154945676178367	0.22597274676894347	0.022306143218146113
0.019558900643751376	0.19270587858446842	0.11034660441742646	0.04693438065756443	0.11699406748540646	0.2952338919183809	0.19673220978853617	0.021494066504465587
0.019147220813528626	0.21910574621854095	0.11793687861843201	0.04694329463017008	0.1268289820661494	0.2809835922364527	0.17016047891101235	0.01889380650571368
0.019617472581861597	0.22468023935738854	0.10181480129115117	0.03368565172246957	0.10414648462758011	0.28317715591941217	0.2117138746961424	0.02116431980399419
0.01954443754363526	0.16634935501976655	0.14314754718537825	0.03786002747525577	0.12333106079368128	0.28365570458094364	0.20450257549359707	0.021609291907742023
0.021661931322440445	0.132215283281616	0.13752004068692125	0.03495869370935897	0.1415981824416579	0.3020866883741988	0.2101248844731755	0.019834295710631
0.02203586731641205	0.15409499733452722	0.12660251015889123	0.05598028095303739	0.13863649096434205	0.29144618738502226	0.19265298158393496	0.01855068430383268
0.02341056352497428	0.19230641757388595	0.13971877057060686	0.03487170806241094	0.10749615509135753	0.3021603696819311	0.18191712787417108	0.018118887620662064
0.02005884403073721	0.18359272977131139	0.1413199049419741	0.04048487307814412	0.13377154083318046	0.28152719776343704	0.180550021066421	0.01869488851479449
0.018132877607279274	0.1697664914652451	0.15894856917955316	0.0405683201950883	0.11927155897781784	0.28736451541936303	0.1850362826236518	0.020911384532001295
0.021347148589284548	0.1691180783348916	0.1258287644345388	0.04568362083517609	0.1060828625553426	0.32966647847412434	0.183654674676621	0.01861837210002086
0.020288050162140234	0.14718123139099512	0.1065883831017615	0.035819678965267596	0.14520772087636785	0.3193085502313786	0.20283517991094413	0.022771205361144797
0.022747996579215696	0.12820614281033293	0.10281309185434484	0.04739030609623697	0.1295765802887105	0.33394207165258655	0.21432851777860457	0.02099529293996777
0.018272936754898023	0.1205502085769665	0.10481827663681817	0.048083901634842774	0.1401181919582418	0.3542449322106114	0.1932068347903001	0.02070471743732112
0.020808230233225436	0.12400308646281283	0.12605909789530154	0.03954654067883184	0.13371687905052576	0.3144720050457687	0.22110835536110227	0.02028580527243143
0.021328782340249555	0.127668578339204	0.13627711281498894	0.05221325330533566	0.12231020222951774	0.289786660784055	0.2275796713142693	0.02283573887237958
0.018259926014567676	0.16164175749547643	0.0983574704326201	0.04795060102552444	0.11106035981883462	0.33742052559294977	0.20616463563754042	0.019144723982486428
0.022933500445495192	0.184572060451134	0.10518628476649657	0.03767970974845536	0.1428719245948623	0.3084150643968115	0.17948882091768453	0.018852634679060287
0.02109119107318423	0.17607322522723973	0.09767388119897664	0.036032667288194	0.13021417055577691	0.33784490529329975	0.17858806493814908	0.02248189442517949
0.018549132390245957	0.1764000594759227	0.12370584565012387	0.03713825590610577	0.11645977655333693	0.30044683824095475	0.20722493836535205	0.020075153417957792
0.02103484161144939	0.13200185731105893	0.12669495293727912	0.03924511813958245	0.13368245957718733	0.33356866275710206	0.19179673962362595	0.02197536804271459
0.021998359053487224	0.15053521336277165	0.14624463726629922	0.04213443202787455	0.11042667125127255	0.30525092287530375	0.20314914718713928	0.020260616975851603
0.021035969227205242	0.18494725706100254	0.12715405581388414	0.03616736471715239	0.14332853793342612	0.2834565772057387	0.1814644873819101	0.022445750659680547
0.02088780007879086	0.16266144201208113	0.11610789345951422	0.04115425033746524	0.12869464065558664	0.29876430065946846	0.2129819935046199	0.018747679292473396
0.019807362803071646	0.19480855034125769	0.09743069000407457	0.033557390503378096	0.12962446882343723	0.3297355142153985	0.17276227645208136	0.0222737468573007
0.019405286322977347	0.20785377650127568	0.10312973302222052	0.04764488351712594	0.13736468750886796	0.28557174679571445	0.1770167659501185	0.02201312038169935
0.02357666550585512	0.17025827741498673	0.12345456616043801	0.05043611464482446	0.10816324621092088	0.334685525481634	0.17039339290981564	0.01903221167152498
0.020975105343210038	0.15715240561551813	0.12202359136575436	0.033971296821570726	0.11509408108412883	0.33072990755534687	0.20090798069565258	0.019145631518818318
0.022911930971288186	0.12984663464981566	0.1235336973154484	0.04164269871457821	0.11117495987918295	0.38007670642399494	0.17067256531118885	0.020140806734502595
0.023269040320284054	0.15194753697259017	0.13404750056132952	0.03519580457971472	0.1101214023922327	0.3352213857114575	0.18915433519399164	0.021042994268399534
0.02021586664343529	0.08059202892016001	0.10468896457811158	0.05579067439124487	0.12756078865772774	0.3840942954527611	0.20835159856593288	0.018705782790626263
0.018419007252611308	0.11222573535438579	0.15478958361586892	0.05355645003569874	0.11193781806622716	0.3392811892456049	0.18925736881299	0.020532847616612976
0.023457159412925588	0.09771813379196087	0.15984476671979375	0.052845875183330046	0.13946311667985428	0.29411885636117835	0.2097572154856912	0.022794876365265726
0.018720127361847166	0.10259842797790204	0.09699529331860161	0.04340287298942286	0.13393788312585794	0.3650532347343267	0.21751869060896128	0.021773469883080196
0.02064473166017891	0.07625112556896874	0.15504103635134991	0.034086281686096134	0.11369200088727585	0.3785348792722508	0.20112189136015993	0.020628053213719494
0.02119562222836957	0.1349044655814806	0.11843192969964353	0.048651793539354615	0.10837176390858742	0.3696436520945574	0.1795722669488876	0.019228505999119086
0.02185579990841663	0.07319571148598121	0.15215610150448172	0.03433822772270649	0.12312384446118972	0.3670657149768779	0.20997946371468756	0.01828513622565861
0.019804678053942745	0.057743775377823436	0.15748801868435214	0.04850493562515375	0.11949622645587758	0.359992483556278	0.21420874236272597	0.022761139883846204
0.020200946964722508	0.05128816586783423	0.1572264804683174	0.03921934312206289	0.11565087411037278	0.37559099325585754	0.22205275964372218	0.018770436567110277
0.020503092008104642	0.09916513046743695	0.1247417030862276	0.051326608562362805	0.14199774852459218	0.3475166814256734	0.1939188842870867	0.02083015163851551
0.02021521493505514	0.07852875536379833	0.127050637435833	0.04684684518241819	0.12781824598395014	0.3497589226890734	0.22754207645710342	0.022239301952768187
0.021525761016380957	0.1668745116955695	0.1113395217734772	0.048932368811200166	0.1267738810428392	0.31513095681599806	0.19033717778228287	0.019085821062251873
0.019096440566238895	0.1888590171067152	0.1148285977446237	0.05229179393555364	0.11394026445813789	0.2915759484331061	0.19742923389419473	0.021978703861429708
0.01924830406903627	0.21395716245782304	0.11723950963700105	0.042818463925140146	0.12870095242234567	0.28483039330575965	0.17101315959542288	0.022192054587471075
0.019108332452101986	0.18534377083591222	0.10521232164652561	0.05252988672183162	0.13325114553127146	0.2855421420675911	0.19797955733736716	0.021032843407398652
0.021032089263549922	0.19818904806694546	0.1428951610023449	0.033603940310041144	0.1271514442150589	0.2808357502843976	0.17795508691017276	0.018337479947489188
0.023230825377151085	0.17268749962131943	0.1372496767278479	0.034658832518475874	0.1113079873969419	0.3148147459556545	0.18706594861074533	0.01898448379186375
0.018660303862498978	0.18930996219939766	0.10289775042853376	0.038827100170594334	0.1354530928641418	0.29950491868785467	0.19396630513088864	0.02138056665608995
0.023560806344694304	0.15696829745135032	0.1037540398843961	0.05200789962153514	0.12902855226765525	0.29733421217018274	0.21482867459137456	0.02251751766881141
0.01834011162838481	0.13288840061363674	0.14757951826145688	0.0494568093609271	0.1284347562412821	0.30012377988221306	0.2010765693609895	0.022100054651109674
0.02057510643181064	0.17781358538706443	0.13259467820647197	0.0334771951071787	0.13662710948734952	0.2807133892605553	0.19673590764621254	0.02146302847335671
0.020771582301723587	0.1807080087064827	0.14714419955125327	0.05088951394624977	0.11361887703774906	0.282045339087856	0.1848827042011899	0.019939775167495566
0.019315850914822158	0.07078694174894326	0.1290780983015023	0.05312235536000959	0.1219372877790692	0.3671981679790541	0.21762748400547963	0.02093381391111955
0.020595789891424895	0.07188191238326322	0.1441424231072412	0.03587435004343728	0.13257939292758694	0.4043339356380937	0.16996332016396315	0.020628875844989375
0.01949355295416111	0.04016053306138942	0.12847859430999425	0.04152277384473227	0.1271013208654107	0.40517235967066045	0.21880520594506547	0.019265659348586123
0.01931651708323262	0.06600806825151867	0.12547109402144435	0.04884682865987998	0.13261304061310467	0.37388783290843186	0.21472118488862907	0.019135433573758562
0.01953629504869603	0.11281047700154431	0.11084153092907723	0.04706658930680223	0.1196381245784681	0.383377986908219	0.18486860520959147	0.0218603910176014
0.01916006548103133	0.12021529379214632	0.10382025947750267	0.05306366874931988	0.11243164044197018	0.3560853072441603	0.21556282657059556	0.019660938243273474
0.01844690681605972	0.0935090213085773	0.1568111981539597	0.034507581547914196	0.11187377952249455	0.3672682862937725	0.1974736558301673	0.020109570527054615
0.01919738449128794	0.12314143087920047	0.14429104934314205	0.03896493712513455	0.13321375502578287	0.30689721684562654	0.21282134929983124	0.021472876989994102
0.020983937190501956	0.20679891000893347	0.09865418657752377	0.036901422475015114	0.1354027982736304	0.29971762127723145	0.18090870332684633	0.020632420870317372
0.018073650430792926	0.1760547217657567	0.1469619517436482	0.048231336420465565	0.11142794353022313	0.28295604038197514	0.19728738360850684	0.019006972118631296
0.02334379919377791	0.18451010960067862	0.10909762007469995	0.04408861222374351	0.1110252058198055	0.33546279816755636	0.17032189742270834	0.022149957497029582
0.02273006516757528	0.16695702817061428	0.09734413544295803	0.0437447388222509	0.1341636003207645	0.33726196753035076	0.1781919805815146	0.01960648396397141
0.01987254431733712	0.17905645753928254	0.10078505684155546	0.04049178021592535	0.11579790978439712	0.3445459852475763	0.1784533372493901	0.020996928804535853
0.023468779163564324	0.07721590380096377	0.14243002749192196	0.04072279728456284	0.13895708813971305	0.3718916629037804	0.18693262037471056	0.018381120840782875
0.019601812063004764	0.055507404350153375	0.13034316468152704	0.03657544267426545	0.13494937261071419	0.3986458671937173	0.20534647831163996	0.019030458114977694
0.018505741666536152	0.04094447210155551	0.15601336954707096	0.041474523718814826	0.12840421050750417	0.3729059204824969	0.22215135096285704	0.019600411013164287
0.019909233751095767	0.036938970019887093	0.1470191894612124	0.0412116706762856	0.11046732722074117	0.4104539220050125	0.21143025571176227	0.022569431154003075
0.018130949868098836	0.03172542792542246	0.15469236081639492	0.05348169402817973	0.13916638133860204	0.3536286523904412	0.22800966536775713	0.021164868265103443
0.023426332148262674	0.0680799086196753	0.12285361252129096	0.05425757942562305	0.11678076301003519	0.3782868018204465	0.21348392805520033	0.022831074399465814
0.01809131234815231	0.08245728532600774	0.14569813858053052	0.034502806815412804	0.10475935994080181	0.3946172378787307	0.19988709324557452	0.01998676586478948
0.023574657575641464	0.06576497062652989	0.15473767897229618	0.04283188734920512	0.12276052023825823	0.3634074064001386	0.20789237742519714	0.019030501412733214
0.021102312961101932	0.0806295651835727	0.14437831868339662	0.036570535406839494	0.13435140857883873	0.3892325744123283	0.17311955765221668	0.020615727121705285
0.018160859138479687	0.0999713613079237	0.11277518610533967	0.03913313198241081	0.14056517001607605	0.3948805135804977	0.1735489789859595	0.02096479888331275
0.02074321914106407	0.04940466778628658	0.1575553387086955	0.0351199412844132	0.13911895837025506	0.3708833516490675	0.20661299985345527	0.020561523206762633
0.018366987439574822	0.10344889065806101	0.10715632231003126	0.052281931622887204	0.11998562397283097	0.368170294014586	0.2077453648493654	0.02284458513266313
0.01893433185577155	0.06726982863412118	0.1053891445743435	0.038626267268296155	0.12488271390076974	0.4031466754479607	0.22305345914704428	0.01869757917169279
0.01932294798609721	0.11147759326388901	0.09963798799302245	0.05038512325534911	0.1434129174345265	0.3668891334949306	0.1901119141981698	0.018762382374015202
0.019231084829086892	0.13446338877147002	0.0960542091204384	0.03984759538803831	0.12525069848106596	0.3794193324362607	0.18735303772414758	0.01838065324949198
0.019369219071694754	0.17301651821059455	0.10031966893080659	0.0487422543562554	0.12443488985719539	0.3211514011426726	0.1917752449522109	0.02119080347856961
0.02076489454588072	0.13073749703881954	0.11049569420946448	0.04211048342965468	0.11543293583063405	0.34504294748909015	0.2156489898797989	0.01976655757665731
0.020996070327774896	0.10992992865231979	0.11890919403900146	0.048690065854147424	0.11119285391150426	0.35182391210678005	0.2157918691043168	0.022666106004155084
0.02342064160539939	0.04539966299672969	0.14726954831981337	0.046910286257152475	0.14222616438726737	0.3662429498653621	0.20965036429685058	0.01888038227142476
0.022993904687887534	0.1051148997353806	0.107936329994637	0.03911695744314668	0.12658004061938471	0.39732846926496346	0.17950117869481352	0.021428219559786327
0.01968792457710658	0.04982968497057044	0.09462486509338448	0.05396041677321961	0.13232937947892978	0.4053833461674827	0.22189882479565054	0.022285558143655626
0.018296444581690538	0.06468119527239602	0.14693867821001294	0.050542833963339404	0.14166802657206318	0.34982066292960723	0.2068230697037452	0.02122908876714527
0.020821254142457613	0.15959245410328327	0.1177916548433221	0.037742344031271	0.1113427146801082	0.3280889920649521	0.2055504762081774	0.019070109926428144
0.020389838313793138	0.15891611925377008	0.11478493316376094	0.047386447887207056	0.14134581161785567	0.3030971321311108	0.1934457108932115	0.020634006739290653
0.022341035927125802	0.1850762500818043	0.11427043970977917	0.043432620504315	0.12874851634071355	0.29196024129350184	0.19482673371459652	0.019344162428163655
0.021889266716535627	0.16863488255262948	0.15599503209716892	0.0449889554703785	0.11252729218377673	0.29390703622303904	0.18219810764969002	0.019859427106781485
0.021819274881894127	0.09614583433014225	0.09927163591401117	0.045912976607307435	0.14496295269384668	0.3756288277501294	0.197171685644678	0.019086812177990783
0.018269584462799887	0.1426926050080466	0.11904162575391962	0.03557883766798052	0.11504213937819074	0.371935297214198	0.17542033449659158	0.02201957601827287
0.018625746117077915	0.20408460461423716	0.10038760575835412	0.04001606652222982	0.1417571561444561	0.30481772746582064	0.17124376312727768	0.019067330250546313
0.021790081813133716	0.14736346533930142	0.14798184269687018	0.04913994298277842	0.13727121133085	0.29163625184570463	0.18444692086751924	0.02037028312384219
0.021671156924397195	0.14455857260520982	0.1557241245926232	0.04910528450061488	0.10556789909129888	0.29026702803155335	0.2150001322681588	0.018105801986143658
0.022832625422589445	0.1366545115433327	0.1177984436744769	0.05191209070523495	0.13934589111462098	0.29579040915626437	0.21644854908261446	0.019217479300866036
0.023617935687876485	0.13275148836257825	0.1372137933419481	0.04232314207212759	0.1303978332501643	0.30900671180322975	0.20193606548480603	0.022753029997269303
0.02067280541531029	0.17274151682784272	0.1067968695341299	0.04854348139825938	0.1421145538759469	0.3072493949404753	0.18056857452441136	0.021312803483623882
0.023566618795531763	0.2096160651833734	0.099324752946962	0.03471141204398502	0.12036896589264699	0.2829060985828904	0.20670535803502493	0.02280072851958531
0.021380768845731188	0.18881401199619113	0.10120613500677875	0.043597061208602864	0.10840816188395921	0.33176460859953505	0.18607169568254867	0.01875755677665289
0.01953580871990576	0.13148300745456604	0.11655172795193802	0.048159950490088504	0.13591656336190241	0.34140123723763605	0.18505306744335523	0.02189863734060779
0.02344450064904874	0.1463563879664542	0.10908717795575873	0.03496467037820154	0.14636926291174762	0.3444403557517016	0.17600416109404837	0.019333483293039008
0.020527242915815647	0.1109711643453479	0.1051951073732171	0.04440221226332022	0.13462840731875347	0.34790088167129274	0.21693936220322796	0.019435621909024772
0.02363568264354314	0.11353379098854963	0.15045055419043135	0.049040571770643845	0.1460731423801867	0.3198456279258375	0.17814709146031898	0.019273538640488697
0.0185484558770571	0.1694814509818334	0.11773474939381255	0.040610724090967984	0.11920822875901207	0.30556795527985026	0.20935741172975772	0.01949102388770871
0.018800344320122037	0.17566885543583877	0.14053685438373695	0.04212382013542176	0.12596720920586818	0.2998003280691468	0.17864538426954604	0.018457204180319292
0.01962737502313966	0.16525464805877987	0.10339607773687112	0.047975751627763394	0.14477894203547872	0.2977078376245606	0.2029189398308904	0.01834042806251604
0.019767741453177834	0.1998717770522336	0.1270542771195275	0.048587431731860656	0.10594200378973223	0.2863309496116142	0.19426552291615135	0.018180296325702505
0.020520138382517636	0.19297871844131026	0.10958421866506979	0.03505244437944413	0.14318427459900984	0.288611920717585	0.18999026930485244	0.020078015510210698
0.021932029724825303	0.14316352106868113	0.1549469784653545	0.05587462116890565	0.14174079523252905	0.2841106097769615	0.17607891215633914	0.022152532406403566
0.02023376180238773	0.16548843644242459	0.16037245397736333	0.041794295254996186	0.11615175788193136	0.30031110140772543	0.17505120559515672	0.0205969876380145
0.018693652003259564	0.11410075460263189	0.1334020413689345	0.04824508617701266	0.11262229373539243	0.3386691109664442	0.21424533450768363	0.020021726638640935
0.02050380725506301	0.15635929923745742	0.10564928764551344	0.05116540058922081	0.10822983082711803	0.3307776742833695	0.2091893514276721	0.018125348734585434
0.02239983837465155	0.10343486031986363	0.15274424562792654	0.05406693435619936	0.11360779971681602	0.32311058410840854	0.20880352945157857	0.021832208044555657
0.023578322917881478	0.050693974506791945	0.15980314389719916	0.043061871386596576	0.12391494069971401	0.4087276698136164	0.17051640976210714	0.019703667016093163
0.018170274915813328	0.06458270432841678	0.15373103862388562	0.05061887383778149	0.12638651927647074	0.3841835336734273	0.18151148832215233	0.020815567022052228
0.02195082480534981	0.04465246621014797	0.1604499632886853	0.03866700113852378	0.14179747237916562	0.34923317786273267	0.22183025832898956	0.02141883598640515
0.019541565507671416	0.11077544829945475	0.1394095022268089	0.05406668154499095	0.12517853894695252	0.3623173813218148	0.1703758982299038	0.018334983922402695
0.02241835038031592	0.15263700728987883	0.12273914165117314	0.046531622987631444	0.13387520491530722	0.33143107063736577	0.1710222937998049	0.01934530833852252
0.019358257469100443	0.1717313933508673	0.1116522573165867	0.04425582014882545	0.11455212323985904	0.30963384776234903	0.209694185573392	0.019122115139019805
0.022483468270906304	0.19515613309103344	0.10912199856619792	0.044030155687476646	0.1425990292749347	0.2963075058691034	0.17103526053669516	0.019266448703652267
0.020762006937338373	0.1585703773115513	0.1277224939150021	0.055743245568424055	0.12148400555703161	0.2910067812901397	0.2035734575062037	0.021137631914308952
0.019453631103817065	0.16748585648751363	0.1384945127087455	0.039595459109091166	0.1199247640505654	0.3089565499516446	0.18444755418438574	0.0216416724042367
0.02273242293039479	0.15778234469982905	0.13241047761171384	0.048257962780922745	0.11758664328242464	0.30955616615915926	0.19266745592681206	0.01900652660874344
0.01952349522870027	0.16343091611818972	0.1435458915280442	0.0409458629402224	0.1411606048752208	0.28876380107820826	0.18394685895844243	0.01868256927297174
0.018412985034981566	0.14157161950355104	0.12603181687044096	0.042340616563668956	0.11684436708484365	0.3586110518526441	0.1738659862109186	0.022321556878951015
0.01989357670729	0.16926559962133553	0.12529597312857757	0.03960856420033394	0.13098659730776044	0.30549423540254306	0.1909009993122493	0.018554454319910013
0.018446118844932247	0.20057461842411006	0.13002244454385192	0.03730899899538706	0.10799061069793026	0.2923661916062169	0.19439403150271567	0.01889698538485579
0.018503604738566964	0.12927554385251452	0.14461667042167403	0.040801605673666225	0.13404438363420082	0.2857087632499198	0.2262466270204396	0.020802801409017885
