0.24141152823784676	0.2069267953474343	0.10339990570992327	0.27588514602951	0.17237662467528544
0.2414177311337143	0.20692211632731294	0.10340288038197006	0.27588077920797616	0.1723764929490263
0.2414138256853955	0.20692320355939595	0.10339915712708725	0.27588581074089735	0.1723780028872238
0.24141431164280852	0.20693064232696762	0.10340208107977349	0.27587780664146483	0.17237515830898528
0.24141454294712666	0.20692996433286165	0.1033992260434005	0.27587708329747607	0.17237918337913488
0.24141844275461272	0.20692026617488687	0.10340059130485886	0.27588556948209925	0.17237513028354207
0.24141473306583922	0.2069222745788823	0.10339989795049218	0.2758816258033137	0.1723814686014724
0.24141366441754908	0.2069266767985759	0.10340303551581476	0.2758808116305968	0.17237581163746324
0.24141298104718695	0.2069289832270138	0.10340305581914909	0.2758829502223062	0.17237202968434373
0.24141894308184575	0.20692826694122984	0.10340076448063822	0.27587603971748964	0.17237598577879631
0.24141538316252514	0.20692625657520192	0.1034036855685859	0.2758815172353576	0.17237315745832918
0.24141346115978682	0.20692599460530017	0.10340017194434131	0.2758811443729552	0.17237922791761626
0.24141551833571365	0.20692014227186556	0.10340271563438971	0.2758842777861822	0.17237734597184867
0.2414193518405055	0.20692423765634538	0.10340164837539104	0.2758763607058766	0.17237840142188127
0.24142031190717986	0.206924492287781	0.10340036639726241	0.27587826300154783	0.17237656640622867
0.24141612540152935	0.20692336804933062	0.1034009962413607	0.2758798204780411	0.17237968982973803
0.24141728703742826	0.20691762512455783	0.10340330811955879	0.27588110568591606	0.17238067403253876
0.24141102761199854	0.2069322305829183	0.10340393812769298	0.2758748561737424	0.17237794750364754
0.24141327939351812	0.20692457985641047	0.10340382927515235	0.2758792449712892	0.17237906650362966
0.24142079862048876	0.20691954183240396	0.10340339595623144	0.2758773352993731	0.17237892829150248
0.24142020959858657	0.20691549849936	0.10340327592761236	0.2758833787180376	0.17237763725640323
0.24141825854162524	0.2069308817985057	0.10340098945142932	0.2758762636354708	0.17237360657296874
0.2414198299498251	0.20692286874159324	0.10339975839589623	0.2758842524558181	0.17237329045686706
0.24141928805792162	0.20692678280835367	0.10340247575343771	0.27587311179259344	0.1723783415876933
0.24141147029139404	0.20694038559997305	0.10339971214918725	0.27587442944287266	0.17237400251657278
0.24142113755253158	0.20693056108858854	0.10340112945878399	0.2758748782185603	0.17237229368153528
0.2414133765009845	0.20693138968864552	0.10340060689717744	0.2758759298972203	0.17237869701597203
0.24141106102602095	0.2069380573456495	0.10340199309504396	0.27587580006915063	0.17237308846413474
0.2414190903023655	0.20692531027083083	0.1034011369383747	0.27587478382429365	0.17237967866413512
0.24141344584631208	0.20693361684003325	0.1034012800255635	0.2758741653643664	0.1723774919237246
0.24141576348097576	0.20691988853816926	0.1034022380429234	0.2758844337283043	0.17237767620962702
0.24142110525268862	0.20691391328643477	0.10340366543768413	0.2758816587216106	0.17237965730158164
0.24141361965773092	0.20692853569943404	0.10340241362758065	0.27587945844034095	0.1723759725749132
0.2414183632557969	0.2069268700533824	0.10340080202020378	0.2758770730908111	0.17237689157980557
0.2414192032183758	0.20691929938164888	0.1034006015123443	0.2758803028943529	0.1723805929932779
0.2414124059739507	0.2069357518775771	0.10340171716300096	0.275877575045128	0.172372549940343
0.2414199170169219	0.20692096828830464	0.10340187617937677	0.27588386278765864	0.17237337572773787
0.24142151127859535	0.20692056588662394	0.1034006521067341	0.27588474857592715	0.17237252215211918
0.24141224852885068	0.20693066379430425	0.10340048566531905	0.27587574584409597	0.1723808561674298
0.24141298277243306	0.20693391683865633	0.10339914074463691	0.2758735556871462	0.17238040395712723
0.241412812108799	0.20692696682623957	0.10340090509362009	0.2758778436655488	0.17238147230579232
0.2414189309026094	0.20692210366115127	0.10340347260556047	0.2758755146488202	0.1723799781818584
0.24141729790591682	0.2069242632500513	0.10339933224262846	0.27588566111290136	0.17237344548850184
0.24141326489883422	0.20693004063405804	0.1034036113863248	0.2758746117659255	0.1723784713148572
0.24141743470755084	0.20693227058436364	0.1034032433825704	0.2758750188163133	0.17237203250920155
0.24141833360348341	0.20692602385892328	0.10340253316907609	0.27587853607930385	0.17237457328921313
0.24141514146667098	0.20692554424670323	0.10340339639346836	0.2758748710935768	0.17238104679958047
0.24141519179748358	0.20693236253984504	0.10339943417623657	0.2758755678585417	0.17237744362789284
0.24141475042022087	0.20693042547461274	0.10340209684126148	0.2758769376193283	0.1723757896445764
0.24142020558792673	0.20693060065044375	0.10339967008745876	0.275875874037547	0.17237364963662355
0.24141369056050588	0.20692271807361912	0.10340268476060961	0.27588411974698623	0.1723767868582789
0.24141535864899488	0.20692969330113076	0.10340125590997964	0.27587329768420005	0.17238039445569442
0.2414191443208184	0.20692802505791066	0.10340071488482974	0.2758773529886776	0.1723747627477633
0.2414177150820961	0.20692625988598773	0.10340140548742474	0.2758784981420423	0.17237612140244885
0.24141961313043228	0.2069223646553589	0.10340018046768482	0.275884358244203	0.1723734835023208
0.24141947711410724	0.20692230899727096	0.10340364775513215	0.27587660821551274	0.17237795791797667
0.24141150301750378	0.20691993911388462	0.10340161421238356	0.2758850405120142	0.1723819031442136
0.24141989106783998	0.2069268251582196	0.10339924733290382	0.2758790347563049	0.17237500168473147
0.24141315476445663	0.20691992361877307	0.10340370351302626	0.2758826662510043	0.17238055185273946
0.24141219049415258	0.20693179260636738	0.10340321966059725	0.27587389653311023	0.17237890070577236
0.24141951841779916	0.20692146742182974	0.10340050294220957	0.2758849122121271	0.17237359900603416
0.24142122659029736	0.2069215743210272	0.10340348609347577	0.27587593036095615	0.1723777826342433
0.24141555168628231	0.2069260552878531	0.10340148061028825	0.27588489767031865	0.1723720147452574
0.2414218132532851	0.20692078572431552	0.10339942736039154	0.27587684195270135	0.17238113170930622
0.24141850524567784	0.20691823442033422	0.10340300604929238	0.2758804706522383	0.17237978363245704
0.24141655285777114	0.20692901844261535	0.10339913400869552	0.2758805087340778	0.17237478595683992
0.24141285287127154	0.2069298946109134	0.10339924444221997	0.2758774197524288	0.17238058832316605
0.24141745213019292	0.2069326814609894	0.10339988307735667	0.27587323648966516	0.1723767468417956
0.24141206656938263	0.20692749450232129	0.1034026179765578	0.275885758239656	0.17237206271208205
0.24141686934106724	0.20692702232183136	0.10340295991527208	0.2758779474060825	0.17237520101574652
0.24141705574458117	0.20692139825715666	0.10340280438624906	0.2758814593226222	0.17237728228939064
0.24141338605640944	0.2069282829868852	0.10340174491392444	0.27587531261919507	0.17238127342358558
0.2414215086258184	0.20692714384502553	0.10340337323844213	0.2758742292930138	0.17237374499769986
0.24141127411856927	0.20693861637519143	0.10340363378158524	0.2758739903680636	0.17237248535659022
0.24141228567828166	0.20693652608885785	0.10339952905934931	0.2758767821044154	0.17237487706909554
0.2414163540674557	0.2069210283322935	0.10340292755690794	0.2758807020740613	0.1723789879692813
0.24142153417612455	0.20692276541756663	0.10339903291472902	0.27588188828259586	0.17237477920898372
0.24141522819248934	0.20693590238726875	0.10340072452440546	0.275873504341393	0.17237464055444318
0.24141297027280784	0.20692974168731204	0.10340165752627427	0.2758758067357708	0.1723798237778348
0.24141316288150966	0.20693118290734425	0.1034013549807789	0.2758737992675949	0.172380499962772
0.24141407154924402	0.20692845608865526	0.10339987794399431	0.275883645266941	0.17237394915116522
0.24141273121779655	0.20692384531923397	0.1034021888248139	0.27588478181773324	0.17237645282042208
0.24141290024553064	0.20692973300952033	0.10340033396697319	0.27588164553193223	0.17237538724604334
0.24141977267856624	0.20692630459306094	0.10339903392383502	0.275875734919014	0.17237915388552355
0.24141280423531	0.20692916078425672	0.10340135992958055	0.27588242393841145	0.17237425111244098
0.2414192179843504	0.20691988132263625	0.10340287273071579	0.2758832847730957	0.1723747431892016
0.2414205950008692	0.206918617207531	0.10340151772207926	0.27588397281459	0.17237529725493028
0.2414155031067477	0.206926523631448	0.10340312436853448	0.2758809893990056	0.17237385949426393
0.2414140127666674	0.20693362457780498	0.10339949210803756	0.2758765781941519	0.1723762923533379
0.24141940189850386	0.20692920763075245	0.10339926775727798	0.27587583890099665	0.1723762838124688
0.24141369056182757	0.20693467325243292	0.10339999272139311	0.27587698310698333	0.17237466035736282
0.24141399134935138	0.20692922239320227	0.10339998693568503	0.27588223576228854	0.1723745635594725
0.2414143560957086	0.20692994667019043	0.10340023522905281	0.2758804106795406	0.17237505132550726
0.24142097750826003	0.20692508637746998	0.10340258571789901	0.27587834967633007	0.17237300072004075
0.24141894068349928	0.20691986647572766	0.10340356579995628	0.2758835424667245	0.1723740845740921
0.24141278815269845	0.20692170172193633	0.1034007261095968	0.2758833072006379	0.17238147681513025
0.24141936029046238	0.20692077403275325	0.10339970054578267	0.27588240514865825	0.17237775998234323
0.24141893495659075	0.2069220123750825	0.103399282217938	0.27588240249806933	0.17237736795231914
0.24141235414192766	0.20692485242617426	0.10340072822235295	0.27588194311558717	0.1723801220939577
0.24141878450907442	0.20691947216378517	0.10340247906891596	0.27588385866555887	0.17237540559266534
0.24141217067244253	0.20693664834031716	0.10339925671796672	0.2758788184477685	0.17237310582150484
0.24141491648436625	0.20691790829480977	0.10340265261024623	0.2758849656314766	0.1723795569791009
0.2414112853857751	0.20693541322154924	0.10339977334320052	0.27587669279745525	0.17237683525201963
0.241415241911962	0.20692965190471316	0.10340244611437177	0.2758747442439373	0.17237791582501544
0.24142166135276166	0.2069240652665446	0.10339979889823502	0.2758743364937454	0.1723801379887131
0.24141204216071338	0.20692753380497028	0.10340281665764045	0.275881091198779	0.17237651617789668
0.2414127360162921	0.20693362238411875	0.10340150227693273	0.27587790271933055	0.17237423660332565
0.2414184681947577	0.20692086691612033	0.10339988853645676	0.2758791601273729	0.1723816162252921
0.24142149515828934	0.2069253204887162	0.1033999054535759	0.27587613474754563	0.17237714415187272
0.24142143225891677	0.20692312149309455	0.10340120286288619	0.27587466993123044	0.17237957345387175
0.2414139539252581	0.20692712901121296	0.10340060390003002	0.27588505063857877	0.1723732625249199
0.24141211643241486	0.2069207339811279	0.10340335978591689	0.2758837870410471	0.17238000275949303
0.2414201054067455	0.2069191210375235	0.10340254723877858	0.27588262044865813	0.17237560586829406
0.24141376568501038	0.20693102147982176	0.10340315398302237	0.2758738814035324	0.17237817744861283
0.24142089119323423	0.2069303523753082	0.10340005073097129	0.2758746907448053	0.17237401495568067
0.24142146741462628	0.20692546068590403	0.10340380374432451	0.2758731191119314	0.17237614904321352
0.24141868937535504	0.2069190533404443	0.10339961208900164	0.2758822429377793	0.1723804022574194
0.2414202811795398	0.20691579381411146	0.10339922170715336	0.27588324949617776	0.1723814538030174
0.2414174252960623	0.20692357517230114	0.10340236582994275	0.2758778697822806	0.17237876391941287
0.24141532025244564	0.20691766891885335	0.10340092871157129	0.27588578484627957	0.17238029727084989
0.2414141871869693	0.2069218963597705	0.10340236434021663	0.27588526775838496	0.17237628435465835
0.24141906223374188	0.20692050346662152	0.10340154350789502	0.2758798786018152	0.17237901218992618
0.24141572047112675	0.206927125068939	0.10340318948970971	0.27587999330248125	0.172373971667743
0.24142068614763995	0.20691929659355218	0.10340055209168073	0.27588050073345605	0.17237896443367084
0.2414188214330235	0.2069300572173387	0.10339929029274204	0.27587907165069014	0.17237275940620536
0.24142027301443988	0.20692991887634352	0.10339901251029296	0.2758783635754388	0.1723724320234846
0.2414134940706399	0.20691977128368505	0.10340374344031111	0.2758812060389535	0.17238178516641017
0.2414110242128017	0.20693034712061592	0.10340388578800176	0.27587515648500377	0.17237958639357662
0.24141155970544476	0.20692801229939925	0.10340129917845961	0.27588403731454547	0.17237509150215072
0.24141472034460504	0.20692624518458091	0.1034008879389874	0.2758809020013119	0.17237724453051448
0.2414163857076874	0.2069174567161317	0.10340281429373456	0.2758830474563375	0.17238029582610853
0.24141369598276635	0.20692321856941048	0.10340202237611464	0.2758837138430821	0.1723773492286262
0.24141967567071024	0.2069219666716539	0.10340170483812924	0.2758797173611937	0.17237693545831265
0.2414140683094263	0.20692536060419414	0.103401954599106	0.27587855444561926	0.17238006204165401
0.24141100634019488	0.2069220839549391	0.10340220221157399	0.27588342367169566	0.17238128382159612
0.2414208657135563	0.20692256259608627	0.10340282209310947	0.2758803785069064	0.17237337109034134
0.2414191990371165	0.2069187279430541	0.10340286070553374	0.2758837133303851	0.17237549898391039
0.24141950215979835	0.20692601088309873	0.10340082742240311	0.27587938318929883	0.17237427634540076
0.24141297621799976	0.20692999702991088	0.10340313868921919	0.275881047723322	0.17237284033954797
0.24141956112048363	0.20692403547288837	0.10340230060460921	0.2758807555445547	0.17237334725746387
0.24141981858711642	0.20692129703954562	0.10340336195880602	0.2758737797378219	0.1723817426767098
0.2414212129763964	0.206919490413527	0.10339992122443013	0.27588374500174895	0.1723756303838973
0.24141234967465974	0.20692926097603376	0.10339959829997324	0.27587944960350114	0.17237934144583186
0.2414181454292454	0.20693165925410748	0.10340116247776283	0.27587597781271805	0.172373055026166
0.2414124646714075	0.20693025078105637	0.10339972252075805	0.27588110498608676	0.17237645704069104
0.2414124534938443	0.2069284981053957	0.10339971717989538	0.27588332601723636	0.17237600520362797
0.24141599987016493	0.20692227660404175	0.10340050263849213	0.27588270682236804	0.17237851406493293
0.24141804739226935	0.20691727732724846	0.10340315681456261	0.27588080458640574	0.17238071387951354
0.24141998316856295	0.20692328622370382	0.10340002095011418	0.27588104143402964	0.17237566822358918
0.24141920002170367	0.20691329375860107	0.10340187894675132	0.2758845285181848	0.17238109875475893
0.24141221062431892	0.20693210267439455	0.1034022192515959	0.2758803481073072	0.17237311934238317
0.24141749751007593	0.20692194511323764	0.10340342887324323	0.27587706412444357	0.17238006437899944
0.24142183589464963	0.20691578841619643	0.103401771372951	0.27588544043620594	0.17237516387999674
0.24141455670612136	0.20692002791038866	0.10340116082166116	0.27588286648217963	0.17238138807964892
0.24141236373804886	0.2069285916448398	0.10340250125725028	0.2758758061966969	0.17238073716316396
0.24141502576863855	0.20692952768181133	0.103401622136987	0.27587887807088446	0.1723749463416784
0.24141113690199606	0.20693280634403105	0.10339951890618695	0.2758825425218351	0.1723739953259506
0.2414112374047682	0.20693358978882043	0.10340199717340387	0.2758751004435796	0.17237807518942763
0.2414140196150645	0.206927936346977	0.10340355607344033	0.27588063993199885	0.17237384803251907
0.24141427559603085	0.20692187108799356	0.10340303212645996	0.2758810837903457	0.17237973739916965
0.2414182975909494	0.20692947229732556	0.10340234926566357	0.2758739423034201	0.1723759385426411
0.24141542898242524	0.20692387526088984	0.103402261692875	0.2758773395826317	0.17238109448117797
0.24141874031042998	0.20692711328208832	0.10340132656408506	0.275879767135516	0.1723730527078804
0.24141395750260555	0.20693619265824842	0.10340375120787924	0.2758730683700861	0.17237303026118042
0.2414189066168751	0.20692494774902295	0.10340057252515486	0.27588159329737116	0.17237397981157565
0.24141951687896734	0.20692949385816053	0.10340396823970582	0.27587369924242744	0.1723733217807386
0.24141733082562036	0.20692231678103842	0.1034033025479352	0.2758772804465037	0.172379769398902
0.24141545556617153	0.20693475427640276	0.10340049614346725	0.27587452302944687	0.17237477098451137
0.24141110726655962	0.2069307950075334	0.10340294874521273	0.27587832452364847	0.1723768244570455
0.241421239684232	0.20691953036040134	0.1034017363746524	0.27588375086840716	0.17237374271230685
0.24141118292004643	0.20693302274466616	0.10340162384677234	0.27588214001123895	0.17237203047727587
0.24141150989982035	0.20692850077496722	0.10340069803344275	0.27587794906236274	0.17238134222940665
0.2414202945610434	0.2069207681286958	0.10340217608003284	0.2758832987491078	0.17237346248111993
0.2414211383205504	0.20692444351704842	0.10340100688860189	0.27587307090974844	0.17238034036405062
0.24141481900409012	0.20692735577856847	0.10340158350513343	0.2758833549635026	0.17237288674870516
0.24141757581330747	0.20692724627229397	0.10340309339232381	0.2758744911173542	0.17237759340472034
0.24141956113531315	0.20691483530911486	0.10340309483423175	0.27588486405373946	0.17237764466760047
0.2414200551128487	0.20691831929751528	0.10339978992503457	0.275884646659353	0.17237718900524823
0.24142001016114692	0.20692321469985075	0.10340113469192103	0.2758795066341879	0.17237613381289313
0.24141877394719707	0.20692990386415347	0.10340025838381356	0.27587349591894095	0.17237756788589467
0.2414118694435031	0.20692278442964412	0.10340074529231785	0.2758849957605319	0.17237960507400282
0.2414193481861877	0.20692110019244261	0.10340021615903869	0.27588393033662284	0.1723754051257079
0.241420726371184	0.20692999063072345	0.10339970032042932	0.27587474573601223	0.17237483694165073
0.24141464248585884	0.20693154937656494	0.10339915069521079	0.27588053438287286	0.17237412305949235
0.2414170630428333	0.2069253501717694	0.10340031236061689	0.27587640046095285	0.17238087396382729
0.24142117903186194	0.20692397772746318	0.10340145092151702	0.2758779518053888	0.1723754405137688
0.2414158756571198	0.206925895594618	0.1034016162189876	0.27588335776486217	0.17237325476441218
0.24141494259573393	0.2069252430429184	0.10340249365489991	0.27587683535253316	0.17238048535391437
0.241421642841296	0.20691235016228662	0.10340257571167344	0.2758829735927971	0.17238045769194654
0.24141805311935569	0.20692085295076168	0.10340379054717387	0.27588509758213525	0.17237220580057327
0.24142108003928633	0.20691546088967502	0.10340110423345386	0.2758818469633774	0.1723805078742071
0.24141700569882313	0.20691893913955556	0.10340207579094066	0.2758801254379664	0.17238185393271396
0.24141322416771055	0.20693657165609672	0.10340040013131614	0.2758758075148502	0.17237399653002614
0.2414136475923785	0.20693124506027505	0.10340225467978287	0.2758743401031643	0.17237851256439904
0.2414197607069184	0.206917833105754	0.10340392189737206	0.27588278855260817	0.17237569573734712
0.24141664326475493	0.20692741918310514	0.10340033483359133	0.2758828058261562	0.1723727968923921
0.2414215345095062	0.2069229409160707	0.10339988692326797	0.27588065581605126	0.1723749818351036
0.24141418344083515	0.20693153362237818	0.10340114415570785	0.2758766902175953	0.17237644856348325
0.2414121214381182	0.2069227997646388	0.1033997590917779	0.2758850934886052	0.1723802262168597
0.2414167580050788	0.20692906283098447	0.10340378117567321	0.27587315748191765	0.1723772405063456
0.24141194272249647	0.20693327814630053	0.1034000256021244	0.275881150098256	0.17237360343082234
0.24141165739597362	0.2069344865880846	0.1034035612020951	0.27587505163129894	0.17237524318254752
0.24142054925513956	0.20691552777803685	0.10339927974859184	0.27588532740909705	0.1723793158091344
0.24141323430542727	0.2069186064164891	0.10340368049536938	0.27588402858883704	0.17238045019387693
0.24141703808094728	0.20692952287229718	0.1033993086078796	0.2758753106478171	0.17237881979105862
0.24142174038222977	0.20691871831479414	0.10340278691336267	0.275875493813726	0.17238126057588718
0.24141465664777045	0.20693168035559578	0.1033994247963696	0.2758803410790963	0.17237389712116757
0.2414154858318815	0.20693156767546983	0.10340310483430082	0.2758732997259674	0.1723765419323802
0.24141991582730515	0.2069221271525236	0.10340073478630671	0.27588187906760986	0.1723753431662545
0.241413690648072	0.2069292917704673	0.10340003859622829	0.2758824866470286	0.1723744923382036
0.24141432457149387	0.20693120079231114	0.1034026148584595	0.2758739921726769	0.17237786760505835
0.24141187955541887	0.20693345822942968	0.10340010202690075	0.27587690390263964	0.17237765628561078
0.24141871311332902	0.20692596089016013	0.1034030921942401	0.27587481755778975	0.17237741624448077
0.24142189873409733	0.20692232783337727	0.1034013073285465	0.27587510522043623	0.17237936088354242
0.24141485561730763	0.20691825101085634	0.10340166071824848	0.27588417518138075	0.17238105747220658
0.24141974939163963	0.20692749010946843	0.10339989225480493	0.2758748152131523	0.17237805303093448
0.24141223295697184	0.20693019749867145	0.10339988985103463	0.2758798780973596	0.17237780159596225
0.24141307025794	0.20693676494939517	0.10340047203299453	0.27587561715609277	0.17237407560357731
0.2414177825010477	0.20692426178173953	0.10340067357940336	0.2758803250643954	0.17237695707341372
0.2414212979016528	0.2069239541604568	0.10340092154044167	0.27588091353167143	0.17237291286577705
0.24141327788420114	0.20692440675962495	0.10339982296611126	0.2758838046526325	0.17237868773742993
0.24141502291813283	0.2069346097807746	0.10339940967985456	0.2758750621808819	0.1723758954403558
0.24141181229465433	0.20692170553187014	0.10340170412697039	0.2758830190844507	0.1723817589620542
0.24141941497754957	0.20691881971234907	0.10340086192890936	0.2758823701727031	0.17237853320848862
0.24142180604924496	0.20691613979006537	0.10339908665850116	0.275883770487425	0.17237919701476326
0.24141613556766484	0.20693208527361448	0.10340027382856948	0.2758735084473663	0.1723779968827847
0.24141142555728723	0.20693167613599955	0.10340350040006284	0.27587879418605654	0.17237460372059354
0.24141896910381483	0.206912786766704	0.1034018917640819	0.2758851018507845	0.17238125051461456
0.24141148560331802	0.2069333198227112	0.10340116425948656	0.2758786802608127	0.17237535005367127
0.24141429327215302	0.2069293388646286	0.10339928036932766	0.2758822834716144	0.17237480402227603
0.24141273433985422	0.20692681129535762	0.103403982337812	0.2758842163534436	0.17237225567353232
0.2414144631988832	0.20693059956456739	0.10340221010103942	0.27587629924100177	0.17237642789450797
0.24141928879101993	0.20692867582796384	0.10340156877625228	0.27587428608776055	0.17237618051700315
0.24141580516679195	0.20693414439520177	0.1034039063843178	0.2758734434633617	0.17237270059032653
0.24141100175691899	0.2069281828944781	0.10340179381141772	0.2758812644717076	0.1723777570654774
0.2414141589684214	0.2069255700358543	0.10340071665019902	0.27587886004514645	0.17238069430037858
0.24141581071275503	0.20692572270898157	0.10339928093117065	0.27588028643958745	0.17237889920750504
0.24141617926654857	0.20692316972866254	0.10340238112596259	0.2758830257074967	0.17237524417132938
0.24141652988997123	0.20692034682171362	0.10340383942183456	0.27588291016813976	0.17237637369834055
0.2414174382443607	0.20691794621216128	0.10340337542409636	0.27588403564081854	0.1723772044785629
0.24141713770105333	0.20692755220440448	0.10339964472982775	0.27587983061443744	0.17237583475027676
0.2414130681767598	0.20693360473546665	0.10340205202704122	0.2758788999896977	0.17237237507103437
0.24142075655191134	0.2069122648380022	0.10340202539962558	0.27588476811031726	0.17238018510014336
0.24142192725206982	0.2069204734768839	0.10340007573021674	0.2758794593963685	0.1723780641444608
0.24141547583915962	0.2069251199065137	0.10340103683039008	0.27588260429642114	0.17237576312751524
0.24141895635852678	0.20692577221247754	0.10340295024524121	0.2758797464541979	0.17237257472955628
0.2414149883725858	0.20693033208075504	0.10340382435119368	0.2758731041778206	0.1723777510176446
0.24142066920742644	0.20691600328686421	0.10339995205120815	0.27588194020424023	0.17238143525026067
0.24141938918537986	0.20691304221174614	0.10340250642651104	0.27588352765680163	0.17238153451956106
0.2414208290725387	0.20691739755425262	0.10340238697091136	0.2758849144645162	0.17237447193778085
0.24141342891525674	0.2069359971478047	0.10340299741192932	0.2758731434617161	0.17237443306329286
0.241421223099144	0.20692896581287867	0.10340017809162982	0.27587540892467355	0.1723742240716737
0.24141170580423232	0.20692857077672025	0.10339915005537115	0.2758793341291292	0.17238123923454687
0.24141910399565458	0.2069299882876476	0.10340298259457445	0.2758740353293322	0.17237388979279095
0.24141439218803407	0.20692621254024735	0.10340355047466326	0.27587706719874805	0.172378777598307
0.24141248943851415	0.20692651424282363	0.10339998006279015	0.2758791206275392	0.17238189562833262
0.24142139427267872	0.20692026668742883	0.10340282516464532	0.2758822529288369	0.17237326094640998
0.24142156914299548	0.20691486986491814	0.10340059163746465	0.2758847876655801	0.17237818168904137
0.24141703748860058	0.206917576379833	0.10339920237078318	0.27588533294515954	0.17238085081562346
0.24141797467509074	0.206911957258708	0.10340295181902351	0.27588514181333157	0.1723819744338459
0.2414182045629109	0.20692288454728455	0.10340306192398353	0.27587876891183477	0.172377080053986
0.24141236882970732	0.20692444877472985	0.1034010037554043	0.2758855050716913	0.17237667356846698
0.24142092441417448	0.2069276039015842	0.1033995988844543	0.27587466425750273	0.17237720854228403
0.24141762437159958	0.20692402986249653	0.10340360662073499	0.27587725054678086	0.17237748859838778
0.24141109363572857	0.2069266512370968	0.10340153809126976	0.27588124831925076	0.17237946871665383
0.24141648314990846	0.20692374883456902	0.1034011670949147	0.2758798353806471	0.1723787655399605
0.24141797975695156	0.20692698849287527	0.10339918504357087	0.2758746660355147	0.17238118067108738
0.24141432322906325	0.20692632550540455	0.10340118232044136	0.27588155954958316	0.17237660939550745
0.2414138270014296	0.20693057197548237	0.10340351499470322	0.2758772508510849	0.17237483517729965
0.24141992962993764	0.20692131513071768	0.10340130480264768	0.2758785528373937	0.17237889759930305
0.24141417387295666	0.20691873780434658	0.10340299203567219	0.2758852272371142	0.17237886904991015
0.24141693912367318	0.20692553805045738	0.1033994776701782	0.27588255597340877	0.1723754891822822
0.2414215177921898	0.20691352277284739	0.10340368996723882	0.2758841865328398	0.17237708293488396
0.24141117016924382	0.2069301042330497	0.10339950894139678	0.27588403272535567	0.17237518393095377
0.24141445344934667	0.20692536142000442	0.10340286346353451	0.2758846973507827	0.17237262431633144
0.2414193917923433	0.2069165048259661	0.10340177823097813	0.27588126901011467	0.17238105614059754
0.2414114487170075	0.2069352159966792	0.10340140908711122	0.27587301189620306	0.1723789143029988
0.24142122166728452	0.2069228659457765	0.10340078950394703	0.27587394795303144	0.17238117492996025
0.2414164368983796	0.2069280394120703	0.10339909342934263	0.27588277504111414	0.17237365521909306
0.24141944607046573	0.20693240935446866	0.10340028718419031	0.2758736735344904	0.17237418385638467
0.24141400422174553	0.20693424276443265	0.10340166319413147	0.2758738423381043	0.17237624748158584
0.24141544651827154	0.20692920556559097	0.10340349301799209	0.27587875393068484	0.17237310096746034
0.24141990207802425	0.20691532173482505	0.10340310466317419	0.27588149423320485	0.1723801772907714
0.2414126063106972	0.20693512416630794	0.10339943909055165	0.2758796169415859	0.17237321349085705
0.24141848444328884	0.206923953285851	0.10340225753016827	0.27587931115686554	0.1723759935838261
0.241417815776079	0.20691980518906128	0.10339954679566186	0.2758852569477292	0.1723775752914684
0.24141567630427843	0.20692562477223636	0.10340046593902665	0.27588580508940347	0.17237242789505486
0.24141797080256894	0.20692082322307	0.10340322197026786	0.2758774073546625	0.17238057664943046
0.24142051863694766	0.20692711529003296	0.1033995561603861	0.27587704319042444	0.1723757667222086
0.2414138796727502	0.20692424083533087	0.10340202241550316	0.2758806604489652	0.17237919662745035
0.24141753420449638	0.20692313233873422	0.10340151679131358	0.27587707023233565	0.1723807464331199
0.24141701548838781	0.20691293098389674	0.103403645397183	0.2758859420366032	0.17238046609392899
0.2414187026841384	0.20692218884478863	0.1034018476332785	0.27587760644140497	0.17237965439638925
0.24142071745385954	0.20692206562493645	0.10339931446424894	0.27588241055728185	0.17237549189967294
0.24141549238872634	0.2069211081482573	0.10339947337289226	0.27588195827652984	0.17238196781359402
0.24141775701721946	0.20692350399058065	0.10340144860972973	0.2758776386103138	0.17237965177215614
0.24141788913169404	0.20692200767119343	0.1034018589341827	0.2758786104035077	0.17237963385942193
0.24141335936716024	0.20692595430191643	0.10340057763643452	0.27587943818893434	0.17238067050555425
0.2414190585201595	0.206917927127579	0.10339987305620238	0.2758859539567569	0.17237718733930196
0.24141970914663413	0.2069218336538747	0.1034039203041807	0.2758770097772935	0.1723775271180167
0.24141317383954106	0.20692143942463773	0.10340147951821282	0.27588312231196693	0.17238078490564124
0.24141817843216035	0.20692647574750606	0.1034014519950674	0.2758758197671149	0.17237807405815106
0.24142094201609932	0.20691401999322614	0.10340385933030612	0.2758813402687338	0.1723798383916344
0.24142128047720163	0.20692486115622566	0.10339963621313336	0.27587489495019657	0.1723793272032425
0.24141685488081158	0.20692229918754726	0.10340086814145344	0.2758809766517413	0.17237900113844618
0.24141531713767306	0.2069268080091121	0.10340120209853569	0.27588148883329244	0.17237518392138648
0.2414217004097202	0.2069185351526893	0.10340031761881796	0.2758792685983266	0.17238017822044568
0.24141888245619164	0.20692147453321558	0.10340368994660669	0.27587615891586265	0.17237979414812324
0.24141426675064948	0.20692869783555606	0.10340065536489741	0.2758752006306547	0.17238117941824213
0.2414142828925175	0.20693440846779443	0.10340094370386223	0.27587499341764254	0.17237537151818305
0.24141134863468475	0.20693577092433627	0.10340016281562443	0.27587840314050144	0.17237431448485288
0.2414135896147504	0.20692599738575895	0.10340065479565072	0.27588405660228343	0.17237570160155624
0.24142127120783746	0.20692821364707006	0.1034003097088936	0.27587610450931277	0.17237410092688585
0.24141511437683488	0.20693499100551954	0.1034007773013879	0.2758749972989947	0.17237412001726274
0.24141249830735528	0.20692455193478668	0.10340113384778248	0.27588314378874207	0.17237867212133326
0.2414199791399978	0.20693205500277573	0.1034003311063258	0.2758755222709459	0.17237211247995446
0.24141638050694184	0.2069196415313637	0.10340337230549464	0.2758837665352394	0.1723768391209602
0.24141955919674984	0.20692432052659018	0.10340125524766906	0.27588098386638643	0.17237388116260421
0.24141176349695193	0.20693414177571107	0.10340136021408226	0.27587443935868683	0.17237829515456765
0.2414214094929932	0.20693016143548174	0.1034000791581663	0.2758751579996	0.1723731919137585
0.24142194649017723	0.20692313478745536	0.10340341155139986	0.2758730356782099	0.17237847149275737
0.2414149525458707	0.2069201556294336	0.10340193858108158	0.2758836924510691	0.1723792607925448
0.24141789012032974	0.20693113441860017	0.10340310193373625	0.2758739630865948	0.17237391044073883
0.24142070652307962	0.20690900424975994	0.10340348425773449	0.2758849975353791	0.17238180743404652
0.24141167232785116	0.20693954789664062	0.10340313700619308	0.2758734834643224	0.17237215930499247
0.24141499480818068	0.2069306147372287	0.10340393850823083	0.2758734728522184	0.17237697909414113
0.24142178794115965	0.20692161153206198	0.10340196637066452	0.2758813871679302	0.17237324698818343
0.24142010474332773	0.2069165896564711	0.10340028278817458	0.275881357120031	0.17238166569199537
0.24141263737229612	0.2069280653255814	0.10340235966620111	0.2758789881867703	0.17237794944915086
0.24141539053796293	0.20692872538765716	0.10340285772587894	0.2758772134784862	0.17237581287001452
0.24141838163798945	0.2069239097712552	0.10340039206357031	0.2758846068904751	0.17237270963670967
0.241415560062752	0.20693008606402316	0.10340033232613778	0.27588180923004224	0.17237221231704455
0.2414135228997693	0.20692694416742588	0.10340103866772171	0.2758844439491189	0.17237405031596398
0.2414186727569141	0.2069151285943283	0.1034014358466468	0.27588384409002725	0.1723809187120833
0.24141379510894073	0.20692427276124561	0.10340079504256015	0.27588592224186	0.17237521484539323
0.24141885841397806	0.2069251467069314	0.10340181737257688	0.2758814518862983	0.17237272562021513
0.2414184753656682	0.2069220671777595	0.10340208846486916	0.2758785932848681	0.17237877570683485
0.24141892443476748	0.20692053105547983	0.10340389907433341	0.275880866827949	0.17237577860747008
0.24142151718509985	0.20692082122302632	0.1034004971720732	0.27587850190497787	0.17237866251482253
0.24141111685406652	0.20692976893807166	0.10340154071490279	0.2758800631883071	0.1723775103046517
0.24141583518928122	0.2069300535920631	0.10339973333257038	0.2758779238379201	0.172376454048165
0.24141837916647946	0.2069195847263459	0.10340360773450837	0.2758831148651116	0.17237531350755447
0.24141164297727083	0.20693129379526634	0.10340128315075982	0.27587634186524906	0.17237943821145368
0.241412901477859	0.20693493578371838	0.10340385276883737	0.2758759383007627	0.1723723716688223
0.24141754149154326	0.20691545501591266	0.10339948761745568	0.2758859150963785	0.17238160077870962
0.24141472371545192	0.2069200046199261	0.1034005346927625	0.27588380086556685	0.17238093610629238
0.24142156355308425	0.20691494334725394	0.1034035376320089	0.2758859267844746	0.17237402868317805
0.24141351880501077	0.20693055747321784	0.10339966962155808	0.2758780824806424	0.17237817161957067
0.2414193240775901	0.2069343513172124	0.10339940489630285	0.27587377630570764	0.17237314340318677
0.24141451848345818	0.2069307553756738	0.10340116949901763	0.2758740625715198	0.17237949407033037
0.24141639058858527	0.20693361606802788	0.10340194425874896	0.27587487776004826	0.17237317132458935
0.24141375124691034	0.20692845480094066	0.10340080786365652	0.2758815940395508	0.17237539204894142
0.24141385959316639	0.20692827289386773	0.10340091841518119	0.27587902622545496	0.1723779228723295
0.24141425537086836	0.20692399139566575	0.10339901150954908	0.27588442677363595	0.1723783149502806
0.2414132078656747	0.20693416474113152	0.10339932096061429	0.2758765499248123	0.17237675650776693
0.24141795853620907	0.20691754859886832	0.10340246953737199	0.27588148512088356	0.17238053820666682
0.24141265993455202	0.2069263195430598	0.10340264183198317	0.27588275111985977	0.17237562757054498
0.24141565360891779	0.2069202292880233	0.10340075409911016	0.2758857972668691	0.17237756573707938
0.24141513033139217	0.2069266259317658	0.10340279670666895	0.2758815795226426	0.17237386750753028
0.24141387740400394	0.20692682797749484	0.10339919900597579	0.2758785993318433	0.17238149628068192
0.2414134485648362	0.20692364953340683	0.10340008344261391	0.27588433226529174	0.17237848619385102
0.24141841290476662	0.20692221034127073	0.10340019086175611	0.2758825369487794	0.1723766489434269
0.2414202946144084	0.2069188772527659	0.10340399487020176	0.27587989292649806	0.17237694033612563
0.24141759386436026	0.20692594450052607	0.10340117627984757	0.27587781363679864	0.17237747171846718
0.24141912377143154	0.20691867243160805	0.10340038686021276	0.27588398825544164	0.17237782868130574
0.2414165982222493	0.20692742061397043	0.10340311808158717	0.27587632254622635	0.17237654053596652
0.24141799353161664	0.20692743620485396	0.10340139992944677	0.2758736568541827	0.17237951347989972
0.24141819332408693	0.2069257185872867	0.10340056418058345	0.2758768332908326	0.17237869061721006
0.24141703919324065	0.2069169466994485	0.10340374712103192	0.27588551993870314	0.17237674704757555
0.24141872281675394	0.20691618744164364	0.1034009065127193	0.27588218419573096	0.17238199903315193
0.24141907527337247	0.20692369442038552	0.10340074109822922	0.27587506826340763	0.1723814209446049
0.24141126728677806	0.20692796672073663	0.103399832255221	0.2758816728225764	0.17237926091468764
0.24142195022720514	0.20691978423640026	0.1034026608762616	0.2758815239840896	0.17237408067604318
0.24141417069819388	0.20693632421072866	0.10339926428051996	0.27587374114767604	0.17237649966288124
0.2414184139367772	0.2069221590832899	0.10340366374989783	0.2758763724786736	0.17237939075136124
0.24141470449233415	0.20693396708628117	0.10340082010938413	0.27587663772379434	0.1723738705882059
0.2414152791653169	0.2069193406636762	0.10340239225452258	0.27588285452410355	0.1723801333923805
0.24142176299865614	0.20692240453265864	0.10340082582769601	0.27588186306779017	0.17237314357319877
0.24141410641773442	0.20692262047395454	0.10340392409873997	0.275882382461328	0.17237696654824278
0.2414161417551057	0.20693702300919553	0.10339939168528817	0.275873510363261	0.17237393318714936
0.2414138676555839	0.20693360977014855	0.10340233994015596	0.27587430089507187	0.17237588173903948
0.24141931683830845	0.20691736656034435	0.10340087509931609	0.2758824197720147	0.17238002173001615
0.24141169947206487	0.20693528051539345	0.10340001927535929	0.2758754758880477	0.17237752484913443
0.2414188425850438	0.20692459172838962	0.10340052293889652	0.2758798829753173	0.17237615977235252
0.2414165234325954	0.20692639184826944	0.10340223927882314	0.27588210278561287	0.17237274265469893
0.24142115758357688	0.2069188484717551	0.10340212057951588	0.27587695730412953	0.17238091606102238
0.24141888376544274	0.20692132176578001	0.10340070758852633	0.27587954580355717	0.17237954107669354
0.24141151298673508	0.20693715901016774	0.103403757352921	0.2758740831455062	0.17237348750466971
0.24141360951844998	0.2069287458388318	0.10339921047534296	0.27588230925345697	0.172376124913918
0.24141701567223506	0.20692263176109668	0.10340268488019094	0.27587786330249925	0.17237980438397785
0.24142155502520352	0.20692471808220575	0.10340112471398552	0.2758766200070831	0.17237598217152192
0.241417576732362	0.2069282072243492	0.10339963866723795	0.27587405051516944	0.17238052686088118
0.24142055991391986	0.20693129795097898	0.10340092570370849	0.27587503812140163	0.1723721783099908
0.24141984575560063	0.20692439711011465	0.10340173294197474	0.2758761173430457	0.17237790684926405
0.24141351924189275	0.20693083415817434	0.1034021893532953	0.2758781568564538	0.17237530039018362
0.24142146374526968	0.20692702388960119	0.10340141286982109	0.2758731825784873	0.1723769169168205
0.24141627314430994	0.20692140071698825	0.10340069316573364	0.27588562053596827	0.17237601243699968
0.241420623302243	0.20692095257471813	0.10340370760631047	0.2758824877951471	0.17237222872158103
0.24141429534424438	0.20692309935722678	0.10340046526709201	0.2758827309719058	0.17237940905953075
0.24141532717680952	0.20692939879753477	0.10339957182747891	0.2758750640458461	0.17238063815233043
0.24141957184163065	0.20692434643209526	0.10340246799839252	0.27587481223413624	0.17237880149374507
0.2414137720769929	0.20692304915360646	0.10340003054960138	0.275882453929727	0.17238069429007202
0.24142144145280306	0.20692164311220262	0.10340304731624178	0.2758798086061262	0.1723740595126261
0.2414167755412186	0.20691682294208782	0.10340304160428962	0.2758838225851836	0.17237953732722014
0.24141252745177505	0.2069335201895027	0.10339926284058856	0.27588114811741216	0.17237354140072123
0.24141682129019243	0.20692515629964725	0.10340297194649334	0.2758809820792139	0.17237406838445282
