0.10698247005855877	0.11346103212331776	0.11392526141776307	0.11996657449801412	0.06419687434155623	0.19054873374086756	0.09115338342307884	0.04734979125063342	0.027916152210466005	0.12449972693574418
0.12092098199137988	0.10515938055382583	0.11658539249760723	0.12195504725759415	0.06642439724853069	0.1605437327547216	0.08954694185202247	0.056543465333769145	0.032531854330927354	0.12978880617962157
0.11225373461099539	0.10888092993005047	0.10027637467554724	0.1260660159122498	0.07337777561552566	0.17328604836367145	0.08680564379499316	0.054399292146050736	0.029838827964567785	0.13481535698634822
0.11537725913679078	0.10729384096295126	0.10306637100069153	0.1260023804089231	0.07777942771610294	0.15730139875160515	0.08093591978635688	0.060389681639126294	0.035616832534120374	0.13623688806333165
0.13303172360587906	0.13341206351004636	0.06174645957282319	0.13119552858883182	0.06849098058908029	0.1888619297837321	0.07528186867484576	0.04796197276024971	0.02865131418215487	0.13136615873235674
0.11421681280292635	0.1285993441758243	0.06999664077779044	0.1356482787966401	0.06734693136782063	0.18336481977709035	0.09251525217973919	0.05396846115377104	0.032941291637085535	0.121402167331312
0.1459213478634121	0.12052322304803108	0.09426214719615887	0.12823428350085736	0.06271978049056992	0.16306210796746892	0.08030086171335028	0.04882286038140069	0.03340509683165095	0.12274829100709972
0.14372129828805286	0.11349387087453933	0.052859498135535886	0.12379153795268859	0.07622902120836783	0.1826303662970415	0.09187392023743732	0.06025435778923595	0.034441114539189396	0.12070501467791125
0.12607415888489854	0.10699321956088939	0.0762903116755615	0.13876441615095575	0.07489588776745806	0.1640296346076396	0.07523062453021956	0.046920186983537185	0.034306476573043074	0.15649508326579722
0.12673124252518791	0.12588353308348033	0.059403458686026596	0.12980911353921798	0.05973266589285591	0.19129593187096794	0.07872486426945677	0.05439538514695613	0.03378920023107723	0.14023460475477312
0.1553373567823465	0.10000205870921344	0.11920636734185303	0.1330079209485684	0.05726599326171941	0.15002513682180724	0.07483186296593783	0.04982545334770175	0.030821691481881727	0.12967615833897056
0.15546913045902666	0.10890206218096231	0.05370587540817945	0.14104151210330454	0.05940338520909961	0.1722437444018622	0.08209868352998845	0.05357488207596953	0.034730397251182196	0.13883032738042492
0.10891272777960914	0.12706469870797096	0.052996334846160634	0.12924159488882864	0.06919712676715459	0.18363622972223675	0.07816109081397996	0.06053594574244752	0.034218589941251404	0.1560356607903603
0.09080483178647535	0.1239916931624195	0.10987366648466271	0.1334030261526817	0.07201972004886813	0.17274640444141387	0.08284150784269102	0.04725959191258352	0.03222613888051305	0.13483341928769113
0.13702615194899714	0.1207499744223554	0.078984718038358	0.13700630407415101	0.05774399513751342	0.17458754305236934	0.08373725811230553	0.057915628840722835	0.03151105070997906	0.12073737566324816
0.14010277443534866	0.1021112503238721	0.0813446179716373	0.12762828436794044	0.06642287725120424	0.1545613879519292	0.07554586597242222	0.058732402103743295	0.03689743951029717	0.1566531001116053
0.09623766421197752	0.1097335646333685	0.08407898356030738	0.1254106580622327	0.06373852520625872	0.18462135446279035	0.09662606661602337	0.05192162519090222	0.03534196196230434	0.15228959609383486
0.11490486066544275	0.10391182693499232	0.1131099805870808	0.13573184439892474	0.06133607204125076	0.16005129154087885	0.08328343413788758	0.04840344959679492	0.038522454837564966	0.14074478525918221
0.08781947584118541	0.12024476349106318	0.08951690817749762	0.14045831219843866	0.06089505515903128	0.17634261836776743	0.0945373386494259	0.052664551026070476	0.028557609493572778	0.14896336759594725
0.08567108670459848	0.13353828462694514	0.12036342525132254	0.12913321155737958	0.06703331384191306	0.16102415714930368	0.09535424961452953	0.04920739018882933	0.03716000874729815	0.12151487231788044
0.15380376860894265	0.1147714053828351	0.0690483718081315	0.12155535394477608	0.07133268937580002	0.16660189872476316	0.08897158002331655	0.06061091907885786	0.03126811539488843	0.12203589765768856
0.12907527450837136	0.12497960232730075	0.08817227381806325	0.12118292409153561	0.07434297398947956	0.1566431563052793	0.08278867427330064	0.0518964186415697	0.03143096730450097	0.13948773474059875
0.1252808515104435	0.10248602078997465	0.11968056160549334	0.12518709905352085	0.06205761915820595	0.16063636290281758	0.07809262073469744	0.05781517691949496	0.03612793503214945	0.13263575229320224
0.1393238663444626	0.10120175918716258	0.07359292337943699	0.13257533050786258	0.06234809121315065	0.17808129765370234	0.08468327994107364	0.059231772806684395	0.02995848539202592	0.1390031935744382
0.10173762427240764	0.10616126253880415	0.09853490317779998	0.12988142426132374	0.07098893922797556	0.19121690408644745	0.09662186412616947	0.046632181337160426	0.037074405065324015	0.12115049190658755
0.129714225186607	0.10895683119750979	0.07281282694690887	0.12607011923124362	0.060544824361103346	0.1733592495834883	0.09606592763516271	0.04807690923154447	0.033052348993116126	0.1513467376333157
0.09646205256647311	0.11421856565065217	0.10043908659295987	0.1329363098511714	0.07163648471692756	0.19215699282730833	0.08549612170655346	0.04801434739184881	0.032268327475661066	0.12637171122044413
0.10994668386402784	0.12596815348936827	0.10167722107365253	0.12518913390676267	0.06902967995793838	0.14743827389794367	0.07784894036705485	0.05763113407442682	0.029295661164370296	0.1559751182044546
0.1020430291052625	0.10068054260576563	0.11305403723284645	0.13436305686231464	0.06280510679372116	0.15052509841562595	0.09153069391683381	0.05339584103062546	0.03664505315680071	0.15495754088020364
0.14246139549862497	0.10221961366893981	0.07528888309280546	0.12566626580062884	0.057414861590547754	0.18544845374000712	0.0786383997220674	0.04830586817001846	0.0375083702783375	0.1470478884380226
0.14952397661053188	0.10360095069088053	0.06681464791154104	0.1305082084507394	0.0675657519252772	0.17353329819939323	0.07442183455202425	0.050476624358448456	0.03448255593923158	0.14907215136193236
0.11174628149535115	0.1130603761934728	0.07251655559201955	0.1406759173968434	0.07172076127213511	0.18963085010288944	0.08813008865212872	0.05236318630396177	0.03135710209884075	0.12879888089235725
0.14278152459744628	0.10194646622994862	0.05437420771522331	0.13461073080447578	0.058951985955503244	0.19268249592953846	0.09439808754937941	0.052289929861756596	0.02866243844681149	0.13930213290991672
0.14466826089892248	0.12210549347913273	0.06849898938844562	0.1330191756775963	0.07748477141985619	0.15787502249221508	0.08117475414172494	0.056048997199560815	0.03207722708168019	0.12704730822086557
0.13831098816665605	0.11793966548631128	0.10856430305428551	0.13057035398545613	0.058219531823027304	0.15803468768356366	0.08600168854647539	0.05054227040862684	0.029519414892362802	0.12229709595323494
0.08355289595426971	0.11565506529065045	0.09345750411964293	0.13140585721671721	0.07809368634680865	0.18598106699552341	0.07744142679004548	0.05703389496105611	0.03409058546535318	0.1432880168599328
0.13093880163936927	0.11791424748513345	0.05788902464858456	0.1398420836079229	0.06011069360741348	0.1600619533710843	0.08853369529122991	0.05626313864951422	0.034121294996127385	0.15432506670362042
0.1223357578184773	0.10749576144878731	0.11661730941666427	0.1334318718017175	0.06056303516610952	0.15416283515899365	0.08384186820982557	0.04636133451893291	0.03124060040128601	0.14394962605920586
0.12830188279573787	0.10007417056053566	0.09475092930917117	0.1387614882162111	0.07583721879916341	0.15743005667614718	0.08791436642790182	0.053456113767986424	0.03622088068669278	0.12725289276045249
0.0958575172128108	0.12109737858251668	0.08939657961217623	0.12705457064529369	0.06278794456701142	0.18810239231207357	0.08979336939962465	0.0604554169956402	0.036001224985128644	0.12945360568772407
0.10853517204108765	0.10082072638691908	0.10004343459433226	0.12498676782264254	0.07351647839837616	0.16678706567536877	0.09225058735597931	0.05019606424571188	0.029379194806027617	0.15348450867355468
0.1420606744104408	0.13387677193764336	0.05345335093457177	0.1361968730207518	0.07171099079501314	0.15788191723995915	0.08883665571357215	0.04631959811881172	0.03531250202215895	0.13435066580707708
0.09042866219539719	0.11283168459431116	0.12557463257810175	0.1357496384019784	0.07130252854549311	0.15982215259609756	0.0924670851880286	0.055177248133084215	0.034174613933720635	0.12247175383378729
0.12429094038018126	0.10855526631859279	0.08405883740818122	0.11578374086020177	0.07001898174499574	0.18460008033763564	0.08616865099687072	0.053252810397394296	0.03270164011428052	0.14056905144166598
0.13545036641325414	0.11197140446522356	0.09340466850974521	0.11986133018177776	0.07848643640763464	0.15687631968800322	0.07682784200198485	0.04783164498008478	0.032444509516045175	0.14684547783624657
0.13394187013178477	0.10431187132289473	0.07579604697711331	0.11855599213703963	0.06848893712028767	0.16997074119341848	0.09718818694204892	0.04723447533001963	0.029553119668186606	0.15495875917720617
0.13750917937790297	0.12845903058800628	0.04476496013494384	0.12837580446147492	0.07651816909225852	0.17754477899993237	0.07732313683052924	0.051927468099888234	0.03206758837795272	0.1455098840371108
0.12909420041835187	0.11326860005671485	0.07916284079756916	0.11608880160597805	0.07299221128573581	0.1785906609682863	0.08426541528355477	0.058543835935296266	0.03472444859737303	0.13326898505113982
0.1526081950231806	0.11317545689080312	0.09874892364458585	0.12104022492029091	0.06022435452212419	0.15380855295209078	0.07658917398975562	0.05331717355421351	0.03484025550422595	0.13564768899872937
0.10493609875652998	0.13119419584498418	0.10764998146844787	0.12313998588993054	0.05610047604692295	0.18292297812432606	0.0825579937216053	0.05872580528082646	0.028927526250393756	0.1238449586160328
0.12064925552849708	0.12727809715907207	0.044179311584481615	0.12653467773500182	0.0705972795152417	0.19032301399835613	0.09479544002682772	0.05180131090367801	0.03609554831352933	0.13774606523531444
0.08312474597746067	0.10246843380512297	0.10203116647794433	0.12391876093295105	0.07764796053713877	0.19075041393631975	0.09769766574522401	0.04623822740515527	0.03384341056634589	0.14227921461633727
0.13185570647768322	0.12031416766137079	0.06823326638746431	0.12414537666393806	0.07124829465737328	0.19037923445499855	0.08034410380384127	0.04941853391900986	0.03573403265560024	0.12832728331872031
0.1337218683330204	0.12771172872651956	0.06571367024559382	0.11891071580122321	0.07500166895261437	0.16686037694661354	0.08447368979567914	0.052938140184924494	0.029514547661991214	0.14515359335182013
0.10445750286385831	0.09993493985102074	0.10766587027600232	0.11771505770878038	0.07461572842999407	0.16688009649158206	0.08286886883407539	0.053359842934387135	0.038574361069493746	0.1539277315408058
0.0912059883740228	0.10649974013308659	0.1062711309346459	0.12242664382897273	0.06272875261488829	0.18489264781645065	0.09451958820002972	0.057474849976211786	0.032946038677237374	0.14103461944445414
0.1424420750073853	0.13069818371518843	0.09454716680032438	0.12079641985841272	0.06480147031024691	0.1506256656595399	0.08300894764432412	0.04834503062779921	0.03130936307551577	0.1334256773012632
0.10103426892564912	0.10099071079322461	0.117550111399049	0.12119987446379708	0.06506821457987966	0.18330836116407315	0.07630208898952925	0.056885458810016575	0.03744292650553713	0.1402179843692444
0.13900056433506947	0.12753948515611818	0.05128843294860616	0.12608415478130247	0.0652416544603053	0.17600386280788266	0.08962692659438126	0.058998002303679145	0.03331784744237351	0.13289906917028177
0.13608702758677677	0.12588260879895719	0.10646139653434827	0.13302384703931738	0.05722707788772659	0.15064077503519854	0.09082418632881356	0.047518972612853004	0.028343940290597697	0.12399016788541087
0.11490381043228626	0.12631412496496214	0.06209052103825051	0.13495780345224018	0.07540164135247897	0.1710501726879564	0.08774649831818289	0.05890957421823102	0.03277888819419475	0.13584696534121682
0.1533800794716265	0.133323135586199	0.048180829922485915	0.13300212200699973	0.06491292665733905	0.17652824925959	0.09097033749715444	0.05153636332587218	0.029426537127996893	0.11873941914473624
0.11047984044418802	0.10917397475236236	0.09580864073375314	0.12107194512443281	0.05612025674206263	0.18545852809606045	0.07962853066881541	0.04832287391873123	0.03799735722631023	0.15593805229328367
0.13266470130550725	0.10106688415561088	0.09439888118975213	0.1215269542217637	0.06999889905832314	0.15256914045278275	0.08934795381730648	0.059874794452699005	0.03303715246871772	0.14551463887753685
0.09523651173178233	0.11025834308510513	0.12142572637154558	0.14143778626031753	0.07033985543912846	0.16105510922894592	0.08669831471926955	0.046738136374196	0.029489006198879925	0.13732121059082955
0.12519703974429952	0.1169460571001811	0.06363790069739148	0.11664649931352811	0.07702281863564506	0.18860268395863888	0.07958697459469082	0.05546872693774682	0.030996494457164597	0.14589480456071358
0.139981843519239	0.11844471464522804	0.0808802077357673	0.12610843037181343	0.058618361135340594	0.17332032090795135	0.09428422741155575	0.057491342579618215	0.02999976409404781	0.1208707875994384
0.14018744487570542	0.13059939415098137	0.06723943676418485	0.1322139680616925	0.06006931508306209	0.1630600536581995	0.0791634986905341	0.05781983296548968	0.03491888223375282	0.13472817351639754
0.1076830352607295	0.11132392514962688	0.12320110210184596	0.12952391720154222	0.07622502830632218	0.1596524994970708	0.07773364069242278	0.048653608145641854	0.03292842954654358	0.13307481409825417
0.09448687649213044	0.12019762517567562	0.09932157766102684	0.13209402877181958	0.06284921598598392	0.17845357208442642	0.08500348712675501	0.04951638277898637	0.029442891149044748	0.148634342774151
0.08316005523097202	0.12295472927618864	0.060548380801425335	0.13671857893889958	0.06320196888530469	0.19739397155676414	0.09328078917464028	0.05629414813474293	0.03265211186265539	0.15379526613840697
0.10863363665127743	0.12357683932723323	0.07648349360139553	0.13611103262447521	0.07454262466194844	0.16849433663009294	0.08069188347338509	0.058495792983570605	0.029223020608810588	0.14374733943781084
0.10255592054408384	0.11659225586307348	0.07843167890661151	0.12797280602994446	0.07173928520855224	0.19011668011382388	0.097389651656066	0.04718483224412953	0.03467221447417197	0.133344674959543
0.11829313192812782	0.10576557964345226	0.09612081391820346	0.11825501780795614	0.07493941579072615	0.18137828466811512	0.07814330775824824	0.04959266196119914	0.034563356299376416	0.1429484302245952
0.1393878835247872	0.10935613582703235	0.06705867861281994	0.13026329100112058	0.06517337402448742	0.1924522359080067	0.07430673550572085	0.059631529633312946	0.02821652673780292	0.134153609224909
0.10012088698170328	0.12660562862667238	0.08938458169003036	0.13092324692206755	0.07470793301270208	0.16381566045772916	0.07829462977757466	0.053448831236947436	0.028549239966428733	0.15414936132814427
0.12095447141868687	0.13192571075437912	0.08946970677972006	0.12218093110463779	0.07057734808508394	0.14782553371306634	0.08702329237334987	0.0508307259652099	0.03303029945576888	0.1461819803500972
0.13396517187449142	0.10236222889867394	0.07677034100378395	0.13334766820434857	0.06678903998453134	0.16325941453093804	0.09515200215533307	0.04875527626966862	0.038252733247935565	0.14134612383029538
0.0983441454964284	0.10357507625193704	0.08677481317148494	0.13761635921805723	0.07386449016866699	0.17975201017206593	0.08722359982796363	0.05260331064082644	0.033777871955217045	0.14646832309735228
0.10728126178190867	0.10992355385185679	0.07555259785049165	0.13979574937218553	0.07651082721165696	0.1804785075161423	0.08640114848915556	0.05331514367556749	0.03638101373601493	0.13436019651502007
0.14314099858086538	0.10119024296198231	0.06072623820805129	0.1304678712634525	0.07827719925696525	0.19027736789498859	0.08486389557833365	0.04743529879835534	0.029007121136370856	0.13461376632063474
0.1532068078966121	0.10642941762569971	0.07618678754894473	0.13143104771398553	0.0686239377252901	0.1604596036674321	0.09437112522557416	0.05193524538824416	0.03698526451870565	0.12037076268951166
0.09874674751797094	0.1165158270931534	0.08548838170787036	0.13742980203699348	0.06522363324682404	0.18817127047694465	0.07491703046544067	0.0561539934136521	0.037535549773432375	0.13981776426771791
0.12861261411139546	0.11031187311546442	0.08831825792790736	0.12936450550070774	0.07003573877435648	0.16305024524319234	0.09682334597587708	0.0462290381123121	0.034825761787324244	0.13242861945146267
0.12707860308481644	0.11398791760190796	0.06266498660916936	0.13924332168288406	0.07769551483507485	0.17587770477859188	0.08825412869245428	0.052752558900687314	0.03233235752613292	0.13011290628828084
0.1566502470402353	0.10098554421688365	0.09037334989892257	0.13951394274741327	0.060966607615799216	0.1477776735349831	0.08417686374946833	0.0529990638410884	0.03419038071318169	0.13236632664202436
0.08433061976114119	0.11104681494339469	0.1024870386302158	0.1350789044543954	0.07484348997439372	0.1868637198444263	0.08282498646539972	0.057195983577593354	0.032233707224397376	0.13309473512464243
0.15401228075115658	0.12593228211977472	0.047626946095026934	0.11815690105182103	0.06187675517827758	0.1720189121440881	0.08849793594614959	0.05794544283065137	0.030206441992832442	0.14372610189022156
0.1330103412933193	0.11462133000037203	0.05406163856223021	0.13001101284372701	0.06437883444024568	0.1879143538776565	0.08284539333903276	0.05865350514299289	0.02988468206090955	0.14461890843951397
0.0909951108924003	0.09946742512807762	0.11183833367575788	0.13353806517619476	0.06419551904888264	0.16163088758662283	0.08792490375127511	0.05976496345325929	0.03548434673205811	0.15516044455547143
0.15582814523038951	0.1120200650914252	0.04449975151334004	0.1253927650064023	0.06456494708194971	0.17040116166109331	0.0850507356277116	0.054691227626138275	0.030546267658474333	0.15700493350307557
0.1142034192353471	0.13201649202069188	0.07122634101936018	0.1255330202713126	0.06838334652581958	0.15414986564751298	0.0934841158868864	0.0588760739741975	0.028443970272040334	0.15368335514683137
0.14421738037929152	0.12105713224138201	0.048856465182172015	0.12213314553280401	0.07803883016479189	0.1861930408455187	0.08911983339001624	0.056229352431094996	0.033057849169362774	0.12109697066356573
0.09560155251204028	0.11916982898830536	0.06832678011854154	0.13365829919455513	0.07817369018120625	0.17650790071636926	0.08295602724713091	0.05596079013203124	0.036980290305674984	0.15266484060414495
0.15227581906207732	0.11094601731049814	0.08706406548676461	0.11799187601766717	0.0705773462139382	0.18771947518261559	0.07813296681613582	0.04646619536594638	0.030306613721417727	0.11851962482293894
0.09152626393210296	0.11364652923795038	0.11124717488922828	0.12293024461753951	0.06800216840699772	0.16642735330493497	0.08237404633388999	0.05378453926225414	0.033711452047609294	0.1563502279674927
0.10813650855807078	0.10400543837479015	0.12096998431264941	0.12455485557144785	0.061267828323382935	0.18137600394499642	0.0793197586017816	0.04721683719653017	0.033551407220515556	0.13960137789583504
0.11396397272406171	0.11793555701962294	0.08372823716420522	0.1375722816581427	0.06697763386612181	0.16132525914266066	0.08975671616470497	0.05400424211628952	0.0343657888983481	0.14037031124584232
0.11825364329043761	0.10858339146926954	0.07554549580558481	0.14115621180929366	0.07602953891416672	0.17525925643015605	0.09785670754109724	0.047039268767210096	0.03259920821897422	0.12767727775380996
0.08715898321769618	0.10796906662578545	0.11187760031740498	0.12330486237124443	0.07650425793185968	0.15809723503994202	0.09108483769227844	0.055274953737195244	0.03169191901210254	0.157036284054491
0.09891816845699569	0.11910556631167338	0.11549363568026326	0.11881381621677442	0.07724004443091205	0.15011678615660454	0.09403452196768693	0.04750664997080745	0.03422956356575281	0.14454124724252942
0.15455466661480782	0.12656657950621353	0.052164667127069256	0.12192536250828295	0.07866709204624009	0.1593962952747064	0.0918749861520786	0.058531976261967725	0.03522137472030294	0.1210969997883306
0.08367418885838619	0.11920662228653577	0.11006669538240509	0.1332954472840238	0.06111179918885816	0.16347420594944373	0.09031582036271132	0.06025694152583222	0.035563030604233506	0.14303524855757016
0.11974814783201791	0.10237741154796569	0.08838870046849646	0.12531453780915336	0.06366375443030314	0.18281838685312382	0.09141902851055889	0.053692973937477836	0.033814308213291414	0.13876275039761138
0.09121102902203936	0.10897000549327782	0.0965865118950519	0.13308354932915056	0.07254883122626908	0.1911324169977177	0.0824634538778773	0.046280691137829746	0.030532942278281947	0.14719056874250452
0.14394179006464008	0.10681527543833731	0.07896615012908637	0.12643419076147414	0.06612310545488403	0.1821244594295499	0.07456289875232633	0.04755711425505477	0.03107356962700837	0.1424014460876386
0.1107044180249003	0.12219104884568581	0.07800687390572093	0.1285923658986162	0.06132947609834202	0.18818188030631747	0.09562297837755393	0.04955938103962536	0.03691925792375553	0.12889231957948238
0.14801216668024952	0.09951075578426583	0.08754815504976361	0.13814693072628487	0.06918612610271183	0.16636742761167247	0.0859023489157279	0.0514871803679677	0.0301674126971255	0.1236714960642307
0.12370715602678578	0.11753067618045042	0.06327286690891468	0.14058410930247897	0.0768815850066958	0.15696650421897723	0.0850768415169403	0.04886867754281634	0.030660036326958226	0.15645154696898222
0.11244913873643886	0.10172193229890705	0.10567338259732365	0.13856374800613636	0.06132491767848442	0.1606158348977725	0.09394098340666865	0.05051958129272124	0.03317557266159195	0.14201490842395523
0.10883523835215125	0.11613620836099929	0.08937782832577053	0.1284747788648734	0.06530085830151836	0.16715024523700547	0.07582830327844983	0.05977060630858848	0.03319238183027089	0.15593355114037247
0.1359252785155382	0.0986901937969702	0.09372051597454772	0.125772299245153	0.07740490529376812	0.1507618806991461	0.09088416227677604	0.053800813139590536	0.03464265768168735	0.1383972933768226
0.11500717380930814	0.12805400623423796	0.09491000909798605	0.1261871376205912	0.07887936505832381	0.16687805696565927	0.08558004057570091	0.04922838475396944	0.034682194728571106	0.12059363115565203
0.1438465746063619	0.1332909559209104	0.07331222683397698	0.13952399478677044	0.05691753007225712	0.15482487021977734	0.08038198768077055	0.05333302806132275	0.03779445431415005	0.12677437750370238
0.15279191589215385	0.1207564845831491	0.058099783600398296	0.1239309799602713	0.07887780961686697	0.15229991966032397	0.07892252433518739	0.056840350381877076	0.03532373243121785	0.14215649953855403
0.10170982686923602	0.1295418422892184	0.08890023622725018	0.13176311832219528	0.06024944003937395	0.1746042375719461	0.08728785221528583	0.053968629116284805	0.033345344995252615	0.13862947235395673
0.1447615297782489	0.12935881573261887	0.04410266795641015	0.1370034523738881	0.062439463681336724	0.1713276162382748	0.07598081539324869	0.05189206093769245	0.031530051915803534	0.15160352599247767
0.10840232285250853	0.11083085491890587	0.06776677671952744	0.14079009043576313	0.06626721293275094	0.19297261990517095	0.09174393222292965	0.05851860027167878	0.028755274232608	0.13395231550815667
0.08671693476230284	0.10300718969137221	0.11506617698058656	0.1343738947166381	0.07331004607477352	0.15478197139734784	0.09234129670040629	0.049753409557647024	0.03341762855783263	0.15723145156109292
0.15030798310877952	0.11620440813914146	0.0670247046578636	0.13592581497910527	0.06417855926836422	0.15776706476298824	0.08088212531051947	0.054735628974880594	0.036523881509096065	0.13644982928926147
0.08752421967189275	0.12394782892970564	0.09894562163063338	0.13471431586772944	0.06942604342109436	0.1775026542755884	0.08192943646692215	0.045893425505411756	0.03417871915154344	0.14593773507947866
0.09981744681527382	0.10987808717313448	0.12151404496043974	0.13119359004071887	0.05828212788501257	0.15373647326452974	0.09786749942373793	0.06021150843388511	0.03101630677154045	0.13648291523172723
0.15217292842572372	0.12623049073507683	0.0545432349153022	0.12382870336444314	0.06701104708936986	0.15593425989987023	0.078332056799481	0.05983299497898398	0.034558239358273624	0.14755604443347528
0.08783399016138298	0.11565783271115011	0.10904606940519318	0.11758118998457609	0.06768335718434064	0.17666216712825464	0.08946258670829955	0.05928978402994735	0.028009707085418514	0.14877331560143692
0.11193854770904405	0.12041848667830587	0.09884660084489047	0.12958015213120352	0.07282432527380182	0.1702533541678769	0.08423509385480323	0.0478360816480332	0.028271250176097343	0.13579610751594354
0.10473755869203288	0.1295427632230958	0.05367511761749819	0.12525699936604148	0.0716744704769824	0.1791514566481482	0.09328710014379535	0.06077961479505279	0.0373741817778437	0.14452073725950915
0.12508899254353323	0.10844936543686554	0.07798712552387249	0.13972121701125922	0.06432986208537522	0.1591431899940644	0.09168505399427898	0.054233513340803084	0.03282048661690724	0.14654119345304048
0.08549432842951706	0.1322020435570353	0.09822132138912393	0.1369400172566777	0.06483632121549948	0.1607326360969961	0.08588418476421604	0.05866554839430098	0.028407868609151385	0.148615730287482
0.0976551734409968	0.11511467960828431	0.07969704851210754	0.13100181507138123	0.07175533944354248	0.1948813418119537	0.08216298811630243	0.05868034646062464	0.034853107705022784	0.13419815982978398
0.1493985781269887	0.10042582370690613	0.06258298256923663	0.11775314668026053	0.06501330335887769	0.18341759745540906	0.09546715937249106	0.05221401848060554	0.03261159930228352	0.14111579094694104
0.09252426403222488	0.1252204998659133	0.09341759027196787	0.12645420093905957	0.066983034584747	0.18573503736159097	0.07682531715255833	0.06040588002816139	0.03224725608536887	0.14018691967840774
0.1070128911910468	0.12859646029434468	0.07146972446208985	0.1299439674143039	0.0781417018243004	0.17958896882510925	0.08305808470272089	0.05042806998172604	0.034492543325620365	0.1372675879787378
0.13786394151920106	0.1310227158353962	0.05794069667783419	0.1373439378646332	0.0675372867957793	0.1476275826204208	0.08312637953733769	0.049173374500913074	0.034459952699161966	0.15390413194932245
0.12910128602624113	0.12886504929595285	0.09009521762936457	0.11850601270396176	0.07680170840549154	0.14957531057189108	0.0888223750652687	0.05791801571165273	0.03306779012382957	0.127247234466346
0.11520510428546589	0.10362956953666802	0.10057866868617842	0.12104646748744388	0.07350116784167125	0.17408680870167006	0.08115126183996235	0.0492493569141009	0.03320228158452103	0.1483493131223181
0.11809267932766272	0.10132276285046603	0.05834846183140754	0.14015315984414484	0.06251650564418057	0.1894161458907776	0.09707727464264362	0.05549304326647714	0.03424866717784114	0.14333129952439871
0.12225284111317487	0.11292751267313718	0.04875274496363778	0.13674017766315652	0.06082842651310166	0.1920036421180183	0.07434344741922677	0.0606809878869184	0.033851020297727616	0.15761919935190083
0.09224157299418545	0.12786568443331903	0.06937367641221312	0.13297921241250427	0.07535607634731864	0.19145428362792927	0.07616183200436005	0.06079719075434448	0.03777692633014547	0.1359935446836802
0.11551835261933939	0.10357773762679753	0.11006074654779575	0.14050218188250466	0.05680224205040078	0.1487061412561846	0.09474324720115168	0.05465841313073526	0.028294190238508918	0.1471367474465813
0.08959066292333769	0.10857603342809946	0.119239386787553	0.11991676395898321	0.0594711644950638	0.16388411161016578	0.0965740593248039	0.050494467133254166	0.03453642388658487	0.15771692645215413
0.10066574112371374	0.13175372847925737	0.09504476521766163	0.12638370325690015	0.06667487418116522	0.1515943419717885	0.09439720239382281	0.048457109082831795	0.02812131487798808	0.15690721941487062
0.09351257740690042	0.1156475683872816	0.09399265287515915	0.13169867008352562	0.06985201077717255	0.19068328593793593	0.09420318562378005	0.05099797453319645	0.027877554128672016	0.13153452024637613
0.0937743970107075	0.12968201320567818	0.12407542687500511	0.11707106184642714	0.06491249550885142	0.15771799491097185	0.07956254998697843	0.057729870660132014	0.03794955381735285	0.13752463617789548
0.12149926945080843	0.1131501502120023	0.11571774110249246	0.13891741988586837	0.056978030279479855	0.148896099496164	0.08352360034964673	0.0597895349937586	0.03503913149599383	0.12648902273378537
0.10723629191896202	0.12016965847077807	0.08487088981793457	0.12720581257293426	0.058587358752294955	0.18127315729796312	0.08705246071863827	0.05255490946221275	0.029472544677608778	0.1515769163106732
0.13725395129720985	0.12108017455857602	0.09482317522571247	0.14011388753676252	0.07260405567287528	0.15057753225502257	0.08075813776822338	0.04655536115598812	0.03699349840911928	0.11924022612051036
0.09359006953996214	0.13399941478754074	0.07275183751543338	0.13172740974637193	0.07596082528499123	0.1818052639831243	0.09741040835956584	0.04696096650822361	0.028033511468698535	0.13776029280608826
0.13204547717714296	0.12175036180811279	0.10354278573526407	0.12967380797872768	0.06293923796408576	0.15957480899839174	0.07489149954667727	0.05232389509992956	0.033433053883746025	0.12982507180792205
0.11114114615939116	0.11823233303901715	0.05380790915723919	0.14069809006107337	0.06429946339435397	0.18739695361826475	0.08668366254314104	0.05882829066457286	0.03150253003382257	0.1474096213291239
0.1319042449593681	0.10519958133339048	0.08027002034605202	0.1218149177063401	0.06073811479725888	0.1729589544018753	0.09453518559689757	0.04754595065182113	0.03127834279055185	0.15375468741644444
0.09018515656108925	0.12939778087488177	0.05670191000509167	0.14090719092913012	0.07540274462021318	0.18554011164932527	0.09450294323124117	0.05955697376434428	0.034152071455100935	0.13365311690958231
0.14227226191981565	0.1150266857837425	0.09241455775279557	0.12349089225891803	0.06100070360876562	0.16878727992827303	0.08298314087839985	0.0559338652058995	0.030985763863050214	0.12710484880033993
0.12743442300101138	0.11029016193564652	0.10217447028422476	0.11705798761806568	0.06334526697609624	0.1792937481194949	0.08782401071633744	0.05669889916797641	0.02895255044952079	0.1269284817316258
0.11846036785899652	0.10603358376293896	0.09734332440520552	0.11606961531424975	0.0787929909447124	0.1591693907110407	0.09208519367364065	0.05747638226445238	0.02972750842915313	0.1448416426356099
0.11622813264699079	0.11329886219976085	0.044249451730859625	0.12835591113107653	0.07832486673396993	0.18595753411307622	0.09384094824498823	0.046086272943825946	0.03627622908417867	0.1573817911712731
0.12306784558350109	0.12835528239371907	0.058078103835980964	0.13013867626835204	0.0575259664099527	0.18309044097516428	0.07940329394611267	0.055549969438633225	0.03453028514834576	0.1502601360002381
0.12724915655929941	0.12249196345948121	0.048881001974621	0.13030718529306443	0.069496745392583	0.18675884658104408	0.09725350722619239	0.05485136022427168	0.0378222496236	0.1248879836658427
0.09179561921313659	0.10682368552535408	0.12028100919739024	0.1294409794053995	0.06850000208811627	0.17189547586116755	0.0926107663408898	0.05803824342169444	0.033427508804339534	0.12718671014251193
0.09101732819957938	0.11490489204199894	0.11713756673458516	0.1350243148794236	0.05712198869317144	0.17569705389968704	0.09157847224286039	0.05000824667014751	0.03694619828670584	0.13056393835184063
0.14074942356055886	0.11935705662973534	0.06153232400044818	0.11933305818616773	0.07622682986404206	0.16892660969682283	0.09655284507061909	0.05520676894631083	0.03602160941826235	0.12609347462703263
0.10495475239429425	0.10540309002533868	0.11683108702663184	0.12411997457252821	0.07544058263488668	0.16037266377504192	0.08725717968077	0.04871463808587413	0.03349468292004938	0.14341134888458487
0.15321053905935164	0.11251239034795013	0.057667219791530555	0.11937434580843033	0.07012782377845592	0.15944040448347147	0.08717661563376164	0.056907827462998196	0.03052251359015791	0.1530603200438921
0.08871778788020056	0.12360283443974367	0.09123277470289183	0.12137514829837115	0.06150010724374456	0.17154049955770526	0.09293193595201107	0.05392330592118138	0.03751397380540022	0.15766163219875026
0.12548830350225904	0.12924919438350593	0.0817241061205716	0.12374426070804484	0.06962828721451433	0.17595568539621237	0.08234442647213246	0.05839858135777231	0.03224248543473518	0.12122466941025184
0.11873284347275995	0.12862093330078686	0.06755487341307208	0.1278454710151373	0.06120550426567381	0.17823221974817277	0.09207614854728226	0.05831987175294223	0.03227875981413121	0.1351333746700415
0.13815332915683706	0.11273105459366012	0.06958429317395169	0.12785628516768774	0.0702387120295628	0.1858879979276144	0.08318178297990593	0.048945818305860166	0.03330130434023658	0.1301194223246834
0.12449792998782319	0.12069750352449207	0.05878231978391624	0.13160896729258476	0.0713779707844516	0.18861758160136477	0.08498887366342403	0.04770095316733806	0.03752126049998417	0.13420663969462104
0.09630575099978884	0.11425708570694015	0.09590846328534619	0.1293603129778792	0.05724411913191719	0.19222767965066587	0.07515363103809686	0.05691114947812332	0.03779542374175575	0.1448363839894866
0.10602340948008282	0.1009005699096032	0.07436277497831723	0.13842762441389628	0.07802738240103022	0.18433128447390362	0.09431085124379017	0.05924582870285278	0.029945371182071634	0.134424903214452
0.11927245871122943	0.10600359038623554	0.0943493124689102	0.12561246554126576	0.06238907880183053	0.17042585913469205	0.09284555426056829	0.05302204598482831	0.03571862023466932	0.14036101447577054
0.12838268760943614	0.10343011900325952	0.09777497342243255	0.11959610176852094	0.07220271772922404	0.1892936807167671	0.08191336781106318	0.05418745544700255	0.029620915736355266	0.12359798075593867
0.0861098236154452	0.10181646615886464	0.1120287014004744	0.13223941312212006	0.059706188469881516	0.18209082009801952	0.09552205438190003	0.050119965460395245	0.036822996336061314	0.14354357095683803
0.11863922446834091	0.11760670957523295	0.06043945548448689	0.12743641933399924	0.07278217495218825	0.19380262524684466	0.09207269266659449	0.0492700220977721	0.029263993021674747	0.1386866831528657
0.09946803336545629	0.13087993607781345	0.09573642089591758	0.13931555716525051	0.057177344958987165	0.15916191918578082	0.0848926610791478	0.04636721360990768	0.03328732253276594	0.1537135911289727
0.15410931180841053	0.09832119057171808	0.04907978337228684	0.13713238467057182	0.07153669908707891	0.16703236687540102	0.08806586697601172	0.05572057820069546	0.033249594589676024	0.1457522238481495
0.09439609867964448	0.13293311191882676	0.10010005780728433	0.13462575240186603	0.07663757439763152	0.1563867625290056	0.09605021666694502	0.04729355522132375	0.03185656341764512	0.12972030695982734
0.12255482314707786	0.10270317802023705	0.09348500318381907	0.13720189871397007	0.06994951959864595	0.1600527483574078	0.08507578934576093	0.0470746805919909	0.033238537375805344	0.14866382166528494
0.11323653458762238	0.11113315456621915	0.06877945529902749	0.13919068370366025	0.05925871402977016	0.177519644187133	0.08990173402813847	0.057961656695524624	0.03592270582715969	0.1470957170757447
0.12277218102004778	0.10901047504414384	0.06707119352434171	0.14036065485483992	0.06318868174230718	0.19493199353026514	0.07896610676727231	0.05211270974174432	0.036062793160181864	0.1355232106148559
0.09086957162186426	0.122397128318043	0.12041553025363216	0.12186405902582441	0.07362320345277393	0.1727146832716861	0.07463122248806403	0.05221440671144651	0.032461170801173916	0.13880902405549161
0.08633057186620907	0.10359381901028802	0.10705620194635733	0.1376667331961252	0.059398975137677924	0.18942804621444825	0.08016443346966293	0.04910246656699222	0.03573566907537759	0.15152308351686136
0.11283322531103174	0.11906114187743368	0.07205188826136227	0.12661890672933238	0.07633641886774303	0.16375440712123052	0.09594728892836968	0.05543578298074434	0.03672125421454797	0.14123968570820433
0.11874242155061338	0.12427922711628112	0.08473624405640029	0.11919019224366222	0.06555099851189002	0.17111841817217238	0.07983275310689	0.05301370173000053	0.03432463823566349	0.1492114052764265
0.14035326502193224	0.12368543593004344	0.06777587890825529	0.14048542735288055	0.07641705934843834	0.15381305690618546	0.07597929115087858	0.050603964261026355	0.03275338490213946	0.13813323621822016
0.08735953930604647	0.12686727855140592	0.0857735198875054	0.14110175767683397	0.07149347042311065	0.16284486181307245	0.08549216653610874	0.05769447816054551	0.03780643234977538	0.14356649529559545
0.13877483787627604	0.09967773862125688	0.057195721292139054	0.13027681290621645	0.0746346569160205	0.18859182455368956	0.09534879205577115	0.0497627013429113	0.03770668009397178	0.12803023434174715
0.15366043194894724	0.10518677580364784	0.10499050081271794	0.11813080902560597	0.061427226295027566	0.1675285022620703	0.07649810041320222	0.04852568670309881	0.02803896807217958	0.13601299866350242
0.08654012483402364	0.11621845240639442	0.07306490400360312	0.14086908697460107	0.07565789400209019	0.17577246309117778	0.08736798844902689	0.05866404601109618	0.034518189595799637	0.15132685063218704
0.09800750609575018	0.1262128304553729	0.07412551401647553	0.13494916481908822	0.07414855592076537	0.17885604604726577	0.09117851661197894	0.05407778192177314	0.027962099822553557	0.14048198428897632
0.12632489229810237	0.11580559119255746	0.08877655842338268	0.1304801056135234	0.07157302520260575	0.16886730043153647	0.09445311840221218	0.04618231152676784	0.03677560896069723	0.12076148794861447
0.12351815737556424	0.10302867898529577	0.06380206791885008	0.13787474850830342	0.07264084545665535	0.17246580840637543	0.08501107901324487	0.05950587162968078	0.02795693094741869	0.15419581175861127
0.14189943667859567	0.10746281336797929	0.08193189198333103	0.14102775656428437	0.06039446278540298	0.17219076432145286	0.08920504382091865	0.045910291133748324	0.029648912388085744	0.13032862695620095
0.09485135187424272	0.1303177951887604	0.09205361865451517	0.13450998450067356	0.06628095677949655	0.14830256507913198	0.08467853165053443	0.05922779568476715	0.03760173483969257	0.1521756657481854
0.14764147252958026	0.09940146865763544	0.0834284876877918	0.1411488454770508	0.06815042899693233	0.1571096755975878	0.07821970184436246	0.04735850180901196	0.03520939900738347	0.14233201839266357
0.11716719059358816	0.11481138729297813	0.11183132849713132	0.12222087184361484	0.06255864310253882	0.14885907531789966	0.08945784413950486	0.05767286745613384	0.036121684413831456	0.1392991073427788
0.09674626397922263	0.11196727635113349	0.08693214853560469	0.1384811431249474	0.0671422971916836	0.17961555626930217	0.09353685336479159	0.054408966768164556	0.03735853249493487	0.13381096192021497
0.1551207995113792	0.12062603305248164	0.06578908778650124	0.1303087035334355	0.06228450917907569	0.15422161336734894	0.09412060807150277	0.05064837194864624	0.028151474360402953	0.1387287991892257
0.13133178553461702	0.11572905490140156	0.11186187387812316	0.12595487203667563	0.06622325952300835	0.14700003413232077	0.07679012391086788	0.05881886598119447	0.02963511819997426	0.13665501190181678
0.14983869546976425	0.10518385714067156	0.046260769645063926	0.14095176936707904	0.07293517468436617	0.18303552327914369	0.07695746702173095	0.05772820370393865	0.030387491151306303	0.1367210485369353
0.12308841170831678	0.11019634354008596	0.04504296174529829	0.13298732568591826	0.06482584158274578	0.191755892641222	0.09527304422959243	0.059969584389234665	0.029640321032529254	0.1472202734450565
