0.20835848737903523	0.4312921853163627	0.3603493273046022
0.5372328383999043	0.34525335510802535	0.1175138064920705
0.6268450818105087	0.053242100213293675	0.31991281797619775
0.03178806692094144	0.31773063596316226	0.6504812971158964
0.3142567022526485	0.365074563708662	0.3206687340386896
0.3160992073983062	0.13985423100532898	0.544046561596365
0.862548619209192	0.026876391534099264	0.11057498925670883
0.7462269323676787	0.12518462937124294	0.12858843826107852
0.25642046536344704	0.2057190247032546	0.5378605099332985
0.1803075748106513	0.646964572029318	0.1727278531600308
0.7469600948403656	0.15161669348798107	0.10142321167165341
0.4301002100859824	0.06610680331583246	0.5037929865981852
0.17714333856448225	0.5241191694170456	0.2987374920184723
0.24215103090034346	0.4370035699521711	0.32084539914748555
0.1679751515748707	0.09083161637038384	0.7411932320547456
0.4601211009360715	0.16256209523319315	0.3773168038307355
0.028598642180030054	0.3533065733373268	0.6180947844826432
0.560425607854739	0.09608103242961508	0.343493359715646
0.6060692683701749	0.2986881655677958	0.09524256606202935
0.5786574625978709	0.3371100843852718	0.08423245301685733
0.09085047803133564	0.4545041441852249	0.4546453777834396
0.015445693725992471	0.5854569963749308	0.39909730989907694
0.05335960144722418	0.45602045981311023	0.4906199387396657
0.09042689368423551	0.4677662047026164	0.44180690161314823
0.0403231158977545	0.29345426632623256	0.6662226177760131
0.012566742886107096	0.43127973208073656	0.5561535250331565
0.35551693730427	0.6211465857533839	0.02333647694234625
0.15359797645294368	0.6825316189810491	0.16387040456600738
0.17501028264069568	0.4763052603083608	0.34868445705094364
0.05034558886749896	0.18430413591610348	0.7653502752163978
0.2888361040212741	0.5166464325694117	0.19451746340931436
0.48975456528374345	0.4850289521548211	0.02521648256143555
0.253857907187013	0.7400045239142433	0.006137568898743784
0.13896853195105902	0.47113889864576575	0.38989256940317535
0.05930811276852216	0.7212395938807288	0.21945229335074914
0.1015287163852967	0.47838586248786874	0.42008542112683467
0.15637481726172267	0.8344594285847831	0.009165754153494354
0.23392300646492145	0.6288197267868217	0.1372572667482569
0.22087248062930245	0.7070611087957805	0.07206641057491703
0.36531006988793013	0.4965807722895864	0.13810915782248362
0.41216186546872274	0.5793815185723135	0.008456615958963853
0.05902209316052204	0.48406287931149006	0.456915027527988
0.1473656188222925	0.651759202856873	0.20087517832083462
0.3352357988982829	0.5591527605201321	0.10561144058158506
0.454185890780914	0.5301890942971368	0.015625014921949232
0.5997654006149322	0.043013618712326174	0.35722098067274166
0.17101869308297066	0.7704886458663894	0.05849266105064005
0.1994617076877673	0.32737672739988355	0.47316156491234923
0.007534323685333355	0.49445425115989905	0.4980114251547677
0.20721566496272867	0.4582219832650592	0.3345623517722123
0.17277927239909324	0.2102394456467675	0.6169812819541394
0.5010806077754175	0.04795909552933775	0.4509602966952449
0.66223989331941	0.1492260813886654	0.18853402529192467
0.655576147855261	0.12448926125714263	0.21993459088759648
0.5023001196095436	0.11667893703594925	0.3810209433545073
0.5821996911615244	0.32044722935495806	0.09735307948351765
0.4596207774161532	0.3190196319788773	0.22135959060496962
0.1373295764639245	0.41819071972900856	0.4444797038070671
0.14010828125507244	0.5382320239169288	0.3216596948279989
0.44835732846887966	0.04440264907527902	0.5072400224558414
0.3382255820182136	0.0828490422266902	0.5789253757550963
0.432545605112989	0.2764936412962826	0.2909607535907285
0.01864971190447695	0.4580650731384151	0.5232852149571081
0.5711556527710784	0.06739509032793167	0.36144925690099006
0.2829262001535834	0.37873193564062635	0.33834186420579043
0.10079184335561606	0.8202420940097161	0.07896606263466788
0.3423955226625396	0.6062254413838538	0.05137903595360671
0.011039224165692085	0.2010457996445876	0.7879149761897204
0.05303090548007483	0.46161021738798386	0.4853588771319415
0.8137676548631961	0.16864714562046476	0.01758519951633919
0.21475424844966035	0.279937212092056	0.5053085394582837
0.6956453503507223	0.10784761816011032	0.19650703148916748
0.7992535016738616	0.11016414431791899	0.09058235400821946
0.1892200292217354	0.25039528128004807	0.5603846894982166
0.15884397025165192	0.8018433521870153	0.03931267756133294
0.18368340883151718	0.22292121953473798	0.593395371633745
0.44258968319763103	0.30536772863767264	0.25204258816469644
0.4202738192177621	0.5658519458966182	0.01387423488561973
0.049509008722459	0.805588354154048	0.14490263712349316
0.4406455581638993	0.05056456587534158	0.5087898759607593
0.24425464730994104	0.41867792613936394	0.33706742655069516
0.7160281163339276	0.12173337390852895	0.16223850975754353
0.2692791234060297	0.0998327649766532	0.6308881116173173
0.3023591149688049	0.2558659026496887	0.4417749823815065
0.1247141118353679	0.02168433126864544	0.8536015568959867
0.1381867726192899	0.5460148197787029	0.3157984076020073
0.5430326705407545	0.30080560283634106	0.15616172662290448
0.14150139447972998	0.5348388207225122	0.3236597847977579
0.5003745913730422	0.36199427621000424	0.13763113241695363
0.2847803212321989	0.23308639183209073	0.4821332869357105
0.07289412769486608	0.26638598402974184	0.6607198882753922
0.4277106910485569	0.5229415979258574	0.04934771102558577
0.13114673767613977	0.4078631511932192	0.46099011113064114
0.3243263782491892	0.48639268813793235	0.18928093361287857
0.6493093372789263	0.16996501644964832	0.1807256462714255
0.20634092341876578	0.40291269704163984	0.39074637953959446
0.4808454857475273	0.020799868619152173	0.49835464563332066
0.1582345350461756	0.10833203210508918	0.7334334328487353
0.3898018098451486	0.2968712903265009	0.3133268998283506
0.4722520729871632	0.031445157089029174	0.49630276992380773
0.03526500313485004	0.8767358861695068	0.08799911069564323
0.41236492163650246	0.31921469110519973	0.26842038725829787
0.2748802836504058	0.10129152498110058	0.6238281913684938
0.794929348608302	0.18316840173757035	0.021902249654127903
0.1262207317011156	0.0444586762964394	0.8293205920024451
0.4137260803691165	0.4134207711125274	0.1728531485183562
0.5490200959491969	0.11615078702030557	0.3348291170304977
0.3317967696752869	0.12873777141550352	0.5394654589092097
0.30336809618925187	0.04981180383253653	0.6468200999782117
0.37111748841621806	0.16452152309328727	0.46436098849049484
0.1343201952374113	0.3759927410506558	0.4896870637119331
0.2678352907247226	0.49219381267236895	0.23997089660290857
0.3867737041044522	0.5681879092927202	0.04503838660282766
0.6594359294316472	0.11172454014579977	0.22883953042255317
0.18010882598132427	0.5163345843731941	0.3035565896454817
0.07417658790268883	0.2575936823304432	0.668229729766868
0.7025460625538014	0.033968877886252635	0.26348505955994606
0.3365466009622062	0.4362506395435503	0.22720275949424362
0.3108735579396085	0.35266008337460186	0.3364663586857898
0.09324309680341847	0.5883541220463042	0.31840278115027737
0.20621606035955659	0.6014996595273285	0.19228428011311507
0.23058261501121907	0.13301118415838076	0.6364062008304003
0.1291074404690174	0.5692161842664515	0.3016763752645312
0.74417342657549	0.04997551426788677	0.20585105915662333
0.33125322271541596	0.2378741762553413	0.43087260102924285
0.04511570056998615	0.6959580034715742	0.2589262959584398
0.1538240754394526	0.24538785856580603	0.6007880659947415
0.49078363465445896	0.3234628687927643	0.18575349655277684
0.055709800921005914	0.772163026465697	0.17212717261329716
0.1251774349934522	0.23793227403273726	0.6368902909738107
0.16786124768118768	0.5791196516448546	0.2530191006739579
0.5203393947518482	0.3267060813244004	0.15295452392375145
0.047974120937746834	0.7082468484303017	0.2437790306319515
0.7155580689011721	0.1645764807549671	0.11986545034386081
0.20917615285962723	0.698886214210048	0.09193763293032481
0.2533840848502093	0.4129867755491753	0.3336291396006155
0.6603892214691729	0.04853507957895803	0.29107569895186913
0.782106299374548	0.04293204089165642	0.17496165973379557
0.5700122763638846	0.18014856119315822	0.24983916244295729
0.5011455374572199	0.3097671996295781	0.1890872629132021
0.2250452734506122	0.7177388291834926	0.05721589736589533
0.6992708186596548	0.2463453091996381	0.05438387214070717
0.22532417781457587	0.7281949886261434	0.04648083355928079
0.19697823864883207	0.6815005164552375	0.12152124489593058
0.21536051856564126	0.4914451141937429	0.29319436724061587
0.08521341453583722	0.13876637512794582	0.776020210336217
0.2202286375323733	0.4436407100665155	0.33613065240111134
0.1660470874002451	0.743611457056675	0.09034145554308004
0.6133208689032481	0.3072193921812858	0.0794597389154661
0.45070588796470196	0.5017480362789566	0.04754607575634151
0.08873990404419357	0.6001087803977603	0.3111513155580462
0.2961194635989984	0.3445529373704561	0.3593275990305456
0.38641367966334916	0.18541088009810713	0.4281754402385438
0.027432759029328513	0.21359601541256598	0.7589712255581056
0.8303607878796695	0.11390190641567147	0.05573730570465918
0.5424452516411763	0.4207666758547788	0.03678807250404503
0.10583989591275222	0.2307520593028743	0.6634080447843735
0.022916650982553022	0.08306353853645887	0.8940198104809883
0.7308245906752295	0.010864723179415947	0.25831068614535463
0.11049726728300122	0.7834770394273827	0.1060256932896162
0.23389558679682043	0.4828229702094793	0.2832814429937004
0.2552664146904992	0.6934562147854803	0.051277370524020705
0.09183736336081849	0.2726253826092358	0.6355372540299458
0.05783624894879752	0.3737198817309956	0.568443869320207
0.29797230640001293	0.03554895436172789	0.6664787392382594
0.38624464023750216	0.10192530299279495	0.511830056769703
0.2632647995777154	0.6894209742892243	0.0473142261330603
0.4662650579062091	0.050568407087388634	0.4831665350064024
0.538456121958161	0.3152077066884953	0.1463361713533438
0.23564443761630696	0.07163605401498163	0.6927195083687115
0.2645995035745339	0.5378478359189792	0.197552660506487
0.13579467440441337	0.6791175064188812	0.18508781917670547
0.6192081487034056	0.04052602553421375	0.34026582576238085
0.1798004406293765	0.07670162827883009	0.7434979310917935
0.3745765247513213	0.17343781337014338	0.4519856618785354
0.2718277680828929	0.6905144426707269	0.0376577892463803
0.45232926934059037	0.04146871446706002	0.5062020161923497
0.1050886537936041	0.18868019837586866	0.7062311478305274
0.23741010713130317	0.6060384736100454	0.15655141925865151
0.43720984585910083	0.16657609172264196	0.39621406241825735
0.3784621223925048	0.6139835582048491	0.007554319402646281
0.23697023073279783	0.4813421239493898	0.28168764531781254
0.2869515749546196	0.5859402558580953	0.12710816918728524
0.02481042329759453	0.758127175690109	0.2170624010122966
0.05219192571589015	0.7234886702371175	0.22431940404699247
0.3773020205110456	0.4367163623742749	0.18598161711467964
0.27325736443299775	0.38250398812456576	0.34423864744243665
0.5900149664983994	0.29807697647364145	0.1119080570279593
0.5607357138110414	0.06001379530826745	0.37925049088069135
0.06675158356775013	0.5476225898002084	0.3856258266320416
0.36200113080133456	0.25136121873993755	0.386637650458728
0.15635254646354646	0.5148098994323032	0.3288375541041504
0.18400979815734242	0.4737391717005346	0.3422510301421231
0.5016234064047641	0.2754338435106043	0.22294275008463174
0.5347082430238603	0.25928322502561707	0.2060085319505227
0.17314484383476894	0.555613563623119	0.2712415925421122
0.01309033295407147	0.7003100774490482	0.2865995895968805
0.5454256186234114	0.4282850870340784	0.026289294342510316
0.4520524831087861	0.45760201628431174	0.09034550060690222
0.661012244802754	0.15051492007905387	0.18847283511819218
0.04798555728509457	0.4887904088991731	0.4632240338157325
0.6878393080293526	0.2120772754837273	0.10008341648692023
0.6923202471233713	0.23669206749980648	0.07098768537682237
0.5383840809180584	0.20734250751049343	0.2542734115714481
0.31074737844600503	0.3562858342824454	0.33296678727154966
0.08267121464503696	0.5020714066404393	0.41525737871452395
0.3037504933707811	0.29052086656821596	0.40572864006100307
0.2427205097497841	0.6519270313596339	0.10535245889058209
0.06959808958629854	0.06079160911720871	0.869610301296493
0.019594080828191474	0.8853395515337596	0.0950663676380491
0.2634039033412212	0.7208592715621233	0.015736825096655638
0.10742011254458578	0.5359355116430444	0.3566443758123699
0.27903394480595933	0.2796566144150673	0.4413094407789735
0.07586709263690888	0.5100294942424808	0.41410341312061044
0.5936396945409954	0.3488155888862584	0.057544716572746346
0.39954355215079773	0.5860464147563085	0.014410033092893904
0.5867726552481489	0.03448253252781752	0.3787448122240337
0.09478755877302841	0.523085391832683	0.3821270493942887
0.0672910638712294	0.6950409666120607	0.23766796951670996
0.24612424331336555	0.3184658650515998	0.4354098916350348
0.09734757238298983	0.2210127000188795	0.6816397275981307
0.08647863459327781	0.14278758881414774	0.7707337765925746
0.04606623638271107	0.7395857111119155	0.2143480525053736
0.2991949090665343	0.281837590099868	0.4189675008335978
0.6460746112315334	0.2785306252718389	0.07539476349662777
0.2556344238147308	0.13372914406322972	0.6106364321220397
0.3705507346284152	0.2004190092187883	0.4290302561527966
0.40235509222432675	0.16355313967146057	0.43409176810421285
0.26070007975709064	0.40496356858324056	0.3343363516596689
0.08429279130040995	0.846725150303138	0.06898205839645216
0.49110889907660094	0.08794055247693319	0.42095054844646596
0.40005806095309243	0.35555956221766205	0.24438237682924568
0.8221765381737307	0.044574704407030596	0.13324875741923886
0.6049276502439292	0.0547244907288284	0.3403478590272425
0.469122742255668	0.347815098392314	0.18306215935201808
0.25246310753372575	0.6610551855440673	0.08648170692220702
0.565591859991472	0.13757276869068735	0.29683537131784066
0.8687028953885668	0.10286591793868605	0.02843118667274719
0.08300807998879783	0.6386619298952159	0.27832999011598647
0.7195335208928408	0.16052666030872215	0.11993981879843713
0.5696877452896765	0.09223313892026735	0.33807911579005623
0.1170147290231548	0.8224250546978323	0.06056021627901298
0.5012068143165299	0.18941782027340384	0.3093753654100663
0.4004396104306516	0.1502360070211945	0.449324382548154
0.07241105135429654	0.7843958087727013	0.1431931398730022
0.05165548535334302	0.7747812321328552	0.17356328251380188
0.23631270946159846	0.40062474821465444	0.3630625423237472
0.4997183791851005	0.4077835390490844	0.09249808176581528
0.4462074789337803	0.3458034672445908	0.20798905382162897
0.36105971034679263	0.05637475401901337	0.5825655356341941
0.2409966421060656	0.07020693681871326	0.6887964210752212
0.4751593238062888	0.12282742262702476	0.4020132535666866
0.1667233682423896	0.5873909363464418	0.24588569541116878
0.027884471869511818	0.754713899409146	0.2174016287213424
0.4677185008600686	0.3574276970499802	0.17485380208995135
0.338263418404505	0.2707340980985905	0.3910024834969046
0.6361542724756228	0.016904775131152017	0.3469409523932252
0.5691096219487006	0.22740045324355185	0.2034899248077476
0.303109521068271	0.39298097283141875	0.3039095061003104
0.07425137185137909	0.5501602992328756	0.37558832891574545
0.14208817167334997	0.46891273227704666	0.38899909604960353
0.08819911174979289	0.7012060810115444	0.21059480723866295
0.10438730056357443	0.2962824275668329	0.5993302718695928
0.34476166976565625	0.014401917361588579	0.6408364128727553
0.2466581902766801	0.24697699172284138	0.5063648180004786
0.021126261615954767	0.567129185974634	0.4117445524094113
0.26595898569404597	0.46474827894283294	0.26929273536312126
0.3241213281789017	0.4148295746923203	0.2610490971287781
0.29418307803967253	0.637587578551509	0.06822934340881848
0.02932770607381946	0.40027940198218603	0.5703928919439947
0.5045009577434374	0.028590597503939497	0.4669084447526233
0.7310247742567516	0.1499027595999815	0.119072466143267
0.7522416631140498	0.13968751355538234	0.10807082333056789
0.3501011824139995	0.4379766637894582	0.2119221537965424
0.4448244861561149	0.4022606261724977	0.1529148876713875
0.16109441510642444	0.23367849719742553	0.6052270876961501
0.3825281067718356	0.39117691865887627	0.2262949745692882
0.19119451199016108	0.30949391402827103	0.49931157398156806
0.19181545660046223	0.5642183544854545	0.24396618891408334
0.6000313136993174	0.32869370806217774	0.07127497823850487
0.3042180990071531	0.059458749719223436	0.6363231512736236
0.08961056786609686	0.8740456655455515	0.0363437665883517
0.12787706429976445	0.2898828460086941	0.5822400896915416
0.00634636283004647	0.23123138836190887	0.7624222488080448
0.668547095117866	0.2665900909014663	0.06486281398066779
0.3280029031084225	0.2166926050304964	0.4553044918610812
0.3175048140958169	0.029828530078977566	0.6526666558252057
0.6090812148157945	0.1881783890382315	0.20274039614597406
0.0057029136496194455	0.7899169907645563	0.2043800955858243
0.18273307806524203	0.2472720766967028	0.5699948452380552
0.41139103458324555	0.517246800230395	0.07136216518635957
0.14116637299927792	0.05254730188586698	0.8062863251148552
0.09715136244793243	0.5887209467142924	0.3141276908377752
0.08574634027660483	0.07679253336118808	0.8374611263622072
0.08460408755174709	0.132177369639247	0.783218542809006
0.04702484101518034	0.35991227092273476	0.593062888062085
0.6078173506997935	0.0409289802538268	0.35125366904637984
0.19047771332062258	0.3015896461976403	0.5079326404817373
0.03952031480356355	0.8683275195052467	0.09215216569118989
0.24923099958457945	0.6448339595053083	0.1059350409101123
0.43980881025867197	0.18326643284797767	0.3769247568933505
0.1099329553499537	0.7566676126984505	0.13339943195159587
0.7835674383869332	0.08041042662763148	0.13602213498543536
0.4104966426293896	0.30540682110697526	0.28409653626363524
0.11803167969687822	0.6716132627443214	0.21035505755880052
0.4687875802670727	0.14303267701800035	0.3881797427149271
0.1361499160883742	0.7004819368710256	0.16336814704060032
0.7795722936376231	0.09448146225485321	0.1259462441075237
0.6009775025841464	0.27656228511639125	0.1224602122994625
0.5460984003145103	0.2689079136222468	0.18499368606324298
0.23779468753209476	0.6699101291074825	0.09229518336042278
0.29015963811328394	0.48302969782215355	0.22681066406456263
0.1494644287773842	0.10546138125177151	0.7450741899708444
0.27459320908048374	0.4817920043215792	0.24361478659793717
0.05039820339121287	0.7407633835465854	0.2088384130622018
0.06942443942489113	0.12014552402847375	0.8104300365466353
0.22213467324257613	0.13009680495401926	0.6477685218034047
0.7776320757517423	0.045454837535254866	0.17691308671300293
0.026810493713719796	0.45444792279680696	0.5187415834894734
0.7580189321655443	0.028207010720390335	0.21377405711406555
0.26786846017123844	0.6901364217233076	0.04199511810545409
0.26686197893092983	0.5692192253786648	0.16391879569040552
0.5113766966913893	0.450987310090185	0.037635993218425756
0.6029696765899716	0.07036912060538375	0.3266612028046448
0.5260341522227425	0.2523646627034661	0.22160118507379148
0.36582930727291013	0.3621928176892421	0.27197787503784787
0.24660698055153363	0.2212703086532162	0.5321227107952503
0.49404350089018706	0.1532033665502303	0.35275313255958274
0.693492771615944	0.049522326123069504	0.2569849022609867
0.029936528821301822	0.53055046169569	0.4395130094830084
0.40008934420122877	0.5931167340933564	0.006793921705414874
0.2832949307300591	0.5124740313624998	0.20423103790744124
0.23916843210621502	0.4389056263473762	0.3219259415464089
0.34424942497665706	0.44517668112007963	0.21057389390326345
0.4408186886721603	0.14906533701322192	0.4101159743146179
0.07649588234515736	0.3581560899816215	0.5653480276732212
0.02637272720038536	0.16595216155127465	0.80767511124834
0.21511312071135713	0.5453167551153246	0.23957012417331836
0.4485905227186385	0.09693381052537142	0.4544756667559902
0.2981991065542344	0.6459344657736562	0.055866427672109475
0.5204171862881606	0.19075191994860483	0.2888308937632348
0.12806262499364682	0.6379784143016821	0.23395896070467115
0.13684251734679773	0.6115484777198859	0.2516090049333166
0.1021836892710577	0.8396101266909197	0.05820618403802269
0.3894706362929258	0.41255899503282856	0.19797036867424572
0.1491119269354082	0.8145902155608785	0.03629785750371328
0.44710498731892123	0.42181693731684256	0.1310780753642363
0.09731487316153797	0.7834367257291177	0.11924840110934443
0.3310164098558944	0.05151608646302552	0.6174675036810802
0.36639032593464127	0.10446653376264714	0.5291431403027117
0.04877396271731699	0.5228506269745896	0.42837541030809356
0.4546350840206761	0.20029656614606509	0.34506834983325896
0.07164596379402977	0.39645816191595024	0.5318958742900202
0.37909987994903216	0.586343516672119	0.034556603378848916
0.2949553036020591	0.43216635763071354	0.27287833876722745
0.17708273692205917	0.3541241604716235	0.46879310260631746
0.12805652634931988	0.09556790478060842	0.7763755688700718
0.11549369596023754	0.5015870952768151	0.3829192087629475
0.4492941835969265	0.39121760110680004	0.1594882152962735
0.42541592171610954	0.30956031434476533	0.2650237639391252
0.6430102268297412	0.19392168656804049	0.16306808660221842
0.19064378655649894	0.3514449139119305	0.45791129953157067
0.04968218672109903	0.3097675971171976	0.6405502161617035
0.30421036206693336	0.056417596529479586	0.6393720414035872
0.1330691572417091	0.32492107458877	0.5420097681695211
0.1253461261524771	0.7305274944451211	0.144126379402402
0.25911538370726334	0.17904206373033243	0.5618425525624043
0.39552086311546664	0.533956106967516	0.07052302991701737
0.19597274043154503	0.07741741135867286	0.7266098482097822
0.3792343859200267	0.5566499410236505	0.06411567305632293
0.15035430087571544	0.4450080708101709	0.40463762831411376
0.35670857642288084	0.42267083817629014	0.22062058540082913
0.704546469035487	0.1842303194908424	0.11122321147367065
0.09845567743406394	0.33812512624041136	0.5634191963255248
0.312792153770898	0.08287740989230752	0.6043304363367946
0.2016695771502558	0.6456199301514214	0.15271049269832296
0.3521476320754497	0.13891096566620745	0.508941402258343
0.5975395538759274	0.34732526635127847	0.05513517977279414
0.11141663862472737	0.016618011358287	0.8719653500169858
0.13895783900792455	0.8333818536928471	0.027660307299228415
0.3025659037854383	0.24173464984090343	0.4556994463736584
0.10753872258720568	0.4811434251944407	0.41131785221835376
0.20776113054732698	0.6440777505172759	0.14816111893539718
0.22970218391902264	0.1082596254563769	0.6620381906246006
0.06702787449383057	0.23557302942097164	0.6973990960851979
0.2795508180274018	0.2776469210497911	0.4428022609228072
0.01657696339485637	0.8474833499489454	0.13593968665619832
0.348204408246895	0.3294411262883166	0.3223544654647885
0.022550927832336476	0.3764043397744486	0.6010447323932151
0.43565465571799944	0.4131314626500652	0.1512138816319355
0.5637342801390537	0.1881463629307598	0.24811935693018666
0.37599227582863365	0.608120306932359	0.01588741723900755
0.5732509883153735	0.20986903275032567	0.21687997893430094
0.10734964542373937	0.12024223841593365	0.7724081161603271
0.15699075352614045	0.2696646668556948	0.5733445796181649
0.4096464457935761	0.11922676374058383	0.47112679046584016
0.09442941590859524	0.03886710552910422	0.8667034785623007
0.43627176479409346	0.07786522168750065	0.485863013518406
0.12921951969301843	0.4646969153513448	0.40608356495563697
0.5840975062735858	0.35644237819458174	0.05946011553183256
0.08650370822102879	0.7677525884031271	0.14574370337584425
0.8305315592689483	0.08776714585037818	0.08170129488067368
0.586218785636972	0.17622760085593533	0.2375536135070927
0.13106903624208777	0.7047819968443457	0.16414896691356656
0.1411944497927906	0.6844074673500318	0.17439808285717778
0.18281346637422555	0.6961559531202846	0.12103058050548993
0.2804639313692947	0.6503993553141219	0.0691367133165835
0.2743683026374424	0.649075477751343	0.07655621961121484
0.8044415173115681	0.14326467227987516	0.052293810408556796
0.09497654797342653	0.28801231775532515	0.6170111342712484
0.047043557342236864	0.6395403003966914	0.3134161422610719
0.33926771697793767	0.025380256441634996	0.6353520265804274
0.19794654506651904	0.7841251494224917	0.01792830551098945
0.05821977483761448	0.5839444035484206	0.35783582161396504
0.29856234008510496	0.6233198028483062	0.07811785706658891
0.33961998045753233	0.22309296135959927	0.4372870581828685
0.5897351922310479	0.14360874606280696	0.2666560617061453
0.8636974737267721	0.02635331501842697	0.10994921125480095
0.18368231758650244	0.5861194848259089	0.23019819758758875
0.44855976015352694	0.4136524481247468	0.1377877917217264
0.08254547903974369	0.8589595760774076	0.0584949448828489
0.3748961929993397	0.20904842288609998	0.41605538411456044
0.3054000328129127	0.3840689062079382	0.3105310609791492
0.31770819908946024	0.2098447594116688	0.472447041498871
0.2545978111297194	0.3821134580001486	0.3632887308701321
0.07066382674258226	0.1995317553958794	0.7298044178615385
0.2732830038413726	0.5869384193367964	0.13977857682183126
0.26945747229834194	0.19978109485806994	0.5307614328435882
0.46139851169771184	0.17665453746490234	0.3619469508373859
0.7863471348350252	0.13639675107415777	0.07725611409081712
0.4255783319110421	0.38880401233472295	0.18561765575423508
0.21266616561206067	0.5089093295969189	0.27842450479102054
0.27630235225426214	0.6634424129956189	0.06025523475011901
0.08045357734171721	0.4211098213554445	0.4984366013028384
0.5772249727468534	0.13424126491232818	0.28853376234081857
0.24081929223495885	0.16189564577128113	0.5972850619937602
0.03639590735277509	0.26314491879419183	0.7004591738530332
0.24347924792220155	0.6869429990243916	0.06957775305340685
0.05093392603394459	0.6134585617238393	0.3356075122422162
0.49695957193732243	0.018803600277873145	0.48423682778480454
0.4522930324256266	0.02698888501476676	0.5207180825596068
0.5603905216765317	0.39849434062697137	0.04111513769649694
0.27121053215840685	0.05649593551587562	0.6722935323257178
0.028005055407711366	0.661424430341639	0.31057051425064974
0.10341940702607072	0.1699936824401493	0.7265869105337801
0.014688020157429649	0.29863344327970476	0.6866785365628657
0.41006100287265584	0.5025634176517533	0.08737557947559099
0.055907917209564006	0.13743344756477774	0.8066586352256584
0.5340684460552285	0.3346984686738266	0.13123308527094496
0.4092604225385776	0.5615514181760727	0.029188159285349846
0.6208874882039659	0.35938112842842374	0.019731383367610544
0.35684996811027514	0.1366827417685562	0.5064672901211688
0.33912250911151104	0.3714945360744074	0.28938295481408166
0.17554418036179142	0.07633058690431438	0.7481252327338943
0.20840323021265422	0.5934723035850924	0.1981244662022534
0.1785457649774064	0.5372770583850139	0.28417717663757974
0.0551440542566054	0.1507670144567701	0.7940889312866246
0.39836443346448414	0.03613784803888698	0.565497718496629
0.32136255725560847	0.24878298384063968	0.42985445890375196
0.759878640901211	0.029557758839118542	0.21056360025967058
0.12802717929855423	0.45698617247935414	0.41498664822209175
0.09052926882569617	0.7645680722844347	0.14490265888986922
0.6193771230054788	0.2720555476261456	0.10856732936837585
0.2699030270235486	0.36790324602193497	0.36219372695451657
0.8245519644050661	0.09971175632457532	0.07573627927035875
0.3353916496130882	0.018935485040695532	0.6456728653462164
0.48740471883638437	0.11813096879046811	0.3944643123731476
0.3950218033619517	0.4656437418220887	0.1393344548159598
0.26129319153493796	0.00845783079440432	0.7302489776706578
0.55852363580852	0.02152215536448282	0.4199542088269973
0.4977766382080894	0.08394374493725287	0.41827961685465787
0.4516244373147137	0.34802570546755773	0.2003498572177287
0.20814632926587298	0.2708653305236983	0.5209883402104288
0.4876494556274898	0.21027327073491844	0.30207727363759185
0.71663171606585	0.17063978449979866	0.11272849943435154
0.31575820890629624	0.1106001611935844	0.5736416299001195
0.4469010886065611	0.3228373460153361	0.230261565378103
0.09754330371772019	0.36721980816554894	0.535236888116731
0.5893167464533907	0.32889273596746793	0.08179051757914146
0.21405266902504239	0.13550166119254203	0.6504456697824157
0.6409647043000923	0.1364865497768103	0.22254874592309748
0.2632261654512155	0.46913088610789644	0.2676429484408882
0.12589163805665599	0.7565822882764124	0.11752607366693177
0.3032004407061233	0.3714341433867153	0.3253654159071615
0.07310601521013077	0.7197099783113821	0.2071840064784873
0.20492535910230714	0.3268845552235322	0.46819008567416076
0.13311944811297285	0.758381179696823	0.10849937219020434
0.5247045877528002	0.1643928082091521	0.31090260403804787
0.10871385997517283	0.6594846647446029	0.2318014752802245
0.7199879624758282	0.21850091297240362	0.061511124551768326
0.7284084796089872	0.14897889583248738	0.12261262455852548
0.6670246023644053	0.3179098793126566	0.015065518322938176
0.30413830298721856	0.22484435024729027	0.4710173467654913
0.34714336722234634	0.6089687678687314	0.04388786490892238
0.09328540365956567	0.15867287600346663	0.7480417203369678
0.47488588283023797	0.3755308859910992	0.14958323117866296
0.09918642038063757	0.23936477022395286	0.6614488093954096
0.07549062166525544	0.14821200217642894	0.7762973761583158
0.4126102846336309	0.19646839451986373	0.3909213208465055
0.2653414638111776	0.15919749901697977	0.5754610371718427
0.4583637614512429	0.19196475056398873	0.34967148798476844
0.16009249992010405	0.5155872862297097	0.3243202138501863
0.17324955918396456	0.1670381361894096	0.659712304626626
0.20381419018109323	0.7271256987527412	0.06906011106616561
0.14793185924024221	0.6757559895832823	0.17631215117647558
0.061825492041380437	0.4639709055261137	0.474203602432506
0.793884069717224	0.06871409172269011	0.13740183856008603
0.27192666993708825	0.7218435308297175	0.0062297992331943886
0.006864703656810522	0.33484930294554605	0.6582859933976436
0.5869234323536421	0.014478974817755175	0.39859759282860274
0.5681409861641729	0.3258758921368189	0.10598312169900836
0.060479513928778594	0.6584249602729892	0.2810955257982323
0.2184612580284448	0.26339122882505916	0.5181475131464961
0.25885101356842577	0.3220545861798387	0.41909440025173567
0.0513210809944436	0.6467643802402159	0.3019145387653406
0.5245750833145278	0.3409117353211682	0.13451318136430407
0.19055712178805057	0.06961201778796727	0.7398308604239823
0.45319239342944795	0.30078351073899234	0.24602409583155987
0.12510218424134095	0.5908828176413498	0.2840149981173094
0.21365006508333112	0.01207865685044407	0.7742712780662249
0.5785586457084945	0.05142131344120793	0.3700200408502977
0.4434449837946989	0.5043374710906021	0.052217545114699115
0.26670560833301726	0.4622855274068666	0.2710088642601163
0.6888626276363522	0.08696105101429494	0.22417632134935295
0.5894659422537609	0.3475720437653834	0.06296201398085577
0.6414652992767996	0.077862382239275	0.2806723184839255
0.34859018645779744	0.17542826348865614	0.4759815500535465
0.10749548109411222	0.21540602640442436	0.6770984925014636
0.046898678122961	0.7547453720555076	0.1983559498215315
0.41620046346920453	0.26405037538633325	0.3197491611444624
0.038273979228226174	0.2128038638708472	0.7489221569009267
0.3116587706844392	0.5599256597448609	0.12841556957070005
0.5565574982892223	0.2618231924954091	0.1816193092153687
0.40308718289046447	0.26789215147716605	0.32902066563236965
0.32579214533384465	0.024502860920331715	0.6497049937458237
0.6500860134894145	0.234483191237575	0.11543079527301059
0.582594118065622	0.016235134386655248	0.40117074754772286
0.5749883405062262	0.35376514216961474	0.07124651732415921
0.18205845072067867	0.6579253276352655	0.1600162216440561
0.4521438275340057	0.05413252275039632	0.493723649715598
0.14437816660317457	0.31931748431863805	0.5363043490781876
0.7127056677601642	0.21212619152066708	0.07516814071916877
0.06870383181860212	0.5962344457383724	0.3350617224430256
0.12401410343375294	0.8437051265759071	0.03228076999034002
0.042201673822986785	0.4850521883812596	0.4727461377957538
0.04493481047788478	0.49136820109633206	0.46369698842578333
0.3361629163927735	0.6488697963900655	0.014967287217161118
0.26524710105724003	0.610509906768317	0.12424299217444315
0.17822999389992694	0.6057647674042345	0.2160052386958387
0.15398675903473233	0.27638941249413296	0.5696238284711348
0.5098737378852615	0.059937596556416894	0.4301886655583217
0.19466272789195763	0.3158406848267298	0.4894965872813127
0.22000908026233673	0.23794730874996242	0.5420436109877009
0.22426155695824831	0.40598187356525217	0.36975656947649965
0.04267910925304186	0.5497236390592783	0.4075972516876799
0.08080480882210989	0.34277138150624675	0.5764238096716435
0.07818178242195728	0.16094211137592157	0.7608761062021213
0.40899196075934086	0.4414833886078946	0.14952465063276466
0.1319928744607142	0.4294682163101537	0.43853890922913225
0.005269082931210478	0.3518833526393651	0.6428475644294246
0.054501562607248644	0.4296399138364506	0.5158585235563009
0.6541113881524239	0.24849360699744383	0.09739500485013236
0.09830736016180941	0.37707730322648314	0.5246153366117077
0.34081757317698885	0.5235698380479765	0.1356125887750348
0.15827652843569556	0.33133165462541275	0.5103918169388918
0.22059976872731168	0.08546750433521205	0.6939327269374764
0.5660068574699688	0.007545261493840938	0.42644788103619025
0.4483069440141919	0.23102770243988452	0.3206653535459236
0.08497008231442704	0.09511424676441654	0.8199156709211566
0.18034958321748562	0.7474381721985592	0.07221224458395537
0.3530351106910356	0.02103489451509727	0.6259299947938672
0.2669697776772124	0.4002501986081861	0.3327800237146016
0.05498044781311634	0.2493739382850368	0.695645613901847
0.011805033258626696	0.39987012701013647	0.5883248397312368
0.19962665408521757	0.45482047049896424	0.3455528754158183
0.7040813817710031	0.06379416733359478	0.23212445089540218
0.23499799814418054	0.6810043697898626	0.08399763206595695
0.33077882409825105	0.4814018117530149	0.1878193641487342
0.7307822453275823	0.13198829939271822	0.13722945527969943
0.5429695729972716	0.28884788795723976	0.16818253904548877
0.5568768084661487	0.12571440798591527	0.3174087835479361
0.06941237264553918	0.6007831589300655	0.3298044684243954
0.008684352193542244	0.28769746486282155	0.7036181829436363
0.1324678441452308	0.7538622755213508	0.11366988033341857
0.2786365471934732	0.061824338139577606	0.6595391146669494
0.36735717336514223	0.2232904170866004	0.40935240954825747
0.7010875327863633	0.1097119088909067	0.18920055832273003
0.2608822023113986	0.318110780002973	0.42100701768562854
0.16780645901532543	0.11166239221116908	0.7205311487735057
0.47551211777303576	0.09312966236630807	0.43135821986065626
0.6370210052354855	0.24542028221348358	0.11755871255103098
0.2798932676730964	0.5020902761435921	0.2180164561833116
0.6559934381248291	0.2546159833439515	0.08939057853121951
0.24655985756959647	0.4920217233790176	0.261418419051386
0.34608234416737693	0.05823052117954419	0.595687134653079
0.23142724525867175	0.3631020331750919	0.4054707215662365
0.6435132667103508	0.03373338800748127	0.32275334528216804
0.0860229504798031	0.2670361998664694	0.6469408496537277
0.7662129353549142	0.14855835233592768	0.08522871230915821
0.4845243428782775	0.25897650887993734	0.25649914824178527
0.3808268132161722	0.4493701957036028	0.1698029910802251
0.7691048493080912	0.14421742297396511	0.0866777277179438
0.7729085303199381	0.11625540105230497	0.11083606862775702
0.42033542059289813	0.10170618621301392	0.47795839319408806
0.5613316096993782	0.4092459795973192	0.029422410703302704
0.6881311613809846	0.04023077474285208	0.2716380638761634
0.8443417011483917	0.022710098270387613	0.1329482005812208
0.13460493529878093	0.6560485752896172	0.20934648941160194
0.2899333620163283	0.06192312175787362	0.6481435162257982
0.39260205707214535	0.46500907417393833	0.14238886875391643
0.632879362589163	0.17275104324345547	0.19436959416738162
0.14762605001290455	0.6878737376239098	0.16450021236318574
0.2067934951032788	0.06338871864625667	0.7298177862504647
0.5698610644398076	0.11341728097702644	0.31672165458316615
0.21837427944223958	0.4950816599024427	0.2865440606553179
0.15192543002720685	0.3081967906899923	0.5398777792828009
0.1640899316201728	0.21779638672487345	0.618113681654954
0.07077823447295295	0.3283076326790396	0.6009141328480075
0.12554388565129104	0.7286954397799494	0.14576067456875963
0.1698654208256656	0.14135418027463212	0.6887803988997023
0.45101506696039323	0.5393508799028541	0.009634053136752696
0.1610863788883851	0.5753693997481216	0.2635442213634934
0.16191435296800477	0.11878202050166248	0.719303626530333
0.722396138124842	0.1653276860593615	0.11227617581579658
0.36086513738049186	0.4539003753023601	0.18523448731714814
0.006913110983447823	0.4221592479734754	0.5709276410430769
0.5284695591894026	0.19268351455259397	0.27884692625800345
0.16298881742084514	0.7802691659902552	0.05674201658889971
0.7009470605919312	0.15235609078787096	0.14669684862019788
0.3022589160526805	0.0705159388165989	0.6272251451307207
0.783073981265151	0.12717077825153844	0.08975524048331057
0.589143878318138	0.16714679929297632	0.24370932238888587
0.661585634275808	0.1841740515411149	0.15424031418307724
0.13837048760017556	0.5733528544468743	0.28827665795295015
0.041160323340279525	0.6807208047435327	0.2781188719161879
0.292340395190248	0.4107827966348824	0.2968768081748697
0.32464447329862833	0.1187615661427599	0.5565939605586119
0.3264973137008036	0.5294995777087598	0.14400310859043677
0.3877718290619716	0.3240962548066654	0.28813191613136313
0.011951779961113296	0.7293712904478522	0.2586769295910346
0.031526943762017035	0.36361861486368435	0.6048544413742987
0.25712356848570905	0.26451388921827707	0.478362542296014
0.5296858351506022	0.058849351503112435	0.4114648133462855
0.61798722885373	0.08128768378645512	0.3007250873598149
0.23643462354900938	0.5048655525819685	0.2586998238690222
0.22612671030341772	0.48633100895940995	0.2875422807371724
0.3711481307124322	0.1291309605444451	0.4997209087431228
0.6863995967337014	0.23730653987528177	0.07629386339101685
0.22218129196499245	0.4906429880724514	0.2871757199625563
0.07832041600380713	0.4914871917131999	0.4301923922829932
0.6124070319925041	0.18025182719536048	0.20734114081213553
0.6654037486189506	0.2117196141495744	0.12287663723147518
0.07369347673091425	0.2166633377902088	0.7096431854788772
0.17283221557731973	0.38658253061614545	0.44058525380653496
0.08639709687964259	0.4639478137578741	0.44965508936248344
0.027878092321387604	0.15546345874717682	0.8166584489314357
0.4705263156002979	0.014276499743180626	0.5151971846565216
0.4594198162852098	0.49722109078219623	0.0433590929325941
0.2435093686677709	0.015973906564430984	0.7405167247677982
0.7670517035207951	0.10344916988309663	0.12949912659610835
0.35144664401615083	0.47263889632709	0.17591445965675928
0.6681886338501162	0.009323572847138029	0.3224877933027459
0.48737738093079036	0.32779666792959883	0.1848259511396109
0.12111762936650763	0.09959823078422558	0.7792841398492669
0.22889373792408035	0.4588099783062696	0.3122962837696502
0.2824353859980814	0.2797080563551545	0.43785655764676423
0.840530862121365	0.14215356538772403	0.01731557249091109
0.14200658504946878	0.31869499529302725	0.5392984196575041
0.19816806909132484	0.10959272436806675	0.6922392065406084
0.3341279633214777	0.4254864343893286	0.2403856022891938
0.4976655172866433	0.15296359460420111	0.3493708881091557
0.3912845178786377	0.2757734757041381	0.3329420064172242
0.40951738932313003	0.1301514179664769	0.4603311927103932
0.2704985625573757	0.35295401395892123	0.3765474234837032
0.2927369447876008	0.5358108833689983	0.17145217184340097
0.637985546259005	0.12192814297511428	0.24008631076588074
0.4349771191622674	0.14938674969473995	0.4156361311429928
0.32155745225974797	0.5590376521207274	0.11940489561952478
0.24285085402234327	0.3540678719789296	0.4030812739987273
0.16809571398558107	0.2769429500853593	0.5549613359290597
0.18632270935901285	0.23259146013052315	0.5810858305104641
0.4329665219225468	0.3181005788919982	0.24893289918545505
0.4481655477157333	0.38846643094939026	0.16336802133487655
0.08623273431203343	0.5773335178134209	0.33643374787454583
