0.02296377856521059	0.2895032531076239	0.05122994678522537	0.15878666400488362	0.0534806250200949	0.0847039282818795	0.19673095325103346	0.14260085098404846
0.08794331215386605	0.14947066908122655	0.21978453204676174	0.11790124507893021	0.05646094920994926	0.052547153398345176	0.22192347772392962	0.09396866130699119
0.10988247488085517	0.14795196499037153	0.11787356125297106	0.09132657713547507	0.06402285987044748	0.06710515538419931	0.25291053322625656	0.14892687325942355
0.18865720311550058	0.06508964241614038	0.09937583795108794	0.16913411817926102	0.06802565722187495	0.06739828033421569	0.18288451275607703	0.15943474802584218
0.05571884865264182	0.30647135726294517	0.03559001681841224	0.1399445064265214	0.04868279791810347	0.08836274916746084	0.23294926511491806	0.09228045863899685
0.14636417153808182	0.1239927658315716	0.16318654449039108	0.11280149602912973	0.04097658610338188	0.1022301100612236	0.18048404278871313	0.12996428315750697
0.07046934389586026	0.19261075520826793	0.07196663956978411	0.12419140710445609	0.06372032307131638	0.06349548165744756	0.2689359746803456	0.1446100748125219
0.22151919081217042	0.019816015336079823	0.13804003218873015	0.1576316441266964	0.061749816209020036	0.07466300382493757	0.20088274495926753	0.12569755254309783
0.2417477620982462	0.14210646474738897	0.1029029576917288	0.10139191662720602	0.041935814633004914	0.06781984401841462	0.18035397674817819	0.121741263435832
0.138843296222735	0.1292633850616711	0.11559776106394268	0.1583618158567742	0.05148574026910553	0.06967169728925808	0.19619525699017284	0.14058104724634038
0.04251262767633064	0.29520336244203826	0.05911861534588424	0.10957552148169505	0.06470733989188351	0.060988132313287396	0.18671095677409386	0.1811834440747868
0.054852129338326866	0.09265670315020737	0.2125980347566511	0.1641938243277078	0.04113226800343958	0.10242578958822572	0.158246427410347	0.1738948234250944
0.06579595219609999	0.2677135404485188	0.1072958550490685	0.16449229481734362	0.06877300138080328	0.05598831250371822	0.17601064403604366	0.09393039956840371
0.038545767244980156	0.292348962571833	0.059379511162081344	0.12485520725392227	0.059841664014568516	0.10987575804517985	0.20320337465096996	0.1119497550564647
0.031083483866255326	0.12553252344977275	0.15807001895145267	0.10226845287850833	0.07518951211071494	0.0733904575110863	0.27702032157404244	0.15744522965816707
0.02593721394724116	0.18781564244301055	0.1789879386066046	0.17329379813141452	0.03700847245361816	0.0555817686342782	0.18237447957705855	0.15900068620677404
0.1802095896455158	0.03135133628961362	0.13693952918115584	0.17658540311366627	0.07441158354807963	0.06501372180733231	0.2018845981055199	0.13360423830911636
0.2321394044072274	0.055715356534102575	0.09058321610886225	0.11097863722622568	0.053757130030905514	0.07324713855508078	0.22599752939337098	0.15758158774422457
0.08318340086709897	0.19661429336470304	0.11045829998588963	0.14166911788915132	0.06715360157217187	0.09174054489694339	0.18867127812612225	0.12050946329791935
0.15520548837337056	0.13975815639187827	0.08676642965733823	0.08749562998313803	0.0644941496202594	0.08229997650690965	0.2362365811114545	0.1477435883556511
0.09584374998683463	0.15294833256961715	0.0660010960916084	0.16406260563290662	0.042889705184857574	0.07404101174873311	0.2847121674631522	0.11950133132229007
0.053171079729570275	0.08873834307348898	0.1453456547707158	0.12355200431802726	0.07372418428709757	0.0956185388705043	0.2838701184766217	0.1359800764739739
0.10099658736531905	0.19108008497126494	0.05274940414426202	0.11607234367475586	0.0500147169000701	0.06331663540878518	0.29489335151436946	0.13087687602117323
0.0873989423600915	0.17779712514130921	0.1042848139864548	0.09680828818479346	0.07094028280853507	0.06419515934605372	0.2368539843037789	0.16172140386898312
0.019778112263975994	0.17744224621331708	0.12961061421512346	0.14325741979052628	0.058769863909757136	0.07188113256258481	0.273821003007403	0.12543960803731202
0.1913104381739797	0.06257668329165553	0.17341403551883255	0.11346758151765496	0.04982500763721698	0.07748666597319423	0.21471501031634713	0.11720457757111868
0.0629547148908052	0.2226481145660314	0.04621927324488971	0.12447362484981665	0.07136951811776467	0.09129459663705355	0.28053165814444325	0.10050849954919543
0.08562332040884855	0.1837200537447694	0.08718253685663176	0.16839810049925108	0.042120171403254206	0.06168900019446709	0.19485376684876576	0.17641305004401195
0.24013892401053166	0.14313336733488405	0.03499236952890426	0.12605596154820017	0.050605822044768045	0.07103935858167507	0.1699492482129153	0.16408494873812116
0.13051664834529428	0.09667856274543152	0.16469559196117178	0.16386871931764543	0.03643725630537989	0.10931437406966978	0.17484516804508557	0.1236436792103215
0.22933096507572232	0.051475794587943394	0.130535210841806	0.09649222818348774	0.05862271695065471	0.09679743524576145	0.22614508099001449	0.11060056812460964
0.06784435010214213	0.17097767552998147	0.22041807836876914	0.127585174010467	0.06700000818579105	0.08242179149714787	0.15088478714975267	0.11286813515594846
0.06600361825376908	0.1907041619560854	0.08548625326702529	0.14339326165649774	0.07020650676540802	0.10691231983465538	0.2390703670639691	0.0982235112025898
0.03406332391490988	0.31851162582185005	0.10062192451412573	0.12038287816804105	0.044380332035223596	0.058328895576246126	0.2125019389467435	0.1112090810228599
0.09141571420404851	0.16301249064576462	0.07054083401357204	0.17258633951322547	0.04981864998342214	0.09513316495109696	0.17755798181166263	0.1799348248772074
0.12795796398693968	0.05384840869162015	0.11534279253016673	0.1761342250794042	0.04737851518579536	0.10826664643411553	0.24303080132095456	0.12804064677100357
0.04684051820067907	0.1917161011180914	0.07067765934409409	0.12353434799603838	0.05238743297597838	0.0608060297551391	0.2841026606090127	0.16993525000096676
0.18116347634677596	0.16092558216173897	0.07827163563639927	0.1644102518705765	0.04027757414374017	0.0636604443778236	0.14594990912195066	0.16534112634099457
0.02699152888718219	0.0917410759090467	0.17722141288232088	0.1656163713261293	0.05708808252187736	0.09923192720724908	0.27703813274899075	0.10507146851720353
0.260114382244651	0.023039153434328996	0.057189651285023346	0.11012423551302343	0.04447562704240843	0.10304917957954693	0.22139807983589987	0.1806096910651178
0.1856995086185841	0.014166615399822585	0.23114624819254723	0.1258866992269303	0.06675152723971225	0.10435310607962552	0.14731863307747423	0.1246776621653035
0.03387206866053269	0.04781246414898181	0.23665206871934674	0.1267849778018909	0.05972439435573704	0.06898112287812744	0.2524897990770608	0.17368310435832235
0.13421592920275352	0.20284481852959219	0.07728996120659139	0.1167803947359983	0.051032130843577314	0.05795272315935736	0.25877544823550647	0.10110859408662325
0.26118724556527856	0.10864780751922534	0.07281435645834124	0.12673460910802348	0.04565675785322755	0.07135263438033118	0.15184877985708953	0.16175780925848288
0.06756055707663515	0.15959629192521368	0.13102616862773148	0.09730538901006099	0.07251164789388945	0.07348927997264579	0.22471809479258542	0.17379257070123783
0.05866645260981526	0.2659046340118976	0.0879278327550815	0.15104362951382777	0.04140637409743046	0.09540116257152047	0.16092065928990548	0.13872925515052123
0.14969921960891613	0.1564172221971113	0.12518956528428635	0.11944628906358432	0.052800013043156735	0.10356849741656415	0.18719223730387644	0.10568695608250435
0.17638395195106152	0.12821607865125983	0.0533382653847308	0.1601526569448595	0.04376675688038044	0.0663017503401556	0.28485616934225183	0.08698437050530028
0.20125582042557538	0.17660076773506628	0.03686812339955299	0.12220459898030346	0.07074114387861073	0.07245046510094386	0.16697159422717944	0.1529074862527676
0.04564558997518588	0.10675373022118004	0.23686308602637562	0.13114941075341616	0.04943599509001628	0.073645094968735	0.1854911170679111	0.17101597589717968
0.14006058681119465	0.0879251337945772	0.18034453984145626	0.09745017672983833	0.0413849487438729	0.07511819770278709	0.20030915654261944	0.17740725983365385
0.14109965589791124	0.1132611392939788	0.14914809292118564	0.0893620669805372	0.04897245528462947	0.0542431591257045	0.2264005228343633	0.1775129076616897
0.08017329500109434	0.10280033522786512	0.16558840078087703	0.10429552414434941	0.0740100845830429	0.08284015325688346	0.27375322798205476	0.11653897902383276
0.11658187896541322	0.1567182512948901	0.12418230170961064	0.10484374119300224	0.03785224780810589	0.0894535727553518	0.20197999109830142	0.16838801517532445
0.1022821841508074	0.06460046630011994	0.1663954488546514	0.11883373983687082	0.07396548040349331	0.05514285808634749	0.2609265372385239	0.15785328512918553
0.10230909754893666	0.10023460194553416	0.2403851031008707	0.1041989793053627	0.050635758031207304	0.05323538109262055	0.25430865641883826	0.09469242255662952
0.19894625649378453	0.10790483626029837	0.10657727115375153	0.1635045868385026	0.036769686524690454	0.09475374285200161	0.16293658956324847	0.1286070303137222
0.16742999732939137	0.0973987225483027	0.2022334909285241	0.155293165096748	0.06167100012350955	0.055577130217618065	0.17121808015804443	0.08917841359786155
0.19443928255240917	0.19222062048719218	0.040084361905003696	0.13383022071963316	0.06865120057984712	0.0640317084826649	0.19797631883373318	0.10876628643951634
0.14463162797442192	0.1868770584714496	0.07297456818852488	0.12018264098298817	0.07062694625869417	0.07822739211019328	0.18752749127470272	0.13895227473902508
0.07001165647305377	0.23507782882800238	0.07219439900637499	0.11536458329245698	0.04610081928924084	0.08196995381030624	0.26402802433717465	0.11525273496338995
0.1152362319181576	0.06955771006122417	0.06778729119263843	0.128981076938685	0.06104537408550885	0.08300675147162678	0.3018761324301723	0.1725094319019866
0.19074088520591648	0.021007886375197057	0.218741821299226	0.11900557644104501	0.05643937515132923	0.06826684339487904	0.1800893199871827	0.14570829214522427
0.2052887401765473	0.06539233862880861	0.11179047171289029	0.1136050851396977	0.07301296080412954	0.09275751690171563	0.15886484173022963	0.17928804490598102
0.07211178400057926	0.14832794619226203	0.18659258111498822	0.1049281056937832	0.07237871743615958	0.060787922830906296	0.21643617038266194	0.1384367723486593
0.19116246326460012	0.040694065418697606	0.2373603475267268	0.1577641144782117	0.040477666904215906	0.05480478222096871	0.15047409717677765	0.1272624630098012
0.17147625777112835	0.12438408713523347	0.12024219460901342	0.14062256932029235	0.06581032280938516	0.08517403029903181	0.16938821094043421	0.12290232711548105
0.053304651290551175	0.06332515295307635	0.19152600460656377	0.1778711683760314	0.047402993736187296	0.074134232346391	0.2320873163131107	0.16034848037808813
0.05874371502813269	0.25210063634551555	0.09052833867389443	0.18597307168932725	0.05039286387351741	0.0612315080920294	0.18992703709745046	0.1111028292001326
0.045214363995165555	0.25965863408067924	0.11225228670283473	0.1298540477309471	0.03740826613360375	0.07081554650544095	0.25132125229336677	0.0934756025579618
0.1828898397111417	0.05488471877789003	0.11014993795778019	0.1830703525699317	0.05026807196057069	0.10786576165139196	0.2182428195520193	0.09262849781927418
0.1879248071261968	0.01435873449248068	0.1877567672560917	0.11484234428829065	0.060226234626434644	0.0540886744823747	0.2418651371984144	0.13893730052971626
0.11564665973770775	0.17107542281237761	0.0558670054303427	0.18464633210327858	0.06822679832278455	0.06575287692185125	0.16352103358298464	0.17526387108867264
0.15167947274949267	0.05330773337146734	0.1652454782187214	0.14662430610889055	0.04845523140953051	0.07402951413265413	0.24262734629941884	0.11803091770982434
0.042789881512806605	0.23217472628243951	0.2005191602165148	0.11024264795440275	0.055393447796550574	0.06238396589026386	0.15958556864723392	0.13691060169978772
0.021320240189396586	0.06527579049433295	0.21720709838436653	0.1854104429445467	0.052140257421422184	0.07467243017565228	0.2844102423986135	0.09956349799166905
0.10108275586854303	0.08668083674511265	0.18832040993192029	0.1509041402825319	0.05139898066345529	0.07392316069284413	0.21429959206382515	0.13339012375176737
0.092084105644948	0.09549888082730132	0.08905241341680309	0.16298352585292397	0.07329022914028357	0.054647936707722444	0.2546034926941952	0.1778394157158222
0.13131954480854285	0.1565369247584481	0.07475645963739205	0.1413886079703515	0.06745832539312654	0.06738331512412586	0.2704837002489562	0.0906731220590567
0.1140257802269527	0.08289358247179433	0.1578741108135737	0.12177878782229642	0.07224201567328148	0.10921120579655925	0.16944856036216688	0.17252595683337502
0.18528954669377043	0.15371308676957604	0.13343703256485792	0.12348455693307868	0.050996149066233704	0.07679712782308407	0.16062986349449485	0.11565263665490409
0.2322836550638705	0.05109826193108026	0.04286152121262431	0.10383566916931024	0.05282337421902435	0.10304676025390859	0.24754333660557826	0.16650742154460318
0.1399527130951312	0.054793778588645606	0.10119989196187569	0.16228426701907653	0.03634527889935142	0.10476920967549654	0.22179408026464392	0.1788607804957789
0.0905469196171817	0.019067581892198288	0.21151573842334986	0.09336320333879565	0.0697192091557014	0.08725810935529384	0.2597768814502456	0.1687523567672335
0.22879974582435544	0.04069343561184596	0.22138283577066584	0.1378799350744116	0.07015159175641442	0.05203942579853024	0.15713958833398844	0.09191344182978779
0.05454790898437416	0.26409033303394036	0.08135043682653657	0.15690881319549907	0.061415539942889105	0.07369515121888154	0.18347761756427805	0.12451419923360094
0.136545158418933	0.17313560457112634	0.0674775558937809	0.14865125784762645	0.06971207382169599	0.0993303837153305	0.14537112996404933	0.15977683576745724
0.2276465580635152	0.06542731723532201	0.10714770053189922	0.12873907691898967	0.04087827994910845	0.07563490827726906	0.2589214879166847	0.09560467110721155
0.08098680723576487	0.149935743961826	0.19303480203732382	0.10606590562365165	0.0372903074981321	0.104729968568103	0.181364862241719	0.1465916028334794
0.1810625692562694	0.09799255635892873	0.13566284695281763	0.1256972762430946	0.04994800327285212	0.10968878746523912	0.16857597683562697	0.1313719836151712
0.14557334784148407	0.07295394666876209	0.17161527553881223	0.1794525066880348	0.05729872955605246	0.057255668090519546	0.18531449062412464	0.13053603499220995
0.15361286415849743	0.02572190440759259	0.12767774910121812	0.08738901234822177	0.05249490281871698	0.09556410021967629	0.27669540144505456	0.180844065501022
0.06298573365506539	0.07726049237265914	0.18707319143654091	0.08845213265675121	0.059206080121924465	0.10991857526166991	0.30681328484609227	0.10829050964929651
0.07599479454814936	0.11092265911274063	0.21215330738949859	0.14884172143311725	0.048431757945479686	0.08210510702718939	0.20528383896711633	0.11626681357670857
0.11666442653529159	0.13356583976106626	0.06961943099573256	0.17951387733174098	0.045276719205425545	0.08393549403719482	0.23186146009485298	0.139562752038695
0.2586939916126606	0.0652953536395314	0.11566294208418457	0.15061040111369134	0.05424416588398416	0.10529728669199569	0.16178362884491002	0.08841223012904198
0.07496993300737712	0.23706906419137003	0.14131784772622857	0.10926899720577628	0.03676744794937209	0.05267699944697954	0.22065116668364357	0.12727854378925257
0.019372018403251104	0.18730901646818204	0.05667704541931008	0.17272489099205302	0.06756746357507995	0.07985639227977928	0.30363554741280274	0.11285762544954166
0.03211279655397517	0.23187332642572694	0.07061804224858322	0.1141994586670501	0.06892969823319749	0.09524072906613601	0.2582136968251359	0.128812251980195
0.04949494410222617	0.18841947905489662	0.12722661747620836	0.09642030368898122	0.04447118280031084	0.0727910503819824	0.2904198408271603	0.1307565816682339
0.05303729706485315	0.1128481539433453	0.15451226163189505	0.15355618471059812	0.0663157632455431	0.07303811900611318	0.2630458505180704	0.12364636987958158
0.16875777744172682	0.05621769536303062	0.17465561169950444	0.09745153766944492	0.06285858501861817	0.06483934887791175	0.26575563958351733	0.1094638043462457
0.08710148774797652	0.17337574601345862	0.09681014300418248	0.08723113343754474	0.050583370511803005	0.05512281521289082	0.2685459174586187	0.1812293866135249
0.06807398395558459	0.1496347920535512	0.15065408907485506	0.09510081781590318	0.07379413191566583	0.0848224411767556	0.21486046913982634	0.16305927486785796
0.05119791322411826	0.19848073221909215	0.11176775325290932	0.16492337401305696	0.058317949436460625	0.09814247050372482	0.19188447443053425	0.12528533292010338
0.1636805592512019	0.12369307726572658	0.11841630835410047	0.15548113257950344	0.054222540714222084	0.08707329820416898	0.14673555914451256	0.15069752448656373
0.06276669633390182	0.15114803409371513	0.07630458270103552	0.17396537617466765	0.04268725821444744	0.09330926131929676	0.2431754631251325	0.15664332803780295
0.22405755572575037	0.03865686837466527	0.192091279118862	0.1241778484136335	0.04402259335238204	0.07677346419012931	0.18745816205611746	0.11276222876845979
0.16146562038571852	0.14420427436376906	0.05708539332766263	0.11688136021660636	0.07239812361036316	0.0665492503034681	0.2516854345303955	0.1297305432620164
0.21563371849760513	0.030416497782638496	0.1656712932708899	0.12921274567927518	0.07254459540831758	0.05706265763510998	0.23031257479221862	0.0991459169339449
0.2109767077351189	0.06640444938870932	0.05830759620240933	0.11423864849137473	0.059579109244061595	0.061471502345344625	0.30129656791006976	0.1277254186829115
0.12035556846241291	0.04088860312819956	0.16170878831501956	0.13643199824432625	0.07269721993240369	0.08592325605812991	0.23224594731490486	0.14974861854460303
0.062381985083941216	0.0625734702429453	0.23787249326202586	0.11973364500096786	0.03760579686087839	0.09192717928375214	0.22438401090920088	0.1635214193562881
0.1104871650983834	0.14635941196599006	0.07939561845711653	0.16315774686391354	0.04092745852401007	0.08134504772835796	0.23165315454482183	0.14667439681740638
0.10755017465212975	0.0841134165389881	0.21591711720608783	0.10189856174876093	0.05664608238994981	0.06209747125079863	0.22099360063027218	0.15078357558301256
0.027508716254045745	0.03321912884060306	0.21878135762411466	0.15576298248020204	0.04485868631143318	0.10886801866312254	0.23817337130355848	0.17282773852292008
0.1782461378334524	0.176367675367235	0.04528269747822242	0.1192070316164329	0.050281964456541595	0.08822827096010771	0.24626584114923009	0.09612038113877772
0.10768860400861949	0.04016961252587892	0.20932298247547146	0.09845965394594337	0.07106714660423663	0.06811473993977317	0.2948094234291274	0.11036783707094928
0.05937327781309047	0.2478843861242374	0.06420077186574967	0.10493338150272241	0.07101370758386481	0.0735519533832354	0.266210839913653	0.11283168181344656
0.25158438441691805	0.1617372879678789	0.048987234901407786	0.1578552843267539	0.06731298903766018	0.054607321874521705	0.16414163263927617	0.09377386483558306
0.24903829670448016	0.015036726725778035	0.13122447246296348	0.17998564143535165	0.07480330115382595	0.07440355803043185	0.17693350674409503	0.09857449674307356
0.10102317313324423	0.1093893251582849	0.18908884613159213	0.08873014781455522	0.06878155356440724	0.09144274845454356	0.26074566476788297	0.09079854097548953
0.09655733912642077	0.23219508993097326	0.1270312442713894	0.09528289236149279	0.07380649476371447	0.11024103422850869	0.17695246905758893	0.08793343625991147
0.13440023933077497	0.06042724177576789	0.2158417158576665	0.09957607294248436	0.07385612329850992	0.09827129112822756	0.19380875991836038	0.12381855574820816
0.20491623956817118	0.17574070283445625	0.04570852887431741	0.10084495891629236	0.07161735600522512	0.07848141986979063	0.16180749545592482	0.16088329847582203
0.24159475916824869	0.020393533890139648	0.20920284917872564	0.1576314174789717	0.048705658356837114	0.06250742591902639	0.17177291486852125	0.08819144113952938
0.17882432951686902	0.058918503078682447	0.13586401898821227	0.09347130761169567	0.037359620159569326	0.0956991497695482	0.2197172387024875	0.18014583217293534
0.08736774188340787	0.09814698765399858	0.09583279003531707	0.1310976610191712	0.04365630754955391	0.09614194656063951	0.27915682555867327	0.16859973973923836
0.03907987312895715	0.11534895363277875	0.09603552083498249	0.16274869204212244	0.05977834614686062	0.10751491988310638	0.2680220808109107	0.1514716135202812
0.12364740609483857	0.1668393634610926	0.18071001118067204	0.09792067967982276	0.06245244016350682	0.07170592609546339	0.1604014268284853	0.13632274649611828
0.08957322653877858	0.2112827909229183	0.105408821475315	0.16675894636290442	0.05684916946671631	0.05850819092949536	0.1651347612370309	0.1464840930668409
0.1107348582556813	0.15280061294553693	0.14406914700197923	0.10518614389368192	0.07214975829685633	0.07006765289237046	0.23010524958972667	0.11488657712416694
0.14358682211185164	0.25902917532437864	0.10970851602576784	0.09817146594414848	0.04436851612406702	0.06864977869499453	0.14729011975467735	0.1291956060201142
0.20114793056865532	0.054344588375074596	0.12778651597052926	0.1207148734764497	0.07300114281091646	0.08775574377254086	0.21964896192074937	0.11560024310508413
0.23749586162808292	0.07253378868780111	0.07950282564632631	0.16551734072929464	0.04229314680041363	0.08689583049717946	0.20807332927265937	0.10768787673824227
0.14717338648977837	0.026982229257392368	0.07611668034890526	0.13561163447724908	0.07185238183881723	0.08147182455668675	0.28973370714349844	0.17105815588767226
0.18603106653032297	0.24099063896565404	0.10008420425509755	0.11201291480931984	0.05612607748230898	0.05931736325674808	0.14328417755647974	0.10215355714406857
0.18516302026054576	0.18377519241678483	0.09928212712679439	0.13394212032012465	0.07260211957335912	0.0618725296881453	0.1752183297714398	0.08814456084280592
0.043129811612742375	0.06914468026077653	0.21114349148462958	0.11263702338762538	0.07078390585991767	0.07931040764188699	0.28618652971724257	0.12766415003517878
0.14474562924128376	0.1275178653510649	0.07878308333761919	0.09251837467101012	0.04610994339514299	0.11167365157460622	0.25885713577350455	0.13979431665576803
0.11600202970764148	0.17048347869537497	0.15682225331698046	0.16768579867617686	0.05671566328256657	0.0523789445324913	0.1754710483585614	0.10444078343020677
0.06540587597673281	0.07376500434605295	0.05452560957328577	0.18309532210548765	0.05997254257094081	0.08901916928674142	0.30260882729896676	0.1716076488417917
0.09846359456266124	0.1864274368634554	0.0722867464732473	0.17337956923042697	0.0729321091544636	0.08024452689517925	0.22477079951537443	0.09149521730519161
0.06729863967604517	0.1340135508177984	0.20773287719955602	0.1493311183309613	0.048213155170218916	0.06254483859996116	0.17248717363252114	0.15837864657293765
0.19163789733442232	0.08989111541738787	0.20575697776540558	0.10909682470348402	0.04701616905994467	0.09653889407595648	0.16875504690611975	0.09130707473727911
0.2000104035044463	0.15476675017908648	0.2007830314545675	0.09491377755426043	0.04420004769059013	0.061330882661737016	0.1482644368499405	0.09573067010537138
0.245449065872697	0.0997594621152201	0.05180767799912904	0.17798003056808662	0.041850195285762865	0.08318895454086385	0.15170506968168648	0.1482595439365538
0.1969469360866557	0.18545125922665667	0.0698780143696491	0.12711560633999974	0.04328995622364282	0.06905472152591115	0.15907977783908797	0.1491837283883966
0.1840919798833605	0.11418088479336588	0.10526014783487733	0.10809857006388962	0.06627009965552338	0.05981470965972556	0.1910011818576567	0.1712824262516008
0.01910655171891426	0.1835882771031342	0.08078999718855509	0.17807905637475316	0.07441119618058276	0.11120980192776826	0.22193785295491414	0.130877266551378
0.13870354330465903	0.11543048085468735	0.1049228800855485	0.10727943937890004	0.05016800225929187	0.07207169545984451	0.23869847087735163	0.1727254877797168
0.04100853454640657	0.22567470713764193	0.15104009949540115	0.10615670465755758	0.0611668594317952	0.05552810311341605	0.19094517699580152	0.1684798146219798
0.042765384833830744	0.19246911873826503	0.16509760283601907	0.11668703951636683	0.06386938244917606	0.05430798289016603	0.1940297041609701	0.17077378457520592
0.01984068423148179	0.1309321879163135	0.18566877595270712	0.18065302264003905	0.05464129830533018	0.10184918494141676	0.1482117325133208	0.17820311349939066
0.24115955926258303	0.11666575827493803	0.03880586596200565	0.17234598404655577	0.061859203349385036	0.07081772900592666	0.14298133889355197	0.1553645612050536
0.23616642515805208	0.08923101869487307	0.06969364204547293	0.12222288493862357	0.04727121044811859	0.061681137855483764	0.22726132267716836	0.14647235818220733
0.08679051266678509	0.10173598992265898	0.06721531179769477	0.1871607251732082	0.043723707757721705	0.08376716607889194	0.28501181375414764	0.14459477284889147
0.1928304240667323	0.08214702386047182	0.06322471964334009	0.09701485715094701	0.05210258683769281	0.10981917241027339	0.22686490028796047	0.17599631574258184
0.06303920367088202	0.14092031647235295	0.08882705524636927	0.0891241404074117	0.07295889719812618	0.09010060129535546	0.2870474780046818	0.16798230770482042
0.1949261429294845	0.026540237965603994	0.15411673375802473	0.15815924069657145	0.05415803595202018	0.08728099553401786	0.16974603371947672	0.15507257944480032
0.11039816690323426	0.08268518831107241	0.21170635897764256	0.09052108825407719	0.045548824059216286	0.08723583202727443	0.24023316730928615	0.13167137415819655
0.15086384308582562	0.021869323103185026	0.19099281942265856	0.1827153461721985	0.039163999903144286	0.06919756458242267	0.18908554428088506	0.15611155944968003
0.17065723616931955	0.1094836473223164	0.15269097279916444	0.09265106965845961	0.07382338960250671	0.05900061786955804	0.2051817782768986	0.1365112883017764
0.20245295430054078	0.10750336020392055	0.15940380701913204	0.11136419586662044	0.0423623343396176	0.08723144624998494	0.20133876275314846	0.08834313926703491
0.16761936056373922	0.08151924860073047	0.04500648386148033	0.16503538061679124	0.07049264687452829	0.09672240316815783	0.26661950448058047	0.10698497183399189
0.1175518285966731	0.0626538793783474	0.07044518849701678	0.15966884600858233	0.06684220488181274	0.09827008684881999	0.25690993088059566	0.1676580349081518
0.21148603752272915	0.09101931068423949	0.15331675824060195	0.09222618686544062	0.05957732086149714	0.1038549143962894	0.14394706505634952	0.1445724063728525
0.15626048567736844	0.05311474435262477	0.19977910522394776	0.10819223745108494	0.03712267753955127	0.07688671096633579	0.20998152465820796	0.15866251413087884
0.10860977407099116	0.3093183216928298	0.06976441828024879	0.1405130478211081	0.03915360284559499	0.08635415742983663	0.1477532117273935	0.09853346613199679
0.12808214929120898	0.0622304994276669	0.20910060872712655	0.15572210464684558	0.059596668843954925	0.08666555378738502	0.17467479264891952	0.1239276226268923
0.04404868214536059	0.047322099604530224	0.21652396179209982	0.1269626424858708	0.03723765559592512	0.10868030843255508	0.30098990094381106	0.11823474899984708
0.09492031202869927	0.14969755203829688	0.08116856875077788	0.17258699700372845	0.06374913139838659	0.09322979298701606	0.2488007718603973	0.09584687393269739
0.23597604103133768	0.05333236618531473	0.13886536507988118	0.1425053478265529	0.07144462134563412	0.06195081304148348	0.15657756986665208	0.13934787562314357
0.08400136314172453	0.18938018554201852	0.08567447411756432	0.1178530282796727	0.037084210223620837	0.08269918027056777	0.29122040432952795	0.11208715409530312
0.10934115852354834	0.1920936519119926	0.16371707956002057	0.10593064696397572	0.06919559467845218	0.0554501343965009	0.14557556387800274	0.15869617008750672
0.08260548601916345	0.10983601403243651	0.14002672836652252	0.17688552886274517	0.058504245690647244	0.1050470136922991	0.20541300706367221	0.12168197627251356
0.07729547566835121	0.16724002482169137	0.150850166145856	0.16912419545978769	0.06896190712931122	0.10179891618537393	0.1545989629203699	0.11013035166925844
0.23532580615202808	0.026645182647674376	0.0905958259456435	0.1114811394429698	0.039125889009279005	0.06626536040850443	0.28012190914404134	0.15043888724985915
0.06065487992239821	0.2155595625219115	0.17810628964826286	0.12640887475725926	0.05825937502934825	0.09773446929833407	0.16813079692396105	0.0951457518985246
0.17888440598726324	0.17168844377130565	0.04646944163002577	0.14947138925300962	0.07172283015675104	0.08894769345741249	0.19969549283821092	0.09312030290602098
0.159109703963724	0.2649340727614399	0.04962882026695749	0.09682960611778262	0.03971583132539422	0.09063805307734227	0.17037672027288112	0.1287671922144782
0.18291341023104296	0.18761546691807127	0.059503969289726455	0.08842431392227085	0.05729679920131739	0.08319251568756875	0.23906145589251807	0.10199206885748402
0.09194602070350046	0.15605590582059306	0.14391160085602644	0.12543441526667085	0.062047117596135154	0.06448941282966086	0.2528980157831647	0.10321751114424829
0.04478632760265572	0.13198018724003	0.06487421148992081	0.18719859145373063	0.057869722784751665	0.10093610601819292	0.24783044195463697	0.1645244114560811
0.23513950120104893	0.04572114537012324	0.19323085602618126	0.1497497078694713	0.04377376360279403	0.060695960128165985	0.14547243287179573	0.12621663293041924
0.07737665010718191	0.10044313094510685	0.098742321774782	0.17265503819825168	0.06887283916425799	0.09164040992366024	0.2304337249028452	0.15983588498391396
0.09974645243920743	0.20975082611030177	0.10175806757689172	0.14784919191853318	0.06046645487969683	0.10424393383556903	0.16969528167486378	0.10648979156493604
0.19694871203321593	0.15175164898017351	0.17328797648125072	0.0941022872528075	0.06509809080913881	0.062083412366399554	0.14893001832734568	0.10779785374966804
0.04452077284151938	0.17918128172463912	0.18621336728346874	0.12267852191469023	0.036257195807221185	0.10137023171659261	0.1991927635769169	0.13058586513495166
0.18982446019130805	0.13870010869461658	0.10941545935566369	0.1086862564450464	0.04817647152990044	0.10280334767847908	0.1599237932377252	0.1424701028672603
0.0754140865215895	0.2133021682762799	0.09678588614659638	0.1425990556695445	0.0483445355993669	0.07089320371721487	0.24566319389347813	0.10699787017592963
0.22058169498131827	0.1224895559628552	0.12029032461909814	0.12183476965888267	0.03869377491070275	0.06317389238314836	0.1891698282549658	0.1237661592290286
0.10955415094990041	0.11159390741727614	0.23816437385404976	0.11900623603910127	0.05342858137196502	0.07298900887935972	0.1735664688449018	0.1216972726434457
0.08116116112334709	0.19006170512975057	0.12325439894484984	0.16587049919648736	0.03654684453488728	0.057738660247048004	0.232767506570823	0.11259922425280662
0.1807623002988121	0.0825029826917935	0.12852732208962628	0.1418610755741258	0.04342340896681006	0.0976492045917493	0.17541608562423103	0.1498576201628517
0.129395620538238	0.08091561940141073	0.16645791815071187	0.18084144236201388	0.0378609162411543	0.1007096711761942	0.19526681385601558	0.10855199827426122
0.19931448507205873	0.05049506944286497	0.06984802685143687	0.14448557223139485	0.06898934747718291	0.0894764242925271	0.2182746965623107	0.15911637807022366
0.16141116940861605	0.08804400692461142	0.10616306908308466	0.1619377386529605	0.06464792260719193	0.08020530795126987	0.1568878302877328	0.18070295508453257
0.23093816150506646	0.045633907484182515	0.055379326860382175	0.10635589500452224	0.05033725511275394	0.10354647723907934	0.2805006366290588	0.12730834016495424
0.08464152934121774	0.13415413839535514	0.12402985666834256	0.13969580213039368	0.062027702497776754	0.10518198966875758	0.19343145333453354	0.15683752796362277
0.13815149135526142	0.06990567524641196	0.07366092116699388	0.1500133024221303	0.05742010052296612	0.10927367528056695	0.22584169442828636	0.1757331395773828
0.07127855437700224	0.1065078817969235	0.17903788365376566	0.12023424442701428	0.0670813996613793	0.07925462734671879	0.28950947794507814	0.08709593079211789
0.17862370220027482	0.03645359758344645	0.11914210758034402	0.11342239822682051	0.058737803030597294	0.05721236006399828	0.28626982160471093	0.15013820970980743
0.11864902851857867	0.2250169157560245	0.16417194764264537	0.09985534144667571	0.03982047186249106	0.06866132797378448	0.18272816277779225	0.10109680402200777
0.0676087999783998	0.28363340522402464	0.059450346298249704	0.0940256913918785	0.04114905290621937	0.09256413560591263	0.2538662162023162	0.1077023523929989
0.05874350169977534	0.21185025607604174	0.17419519248439252	0.15991864615989904	0.04946647543563003	0.06017194050949276	0.14611785123599574	0.13953613639877266
0.12999236296159913	0.044166624166290636	0.08520227721949937	0.1524945679374167	0.03758894539302601	0.09975842559848244	0.2889724389589895	0.161824357764696
0.1640447872487889	0.20925717441783706	0.09123846166993574	0.1085301721639586	0.04975101167067471	0.10911705131531366	0.15498606630845324	0.11307527520503778
0.16023741976746303	0.185016275510868	0.060464290039297944	0.12633186979529462	0.04590287720864389	0.06215184107819774	0.21098050877534308	0.14891491782489144
0.06333055081628958	0.18570677879425618	0.1876668071151739	0.12583218958693368	0.050036781003316835	0.08567392724780855	0.2119037731410523	0.08984919229516883
0.03242081344331253	0.21425962554911937	0.21264800243833282	0.14412696979036307	0.04696365140431384	0.07765133433671347	0.17442957191790873	0.09750003111993598
0.09559947093351866	0.14011261263209313	0.12549590330513627	0.1685508428056154	0.05361080019520931	0.10981182035048787	0.17712109850682148	0.1296974512711177
0.1324311450919614	0.14177251225683055	0.1220386362093176	0.13799342769487255	0.05609238091088925	0.06749703347229415	0.17279086347108408	0.16938400089275019
0.10470352804606475	0.0282575593222405	0.14564377430278366	0.17274832413995272	0.05347947091153317	0.0764146286436469	0.23844653006227517	0.18030618457150294
0.26556847013566864	0.0610528943756498	0.06660883604779344	0.14901049987207962	0.03838586300581841	0.08683813628560388	0.1609162013021798	0.17161909897520616
0.11292138168132582	0.059899330374036594	0.1888905520740782	0.15078147410234125	0.0654462963530078	0.06703742613421629	0.25188346569600306	0.10314007358499074
0.12200187627916345	0.1623265267544356	0.07286848829300901	0.09390893181373225	0.06782829357912597	0.10615921410819054	0.21367796986124635	0.16122869931109662
0.04886018422664834	0.2176112621273345	0.10768688804061732	0.10348167880639235	0.06349929385356616	0.08697765449849242	0.24394931580644758	0.12793372264050115
0.08892642118184801	0.09320651749720933	0.2003383857334763	0.16031357347481318	0.061304049261538845	0.09706994709989707	0.18485319146990237	0.1139879142813147
0.138719081285848	0.11648052706664774	0.10838385415231691	0.13645006585553163	0.055017460500509	0.07234201181876924	0.2625396173024217	0.11006738201795552
0.03440608539495181	0.25153472468446614	0.1561915209948378	0.08809236342376918	0.06745795817336911	0.05599075094998353	0.1946706776229696	0.15165591875565262
0.23886449026622425	0.1665809770615161	0.050345147086561584	0.11065546593635321	0.03706852672568606	0.09331423979515824	0.16080034088596742	0.14237081224253292
0.04856610174925133	0.1807480518750906	0.14519948761025475	0.18252017102685736	0.060219354709477035	0.06398154762085702	0.2008282256034029	0.11793705980480883
0.1808698733945714	0.016398412533403225	0.1376450704698013	0.12796737291724697	0.06143197831843071	0.08574573732820318	0.2920738424680868	0.09786771257025623
0.12340587785891285	0.029860576824586704	0.14254296463544436	0.17942594801478193	0.04170592287159609	0.07387884050075817	0.2830359815859046	0.1261438877080151
0.06489810591670891	0.061794382978362664	0.10502901037545562	0.12933419037085017	0.05335439065289971	0.10076321052284722	0.30421029329309723	0.1806164158897783
0.07884810681475878	0.22813499796710732	0.10763443767651965	0.08877067121427071	0.05751019905181118	0.053627685556943486	0.2880827095644043	0.09739119215418438
0.11409923889650651	0.10149438639306688	0.20159711491203178	0.16848307788211037	0.0601480694595939	0.054604127488004514	0.18760870967489385	0.11196527529379197
0.1219039388710441	0.1462465239152958	0.07895484222334245	0.15078011673636954	0.03963782490325102	0.0920851195026205	0.22152647561559127	0.1488651582324851
0.06543971201917607	0.11634277453456256	0.24060795675458105	0.15936791787591165	0.06973269610751111	0.06900424607897265	0.18740658490985532	0.09209811171942944
0.171136406639899	0.042769465623572506	0.10200664292372824	0.11164738555920516	0.0487715354832301	0.0994619202461255	0.29165424069792006	0.13255240282631917
0.055123451850774816	0.2808861007292191	0.060823641708216886	0.17515221896738048	0.045177509924817255	0.07153739649170647	0.17500446663527713	0.13629521369260764
0.10260148646611314	0.25398978635934255	0.03693585532972629	0.16838366061767945	0.0436107697625176	0.05522675824866062	0.24993572453882906	0.08931595867713103
0.12136279214029913	0.1612195834743832	0.20099143871592431	0.1301285332856934	0.03829733913025733	0.08175011130345242	0.14651274320258645	0.11973745874740357
0.19371484217086216	0.07586005634166174	0.1421143375722395	0.11090026890878481	0.03921425795583994	0.10452379561236408	0.17732071810409802	0.1563517233341495
0.0942584860433822	0.01900052484765026	0.2175472442480368	0.11873968169765098	0.06363846622679925	0.08121312453239937	0.3038896659037484	0.10171280650033257
0.1537496286701575	0.13335467187301783	0.181187588847313	0.09922079736450887	0.06302074824007911	0.07909775631586288	0.14540117885063103	0.14496762983842953
0.13156735319249938	0.14401621278945798	0.07848872020828108	0.1179204498614102	0.057518595950364126	0.0662884810790296	0.23897029165367567	0.1652298952652817
0.1838481899663092	0.1358545688413097	0.17464870699304214	0.11621786470268085	0.04514765243685073	0.07787920661603685	0.14270389825266372	0.12369991219110656
0.052114231937673644	0.03974366073811908	0.22779943205186404	0.14920186812391079	0.06751988881828641	0.05577626817725617	0.2851313552934175	0.12271329485947219
0.061114262615533335	0.025727646444977048	0.10483388862066725	0.18293572014767098	0.0595593517178136	0.11048532607799262	0.29611350289285354	0.15923030148249145
0.02499398229746072	0.14951739951706983	0.18243236059105644	0.14147254559117556	0.049510623893649075	0.09694984518316155	0.20284318570467166	0.15228005722175497
0.13979619146906117	0.2857630114188199	0.08968228864229277	0.09985074765259308	0.046687698758666504	0.05905621952205177	0.18887136717495745	0.0902924753615571
0.19346313100156023	0.020676509039697505	0.12772906199176037	0.17100426238265234	0.06733558601391008	0.09271167736397147	0.20684070627467582	0.12023906593177192
0.17763802350437427	0.09333761859738876	0.03840883457645544	0.10060555529171006	0.052757816195671506	0.09246904683775925	0.2983585109381453	0.14642459405849517
0.03677976315529631	0.12169140547242027	0.21093820966220178	0.08818632061358538	0.055601395448067095	0.0771599410893191	0.302437986724028	0.10720497783508194
0.12601184392706097	0.13491230929713682	0.06985769191476963	0.17696564388381153	0.048146647363686276	0.09499152482412267	0.17679786184106527	0.17231647694834662
0.02622730470069866	0.14544183277393366	0.11858108061612589	0.15172823391683252	0.05599707900622376	0.06632881014634434	0.2821583718106102	0.1535372870292308
0.036632150024477464	0.3049227866277204	0.10146667229585041	0.11651254354752087	0.06978621099092011	0.0744669519357006	0.15258555567701468	0.14362712890079532
0.05383976989029238	0.22856048211235527	0.12202715195497732	0.1163081922158275	0.04043188279200004	0.07397236278092871	0.27757883920668214	0.08728131904693645
0.03537058744863067	0.20665358034936154	0.17657552815723448	0.09909379289653973	0.06918846948711821	0.11117553822803475	0.1802307121822404	0.12171179125084
0.12432093978662438	0.10664458333744785	0.12700951910331065	0.1219683779777635	0.07305165838883465	0.06931183820050982	0.24171479679431784	0.13597828641119108
