0.48066278697682285	0.3173383920136907	0.20199882100948655
0.754574894812687	0.1871438161530869	0.058281289034226136
0.33341396404641926	0.3600580349199959	0.3065280010335849
0.46592194366678347	0.381385844650899	0.1526922116823176
0.5070675948847464	0.10778095575858554	0.3851514493566682
0.7558022772961889	0.02119028968121839	0.2230074330225929
0.13497265045368062	0.7141807071806008	0.15084664236571865
0.23508584495162274	0.6604026643185361	0.10451149072984123
0.8169066726778145	0.06209721335295304	0.12099611396923243
0.30497343983578484	0.13737335566501932	0.557653204499196
0.04002015107300877	0.44377076645722713	0.5162090824697643
0.5729475449227062	0.17202615816695954	0.25502629691033435
0.6649199549165284	0.12117359398635014	0.21390645109712153
0.3208705789708827	0.25005491936887964	0.42907450166023775
0.41988601170186873	0.40366734400112836	0.17644664429700302
0.27020767196092293	0.25568467377472937	0.47410765426434776
0.12422759080374787	0.33055302282049803	0.5452193863757543
0.07751759948234493	0.30008068789396775	0.6224017126236875
0.09575938861538175	0.5652630950934374	0.3389775162911809
0.04844449867553313	0.3598511458558694	0.5917043554685976
0.8709847944103655	0.012752527527407798	0.11626267806222673
0.34812898744055876	0.406556843172292	0.2453141693871494
0.2204488087415158	0.3780761440706744	0.4014750471878099
0.043557839619269345	0.6981810858781505	0.25826107450258023
0.29671746444234365	0.5266589871547587	0.17662354840289773
0.18365957231739818	0.03145550996439295	0.7848849177182091
0.6078673779457121	0.03754115926538443	0.35459146278890363
0.3771830647548686	0.2555676515608221	0.36724928368430937
0.7456929633922347	0.15746241999981397	0.0968446166079514
0.01492031940069577	0.332146302053573	0.6529333785457314
0.16753936240598788	0.10639206629382283	0.7260685713001894
0.5670715467388772	0.20078793128599928	0.23214052197512364
0.12084556639141689	0.65083462981809	0.22831980379049321
0.5313844489349311	0.2443231987523818	0.22429235231268724
0.5897192934535438	0.034100908861658896	0.3761797976847975
0.2128287938412205	0.24023982947540046	0.5469313766833791
0.10910624317099768	0.39966767768742856	0.4912260791415739
0.7570690791124021	0.12938035737284043	0.11355056351475762
0.6007996681997116	0.35217937161988766	0.047020960180400806
0.5255797135580789	0.34167774692435976	0.13274253951756143
0.3377160446161681	0.5659434381158768	0.09634051726795523
0.568843270225591	0.1455527938446184	0.2856039359297907
0.7097146638739164	0.1817124658295038	0.10857287029657994
0.775503625215493	0.023818590160806508	0.2006777846237006
0.2572496552436576	0.3161850248772297	0.4265653198791128
0.39798387107156064	0.5350956750212168	0.06692045390722268
0.10032229475972715	0.28771646469977913	0.611961240540494
0.6850120939614711	0.13924736736376256	0.17574053867476644
0.29123855880446947	0.35450506718045516	0.3542563740150754
0.7074508710507224	0.16776721498594258	0.12478191396333527
0.0874441161780109	0.8536898281430789	0.058866055678910345
0.65423989821799	0.24376753863112796	0.1019925631508822
0.4256739292507902	0.027725848387120944	0.546600222362089
0.1035671115512517	0.6913514085632804	0.20508147988546804
0.6323851548950731	0.3054038122648822	0.0622110328400447
0.8384349020649697	0.03182341635094832	0.12974168158408206
0.4730302191982195	0.1948858224031414	0.3320839583986392
0.04795496666057003	0.8172028936489181	0.13484213969051198
0.20412625483049424	0.4631251398195526	0.3327486053499533
0.26697886220025363	0.1772416926919354	0.5557794451078111
0.2970514828663449	0.07649132852012075	0.6264571886135345
0.23888330975920996	0.19897979336253582	0.5621368968782543
0.25949192820534644	0.3593203709355652	0.3811877008590885
0.06680376057654924	0.3549550599289225	0.5782411794945284
0.1920546946077369	0.3409754978759527	0.4669698075163105
0.16155534256927856	0.6215662999813508	0.21687835744937073
0.08837195067839212	0.11452845426984076	0.7970995950517672
0.24317264544110984	0.4329853777919578	0.3238419767669325
0.1550544482712135	0.4233835021819057	0.4215620495468809
0.13613325299770673	0.8386716800703735	0.025195066931919863
0.4087803453592169	0.4058614067695302	0.18535824787125305
0.1508782359539653	0.2992068263761776	0.5499149376698571
0.14779802827888097	0.6181362534349037	0.23406571828621536
0.467356596536244	0.11768511401592538	0.4149582894478307
0.6768879342046695	0.29498948747247977	0.0281225783228507
0.20439864180561804	0.04781609879750209	0.74778525939688
0.7640775351688295	0.07018645368181708	0.16573601114935355
0.5810034086407508	0.05490231307088561	0.3640942782883636
0.12170390663695296	0.4510511794200315	0.4272449139430157
0.7868410537268637	0.08491341044009865	0.12824553583303777
0.24489458882883625	0.0256931985390233	0.7294122126321405
0.39023497992840245	0.23531080981340055	0.3744542102581971
0.1070305978722765	0.11019847248906994	0.7827709296386536
0.5021191949695645	0.298279769787525	0.1996010352429106
0.1974922584903648	0.3838134747699709	0.41869426673966437
0.2604400422937925	0.3240606763929859	0.4154992813132217
0.20457162208966323	0.7498368246003275	0.04559155331000936
0.5228284181437011	0.1720985954973497	0.3050729863589493
0.17616919469656783	0.45299854641965887	0.3708322588837734
0.30352272378415646	0.6582802066423525	0.03819706957349106
0.4531006873452229	0.05109835141712804	0.49580096123764916
0.11753599925466998	0.29468194572133893	0.5877820550239912
0.13676521620089896	0.24515489203875673	0.6180798917603445
0.39126617869872443	0.016056233848015244	0.5926775874532604
0.2875738629393532	0.3638730125091529	0.348553124551494
0.4991048679312825	0.3748998897345255	0.1259952423341921
0.015948901740966193	0.5105259417567642	0.47352515650226973
0.39581664402449424	0.5755728542960371	0.028610501679468714
0.09147485519579135	0.4426030247646131	0.46592212003959577
0.044871827653468255	0.21587350550657852	0.7392546668399533
0.5214496964081422	0.29594505037606356	0.18260525321579435
0.03608349421603729	0.6578189922687028	0.30609751351526004
0.08216821778517625	0.38107951718874095	0.5367522650260829
0.3028321109955745	0.38817213436134884	0.30899575464307677
0.710435022660203	0.009616530225459552	0.2799484471143376
0.5646089108875318	0.17048058890719583	0.26491050020527235
0.44071371225576983	0.3042622989879047	0.2550239887563256
0.1692844964925391	0.21022723158730622	0.6204882719201548
0.8336941977176399	0.07975701449378375	0.08654878778857644
0.05180172945278383	0.10471071330769471	0.8434875572395216
0.05879109558073026	0.45035398338805144	0.4908549210312185
0.389660857152908	0.46832947248885487	0.1420096703582373
0.4402388193250504	0.5158312603757063	0.04392992029924353
0.28488288763433156	0.6424214258094374	0.0726956865562311
0.4158489521860007	0.4360740934898738	0.14807695432412557
0.4783869877795444	0.08446663404966309	0.4371463781707926
0.1755913044938594	0.04968539140002132	0.7747233041061194
0.5466229101098556	0.20707463638991672	0.24630245350022778
0.4263127555306686	0.418097065496359	0.15559017897297248
0.05295236579930446	0.5742714529841962	0.3727761812164994
0.21641541806779782	0.11006289205646339	0.6735216898757389
0.12005577679883428	0.6508132098053867	0.22913101339577918
0.2725551866576341	0.19397674069899434	0.5334680726433717
0.03303595886155247	0.6054749637554249	0.36148907738302277
0.2982639737622003	0.15789409428468953	0.5438419319531103
0.3923376410666589	0.5503393562536706	0.0573230026796705
0.029776733047244486	0.5869769281480783	0.3832463388046774
0.4027197944861468	0.07695004710585485	0.5203301584079985
0.5189526436968348	0.01699422834793607	0.4640531279552291
0.3059113440767214	0.09599012445769706	0.5980985314655817
0.4744327693645779	0.4653465623197679	0.06022066831565437
0.12040050767318813	0.7228608457858728	0.15673864654093914
0.1223617603218902	0.39693597686172144	0.4807022628163885
0.435998461586791	0.1353988972049876	0.4286026412082215
0.08333684534126645	0.10283395628059946	0.8138291983781342
0.36520622978503403	0.20431850393340661	0.43047526628155947
0.44119318656856454	0.38217517976617127	0.1766316336652643
0.38682097505434443	0.07536296151633781	0.5378160634293179
0.07774496245789903	0.7781319691704368	0.14412306837166422
0.47092720885060213	0.3923271594432631	0.1367456317061349
0.35069863615835495	0.1014943258184624	0.5478070380231828
0.14464761479497268	0.5205419318725182	0.3348104533325093
0.16844222600414632	0.07456221013220049	0.7569955638636533
0.10272221267574658	0.3758828687496327	0.5213949185746208
0.3081974859918673	0.21856861423839832	0.4732338997697345
0.41067097754458376	0.020804096703057495	0.5685249257523589
0.15222910403763706	0.037133101754846076	0.8106377942075169
0.40207065127261776	0.42991319228470126	0.16801615644268106
0.29005838470220224	0.5778939489536544	0.1320476663441435
0.42797907328879203	0.26313745969915014	0.30888346701205793
0.3584589002748081	0.1711186526661705	0.4704224470590215
0.42769656704602443	0.3842651290211748	0.18803830393280085
0.4650202094621794	0.1122157421335978	0.4227640484042229
0.1440111912680142	0.24257657172607183	0.6134122370059141
0.5649954454547034	0.020577835535883937	0.41442671900941275
0.2820772506837942	0.028246677480294413	0.6896760718359115
0.09749451517958235	0.521204945688756	0.38130053913166173
0.4511878676041437	0.44069538980904627	0.10811674258681014
0.7396242002478881	0.11918202940966904	0.14119377034244285
0.14763594929561263	0.06606250832960747	0.78630154237478
0.3510609408032671	0.025604852442394632	0.6233342067543384
0.12537742957846498	0.07391000880695991	0.8007125616145753
0.13319269746633938	0.4683100991951722	0.3984972033384886
0.013612407592344167	0.5133000613368416	0.47308753107081436
0.16720574089814677	0.6579913912626456	0.17480286783920768
0.6121966562495325	0.29493615417738117	0.0928671895730864
0.08193483993402556	0.40877713164579593	0.5092880284201786
0.6691136900359471	0.22533749403160125	0.10554881593245172
0.6359887709711916	0.21508347376556097	0.14892775526324764
0.09406286109605436	0.5508098698693707	0.35512726903457503
0.24115082190171575	0.43875449772700553	0.32009468037127886
0.36951527812056134	0.3814617848344548	0.24902293704498396
0.20988519863341554	0.665171922885619	0.12494287848096569
0.17640752500700774	0.6806899734349993	0.1429025015579931
0.2322911358863351	0.22592547456199927	0.5417833895516657
0.13567951406960205	0.6392745137636169	0.22504597216678113
0.013448886843686225	0.11979975415997057	0.8667513589963434
0.486026375974407	0.2989775941855914	0.21499602984000174
0.5175564433158064	0.037099573973149946	0.4453439827110437
0.14160839794125513	0.4520439189169896	0.40634768314175546
0.36616620692771884	0.36555932755925147	0.26827446551302975
0.1696648586898687	0.6013130168075278	0.22902212450260362
0.26742174131174895	0.009539143035945497	0.7230391156523057
0.536265348730122	0.2112257245296055	0.25250892674027264
0.27868436332918567	0.10500386852182891	0.6163117681489856
0.540727794925704	0.04352080886738019	0.4157513962069159
0.11734060120459533	0.8272363100320701	0.05542308876333468
0.015599218915397173	0.8664522365711073	0.11794854451349573
0.23139969677416225	0.7185894764782774	0.05001082674756052
0.5567521562724593	0.18159465806100292	0.2616531856665379
0.7381118971147789	0.20612534657939688	0.05576275630582428
0.530171119007289	0.13634313888698588	0.33348574210572524
0.23990660882170373	0.14714199194164557	0.6129513992366509
0.05692464504940853	0.2771074488509887	0.6659679060996029
0.3757391471245796	0.14232658090682906	0.48193427196859145
0.14798203712490798	0.1466264489013278	0.7053915139737643
0.3143169737438771	0.35975920512352144	0.3259238211326015
0.24814260688245948	0.03315669109052888	0.7187007020270118
0.801539706517143	0.05972490386697016	0.138735389615887
0.7329204812306952	0.12413377856202484	0.14294574020728001
0.1418685686389632	0.6637200632507081	0.19441136811032883
0.11340651865648654	0.3618060017520552	0.5247874795914584
0.21249032751555744	0.7383421279578242	0.049167544526618534
0.1893213946829093	0.24837988239358413	0.5622987229235067
0.5892449254378166	0.09390111450807992	0.3168539600541036
0.19946203788434086	0.35900620080162443	0.4415317613140348
0.788859422603196	0.1009544836262477	0.11018609377055638
0.19920567663258737	0.3143693297687609	0.4864249935986519
0.6619657828427777	0.10258406950245982	0.23545014765476258
0.49578754881656584	0.2586748781469549	0.24553757303647944
0.5796183341791176	0.39434707927465884	0.02603458654622376
0.5917585342630641	0.11941827679801212	0.28882318893892384
0.45194435193221294	0.12242559572611625	0.42563005234167095
0.3715942569138325	0.19053578536333443	0.4378699577228331
0.07493753606955234	0.5470233159996095	0.3780391479308383
0.3867092328064502	0.5704225299247616	0.042868237268788356
0.3425506305408039	0.01894158447080946	0.6385077849883867
0.08062330952400859	0.12921180115935865	0.7901648893166329
0.711790865216712	0.2358869011827598	0.052322233600528345
0.3220302794305718	0.2397761885836613	0.43819353198576705
0.29822559631965895	0.510156839935696	0.19161756374464514
0.3022930391954486	0.49086234401962364	0.2068446167849279
0.25075180171867517	0.19200999468635732	0.5572382035949677
0.14142315803638145	0.06832347757331292	0.7902533643903058
0.19527938214380736	0.0911957381405546	0.7135248797156382
0.041308066264954535	0.7032132892649903	0.2554786444700553
0.025389254791580718	0.6082909746646397	0.36631977054377973
0.3967731835414885	0.08488854529954673	0.5183382711589648
0.38423830682734395	0.014604853656391026	0.6011568395162652
0.2989329867025301	0.6875400431258414	0.013526970171628627
0.3922691451913928	0.014547417569869214	0.5931834372387381
0.8534384190934879	0.05803411966371308	0.08852746124279914
0.3848956372655942	0.4109029958716943	0.20420136686271156
0.6551869557633412	0.28715188765453264	0.05766115658212623
0.36628639442646765	0.5221485615768889	0.11156504399664346
0.15045911763602388	0.049446257369788804	0.8000946249941874
0.18042139995137552	0.21840507554184532	0.6011735245067793
0.3994346665694809	0.11763253191768638	0.4829328015128328
0.09891615258898778	0.45899706060490303	0.44208678680610936
0.4115142404762657	0.34960545305885476	0.2388803064648796
0.3239263914924131	0.13214246446012434	0.5439311440474628
0.12191383214593865	0.2576034780956969	0.6204826897583646
0.32428653118624823	0.29643454578894934	0.37927892302480254
0.7577983613500217	0.10731570464518381	0.1348859340047946
0.27905895637313494	0.6253669394903006	0.09557410413656456
0.05951051880787184	0.8179460718320735	0.12254340936005484
0.5694754088061796	0.31329104617330344	0.11723354502051703
0.20008423665639966	0.5430692408443746	0.25684652249922585
0.3828706107414357	0.575604563861797	0.04152482539676744
0.17505347306020164	0.6574142095314783	0.16753231740832017
0.054200015317905526	0.7159803958194679	0.2298195888626268
0.6161739067472372	0.26169981722637	0.12212627602639292
0.32965100698942784	0.31862017807364207	0.3517288149369302
0.28108049052351425	0.55425372295857	0.16466578651791583
0.34197995274226256	0.5656307131490055	0.0923893341087321
0.46013146901039104	0.4477060893248367	0.09216244166477236
0.19849819564034415	0.7016791598877622	0.09982264447189382
0.25042181011831705	0.6404191352882147	0.10915905459346847
0.2689760411763972	0.6139804969897887	0.11704346183381417
0.2202956133479904	0.319232154046108	0.4604722326059017
0.2592155761117185	0.6505405928645289	0.09024383102375261
0.3086652108421234	0.05349600202965715	0.6378387871282196
0.7729898312777906	0.10158529442403219	0.12542487429817728
0.026655353576180263	0.12877106400457125	0.8445735824192486
0.7470747561586002	0.03611672501987123	0.21680851882152868
0.5921125405002372	0.07363715040012958	0.3342503090996333
0.3625503316680806	0.23888126094468273	0.39856840738723676
0.35143622686981935	0.4929925230197908	0.15557125011038997
0.47065233924130445	0.3161251152239334	0.21322254553476222
0.1965310337286839	0.384441568245074	0.4190273980262422
0.15857237310355282	0.6594582439796791	0.18196938291676817
0.13760516366634765	0.6387394160376423	0.22365542029601024
0.24103026881592365	0.38907197677360944	0.369897754410467
0.05922234045606506	0.08018645728807283	0.8605912022558623
0.4112733397742385	0.44677057577171353	0.141956084454048
0.2067955623983997	0.6480522851556186	0.1451521524459818
0.061155607409315305	0.4596862626586805	0.4791581299320043
0.23275102413769	0.1828489906173681	0.584399985244942
0.2917467128824538	0.22503050526611518	0.4832227818514312
0.6163747782916159	0.2815980375333783	0.10202718417500595
0.34612884763246365	0.2836965565960861	0.3701745957714504
0.7060271187836968	0.013840699971251258	0.28013218124505196
0.37773517545966456	0.15103162456006095	0.4712331999802746
0.023320488871690026	0.8773871573938931	0.09929235373441692
0.2818668283498609	0.24189144579380992	0.47624172585632935
0.2011891070745118	0.1868382438025512	0.6119726491229371
0.33078000733205704	0.4772259829546081	0.19199400971333494
0.19649579906472975	0.3748607734969443	0.42864342743832606
0.17958356087415056	0.15386636517928037	0.6665500739465693
0.18794673968311704	0.769102861212044	0.04295039910483911
0.017983439954869618	0.6176331134842716	0.3643834465608589
0.05467060956329017	0.8238539533062472	0.12147543713046269
0.1762296559873563	0.18072903118673395	0.6430413128259098
0.22673255979743684	0.5877761778408285	0.18549126236173477
0.38111687155169427	0.36875018990165986	0.250132938546646
0.049694038699298115	0.09649663122317309	0.8538093300775289
0.5624625986819743	0.35469673938456947	0.0828406619334563
0.4959573452611975	0.05778622653335608	0.4462564282054465
0.022010474613759046	0.8234019245570083	0.1545876008292327
0.330833175712589	0.2145867106594544	0.4545801136279567
0.4850158434054672	0.41177250828092504	0.10321164831360788
0.2625613952366108	0.06020645490506671	0.6772321498583226
0.6965848626062303	0.009197430209890889	0.2942177071838789
0.2460483666015988	0.2372712894004532	0.5166803439979482
0.2682389761397266	0.18216993220190902	0.5495910916583644
0.22170950183877078	0.5984624920876184	0.17982800607361096
0.3960203353760171	0.15538919790311417	0.4485904667208689
0.043231205186026245	0.7539640922697899	0.20280470254418392
0.688420389493697	0.06255215959210936	0.24902745091419376
0.07138060905201177	0.30544211913450736	0.6231772718134809
0.6716260416449693	0.2148579639482144	0.1135159944068164
0.0721970086570013	0.15722731223120157	0.7705756791117973
0.04398177386360669	0.28632473150399634	0.669693494632397
0.4588737857983544	0.3631292984091335	0.1779969157925122
0.21867957717556932	0.4156560764496978	0.36566434637473294
0.5115926774793433	0.23721843835951234	0.2511888841611444
0.4382917868280216	0.495738531731405	0.06596968144057352
0.16850997129023992	0.2592885708200081	0.5722014578897521
0.4000900865507571	0.31016754289342097	0.289742370555822
0.08733747280801826	0.778540938930026	0.13412158826195583
0.5876877565763114	0.06041544845037089	0.3518967949733178
0.3621213176794045	0.36177432288036143	0.2761043594402342
0.18249953698990087	0.5652829157117656	0.2522175472983337
0.4423832724918329	0.1868790647492323	0.3707376627589349
0.033824393418939946	0.3565737064537855	0.6096019001272747
0.6420159991185174	0.059969238363577315	0.2980147625179054
0.7012065254279911	0.08288202985854543	0.21591144471346352
0.029550452196199117	0.6120636494846932	0.35838589831910783
0.156411248649945	0.7654102932087896	0.0781784581412655
0.5169690173881196	0.35669629743764464	0.12633468517423582
0.4921394324658709	0.3149400080526843	0.19292055948144493
0.477814892603037	0.10563093558081871	0.41655417181614446
0.6505237530940904	0.041133665445094	0.3083425814608157
0.34714997524621716	0.3309010091607522	0.3219490155930308
0.014230225284172893	0.5813344009511228	0.4044353737647044
0.24353992009005332	0.44900992309524124	0.30745015681470556
0.01640801367121808	0.8809294509092975	0.10266253541948461
0.015639909792012463	0.44222694937930174	0.5421331408286859
0.3927861584777963	0.2552758438781914	0.3519379976440124
0.8239621803474706	0.15795581978524253	0.018081999867287035
0.7848987959763692	0.19503869352452607	0.02006251049910479
0.47609275007083635	0.4442923480234772	0.07961490190568654
0.4997274440694496	0.15596948547312697	0.3443030704574235
0.25178516542575724	0.24847608047682918	0.49973875409741375
0.3718965448871369	0.2877933525267468	0.3403101025861164
0.5129215382482253	0.24592664505001463	0.24115181670176028
0.6014679363071397	0.061663579099528076	0.3368684845933323
0.4448246005099883	0.013586693662531069	0.5415887058274808
0.5533969355128955	0.3681912649207027	0.07841179956640193
0.3785690157359385	0.4633661179754693	0.15806486628859234
0.13010496369558855	0.8004662700768086	0.06942876622760297
0.24304325320160514	0.42310234617070946	0.3338544006276855
0.06737491141470658	0.06479461033755224	0.8678304782477413
0.7728433424428315	0.01209134861425093	0.21506530894291764
0.29706414682062476	0.6056062555242301	0.09732959765514526
0.4942511039951436	0.05600123463598039	0.44974766136887606
0.30470587706219493	0.06412955768767764	0.6311645652501275
0.2117723354403118	0.25900534340667714	0.5292223211530112
0.31100155817896674	0.4465101942589253	0.24248824756210807
0.38917135187773755	0.23732331272658636	0.3735053353956762
0.5014155191467214	0.3107757032400733	0.18780877761320533
0.2683928570970844	0.1514012722575901	0.5802058706453256
0.3680050732692177	0.17934352549323737	0.452651401237545
0.6356369728083582	0.12313534077911337	0.2412276864125285
0.7572215437325063	0.10528454876612436	0.13749390750136947
0.6822362003728315	0.06401491083507405	0.25374888879209456
0.27346360494080857	0.6394970638152979	0.08703933124389368
0.736157276681601	0.08226862699412196	0.18157409632427712
0.04106152972651178	0.1124464162358422	0.846492054037646
0.14675646246383803	0.5274132843856736	0.3258302531504886
0.6234920240283365	0.06884977805711406	0.30765819791454957
0.6428262751647703	0.06125730208933644	0.2959164227458933
0.18762312570226283	0.11936007103221263	0.6930168032655246
0.18310564438687096	0.5261740105137879	0.2907203450993413
0.14586653881518907	0.7029334000914653	0.15120006109334566
0.6177569745508564	0.12929849527967474	0.252944530169469
0.10740617375752284	0.29075652617414127	0.601837300068336
0.70714865009463	0.230193660243879	0.0626576896614911
0.26488590839235837	0.32338185181233076	0.41173223979531104
0.21258267625343036	0.24563432434539612	0.5417829994011736
0.30432304165628105	0.42416071595238575	0.2715162423913333
0.6031628858515625	0.23219790129644144	0.16463921285199618
0.7164092048627708	0.21142985858532642	0.07216093655190287
0.3637505055287843	0.09440205797417858	0.5418474364970373
0.01902945033488923	0.6344815991068296	0.34648895055828133
0.0690529368507673	0.20934114846967436	0.7216059146795585
0.03155991009026926	0.8138831921145062	0.15455689779522463
0.03531855801757172	0.7221415292827379	0.2425399126996905
0.36558614901362446	0.09204657195638263	0.5423672790299929
0.16946258850091062	0.48240129324938963	0.34813611824969987
0.21390087143188125	0.35179384326565827	0.4343052853024606
0.38258003029805965	0.10929108405759139	0.5081288856443491
0.38434083270891733	0.6018137033915762	0.013845463899506472
0.16128688929863833	0.601911183117537	0.23680192758382473
0.39336750257995057	0.49348443060788844	0.11314806681216108
0.041335546101463394	0.5703028133524324	0.3883616405461044
0.034134856054339247	0.734941063402138	0.23092408054352292
0.4298661792331143	0.12224860925363318	0.4478852115132526
0.2893987367295566	0.6466116012847005	0.06398966198574285
0.47891986645550305	0.35628250984123777	0.1647976237032593
0.41593500896186625	0.3606095495622629	0.22345544147587101
0.6352093589604585	0.26444601298628906	0.10034462805325256
0.22486001907859615	0.35476804286244534	0.42037193805895867
0.3324375383768598	0.26257216201201145	0.40499029961112887
0.45693933945338244	0.33183653871436036	0.21122412183225736
0.17847060294711747	0.17778363259321334	0.6437457644596692
0.4633022192119991	0.08101939005682107	0.4556783907311799
0.26604455584690845	0.34105788546019744	0.39289755869289417
0.06688415853158414	0.4148850455475654	0.5182307959208505
0.306010290623668	0.24263296498462106	0.4513567443917111
0.8284620601530293	0.14022223013712537	0.031315709709845485
0.1809825506380517	0.020623022559498327	0.7983944268024501
0.8116033292433913	0.15491042058913745	0.033486250167471365
0.5950727594165715	0.04052289353831673	0.36440434704511204
0.047484591705842905	0.6401777337534521	0.3123376745407051
0.6198923512855185	0.31726235490403915	0.06284529381044252
0.3296113584917515	0.24989762091537554	0.4204910205928731
0.09256273844977253	0.22222131525054228	0.6852159462996853
0.511878147314353	0.3572461345467608	0.13087571813888638
0.3123392119598505	0.2554719576916768	0.4321888303484728
0.22478338018578525	0.4780992246201417	0.29711739519407315
0.16452524995734052	0.6528264184347893	0.1826483316078703
0.19207184918048223	0.5833157050567638	0.2246124457627541
0.2253964679939714	0.6748438922555108	0.09975963975051788
0.7886200313688959	0.15090714668204314	0.06047282194906095
0.7694930967238535	0.13655284403420354	0.09395405924194311
0.6961190176250756	0.09679045351315924	0.20709052886176538
0.23049494093372985	0.352416117960547	0.41708894110572325
0.5864213034549848	0.21418312874393303	0.19939556780108236
0.2812401529673522	0.3113599463875798	0.4073999006450681
0.6881530712700066	0.03206451549301553	0.279782413236978
0.5043717308565703	0.4551768043754674	0.04045146476796235
0.4822000331518375	0.2130977259153712	0.30470224093279136
0.2837466511326161	0.33254618628704513	0.3837071625803389
0.04947350868270739	0.5105251742122034	0.4400013171050892
0.825064680685336	0.043359506883389964	0.13157581243127411
0.015484936172036778	0.8141803881969358	0.17033467563102747
0.20573200691436128	0.6504263185151355	0.14384167457050323
0.46633745546760813	0.21648495438220516	0.31717759015018676
0.2692493684162938	0.2925055552055244	0.4382450763781819
0.06412827041357322	0.7915415965830982	0.1443301330033288
0.044812854137144364	0.8156667058007137	0.13952044006214215
0.20225910777756714	0.07386554371469534	0.7238753485077376
0.19973005858869242	0.12109544268002548	0.6791744987312822
0.6727121412870475	0.28188310605555544	0.04540475265739724
0.21827908738001614	0.41633880380354193	0.36538210881644206
0.5463271041057225	0.3102358359087829	0.14343705998549472
0.08022034673745104	0.8722726672920676	0.04750698597048153
0.47264388327144685	0.20755506137967478	0.3198010553488785
0.46934700824877656	0.455516515183641	0.07513647656758254
0.840160642736619	0.036864891520777376	0.12297446574260368
0.37318885521490386	0.4717325272341103	0.155078617550986
0.5385589311381447	0.2425305159149034	0.21891055294695203
0.4829249016658046	0.3063906219692738	0.21068447636492174
0.04294450160968477	0.3707926891068645	0.5862628092834508
0.3122066826740004	0.5106388897564869	0.17715442756951288
0.5525116102842766	0.13898291371736338	0.30850547599836015
0.7003799168959693	0.09750537250666691	0.20211471059736386
0.15100472392895622	0.5038075249282135	0.3451877511428304
0.473414151091415	0.5063419864186779	0.020243862489907172
0.5026575242709308	0.46002466519486773	0.03731781053420158
0.0584353716375402	0.3359563899589566	0.6056082384035033
0.29510418094263796	0.498936049986916	0.20595976907044616
0.011252129985455994	0.4834642270553233	0.5052836429592209
0.15828501824404417	0.382920811245899	0.458794170510057
0.4721648449641046	0.2587434537827026	0.2690917012531929
0.10942778144699569	0.6163302496861041	0.2742419688669004
0.6164265996012007	0.3081471212957149	0.07542627910308447
0.6029041148253389	0.16613028133578295	0.23096560383887826
0.09503612103484235	0.3334968348229892	0.5714670441421686
0.33811215242494796	0.45045913512658636	0.21142871244846578
0.3401459363120763	0.12567532669990267	0.5341787369880212
0.4733975942276668	0.22095759283727587	0.3056448129350574
0.7355883806378696	0.2314872359557102	0.0329243834064204
0.7332437153197472	0.20533962721301563	0.06141665746723729
0.2145831769993703	0.23492882674666138	0.5504879962539684
0.02547542051528634	0.5315937622561521	0.44293081722856165
0.5273617592740072	0.3504959870022928	0.12214225372370002
0.7649705714415036	0.08788121689246794	0.14714821166602848
0.5625873931341577	0.05972425482408711	0.37768835204175527
0.36751809528987434	0.5534583877230757	0.07902351698705012
0.26946511972798265	0.3937969757677444	0.33673790450427304
0.39878107297149296	0.588681952979744	0.01253697404876325
0.24203405961438593	0.009663417704834809	0.7483025226807795
0.39360016835751754	0.30095993158104206	0.3054399000614405
0.1036170748854919	0.5448407395726731	0.3515421855418352
0.3458073009076351	0.1578711055427957	0.49632159354956923
0.5529565003550561	0.37834659552106464	0.06869690412387947
0.8743903716639186	0.043427322523881984	0.08218230581219943
0.16734355255595382	0.2286524766579261	0.6040039707861202
0.7021156496784413	0.18294295546543227	0.11494139485612653
0.5648391431337803	0.056644778375585125	0.3785160784906348
0.1228434316444299	0.5050101175547034	0.37214645080086683
0.8732349239642597	0.08678747109124196	0.039977604944498424
0.5311944301225102	0.251981465173747	0.21682410470374291
0.4736016929790854	0.20009341774608222	0.3263048892748325
0.6500955165769359	0.056447704320044645	0.29345677910301965
0.7514669190845852	0.15107923876236928	0.09745384215304567
0.2302638244325732	0.6738479131268218	0.09588826244060505
0.7338073433427976	0.07872880631327217	0.18746385034393032
0.2672371221249726	0.05791685875506142	0.6748460191199661
0.20146866466777827	0.7405495504127186	0.057981784919503176
0.7256149467247421	0.16507365296010137	0.10931140031515652
0.2925430800040305	0.12054066668020386	0.5869162533157657
0.4440382049859191	0.4590589030433025	0.0969028919707785
0.31350310703618195	0.5017079259194762	0.18478896704434195
0.23050877853549243	0.7363221693281324	0.03316905213637522
0.5133484926231131	0.46880043513422626	0.017851072242660693
0.29331381243952087	0.019714301356498987	0.6869718862039803
0.22436212183505533	0.24066434963093844	0.5349735285340063
0.4908651019801167	0.29102751062950216	0.21810738739038127
0.4424623062407516	0.5028608735693016	0.054676820189946906
0.6371258286024235	0.010762693711287685	0.3521114776862888
0.8692828949193147	0.04925521735745353	0.08146188772323182
0.3256372595247657	0.39297350728301894	0.2813892331922155
0.11947388262753023	0.2660749691054999	0.61445114826697
0.372572751309346	0.1252246759729027	0.5022025727177515
0.46602876620122236	0.2911921004787464	0.24277913332003137
0.7784834410341976	0.06639170243028819	0.15512485653551433
0.1367372987323689	0.4503210391181088	0.41294166214952244
0.16928958943887307	0.689355958045913	0.14135445251521409
0.1740145641881315	0.07269298399734614	0.7532924518145225
0.20527905076127323	0.2333235924242098	0.5613973568145171
0.052715548855376326	0.6192328381815912	0.32805161296303254
0.29760888771887617	0.6448679348641381	0.05752317741698587
0.34813927324298866	0.02370022341254907	0.6281605033444624
0.11170362908386833	0.19661568308859045	0.6916806878275413
0.8896221460449579	0.03176572482575951	0.07861212912928267
0.21433807412851308	0.43328407529946505	0.352377850572022
0.03521853660106228	0.5697081990587385	0.39507326434019935
0.041250020862242054	0.39067517656812156	0.5680748025696365
0.29658335510751455	0.5344944308762875	0.1689222140161981
0.24879911467140525	0.4305825579276823	0.32061832740091256
0.19709249884063096	0.785430982296449	0.01747651886292012
0.6656051265975547	0.045176382603120124	0.2892184907993253
0.22354674452116466	0.7138115873764375	0.06264166810239802
0.3832872012763469	0.1581720013679079	0.45854079735574527
0.6191803256378948	0.2478460029883539	0.13297367137375138
0.5931680536026485	0.28371692631068035	0.12311502008667122
0.1044350493280467	0.6225219595990337	0.27304299107291974
0.3536637114726836	0.14354124342221997	0.5027950451050965
0.18653089479007312	0.575333344742647	0.23813576046728005
0.3689958313028261	0.07057977164008705	0.560424397057087
0.3217074812943007	0.48862392787815945	0.18966859082753998
0.03207962202579623	0.24776113532884797	0.720159242645356
0.2702385791484848	0.6032432949113333	0.12651812594018197
0.03774124548481539	0.1199259736275961	0.8423327808875886
0.11905442550034462	0.7352384330513657	0.14570714144828967
0.34641696965822605	0.27377705542260633	0.3798059749191678
0.3204522425941313	0.08086792650734725	0.5986798308985215
0.3157547186736644	0.10498350283257529	0.5792617784937604
0.2334131962283747	0.6820085376880951	0.08457826608353028
0.2383410553132475	0.47421004430143904	0.28744890038531357
0.7231164283358777	0.1114822915331522	0.16540128013097016
0.09380004276896173	0.11763221570324009	0.7885677415277983
0.6008825495576823	0.11581479209959047	0.2833026583427274
0.08485688796577637	0.38686148895493494	0.5282816230792888
0.02299341942370725	0.5132927231658153	0.46371385741047755
0.028430244056639964	0.15766966949233313	0.8139000864510271
0.23229089202576464	0.17700450901753348	0.590704598956702
0.17674463495698528	0.009852541744427346	0.8134028232985875
0.1359499780023351	0.48557622410540974	0.37847379789225527
0.31935003703162984	0.2161297221026416	0.46452024086572863
0.06776404286491555	0.3896718422244665	0.5425641149106181
0.4423115348703436	0.017122922175285882	0.5405655429543706
0.4286139191713465	0.49484992850931353	0.07653615231934008
0.1546887710971904	0.8277684019133054	0.01754282698950438
0.15577883739729406	0.5504127614991412	0.2938084011035648
0.4428081081717196	0.009418270456199862	0.5477736213720805
0.4533564215984558	0.31693337085045653	0.22971020755108776
0.6062756563271214	0.37935017940276866	0.014374164270109957
0.5040505515427175	0.4820491223743082	0.013900326082974368
0.5783277872659641	0.23973113812063118	0.18194107461340486
0.1919945663854352	0.5243199171048134	0.28368551650975155
0.4798717381068774	0.012483088948401999	0.5076451729447207
0.2806525828391824	0.6035181163351939	0.11582930082562382
0.04339321502802529	0.3176263601986497	0.6389804247733251
0.10629857581179991	0.6545968081047108	0.2391046160834894
0.2886658448516817	0.5809171112599409	0.13041704388837747
0.23532141636948806	0.5015563353548468	0.2631222482756652
0.651403379097575	0.30677360601491954	0.041823014887505616
0.25140806892492396	0.1603672371301393	0.5882246939449368
0.28030644551461875	0.389125299347667	0.3305682551377144
0.15455146655974755	0.4147143726688681	0.43073416077138443
0.5865159740545542	0.28272682276627137	0.13075720317917455
0.013277172221675015	0.6246536858865736	0.36206914189175154
0.07041359911763956	0.5050875153388932	0.4244988855434673
0.1583848829993556	0.43772004985401736	0.4038950671466271
0.07814863793238525	0.21660153292048498	0.7052498291471299
0.4907320718401963	0.158189030484233	0.35107889767557077
0.09517064056420746	0.18111297433342477	0.7237163851023678
0.6662808377220691	0.04772684259719334	0.2859923196807375
0.6512066396789445	0.19451171748084997	0.15428164284020562
0.6964985157428722	0.18943431134929323	0.11406717290783458
0.010450543723484418	0.5812460217598102	0.40830343451670553
0.5621875280387978	0.3272342658930814	0.11057820606812091
0.30292250289533973	0.1841976153384839	0.5128798817661765
0.2169361055113031	0.36610196018562796	0.41696193430306905
0.12836982684858905	0.2495782784223733	0.6220518947290379
0.6291816777291249	0.17612598546420827	0.19469233680666692
0.20742759869379285	0.24682915055994836	0.545743250746259
0.6100640840807527	0.3236444173494756	0.06629149856977185
0.04266237998924394	0.5671782226959807	0.3901593973147755
0.6430766924242135	0.08725282143626656	0.26967048613952005
0.31245141523709724	0.17212437372189854	0.5154242110410043
0.10617939557324288	0.4641297970525587	0.4296908073741985
0.7644985363439188	0.14003286452766128	0.09546859912841993
0.33150326449978695	0.012745503848612283	0.6557512316516008
0.1754078475523702	0.7969130789686982	0.02767907347893167
0.3780515907482196	0.32946686487490917	0.29248154437687135
0.036473889294826756	0.31387773457700285	0.6496483761281706
0.4480974022051279	0.009868631643176806	0.5420339661516953
0.773828899345887	0.0909114400934673	0.13525966056064587
0.1139846680350397	0.8163855969062552	0.06962973505870518
0.7570710597354735	0.11918479110843341	0.12374414915609311
0.12024126540253091	0.25098377597713584	0.6287749586203334
0.18911437314734303	0.010784855031272689	0.8001007718213844
0.6992550992181708	0.20945242304266676	0.09129247773916252
0.12979291854196812	0.8190599847922173	0.05114709666581463
0.730258276523956	0.12733827735324976	0.14240344612279426
0.3582009004886686	0.30493949413812277	0.33685960537320875
0.15351667740854374	0.7536761111022499	0.09280721148920651
0.28734495993359227	0.1790848915166632	0.5335701485497446
0.3462546174915894	0.5342650453495299	0.11948033715888073
0.14570549380441983	0.32680939960146976	0.5274851065941105
0.23391190601509457	0.23213751837112956	0.533950575613776
0.7703159376368212	0.17119802101693793	0.058486041346241024
0.4380104226915693	0.4932714107439033	0.06871816656452745
0.3645870371948119	0.5100507572428599	0.12536220556232844
0.762976259924506	0.1311803459658359	0.1058433941096582
0.3480349639967235	0.5836938166653278	0.06827121933794889
0.18262029089780524	0.12573884033936422	0.6916408687628306
0.17738136931413312	0.6068849850674984	0.2157336456183686
0.08401470262774813	0.32309621528856974	0.5928890820836823
0.04090928983279213	0.40141731716414303	0.557673393003065
0.6102002134196358	0.09803428911610207	0.2917654974642623
0.5020870894893512	0.47190569397175963	0.02600721653888932
0.06732874854202009	0.7940939821765596	0.1385772692814204
0.40365555649693463	0.02108668810002845	0.575257755403037
0.25152001147460445	0.4193930843321001	0.3290869041932955
0.1930910466257203	0.5921463356689952	0.2147626177052846
0.12912485932719261	0.3078265656798023	0.5630485749930052
0.4246227566250757	0.49747748093784167	0.07789976243708274
0.3869524424596073	0.4413446092335594	0.17170294830683344
0.4033086757504387	0.439478874182969	0.15721245006659237
0.18677704788751262	0.0936224064397162	0.7196005456727713
0.5077301115040149	0.45261284873716756	0.03965703975881768
0.38603001140540266	0.0322452525550464	0.5817247360395511
0.15117415992345007	0.15761033768888955	0.6912155023876605
0.29887578472129706	0.40039603476862684	0.30072818051007616
0.7738692685861288	0.14089717169479063	0.08523355971908061
0.2906412701759765	0.1424141582894172	0.5669445715346064
0.4909067762603594	0.18133841412559823	0.32775480961404246
0.14419696197381915	0.43930413046433586	0.41649890756184504
0.3721571426007747	0.11161528010622535	0.5162275772930001
0.3987387120263284	0.14168480666380937	0.45957648130986234
0.07918418696931151	0.33466439249073165	0.586151420539957
0.45638332305048507	0.5173563523209641	0.026260324628550824
0.2317613371552033	0.6737141401772238	0.09452452266757316
0.2962459165426947	0.6449148770794677	0.05883920637783757
0.05883776790853862	0.3044933710969714	0.6366688609944902
0.2020185457334996	0.020147287290016302	0.7778341669764842
0.12753007585849574	0.612688885529216	0.2597810386122884
0.4447466602093735	0.47268577825755553	0.08256756153307115
0.41866268577567023	0.019477105829840857	0.561860208394489
0.38736480230605913	0.36601659880895276	0.24661859888498822
0.09105777668196152	0.1508320239935148	0.7581101993245238
0.11154597393545049	0.23675990858003068	0.651694117484519
0.3547336204424412	0.053652183370224316	0.5916141961873346
0.3639052096339954	0.484585773830169	0.1515090165358357
0.3712428191416456	0.2923890458291092	0.33636813502924534
0.6258163150965863	0.2474157996649317	0.1267678852384821
0.3989157399314054	0.24705007959739048	0.3540341804712042
0.48821378164346263	0.3409014360923417	0.1708847822641958
0.06885933763919289	0.6571870751110227	0.2739535872497845
0.4167997009077448	0.15954935649661123	0.42365094259564406
0.3585928072227366	0.3905707390115245	0.25083645376573893
0.15617677681615016	0.18263592459729516	0.6611872985865548
0.5819133096683633	0.3524436181187915	0.06564307221284527
0.6328731175068631	0.03270700509553276	0.33441987739760415
0.15449879309177472	0.06244011414086981	0.7830610927673556
0.021222457626272284	0.534125843636642	0.4446516987370859
0.2589032013303092	0.023131272723932672	0.7179655259457582
0.4000267051317056	0.28214791550001905	0.3178253793682755
