0.3756417887942674	0.3738474502351371	0.2505107609705956
0.3756910353943596	0.3738094212582621	0.25049954334737845
0.3756947560208978	0.37382907123718684	0.25047617274191547
0.37570085091422134	0.37378237946264037	0.2505167696231384
0.37563171777509596	0.3738500204320937	0.25051826179281045
0.3756319128835337	0.3738325344806898	0.2505355526357766
0.37567759173363513	0.37379785722350023	0.25052455104286475
0.37559394915929445	0.3738715218638672	0.2505345289768385
0.375640791510127	0.3738226751119337	0.2505365333779394
0.3756356329395015	0.37386292004224264	0.250501447018256
0.3757018517788913	0.37381141778069316	0.25048673044041564
0.37572407990007217	0.37379266500917196	0.250483255090756
0.3756988055132157	0.3738246057178273	0.2504765887689571
0.37569473375788764	0.37381451932182114	0.25049074692029133
0.37567058779664964	0.3738368564099643	0.2504925557933862
0.3756325190593887	0.3738369227893169	0.2505305581512945
0.37566380534954846	0.373823514997166	0.25051267965328566
0.3757154225090495	0.37379629447876306	0.2504882830121876
0.3757290220029369	0.37379246535357724	0.250478512643486
0.37565961258314956	0.37380684894722	0.25053353846963056
0.37565831710706654	0.37381099744310453	0.25053068544982904
0.37567325913701505	0.37381612251654545	0.2505106183464396
0.3756617139710463	0.3738055368366553	0.2505327491922985
0.3756273492004178	0.3738625607154069	0.2505100900841754
0.37563814254590705	0.37385544345081284	0.2505064140032802
0.3757190414320424	0.373801504512924	0.25047945405503375
0.3756351064722525	0.3738351709013482	0.2505297226263994
0.3756776291809262	0.37382854966338497	0.25049382115568897
0.3756949065075389	0.37380752215622054	0.2504975713362406
0.3756725566115198	0.37380460884942757	0.2505228345390527
0.375716154081338	0.3737781325166226	0.2505057134020395
0.37562384215052547	0.37386680538290296	0.2505093524665717
0.3756752114424192	0.3738374680967534	0.2504873204608275
0.37570655038762885	0.3737975145391771	0.25049593507319423
0.3756462585287512	0.3738620507664365	0.25049169070481236
0.3756609465588963	0.37382443583991176	0.25051461760119204
0.37565569289545914	0.37381878693091397	0.250525520173627
0.3756901427058678	0.37378858604164533	0.25052127125248697
0.3756324805710935	0.37386921557582536	0.25049830385308125
0.3756886056604763	0.3737818456947919	0.250529548644732
0.37564240702025703	0.37382896594062753	0.25052862703911555
0.37570124638630426	0.37377389601539296	0.2505248575983029
0.3756712931714839	0.3738235065049852	0.250505200323531
0.3757374695401705	0.37378691964491495	0.25047561081491465
0.3756129254140453	0.3738531756990961	0.25053389888685873
0.3757244519260069	0.373797729699736	0.2504778183742572
0.3756641291426345	0.37381260650325726	0.25052326435410843
0.37570395688255986	0.37380482645898744	0.2504912166584528
0.3756567680976227	0.3738103164334005	0.25053291546897694
0.3756769471253417	0.37384256521580916	0.2504804876588492
0.3756810170107116	0.37377990435499053	0.250539078634298
0.37573340235654323	0.37378606573946616	0.2504805319039907
0.3756948461430692	0.3737747488885737	0.2505304049683572
0.3756259442042082	0.37385042332135726	0.25052363247443465
0.3756956008381995	0.3737832290565984	0.25052117010520225
0.37562363753262445	0.37383721688830435	0.2505391455790713
0.37568190691867936	0.37382366568827924	0.2504944273930415
0.3756219843635068	0.37386884801585374	0.25050916762063963
0.3756124679354396	0.3738665430637816	0.2505209890007789
0.37566204733612873	0.3738161118148663	0.2505218408490051
0.37566571313887115	0.3738478611661944	0.2504864256949345
0.3756350259733279	0.3738721966794761	0.25049277734719616
0.37570247391360123	0.37382544221230984	0.25047208387408904
0.3756878506889245	0.3738163463026088	0.2504958030084668
0.3757162053199551	0.37380991853459744	0.2504738761454476
0.37565821777476743	0.3738061453623748	0.25053563686285796
0.3757000994096384	0.3737788874946439	0.2505210130957178
0.3756632494275411	0.37380554703867264	0.2505312035337864
0.3756990811607691	0.3737907247513358	0.2505101940878952
0.3756926875972129	0.3737946624995473	0.2505126499032399
0.3756397163013142	0.3738219460155993	0.25053833768308664
0.37563237637143465	0.3738326733798133	0.25053495024875216
0.3756720062330158	0.37384520519013	0.25048278857685435
0.37567305538677354	0.37381648360480424	0.25051046100842234
0.3755941373863181	0.37387179679311444	0.2505340658205676
0.37566210890835017	0.37382433092972067	0.25051356016192927
0.3755968637440929	0.3738736113424274	0.2505295249134798
0.3756787838449853	0.373846260195168	0.2504749559598468
0.3756059266943047	0.3738640249666792	0.25053004833901615
0.375691537639239	0.37382614450406304	0.25048231785669806
0.37564213695650867	0.3738661339567224	0.25049172908676903
0.37567327024786923	0.37379954909716895	0.25052718065496193
0.3757269229534186	0.37378458552943805	0.2504884915171435
0.3757131970670492	0.3737864031848654	0.2505003997480856
0.3756882291610414	0.37382027774107385	0.2504914930978849
0.3756059605305061	0.3738658829113876	0.2505281565581064
0.37565407544676777	0.37383071114618616	0.2505152134070462
0.375656057388784	0.37382492468779105	0.250519017923425
0.37565921689922577	0.37380853961408206	0.2505322434866923
0.3757216377234955	0.3737897170279174	0.25048864524858727
0.37559024134860175	0.3738730712345021	0.2505366874168963
0.3756829808844237	0.37380920844101473	0.2505078106745617
0.3757065969287217	0.37380232065436114	0.25049108241691725
0.37568469345809075	0.3738283277970493	0.2504869787448601
0.37561158988186916	0.37387263576985047	0.25051577434828054
0.3756696023186004	0.3738288163236372	0.2505015813577625
0.37569929354608333	0.37382124128454525	0.2504794651693716
0.37567226894648537	0.37382662828099933	0.2505011027725154
0.375637428921668	0.3738360050682746	0.2505265660100575
0.37563730882724217	0.3738334573626073	0.25052923381015063
0.375634037193148	0.37386294076336213	0.25050302204349006
0.37559842224929707	0.373869097749849	0.250532480000854
0.37570482221611523	0.37377833697281176	0.25051684081107306
0.37565833801274706	0.3738623441300435	0.2504793178572096
0.37561719331926113	0.3738435091618358	0.25053929751890325
0.37564911035379517	0.37384359580125526	0.2505072938449497
0.37570354069427664	0.3738172882931058	0.2504791710126177
0.37566774282996107	0.37379493217133675	0.25053732499870235
0.37560016004944163	0.3738709116179439	0.2505289283326146
0.37564608095579716	0.37381743347581653	0.2505364855683864
0.37563672250391034	0.3738572009458095	0.2505060765502803
0.3756767726394245	0.37384338624958413	0.2504798411109915
0.3756313932897414	0.37385600088254717	0.2505126058277116
0.3756291190803803	0.37386165200388344	0.25050922891573635
0.3756796974739782	0.3738288195397397	0.25049148298628215
0.37566060651813016	0.3738407163852134	0.2504986770966566
0.37564816266756873	0.3738500569494911	0.2505017803829403
0.3756785283047406	0.3738074673507978	0.2505140043444617
0.3756112150140982	0.373860218180779	0.2505285668051228
0.37559147949179245	0.3738709800111093	0.25053754049709837
0.3757085625224272	0.3737993685933012	0.25049206888427167
0.3756945685165272	0.3738042737729477	0.25050115771052517
0.3756770624080769	0.37385079501689894	0.25047214257502426
0.3757221813518536	0.3737867543388043	0.2504910643093422
0.37558747549903804	0.37387338927156	0.2505391352294021
0.37564348251636265	0.37384174857057506	0.2505147689130624
0.37570140505250443	0.3737975210708286	0.2505010738766671
0.37569554898032914	0.3738156082347247	0.25048884278494626
0.37566691068796515	0.3738443447380028	0.25048874457403214
0.3755992838675084	0.37386598677887883	0.2505347293536129
0.37567147173510357	0.3738226941583416	0.25050583410655497
0.3756718917776646	0.3738179065062544	0.2505102017160811
0.3757008164306115	0.37379794026596597	0.25050124330342266
0.37569569260757235	0.3738276512208697	0.25047665617155807
0.3756976218775938	0.3738137078982947	0.2504886702241116
0.3756545374914274	0.37386376670508603	0.2504816958034867
0.3756905992113145	0.3738097965305468	0.2504996042581388
0.3757371794571251	0.37377574583866596	0.25048707470420906
0.3755914952125078	0.37387326029651524	0.25053524449097714
0.37571466390414915	0.37379264469826434	0.2504926913975866
0.37567830714477113	0.3738364167083322	0.25048527614689686
0.37575205543334955	0.37377383036662737	0.2504741142000232
0.3756787756331827	0.3737907785460056	0.25053044582081174
0.3756689175612131	0.3738023681223114	0.2505287143164756
0.37565004539847685	0.373815107530827	0.2505348470706963
0.3757040082565403	0.3738110458600655	0.25048494588339426
0.3757125988692176	0.37381462141057253	0.25047277972021
0.37565334927151	0.373844088693468	0.2505025620350221
0.3756385370795617	0.3738240698049151	0.25053739311552337
0.3756589618369336	0.37386318130422524	0.2504778568588413
0.3756816396049783	0.37382771047786884	0.250490649917153
0.3756620053703732	0.373807542810785	0.2505304518188419
0.3756866718334546	0.373814045385646	0.2504992827808995
0.37566863591468386	0.37383696380269255	0.2504944002826237
0.3756991713481888	0.3738015424159372	0.25049928623587403
0.3756911765764193	0.3738184390282891	0.2504903843952917
0.3757374771631193	0.3737735590863325	0.25048896375054835
0.3756637373495902	0.3738571008759736	0.2504791617744363
0.3756542241219933	0.37382664916650454	0.2505191267115023
0.3757273111268967	0.3737820955226494	0.250490593350454
0.3756987497621367	0.3738269092009546	0.2504743410369088
0.3756727659044534	0.3737914637060472	0.2505357703894995
0.37561494491478803	0.37385581240493415	0.25052924268027793
0.37561954801416786	0.3738597359407428	0.25052071604508946
0.37566153360433174	0.37383621605520495	0.2505022503404634
0.3757040023936217	0.373807933175861	0.2504880644305174
0.37568608819529864	0.37380274259073193	0.25051116921396954
0.37565754817950336	0.3738612298497175	0.25048122197077927
0.375662465747294	0.3738601636659712	0.2504773705867349
0.37572549919554127	0.3738004208286855	0.25047407997577337
0.3756316222015228	0.37384339851275666	0.25052497928572065
0.3756888278028665	0.3737753984093404	0.25053577378779324
0.3757362979109423	0.37377879621445725	0.2504849058746006
0.3756781140860675	0.3737886452700402	0.25053324064389243
0.37565973225316013	0.37380189110236905	0.250538376644471
0.3756373217049812	0.37382406074046065	0.25053861755455825
0.37572625860329206	0.373780426418403	0.25049331497830507
0.3756252120356366	0.3738691103886954	0.2505056775756681
0.3756218816614498	0.37385407029864554	0.2505240480399048
0.37565401639311635	0.37381258182870297	0.2505334017781808
0.3756285380077962	0.37387314113008224	0.25049832086212165
0.37573118946297085	0.3737919971287024	0.25047681340832684
0.37571218051625205	0.37378089462019837	0.25050692486354964
0.3756367168078374	0.3738433155807974	0.2505199676113653
0.3755990463282085	0.3738646422320702	0.25053631143972144
0.37569435905097914	0.373804289703352	0.25050135124566897
0.3756574501839792	0.3738651618905338	0.250477387925487
0.37567475059730626	0.3738088190933606	0.25051643030933324
0.37568183633037366	0.373795213218357	0.25052295045126943
0.3756144574888667	0.37385060058958564	0.25053494192154785
0.37565749382940655	0.373842823711754	0.2504996824588396
0.3757242663635547	0.37379180789418015	0.2504839257422653
0.37570558523434333	0.37382092690482294	0.25047348786083384
0.3756179901314108	0.37384360683225226	0.2505384030363371
0.37568853769268556	0.3737740118290037	0.2505374504783108
0.3756332166321109	0.37386404650580757	0.2505027368620817
0.37564234912291466	0.37383242550116125	0.2505252253759242
0.37565570792848285	0.37385331238505537	0.25049097968646195
0.3756695313531644	0.3738544234003761	0.2504760452464596
0.3756283315031696	0.3738376640423524	0.25053400445447804
0.3756512691523205	0.373855767591005	0.25049296325667464
0.3756645509380831	0.37386105197394526	0.25047439708797176
0.3756512404223983	0.37385786744286736	0.25049089213473447
0.37561393323346276	0.37387068242442645	0.2505153843421109
0.3756307374182477	0.37384044922282994	0.25052881335892246
0.37565492307421894	0.3738440200378975	0.25050105688788366
0.37565684916534053	0.3738449016779508	0.2504982491567088
0.3756987872688863	0.37378849870367237	0.25051271402744146
0.37573865970935705	0.3737826967742174	0.2504786435164257
0.3756265234796578	0.3738462636517278	0.25052721286861457
0.37571335833949454	0.37377506707046637	0.2505115745900392
0.37563502938459464	0.37386031964070043	0.2505046509747051
0.375620526368091	0.3738578744045553	0.2505215992273538
0.37561613388970705	0.37385447660784543	0.25052938950244763
0.3756726602316137	0.3738392156800432	0.2504881240883432
0.37569534669729054	0.37380743244967884	0.2504972208530307
0.37571523225860226	0.3737992560937327	0.2504855116476652
0.3756371543400472	0.37384737065642887	0.25051547500352406
0.37563309117514593	0.37383593700004075	0.25053097182481343
0.3757190848538581	0.3737754451426246	0.2505054700035174
0.375728720575268	0.37378936058354134	0.25048191884119075
0.37565451383814186	0.373832439706496	0.25051304645536226
0.3756694027616687	0.373795127851194	0.25053546938713733
0.3756813538120404	0.37379460509042844	0.2505240410975313
0.37564701100608033	0.373861290880789	0.25049169811313077
0.3756890407735066	0.37379695371706434	0.25051400550942915
0.37568257238951974	0.3737856746683581	0.25053175294212227
0.3757160348314659	0.3738085269976021	0.25047543817093215
0.37568312003055593	0.3737789377941611	0.25053794217528313
0.37566270818239217	0.37383621281493196	0.25050107900267604
0.3756659537959075	0.37382785731986073	0.2505061888842319
0.37565369363038026	0.37381229706392394	0.2505340093056959
0.37570063268311155	0.37378288004030236	0.25051648727658615
0.37572827862065333	0.3737996378737989	0.25047208350554795
0.37565237216219066	0.37382672882539647	0.250520899012413
0.3756082011724914	0.37387234154679133	0.2505194572807174
0.37561484518822486	0.37386529705064053	0.2505198577611347
0.3756975058557918	0.3737868567144547	0.2505156374297536
0.37565838140602026	0.3738119212923716	0.25052969730160823
0.37565878548166165	0.37384844215601265	0.2504927723623258
0.3756894286632063	0.3738122620275173	0.25049830930927647
0.37565069601460754	0.37386013239885046	0.2504891715865421
0.37569656202390833	0.37377944999290635	0.2505239879831855
0.3756494605472684	0.3738568670969237	0.25049367235580805
0.3756706478050843	0.3738392829054528	0.25049006928946294
0.3756805333527344	0.37379619430894184	0.25052327233832383
0.37573027898325506	0.37377952353391714	0.2504901974828279
0.37559585108036386	0.3738673697785083	0.25053677914112793
0.3756454063717548	0.3738182454684031	0.25053634815984216
0.37571400318808773	0.37379555641942813	0.25049044039248425
0.375669968918637	0.3738154665451273	0.2505145645362358
0.3756454141875274	0.37386272606375615	0.2504918597487166
0.37570793329180585	0.37379382072043843	0.25049824598775583
0.37574491265390647	0.37377511356515714	0.25047997378093645
0.37573559561328373	0.37378930505812547	0.2504750993285909
0.37560694087704	0.3738662807158335	0.2505267784071266
0.37566980030781416	0.37385353591954107	0.2504766637726449
0.3756005100942	0.37386581596861235	0.2505336739371878
0.37570021443407264	0.37378701218290095	0.25051277338302647
0.3757066354884311	0.3737866672070151	0.250506697304554
0.3756056490231803	0.37387376893520474	0.2505205820416151
0.3756750026986318	0.3738068507658496	0.25051814653551874
0.3756301434324686	0.37386852728479925	0.2505013292827323
0.37565912427640885	0.37383775242830725	0.250503123295284
0.37570517858204083	0.3737995051631054	0.25049531625485383
0.3756628093077219	0.37381706035346907	0.25052013033880915
0.37569032208943826	0.3738319208791179	0.2504777570314439
0.3756695651665576	0.37382161504502853	0.250508819788414
0.3756833082916812	0.37379682808449016	0.2505198636238287
0.37570398872280275	0.3737898840775469	0.2505061271996505
0.37563925024546063	0.3738531531820561	0.25050759657248334
0.3756335330990572	0.37385633288742104	0.25051013401352185
0.37570897644215207	0.37379544494625716	0.2504955786115909
0.3756076356480926	0.37386701956307034	0.2505253447888372
0.3756870415902883	0.3737793444040216	0.2505336140056902
0.3757283455397038	0.3737820129159007	0.25048964154439557
0.37567322713257595	0.37382133387577837	0.2505054389916458
0.3756780814941715	0.3737926678942549	0.2505292506115737
0.375686891865351	0.3738269470579024	0.2504861610767467
0.37567233885835566	0.3738076123520846	0.25052004878955986
0.37574243054960627	0.3737753482394982	0.25048222121089564
0.3756773520724812	0.3737980127569145	0.2505246351706044
0.3756266812344699	0.3738460953814157	0.2505272233841145
0.3756441196960873	0.37382896551986544	0.25052691478404737
0.3757527991765275	0.37377503169009374	0.2504721691333789
0.3757231506881283	0.37379881239705326	0.25047803691481857
0.3756155209040771	0.3738545706555213	0.25052990844040174
0.37565739716385893	0.3738174862945123	0.2505251165416289
0.3756795855836922	0.37382330237943945	0.2504971120368685
0.37568736676201137	0.373794703975424	0.25051792926256466
0.3756043263036155	0.3738670503008366	0.25052862339554804
0.37570005076966756	0.3738201249262116	0.25047982430412097
0.37564782913581674	0.3738122557001928	0.2505399151639906
0.37572050344677177	0.3738034079934839	0.25047608855974446
0.3756800050910071	0.373786436635335	0.250533558273658
0.375648292995136	0.3738496339130012	0.2505020730918629
0.37562305674735064	0.37386404705042936	0.2505128962022201
0.3756789673548758	0.37384873054969253	0.2504723020954318
0.37566202151076256	0.37381182509843014	0.25052615339080736
0.37567263608666357	0.37381827787644956	0.25050908603688704
0.37569860230360186	0.3738258795423194	0.25047551815407887
0.3756946689857986	0.37380386948324706	0.25050146153095443
0.37561748272233797	0.3738684423215142	0.2505140749561479
0.3757331893543098	0.3737917288075027	0.2504750818381876
0.37561624783396086	0.3738439118892459	0.25053984027679344
0.3757172404598675	0.37377402856582503	0.2505087309743076
0.3757162764790354	0.37377346391629535	0.2505102596046693
0.3756668832062219	0.3738432804930781	0.2504898363007001
0.3756813891521454	0.37380285650759604	0.2505157543402587
0.37569695025729366	0.37378361745013966	0.2505194322925668
0.3757061885676276	0.37377946603145507	0.25051434540091744
0.37568252504609123	0.3738305392709564	0.2504869356829525
0.3756696391858505	0.37380649101035796	0.2505238698037916
0.3756819823498699	0.3738396341156728	0.25047838353445745
0.3756207065294318	0.3738731057192939	0.2505061877512744
0.3756651136553138	0.37380190308890443	0.2505329832557819
0.3756197462872224	0.3738605118686517	0.250519741844126
0.3756468672934149	0.37382625126428315	0.25052688144230206
0.375611549675934	0.37387156609238265	0.25051688423168345
0.3756938712201258	0.3738173767932729	0.25048875198660137
0.37573528966878167	0.3737783535610758	0.2504863567701427
0.3756310109455144	0.37387244235516925	0.2504965466993164
0.37569208508086527	0.3737749801960268	0.25053293472310806
0.37560471555651764	0.3738660260842608	0.2505292583592217
0.37564544338928874	0.3738414378345815	0.25051311877612986
0.37572372182923763	0.37378378166639814	0.25049249650436434
0.37564310299879106	0.37385826356941954	0.2504986334317895
0.3756799979467737	0.373806105133246	0.2505138969199804
0.37563705802255953	0.37385239528905206	0.2505105466883885
0.3757366857092695	0.3737794014337118	0.2504839128570189
0.3756484739431871	0.37381960463966074	0.25053192141715225
0.3756249332071503	0.3738702472124105	0.25050481958043924
0.37566530225750794	0.3738300693566014	0.2505046283858907
0.3756934400522943	0.37378879872690673	0.25051776122079905
0.37570906516109687	0.3737875091821231	0.2505034256567802
0.3756355036827727	0.37386965153461654	0.2504948447826108
0.3756302759908986	0.3738689991478891	0.2505007248612124
0.37565777895821467	0.37383768760907554	0.2505045334327099
0.37562218358230004	0.3738731826691558	0.25050463374854426
0.37564558851577656	0.37386877765928755	0.25048563382493594
0.37570511042776	0.37380848508592546	0.2504864044863147
0.3756482252435235	0.37383214686252914	0.2505196278939475
0.3756609957474638	0.37386208651560104	0.25047691773693526
0.37565542826773113	0.37381900917883937	0.2505255625534296
0.3756976120985575	0.3737905386612117	0.2505118492402309
0.37564676553857596	0.37381450886775247	0.2505387255936717
0.3756344400626179	0.37386627436583175	0.25049928557155043
0.3756811101509938	0.3738004313957662	0.2505184584532401
0.3756443211748305	0.3738363689721892	0.2505193098529805
0.37564599424106715	0.3738277014450705	0.25052630431386247
0.3756371290888811	0.3738405768054584	0.2505222941056606
0.3756734149114555	0.37380382661461614	0.25052275847392846
0.37568600544600983	0.3738079177593952	0.2505060767945951
0.3756395693330097	0.37386550194984075	0.25049492871714973
0.37565468430524385	0.3738238246492278	0.25052149104552845
0.37568589150400356	0.37380709814058477	0.25050701035541184
0.37570282427343343	0.37377609305671855	0.2505210826698481
0.3756842438613483	0.373840449660946	0.2504753064777059
0.37568698395430755	0.37379050634759503	0.2505225096980976
0.37565572090938637	0.3738429353250368	0.2505013437655769
0.37566762080308913	0.3738525927335013	0.25047978646340974
0.37563223501927423	0.37386205331372097	0.2505057116670049
0.3756439901572459	0.3738324046760052	0.250523605166749
0.37563567891483535	0.3738576194048773	0.2505067016802875
0.37563560435198695	0.37385332694687157	0.2505110687011416
0.37565044886599974	0.37382221720608705	0.25052733392791326
0.37569176756988953	0.37377457094791594	0.25053366148219464
0.37562180835791703	0.3738609249262384	0.2505172667158447
0.3756598639124058	0.37381203475895175	0.25052810132864256
0.3756836723946171	0.37383107098849033	0.2504852566168927
0.37571846294600797	0.37380930163106235	0.2504722354229298
0.37566910744448057	0.3738135704286567	0.25051732212686284
0.37570359145502824	0.3738220229134261	0.2504743856315458
0.3756844184131282	0.37380298805761464	0.25051259352925725
0.37572348998090077	0.37379181166598985	0.2504846983531095
0.3757077143051367	0.37381426621576697	0.2504780194790964
0.3756407286716363	0.373823332249554	0.2505359390788099
0.37568341014508905	0.3737862395329605	0.2505303503219506
0.37561822561898256	0.37386552076710233	0.2505162536139152
0.37568550928294653	0.3737786481944142	0.2505358425226394
0.3756339336806134	0.37383515787331034	0.2505309084460764
0.37563281432456624	0.3738297995089895	0.2505373861664444
0.3757420194819038	0.3737773266868991	0.2504806538311972
0.37563306014173464	0.3738434506127306	0.2505234892455348
0.37569209407843873	0.37382597114803623	0.25048193477352515
0.375656749534226	0.37382857961380467	0.25051467085196943
0.37565154689411456	0.37381956652762727	0.2505288865782583
0.3756550686078835	0.3738523608852947	0.2504925705068219
0.37570091405693584	0.37381068066714124	0.2504884052759231
0.37563925033025863	0.3738476928854818	0.2505130567842596
0.37560588209614054	0.3738731615734297	0.25052095633042987
0.3756823978190523	0.3738168444254378	0.25050075775551
0.37561537750185153	0.3738522875194403	0.25053233497870825
0.37567000502364156	0.37379234149179386	0.2505376534845647
0.3756202254906171	0.3738411174957036	0.25053865701367944
0.3756900707048554	0.37381264941183284	0.2504972798833119
0.375669375331841	0.3738440175124405	0.2504866071557186
0.37562793284242035	0.3738707271049053	0.25050134005267444
0.37564869667813217	0.37382860735948087	0.2505226959623871
0.3756436397768468	0.37383186894924847	0.2505244912739048
0.37563944097688157	0.37384842106523386	0.25051213795788463
0.3756675424894914	0.3738162852663425	0.2505161722441662
0.3757405315712521	0.3737782691552184	0.25048119927352963
0.375684247105214	0.3738375192590841	0.25047823363570204
0.37567272899074156	0.373825005184179	0.2505022658250795
0.37565233320754926	0.37384007820905596	0.25050758858339495
0.37566344735377005	0.37381557214038463	0.2505209805058454
0.3757053341058033	0.3737966415060724	0.2504980243881244
0.3756143716253308	0.37386511286588964	0.2505205155087797
0.37567262859163564	0.37381876282032134	0.25050860858804314
0.3756241645992848	0.37384775964248695	0.2505280757582284
0.3756757210099278	0.3738308538880697	0.2504934251020026
0.3756846717129238	0.3737984731125965	0.25051685517447986
0.37565116721974035	0.3738641363976947	0.25048469638256504
0.3756476229186334	0.37381392541400715	0.2505384516673596
0.37573877250142546	0.3737802720099514	0.25048095548862326
0.37566604543757337	0.37379802074739665	0.25053593381503014
0.3757224041863995	0.37378262043451393	0.25049497537908666
0.3756879390947329	0.3737789500599418	0.2505331108453254
0.3757178300417597	0.3737841635658028	0.2504980063924376
0.37569679738609685	0.3738074452777979	0.25049575733610535
0.3756845992457498	0.373806951461817	0.2505084492924333
0.3756241666307526	0.3738725181699779	0.2505033151992696
0.3756240672910526	0.3738502219661585	0.250525710742789
0.37572054237800334	0.3737788631287125	0.25050059449328427
0.3756580776213643	0.3738486984286449	0.25049322394999096
0.375676346205306	0.37381506691925115	0.250508586875443
0.37569373871040873	0.373802045947349	0.2505042153422424
0.37566371898959755	0.37381059377424075	0.2505256872361618
0.3757280145129011	0.3737899939832973	0.2504819915038017
0.37570750681800197	0.37379020040160027	0.25050229278039793
0.3756567684609763	0.3738411265667991	0.25050210497222475
0.37562616223393835	0.3738514886607206	0.2505223491053411
0.3756414461490238	0.37383185392103546	0.25052669992994087
0.37567080829372834	0.3738066643934643	0.25052252731280744
0.3756953699694563	0.3738274100763644	0.2504772199541795
0.3756439394435295	0.3738452795163154	0.2505107810401552
0.3756802442834066	0.37382367247440795	0.2504960832421856
0.3757388341505745	0.37378606040726375	0.25047510544216184
0.3756974442989795	0.37378204592863595	0.2505205097723847
0.37574404043916115	0.3737743731467159	0.25048158641412305
0.37569293123831105	0.37382893151334956	0.2504781372483395
0.3756899447249307	0.3738080157154714	0.25050203955959793
0.37563905103869444	0.37385347266344265	0.250507476297863
0.3756401582477532	0.3738456387817296	0.2505142029705173
0.3757439326857016	0.3737784100357378	0.2504776572785607
0.37570417312884463	0.3737730549073174	0.2505227719638381
0.3756763244304459	0.37381992837754885	0.2505037471920053
0.3756910465307446	0.37380344156116874	0.2505055119080868
0.3756306365632522	0.3738460399393927	0.25052332349735523
0.3756513848772127	0.3738514637311006	0.2504971513916867
0.3756173704427781	0.37387051964553497	0.25051210991168704
0.37567927311814636	0.37378116347366536	0.2505395634081884
0.3756553809268235	0.3738700981440586	0.25047452092911804
0.37569135349958965	0.37382695823828116	0.2504816882621293
0.37566382255549646	0.37380269064217575	0.25053348680232784
0.37567643584934435	0.37380653159086125	0.2505170325597945
0.37562362217383266	0.3738473121678354	0.25052906565833205
0.3756711493791516	0.37382811751010103	0.2505007331107475
0.3756490223635234	0.3738520009156766	0.2504989767208001
0.3756480196894381	0.3738715541305062	0.2504804261800557
0.37560543473455094	0.37386220496493794	0.2505323603005112
0.37561284461920014	0.3738739780561141	0.2505131773246858
0.3756933186447441	0.37381676604145975	0.2504899153137963
0.37564048163471786	0.3738450035398014	0.2505145148254808
0.37563378552916715	0.3738319879188081	0.25053422655202484
0.37567320614858696	0.37382563532836155	0.2505011585230516
0.37562703102286765	0.37384567419880516	0.2505272947783273
0.37566649200447527	0.3738520130545338	0.25048149494099103
0.3756226450111006	0.3738453309291626	0.25053202405973685
0.37562816232518353	0.3738653018477703	0.2505065358270463
0.37563741393495376	0.37383482642900917	0.2505277596360372
0.37573754728882813	0.37377782331138665	0.25048462939978533
0.3756913850107429	0.37378992899122465	0.25051868599803256
0.37565279823282166	0.37387254609674286	0.2504746556704356
0.3756302347098663	0.373860878555195	0.2505088867349388
0.3756241510176113	0.37385085787201816	0.25052499111037063
0.3756860014506077	0.373813821797584	0.2505001767518084
0.37574295316372625	0.3737814583157297	0.2504755885205442
0.37574947889893107	0.3737731497610175	0.25047737134005155
0.37569631745647325	0.37379696233393633	0.2505067202095905
0.37571866553348743	0.3738036081396226	0.2504777263268901
0.3756612308995496	0.37382071800062044	0.25051805109983005
0.37569093409849735	0.3738255291559542	0.2504835367455486
0.37566600317477034	0.37381118167594957	0.2505228151492802
0.37573985108636976	0.3737743540131612	0.2504857949004691
0.37567458474456317	0.3738224402833817	0.25050297497205526
0.37567675007898993	0.37379761514871596	0.2505256347722942
0.3756407868111873	0.37386661430766394	0.2504925988811489
0.3756944705666624	0.3738205734430443	0.2504849559902934
0.37566374560159116	0.37384218854692103	0.2504940658514879
0.37568667881029644	0.37383758560655855	0.2504757355831451
0.37572487863009674	0.37379244371466436	0.250482677655239
0.3756833727638285	0.3737887630585331	0.2505278641776385
0.37570078454790473	0.37380430796759523	0.25049490748450015
0.3756719629064548	0.373833927990996	0.25049410910254927
0.37566445807894555	0.37383449936346747	0.25050104255758704
0.37562642645341576	0.37384632178788796	0.2505272517586964
0.3756798457938645	0.373781291243666	0.25053886296246963
0.37563794822408453	0.3738704549392099	0.2504915968367057
0.3757015756059349	0.37378699761654677	0.2505114267775185
0.3756250946410292	0.3738416167348987	0.25053328862407226
0.37561400665625894	0.37386216870354444	0.25052382464019674
0.375715309095481	0.37379537699430165	0.25048931391021745
0.37565022464133646	0.37380993488938774	0.2505398404692759
0.37563671214094346	0.3738665072010224	0.25049678065803427
0.3756296668748306	0.373849739662623	0.2505205934625464
0.3756487771909015	0.3738362029716084	0.2505150198374902
0.3756614855642467	0.37384158149171953	0.25049693294403386
0.37567519616888306	0.37384213467721084	0.2504826691539062
0.37567845151632345	0.3738414344244219	0.25048011405925474
0.37561524661152	0.37386681754461626	0.25051793584386384
0.3756635939013238	0.37385688914346815	0.25047951695520815
0.37568755213514193	0.3738296007121313	0.25048284715272684
0.37566140012040644	0.37386111055276744	0.25047748932682623
0.37565919554548743	0.37385276484242896	0.25048803961208366
0.37564119846935334	0.3738580307367272	0.2505007707939196
0.3757041431830991	0.37380494220592286	0.25049091461097817
0.37565757523679705	0.3738572180381776	0.25048520672502544
0.37571894523970667	0.37380529858717065	0.2504757561731228
0.3757200654642019	0.3737748950432206	0.25050503949257763
0.37564310876053075	0.3738510141971621	0.25050587704230726
0.37567864401710804	0.3737844905061263	0.2505368654767658
0.3756894377829995	0.3737930445270696	0.250517517689931
0.37560457498617544	0.3738672464757618	0.25052817853806286
0.37565477899269156	0.3738164141785313	0.25052880682877726
0.37569794341882384	0.3737741071309133	0.25052794945026297
0.37560767539537643	0.37386762922510103	0.2505246953795226
0.3756026495113969	0.37386858899676373	0.2505287614918395
0.37567867163327817	0.37380763633475267	0.25051369203196927
0.3756344649308796	0.3738402184145025	0.250525316654618
0.37569663757031946	0.3738186103162352	0.25048475211344545
0.37561149370688873	0.3738692643105498	0.2505192419825616
0.3756864409322078	0.3738387213610541	0.25047483770673823
0.375704053912781	0.3738009636513507	0.25049498243586843
0.3756390636360952	0.3738707493278813	0.2504901870360236
0.375669518040642	0.37385183395597466	0.25047864800338343
0.3757079936079345	0.3738159778091914	0.2504760285828742
0.37569363398009564	0.3737800244019371	0.2505263416179674
0.3756489259779055	0.37386975079078066	0.2504813232313139
0.3756223904491578	0.3738507056033601	0.2505269039474822
0.3756519953124597	0.3738509239560308	0.2504970807315096
0.3757463809321023	0.3737748584744108	0.25047876059348706
0.3756532267451648	0.37384229698881344	0.25050447626602185
0.37567086816978174	0.37383413637642204	0.25049499545379633
0.37568041433346655	0.37383224163427353	0.25048734403226003
0.3756752605695596	0.37383176297562964	0.2504929764548109
0.37565124029123137	0.3738601426888388	0.25048861701992986
0.3756275845961666	0.3738685644288928	0.25050385097494077
0.37563224954734953	0.3738599994508067	0.25050775100184386
0.37562145057181745	0.37386680839027375	0.25051174103790896
0.3756657454161796	0.3738402874773344	0.25049396710648614
0.37571431041943815	0.37378310426557837	0.25050258531498354
0.3756824191725409	0.3738326890131084	0.25048489181435074
0.37570364099983117	0.3738227142953151	0.2504736447048538
0.37567789534134477	0.3737968478383828	0.25052525682027255
0.3756771762507701	0.3738112959177121	0.25051152783151787
0.37568111807951204	0.37377904999797434	0.2505398319225137
0.37562512027493894	0.3738696696553247	0.2505052100697365
0.37562183964500645	0.37384916166916415	0.25052899868582956
0.375735399967355	0.37378879607118837	0.25047580396145674
0.3756641819380978	0.37384083044527217	0.25049498761663014
0.37568771916376187	0.3737867569988845	0.2505255238373537
0.3756983650324517	0.373829055714715	0.2504725792528334
0.37572646977656854	0.37379428296634126	0.2504792472570903
0.37573866266111544	0.37378331129507	0.25047802604381475
0.375627154004042	0.37384979823047954	0.2505230477654786
0.375652061855865	0.37382123727054617	0.2505267008735889
0.3757105936498145	0.37378535751219666	0.250504048837989
0.375726410462453	0.37378445274707917	0.25048913679046797
0.37574471338002513	0.37377973358358196	0.250475553036393
0.375713491458685	0.3737821804966595	0.2505043280446556
0.37561044466107074	0.3738593627380217	0.25053019260090764
0.37565455885544563	0.3738655332594027	0.2504799078851518
0.37571456067488906	0.37379162103881486	0.25049381828629624
0.37567622564039155	0.3738335632864178	0.25049021107319075
0.37570608319078547	0.3737872353270369	0.2505066814821778
0.375712225625222	0.3737969830008053	0.2504907913739728
0.37567990001241763	0.37382374219256326	0.2504963577950192
0.37563379332334745	0.3738712510703103	0.25049495560634233
0.37566529782379116	0.3738169574604391	0.2505177447157699
0.37567930575958003	0.37380797064840543	0.25051272359201465
0.375678007686074	0.37378398166865323	0.2505380106452728
0.3756507386949083	0.3738151589966276	0.25053410230846423
0.37570027584779414	0.3737867659433453	0.25051295820886066
0.3757329286323225	0.37378713917752865	0.25047993219014897
0.37571720334728276	0.3737797631064717	0.25050303354624565
0.37569459049413656	0.37379911277203903	0.2505062967338245
0.37569368816266857	0.3737960885504181	0.2505102232869134
0.37566203495678674	0.3738598940050497	0.2504780710381636
0.37565170916844326	0.3738431312245776	0.2505051596069793
0.37563172211706913	0.37386397761730594	0.250504300265625
0.3756394772527676	0.37385819201940385	0.2505023307278287
0.3757045645821082	0.3737809164675385	0.2505145189503534
0.37560693196465084	0.37386345976751933	0.25052960826782994
0.3756774141122203	0.3737850964892465	0.2505374893985333
0.37566702168064403	0.3738263128574635	0.2505066654618926
0.3756136678986991	0.3738622218011856	0.2505241103001154
0.3757021752902924	0.37378504613908986	0.2505127785706179
0.375592584525144	0.37387063561664635	0.25053677985820977
0.3756900204170949	0.3737844044689215	0.25052557511398366
0.37564338178228623	0.37384511381607904	0.25051150440163483
0.3756699896813398	0.3738361866687317	0.25049382364992856
0.375715091182854	0.3737868207164399	0.2504980881007062
0.3756410328672733	0.37382424717026713	0.2505347199624597
0.3756544622197097	0.37385247300502233	0.2504930647752681
0.3756575564466812	0.37383815715463153	0.2505042863986874
0.3757197537967134	0.3737773709625719	0.2505028752407148
0.37575093865240794	0.3737753688654526	0.2504736924821396
0.3756472607634067	0.3738542338676717	0.2504985053689217
0.3756211472227711	0.373847704677907	0.250531148099322
0.3756594798999289	0.37386554495549273	0.25047497514457845
0.3757033757016556	0.37379131901290213	0.25050530528544235
0.3756029811438289	0.3738728650480959	0.25052415380807536
0.375642567711903	0.3738462686963919	0.25051116359170517
0.3756922843386902	0.373810684850616	0.2504970308106939
0.3756452452626826	0.37384975721926367	0.2505049975180539
0.37571250620397917	0.3737786297342613	0.25050886406175965
0.3756573284360203	0.3738639247216634	0.25047874684231647
0.3756702868023178	0.3737928211833683	0.25053689201431406
0.3756660923312691	0.37385254968844756	0.2504813579802835
0.3756452289178133	0.373816815782897	0.2505379552992898
0.3756457727756485	0.3738608539272958	0.25049337329705584
0.37571626969893557	0.3738046120920204	0.2504791182090441
0.3757365103985115	0.37378196378041634	0.2504815258210723
0.3756796675477951	0.37378869807791504	0.25053163437428994
0.37568634947523605	0.37382529227778655	0.25048835824697757
0.3757118723951604	0.373803353286781	0.2504847743180587
0.37564658527472455	0.3738459096277047	0.2505075050975709
0.3757008888379435	0.3737850854435909	0.2505140257184657
0.37564362448389704	0.3738657195733114	0.2504906559427917
0.3755968142611503	0.37387214151360654	0.25053104422524325
0.3756631815665248	0.3738636385057078	0.2504731799277675
0.37568327274129215	0.37381876893593036	0.2504979583227776
0.3756924384130547	0.37378002077648154	0.25052754081046386
0.37563672243110274	0.37382576321227945	0.2505375143566179
0.3756919325872614	0.373774937856035	0.25053312955670365
0.3756651949464095	0.37380735984414676	0.25052744520944387
0.3756904813656334	0.3737926529382327	0.250516865696134
0.3756169066205406	0.3738446376848504	0.25053845569460914
0.37566209953888274	0.37384307142914885	0.2504948290319685
0.3756239630418426	0.37386813269924435	0.2505079042589132
0.3757177205514831	0.3737988353756376	0.25048344407287937
0.375629447342383	0.37386282075280786	0.25050773190480924
0.37569406883148065	0.3738283901645362	0.2504775410039833
0.37571871828395587	0.37378771196382665	0.2504935697522176
0.3756352577033781	0.3738701515970031	0.25049459069961894
0.3756424907898501	0.3738526868584277	0.25050482235172233
0.3756812108848329	0.37384329378887615	0.2504754953262911
0.3756866481153902	0.37378550714301373	0.2505278447415962
0.3756722255748867	0.37385469387656534	0.25047308054854805
0.37563803478717844	0.3738262156519293	0.25053574956089236
0.37561652130378614	0.3738463986946706	0.2505370800015433
0.3757037670476845	0.3738066401075793	0.2504895928447363
0.37564703288483103	0.3738732988450229	0.2504796682701461
0.37572617395378904	0.373789671225814	0.250484154820397
0.37569261777965296	0.37379966708971035	0.2505077151306368
0.3756131757549103	0.373855492606017	0.25053133163907276
0.37564966921970055	0.37383801612805617	0.2505123146522434
0.3756807328868521	0.37379540076894935	0.25052386634419865
0.3756367437775554	0.37383599083480995	0.25052726538763476
0.37572093668157214	0.37379005284915023	0.25048901046927774
0.37560285877937954	0.3738677327621001	0.25052940845852045
0.3755982600612448	0.3738712172711984	0.25053052266755693
0.3756399496891399	0.37383374029596406	0.25052631001489617
0.3756108639449257	0.37385134441761814	0.25053779163745626
0.37563141769739816	0.3738478346030334	0.2505207476995685
0.37570577327589844	0.3738212086404288	0.2504730180836729
0.37573260237125883	0.3737869118050274	0.2504804858237139
0.37569975670054	0.37378443714410126	0.25051580615535884
0.3756924669542503	0.37377455943385446	0.25053297361189536
0.37566908624062983	0.37383581712084446	0.2504950966385258
0.37566905223461067	0.37382917988670167	0.2505017678786878
0.3756867180728458	0.37381813431475697	0.25049514761239733
0.3756743789923665	0.37379036123785186	0.25053525976978175
0.3756378334676353	0.37382746622899343	0.25053470030337144
0.37565344833049186	0.3738650550556497	0.25048149661385855
0.3756991793741267	0.3737933146230398	0.25050750600283356
0.37569006736202193	0.3738319398191481	0.2504779928188301
0.3756186652153412	0.3738700820808228	0.2505112527038361
0.3756561692433221	0.3738318005760026	0.25051203018067536
0.37570714441343	0.3737791348098263	0.25051372077674383
0.3756015763886623	0.3738629906541316	0.25053543295720615
0.3756309993270964	0.3738379526282693	0.2505310480446344
0.3756447246763298	0.37385900003302297	0.25049627529064733
0.3756701689210413	0.3738051619422566	0.2505246691367022
0.3756781877533049	0.37383756854746925	0.25048424369922595
