0.024610791258031867	0.0405983728491036	0.191058182557322	0.035046186825355014	0.11995161385183555	0.4143658003868669	0.15783125825785232	0.016537794013632617
0.02801775691004768	0.0456491445889346	0.17359990112745796	0.037112307205938444	0.12398462189868903	0.426377774519499	0.14655952492841443	0.018698968821018666
0.0184567487155691	0.03868522147526797	0.19129239806117404	0.036957255915197815	0.11248517702850258	0.434725681440165	0.1493197088875225	0.018077808476600885
0.023946194273250593	0.04172619605158552	0.19635230927455627	0.03825050097181876	0.1109783953410806	0.4073672265163397	0.16027846442593646	0.021100713145431854
0.025203136353875263	0.03999214855896481	0.17224522999365496	0.033036147574720245	0.11778992843442078	0.434674630009398	0.16124505964632047	0.01581371942864529
0.027759557271911234	0.0433602650850238	0.1979158900673385	0.038416612055155314	0.10468761945535035	0.42529018174930067	0.14799780162467535	0.014572072691244525
0.020205495932307763	0.03479416597442932	0.18181153192918675	0.034952326041260834	0.1080588553338673	0.4381856040870019	0.16493833415793469	0.017053686544011223
0.019647993801010177	0.035130561344021496	0.18702924729325174	0.038743316987576576	0.10339520769952364	0.4247824280037744	0.1712380271463802	0.020033217724461483
0.025603120089427098	0.045920962171656976	0.167169175311713	0.03972642306905874	0.11478548476731767	0.41976375110221553	0.16847822799628595	0.018552855492324855
0.02804645791401668	0.04045165415511745	0.17650494263537683	0.03555260059984677	0.11413969438983086	0.41863939551922325	0.16789216232559454	0.0187730924609934
0.02862375097678213	0.03727872820863806	0.21515264795256345	0.03859487945655399	0.11990511650921654	0.3626506491266569	0.17807257530172965	0.019721652467859174
0.0218521898655743	0.03521752625655762	0.19361553442224178	0.03744056180579601	0.11578990933288913	0.4196410949653835	0.157778468570767	0.018664714780790487
0.027196889589567563	0.04181897610577698	0.23798742761570502	0.03211525657368958	0.11968173489742417	0.369739777582013	0.15257535464507327	0.018884582990750215
0.018485292954435698	0.045974771948145116	0.23209706777926947	0.035467621123807136	0.11006440028151583	0.3674782073266294	0.17492579291838933	0.015506845667807884
0.022262259064371126	0.04250069998489091	0.23605879163125748	0.03878125301386742	0.12614397298483318	0.340409474220768	0.17826376212792105	0.0155797869720906
0.027592476752387324	0.03602008773689035	0.22944229506934138	0.036522314668523875	0.11926414864387247	0.37948340670264213	0.15474957532175498	0.016925695104587274
0.026582069416543647	0.03901108796220293	0.19430733694338614	0.034317462068285426	0.11905831639524782	0.38881990418362655	0.18106022448065748	0.01684359855004984
0.022372985393268638	0.03486924854829011	0.22842946005865952	0.03772670481092724	0.10085082184037268	0.4008645906218328	0.1604348137834587	0.014451374943190085
0.025048295176452573	0.03894367424422025	0.18306211467630978	0.02984286997381022	0.12342774762714875	0.4200747608546599	0.16522883021419157	0.014371707233206743
0.022636891668142534	0.03912802747414107	0.18572462906247086	0.03486671619356739	0.10212105955578205	0.42447357025372956	0.16800361635711816	0.023045489435048194
0.021819938533056568	0.03564899792110032	0.15228588913608812	0.037567089625002464	0.11177798225543956	0.43849778520052085	0.18058575525498818	0.02181656207380367
0.02331322584154323	0.0418221583329641	0.20150872275537823	0.03236555258792714	0.11953735721455293	0.379099119104074	0.17988385398684953	0.02247001017671063
0.02369701713551832	0.040810219564451536	0.15449771189698452	0.03428996378194529	0.12498730817311104	0.43680398215042215	0.16680807673462383	0.018105720562943073
0.019400519862798227	0.03525589208890524	0.18951779433403884	0.032441689545609206	0.12190552673590893	0.4106474865525206	0.16920459224037035	0.021626498639848432
0.027561794733671263	0.036902104707085895	0.19214004700324455	0.03765141335761346	0.12227999600982	0.3954914163474972	0.16565825653681937	0.022314971304248088
0.02632384560733972	0.03562975668982543	0.23844745614121582	0.03217975152659472	0.1091943383330284	0.3712579896509358	0.16715323669514331	0.019813625355916575
0.023511006797028722	0.04334922751442111	0.23181932328404714	0.03356960718465912	0.10480350367282656	0.37740760182778865	0.16929294225149252	0.016246787467735918
0.023637961400135382	0.03625072555748343	0.19047595050794394	0.03928194950406491	0.10849797446763662	0.42895381752627604	0.1506175000523394	0.022284120984120054
0.01885164025923032	0.03785589396390511	0.18423073562280373	0.03778870951301973	0.12308759112688292	0.4169453985777467	0.16577726037058582	0.015462770565825484
0.021495930358914256	0.03970996531728653	0.14908070455030775	0.03536943899150258	0.12575484520774036	0.4303816958092579	0.18217109962731343	0.016036320137676988
0.028854661431057707	0.04414071686847404	0.1706946909901469	0.03091796280237838	0.11521102677159366	0.433948354926888	0.1582062863437665	0.01802629986569458
0.020063516604491197	0.046369644836837254	0.2114081058874493	0.03483351757889826	0.12071343112626938	0.4065364670508237	0.14481265448007863	0.015262662435152119
0.026892952507822948	0.04354861285012586	0.23369567690337278	0.033897622552791426	0.11182962693097771	0.3591429580536931	0.1735463452856985	0.017446204915517544
0.029184238812132668	0.04491589563419801	0.22081095185422514	0.03700214000358587	0.11941777180935782	0.3503639892276078	0.1754359480892644	0.02286906456962806
0.029289601332613907	0.044870412712081115	0.22971000254271096	0.03342998746978987	0.10475138223036592	0.3798433978433817	0.16393246891611452	0.014172746952941795
0.025547234816118508	0.04027985425711671	0.21699084273855207	0.03925985680388007	0.12541793700825077	0.37667777802368363	0.16062826239325706	0.015198233959140939
0.028199315185232665	0.03826391395890069	0.18853316472859444	0.031106147065788264	0.10271346790874851	0.4253046341046529	0.16768034405985757	0.018199012988224725
0.028419352827752764	0.03630040160211914	0.20999033778220236	0.03018002223805971	0.12011612971203535	0.3994003570936746	0.157580719948133	0.01801267879602292
0.02750776663471298	0.03745521869616153	0.1864115710658385	0.0330680695016127	0.1057888384793199	0.4299824365247742	0.16556072353263507	0.014225375564944992
0.02769095857383072	0.04243995765218042	0.21726739829773503	0.03432469706261501	0.10088695374434714	0.39687087831286094	0.1597118214961494	0.020807334860281135
0.01824629662863224	0.046265511807228835	0.22454961865833878	0.03920301018144294	0.11986783848461557	0.36585069036987805	0.16954269144722228	0.016474342422641147
0.022381572994780677	0.03911698702864104	0.21619558701944683	0.03544283509520327	0.11037537922075122	0.38404349511061886	0.17743955672667097	0.015004586803886971
0.022749031120177732	0.04438918160867056	0.21916857869919915	0.03314227581251758	0.10313146216389782	0.3984702837440658	0.1588096718522208	0.020139514999250333
0.019975004222564374	0.037345246399005286	0.20664716605827055	0.031029900350391645	0.10106602048748826	0.4355194794515007	0.150601715086514	0.017815467944264987
0.018616465767165427	0.04149954227295102	0.16592338267113266	0.03641996122732838	0.1163235987007721	0.42032937002234183	0.1811486426177282	0.01973903672058025
0.02883672528731697	0.037190545915793696	0.20703366184661348	0.03229178560984369	0.10458546139065605	0.40006324020899786	0.17573558139211515	0.01426299834866282
0.02907454878045293	0.03573065528956146	0.23759513019702658	0.034147698936637744	0.11499111141496	0.3656028289729689	0.16736294232571564	0.015495084082676538
0.022749601919891976	0.04031708588670645	0.17811235352704868	0.037125130805406	0.12508376393228252	0.40673062222463485	0.16852074605201323	0.021360695652016065
0.020234571206629	0.04022618865970777	0.2233184199461163	0.03046364804730213	0.1216619814786976	0.3781483500813104	0.1634529796415723	0.022493860938664276
0.02784783331264437	0.04691363517814896	0.23060590103376344	0.03577829573062624	0.12451220911015734	0.3467969943602366	0.16873674839858624	0.018808382875836624
0.024741572305849308	0.045328065534194925	0.2308184649511186	0.035552930772991306	0.1201604590303114	0.34741113315891403	0.17641065262598685	0.01957672162063337
0.022451384303972616	0.04261612764272174	0.20821579615521024	0.03495738646118614	0.12115995258363466	0.3900500725573597	0.1581240184202149	0.02242526187569982
0.02864591083737801	0.03563788890895993	0.2359343911296386	0.03293779484078825	0.1150302741820366	0.38474567998164133	0.14766782612475635	0.019400233994800647
0.02863681945897513	0.04421039657502751	0.2073973448381816	0.037110586549924746	0.10369688729434712	0.4122038581241534	0.15125320414514323	0.01549090301424702
0.021708701742341047	0.042091803356419835	0.23354253875039016	0.03822625339545045	0.10380726972605606	0.3644976191386185	0.18005167624490487	0.016074137645818914
0.028919599489441714	0.04085233245224214	0.23455717514768054	0.03034085414594058	0.12646769129797972	0.3677514065544497	0.15393417175797341	0.01717676915429199
0.02949716552717925	0.04323934054076524	0.15292981372251413	0.02975490793975437	0.11851899573037447	0.4349868302466027	0.17139663804517327	0.01967630824763643
0.02158798142115395	0.0366834401668302	0.2074122002614381	0.02986085514575587	0.11440080812741107	0.42606946685617153	0.14625507866225468	0.01773016935898436
0.0248741337708709	0.0406635726471027	0.2207695096626653	0.03845116974542566	0.10378164519479055	0.3965586944413252	0.15311792987844752	0.02178334465937197
0.02147043051170318	0.04529227145368213	0.2074134853103884	0.03197494144843442	0.12670109773605195	0.40085291677011514	0.1514301827653023	0.014864674004322453
0.025925812683717603	0.037184391677993034	0.16845522666556462	0.03491002813725219	0.10873865538433862	0.4377809780269277	0.16876654024480897	0.018238367179397058
0.023920088244617957	0.03671468054844031	0.2273803217700829	0.03653054914898629	0.10179060815074914	0.3763485188904495	0.17622851891589233	0.021086714330781325
0.020434804946625848	0.04112223789926764	0.2337410218297506	0.03606024640975053	0.11595699462960071	0.37720701114322885	0.15492326301193093	0.020554420129844694
0.019772463042239508	0.03764505604903637	0.22995106375927984	0.03747471728262208	0.10338371572264365	0.37397577314901526	0.17528486776998672	0.022512343225176354
0.021855689454286648	0.044393811346158205	0.19476916157806443	0.031136184724196506	0.1158903057475301	0.40307800403594196	0.17327218304648148	0.015604660067340528
0.021224923434628326	0.03656612728376768	0.21623074913563206	0.032795920047838226	0.11502915838828529	0.40929269261333956	0.14975020223586819	0.019110226860640595
0.01970616209522219	0.04581126846195786	0.1943211489859914	0.03525009132306926	0.12551889051669163	0.41039496227554695	0.15262514808741434	0.016372328254106228
0.02913143464917363	0.04663838099819828	0.22248212512968868	0.03365751367623923	0.10520075086078312	0.39281392840468876	0.14940204847359864	0.02067381780762953
0.02423707342426623	0.03819793621159333	0.21175435835021478	0.03636263450476675	0.12075819134464935	0.38110735924262484	0.16675857489164253	0.020823872030242052
0.029177945652445483	0.03565791090269452	0.1607263256892383	0.03394639963530985	0.1245570863619111	0.4225997126112194	0.1757618496717747	0.017572769475406466
0.021867985783317626	0.0458311157144007	0.2069268130236415	0.031011956588146927	0.11940572973556435	0.4126594264824477	0.14558508047595314	0.016711892196527856
0.02528769353361536	0.0443857414884896	0.1931505269057826	0.033446697069882125	0.12266147409132659	0.4074954608661525	0.15574724395840522	0.01782516208634577
0.02585656540844332	0.03905243409409985	0.17707307374035142	0.038447313031488975	0.11407650352173912	0.43478604048346625	0.15276553237132107	0.017942537349089793
0.029147698351354362	0.038963992550823334	0.19786771874132736	0.03292494931740325	0.10772874989688878	0.42139241890089285	0.15440563050203956	0.017568841739270313
0.027978840056974763	0.04551422865612566	0.15267995765661266	0.03637799486132569	0.10703207563739081	0.43361875602943756	0.17752381175716458	0.01927433534496803
0.02234981212798562	0.035978704506421474	0.19653439195533456	0.035658268593303594	0.10839471476562446	0.43290903081743604	0.147637775518551	0.020537301715342987
0.023130910867809884	0.04576466608083325	0.22294357765278933	0.03808308172477656	0.11771611649180332	0.3638922888217542	0.17022923800974427	0.018240120350489053
0.0284942305521904	0.04587023397853443	0.18916637092616367	0.033488927757108586	0.1164690036588412	0.405106270704795	0.16573634194759723	0.015668620474769274
0.019909316910758507	0.03556038351378099	0.19901918571675298	0.039376848445192625	0.1025673620126004	0.40865110680050243	0.17397744073036941	0.02093835587004257
0.022132241593129084	0.041190354422294004	0.2328813647689979	0.033142406194179436	0.12044133398869042	0.3765789803476627	0.15227263099623248	0.02136068768881383
0.028619322712502865	0.04251713591541349	0.22764466607379247	0.0339003479312512	0.1204767976142199	0.3791651485750511	0.1512462647813648	0.01643031639640405
0.022094234512184688	0.03835822856972164	0.20460733382762558	0.03509600866802885	0.12157987343751162	0.3799447645098213	0.17955291058094175	0.018766645894164435
0.02281201357479079	0.041848629707286325	0.1756781128907712	0.03379971816084319	0.10553497705823682	0.4333935078206903	0.16857328718378084	0.018359753603600343
0.0271671313021849	0.04076548163801533	0.20887895039883422	0.030251149690749615	0.10528021890309514	0.39592043291379975	0.17095154618689815	0.020785088966422643
0.026865470741247552	0.04493183951858286	0.20981894201864829	0.0313369867563756	0.11668204074118395	0.4049047516528981	0.1447221663871274	0.020737802183936144
0.026269799543625794	0.04646156906931376	0.16841184334781212	0.03320121892866644	0.1079161177104945	0.425449368344056	0.1691192651709139	0.023170817885117323
0.02953367382159558	0.03518866755509281	0.16670104017771856	0.033783988647649754	0.11607145710093189	0.4189313252897734	0.18214368039533346	0.0176461670119043
0.02486536078149243	0.0452340397009595	0.17303560771056872	0.03717896773741601	0.11636885983635033	0.43102259675781884	0.15143379864611609	0.02086076882927787
0.02187357680872838	0.0470267923338302	0.14707370117304358	0.0311334124415049	0.12654423080599847	0.4286041376036045	0.17766311043986166	0.020081038393428147
0.028365080868097275	0.04433690647492805	0.1745335695672157	0.0345344197997549	0.10905990311026917	0.431799586739377	0.16221745851197594	0.01515307492838186
0.027726163322330077	0.035405232587353494	0.18057373996208684	0.03701545455824874	0.1038368471120022	0.43309644400673475	0.1633363763264751	0.019009742124768608
0.017960169872862808	0.0382247691418624	0.1880430767236419	0.037536980363301026	0.11365070750949925	0.4180292550055036	0.16806999022102803	0.018485051162300786
0.018836880976246792	0.038722721307940355	0.21113242509536664	0.03942770677296911	0.10271558607211997	0.3964728618638864	0.1734263965567579	0.019265421354712584
0.018348159182298124	0.04740004412759394	0.18598944323020986	0.038354520288498964	0.10975658234393658	0.4312125851796219	0.15369743457681415	0.015241231071026387
0.020951692227708263	0.045084242449116366	0.19745934892884082	0.032608572450275	0.1250752687152818	0.38471273151017193	0.17559227383803028	0.018515869880575353
0.029701099946257553	0.046209125735460405	0.218922090475762	0.031127756346120874	0.12347811867086711	0.3688518870497015	0.16020146440067395	0.0215084573751564
0.029107597804098426	0.03551214474608293	0.22773745603060255	0.03594620969985679	0.10922073195848173	0.37692281052763077	0.1664880654563086	0.019064983776938063
0.020949123000604503	0.04008582350549572	0.23187987067442606	0.03525122512248206	0.11375036387741297	0.36283323944002915	0.1759507404910955	0.01929961388845383
0.02473080861663106	0.042541302076687174	0.1966283505906775	0.03922544086051079	0.11636259069116037	0.4189514159730041	0.14561108070499623	0.01594901048633257
0.01924723677161469	0.04485299608997714	0.23462070895872605	0.03906139455408468	0.11498215979245303	0.35813313143645253	0.1693716089152933	0.01973076348139842
0.019241434417728562	0.042539115763471955	0.20689795382148224	0.03525143971450158	0.10896161516159542	0.4026775583844693	0.1640188658391662	0.020412016897584595
0.02717578423541818	0.03835917260622178	0.21107532972206558	0.036553647944562895	0.1070861932626668	0.41105466749245945	0.15024150985519957	0.018453694881405566
0.018235195177487784	0.03669492901353798	0.20492435385123903	0.0394543527152339	0.10320455399422634	0.42158356913566053	0.15672833455530452	0.019174711557309737
0.02295898428137985	0.03972301182393201	0.20078705379412654	0.03359808480229126	0.1246118241612737	0.4000149965634886	0.15886180243934356	0.019444242134164375
0.022565748895877064	0.042970232611432665	0.19250376308880457	0.03299585661147893	0.11347864786006766	0.41945710561006666	0.15448917438034943	0.021539470941922892
0.024683070122663325	0.03808711889047382	0.1855629505109901	0.03515128296521659	0.11815663430139947	0.41207466267584925	0.16453900654212306	0.02174527399128423
0.01834750304586076	0.0427205792823552	0.21097068388404727	0.036915207590855925	0.0991437943864856	0.41469528829115254	0.16165631838766856	0.015550625131573861
0.02363209568971772	0.03747589609554579	0.18190005937765802	0.036450216598203036	0.10695679895202406	0.4325978960038287	0.16377836251946468	0.017208674763557807
0.021724017989759342	0.03852014330988347	0.22469563674605597	0.03233999660674265	0.11343724070573925	0.3720514901935722	0.1756682660755198	0.0215632083727271
0.0235501615517396	0.041373909930314895	0.1964822016419654	0.03435725042169854	0.11402744182048263	0.40023383721444095	0.17227552182093328	0.0176996755984246
0.02148573000611939	0.04392524565487661	0.21801142758787057	0.03825169365132412	0.12277917734941514	0.3967341274450946	0.14471014697391493	0.014102451331384283
0.022888899734866186	0.03908491131824332	0.22263687531493356	0.03969096234782349	0.1055644215385263	0.37154782963090116	0.175327822033282	0.023258278081423722
0.02006152681544013	0.04023746472349421	0.21048589685563238	0.035646407860772944	0.09925058003543569	0.4195313853787007	0.15993970541524888	0.014847032915274921
0.022523256367499578	0.038449743576096415	0.1933685476691732	0.035764140852090884	0.12369299382505922	0.40682141959552254	0.16455207608779376	0.014827822026764206
0.022660128597479887	0.03733380425086205	0.2305473172160871	0.03873783695352445	0.10654307670860108	0.37536737375524376	0.1685337884922984	0.02027667402590308
0.02100237033982924	0.03556981179620054	0.23630484371641386	0.0388539121559362	0.12595232628687578	0.3514605302015895	0.17062460908242344	0.020231596420731204
0.01952617202502427	0.041709030345768505	0.2148723253024163	0.03646940059432899	0.10107776178367453	0.3930696078942115	0.17104011130312038	0.022235590751455397
0.019571292317652686	0.03900783641212119	0.21305175291480494	0.03585478843288353	0.10153440530423022	0.4151568367618119	0.15748443307075247	0.01833865478574276
0.01897645129104339	0.041445632394171636	0.21185061113492792	0.03299135458968967	0.10982573257877595	0.4092038226685141	0.15797384731468406	0.017732548028193046
0.019335054366608886	0.047375170067646744	0.23531617420602308	0.03363843728969347	0.12115453134702132	0.37445861710433187	0.15304398065413982	0.0156780349645346
0.028704223981385432	0.040820321668388185	0.18306688069621868	0.03013292341880716	0.11988794362803497	0.4272636383099737	0.15224991801124166	0.017874150285950074
0.022554897952303157	0.04292176321798816	0.19565599494070707	0.03526251100675257	0.1060817717977825	0.3990427532446542	0.18040412138101986	0.018076186458792304
0.020237366853676164	0.04076269550853978	0.23591183099337262	0.03544478615577702	0.11784569250492119	0.35603461811781345	0.1764276952374241	0.01733531462847543
0.02025377040769198	0.04586726476761552	0.22883700735846862	0.03291504581782806	0.12407391880322774	0.35437154488582334	0.17059521959205104	0.023086228367293432
0.023615219030490783	0.038121493677468074	0.23420772371745802	0.03852364360754258	0.12048103801606869	0.36641421453148787	0.15819505444356072	0.020441612975923104
0.02699103261982319	0.04303970137200572	0.2283890646929358	0.03787986324201746	0.12634693132006433	0.34677654168627314	0.1709655214456866	0.01961134362119353
0.02773416930998271	0.04517290492370306	0.22948052056476137	0.03274441522096974	0.11468178662976325	0.36828559319295684	0.16222940225371119	0.019671207904151666
0.020518680544318157	0.043534239403379846	0.17203496930674445	0.03926072350578538	0.11873401196563187	0.4317614531938956	0.15264166660070205	0.02151425547954247
0.02566188045295717	0.04112829491635395	0.1926498942966338	0.038596239263948146	0.11255793379120452	0.4084774004677528	0.16485948547623858	0.016068871334910806
0.026638327855572047	0.04583170257181421	0.2376083232215233	0.03768614501241019	0.10108434384704056	0.3613907543697091	0.16987905687940769	0.019881346242522774
0.025749522799690144	0.039395808718609024	0.22403878378186876	0.0380969573796735	0.10020783029492802	0.37843081498627873	0.17920187879525618	0.014878403243695437
0.025527908528247975	0.034820856428655	0.19834500381248182	0.03144511458911789	0.11539419596097789	0.3959220144882605	0.17928077836819167	0.01926412782406703
0.027331749702665525	0.040958945762238325	0.19605745383439968	0.0324143603321677	0.10911222170855495	0.3935986779809557	0.17888434716776527	0.0216422435112526
0.028092315461775083	0.04206682351658514	0.14311517336913204	0.037837813141719745	0.12668972351766258	0.43423318977392755	0.17157058385304802	0.016394377366149668
0.019623406495835855	0.046452408315492355	0.16444306464301317	0.03906135061041559	0.1190398456322396	0.4286336585036916	0.16269163223248403	0.020054633566827587
0.029672559439121615	0.03882263811192946	0.21168972705991618	0.0348379358959289	0.12491907691167138	0.38796707005996356	0.15672629185474773	0.015364700666720937
0.026652284984993307	0.03840316370993695	0.23901286991007878	0.033193148837570574	0.10533729554143789	0.3545112046970318	0.1823647955532905	0.02052523676566001
0.029209202864907413	0.04369807596565704	0.23639188408689682	0.03795702298158872	0.09973633387299745	0.37102128631063525	0.16402932169895681	0.01795687221836033
0.027988288867449432	0.036957941487598414	0.2249088080435943	0.03513135455837717	0.11600228900026449	0.368153304667874	0.17468164375845432	0.016176369616387687
0.021679143014858265	0.03891108274416992	0.22795257410052194	0.03536680518836455	0.11929289488359988	0.3824564884158359	0.1573626372900785	0.016978374362570867
0.020134439389554032	0.04282176745015487	0.20061153524715855	0.02967600598376055	0.12533712749412007	0.4141931973106119	0.15006708349521647	0.017158843629423298
0.021683689983509946	0.03534050974510468	0.18992617849459595	0.037311645598355286	0.12327919066914121	0.41695940222370553	0.15842364610950127	0.017075737176086
0.029514472077909318	0.04057932504760106	0.21757763117415632	0.03346898111238189	0.10375342260462506	0.41500169055647496	0.14435193093633725	0.015752546490513858
0.029015484928135146	0.039992238744760614	0.17699692863813876	0.036950595240008	0.12534667496137314	0.42892631334261233	0.14470838277234066	0.018063381372631138
0.027468072163657334	0.03870746060611882	0.20060923504607436	0.03767848855488137	0.11463100699592967	0.3867951930713206	0.17526803928921486	0.018842504272802874
0.018279601165864245	0.041962239840276444	0.21785922451106143	0.03812338545141261	0.10688741113722314	0.40443050719131035	0.1510402306719158	0.021417400030935785
0.024892747467102544	0.040447057979030906	0.22111904450859024	0.039732190007990956	0.12269081417893755	0.3692122994600894	0.16239893320083454	0.01950691319742373
0.020640457624423583	0.03805506554652004	0.22830962721614903	0.033546044623446666	0.10190522979341601	0.3816275688901807	0.1785974330187129	0.017318573287150835
0.0276093228979455	0.04146868879192654	0.23420947503162998	0.03705703413999725	0.1173342256955545	0.3694592330407092	0.15743988005549986	0.015422140346736973
0.022975417440751766	0.04420757882942036	0.21606838671639372	0.03388387022858258	0.12501348965634704	0.3628861634925614	0.1725712716890986	0.02239382194684425
0.018799785590243895	0.0410139467326109	0.21961395671394135	0.039348554259106716	0.11584445208010412	0.3746286236311126	0.16969390633442222	0.021056774658457983
0.02635382422219261	0.03717586960061316	0.22551428837478252	0.034430223751876515	0.1144108461414953	0.37120871173815145	0.17121039338380473	0.019695842787083556
0.026777364293240652	0.0411687639949436	0.19206212397486944	0.03448602529484243	0.10348171472413614	0.40616568782205587	0.1778430990799196	0.018015220815992078
0.02762351509072146	0.046626207816090615	0.16372608395559501	0.03968141571814429	0.1252795076209231	0.41345955247764676	0.16589638941993307	0.017707327900945535
0.01880874182251807	0.0398254512695574	0.18758398200649393	0.03906233138779955	0.1125832561730685	0.42831715504422574	0.15512389664004186	0.018695185656294716
0.022327235515671492	0.04287078513491466	0.21133903808618446	0.03216759448397101	0.10585111484920147	0.41257264830242546	0.14961052492612556	0.023261058701505605
0.021778395234713255	0.038857134793536544	0.21716624038274626	0.03769985602390068	0.12627642045627413	0.37723531826471046	0.1614515389955462	0.019535095848572243
0.027850763674512252	0.03795440957259119	0.21283704719957364	0.03233962803835731	0.12227257012269761	0.3811441007114261	0.1648697580349831	0.02073172264585857
0.02471939070546686	0.040601773265493385	0.20958833852046316	0.0395511849601094	0.11992504768450485	0.3947324546997367	0.1509746114499178	0.019907198714307628
0.018273646350257605	0.047344680243497375	0.23866866431344474	0.03353920616151203	0.12229994967457095	0.3485177517631382	0.1701910132542814	0.021165088239297497
0.029134797694386885	0.044696799500269946	0.21345730155796278	0.03730790611192662	0.12013994914546508	0.3713868730201354	0.16745760344972402	0.01641876952012905
0.019539072539218993	0.03744375622891309	0.1937367460496565	0.039575550836917606	0.1224521520983688	0.39929602247671436	0.16590367068009704	0.022053029090113446
0.02587747265184734	0.0378768984390849	0.23410208568297372	0.030576522528981714	0.11919526221205304	0.3530053948856028	0.1771783498019547	0.022188013797501627
0.027772609261131162	0.03785841048654508	0.23802222689831654	0.0389967243658086	0.11639154001273092	0.3749247542682679	0.14915222864634572	0.016881506060853868
0.028692185389523922	0.041033352459019415	0.2131066059162639	0.036163039412920164	0.11362692062910476	0.3777925472475455	0.16884585108150724	0.02073949786411497
0.020060365431458976	0.046753819930911156	0.21022979373844752	0.036894194652000126	0.10126347937378158	0.415623421715402	0.14840508244362324	0.02076984271437532
0.021639050038930463	0.04439091073462832	0.20521844987062415	0.0385439842949713	0.112092973422556	0.39167183049438337	0.1695056493958849	0.016937151748021323
0.01897196592176008	0.04302698819110495	0.22948190772396537	0.03686693080846194	0.11175736661274552	0.37759106922145336	0.1614365663653871	0.020867205155121554
0.029729076645698738	0.04100422085242207	0.1887446244990551	0.03465165702173517	0.1020413506016947	0.42047728426072273	0.16055426685524418	0.022797519263427143
0.018946609446351584	0.04089069810436753	0.18303893648483932	0.030469963304271777	0.12570624550693438	0.40280233783476427	0.18074799965583904	0.017397209662631946
0.02054866096841887	0.03839969048282044	0.18255115674559916	0.0343049242375254	0.10252855249809625	0.43772167966175657	0.16877810653912317	0.01516722886665997
0.025905844635953953	0.042927652343407424	0.20386876055009584	0.039246294880099286	0.1219241567583874	0.36551656644557984	0.17755222042221494	0.023058503964261068
0.021434706169144682	0.04327918390856628	0.21335352069255886	0.03125154455320778	0.10303742177795625	0.41049169705645505	0.1625592994147984	0.0145926264273126
0.018653548047329438	0.04256002670725702	0.17419554077420935	0.03262475953421552	0.1182767949850051	0.41822516239354246	0.17704027588748217	0.018423891670958703
0.021484828091341113	0.040932430933486	0.17684116039538572	0.03305084122759419	0.10870814783990174	0.4311094765873992	0.1709470185119858	0.016926096412906128
0.028307988449748425	0.046950079451865204	0.20041619181105627	0.030441953557134277	0.12467924483905703	0.3852024410022752	0.16986168884716832	0.014140412041695152
0.02385106377745111	0.047011546831478485	0.22362086984387597	0.030934932556545752	0.1252589881792031	0.3499977346681866	0.18080230750995196	0.018522556633306778
0.026579691835261654	0.04531117310781019	0.18663528898676068	0.032261797477117826	0.11921418543011199	0.3953377066496765	0.1796600488251845	0.015000107688076456
0.020381217355757764	0.04509363573798218	0.2202065359244484	0.03745376369238056	0.10148614203800509	0.387560539248208	0.16645974896821658	0.02135841703500127
0.022583456878349062	0.04240801445764583	0.21161840381334385	0.031178879838027	0.12218309535264504	0.3878653248998951	0.15923934733344208	0.02292347742665174
0.028790556295324662	0.03618367683889237	0.20089181666638128	0.03186178629332362	0.10637752227629212	0.40898826916952125	0.16754586559557377	0.019360506864690735
0.02310882516408118	0.037420909003735334	0.2060978634776228	0.03226897988433826	0.11495463193897526	0.3925249077226388	0.17100188211666875	0.022622000691939453
0.028483872281844527	0.03890800372326661	0.19873255963451142	0.036138954127939577	0.09954541447981405	0.4218135201389629	0.15321424534162864	0.02316343027203198
0.02666499995140023	0.04716214843003251	0.2234720463277184	0.03767781984069887	0.10441936392050333	0.3703770773212003	0.17066727794133096	0.019559266267115225
0.020386210686275497	0.038513992270431785	0.2251193301459136	0.03315967544041121	0.11290370361799315	0.386736446045572	0.1672513920355174	0.015929249757885094
0.02173541010414301	0.040753435640980495	0.2266893420921297	0.03694737567075364	0.1260307139494971	0.361851016771082	0.17074289176830862	0.015249814003105239
0.018027862466210937	0.042692731753185095	0.2289819920349996	0.03736994687018744	0.10713087468275712	0.39688928459763717	0.14826401631735855	0.020643291277663817
0.024589677153393913	0.039270579551329704	0.19945114087822036	0.03625652172464659	0.12378077424479592	0.384298673404575	0.1692522416148901	0.023100391428148237
0.02867225531080067	0.04388018702313923	0.23132710970814302	0.03351184439943977	0.1016288110087024	0.36786409747099824	0.17047222088805264	0.02264347419072385
0.018323112222316	0.04356184379097636	0.20707382840358018	0.038349550645088576	0.10638144631031075	0.3958095618940114	0.17013615890023961	0.020364497833476963
0.018271430689207488	0.046051579476587876	0.2018101782248535	0.0324611074168014	0.10400602375236452	0.42203763833187136	0.15243796058864809	0.022924081519665518
0.029048826557846227	0.04326189039813351	0.1706684739318141	0.037211074592670826	0.10714327570687114	0.42485288446305514	0.17090364501096905	0.01690992933863976
0.021108682253369218	0.040998253903431425	0.23364122597042886	0.035847832479345865	0.1003618783247319	0.36813392033801967	0.17874953310962588	0.02115867362104701
0.029122941949643308	0.03943093920225582	0.1725921486038544	0.03284309340360078	0.10367532338673545	0.4247288951189777	0.177458154355515	0.020148503979417268
0.026606815058313762	0.03615353252406349	0.19814388102945707	0.03782583182456563	0.10575400283836377	0.4060206883620098	0.17363702789241062	0.015858220470815726
0.018713020020542773	0.03792985276122712	0.17970225756180858	0.03641088198945158	0.12426310282939738	0.4309170006481524	0.15382825694320987	0.01823562724621014
0.019565272919982946	0.03630818526106899	0.23092417507583238	0.0361110287382746	0.10871491908579947	0.39182442665194817	0.1553010039186509	0.021250988348442412
0.023184833506498248	0.035314370934073136	0.20897988214002455	0.0371667043616378	0.10410351508451456	0.409129344519209	0.1593191605519995	0.022802188902043052
0.026312278021793062	0.04584723412715992	0.22095234920547066	0.03361000414659608	0.12049217502157497	0.35763299507855956	0.17442135876921006	0.02073160562963551
0.029206842098144614	0.03452002880861525	0.22472630703678553	0.03841079661126644	0.12206868402204953	0.3606914078171708	0.16805299405184004	0.022322939554127674
0.01806250721801214	0.04306970118904052	0.18089073884182078	0.03847240521123041	0.10257859946269707	0.43547543534830724	0.16298053190096917	0.01847008082792248
0.02692563570525698	0.045766997544991264	0.21149364436974238	0.03931143711196641	0.11743312254415848	0.39079782599725765	0.15389605910055149	0.014375277626075114
0.020849340785665332	0.03681892031041614	0.22857544306988098	0.03751123268243563	0.10789502397801821	0.3818785984277311	0.16776139381175584	0.01871004693409667
0.023633265347998367	0.04225758657714723	0.20161999824644383	0.037925988400090316	0.10931622045974237	0.38597249719221793	0.17868985976910606	0.02058458400725363
0.020971565217967336	0.045666543932077155	0.17971508055121124	0.036606637853070764	0.10432192540722218	0.4350680603830821	0.16040850156631833	0.01724168508905069
0.02297845042839576	0.03697395356403575	0.21218071851392425	0.036884450627643256	0.11466263461208878	0.3873982117937348	0.1740748353884674	0.01484674507170991
0.028247242474090065	0.04692731033337176	0.17559230739982085	0.036359231987553225	0.10692101030497812	0.4308361150489738	0.15322969671858389	0.02188708573262821
0.028352505219100113	0.03716882762358882	0.21233296636522717	0.036453552792794636	0.11195786251644878	0.3839482862538647	0.17147317240886084	0.018312826820114828
0.029647108261963484	0.04042150014266177	0.20230603853489698	0.03962822757190511	0.11187470022729368	0.393361684934186	0.1679390166699496	0.014821723657143168
0.02427448083676767	0.04027233110678409	0.16353128849046722	0.02991634872055904	0.12056584499255776	0.4225103437409201	0.17619957360539346	0.02272978850655058
0.023380148034531395	0.03483210685132365	0.2065575913585361	0.0371776297228229	0.10959948277645998	0.41809738663592255	0.15520712001065742	0.015148534609745815
0.021891549648890868	0.04505437756816505	0.2283016658143281	0.03164647790279408	0.1227180027500906	0.38632166396960366	0.14694049976730283	0.017125762578824588
0.02850153844507454	0.040517114110571115	0.19207704372478468	0.036430214112600154	0.1189668534628204	0.3801493464093889	0.18241955126940076	0.02093833846535928
0.024620221583929472	0.04731317611682097	0.1864596247321851	0.031896477715425864	0.122161958899084	0.400388074133045	0.16664500201398685	0.02051546480552259
0.02385405149503053	0.0439859575814589	0.19766317278025425	0.03970736826601806	0.10035163061306364	0.403239727958956	0.17398334571688717	0.017214745588331193
0.024488254242427968	0.041818546658147895	0.19242530285099768	0.03497740010385876	0.09977919190746311	0.42909114478834176	0.15537372886263884	0.022046430586123766
0.019943237460297025	0.0390162122845385	0.19931692491064673	0.03350221586869584	0.10033572282087633	0.43224338784549887	0.15423286140322212	0.021409437406224516
0.028650540116094414	0.04132894982630028	0.20527953718262876	0.0356460445452533	0.11085053829351534	0.39558842000879846	0.16231560240170095	0.02034036762570826
0.021876283170122593	0.034784897783960336	0.1857752626559533	0.03261926113872947	0.10492555511987814	0.43364088513754906	0.170369214124164	0.016008640869642904
0.028352042661745652	0.04631743180484009	0.18629374142778002	0.0381154920472173	0.10136322451751371	0.4046245339162283	0.1742808986732745	0.020652634951400156
0.022762512482637665	0.044765699599785366	0.21593787866863753	0.03341216544283601	0.10751769053629281	0.41588372209085434	0.14457060766033164	0.015149723518624425
0.025600679103768703	0.03478116093422097	0.19331748747459476	0.0364857228858609	0.11421419631414036	0.39785416685762487	0.17578911513658163	0.021957471293207576
0.025056835428187638	0.04511215934411876	0.1987618378186275	0.03729276562904975	0.12165242887390156	0.4109225393629662	0.1461571327833416	0.015044300759806811
0.02373349672252391	0.04055857431707402	0.20892401014496953	0.03185983626164143	0.09964970931343814	0.39281554063107527	0.18173098131909157	0.020727851290185964
0.029181378348728415	0.03799140785632377	0.2195529979216227	0.03218349742669693	0.11658791618180152	0.37809922006455465	0.17034354309700508	0.016060039103266796
0.02411580699540518	0.04582935379106791	0.21150313436819668	0.03364069465860532	0.1101882327848738	0.3772496662485638	0.178270024527242	0.01920308662604507
0.02416532278837491	0.04426592022969919	0.16401450871913203	0.037301481004231404	0.12661193538118415	0.4116391270260089	0.17685172466534102	0.015149980186028256
0.025957055725766162	0.03758668652373959	0.22855139698720273	0.032193150445014834	0.10550266482696219	0.37880300269823763	0.16949403575314664	0.021912007039930084
0.020323109758544178	0.0351079108447558	0.201580757681048	0.038013974310026066	0.10307866327859261	0.4076174711904561	0.17711071679222104	0.017167396144355973
0.026407209297033316	0.03642647672559139	0.21370142909172699	0.03902642778153023	0.11583695307299502	0.368230586072508	0.18111951677246052	0.019251401186154316
0.01893177786947431	0.04377709016692423	0.23193095732644287	0.03211195662349793	0.11951078300888808	0.3635046169671629	0.167175431400005	0.02305738663760451
0.022972181422400748	0.037392600045150104	0.23318318283415496	0.038986686773965606	0.12629387144198015	0.355496074681911	0.16508942491235423	0.02058597788808303
0.025019210305979978	0.04199962709712292	0.20437366366070614	0.03645485485500154	0.12496797530388377	0.3652368847570394	0.1806389750066483	0.021308809013617785
0.01864100162528097	0.039290353281779045	0.20702174845731153	0.03320921703163096	0.10337858899800913	0.4065489814662131	0.17532232839255074	0.016587780747224307
0.019224076020399813	0.04587885810122873	0.20881716188401855	0.03156121015924694	0.10090934244330947	0.39115874359191805	0.18133396312338484	0.021116644676493407
0.02167244251487975	0.04132549818355302	0.18201185379139348	0.03402827344917986	0.12503888886837922	0.3950020836182122	0.18114478857972743	0.01977617099467488
0.026441530221864795	0.038767381752559046	0.17447797277691546	0.036574647029381166	0.10968106032821133	0.41924015788474256	0.17734249033301253	0.017474759673312967
0.024029836481641476	0.041658679902291884	0.20367065385246427	0.0348398244432017	0.11156627144341585	0.4157125578370483	0.15429473364393598	0.014227442396000295
0.02107317872900162	0.03951652773431276	0.17724255907572264	0.037829421335590946	0.1268080811059218	0.4132543970707716	0.16138865006133002	0.022887184887348394
0.021027572475740372	0.045307340887681194	0.17986986619826403	0.038481832767145716	0.10712228125856912	0.42482819292239027	0.16735856612170147	0.01600434736850756
0.028969144361910948	0.04013925750008644	0.16825992458018613	0.030974660769681847	0.1228405307677598	0.42668665057908595	0.16427867982943556	0.017851151611853147
0.02866407915395125	0.040772740428425394	0.18102578612908976	0.038654371572730245	0.1100689274989599	0.4261278851957384	0.15416243039801278	0.020523779623092056
0.02738296462586373	0.04641990322199531	0.1901462835198521	0.029874507554074975	0.12370428289679655	0.39715106990426285	0.16334519700363268	0.021975791273521506
0.019080131846763715	0.0367223770570209	0.23476972726700768	0.036872531507144826	0.10736535233709453	0.3769692986770725	0.16517314594641908	0.023047435361476576
0.025830940526474513	0.04227804078466324	0.18484903459928922	0.03127228826622791	0.12507821491472593	0.3880633955332041	0.18116568293803723	0.021462402437377653
0.021893832196170623	0.04506048966883955	0.18261425061897332	0.03494673397980276	0.10643702234128477	0.4258741588227001	0.16444417765621044	0.018729334716018314
0.021389988998510606	0.04349799788338439	0.17975263108840706	0.03320540635803014	0.12040425737740718	0.4158934115572229	0.17083755128721612	0.015018755449821439
0.029449103474676996	0.04025607649357772	0.19568024607206325	0.03204793016362377	0.10013677113925823	0.4378587954040799	0.15034372688046438	0.01422735037225556
0.026235144925204706	0.04152910721509295	0.1788040744238498	0.030587171884786962	0.11936619657924734	0.4323903495032463	0.151162350210984	0.019925605257587714
