0.07038487638343127	0.5836913503759151	0.3459237732406537
0.2921365050007731	0.13570100214499592	0.572162492854231
0.054785901173237284	0.1150358038845028	0.83017829494226
0.11699386072842122	0.781419820626333	0.10158631864524598
0.13750357426480608	0.314036960986535	0.5484594647486591
0.6711977607719788	0.08369026352682646	0.24511197570119492
0.05200784146226606	0.6898690699525096	0.25812308858522437
0.17765373716814986	0.13549475593043148	0.6868515069014187
0.2957749951946733	0.21013635008250264	0.4940886547228241
0.10694566233464886	0.48702687431297464	0.4060274633523766
0.8803212945373663	0.047230567325821315	0.07244813813681256
0.5126343666640023	0.15227197999966724	0.33509365333633057
0.2036460217875731	0.2252495658309512	0.5711044123814758
0.3125884387387613	0.29375926037882005	0.39365230088241876
0.33442565320987644	0.3847458502754064	0.28082849651471725
0.400388118787434	0.34853000613074375	0.25108187508182234
0.7722849040298809	0.10676160018807335	0.12095349578204578
0.757879811889796	0.21573130042184807	0.02638888768835601
0.24247022938079188	0.394884848145141	0.3626449224740672
0.039592796687079435	0.7373971816313716	0.22301002168154918
0.3348702933479209	0.5142617392084319	0.15086796744364728
0.687398219953509	0.07913096043640522	0.2334708196100858
0.08006057376919107	0.850172710024415	0.06976671620639419
0.3048135963648488	0.013462465354352415	0.6817239382807989
0.6411754028135481	0.19915634692504225	0.15966825026140974
0.3043455857198821	0.6372067323324733	0.058447681947644825
0.28723371842912315	0.5035640639288956	0.20920221764198138
0.12806933936386733	0.46089883951105015	0.4110318211250827
0.4360256694019583	0.019210552353923827	0.5447637782441179
0.6100112139408576	0.2874359509238727	0.10255283513526978
0.018188083470263683	0.6134770508670226	0.36833486566271384
0.4648893431186799	0.3526936017938966	0.18241705508742356
0.15526572523667093	0.5250104743267603	0.3197238004365689
0.09523824348247917	0.8364170383485606	0.06834471816896032
0.13903330299405803	0.04310716187458069	0.8178595351313613
0.08516890612467137	0.5046035814728105	0.4102275124025182
0.4998693030030457	0.4507914859720861	0.049339211024868324
0.25551715836584216	0.6248703305412919	0.11961251109286603
0.06301159857824262	0.24797264138912126	0.6890157600326363
0.18148539254766996	0.8097377533995536	0.008776854052776617
0.16759475184915668	0.1278203818491704	0.7045848663016729
0.37151344585781454	0.3189956339081593	0.30949092023402625
0.12801649278842492	0.8536055448127664	0.018377962398808845
0.887314570298081	0.06293746535727462	0.04974796434464446
0.7531741984283348	0.06264949492476812	0.18417630664689727
0.023567623244292957	0.46839054233880933	0.5080418344168979
0.5765339738317844	0.28740895028389246	0.1360570758843232
0.16607335247913982	0.5985315216523661	0.23539512586849426
0.33726743918808344	0.5618017465332611	0.10093081427865563
0.17170069461992188	0.31580648902121183	0.5124928163588663
0.3466429031721103	0.14241661623547197	0.5109404805924179
0.34172093972080536	0.5280623068748175	0.13021675340437727
0.6151197972053231	0.0465988264172017	0.3382813763774754
0.20375686770463058	0.14442129770872542	0.6518218345866441
0.435303768165308	0.4120246549370097	0.15267157689768243
0.2983923764040271	0.5196713908839942	0.18193623271197884
0.573339038838681	0.06517654046427834	0.36148442069704073
0.4514624255678596	0.5364442450461062	0.012093329386034246
0.4046529776040113	0.19659038448524785	0.39875663791074095
0.08781752743111929	0.5764326151236916	0.33574985744518915
0.05772963436188022	0.4170855294907486	0.5251848361473713
0.23223164535288746	0.6919267879655459	0.07584156668156683
0.022982204533455508	0.8997525230996133	0.07726527236693126
0.2120007278736784	0.4352741132742704	0.3527251588520513
0.5098484458286516	0.2493907168084903	0.2407608373628582
0.46010676914398574	0.25919264341787795	0.2807005874381365
0.009696197763098435	0.3372760015018614	0.6530278007350403
0.3407046996120495	0.64491848655365	0.014376813834300561
0.7755480507634246	0.02217020000361397	0.20228174923296155
0.5441066698110987	0.052092405234325345	0.40380092495457603
0.2372436044040414	0.3050183507038961	0.4577380448920626
0.6473050883086822	0.3265812205620643	0.026113691129253713
0.1602354579698197	0.5005470390828045	0.33921750294737585
0.4858808876969782	0.4374699401342771	0.07664917216874478
0.4039254576438466	0.34874997280902553	0.24732456954712798
0.7475152775706755	0.0487151718939719	0.20376955053535267
0.24956255237073652	0.18046828859926572	0.5699691590299979
0.015834844256942315	0.3730126500244578	0.6111525057186
0.24055127597755452	0.004311611017595918	0.7551371130048496
0.5736408340325642	0.24297363787411097	0.18338552809332492
0.10410875280921272	0.6061488050782045	0.28974244211258293
0.242657625543751	0.699001753092859	0.058340621363390244
0.6017187179239637	0.17330595918072686	0.22497532289530958
0.5329012117243896	0.11659796326399191	0.35050082501161856
0.37041841700957323	0.6231282121701333	0.00645337082029368
0.21134920499509416	0.6767223585772697	0.11192843642763628
0.4538205899797117	0.36064772773134485	0.18553168228894354
0.14698572995712778	0.4452496087086158	0.4077646613342566
0.6757723121005619	0.08924125945609435	0.23498642844334391
0.15553486561331564	0.4460043394486888	0.3984607949379957
0.0065772698298789956	0.2569965938728589	0.7364261362972623
0.2043806096667017	0.30185972590638943	0.493759664426909
0.22841694481880204	0.20030435250424344	0.5712787026769546
0.2508675360959588	0.7097800108068912	0.03935245309715013
0.2789061342254066	0.4755269043483324	0.2455669614262611
0.19478690040697216	0.4611596098719089	0.34405348972111904
0.3509228007232275	0.31662330825274126	0.3324538910240314
0.7337545746953832	0.17613075524720748	0.09011467005740942
0.6327384847808764	0.001637157853519755	0.365624357365604
0.01630365679629836	0.3365858994322415	0.6471104437714603
0.6262017478025591	0.17286980210006408	0.20092845009737692
0.6396009789030697	0.21130458854571124	0.14909443255121915
0.26974167591185005	0.22801401835937618	0.5022443057287739
0.005315760601174613	0.7134440360514582	0.28124020334736727
0.23094062576104651	0.7389699947687034	0.030089379470250255
0.290162355588211	0.3098629935150013	0.39997465089678774
0.5178112848782178	0.13340008626026456	0.34878862886151774
0.18592057813202256	0.25462020367104565	0.5594592181969319
0.4512075680892658	0.15571704834705755	0.3930753835636767
0.10823925375239937	0.5713278656611924	0.3204328805864084
0.019081629040625825	0.1443021904121231	0.8366161805472512
0.6633221942242422	0.17228204002511793	0.1643957657506399
0.15332425191730098	0.7097365677786458	0.13693918030405325
0.2826605541377316	0.3633841342414991	0.3539553116207694
0.16125259954796647	0.8274841212958239	0.011263279156209727
0.6975043925754446	0.009576074276661073	0.29291953314789443
0.2429415209470004	0.4921881708295722	0.2648703082234275
0.4717539677725205	0.4111416263797831	0.11710440584769655
0.01164818298258985	0.5335358103155906	0.45481600670181965
0.0877692926035657	0.8680261536107562	0.04420455378567828
0.7224218897684631	0.011106860121095297	0.2664712501104417
0.013299547364080344	0.28980838398761716	0.6968920686483027
0.3642817946342058	0.19857653113048648	0.43714167423530786
0.11631622791143442	0.6252033333115622	0.25848043877700355
0.9023549078928262	0.05607008903226807	0.0415750030749058
0.6416043170013865	0.3206064239739877	0.037789259024625876
0.011872450979900417	0.37532053328720516	0.6128070157328945
0.2628059969933407	0.4943097154302932	0.24288428757636626
0.21803709994567297	0.07776756544208319	0.7041953346122439
0.27221793976546915	0.48682581783230383	0.2409562424022271
0.5053486004178884	0.18816916475975498	0.30648223482235676
0.8453886763059443	0.12727192162245973	0.02733940207159613
0.34504878658752314	0.5148280762268472	0.14012313718562974
0.1264225426760642	0.05485145835391514	0.8187259989700209
0.7912083290271179	0.15084945373183173	0.05794221724105042
0.045684749179641215	0.27581260549234304	0.6785026453280159
0.17763008563163954	0.1643718906345754	0.6579980237337851
0.008249109920777709	0.7362878859992332	0.25546300407998923
0.16545957318048354	0.749971898169118	0.08456852865039849
0.4286381891876831	0.2666388054196346	0.3047230053926824
0.39536806832999066	0.38228214473187916	0.22234978693813032
0.15564961132655306	0.6949651722104604	0.1493852164629867
0.12535000624132728	0.6168382152460968	0.257811778512576
0.3137200624273735	0.6294220961144297	0.056857841458197
0.16838577434427263	0.006073125500513865	0.8255411001552136
0.18359243600863145	0.7225200069551817	0.09388755703618701
0.27443572747683576	0.5988534723390299	0.12671080018413455
0.4453160432987836	0.49810590628615514	0.05657805041506142
0.7008412224800812	0.14150204394978927	0.15765673357012963
0.8585867471442253	0.11856396174524769	0.022849291110527137
0.0038380931132491747	0.22968949020514157	0.7664724166816095
0.26280903829091956	0.46574523452982064	0.2714457271792599
0.7523427829722118	0.01671779224594444	0.23093942478184387
0.19005171703531423	0.05514964505083736	0.7547986379138485
0.5004936584360001	0.11304009588679825	0.3864662456772017
0.31437019643175973	0.2107635379289261	0.4748662656393142
0.5139281112179865	0.4101434318213004	0.07592845696071321
0.03412642662581383	0.3449484725322731	0.6209251008419132
0.44827067154811395	0.5384850681353939	0.013244260316492229
0.051127615757059486	0.16463789359991737	0.7842344906430232
0.36675997534638327	0.35908120462510595	0.2741588200285109
0.01702799859414994	0.3952715377783435	0.5877004636275067
0.5493841764118514	0.10513526998855927	0.34548055359958946
0.07397115648015334	0.7580046617577127	0.16802418176213407
0.6275522602107294	0.2002471226459867	0.17220061714328394
0.7262187350520511	0.01582184862496111	0.2579594163229879
0.015903188920066924	0.5879112809207162	0.3961855301592169
0.8570308961406669	0.06530561441414207	0.07766348944519108
0.47265962884599855	0.011182393180481087	0.5161579779735205
0.39712743564598846	0.19341270360689194	0.4094598607471197
0.5816453733805981	0.31166446657876024	0.1066901600406418
0.22635876022897322	0.41513638286861343	0.35850485690241346
0.0783956095255286	0.8380328946504945	0.083571495823977
0.36064283430479493	0.2806367445608223	0.35872042113438285
0.5135721139761249	0.13792684306727707	0.3485010429565981
0.6690447956162241	0.05868066169068553	0.2722745426930905
0.6714856610127973	0.10609019265844005	0.22242414632876284
0.3132095560111627	0.19849456177201247	0.48829588221682496
0.11660106115112889	0.5083691757249265	0.37502976312394476
0.4158061107066032	0.11535428108027945	0.46883960821311743
0.6655714036106539	0.24264575036367192	0.09178284602567419
0.04763834182032134	0.544144828092882	0.40821683008679677
0.7836818550080557	0.055746256930048255	0.16057188806189618
0.3352655750013877	0.6003391778051799	0.06439524719343259
0.6844558624072178	0.24867088373651164	0.06687325385627074
0.0317198250103784	0.21055085116017963	0.757729323829442
0.5526359721046004	0.38446087044998906	0.0629031574454107
0.667941018052681	0.1209998403566376	0.21105914159068154
0.009252293404495127	0.13617048063722262	0.8545772259582824
0.11840266078653067	0.5161682215021325	0.36542911771133696
0.29281364437031554	0.31679977282215244	0.39038658280753213
0.47057817479918707	0.15007885919831174	0.37934296600250134
0.6446929478476167	0.28907865838674435	0.066228393765639
0.18123656223197268	0.09750216153401334	0.721261276234014
0.22055606369113606	0.5559066143400193	0.2235373219688448
0.224882548480734	0.2402045679049456	0.5349128836143204
0.047253355845249756	0.6949137042671036	0.25783293988764666
0.009625298511893754	0.17178143417603234	0.8185932673120739
0.5989294658586275	0.1779902253983369	0.22308030874303575
0.5895958753876529	0.2169293533248033	0.19347477128754392
0.3480159787399214	0.0958871434414911	0.5560968778185875
0.197224092374672	0.16040142584075506	0.642374481784573
0.23508537960551726	0.4963315825197139	0.268583037874769
0.4571546902120074	0.46319101671949436	0.07965429306849836
0.2679355587598905	0.32447429586150844	0.40759014537860117
0.5469695079413708	0.1942047587761267	0.25882573328250263
0.18735066533560574	0.26608501880865815	0.5465643158557363
0.15991894945876944	0.4159982815866151	0.4240827689546156
0.07841869944677432	0.727925678255921	0.1936556222973047
0.20631863117926347	0.06726232008862543	0.7264190487321112
0.6733339561447761	0.23509387262605316	0.0915721712291708
0.39518589303125295	0.4295156007676145	0.17529850620113263
0.3843448396388759	0.2181072533630482	0.39754790699807596
0.4431810317050513	0.25881414136831166	0.29800482692663716
0.1890659387679785	0.05429347864450618	0.7566405825875153
0.4868698197084963	0.31856614400706185	0.19456403628444197
0.18579912607143778	0.4869590076041047	0.3272418663244576
0.6846624715966897	0.2559104469294282	0.059427081473882204
0.5670382752530441	0.0802102382548307	0.35275148649212523
0.05918514718090706	0.5140999322517339	0.4267149205673592
0.7586621056505799	0.22704693131099934	0.014290963038420923
0.21522434513133237	0.02899943780307479	0.755776217065593
0.361470318738472	0.5730310330169078	0.06549864824462026
0.6213241443088575	0.33352141235269006	0.04515444333845242
0.43552446856587157	0.41846102756068293	0.14601450387344564
0.2530425040327036	0.08847931762071873	0.6584781783465777
0.16520319018391955	0.1179925092096979	0.7168043006063827
0.678713828571292	0.2909737801379175	0.030312391290790608
0.11447154271476626	0.2953385598153473	0.5901898974698866
0.6962989520027689	0.1073044978846206	0.19639655011261065
0.16587316357322646	0.7626685792675889	0.07145825715918475
0.6007636494015718	0.12424230090900373	0.27499404968942454
0.1643544315241617	0.5518366827964505	0.28380888567938795
0.3305510434436135	0.5766960919834531	0.0927528645729335
0.4225912435642331	0.5251800606917025	0.052228695744064524
0.3298110082707611	0.10415215882847872	0.5660368329007603
0.8475758091876381	0.10670237892816281	0.045721811884199215
0.7242346966192403	0.11868056899040447	0.15708473439035528
0.5892689875828812	0.4019711471942877	0.008759865222831176
0.14008284453270967	0.30680285830175763	0.5531142971655327
0.05108178150525006	0.6080836662051454	0.3408345522896047
0.15410396228091675	0.6014823715624524	0.24441366615663096
0.5984981719481608	0.1910217243452222	0.2104801037066171
0.045651819676516714	0.8725327227132722	0.0818154576102112
0.16582946176217445	0.6983582235105186	0.13581231472730715
0.13195047663543974	0.5491790251992466	0.3188704981653139
0.034364255103913166	0.611341197360654	0.35429454753543294
0.16621583823510552	0.06834002769369046	0.7654441340712042
0.5768092438840391	0.17273268060569075	0.25045807551027033
0.2904651286051873	0.2380377897067913	0.4714970816880215
0.11083946111200918	0.36285318245966475	0.5263073564283263
0.5602991142704687	0.3025622846464914	0.13713860108303996
0.4821750678593373	0.01828531600263056	0.49953961613803227
0.5548130896485799	0.0927879245397156	0.3523989858117046
0.014648404168617568	0.6561984750990619	0.32915312073232067
0.2705645759314974	0.4880174104079565	0.24141801366054622
0.48634559728748455	0.34577535775939056	0.167879044953125
0.04889049351065222	0.07852603157501659	0.8725834749143313
0.47800225578741784	0.32500681680239607	0.19699092741018617
0.3264463028480393	0.053138219103218365	0.6204154780487424
0.057683043085312136	0.698899008621405	0.243417948293283
0.12820107947966203	0.768362627087613	0.10343629343272509
0.3212162718260376	0.1704180173641724	0.5083657108097901
0.136773800716471	0.2926036894489595	0.5706225098345696
0.5841100109293222	0.04260471520226261	0.3732852738684153
0.44992586792422185	0.27493502779866763	0.2751391042771106
0.4000538651781391	0.2918519281595112	0.30809420666234977
0.10687418972351409	0.3856435256345371	0.5074822846419489
0.26886683664281563	0.3008500609864957	0.4302831023706888
0.49367198788464245	0.13649574325601746	0.3698322688593402
0.26912298993480177	0.5822635653283287	0.1486134447368697
0.383668830521005	0.5863449724546177	0.02998619702437738
0.09973165157887093	0.7936549291541777	0.10661341926695161
0.2915206957228496	0.35054375494129786	0.35793554933585264
0.6600560826537276	0.06259753925775213	0.2773463780885204
0.5179745083245774	0.11102416497487397	0.3710013267005488
0.29401116233461594	0.4651298163048835	0.2408590213605007
0.34111900170619597	0.4737819204379521	0.18509907785585206
0.685021441185966	0.23458798359031632	0.08039057522371779
0.2730372275256213	0.3644167085693715	0.3625460639050073
0.6304108154648744	0.3150134911797044	0.054575693355421284
0.021449566316602775	0.6233192575850584	0.355231176098339
0.4894617543972718	0.42588294749200406	0.08465529811072425
0.5376762514318771	0.12593130982433398	0.33639243874378894
0.1178997770923294	0.7513253694331221	0.1307748534745486
0.15721687551624888	0.11784272729510545	0.7249403971886458
0.2945840186717175	0.10656360156782207	0.5988523797604606
0.22903400992258216	0.579153404672886	0.19181258540453194
0.40011304839075035	0.2143603154143637	0.3855266361948861
0.03991738072607043	0.7920475768659384	0.16803504240799128
0.0874918503858681	0.5698951604320461	0.34261298918208594
0.1664833628045831	0.5961635571756534	0.23735308001976374
0.22373027057534955	0.2824305562312867	0.49383917319336385
0.029250223388124497	0.34084531927733847	0.6299044573345371
0.134877196718833	0.6086947260870652	0.2564280771941019
0.19008545054043022	0.794527789511172	0.015386759948397888
0.18995892481266757	0.6039242086015139	0.2061168665858187
0.5348546704352978	0.3521767786978373	0.11296855086686497
0.14468018237653427	0.8342740071688054	0.02104581045466053
0.06202302468677601	0.5820840103435653	0.35589296496965894
0.2471161735127475	0.11945575388737406	0.6334280725998787
0.3670881271254702	0.025984268618675976	0.606927604255854
0.524040052708438	0.4376513963371809	0.038308550954381126
0.11158093685069037	0.22304028919277685	0.6653787739565329
0.3046739852148016	0.38935786296976327	0.3059681518154353
0.4132194176751283	0.4475845477255108	0.13919603459936095
0.11381935359088827	0.21581720506345886	0.670363441345653
0.04790008488783204	0.06725659529208394	0.8848433198200841
0.23841204708971359	0.20158531841688404	0.5600026344934025
0.2040941747710144	0.6608751497871332	0.1350306754418525
0.4686874001625324	0.4453821896981839	0.08593041013928379
0.10935444672322761	0.31644133488328274	0.5742042183934898
0.23286110950529978	0.4143672753246901	0.35277161517001027
0.06809640353533325	0.8002299241787557	0.13167367228591112
0.27849785359273893	0.45099728876332107	0.2705048576439401
0.5018049364997641	0.17353193504480677	0.32466312845542933
0.6866459543399251	0.1636083939852555	0.14974565167481946
0.13517242088672393	0.3385914183551547	0.5262361607581215
0.4202684153243335	0.24215433900054595	0.33757724567512065
0.8310182189438936	0.10184974003619393	0.06713204101991255
0.6420384471565104	0.017510124403181615	0.34045142844030823
0.44850542795568676	0.09758891336514292	0.45390565867917043
0.22198447540826918	0.47789734897318586	0.3001181756185451
0.6521057276303585	0.14741291159995643	0.2004813607696852
0.1858426417960044	0.7429596803833228	0.07119767782067288
0.31315836392829444	0.16380105061653527	0.5230405854551704
0.161422384467168	0.5408170495382456	0.29776056599458656
0.33075837391971463	0.5936329184695548	0.07560870761073063
0.18213579081581918	0.5218061271023398	0.2960580820818412
0.2826739346648849	0.3065768839846201	0.4107491813504952
0.24555154835445472	0.031532105796299226	0.7229163458492461
0.16401895434677694	0.48386945343292	0.3521115922203032
0.5192350603908799	0.0712120767026087	0.4095528629065116
0.5499663600226812	0.11361043819537764	0.33642320178194135
0.547784325295256	0.025855135472778457	0.4263605392319657
0.21845049788976167	0.7518075282455942	0.029741973864644278
0.6551085639235211	0.20922213708529785	0.1356692989911811
0.31118298135108374	0.39409047553222165	0.2947265431166947
0.09109822885902957	0.7316357063804593	0.1772660647605112
0.09454293806454278	0.41357078855660523	0.49188627337885205
0.04807735506309091	0.7898492404266377	0.16207340451027152
0.4786767662658601	0.218217320429911	0.30310591330422904
0.6702024882110823	0.20062087599061085	0.12917663579830693
0.48123101841099547	0.2820333109085178	0.23673567068048684
0.40790868295726723	0.44574143636370767	0.1463498806790252
0.25120163200717927	0.7088459672739598	0.03995240071886108
0.1019899996695593	0.866377432979666	0.031632567350774854
0.594764348485304	0.13737268328883145	0.26786296822586453
0.00828599172308181	0.16447438892935212	0.8272396193475662
0.5809661219854909	0.34211506420919574	0.07691881380531335
0.27665313027472155	0.5732710452010479	0.15007582452423068
0.15984131880530095	0.5753503985025018	0.2648082826921974
0.19815407963179504	0.02664109754210703	0.775204822826098
0.36866399323652166	0.2627403065920304	0.36859570017144805
0.08923700882014468	0.47999294453986885	0.4307700466399866
0.32159370218506994	0.5476406011606378	0.13076569665429236
0.8008988876618708	0.025805168536335188	0.17329594380179414
0.4540873471890874	0.0929139902315323	0.4529986625793804
0.47625331621546624	0.14569018668623201	0.37805649709830186
0.17848546688163477	0.5416744212823008	0.2798401118360646
0.5931984254826875	0.22055165997188683	0.1862499145454257
0.12629096127776573	0.06688708987739439	0.80682194884484
0.08625555591599307	0.8272778361754043	0.08646660790860283
0.1262622426623743	0.4517256591511134	0.4220120981865124
0.012674737636305888	0.35369218103713684	0.6336330813265574
0.8069196101614183	0.17525023275361679	0.017830157084964937
0.45748209937754264	0.36370426119061505	0.17881363943184245
0.16877415020849598	0.8036926479147056	0.02753320187679853
0.07386667403738717	0.661146833401205	0.26498649256140794
0.6625875014248057	0.06439197133930474	0.27302052723588965
0.1407653614845804	0.6388705847720847	0.22036405374333504
0.10212838187204615	0.6118880501291433	0.28598356799881064
0.19690109828426716	0.12074417008266575	0.6823547316330671
0.10077265264845398	0.3472083282936278	0.5520190190579184
0.3913797427252066	0.09672257431407055	0.5118976829607229
0.45853664094076885	0.19418176421840738	0.3472815948408238
0.12650179782715745	0.7290599459814098	0.14443825619143297
0.5140616476702777	0.2754849741789231	0.21045337815079934
0.2228205118744649	0.1430774327557296	0.6341020553698056
0.10101145762452174	0.5243801871703316	0.3746083552051468
0.8634799729244512	0.1163821877548675	0.02013783932068136
0.4713982299445201	0.1490639126990238	0.37953785735645623
0.33065984263986076	0.26547779835970475	0.40386235900043455
0.3148490346568816	0.42869030354530946	0.256460661797809
0.3866511006991124	0.05818696508406873	0.555161934216819
0.6339628004577418	0.33706961172828676	0.028967587813971574
0.28416578886711263	0.389835592914251	0.3259986182186364
0.5382798397955455	0.05410574352268793	0.4076144166817668
0.405168314873877	0.5186146748727396	0.07621701025338357
0.15350056929615516	0.4562462070395636	0.3902532236642814
0.3613818994455531	0.07802018128591964	0.5605979192685274
0.315514257157019	0.28998868955730556	0.39449705328567564
0.3740903691186962	0.38091663352472815	0.2449929973565757
0.46124659622607117	0.103929546419997	0.4348238573539319
0.02478442235629602	0.14370701287296062	0.8315085647707434
0.20051541572438686	0.1709877117614621	0.6284968725141511
0.045555623304270765	0.12451610478419223	0.8299282719115371
0.31045165924914647	0.06844478509170993	0.6211035556591438
0.07924611681139121	0.8015167062977315	0.11923717689087734
0.26332024597676595	0.4656248885795333	0.27105486544370083
0.2240332571114049	0.4256092670498084	0.3503574758387868
0.2817088590917027	0.3985242065139856	0.3197669343943118
0.04969871868746345	0.05372870327462054	0.8965725780379161
0.09794446433304424	0.7381397345723149	0.16391580109464104
0.008315073355208757	0.20482809484278566	0.7868568318020057
0.10230210678261051	0.1620674008206328	0.7356304923967568
0.29502737056672035	0.6460576648600664	0.058914964573213324
0.41770158891465536	0.40626399941557534	0.1760344116697694
0.07067912541297189	0.5734289969911524	0.3558918775958759
0.6364909531985589	0.2824124387721574	0.08109660802928381
0.18780895960068947	0.6922031163662437	0.11998792403306696
0.543850431433469	0.37994780427797925	0.07620176428855185
0.592192980706221	0.29376816489495905	0.11403885439882006
0.7011810450581588	0.08449518379809462	0.21432377114374668
0.08769189747163234	0.43859799278811784	0.47371010974024996
0.2085201205357038	0.35292680552353056	0.43855307394076576
0.769938315722871	0.019917608329401815	0.21014407594772733
0.42051225464420744	0.48874361764969315	0.09074412770609952
0.23658744722104233	0.16621464420197135	0.5971979085769865
0.44815434138170906	0.3438262296840763	0.20801942893421474
0.4778179746137163	0.05583360037118201	0.46634842501510176
0.7356767800647578	0.2003502448816573	0.06397297505358501
0.7036673081205849	0.010304286025681564	0.2860284058537336
0.0915367070156719	0.5441772925854476	0.3642860003988807
0.06942024182221967	0.5527068332091327	0.3778729249686477
0.16468696666209076	0.6013536726015578	0.23395936073635154
0.6663954615003418	0.2802290665565211	0.05337547194313724
0.0612213854776984	0.0341590528183191	0.9046195617039827
0.3346623465548436	0.2671356854840183	0.39820196796113827
0.11608273301029487	0.3238232500857601	0.5600940169039451
0.27185920947325415	0.5274416751533364	0.20069911537340956
0.33154788813300157	0.180120534232482	0.4883315776345165
0.5579555587026246	0.0137056473952617	0.4283387939021138
0.07956558284165721	0.07165644106995805	0.8487779760883848
0.8678677755093762	0.08308038249559663	0.04905184199502727
0.43674402553952807	0.4755337518396939	0.08772222262077814
0.5088510364293629	0.36456943139365416	0.12657953217698298
0.6528073518992481	0.10114872047020865	0.2460439276305434
0.6246721130773831	0.34178712059050376	0.033540766332113225
0.3495773626239125	0.02027840142346432	0.6301442359526234
0.3767886481043714	0.5446843246573918	0.0785270272382369
0.07479191366544913	0.19726763391985516	0.727940452414696
0.15613554222430207	0.3026654067187261	0.541199051056972
0.3300553589735628	0.5229214302507308	0.14702321077570657
0.6297305370305063	0.20386674729356113	0.16640271567593265
0.2577061381357513	0.29555998423036406	0.44673387763388483
0.5554514535074934	0.0281850243484863	0.4163635221440204
0.5559464497128781	0.023806313958494973	0.42024723632862704
0.13669492766189462	0.250549572471927	0.6127554998661785
0.5243242867949133	0.4588300981395358	0.01684561506555099
0.2195343247431104	0.36579128472652045	0.41467439053036925
0.33566831134255426	0.15694101774527297	0.5073906709121729
0.14001530148227043	0.1557584662283813	0.7042262322893484
0.41953938767624266	0.41829747662190075	0.16216313570185673
0.45004004867918523	0.40614611668054446	0.14381383464027037
0.7909181161292349	0.07960802979626092	0.12947385407450432
0.07059956918796223	0.39886871242775845	0.5305317183842795
0.22619638515156826	0.5589962136596435	0.21480740118878833
0.1324238922351652	0.797936379377908	0.06963972838692695
0.22023887876054254	0.3568559874872818	0.42290513375217575
0.3291326304780413	0.17062868884874718	0.5002386806732115
0.3176399104232405	0.14874010988727343	0.5336199796894862
0.23347598714142598	0.6109468103889693	0.15557720246960494
0.05081558725783897	0.36189775942298064	0.5872866533191805
0.19019048999021795	0.7584484497573202	0.051361060252461954
0.028052571762338385	0.895021446910109	0.0769259813275529
0.8198758053677054	0.12241203368078118	0.057712160951513436
0.01917499158199082	0.21729636434151403	0.7635286440764952
0.11801006862907418	0.8496076305136814	0.03238230085724447
0.05291007395157793	0.8582112794492278	0.08887864659919437
0.12729361373531375	0.03127101256826004	0.8414353736964263
0.29935140595680687	0.5277224028570804	0.17292619118611285
0.7847530242051134	0.04632643092779465	0.16892054486709202
0.16162548064408205	0.7697376558879219	0.06863686346799625
0.3327849222397939	0.1889474673762254	0.4782676103839808
0.025894738663191363	0.3333447574057497	0.6407605039310591
0.027788677653051874	0.7671612212568663	0.20505010109008198
0.28667266145394693	0.1670465840818975	0.5462807544641557
0.7819247227761712	0.07541976583536159	0.14265551138846733
0.5013526817239154	0.37725323466010846	0.1213940836159762
0.27747847472607573	0.05311809067491757	0.6694034345990068
0.5084249547676256	0.4704347893364593	0.021140255895915228
0.5922327725811534	0.2992630016306747	0.10850422578817207
0.3478835229802422	0.21531766594087853	0.43679881107887936
0.042883808377148225	0.725143597873716	0.23197259374913598
0.3251704677854134	0.1323726400264826	0.5424568921881041
0.41836341469809235	0.47021796191743814	0.11141862338446964
0.25665486398025106	0.6720784934872712	0.07126664253247789
0.4833978043295295	0.18562769290178519	0.33097450276868534
0.1412918456559662	0.692421229580749	0.16628692476328488
0.8409467471217505	0.08359809141661892	0.07545516146163062
0.5443365462768432	0.36512984878502885	0.09053360493812795
0.18780320385466404	0.464161663855198	0.34803513229013805
0.36092498584344046	0.2083177887965546	0.43075722536000505
0.4349055707977955	0.5226233583924413	0.042471070809763256
0.5631828545995053	0.2660904394429334	0.17072670595756131
0.7931188551021426	0.12836280653690096	0.07851833836095651
0.45435022517493295	0.26475356073041156	0.28089621409465554
0.5237343870202773	0.2096125277035074	0.26665308527621534
0.5290655900134391	0.412776113528965	0.058158296457596015
0.2105817219793518	0.3177119843849267	0.4717062936357216
0.14201506524534702	0.5965187612416146	0.26146617351303847
0.2331051899183762	0.6722889234065181	0.09460588667510578
0.7576581302502423	0.02199972517930454	0.22034214457045317
0.12180301235160174	0.06413046173460207	0.8140665259137964
0.8439503441312323	0.13899501816307752	0.017054637705690323
0.14411515286997909	0.7159718386580838	0.13991300847193722
0.11962316960841807	0.3681795144241782	0.5121973159674038
0.1462891553489754	0.32241659993790184	0.5312942447131229
0.0921362132883839	0.22913199874937057	0.6787317879622456
0.46058425703472516	0.17384344384205125	0.36557229912322364
0.108280096846014	0.7722428648728766	0.11947703828110948
0.6260643918896845	0.13872095848687052	0.23521464962344502
0.5790435622759071	0.07919335697563751	0.3417630807484555
0.1518933203779931	0.37496729434036247	0.4731393852816445
0.7377336837346189	0.14002869901813642	0.12223761724724475
0.2160340141816361	0.6284858878926852	0.15548009792567885
0.2558946076530884	0.6164700793865912	0.1276353129603205
0.3276456101653248	0.2758087988579894	0.3965455909766859
0.2184188851057866	0.11358946818388463	0.6679916467103288
0.5077865955161365	0.06526436995292317	0.42694903453094035
0.06100333113252976	0.8133891564036345	0.12560751246383586
0.6615722803870864	0.2259025190212971	0.11252520059161658
0.509999546868838	0.48149908162455357	0.008501371506608513
0.18577437451991313	0.19246631259868097	0.6217593128814061
0.4974666327817229	0.024268505872400203	0.47826486134587703
0.13130596109321208	0.5258389036878963	0.3428551352188917
0.30134942725717523	0.17835922190797804	0.5202913508348468
0.30465050257146853	0.45055245171275937	0.2447970457157722
0.2462283892602437	0.7358905439467611	0.01788106679299528
0.3886016440559689	0.25371068446676714	0.3576876714772641
0.14407268533396783	0.554952246814016	0.3009750678520162
0.49949211819564526	0.029928081712199073	0.4705798000921557
0.46943790077815606	0.06419511273647799	0.466366986485366
0.9270949391013364	0.05335619552871418	0.01954886536994932
0.2083416402663826	0.33738829636520196	0.4542700633684156
0.18815443143317165	0.7304422638239181	0.08140330474291041
0.5269100005817817	0.0996385000339984	0.3734514993842199
0.4780174763685625	0.17931338319565185	0.3426691404357857
0.6795168871120136	0.11833118397659273	0.20215192891139377
0.6953650602384029	0.1649758412700107	0.13965909849158642
0.3397528879973511	0.23907322665496486	0.4211738853476842
0.6793148539512947	0.1749498873417561	0.14573525870694928
0.32428798505612666	0.32942141133251207	0.3462906036113614
0.45123816038584985	0.015791765811095038	0.5329700738030552
0.1709060666812271	0.13318126860726331	0.6959126647115097
0.3591898869018997	0.2603405771326563	0.38046953596544414
0.6955989775983248	0.07856138892367842	0.2258396334779969
0.196040807546789	0.6619339276150091	0.142025264838202
0.3923183616888076	0.03828229540903816	0.5693993429021544
0.6108212060045493	0.026128130076585876	0.3630506639188649
0.5487895277566823	0.36489378280838586	0.08631668943493187
0.3057390103398284	0.15128301022621654	0.5429779794339551
0.018410704506362507	0.14909708195405913	0.8324922135395785
0.17549127864388386	0.22293416767466742	0.6015745536814487
0.28273226959767894	0.047204467849390475	0.6700632625529307
0.12748642052909576	0.6391435795098648	0.23336999996103966
0.044533813580609094	0.6456896903386877	0.3097764960807033
0.3499743700427135	0.1521187627463199	0.4979068672109667
0.1806924900819009	0.4368102892001073	0.3824972207179919
0.6023565646766742	0.18067818152113524	0.21696525380219064
0.5399530076261253	0.09500598866305321	0.36504100371082165
0.19295891755031475	0.18899280187406117	0.6180482805756242
0.18558915234624734	0.3214870791701071	0.49292376848364566
0.34256692191895066	0.09223877987796106	0.5651942982030884
0.57323837860078	0.32342073587326803	0.10334088552595211
0.4705415227588052	0.034867293019223145	0.4945911842219718
0.13353415252326	0.3268117659275229	0.5396540815492172
0.3591122674112866	0.30379101234267325	0.3370967202460402
0.25144940941682575	0.28791683977715654	0.46063375080601776
0.23424392824284562	0.3049325214257402	0.4608235503314143
0.4615104824402272	0.24494144070682294	0.29354807685295
0.3498648971892356	0.6129384843392152	0.03719661847154948
0.8218457401802349	0.16055526519343127	0.017598994626333908
0.3712215232215168	0.3437569447610288	0.2850215320174545
0.03861890495448089	0.7069408587424717	0.2544402363030476
0.28452723491915166	0.4124224886395558	0.3030502764412927
0.08406641748506505	0.7328346296167372	0.183098952898198
0.7019384044119692	0.026596286034962502	0.27146530955306836
0.43418721007141337	0.17244929041211596	0.39336349951647076
0.5191226908077453	0.4020912327648593	0.07878607642739555
0.5179468702443194	0.3349720428986323	0.14708108685704846
0.6166345156904394	0.15283013901295892	0.2305353452966018
0.08866435507001147	0.4310260131581364	0.48030963177185226
0.1799044823223141	0.7753535454718548	0.044741972205831315
0.14541502969715597	0.30289256563498523	0.5516924046678588
0.25435452108345713	0.29193380986814166	0.4537116690484013
0.558275290942731	0.05403775046198722	0.3876869585952819
0.14136934240103888	0.0963042741922786	0.7623263834066827
0.40770941140199607	0.291241782737642	0.30104880586036203
0.36979370585674426	0.32630003630246673	0.3039062578407891
0.09882554621715847	0.14528497795590845	0.7558894758269332
0.041375586830891875	0.19318481654070316	0.7654395966284051
0.42105026924540573	0.1477526062360475	0.4311971245185469
0.6079908451866894	0.1691254154157585	0.22288373939755216
0.07294409531345247	0.5642294476166678	0.36282645706987987
0.125839627823673	0.6807190655061484	0.19344130667017875
0.12913783490222294	0.19722805678263428	0.6736341083151429
0.27288278021558243	0.17183348755958838	0.5552837322248294
0.2354978686583687	0.3829196266969521	0.3815825046446793
0.46418204937490315	0.18219757805215703	0.3536203725729399
0.45607642839627494	0.33106144087308276	0.21286213073064242
0.3865314423087774	0.07679101955276096	0.5366775381384618
0.25484667508323866	0.2817906414810724	0.463362683435689
0.016991568228017284	0.4826459750721548	0.5003624566998282
0.1611038775711667	0.2971265638814807	0.5417695585473528
0.250698734734282	0.31830658649501126	0.4309946787707068
0.018019681883727767	0.7991564006319474	0.18282391748432497
0.5219919011164063	0.19866954864638167	0.27933855023721216
0.7070259992487398	0.26952681599591444	0.023447184755345907
0.0673371729616789	0.8894632060978478	0.043199620940473415
0.8502055893156981	0.05035361490127882	0.09944079578302312
0.7107189566491274	0.20030829490005847	0.08897274845081418
0.31387635127827584	0.009561327653640261	0.676562321068084
0.28960182320789873	0.4403418261951516	0.2700563505969497
0.3807404935459081	0.3976135616775461	0.22164594477654592
0.40221653416500214	0.23014468993260379	0.3676387759023942
0.3477969221099519	0.3738578645374307	0.2783452133526175
0.2163885790156882	0.3861054777599102	0.3975059432244017
0.7303283320290258	0.06125498136032115	0.2084166866106531
0.08226122410167513	0.21034399879361126	0.7073947771047138
0.6241167749143302	0.34825943872802867	0.0276237863576414
0.36506513688580156	0.6203788673476058	0.014555995766592666
0.36320826892249	0.44055018263246215	0.19624154844504796
0.6539738151761396	0.15070125181161828	0.19532493301224216
0.2429512219570605	0.42977131715478833	0.3272774608881513
0.14574355389348692	0.1914368634869991	0.6628195826195141
0.5859925872433315	0.18087452704248183	0.23313288571418678
0.4158133974065116	0.15125869221542815	0.43292791037806033
0.24881742855217556	0.7086159652586969	0.042566606189127776
0.232778542374743	0.7184590196879681	0.048762437937289016
0.4586158862291556	0.444334449420299	0.09704966435054552
0.39555065354443686	0.5853611417986673	0.019088204656896035
0.6187222351777211	0.057451915535904674	0.32382584928637437
0.5667276647791459	0.0721688780621137	0.36110345715874054
0.2720864560037848	0.5177439432371522	0.2101696007590632
0.3442089660980343	0.2165513931233785	0.43923964077858724
0.09722715159783563	0.09220581785409132	0.8105670305480732
0.42171933872140643	0.01183848817570382	0.5664421731028899
0.3963058967158354	0.28173982541791226	0.32195427786625247
0.4620804416597917	0.4714447464955317	0.06647481184467674
0.09435770548426353	0.5698816835083638	0.3357606110073728
0.16750280885034247	0.5915812648308247	0.24091592631883296
0.22656313665861014	0.7079639579980117	0.06547290534337835
0.3203907055354877	0.33411214132556094	0.34549715313895146
0.09528186771670824	0.49151131104472634	0.41320682123856556
0.553382282693862	0.3333762998739728	0.11324141743216523
0.41907687117607295	0.3419551448899547	0.23896798393397245
0.8128856626034963	0.07523054955969577	0.11188378783680808
0.5372384557660217	0.15580476872097188	0.3069567755130065
0.6748204479161867	0.30548043712151496	0.01969911496229848
0.8163599810635878	0.06748625545142917	0.11615376348498319
0.27438730817054885	0.3683054467217218	0.3573072451077295
0.2067258516465158	0.7541177560773913	0.039156392276092966
0.06980520072360397	0.33210162346620054	0.5980931758101956
0.7190684587786146	0.15831968549020417	0.12261185573118133
0.5835759112786745	0.31939867151683027	0.0970254172044954
0.47828630710437864	0.2853257854636079	0.23638790743201354
0.4737216271858232	0.378237100385616	0.1480412724285609
0.7652813592140817	0.1286461130055233	0.10607252778039505
0.004065215786563159	0.7397593012330653	0.2561754829803716
0.46710643059899615	0.4959455908119759	0.03694797858902804
0.40129574983074623	0.5918016014001468	0.0069026487691071226
0.1546947010131417	0.14233315875728197	0.7029721402295764
0.7142902336793273	0.03903104646884159	0.2466787198518312
0.04089107322987956	0.23887815085169173	0.7202307759184289
0.15116630687538637	0.5233880224636529	0.32544567066096086
0.10735895999262524	0.11052286457854471	0.7821181754288301
0.44484714372769946	0.19705935446524248	0.3580935018070582
0.18241925166222767	0.31349359365403184	0.5040871546837407
0.5712175685409965	0.04324757944550306	0.38553485201350063
0.2796956424367536	0.09961521171719095	0.6206891458460555
0.050804826941490244	0.5406004778102118	0.40859469524829806
0.5354531948777584	0.012142718648618822	0.45240408647362274
0.68728291411434	0.1148181050640742	0.1978989808215859
0.11156543437400823	0.44257344552114697	0.44586112010484497
0.5955811919058858	0.2052937168247061	0.1991250912694082
0.5404729564801015	0.13946610525624759	0.32006093826365095
0.2608121132007107	0.2572507794599153	0.4819371073393741
0.9452994301321628	0.0487285976513917	0.005971972216445576
0.6040138251313787	0.09916145495055614	0.29682471991806525
0.029133216333356415	0.8744090349301883	0.09645774873645549
0.2421823632930369	0.7254509740328223	0.0323666626741409
