0.23430934381809856	0.08215018829057594	0.305036687865244	0.15011101792146922	0.22839276210461204
0.24213942964968604	0.07528486303406583	0.3015206589161261	0.15644406413259396	0.2246109842675278
0.23146623580190184	0.07868012647570428	0.30733518956208805	0.1544585383920358	0.2280599097682698
0.23284594069948272	0.07864906007837158	0.30805237061449714	0.15350461020750927	0.22694801840013906
0.23766814320614774	0.07572907817040472	0.30199969828108864	0.15678392445410094	0.22781915588825774
0.23066569172636164	0.08273540303695472	0.3050487167847284	0.15260759304186422	0.2289425954100908
0.2357968862836283	0.07986878113666325	0.3065237987844667	0.15116911708176392	0.2266414167134776
0.23146254677007982	0.08083465190870519	0.30161619055968475	0.1559927442639233	0.2300938664976067
0.23838025340891264	0.0762780768751062	0.3101993102912635	0.15027114112921947	0.22487121829549794
0.24014576681850971	0.07797825515340194	0.2989358868027325	0.15797791476507306	0.22496217646028255
0.23039642329132412	0.08054242296387851	0.30422975593722623	0.154815668561536	0.23001572924603494
0.2385148995516998	0.08014539036377645	0.3071118936252541	0.15139961110240224	0.22282820535686715
0.2321385364710426	0.07763550214904202	0.30822239783317956	0.15868226463575902	0.22332129891097655
0.24111480792696324	0.08141412561931755	0.3029128758837812	0.1499443160515077	0.22461387451843004
0.23116969716614616	0.08015150985190607	0.30566345973934866	0.15241667305690237	0.2305986601856965
0.24390517999615258	0.08239128215788111	0.2989153886019561	0.152314756148739	0.222473393095271
0.2402548250191208	0.08167159484260543	0.3021406108811585	0.15227366345500754	0.22365930580210747
0.23304533287799348	0.07878621957195259	0.3081508373314673	0.14920015693321562	0.23081745328537076
0.23854853817111846	0.07596985913116029	0.3077112340116854	0.15032726106870697	0.2274431076173286
0.23371961271347785	0.08109824316129118	0.30355622151361067	0.15549266051496838	0.22613326209665174
0.22910683355417816	0.08127028157618399	0.3046040788311133	0.15426481108083234	0.23075399495769203
0.2320867908336996	0.08054657309964518	0.3089495152955154	0.1564921741277935	0.22192494664334605
0.23540026413999054	0.07586318209535456	0.30958536594724917	0.1556922113165872	0.22345897650081825
0.22964366097663041	0.07533242376840367	0.308144961027753	0.15848698180170612	0.22839197242550646
0.23162341991156848	0.08194862981431383	0.30547168651499335	0.15410344277245577	0.2268528209866683
0.23656422982263167	0.07712212118780251	0.30118092290244636	0.15848702270416215	0.2266457033829571
0.23268856577657535	0.0832510563841687	0.2992612912860269	0.15532452420894083	0.22947456234428798
0.23669285733676057	0.07807260097885255	0.30051999377967903	0.15537019730491253	0.22934435059979508
0.23841515582915834	0.08063871182307619	0.30119646928985216	0.155152116333045	0.22459754672486804
0.22950047303334853	0.08075243265158631	0.30938231887615375	0.15296740124255687	0.2273973741963543
0.24003263182380433	0.08153839771070241	0.29769542034257196	0.1518025906681969	0.22893095945472416
0.2348738952898651	0.07751408358128173	0.2987809829377299	0.1577385168798578	0.23109252131126515
0.24325617576041542	0.08229765155093711	0.29827367805862803	0.15164985513090148	0.2245226394991177
0.2436772914033986	0.08086606880577833	0.29925216930962883	0.1505901754448737	0.22561429503632033
0.2399449048831792	0.07854571689245915	0.305105172038853	0.14978487420093067	0.2266193319845777
0.23597979828812743	0.0808171640473961	0.30500986645337097	0.1518638449482409	0.22632932626286434
0.2438763863389558	0.07845617319124731	0.2991960565286708	0.15546278885452203	0.22300859508660376
0.23065098723585992	0.08321843637196519	0.30864523636263663	0.1494870849332559	0.22799825509628213
0.23632094634614575	0.08096039999313541	0.30102903125675645	0.15289390358959626	0.22879571881436586
0.23174967672530422	0.08326193121554204	0.30872592500591	0.14924135421082063	0.22702111284242282
0.23915779680589327	0.07806132113563821	0.3098690541218911	0.14978635320615127	0.2231254747304259
0.23356595882467496	0.07803057737818224	0.30712300261771713	0.1548185586599754	0.22646190251945003
0.2384250930785013	0.08052508966996193	0.2980363472019458	0.1571868345968004	0.22582663545279033
0.2299178609821081	0.08261331483833126	0.3008266707861148	0.15776628883494048	0.2288758645585051
0.24059687371644572	0.07638485006001886	0.30862701865494785	0.15082249624285668	0.22356876132573064
0.23263984481223854	0.08144021457389171	0.3062789900239185	0.15624700950000991	0.2233939410899411
0.23498150768052523	0.07877388330339603	0.30546563145168343	0.15769841414879004	0.22308056341560506
0.23061671078335094	0.07976400938961457	0.30622393773374673	0.1549603256390775	0.22843501645421005
0.23899647616467223	0.08146238312673008	0.29783156392557486	0.15205004944111444	0.22965952734190814
0.24416560964154335	0.08307191377090371	0.29818344454477597	0.15215782312541837	0.2224212089173584
0.24426241905526974	0.07962270303168256	0.2976212355536729	0.15110937855167977	0.22738426380769478
0.2333132950306666	0.08188793000580338	0.30389188270880735	0.1574455233333681	0.22346136892135438
0.2302288330009033	0.08109232981242784	0.3070403592731661	0.1584567570385289	0.22318172087497365
0.2328790627863329	0.07694262129065553	0.30675318531969675	0.1526355355378813	0.23078959506543326
0.23920505013028276	0.0789513310008254	0.2995741822662593	0.15164861871459198	0.23062081788804026
0.23624263115192506	0.0781074288557747	0.30730907698061033	0.1543685744383218	0.22397228857336782
0.23762908941983496	0.0831198790731494	0.29802560435213094	0.15217274463278996	0.2290526825220945
0.2364903515303694	0.07542073840824312	0.29994617667512136	0.15777455984128458	0.2303681735449813
0.23311824098246595	0.08155832982850536	0.3039488925557879	0.15893248779184588	0.22244204884139468
0.23755720792250395	0.07753601143249288	0.30046496837760206	0.15790614075488726	0.22653567151251355
0.23026823677836622	0.07974182585732975	0.30259668909779713	0.15900445529366475	0.22838879297284195
0.24281481759819254	0.07705126337069967	0.29925690530459764	0.15067537070641307	0.23020164302009682
0.241108880185898	0.07658323977413715	0.30336923658456016	0.15010220099843213	0.2288364424569723
0.2399243550754246	0.07672781202975831	0.30686302966418344	0.1539808369653406	0.22250396626529279
0.23331383529771393	0.07997863794407489	0.30274040329453544	0.15500762447690528	0.22895949898677023
0.23140792364857815	0.0784707866905675	0.3092739790009127	0.15420684694220982	0.22664046371773158
0.23205352745873656	0.08018077421347317	0.3103654032478492	0.15062321494654943	0.22677708013339135
0.24068482727534413	0.07903829708647193	0.30027727893873757	0.15732971190942963	0.22266988479001645
0.23114205854530973	0.07651583567185986	0.3049506689892983	0.15645507792493096	0.23093635886860092
0.24167748694746755	0.07922643040185226	0.3062393098181759	0.1503343105575831	0.22252246227492095
0.23612059712469838	0.08310894343095826	0.303951460927962	0.15027091805410928	0.22654808046227187
0.2396486590283807	0.07630097210230871	0.3016912424688898	0.15427287048123173	0.22808625591918885
0.24313055513459003	0.08134807523296797	0.303028335794177	0.1501084185965187	0.22238461524174608
0.23402323283862492	0.08120577038774761	0.3017811117616506	0.1549060769799706	0.228083808032006
0.23718621854409694	0.07691331282787324	0.3098623597138734	0.1540800779279924	0.2219580309861638
0.24365662518323578	0.07627416044554089	0.3057922034624557	0.1517042952108414	0.22257271569792597
0.24380423024819264	0.07720419744220923	0.3071963128723475	0.1497564004822093	0.22203885895504105
0.24410625345438147	0.08138866954721136	0.3003133834569674	0.15168165537213382	0.22251003816930573
0.23079442747536846	0.08319996905555335	0.3041176497448581	0.15706795653644506	0.2248199971877748
0.2347868339053507	0.08171783147898908	0.3053882901740286	0.15220639367528815	0.22590065076634322
0.23267019924130983	0.08015759460840106	0.30386864508285394	0.1544201539171663	0.22888340715026864
0.2382291624559843	0.07713552485025882	0.2995302685255723	0.15602044059332867	0.22908460357485566
0.2343216436905295	0.08287527179472214	0.3076584996611721	0.14962810222987927	0.22551648262369678
0.2385720536554149	0.07569280775528828	0.30030673990065165	0.15897833451145985	0.2264500641771851
0.23369788606522168	0.07807108944833693	0.3104296782038824	0.15399395410397662	0.22380739217858212
0.23037163216366074	0.07825313500796634	0.3055592412242699	0.15507640879332146	0.2307395828107813
0.2393216420337625	0.07571040441554001	0.30596328577082876	0.1563116215121969	0.22269304626767158
0.22910458664703734	0.08139362978473878	0.30617509681330224	0.1524691771352772	0.23085750961964419
0.23908658638751162	0.07896198605707169	0.30480392511945	0.153318479285098	0.22382902315086844
0.23058850882586548	0.0822448284998523	0.30702940167605686	0.15476221592159412	0.22537504507663098
0.23399747527235332	0.08232843044725831	0.3019935397011131	0.156162205840905	0.2255183487383701
0.24092620790168476	0.07630384598451687	0.2975803804189072	0.15846162605727182	0.22672793963761903
0.2403615807334918	0.07839183601887136	0.30373276726234955	0.15556794653336553	0.22194586945192152
0.23537036743857054	0.07845273992937356	0.30618700406109733	0.15557103658590835	0.22441885198504996
0.23309371655832192	0.08293551284702708	0.30330457177472336	0.15625945954841408	0.2244067392715133
0.23478204630408817	0.07903404134079792	0.3068770170652033	0.1495897388801019	0.22971715640980842
0.23785763464458384	0.07672043496636347	0.3033346312075129	0.1511030090911497	0.23098429009038982
0.23852662550074044	0.07560473581742082	0.3087710022437689	0.15442137713842874	0.22267625929964083
0.23202709539334593	0.0811947742110836	0.30554412330230807	0.15477408276573942	0.22645992432752277
0.22955718528012042	0.08268119777585488	0.30444422815112326	0.15598054611972828	0.22733684267317295
0.24187755968774857	0.07957394364295227	0.3055207312468887	0.15003913162723917	0.22298863379517103
0.23951948844885737	0.0778491638010574	0.30307346056161305	0.1570450582444773	0.2225128289439946
0.23809028941700866	0.07912972081750452	0.30293828134386214	0.1565154296327016	0.22332627878892283
0.23820347959628518	0.07776866425713475	0.29885284198556833	0.15790381516338248	0.22727119899762901
0.23026099374442904	0.08127230210470483	0.30895433542378	0.15331119512359875	0.22620117360348713
0.24230674521755075	0.07840493452758121	0.29956484672707356	0.15164552009589935	0.22807795343189488
0.2327547289456236	0.080227581881811	0.3040626776819927	0.15706672616541523	0.22588828532515726
0.2319420942863215	0.07986152001167222	0.30586381083023356	0.15708321709427647	0.225249357777496
0.2327546748399737	0.07671402847935177	0.30955932460766467	0.15147908194895482	0.2294928901240548
0.2410995351459478	0.07742608623507631	0.30456999362617954	0.15212149237568853	0.22478289261710757
0.23526062577948714	0.07858779464238923	0.303883244150069	0.15224648561041504	0.23002184981763932
0.24273638955900964	0.08167620339804202	0.3030394519099432	0.1505727946025902	0.2219751605304147
0.24392512942853906	0.07679484927310941	0.30331970069855807	0.15119163416126846	0.22476868643852474
0.23718583951860525	0.08048355119913142	0.302798304239354	0.1536649180559697	0.22586738698693937
0.23992326987036977	0.08056579893490055	0.30498883670752547	0.152195533273599	0.22232656121360492
0.23796360791429472	0.08223648265348055	0.2976463353395953	0.1577218216766602	0.22443175241596902
0.23061044553159815	0.07961827508713382	0.31016254030651624	0.14990793803676813	0.22970080103798338
0.24378371533679155	0.07636157951970514	0.2982454443120982	0.1580945925664778	0.22351466826492705
0.24202885744218605	0.07979008083445242	0.30482187251867005	0.1496390576082262	0.2237201315964651
0.2385285530366797	0.0769762720237237	0.30600163946158376	0.1524443657527919	0.22604916972522068
0.22972860214969923	0.07569273965529971	0.3101560229603123	0.15601817646223815	0.22840445877245036
0.2376423165569113	0.07854643760855048	0.30496965115883934	0.15484845058130975	0.22399314409438895
0.23769312750242053	0.07854099012790147	0.30619837372331815	0.15136654128174493	0.2262009673646147
0.22950090057440561	0.08225596490639994	0.3092461743132182	0.15247529959211925	0.2265216606138567
0.23327370487569304	0.08113351362017546	0.29949036825467923	0.15569564174368417	0.23040677150576785
0.24127526642207642	0.07601022659860288	0.30656420835776577	0.1532630813533179	0.22288721726823682
0.23967405092705407	0.07999335247310263	0.2997873034020381	0.1554885600823241	0.2250567331154809
0.24407609043144662	0.07901595670217963	0.298889096748346	0.15052050413805595	0.22749835197997154
0.23173289013851361	0.08176448556532596	0.3078730306944032	0.15566748112415832	0.22296211247759867
0.24345650530456991	0.07859014461005172	0.30090226342831	0.15183420559652014	0.225216881060548
0.23395442916423007	0.08031936254336275	0.3005094602767435	0.154842682129873	0.2303740658857904
0.2393359697509938	0.07951612328315229	0.29773983760570155	0.15717840386436535	0.2262296654957868
0.23644977233396616	0.07543398530730556	0.3058917880509191	0.15913877206842494	0.223085682239384
0.23365939098448404	0.08276534272135383	0.3072274827917547	0.1529575922633195	0.22339019123908765
0.24060671566684746	0.07640953694319676	0.3058128218059324	0.1520792450069386	0.22509168057708454
0.23682051699195134	0.07629780183232483	0.29916171496732746	0.1585617459431755	0.2291582202652206
0.24117605002002887	0.07750258024588086	0.3092293195291679	0.14926779255081882	0.22282425765410335
0.23955058986221053	0.0804531844517936	0.2986095079460882	0.1511851836285364	0.23020153411137106
0.22962081482263655	0.0830300997439671	0.30401460254881085	0.1525470632443573	0.23078741964022798
0.2325430582905943	0.07576096544764362	0.3087324207048725	0.15215568919159195	0.23080786636529743
0.24107979988060715	0.0758706883225443	0.30084394788824687	0.15473045266364693	0.2274751112449545
0.2320970296385259	0.08064236298799214	0.29998758251856733	0.15765555250535193	0.22961747234956245
0.23029885588968763	0.07889395693132714	0.3067283765354342	0.15530090964329027	0.22877790100026046
0.23373963232527306	0.07708460343604673	0.30543237003666573	0.15644101154569778	0.22730238265631647
0.23928804300145493	0.07817918177281445	0.3064309277820923	0.15418461740711484	0.22191723003652322
0.2411463457129368	0.07814517660756627	0.2980927647668512	0.1566271255080176	0.2259885874046279
0.24079229217277925	0.07569450889999145	0.30065059162054636	0.15642944625380395	0.22643316105287875
0.23737522415281984	0.07623072910514045	0.30103160211353364	0.15891419722187713	0.22644824740662867
0.2368137873709667	0.08172936848248484	0.3050171572194904	0.1499539166356306	0.22648577029142722
0.23999171742025763	0.07745446176380115	0.30520886354245486	0.1519928979771101	0.22535205929637603
0.23515811864216424	0.0827259075020319	0.2978088682581632	0.1565466018310639	0.22776050376657658
0.23399877357169918	0.08052876663140733	0.30182466160657134	0.15404309369141816	0.22960470449890374
0.23726766603886473	0.07749579971730644	0.30345993003189287	0.1527177257583804	0.22905887845355527
0.2322503286094782	0.07736998371279354	0.30571688569949257	0.15494665177878364	0.2297161501994518
0.23688957152105278	0.0752243936717864	0.3009103466578614	0.1566883973923252	0.2302872907569739
0.22975358288701164	0.0823261403508028	0.30251539542765826	0.15626999252291324	0.22913488881161384
0.24019719844828435	0.0761594029157002	0.29946107825866114	0.1540400820022511	0.2301422383751029
0.24261374472900502	0.08239218877745277	0.30018589246405947	0.1515219946588702	0.22328617937061232
0.23536599754478915	0.08198134270817695	0.3022759967998706	0.15110121929200981	0.2292754436551532
0.23973054919275097	0.08269229172973143	0.3044803931980067	0.14924690768849552	0.2238498581910151
0.24062524566200702	0.08027089133744411	0.3058749065218189	0.15111226050515414	0.22211669597357556
0.23328506208622476	0.07563082093786208	0.30233823880146443	0.15891174888169748	0.22983412929275102
0.23418122350082288	0.07711685787982288	0.30664892028169866	0.15278241452511637	0.229270583812539
0.2413814554296778	0.07892800045153407	0.3028984177119479	0.15044028355748934	0.22635184284935064
0.22930248266972672	0.08213942585302579	0.30553107718818506	0.15211165591906228	0.2309153583699999
0.23858308402839512	0.08141203212247959	0.3001965043826706	0.15512479303196733	0.22468358643448716
0.23098735429042339	0.08240609591420422	0.3072507486512108	0.15477670013532552	0.22457910100883577
0.2351203984096912	0.08302699639935546	0.3046121038845758	0.15530012251047554	0.22194037879590178
0.23254176096444037	0.08230887975619824	0.3098263840733542	0.15138893097965467	0.22393404422635227
0.2408733087545729	0.07713304275393541	0.30217038288153125	0.15588954030752056	0.2239337253024396
0.2339225696203095	0.08021607825329344	0.30587839368125236	0.15709723034613132	0.2228857280990132
0.24224912466375106	0.07824221513792565	0.3013193309668449	0.1492387281920322	0.22895060103944592
0.2368636906732854	0.07657751426034612	0.3035673189706023	0.1583876000374911	0.2246038760582749
0.24253201447686512	0.07696299601124888	0.30486257343418643	0.14990126387565128	0.22574115220204807
0.23608314438091324	0.08079982395685038	0.3019257563336069	0.15582754389756834	0.22536373143106087
0.2394972430525932	0.0801767023835915	0.29891978271128894	0.15008195102126906	0.2313243208312571
0.23325727735801088	0.08001882205725175	0.30389368389237364	0.15359438971313077	0.22923582697923267
0.23871850778465997	0.08013348961702778	0.2987478545987758	0.15486906330476854	0.2275310846947677
0.24182430247291592	0.08051632705102749	0.29859062078231446	0.15665830994650123	0.2224104397472407
0.24047248589518122	0.07964586087532628	0.2990435056974669	0.15439068814765564	0.22644745938436972
0.24208148008214259	0.08256176532757976	0.29799706379697444	0.15063807991439115	0.2267216108789118
0.2420893702331271	0.07627470786526479	0.30113699678520744	0.15720857605371444	0.223290349062686
0.23312186903109666	0.07858067496067644	0.30509156690598804	0.15793394760915447	0.2252719414930842
0.23813287470572878	0.07859796890240098	0.3086857538887869	0.14972839591629264	0.2248550065867905
0.23462492389615341	0.08083130054575281	0.30158332727432613	0.15471738548539557	0.22824306279837187
0.23618267548073735	0.07727800434251379	0.29803934825772416	0.15880580217169624	0.2296941697473282
0.2441248958815037	0.07615168996940747	0.2982623839761427	0.15232107033165176	0.22913995984129415
0.23601461590591527	0.07621857543957457	0.30703707200390595	0.15469943444377768	0.2260303022068263
0.24121512843029763	0.07712464559303747	0.30216287349242427	0.1499074424765039	0.2295899100077365
0.23461102649935398	0.08046549478332056	0.30841915123997493	0.15073399392116504	0.2257703335561852
0.23484292551083774	0.07567162463307191	0.30843384094113574	0.15151149059910587	0.22954011831584847
0.2341307757945138	0.07908416424901298	0.30536048923250386	0.15414664389269284	0.2272779268312763
0.23047938775991011	0.0805005184370863	0.3073068367046392	0.1530960282017113	0.22861722889665284
0.2297238680108924	0.08127132996912423	0.30658899588440464	0.15492029514510625	0.22749551099047224
0.23168087072552127	0.07690034083924557	0.30149627686266894	0.15857838472043678	0.2313441268521272
0.23863396583951402	0.07877978539414117	0.30463137480716546	0.1514443093892506	0.22651056456992852
0.23390666499608861	0.07869390036792465	0.3003127320975086	0.15794002593753703	0.22914667660094087
0.23205564808283377	0.08127768744077063	0.29949061768550705	0.15754515840105857	0.22963088838982976
0.23367514916554358	0.07862298951767387	0.29992899189599076	0.1564431700242526	0.23132969939653897
0.22901485318344936	0.08056723356240175	0.30702143519989955	0.15327128592340367	0.23012519213084548
0.24190494485073538	0.0776513548925482	0.29836977237323337	0.15293804925885415	0.22913587862462864
0.23624263141613439	0.07650073921777834	0.3056231773587643	0.15121306217175326	0.23042038983556948
0.23647809321942254	0.07825464955167934	0.3012251516848395	0.15342686622745752	0.23061523931660086
0.2323561283179974	0.08194492133737005	0.3028889300138452	0.1552657794606586	0.22754424087012848
0.23503493187072388	0.08261231868851163	0.3075155087535122	0.15013005168705287	0.22470718900019915
0.2413025691127781	0.0811490805762366	0.30079281187829365	0.15249975527609	0.2242557831566014
0.24194226731787327	0.07669113349261221	0.30119523621042543	0.14986441629800168	0.2303069466810872
0.23250566528146754	0.08319302048517728	0.30430160063516937	0.15195708197242117	0.22804263162576438
0.24157452222452397	0.07530910050975519	0.29857954657277874	0.15921518456168124	0.2253216461312606
0.23747434893104472	0.07542241551031838	0.3054093112776109	0.15049237442085778	0.231201549860168
0.23547207265382766	0.08126733064514031	0.2975935885975315	0.15842624616441434	0.22724076193908593
0.24395544689300713	0.07835833303561657	0.2987987092793478	0.14933260878947552	0.22955490200255269
0.2427477045543327	0.07726443992719756	0.3024274521845692	0.1525544293395218	0.22500597399437855
0.23890338716761866	0.08114789384180081	0.30525649194441024	0.1514709405245048	0.22322128652166523
0.23757587360574728	0.08001133603546366	0.299191400058922	0.1548905325534035	0.2283308577464634
0.2428950445199568	0.07862788229023218	0.2975844264623382	0.1510689522443069	0.22982369448316564
0.24362058873427572	0.07639291415403697	0.3003529109256748	0.15473191564199684	0.22490167054401541
0.23273224739056744	0.08224179321747094	0.30839595182402757	0.15015843707587828	0.22647157049205552
0.23585174430124856	0.07957338053045598	0.2989652831505625	0.15496159351587274	0.23064799850186002
0.23105517155408561	0.08166558701934329	0.30915329597202135	0.15274404125400204	0.22538190420054754
0.23441455675690073	0.08222248327186775	0.30149471676381906	0.15424073877082656	0.22762750443658564
0.23200019851072587	0.07996421414204474	0.30660679380496264	0.15352424513833943	0.2279045484039271
0.24039725960637987	0.08227963223245167	0.2986816265846667	0.1504028618384361	0.22823861973806542
0.23366904686308676	0.08073050049022287	0.3070664457709933	0.15398587002108916	0.22454813685460767
0.24322561048430275	0.07669308205526146	0.30005564803543183	0.15171117658179978	0.22831448284320396
0.23971111579581342	0.08041142861391724	0.30489868875861525	0.15194787338215976	0.2230308934494941
0.23747506644682104	0.07793504018100443	0.3042138091988843	0.1509047618355366	0.22947132233775336
0.2326966612379947	0.08317016202401178	0.3029933496003654	0.1501985658321857	0.23094126130544218
0.23660216780210125	0.07663770872928191	0.30040597032781313	0.15535984966738525	0.23099430347341818
0.23311786640621035	0.0758736974971385	0.30601455146957623	0.1563882419827711	0.22860564264430355
0.24469579958701188	0.08082961823700874	0.3009834885801168	0.15105540797739997	0.22243568561846236
0.22936884738378738	0.07840449946548389	0.3058942611887777	0.15757351296920158	0.22875887899274916
0.23870628077802622	0.08135564867603334	0.3019053309969898	0.14952039174136786	0.22851234780758256
0.23627274043143098	0.07920773231379817	0.306067649047331	0.15545392681004638	0.22299795139739317
0.24314266802901693	0.07567314102053323	0.3020970025086854	0.15308299408389897	0.22600419435786526
0.23096229791275114	0.07624532139881028	0.30431399222566674	0.15742330884199712	0.23105507962077448
0.2364444015666698	0.07987825073260701	0.30111065229852896	0.15698097489310028	0.22558572050909365
0.23259231638705002	0.07764836211867948	0.30767672670943785	0.15534559771992618	0.22673699706490624
0.24326348857981173	0.0779189038594027	0.30084240985858796	0.15170141746882193	0.2262737802333754
0.2368334090590852	0.08227237998620668	0.3028893203264631	0.1525278208022363	0.22547706982600846
0.24335955878310034	0.07703549674571712	0.29882750697503285	0.14950489883070958	0.2312725386654399
0.23764272493770772	0.08145775416314215	0.29839103289808816	0.15462764696408132	0.22788084103698042
0.2305577412944145	0.08166848719664493	0.3022092590096829	0.1553051276235496	0.2302593848757079
0.23212525476404328	0.0804831287792203	0.3068577824176346	0.15471614839752862	0.22581768564157295
0.23054048610681832	0.07770411787125484	0.30563765528735676	0.1544160902036832	0.23170165053088662
0.23984439397884094	0.07858899192278902	0.3016190192374424	0.1525300231198687	0.2274175717410587
0.2294720811513321	0.08280930404908492	0.30601404682271427	0.15254754415411637	0.2291570238227521
0.24184353015593596	0.07727407795426967	0.3026773055066826	0.15058340681248694	0.22762167957062457
0.23133852383075565	0.07712719431821596	0.30768648085660927	0.15918363502766086	0.22466416596675798
0.23630906880791208	0.07784448520339309	0.3035403386604819	0.15672745090784407	0.22557865642036867
0.23560685374421927	0.07705190719149067	0.3025307205912542	0.15721816635343905	0.22759235211959658
0.2328215042110463	0.08138405790150971	0.30386301133045324	0.15071881802950948	0.23121260852748096
0.23677306652812566	0.0797936848868141	0.3047498885757167	0.15318839463553735	0.22549496537380595
0.24072354718511677	0.07792460440854647	0.3020818150173382	0.15115393057273468	0.22811610281626363
0.23368763774779178	0.07962428848234766	0.3075409335968047	0.155481367109979	0.22366577306307664
0.23621962531888577	0.07817438901574592	0.30510487636248473	0.15499833400795612	0.2255027752949272
0.24294192306567014	0.07842917595769627	0.29929499922421593	0.1510549581030421	0.2282789436493753
0.23977664489653602	0.07679652472010498	0.30156956436916754	0.15642226228517614	0.22543500372901507
0.23369199233017823	0.07737019218261743	0.30562821123492145	0.15239592557836495	0.23091367867391766
0.24248604953610897	0.07822533182797566	0.2996126574348719	0.15263194390761298	0.22704401729343024
0.23632888753517653	0.07757605952540055	0.30944843447336934	0.15146924157732888	0.22517737688872444
0.22912640203605267	0.07998071391659355	0.30886877006889313	0.15255027984079325	0.22947383413766717
0.2376006876362819	0.0795687310716337	0.30516781625683786	0.15381515502717666	0.2238476100080696
0.24381538288167737	0.08030368459479355	0.29901885689097996	0.15302642164482008	0.2238356539877288
0.236984254872342	0.07697029547341595	0.29985803165626956	0.15756487330223412	0.22862254469573812
0.24495877589496085	0.07615556516597188	0.30570301431050173	0.15040561325049703	0.22277703137806829
0.24073556316244704	0.07929851856967121	0.30653341468507295	0.1493437357544386	0.22408876782836992
0.2359449028693165	0.08263402678419945	0.3019227390675862	0.154229126738461	0.2252692045404366
0.24495446923573125	0.0816200438581683	0.3002204531966099	0.14951277449943373	0.22369225921005653
0.23294281518523394	0.07663985248536721	0.30500290407491254	0.15746992959205403	0.22794449866243202
0.23770674189543245	0.07961243133812178	0.3017709461494285	0.15840607689325428	0.22250380372376272
0.23286666897287894	0.07562412793282092	0.30583261654426847	0.15725927973821188	0.22841730681181954
0.24449059821020092	0.07845098348428982	0.3039844313837257	0.15003990254970964	0.22303408437207364
0.23474576288400026	0.07939743432040984	0.31006391341844636	0.1511126680334566	0.2246802213436867
0.23898247332794298	0.08327751404268612	0.2988040400837995	0.14929395043909352	0.2296420221064776
0.23088211162572472	0.08324516135075254	0.30669965951284417	0.15627724519208824	0.22289582231859012
0.23143707042146267	0.0800495292554877	0.3104826114087824	0.14962034050941472	0.22841044840485222
0.24181118865200715	0.07782356389370446	0.2996586935779141	0.1554788026223809	0.22522775125399314
0.24021681540242734	0.07880506657973001	0.3057310628952859	0.15311076236537022	0.22213629275718627
0.23670701314342646	0.07777455666940636	0.3098784697411911	0.15085758107258232	0.22478237937339351
0.24474932894274515	0.0775279915373214	0.29812668686986044	0.15263079664720935	0.2269651960028634
0.23373853268897168	0.07772795290575442	0.3081114790395844	0.1528975430712159	0.22752449229447338
0.24374392090828906	0.07807193894661893	0.2991252234636004	0.15105896765086949	0.22799994903062196
0.24291192025669814	0.0754965667025494	0.3008939996566089	0.15262326307803661	0.22807425030610667
0.2361945734360183	0.08155221658913764	0.3023890694227873	0.1553683732903731	0.22449576726168344
0.2353757029823571	0.07789965241789895	0.3067321043001233	0.15738802703568755	0.22260451326393288
0.23491180500375375	0.08206281850102042	0.30261711323207896	0.1559642848356409	0.2244439784275057
0.23978093674130954	0.07899759745311728	0.29851830568017235	0.15565037492352343	0.22705278520187716
0.23771658704283075	0.07565399288272313	0.3079721235648675	0.1557913049203206	0.22286599158925782
0.2341746733612852	0.08118002675363561	0.3033947274922059	0.1502969310961593	0.23095364129671372
0.2317983557808822	0.07862712652841865	0.31015131542451213	0.15486660040821	0.22455660185797682
0.24027787078264548	0.07578185623719695	0.29897076230299796	0.15745994263374624	0.2275095680434131
0.2304167484952344	0.07976536653393901	0.30265193268609614	0.15548427909286763	0.23168167319186253
0.2289814887490123	0.08003103643823624	0.30826586722201005	0.1529134326338042	0.229808174956937
0.23390014804707066	0.07987988198066379	0.30539693713597393	0.15331006340698208	0.22751296942930932
0.23062004048887483	0.08164626832987203	0.30077728093642153	0.1587041624980459	0.22825224774678549
0.2365886792107285	0.07642681575594182	0.3098477091865705	0.15011648558677904	0.22702031025997996
0.2381965788591277	0.0769815437406397	0.2979831681486721	0.15715132416612243	0.2296873850854378
0.2428756104225785	0.07813121288391435	0.2988971837031809	0.15520514954133574	0.2248908434489903
0.2394762021150859	0.07705537001992671	0.29991600414050423	0.1568355710783663	0.22671685264611657
0.2367380701476644	0.07946365464684266	0.30918885929232354	0.1496000964218558	0.22500931949131336
0.23988757202771638	0.08101216091917736	0.30155732604487573	0.14915135678867322	0.22839158421955702
0.24244032871227442	0.07882536803344434	0.29950859232797467	0.14950219967441275	0.22972351125189355
0.23101792330766738	0.07762435338092563	0.3061508670726909	0.1571366828695817	0.2280701733691341
0.23928833510408937	0.07869506096358297	0.2999550982498679	0.15346281667389183	0.2285986890085677
0.23774717509398902	0.07651785335475303	0.2991089211147508	0.15788179633580685	0.22874425410070004
0.22951813564259602	0.07909538993370752	0.30795806629714056	0.15251261628588006	0.2309157918406756
0.23460832254229202	0.07673837544900093	0.30980717600658203	0.1494686002341794	0.22937752576794543
0.24415055403261998	0.07838677240979675	0.29801685493056607	0.15234503148752349	0.22710078713949342
0.2392480613037001	0.08237110480626764	0.30092716112943513	0.1531364949764332	0.2243171777841637
0.23782200577112456	0.07848001610400349	0.3003014532917663	0.15311164140534397	0.23028488342776154
0.24122621318264623	0.07628076388392017	0.3089619775981668	0.15011439183198222	0.22341665350328438
0.23615683485634603	0.08150386661038336	0.3013255865831974	0.15802273305201972	0.2229909788980532
0.23826247604312406	0.07941037098938179	0.2996078270404443	0.15501023601020106	0.22770908991684854
0.2347041185741676	0.07825830776445472	0.2987757861470941	0.1576855997103262	0.23057618780395714
0.23470665509096186	0.07869517591304492	0.3092957737448856	0.1508085122406212	0.22649388301048617
0.2401715126236871	0.07915835801251092	0.30503453574171985	0.15274946480538143	0.22288612881670047
0.24138529893403504	0.07622377529378643	0.30238256357459936	0.15786359762987856	0.22214476456770035
0.23881863975442308	0.0781484615595909	0.2988788281214225	0.15241347680736955	0.23174059375719372
0.2366028660431456	0.08309501607515693	0.3066124881291342	0.1514736459761919	0.22221598377637114
0.2314127980926315	0.08081386100679674	0.3049071763018762	0.15375448051980437	0.22911168407889093
0.24307540176725184	0.07871124810710968	0.2985105104469021	0.15345096983185877	0.22625186984687737
0.24377628469094348	0.07563796285522055	0.30059421330181096	0.15099179453416092	0.22899974461786385
0.24200394686427582	0.07939468979013571	0.29884869952160487	0.15384542857753628	0.22590723524644712
0.2301091983441346	0.08263845389500471	0.3010094794805366	0.1586341648230605	0.2276087034572634
0.23349037850139154	0.07829439979079131	0.3076205113529326	0.15540326196963258	0.22519144838525168
0.23479736365422077	0.0819865077010594	0.30806053382516185	0.15319610698262437	0.22195948783693337
0.23793295547837665	0.0765992766070168	0.3003106561271718	0.15557342013822154	0.22958369164921297
0.24184044179942954	0.07919592543985342	0.30028859667448704	0.15640075300281828	0.2222742830834115
0.23336394991822385	0.08042373711993982	0.3088300586122219	0.1508018024236831	0.22658045192593107
0.2417103428074147	0.07539085275463932	0.3038427980541284	0.14931241638499984	0.22974358999881744
0.23682338689229346	0.0828732383594013	0.2988214114652668	0.15208867099806417	0.22939329228497402
0.23804382201175053	0.08232374986884208	0.30432147308379004	0.14996710292652665	0.22534385210909047
0.23686771789753194	0.07650212521298501	0.3068184800865785	0.14952931848997292	0.23028235831293137
0.24044232142336172	0.07742902554683664	0.3006673318068799	0.1553015752361386	0.22615974598678296
0.23225121908426688	0.08019953621496671	0.3025856869420254	0.15536297393951398	0.22960058381922674
0.23426594806042975	0.08143209729695959	0.298441476924894	0.15869893375290545	0.227161543964811
0.23650509721241253	0.07564085221431706	0.30364233927691897	0.15432243330175338	0.22988927799459777
0.23396409097017035	0.08042328971864021	0.2983435405198292	0.15627260145155272	0.23099647733980727
0.23791098833460825	0.07910427245044648	0.3025053001541433	0.1545794666385682	0.22589997242223359
0.24018744776149065	0.07933520655457563	0.2988927177528403	0.15849646970303138	0.2230881582280618
0.23553356214736137	0.07936829001551698	0.299712424372783	0.1560195107392664	0.229366212725072
0.2344675138275953	0.07790944333850394	0.30556017178746003	0.15732895324774485	0.22473391779869567
0.2320382709958718	0.07825556162027411	0.3101669223505455	0.15567800164695453	0.22386124338635383
0.24049908383746457	0.07876924572514948	0.2980937647491979	0.158563916999364	0.22407398868882378
0.24171047590475148	0.07700758831739811	0.29860795530316875	0.15873598850496817	0.22393799196971323
0.23927692576206488	0.07649479755995732	0.3015361341628713	0.15138764619613895	0.23130449631896732
0.2372212704952592	0.08297914835315343	0.30412542711044144	0.1523282041328459	0.22334594990829976
0.2353746397929073	0.07916210234889237	0.3019967843045788	0.155895412203442	0.22757106135017927
0.23056849161936355	0.07900413807769047	0.3011970859399743	0.15822857821276465	0.2310017061502068
0.23671042271300535	0.08023090640926606	0.3029909209826239	0.15520034882317096	0.22486740107193343
0.23730176674701503	0.07807526342725958	0.29943145016320044	0.15690279326820666	0.228288726394318
0.2368895098862796	0.07582148058177131	0.306396952418599	0.15800760426355637	0.2228844528497935
0.2382047146234379	0.07872737264131968	0.3103348257614445	0.15044486312580274	0.22228822384799493
0.24081738059329397	0.08170114569613612	0.2993985246193892	0.1536970024020653	0.22438594668911513
0.23376079951664658	0.08033467591323666	0.30712200548681207	0.15496392808705453	0.22381859099624993
0.23635768326305936	0.0783998616935061	0.3069797722566694	0.15384490402086973	0.2244177787658952
0.2426642372195563	0.0762732211639777	0.3022665074226528	0.14932780379345995	0.22946823040035302
0.2371193303172061	0.07700974335185906	0.30664370804872776	0.15309743849885477	0.226129779783352
0.23338793804685698	0.07753550766973304	0.3049198462924915	0.1529033154588591	0.23125339253205912
0.22985174095353844	0.08053969087076494	0.3062795084693988	0.1572546923407674	0.22607436736553022
0.23340514465579687	0.0789705015702223	0.3081565350567168	0.15402613203694718	0.2254416866803166
0.24281748713484225	0.07800609501124546	0.2990581474292132	0.1553506049609786	0.2247676654637202
0.24142676101382363	0.07888387573369036	0.3031736020525365	0.14998704581316658	0.22652871538678265
0.23611657209431278	0.07915984635680703	0.3057497691130534	0.1499103980352107	0.2290634144006158
0.23307227903590572	0.07943674779966524	0.30843340375638906	0.1508192063932914	0.2282383630147483
0.23010802635827646	0.07710510438284814	0.3088590476427709	0.15416127377576191	0.22976654784034237
0.22924181821732	0.07568179980555673	0.3081847162057539	0.1567027724980994	0.2301888932732697
0.24428066259128028	0.07635168892233968	0.3056031446951482	0.14915218446844355	0.22461231932278802
0.22916261692243423	0.08117819856172594	0.3051086939646403	0.15303353746984422	0.2315169530813551
0.2349536678031136	0.08105270001841945	0.3056224306737224	0.15039908661637527	0.22797211488836897
0.2384851072434848	0.08203353284992579	0.29845576505785604	0.15273707631448777	0.2282885185342454
0.23818480348537294	0.07958780088678002	0.3090517160524625	0.15102987324633982	0.2221458063290445
0.22970336994564727	0.08130071886831636	0.3051059931699671	0.15453450166068505	0.22935541635538398
0.23803405637391586	0.08143643549485344	0.30630026987195724	0.15052391828497244	0.2237053199743008
0.22937146195169208	0.07686657823400478	0.3096583889388758	0.1584385793135969	0.22566499156183017
0.2366925926077776	0.07944506628422371	0.3028124923257522	0.153862847192727	0.22718700158951924
0.2381199990859936	0.08195539398447176	0.2984044101247354	0.1564278073105601	0.22509238949423893
0.2404590959283054	0.08115653949347569	0.2992137359367128	0.149802611694978	0.22936801694652786
0.23945540519761863	0.07750696348320227	0.3077013782262699	0.15159297526968535	0.22374327782322365
0.23839319787305174	0.08122839744966134	0.301174355773127	0.1502703819072072	0.22893366699695245
0.23547857955252205	0.07543302698877963	0.3018321504389515	0.15605446224925432	0.23120178077049225
0.23342047599616408	0.0823835712438299	0.30295363069169495	0.15508620918423477	0.22615611288407605
0.23508480461066633	0.07806777140109918	0.30348301146040946	0.15567234279796607	0.22769206972985864
0.23492049910773785	0.07590738286175507	0.30017540749826876	0.157547795873537	0.2314489146587011
0.2294542114184676	0.07555135598578908	0.30829757980546846	0.15541163749335435	0.23128521529692023
0.2383656835362793	0.07537171606572712	0.3052203994099827	0.15523012106360448	0.2258120799244062
0.23265639706738356	0.08127512157054102	0.3052357590689406	0.15636477342400076	0.22446794886913377
0.23201300029372685	0.08074201334277523	0.3043104888409998	0.15649318627321487	0.22644131124928302
0.2320035980983598	0.08122745188752206	0.3078499390207199	0.15045393435220725	0.22846507664119073
0.2436545393823098	0.08051548749316197	0.29936168222091364	0.15405336108390624	0.22241492981970815
0.24153137578729875	0.07857743413238381	0.3055169274104069	0.15010855435771855	0.22426570831219172
0.2391174858031168	0.08045141685710619	0.2994137643148034	0.15453353461490937	0.22648379841006397
0.2303033979414263	0.0807760921288626	0.30416084014411215	0.15604283287138776	0.22871683691421096
0.23211285676931814	0.08268801187962506	0.30340157594328004	0.15133111710846187	0.23046643829931465
0.23848988736905832	0.07816092680233427	0.30179469755306143	0.15201064467267264	0.2295438436028731
0.242421595494211	0.08280263571012336	0.29824244051785304	0.1520185637233214	0.22451476455449096
0.23632515152830205	0.0801407876372948	0.3011394470616953	0.15922433716362516	0.22317027660908242
0.23333374586794997	0.08244588650256561	0.29788105259279263	0.15497879840898485	0.23136051662770668
0.22913330607729746	0.07778641881471215	0.30735996323999093	0.157667383784503	0.2280529280834962
0.23723264509483744	0.07572231555676456	0.3018089076568178	0.15714846884277966	0.22808766284880033
0.23304685447185783	0.07953558393987287	0.3035832893588166	0.15239397320750592	0.2314402990219465
0.23740669560662678	0.07987385124548452	0.29776089449617205	0.1571270484442886	0.2278315102074278
0.2314694371245305	0.0799487785045259	0.30363194167529395	0.1591836038189265	0.22576623887672298
0.230154543686831	0.07809775681131464	0.30329080723844515	0.1580108285982664	0.23044606366514256
0.2428615734647734	0.07722374891693216	0.3050297529755479	0.15068693414307502	0.22419799049967126
