0.16690273093104796	0.16658668165314824	0.6665105874158039
0.16675734021479247	0.16658120202750493	0.6666614577577027
0.1671077951284724	0.16641955253238558	0.6664726523391422
0.16722868028775212	0.16612814992898095	0.6666431697832671
0.16710513186044712	0.16622465068416048	0.6666702174553925
0.166763886927226	0.16649499052309827	0.6667411225496759
0.16676453619998893	0.16630237065691988	0.6669330931430912
0.16678608931605612	0.16634938110112524	0.6668645295828188
0.1668832845718384	0.1666068851626666	0.666509830265495
0.1668330217747532	0.1662789046649667	0.6668880735602802
0.16704049860254172	0.16628534135291917	0.6666741600445392
0.16675537618111347	0.16639272021652765	0.666851903602359
0.16684823813528915	0.1663734617945971	0.6667783000701138
0.16686846267182426	0.16672927073746638	0.6664022665907094
0.16704713800379745	0.16644945296740116	0.6665034090288016
0.16716244894396176	0.16622476534808256	0.6666127857079558
0.16667594850466422	0.16662344967164822	0.6667006018236877
0.16693191417087122	0.1663204006930201	0.6667476851361087
0.16704481524057269	0.16651591689140965	0.6664392678680178
0.16734006873522614	0.16609401883869582	0.6665659124260782
0.16724437216722424	0.16615128069339782	0.6666043471393781
0.16734175794125086	0.16617056667122176	0.6664876753875275
0.1673573006421824	0.16622044127769947	0.6664222580801182
0.16676248763462925	0.16632900277198565	0.6669085095933853
0.16730190661823477	0.16607471737275725	0.6666233760090081
0.16713977407825945	0.16644783868838725	0.6664123872333534
0.1669141842829695	0.16640023990083702	0.6666855758161936
0.167120784871461	0.16633095957393745	0.6665482555546016
0.16725151455186138	0.16633505219369182	0.6664134332544469
0.16663427369528638	0.1665793384155684	0.6667863878891453
0.16670244779083684	0.1667646119643882	0.666532940244775
0.16744460396864383	0.16616071346987787	0.6663946825614784
0.16691391581509174	0.16619523481858764	0.6668908493663208
0.16697349132398376	0.16629442298807146	0.6667320856879448
0.1667389670513758	0.1663188421216264	0.6669421908269979
0.16693839259150894	0.166323722520329	0.6667378848881622
0.1666365030319021	0.16676733675986988	0.6665961602082282
0.1671339450066491	0.1664418136443362	0.6664242413490148
0.16667667487469792	0.16692258044384162	0.6664007446814606
0.16704813533193485	0.1665441906559914	0.6664076740120739
0.1668694398687575	0.16671199267144976	0.6664185674597929
0.1670681425297912	0.1662581043263077	0.6666737531439012
0.1666051896617361	0.16677482385794265	0.6666199864803213
0.16663339684428446	0.16656082058813276	0.6668057825675829
0.1667905485405039	0.1668097171192085	0.6663997343402877
0.16739429719056964	0.16613783290202983	0.6664678699074007
0.16717411909481847	0.16609155859198343	0.6667343223131982
0.1666063092056419	0.16640794897861577	0.6669857418157425
0.1668021852271659	0.16644131017310604	0.6667565045997281
0.16683976799535133	0.1664417343674509	0.6667184976371979
0.16745933927172277	0.16610237793019966	0.6664382827980777
0.16673325130671277	0.1668700605648077	0.6663966881284797
0.16680290597514694	0.16661142024879821	0.6665856737760549
0.1671685011938949	0.1662536237991595	0.6665778750069458
0.1666838241174631	0.1665366970881043	0.6667794787944328
0.166688605423592	0.16650951457234917	0.6668018800040589
0.16733143308574733	0.16619127120116323	0.6664772957130896
0.16679486434087787	0.16660282190241626	0.666602313756706
0.16728239583402404	0.1660709679503586	0.6666466362156174
0.16661448472717277	0.16650244159353522	0.6668830736792921
0.16704592638491034	0.16626087497645392	0.6666931986386359
0.1666083977819894	0.1665279805730731	0.6668636216449375
0.16699505725240385	0.16651744009473352	0.6664875026528627
0.16690104934833858	0.1667017671666948	0.6663971834849667
0.1666580721249783	0.16661032936831302	0.6667315985067088
0.16717792899713985	0.16613595895015226	0.6666861120527081
0.16746995594886474	0.16606616886625916	0.6664638751848762
0.16686069765322215	0.16626490789206239	0.6668743944547155
0.16683834676780857	0.1666271825517353	0.6665344706804563
0.16728243920766614	0.16611598380807205	0.6666015769842619
0.1667378271592599	0.16628675488933303	0.6669754179514072
0.16668953985204046	0.16690098188324837	0.6664094782647113
0.16687551461149688	0.16654345256319736	0.6665810328253059
0.16663460440472555	0.16645667517523366	0.6669087204200409
0.16739109667997246	0.16608611669405066	0.6665227866259771
0.16703344037329415	0.1663669281976197	0.6665996314290863
0.16688116251444	0.16664554615681276	0.6664732913287473
0.16685836390666275	0.16662624308025883	0.6665153930130785
0.16696295912017337	0.16641650559257826	0.6666205352872485
0.16720321662084936	0.16616900942268226	0.6666277739564686
0.16722701754834055	0.16637773876550227	0.6663952436861573
0.16700293350954357	0.16615848601893368	0.6668385804715229
0.16723360501755852	0.1662893130655938	0.6664770819168477
0.16716517196217207	0.16607879783322746	0.6667560302046005
0.16664678684865528	0.16663669724604363	0.6667165159053012
0.16678403261928132	0.1665563525685061	0.6666596148122126
0.16695849948986663	0.16629373638883138	0.6667477641213021
0.16704355807155166	0.16642183559602303	0.6665346063324254
0.16721930397981366	0.1661733435197729	0.6666073525004135
0.1666732825809335	0.1666082777094809	0.6667184397095858
0.16706783699093916	0.16608732195400777	0.6668448410550532
0.16698757837174322	0.16645511852170405	0.6665573031065528
0.16679028048427047	0.16671000936129418	0.6664997101544354
0.16666634065196767	0.16654752241676812	0.6667861369312643
0.16736087701405913	0.16620501751807237	0.6664341054678686
0.1668487499246307	0.16622108655095652	0.6669301635244129
0.16672180864560907	0.16687714634756684	0.6664010450068242
0.16728721290915485	0.1662881856622378	0.6664246014286075
0.1670375402273433	0.16653309825514198	0.6664293615175149
0.16699796123453275	0.16632308789438394	0.6666789508710834
0.16723062147743256	0.1661908767107147	0.6665785018118529
0.16729421144615197	0.16607199378921517	0.666633794764633
0.16672165980940418	0.16627419026579227	0.6670041499248036
0.16678044140767723	0.16675517532299153	0.6664643832693313
0.16702521421406696	0.1662440612228509	0.6667307245630822
0.1666263476035307	0.16640765469346813	0.6669659977030014
0.16673673033045633	0.16661111728531597	0.6666521523842278
0.1671259584431532	0.16627149912096012	0.6666025424358868
0.1668750805930483	0.16614994694024876	0.666974972466703
0.16667181999250158	0.1664444032740104	0.6668837767334881
0.16686608773168393	0.1665996657798725	0.6665342464884436
0.16737418980817284	0.16614632156320774	0.6664794886286196
0.1669316457032214	0.16618156642047582	0.666886787876303
0.1674428021537592	0.16610397509010566	0.6664532227561353
0.1670699157968002	0.16644079306991386	0.666489291133286
0.16690975548699746	0.16665994013861718	0.6664303043743854
0.16665683998526232	0.16638965928726251	0.6669535007274753
0.16687899532471823	0.1661988757111404	0.6669221289641415
0.16729087704300943	0.16626014652572887	0.6664489764312618
0.1670420550065307	0.1665239028086641	0.6664340421848053
0.16666720590721767	0.16685964347480725	0.6664731506179753
0.16699140164677928	0.16611237748260582	0.6668962208706151
0.1673696162023366	0.1661961094159912	0.6664342743816722
0.16672024368417016	0.16656943053156448	0.6667103257842655
0.16679980946755646	0.16674660276870074	0.666453587763743
0.16665474117748463	0.1666478598815734	0.6666973989409422
0.16732732541424203	0.16613017494318782	0.6665424996425702
0.16721204274375828	0.16638850155348806	0.6663994557027537
0.1668997979460482	0.16638270781721387	0.666717494236738
0.1668954370388113	0.166251612616988	0.6668529503442009
0.16680591117434287	0.16669028074458095	0.6665038080810763
0.16727906796829264	0.16614615110241435	0.6665747809292931
0.16666716023334244	0.16678852034013758	0.6665443194265201
0.16677042329684244	0.16666976569602582	0.6665598110071319
0.16661120876064542	0.16670747768978217	0.6666813135495726
0.16664830276540749	0.16671671168354193	0.6666349855510507
0.16699516809784049	0.16639841594593163	0.6666064159562279
0.16669477205020808	0.16678810131702115	0.666517126632771
0.16663570233410657	0.16670786892821876	0.6666564287376748
0.16720460468340487	0.16622024544557795	0.6665751498710173
0.16729990402224265	0.1661973034897538	0.6665027924880036
0.1669486754343293	0.16634055016619612	0.6667107743994747
0.16694557887707923	0.1663066687949188	0.6667477523280021
0.16660805216538205	0.16664821199730662	0.6667437358373115
0.16684963761049476	0.16635165489759957	0.6667987074919058
0.16700377820830464	0.166347427064705	0.6666487947269906
0.16679562042809842	0.16619085459976074	0.667013524972141
0.16692248704038143	0.1662790880605931	0.6667984248990255
0.16697267478996922	0.16627920580320762	0.6667481194068232
0.16707999083906094	0.16637875597856927	0.66654125318237
0.16711882384964208	0.1663324596707187	0.6665487164796393
0.16694308111827263	0.16658510954126565	0.6664718093404618
0.16713454506395578	0.16626718389840123	0.6665982710376431
0.16726237456584458	0.16624575041091016	0.6664918750232454
0.16685128211395556	0.1661932485831512	0.6669554693028934
0.16662038654984224	0.16664116216583674	0.6667384512843211
0.16698656738911546	0.1664737939933354	0.6665396386175493
0.16691235127885395	0.16647617407580229	0.6666114746453439
0.16665377388554428	0.16689773675706432	0.6664484893573915
0.16669717841169357	0.16667228771216133	0.6666305338761452
0.167337070193365	0.1661273520601927	0.6665355777464425
0.1667697309723047	0.16647017862890082	0.6667600903987946
0.1674077764527895	0.16611375682813392	0.6664784667190766
0.16746704496304432	0.16608270785757348	0.6664502471793823
0.16733152634812407	0.16611256258748097	0.666555911064395
0.16730147035388315	0.16623745622126215	0.6664610734248548
0.1674377267731326	0.1660682840792599	0.6664939891476076
0.16692543474525	0.16620444684485775	0.6668701184098924
0.16712897374282257	0.16613384256875868	0.6667371836884188
0.16697190339309587	0.16607932805839448	0.6669487685485098
0.16684691678556152	0.16653316853398362	0.666619914680455
0.1671112643688547	0.16636353000795034	0.6665252056231952
0.1667955538408857	0.1664545447960914	0.666749901363023
0.16714193785630616	0.16634541954234283	0.6665126426013512
0.16744602655629712	0.166096878698815	0.666457094744888
0.16661319919750997	0.16665074348736542	0.6667360573151248
0.16686636832838353	0.16668488537785764	0.6664487462937589
0.16696817012380347	0.1663035015526384	0.6667283283235583
0.1667581576974868	0.1666296760428046	0.6666121662597086
0.16683138753637308	0.1662644180049243	0.6669041944587027
0.16727928131258227	0.16630134044345085	0.6664193782439669
0.16701614594611766	0.16646189329760377	0.6665219607562787
0.1669131569888384	0.16663921958768835	0.6664476234234733
0.1669976916165341	0.16631514738983819	0.6666871609936278
0.1667372822673853	0.16673880043641132	0.6665239172962034
0.1667736026022413	0.16641506488184182	0.666811332515917
0.16717503618627894	0.16608759155197544	0.6667373722617458
0.16668875387553755	0.16691130624380301	0.6663999398806595
0.16702923780816703	0.16622789718460323	0.6667428650072298
0.16703577066299044	0.16619658161957343	0.6667676477174362
0.166937285853158	0.16639051462390803	0.6666721995229341
0.16735719379052916	0.16621266028225054	0.6664301459272204
0.16692206102062035	0.16659864735710628	0.6664792916222735
0.16695460293878378	0.16649097482878938	0.6665544222324269
0.16671648339099093	0.16687493089597125	0.666408585713038
0.16685909968004597	0.16667051257348414	0.6664703877464699
0.1666588817471926	0.1668927855400275	0.66644833271278
0.16729797065547075	0.16631013741423173	0.6663918919302976
0.16703238423279795	0.16626098384206742	0.6667066319251348
0.16666113842295216	0.1666114895643683	0.6667273720126796
0.16698996669772256	0.1665368522265005	0.6664731810757771
0.16728466804025435	0.16623025924682827	0.6664850727129175
0.1669259000861864	0.16616628279451395	0.6669078171192997
0.16694170625981844	0.16640011505791108	0.6666581786822706
0.1666130707300793	0.16660555316226616	0.6667813761076546
0.16669219311736375	0.16642490974686036	0.6668828971357761
0.1670112120403688	0.16632352645261142	0.6666652615070199
0.16734502491298964	0.1660929872383205	0.6665619878486899
0.1666558028842839	0.16677676128211702	0.6665674358335992
0.16675695716317562	0.16674618769558813	0.6664968551412364
0.16733270675207926	0.16626891779057712	0.6663983754573437
0.16724221682644286	0.16609461658964011	0.6666631665839171
0.166646699307307	0.16650132441018256	0.6668519762825106
0.1667376766377785	0.16669302029184324	0.6665693030703783
0.16702364267159708	0.16651287273634102	0.6664634845920621
0.1667381214679672	0.1665010483158072	0.6667608302162258
0.1671054035457365	0.1663521047858551	0.6665424916684086
0.16662865742802127	0.16646806147340615	0.6669032810985727
0.1669366880426301	0.1662711148304612	0.6667921971269088
0.16668264196264254	0.1667271936401496	0.6665901643972079
0.16715201488556908	0.1661870246909926	0.6666609604234384
0.16698334399222026	0.1662839010563347	0.6667327549514452
0.16688547363883738	0.16625760694773722	0.6668569194134255
0.16696127263976546	0.16660386133297594	0.6664348660272588
0.16714305600380305	0.16645131881879166	0.6664056251774054
0.167069954605111	0.16619531038718593	0.6667347350077032
0.16674378452193975	0.16681549121815253	0.6664407242599077
0.1669323750785041	0.16622770696850633	0.6668399179529896
0.16707968434496395	0.16637339832778292	0.6665469173272532
0.16684579268399452	0.16655879906480353	0.666595408251202
0.16692385609346666	0.16659142659845222	0.6664847173080812
0.1670726321530238	0.16632208904350337	0.666605278803473
0.16716106856737614	0.166123382721586	0.666715548711038
0.1670698588434299	0.16650262846218875	0.6664275126943815
0.16718080996177925	0.16632769289213656	0.6664914971460842
0.16702324133906662	0.16653445950362405	0.6664422991573095
0.1669460467572369	0.16636596623814925	0.666687987004614
0.1667287833945426	0.16685817532002678	0.6664130412854308
0.166941531343206	0.16658082013528702	0.6664776485215071
0.16742842929365115	0.16613213679192546	0.6664394339144235
0.16687604210832718	0.16660908742746755	0.6665148704642053
0.16677761568365412	0.1665641926661321	0.6666581916502139
0.16714915849973733	0.1662265655390176	0.6666242759612451
0.16663675152525187	0.16666410530954234	0.6666991431652058
0.16682588640633544	0.16661136099333423	0.6665627526003304
0.1669952187280378	0.16635881718155637	0.6666459640904059
0.167162808943488	0.16631512515688907	0.6665220658996232
0.16739958891217743	0.166197959373382	0.6664024517144407
0.16720993762179273	0.16616691546456785	0.6666231469136396
0.16698946716924337	0.16614042155978298	0.6668701112709737
0.16678336403915903	0.16621233981298184	0.6670042961478593
0.1671274181359325	0.16618988996213085	0.6666826919019367
0.1669449374155898	0.16639513405056505	0.6666599285338453
0.16694822326545578	0.1665311203197883	0.6665206564147561
0.16664797844347298	0.16652019558835213	0.666831825968175
0.16726125136697384	0.1661763832776965	0.6665623653553299
0.16681770842338955	0.1666190441439247	0.6665632474326859
0.16696941617561603	0.16619777855005263	0.6668328052743314
0.1670709437051288	0.16635078369171907	0.6665782726031523
0.16686445328330463	0.1662013699301377	0.6669341767865578
0.16719045203858773	0.16612693862966188	0.6666826093317505
0.16688494469585624	0.16616404154772985	0.6669510137564141
0.16661795018640257	0.16668479422516042	0.6666972555884372
0.16701915222692287	0.16628280278973845	0.6666980449833387
0.1668734782609442	0.16648988041209756	0.6666366413269584
0.1668444972838485	0.16628172421966553	0.6668737784964861
0.16661282188593465	0.1669833020883351	0.6664038760257304
0.16724373873711207	0.16619592478216905	0.6665603364807191
0.1672466358744173	0.16611768048800657	0.6666356836375762
0.16727614940757804	0.1663255777182876	0.6663982728741344
0.16661171447332465	0.16657455434657312	0.6668137311801023
0.16693156920651658	0.16620835187803307	0.6668600789154504
0.16673721783023276	0.16634786380766853	0.6669149183620988
0.16706663393372356	0.16617264825892486	0.6667607178073518
0.16724966038228714	0.1660920276937936	0.6666583119239193
0.16698736943846332	0.16638267549469188	0.6666299550668449
0.16690422767453644	0.16632032344648473	0.666775448878979
0.16690169076925043	0.16650329526803487	0.6665950139627148
0.16728553769305685	0.16625601357201197	0.6664584487349312
0.1669414385869491	0.16608904238308847	0.6669695190299625
0.16737794709810505	0.16610015394615607	0.666521898955739
0.16667489531611945	0.16638309293034764	0.6669420117535331
0.16714105322902295	0.16633909310717532	0.666519853663802
0.16684035833959812	0.16672781743250126	0.6664318242279007
0.16683380311045398	0.16623021050275616	0.66693598638679
0.16732947494278985	0.166170111767433	0.6665004132897773
0.16674159452930037	0.1664518272323902	0.6668065782383095
0.16723490887779338	0.16612403982913887	0.6666410512930678
0.16708923357749822	0.16644404385686623	0.6664667225656357
0.16662468580856651	0.16686018292194948	0.6665151312694841
0.16693683045222726	0.16625498446135578	0.6668081850864171
0.16684120339377387	0.16618599027371694	0.6669728063325093
0.16681033275835108	0.16628240231276958	0.6669072649288794
0.16698611469648977	0.16639035787257866	0.6666235274309317
0.1667231100127126	0.16640245088870548	0.666874439098582
0.16677226246010507	0.1663637675970745	0.6668639699428206
0.16667153771862414	0.16683754741359533	0.6664909148677807
0.16720878714503673	0.16621295909949552	0.6665782537554679
0.16680347431650722	0.1667838786236	0.6664126470598929
0.16699645866988322	0.1665681653895452	0.6664353759405717
0.16722788178061254	0.16620939008220853	0.6665627281371791
0.16706963601269645	0.16625013444008996	0.6666802295472137
0.16686826416999406	0.16629104345903806	0.666840692370968
0.16673006452030095	0.16643453689913812	0.6668353985805611
0.16671921281336755	0.16634681436682652	0.666933972819806
0.16674395612764228	0.16686153249954377	0.666394511372814
0.1671617069828574	0.16612745343753232	0.6667108395796104
0.1668418229929622	0.1663715749488304	0.6667866020582075
0.1674517371586859	0.1661544302652776	0.6663938325760366
0.16667713919350147	0.16683228222656432	0.6664905785799343
0.16668219157788344	0.16655909897794507	0.6667587094441716
0.16678276131853975	0.1662456009547164	0.6669716377267438
0.1667508697561993	0.16644940247751433	0.6667997277662865
0.16681801652879202	0.16642767650284535	0.6667543069683628
0.16675607120445604	0.16650856705428335	0.6667353617412608
0.16703303401534184	0.16630205022912473	0.6666649157555335
0.16661565627810773	0.16699054310911485	0.6663938006127776
0.16693756675355023	0.1665105018320323	0.6665519314144176
0.16713609685926606	0.1661502893661249	0.6667136137746092
0.16691572199456417	0.16668092801745316	0.6664033499879828
0.16705391901412098	0.16645884127250682	0.6664872397133723
0.16671600971951941	0.16688820460071835	0.6663957856797623
0.16672192000562114	0.16685802945890366	0.6664200505354754
0.16714545405721054	0.1661199574450839	0.6667345884977056
0.16710024333885226	0.16620080125101105	0.6666989554101368
0.1666896296521736	0.1667730056522319	0.6665373646955945
0.1668344446340991	0.166465824081097	0.666699731284804
0.1671683955139654	0.1662686057293326	0.6665629987567021
0.1666644883860687	0.16664146632025995	0.6666940452936715
0.16668827078161585	0.1668090030815268	0.6665027261368575
0.1667365756156408	0.16687024849052512	0.6663931758938342
0.16668360041080885	0.16648027494574358	0.6668361246434477
0.16712291525778172	0.16637438048868236	0.6665027042535361
0.1669394720946371	0.16659023719821753	0.6664702907071455
0.16708120926333728	0.1663249733471553	0.6665938173895076
0.1669100007519999	0.16617620672921357	0.6669137925187867
0.16692673903812844	0.16665784975613984	0.6664154112057318
0.16689196392494968	0.16671577790996556	0.666392258165085
0.16664192345296086	0.1667768917424789	0.6665811848045604
0.16692322395945375	0.16643371098982615	0.6666430650507202
0.16680492545323494	0.16656259763614073	0.6666324769106244
0.16680248583967905	0.1666205889039098	0.6665769252564113
0.16679396676018338	0.16645915507400144	0.6667468781658153
0.1666910498569591	0.16632382243377092	0.6669851277092701
0.16728117556141425	0.16622026654460403	0.6664985578939818
0.16660673850504137	0.16660842416826713	0.6667848373266916
0.16720324902631722	0.1661270488789535	0.6666697020947294
0.16670628348387556	0.16676681737128593	0.6665268991448386
0.16692064748453744	0.16618854336696276	0.6668908091485
0.16709273937162689	0.1664294485064664	0.6664778121219068
0.16696269614082437	0.16645709470671333	0.6665802091524624
0.1672606932497054	0.16612998098216808	0.6666093257681267
0.16688211930674374	0.16637930880631108	0.6667385718869453
0.16690308918179722	0.16652882770779215	0.6665680831104108
0.1668239359270235	0.16675647449035835	0.6664195895826184
0.16667758268431498	0.16679598375573065	0.6665264335599544
0.16678941956872453	0.16622812797244507	0.6669824524588305
0.1672422397614829	0.16620417475492671	0.6665535854835904
0.16670576291878622	0.1664654179998178	0.666828819081396
0.16701347509211234	0.16619392241179426	0.6667926024960935
0.16712803210855565	0.16619449750396864	0.6666774703874758
0.1672811185362504	0.1662672616502312	0.6664516198135184
0.16703087653627513	0.16639991720274586	0.6665692062609792
0.16716492071181477	0.16634294522718973	0.6664921340609955
0.1670943150016168	0.16647075574994158	0.6664349292484417
0.16663857452738287	0.16687293154954963	0.6664884939230676
0.16673868942835815	0.16626378899618605	0.6669975215754559
0.16700554838986567	0.1663574736444722	0.6666369779656622
0.16702778493551498	0.1660995903066716	0.6668726247578135
0.16690279874864483	0.1664363163652995	0.6666608848860558
0.16679143891252174	0.1665260304591448	0.6666825306283336
0.16712279432967045	0.16622531842122473	0.666651887249105
0.16700915688398416	0.1664947318013456	0.6664961113146703
0.1669664372622831	0.16629558413969223	0.6667379785980247
0.16663853887589392	0.16672178228790346	0.6666396788362028
0.166790633758506	0.16674762488876305	0.6664617413527312
0.16730788421817044	0.16626072198073202	0.6664313938010977
0.16681374548713174	0.16678158685302955	0.6664046676598389
0.1671538499822211	0.16627038223401203	0.6665757677837669
0.1668691500328968	0.16650524054722293	0.6666256094198804
0.16662969539952893	0.16648940436184884	0.6668809002386225
0.1667225029285265	0.1666186492583339	0.6666588478131397
0.16688897271969796	0.16650200668026865	0.6666090206000335
0.16708507068993134	0.1661764252578366	0.6667385040522322
0.1667262961628919	0.16653510023616816	0.6667386036009402
0.16672348368587328	0.16688362321149014	0.6663928931026366
0.1668829579391532	0.16623685650679812	0.6668801855540488
0.16662654503987967	0.16674267864075215	0.6666307763193683
0.1669124973526129	0.1666158201238867	0.6664716825235005
0.16664597509732987	0.16638247552983815	0.6669715493728321
0.16663117365593058	0.1669246605564817	0.6664441657875878
0.16704080178587363	0.16635421285557256	0.6666049853585538
0.16663695384124244	0.16692988866008907	0.6664331574986686
0.16725271675162925	0.16613368587353533	0.6666135973748355
0.16671862448642777	0.16663154080427786	0.6666498347092945
0.16696837579463814	0.16619270994483654	0.6668389142605254
0.1670139312410974	0.16624039431404264	0.6667456744448601
0.1666578923879763	0.16649008884245942	0.6668520187695643
0.16685962599844117	0.1661294651695292	0.6670109088320297
0.16676793493187045	0.16636189270993904	0.6668701723581907
0.16688525133943033	0.166234540338651	0.6668802083219187
0.16702592360192897	0.1662166173953923	0.6667574590026788
0.16680696987521604	0.1664764191072378	0.6667166110175463
0.166888733932625	0.16645984739734615	0.666651418670029
0.16671762497813108	0.1664733551198091	0.66680901990206
0.16719442857537098	0.1661034406072301	0.666702130817399
0.16749338941089958	0.166073236657046	0.6664333739320545
0.16679075728736273	0.1665696148045857	0.6666396279080516
0.16690112524799453	0.1662246120321852	0.6668742627198204
0.16749584718990185	0.16610753197967743	0.6663966208304208
0.16682107093072218	0.1665935019726542	0.6665854270966237
0.16695786621019768	0.16648574674605987	0.6665563870437425
0.16720181103364334	0.16630191394834337	0.6664962750180135
0.16661562153098614	0.16663637228070444	0.6667480061883095
0.16708383630573312	0.16638483934027604	0.666531324353991
0.16682259502204805	0.16637209135944206	0.6668053136185099
0.16720057398268492	0.16628840418780766	0.6665110218295075
0.16748148547953173	0.16607998438278115	0.6664385301376872
0.16686085141863274	0.16672117635449576	0.6664179722268716
0.16688829077792994	0.16613308131744836	0.6669786279046219
0.16667466544709278	0.1669334018333653	0.666391932719542
0.16702145763256734	0.16643187116802446	0.6665466711994084
0.16684216843418204	0.1665704906994411	0.6665873408663769
0.16685026696752803	0.16629132438427707	0.666858408648195
0.16705669528897993	0.16647468875998542	0.6664686159510347
0.16704809260114462	0.16649920913295385	0.6664526982659016
0.16721495198890396	0.16633788849357006	0.6664471595175261
0.1672655845686346	0.16619122325822638	0.6665431921731392
0.16662698544794075	0.1664108018797444	0.6669622126723149
0.16722627675838742	0.1660792682735	0.6666944549681127
0.16715592258297718	0.16627826619063024	0.6665658112263927
0.16668437098057193	0.16649812834765065	0.6668175006717776
0.1668877306656364	0.16640091064791768	0.666711358686446
0.16682446289941666	0.16675039120616394	0.6664251458944195
0.16686156902903387	0.16671276200294866	0.6664256689680176
0.16669268036205076	0.1664952990805506	0.6668120205573987
0.16696031924220228	0.16630297006625702	0.6667367106915408
0.1666531156537547	0.1667947266844197	0.6665521576618257
0.16731095906979526	0.16620931334089617	0.6664797275893086
0.16664055629449415	0.1669254266767084	0.6664340170287975
0.16711573135893718	0.16636001604342973	0.6665242525976331
0.16664591082479357	0.1667572952344668	0.6665967939407398
0.16674258239963752	0.16643194094664937	0.6668254766537133
0.16687111169893126	0.16615562341045742	0.6669732648906115
0.1667799607700366	0.16650595649647154	0.666714082733492
0.16664705667605134	0.16696140343058313	0.6663915398933656
0.1669952153828526	0.1663508638528973	0.6666539207642502
0.1668472297308243	0.16657470253191603	0.6665780677372598
0.16690425043955728	0.16630694097600068	0.6667888085844422
0.1673564348612283	0.1662273878696402	0.6664161772691316
0.16677544046051956	0.16665432400122027	0.6665702355382603
0.16690767518447425	0.1663361355381005	0.6667561892774254
0.16670346526185717	0.16630141544251503	0.6669951192956279
0.16725788274344433	0.16632937842884424	0.6664127388277115
0.16672079120213928	0.1667804389390542	0.6664987698588067
0.16677936781458644	0.16635186798149404	0.6668687642039197
0.16716069907156525	0.16619601569672732	0.6666432852317076
0.16714097346157744	0.16625119205334438	0.6666078344850783
0.16688631134970208	0.16614106574205423	0.6669726229082438
0.1666280677758402	0.16653192977293668	0.6668400024512233
0.16692902378237767	0.16610959161977606	0.6669613845978464
0.16695964193107454	0.16645350926467145	0.6665868488042541
0.1669790552229635	0.16647743697359096	0.6665435078034456
0.1666499348706883	0.16673259770577986	0.6666174674235319
0.16671708971104024	0.1668794966239558	0.6664034136650041
0.16726858316186158	0.16614489079370434	0.6665865260444341
0.16670117603570786	0.16655076400515006	0.6667480599591422
0.16701665089961437	0.16657721059354688	0.6664061385068389
0.1668807916742692	0.16624295899519742	0.6668762493305335
0.16704122126451448	0.16630363419947253	0.6666551445360132
0.16680230163119963	0.16647954076598143	0.6667181576028189
0.1671184917666979	0.16636049700766695	0.6665210112256352
0.1666494289528639	0.16655679199758694	0.6667937790495493
0.16697052207650145	0.16622558575364005	0.6668038921698586
0.16679596673302308	0.16666492749560896	0.6665391057713681
0.16713563263380962	0.16607410399758976	0.6667902633686007
0.1670016634105618	0.1661411419444236	0.6668571946450147
0.16666324932268625	0.16646686501270874	0.6668698856646051
0.1667136803932204	0.16684164839174564	0.666444671215034
0.1668150141722738	0.16650688117019963	0.6666781046575267
0.1671011655983523	0.16632274981280876	0.666576084588839
0.1671957255858239	0.1662108328150952	0.666593441599081
0.16710124723858324	0.1663354618080013	0.6665632909534156
0.16734223846425483	0.1661842475383639	0.6664735139973814
0.16691113428942567	0.16660535652734143	0.6664835091832331
0.16702161980683175	0.16634311125735768	0.6666352689358107
0.16673307841598	0.16667831405734357	0.6665886075266765
0.16704360069920748	0.16634815421785581	0.6666082450829367
0.16666946407964647	0.16653664303367224	0.6667938928866814
0.16676207017235714	0.16670753228006224	0.6665303975475807
0.16726416128704655	0.16619467670513685	0.6665411620078168
0.16675288135478683	0.16653445455641597	0.6667126640887973
0.16720674779317712	0.16616896589185812	0.666624286314965
0.16697297206644893	0.1662727896601194	0.6667542382734317
0.1667807423558054	0.16680321090296907	0.6664160467412257
0.16731248801544943	0.1660787826402242	0.6666087293443265
0.16684773482890697	0.16637387917013036	0.6667783860009627
0.16661796112588206	0.1667402537923481	0.6666417850817699
0.16696304681510565	0.1663589293265272	0.6666780238583673
0.1669172873865372	0.16619640940220354	0.6668863032112593
0.1668342383063581	0.16646716622791885	0.6666985954657232
0.16675588525154603	0.16641009371673243	0.6668340210317216
0.16715331736112365	0.1664516763765828	0.6663950062622936
0.16661970084674327	0.16680346363272444	0.6665768355205324
0.1671957837158361	0.16635880660935176	0.6664454096748123
0.1668465062016156	0.16624215483245214	0.6669113389659324
0.16702081755007664	0.16609658989846954	0.666882592551454
0.16732335866492887	0.16620228018297786	0.6664743611520934
0.16725279255371633	0.1662162250480351	0.6665309823982486
0.16708696110949306	0.16620034687443014	0.6667126920160769
0.16707165744788627	0.16646175807974076	0.6664665844723731
0.16699525570013768	0.16649415430670628	0.6665105899931562
0.166989386818112	0.1665677613575	0.6664428518243881
0.16684931209778198	0.16671093596455522	0.666439751937663
0.16676188059181876	0.16649807056513183	0.6667400488430495
0.16661284701935486	0.16677207967536486	0.6666150733052805
0.1671285916733317	0.1661995056955894	0.666671902631079
0.16703545619014845	0.1664481860738578	0.6665163577359939
0.16670441278561765	0.16632473384842844	0.666970853365954
0.16677563737473483	0.16653107902181488	0.6666932836034504
0.16691116632761524	0.16612232042745667	0.6669665132449283
0.16691445816173384	0.1664758521373962	0.6666096897008701
0.16696262137289472	0.16612493259956793	0.6669124460275375
0.16702326953122976	0.16648712794960646	0.666489602519164
0.16687077411419288	0.1664732099412513	0.666656015944556
0.16705797780528817	0.1662442806667173	0.6666977415279947
0.16735182854457306	0.1661500447104999	0.6664981267449273
0.16742359228811035	0.16617334488158514	0.6664030628303046
0.16745653080828743	0.1661131941353635	0.6664302750563492
0.16677823870476183	0.16678965332281212	0.6664321079724261
0.16719016537852657	0.16619760281354304	0.6666122318079305
0.1668176914643988	0.1665269330349587	0.6666553755006426
0.16670224278420775	0.16628936677591258	0.6670083904398798
0.16705304496980658	0.16631855034377285	0.6666284046864207
0.1670203200869044	0.16608819491875126	0.6668914849943445
0.16673862808357967	0.16652358965906583	0.6667377822573546
0.166871150741097	0.16645314415191853	0.6666757051069846
0.16711520591157114	0.1663679141128409	0.6665168799755881
0.16704091882217906	0.1663722890374313	0.6665867921403898
0.1666343294670221	0.16680744937149367	0.6665582211614844
0.16730531848404753	0.16628120553417877	0.6664134759817738
0.1671111049497296	0.16619228490240995	0.6666966101478605
0.16662614375796297	0.16668746537081647	0.6666863908712206
0.16745604194950886	0.1660919964823484	0.6664519615681428
0.1670106392618832	0.16623941981982782	0.6667499409182891
0.16685182459221673	0.16665574299654268	0.6664924324112407
0.16686102280442192	0.16664576372348935	0.6664932134720889
0.16709935055171446	0.16608149436554062	0.6668191550827449
0.16721583385087585	0.16629442878554843	0.6664897373635759
0.16691765732668806	0.16621274331807867	0.6668695993552334
0.16662704194408715	0.1664091756680358	0.6669637823878771
0.16681898660260652	0.166477635241495	0.6667033781558986
0.16686415091278547	0.1664915295672329	0.6666443195199818
0.16713678688276712	0.16644957362870516	0.6664136394885278
0.16667410926503134	0.16683985490446024	0.6664860358305085
0.1673490486916594	0.16623260450873759	0.6664183467996032
0.16730971013744148	0.16621829022805823	0.6664719996345004
0.16660917516214346	0.16671801461903002	0.6666728102188266
0.16705084515594829	0.16649523439716196	0.6664539204468898
0.16684289718116332	0.16662528954807254	0.6665318132707643
0.16738092126006404	0.16620820948082582	0.6664108692591102
0.16670621201285457	0.16641699344823147	0.666876794538914
0.16703841828566113	0.16613741210175578	0.6668241696125832
0.16728233039124635	0.16615365107052402	0.6665640185382298
0.16692154534912917	0.16612386288174658	0.6669545917691244
0.16668347491237598	0.1668263003187373	0.6664902247688869
0.16671280718886655	0.16660480820636928	0.6666823846047643
0.16710492356994028	0.16631098712585812	0.6665840893042018
0.1666272081270441	0.16670120430510033	0.6666715875678557
0.16695553651644604	0.16662563084781806	0.666418832635736
0.1668222197745311	0.16671395493338997	0.666463825292079
0.16661803825857494	0.1665673397911811	0.6668146219502441
0.16700682236472592	0.1664831016332975	0.6665100760019766
0.16681776686440705	0.16667690597159524	0.6665053271639978
0.16679480614826098	0.16623502527370493	0.6669701685780343
0.16716273225608186	0.16641742994648942	0.6664198377974289
0.1667734303017334	0.16662626767680974	0.666600302021457
0.1667470161522408	0.16685313063819562	0.6663998532095636
0.1672569340297007	0.16632782032262394	0.6664152456476755
0.16679728582170666	0.16644079237816994	0.6667619218001235
0.16730452641222326	0.16627117745897282	0.666424296128804
0.166742844044642	0.16666123865222604	0.6665959173031321
0.1671189523153872	0.16637185361864923	0.6665091940659638
0.16678645707873974	0.16673344024325332	0.6664801026780071
0.1666192700359772	0.16671195098929206	0.6666687789747309
0.16668394687420363	0.16666304536582638	0.66665300775997
0.16722924894917823	0.1661953710167526	0.6665753800340692
0.16681664416581152	0.1664412880465462	0.6667420677876423
0.1666878689023309	0.1665759568134341	0.6667361742842352
0.16681621485037737	0.16642623292274766	0.666757552226875
0.16682215987813423	0.1665513670323755	0.6666264730894904
0.16687875910636002	0.16636511088082065	0.6667561300128194
0.16716091083269258	0.16626421563114835	0.6665748735361592
0.16697724539418968	0.16650067526888054	0.66652207933693
0.16666006125453656	0.16665527982749848	0.6666846589179651
0.16692203351153723	0.16666369593934918	0.6664142705491136
0.16687740905983683	0.166323649632669	0.6667989413074944
0.1671791455664518	0.16640686674052413	0.6664139876930242
0.1668271355402553	0.16657402694134538	0.6665988375183995
0.16667792936167863	0.16661186259928862	0.6667102080390328
0.16708839208897797	0.16635044258067896	0.6665611653303432
0.16726983704877538	0.1661693493014043	0.6665608136498204
0.16676641867804082	0.16646933955103865	0.6667642417709208
0.16666934038768252	0.16637134904472067	0.666959310567597
0.16698031377190992	0.16658480849280738	0.6664348777352829
0.16704787261386214	0.16633056925947598	0.6666215581266619
0.1666228924224018	0.166850203833336	0.6665269037442623
0.16680764891274552	0.16672727489848166	0.6664650761887729
0.16676640801068152	0.16675583689503343	0.6664777550942852
0.1669968715096195	0.1665919518148274	0.6664111766755532
0.16677175408989212	0.16650115393883955	0.6667270919712684
0.1669179208282508	0.16634790970071062	0.6667341694710387
0.16667528981290008	0.16636391405914047	0.6669607961279596
0.16749018362237508	0.16606953763651494	0.6664402787411101
0.1673384165092487	0.16616001850021103	0.6665015649905404
0.16668189335207081	0.16638295609777626	0.6669351505501531
0.1667111044484015	0.16630408677982172	0.6669848087717769
0.16684338787140202	0.16643582210219354	0.6667207900264045
0.16687776972393858	0.16660849547189388	0.6665137348041676
0.16709745647636204	0.16619297596137833	0.6667095675622597
0.16696314194471565	0.16625934820343063	0.6667775098518538
0.1666340179939261	0.1667896195193732	0.6665763624867008
0.16661080049764193	0.16666268145971325	0.6667265180426449
0.16719277805172061	0.16611901266727136	0.6666882092810081
0.16745984014267062	0.16611381144669307	0.6664263484106363
0.16664561093792205	0.16675108762878227	0.6666033014332958
0.16672910975636673	0.1662841064993952	0.6669867837442381
0.16663435047794609	0.16635984920607624	0.6670058003159778
0.1666668937009229	0.16694116206395676	0.6663919442351205
0.16709661393516598	0.16625842469627888	0.6666449613685552
0.16709097575045076	0.16616821529050774	0.6667408089590416
0.16722349312417184	0.16630970359524877	0.6664668032805796
0.16671873573361626	0.16642250505220488	0.666858759214179
0.16694359206628395	0.166241274348034	0.6668151335856822
0.16677701935583222	0.16634997380316396	0.6668730068410039
0.16723722115800488	0.16636530771952984	0.6663974711224654
0.1668063274395645	0.16673415547032683	0.6664595170901089
0.16697125327958895	0.16658661925271695	0.6664421274676942
0.16704702616935208	0.16630210159551045	0.6666508722351376
0.167308743744136	0.16626883673741405	0.66642241951845
0.1666920929214888	0.16655343893654906	0.6667544681419624
0.1670662674587598	0.16637296305569862	0.6665607694855418
0.16710461226220993	0.16623302769103293	0.6666623600467573
0.1673743969665884	0.16621833669270258	0.6664072663407091
0.16687713652487626	0.16632135702659895	0.6668015064485249
0.1667113088807755	0.16648500659705345	0.6668036845221712
0.16727443581851995	0.166323090768981	0.6664024734124991
0.16703470160690032	0.16639495296377588	0.6665703454293239
0.16708022534840625	0.16623342839816557	0.6666863462534283
0.16685441323089073	0.16623993462541514	0.6669056521436942
0.16663580067305722	0.16651344175020572	0.6668507575767373
0.16684895109119385	0.1661869099173472	0.6669641389914591
0.1667832727081984	0.16646044528810566	0.6667562820036961
0.16691921130071474	0.16664421862211382	0.6664365700771715
0.166668832739192	0.1664580841919735	0.6668730830688346
0.16681277214942342	0.16628871115355578	0.6668985166970209
0.16692708298721828	0.16657604548347493	0.6664968715293069
0.1669945215519634	0.16618698610560212	0.6668184923424346
0.16700559356091932	0.1664874654500283	0.6665069409890525
0.1668418664567088	0.16661756206617903	0.6665405714771123
0.16684183846034714	0.16670017956640018	0.6664579819732528
0.16673751378832757	0.16654076551724734	0.6667217206944251
0.16713899051415163	0.1663752281603431	0.6664857813255054
0.16709727092914722	0.16622946039745073	0.6666732686734023
0.1673660379895915	0.16618961594900367	0.6664443460614049
0.16664274508822205	0.16636727503910154	0.6669899798726765
0.16703334797425307	0.1661910146261707	0.6667756373995763
0.1668931646579329	0.16657155330811207	0.6665352820339552
0.1670430041428579	0.16619064812662143	0.6667663477305208
0.1673843265972529	0.1660646137754948	0.6665510596272524
0.1669472867591979	0.1661972507615035	0.6668554624792987
0.1670380733431917	0.16633986774955095	0.6666220589072575
0.16683320575841704	0.16617186087279945	0.6669949333687837
0.16665095667467902	0.16633635571745098	0.6670126876078701
0.16686221580775346	0.16660058063335337	0.6665372035588932
0.16694795942463034	0.16606709072370335	0.6669849498516665
0.16687813528179746	0.16652986350978152	0.6665920012084212
0.16700756153808688	0.16652921713454766	0.6664632213273656
0.16701346479288573	0.16649051203811227	0.666496023169002
0.16685314657931588	0.16652210507851745	0.6666247483421668
0.1667961307085214	0.16648507407980706	0.6667187952116718
0.16733880275996588	0.16620516931948803	0.6664560279205463
0.16699613780534248	0.16625746207745196	0.6667464001172057
0.16675676661989636	0.16628866057794967	0.6669545728021541
0.16717297379290208	0.16612765659579282	0.6666993696113053
