0.16795842191910051	0.16679188695946867	0.665249691121431
0.16766989202291271	0.16770035438546804	0.6646297535916194
0.16798630479120685	0.16374500926847563	0.6682686859403176
0.16729717233315058	0.16697387404295028	0.6657289536238993
0.16823397836980955	0.16351378721363743	0.6682522344165531
0.1663562235936353	0.16604451191129083	0.6675992644950739
0.16693944492765214	0.1654972975999173	0.6675632574724306
0.16615238574357377	0.16820497102893942	0.6656426432274869
0.1663884020935702	0.1678142462316567	0.6657973516747733
0.16648575927829753	0.16667647042036293	0.6668377703013397
0.1674771851343575	0.1627259280560533	0.6697968868095894
0.1673408175969937	0.1668050307268688	0.6658541516761376
0.1681370326122424	0.1629885776555412	0.6688743897322165
0.16840564644157535	0.16797862592808604	0.6636157276303387
0.16876145039338167	0.16708394140905308	0.6641546081975653
0.16785829010728992	0.16655787047820214	0.6655838394145082
0.16584036229867005	0.1661423953030624	0.6680172423982677
0.16714778369137817	0.16370621063501667	0.6691460056736053
0.1672138533372889	0.16364443875445667	0.6691417079082544
0.16842714566278097	0.16419460762584331	0.6673782467113758
0.16831576446158314	0.16614028837809808	0.6655439471603188
0.16834720314056342	0.16432940185476777	0.6673233950046689
0.16584119614018641	0.1677233707228197	0.6664354331369939
0.16629810209096935	0.16577541481201002	0.6679264830970206
0.1685991959535925	0.16793668748929536	0.6634641165571122
0.16808548417059055	0.16670967617765853	0.665204839651751
0.16873613486249595	0.16726015295518107	0.664003712182323
0.16665773650435944	0.16755070375703496	0.6657915597386057
0.16581956727897978	0.1674593969768184	0.6667210357442019
0.1672881670577406	0.16743142676224043	0.665280406180019
0.16835276093910811	0.16743829497014928	0.6642089440907427
0.165775431379838	0.16558077480782318	0.6686437938123388
0.16784530744484796	0.16640629236841786	0.6657484001867343
0.1672209205442607	0.16370521963582574	0.6690738598199137
0.16716888926143747	0.16372656899112717	0.6691045417474355
0.16848734619790007	0.16441759662848204	0.6670950571736181
0.16661924995753163	0.16634747567229952	0.667033274370169
0.16736472977873015	0.16298687558327188	0.6696483946379981
0.16580609437524751	0.16645260634115244	0.6677412992836
0.16688479331666087	0.1673494027471133	0.665765803936226
0.16779298197516934	0.16683636268274338	0.6653706553420873
0.16827811544841226	0.16379772735764436	0.6679241571939434
0.1670900280390964	0.1639383446528937	0.66897162730801
0.16615666182982447	0.16392790748262204	0.6699154306875537
0.1685625046725153	0.16756162545396702	0.6638758698735178
0.16819407085179244	0.16709181528424755	0.6647141138639601
0.16790610028405858	0.1666111004269467	0.6654827992889949
0.16650115211973993	0.16425873192647078	0.6692401159537894
0.1663916890947188	0.1652122409872347	0.6683960699180467
0.16725176197814517	0.16803935526680355	0.6647088827550514
0.16827995390854267	0.1637746785254927	0.6679453675659648
0.16601229983876506	0.16601310030210092	0.6679745998591342
0.16882717745377707	0.16372450121207777	0.6674483213341453
0.1674849016791939	0.16351271158430025	0.669002386736506
0.16807866903902255	0.16789730604840086	0.6640240249125767
0.16826699843235438	0.16728909147198037	0.6644439100956654
0.168266477994745	0.16651009989073362	0.6652234221145215
0.16880272236671348	0.16539097242933304	0.6658063052039537
0.1686520775063764	0.1627016162062092	0.6686463062874145
0.1661505504780235	0.1643265314008639	0.6695229181211126
0.16646794424698336	0.16272731101238663	0.6708047447406301
0.16798497755395236	0.16776466340807966	0.664250359037968
0.16760585505940648	0.1661214198266152	0.6662727251139784
0.16676289249861553	0.16559077312313586	0.6676463343782488
0.16775939553995095	0.1646852427892938	0.6675553616707554
0.1664063403401282	0.16480726990954753	0.6687863897503245
0.16824448845922996	0.16765810351091875	0.6640974080298514
0.16844198749527528	0.16582294131159095	0.6657350711931339
0.1676954548740464	0.16401173081777057	0.6682928143081831
0.1667527024649581	0.16409586446134256	0.6691514330736994
0.16788150431870635	0.16391600515039564	0.6682024905308981
0.16782656138051225	0.16775025404379215	0.6644231845756957
0.1683020492612219	0.16465177353325014	0.6670461772055281
0.1680823204426523	0.16339668057751483	0.6685209989798331
0.1662322845376225	0.16334977845487655	0.6704179370075011
0.16766416124350533	0.16396704184462113	0.6683687969118737
0.1660509426565216	0.16640570971363017	0.6675433476298483
0.16609554529559287	0.16668220347662033	0.6672222512277869
0.1682230829828007	0.1683226415981745	0.6634542754190249
0.16778445984990123	0.16848047057578636	0.6637350695743125
0.16603000283131086	0.16620916399981775	0.6677608331688716
0.16686962324261553	0.16790726543325976	0.6652231113241248
0.16711403161170757	0.16433750160068142	0.6685484667876112
0.16663831392448628	0.16388671723206147	0.6694749688434524
0.16619042903284448	0.1672945444438553	0.6665150265233004
0.168085981391683	0.16534094835502985	0.6665730702532873
0.1680756980206697	0.1668885173987563	0.6650357845805741
0.16787501269690508	0.16278050202201816	0.6693444852810769
0.1673252108192585	0.16556176476472248	0.6671130244160192
0.166520186204847	0.1686008332626318	0.6648789805325214
0.16789128583114854	0.1645623792020181	0.6675463349668335
0.16681482613933876	0.1638948771469505	0.6692902967137109
0.16689098010709888	0.16738811538954168	0.6657209045033596
0.1672333706721824	0.16561641821822856	0.667150211109589
0.1663401907782557	0.16625792796785174	0.6674018812538927
0.16708178930539422	0.166313109244773	0.6666051014498329
0.1668605242563566	0.16348194009784967	0.6696575356457938
0.166068860457111	0.16827851800130833	0.6656526215415808
0.16672272006386502	0.16787479289545995	0.6654024870406752
0.16848453078069836	0.16414002644353815	0.6673754427757637
0.16707014307905	0.16273777520524807	0.6701920817157021
0.16847282566798083	0.16475846405264988	0.6667687102793693
0.16794668280882838	0.16294950413285747	0.6691038130583142
0.1681988554186286	0.16394496233990752	0.667856182241464
0.1676291920250147	0.16542118151362023	0.6669496264613652
0.16588742553975416	0.16800320554502396	0.666109368915222
0.16690652044979673	0.1632976060533461	0.6697958734968572
0.16794175755939522	0.16572107815949955	0.6663371642811053
0.16866012149878246	0.16527678692024939	0.6660630915809682
0.16764000920063934	0.16859048112886582	0.663769509670495
0.16722005065711865	0.16840760861491239	0.6643723407279691
0.16592441655209667	0.16679940813243915	0.6672761753154643
0.1683120777329962	0.1646711915827665	0.6670167306842374
0.16661333106848356	0.16850008253634827	0.6648865863951683
0.1668796516333418	0.1650806978794716	0.6680396504871867
0.16794913049487048	0.16635134387904996	0.6656995256260797
0.16753376596307207	0.1684359739736343	0.6640302600632937
0.16790205303893813	0.16680155858722961	0.6652963883738323
0.1674361215568057	0.16544176942516714	0.6671221090180273
0.16712348760626744	0.16485415322885383	0.6680223591648788
0.1670776748133509	0.1635464113497168	0.6693759138369324
0.16749337697803718	0.1635837244560528	0.6689228985659101
0.1681727078055198	0.16386633525059058	0.6679609569438898
0.16788982623330118	0.1675498289726315	0.6645603447940674
0.16797191191853184	0.16439017293316077	0.6676379151483075
0.1672221381713185	0.16858319337525374	0.6641946684534279
0.16730994926817075	0.16447462755337985	0.6682154231784495
0.16661739212813037	0.16332729278708652	0.6700553150847832
0.1686867727291351	0.1648466193202161	0.6664666079506489
0.16752145028690701	0.16394166693655826	0.6685368827765349
0.16589982346670554	0.16565210047029483	0.6684480760629997
0.1679672255822153	0.16511520728152046	0.6669175671362644
0.16755912805692563	0.16457819013801142	0.667862681805063
0.16632107328657247	0.1674094567753711	0.6662694699380565
0.16839276792316155	0.16454789453715846	0.6670593375396802
0.1667817777522681	0.16418220556421742	0.6690360166835145
0.16632290814897127	0.16316523283287765	0.6705118590181511
0.16586894097246171	0.16367102198141015	0.6704600370461282
0.16588565683136894	0.16525830763486554	0.6688560355337656
0.16713651380871639	0.16631052858595258	0.6665529576053311
0.1668576024215804	0.16694507741046394	0.6661973201679557
0.16813085625038726	0.16436626824354472	0.6675028755060681
0.16599358784130122	0.16747429055161323	0.6665321216070856
0.16830920006088027	0.16507488996349778	0.666615909975622
0.16609249524434905	0.16849681098085068	0.6654106937748003
0.16641684358665315	0.16824149533419197	0.6653416610791549
0.1676939543254419	0.16579209872428902	0.6665139469502692
0.16832455040519403	0.16328812381839597	0.6683873257764101
0.16837694374652606	0.1673922754379784	0.6642307808154957
0.16624014236474682	0.16649463558054572	0.6672652220547076
0.16825038975061626	0.1638296854528058	0.6679199247965781
0.1671614345504096	0.1628870919354039	0.6699514735141867
0.16762571033789211	0.16714972147953605	0.6652245681825719
0.16637008095211345	0.1656908400153883	0.6679390790324984
0.16585878671872512	0.16522553133573764	0.6689156819455373
0.16618121266730468	0.1646265995358876	0.6691921877968079
0.16664112513576929	0.16351811996110394	0.6698407549031269
0.16757772228384826	0.16561996112741756	0.6668023165887342
0.16733732609219415	0.16508554909064949	0.6675771248171565
0.16646034308307492	0.16535301335468555	0.6681866435622397
0.16884981462458712	0.163153421721017	0.667996763654396
0.1678269237636512	0.16339825511620581	0.6687748211201431
0.16833364821894836	0.1661067835752732	0.6655595682057786
0.1670754292793976	0.1641500927773781	0.6687744779432244
0.16593751341244178	0.1656004443845466	0.6684620422030118
0.16726068608889805	0.16598814495570316	0.6667511689553989
0.16588622604036724	0.1678812368384841	0.6662325371211488
0.16809166372975476	0.16634844388172884	0.6655598923885165
0.16646979724520805	0.16303679069859278	0.6704934120561993
0.1662860882237537	0.16405677546066078	0.6696571363155857
0.16696692865329937	0.16455136862135158	0.6684817027253491
0.16724634622522727	0.1648558057989546	0.6678978479758182
0.1663326205945915	0.16513541734198195	0.6685319620634267
0.1667800280801362	0.1648823324837148	0.6683376394361491
0.16699242909489054	0.16712139260550968	0.6658861782995998
0.16767647658725296	0.16744407981125883	0.6648794436014883
0.16806371915646562	0.16293938330898985	0.6689968975345446
0.16787654761292053	0.16492604737238742	0.6671974050146922
0.16751540043530672	0.16681556471735448	0.6656690348473389
0.16666996402749765	0.16747579852880967	0.6658542374436928
0.16642597603826256	0.16521078448486157	0.6683632394768759
0.16633205316163135	0.16364379316685135	0.6700241536715175
0.16711275873313797	0.16662661891626362	0.6662606223505985
0.16828700173031552	0.16696792244255437	0.6647450758271303
0.16864151236457087	0.16306666957449803	0.6682918180609312
0.16723565392721218	0.16608919963050486	0.6666751464422831
0.1658851642777439	0.1660254578589568	0.6680893778632994
0.167583463033559	0.16590320953947496	0.6665133274269661
0.16709459879458347	0.1648101363613635	0.6680952648440532
0.16831246299517386	0.16502110520274055	0.6666664318020857
0.16762288672459083	0.16862689158043048	0.6637502216949788
0.1682160481040404	0.1674045263484171	0.6643794255475426
0.1661592662148716	0.16668630706550577	0.6671544267196228
0.16811430980823916	0.16695381413031635	0.6649318760614447
0.16828218674777345	0.16390773223148775	0.6678100810207389
0.16599193672838197	0.16823283695190333	0.6657752263197149
0.16588773338494037	0.16492575573717527	0.6691865108778845
0.1666663662260462	0.16395211283572675	0.6693815209382272
0.16676113540200177	0.16602619219116518	0.6672126724068331
0.16815621300322187	0.16433071276789846	0.6675130742288797
0.16825841455761475	0.16610721690533817	0.6656343685370472
0.16799125261324271	0.16512763176944656	0.6668811156173109
0.16851147436053981	0.1654255827096469	0.6660629429298134
0.16618480866583207	0.16770604323748806	0.66610914809668
0.16600744809153972	0.1654354456048402	0.6685571063036202
0.16709678847899323	0.1627668225308683	0.6701363889901386
0.16643554413557665	0.16298411825483045	0.6705803376095931
0.16827803538289732	0.16635270966255394	0.6653692549545489
0.16770347236826566	0.16557454927797313	0.6667219783537613
0.16846759032211223	0.1643080920901277	0.6672243175877602
0.16631601356287978	0.166164697239301	0.6675192891978193
0.16585723851983897	0.16508654047068722	0.6690562210094739
0.16608117470362985	0.16751021325596338	0.6664086120404069
0.16587539258589773	0.1634912804633446	0.6706333269507578
0.1664907233856412	0.16268524184709926	0.6708240347672597
0.16600533679802937	0.16475779970979654	0.6692368634921741
0.16777726743799382	0.16818298218088262	0.6640397503811237
0.16744590648166802	0.16621747396503667	0.6663366195532954
0.16592259591681388	0.16796944251638318	0.6661079615668031
0.16756425933806263	0.16831932408815675	0.6641164165737807
0.1675817202708018	0.1685909912183472	0.6638272885108512
0.1675220959079204	0.16534649306541094	0.6671314110266688
0.16814128294071393	0.1654561810417252	0.666402536017561
0.16702144816183223	0.16625672871876102	0.6667218231194069
0.1660911915028583	0.16539225809641794	0.6685165504007239
0.16696127961005774	0.16494843870094694	0.6680902816889954
0.16705470496370642	0.16827100953086999	0.6646742855054237
0.16857231396968958	0.16485700415352705	0.6665706818767835
0.1664241902973952	0.16679656573824356	0.6667792439643614
0.16673933042547257	0.16481764302291746	0.6684430265516101
0.16676286324271855	0.16290928005419475	0.6703278567030868
0.16590534492423978	0.16304713785728545	0.6710475172184749
0.1676368004828055	0.16454043245825167	0.667822767058943
0.16883538920064567	0.1674603827585221	0.6637042280408323
0.165789570566691	0.16534494614084255	0.6688654832924665
0.16753441839929892	0.16355739092867344	0.6689081906720278
0.16815349800088897	0.1637229198817275	0.6681235821173837
0.16729798765545753	0.16740561886903194	0.6652963934755107
0.16863981050360816	0.16546296162143226	0.6658972278749596
0.16615525026134723	0.16741024431101514	0.6664345054276377
0.16671030463098413	0.16691899789633688	0.6663706974726791
0.1683523065365386	0.16542517601068557	0.6662225174527758
0.1666394119193194	0.16299393102661874	0.670366657054062
0.16723520247996976	0.16640226884069595	0.6663625286793344
0.1677949099202517	0.16784746690700614	0.6643576231727423
0.16590651873588602	0.16773637252698909	0.6663571087371251
0.16584715272207637	0.16661089362893372	0.66754195364899
0.16860725478715788	0.16325120236696736	0.6681415428458749
0.1672213794671929	0.16493905322126767	0.6678395673115396
0.1672408677377133	0.1656230347093971	0.6671360975528897
0.16850190560746964	0.1662260800796468	0.6652720143128836
0.16825570815171886	0.16803179344171967	0.6637124984065617
0.1682596655208648	0.16341922349306973	0.6683211109860656
0.16805862810495023	0.16545187724027766	0.6664894946547721
0.16692314519874546	0.16638772867262358	0.6666891261286311
0.16672664032788811	0.16597061341692215	0.6673027462551899
0.16818496076948608	0.16290007005023238	0.6689149691802817
0.16860066044386574	0.16443259186451337	0.666966747691621
0.16814567780823214	0.1673113088532432	0.6645430133385248
0.16869358194378367	0.166008707875129	0.6652977101810875
0.16628504119094725	0.16797036982425556	0.6657445889847973
0.16609574473474642	0.16596532640980485	0.6679389288554488
0.16594636836082632	0.16850817582759947	0.6655454558115743
0.16686166274710384	0.16863430522747913	0.6645040320254172
0.16849999691262757	0.16711419159355456	0.6643858114938179
0.16629310474924605	0.1684358105099079	0.6652710847408461
0.16606903654764496	0.16393683233667045	0.6699941311156847
0.16757169731576868	0.16461482558187085	0.6678134771023605
0.1668083796190354	0.1630850818934338	0.6701065384875309
0.16736373642617053	0.16281276570007974	0.6698234978737498
0.1666154591552578	0.16797510259078474	0.6654094382539575
0.1663045854418396	0.16527035439168014	0.6684250601664804
0.16640404793857067	0.16305631880533336	0.6705396332560961
0.16588845222553752	0.16609572440050777	0.6680158233739548
0.1673885996949374	0.16737494246997425	0.6652364578350884
0.1681912223494436	0.16737629739928564	0.6644324802512709
0.1661215402775641	0.16465251017910157	0.6692259495433344
0.16622926728478696	0.16821090718893067	0.6655598255262825
0.16880117760078178	0.16407693919522529	0.667121883203993
0.16686773210197098	0.16806107252197494	0.6650711953760542
0.1675855162602699	0.16737860349678108	0.6650358802429491
0.16689842811148825	0.1643221860438823	0.6687793858446296
0.1674289649187783	0.16398464176977737	0.6685863933114444
0.16729963407608192	0.16614512238557094	0.6665552435383473
0.16877640329652033	0.16308053115882665	0.6681430655446532
0.1667527523865694	0.16364186075858475	0.6696053868548459
0.1670322371043269	0.16681664970172777	0.6661511131939455
0.16779138555326464	0.1650594957225216	0.6671491187242139
0.16877833089548525	0.16634414242329143	0.6648775266812235
0.16803821868478624	0.16731625690470026	0.6646455244105136
0.16651620172084836	0.16793318678349944	0.6655506114956524
0.1663976819764114	0.1668192882446412	0.6667830297789474
0.16668361938963766	0.16323423214287805	0.6700821484674844
0.1680830735383296	0.16732547023009037	0.6645914562315801
0.1664721777151648	0.16847323898841143	0.6650545832964239
0.16806929524187494	0.16717470914375243	0.6647559956143727
0.16632173591959867	0.1684402687582296	0.6652379953221719
0.16753283410457137	0.16307838717727263	0.669388778718156
0.16704218656658507	0.16730727033018195	0.6656505431032331
0.16647210525335884	0.16569206423483124	0.66783583051181
0.16883192581232398	0.1642097066755388	0.6669583675121373
0.16730021577366974	0.16617270170376616	0.6665270825225642
0.16850005168499332	0.16800968351094928	0.6634902648040575
0.16609709896861324	0.16360100206167405	0.6703018989697128
0.1657722026366827	0.16691313165965155	0.6673146657036659
0.16860636184181044	0.16628574078556263	0.665107897372627
0.1658912352216776	0.1643100144200238	0.6697987503582987
0.1666055043388714	0.16343828627896045	0.6699562093821683
0.1675206024498182	0.16615758795359287	0.666321809596589
0.16592468905437038	0.16451781987483688	0.6695574910707929
0.16632061792024855	0.16416333921645654	0.669516042863295
0.16811265510648546	0.16379882816138025	0.6680885167321344
0.16808539891248953	0.1634579749639042	0.6684566261236065
0.1659602431928353	0.16561293918851508	0.6684268176186497
0.16859671605036983	0.16459205132145643	0.6668112326281739
0.16826403434913287	0.16500061062900995	0.6667353550218573
0.16707874935726857	0.1683708843908266	0.664550366251905
0.16630096722810161	0.16406384010350186	0.6696351926683967
0.16708457376982977	0.16510251150547883	0.6678129147246915
0.16804981686749693	0.16440427509620842	0.6675459080362949
0.16691662468052518	0.16317593327651414	0.6699074420429607
0.16615538636816302	0.1658323847738496	0.6680122288579875
0.16831649703726284	0.16518623246396894	0.6664972704987684
0.16587460323831543	0.16683386065576078	0.667291536105924
0.16739840978306159	0.16537932453938745	0.667222265677551
0.16767579382415226	0.16331403960289398	0.6690101665729539
0.16832927036233208	0.16387088951871767	0.6677998401189504
0.16788047451732388	0.164423406559389	0.6676961189232873
0.16734167109369713	0.16375553062108586	0.6689027982852171
0.16873941074170362	0.16677269412525247	0.664487895133044
0.16687132448008374	0.1679897317526574	0.665138943767259
0.1658645619898236	0.16354731730961505	0.6705881207005614
0.16814928620466757	0.16430702138007808	0.6675436924152545
0.16747020153814907	0.16712954200367894	0.6654002564581721
0.16654493982435453	0.16673459151814357	0.666720468657502
0.1667958421844492	0.1685791576205791	0.6646250001949718
0.16790106464054005	0.16332404905587306	0.668774886303587
0.16650938374203253	0.1670738611388754	0.6664167551190923
0.16696934810838707	0.1631198664093118	0.6699107854823012
0.1680090404873177	0.1646518839660729	0.6673390755466095
0.16809699211214552	0.16460022564652882	0.6673027822413258
0.16691226776176082	0.16482088817288376	0.6682668440653555
0.16805620287032783	0.1677591801475921	0.6641846169820802
0.16764790549350386	0.1644290667198602	0.667923027786636
0.16593448552720494	0.16607168626713548	0.6679938282056597
0.16773888054564712	0.1634985235957061	0.668762595858647
0.16838046264833764	0.16503800923367595	0.6665815281179865
0.16583643313676263	0.16393659033203933	0.6702269765311981
0.16803656668973402	0.163102084771789	0.6688613485384771
0.1684584563034023	0.16328776630071934	0.6682537773958785
0.16798111129013643	0.16777908644331313	0.6642398022665505
0.1676461434137379	0.16699175192972882	0.6653621046565334
0.16813453792032168	0.16729755659267526	0.6645679054870033
0.1663963792900599	0.16516465033598315	0.668438970373957
0.16610913485829476	0.1684797244277394	0.665411140713966
0.1667506216471051	0.16406052648387875	0.6691888518690163
0.16749748834484723	0.1658967387141665	0.6666057729409864
0.16602521730299258	0.1631869210076506	0.670787861689357
0.16588047289397181	0.16587767136528797	0.6682418557407404
0.16650065454338492	0.1629337873548699	0.6705655581017452
0.16750425724383627	0.16456168949892447	0.6679340532572393
0.16586729906307868	0.1668835665534938	0.6672491343834277
0.1667027201585874	0.16609115982871814	0.6672061200126946
0.16659999979077889	0.16500480937154433	0.6683951908376768
0.16760191756546666	0.16295830959515584	0.6694397728393776
0.16659041420893733	0.16793024324825434	0.6654793425428085
0.16593764943638944	0.16848432338915253	0.6655780271744581
0.16581622857450395	0.16663458160888162	0.6675491898166146
0.16716537099274795	0.16449314467792203	0.6683414843293303
0.1682438275924002	0.1627922977996573	0.6689638746079427
0.16792276342810147	0.16425106190605837	0.6678261746658403
0.1681060189613917	0.1662808304949307	0.6656131505436778
0.16715173620583684	0.16307934423277082	0.6697689195613925
0.1666244758105407	0.164822046949264	0.6685534772401953
0.16597250671780936	0.16598291308146548	0.6680445802007252
0.16675280009470558	0.16430136285789643	0.6689458370473981
0.16587311865335777	0.16652212459792035	0.667604756748722
0.16606103428751912	0.16822281208750126	0.6657161536249797
0.1667057398282041	0.16282193846019713	0.6704723217115989
0.16756659214846092	0.16851294696012675	0.6639204608914124
0.16663176808079994	0.16528995142601305	0.6680782804931871
0.1658915558131101	0.16598867659430155	0.6681197675925885
0.16766893690209222	0.16447795771247606	0.6678531053854319
0.16587389735336333	0.1685300159208838	0.6655960867257529
0.16700031202778798	0.16299823515675282	0.6700014528154593
0.16602241717170038	0.16855378137718974	0.66542380145111
0.1664287274855951	0.1642508401442319	0.6693204323701731
0.16806658203576244	0.1648760610662735	0.6670573568979642
0.1684682152064734	0.16649767086355116	0.6650341139299756
0.16699724629120513	0.1676035860546286	0.6653991676541664
0.16777382155654194	0.16559171110989157	0.6666344673335667
0.16662747332948724	0.16356047994208928	0.6698120467284236
0.16851196311914884	0.16314056488771495	0.6683474719931364
0.16618934375538988	0.16673640354998764	0.6670742526946226
0.16861420418985448	0.1673611393419976	0.664024656468148
0.167216284065852	0.1650884387365983	0.6676952771975498
0.16634495026380997	0.16417420643872233	0.6694808432974678
0.16774684363281145	0.16611404697564935	0.6661391093915392
0.16778901433481824	0.16598156849521173	0.6662294171699701
0.16854878514306554	0.16365908924742095	0.6677921256095136
0.1667830261748582	0.1648604723705542	0.6683565014545877
0.16860694949757715	0.16424407484443146	0.6671489756579916
0.16583350438877242	0.1649866049330287	0.6691798906781989
0.16770249550473137	0.1638197142567485	0.6684777902385203
0.1683197508368171	0.16284120300302968	0.6688390461601534
0.16673578125505528	0.16307030971784803	0.6701939090270967
0.16707571685953887	0.16590551451653013	0.6670187686239312
0.16811606655873595	0.1641066798913028	0.6677772535499613
0.16779121745251102	0.16492819734205405	0.6672805852054351
0.16782407732105215	0.16548127210481622	0.6666946505741318
0.16611924897038624	0.16820035146243842	0.6656803995671754
0.1677437473183177	0.16639949455235023	0.6658567581293322
0.16789137319846595	0.16678612343897659	0.6653225033625576
0.16770600427633697	0.1657930842973051	0.666500911426358
0.16656827939836222	0.16736862466918678	0.6660630959324512
0.1658246093778341	0.16480555811667977	0.6693698325054862
0.16837011859387102	0.16443454380599865	0.6671953376001305
0.16602157392891598	0.16664652554264198	0.6673319005284422
0.16615459216145476	0.16716386169488373	0.6666815461436616
0.1683004656158104	0.16824301941258507	0.6634565149716046
0.16734092155142272	0.16272505590055553	0.6699340225480219
0.166143874466602	0.16398097477709464	0.6698751507563034
0.16603648289419437	0.1640711743339517	0.669892342771854
0.16596978299641413	0.16347925298501725	0.6705509640185687
0.16687714077802102	0.16509222416283625	0.6680306350591428
0.16671453591903482	0.16762594077186027	0.6656595233091052
0.16844050937932675	0.16361710774705082	0.6679423828736225
0.16817757022237323	0.16303655671765133	0.6687858730599756
0.16726188594886648	0.1664315388801684	0.6663065751709653
0.16842941986686766	0.16372640204736466	0.6678441780857678
0.1667195980361761	0.16506761402021025	0.6682127879436137
0.16876159551390363	0.16620671731228584	0.6650316871738107
0.16799373483419555	0.1680274512277004	0.6639788139381042
0.1670780784780701	0.1659180900747821	0.6670038314471479
0.16773016160777265	0.16628054008113177	0.6659892983110958
0.16760872710992544	0.16860906683497107	0.6637822060551035
0.16769042808240842	0.16369186922452883	0.6686177026930629
0.16653085938545736	0.16698576078304053	0.6664833798315022
0.16587671312491192	0.16399343723914603	0.6701298496359422
0.16696982361423343	0.16544303203445548	0.6675871443513112
0.16727677826479492	0.1673437721331773	0.6653794496020279
0.16599318165722143	0.16361494458489367	0.670391873757885
0.16789710757238005	0.1650136528409062	0.667089239586714
0.1664259762810913	0.16840863516560706	0.6651653885533018
0.16748378551322424	0.1672504151328562	0.6652657993539197
0.16762086881287103	0.1628667929431758	0.6695123382439533
0.16717325179300524	0.16504619566164158	0.6677805525453533
0.16640798330859985	0.16412782346276633	0.669464193228634
0.1662481040856952	0.16757681285022863	0.6661750830640762
0.166046598899319	0.1657636296049685	0.6681897714957127
0.1672012747976749	0.16731790595714374	0.6654808192451814
0.16871698695995713	0.1673912556867161	0.6638917573533268
0.16635722761236532	0.16474771312290326	0.6688950592647316
0.16752051087121472	0.16827450049959752	0.6642049886291879
0.16707206717606723	0.16831947548814205	0.6646084573357909
0.16783290381448054	0.16513845250454728	0.6670286436809723
0.16746731414065244	0.1664275746998299	0.6661051111595178
0.16838884867348097	0.16786506515528882	0.6637460861712303
0.16684238007999352	0.16391476926254417	0.6692428506574624
0.16605409000659477	0.16591615325274164	0.6680297567406637
0.1662773991764211	0.16799300370071765	0.6657295971228614
0.16600308475239633	0.16708220181421352	0.6669147134333903
0.16866670613113735	0.16411596064660186	0.6672173332222608
0.16674564857983082	0.1675955640549498	0.6656587873652196
0.16592105372374877	0.16439938952975702	0.6696795567464944
0.16738062600375775	0.16265132933011445	0.669968044666128
0.16633639786092616	0.16454737017469165	0.6691162319643823
0.1679033597753976	0.16383449250802634	0.6682621477165762
0.16623449116689984	0.16557502284554526	0.6681904859875549
0.16737743832664465	0.16800702243606092	0.6646155392372946
0.16648927956647686	0.1673093276008324	0.6662013928326909
0.1681580171242922	0.16658820620368675	0.6652537766720212
0.1666742800138746	0.1668984266589113	0.6664272933272142
0.16593510699902797	0.16519196692447352	0.6688729260764986
0.16680721883335278	0.16817710489537074	0.6650156762712767
0.16595426453767445	0.1681493007965516	0.6658964346657741
0.16718739015288595	0.16785770002904896	0.6649549098180652
0.16810620455563674	0.16629596759687348	0.6655978278474899
0.16842040075537246	0.16303719145901627	0.6685424077856114
0.1681777988513927	0.16668341621278035	0.665138784935827
0.16837574237439096	0.16292911090814682	0.6686951467174622
0.16615233612815422	0.16308582718673587	0.67076183668511
0.1664664869237225	0.1642390687419747	0.6692944443343029
0.16650760626677968	0.16673623866160536	0.666756155071615
0.1658534928958199	0.16331193812057765	0.6708345689836025
0.16755214898057896	0.1660915098852983	0.6663563411341229
0.16881827851198694	0.16736579218510783	0.6638159293029053
0.16759751486123714	0.16520542262589516	0.6671970625128678
0.1679282895721234	0.16855722929896716	0.6635144811289095
0.16733127354210964	0.16503881667771436	0.6676299097801761
0.16788384949601076	0.16504455927983766	0.6670715912241517
0.16821112441712063	0.16341678450063635	0.6683720910822432
0.1658421372860439	0.16578433722829616	0.66837352548566
0.16721211391385174	0.1680660251432049	0.6647218609429435
0.16736078466090637	0.16301136811254652	0.6696278472265472
0.1674834916547496	0.16529524827834116	0.6672212600669094
0.16823061077145113	0.16821236789964258	0.6635570213289064
0.16825103046839213	0.1632115518653694	0.6685374176662386
0.16793557380494234	0.16374884176763	0.6683155844274278
0.1664980934637671	0.16790697188467896	0.665594934651554
0.1687412757958237	0.16426514227965805	0.6669935819245183
0.1680702345499378	0.16306608069894807	0.6688636847511142
0.16653345253243118	0.16856897322096737	0.6648975742466016
0.1661080208781312	0.16733876259844757	0.6665532165234214
0.1679327749000859	0.1679326161120328	0.6641346089878815
0.16628310693302795	0.16597251534619156	0.6677443777207807
0.16825477819729598	0.16568384483949494	0.6660613769632092
0.16783310235725957	0.16360642663640002	0.6685604710063405
0.1663480662504275	0.1664294704721101	0.6672224632774626
0.1682927584636959	0.16807070721080106	0.6636365343255032
0.16586867785917858	0.16796942356878958	0.6661618985720319
0.1680748298160438	0.16809966921604702	0.6638255009679093
0.16661478414459427	0.16288290139079312	0.6705023144646127
0.1660873874778368	0.16803257474634462	0.6658800377758187
0.1668660342156281	0.16308188033283388	0.6700520854515382
0.1669801752473405	0.1634422084997429	0.6695776162529168
0.16866857215376524	0.1662608198844776	0.6650706079617572
0.16674928716009937	0.1662209308534054	0.6670297819864954
0.16730155656526535	0.16781871972060924	0.6648797237141255
0.1680334540999736	0.1671219228140506	0.6648446230859759
0.16650770234721068	0.16802655424695362	0.6654657434058358
0.16872262466715482	0.1661828558181403	0.665094519514705
0.16817675143715777	0.1641630565019359	0.6676601920609064
0.16794014262463172	0.16745056856508267	0.6646092888102858
0.1677503962143968	0.16854572002903145	0.6637038837565719
0.16679559084343823	0.16528612314699032	0.6679182860095716
0.1672069616836382	0.1652219386877346	0.6675710996286273
0.16627399904764095	0.16376864983032172	0.6699573511220375
0.16677705121608594	0.16497980571392037	0.6682431430699938
0.16764652188359122	0.16781813975808713	0.6645353383583218
0.16845939861456743	0.1626010659637916	0.6689395354216411
0.16875937199869157	0.16756937428982985	0.6636712537114786
0.1671719526737303	0.16610193848572982	0.66672610884054
0.16833788089161072	0.16753788768520128	0.6641242314231881
0.16883396800029582	0.16446967280825048	0.6666963591914539
0.16806568406006472	0.16650370276300602	0.6654306131769294
0.16646580483259465	0.1666382679463438	0.6668959272210617
0.16582665528293655	0.1685202124737925	0.665653132243271
0.16779565347078557	0.16399367952595434	0.6682106670032603
0.16711858425633416	0.16493504208121523	0.6679463736624507
0.1686641353712547	0.16523257790155169	0.6661032867271937
0.16773883545918145	0.1668806692146433	0.6653804953261754
0.16870832789310117	0.1661315004053362	0.6651601717015627
0.16585652282370336	0.16820856567478218	0.6659349115015145
0.16618035541221246	0.16503087237884145	0.6687887722089463
0.16682245316605343	0.16432477171287047	0.6688527751210762
0.16699069654699714	0.16621384389757654	0.6667954595554264
0.16706289746079322	0.16446390775086508	0.6684731947883418
0.16604221365118882	0.16716572719383394	0.6667920591549774
0.16825726811398373	0.1648030209167563	0.6669397109692601
0.1674234661005669	0.16621380515153666	0.6663627287478966
0.16711848042795635	0.16463115937325554	0.6682503601987883
0.1659266224932896	0.16501247571511243	0.669060901791598
0.16766962605493807	0.16521599879248602	0.6671143751525761
0.16826586082315032	0.164030131737617	0.6677040074392329
0.16632213736539087	0.16484009337562383	0.6688377692589853
0.16629526353651858	0.16570462373739092	0.6680001127260906
0.16592034527828492	0.16574641516384503	0.6683332395578702
0.16633170829205574	0.16738626412491656	0.6662820275830279
0.16824954260098227	0.16761141029501922	0.6641390471039986
0.16839246036709157	0.16551328355991757	0.666094256072991
0.16792817910669489	0.1670636254388604	0.6650081954544449
0.16784167503804281	0.16723597085872233	0.664922354103235
0.16707579719653703	0.16714901269101562	0.6657751901124475
0.1674997827196935	0.16538961978679653	0.6671105974935101
0.1683825234735687	0.16506321607811308	0.6665542604483183
0.16583047818319768	0.16785904273219943	0.6663104790846031
0.16832210578323378	0.1650714307140832	0.6666064635026832
0.16708968261905438	0.1675806890127696	0.6653296283681762
0.1660000265956765	0.1681613817517607	0.6658385916525629
0.1685740258585719	0.16517203322838223	0.666253940913046
0.16656127314602623	0.16651173217806997	0.666926994675904
0.16802821508561544	0.16295455859547953	0.6690172263189051
0.16749454907258654	0.1632727833391408	0.6692326675882727
0.16742068740585342	0.1662998021680529	0.6662795104260938
0.16810395043861098	0.1651922740954719	0.6667037754659172
0.16698986244517833	0.1635491627536496	0.6694609748011722
0.16752939391839083	0.16457578770803938	0.6678948183735699
0.16873264565068732	0.16319583960127354	0.6680715147480393
0.16847653655447997	0.16502968463445275	0.6664937788110674
0.16634273235752603	0.16789717027385975	0.6657600973686144
0.1675999535653168	0.16603683866773844	0.6663632077669449
0.16659825946752913	0.16834725236271575	0.6650544881697553
0.16647161257088944	0.16661427021962294	0.6669141172094877
0.16795712332273088	0.16644747609949112	0.6655954005777781
0.16712186935434178	0.16450120386537553	0.6683769267802828
0.16869883494767912	0.16585623957166085	0.6654449254806601
0.16635352303949924	0.16808232347091093	0.66556415348959
0.16679954043089604	0.1684968806137213	0.6647035789553828
0.1686056084594356	0.1647859498738986	0.666608441666666
0.1688260382333589	0.16522178331039308	0.6659521784562481
0.1671888777781615	0.1647242463615961	0.6680868758602425
0.16748110371604888	0.16278730257757362	0.6697315937063777
0.16644757608166513	0.16411433738007952	0.6694380865382554
0.16840672306621557	0.1681073316053083	0.6634859453284763
0.16868916782688195	0.167549726466459	0.6637611057066591
0.16860590065480258	0.16475322134322928	0.6666408780019683
0.16590374121258658	0.1650308416541464	0.6690654171332672
0.16734634832438233	0.16644608651877008	0.6662075651568478
0.16884044376829033	0.16498686962964892	0.6661726866020609
0.1658074989677149	0.1652759235980875	0.6689165774341976
0.166554343785626	0.16283632072695758	0.6706093354874165
0.1661329525552069	0.16388188778208804	0.6699851596627051
0.16728665624808087	0.16548522820508882	0.6672281155468305
0.1680601339454692	0.16317430242719916	0.6687655636273317
0.16588651362667323	0.16376515454040474	0.6703483318329222
0.16787756769285728	0.16461229473238173	0.6675101375747611
0.16590942968570604	0.1644294863698674	0.6696610839444267
0.167179844670876	0.16309323762056915	0.669726917708555
0.1662931364019118	0.16762399271178705	0.6660828708863014
0.16795248729893075	0.1641676607218951	0.6678798519791742
0.16618128954481343	0.1682771190102068	0.6655415914449798
0.16656409722238696	0.1679050974788513	0.6655308052987619
0.16751831458117236	0.1630045652123901	0.6694771202064377
0.1663428758215517	0.16373308773298745	0.669924036445461
0.16771977874990618	0.16445803985739205	0.6678221813927019
0.16746819723565246	0.1653132263927493	0.6672185763715983
0.16668969018989532	0.16276073646604552	0.6705495733440593
0.16701027109245178	0.16382541841453901	0.6691643104930094
0.1676674697185473	0.1669830033414944	0.6653495269399585
0.16755090351856727	0.16680842090500242	0.6656406755764304
0.1670233360253667	0.16570723737912985	0.6672694265955036
0.166022541895067	0.16784501113459782	0.6661324469703354
0.16813779958795333	0.16352071261379428	0.6683414877982525
0.16753844832504577	0.1666880034655679	0.6657735482093865
0.1666110466887316	0.16444415055417827	0.6689448027570902
0.16706658799882565	0.1644788730015591	0.6684545389996154
0.1657949356927543	0.1661987391853914	0.6680063251218544
0.16759066877074077	0.16860839066942448	0.6638009405598349
0.16848611841092104	0.16763104030948123	0.6638828412795978
0.16685670679475378	0.1666197504071748	0.6665235427980716
0.1665627183858629	0.16383319668397656	0.6696040849301608
0.16870394837640407	0.163343558932718	0.667952492690878
0.16873705594355887	0.1658080952213973	0.665454848835044
0.1671662965357934	0.16662149335547052	0.6662122101087362
0.16749979897558062	0.1635802276464065	0.6689199733780129
0.1674590412879669	0.16843931476252544	0.6641016439495078
0.16701115697389263	0.1644256886367573	0.6685631543893502
0.16583271058675086	0.16354723524118908	0.6706200541720602
0.16748616811449848	0.16527780718587487	0.6672360246996267
0.16862432540986258	0.163521898079362	0.6678537765107755
0.16810069363930696	0.1644864082561315	0.6674128981045617
0.16649176618004075	0.1652361756617109	0.6682720581582484
0.16617050267472153	0.16574284176728762	0.668086655557991
0.16658449559049635	0.1648362823891188	0.668579222020385
0.16667712100234627	0.1637480167849778	0.669574862212676
0.16601316238577174	0.16469143055607965	0.6692954070581487
0.16664617490422834	0.1639637316231908	0.6693900934725809
0.16763564387657087	0.16673332756154974	0.6656310285618796
0.16750582723915272	0.1632780793280486	0.6692160934327989
0.1658296250832754	0.16473064904222295	0.6694397258745017
0.16851156255205946	0.16409698308623966	0.667391454361701
0.16750132026800257	0.16543926412519505	0.6670594156068025
0.16650598827837151	0.16636484697405904	0.6671291647475696
0.16752576656611368	0.1627751946816967	0.6696990387521897
0.1674424675666784	0.16770594695081298	0.6648515854825088
0.16837865480969477	0.1626869110056519	0.6689344341846535
0.1674513705916339	0.16453342383702943	0.6680152055713369
0.1666956035952783	0.16372232428968875	0.6695820721150331
0.16683312391618071	0.1680436830237163	0.6651231930601031
0.16873442138008074	0.16529571334764334	0.6659698652722761
0.16740431457967042	0.1681810719752998	0.66441461344503
0.16668096486459122	0.16696412446889408	0.6663549106665148
0.16873229425548375	0.16585421037431353	0.6654134953702029
0.1685802347410651	0.16687639014972072	0.6645433751092142
0.165841058762619	0.16414769633668344	0.6700112449006976
0.16709296989098588	0.16697230641499589	0.6659347236940183
0.16654315267332093	0.1653112095866533	0.6681456377400259
0.16875367124548965	0.16762961212435443	0.6636167166301561
0.16802657537300278	0.1658413797159432	0.6661320449110542
0.16853727372256277	0.16756503681317264	0.6638976894642648
0.16642558179601322	0.16614045372541872	0.6674339644785682
0.166174456616052	0.16618984540682116	0.667635697977127
0.16592940312704096	0.168241812931596	0.6658287839413631
0.16779043946401145	0.16484661412103752	0.6673629464149511
0.16784369317197897	0.16560250222209033	0.6665538046059308
0.16661791164751022	0.1637389782895295	0.6696431100629603
0.16580797383597146	0.16455594144478936	0.6696360847192393
0.1684808571240189	0.1659907652467025	0.6655283776292787
0.1679157782839464	0.1641239320917849	0.6679602896242688
0.16828215812324093	0.16743075191368806	0.6642870899630712
0.16814697523515554	0.16775427910736168	0.664098745657483
0.16590655047286584	0.16407359321416476	0.6700198563129696
0.16584718159304612	0.1682202349655081	0.665932583441446
0.16723647529432584	0.1676083241536051	0.6651552005520691
0.16752454327391897	0.1652986494854436	0.6671768072406377
