0.23787154062623872	0.07717096891918446	0.3072209028180005	0.15035604838135802	0.22738053925521798
0.2323622294759075	0.07752133653737557	0.3097383740502139	0.15409418499157834	0.22628387494492444
0.23506421554948037	0.07800637038309154	0.3044794394882646	0.15260420904371258	0.2298457655354506
0.2283710968229627	0.07529775768297799	0.31518759284108777	0.15136928470988398	0.2297742679430873
0.239154820696198	0.06442414723845047	0.3147243212911324	0.15236105146822754	0.22933565930599129
0.23442748244654224	0.07132328267402077	0.3128886011162848	0.1482013710763198	0.23315926268683212
0.2343514503924817	0.079353857355641	0.30515754749507396	0.15026310258716516	0.23087404216963792
0.2378184057452256	0.06982797564649573	0.304735415872789	0.15592404453385528	0.23169415820163416
0.22941219539166025	0.06929917988814316	0.31404563405733876	0.1548820395362825	0.23236095112657512
0.23383356752026474	0.07384380985970357	0.31167180864283894	0.1482650067620347	0.23238580721515784
0.2315996927013731	0.07779986134375477	0.30569783911519766	0.14873321793957717	0.236169388900097
0.23860610771490362	0.07497248063849413	0.3087680262599505	0.14957093006682518	0.2280824553198263
0.22897961790117927	0.06735108204472093	0.31592713493929764	0.1514412976788271	0.2363008674359749
0.23341843281167474	0.08014818124534705	0.3065448304565852	0.15173039205717212	0.22815816342922066
0.2323378924929575	0.06817116960503686	0.31458797665308624	0.15462309013510458	0.23027987111381454
0.2301471515497872	0.06865154728670025	0.31191795346600604	0.15383809041592567	0.2354452572815806
0.2285073813044273	0.08148377604400123	0.3105082157576581	0.1537557315333143	0.2257448953605989
0.22844380626439784	0.07906713562353722	0.3104335811633131	0.1524152775384947	0.2296401994102569
0.23241567672065552	0.0767129104704948	0.3123208071387539	0.1523679459412542	0.22618265972884133
0.2292128470081333	0.08067218567990471	0.30813250338207254	0.15027219441312772	0.23171026951676155
0.23451975651591567	0.06880783184218606	0.3128522148677492	0.15543550517416888	0.2283846915999799
0.22839292050447596	0.07474909433259949	0.3140609581651181	0.15547155148372604	0.2273254755140802
0.23406547863713528	0.06408284104296944	0.314679139627987	0.15529277040416328	0.23187977028774479
0.22974599667952256	0.08131101507831702	0.3075412530687393	0.15211195219168758	0.2292897829817333
0.23047200092995535	0.07230582946538172	0.3135015486376145	0.15114477448679542	0.23257584648025278
0.22798714753676882	0.08337910609494134	0.3048511303098517	0.15457795538603375	0.2292046606724041
0.23614415470378508	0.07714008132844104	0.3075406515843717	0.15104224330437369	0.22813286907902827
0.2379401088921623	0.06775184335149129	0.3075766250340126	0.1533826488310567	0.23334877389127684
0.23315517227883248	0.07944731524103121	0.3120537473010111	0.14928618406501926	0.22605758111410573
0.23430330167376182	0.07612411580972461	0.3097147857380035	0.15116867737288084	0.22868911940562905
0.2302650261890635	0.0763859221630584	0.30457287304788605	0.1539303155122388	0.2348458630877531
0.22997930653623538	0.07705594499648624	0.31050512450177087	0.1514588950558244	0.23100072890968285
0.2290449277849973	0.08546688163130435	0.30848772827995186	0.15032640508596648	0.22667405721777975
0.2340606542859976	0.07087221068572686	0.3094307685119262	0.15283729227234538	0.23279907424400376
0.23378026970208388	0.08275102672334655	0.30951647426566686	0.1483134765673121	0.22563875274159034
0.22811091390732294	0.0754343999484205	0.3140225116172455	0.1557088903857885	0.22672328414122228
0.23007135471732276	0.07982521695053213	0.3075630363299039	0.14971239269606998	0.23282799930617093
0.23198296641370975	0.07199826812807908	0.30739147060546224	0.15285166652844245	0.23577562832430624
0.23637289556315472	0.06965021193443052	0.3141888041060287	0.15342067178688493	0.2263674166095009
0.23859726207077492	0.06506630551017031	0.31066326920321236	0.15185829310053503	0.23381487011530713
0.2299039075607441	0.07780596622914655	0.30462877396573995	0.15586889704637252	0.23179245519799666
0.23278129013567894	0.07815174855309616	0.3044747253417402	0.1535103532528562	0.23108188271662827
0.22741703430479449	0.08269620715974442	0.30397356969272865	0.1515676314871512	0.23434555735558102
0.23808890786371067	0.06670900740801608	0.31346330702095576	0.1496031749962506	0.23213560271106665
0.2314840420761668	0.06673981321797012	0.31589147669896545	0.1498149823512348	0.2360696856556626
0.2301293207454385	0.06884354920672217	0.30928202338917	0.15539455733071383	0.2363505493279553
0.23345847055678381	0.07086907299121273	0.3122610254383445	0.14858378571588007	0.23482764529777864
0.23340364954242904	0.08041876567454759	0.30597182852750443	0.1505120209054163	0.2296937353501024
0.2299479536550927	0.07693879237428657	0.3040460859215051	0.15618562596430982	0.23288154208480555
0.23405372309085737	0.07484437569064004	0.30429744827986094	0.1558219910246243	0.23098246191401708
0.23241591197316597	0.06657006064752657	0.31404365680629603	0.15556176162999394	0.23140860894301724
0.22921902823269566	0.06855244607930819	0.31567167567806964	0.15071892912693596	0.23583792088299033
0.23611651313703644	0.08192879663277569	0.3045042266688575	0.1492020676035125	0.2282483959578176
0.2383589078347472	0.07024036172577436	0.3135323616400813	0.1485196163940245	0.2293487524053724
0.23360536040106833	0.07446770917992351	0.3098243917898022	0.148520179810314	0.2335823588188917
0.23700844663718065	0.06972451885689337	0.3143860293654641	0.14915134463303956	0.229729660507422
0.23696264870402553	0.07429336430721745	0.3077031255888757	0.15263002449055865	0.22841083690932246
0.2344000207098223	0.07846696259722727	0.3051646119846291	0.14849735230672872	0.23347105240159244
0.23838144694561422	0.0728785116307673	0.3081797538949289	0.15209548000493783	0.22846480752375148
0.23383792884950033	0.07204147679851614	0.31423474398242646	0.1519308350941688	0.22795501527538803
0.23086116917961752	0.07178426121754264	0.31409471739076084	0.15047892941078322	0.23278092280129553
0.23763182657065596	0.06418631385617862	0.3109130337949399	0.1511674937810525	0.23610133199717281
0.2295133543297033	0.07501877762716502	0.31319202215268194	0.1554446707722008	0.2268311751182487
0.22843479435111622	0.07059958366594637	0.31346767736200487	0.1544020057043518	0.23309593891658054
0.23961747590701687	0.072409520724946	0.30530037403849647	0.15301778998936905	0.22965483934017136
0.23805743454783512	0.06931208019674118	0.30749769151441864	0.15582469552865874	0.22930809821234605
0.23610762980599878	0.0697095786552556	0.3154891181979181	0.15206603631365373	0.22662763702717356
0.23381439444837665	0.0762360239246917	0.31100512407514175	0.15060451623232413	0.2283399413194655
0.23130428818240456	0.08280545986119654	0.3057427202110391	0.15391527526485244	0.22623225648050715
0.2295042827181172	0.07207662602003348	0.31038115790186244	0.15547807254307766	0.232559860816909
0.23425758982769473	0.07234432562422174	0.3151749866553806	0.14887243429514446	0.22935066359755824
0.22940317586688275	0.07629961643654685	0.3052844339146491	0.1557627800102505	0.23324999377167055
0.2379026600195855	0.06441294147121568	0.3103723466613725	0.15541407677069438	0.23189797507713172
0.2328275394332272	0.07609746624359336	0.3088590470093583	0.15224884598954108	0.22996710132427983
0.23336895989510997	0.07120106999855472	0.31573784846830927	0.15097730553264288	0.2287148161053829
0.23616999387255994	0.07355088284938002	0.3046852547898144	0.15356689700375512	0.2320269714844903
0.22779667093078038	0.0706907989976644	0.31342994783163924	0.15565392416567664	0.23242865807423913
0.24038894754218074	0.06474242037153091	0.3097640728615569	0.15586105086292623	0.22924350836180496
0.22773340587715243	0.07538866900089676	0.30774220870612706	0.15534760132355493	0.23378811509226857
0.2337304163054831	0.08043917971607038	0.3082126374358968	0.1495617632843669	0.22805600325818262
0.23582795884749744	0.07194742145919569	0.3108569370272586	0.1521966416978402	0.2291710409682079
0.2324521634317673	0.071721638818349	0.31156709268272187	0.1491773447503038	0.23508176031685782
0.22781705733565769	0.08295034449168491	0.31024449857898206	0.15300606484672544	0.22598203474694972
0.23789549856046308	0.0682007725105376	0.31264184851341664	0.14932608009968987	0.23193580031589256
0.23193632660163382	0.0726778143875727	0.30978723105798345	0.15516656949142701	0.23043205846138276
0.2300777847946677	0.07637148352487948	0.31081954046719784	0.14829125367788398	0.23443993753537073
0.23566865713415283	0.07997028250625321	0.30739347405326056	0.1482957513239922	0.22867183498234095
0.22839467644665787	0.0767856484282742	0.31066758846156795	0.15027080469723975	0.23388128196625999
0.23261634761793137	0.0679290112286351	0.31548997615117347	0.15185251354114043	0.23211215146111938
0.23261551941923986	0.0745719644417957	0.3139388938877896	0.15150632648247297	0.22736729576870157
0.2369879300380764	0.06357171472970485	0.3141613079820701	0.15383706279239479	0.23144198445775363
0.23586945345585134	0.07855744807635531	0.3056344400163826	0.15074492817267193	0.22919373027873852
0.23000193202939392	0.07933615280304551	0.30463470127863107	0.15023501413296791	0.23579219975596133
0.2383176954266023	0.07560106284578308	0.30873292073847003	0.15034936698446072	0.22699895400468356
0.23242865463578008	0.08106132762605572	0.305610949288194	0.15011766930211606	0.23078139914785392
0.23851763575260054	0.06717322932213299	0.3136442246381193	0.1547703593073527	0.22589455097979422
0.23611911487147416	0.06914528736810308	0.30395770821607976	0.15435549630275602	0.23642239324158676
0.2370226735666122	0.06531090725131317	0.31518173113477266	0.15446339765103678	0.22802129039626493
0.23706886451816195	0.07055129209566946	0.31094800158377256	0.15128959704349942	0.23014224475889633
0.23570474123980456	0.07780725892100104	0.3041971108134161	0.15555332821332096	0.2267375608124571
0.23390348791893426	0.07267991253569536	0.31383063805393013	0.15019498221804234	0.22939097927339763
0.23614337810241937	0.07445047654180278	0.3103298990584734	0.1506643850740187	0.22841186122328555
0.22999761075679165	0.07625117437447296	0.31538917385633014	0.15004186150843232	0.22832017950397265
0.22912051856796992	0.08521185386319889	0.30837035161135307	0.1502688808586672	0.2270283950988107
0.2386566687900885	0.06812809918506246	0.3085582075378041	0.15232726906050376	0.2323297554265409
0.22840775128302096	0.07807559694114476	0.31176761527976204	0.1482694139450995	0.23347962255097254
0.23830830164419636	0.06230727641998188	0.31639765777810674	0.1496049090667285	0.2333818550909863
0.2354700797305594	0.07701656861155935	0.3095963885729633	0.1516211135346634	0.2262958495502543
0.23393196749689119	0.08035396139821215	0.3066203721288075	0.14989651238186896	0.22919718659421998
0.2347755472888247	0.0725447078508793	0.31097693714716207	0.15282961310242538	0.22887319461070832
0.23278566032824055	0.07156125785981393	0.31235516821162673	0.1561494385646387	0.22714847503567986
0.22784981104748545	0.07849466747934607	0.3081781486539352	0.15142829788708176	0.23404907493215127
0.23477384421623426	0.07519766927348477	0.31375004052622474	0.14938612334401868	0.22689232264003728
0.2282389901345992	0.07303903472094886	0.3119563600237013	0.15383667131539405	0.2329289438053563
0.23632094210339571	0.06644883369829208	0.31197119360328607	0.1489273617853905	0.23633166880963535
0.2295863629887327	0.07916319398753618	0.31139093347929825	0.1515117486420643	0.2283477609023683
0.2315858702945534	0.07498457146718263	0.3041641256700499	0.15612685940874663	0.2331385731594672
0.22781287371642334	0.06839859345283725	0.3151864866612448	0.15391483016412333	0.234687216005371
0.23684656770664192	0.07521466274604185	0.31147846990999806	0.14847023620923366	0.2279900634280843
0.2294508614249179	0.0713377717218048	0.31351257855798886	0.15574942194178396	0.22994936635350421
0.2288706532416531	0.08116429371436837	0.3080657987710339	0.14926841687660342	0.23263083739634102
0.2283923248208461	0.07979690745617211	0.3096108680855298	0.15322375448189451	0.2289761451555572
0.23246681753867265	0.0789588007090117	0.306160142073969	0.15022929928833906	0.2321849403900073
0.23754916609881246	0.064324681166398	0.31145799627817855	0.15324476189961525	0.2334233945569955
0.22931210764968285	0.08011041058166435	0.3128004041124036	0.14887651267039392	0.22890056498585504
0.23856995518459712	0.06579682895850539	0.3153987741796502	0.15288237485947828	0.22735206681776882
0.23754967317770825	0.07511878258659441	0.30592487328754303	0.14818337964487502	0.233223291303279
0.2308962372284853	0.0769937857462137	0.3138261728642107	0.1512103837615615	0.22707342039952855
0.23659566057574744	0.07485772737787794	0.30541222095341514	0.1554610244252541	0.22767336666770513
0.23164810876289135	0.07802557840693335	0.3080414053409592	0.15166764104974106	0.23061726643947478
0.23974727723650313	0.0655572842949069	0.30968441066131247	0.1506285815874474	0.2343824462198299
0.23632512934945266	0.06706489848595842	0.3087172538958155	0.15141860676317623	0.23647411150559688
0.2374519997045358	0.06253813541364986	0.31315294235070873	0.15067200811311543	0.23618491441798994
0.236765464658456	0.0706852156920951	0.3104545730884401	0.15156576368355146	0.23052898287745707
0.23860954034555293	0.07063264046361017	0.30734181791541215	0.14884606106620288	0.23456994020922156
0.2382778298132933	0.06786155262299234	0.31296504393128477	0.15242188439285775	0.22847368923957156
0.23863007628439067	0.0649969831435554	0.31528030219006903	0.1506130276858113	0.23047961069617334
0.22795032595140466	0.06984105322251238	0.3125700134293152	0.15411609973814122	0.23552250765862628
0.2396240517096796	0.07487780696480714	0.30434019067711204	0.15513898954524358	0.22601896110315745
0.2293556671715017	0.07206480822564054	0.3077357256882245	0.15541737358275257	0.23542642533188046
0.23015970830133925	0.06691439561390858	0.3110460905594001	0.15570433500859926	0.23617547051675264
0.22736535353890078	0.08071871149827632	0.3081326769193454	0.15221261925878415	0.23157063878469308
0.23724317536264838	0.06387715331283814	0.31441199755499194	0.15441805069598588	0.23004962307353538
0.22792407700749945	0.08148158811551932	0.3113355549657553	0.15028525529282166	0.22897352461840398
0.2399767305473421	0.0640488553439828	0.30951100748579746	0.1526613197702235	0.2338020868526539
0.23373029881860313	0.07495028571247375	0.30705971121861036	0.14880262428187302	0.23545707996843945
0.23127147431620956	0.0707700778054671	0.31057346141404063	0.15198296017126414	0.23540202629301832
0.23519983654730314	0.07563020546910658	0.3066015021616229	0.15408886504569377	0.2284795907762734
0.23920271074612817	0.0632196002643165	0.31228663482639213	0.15276821821644762	0.2325228359467153
0.23570439098610385	0.07477606233007758	0.30634962440708075	0.14939727686061652	0.23377264541612106
0.22971663097349498	0.06922829076957918	0.31619759397060115	0.15146403529160052	0.23339344899472392
0.24030741272915798	0.06913910896617312	0.3040276557525268	0.15141078696199828	0.23511503559014352
0.23642337804000274	0.06857306313074465	0.3048004912991233	0.154853931406309	0.23534913612382008
0.23213052436758785	0.0711121773781965	0.31001481635411426	0.15419516163323985	0.23254732026686134
0.22894366789646292	0.08445801351515629	0.30429868209211536	0.14975090969325527	0.23254872680300992
0.23955373341267105	0.06794655233830821	0.30602760630022724	0.15153370162322052	0.23493840632557267
0.2313367053883552	0.07808122063748357	0.31357822236832056	0.15131528122580412	0.2256885703800363
0.23832160740626	0.06360545114831517	0.3135737850763392	0.14854415888704503	0.23595499748204035
0.23471114954699385	0.06514945283098178	0.3130037353789011	0.1558526904338382	0.23128297180928484
0.23500714557095542	0.0809327385246658	0.30435683325074686	0.14905483662033708	0.2306484460332946
0.23211432273270577	0.07457422669877042	0.3075424744373695	0.15600462447651808	0.229764351654636
0.23662141117311464	0.0683465491229667	0.31384868339816646	0.15201935683054277	0.2291639994752092
0.23087318586110056	0.08316614077309384	0.306682309201854	0.15087489431781045	0.22840346984614093
0.23692097109076524	0.06299213708776324	0.3155997104911617	0.15026712624644664	0.23422005508386293
0.22825769035935844	0.07606544095755427	0.30423331037926327	0.15567047887424237	0.23577307942958137
0.23888472821169396	0.06993667564052714	0.30536152866940003	0.15036610303711045	0.23545096444126817
0.22736732778195134	0.07662128119055946	0.3121187484916791	0.15310615367856426	0.23078648885724565
0.23302617558662708	0.07157135131831596	0.31360340885331117	0.14906189034515668	0.23273717389658882
0.239479055634916	0.0724022450387784	0.31183946210468444	0.14956419315446348	0.22671504406715742
0.2327675703559391	0.08426144366689158	0.3038593501402438	0.15295793915961128	0.22615369667731405
0.22789113757304433	0.07792074354572337	0.31210521920380496	0.15205732568507588	0.23002557399235124
0.22915909103708562	0.07089095567968673	0.30923605176835833	0.1546459816660711	0.23606791984879802
0.2405863307078852	0.07152041453289731	0.3057556696375548	0.1524709999494072	0.22966658517225522
0.22804681903847446	0.07140718914762725	0.31585171821765945	0.15365316297607035	0.23104111062016824
0.23083935820731433	0.0829803801149495	0.3054873961851016	0.15470471393613364	0.2259881515565007
0.23594684701304014	0.07985879879229038	0.3038430818398289	0.15328453131441058	0.2270667410404298
0.23408490370405582	0.06475132945622708	0.3164600534927345	0.14959224441545366	0.2351114689315287
0.2275732050783635	0.07040286744561594	0.3112787447276103	0.1560734969097702	0.23467168583863984
0.22732959032980848	0.08476054925683049	0.30751128855494847	0.14837855025078037	0.23202002160763197
0.23868453482034577	0.07709343291845915	0.30643726967179996	0.15172947786679195	0.22605528472260294
0.2283053240764175	0.08559891972893881	0.3058539545665524	0.1542711477596434	0.22597065386844764
0.23193604149625718	0.06564775417577615	0.3155530161056698	0.1504829985661557	0.23638018965614085
0.2305039845527989	0.0697109078774395	0.3129156512114597	0.15496361246201015	0.23190584389629154
0.23413972223574328	0.07545565989777761	0.3129068336694502	0.15146913374745377	0.2260286504495749
0.2374219824027749	0.06718413083308178	0.31122343908584726	0.15457883003910616	0.22959161763918967
0.2313939470747913	0.07361704629684768	0.3077076757365284	0.15184130501896848	0.23544002587286386
0.23330773539405086	0.08067728372217785	0.30998896337062803	0.1490975038035267	0.22692851370961628
0.23522019255836638	0.07018170689858957	0.3098299820234165	0.1536461126111465	0.2311220059084808
0.2344122812960893	0.06896388123154065	0.3111709741140611	0.15182712287812575	0.23362574048018298
0.2307576775095219	0.07521119140544066	0.3091780974450371	0.15146570099154882	0.23338733264845124
0.2306106159324787	0.08552739947741629	0.3042597465569333	0.14919134533853162	0.23041089269463988
0.2357770970744144	0.0635867300745189	0.3143561882090754	0.15606043174959	0.23021955289240106
0.23512145469483953	0.06857677977841256	0.31176280708715176	0.14953001593811055	0.23500894250148535
0.23376922580558807	0.0652873272549615	0.3122066285345788	0.15383626241274873	0.23490055599212267
0.23138684955757674	0.0760972159180259	0.3060866139270443	0.1545261252636033	0.23190319533374953
0.23398127259493484	0.07873850266169137	0.3038045381117614	0.14883907065522184	0.2346366159763903
0.23206230304542563	0.08143125188925039	0.3047655333000965	0.1530996421090009	0.22864126965622641
0.23609000317977474	0.0662127279764822	0.3138498685276102	0.14853136884212853	0.2353160314740041
0.23324796010707904	0.06827851574125676	0.31042171942088226	0.15305305024406335	0.2349987544867183
0.23634420534468054	0.06787609592016053	0.31115888822451476	0.1485824058089274	0.23603840470171655
0.22785667247875813	0.08002090603370701	0.3067785974698498	0.15319691650642192	0.23214690751126288
0.23092758244918446	0.07721091210659249	0.30415847821488884	0.15503748580215299	0.23266554142718093
0.23548752318401683	0.07149422855578494	0.31109883688701906	0.14929027840491382	0.23262913296826512
0.23502216626036804	0.07568575646624998	0.3069115597346258	0.1531580503648579	0.22922246717389805
0.23315705299115583	0.07731714767951613	0.305929743108658	0.15007544020019012	0.2335206160204797
0.23239880092371681	0.07322219684602715	0.309550582880949	0.1554640346239794	0.22936438472532736
0.23433940482925905	0.06542354508999892	0.3162204797622676	0.1519483128324488	0.23206825748602536
0.2312212500429254	0.0811551506253893	0.30406264490384394	0.1559429152093338	0.22761803921850737
0.23636670796507664	0.07212871275009358	0.3113366290737365	0.15122691783605174	0.22894103237504132
0.23108015852357877	0.07766604235526352	0.30876069469621226	0.1553818895090191	0.22711121491592612
0.23144118730829655	0.06940057061397745	0.31151178962252857	0.15274903429417894	0.23489741816101825
0.23276214259377737	0.07278606939273313	0.31137423412778586	0.15164124948158997	0.2314363044041134
0.2317019132858401	0.08373004258362331	0.3097191864632865	0.1486724908299961	0.22617636683725373
0.23709329887540592	0.06213777467437029	0.3163052648226249	0.1558953585918915	0.22856830303570713
0.23670526939656972	0.06421051077213705	0.3118852551655251	0.1532021265320904	0.23399683813367747
0.23051645864371548	0.07873193827271997	0.304908046635127	0.15222808212171068	0.23361547432672664
0.2335197821967148	0.08141037096369874	0.3054934908115177	0.15322586186692683	0.2263504941611417
0.23193747127262127	0.07711135426502878	0.3077020081858811	0.15248004504858068	0.23076912122788795
0.2372074850778807	0.06626951042685905	0.30855760078553895	0.1552683116947551	0.2326970920149659
0.2401566023992276	0.06709157586238701	0.3046916549650875	0.15255905737787398	0.2355011093954237
0.2387629213018962	0.06178011641796596	0.3138446820171519	0.15546726030915548	0.23014501995383033
0.23686589699296784	0.07543731504305676	0.3045691706373149	0.15446410116575288	0.22866351616090738
0.23004156142502932	0.07523241722720923	0.31004080012192464	0.15229020218206885	0.2323950190437677
0.23159179587662818	0.07727570453514337	0.3109460101338372	0.1527393485121934	0.2274471409421976
0.23818061352927844	0.06948258656082043	0.3053734108215329	0.15475007479106412	0.2322133142973038
0.23533845374642873	0.08423825031401841	0.30380989780074835	0.14965527486870947	0.2269581232700948
0.23038972348678233	0.06532022606699403	0.3150633673250498	0.1529283244803442	0.23629835864082938
0.23133827165310578	0.06984878970629213	0.3091832557494431	0.15604349534209958	0.2335861875490592
0.23395615390260932	0.06800667614052464	0.3163815234189392	0.15180024726024063	0.22985539927768597
0.22900682205694928	0.07346686585669887	0.31485381093064024	0.15240801476677213	0.23026448638893923
0.2396928537835036	0.07409646327799302	0.3062267907920328	0.1534396403717791	0.22654425177469123
0.23998962197462914	0.06812239032437473	0.30724753452491016	0.14887296810043993	0.23576748507564577
0.23139560437432677	0.07891220427650789	0.30848043361118305	0.15507956763567757	0.22613219010230443
0.22731966321777985	0.07123713543227586	0.31542698225919535	0.1545233241160214	0.23149289497472728
0.22973672390525762	0.08328893788762892	0.30816133075175695	0.14860234959123508	0.23021065786412115
0.23340236143546625	0.08184414012365064	0.31024301652639813	0.1482927153478139	0.22621776656667084
0.23756522530676744	0.07048455861836994	0.3134137116242385	0.14955672992031147	0.2289797745303124
0.22768812375413613	0.08464524907980195	0.305421320091304	0.15271033836604825	0.2295349687087094
0.23626377798899506	0.07630900787047117	0.3092435769912053	0.15119796219119574	0.2269856749581325
0.24048960380700027	0.06578850625352417	0.30944439741873964	0.15242657501287912	0.23185091750785658
0.2376409436734651	0.06380445796815745	0.3126934521466669	0.15055926049921836	0.235301885712492
0.23176644713289038	0.08340972266035626	0.30552891013270167	0.14969135689288338	0.22960356318116806
0.2293395651448581	0.07657229379761853	0.3085596592576919	0.1539421698909043	0.2315863119089269
0.23302404604432495	0.06791724394374832	0.3140252640493455	0.155335355763868	0.22969809019871298
0.24022583985355347	0.07286272619757761	0.30603798650641795	0.15348709994478332	0.22738634749766742
0.22925541382231196	0.08209875232238689	0.3068590316156472	0.15181559595990216	0.22997120627975154
0.23344063186610509	0.07314702631792463	0.3056449477674439	0.1529256984164004	0.23484169563212576
0.23121041291624198	0.0694755350976953	0.312540175211608	0.15599090694071752	0.23078296983373697
0.23679795799492273	0.06500554203717002	0.31384275323046895	0.1552427225454499	0.22911102419198814
0.24054009339929616	0.0649168127317224	0.30820524886060846	0.150643587781304	0.23569425722706874
0.24033026673047353	0.06732623605923926	0.30850417887156933	0.15234336416322436	0.2314959541754933
0.22877129726201711	0.08037251168941649	0.3054585405999024	0.15281441146254215	0.23258323898612163
0.2375553832989608	0.07474717889086352	0.3088524817120379	0.14921590635234427	0.22962904974579323
0.23945493313102093	0.06804318132384338	0.3069780546560439	0.15027779582216552	0.23524603506692604
0.23406126683840706	0.0800220578633086	0.30731976485146933	0.14972372853247054	0.2288731819143442
0.23136182900078242	0.07899817332415567	0.3050894604758263	0.1496883531620424	0.234862184037193
0.23401794517852884	0.07307028662209156	0.31202211510684835	0.14842054907198293	0.2324691040205481
0.23307903897829116	0.07202904203496505	0.3118715820429725	0.149462245135493	0.23355809180827805
0.22880988906275238	0.06854909131387879	0.3153670553083808	0.15367198941326488	0.23360197490172296
0.23228013750072316	0.07553707826186842	0.30912704838756233	0.1499038944659919	0.23315184138385397
0.23167948395422472	0.07232372101061857	0.3105135868558112	0.15303509146402314	0.2324481167153221
0.23207883682054115	0.06631702168253767	0.3153329145759312	0.1534567852313087	0.23281444168968102
0.23344269016133082	0.07362904228621375	0.31194350612296395	0.1491560584632971	0.23182870296619418
0.2374607680918093	0.062232569143663985	0.3127351728603276	0.15317316292922598	0.23439832697497293
0.22834856728719083	0.08171025790535036	0.31297273665739256	0.14846051085783382	0.22850792729223224
0.23884784941942935	0.07172188905753346	0.31067018487532994	0.14979380844490536	0.22896626820280164
0.22792649744115911	0.07838655343604507	0.3117319361104159	0.1496151817048312	0.23233983130754846
0.232226027077167	0.07563762287161115	0.31513601084071274	0.15101731913499947	0.2259830200755094
0.2277484426379876	0.07605333156308676	0.3133456468908403	0.1513548446121845	0.23149773429590054
0.23775100809325744	0.06719597472244307	0.30691021718858086	0.15246869981695518	0.2356741001787632
0.23900212403188084	0.06364478359642553	0.31309883295464913	0.14871422737923462	0.2355400320378096
0.2308767570827297	0.07151547516029558	0.3120224823755344	0.15098204890392924	0.2346032364775108
0.22740800223279364	0.0846575028650451	0.31061404797284337	0.15135257206238753	0.22596787486693012
0.23764619448660884	0.07809917731525809	0.30647449002998517	0.15071293107558925	0.22706720709255843
0.24057983605208041	0.06882654265371874	0.30938968940007117	0.15196760867550613	0.2292363232186233
0.2345085718070805	0.06138423772737814	0.316187774727363	0.15398326743407573	0.23393614830410242
0.23412980492924898	0.06631595660395115	0.3147004842592127	0.15358008665858974	0.2312736675489972
0.23046286243487107	0.07157669111199616	0.31271207714972366	0.15436465723961473	0.23088371206379416
0.2389005297894567	0.07039792306031734	0.3127397378906705	0.14819059406112844	0.22977121519842678
0.22987784690594848	0.07260700664290592	0.3129419586432167	0.1524213826285202	0.23215180517940842
0.2317224106009086	0.07274029099482296	0.3155072108381611	0.15357264908131596	0.2264574384847912
0.2297513676477001	0.07491811197924911	0.3104159346592378	0.15423922217377556	0.23067536354003723
0.2338940158265538	0.07338366596943396	0.3092546477231976	0.15135428925069136	0.232113381230123
0.2398210789979257	0.06779590013281511	0.3097255055701119	0.15083130480243365	0.2318262104967134
0.23414298956200855	0.07149918764979729	0.3080753606330287	0.14980742835787175	0.2364750337972935
0.23089582572212056	0.07427880253017466	0.31091062248059487	0.15164586754723808	0.23226888171987162
0.22829426883214787	0.08307253823832131	0.3083158136022386	0.14943340049521261	0.2308839788320794
0.23871132394276248	0.06190709559899496	0.30741266189914074	0.15588187365608425	0.23608704490301735
0.2378748613178238	0.06370767279834103	0.30869999641845675	0.15325088024142625	0.23646658922395195
0.23176002168553844	0.07623381330977967	0.311224116836126	0.15276350209720713	0.22801854607134855
0.23944793554206978	0.07527138473614486	0.3108382515380631	0.14819599137673958	0.22624643680698242
0.23028699076190845	0.07509288397443072	0.3128511203253596	0.14972502723297246	0.23204397770532853
0.2379477494382269	0.06493240260192806	0.3088029525563765	0.15492534052687126	0.23339155487659702
0.22899111301635267	0.07169921139944901	0.31200792320402515	0.15379319320117923	0.2335085591789937
0.22888170820915282	0.07292253572143284	0.3083985855502852	0.15455697758046566	0.23524019293866322
0.23960710473096167	0.0668534345522267	0.3055045359626255	0.15470178691214564	0.23333313784204024
0.2405898116191466	0.07006896131685017	0.30845637168394713	0.15313897972014892	0.22774587565990692
0.23634065196254783	0.062052666438466936	0.3141490627137671	0.15353711378728513	0.23392050509793277
0.22930105830591924	0.07393996961087909	0.3141615368699725	0.15479757777291986	0.22779985744030906
0.23127408684831147	0.07442052813141209	0.30517323158126214	0.15275773969733092	0.2363744137416831
0.22956930688150487	0.0755971004644242	0.31307588525679264	0.14918141974217175	0.23257628765510632
0.23456861426161896	0.06342672585002077	0.31351249448144175	0.15388802679691432	0.23460413861000395
0.23236888587050875	0.06776124963296892	0.31627228069100183	0.1493407070731017	0.23425687673241863
0.2399631312037329	0.06192900401066048	0.3083404277784978	0.15362691085118182	0.2361405261559268
0.23502053390024055	0.06986789991837483	0.31178884157225945	0.14837929983685133	0.2349434247722736
0.2347789397475265	0.0820211041552893	0.3067182665577366	0.14989446233812104	0.2265872272013263
0.23376302130151483	0.07338311635567485	0.3132858310943848	0.15027171524244085	0.22929631600598446
0.23082904006859375	0.06977781382207254	0.31419221070038955	0.1509233332986467	0.2342776021102972
0.2399225219662844	0.064358408914101	0.31064066679926855	0.14982291491641506	0.2352554874039307
0.23728711743993774	0.07680578214849196	0.30583251883773976	0.1505455518217029	0.22952902975212738
0.23511573603316793	0.0713232175854612	0.31183441389886185	0.14827109159610327	0.2334555408864055
0.23654635453407646	0.07077434231203442	0.31510435496375644	0.1493544781836637	0.22822047000646875
0.22855589309537738	0.071350052166745	0.3161895473392823	0.1527073447254833	0.23119716267311177
0.23503339112418584	0.07626836135524787	0.3100014860302126	0.14964115759238317	0.22905560389797022
0.22809937392704327	0.08204464115936957	0.3053172049431049	0.15017062254287186	0.2343681574276102
0.23082173613537227	0.07269120756843014	0.31411787136177705	0.15128990497016404	0.23107927996425623
0.23931812448288184	0.06351734053992175	0.3162142794715869	0.14952818911012689	0.23142206639548238
0.23682884260563614	0.07127768170333118	0.3052266562854111	0.1554974783783053	0.231169341027316
0.2370015648833979	0.07007172147593624	0.31256840776727934	0.15137031243840574	0.2289879934349805
0.22884762696693955	0.07275733396085626	0.31241644292967463	0.15221999075401912	0.2337586053885102
0.233963534240349	0.0727629658237631	0.3082670428556133	0.1486748368045333	0.23633162027574106
0.23554594093890122	0.06762058123207884	0.31243128913339624	0.148380179998324	0.23602200869729945
0.2364385078562726	0.0661472951845698	0.31105924096983034	0.15306064799492958	0.23329430799439743
0.23287376152431777	0.07694740333620217	0.3105945194892193	0.1502581498292778	0.22932616582098272
0.23862139427410575	0.07189858998579021	0.30705603797202713	0.1537876615969495	0.22863631617112715
0.22849109163286824	0.07570003672639797	0.3120541302494718	0.1552007704871246	0.22855397090413715
0.23624071171537822	0.07699163341079329	0.3092547335170925	0.15108016826662005	0.22643275309011573
0.23284842489020263	0.07580903950152208	0.31204228775103027	0.15103268434067763	0.22826756351656716
0.23194557793525203	0.08027709778679079	0.30572922855188966	0.1483508833223176	0.2336972124037497
0.23836587764197908	0.06451041196095356	0.3157381609221534	0.14997727313713616	0.23140827633777755
0.23846096975100672	0.07202119462268741	0.30817965800651326	0.15046183860065218	0.2308763390191402
0.23232284587410615	0.07477595992093353	0.30946439487098765	0.15190466079211815	0.23153213854185428
0.23587621232463357	0.07784805607026171	0.3065995537242352	0.15247711843144396	0.2271990594494253
0.23472916414600972	0.06825198237500343	0.31028410766512726	0.15181410118115757	0.23492064463270176
0.22934058834707294	0.07498615374754902	0.3123175575215939	0.15261384411745144	0.23074185626633242
0.23077804294309076	0.08084970544199016	0.30429250839901706	0.14873824033083502	0.23534150288506678
0.23649969023465997	0.07206929052327155	0.31433322781699957	0.15008219337381595	0.22701559805125268
0.23791835407393636	0.06302829098144411	0.3158751978037486	0.15495323155122712	0.22822492558964352
0.23579408189337872	0.06861860291457836	0.31622133788300666	0.1520980206409371	0.22726795666809893
0.23527334547019113	0.07023899852458723	0.3132940674268854	0.15201311936477183	0.22918046921356414
0.23573775772521072	0.06566004064457659	0.3116075786390594	0.15593345071800244	0.2310611722731506
0.23259437611503136	0.07486065949632897	0.3116675798490322	0.15190411907912968	0.22897326546047753
0.23239556551788101	0.07514358417772846	0.31244385133453234	0.14828009532553707	0.23173690364432092
0.24052407067148457	0.06774366009421345	0.3079306490807851	0.154870910161287	0.2289307099922296
0.22770239647129253	0.08077149426576526	0.3119144831087452	0.15007584499477372	0.22953578115942305
0.23942453162166258	0.0644026831863092	0.31526511660469037	0.1497760357926108	0.2311316327947268
0.2378141083791981	0.06691845310051214	0.3092666701449978	0.15305251999614933	0.2329482483791424
0.23410560607227907	0.07223826519665225	0.30662121008058996	0.15193320997096274	0.23510170867951574
0.23071726553237598	0.07526471247846817	0.3123143984177916	0.15334999537530822	0.2283536281960557
0.233452264749546	0.07328570376310661	0.30922832201593703	0.15268952972892322	0.23134417974248686
0.24005589080962803	0.06529615288899893	0.3155433260583709	0.14939731614170926	0.22970731410129272
0.22981218156138206	0.07990589451432034	0.3103300228716492	0.15212545944633088	0.22782644160631732
0.23555808971733103	0.08283813155606301	0.3039799341351129	0.14979818312515417	0.22782566146633867
0.22847901049360925	0.08309857267778557	0.3041762217784671	0.15527402039989346	0.22897217465024441
0.23771100838585274	0.06446101677256033	0.3130776223420421	0.1500921315090057	0.23465822099053885
0.2302818993952031	0.07392696375562088	0.3076637302060305	0.1534741256033604	0.23465328103978492
0.23559015193108943	0.07521999047861143	0.30401645783711295	0.15264875786726262	0.23252464188592334
0.2290808859937144	0.07913295748154323	0.30541711394551846	0.1554629025192298	0.23090614005999388
0.23063701554438265	0.07351766766832238	0.3117756325394722	0.1501507908921162	0.23391889335570631
0.23901165631689675	0.07810286856248402	0.30408018283035065	0.15072344806341428	0.22808184422685404
0.2355211474017439	0.07486838720335845	0.3045097041679879	0.15234927134481216	0.2327514898820973
0.2349172086129978	0.07275655523551977	0.31089827256130015	0.15468075161743297	0.2267472119727491
0.2359422647146278	0.06444621884446014	0.3090075241394227	0.15571557403799233	0.2348884182634968
0.2375661609796766	0.07026619133195275	0.30923187705153743	0.15589122119788798	0.22704454943894498
0.22823596963573486	0.08274489294665059	0.3108882816394907	0.14949743032037294	0.22863342545775062
0.23142758543492353	0.0700699366357429	0.31491912313358034	0.15580864658841262	0.22777470820734036
0.23128740654656843	0.06863932410891146	0.31008662502926443	0.15552838283554998	0.23445826147970544
0.23629542781775073	0.07534611609439976	0.30773301278025833	0.1539438428138466	0.22668160049374436
0.23225884744695158	0.06828616522619119	0.3083314748383599	0.15568566912189252	0.2354378433666046
0.2298911536965308	0.07902122120473493	0.31166503647889404	0.15007558295945878	0.22934700566038124
0.23083913799141842	0.07933443404081186	0.3135501680735412	0.14878075172641175	0.2274955081678165
0.22786371860359594	0.0784660640582168	0.3079024810816028	0.15121991209188845	0.23454782416469577
0.2370615172839717	0.06607385691708889	0.3063825176408551	0.15427033761514905	0.23621177054293502
0.2290995968894842	0.08030079155320646	0.30786604801160333	0.15363679552712367	0.22909676801858206
0.2365253189282632	0.07056183659024903	0.3092781634673403	0.1501945067905938	0.23344017422355345
0.2384547681777846	0.06217134874522215	0.31525377953492084	0.1495396322170504	0.23458047132502177
0.2321724706076224	0.06508243055391999	0.31415800002631566	0.15339614996226536	0.2351909488498764
0.230562503125341	0.08488349325546839	0.309008295780888	0.14996933289650244	0.22557637494179994
0.2375315189726585	0.06165341289754456	0.3154467636065067	0.15091640787665622	0.23445189664663374
0.23429441921309063	0.07338047451902288	0.3149696445564124	0.15106615665651804	0.2262893050549558
0.23210380825451926	0.07174074578729567	0.30854050538276606	0.15131137388591523	0.2363035666895035
0.23895150727388514	0.06211334274483371	0.30851485250180155	0.154453105171834	0.23596719230764537
0.2322373742799697	0.07065929117540129	0.3164389215739031	0.15386257550263016	0.22680183746809554
0.2344394129333749	0.06256912264425996	0.3131812163470014	0.15564048505622458	0.2341697630191389
0.2303638437174736	0.07073297535391532	0.31104179214730665	0.152967560363863	0.23489382841744122
0.23630015235473306	0.06877336036069581	0.3100207071894914	0.151870479500451	0.23303530059462857
0.23651104241232257	0.07475476946447049	0.3077690208510719	0.15186565979051447	0.2290995074816203
0.2384436504591788	0.0708034422627577	0.3117608932537927	0.152015595542283	0.22697641848198755
0.23894982985292545	0.06609758812625699	0.31165375825384956	0.1535429580924662	0.22975586567450157
0.23797490484577644	0.0730027222652711	0.30452459992675524	0.1534777762010484	0.23101999676114854
0.2294636088247048	0.07689501974422015	0.3099843204547295	0.15590830689536195	0.22774874408098336
0.22953431129218044	0.0733911623726814	0.3129236566530278	0.14869050972370698	0.23546035995840314
0.2393918834571154	0.062090676814299334	0.31266495499185953	0.1539265767265226	0.23192590801020288
0.2298223260112041	0.06539107730269536	0.3147081387724063	0.15515886087548475	0.23491959703820928
0.23820046813276224	0.0638815805668787	0.3079491349956465	0.15586436125497063	0.23410445504974164
0.2340501448786834	0.07170890426341348	0.3096244598968421	0.15052431106929237	0.2340921798917684
0.23424012027673638	0.07110664811843512	0.31494118541176336	0.14963370024811767	0.23007834594494725
0.23445705907575487	0.06957674960670321	0.3114427882657822	0.15604125745462039	0.22848214559713909
0.22858310391111492	0.07122129499412139	0.31305253961231955	0.1524798192207665	0.23466324226167742
0.23810207765065583	0.06973694028971289	0.3127223597754808	0.1527400789910343	0.22669854329311595
0.22918431830172864	0.07607684670429546	0.30578653105502834	0.1549605324129695	0.23399177152597783
0.2353518933784208	0.06400544671547892	0.3146611950874725	0.1509758281068963	0.23500563671173125
0.23140343037804922	0.06863426480637236	0.3141911946624204	0.15103322708464334	0.2347378830685144
0.2298949717721417	0.07758937140015577	0.3051474683942005	0.15569279478088044	0.23167539365262135
0.23038861447224898	0.07784143487627256	0.3163244992314606	0.14925907393035165	0.22618637748966597
0.23751420597775136	0.07607287976154925	0.30909816994090716	0.15065404550577452	0.22666069881401743
