0.15362132518885216	0.04397199933421475	0.23823185301346395	0.13783325148836598	0.048976028478726286	0.0518719040921133	0.2239790179272792	0.1015146204769842
0.16588799750295696	0.03480668283280769	0.20259075455814562	0.14823102162479518	0.04864571540062522	0.06985380185598121	0.23288833132293876	0.09709569490174909
0.16482300136770345	0.023019616996628453	0.21870995113755798	0.1284986390603187	0.057348769274548586	0.07346367553720601	0.22412954667499804	0.11000679995103856
0.16166770778213974	0.02212514687939937	0.20708499832803695	0.14913828710819177	0.04105056477931972	0.09674398937563665	0.21283777904866227	0.10935152669861328
0.1617450761695585	0.02781439250290753	0.2005424095672857	0.1409720670599581	0.051770784573072576	0.1006562360441792	0.20359638364564092	0.1129026504373973
0.15833947952924005	0.04392610782417228	0.23231891180187728	0.13988744458354097	0.03819877964236486	0.09775282602700441	0.20431102224418557	0.08526542834761437
0.15974173353205945	0.04248112380901835	0.24534436458190453	0.1498515785056919	0.06073358207103591	0.050283952001489815	0.20717346291527378	0.08439020258352603
0.15843134431476175	0.042567328427980125	0.23299376909095387	0.13610335862657752	0.03772192838773551	0.09167905995138466	0.20758981886915942	0.09291339233144691
0.17459327994679075	0.03590176273867125	0.21807611691804013	0.14210017826730323	0.04261984195419169	0.07062237362564164	0.22386913260965718	0.09221731393970395
0.15199088337268976	0.0436001263863077	0.21794203496542136	0.15053105751278953	0.04796796816184423	0.07243341248898796	0.22472709684386638	0.09080742026809285
0.15285880446448574	0.033562109960387276	0.23689650976040436	0.14375050620900343	0.04786236934708053	0.07124892477404945	0.2101545412891211	0.10366623419546793
0.17915130630792994	0.033228585804299715	0.20123081157391792	0.12980363677126666	0.04806086574949095	0.06739351071208191	0.2323272168207658	0.10880406626024691
0.17623316083933138	0.024826661054923607	0.19944811957358388	0.1521707362363377	0.059298466782859674	0.06320297344945616	0.2300159363959558	0.09480394566755157
0.18099814004105091	0.032663382558870524	0.20574158848088994	0.14829396014134522	0.03998894683452196	0.06838082486945825	0.23281533768722443	0.09111781938663861
0.17906032611671951	0.030895362728546316	0.2034990498603428	0.15480693823592806	0.05352264254636177	0.06952314013975025	0.2108910022363202	0.09780153813603093
0.16311342940520124	0.026001655540677446	0.21894471661971393	0.14666384158379478	0.0403987993832258	0.08468050604654223	0.2128191447936676	0.10737790662717678
0.16783601135606513	0.029897867583293755	0.20909628536562985	0.15470363773407372	0.059513957879769694	0.05690766792533872	0.22340112562191808	0.09864344653391077
0.15964143414155627	0.04217317846177575	0.19913795294796294	0.1458822698075002	0.0638415664084092	0.08781133259754903	0.20475178514260994	0.09676048049263644
0.1599679796952102	0.04304893626507374	0.23127138236035494	0.14374135014273143	0.03929116482150112	0.08661893462622625	0.2114520968818721	0.08460815520702998
0.1654353209905779	0.03689153252969826	0.21177005248914876	0.1439643624611971	0.054243733120531046	0.06459137914318133	0.2157092327969456	0.10739438646871982
0.15886412045897358	0.026258162383928224	0.23939867190165492	0.13352105180742876	0.04941475747332086	0.06953617332436292	0.2134317979138487	0.10957526473648184
0.17598694921498187	0.03415441931724429	0.21116191812808707	0.14459226256474128	0.05036717873846609	0.06339992753296844	0.23007162317652796	0.09026572132698267
0.15500232994588223	0.025739695992948494	0.2420915651935713	0.15135671502847137	0.04920318717862075	0.06752661277717723	0.2050836047884036	0.10399628909492478
0.17407645511323705	0.022481870097667986	0.20784303287329498	0.15543891758614042	0.04342616519210227	0.09379370249421799	0.21245644494995428	0.09048341169338482
0.17557807352715243	0.03806936042666835	0.2087723331373207	0.14135732958966546	0.05838849307617405	0.05191391626520511	0.2229889462866319	0.10293154769118175
0.15679221699139595	0.030444210285085718	0.23466884867310445	0.14964388280107294	0.05080566923473111	0.05668078967233932	0.2086335880072268	0.11233079433504342
0.16513733667465613	0.031622911076428326	0.22403041886010516	0.15009150653303907	0.04392736559997289	0.06377445867335677	0.21310133165579398	0.10831467092664741
0.1667665993892865	0.041867770638496324	0.2417891057303102	0.1326913308801385	0.0463095104284114	0.0645493375617559	0.221967437104001	0.08405890826759993
0.16724358958106267	0.035086096034856434	0.22150200774865908	0.13327667537597537	0.05007419988733722	0.058711559731257024	0.223068662338671	0.11103720930218092
0.16359861387738295	0.03354741893696489	0.20476865180381804	0.14194534847265855	0.05477343266569999	0.09175696331403002	0.20845904296195322	0.10115052796749219
0.18008168149206125	0.029041053770553382	0.21861860523250795	0.153794837488906	0.049257146280973774	0.06986523594860714	0.2067232831576664	0.09261815662872391
0.17913651809765738	0.04197444742500518	0.2149957911865591	0.1308701404400755	0.048889393526898486	0.06632182108770049	0.2091912679077712	0.10862062032833246
0.16428062447319772	0.04082621251012264	0.19883614260959415	0.15039942185901356	0.0534287936010598	0.07194336854721245	0.2327721599431865	0.08751327645661294
0.17293091290860618	0.0388023617709104	0.22187348475079227	0.13243375082235098	0.04547466228501096	0.09726097565688518	0.20283421947059158	0.08838963233485217
0.1513056839015453	0.034393585753161884	0.2100813873919429	0.13865307934206006	0.05806970870650395	0.10253743632169213	0.20562859561483807	0.09933052296825548
0.1677456174453898	0.041729228232706514	0.21733194347195967	0.15330106213067887	0.05851375973669376	0.06854174244632708	0.20280880239699295	0.09002784413925109
0.15497415868800868	0.041451246276337575	0.20773757977891333	0.13715424446403296	0.05173114418999086	0.06412616256033254	0.23146300177739337	0.11136246226499051
0.1541873190550797	0.04422351303307387	0.21850097629277818	0.13205070819821718	0.04482348484863846	0.07927677130285116	0.23239791586600062	0.09453931140336067
0.17821463292179426	0.026175210714114355	0.20435263233454598	0.12746446313324475	0.052225718863273304	0.08783807108695474	0.2219625203389225	0.10176675060714989
0.1522938960157701	0.030416891690154907	0.2143214862458905	0.1564106684006974	0.06412411446460131	0.07139319075861739	0.2193774840471252	0.09166226837714297
0.15139954732532826	0.024882532206338626	0.23567370844525776	0.1503846286656618	0.06440973197254593	0.06667177601104912	0.20473174487057838	0.10184633050323993
0.15844974938770393	0.03281532751316944	0.23873207962117216	0.13835900811048527	0.04840617782365329	0.06578579166133405	0.21773337154091776	0.0997184943415639
0.15829492026284608	0.022521169350615752	0.24219232760047565	0.1300588412948279	0.03966937118165344	0.09528601211704972	0.20431921890463495	0.10765813928789629
0.16489549477075358	0.0250109404231732	0.2303215655644167	0.15295626668428036	0.058163964677076574	0.05596128288654839	0.22542313518511536	0.08726734980863557
0.1525479128260377	0.023228677393363192	0.2388473380967298	0.15262717014485971	0.06418394077786657	0.06595026675578093	0.20810011497543585	0.09451457902992602
0.16869749931369182	0.03563946836072454	0.2060414989363472	0.14151374395460964	0.05399565119055327	0.054628553960395246	0.22642743897411144	0.11305614530956659
0.1768808606335745	0.03922376011622701	0.215906330870914	0.13251986686320869	0.060632343513902634	0.04803125033032336	0.21292257434491701	0.11388301332693257
0.15129467328413726	0.03214118479954295	0.22035225072153328	0.14943863628982526	0.06116825098628423	0.04817686411577582	0.22888297702184543	0.10854516278105557
0.16205013907060814	0.042742816742333864	0.2026746551454446	0.14362620014492233	0.06082602132917865	0.07277112249026996	0.20966769776708177	0.1056413473101605
0.15223038979290301	0.03927428852444524	0.21629783911456335	0.14476098685816283	0.049558503133752735	0.055354512904596295	0.23136658745657274	0.11115689221500355
0.15500776123679966	0.03775598399961633	0.20675556324461042	0.12755814468554896	0.05538877190836794	0.08914231851394758	0.22760927884774124	0.10078217756336766
0.158648008594453	0.02782711832186298	0.20126760018611825	0.12824711943850964	0.06125945661249599	0.09361604644157012	0.2264416420336508	0.10269300837133896
0.17970488458221745	0.040422885877916426	0.2232320232610149	0.14217720935762476	0.043662618221185806	0.0505806014302768	0.2212080271515738	0.0990117501181898
0.17702609238559044	0.028216779851704468	0.20414586797893508	0.12909743004447488	0.05533011540965371	0.08063249963580192	0.2316764503953132	0.09387476429852598
0.1764803262177913	0.04372668054284466	0.21202675611145455	0.15379268931568332	0.041268943531308264	0.05467835069728923	0.2273240545403813	0.09070219904324717
0.16606037844176502	0.03777706116129842	0.22802262051645705	0.1419425534034897	0.051508839602868145	0.06507665483739994	0.20599350233820404	0.10361838969851736
0.17805742357844917	0.032432515461608066	0.21227148105278865	0.13222284864677014	0.04832996515939497	0.0959126589090674	0.21577691172005276	0.0849961954718686
0.16562472557755614	0.027101536082489552	0.22221470012403463	0.13725122965623174	0.060695730393034594	0.06222519055482424	0.22405350467258314	0.10083338293924574
0.17384113885046698	0.03133096949518438	0.23320337102588617	0.12889693523316864	0.04392183205379108	0.075251461375404	0.20634559016846674	0.10720870179763176
0.15998576575313989	0.03213251193313363	0.23442639658941683	0.1435072998418264	0.04419509166170196	0.06408713309577116	0.21183424759000602	0.1098315535350039
0.1801577605613771	0.03638529073233587	0.21283866111162655	0.12754720734175065	0.0508294086651931	0.07868266824089845	0.22914577217891074	0.08441323116790722
0.1723719797852524	0.03543023788756626	0.2097887359123864	0.15095406965283342	0.0489406513751289	0.05183954168667061	0.21927196377380734	0.11140281992635442
0.17232459544194545	0.02749657114052559	0.2029773682917912	0.15110027649121718	0.05094088918748818	0.07824182880999668	0.21532686661899264	0.10159160401804289
0.16830186196792327	0.023293444442426828	0.21683967535987314	0.1538329130569332	0.05077622864767599	0.09464276552462927	0.20796647552923184	0.08434663547130625
0.17471977577210937	0.026871972399993685	0.20782347867696474	0.1339100720738089	0.05137620703228782	0.06434497446675808	0.23123129822537353	0.10972222135270364
0.15968480672099622	0.029902645220831497	0.21736393609147686	0.15259600769173376	0.05009446105509156	0.08305508674874112	0.2050261122792258	0.10227694419190295
0.16875877984272103	0.023987852197950438	0.21802032251560866	0.13138737174890125	0.05570241568893654	0.09916358594966204	0.2180864400226577	0.08489323203356205
0.17306071168608128	0.036522247433934354	0.22031010242030502	0.12954134638404846	0.042577890807373495	0.08254928485246193	0.2177717925931948	0.09766662382260047
0.1547202096280561	0.03991061609926484	0.21770275500446615	0.1378680324726207	0.053368480684595376	0.0640306875392011	0.21935912530277676	0.11304009326901876
0.17850079617959208	0.03058824315570531	0.22996660624536314	0.13300699258566387	0.049800359471466965	0.07441241285821605	0.20796994056670226	0.09575464893729009
0.1632508562214121	0.03997449205682932	0.2326482915769923	0.15342607735704716	0.04496246156818025	0.05218181178392199	0.21794085003736394	0.0956151593982527
0.15221725727230254	0.023865378980700555	0.22796487198425186	0.14739828161202903	0.054777352539396834	0.08790909099843275	0.21219240733384498	0.09367535927904125
0.16084899154835794	0.029057211329087007	0.2351389707293929	0.15639386323514665	0.04776710938835138	0.051049358069880826	0.21488909414274415	0.10485540155703892
0.16636794785991033	0.03170278088280794	0.20967101982733627	0.13411391342188766	0.04836659223552421	0.08816986722298598	0.21830603329896558	0.10330184525058184
0.16224723886436285	0.04155072334777364	0.22613232741118128	0.13558476719037915	0.045577292233858493	0.05773461948552404	0.2255937915557585	0.10557923991116186
0.17087412146849082	0.04004515936489221	0.203980642808351	0.15281698256607978	0.04537513131655645	0.06197356334550405	0.23373270832535814	0.09120169080476735
0.1700737460760458	0.0401449789792393	0.21344344765577233	0.15338789552938686	0.05903499197246133	0.06945720269353348	0.20821271342033745	0.08624502367322319
0.17979421788099748	0.04012318132829226	0.19882001062932025	0.1462154638376682	0.06333795676044568	0.07389485555649733	0.2050839986649517	0.09273031534182691
0.17372848702317048	0.027834702689421564	0.2140470901180159	0.14589228326972736	0.061609833863563154	0.06281598886507223	0.21731183368355544	0.09675978048747362
0.17538045252362677	0.03826711805280435	0.2071328563937901	0.14871616274806573	0.04408488214393928	0.0808789617070503	0.2162537973295099	0.08928576910121337
0.15803392120916687	0.027728338721233106	0.2199228975336605	0.13018818591545633	0.054698970638341934	0.10156157964258933	0.2223281635378917	0.08553794280165998
0.1735227054571223	0.034318274858926176	0.21790196450764382	0.13867726949299378	0.039352073680969615	0.07201370602805197	0.2164849768815345	0.10772902909275758
0.17884078911707466	0.043927958304665254	0.2188548273619563	0.13737204072264542	0.040305930967405285	0.07043460024520436	0.22463314480936336	0.08563070847168511
0.1775041079391036	0.034495145955969586	0.20891907946063248	0.1377718047035801	0.03757152893504204	0.08914008007158117	0.2207990857883116	0.09379916714577918
0.15419115759844795	0.038404118772537896	0.22422064419421828	0.13407254030082105	0.049905556099333684	0.08444095201500344	0.2175239604111087	0.09724107060852873
0.1575624871360411	0.028850049382468435	0.23635646183267678	0.14486952153270471	0.043905638130047234	0.0761159472226271	0.21327258378762756	0.09906731097580687
0.17936105434662836	0.03931923148843079	0.2129164384918406	0.13444954197073958	0.03908709123764438	0.07478353813956444	0.21757397803262882	0.10250912629252283
0.1730844941971703	0.042119179929871145	0.20219759562574507	0.14435203251968928	0.048320294866936106	0.07833333169327124	0.2253707946265301	0.08622227654078655
0.15546211660665404	0.03390276973594773	0.23470703377535457	0.14943777165416505	0.04516135326130653	0.05772181660290994	0.2253196464793403	0.09828749188432162
0.16481500152506767	0.0383590543495627	0.21856272889785072	0.15022740761570208	0.05585180746959409	0.04781379209031028	0.2175699775468854	0.10680023050502684
0.1683973349626035	0.032140564313815276	0.23119756115429269	0.13601053412186018	0.0473867740759152	0.08802840658568438	0.20374761220552623	0.09309121258030234
0.15380087094527867	0.043884955342357715	0.21616501144486683	0.13591321764506303	0.06182765137770367	0.05098610809883086	0.23263837187393865	0.10478381327196035
0.16758337115206118	0.028824886100116784	0.2222205440692855	0.15154168862619288	0.03971817892454366	0.08760628578363917	0.20967980765225758	0.09282523769190293
0.16535353388701762	0.03965982508529886	0.21230574102097022	0.13587690276963815	0.043041545679212465	0.07162190856378481	0.2286693882774088	0.10347115471666885
0.16444501505580833	0.04325492666185907	0.24154450498700575	0.1342793832363977	0.03789443993061832	0.0702404529548255	0.20736016749274344	0.10098110968074159
0.16119538890294505	0.024704174552319727	0.24118582217034834	0.13666638389506572	0.04859620308655596	0.0568177905014928	0.2183580393557616	0.11247619753551058
0.15947622740428097	0.038209584792596854	0.2056521648003315	0.1350266533319797	0.0429001848239685	0.08132999645277413	0.22984674149076006	0.1075584469033081
0.15220346524815637	0.03451177840477311	0.2240716773034107	0.1428690463507873	0.05315105186864269	0.08300405802487923	0.22322641646861008	0.08696250633074032
0.1528632874429338	0.040307858496100024	0.2318175423208768	0.15430056951675586	0.06398588565329395	0.051795034103278875	0.20252834240179052	0.10240148006496998
0.15469943127289787	0.03792642772886959	0.23739446658789676	0.1331701493414531	0.0542892386787274	0.05692071438824289	0.2278322808377666	0.09776729116414554
0.1797914666124841	0.024095457204872994	0.2011036444053244	0.15395908332262465	0.0588562558864979	0.09437133120217314	0.20162839805852228	0.08619436330750029
0.1707525246015114	0.03505917080183968	0.21289888202650756	0.14301968177347085	0.03894026424298877	0.098674394375894	0.21336846798131892	0.08728661419646858
0.156985710987802	0.024973142907180446	0.23078330984914175	0.14833497636234122	0.05689669294162049	0.06650676511830639	0.22496313613549596	0.09055626569811154
0.1516157169751759	0.030782866347550522	0.20930132595569434	0.156200282453022	0.03978116670010842	0.079879026874872	0.23349259700584202	0.09894701768773459
0.16491193055200765	0.022000325842969667	0.207402405204969	0.1421309294882612	0.053921413816959196	0.10399168800027066	0.2148934618933845	0.09074784520117793
0.17763602954142127	0.040031729103962105	0.20415508506148625	0.13560318785852218	0.05710630186450005	0.0860151022585998	0.2149590083329354	0.08449355597857271
0.17991504586950563	0.03837230675523269	0.20412393028902692	0.13152034277840727	0.06463218146334673	0.06485354999226148	0.20899715314583017	0.10758548970638888
0.16995932045641537	0.034756509774363537	0.20155662374438096	0.1321620383687154	0.047958544283288565	0.0990768934472938	0.2257540820222695	0.08877598790327265
0.17165990508261994	0.03369456162855629	0.20857275345297566	0.1447639986207369	0.054984577175502605	0.07172482595472413	0.22181498189424997	0.09278439619063428
0.157357973837024	0.025604714462236042	0.19882363186842447	0.15028205135080508	0.060467437797994295	0.09827815846593346	0.20278035998215443	0.10640567223542798
0.1529241566184239	0.04035532628703001	0.21969758681317564	0.1459368606379152	0.04304215099368405	0.07094059513074874	0.2184224067923182	0.10868091672670416
0.17123552159703603	0.044190903711238974	0.20465360314103315	0.12793013128710987	0.04920146746835312	0.0625426669777297	0.23198412593938578	0.10826157987811313
0.15351025253330228	0.030079300101174752	0.2173811576347429	0.13781027532950046	0.05032947130336099	0.09531646300549967	0.21189610320366653	0.10367697688875221
0.17616277288677837	0.024827513801833068	0.21992551602916816	0.15521064710325203	0.05771789499507686	0.053999335299478673	0.20965533069788278	0.10250098918652983
0.17751715740580543	0.02377664829740317	0.22723356407156578	0.1389836573058355	0.03868233250547273	0.07993353506143178	0.20320892171835467	0.11066418363413072
0.16262535169640732	0.03194137332595619	0.20202661417445125	0.14836101195329843	0.059177439681205035	0.08207997741673234	0.2039755078178782	0.10981272393407097
0.1539615543474488	0.03499016722774244	0.24330207556171185	0.15583463096424682	0.03883254213593601	0.07114089891361987	0.21564689841994003	0.08629123242935396
0.15481564008018808	0.025676576963754694	0.22535371515590163	0.14367918817339803	0.06455290144903397	0.07495100389996678	0.224320378145702	0.08665059613205456
0.15529987738025836	0.03877804510005979	0.20681373761665917	0.15093982923938992	0.0578337524944116	0.06368533822469502	0.22523364820174763	0.10141577174277827
0.1608861190713498	0.03796332287380608	0.23144612724528663	0.14488451018403126	0.05852740875157454	0.055109002074250554	0.20937173363311123	0.10181177616658962
0.16430890987602437	0.03255965417791776	0.2165980328257124	0.14112711506645054	0.045366398455236226	0.10113949593998033	0.20828858115177268	0.09061181250690549
0.15991142595796326	0.03290299777530736	0.2032536780292238	0.1442350199304929	0.04641547055232784	0.08508020418580312	0.22578957534377692	0.1024116282251045
0.17272390310783992	0.03228058762189619	0.23283672491657134	0.1384658834702065	0.046631185302218825	0.06364776585349861	0.20589272762096547	0.10752122210680284
0.15275378784959837	0.04399072606716002	0.24222185130018953	0.12850401393567565	0.053620182292935234	0.052126284438455114	0.22016958696402697	0.10661356715195888
0.1808070555833651	0.02303477682584211	0.19929690932396954	0.15607553125029378	0.03859889268450713	0.07930085999212372	0.228723091170637	0.09416288316926136
0.16714592039056203	0.026742189023854557	0.2178970934703016	0.13822957929049223	0.062334432661466266	0.05402649075859248	0.2323102807660199	0.1013140136387107
0.1561931642208176	0.029243532609735973	0.24256719363879448	0.13270305633496568	0.03894880279121872	0.08070193595552116	0.2131645552267339	0.10647775922221234
0.18146225772511412	0.03651677942280368	0.21609020301150034	0.13689970845176064	0.06452136479877689	0.06324940603821802	0.20732630911391614	0.09393397143790994
0.17580517853862043	0.04280719607980113	0.22427263824878851	0.14694826572326775	0.04418184925679411	0.07516719752821183	0.2031153839466354	0.08770229067788056
0.16024124161999462	0.0345527312589818	0.20923232122650792	0.1415155678451686	0.03987707043520307	0.09709856647882649	0.22479451962035457	0.0926879815149627
0.17777097879129616	0.025293785035664096	0.24483469518939865	0.14380692498709252	0.04186610141396423	0.049654931762866145	0.2243391063561675	0.09243347646355045
0.17804624595409504	0.028481686157004804	0.20166436662424442	0.13664493576731485	0.06262222541879112	0.06659416700565404	0.21666999168146278	0.10927638139143268
0.15982157072693298	0.03497310812432462	0.2262940491214703	0.14497140972491063	0.058562212337248176	0.05753602532959887	0.20798348130811417	0.10985814332739999
0.15270410523632943	0.030524412164333423	0.22616906094484723	0.14713109325815282	0.05087582758385545	0.09118753865752191	0.20871090282013832	0.09269705933482114
0.15523642896736492	0.02995395140635397	0.2293168609683497	0.1391459081868321	0.041073448915090446	0.0972476135854072	0.22341289820355328	0.08461288976704814
0.15399147513384365	0.044178259634518116	0.20132290143512005	0.15161286772432328	0.04798770070109491	0.09616177250465567	0.20354574013063387	0.10119928273581025
0.15984573737150337	0.03502599908361448	0.2205387155291525	0.12795660617349316	0.046249437668975185	0.08486256785804178	0.23063918481890716	0.09488175149631212
0.15388057083631	0.02680278729150888	0.24167111224817545	0.1561736064657012	0.037915184689583784	0.06744362282228335	0.21065641795024526	0.10545669769619188
0.160919339810159	0.025157713277984856	0.241272713568769	0.14832709541953648	0.03808173671069308	0.06618270725693778	0.20732648184129715	0.11273221211462245
0.16355059247700351	0.024884469789807573	0.22795193490400067	0.13998509208350896	0.056128969521639496	0.08012540033306537	0.22231676233283343	0.08505677855814078
0.1796940321473513	0.033669672385172544	0.21586099562800654	0.14296025180514302	0.051377094325153916	0.05332208178837053	0.22711074550090052	0.09600512641990142
0.162607036216347	0.041228484183858605	0.2031905305740897	0.13433715088351367	0.03976833810391443	0.09589778207140583	0.23348226692929547	0.08948841103757504
0.17976026140893725	0.032657127925808216	0.2165286957139438	0.13122017542385203	0.04129823276612683	0.08883024546796597	0.21239699422433744	0.09730826706902819
0.16091984165202394	0.03785116954600781	0.22996975947852022	0.12767937441184316	0.06200609824937044	0.08585270922675506	0.20700810403007036	0.08871294340540872
0.16119086136391927	0.023395470545340746	0.23335211318512605	0.15595994963846477	0.040651934703892875	0.07355814358870433	0.20525225749692633	0.10663926947762536
0.17587265138370023	0.029227432776898876	0.2077691389082164	0.1533843146335948	0.04735082451715965	0.04828337559464445	0.22598633539808405	0.11212592678770128
0.1740646017877605	0.033733930300997444	0.24505518513801916	0.14278722033879734	0.05501097726632473	0.04810648112089902	0.2051176986409259	0.09612390540627566
0.17342997399136661	0.027003509749956037	0.22199680284637535	0.13001518388650216	0.06232397059453988	0.09234577060897381	0.20762351842539917	0.08526126989688665
0.16751688277862245	0.03721719135037818	0.1996318619752105	0.1564206048617954	0.060222395892201214	0.05951852941095444	0.20577774648334912	0.11369478724748844
0.16474484253615337	0.03278065636861367	0.22676956472767756	0.1283945795008661	0.05482242968743735	0.07557883826534645	0.21490238492582175	0.10200670398808352
0.15366877099264994	0.02962781210854963	0.22030909081782984	0.13223951939226786	0.05808681459918155	0.09556579475519843	0.22055661341290483	0.08994558392141763
0.15856978648132078	0.04397382932701922	0.20307045010895047	0.14637444370525043	0.05124694286035453	0.08161524812128992	0.20618032728264568	0.1089689721131687
0.16821660875224814	0.022814492945688172	0.23101706522088747	0.14470864270574896	0.053449207154205716	0.06990449153311497	0.2016746187294124	0.10821487295869395
0.17514432761979515	0.03166843753907145	0.2320207178200942	0.14125011232422946	0.04062976879633236	0.08672586611961218	0.20301919282588077	0.08954157695498421
0.17324669165102047	0.03194731665596734	0.2311814078309977	0.13375675162892833	0.06459504304768376	0.05047797612558183	0.21154640005848596	0.1032484130013344
0.15676762018724438	0.02881585985097858	0.20855237622644174	0.14044340142726253	0.05576820994687856	0.08565844745119239	0.21375005309886075	0.11024403181114083
0.1659370636230491	0.041101339306157475	0.23106547996147664	0.14465776054851798	0.04510528884478178	0.07406949977686811	0.2096233898131254	0.08844017812602327
0.18046654122507896	0.029487396489819573	0.21096519147403114	0.15148545771877023	0.04335808428707384	0.06797174010296932	0.21205684637441535	0.1042087423278413
0.17246064393862176	0.02355122557029239	0.23740432305823134	0.1288759864574365	0.052543136865512624	0.08551943006291846	0.20144100749824356	0.0982042465487431
0.16841358193226674	0.022475632115057972	0.20667751509143353	0.139402937575885	0.04373489863651499	0.08558927449866088	0.2325137647616694	0.10119239538851124
0.16324285131737304	0.030917816662165185	0.215870041790306	0.14434584807073653	0.04148823336374932	0.08793739577800422	0.20718972021613602	0.10900809280152945
0.16632095678496012	0.03615731892973008	0.23257678929047643	0.1392098800455559	0.05011219307526445	0.07086710322467488	0.2081111878121205	0.09664457083721742
0.15647451323900907	0.032043881749931724	0.23562127779405528	0.15476307581046256	0.039032605495841935	0.06721235190626008	0.2145550075939156	0.10029728641052353
0.17409836393038536	0.029496466446855926	0.23590492169855065	0.13156681298645087	0.040650442168227455	0.07027700432578471	0.20662819256563486	0.11137779587810993
0.15271213954140245	0.029680806892113124	0.21636038710870317	0.15157274231904516	0.03956402482048875	0.08706195468206326	0.210630114391544	0.11241783024463986
0.16921522995627108	0.029947716208983496	0.21051442827284772	0.14024792288608184	0.05183138695122662	0.07646367434011653	0.2177204651648444	0.10405917621962807
0.158735626955622	0.040787911860045684	0.23396695558972602	0.1304710751896689	0.045207152841454115	0.09189627337113396	0.20272187253087687	0.09621313166147215
0.1538976853252133	0.026409370029818705	0.23967911789896168	0.1284772702082957	0.05864922553329395	0.06730132310111189	0.2211850336210308	0.1044009742822737
0.15787630619657617	0.02525986899240447	0.23791376292485	0.13666314869700405	0.04752696038045069	0.07556997259847924	0.21301442508400925	0.10617555512622594
0.16062959727380793	0.02984528225956222	0.19899614603926175	0.1441033444769344	0.04570904984107094	0.09482591124466588	0.22170661305860012	0.10418405580609649
0.15213955885705432	0.03853714012328671	0.22762570335072893	0.15502824175106067	0.05145802506653929	0.05954719556376478	0.21466863264969183	0.10099550263787323
0.18029496805891504	0.030875479604203754	0.21463940073673216	0.14424981278926974	0.058315788808307886	0.0596958805219274	0.21662249452027893	0.0953061749603649
0.16112373021885448	0.03321425784365929	0.227952556314446	0.13441654287559612	0.039835222091941846	0.09898633872774154	0.21306473303811996	0.0914066188896405
0.17064999632230904	0.04145509513429314	0.22352328475850775	0.1354395746092216	0.03807861564278356	0.05340207188917026	0.2294749049823318	0.10797645666138261
0.16126022659172728	0.03411564035882801	0.21708203422189973	0.13083608729721258	0.057077545763051005	0.08703622833513407	0.20548395338388864	0.10710828404825838
0.17278940964306463	0.041147202721463605	0.2288436419233612	0.1329765879836122	0.03862197881933549	0.07354065786700144	0.22821338277092856	0.08386713827123266
0.16018146874510594	0.032898455057367104	0.21095756188842446	0.14094169016008667	0.055796314398610214	0.07831866046640229	0.23206065228583206	0.088845196998171
0.15908784597367356	0.029385975362254582	0.22057508032647127	0.13424039858180975	0.04131908182261525	0.0920084142545437	0.22898833881396924	0.0943948648646624
0.15400489970606263	0.04292720803495005	0.2175248877517231	0.14782251647034236	0.061238165677024184	0.0728123388289065	0.2013521246659426	0.10231785886504832
0.15718771516461144	0.031145073089580255	0.21474796958758405	0.13291810276384913	0.054936781645738064	0.09740258727507353	0.2228467895981404	0.08881498087542296
0.16022738482341753	0.043466436939203365	0.21574008861183783	0.1280201406429321	0.0625864151647255	0.09304710525319247	0.20494643854161626	0.09196599002307473
0.1677047325735883	0.032650344448411764	0.23771463027534484	0.1405250122995919	0.03994482193322821	0.06140368654054129	0.22764375713082613	0.09241301479846734
0.17554789543006444	0.03872648540261961	0.20931355503925142	0.12953299252443456	0.044063383346966856	0.05824237490825945	0.23278957881670878	0.11178373453169461
0.17809988855121459	0.039877494548589354	0.20914836433083112	0.14457702016771679	0.06163687938554935	0.061904121605242474	0.2148453848012889	0.0899108466095672
0.15694188075339577	0.03187796544353036	0.22133244117022619	0.1488829179806307	0.047162209741177755	0.06807276853760658	0.22952706688769492	0.09620274948573754
0.16390577790295427	0.04187245945995795	0.22071484605999314	0.1346426351508523	0.04805084582420793	0.06856586107315804	0.2105211865210867	0.11172638800778942
0.16859528343486085	0.03325583314413766	0.20185307749501075	0.14806153304693673	0.05578810334763165	0.08251647571958287	0.22593604297813183	0.08399365083370741
0.15390835337617015	0.02618334359040636	0.2449214256496996	0.13858177586656134	0.05954887394077597	0.050079615467934505	0.23151116649698888	0.09526544561146297
0.15971730880988846	0.035657530952364666	0.22037862215446463	0.14217629717784733	0.05354718378814062	0.07159982838136791	0.22651373417998952	0.09040949455593662
0.1551524002642126	0.031510999806466516	0.21140886746931914	0.15372274937668423	0.056194604101310386	0.0721651271942014	0.22740802004068156	0.09243723174712395
0.17524232589503186	0.024179860396450786	0.24001529000731398	0.1401129255106425	0.04415158106461339	0.05444833624856696	0.22875713456752592	0.09309254630985445
0.15582070973812345	0.024117682971870114	0.21375517772283975	0.14661014199424866	0.06195554299432071	0.08816643475901101	0.2233511270518072	0.08622318276777893
0.15877490086118456	0.04429986397075911	0.2035116506191374	0.14297646377331402	0.057414135937447236	0.08834979396989007	0.21489550308326183	0.08977768778500553
0.15320085463285102	0.03312341447440641	0.2158570081593305	0.1282382344133003	0.05803295076729542	0.07152199421441488	0.23369870833170225	0.10632683500669897
0.15548896454694294	0.04216333979211971	0.24060070986776688	0.14125765175873906	0.04082837521927371	0.047800988082504076	0.22523636699684846	0.10662360373580493
0.17413209811275498	0.036230707995077244	0.21348511846021512	0.13119725718333358	0.05910135923335734	0.09655476875752834	0.20407698567213453	0.08522170458559866
0.17901153331652503	0.04237626685754152	0.1995734756641313	0.13122332546706506	0.05244651223894775	0.09842901874846531	0.2124262266371376	0.08451364107018616
0.15202872144496296	0.024253772661103887	0.240611363550712	0.14345261578192653	0.041346383981898105	0.0719015708076006	0.220904453360957	0.10550111841083873
0.15144293257177965	0.041091306777744405	0.20040908703705662	0.15426710381631414	0.051205934733652064	0.09845185024405544	0.20816500443056624	0.09496678038883116
0.16497262381233568	0.032226774748827056	0.2308597849059652	0.13039517155090935	0.04001362830989644	0.08814953342095952	0.22437865978337335	0.08900382346773314
0.16099154836392116	0.03407477689458581	0.22881418324922276	0.14915872193279436	0.040423010546305996	0.06953159074776344	0.23166531969230217	0.08534084857310409
0.17452334374707454	0.02975054360238892	0.2177308770126959	0.13878165393425496	0.05789157977803948	0.0673558342183315	0.22927367538043902	0.0846924923267755
0.1776025896443686	0.026434545853588898	0.20625765741605534	0.13104414542596204	0.04900628249555983	0.07543894480549264	0.22956022836547063	0.10465560599350182
0.15706765379996124	0.02770434213891826	0.23614914110966884	0.15498414539134686	0.05877500185014624	0.07426234502162678	0.2053177886635827	0.08573958202474885
0.1776632912552894	0.03056958821323129	0.20754500788700597	0.14475618696301065	0.05478608092206898	0.08281027083746047	0.21275499666632297	0.08911457725561
0.15330081802005885	0.043211076730147374	0.22737485702467433	0.13358362606913393	0.05605200985459251	0.07280027713927914	0.20540230959838274	0.10827502556373089
0.16519269493217303	0.03790902963769896	0.2367514206637978	0.1341231622231575	0.05601326674958278	0.047987680614634	0.21697130251655922	0.10505144266239645
0.1572510173842901	0.02727233103371257	0.2066699337878567	0.14774961258127378	0.06402322086041445	0.08758343075596538	0.21866610173212903	0.0907843518643578
0.16183956773376976	0.04342117154613814	0.20006753178974304	0.12916682846918207	0.05911870873887033	0.0956434566763699	0.22541590567807407	0.08532682936785249
0.17886555440737223	0.03144697219305033	0.20640462540712334	0.13573248035403182	0.06307746345314214	0.05826406505067891	0.22135748697794547	0.1048513521566555
0.1568100769134113	0.03656829681534528	0.20217056224732977	0.13598822450761439	0.062156593299003374	0.0838340575339416	0.21401349504678124	0.10845869363657278
0.18114582383614425	0.02306845190428332	0.21625703439858857	0.13906028077637866	0.05915769571849397	0.08497197123513797	0.2084698818684418	0.08786886026253125
0.17475090542004235	0.030113296083388932	0.20164797013375113	0.13798340269107948	0.061731459548205456	0.08689993694843422	0.2132203253005016	0.09365270387459662
0.16896628675495806	0.04405533814463734	0.2289121934953418	0.1511777547097769	0.03816743446430519	0.06767982109438403	0.21135223397472075	0.08968893736187566
0.17721085479847418	0.039615250587708	0.20451005539997488	0.14765361358923576	0.06234496421890255	0.07997667697041988	0.20480217943722517	0.08388640499805936
0.1763036444672924	0.03524902859104695	0.2171567737249692	0.13248870618910966	0.03801341737952285	0.10063270721428645	0.20831779176377485	0.0918379306699974
0.16741580473497225	0.022119780028310013	0.20819097513876206	0.1493553825770899	0.047462013331961775	0.08456435772593318	0.22281386989902913	0.0980778165639414
0.17066271535990218	0.02202355920896	0.2029278697340784	0.14652256749739548	0.05594783826399832	0.07908209888007825	0.22056818727453142	0.10226516378105573
0.17542435949258992	0.03546045154541358	0.22557566922949535	0.13944904228904342	0.057525298189697746	0.07000757659992572	0.20535290587743388	0.09120469677640017
0.161728187468212	0.02203422137037664	0.21491236147014148	0.13461734659951535	0.05771666666943863	0.0937381530518078	0.23045944953225467	0.08479361383825318
0.17336145783833362	0.03651857847824956	0.2119371140893445	0.15420152535750867	0.04259748608479663	0.061401223194246624	0.2270506866579449	0.09293192829957528
0.16303272179278405	0.037404758078646155	0.21948134118763	0.13180494142961138	0.055589860021902915	0.08192579635901538	0.2175019089612547	0.09325867216915515
0.1706324041669235	0.039061354706080645	0.22640803637149604	0.1300190406754291	0.04201184227523393	0.07004367435288805	0.21950155135727195	0.1023220960946766
0.1708064115111111	0.02636236953887726	0.24302416346492284	0.1456981151384559	0.04641784869436953	0.06876092652049703	0.21004233569903857	0.0888878294327276
0.174367447975293	0.0360321046341084	0.2019600885725351	0.152094379697773	0.04112563637316413	0.0928884953673833	0.2110275013026751	0.09050434607706767
0.16236934675237494	0.03995835691577983	0.20180762629662613	0.1389838231069915	0.045618977888997575	0.09696305170565411	0.20914699621282307	0.10515182112075264
0.16344413642049394	0.04128601211295564	0.24090968168124655	0.14451956647345707	0.04878340752088188	0.05407522153017284	0.20485019386852737	0.1021317803922645
0.15917663780483512	0.02627893746607983	0.2029423800183307	0.14412781765348479	0.058688378644696615	0.09610870547477977	0.20397016634598103	0.10870697659181193
0.16371327440945327	0.038517453462929105	0.19970214627700794	0.1310491840267253	0.042734507839078686	0.08869950218861893	0.2315806859118096	0.10400324588437693
0.16634348499751903	0.02563520409737198	0.22007617142235075	0.12964905060085624	0.05877065400171841	0.07179151921748679	0.2298944748173184	0.09783944084537814
0.1689111127740815	0.04174341747042831	0.23956322438482802	0.1297812988531692	0.04181776276384795	0.061003368128137725	0.2246156285376364	0.09256418708787074
0.1757489102807681	0.031146201206802837	0.2014751144557302	0.13841513536705002	0.05845751130457018	0.0887952848484311	0.21749746252824148	0.08846438000840581
0.17464627379492226	0.022892913062334097	0.23520003396197262	0.14980659582520192	0.06412663815350009	0.05389877149868713	0.20186157918595496	0.09756719451742671
0.17732103676650876	0.03767532450354001	0.2257335868097901	0.13656080481447505	0.045428410123300095	0.078387503100887	0.21206534048701514	0.08682799339448363
0.16588758205228493	0.035204276591313255	0.21398338150383975	0.13350935375340314	0.05133644513269878	0.0807237223184958	0.21201812342033044	0.10733711522763364
0.1646237128686522	0.02244920282410319	0.20847611940986724	0.1449017238472978	0.047409716651592784	0.08001157970806001	0.2257389978841392	0.10638894680628737
0.1687875033857785	0.03827957412657115	0.2399080093724935	0.12923811737271598	0.057205723934062896	0.05106287745291076	0.20989598549648164	0.1056222088589854
0.15253838475940806	0.026726936177893984	0.2290617848391393	0.1565605868213382	0.05274290690328519	0.06779476743716759	0.20135795327786382	0.11321667978390362
0.1627558650489786	0.03425501280005394	0.19875899972582656	0.1488205403427415	0.05170442208209741	0.08245628497604066	0.222780419702032	0.09846845532222914
0.16090749637940155	0.04322388017438544	0.22499878030392959	0.12757855376003083	0.043375845010265715	0.07475004293248061	0.2232661351279708	0.10189926631153526
0.17822498757568703	0.033262139876272995	0.19904602330176274	0.15128416235629324	0.04194577781990484	0.09799179585213266	0.21044072328309493	0.08780438993485135
0.1617595378698536	0.03598765961770595	0.2328868662375757	0.1388051806286534	0.04173801692048165	0.07698266291701142	0.20448221806043476	0.1073578577482833
0.15881241267962037	0.030463177612639725	0.21225901404393513	0.1424264871313119	0.05142271273513213	0.07686076382385863	0.21584842066058504	0.11190701131291685
0.1550484948622801	0.04209797636854712	0.23429104236247947	0.1323558010482574	0.04661409588296905	0.08142243294117188	0.20290019393087966	0.10526996260341503
0.15497321105061146	0.030083205533090615	0.24426414552703557	0.13957283814308427	0.03815581977527914	0.06192996493375383	0.23214186492026134	0.09887895011688358
0.16138952540460572	0.04139707594601741	0.22977017952689877	0.14351227966152152	0.053963537892469784	0.07669585850658518	0.20636544867293558	0.08690609438896577
0.16966092885739043	0.04282344873617912	0.21307047087994263	0.13886467063738442	0.04424143830469808	0.07389815119769275	0.23218401688040702	0.0852568745063053
0.1815894067746831	0.031690325956437185	0.20916430727750251	0.1503803697710519	0.04615784151312442	0.06121733639634458	0.22069895197947512	0.09910146033138098
0.17130657904628033	0.03840428763016285	0.20259929370901264	0.1518746142701005	0.05618035637587285	0.05702148130410549	0.22353872058683283	0.09907466707763239
0.166980326152817	0.04376875523016871	0.21600058032153227	0.15178695143618456	0.03783772532287594	0.07091999937276632	0.20429889566097342	0.10840676650268155
0.16829167992698546	0.04245946227771945	0.2044977414964163	0.1535174221261836	0.03912031725779955	0.07753083853169782	0.22388863997868458	0.090693898404513
