0.8186098798055033	0.13398385175397348	0.04740626844052337
0.005285400597321188	0.34125823404935474	0.6534563653533242
0.13021974836657776	0.7576244193284825	0.1121558323049398
0.11408879626320467	0.32277488626172324	0.5631363174750722
0.4594690910589908	0.18296030890769246	0.3575706000333168
0.5306927006468054	0.21959251666834725	0.24971478268484748
0.2212105768664473	0.640438293655051	0.1383511294785018
0.21485068874887825	0.49461023455379916	0.2905390766973227
0.3240336668120758	0.4237189065730699	0.25224742661485444
0.3241879107780446	0.0837620235453658	0.5920500656765897
0.9474620560958907	0.0045015715651134935	0.048036372338995936
0.1717366292856157	0.6880448207587817	0.14021854995560262
0.46591266045933744	0.23690817748093745	0.2971791620597252
0.576336532009976	0.11505042668058407	0.30861304130944
0.059546297734825115	0.8609007423255942	0.07955295993958078
0.20641257187465328	0.03563374943057601	0.7579536786947708
0.9363452206255453	0.03857666479089533	0.02507811458355952
0.2301694544904737	0.3779019727292111	0.3919285727803153
0.09669796266307887	0.28963668362275	0.6136653537141713
0.3877234954897747	0.4232103460627473	0.18906615844747804
0.25195413835207875	0.6357985370850399	0.11224732456288156
0.4674224754118714	0.06055163964489274	0.47202588494323594
0.16279987447835975	0.05184301101240868	0.7853571145092317
0.2045645080578471	0.4521919010686051	0.34324359087354794
0.41217054011932264	0.4247207382258569	0.1631087216548206
0.40697930723112086	0.5270665340294673	0.06595415873941202
0.38243708349923033	0.21681650151722165	0.4007464149835481
0.31888952959846034	0.6525381353828716	0.028572335018668127
0.3345954642093944	0.3490049687758476	0.31639956701475813
0.57318849783173	0.19991027701522834	0.22690122515304179
0.1635240478034356	0.35646937366261816	0.48000657853394635
0.679435870330916	0.04005108028315979	0.2805130493859242
0.4462246754281124	0.15427139156893263	0.3995039330029551
0.27148193986702435	0.06349653193508764	0.6650215281978882
0.41809623234978305	0.518538910586653	0.06336485706356404
0.042018526834380454	0.11431235421258601	0.8436691189530336
0.4403173911591888	0.19983039132804706	0.35985221751276425
0.4495889113689986	0.03717350351202037	0.5132375851189812
0.26332393776587976	0.40824916082397394	0.3284269014101464
0.02298399688234809	0.4822517703042677	0.49476423281338433
0.2365818597770757	0.67454623458005	0.0888719056428744
0.28297628364963084	0.34648282504710365	0.3705408913032656
0.09665734228554723	0.8277568882411495	0.07558576947330342
0.5572483098173899	0.3534760861137952	0.08927560406881499
0.2579373206813836	0.5309587060697546	0.2111039732488619
0.3156091795995788	0.22367530729824292	0.46071551310217834
0.4343924545218198	0.33005564095713263	0.23555190452104766
0.29448811953349957	0.21475274953964613	0.4907591309268544
0.20431265096796483	0.3680162866091252	0.4276710624229101
0.42757492298242267	0.2291580790426485	0.343266997974929
0.22275898283564843	0.7059759523712041	0.07126506479314754
0.6478458142315899	0.07445546039078199	0.2776987253776282
0.13494220548844374	0.582235411450645	0.2828223830609115
0.07743560172539776	0.45260382566134916	0.4699605726132532
0.15857490732376012	0.022509346437311117	0.8189157462389289
0.13085159977941563	0.44446040835586853	0.42468799186471595
0.7820069122122065	0.062486580630639	0.15550650715715458
0.447423017135674	0.016371004739477446	0.5362059781248487
0.15566588320404856	0.4981191653178153	0.3462149514781362
0.04173176835563147	0.31429039809860654	0.6439778335457621
0.21352664497769824	0.5776658430176675	0.2088075120046342
0.3662907805393956	0.4858348165267051	0.14787440293389942
0.2260656933562925	0.3366552523793787	0.4372790542643289
0.8138471308468043	0.10354255618188551	0.08261031297131033
0.6059012109840919	0.17946777847358175	0.21463101054232647
0.4404766137922268	0.40219796741888364	0.1573254187888897
0.41725318922337185	0.0454328440662462	0.5373139667103821
0.3401752553547902	0.11659045188406286	0.5432342927611471
0.39508726940506295	0.20063763258146092	0.4042750980134763
0.32139095483252955	0.10153174199318057	0.57707730317429
0.14703744138017488	0.47462661867422584	0.3783359399455994
0.14205022881412777	0.6732264581226513	0.1847233130632212
0.34979177038043585	0.5897891021751508	0.06041912744441347
0.1461614246889889	0.0662685806869554	0.7875699946240557
0.39930662607719547	0.4588497940146667	0.14184357990813795
0.31882229458538147	0.6322547059208087	0.04892299949380996
0.04393523186252979	0.715792809643042	0.24027195849442826
0.14563086730590602	0.5875781822352932	0.26679095045880086
0.04420288660021682	0.19553393611912895	0.7602631772806544
0.18515387858952137	0.5856319637115697	0.22921415769890907
0.7934536554845676	0.14421649516370044	0.062329849351732025
0.3924388985066498	0.5015096556428071	0.10605144585054321
0.190866797913081	0.3016097288018505	0.5075234732850686
0.4359464102743922	0.20728042292457474	0.3567731668010331
0.5103057678077181	0.3083444327332258	0.18134979945905616
0.0886088652604384	0.07896115607167875	0.8324299786678829
0.3526990698958957	0.5646187966662073	0.0826821334378971
0.25510877248110364	0.47715381883286795	0.2677374086860285
0.5240810695724264	0.4723576827281945	0.003561247699379211
0.2947869646448516	0.45289423509642734	0.25231880025872117
0.2912066877059562	0.213891738966974	0.4949015733270699
0.33546544337492046	0.4013626986706965	0.26317185795438314
0.07033093451088107	0.55731859372763	0.372350471761489
0.007759380894591661	0.5996220717581164	0.392618547347292
0.15662852426928853	0.7062216286932189	0.13714984703749264
0.34099408081912524	0.15994776702932217	0.4990581521515527
0.1287606495171842	0.8637605736984691	0.00747877678434683
0.22786885213334407	0.1840903096728835	0.5880408381937725
0.017113643845289905	0.18466836743396706	0.7982179887207432
0.5975662739373879	0.13572179574694263	0.26671193031566953
0.5084304044091572	0.04418808288688458	0.4473815127039583
0.16894170159589317	0.5599091313977257	0.27114916700638125
0.6145824969420568	0.15530044151207525	0.23011706154586806
0.033831448742101866	0.21661836185057481	0.7495501894073234
0.0028908736505918187	0.13709689422716487	0.8600122321222434
0.35973832490125635	0.5731348433732067	0.06712683172553702
0.020180951540507586	0.38505911034168927	0.5947599381178033
0.6176112095979712	0.1987729167042997	0.18361587369772922
0.33725286642065827	0.5553093657578796	0.10743776782146225
0.0717641860718699	0.7654688106064322	0.16276700332169797
0.31039396276020687	0.40813600444826675	0.2814700327915265
0.456004267341635	0.007643715438202192	0.5363520172201628
0.1782578279506739	0.6654227516862947	0.15631942036303145
0.3884871834436931	0.16975543017387268	0.44175738638243434
0.45314826999070745	0.15611914292798257	0.3907325870813101
0.527995409213498	0.3360360085578993	0.13596858222860286
0.6099819572812588	0.08050533549652872	0.30951270722221264
0.1102082043784412	0.6492856814215668	0.24050611419999207
0.6510967822596265	0.33271260493578336	0.01619061280459011
0.4849701801072406	0.17685570477334672	0.3381741151194128
0.1246636776349101	0.49582369302567575	0.3795126293394143
0.042421684106235535	0.5088334140337891	0.44874490185997545
0.4480871286834588	0.11276986847094203	0.43914300284559926
0.27138964302332963	0.45274015720317706	0.2758701997734935
0.1945544833936804	0.24388068328287746	0.5615648333234422
0.17807138614834997	0.3814426071937075	0.44048600665794263
0.07289856373125453	0.07462368316794077	0.8524777531008049
0.19272212289141286	0.3541516389243724	0.4531262381842148
0.12338492742715185	0.06725585381439803	0.8093592187584502
0.14537877588951437	0.7660307776296452	0.08859044648084047
0.23080422413766227	0.42410467780231453	0.3450910980600233
0.6897320063219178	0.25343167435544617	0.056836319322636164
0.009297590909131626	0.3109080683704197	0.6797943407204489
0.10456151433041999	0.8537131219517048	0.041725363717875275
0.40429227797785666	0.5240627680402377	0.07164495398190573
0.24577211628159307	0.009413611345710005	0.7448142723726969
0.1969164626787259	0.1688305648928511	0.6342529724284232
0.5487844081312111	0.03267573480021446	0.41853985706857455
0.2549747344828863	0.16883064593012662	0.5761946195869871
0.7034097735527245	0.011884683846921928	0.28470554260035363
0.6491421735561218	0.08118946692840606	0.2696683595154723
0.3723816648562718	0.1477716967851771	0.47984663835855124
0.018124054357636976	0.7143828041680294	0.2674931414743338
0.5097762467682767	0.20478910377387316	0.28543464945785024
0.17343187197583299	0.4754218339977331	0.35114629402643405
0.11139153781537786	0.08889443810333264	0.7997140240812897
0.07856937416429977	0.15348309715994163	0.7679475286757588
0.3576716132671409	0.04016170472225711	0.602166682010602
0.4843615841908422	0.05346832585108213	0.46217008995807574
0.19210041513705375	0.574299338447752	0.23360024641519433
0.07661437067109134	0.030426859049114463	0.8929587702797943
0.4012502637187557	0.3019295792167942	0.2968201570644502
0.24088270272057893	0.40385042375666574	0.35526687352275543
0.42302436098222657	0.20157517739782238	0.37540046161995116
0.09109012547678894	0.10048696763898105	0.8084229068842301
0.6964783491314586	0.0526069868612552	0.2509146640072864
0.20334325490743083	0.4452805023645153	0.351376242728054
0.30532430511682246	0.39487195661225094	0.2998037382709267
0.014101746627282807	0.7327374406920908	0.2531608126806266
0.12915971641195273	0.38675359041561935	0.48408669317242803
0.40702065628587303	0.42345882934042073	0.16952051437370635
0.0914555672129343	0.11540598173073491	0.7931384510563309
0.19986703483576357	0.6999643395896191	0.10016862557461748
0.806265869966676	0.06434322989160407	0.12939090014171994
0.3343390884217387	0.41582355502529206	0.24983735655296935
0.020663686102868062	0.6990615193425096	0.2802747945546224
0.7022275599109036	0.09861932590390246	0.1991531141851941
0.21100073529654453	0.44300451615983477	0.34599474854362083
0.4855573688598821	0.1341239548218507	0.3803186763182674
0.7782193270979927	0.0762312333235593	0.14554943957844818
0.3217212874679954	0.6305245758395235	0.04775413669248113
0.10341864895264721	0.012780452998584768	0.8838008980487682
0.11005746015388052	0.7486089765083426	0.14133356333777702
0.5483304985307411	0.2127164984043371	0.23895300306492195
0.09741801005731981	0.8257095132843797	0.0768724766583006
0.6229708736455963	0.03651270677727925	0.34051641957712453
0.431430307241311	0.11296647596793452	0.4556032167907546
0.3845155004321278	0.5340129673530009	0.08147153221487147
0.007313010687159671	0.25871738158299	0.7339696077298504
0.11688426499640853	0.36100762651894025	0.5221081084846514
0.5872910328905478	0.15238577159657454	0.26032319551287775
0.03387789888699666	0.1255600651689346	0.8405620359440689
0.29690654636169805	0.13413113112391342	0.5689623225143887
0.021005793118693994	0.6324570221786413	0.3465371847026648
0.15863275734820942	0.6708036993630886	0.17056354328870216
0.7704560811282537	0.08331698128951237	0.14622693758223407
0.34849147404493513	0.14561328303771987	0.5058952429173451
0.08433012035771126	0.40546166034532916	0.5102082192969597
0.03732269915144554	0.8244345350487134	0.13824276579984118
0.27871534593471986	0.2905773870161743	0.43070726704910595
0.6308731090669523	0.3389213067424304	0.030205584190617474
0.01585085990650903	0.49898505656991937	0.48516408352357177
0.2986101544882612	0.2118810484449999	0.489508797066739
0.21127082793959043	0.5429807292841234	0.2457484427762862
0.6232114888483938	0.13701560878929658	0.23977290236230964
0.059029937148022404	0.586919027100733	0.3540510357512448
0.4616424212117133	0.13770684484991114	0.40065073393837564
0.9160614033339921	0.038804650381565664	0.04513394628444234
0.15031220125335482	0.28052512356389225	0.5691626751827531
0.4944731489706325	0.2206692052662515	0.2848576457631161
0.14454432298471778	0.5336939646536949	0.3217617123615874
0.17114469463769266	0.14173152394682942	0.687123781415478
0.048872313055117966	0.2848909780371261	0.666236708907756
0.6093249989597177	0.05510161843744921	0.3355733826028332
0.8140900885257764	0.17092263453672596	0.014987276937497795
0.14495738441390943	0.8338045129549124	0.021238102631178202
0.03685987159823284	0.5135386344960281	0.4496014939057392
0.6901858915668311	0.11713842420634385	0.19267568422682518
0.31531333230646436	0.04805534248675025	0.6366313252067854
0.4168454192819461	0.48439796711205596	0.09875661360599805
0.2545628756024813	0.4723825854708439	0.2730545389266749
0.3198478631713205	0.008309966898698617	0.671842169929981
0.5226258403221185	0.2145253904595491	0.26284876921833256
0.045794429018474136	0.7834774804750817	0.1707280905064442
0.042102585985919316	0.46269858873017833	0.4951988252839026
0.30775452339553516	0.4378264235750752	0.25441905302938983
0.10130159282677834	0.27257057068311347	0.6261278364901084
0.3482573012658613	0.12906405753193223	0.5226786412022065
0.632126775581004	0.1790565702677446	0.18881665415125137
0.2863008505055957	0.5043623092345173	0.2093368402598871
0.6141468979741451	0.3170282842338152	0.06882481779203975
0.46492921664488224	0.4552955883384328	0.07977519501668506
0.42543768692068046	0.2600234027676265	0.3145389103116931
0.43279909212360046	0.19197303100589197	0.3752278768705077
0.20194994759333373	0.6713867966660729	0.1266632557405935
0.08164935593748524	0.9147611425763033	0.0035895014862116215
0.324301420672481	0.09121723132187759	0.5844813480056414
0.10566266797956692	0.8320198055493778	0.06231752647105532
0.46775436871607584	0.31290320187685	0.21934242940707427
0.501896957579882	0.07760409819460695	0.42049894422551126
0.036202614147849144	0.2147777718175174	0.7490196140346337
0.43619152659258054	0.27913912292809906	0.2846693504793205
0.4425033850388785	0.22692404079708717	0.3305725741640344
0.3220029744679749	0.45411075510989063	0.2238862704221346
0.07162750432377796	0.06309749801686931	0.8652749976593529
0.03928071506633707	0.07760377561602039	0.8831155093176427
0.6769591067398387	0.14012210598264077	0.18291878727752067
0.12195351023639772	0.5639760422554978	0.31407044750810464
0.7596455677746103	0.041638138456616514	0.19871629376877323
0.3487905221454339	0.2605936631813812	0.390615814673185
0.3461153972818843	0.5613352124187951	0.09254939029932066
0.5173872830977635	0.005557289230669338	0.4770554276715672
0.34213705800428107	0.04282895951054544	0.6150339824851736
0.39409622803510597	0.40503406440857004	0.20086970755632413
0.7199793164205772	0.08929709246558923	0.19072359111383363
0.774729887490102	0.14161964369065194	0.08365046881924612
0.42376585781490195	0.5732357880707726	0.0029983541143255854
0.8794925277849456	0.013903374122889833	0.10660409809216459
0.4815029275275836	0.36961038252407885	0.14888668994833765
0.07181803655857055	0.2151897827702868	0.7129921806711428
0.10152315098614648	0.7249285360581424	0.17354831295571116
0.7460285135324772	0.21117895923053903	0.04279252723698379
0.45122195182201663	0.4217931377750978	0.12698491040288568
0.07515554475044278	0.3726174304644374	0.55222702478512
0.29238021934163094	0.631439573944625	0.07618020671374415
0.4737498683536614	0.4069368993404109	0.11931323230592783
0.49565273183948183	0.48307372232233237	0.021273545838185914
0.11696040118422682	0.7208931362433616	0.16214646257241172
0.23468035639787352	0.13276483626162328	0.6325548073405034
0.010781689676357953	0.24965267793505325	0.739565632388589
0.48898593783728905	0.4997388897931042	0.011275172369606845
0.16072085532906494	0.10425125370624205	0.7350278909646931
0.05029867820843381	0.11881677210431701	0.8308845496872493
0.4382676900819804	0.4115274002665503	0.15020490965146932
0.02266571760574887	0.39733349460518014	0.5800007877890712
0.33865670315148105	0.09551420442565023	0.5658290924228688
0.25064117195030444	0.3959605698578158	0.35339825819187987
0.21553618263004132	0.7131030411614303	0.07136077620852854
0.0905755390171763	0.5633658237269933	0.3460586372558305
0.0882164567209342	0.18092753859964625	0.7308560046794197
0.4853461474856302	0.14948443433605868	0.3651694181783112
0.36158903036475143	0.5029969042869102	0.13541406534833839
0.08808613930864545	0.7938620397834196	0.11805182090793503
0.28270532636300916	0.06535559378647948	0.6519390798505115
0.35422368646997904	0.25189108865694804	0.393885224873073
0.19821048609575237	0.4993646684897485	0.3024248454144992
0.08842895868698286	0.796441399795366	0.11512964151765126
0.20646051135551932	0.29105102970201974	0.5024884589424611
0.5626562304343785	0.3133417126903781	0.12400205687524349
0.5720426098261756	0.3024366335951598	0.1255207565786647
0.41969633099846815	0.12027967208730062	0.46002399691423135
0.11405321539390517	0.5640447661122904	0.3219020184938045
0.31080429193288306	0.6117870076116484	0.07740870045546872
0.5077704386891991	0.17994218961874317	0.3122873716920578
0.011865623125987101	0.5479308980740045	0.44020347880000843
0.4104546275582004	0.08911103961694783	0.500434332824852
0.21814481447183479	0.5126222883770015	0.2692328971511639
0.03411228484351736	0.6831630841495993	0.2827246310068835
0.4110643834274584	0.565154643412237	0.02378097316030464
0.28167557845837055	0.4559692379642415	0.262355183577388
0.18466085611711022	0.31434497944394063	0.5009941644389493
0.3575581178257859	0.052275540524190756	0.5901663416500235
0.39958196142657587	0.1798663996257632	0.42055163894766107
0.12164251205063123	0.019482220001202144	0.8588752679481667
0.26333024660434656	0.4672230639497309	0.26944668944592265
0.13473590407749042	0.1438352322869882	0.7214288636355215
0.39176105560152374	0.3852621964501958	0.22297674794828054
0.7722501581388097	0.06948003089189903	0.15826981096929144
0.012117252457970795	0.5794898178015442	0.40839292974048524
0.5039393046728882	0.17027558809820528	0.3257851072289067
0.4677403955416153	0.06401936483310461	0.4682402396252803
0.5291902371706618	0.06847157823890487	0.40233818459043336
0.42328325628473334	0.10164217157144556	0.4750745721438212
0.13287051075892964	0.3947969133252907	0.4723325759157798
0.33338007794824487	0.15659837776370236	0.5100215442880529
0.07778684652953527	0.8292652163304027	0.09294793714006216
0.11746025809615401	0.22236768838084744	0.6601720535229987
0.0081000671523907	0.2534717674936559	0.7384281653539535
0.25627993368095603	0.5778274299746493	0.16589263634439483
0.11015384807433204	0.45611866376659627	0.4337274881590718
0.10902982030516323	0.43864543125740535	0.45232474843743153
0.38659006264078544	0.12114433650662976	0.492265600852585
0.366729985580908	0.121692707621911	0.511577306797181
0.23261140964141258	0.03331257475561389	0.7340760156029735
0.28590828587421474	0.5422590026472285	0.1718327114785569
0.3983049885415993	0.30385493427272103	0.2978400771856798
0.3276296646890964	0.4166770408855322	0.25569329442537153
0.5527282555372826	0.20060868381823818	0.2466630606444793
0.31730798830875157	0.3788098298728386	0.3038821818184099
0.44149030230408187	0.14824972800721634	0.41025996968870193
0.39577443840237914	0.38644114896904713	0.21778441262857381
0.10934968362269387	0.24364586251490328	0.6470044538624029
0.7287459116719743	0.2319308979967596	0.039323190331266134
0.4448617394468063	0.03531306922562538	0.5198251913275684
0.134991951074867	0.24272538247649944	0.6222826664486336
0.15287493545082154	0.3702412193021221	0.47688384524705646
0.5110284165626948	0.19121538106702057	0.29775620237028466
0.5635962141069258	0.32910586178229506	0.10729792411077924
0.5680927187887292	0.03754311365207208	0.39436416755919873
0.5305049518093881	0.2617659295812248	0.20772911860938725
0.6782784640728896	0.09118414885878379	0.23053738706832672
0.25168045582017495	0.4717627480038429	0.2765567961759823
0.42389863461617483	0.3043353407436971	0.2717660246401281
0.32537486010794625	0.6052677219897042	0.06935741790234956
0.11887115356020139	0.7048650650979976	0.1762637813418011
0.05818545911654699	0.24646167911541955	0.6953528617680336
0.22557900347351634	0.020887491868107122	0.7535335046583767
0.08002307368593486	0.5353549090576086	0.3846220172564567
0.4574972562373053	0.4654095708669609	0.07709317289573392
0.4257249941245633	0.06054991107634772	0.513725094799089
0.08177187758263438	0.2438822307918352	0.6743458916255305
0.6607003774543241	0.1335756831654054	0.2057239393802705
0.10193130190837457	0.2984836758750687	0.5995850222165569
0.5404705425117533	0.36081254454962625	0.09871691293862048
0.14616732545377403	0.7638425656610153	0.08999010888521075
0.4966569578807486	0.4645862314295221	0.03875681068972936
0.40341433939207494	0.29703350942309986	0.29955215118482537
0.23523889728256683	0.4482204216503941	0.31654068106703914
0.4493098004918717	0.010797718554025615	0.5398924809541028
0.0775752998977074	0.06239461802058366	0.8600300820817091
0.29191296886959117	0.6428153604311734	0.06527167069923562
0.22659735761553446	0.5712219029306845	0.20218073945378112
0.6059440223327963	0.2301787666123735	0.16387721105483033
0.5527708135598308	0.2671290358936895	0.18010015054647976
0.7934600702515526	0.09022962976574894	0.11631029998269843
0.2285662282678947	0.125768221821886	0.6456655499102194
0.04902786706131229	0.7273432292638866	0.2236289036748013
0.5012198684258774	0.44626429720117905	0.05251583437294366
0.13271667977443655	0.18242855598796232	0.6848547642376013
0.098424451247932	0.3508498489711589	0.5507256997809091
0.5418595068643519	0.011456470396173979	0.44668402273947416
0.08740123884889975	0.23320111609603958	0.6793976450550607
0.15126936478093944	0.4524335309733904	0.3962971042456703
0.0633144471356355	0.7566716725252576	0.18001388033910704
0.5350600599303907	0.20196855466672645	0.26297138540288295
0.22361256359938636	0.10079871304362231	0.6755887233569915
0.07630331787081573	0.22652340128976617	0.6971732808394182
0.4029861592617165	0.24642649029854002	0.3505873504397436
0.1321440395054289	0.8028897135540825	0.06496624694048869
0.014324829748735723	0.5671265067840798	0.4185486634671845
0.6635929967981313	0.2772307350059868	0.059176268195881954
0.23706349901666907	0.5200866897717112	0.24284981121161983
0.3151132046088916	0.4691238928798553	0.21576290251125324
0.8924137686767303	0.02761082484063354	0.07997540648263624
0.6453225002265743	0.30710071345925805	0.047576786314167674
0.4598087788677409	0.050094760325423315	0.49009646080683583
0.4446058675259998	0.37376770308757357	0.18162642938642676
0.18356499940442939	0.3579406941942377	0.4584943064013331
0.21419008831187267	0.39137740495544154	0.39443250673268593
0.319900159848094	0.376593771778212	0.3035060683736941
0.5814933124874164	0.03526709103237591	0.3832395964802078
0.5299626977057834	0.1965043285890189	0.2735329737051978
0.29335944166090455	0.2637498813517753	0.44289067698732026
0.11124177167215754	0.43605471114305727	0.4527035171847853
0.756706770235996	0.22967509109189363	0.01361813867211048
0.49884382498914637	0.037304135492775115	0.4638520395180787
0.14711441440387277	0.23889134372511756	0.6139942418710098
0.154401697699902	0.7586660418004996	0.08693226049959857
0.38741307764681443	0.10029432044285927	0.5122926019103264
0.06994509273302807	0.41267010242337354	0.5173848048435985
0.6354698642935241	0.30810622928856296	0.05642390641791295
0.010217010893536271	0.8971671739768531	0.09261581512961076
0.31566715297717307	0.30065841961562134	0.3836744274072057
0.7622418712267098	0.18970151623487494	0.04805661253841531
0.49613041425325394	0.14775700654398796	0.3561125792027582
0.7973752813084629	0.04636641127936164	0.1562583074121756
0.3781102676111796	0.0361118135254872	0.5857779188633333
0.09358631788671798	0.6720650181314873	0.23434866398179488
0.3114714255764883	0.6667757492671751	0.021752825156336697
0.6812506332801238	0.24761010132824832	0.07113926539162796
0.2268992464508917	0.45023449786747133	0.32286625568163707
0.3889673731088654	0.1992069080074839	0.41182571888365077
0.27327311095190454	0.5199271915721095	0.20679969747598598
0.06356873902279947	0.062184890240559176	0.8742463707366415
0.6820945669888913	0.30081631497407985	0.01708911803702895
0.657875912519087	0.015229671019165558	0.3268944164617476
0.7860418068846583	0.16418433515506048	0.049773857960281276
0.18317284666447237	0.5601690895172432	0.2566580638182846
0.23138909073932012	0.2996511554862756	0.46895975377440435
0.1633230904828334	0.750836523731069	0.0858403857860977
0.4779591804964436	0.2810528251423395	0.24098799436121707
0.28289385007591883	0.6492580118452341	0.06784813807884721
0.8083383923549368	0.029469622171593213	0.1621919854734702
0.1837738917530522	0.7571272415995103	0.05909886664743769
0.3724312061505976	0.15354021032959014	0.47402858351981236
0.37505489599556174	0.07483547613077707	0.5501096278736612
0.5259006201418386	0.34302661274213464	0.1310727671160268
0.08600468574968048	0.24716139603725812	0.6668339182130616
0.03477999984793545	0.4737122325344518	0.49150776761761283
0.10731694101494696	0.3948181650540862	0.497864893930967
0.8576298693529996	0.13706655587515357	0.005303574771847008
0.46995977671757794	0.3806849368144148	0.14935528646800733
0.5158248539547522	0.1715654045698786	0.31260974147536935
0.06917469825703382	0.6444674572564983	0.28635784448646795
0.27326178437332344	0.11718235471515875	0.6095558609115179
0.07242388190622873	0.09269278277279072	0.8348833353209807
0.15091770039295688	0.6258795100873638	0.2232027895196796
0.12246619372486706	0.7446437838698117	0.13289002240532133
0.49463348758295267	0.0509103104033764	0.45445620201367104
0.05859175602129679	0.8532083103168097	0.08819993366189363
0.567276382541271	0.2897690592076224	0.14295455825110676
0.6675731020425558	0.22957081874905708	0.10285607920838719
0.07825180879710891	0.3868359622188945	0.5349122289839967
0.18045042501139846	0.08464544558625542	0.7349041294023463
0.2215833330097991	0.12793474258955112	0.6504819244006499
0.34290911465741913	0.4758882383555364	0.18120264698704452
0.014842388527453454	0.4717487231573394	0.5134088883152073
0.4048025621846287	0.11895134901336979	0.47624608880200164
0.3477876986279553	0.5590403642611903	0.09317193711085453
0.6504605870498044	0.3095431629183403	0.03999625003185542
0.15047328450894965	0.18440326455566705	0.6651234509353834
0.11281366822930416	0.1351697003417347	0.7520166314289614
0.2906480863527334	0.16851897679225597	0.5408329368550107
0.13824348291754912	0.37903322675999457	0.4827232903224564
0.23592978091756195	0.1098083068996038	0.6542619121828344
0.46343741522481363	0.3567649731786128	0.17979761159657368
0.13428350717881415	0.49080387767656747	0.37491261514461854
0.31751786187473585	0.053229067434791166	0.6292530706904731
0.3281614217473745	0.14847997975238814	0.5233585985002375
0.6065893856663584	0.3651173005404762	0.02829331379316552
0.10391369607426432	0.8124878809310876	0.08359842299464826
0.39698378578455484	0.21794610570491088	0.3850701085105344
0.19953381794588826	0.7609584233488564	0.039507758705255525
0.7177700140618731	0.03740533570411436	0.24482465023401256
0.051152176106320446	0.05400484233912206	0.8948429815545577
0.0335835942742993	0.2927755562387314	0.6736408494869695
0.3622609350774586	0.3485883650858293	0.28915069983671227
0.622881977616992	0.16905322010707288	0.20806480227593516
0.05841907808210467	0.014351291255275456	0.92722963066262
0.40229298956420384	0.4107380844261296	0.18696892600966666
0.17041701897041908	0.0955326398678818	0.7340503411616993
0.28341079881403897	0.4747725748545727	0.2418166263313884
0.3068049341757848	0.4696006192946201	0.2235944465295952
0.2355760004257912	0.5160992014630564	0.2483247981111525
0.20437925813355629	0.18323297076712447	0.6123877710993193
0.4226153847697107	0.5051783036640985	0.07220631156619078
0.65257102709254	0.07047176427458601	0.27695720863287404
0.21492338661910715	0.27540667913532874	0.5096699342455642
0.5116607080236133	0.37694937827978015	0.11138991369660661
0.13527020177024573	0.7181309857350313	0.14659881249472317
0.1657034229264909	0.20040162936257905	0.6338949477109301
0.5720144916892965	0.09342859748666235	0.3345569108240412
0.008493449467054326	0.18797290887215284	0.803533641660793
0.3196470786141836	0.2127705855426988	0.4675823358431177
0.5519538345620825	0.1183805981570775	0.3296655672808402
0.13864222031465395	0.15674656502754103	0.7046112146578052
0.2067648538756599	0.3316778637196538	0.4615572824046864
0.3186292185417797	0.4914268727181553	0.18994390874006506
0.44527205535601283	0.4411002181914794	0.11362772645250785
0.4367792479896107	0.3497830414635226	0.21343771054686678
0.27314147166669084	0.1495593613672175	0.5772991669660918
0.35105333720612064	0.30409625367840776	0.3448504091154717
0.3409401118075986	0.6163840261906407	0.04267586200176082
0.4595181452433895	0.028938091798265453	0.5115437629583451
0.01724828969898523	0.4725296453276202	0.5102220649733946
0.6959122429144009	0.27254042371168935	0.03154733337390986
0.32188539243494896	0.16497644834487368	0.5131381592201775
0.05488358324439979	0.5574590835254843	0.38765733323011603
0.14892801180789447	0.7808199912197646	0.07025199697234097
0.2758861316170761	0.17671256775403882	0.5474013006288851
0.07410069262625368	0.2613259735077083	0.6645733338660381
0.11223595015802207	0.3694142205314572	0.5183498293105209
0.5131804110132369	0.39759361751100125	0.089225971475762
0.26897426280693826	0.3544380078627526	0.37658772933030926
0.567996150588884	0.30084719792759446	0.13115665148352165
0.09124189466588584	0.6896438539406112	0.21911425139350305
0.283633361679716	0.03917431403555649	0.6771923242847276
0.32841068100743304	0.3855290490224996	0.28606026997006745
0.2762263676434009	0.32550148946649765	0.3982721428901016
0.051962171047266026	0.7356185725420452	0.21241925641068893
0.3321713803276515	0.5131251410733991	0.15470347859894945
0.4644670769726047	0.27305734968904494	0.2624755733383505
0.2839700046272456	0.16036794029361803	0.5556620550791365
0.2570861931473955	0.059519675608000366	0.6833941312446042
0.23463224553453738	0.7302710602558313	0.03509669420963135
0.9518242490118726	0.04109273607510361	0.007083014913023877
0.13276841607233258	0.34768038152584513	0.5195512024018224
0.5722181205730997	0.16334313819596502	0.26443874123093536
0.7384527057745768	0.106815272433187	0.15473202179223627
0.15330400813337228	0.689538268413165	0.1571577234534629
0.268214261211909	0.5842891650885012	0.14749657369959002
0.891714875351446	0.0548248557965042	0.05346026885204991
0.10044259519305493	0.8106534719652203	0.08890393284172488
0.4700648706014081	0.20254885678620804	0.327386272612384
0.3846813899489229	0.3729101241899593	0.2424084858611179
0.3209270673654273	0.08946370139291981	0.589609231241653
0.1617988891325951	0.36837369501409856	0.46982741585330645
0.10656150341225798	0.8801734501243241	0.013265046463418029
0.08263175846235771	0.19236504362400805	0.7250031979136344
0.019401756191424924	0.4826197035222073	0.49797854028636795
0.05218859065770132	0.3045687895646722	0.6432426197776266
0.35255184826296804	0.113254081144187	0.5341940705928451
0.43931833770326095	0.5287984926318656	0.03188316966487359
0.45317067782868836	0.2991506415430958	0.24767868062821596
0.3497787470371478	0.18178060425513864	0.46844064870771374
0.06057960260365569	0.47459835053399424	0.4648220468623503
0.05233186766465647	0.44715886498209784	0.5005092673532459
0.07079158732164348	0.1192651195954737	0.8099432930828829
0.5585976590682895	0.1982698959442635	0.24313244498744713
0.35125482861162344	0.28873257545913833	0.3600125959292383
0.24079647152155764	0.04313010890130664	0.7160734195771358
0.009702784904896511	0.7143080007654861	0.2759892143296177
0.1370448995617703	0.26019143597147953	0.6027636644667502
0.44468442915369144	0.30741086571794746	0.24790470512836116
0.067618871057333	0.8579655681729743	0.07441556076969286
0.18643917910590002	0.3273192286346657	0.4862415922594344
0.4849603269879118	0.16173002582195467	0.35330964719013364
0.12201135880632688	0.7920343991394112	0.08595424205426197
0.5238641129899231	0.3487520186722011	0.1273838683378759
0.4304068346998813	0.41702973104816604	0.15256343425195276
0.3747671504541354	0.1958473458981716	0.4293855036476931
0.15568744318072553	0.60195717651507	0.2423553803042046
0.06092632968171946	0.6488184071628136	0.2902552631554672
0.06856914376938422	0.8225706189463069	0.10886023728430894
0.2411067584378878	0.4650475339481572	0.2938457076139551
0.5655691191120763	0.15326799442423703	0.28116288646368676
0.6948530003119389	0.2812620278075249	0.0238849718805364
0.10543804115605238	0.5791120363296217	0.315449922514326
0.4175395960025257	0.3773836661899244	0.20507673780755
0.6758995746207496	0.05194840210202656	0.272152023277224
0.5117773505722911	0.38265602061537385	0.10556662881233508
0.5215294128114107	0.24081165684026637	0.23765893034832303
0.10253403482057377	0.5050126740963825	0.3924532910830439
0.12813608928423595	0.003146173111112982	0.8687177376046512
0.23696831293890083	0.06576060091971303	0.6972710861413862
0.20762640507642804	0.2796071636286526	0.5127664312949194
0.3037277063177129	0.4541749331503415	0.24209736053194575
0.11032343997168861	0.24458948349874296	0.6450870765295685
0.13056388264485327	0.0383542013307151	0.8310819160244318
0.10966752674174643	0.8130433186528008	0.07728915460545294
0.1323290571804683	0.20257657614352234	0.6650943666760094
0.10389880526438128	0.08705079691959766	0.8090503978160212
0.5745878859254558	0.16389861875210945	0.26151349532243473
0.6848849871181704	0.061444600641071156	0.2536704122407585
0.5134624087180077	0.04210534447138131	0.44443224681061105
0.27428385086879625	0.12268739838807316	0.6030287507431307
0.5356771253299953	0.2383150703318801	0.2260078043381247
0.13983058789974462	0.3677812291025316	0.4923881829977239
0.6366280875761787	0.21533623636768529	0.1480356760561361
0.17207888274224797	0.4763929386298691	0.35152817862788305
0.11025677936705752	0.609157760143799	0.28058546048914357
0.7060105337564793	0.08013006817718565	0.21385939806633514
0.39039614622139607	0.4784421418935617	0.13116171188504236
0.29377906549059984	0.07869546756344165	0.6275254669459587
0.059075590851260185	0.08438758434679522	0.8565368248019447
0.024449816974618288	0.771035724991274	0.2045144580341079
0.15341914375730092	0.1568355833868959	0.6897452728558033
0.1195017189771797	0.5200977281920843	0.3604005528307361
0.8431679143288983	0.04131861745156162	0.11551346821954028
0.2803469736414961	0.16606860544775795	0.5535844209107461
0.0032674496321069	0.5549170262603293	0.4418155241075639
0.12667828388050045	0.5559139423190171	0.3174077738004826
0.8479933228951854	0.10268222829930981	0.04932444880550485
0.19343454655597256	0.08266733671751864	0.7238981167265088
0.14782483257039225	0.7509468707973441	0.10122829663226376
0.2445833034508743	0.09693094783162531	0.6584857487175004
0.6608076839290522	0.31309892320536536	0.0260933928655826
0.636256025079634	0.2713477767480469	0.09239619817231928
0.030671134971980485	0.46285372018913545	0.5064751448388842
0.46709219403480345	0.14804614492812856	0.3848616610370681
0.6873436115881448	0.11716381457608022	0.19549257383577506
0.24880785662722787	0.5961105742966086	0.15508156907616355
0.4645055649120732	0.17218067796927938	0.36331375711864755
0.2704453038779096	0.12760091903009257	0.6019537770919979
0.38303542579332406	0.30582055950171033	0.3111440147049657
0.533147319436262	0.11530511120390846	0.3515475693598296
0.01277694731262169	0.8391703849895239	0.1480526676978546
0.11062948645225956	0.2156826313573173	0.6736878821904233
0.6533783614927838	0.039922863447944046	0.3066987750592722
0.03903416352266831	0.5921648424502266	0.36880099402710526
0.4389740537277804	0.39265277894225015	0.16837316732996954
0.8561016484459852	0.059829908610953664	0.08406844294306112
0.2595840018636387	0.545904456083606	0.19451154205275534
0.3848442500080481	0.561998872742576	0.05315687724937607
0.5832803741618184	0.027667596923559135	0.38905202891462254
0.013778395081166461	0.8178130137603398	0.16840859115849388
0.38685948415579285	0.33593078118356173	0.2772097346606455
0.4553873477261425	0.5088704648356028	0.0357421874382548
0.3557823437027758	0.24128745533561652	0.4029302009616078
0.5262774245048149	0.11813722581265337	0.35558534968253186
0.06067684936878481	0.581681323700352	0.3576418269308634
0.11668967222964752	0.5464031591358014	0.3369071686345513
0.36117104321864946	0.11842884336924683	0.5204001134121039
0.5913313564079923	0.24393670598153475	0.16473193761047308
0.5431067152776952	0.37648111543129653	0.08041216929100842
0.24598488372205513	0.38608532170364057	0.36792979457430447
0.20934076079034553	0.6106531253763041	0.18000611383335055
0.06654882243319338	0.7678783462385872	0.1655728313282196
0.4709021529831491	0.11665535932172136	0.4124424876951297
0.37910676693452355	0.2806985532500224	0.34019467981545415
0.4741489004892898	0.40088834591319766	0.12496275359751263
0.11984387103915867	0.36190091164817534	0.5182552173126661
0.7599745129814925	0.15655294832519911	0.0834725386933084
0.3300222067980203	0.4731756156513622	0.19680217755061763
0.009042229971886362	0.5697964650218759	0.42116130500623783
0.287618765082721	0.3282158642155415	0.3841653707017376
0.16763861282182346	0.8049853404242967	0.02737604675387989
0.1530185298395479	0.4796782837878317	0.36730318637262055
0.2607129187738174	0.35412380438017915	0.38516327684600354
0.33081439101112975	0.14889890798372293	0.5202867010051475
0.4120974957383472	0.27981602260884225	0.3080864816528106
0.3919007587702795	0.41436450308609774	0.19373473814362283
0.3609256896870947	0.1036521510842949	0.5354221592286105
0.5289192767624069	0.45352027424466884	0.01756044899292436
0.1636339864361965	0.7980591049279617	0.03830690863584185
0.3791640373264211	0.4196881913632905	0.20114777131028852
0.1547264373252023	0.26662574363775043	0.5786478190370474
0.08046218468035621	0.21567231423316072	0.7038655010864833
0.7236359752231933	0.1809786469475449	0.09538537782926185
0.08496759152296027	0.7748629535821092	0.14016945489493063
0.6706031668467689	0.32362756297963424	0.005769270173596908
0.18297141563972222	0.6171346203126323	0.1998939640476456
0.09695360348214349	0.20377256570842855	0.6992738308094281
0.36118666787802167	0.4918344310570677	0.14697890106491074
0.016535620454495248	0.6143076868346026	0.36915669271090235
0.6293246876702892	0.12022787278703093	0.25044743954267995
0.20473728824116372	0.7121784561816646	0.0830842555771718
0.026081610238652908	0.08381738472990907	0.8901010050314381
0.006458865746930942	0.09325891395117525	0.900282220301894
0.3696901858844857	0.006613571562032683	0.6236962425534818
0.3108057962658861	0.17070303075178572	0.5184911729823283
0.19321777471300502	0.28406549670441483	0.5227167285825802
0.38555168021965713	0.5816665651705366	0.032781754609806424
0.18805003608376752	0.17203976558561596	0.6399101983306166
0.03715484381935463	0.4670523353525241	0.49579282082812137
0.1493760556893599	0.7317485571118334	0.11887538719880683
0.614386800729428	0.23467503731216766	0.15093816195840443
0.34815708976535353	0.6315602069109602	0.020282703323686424
0.6743372312122486	0.09949997951330589	0.22616278927444555
0.8760425540799951	0.00811791073103868	0.11583953518896639
0.17683166829634306	0.10463128932748439	0.7185370423761726
0.6090637407694476	0.04592514562685596	0.3450111136036966
0.39953965589329565	0.009574370290514833	0.5908859738161897
0.002394450756350419	0.47555134949054473	0.522054199753105
0.2969209631234321	0.6249320416884725	0.07814699518809554
0.5305833500293147	0.2630270035748672	0.2063896463958182
0.2378505191931306	0.519454728596209	0.24269475221066059
0.3607867573348938	0.3308720523870071	0.3083411902780992
0.5326982846180349	0.07895839347066841	0.3883433219112967
0.31231365713997206	0.06541638780863207	0.6222699550513959
0.8525313393557644	0.08551272465769569	0.06195593598654009
0.23800747841612602	0.7481434884121789	0.013849033171695224
0.2832724758639199	0.3573127654263005	0.3594147587097797
0.35194268516911786	0.1285978683822258	0.5194594464486564
0.12029587301120984	0.2342563519701644	0.6454477750186258
0.18148000976364825	0.6116927928135022	0.2068271974228496
0.8399299314828789	0.1008353524443571	0.05923471607276409
0.3614225578951416	0.22270012855415713	0.41587731355070134
0.3291189032784602	0.4545041347805294	0.21637696194101047
0.17965826783344688	0.06625769961180572	0.7540840325547475
0.26800914065443393	0.5166414133344073	0.21534944601115888
0.24373109947654475	0.13108579213178223	0.6251831083916731
0.7926315247447582	0.1874067199981883	0.019961755257053515
