0.00514524006579925	0.10403328403475379	0.1231047047302217	0.14916888895700942	0.09113567229005888	0.16026279542762334	0.08562400672118818	0.05523137252056956	0.025276733844640437	0.2010173014081355
0.008544890965189358	0.09569606933524967	0.14826487607004962	0.12312998290426425	0.07590426041118647	0.19803316230246185	0.08063964391010722	0.0362509937862059	0.04087720649422846	0.1926589138210572
0.006781293266180058	0.1350616065520206	0.11958345943292657	0.14337827821275761	0.08136127423399628	0.1770675591489712	0.06574016069141153	0.05136525500500311	0.021853346527539855	0.19780776692919322
0.009302625686599869	0.11448199710371663	0.12367889479790409	0.15824530201291748	0.10050556424396671	0.19170093468768337	0.0732847266484931	0.04464757560510785	0.019008772314573555	0.16514360689903734
0.008075393697967212	0.09598178565429867	0.16112300227719842	0.125896194459018	0.08486601583040838	0.17808642275262426	0.06135440589817652	0.04915292362383992	0.02262587861331218	0.2128379771931564
0.01143329435160624	0.05103535942120353	0.14975528500969484	0.13630266596675375	0.08177559231896728	0.19508318847003914	0.08596939079373278	0.03800037239722041	0.041617550711045836	0.20902730055973626
0.014190629520734035	0.13950986744362215	0.13066589601309458	0.12340905851159163	0.08570384762769541	0.1991423218810827	0.08031029454733879	0.03910178654871013	0.02462041333391575	0.16334588457221483
0.014019640848736012	0.14562220757607075	0.14023578197659514	0.1530385116155909	0.07715977170184615	0.17158309962797913	0.06067316174415134	0.05079080370005967	0.02423967413972984	0.16263734706924105
0.013264635959581828	0.07921667842157472	0.1467085717494549	0.137844098710006	0.08744713039022084	0.21026671889625084	0.071284383363133	0.04588757093270553	0.021862010402081924	0.18621820117499047
0.0031552475518087375	0.10015386357042641	0.16518816281313356	0.14969342685004547	0.09625451798746794	0.16117584188267026	0.0751646118842863	0.03283708007781322	0.030128141863716276	0.18624910551863189
0.0048199095476744724	0.12354458127008952	0.1281942863625783	0.14286075120674158	0.08450000671824835	0.1782710675626702	0.06273379934971636	0.05388856515039599	0.028195870381558977	0.19299116245032633
0.0036030029703723737	0.1452292605015138	0.12450427291494476	0.15324443719376704	0.07609172914431965	0.18597888026320222	0.06239791686645679	0.03277830806438915	0.03984647753914581	0.17632571454188845
0.013688089138034973	0.12006351942931442	0.15803766596046434	0.13396036072084902	0.0995671452208021	0.16534362866293717	0.08357774755185754	0.0411663696482746	0.016777443077338763	0.16781803059012715
0.003000788009548852	0.05968848191535701	0.16267111307647383	0.1295159801790364	0.0894499340042728	0.20357453438539513	0.06663205081097409	0.0459464071295275	0.04023497397479059	0.1992857365146239
0.0028766915274460597	0.02358336312218491	0.1377053065443099	0.1457697481222871	0.10413524324065387	0.199933117291685	0.09151222865067937	0.0482155048605158	0.04108987464703065	0.20517892199320736
0.014066291724438781	0.06661227069211766	0.1472303849358472	0.14234780230945634	0.09297627529248384	0.20108959380041114	0.09050640833865625	0.05311369476015114	0.02496984656008104	0.16708743158635664
0.006223652686182787	0.08474336879278593	0.13407160471657367	0.15905994651964694	0.10231733035022848	0.1602100463970169	0.08800121747978563	0.03862189280878895	0.03351646456887626	0.19323447568011448
0.01233087856786777	0.09355178574153705	0.1234083577333246	0.16302744933141372	0.08341049233320426	0.21308030147623577	0.09835401427891742	0.029876073081126733	0.021157332363169884	0.16180331509320287
0.006423386103713916	0.08311781988031257	0.1338358533039268	0.13554371596270537	0.10568013128150097	0.18434788713193268	0.10091197930482027	0.044762244914369434	0.02428455295686381	0.1810924291598542
0.005617649169261205	0.15518770851071395	0.14783737762667074	0.1251359527109574	0.09912415707139458	0.18476370293138505	0.06528090766200292	0.029762029758154132	0.024649018745355203	0.1626414958141048
0.012062321232725243	0.1655864089708125	0.12532040165251004	0.15071128792681882	0.0823508178598909	0.17870388952204322	0.06717741349328478	0.0392843199921385	0.017531506964940866	0.16127163238483516
0.014004767573321406	0.06608602567243366	0.13523036077092848	0.1572115070300559	0.10229749048948628	0.19645721961172113	0.0728658963288385	0.042454299748466116	0.01946690239988487	0.19392553037486365
0.01293836423262991	0.140631614145164	0.13269828835485678	0.13639769819413608	0.09056719477415888	0.1685340390920282	0.0857881100576389	0.03268747561603348	0.029061501467962533	0.17069571406539127
0.012102937277893688	0.09859009475676554	0.1223550601018408	0.15273854221851718	0.08237481360310706	0.19582445154889044	0.06743295112852257	0.043750924423072386	0.03714670999466367	0.1876835149467267
0.0035073308921167723	0.07329415263422723	0.12431907643496277	0.13464271935813307	0.09394088411335368	0.2109574150061142	0.09107232034461243	0.03618386110504557	0.03901104834031052	0.1930711917711238
0.008249761693486568	0.12057174080823087	0.12947577785057024	0.12976527714476188	0.10672181650485528	0.18423572241498115	0.07984197283934351	0.04547770455034469	0.024981019956298547	0.1706792062371273
0.01067770248659948	0.0857116471363961	0.12814578704420204	0.14667062115456164	0.08440693548769698	0.19855638230684358	0.07365343544915252	0.05147186527554688	0.04122599307120056	0.17947963058780025
0.011309993048512282	0.10600406342823089	0.12390925373319459	0.1320377138648273	0.09839001608527687	0.20514361733642383	0.0640119035239556	0.04531108841296389	0.03060219244033817	0.18328015812627663
0.005121701171849319	0.09473658330709812	0.15334337062677272	0.1593156919495463	0.10315213295286602	0.16445057787181822	0.08262287707958323	0.04083817496296678	0.03617284715198203	0.16024604292551725
0.004910850182662338	0.09865172789011444	0.12016027306691324	0.14974874651729855	0.10516864697841848	0.2139544973142123	0.08329483475963287	0.03516957422097003	0.028220311302483564	0.16072053776729428
0.015965734667984413	0.016032216960795515	0.14983207738016485	0.1563739064886479	0.0843124799016497	0.19997285531317005	0.10278889212594422	0.03465692098955102	0.02951052374541159	0.2105543924266808
0.015493842476092284	0.05954056017165545	0.13914991805063812	0.16035084820370626	0.09751168443124202	0.2098046160438982	0.05910992050333545	0.029988816206388352	0.03763261831266018	0.19141717560038374
0.007062015856185058	0.09773585904278931	0.1629903661880066	0.12428762855193569	0.08743256228840293	0.20398672502338122	0.07352854024501715	0.04220701285318105	0.023738849390610856	0.17703044056049017
0.00981651596039397	0.06741211038677192	0.15263459776575874	0.13995662324887181	0.1054035844146272	0.17954085343243814	0.0798701287036706	0.04336096253675785	0.033772285535584964	0.18823233801512484
0.009482035554124593	0.1393232264012047	0.16752318649985493	0.13850583171074574	0.10461212799659592	0.16081225960073625	0.05980143698929395	0.029765441696219266	0.027166959014158526	0.16300749453706617
0.008908755415506273	0.12035338774254961	0.12010033136404094	0.15310749626829703	0.08582959559347209	0.18269531421468066	0.06568871942344133	0.04496452046191027	0.03716606320718793	0.1811858163089139
0.01058200800329008	0.06888197677304835	0.1358054806198381	0.14332791865129985	0.07686903437498982	0.20756262831935057	0.09235147613429029	0.042944030162439494	0.021005483581262377	0.2006699633801911
0.004331647506673489	0.086303321686281	0.12979801776175726	0.13639892380672475	0.08707313311649058	0.19127903907234517	0.07606109992396276	0.05466044051715588	0.02793550002175353	0.2061588765868556
0.005718393566549754	0.08648305766500457	0.15298139541211492	0.1232103396039173	0.07715667692148248	0.1736529986629775	0.10112478489596073	0.04728371212379695	0.03395428056327268	0.19843436058492314
0.010176524237631615	0.15538886619643183	0.1539000283429793	0.12658139340696759	0.09640596364929249	0.1647952287628251	0.059408617537710144	0.050721256088289986	0.016604717999145382	0.16601740377872662
0.014776764399306475	0.04454761725702786	0.16807879587168767	0.13678884473114766	0.09526728712813912	0.21421955245148983	0.09784955989727191	0.03551788456629296	0.03480155141149492	0.1581521422861416
0.003471813563639889	0.06085159531438228	0.1321697301839279	0.15934262011155598	0.08409724069936383	0.1964119685108735	0.07759175455200853	0.049266809957401535	0.038350747516558474	0.1984457195902881
0.014116662870376384	0.09146387321804421	0.14940902106243392	0.12438948674994503	0.08324130533482357	0.192748951232517	0.09236770077832965	0.026250746300848962	0.024636577268118784	0.2013756751845625
0.003037480532754419	0.06969036763163183	0.12191136671260455	0.16398830296196304	0.0784072463702635	0.1972904388525712	0.09016834044399222	0.04203205154042714	0.02974512640834949	0.20372927854544265
0.0050990352498067465	0.015480499435286565	0.1625628943233577	0.16290140836760428	0.1057313218294895	0.17711337020832932	0.07072848757219259	0.0543718786922204	0.02925687398487173	0.2167542303368412
0.008918978109481293	0.08982269583074382	0.13638432513897752	0.1352638593506462	0.0969402611234259	0.19057421665769184	0.07981441935070023	0.04364469476080357	0.037953606767046184	0.18068294291048348
0.00927881211680566	0.04426429091864792	0.14305175902067724	0.15953627586282115	0.08961289767173156	0.2069726711679628	0.09857618853130297	0.03226686964409138	0.026680945191173047	0.18975928987478635
0.012630737355589408	0.11832219088555768	0.1392840359350232	0.14355031792364709	0.08063283654541617	0.16261449579663984	0.06459803537280652	0.054845544977591545	0.03886515269385234	0.18465665251387625
0.010492797069069457	0.07504269150828798	0.1450352431435199	0.13381449655287786	0.08539755446836508	0.20618737908665302	0.07744426761043097	0.05438954312914933	0.02590877091641837	0.1862872565152281
0.013401794519366461	0.12077656887323684	0.14064964851023398	0.13401972185516633	0.0890548625730814	0.16652300530028946	0.06274105567149778	0.05275057443523085	0.03117423085724365	0.18890853740465324
0.01064666878796644	0.06883505460516046	0.13861696459951356	0.15617660552802176	0.09705706812711509	0.20344068446901728	0.09436434974120149	0.0281096949828335	0.024629795674837238	0.17812311348433324
0.003080896786862977	0.061904641519657105	0.15559539908365047	0.1543101764611835	0.10089670078241088	0.17549381332593267	0.07915723127393577	0.041502334321208575	0.026456161702084244	0.20160264474307382
0.014599135863925639	0.08128437980723185	0.13463981575630393	0.1361022401046877	0.08948495179511581	0.20587054765289564	0.0870698001920463	0.05184453367549947	0.0164286759952392	0.18267591915705444
0.011490034006201258	0.04213806685216135	0.16869903057823316	0.1468935733666178	0.08900308653746679	0.20757262239730517	0.08883586491417395	0.0274962245770366	0.03275910387311083	0.18511239289769313
0.01141318369811399	0.09954709525492732	0.14877071431872468	0.13711979599224175	0.09955972551390421	0.18980923820656248	0.06728672330739217	0.03949526444717676	0.03241272241180586	0.17458553684915085
0.003993035077675441	0.05992861135015038	0.14066239861306198	0.12521419898189243	0.07677944884367446	0.2124567621638082	0.08621645213936081	0.04091262064485686	0.039968230229115984	0.21386824195640353
0.016367272707397032	0.0659749519084826	0.14969334883917287	0.16478087273423866	0.07805757067498792	0.16081031625853492	0.10202369475364903	0.04687980087559342	0.01712713937685996	0.1982850318710836
0.005085204861625323	0.15299147204793775	0.16484421891084047	0.1401941923640175	0.0805219942456187	0.16201983471989417	0.07914481703338767	0.029596577387968975	0.027013606290740205	0.15858808213796924
0.016293739804143823	0.1040133742603845	0.13308036932766504	0.13027105203021563	0.09635122548132864	0.175747649899201	0.06942862091441568	0.031456111474201326	0.032175202489833785	0.2111826543186106
0.00952434008505533	0.09991731178569024	0.1416657056906505	0.15746623893751316	0.09579302657612465	0.172850746327526	0.06421746383365601	0.03510038891780094	0.025013743892144433	0.19845103395383873
0.012386661891719983	0.024101011732645602	0.13392340174699507	0.1648084596268597	0.10257103903294161	0.20602475809892193	0.09463890298830499	0.03254074396770333	0.016495641651271695	0.21250937926263608
0.0028783413594097446	0.10139192792085541	0.12245035685123636	0.1478063258840961	0.104831267972543	0.19000574020921673	0.059590697989378286	0.03349879369188323	0.02403427823745058	0.21351226988393063
0.009068783699439656	0.07243903468377266	0.14688353329621534	0.14583039748175333	0.08539953373253632	0.21536143468426194	0.07658350944393083	0.031575004452136166	0.041002263858092004	0.17585650466786173
0.015221721500346536	0.11743693946681502	0.1211446247850239	0.13657372209194163	0.09501001659626812	0.18198551563820872	0.07720520975438452	0.04922236945690472	0.024817891124527702	0.18138198958557916
0.0024260767590802285	0.08661924052392343	0.15589436134989437	0.12417346869317664	0.09035756133114055	0.19506732585283187	0.062042163003618526	0.041203624069487306	0.041257931632811044	0.20095824678403607
0.006759460552283325	0.09792927916590718	0.12604978554146015	0.15660605886508788	0.08679905700718696	0.19618219542272103	0.09861275970590119	0.03297665340281812	0.020513694939923707	0.17757105539671053
0.007906163949645495	0.08468079943258977	0.14296768234156615	0.14634828125021906	0.08059844479187053	0.1875262140525758	0.1000564661123063	0.031237789283018916	0.036882755440234005	0.18179540334597402
0.0026223174332789534	0.08752279117167366	0.14123468963325916	0.15944676527221524	0.09665405694564691	0.21167271688966552	0.06508336009301907	0.043676794674868694	0.02240679297394091	0.16967971491243192
0.005708441151639848	0.09646893879057683	0.1561777565934954	0.15193330175829198	0.0883413992569912	0.16554701324981455	0.08904664754444624	0.04600597221175757	0.039718547535627674	0.16105198190735878
0.008435309110224623	0.11552529772901418	0.13553614504543715	0.12470161706803254	0.07950907658191067	0.19082457649401552	0.09127562766062815	0.03128686960832623	0.01697376512814744	0.2059317155742636
0.007319202178481685	0.12161454865144068	0.1407719305084078	0.14305522793901884	0.08438112340149315	0.18609063119819153	0.06634055880193426	0.039353910907473436	0.030386451279714274	0.1806864151338444
0.0052181475350026735	0.07955807400579781	0.12013451278799772	0.15784501136576734	0.08609294044198128	0.20423652266316045	0.08520028759843819	0.03677345641889593	0.040818970417154044	0.1841220767658046
0.0059043925722904594	0.11592771054125883	0.12775137172160503	0.14122286826135652	0.08812376241021014	0.17400850943867735	0.0637677456466758	0.03348787991845824	0.04209264322060896	0.20771311626885874
0.00715093049993501	0.12048753914509457	0.16789580295760587	0.1262190924800473	0.07976068119262929	0.19339483414948255	0.07042663036720269	0.040896203544225	0.036220211858064136	0.15754807380571362
0.015197973919287053	0.06953629543469211	0.14884847377388244	0.15637842331120852	0.08357325231028528	0.19322270935277266	0.09338238775471094	0.052716050761380716	0.029017240093826613	0.15812719328795374
0.009722792108416548	0.09797777186718093	0.15722036062816014	0.13131696059355777	0.09445079469460987	0.16461276649269552	0.062414661457011314	0.04869131005720785	0.01982679463731614	0.21376578746384395
0.009052023709317444	0.13237781594208037	0.1244601076862743	0.15206158744096523	0.07676553028319566	0.16785761247496178	0.08237336735701085	0.0403207777834072	0.04123228355283407	0.17349889376995314
0.01418208281238044	0.04101417432855896	0.15062104262781562	0.16096854994725804	0.1049121227331235	0.18128291335464475	0.08673006975668077	0.03318563069538369	0.042333655697358794	0.18476975804679552
0.01248495667944377	0.09127446243453215	0.16599566277417227	0.13647607929624478	0.10290087022732898	0.17021350646360495	0.07773302836402943	0.043998338509310765	0.03302292011750885	0.16590017513382416
0.015967906978030064	0.018482463616670414	0.15478417471325945	0.16108439750565276	0.10601379229780918	0.18484854930207217	0.1011638402925386	0.026059380814579244	0.04206268734134039	0.18953280713804777
0.008696531748618508	0.06178346682954406	0.15551950981999257	0.15719413801771492	0.09970381022850269	0.18332126269547994	0.07581324459125255	0.05502700563875234	0.03895135251530504	0.16398967791483743
0.011962250699956697	0.03271461744814032	0.15485073682294642	0.16045231105864316	0.08073494549980496	0.21335987073836152	0.07100830265389166	0.05450057870822364	0.040173144024994174	0.18024324234503747
0.01189148082254346	0.061954987915970934	0.14094427508648488	0.1555322245108912	0.09740383217143067	0.20060695060575062	0.08199747853532464	0.028552946037857477	0.0363622288931693	0.18475359542057684
0.012797980905234582	0.1119196190417438	0.13408762217801426	0.15292453375885484	0.08184527449030067	0.17272829868317846	0.07478453414991272	0.027741634703671844	0.024355353533717733	0.20681514855537114
0.005700458103260211	0.13705880520259955	0.14785676657031988	0.12395618266466671	0.07582876610997552	0.21644497289888548	0.06260575822409228	0.03784623399763163	0.033360908357586885	0.15934114787098191
0.014317469545904557	0.06104758237855758	0.16211375075156892	0.1500572503711826	0.08890601357720136	0.19486608494657232	0.08623495940423226	0.027572636614903057	0.019025515068979426	0.19585873734089804
0.00412663089416293	0.12310098460639847	0.15805685130831362	0.14138615601511967	0.07764311947159597	0.21464104782826265	0.06401108557860738	0.031062001022960348	0.02222255771964811	0.16374956555493086
0.007974669593422315	0.05455663489865524	0.15126982149312032	0.13488908952204823	0.0859276531426919	0.19627504070937496	0.07871484525583805	0.05174746737419674	0.04174681815246884	0.19689795985818348
0.015458466165821041	0.1409367239180581	0.12163273575940006	0.12649715077768126	0.09734186935215083	0.18532776349054497	0.08921925164171837	0.034648924692451635	0.01711013970943502	0.17182697449273876
0.01605541234648293	0.04415798885512649	0.16645953131940472	0.16269344518741724	0.1027794431816731	0.2118030429459946	0.07056094036911759	0.037519419613294955	0.02910297114581982	0.15886780503566855
0.014316543178795632	0.10195960167722118	0.13481250242787898	0.13078487167441083	0.08608259753378142	0.20458494837165356	0.06508494922878735	0.028492996370278648	0.040578652852330296	0.19330233668486213
0.004596527867327796	0.1303698404060975	0.14045784159038407	0.1449670661730836	0.08751659713354028	0.1745839449082963	0.1015076363777804	0.039243754156736685	0.016510305226843977	0.16024648615990944
0.002899392821438307	0.08565088386867842	0.1584457005729013	0.15597842852681007	0.1061566224903893	0.19946660991031312	0.06864848596085048	0.032102062723393845	0.025509785124766232	0.1651420280004589
0.0052614626699835215	0.12295852899043985	0.15765684608708036	0.1269427625777815	0.09063795870835611	0.17435508156050106	0.06563163445128999	0.03038439957510028	0.01735072663332758	0.20882059874613973
0.013142738413285435	0.10210581954837887	0.12012176814703115	0.1523331714657986	0.07673392147454328	0.17448891016253004	0.08618838035720092	0.030556110566246214	0.03555483349277143	0.2087743463722141
0.01179017672591852	0.10062672391310121	0.13872835756012875	0.14640084341824283	0.09489997990073935	0.1623516838549646	0.07443455497039511	0.04873300189039899	0.0357375687808596	0.18629710898525106
0.0035776773120922145	0.061077433583534874	0.16488493752869338	0.16100303918082748	0.09062137597078365	0.16547172363112495	0.0660957828778885	0.053576217767248704	0.02127687001739123	0.21241494213041506
0.007311479652709937	0.07003720174728535	0.1593135690132097	0.13185309332656808	0.09166070214060001	0.21173160903094024	0.09641658561310729	0.032372364323859065	0.01823948396801424	0.18106391118370613
0.005663520123376495	0.05889889663778283	0.12030010949471831	0.16474268660856015	0.08029768360540568	0.20063194484379818	0.0806462493935998	0.040015252920383694	0.04053578651250717	0.20826786985986775
0.005272078482591272	0.14411542261178703	0.13321386809611405	0.1314959673933377	0.0903367342146815	0.16463393983832397	0.07081081168989965	0.02891092789366946	0.030860453308185265	0.20034979647141016
0.006604116502388027	0.09397624513174835	0.12645530737444619	0.14019270551221014	0.10267626445913947	0.18180981849066313	0.08683059077308161	0.04756749565593848	0.0251321137396099	0.18875534236077474
0.003918351717810853	0.11580564507670657	0.15207408199370298	0.13627194575814813	0.07918913562819298	0.18168681967041447	0.07322714627008178	0.029719754498747114	0.017577574684266406	0.2105295447019288
0.015134463994349215	0.04653189808307129	0.15838982690466505	0.16149068165522962	0.08903282480253728	0.19069633622681093	0.08389898149177928	0.036643605946859184	0.02442553549738373	0.19375584539731455
0.012049260098089584	0.14238532237914028	0.12345123737142352	0.14440017898235347	0.09489206414762397	0.16810036338300663	0.06765653521297832	0.031148917117991184	0.03476519180433653	0.18115092950305656
0.01111825470688925	0.1401890692834608	0.12593467492364027	0.13018777823354719	0.07616164536767606	0.2007197708590059	0.07696751903039696	0.03377076675301939	0.03814802698567263	0.16680249385669152
0.010127127057738147	0.1193100470678299	0.13976143055036735	0.14576797669490973	0.08557561269312135	0.19964623975682372	0.058888874271032565	0.04993435412561099	0.03110569666876664	0.15988264111379968
0.0035114813081905116	0.08502351585602627	0.15788695033912445	0.15845336886068834	0.07879754753801282	0.1749871087575416	0.07360002685057238	0.03615951126473824	0.03774892360265507	0.19383156562245038
0.010065419671443823	0.07514114390065682	0.15985351274061466	0.12756780756232491	0.07890710891834599	0.20752457179271264	0.06529567542469786	0.04072762796040791	0.04217051496344037	0.19274661706535512
0.009339310597374847	0.05526763520763771	0.1343220982525179	0.13976118400050094	0.07587575785550829	0.20958187468998374	0.08059085936769228	0.050223111570167914	0.03298291786561104	0.2120552505930054
0.003846062955882315	0.08845476548446685	0.14956475482553658	0.13610307193791543	0.1031398260022191	0.17096395666532366	0.09834230475608342	0.037213382001011444	0.025390159852021324	0.18698171551953996
0.014528151661423794	0.08548211996642709	0.1639587162252676	0.12323183610705997	0.09535016820061976	0.18159325199046522	0.07262482653798281	0.03245935411762063	0.03254800081659706	0.1982235743765361
0.009350565581017697	0.09197667473725253	0.1642795351373116	0.15888257385804944	0.08413702809471335	0.1741478440427474	0.06486899952497302	0.04250117743537518	0.028131264515606755	0.181724337072953
0.01368056240162055	0.08183496911814218	0.1672386446121577	0.15659871417643162	0.10397189627652442	0.16066151146486754	0.0628504816171125	0.05375926608694347	0.034198067061806864	0.16520588718439322
0.0026959096177833347	0.16599856324977652	0.1391537334240141	0.14659105340744039	0.09522508382525348	0.16089175925579616	0.06792369261431644	0.029539789214974813	0.022197510933855455	0.16978290445678937
0.00818117399855589	0.08523772087494395	0.12838679300259428	0.14470984101344977	0.09891283305868143	0.19387563067885707	0.09007170872463616	0.0475002713391236	0.032789265892196884	0.17033476141696102
0.006470722495188194	0.08319805340063154	0.16319565595275604	0.12411170273972985	0.0937205759208818	0.18251042465076048	0.10354190030894288	0.030218493306719454	0.0408589538385865	0.17217351738580333
0.0028672292132163463	0.04391077180527194	0.165599309684133	0.16431770983017582	0.09230153624140747	0.18407996056250997	0.0657742914760669	0.038694996133739244	0.0295556339844648	0.21289856106901459
0.012485206645576022	0.044262205010119134	0.16736709829499932	0.15141165485820485	0.09216498008117957	0.18747214374681687	0.07676743568749085	0.05364284639568272	0.038384766323566286	0.17604166295636436
0.009553484644975282	0.11753749625046436	0.12438701467684765	0.12438598032148256	0.07694998671598291	0.1884630939513306	0.08527374643411982	0.03933502667087613	0.035451409728170805	0.19866276060574994
0.014218280825818733	0.05228153360920508	0.13286058650799767	0.15320289734601703	0.09475668677869738	0.19715528012090638	0.09684521609447085	0.03126564109550918	0.03154030962410298	0.19587356799727473
0.006985234575314761	0.036943740618420304	0.15324391155531103	0.157561971531948	0.09801628080954941	0.20500374362547946	0.07283363240704183	0.0502584033160083	0.02922629595134156	0.1899267856095854
0.0036512450957193465	0.08583249950556618	0.146274732541411	0.14413170778260184	0.09080841833925789	0.17819766190003591	0.09867017664584596	0.030372928407029043	0.017482763739471455	0.20457786604306144
0.008960387986188853	0.10762239729122403	0.14759109657902475	0.1440349586114736	0.08384263373443324	0.16952283754018316	0.07865079368852068	0.042921518836050276	0.031877723849051395	0.18497565188385007
0.006464596655832003	0.14068905108788543	0.14211209079065018	0.12672473724440175	0.07728569392473321	0.1987419659932096	0.06049785311525484	0.0326651977304097	0.036848430904450724	0.17797038255317263
0.014885206929605502	0.13781360703974735	0.12437148312843342	0.12735649968462961	0.09853075665081795	0.17274095319976512	0.09056377490872995	0.04873129381394531	0.02658336135171592	0.15842306329260988
0.0033898248836216893	0.1373965966837391	0.12179515260773724	0.13307332106675004	0.1022357731062713	0.1719855691047339	0.07882432458642964	0.040521532096233354	0.021616389521296714	0.18916151634318706
0.015535277995065419	0.07116339446073933	0.15335073534408383	0.14082300875172354	0.09879184431130163	0.1792015634728294	0.07427092761868961	0.043867472827970475	0.017971524010203327	0.20502425120739348
0.013637019055157198	0.0671563316776446	0.16855051640214286	0.13593810868397052	0.07767916237360152	0.16271099006388084	0.10237344784250303	0.04854513919852897	0.028507798029239237	0.1949014866733313
0.013627343718253151	0.04565497408123072	0.15324978319908666	0.15978775933462142	0.09997943287235028	0.19565815295300165	0.06892980370441698	0.0388719713916645	0.029411482073172263	0.19482929667220242
0.008206179118018034	0.13493043884898914	0.13490218396371903	0.12518917174565877	0.08212920290148268	0.1682458382377346	0.06378944054775876	0.04749491998695053	0.03568310401816574	0.19942952063152275
0.013033095243808107	0.12640025745121075	0.1381790613438117	0.13315079906481106	0.08049839809126477	0.17168706350105112	0.07062731647760812	0.045764665684232604	0.01898398374450598	0.20167535939769587
0.006851345125948746	0.11150389350325424	0.14401471330408433	0.13838447749543553	0.08657629016840077	0.17961488429912642	0.058620743981506046	0.035490599970124215	0.03511099969942698	0.20383205245269276
0.014279411907693884	0.05041786416777551	0.16734181307054063	0.14322532094138532	0.09244978013330182	0.2046887506360996	0.09898030914182715	0.03222391822128355	0.024549291716534583	0.17184354006355806
0.016227284210994466	0.1068159841032024	0.1612002535402687	0.143948518273773	0.07917052957903843	0.19131593837618271	0.07266726602486513	0.034714308455294954	0.02473689216963866	0.16920302526674152
0.01610825607688815	0.09210188157006649	0.13925575394456835	0.14443514772050353	0.08277094963284014	0.20361305966657106	0.0889161438996649	0.038116278691924445	0.02787506112074356	0.16680746767622942
0.011644458869105881	0.033881045190145676	0.1596669083655743	0.1448421735486078	0.08601079365819242	0.20736856912053048	0.06768574371446587	0.03748112941296984	0.039588169081066306	0.2118310090393415
0.011385123492850854	0.08179828143986972	0.12910801066721192	0.14771542408054825	0.07872570251989786	0.18612453805467538	0.08685550244452113	0.05113655030390512	0.025285382632385528	0.20186548436413426
0.012851158099276186	0.11714678057348499	0.13334115711647457	0.12473840090133892	0.09733463953995836	0.2078639599294041	0.07034184206007142	0.03998441898020927	0.020952863511987066	0.17544477928779517
0.010384590166623783	0.12078950337716912	0.1487617730746253	0.1507278697369081	0.09602998920483137	0.18112192552731937	0.06706607398776925	0.0274524816783501	0.022992026221578504	0.17467376702482515
0.009149434713867075	0.05452531676666898	0.12017799107386402	0.1522427816490047	0.09031250414254974	0.20763775900748346	0.07978065684226818	0.04686380403659626	0.03214170362988601	0.2071680481378116
0.010404796611525602	0.11856111568599101	0.12100087359646591	0.12489738360411	0.0907432435922577	0.21167618187768494	0.07912477711200068	0.044883617787697526	0.03153798867708178	0.16717002145518486
0.0041155896200707615	0.12528951855906723	0.12816167373853318	0.13693527892708418	0.09211346974269438	0.17652502718440055	0.08623240933126577	0.05380697825709196	0.01972613449396611	0.17709392014582587
0.010052501119670501	0.10133475682773264	0.15734292501385594	0.13803997717919625	0.10577788630613369	0.1695034797405966	0.06636766468016925	0.0311689405125892	0.018509130012245717	0.20190273860781027
0.003995540857093208	0.05782397064623067	0.1588778326865816	0.14288915009228875	0.1049857355218315	0.2006909909233034	0.05892232973395295	0.0490827951154751	0.025433489234743187	0.19729816518849963
0.004518071227808548	0.09655860019183934	0.162399850037256	0.12341124781658047	0.09089591703970244	0.17437808869815613	0.10167776141955408	0.035984874482509796	0.035310261801306655	0.1748653272852866
0.009412636533877097	0.1346304174677511	0.12984197048054838	0.15533310448454535	0.09734207566769111	0.1754280666753951	0.06325689855122785	0.04378815352017097	0.022878681588293204	0.16808799503049993
0.007447733095827358	0.1367328916658233	0.13569461539240638	0.14460193848302041	0.08974870278522486	0.16714906611170605	0.06587765000648584	0.03484450894718501	0.024492147232674455	0.19341074627964638
0.005590331673141061	0.055881964138620996	0.16511770184134186	0.14100091208483773	0.0866200605392317	0.18967963323221276	0.09038824617964095	0.043955836349055116	0.036989329666520535	0.1847759842953974
0.01648980679297396	0.07687649008194897	0.15615849548095584	0.12524579741438552	0.10613138750859384	0.19264992270379958	0.0874828815841359	0.05412571808562558	0.024799595353032805	0.160039904994548
0.005803563017981753	0.06893502995229545	0.14693974051247216	0.15407827419992798	0.1014769454834291	0.21487359933589512	0.07927699435868057	0.036184812426532195	0.01796157136003529	0.17446946935275046
0.009792186360202862	0.12085284183565329	0.12726220239363015	0.13199490618829057	0.09363645771252171	0.17211118128267033	0.07482405217087643	0.044228861568970115	0.029199495341463766	0.19609781514572083
0.010577527188862804	0.08593076679964742	0.13490394170246242	0.12416301505949855	0.07914829013699518	0.2128624209705372	0.09704270043846756	0.030627785964198684	0.025309021748092006	0.19943452999123815
0.010117233461516786	0.07879317670315072	0.15101666097184926	0.12700180844097902	0.08625052809293242	0.210757579336936	0.08928675536013128	0.03180208455904311	0.03250612485932823	0.1824680482141332
0.006916400116141794	0.10819315493150469	0.15861846247004724	0.12641756048848768	0.10128395495125439	0.1631107706584595	0.1005116854967172	0.03994607053818284	0.03472132653511992	0.16028061381408482
0.002425448544441808	0.13390608797515008	0.1275006677138665	0.15817744737799827	0.08242302138742255	0.16233138742847378	0.06633908289172027	0.04407312597983837	0.018386017142410158	0.2044377135586783
0.015673714742545586	0.14633948199333152	0.1272861412399876	0.14455688827945798	0.08197323905175194	0.19297243554641308	0.059220207343804135	0.03835479661585868	0.02156846579366803	0.17205462939318145
0.01493367555470436	0.10275813526728036	0.12537905404409277	0.12466611905068739	0.1006541940091528	0.17042410700189747	0.08573853545169763	0.03686134304401874	0.026751714197519275	0.21183312237894925
0.009002394609880629	0.042552845853480965	0.15765227967540052	0.12984246954227951	0.09534410168729332	0.2102603330851197	0.08628161720141889	0.04976153682258417	0.03500129699745151	0.1843011245250908
0.014461593691785304	0.057217430290620076	0.12648947166475452	0.141146620667715	0.09589336200101889	0.20143707846672296	0.07674903249387666	0.04099784043350703	0.03477561178120128	0.2108319585087983
0.004292741936225017	0.16838916082584798	0.12033729738368097	0.14447055294532374	0.07615533548773663	0.17026545142461288	0.06694640011402635	0.05015141521282926	0.024376156910540347	0.17461548775917685
0.010703698115108448	0.16144572365900017	0.12089914223949533	0.13961051106030622	0.08634730753017836	0.18109860441572273	0.0605961227048512	0.026678402994881945	0.02838107443510214	0.18423941284535353
0.015073630602721752	0.1472080707916102	0.12607107765186903	0.13123746030098565	0.08358800592762597	0.19106236595394965	0.08777437606152116	0.026811700392075685	0.02330316970970961	0.16787014260793132
0.014796275790104271	0.09273539036592587	0.1548562020931421	0.14665027040994177	0.08129627212084775	0.18506950398793146	0.09873303691874988	0.03794427455627731	0.02673946661187654	0.16117930714520312
0.012446830346256918	0.03256012887974219	0.161502693769022	0.15416493877113366	0.10641774604705218	0.20935985476164504	0.07085983224358	0.031173846090136043	0.024133769216853854	0.1973803598745782
0.015571779197326649	0.07443110915786642	0.12188899121329615	0.13628167248085982	0.10017819471688995	0.20250502477444013	0.07242884651803773	0.027418956383564813	0.03250848055757892	0.21678694500013945
0.009754402949547408	0.10371962021621875	0.16713374707898904	0.14466172051330511	0.07660221835446657	0.18827130220620902	0.07399684332215649	0.04732523939811922	0.026098735697943548	0.16243617026304488
0.011130806161424547	0.08234109660874431	0.1565478517340623	0.1314086880669671	0.08519650079434708	0.20131161153252936	0.06962259094139273	0.04736541605574627	0.019989253910063426	0.19508618419472298
0.012679134654986005	0.028234350595772742	0.15425415622890726	0.1570542895032177	0.09509599828589983	0.20000228650506785	0.09748428121394323	0.044625449031995675	0.02335477999190748	0.18721527398830223
0.00847057858536314	0.11247349753329165	0.12478576047099912	0.13463399662025127	0.08443310563499479	0.21474002850425547	0.07305718283738417	0.03545964525299762	0.03694475983042793	0.17500144473003487
0.0037724669720321374	0.07657326547139451	0.15096694325923488	0.15326044393994565	0.09133988916514521	0.18891958505255446	0.07851100010525408	0.0538296880056656	0.019786967674835093	0.18303975035393844
0.011223739547869704	0.09240530993198169	0.125601248169949	0.1579642584619072	0.08114611908598476	0.18502770053031314	0.09499306597794707	0.049452897632057936	0.035203517815347043	0.16698214284664253
0.002665878796810281	0.043930314888777196	0.15231834093343666	0.15466547624898136	0.090212620859049	0.2095421001106776	0.08913459829126152	0.026035468589190633	0.019406101320519384	0.21208909996129643
0.01129137948764565	0.0723330400868013	0.14306681365612067	0.14686867271878723	0.10412238729023396	0.20891237228065887	0.06592616802757231	0.04238806646501446	0.03838765383803584	0.1667034461491297
0.014356132104501304	0.07819121635830695	0.15254838279128652	0.13039637095193332	0.08065137488963811	0.2062636573847803	0.07891619988563914	0.03202005828127777	0.018604015805025825	0.20805259154761077
0.006996563121599977	0.10219733126360751	0.14529394576025223	0.14835591092543454	0.08725574953053256	0.19779082591870872	0.07343422692281804	0.027892073249047508	0.0391722133839098	0.17161115992408912
0.005416596384552871	0.11538214327709927	0.14802338511241797	0.12496091911707577	0.08955114965585889	0.18579872291480115	0.09898335718803526	0.03475599395492231	0.036958823658235745	0.16016890873700082
0.01607760827802504	0.06353972801064052	0.151043654636908	0.15139552701027237	0.08669946040538631	0.17044448449121102	0.08823018516330615	0.03078732134218143	0.032968765969019306	0.20881326469304984
0.012000857264728021	0.08704755959394885	0.12462219758242121	0.15835886153607975	0.10470589866585978	0.20235591699420472	0.06258426023113686	0.048585863457804315	0.03185127391678229	0.16788731075703422
0.0069797208702867125	0.0971268611979959	0.13140060497450057	0.16086447547456223	0.08511232874332278	0.1760241760126827	0.09887471289187068	0.033338814371886114	0.020181121718401043	0.19009718374449136
0.002912788272403946	0.0688923846665509	0.16143912275952854	0.12889834263522934	0.08517270283074528	0.19960238084099347	0.07043696904552008	0.05247650290803677	0.03137293204963561	0.19879587399135612
0.0139784473496605	0.11284589819786876	0.1467612179840143	0.1555442287005391	0.08978336086920059	0.18286797877344213	0.0787691185228199	0.031352648958622095	0.027196034047901607	0.160901066595931
0.01064288963988698	0.08918306097085073	0.1438481092788733	0.15553465912674252	0.0956445694597577	0.19224694996619604	0.07603994940189002	0.02705315394133892	0.02263442925113951	0.1871722289633243
0.009174433446321323	0.09454379669858193	0.14769385282286368	0.14589065618418437	0.09063161474282852	0.20219991036972695	0.06311979450369849	0.02721479112447009	0.02473191526947245	0.1947992348378522
0.012726831879202927	0.07663289882708225	0.13093544259836656	0.15840728494707168	0.09340019196620948	0.21677466757819344	0.09138160759317604	0.03841797127947354	0.016389685780222832	0.16493341755100127
0.0024544636918321233	0.07978483238314946	0.12184931468102836	0.12479093251188325	0.08168589656862485	0.2082978088311947	0.09220298798735528	0.04109993089093534	0.03934719571959394	0.20848663673440276
0.014349487458138646	0.06186969790056892	0.1339209223871412	0.15580063019933055	0.10534733583548699	0.16621395953281043	0.09563193323227545	0.04763232289036133	0.031761967100468386	0.18747174346341805
0.0067292323266427145	0.0588965499274227	0.14419688411485537	0.15984457733199747	0.08629401371898121	0.2000394873510195	0.07444266515230638	0.04400617337422379	0.028574652185318974	0.19697576451723192
0.0030795868062738208	0.14317164264972948	0.13140678947726372	0.15285302525104727	0.07977864178705758	0.18730397776326635	0.08190798363684493	0.028639855944982154	0.02009067844071806	0.1717678182428167
0.0046799087534480505	0.10276063683250118	0.13670918329261061	0.149480538520511	0.08624648379842578	0.18844791056800198	0.07860959120205058	0.05132821261151882	0.017281147195078936	0.18445638722585314
0.012304169008764965	0.07896726981104209	0.12095942787835937	0.1617675174979289	0.07719439997683572	0.21162767819535033	0.09624847615287704	0.04274558799259177	0.03182800880237362	0.16635746468387624
0.004908511157438372	0.09156229716839343	0.16482815248164898	0.1487902768437464	0.08048154951312456	0.2025692316259683	0.08568799261556641	0.028342994792024498	0.019335016078030176	0.17349397772405895
0.005289678377739873	0.07673644949803834	0.16691286596788774	0.12685356546312326	0.0861256267064583	0.21181652358641737	0.07434140504260608	0.02927731418480717	0.017911682701764256	0.20473488847115767
0.0028395050501661967	0.0554054741842363	0.15498295129746564	0.13569105457747999	0.09569080217654989	0.21656632043563706	0.06705988742277723	0.054736502975421764	0.04101735263021795	0.176010149250048
0.0048888467164317495	0.10054136945751972	0.12825291725064547	0.15742150626159637	0.08699410176908794	0.16624503654884962	0.07204223311533656	0.05052549426643148	0.04154651903273604	0.1915419755813651
0.016445204429614377	0.07287453223094675	0.1629735536800201	0.13223098704204325	0.0903048952093097	0.18531302780450626	0.07805423554797078	0.03263624157816006	0.018401660836143183	0.21076566164128557
0.011851896095296077	0.09247496210929705	0.16281909672264924	0.13088247647786846	0.07811402831400388	0.18128992256463183	0.0971093350944702	0.050696741032781385	0.029785219438050015	0.16497632215095187
0.006449011192827994	0.11881947074244117	0.14899324181040352	0.12332198199881303	0.10446807992638169	0.1820380762792453	0.06458048208217845	0.03160647128600522	0.020974569223307968	0.19874861545839573
0.011885919191900449	0.024242960719969786	0.1478291254758911	0.14302983713299494	0.08212578716895269	0.21057095140977697	0.10060709439801999	0.04636590741315033	0.017334720006182053	0.21600769708316178
0.01125737524778006	0.10691821761017704	0.15125397138471622	0.14440331970517753	0.08655736255741477	0.16729292392518946	0.06958361103954849	0.03450511313351298	0.025821597532877355	0.20240650786360614
