0.016413897330075866	0.08091508519681465	0.12631557548083813	0.05464775770490961	0.08381289021048965	0.3632837287248947	0.2627870950190895	0.011823970332887818
0.024195798002753385	0.04830954350339514	0.18403398226549975	0.06137057908356186	0.09958493541892037	0.31133117253092824	0.2542667948794243	0.01690719431551682
0.018899795653824783	0.19511939481375207	0.16532426100353873	0.054519373328320006	0.06744608972179544	0.2361679064331168	0.2543867549283766	0.008136424117275429
0.023771534310392334	0.10403330128415691	0.27893297022345054	0.03427086149291174	0.11749045839258439	0.2536209251752962	0.16958180946038162	0.01829813966082597
0.018651700904792512	0.050570751791293805	0.20036553922299305	0.05762266045462297	0.13430691115810184	0.29811237964150317	0.23342253295158805	0.006947523875104333
0.023537226920427867	0.05339262874315788	0.19038581977355556	0.06152988488307788	0.08009438427990517	0.36513629077966125	0.21088399514128084	0.015039769478933346
0.023641156543233427	0.15122671564394746	0.07071231587900284	0.06640584860527178	0.11858732910930907	0.3839989824069261	0.17855763391020052	0.006870017902108658
0.019669911675474216	0.10555934317243694	0.1247368882843907	0.03877663316439184	0.10529651710764273	0.3345705473407181	0.25594810594427164	0.015442053310673581
0.02487205895646362	0.12523692204499592	0.08052132929227207	0.04145147969422598	0.12441990257322284	0.3322623488994682	0.2527651522508143	0.018470806288536923
0.02588537481606719	0.09189016865042715	0.184818034526055	0.03135483466257609	0.062404079304118065	0.31826223753743993	0.2679181096494353	0.017467160853881086
0.02277607829975356	0.20382397271332225	0.22532658835944896	0.04496067792403845	0.10001018656389118	0.2513905007782894	0.13701786229806714	0.014694133063188869
0.02135808352342869	0.023707004836245466	0.15889816703867612	0.06408750784548031	0.08491625261397717	0.4811654806481047	0.15123666161040442	0.014630841883682882
0.024345046427031614	0.024327657002761793	0.18175519049353017	0.05367459630092841	0.0674680441741084	0.45929019741073873	0.17508563531027244	0.014053632880628206
0.018516961855747083	0.0963410380338574	0.0954594108811764	0.04068370967862614	0.12166807921082275	0.4470622753593527	0.17270025403986755	0.007568270940549765
0.01768172663921802	0.17415967679188724	0.05240019948988181	0.037483291764504656	0.11212449618837851	0.35540740017463246	0.24509276224000778	0.00565044671148926
0.015520614810994121	0.1188444006669842	0.07438870188221108	0.06375296708201192	0.13338767360126683	0.3819795614405367	0.19934730481425122	0.012778775701743739
0.023973881326721486	0.0764619738054403	0.10655427176725325	0.05447119748238144	0.0753139012885966	0.39098397015901276	0.257660788468585	0.014580015702009008
0.013921125787719715	0.0858269648533537	0.14164224318783764	0.054691919661441574	0.09218200437639704	0.3783529479402319	0.2262704589065791	0.007112335286439175
0.017528256050797192	0.023971019291141427	0.1304607847346847	0.04242363165938157	0.09588644813976491	0.45471063973465264	0.22698625326732785	0.008032967122249504
0.01974221375683939	0.14464618497523035	0.07893460525422458	0.06006177158878198	0.08659760910977368	0.4640669936429025	0.13982986233704658	0.006120759335200704
0.02564668546891577	0.1492752588203016	0.059406548859880934	0.030684995767270365	0.133493993262196	0.42893774150271424	0.16683954056554479	0.0057152357531760345
0.02194232965176189	0.20656993775871546	0.1301455432086899	0.03417528611482061	0.10154200510342445	0.30966857698126815	0.17907013368101812	0.016886187500301186
0.016616645722602394	0.12078721297965093	0.06817074519997707	0.03508905021295654	0.10684886109126521	0.44885978291766704	0.19162823346777894	0.011999468408101677
0.013856502011997368	0.06396453756090247	0.13003123020302326	0.05798513280792805	0.10820789407932037	0.4072554904462866	0.2072621230324505	0.011437089858091165
0.019186721663014314	0.05548703321650693	0.14413758293121856	0.04902049235337193	0.11491291180387724	0.3659623183536962	0.23732126531258008	0.013971674365734585
0.01990297700455368	0.1325320542570971	0.24291589143386882	0.04305208019850623	0.09152073450325121	0.30601746978884914	0.14562098729941458	0.018437805514459046
0.022232952508905446	0.15586357725784597	0.15347033387265108	0.03886335106250506	0.1359652770623356	0.2625096117066402	0.21453819763236337	0.01655669889675304
0.026288767847006067	0.10746546654520653	0.04480061222149809	0.04478222887747606	0.13464257056637807	0.3675421170881201	0.25961967306585065	0.01485856378846423
0.013705518360938848	0.1746840064221209	0.0738655307892639	0.03189870323233787	0.1225953665797253	0.31300635845737534	0.2628929280054638	0.007351588152773911
0.02414956738750773	0.25931954916797606	0.17978060075230973	0.0631711761106851	0.09392501190733943	0.2228627247724287	0.142997660271791	0.013793709629962098
0.01745392128838448	0.30690809258677254	0.07357252872541375	0.054218747634744824	0.09171512191789578	0.21900457990841093	0.23198611502819316	0.00514089291018438
0.013926366758545236	0.21545577397481086	0.1663584359845125	0.04237756998056198	0.12626465058274539	0.21671460212275065	0.2030813786751453	0.015821221920927872
0.01653509229292839	0.16197570461110883	0.09010284890027256	0.04374644387633207	0.08422294949699093	0.32524491311793974	0.26677220375327537	0.011399843951151914
0.015123495641278184	0.09075714881533074	0.15717534700491262	0.0587743385705287	0.12594130006866341	0.3495094886239063	0.19265432437604252	0.010064556899337287
0.027036159458645126	0.12389783488871572	0.15836354954879528	0.03386403164775602	0.11019436400182724	0.3679634528498462	0.1732343517174412	0.005446255886972964
0.018407411024232434	0.14897076483991387	0.11444817870008042	0.034962730263105896	0.06117414787764941	0.3934970286720173	0.21380908538113627	0.014730653241864192
0.015612869028878124	0.02916217744982008	0.20906189446022966	0.06477804643906715	0.05808422293837183	0.42148032947487435	0.193790354729043	0.00803010547971568
0.016237453763158438	0.030895485589446256	0.24149057668876056	0.059542429244334075	0.11226085689263424	0.37320074524806346	0.14919291114757624	0.01717954142602654
0.01731313424124288	0.10374235883491492	0.31331858173910754	0.048140841497042786	0.10572406689109759	0.2513148887897828	0.15094374772615235	0.009502380280658987
0.02151879996300604	0.0319872986266584	0.2570020227418358	0.030733689451726887	0.1351874520601648	0.30815153847452537	0.2004761030369957	0.014943095645086835
0.023861132809160676	0.09735224577886292	0.07963813796217807	0.03753491748916936	0.10876154479350222	0.4665505219316286	0.1710592311129862	0.015242268122511754
0.027993054317715316	0.13878400455013912	0.09647670848469982	0.0367802541885858	0.11899052531841527	0.3943763237351383	0.1807292102636952	0.005869919141611002
0.027700050303372414	0.13598911562826177	0.20712961130909469	0.042476897006044526	0.09914263207644138	0.2576089927608901	0.21323114796750242	0.016721552948392587
0.01707211706831388	0.06934184678690482	0.28864464781894594	0.05601490626895722	0.0859305971019652	0.23743381848132616	0.24116083313650105	0.0044012333370855306
0.016640043021126705	0.0599209604638052	0.2511411855962974	0.031039906737539133	0.06043588340098113	0.3586800344931115	0.20387190269304037	0.018270083594098402
0.024212531947847157	0.08632975661013828	0.1816658278078542	0.06416404981822413	0.12331682110562651	0.2810346768427659	0.22954149468219476	0.00973484118534891
0.01730444278659113	0.29970968980057766	0.046679526673268454	0.03310699003325747	0.09604834874387776	0.2991935320735871	0.2005806151844745	0.007376854704365707
0.01425106983743038	0.30463445739804673	0.07233911997126266	0.03211971824609937	0.13824290437232917	0.23337312026247237	0.1866156360461956	0.01842397386616354
0.01610943212597718	0.31878816530520104	0.038241982769590135	0.03596135823309998	0.09357863776411776	0.29729967637788113	0.19358733989198185	0.006433407532150728
0.01366719684273586	0.35584787754698655	0.07889882437173458	0.03811887235289327	0.06116669895667437	0.26666264723956734	0.18079282290903903	0.004845059780368768
0.02628519207987197	0.3502955898320559	0.04120109233531713	0.03934284429444071	0.12357647971964122	0.24811067635217793	0.15847815651331068	0.012709968873184235
0.014619691713563532	0.16841744935400133	0.14470036915862733	0.05442724259197117	0.1315551094862947	0.2868193568542253	0.19253033498148303	0.006930445859833351
0.015141528950635502	0.17405937312576752	0.04909678463460712	0.04387606269664371	0.12897757233688317	0.3299659734539404	0.2501235219464378	0.008759182855084618
0.024456000166926214	0.19973621604721115	0.07882536760912524	0.0633163327080661	0.1226794947666936	0.3500519149113894	0.15098537683608754	0.009949296954500572
0.020469363868697618	0.050307639277126115	0.28271128099107323	0.050105612611972036	0.09663449309217251	0.31293388203784167	0.17620569171743578	0.010632036403680795
0.018185049206439527	0.13495846109926818	0.20845460593583343	0.05455768519226896	0.11733220223318624	0.26980402807011916	0.18979330112872755	0.006914667134156782
0.025137404246808437	0.27431208415612796	0.08614265747353675	0.0415450167057024	0.12923648377575894	0.27600119776960863	0.15079640411548648	0.016828751756970226
0.01690148923438338	0.35384982880146415	0.05649559367196501	0.03256799755082579	0.08169719971182601	0.25106346696119997	0.19904587774595156	0.008378546322383912
0.024994973896234493	0.2774085835405976	0.06234755600603424	0.05437801003750635	0.07735325528976286	0.2423368975544481	0.25314041341233223	0.00804031026308391
0.014003236435095129	0.30545167189440386	0.06148597408075543	0.06468103608379763	0.0752558807342287	0.23810655528809005	0.23555310676355912	0.0054625387200698955
0.025313477637200862	0.22558078844394058	0.059931129116934045	0.04060844242020553	0.10482652792962865	0.26571799805888663	0.26781039413474084	0.01021124225846265
0.02017976140105028	0.36547867723865035	0.03979081843753805	0.05182105268228429	0.12132536761219707	0.2542021341018679	0.13982076022774156	0.007381428298670223
0.014638609966368663	0.25366314894054565	0.15377121473069197	0.053686835272155994	0.06883840157484448	0.3028773977524713	0.1473425419015836	0.0051818498613381
0.024715121071051893	0.10110209373107416	0.18805287966864825	0.03791152596673793	0.06372333654136518	0.4249757736869104	0.15368843940317511	0.005830829931036785
0.020811719085706976	0.06503588295452574	0.1832354714315122	0.03520792514898122	0.10111483457482232	0.3463704142257974	0.24011705154834584	0.008106701030308139
0.01645094725921256	0.10668719518288644	0.2584064546688626	0.046413461539858855	0.07754745982911929	0.3470777932771568	0.14100724893433014	0.006409439308573156
0.01754307705929807	0.038420506179331154	0.26173197833929995	0.06016207710283711	0.09215395238109156	0.30723497270037425	0.21003833203683656	0.012715104200931138
0.025375502315327994	0.1260785466670083	0.15338090606376176	0.049355934014957234	0.11868346199562514	0.30588785817648656	0.2143802064949148	0.006857584271917988
0.021346698778772488	0.08004006142279925	0.09333307862166268	0.05124115400887712	0.10502366812604319	0.4186994365615594	0.2188438706908401	0.011472031789445586
0.02729776228617503	0.21417863835753198	0.07636701328050852	0.042187732711587975	0.1216089509970476	0.35231749959247777	0.14760512865012176	0.01843727412454918
0.017055819085036186	0.20863005518270503	0.15818191872833232	0.06272492799770604	0.08204122484908197	0.2535542677569307	0.20559244676612534	0.012219339634082282
0.022143022521882494	0.05768518543207009	0.10092655187775047	0.03727672667012974	0.1036672982260941	0.45088780872657697	0.21072421497939758	0.016689191566098355
0.014683242504571287	0.026248197462129697	0.2595724584454435	0.05286935302365439	0.060100082569510244	0.40106700436884957	0.17925919828695872	0.006200463338882356
0.013646962758512876	0.12185278442172527	0.3507914576730714	0.031474163777130026	0.06119963332191808	0.2171237370054137	0.19036023819569045	0.01355102284653796
0.024935922158339396	0.16307198353143504	0.3311901488207983	0.04053334006280279	0.06740875855115361	0.20831072697451242	0.1563482757667285	0.008200844134229737
0.021506392863593793	0.07667041748911065	0.23534683118221544	0.05642597371248484	0.06005572267108615	0.34657482821515184	0.18565572993930074	0.017764103927056324
0.026887018857850414	0.08732565455150079	0.2403159696748332	0.060246688812970337	0.11506485722744063	0.29011088364566684	0.16432960916636227	0.015719318063375343
0.013841982691468663	0.08963035002065757	0.3174235632965986	0.04962085116496144	0.07654607186372175	0.23210998143638845	0.21324219206766337	0.007585007458539933
0.02714603302114002	0.04181170187228908	0.32678751069533307	0.030599337806590743	0.12089001454709379	0.2669628885311237	0.1694638268954596	0.016338686630969837
0.01863978604584493	0.199291679942223	0.10819655815494622	0.052362322679424714	0.12294076377138406	0.25338365470142826	0.2299773611648066	0.01520787353994206
0.027401970404756892	0.1047096002981932	0.15586048932568441	0.053248506018499564	0.08219541367721743	0.3096833194871092	0.24840567490010165	0.018495025888437405
0.014135175111418721	0.16315085133442442	0.21318993923805388	0.05166165468868833	0.08621333221166676	0.2628772922080055	0.20324033622196147	0.0055314189857806895
0.018113530505104974	0.18044281719216076	0.22532541280867174	0.05099725242086539	0.07495245741549192	0.20692171034871207	0.22502065723607523	0.01822616207291773
0.016500203490518187	0.21001030542892618	0.2050804062878135	0.038906662501215244	0.1307695508585544	0.24333853572863665	0.141689082414576	0.013705253289759634
0.016193880367680893	0.1488124789248926	0.306148376274261	0.033239760329054346	0.07144528389161008	0.2812982256637572	0.13704587674381546	0.005816117804928245
0.027786404538762105	0.08830977830935895	0.3091154173508724	0.0392676651273865	0.12351892467559936	0.2585830862953492	0.14586733287924206	0.007551390823429344
0.014045105868083593	0.08627138006144383	0.25013694679859233	0.0539293721092135	0.12570890484024638	0.218634816014761	0.23432184342446355	0.016951630883195568
0.01835280700311219	0.1791210599116749	0.25533246297901413	0.034656021759971525	0.06080107776727066	0.29886414958737495	0.1371702941086683	0.015702126882913142
0.02801900092642537	0.13394659674030734	0.19888029019755143	0.056545748919276786	0.12033604327716765	0.22903227867340353	0.21911688912132593	0.014123152144541767
0.02319909648863934	0.07305236857893846	0.26646035476170915	0.055246124798790666	0.06144264807482548	0.367598511674938	0.14850366897526832	0.00449722664689034
0.02265880049668209	0.17775184443941916	0.11128420131682827	0.04778331817193161	0.07275087918388286	0.2827884709133507	0.26799876892574853	0.016983716552156636
0.02161941218089189	0.15990357768882157	0.11933366143167452	0.04894255106584426	0.06387262054865758	0.33226440430062	0.2431997421298	0.010864030653690043
0.01883597794895417	0.20235432222704874	0.18078858197720551	0.045755294694996396	0.11983376617913849	0.2233267472745493	0.19979077210015866	0.009314537597948605
0.025042363062805495	0.2628645446259674	0.12633267740634163	0.06139737015730598	0.13612932297666397	0.21259476348049117	0.1697922329261308	0.005846725364293315
0.022943712812852374	0.06151733201600623	0.17110537326775827	0.047596725572653334	0.06564337392530814	0.40001269715452437	0.22118731409162787	0.009993471159269199
0.01459245362355499	0.12967455294122257	0.23730173888056236	0.0656940865130341	0.10913550712039705	0.2312897138466411	0.19522566356726498	0.017086283507322664
0.021709131464163464	0.13965089975770253	0.16280255707082003	0.039829793756852735	0.1020142669726061	0.3015572885723604	0.21472592229021786	0.017710140115276718
0.0137511296872517	0.03205389342781713	0.3205482727842482	0.06045554911020319	0.1078432332296255	0.22753534056194508	0.23099924522414533	0.006813335974763732
0.020233149808217082	0.12099877937314153	0.31039954243659035	0.04103835097537269	0.12192398241851637	0.23132202425205864	0.13719673216910058	0.01688743856700259
0.027509114302259524	0.20822296603161855	0.2492750274777365	0.05224400546790724	0.07397326171239119	0.23355497581874324	0.15010966646310958	0.005110982726233976
0.02369019271791807	0.14900326582264373	0.1858696068561481	0.0426801225257161	0.08427603414497326	0.24120072627358305	0.26307502115661274	0.010205030502404774
0.023329270747469127	0.049480982055492076	0.28529956076198576	0.04998540862821181	0.06863399504959673	0.30710776295644654	0.2018901543127385	0.014272865488059283
0.01388423776073619	0.087066542643424	0.35344217366842323	0.045241987652606716	0.11060486051647316	0.21405426505771544	0.16676557980276469	0.008940352897856399
0.014452696943869248	0.12064085602721283	0.21735873067004824	0.05843782096338959	0.07351314646871518	0.3683133207895414	0.1383620803585371	0.008921347778686195
0.014017589670575342	0.14194425137008357	0.08636707586866017	0.0647086867692045	0.09650651260681323	0.4207397656349676	0.1633040401634024	0.012412077916293007
0.014059093083452323	0.17782767935167948	0.09582159912489008	0.051786226456102036	0.12358873523634473	0.3592620275381195	0.16836448392122555	0.00929015528818615
0.026096040367284357	0.07411760691203642	0.07347206656439002	0.0386539379570993	0.1143684708945983	0.4007867888729424	0.2603432327942121	0.012161855637436908
0.0229812376442491	0.08483255507818768	0.12762460533926748	0.04901237962810534	0.07228779682934322	0.40134514947090405	0.2362299990082882	0.005686277001654735
0.027243410982514787	0.09067110585310154	0.15520412451409488	0.03375471011178627	0.12291846709898425	0.36987289602145557	0.19109901111886424	0.009236274299198266
0.01475942115913681	0.18957183664128385	0.18894221647570217	0.061322026869124524	0.09788801614457715	0.23131724250338098	0.20794255357846925	0.008256686628325072
0.015956361523246032	0.2541650462368613	0.07424475838343816	0.058735033088927496	0.12302342063048133	0.3007343769117887	0.16047622384433008	0.012664779380926638
0.021579326607371538	0.33330348319183156	0.04723618123942437	0.05507805164420519	0.07051707981588234	0.28035030243973336	0.17568747031034804	0.016248104751203307
0.02410697183162136	0.19571160099789947	0.1325286056167834	0.045210773839802834	0.1103326821080945	0.32452207617893625	0.1578561898623777	0.009731099564484355
0.020649319905594737	0.19945449583025077	0.09497284149028919	0.03270544226625682	0.11044451574573687	0.31093753251829087	0.21759066355882806	0.013245188684752482
0.016755018456342807	0.16467977352478164	0.21984184342457125	0.06493553445163226	0.06908362778198178	0.2164042022630296	0.24096467787142678	0.00733532222623362
0.026105092284157708	0.12951823713484278	0.18209608371272845	0.06409572486512102	0.12333890192857139	0.22119696149434015	0.24823204612544622	0.005416952454792068
0.02415964413487927	0.2190654680665289	0.18504457573912741	0.035304415323826874	0.10882096458886883	0.27436101652557554	0.1458320926392135	0.007411822981979524
0.02785765968915259	0.18792698197179727	0.17473349031494145	0.04095160419743887	0.1087266407146175	0.2214360673402576	0.22705144607318895	0.011316109698605553
0.02533115843934894	0.22303712665402864	0.1543788333747239	0.030916226307994663	0.10248520345449336	0.27977794206676787	0.1788008275224807	0.005272682180161747
0.02762809990274681	0.20327657248366193	0.10053567010847894	0.059842586998832076	0.07666591668628837	0.32742739700228923	0.19478441256099197	0.009839344256710486
0.01619655191937204	0.02195699446258015	0.0772668795286167	0.04292462379392806	0.13047904760989956	0.46864498150886813	0.2278416812423562	0.014689239934378998
0.024703818588853163	0.07094226069012816	0.06558525109463799	0.03281371693682847	0.09530566187513444	0.5113529053715946	0.18442612155158364	0.014870263891239383
0.018659671523892973	0.09935035949797905	0.12110399327146977	0.04657510495754237	0.12118914324759864	0.4307559826015518	0.1557413449100549	0.006624399989910323
0.027137855793787455	0.10405516245187199	0.16709523966901169	0.043403189147401794	0.09773623456697439	0.34224253776257985	0.20053188467698865	0.017797895931383978
0.023052105098768774	0.11528372722111001	0.25861918778885434	0.05920808815937684	0.06128817010772103	0.286710529145378	0.18364399803596754	0.012194194442823311
0.01913462015522656	0.06768892838527442	0.3608151587269677	0.06080030382154297	0.10313298859968778	0.23103035198742694	0.1436522469263815	0.013745401397491919
0.02761729317008141	0.026040282697654682	0.26072405275597293	0.06502034692318664	0.1194709444337846	0.3167703217361467	0.17706052180346618	0.007296236479706619
0.019299673543040588	0.0429981027490844	0.23636543462360918	0.06578001777644912	0.10180127476882145	0.28389840746126743	0.23955704152734783	0.010300047550379832
0.020262870729476204	0.08789849347400197	0.24102101938540477	0.04463203685975749	0.08159146833082327	0.3088179172369049	0.20785847256695578	0.007917721416675488
0.016627244450599987	0.10990458851216299	0.23313106437159825	0.06292000400339857	0.08165128523987131	0.2939715952655426	0.18711568798097983	0.014678530175846208
0.017791227549501132	0.03453677158727478	0.1999922223379266	0.03458830281043006	0.07570505527764265	0.3935862499341587	0.2334580528358574	0.01034211766720855
0.018920522607704965	0.11681184683397233	0.2600203327935218	0.0412276781034345	0.09927238556482185	0.2930003169336203	0.16627853733904213	0.0044683798238819294
0.01978243117295908	0.08213906516417929	0.2448593992142037	0.03637341265455059	0.12350652099502463	0.2672470062663097	0.20950276846069665	0.016589396072076185
0.02706961872175931	0.20957194025705708	0.2967715260081682	0.03294788845103147	0.07953882603750245	0.20968956167511638	0.13933997717210272	0.005070661677262139
0.02078008927183099	0.1914112978697759	0.1879510404676964	0.053882521673493	0.07941986831275186	0.2623446874691475	0.1893090495503182	0.014901445384985973
0.016858395080660907	0.16096366985578628	0.2024487222081086	0.06524789109888365	0.0670279455489049	0.2624829226911528	0.2201637083994198	0.004806745117082886
0.017566283633280208	0.03780501141158457	0.24010054168836784	0.05761018393593734	0.13067795017797718	0.3105479031615185	0.19451844524437265	0.011173680746961581
0.021518628473683493	0.08239071634664927	0.1488014377053627	0.058807838516551095	0.08966584062412591	0.38588641654056277	0.20815458346931504	0.004774538323749508
0.025843074849704634	0.11669804326028878	0.12454177373976379	0.05095984341627545	0.13651939194115525	0.3573889802867567	0.17463645514111892	0.013412437364936317
0.021099441986643402	0.08778560986625454	0.26122677063269995	0.03889972425596723	0.08408151104503579	0.291845189513306	0.19990801519228454	0.015153737507808351
0.015600692297911598	0.17653899948535584	0.18751045555486795	0.06553391748649193	0.07182646789662817	0.3085922936629033	0.16339705400857946	0.011000119607261605
0.019704051621501004	0.0716617327698659	0.1163086146637497	0.05569986215511889	0.12462845976543685	0.45599872988384227	0.14957500828057174	0.006423540859913424
0.02722647366269966	0.05688059646323483	0.051714780983163414	0.04598947516330838	0.13034546691801902	0.4775214137675101	0.19590676509574273	0.014415027946321587
0.015653576446836542	0.05083350701174101	0.04627168326797128	0.056075507366999344	0.13486787639164513	0.44052815769631515	0.24292707516228784	0.012842616656203495
0.021772837986018867	0.060219127087601534	0.08453531020597044	0.060180757331684584	0.07052375813565054	0.47446046282747545	0.21525030375971074	0.01305744266588768
0.02257295993107511	0.08384280877308677	0.08205844552472329	0.0543207479169911	0.13871069022100774	0.4386877024161141	0.1717524431219413	0.008054202095060498
0.024572153827451926	0.08291099064258471	0.1345214142971007	0.060340657539851655	0.1078790348360186	0.42371353718020577	0.15607869678698572	0.00998351488980076
0.027364040682770055	0.08132868711448188	0.08952246714013556	0.05763243810175425	0.12831780620601935	0.40748893170800005	0.19248399789134135	0.015861631155497324
0.01969679937840947	0.04882370917420048	0.14283050127717517	0.03441612211999412	0.07474282775194048	0.478841437966822	0.19496567038727092	0.005682931944187203
0.024214534807407567	0.031581333109459264	0.06377546458523747	0.056812558607818975	0.1330233627564174	0.478543942167292	0.20018573637822495	0.011863067588142151
0.025268436598385013	0.08191727347692028	0.10596482474093624	0.03545807971229438	0.06940958044114856	0.5166869417815566	0.15703874554209138	0.008256117706667343
0.025653009516515987	0.06856568946041347	0.17775656228569098	0.03229088728218281	0.13643655191623694	0.41719326022873127	0.13749675521170202	0.004607284098526343
0.02061314708927922	0.14153179082735412	0.1626366030265722	0.04937501517564405	0.0725625176748558	0.2839525370424625	0.25794519634197055	0.011383192821861482
0.017051031162423375	0.08080997467189255	0.2579785435508246	0.03034245135038338	0.07011461777777854	0.36369859515929903	0.16360121902490402	0.016403567302494385
0.026849610520624193	0.04443174415257528	0.2934446437080501	0.04012301732472914	0.12401218473897838	0.20963707878499266	0.24567566515739603	0.015826055612654003
0.02071861002214992	0.13124816387226104	0.17866662173937156	0.050451079683602296	0.10162163017542031	0.3477583397384032	0.164781327241787	0.004754227527004468
0.02470877251380095	0.03687903226031035	0.19937726148865234	0.06591389689794605	0.10054900551817164	0.29549952140920493	0.26776767253452627	0.009304837377387298
0.017346819503528954	0.24387767528209892	0.20597515984320564	0.03457456407090098	0.09471287777953333	0.24695518371923048	0.15161484164255432	0.0049428781589472
0.020199607097295152	0.16219272916450947	0.2512797307240645	0.04987752291076156	0.073146300866433	0.22404131590961582	0.20827411528535572	0.010988678041964572
0.019142267767257817	0.03293940065729967	0.3128235813840523	0.0558007087174425	0.08808482540156651	0.25199147975027664	0.22469964064645337	0.014518095675651044
0.023314813394128067	0.1307932578520526	0.23940711690528954	0.053765061727261976	0.07059798204055175	0.2191575426681281	0.24465967287647455	0.018304552536113294
0.02537586339854178	0.02683658215749639	0.30304143820693336	0.04041974956708766	0.1075605894080508	0.3267713792426172	0.1609016175297508	0.009092780489521834
0.0172008798218318	0.11997591659973378	0.2063209942573671	0.06486574128460362	0.0985667922803663	0.2987990355753612	0.18225642235304546	0.012014217827690563
0.018753369388250507	0.21391003604426068	0.1677635072594822	0.06491939942647608	0.08014180018126117	0.22636594356066886	0.2158156145397534	0.012330329599846965
0.022362317585489663	0.1482603321146763	0.09953745120383546	0.032367736782462894	0.11196985463987522	0.3087445722848796	0.2658120236951135	0.01094571169366719
0.021822103714242813	0.11442907748870935	0.23729212543852451	0.06508616008597284	0.08339942541210721	0.30372557173883075	0.1580000592657525	0.01624547685585981
0.027637329144912473	0.10564849526744434	0.16678962897386612	0.0446421973226169	0.11563456980384465	0.27233775242471675	0.25203610002066884	0.015273927041929716
0.022407372508654128	0.10869342266306742	0.19307647335534517	0.04443342622419978	0.0822505748717253	0.3281047201778215	0.20501529717366884	0.016018713025517703
0.025803966874937634	0.10151014259904764	0.17862235944707464	0.04535226331109832	0.10324320771502765	0.31355598787085237	0.2268511038391062	0.005060968342855368
0.01430474792492134	0.07116913644604278	0.2490405730270181	0.04737238089636099	0.05865926409779057	0.2899598838462738	0.26418084024007316	0.005313173521519082
0.02107597235966857	0.02148412511761849	0.19339860864048578	0.032723741881030916	0.11317500245791065	0.36090853560113867	0.24221406707788584	0.01501994686426085
0.020635336911453667	0.08854054011432483	0.17901410989326894	0.04388155989577147	0.12699377826362684	0.34767804584989126	0.18343940631662803	0.009817222755034785
0.014459313411457425	0.2023331574257088	0.10635282555756509	0.05156199596951558	0.1290591292980212	0.30186157651539736	0.17779483609474733	0.016577165727586995
0.02192224052001232	0.23397543099183948	0.06345223080949616	0.03607283704753356	0.10022742869376883	0.3001525102612147	0.22657717102960465	0.017620150646530164
0.017048262926193047	0.12367311242329737	0.17871840791697838	0.03824711271484617	0.05872252149719341	0.40167125354958244	0.1698508545004419	0.012068474471467028
0.019416218276723254	0.07857719786236886	0.2684986820390869	0.057982334636501015	0.10684996635162503	0.21363039095248063	0.24437718599296876	0.010668023888245351
0.02514129263132256	0.04194600376297801	0.25811656156947793	0.03825757087698933	0.09245327512122574	0.3763526017426335	0.15398605188964384	0.013746642405728898
0.014580467216704487	0.20125278942588454	0.21133984398551736	0.0359649191238479	0.13522509867888372	0.22044088288546546	0.17357528219897078	0.007620716484725579
0.022167664665536047	0.11104741641109334	0.1475144705872325	0.06472388968921648	0.08722169405890574	0.3756560175017656	0.17410702229198752	0.01756182479426259
0.02749907395254575	0.1464246954756029	0.149466846091535	0.03546194326691732	0.09248838491582487	0.3697040293654022	0.16562518200321386	0.013329844928957918
0.016989680254285752	0.18956936994245283	0.16015187414161344	0.04297914291310756	0.08277318750996576	0.3473153292666392	0.14302473375900993	0.01719668221292535
0.02659880943610353	0.09788644181052047	0.14395629485498485	0.031136497366792512	0.08530111425478001	0.392868355487896	0.20553369559568327	0.01671879119323917
0.022797063951456392	0.179536664514771	0.09566673824746652	0.049024312798888706	0.07808952730948263	0.29680673947567454	0.2597904479585928	0.018288505743667208
0.02624748602703858	0.2289216132032727	0.08023393232919931	0.041740057209486287	0.13057525162813988	0.32594484770452636	0.16080459683793288	0.005532215060403786
0.02732442669748035	0.20703594884063642	0.12914419256573972	0.050020198992494824	0.06976591432981266	0.3134875204997376	0.19186120604771623	0.011360592026381983
0.01402681245874865	0.274394057737384	0.11202574622494835	0.03472609477838945	0.13612005764480203	0.23119745850611173	0.19310127213660805	0.004408500513007563
0.016074877660197176	0.21281229963432788	0.16093489397158459	0.0551627774783755	0.06649625705400186	0.2502188099175692	0.22943035310594176	0.008869731178001855
0.01633910513314575	0.38838582996076854	0.0656473341304549	0.030489099087247146	0.08378447876477477	0.21568073632493018	0.1818883818215961	0.01778503477708243
0.024450722146710027	0.28347162674707194	0.14731234845584507	0.032313979950611124	0.08632166149815391	0.24656280928087299	0.16879994280911303	0.01076690911162173
0.0204812194618694	0.24809632922238417	0.07092557495997576	0.040152191190385336	0.0582360153087588	0.3163680197849408	0.2281720588710031	0.017568591200682465
0.01669264648572666	0.16212784912844813	0.09645828879768947	0.04708531968737825	0.10236933816618096	0.37930318207586655	0.18409602400669978	0.011867351652010055
0.0210274683095696	0.16882776066452096	0.03849419590439021	0.03302614215886082	0.06112091097529737	0.49206571501809315	0.1790297334916462	0.006408073477621484
0.02713089484709555	0.2304204343357409	0.05721518055821709	0.04629457517102692	0.10899991487112501	0.325246114732598	0.19397992480698104	0.010712960677215236
0.01959491955392703	0.07380047165406929	0.05298408580122162	0.03433675203245391	0.09764120848674018	0.4853310365729968	0.2188458772284392	0.017465648670151768
0.018740481749685234	0.05924590758080407	0.1515105384770261	0.03272393101965562	0.08014420150999474	0.49077389846164354	0.15266561604712403	0.014195425154066396
0.025413192135954832	0.038535980555295654	0.18058274384353182	0.04695641651267801	0.07947597603231536	0.44991519652129885	0.1716839473525411	0.007436547046384107
0.014732681841138698	0.12589185673665595	0.1395480417829861	0.036042342305688924	0.12407739148283842	0.3950652970288199	0.14795436240685692	0.01668802641501485
0.02152863946136531	0.0993165228478797	0.17653193561650884	0.06041551819603597	0.09652807288465282	0.29585370665044713	0.23378585862982462	0.016039745713285425
0.02615090539533839	0.08666132748759167	0.16081197133077904	0.04533665589697966	0.12754371375054854	0.2877465393966478	0.25461062854558414	0.011138258196530582
0.01445391006176229	0.06633803423300672	0.15267987607160824	0.03321396217631731	0.09697819836418967	0.4275395419767134	0.2000119148056322	0.008784562310769961
0.014337684350087088	0.11609716870895424	0.22255055561233872	0.04672875457503729	0.13387302692572645	0.2948270400144398	0.1551569482289934	0.01642882158442277
0.016579899755390787	0.15177042695072357	0.34396486346699084	0.03584783650203274	0.0630162177414386	0.23669875669663878	0.14621109041357916	0.005910908473205301
0.02650701302369131	0.04208774353772721	0.2634254891047867	0.057756618699897025	0.13071788171592885	0.23102311920494834	0.242122746707628	0.006359388005392305
0.021838593413808532	0.025598464682676583	0.2837639737698978	0.045195339118195954	0.11542967539268363	0.2882227954613984	0.2056868627563014	0.01426429540503743
0.025505993986460057	0.068007025832144	0.21707282484271453	0.060688560139348285	0.061434824058608034	0.3291742217314141	0.22759225276986744	0.010524296639443334
0.017699150021280446	0.10406323003253332	0.23285959416659302	0.03414272956510683	0.10070144178643115	0.28084476463676905	0.21322711224187613	0.016461977549409867
0.01623016665629129	0.12487513299700362	0.23398162214111062	0.05804742970182063	0.06971210978631498	0.2403330467288784	0.2422750575950948	0.01454543439348549
0.0244947663921605	0.054073006951408875	0.3042879317096764	0.05705743557511825	0.076929362842295	0.3307784375617977	0.1450420538288639	0.00733700513867927
0.013871979442476257	0.10653744528854539	0.2756529269360537	0.045290754443660985	0.09457216061749943	0.27304334101607064	0.18648885242064417	0.004542539835049292
0.0222879623133896	0.25619044145019276	0.1582420613569494	0.06015984846426119	0.10592101367528037	0.21033638644776276	0.1738707623270167	0.012991523965147023
0.02543670117503251	0.17383664689398615	0.08057874328543708	0.041532723054555035	0.13657492708089994	0.32462918825723663	0.2046203656960432	0.01279070455680928
0.028004816231423382	0.14759404290141276	0.0608242750816084	0.04076022748952762	0.07210570937416073	0.3967703209216452	0.24358601609892283	0.010354591901298865
0.014600091161242876	0.09002812886390113	0.04814381601882062	0.06074321861011997	0.09107061415055406	0.5079928448780605	0.17161770166000026	0.015803584657300362
0.02436290688697386	0.034764802740808565	0.09758760705910223	0.0648349970396431	0.08296533461203186	0.44367730599378574	0.23611585296082582	0.015691192706828616
0.016884892006148566	0.13269029922557896	0.06618922285940082	0.03391988215904514	0.09067938342908569	0.46105547397040747	0.18367872543640126	0.01490212091393188
0.0168636548943428	0.34731404437410607	0.09401049465314576	0.06310172261019559	0.07320326314337686	0.25943290474437797	0.13840991332409486	0.0076640022563599225
0.015051810783823907	0.2864521382310292	0.04974029008930121	0.05944426093264045	0.08315131736825053	0.2814009622323893	0.21897326568787098	0.005785954674694116
0.01584837146378411	0.13806175336108087	0.042594045156279056	0.058813023150425095	0.10620190549082556	0.4308431000241819	0.19435476770408916	0.013283033649334045
0.02741255223153706	0.09722567581465164	0.06611027413962847	0.04516291505584932	0.09576701217302194	0.45304917152228297	0.1990005447570556	0.016271854305972763
0.014933264902835058	0.06691668689269611	0.18702038789810604	0.038799878732885804	0.0690775241813475	0.4634177780810227	0.14239141512860143	0.017443064182505227
0.013974843435181739	0.02549058085273126	0.1455661634348414	0.041440711636425015	0.1384257318434721	0.43628094472459233	0.18023766507429628	0.018583358998459615
0.02481726363315713	0.0733911350146812	0.19745402398966905	0.034167710893175385	0.10488448414281543	0.32595640002588366	0.2261713225128581	0.013157659787759832
0.02043237438053104	0.049218605658647635	0.32375400709196955	0.0314780949547441	0.07379855444716463	0.27976499824042755	0.21190896164814693	0.009644403578368349
0.019220391145668397	0.12002748767669762	0.2446738051569793	0.03974874918822313	0.07953026715291321	0.26261983291226504	0.21643738200471963	0.0177420847625335
0.020455370839948986	0.24028611611567652	0.12491286007535295	0.06420418697120125	0.11208779573926175	0.22317509216776774	0.21051324006469332	0.004365338026097287
0.018195268345690366	0.07703887486143049	0.24235620823297283	0.0605082813815547	0.10764930376896917	0.23868755674529962	0.24760875159934015	0.007955755064742498
0.02075587237887455	0.10183607550746548	0.3143308526603418	0.0404238684102555	0.07594203047754361	0.22088172150244856	0.21318100490097858	0.01264857416209171
0.023628234350209484	0.09324574747493725	0.32529671053791875	0.05754490203161544	0.0950281120528565	0.21924925758029837	0.17479641440569726	0.011210621566466683
0.01635327276622539	0.03394619796998863	0.3601943105558746	0.03465577293429517	0.07624057609666535	0.3171729252876737	0.15036918841877359	0.011067755970503496
0.022033824900501098	0.11510630865631322	0.2321437623346947	0.06150923560549923	0.09136910832426196	0.26092374693033893	0.2043689110648882	0.012545102183502466
0.027712117452143678	0.20832566349826398	0.13614221793077064	0.06569900087996652	0.06848283789225171	0.3305720538807311	0.1522359541092565	0.010830154356615745
0.018224971956240357	0.06835158978765392	0.13386430041978775	0.031310864785663514	0.06520949877773047	0.4607648828995028	0.21577139179358323	0.006502499579837756
0.020331282898784664	0.12993468323181856	0.12542218977397102	0.06340700485568335	0.06619961398361755	0.3907922097350627	0.19368948611198217	0.010223529409079779
0.014439301331178933	0.10588047758828603	0.1396938171377476	0.0506917050150657	0.11321518190297336	0.3824852091146852	0.17957587026031824	0.014018437649744753
0.02247686351722321	0.12482802344331603	0.2702269289211399	0.06037674029157747	0.07144215033026273	0.2711244127997261	0.16759323950086366	0.011931641195890658
0.02388747970228998	0.061683582321698904	0.2827319750425611	0.05519916840906114	0.12970766528660416	0.2742019418798786	0.1568433634833214	0.01574482387458452
0.0275449027102269	0.06972708617714093	0.2392104972366482	0.04521766559269709	0.12056117988723906	0.3476006930072617	0.13757477159486578	0.012563203793920202
0.020898117896105545	0.07901967228711292	0.22340521874355304	0.031251924880070475	0.09500431174781937	0.272063125584602	0.26792883715985105	0.010428791700885426
0.027137286820451995	0.0596013598009239	0.18338027216621056	0.030736466564347295	0.10787899708907783	0.3675837541813687	0.20585092716787107	0.017830936209748502
0.026337272168936637	0.07097406907633466	0.1276292765027038	0.0609117402275173	0.12271637613551592	0.41284856239463363	0.1734516130330787	0.0051310904612790476
0.02194379520066718	0.10168737153838191	0.2694935908532552	0.05296086037033354	0.0877500866819273	0.288637216653349	0.1659552178561772	0.011571860845908541
0.018018954279852964	0.06741332046508172	0.25122454171831077	0.05030705667154865	0.13691126300826367	0.32398744956517056	0.13855075941500122	0.013586654876770202
0.015022650487397926	0.1118147960203864	0.1768070450858036	0.03925729876052261	0.09197023757342151	0.29544121942431223	0.264014026309461	0.00567272633869445
0.021286895896616462	0.05029774342733627	0.10100389530065879	0.037884709238991246	0.11206557965234981	0.3980269873951784	0.2659733035111029	0.013460885577766007
0.02414799869250589	0.11446687426238077	0.1728433860054761	0.04163732381711152	0.0961985690300596	0.39922987046404623	0.14334707649529455	0.008128901233125235
0.019587058346125397	0.12390080772413822	0.1782802282713346	0.05849641382118313	0.06947316167806825	0.3679574214036073	0.17147718935461093	0.01082771940093194
0.024075394148182105	0.13299137991208795	0.10310719567645851	0.031474554664784535	0.07279769854883245	0.41342032990212374	0.2167551959127869	0.0053782512347436695
0.0199266978767675	0.16370725474796063	0.0708603431646738	0.06133204105457159	0.11612013847904544	0.3870739502020535	0.17615960727310342	0.004819967201823927
0.015030629358771044	0.20767942552044966	0.12092304705429238	0.047616606887168275	0.08032064623493933	0.27974055353773997	0.23501803005531305	0.013671061351326091
