0.03878588499020308	0.05522503533993124	0.04394548565995683	0.07642829892560889	0.10339887659262655	0.2568555407936506	0.13436021167681703	0.07714341926173468	0.04906040422211974	0.16479684253735138
0.051975171241465966	0.056959603588408216	0.039471288341303236	0.10611640701632423	0.11640891105641767	0.23550099967698668	0.11917733643741854	0.06494925791718797	0.012911570649473098	0.19652945407501438
0.06891887502658432	0.03440056098629997	0.17701104124454375	0.06952853037964435	0.10472882584675437	0.17700324115591343	0.11109563841936354	0.07472666021956142	0.01773126806058796	0.16485535866074685
0.0630505724865695	0.04373155866419094	0.13472604285720707	0.07793393877058849	0.10731755200814211	0.20685123669648506	0.13762234951621163	0.06163660483247189	0.01919896808742308	0.14793117608071016
0.1389811500539691	0.03370047695754329	0.046335188527500404	0.17742897325837254	0.07315135399871364	0.13630553506701487	0.09025471213985502	0.05280263633867691	0.040551049335659325	0.21048892432269478
0.12071063717949745	0.040362439143267	0.06498901727056092	0.09160736427410057	0.07390830002031361	0.25217870060095215	0.10594328509274958	0.05589486014419097	0.045051752836020593	0.14935364343834712
0.08849494994765314	0.0341287502499493	0.09479505205306561	0.07108050792247766	0.10470891686760316	0.19732012673530602	0.0892087488386489	0.07467099117427706	0.02510315173667836	0.22048880447434072
0.0390580779006509	0.038746723224832934	0.04636246342659325	0.13756201852157302	0.10811489514643896	0.23421826421112857	0.10589384893617212	0.05944367912500571	0.01950460938057834	0.2110954201270262
0.2037868528172051	0.046989278610048	0.04857501762840722	0.04154765913915833	0.07309397870431536	0.1570704885524261	0.11698177605173761	0.07320841566012809	0.04155079873504633	0.19719573410152763
0.03117966715303512	0.057561603400269286	0.27812591188805796	0.030457172915729802	0.09409876931340098	0.13558605298030657	0.11965975357779174	0.07677193227900034	0.02895746881681907	0.1476016676755892
0.01645877438448823	0.050722764229924354	0.2316264364806992	0.0692697209365336	0.11485861056914552	0.1312637791925098	0.129866281975278	0.08075373211636429	0.02035487751171594	0.15482502260334116
0.04868897551114043	0.03585121221532883	0.21154921888759703	0.07464319229801172	0.09026965601734314	0.13071548423352455	0.09036442008706097	0.07617973760433791	0.0198051409815522	0.2219329621641032
0.07843655169374317	0.05311693077621504	0.11973181706916383	0.1005159077395195	0.11966789893156973	0.13779307445610234	0.10396287860336147	0.06284249827145917	0.03252114983350128	0.19141129262536444
0.04068143901235648	0.04773213679593357	0.09231379427782913	0.07916229062842535	0.0951983786297671	0.2603437368568856	0.09586198849003039	0.06666950572168862	0.043275906407607756	0.178760823179476
0.03858133456503923	0.050874461633542624	0.06913448396585826	0.1553273830362973	0.11310112542541026	0.20633358232843252	0.08732572104698044	0.06374487218675681	0.049547918317732774	0.16602911749394983
0.04183221899903729	0.04079709187257758	0.08650232412975256	0.19703114997307886	0.10778752271293496	0.14959188496013562	0.10613771141750289	0.06728732027332539	0.016934879523125432	0.18609789613852945
0.03519431343859758	0.05300089380771322	0.0595997386359361	0.11412653620159714	0.0905786083893367	0.22307107931882714	0.0951659001251995	0.06062837457647172	0.047744412895374476	0.22089014261094642
0.016561285312804583	0.034583437502043485	0.059851849283259255	0.18502614071475143	0.1016634557010296	0.2074118753562882	0.12907203212560397	0.06366911640642306	0.04596648150109094	0.1561943260967055
0.04027891211883059	0.03307872487493162	0.11888537017573741	0.08813785637181909	0.10630525532012843	0.23130157166370413	0.09880360610763886	0.06548928591885828	0.015355911496558808	0.2023635059517928
0.11459101743174993	0.05581510554299532	0.07588851886172347	0.14924121687532296	0.10780986824384525	0.13340862856610972	0.10666148368802406	0.060226467318826915	0.024088124602997335	0.17226956886840494
0.05512587333286974	0.051486282439902595	0.13166892385215542	0.04003186233619266	0.0858531066115279	0.2422393078547792	0.13239903384788748	0.05246866414810829	0.01656538322529283	0.19216156235128395
0.031174670793571294	0.05297923984738151	0.07469728774257244	0.13276586661144615	0.0956825066829598	0.18924807332838456	0.10926105489920705	0.06501564086230092	0.04934342131391198	0.19983223791826432
0.04710120208359583	0.03433657614595789	0.17480396705513196	0.15892991213042781	0.08153825083938837	0.15843510496578678	0.09658573082940973	0.06306219596484766	0.03773984830642128	0.1474672116790327
0.16440130828710509	0.03479351440889687	0.09721919363542207	0.07052628494769961	0.0841644273845387	0.1383638047160652	0.1041344938102406	0.06434410507685936	0.04927623618656812	0.19277663154660424
0.08093759247740889	0.04945516978012714	0.09238291249498763	0.1454056935704229	0.11253313585955356	0.12744985273880957	0.11589244506115283	0.08234708690973656	0.01725565486716915	0.17634045624063166
0.04640487559905116	0.05828494414310097	0.11163424042591746	0.1119895641729607	0.08602161165478645	0.19394637580215973	0.11608097688916744	0.06570789573037762	0.04433807700170909	0.1655914385807694
0.10081100215550501	0.05588732565099234	0.09564433231007266	0.0834175097221347	0.1063593446262416	0.1438390387952464	0.11110488150285187	0.056259048814912366	0.03774231205353707	0.20893520436850593
0.020168216465083585	0.04079170374660151	0.08237642434041145	0.22425131805795695	0.0833784547504994	0.14458646461905408	0.10953592639452733	0.056892475060973564	0.02336177330834667	0.2146572432565455
0.13426356917456547	0.05668809113929746	0.040291244071268176	0.12123886195499937	0.07625414893914693	0.16799523251015253	0.13104838001038008	0.07912807489714986	0.028375104541225618	0.1647172927618144
0.13554490149274542	0.0490289170348401	0.09730578633212461	0.05964566010574191	0.08572815878997492	0.16170993532579983	0.1031207594105678	0.07412536895947433	0.03631752182147685	0.19747299072725413
0.10059761542499605	0.054864780111871445	0.048008877793358815	0.14476991589725116	0.11585700391119344	0.18169102667161666	0.10142696975891419	0.05651458698227015	0.03281427815053571	0.16345494529799232
0.015545337489698136	0.05415696185759515	0.23477914957952417	0.030696824147055532	0.1071230097789799	0.16450269460064243	0.13803483104856784	0.06736233294071105	0.03567695094499526	0.15212190761223052
0.06390855033258241	0.03334121364766117	0.15560380459369177	0.0664248004217663	0.07276351247981283	0.21815010038713137	0.08554380996451907	0.07394682881220586	0.03785432012865643	0.19246305923197277
0.13146814335753748	0.03806768231455763	0.061317979322811904	0.14889131190437171	0.07828484702463648	0.16144377057136594	0.1261183425525036	0.05933691217044801	0.0193676481879297	0.17570336259383748
0.15681642977042773	0.03999215067951129	0.09165189729597892	0.0421563372024607	0.11134005433284237	0.23095256961519978	0.09327228581639264	0.0592535638721066	0.016613546757187972	0.15795116465789186
0.1918377099338882	0.042865099769301404	0.034790859176656946	0.024315620004572602	0.09347247259313084	0.24943528311244068	0.10811571141743571	0.0691576363335028	0.013990344384226833	0.17201926327484385
0.12808393211142077	0.04352740036190608	0.07681412488177042	0.04169504557972742	0.10116996252343202	0.1730306475076356	0.12369700330222232	0.08082918390147319	0.033550460118488154	0.19760223971192392
0.03559064852154151	0.040461539145010175	0.16170005765149914	0.13983340503913683	0.0941760136910525	0.15311161498636558	0.11621045969056257	0.05290002053500112	0.026289368294814958	0.17972687244501567
0.01834518691926594	0.05308087845569755	0.03769051682941592	0.17703280394019263	0.11045695560169105	0.19143197696033903	0.1268747782336477	0.06674135999560812	0.02122579237535259	0.19711975068878948
0.023212182740655632	0.050649485304492446	0.19504349174866958	0.05799033171892678	0.10324854419803384	0.1259747361475376	0.09857597998348963	0.07701995943367893	0.04873695274725047	0.2195483359772651
0.01893048961416134	0.051006654159813807	0.05282337531830249	0.20181321180743367	0.10884156367179271	0.15284387461177174	0.09785688769618439	0.0629743851379564	0.0351606610780129	0.21774889690457058
0.05272827003994429	0.04871876604208017	0.12771805205677408	0.13582815467959558	0.07605162539449152	0.14646452129273996	0.1234274096015191	0.07742622879927487	0.04025616883451914	0.1713808032590613
0.07940547964903356	0.0331565728304712	0.14178752389143764	0.049355004765066345	0.10042454141111883	0.2076355199301731	0.12928237230422296	0.060874092226999854	0.0324460255854849	0.16563286740599154
0.12958686354944032	0.05552669783214506	0.11077846589826981	0.02250818181069382	0.07597725863802476	0.22613441119667788	0.09500925614122926	0.06927020034149034	0.017789168566640923	0.19741949602538772
0.02474839856221618	0.05263761834619069	0.12677011929479837	0.14882693976694378	0.08098012958163253	0.1765036262310935	0.10925961820721233	0.08167724844275034	0.03476553659203767	0.1638307649751246
0.019840932747551693	0.05464697327891358	0.08451538032769107	0.1117888359843794	0.08987883465802861	0.24455010674084954	0.114664783481752	0.07473589865203475	0.04273764373696698	0.16264061039183242
0.20110565663838048	0.0391683822746103	0.03539429396778254	0.10291892248863051	0.09827643187859061	0.1999281920280975	0.10018355733461774	0.05365757362483974	0.02110554520711541	0.14826144455733503
0.038820134147776866	0.03490662966122375	0.06979881065101533	0.21265325115645373	0.08080790144036744	0.16018453146346334	0.11286279669562671	0.05883947420710362	0.038429458322414116	0.19269701225455516
0.10403504307482389	0.04806358147913269	0.05198133247675336	0.10824517170988401	0.11186125985843032	0.21190423599228347	0.11340729742206049	0.07946227582190725	0.016909395627195026	0.15413040653752946
0.048833235278223024	0.039038215032397176	0.14579006640421507	0.1617706342347893	0.08064894848012458	0.12754207720105118	0.11842606565423437	0.07082982179237331	0.03397588680844438	0.17314504911414763
0.18928348871460737	0.04494467503092631	0.057208794025917595	0.07347077731116601	0.07445268148517821	0.13564455577391832	0.10609536903259327	0.06062341010002002	0.03327646062778086	0.22499978789789193
0.02658049611189585	0.049937795632820685	0.10589833055169005	0.20158622113640173	0.11546226381525942	0.15543331294704946	0.08600318393917404	0.056563181778307825	0.04856239401258194	0.153972820074819
0.04619867380140136	0.03514878820529806	0.048903728128778176	0.12975133349749995	0.08259846430842899	0.2658669460416727	0.10004062124759949	0.07749609365496855	0.034411299893111674	0.17958405122124105
0.138093460290383	0.04352998248115283	0.0937443382581874	0.0345684234550319	0.11546118685290403	0.19374835645851313	0.08828139122790524	0.06332837515804288	0.01601876006169091	0.21322572575618853
0.068819293907135	0.03992096502913303	0.08345803536865028	0.14576811329621955	0.11984119580048745	0.1655793822599274	0.12999607079985437	0.06280999247551267	0.03024758969568679	0.1535593613673934
0.02303338157447167	0.036830153900317616	0.10536992935259794	0.10327657990413583	0.11065212377182562	0.19328968032346722	0.11624160196190571	0.05557151679925979	0.04471899388384759	0.21101603852817102
0.0613547507838713	0.05283733060689081	0.07667313734057501	0.09448590861155627	0.07525528592719871	0.24619607070009586	0.13059989203441266	0.06002780582943735	0.02070183547996994	0.18186798268599205
0.08375228809575791	0.055616593906111476	0.12468294024674959	0.04300082721785226	0.11839213101719141	0.1442525037975835	0.11842811681372148	0.05458141157522801	0.04512301231115939	0.21217017501864494
0.04240711210272409	0.042829181946699144	0.11648887001491018	0.12235043474884431	0.08866372137806994	0.16655260795698787	0.11124584851774913	0.06514086327861329	0.024636587772018437	0.21968477228338362
0.15272023277014868	0.05614854054869468	0.051674420981870105	0.12257822878430527	0.09881356136809245	0.12867442881707908	0.10045882391207438	0.053932286348392415	0.04093740369018711	0.19406207277915571
0.07824167526661427	0.058485741341967	0.040822195344431204	0.18510866938748688	0.07460956041427233	0.1934956479367161	0.11901353658840397	0.056329636453054555	0.024023784844597287	0.16986955242245638
0.1688121452758311	0.047358528988754874	0.12704899523376356	0.08460724737555225	0.07177417294699653	0.1266836584894169	0.11487544278394184	0.06105711564963233	0.023666003173025876	0.17411669008308467
0.06742368094709375	0.051852844114003045	0.13345513147877003	0.10256401917321574	0.08469989464710073	0.1292434792922468	0.11663600829258253	0.07318717589621512	0.028254356311593593	0.21268340984717862
0.015343827984379721	0.04923399879742761	0.1329228321162602	0.08235765045815263	0.09072602714307662	0.20902328157548683	0.10754875067921756	0.060895637312624255	0.049199845505352766	0.20274814842802186
0.0988405166595955	0.041177614318744164	0.06291887832660309	0.0638815649140432	0.10467623630236371	0.22497517186848326	0.11714609269105691	0.07973686225290878	0.04858102707335372	0.15806603559284757
0.044931376142434	0.050785290355234755	0.15659844069013085	0.06270715697496057	0.07322791668094247	0.17882183243475708	0.09439194576057466	0.07992407276938746	0.03872485410882772	0.21988711408275047
0.09661549309128059	0.04143933868268147	0.13265787439671567	0.10707477890548388	0.11365085037621135	0.12371152640722101	0.1106937850749436	0.062355506086079926	0.039436379492748086	0.17236446748663437
0.03376059635375683	0.04375719881290478	0.06214553461189856	0.23354471534105203	0.11894867627207263	0.13252216723194318	0.11867323892145798	0.0589334237645797	0.02712523236662691	0.17058921632370738
0.12037728902717587	0.04053928071699159	0.08689044093606609	0.040690609531792016	0.09430276716815574	0.2500901764531589	0.12278498280689039	0.06445855130391981	0.03382957286962436	0.14603632918622517
0.07568824661362017	0.05608423661796436	0.15006306070961273	0.03340316698282893	0.09470539753879438	0.2065546464311547	0.11684510027777466	0.06382936237693079	0.019400249131757544	0.18342653331956166
0.17886728587069778	0.04382508322519995	0.05096940281107514	0.045031150563447996	0.09843361145225836	0.22592918151320945	0.11041783641059177	0.05979240992388186	0.03143845127235767	0.15529558695727994
0.04927896331504146	0.05845883900797631	0.14877590240843688	0.02739317525210172	0.10180340266066548	0.14712696387051907	0.13438517336666905	0.08131066265976034	0.04188968494453	0.20957723251429972
0.032613371769720775	0.047868732526022965	0.04696361527863855	0.1696548125294185	0.08990455997513316	0.21774821731297517	0.12770584116728312	0.08143296733482504	0.015580192174410076	0.17052768993157263
0.07916522979815895	0.04542335581941205	0.11599655626101585	0.09402104712071983	0.11846878251686117	0.16306748651310232	0.08970400858144793	0.07457310988683208	0.030432513767139263	0.18914790973531054
0.0972937695452954	0.04728332073166652	0.08196665641754065	0.13186236422137326	0.08673110267439925	0.11890978246401733	0.1253020885214763	0.06057248386066898	0.025401434396798525	0.2246769971667637
0.16281420373717953	0.04116740131912089	0.09327494839346247	0.03961922189937685	0.08972132536946097	0.24291632379378597	0.08891675734273113	0.05376494735771613	0.0370503955758021	0.15075447521136381
0.14702219656863574	0.04358880150893214	0.12565932607848845	0.0982203172278024	0.07690429310677105	0.13071555259818485	0.08652047338587213	0.07989465078516414	0.048128383496711793	0.16334600524343723
0.11120890799830865	0.05371313741934599	0.12648852305940947	0.08230836828309661	0.09253859512923686	0.1517933393162775	0.10627773031666915	0.07792601653747933	0.016805364400164613	0.1809400175400117
0.01263090287462916	0.05798385855341881	0.08418185672543917	0.22871022297954385	0.07770174255202057	0.14620125916967752	0.12779594532392718	0.05944677417412587	0.021323585330321762	0.18402385231689616
0.09609022239259048	0.049644159002877025	0.12241865684916442	0.07834585709578287	0.08845759088719153	0.1729915990856334	0.11285585386365755	0.07327322114627596	0.048333782368464695	0.15758905730836198
0.04060100311787429	0.05188935271155966	0.2623261102436159	0.07824055250403858	0.10497247665759596	0.12033917841031727	0.08354466280992157	0.07419527612642066	0.0349327399755916	0.14895864744306458
0.11033664122159174	0.03351318837723946	0.11252589952938527	0.07824846614070409	0.10984247395698787	0.1774575649145325	0.12593287662963568	0.06652987071421945	0.033067378954270615	0.1525456395614333
0.029782142872925535	0.04213158738793562	0.03583794300842558	0.17718515319884237	0.10478488095040776	0.16628031529671194	0.12419674147765242	0.07685300184807667	0.02893753349753453	0.21401070046148768
0.13218174093124582	0.04339249498285421	0.11062616001813014	0.06389138468693331	0.09730274250227375	0.14012340351173014	0.10493558977776883	0.08096468930765799	0.017570185356615295	0.20901160892479043
0.02698968890446883	0.05124122542304801	0.04774494940967802	0.18774831218851817	0.08383860964728296	0.15139380774927133	0.13832066996980685	0.07290150589920844	0.04036594335920347	0.19945528744951393
0.0977231754788899	0.04663668179180021	0.07829421204807496	0.16126513986053698	0.11466285749619581	0.15733233107031458	0.09926383771882899	0.056398968533099135	0.034829320426931806	0.15359347557532763
0.08328208838903992	0.048823948505316045	0.034680560346597264	0.1375123494136546	0.110148060342807	0.15701167180322356	0.09556410515562276	0.06465072188304793	0.04673483950491434	0.22159165465577652
0.11477800767108144	0.040553212253549284	0.036560741417169584	0.12767044440119932	0.07763332420378091	0.21583734082630343	0.09694089314406937	0.06557222270959813	0.028503056039240457	0.19595075733400807
0.08696062288345474	0.036301013072521024	0.083718871976975	0.06183485627120168	0.07111648959748595	0.2344233630389725	0.13539857580824793	0.07597078583572964	0.04919245074188831	0.16508297077352319
0.13021647947440435	0.04310818066873519	0.19858957793100074	0.043839728517722026	0.0965679741603359	0.1384467901146913	0.0845756496852073	0.06395460111949855	0.028266457233751194	0.17243456109465338
0.1329133537569052	0.034895753809101746	0.222773803717148	0.04044763307056323	0.07772269445801518	0.17652809167773054	0.0832834548675818	0.06580677674950497	0.01701486216008312	0.1486135757333661
0.12810864166540997	0.03609417452234889	0.054139079663682116	0.07965620743410781	0.08178179809023177	0.2125906415392439	0.12900661155609622	0.07674376307752162	0.024269830610774604	0.17760925184058302
0.046560100994844686	0.042578989995191996	0.057776855479197246	0.1490218102103109	0.1133651514955601	0.19478421493028092	0.11723359763548269	0.05813731246737113	0.016163831133204368	0.204378135658556
0.049886543394738615	0.034103506677597595	0.11012153654620759	0.12827511085501844	0.10946479730929973	0.12897140953411693	0.13512396012042166	0.06241152238952863	0.03144820362054429	0.21019340955252652
0.02408879737880655	0.04535233013593089	0.07641383033309052	0.10413843818853377	0.07531743575409894	0.23802116352409458	0.12019205246670589	0.0778465897866773	0.02575099439552217	0.21287836803653942
0.014549793359645083	0.04798623457049971	0.09298604953781399	0.19685880157755745	0.09229118047235844	0.2018281866477355	0.10925597819477086	0.0572372848820067	0.012702933674921923	0.1743035570826904
0.06008811897101058	0.0587175418800151	0.09333074050023032	0.09312249495124506	0.10272130942306118	0.18008401600407264	0.11532983081323514	0.07392825329531286	0.04724144955629342	0.1754362446055237
0.11526450317149892	0.04324453748345801	0.12178138355842658	0.08154620440043839	0.1029405071053055	0.13030079473225567	0.1276670702483348	0.05986173211406083	0.017150243639203658	0.20024302354701762
0.013706096717816488	0.034401759182557876	0.1842972957245886	0.21968633024277234	0.07109469480578734	0.12733958587397984	0.095962159811427	0.07885859177900204	0.02015545706497307	0.15449802879709545
0.05434724874734134	0.04172810313593742	0.21091574767645113	0.07466122328750646	0.07776785385635404	0.1552774460986216	0.09817199796922853	0.056715641550867654	0.03993068549256972	0.1904840521851221
0.1331792685126158	0.04251827878069226	0.06110489414140695	0.08460257180620274	0.09959171864265236	0.1587522991305806	0.12119959314978407	0.0647411873502209	0.038902978035820185	0.19540721045002402
0.055033509398133194	0.04861352908615082	0.04726080982161737	0.16123997166597903	0.07514322905819981	0.24999302713445565	0.11339033867665846	0.05237425832654372	0.03362554365850534	0.16332578317375662
0.06579242449882378	0.0402363249396271	0.08159642906949	0.19616273788238495	0.08455230478273904	0.16221996724494459	0.11859161716249136	0.06746570497303198	0.03436889362894917	0.14901359581751805
0.057920221458233466	0.0479164921950328	0.23657869201288	0.06817590127334441	0.09700624737140799	0.15386424454415032	0.08528149399838528	0.05323569436438032	0.03787717309974399	0.16214383968244148
0.04532651800144801	0.04611663844384268	0.03871701487605423	0.12710466404677603	0.08565983952151768	0.194447682621269	0.12292246559384104	0.08032901183004276	0.04018911794170789	0.21918704712350068
0.07977052732984927	0.038701691177380496	0.12275475740588766	0.05297492509106991	0.09576700793136805	0.2419043958011179	0.09893531607101315	0.053170724915357764	0.01555180744265243	0.20046884683430333
0.1397519978285438	0.03442376010436801	0.059032263405508434	0.12369622904848879	0.1080076984569031	0.15442879451203878	0.10925101121128594	0.061052156409813166	0.04155878991208714	0.1687972991109627
0.14637422386091758	0.057638067253729504	0.09713861344669798	0.0922770161933147	0.08779785674237578	0.17691932922637704	0.10344872404014299	0.06211354283430134	0.021047978707172482	0.15524464769497054
0.06705757219150926	0.053574998242587636	0.07493443609588088	0.16179031359799917	0.07355314677926136	0.12312096931741467	0.12093004117133774	0.07670040836547094	0.035269213992797685	0.21306890024574066
0.07453877844104914	0.056659884701158625	0.174159008643457	0.02257691008515461	0.11375926490333893	0.13170568249940107	0.10374308387787545	0.07304334445882432	0.024290986856539507	0.2255230555332013
0.07477940402528971	0.0580499162920397	0.06672154471476277	0.12585397088045952	0.09874953253216205	0.2097058642188263	0.1008340049145948	0.06019868672775028	0.021184829611073777	0.18392224608304106
0.21287455357191984	0.03373848338909559	0.07321511470805685	0.0986719793142663	0.07322011912358536	0.14061471715023072	0.11040848146493712	0.05390176250573844	0.017539352410256448	0.18581543636191317
0.1586376094567384	0.03828937964355008	0.051528677124335995	0.03427079085735979	0.09650168120424801	0.19195470121434943	0.11199432924745778	0.06783886653429697	0.04212578929572268	0.20685817542194074
0.015387087258194529	0.04143801409181297	0.1593551737332806	0.0369101467860843	0.11455908617581752	0.19450646586498077	0.13906573796214253	0.06104984799029025	0.024294646409393314	0.2134337937280033
0.11181199703562558	0.04297374784441162	0.06016684084738697	0.08110155318695378	0.11938186207447526	0.17224826407346158	0.1005490236610564	0.07418450052756259	0.015031888703994772	0.2225503220450714
0.021185957590282245	0.035077733388226215	0.04456594770111663	0.22016650043793579	0.10358719176786729	0.22069853429342362	0.08814378625396892	0.05321627335919317	0.016725542779667937	0.19663253242831824
0.05097524354368811	0.057831766242877225	0.2032969630204911	0.09426040294484542	0.10686014260775423	0.11762110402041612	0.10951983318111212	0.07665299962743509	0.026814109951097356	0.15616743486028323
0.04391118187064533	0.0488928734013413	0.05294796072472429	0.05385971838866239	0.10962582123881318	0.2596714216466556	0.110278897955748	0.07869505202144025	0.048158105808559275	0.1939589669434104
0.014848136312715851	0.04175217097563092	0.18291112631372075	0.10027024035528104	0.09904871749906155	0.16615966790964104	0.11926966801989525	0.05851723702773446	0.014255769601203505	0.20296726598511566
0.031186710115001362	0.04320574493686681	0.22768363090817106	0.06627246640785688	0.10929019586172217	0.1398123524972333	0.11547104160699499	0.08118375874784153	0.033367932542484866	0.152526166375827
0.12754878776681824	0.05005881290184469	0.05316899859841431	0.09078598948627334	0.0706633839751124	0.1853224669930708	0.1381202062377169	0.06101914597308221	0.025973855229595333	0.19733835283807172
0.020560648895006625	0.03798672823721517	0.0473967755087975	0.22474451271271745	0.07811798823427532	0.2155030542193345	0.11657659267108664	0.05805349556826029	0.023141776680092027	0.17791842727321452
0.08580518097801085	0.03342730805350398	0.13153359089296537	0.1487165512672061	0.10414460311236366	0.11978400468748253	0.08566437387618954	0.061057151382277824	0.04456257862351482	0.1853046571264853
0.16877514306890157	0.039724524357719206	0.08675433451442496	0.07391854517623929	0.09858675928212432	0.12422856404923545	0.10234287096099841	0.073113374311099	0.027878208289631876	0.20467767598962583
0.17413559430637526	0.04618839899067392	0.0357717241407408	0.040655353356816276	0.09489956682214158	0.18752415780291223	0.10626963130015069	0.07159684132471855	0.02317598345841873	0.21978274849705193
0.10685154047752805	0.04252616100089335	0.14590013438839478	0.08258387644121146	0.09594989020105517	0.152374219553212	0.11150496381953115	0.07242885391444501	0.01487306077720997	0.175007299426519
0.07457293045191969	0.0543851943680274	0.05716836151794407	0.165527510603584	0.07380754991324004	0.20177359106625498	0.11244559185242026	0.05975911690414356	0.04133714789727711	0.15922300542518886
0.056185875437329814	0.04677625981789771	0.2149929390634417	0.04499936497007731	0.09733875694476368	0.12858450590171355	0.13783445690594467	0.05227910756372259	0.029622557997800683	0.1913861753973083
0.05418997920525828	0.05500950736949548	0.08897135419987195	0.0938269577490565	0.11509321721630551	0.19253240708415825	0.1280856339838387	0.0781673998439407	0.014190248586195373	0.17993329476187922
0.056070355331850355	0.05096539466232691	0.03960206658033748	0.20157257542396767	0.08965137298345424	0.1704190430728652	0.09583676202576602	0.055142722155533175	0.028157525154347385	0.21258218260955156
0.06693787910223208	0.035478010606161986	0.1602018071492828	0.13017069308715168	0.09482781819049578	0.12420716266871486	0.1111668071144596	0.05812218034549425	0.032797364905325976	0.18609027683068097
0.0710147921229796	0.0445039587410868	0.23131297448898624	0.0677498097752135	0.08374371358894048	0.1568973616508569	0.09751776571289504	0.05324629297045591	0.03975196190661805	0.15426136904196747
0.1757174698393163	0.03741304898186354	0.10957722684682827	0.08927392237526477	0.08875162729707683	0.17703287811986623	0.0873703283500522	0.06656633232085869	0.021465978789271256	0.14683118707960172
0.21641626243615059	0.04329469828156477	0.12521311344106145	0.028666053700254324	0.11967494761514971	0.11864266713453847	0.10866104365516634	0.061480006872330316	0.0296704058998028	0.14828080096398105
0.02028373103065277	0.0474372468416497	0.0328979758451253	0.1768568005357331	0.07134703701487816	0.24015419909681296	0.1334095440499211	0.05546366593127942	0.013437469580650632	0.20871233007329687
0.12229720416288231	0.057988726201720485	0.11945493577221383	0.09946734421494292	0.08765054691341617	0.18500949232717134	0.09404359152662711	0.06348319786735962	0.022408142054182817	0.14819681895948328
0.16035773655238994	0.055100248577787975	0.08205498737346839	0.03914441619802881	0.09770624441350757	0.20288296761150415	0.08861975982725155	0.0719882758021289	0.020083109264806984	0.18206225437912565
0.027249945755253094	0.04778060829546481	0.18525871183009557	0.1510709440656505	0.07494189897608206	0.12172015331031953	0.08740543189577493	0.07807058423557084	0.03240194188258158	0.19409977975320714
0.07692229806660592	0.05487865444953041	0.032116374308629445	0.12460080656720375	0.07221760185744032	0.20227620488595668	0.13081054855660962	0.06331729003495586	0.021406071791528092	0.22145414948153985
0.1364050387581618	0.05140637605372712	0.10695600859688878	0.07774911375134394	0.11558577109683955	0.12102008384781297	0.13647528246595994	0.054477525544160986	0.035932679756569746	0.1639921201285351
0.05940242185089684	0.05089589196840744	0.13125856780567768	0.14312756085761752	0.08984302370043457	0.17535235960730078	0.09330222875130204	0.0594884376111501	0.026050168800919662	0.1712793390462934
0.08806722086346233	0.05017055615649353	0.09790308378925282	0.09378358624856316	0.09305781419616047	0.13350136412183244	0.13385909114881014	0.06751267619759344	0.026759357256681007	0.21538525002115066
0.0211891253027658	0.05786566481970952	0.09936133072215321	0.07428672034043693	0.08430306263258114	0.2563435061436361	0.08865541159883512	0.07193283594706618	0.020786367813963716	0.2252759746788523
0.08322241349159688	0.041480591562734426	0.14368575757428764	0.0856179243242989	0.10211921240004657	0.13468527986580306	0.13435958213870164	0.07094755882265294	0.014718544249449725	0.18916313557042821
0.025431714885645787	0.041433930488009627	0.1160306536637627	0.12251992557171619	0.10334485315245269	0.2230189250754599	0.11576905175462969	0.0734374073499315	0.03383233530254687	0.14518120275584503
0.06625667324049667	0.051393938064272296	0.09242305812891308	0.1049711425665835	0.0932511145185977	0.19324901294141264	0.13498082239133327	0.08074442885951293	0.0223487510376736	0.16038105825120427
0.02945726495488045	0.0362362375867812	0.1937458100474707	0.13918439137168465	0.08961766015238329	0.17324745742835748	0.1027007313719008	0.0678693478184526	0.019446526166355976	0.14849457310173286
0.029330044752029383	0.052123908483635774	0.0833626202201201	0.12026232267060447	0.11533614045864403	0.1975545638540458	0.137991925213506	0.06554245049768584	0.041985211226060574	0.156510812623668
0.19109598776596826	0.04026490164379512	0.04360596847912865	0.02836699416551379	0.11392257075478829	0.18432350993773872	0.08791753091059722	0.07011072275445962	0.015212760058010935	0.22517905352999928
0.05537841407070204	0.037774653034842	0.05887637854064786	0.13760604806608134	0.10511346153372993	0.20714919250358943	0.1054795218346457	0.07254642626806729	0.01248210991871504	0.20759379422897936
0.15040509128840407	0.045354899118176834	0.09407197386588918	0.051618570849018	0.07125858698148971	0.1705059021717698	0.1194108269635516	0.07016314851106156	0.045037763890942537	0.18217323635969662
0.07762441491216315	0.0561042695743397	0.14313836962138032	0.027381415790357355	0.11163045881722872	0.20458459296433787	0.1207145383796539	0.06296730377500287	0.024875954392502342	0.17097868177303374
0.027585728142616978	0.05655875858853025	0.15058991387498144	0.09593954270392409	0.09191493831720364	0.2112904519564179	0.09589170909028222	0.07254832356919008	0.04648730858184562	0.15119332517500778
0.16938236102044937	0.04952088663938941	0.04323517164548843	0.04710351345210754	0.09554263764450523	0.23593480841582365	0.08889648472640543	0.06213401308628005	0.01727549214359253	0.19097463122595826
0.035515003213458615	0.05518151733718138	0.22063436150459106	0.11068751060433646	0.08476206052328691	0.16482364173094832	0.09850741916125676	0.0654198287388986	0.012801808200598785	0.15166684898544314
0.1101312426521632	0.037304626258396936	0.10448914381009536	0.0688849623712007	0.07776577331003531	0.15985796084272655	0.11591348604308216	0.07103383125433341	0.04680314760895826	0.20781582584900804
0.058819479705109354	0.05529902020461327	0.03586587442026988	0.21063249339782503	0.1038684193822399	0.16205905343675683	0.11814028709919114	0.06050879620915465	0.018712708633474934	0.176093867511365
0.03310537485705077	0.04093591324876851	0.09606204970493669	0.1846163016029584	0.08351301414510426	0.198782469786979	0.12642060674723227	0.06308265287541814	0.024418079031689258	0.14906353799986272
0.05251370373117335	0.05572331449543108	0.11023707605610805	0.19512167312514123	0.10174983861514539	0.14997036035321532	0.09513415186398956	0.05377237952113075	0.03895971609433669	0.14681778614432855
0.01682940606157289	0.05783769686188135	0.1322773929294162	0.1346650173600973	0.0740871547699416	0.210962126575858	0.09530893761405933	0.07842445527297787	0.040729807926234055	0.15887800462796142
0.11023813013059107	0.04667208792648388	0.06561252575262644	0.024410060228464966	0.07514719172697251	0.2541237550984833	0.1103525886750767	0.06332493897990374	0.03518509634898831	0.21493362513240905
0.10611011193579309	0.05876605643222924	0.048599972403278464	0.13299472788053995	0.09007049144401917	0.13267940680739948	0.134007319196799	0.0699901408168842	0.044515678116416595	0.1822660949666408
0.03483304531287286	0.04326242338386591	0.04051611980940556	0.10768496650796719	0.09525953966944688	0.26278980326297874	0.12505366294502354	0.08206477486953366	0.03955993837960787	0.16897572585929777
0.021550279194398322	0.05608045713236172	0.19605766007793002	0.08595534606025168	0.07946910016996328	0.16513324712809682	0.11064277525368614	0.059040873999701586	0.043524378181421	0.18254588280218945
0.014531617368403402	0.05262776165799648	0.08274799012954667	0.11766094803323368	0.08638544103289306	0.22297885358493413	0.13070859685930347	0.0757701496398342	0.03028121341601714	0.1863074282778378
0.17012281887587843	0.04625246637222946	0.07326271599442633	0.0632172670338264	0.08944316516841141	0.20385779036950824	0.08706290605592408	0.062375590814398335	0.045682198028474015	0.15872308128692317
0.030698905787126696	0.0416697868808328	0.11703256180199281	0.07701280664626597	0.09682135812006788	0.240066080857064	0.08726668179751969	0.07291612870060854	0.039018296556637515	0.19749739285188414
0.06939270532625971	0.03781632689926503	0.24758221851867945	0.047684231205050935	0.07841160715120657	0.12710109356287383	0.11748344596484696	0.07126909041540096	0.033273617360403754	0.16998566359601275
0.03195822457504577	0.03346535332831059	0.07450405543551185	0.1916907125190561	0.10694106931528585	0.13619778929683615	0.09924124509119533	0.06918011048622062	0.038667770217370195	0.2181536697351676
0.013579671760465858	0.046249511248293886	0.14453992481538283	0.10412259866980023	0.08536605277799458	0.18490006323088135	0.13162895020763618	0.06643253091108448	0.014453848311742387	0.20872684806671826
0.039420441801197796	0.04256552170562719	0.061480332743792915	0.1774232575928249	0.10704857113556708	0.1666375487505367	0.11232021292542711	0.06877610388714292	0.030423812611784437	0.19390419684609897
0.08063314430703765	0.04609021615065892	0.1903949841425006	0.034907193863250544	0.09047044707663043	0.16647574652048974	0.09639868575658318	0.07287071551318514	0.023796277027117396	0.19796258964254637
0.05909679928955429	0.035356119314474035	0.1006508194723951	0.052917468713029325	0.09348693801617258	0.26078050340140646	0.09749274131706155	0.058955135263599995	0.04286131175157034	0.1984021634607363
0.02606731364384121	0.04568455100839793	0.035341431021976843	0.15891458817604898	0.10037474274724736	0.2497376341424617	0.11162630975864392	0.061961243682104795	0.03713562987197774	0.1731565559472995
0.05744598982493159	0.05423806931197083	0.12090017325539343	0.0352987933342299	0.07253641979742294	0.2341595328405568	0.12640188769260088	0.054898846206772434	0.03706696469069297	0.20705332304542823
0.07871463705805827	0.03913283708188376	0.08933744882916389	0.04226754967964348	0.1154512711031428	0.18505089765515165	0.13310240301437992	0.05765941971316646	0.0349205511821534	0.2243629846832563
0.1065870818951724	0.05662042700656113	0.07078949661159699	0.07509737718678534	0.07771867115728281	0.18393448758610856	0.09932325181991183	0.07837363745089251	0.036109211424289994	0.21544635786139837
0.10511707067171759	0.058359238186941144	0.11175816789628384	0.037251722215765656	0.08092692219834326	0.20844571939784276	0.13705451226890275	0.06241930445647432	0.013183116998110603	0.18548422570961798
0.04781694210141783	0.0577075915232118	0.14479845541992872	0.08983598711572043	0.11652526127081302	0.18172948368174444	0.10930071537964427	0.08063835633118552	0.022507356190805336	0.14913985098552868
0.10489067553621127	0.049784459618924505	0.10747308988926124	0.20380709293846838	0.07874821101385994	0.11932866199575948	0.10321548094931705	0.06559886230329542	0.02006957401907082	0.14708389173583178
0.1372805577022484	0.05355077550989156	0.03559271858004384	0.08780158436874906	0.09304115849928635	0.20134742471305833	0.10091734351864384	0.07325580273338977	0.01821342409421796	0.1989992102804708
0.06912570528516657	0.03872277961017239	0.11749041686017708	0.08139277766200403	0.10329989302542975	0.19305979868891635	0.09897243453786628	0.05244244349470824	0.026567479135144456	0.21892627170041484
0.06100036920982334	0.05846413424988303	0.08515671767416169	0.04937878336004197	0.10430326780074518	0.2574400775133673	0.09123237879762966	0.05847601492303869	0.02828843496905524	0.20625982150225391
0.030405519816984042	0.044503418986235055	0.161849004625162	0.0702926379606252	0.08488211806999821	0.14961263926280102	0.12918567053145605	0.06781053820153791	0.03982684749214992	0.22163160505305063
0.18463226102768904	0.049435606856606196	0.0639925252212185	0.058828367400133974	0.08671158944425039	0.12315986517954296	0.09571959805425355	0.07717839939766272	0.0389691437451155	0.22137264367352705
0.054835254275155024	0.03932699074575607	0.167578091159921	0.04540552699816167	0.10906003351070981	0.23853834822210962	0.10823956619748469	0.054779278280331	0.020020640400792628	0.1622162702095784
0.03146931471178384	0.044254537800365576	0.08417070172494139	0.13444800472551716	0.07294996880049319	0.24678273815582547	0.08380936261385563	0.05949495773669708	0.044573437743175646	0.19804697598734505
0.015414196475619799	0.04804161752456016	0.1745748866941509	0.1288261172336793	0.08323430396996773	0.11789559359469592	0.12566554767844773	0.08113987376732537	0.014489239193167039	0.21071862386838608
0.05891953975470817	0.04353473407499213	0.08669130930368665	0.23217651855285498	0.08565608152761	0.12458494495815828	0.09817230491053552	0.06488286423077466	0.01431124180982632	0.1910704608768532
0.07812839487425087	0.045927360220939455	0.15010419497184257	0.1729436792525767	0.07378651207336254	0.12195828607316411	0.1179242082729573	0.060636107285931336	0.022428953689672	0.15616230328530306
0.1949300743849537	0.04671198798131035	0.0739657317644988	0.04520827175831066	0.09876528834862983	0.12424320619628781	0.1260034837328455	0.06477649312124414	0.017830319808037454	0.20756514290388156
0.0754538861062745	0.04641353707789539	0.12629463222103038	0.1304956785761069	0.10688107892731345	0.14439554970781085	0.0952452592699576	0.07556276342551621	0.030838973388410157	0.16841864129968448
0.025963829617992137	0.04910256574038899	0.1348592828275356	0.14735746422286017	0.09223737862861209	0.14937227120193497	0.09471112569321613	0.0756589352651594	0.045875658114286025	0.18486148868801455
0.1399024438746545	0.03790611203351933	0.13845245455010569	0.05691224619885982	0.07983718414134094	0.16424644101152608	0.08948290772648243	0.06874014902621868	0.04196838706153837	0.182551674375754
0.018303359003344274	0.03553943993696737	0.21528428848783288	0.05078707349944782	0.09028547879484385	0.18000458378432846	0.1387863782538943	0.0796080306157224	0.028026434357701968	0.16337493326591668
0.12985650075799082	0.038608835170257115	0.09351599432522592	0.045208237118728144	0.10654634632355868	0.26213652434976287	0.08316046158791246	0.07875447566177174	0.015537324881971973	0.14667529982282027
0.05956548337685948	0.03816036969966388	0.1001384179745983	0.052083409504506795	0.09832345597107096	0.2597825364230227	0.12581854549929508	0.06855491959345808	0.01870692031687629	0.17886594164064845
0.10889900490002385	0.03358791417185018	0.03209842234023173	0.1406361477463431	0.11969340560307598	0.223907871230049	0.10627952304766584	0.06841545336631386	0.02105565810199432	0.14542659949245212
0.06598403276628675	0.052587458025314684	0.11647228395170717	0.07868525949013948	0.08743209242538771	0.23760033252004947	0.10878027842570104	0.057303144520352026	0.04716515776689333	0.14798996010816834
0.1776324779676841	0.05336385679658427	0.16920330079502655	0.05449592273143461	0.07536212350146966	0.12496018999948938	0.09705886388239249	0.0751293668338721	0.013421145741362259	0.1593727517506845
