0.232191260660492	0.08134145885631545	0.299739385092802	0.15848596566317658	0.2282419297272137
0.2303512337964594	0.07786692565997855	0.2984827607996985	0.15634860903430456	0.23695047070955877
0.22803079851904884	0.07499306472860906	0.3176115359728216	0.148991204401013	0.23037339637850726
0.24063786910028076	0.08110105856613423	0.29953597507811525	0.146209491817243	0.2325156054382265
0.24022290974984067	0.07847256777042282	0.3020761771467125	0.15315479577723587	0.22607354955578796
0.24048554122855867	0.08154331587472721	0.3005363548793125	0.147774568530337	0.22966021948706436
0.23797526128327845	0.07448784696711055	0.3023432281091981	0.1537813108324378	0.2314123528079748
0.2284355975719667	0.08007023648906131	0.31757443313796735	0.14678974794748129	0.22712998485352312
0.2424491387612387	0.07551823816888695	0.29962017018914167	0.14994863628822974	0.23246381659250276
0.2271008248284131	0.0749164046361449	0.3063996562976522	0.15607892959253597	0.23550418464525358
0.23153513654877667	0.0817046535873555	0.3015425902144879	0.14925893983732103	0.23595867981205865
0.23176977036797514	0.07795452414463257	0.30030790925036216	0.15850514575208635	0.23146265048494355
0.2367342748909153	0.07175564483072999	0.303819325880875	0.15097623802435345	0.23671451637312602
0.23554545394876714	0.07477526380774413	0.29899798413367934	0.15609793601654084	0.23458336209326827
0.23282116149934423	0.07406568856212908	0.31053594365559406	0.15193544141820658	0.2306417648647258
0.22702075913251699	0.081650467823624	0.30714154321990567	0.1550729356627177	0.22911429416123538
0.24194252297806979	0.07305102201150271	0.3123083818709785	0.14681283016652574	0.22588524297292298
0.2303420880551364	0.07108710615354577	0.3052820754676369	0.1566771134083079	0.23661161691537277
0.22970583572242176	0.07322431349035488	0.3025625270739883	0.16016446441745977	0.23434285929577509
0.2381006433537073	0.07363490832605404	0.30068859883503923	0.1541600180249995	0.23341583146019967
0.23729774534198195	0.0793040325371415	0.30910342887257736	0.14655362716745873	0.2277411660808402
0.23138198377065844	0.08067416408592716	0.3040830818138702	0.14908914406725224	0.23477162626229167
0.24044115602371488	0.07532608941288184	0.2992558647859685	0.1519125462003279	0.23306434357710665
0.2359876297040861	0.07470862915506613	0.30540680646531376	0.15276170700516828	0.23113522767036546
0.22777046617187013	0.07202386585698187	0.31464884533909504	0.15552061355425806	0.23003620907779465
0.22685670920849366	0.07189743105220572	0.3117680328613684	0.15208289108139209	0.23739493579653992
0.2387225543965732	0.08015266014354476	0.3039720878395432	0.14789624245409355	0.229256455166245
0.2424718826790532	0.07182692354950168	0.3060514591903002	0.15153062776745088	0.2281191068136938
0.2268954427736543	0.07183254317809401	0.3132786924102189	0.15137697783316495	0.23661634380486757
0.2325773837322367	0.07952783882141433	0.30161789845648906	0.1545054215719848	0.23177145741787486
0.23045225949387044	0.07283692893849408	0.3076894074646526	0.15545336973706902	0.2335680343659136
0.23000946808620437	0.07821341233987002	0.29764251727656427	0.15588537951796977	0.23824922277939137
0.2316382452406449	0.07111910078028086	0.3061837274768747	0.15818421480384207	0.23287471169835716
0.2301496038846101	0.07872539099989771	0.31016430076505397	0.15109472523139053	0.2298659791190475
0.23254087387260372	0.07382851012324584	0.2976668317197163	0.15866251450270707	0.23730126978172683
0.22741772887088121	0.07378786978972801	0.31523732725343195	0.15413363812691144	0.2294234359590471
0.23184557552840396	0.07682539360656636	0.3167493817897563	0.14982421463092482	0.22475543444434826
0.24230819882937094	0.07377889994932882	0.29462615688459415	0.15097773807539921	0.23830900626130666
0.24177919382493057	0.07489463422937523	0.29432110305375747	0.155713696735564	0.2332913721563725
0.2324868426450252	0.07262336737122915	0.3103634671063067	0.15385985504156768	0.230666467835871
0.2291575919040486	0.08084687750236103	0.2950654205274029	0.15903074228735972	0.23589936777882747
0.2360731472236554	0.07743073945811585	0.3106302212955837	0.1495620999951756	0.22630379202746914
0.24031775983184023	0.07218833676169986	0.30222317277914656	0.1594265803465033	0.22584415028080973
0.23181062014913634	0.07442177794175403	0.3063708028822151	0.15429569954919126	0.23310109947770305
0.24169278558052149	0.07845911566862594	0.29947960757951625	0.1554380224777245	0.22493046869361155
0.23974912056650946	0.07295129896782498	0.29530589613299657	0.15739393177377242	0.2345997525588963
0.2416584013463711	0.07844342393670088	0.2970947645764711	0.14726475691828733	0.23553865322216935
0.22953553333080984	0.08105917153527108	0.29333423009398424	0.1577485698970578	0.23832249514287684
0.24147987839920068	0.08070609408918887	0.2977638173116751	0.1460628326776147	0.2339873775223204
0.22721760769250232	0.07549204226895836	0.31332338864809484	0.1504459014489571	0.2335210599414871
0.23688380407836912	0.07912930266225643	0.2975563791641139	0.15389353841968645	0.23253697567557388
0.23168212456995274	0.07486861560493882	0.31402899702631926	0.1511573202116406	0.22826294258714833
0.2310451727761679	0.07295817401038046	0.30931971699216376	0.1520152065141731	0.23466172970711452
0.23214925818951326	0.07832076583694407	0.30572975889684584	0.15008796650486084	0.23371225057183576
0.2266908426955331	0.07188962604844945	0.3133536628346792	0.15824161570000544	0.22982425272133256
0.23346387782849642	0.08034126283162471	0.31350625037947333	0.14798469578719053	0.22470391317321478
0.23052970053845165	0.07598273020058892	0.3144437527471981	0.15287629518673063	0.22616752132703044
0.2392308092326575	0.07581969795832746	0.29961499056006063	0.15406926280513175	0.23126523944382243
0.24147735511960278	0.07657987025987016	0.29371435586661065	0.15132059884516094	0.2369078199087552
0.23801799367018314	0.07738413575399607	0.3041428274335773	0.14681829152933212	0.2336367516129111
0.2305646160658828	0.07922793480687078	0.31020701357251795	0.1551921738122064	0.22480826174252178
0.23256672466770995	0.07669830160088922	0.30574228209912746	0.15500235877600968	0.22999033285626347
0.23789027045219482	0.07391922768318768	0.31020053037776296	0.1499489811855351	0.22804099030131914
0.22876117146182295	0.07475039603682909	0.3064451048135403	0.15360980994521528	0.23643351774259214
0.232957291504809	0.07710489439176653	0.30058548434289356	0.15458736659993072	0.23476496316059992
0.23642575619068606	0.07903715556929021	0.3049725091436908	0.14860913773103548	0.23095544136529716
0.24187495445240026	0.07915486047610909	0.30787916567245366	0.1464718987485383	0.2246191206504984
0.24215521459341108	0.0758231448722784	0.2979387335467742	0.15067399193867617	0.2334089150488599
0.22973529219970115	0.07695886324906456	0.3077969297267405	0.15390694556088405	0.23160196926360946
0.2363980685249513	0.08030276475967173	0.308749476734946	0.14842414917326308	0.22612554080716768
0.24108421745066447	0.07931240212789627	0.299682900058279	0.15133908116783742	0.22858139919532258
0.2291456828512818	0.07446233052036866	0.31515419348286966	0.1490358495061065	0.23220194363937313
0.23153287959833607	0.07392059834682552	0.30812005964589273	0.15125240198204473	0.23517406042690067
0.2264793835801205	0.07962035134076353	0.3047973724771167	0.15579605667132035	0.23330683593067864
0.2341099436762197	0.0774147898242775	0.29670772687211383	0.1548659053308939	0.23690163429649483
0.24034025155653294	0.08062313971092533	0.29940404525644426	0.14725047424902915	0.23238208922706807
0.24178250805523088	0.07211943124010584	0.2934461420961173	0.15930956863542453	0.23334234997312117
0.2361367315410992	0.07820909637032157	0.301057987660217	0.1586882334371349	0.225907950991227
0.23797072662139232	0.07825695078275917	0.3084181029521499	0.14905339896074288	0.2263008206829555
0.23102586387882443	0.07205867385864806	0.3107991740191376	0.15741177378309124	0.22870451446029844
0.22810966789330722	0.07182882019773287	0.31459252236250845	0.1540565113065085	0.23141247823994276
0.2351666397921923	0.0722635538006671	0.31377578678575446	0.14972333605421054	0.22907068356717533
0.23808167243900222	0.078365206038817	0.2976305144717981	0.15708282939203796	0.22883977765834448
0.23137993669845203	0.07192346992414955	0.31141105063883245	0.15776560314230456	0.2275199395962611
0.22879072806824904	0.07362327769132718	0.31431241792822884	0.1535036618412551	0.22976991447093956
0.2336933804401292	0.078787559173933	0.2977631346163344	0.15346038701860332	0.23629553875099985
0.22747871524279373	0.07387405843726619	0.3153509987626418	0.1539301650293655	0.22936606252793257
0.23305991475115329	0.07622504950960127	0.300656165285664	0.15863300602405983	0.23142586442952134
0.24176702343587245	0.07994499311602754	0.29517211887004197	0.15354072192362772	0.22957514265443005
0.23802640684987122	0.07981756922096432	0.3082525925217076	0.14694498146992657	0.22695844993753003
0.23281965033065177	0.07703761807237942	0.3064187114319221	0.15307452574884814	0.23064949441619825
0.23031298608359305	0.08144094916322527	0.30454883725012805	0.15746872966497352	0.2262284978380799
0.23860013048030834	0.07139777822259666	0.29868275559079915	0.15839373218772063	0.23292560351857497
0.2305469347466775	0.07443904826433628	0.3102978816878459	0.14668611044465268	0.2380300248564874
0.23229167514101043	0.07576740396264338	0.30396973216815976	0.15394532541110528	0.23402586331708095
0.23566264859427463	0.07329580644389572	0.29431779865868724	0.16011177453716893	0.23661197176597326
0.23959756790425643	0.081636419313119	0.2955758063256084	0.15862238097733464	0.22456782547968124
0.2331641776364904	0.07280999913577571	0.31293696851050684	0.1470405306360078	0.23404832408121906
0.23978183284914764	0.080633704121117	0.2973497270950281	0.14697017418330638	0.2352645617514006
0.23845581573518831	0.07749507186506223	0.30168800754192937	0.1478701638786973	0.23449094097912254
0.2366637871602028	0.07521033502797005	0.29475192154602614	0.1574680003661026	0.23590595589969812
0.23571184937844003	0.0733547415733776	0.3104076702228501	0.1505236204231713	0.23000211840216075
0.23059852712031131	0.07968339132880538	0.2949433324502948	0.15894301796664895	0.2358317311339393
0.23079398653318364	0.07759175053730154	0.31097462902008355	0.15578662358881776	0.22485301032061325
0.22959388983316564	0.0799529509275914	0.3071129000163101	0.1470894337949361	0.23625082542799652
0.23622333470346035	0.07818346462656542	0.3051834075279671	0.14685072556072248	0.23355906758128442
0.2417716559889154	0.0806107384057999	0.2967175802996038	0.15215091992778493	0.22874910537789572
0.22791301257263508	0.07628274601849333	0.3024523172499276	0.1585652387578838	0.23478668540105996
0.23382647099431836	0.07495706944216052	0.31681979739171306	0.14777921258355975	0.2266174495882481
0.23439739113431776	0.07259715187458793	0.31321519070037535	0.1524281992702933	0.2273620670204254
0.24143269150256713	0.07772681758958554	0.3001201840272629	0.14861417027888035	0.23210613660170384
0.22863993518285408	0.07458796139950241	0.3065057527099815	0.15551814679811068	0.2347482039095511
0.2330815233790149	0.07753222608955032	0.307392989512898	0.15173784908794752	0.230255411930589
0.23346255651619688	0.08153559021634675	0.301999429383176	0.14581272230937795	0.2371897015749022
0.23443992144522585	0.07188207404344216	0.3052636008438374	0.14996591425238315	0.23844848941511115
0.22686279792335734	0.07133358645806578	0.3170650489420794	0.1541145978222067	0.23062396885429057
0.23536375221058725	0.079899228432902	0.3059356480013693	0.14942993726744647	0.22937143408769475
0.2360744548882848	0.07617874929267902	0.2958599698884619	0.15831793078039752	0.2335688951501765
0.23071860325939939	0.07325870341086235	0.31724959756296367	0.14990455391163382	0.22886854185514055
0.23532548396646163	0.07906521056179827	0.3040237969869116	0.15616089984411155	0.22542460864071667
0.23155417919411847	0.08000810358263097	0.29872768119587567	0.15370010351702734	0.23600993251034735
0.24197266720055574	0.07749127524057321	0.29847852223936105	0.15192483495776682	0.2301327003617429
0.24058125163445043	0.07748852127902647	0.302216149698957	0.1475042474012292	0.23220982998633666
0.2417226556276797	0.07424867108987249	0.29901947101318405	0.1523348066520117	0.23267439561725184
0.22910083808336532	0.08109765743532577	0.30740751975736647	0.15192609846708538	0.23046788625685682
0.23613155992307827	0.0775140444118491	0.30121919676981085	0.14879838463617778	0.23633681425908376
0.2374556997974127	0.0748368042076335	0.30807859993546005	0.15134482381841957	0.2282840722410739
0.2404707595315319	0.07543814041520426	0.3101398169340059	0.14910912144407543	0.22484216167518228
0.22863112908847438	0.0777607492257515	0.30964412509342604	0.1551283877203838	0.22883560887196405
0.23029542071871106	0.07944808338247823	0.30756135597414713	0.14866405018114712	0.23403108974351622
0.22740044912334134	0.07865828364339832	0.30171543826666475	0.15651645213617174	0.23570937683042362
0.23528016760735088	0.07655950215567214	0.3082997309741252	0.14947298272404114	0.2303876165388104
0.23555677860077495	0.07614391213954454	0.3126933145956504	0.14887147431228115	0.22673452035174874
0.23793993425880705	0.08134680577429645	0.3030579555027798	0.15202740101600465	0.22562790344811182
0.22841087922123496	0.07941130520067287	0.2964893920444826	0.16005787867552732	0.23563054485808202
0.22718582978110602	0.0781417247077346	0.308895461605318	0.1488261538383292	0.23695083006751197
0.22956622767369222	0.07539600093691415	0.3141406828939196	0.15359569257673256	0.2273013959187412
0.23033396536651765	0.07799848795477315	0.30013185218715477	0.15334917383650531	0.23818652065504886
0.23708501728794318	0.0785981706792007	0.3096569755305491	0.1493274818753926	0.22533235462691414
0.23919028472700526	0.07662376411002846	0.29779168208681833	0.15967645424679344	0.22671781482935424
0.22760678540954504	0.08004586380398199	0.3119371235726964	0.15446382402609535	0.22594640318768106
0.23331121300751906	0.07278185889775876	0.3045396254335748	0.15971848909915376	0.22964881356199332
0.23627194207515978	0.07476176388204986	0.2957954305219551	0.1561152552403406	0.2370556082804944
0.22774830402277899	0.07751521029282182	0.31124872982505947	0.1486007600547996	0.2348869958045399
0.23490984887485583	0.07791722516723336	0.306675082603752	0.15230860448047864	0.22818923887367992
0.22767565955635202	0.07386753169111437	0.3129700435494925	0.15903434041994996	0.2264524247830909
0.23920949418245685	0.07808152851612946	0.2952440740661605	0.1561152698535394	0.2313496333817135
0.23982572284427064	0.07401289593367466	0.30735723907518997	0.14619148749382233	0.23261265465304218
0.23405552406562324	0.07354587742324262	0.30266494849922787	0.15969643663663022	0.23003721337527583
0.2345618564644828	0.07768063464791905	0.302802736434162	0.1485309316063788	0.23642384084705706
0.2291648114792169	0.08010744484722628	0.3086867918282125	0.15297121626708685	0.22906973557825724
0.23784949961544297	0.07742560331113757	0.2990122554835374	0.15957535888936836	0.2261372827005135
0.23178255116350266	0.08105666952637758	0.303559277905328	0.14925643759284046	0.23434506381195105
0.24001553391285718	0.07536602493742288	0.2932861613927264	0.1560037449338621	0.2353285348231312
0.24008858599033972	0.0769819843216296	0.308887051277329	0.14627292924151208	0.22776944916918934
0.2328404947865078	0.07800307975552148	0.3061105581320305	0.15715174552968234	0.2258941217962576
0.2341353644488154	0.07140140346356016	0.29815472438212376	0.15899706183980136	0.2373114458656991
0.233088218262439	0.07582253502165442	0.300624590084973	0.1578676304787112	0.23259702615222216
0.24123509548369038	0.0792537342669266	0.29731990014786797	0.15363283780111714	0.22855843230039766
0.23117907581870223	0.07186142695228845	0.30322901213283326	0.15771358074828598	0.23601690434788983
0.24169949027830592	0.0755810907560519	0.30619807918029196	0.14684704314789512	0.22967429663745487
0.23367520048157767	0.07637231875325237	0.2971819142454829	0.15876964404881172	0.2340009224708751
0.23958708203670367	0.0763213640537893	0.31240453772556487	0.14661217540718396	0.225074840776758
0.22818944391138676	0.07499222555874294	0.30606331250055807	0.15398257514513441	0.2367724428841776
0.2291292196264473	0.07240263122927021	0.3064881799563821	0.15385694591433277	0.23812302327356732
0.23453486158855627	0.07994535540604836	0.3142310073238231	0.14645536104922763	0.2248334146323444
0.23132466608716043	0.08109456216326101	0.2970129383306889	0.15291596992232426	0.23765186349656514
0.22944981536957793	0.07917997742994068	0.30919253664759055	0.15317602848656675	0.2290016420663239
0.2407225056152032	0.07840144902572678	0.2951497982177539	0.14982981551477098	0.23589643162654494
0.2349505376350767	0.07442371913315604	0.3099744102513202	0.15041723393783943	0.2302340990426074
0.23150457119702766	0.07378203214671256	0.31227870854009526	0.1505407049698026	0.23189398314636167
0.2307344944797332	0.07808455254060089	0.3106625936558809	0.1475687208192487	0.23294963850453607
0.23182905347702554	0.07676251263898191	0.3088725246445835	0.1521555611901175	0.23038034804929136
0.24026449919224419	0.07197453815408628	0.3049055610064112	0.15508487235584092	0.2277705292914172
0.2409004713673512	0.0763241553798385	0.3001795119027727	0.14700836655220034	0.23558749479783703
0.23736040602632003	0.0775285248172398	0.29670658362075086	0.1559017605258619	0.23250272500982716
0.22870065085840313	0.0773800876307206	0.30564032479880576	0.15238333267958457	0.23589560403248572
0.2372719190503459	0.07949360654613236	0.30188305270098936	0.14995963987152156	0.23139178183101056
0.23062512938540503	0.07701124615592968	0.29737763491078123	0.15954770244643313	0.23543828710145068
0.23407615001355256	0.07673029477578755	0.3024904113193045	0.15185956562164243	0.23484357826971275
0.23699701088439823	0.07821534022864732	0.30524702933296344	0.1513667932524624	0.22817382630152838
0.23281220959887802	0.0751708405769303	0.31253966554525475	0.14851801732575676	0.23095926695317995
0.2368435790048215	0.07745515010304974	0.29803720638141984	0.15094667938428238	0.23671738512642632
0.24011884474958944	0.07829553016116304	0.30407154976024414	0.14652464821683422	0.23098942711216888
0.2341913852768187	0.07915914243522221	0.29675471015976984	0.15278659483589538	0.23710816729229361
0.2388525662300387	0.0713561422902195	0.3148769332021182	0.1466488433427937	0.22826551493482963
0.23901076558882867	0.0729479172882593	0.294289300878092	0.15867893115007622	0.23507308509474353
0.23486238107141416	0.07184552420477483	0.3144805108988367	0.14925610754549792	0.22955547627947614
0.2349555521335457	0.08167007445592533	0.29811534955379415	0.15769132918667664	0.2275676946700579
0.23953585777446196	0.08033690120358666	0.30056948473488543	0.15276231456750422	0.22679544171956145
0.23282958780862828	0.07306908398345457	0.31201577002275427	0.14880605064880467	0.23327950753635793
0.2382433264393757	0.07112473433038255	0.31192402179541723	0.14801694317591665	0.2306909742589076
0.23239586144264274	0.07557990814356154	0.3061788462511062	0.1581472172862791	0.2276981668764102
0.234161107845201	0.07884460930043598	0.3070816950448156	0.14730598071637463	0.23260660709317255
0.2337677161377536	0.07387514575855478	0.31411437085221394	0.1516298208407778	0.2266129464106996
0.24107575120154215	0.07732728778375954	0.2973979859934267	0.14915463432628773	0.23504434069498364
0.23915261655089196	0.07353537793242362	0.30959370349624765	0.15117140689573677	0.22654689512469975
0.23044370695862848	0.07812454097143712	0.3138910060617798	0.1478450740160365	0.22969567199211788
0.23558399636264785	0.07252896967118072	0.3116855174788629	0.15245983781443004	0.22774167867287817
0.232897705224021	0.07675704399506689	0.30012218974338833	0.160066813088468	0.23015624794905554
0.23160132542330208	0.07294143465755978	0.3034365436416654	0.15400712249206905	0.2380135737854034
0.231664323097176	0.07277881119152943	0.3109106632275044	0.15579525799780167	0.2288509444859883
0.23775187044826082	0.07622984634631032	0.2981943939607248	0.1528520685433905	0.2349718207013133
0.23974897369107578	0.07808058397351215	0.30357187429080357	0.15014380790659515	0.22845476013801314
0.22813877252315345	0.07866994098884443	0.2991993257406885	0.15665746969170483	0.23733449105560853
0.23117429775289564	0.07351683965910236	0.31438189375710357	0.14640923026659308	0.23451773856430513
0.23149844674495534	0.07684775788300559	0.3091812428715703	0.15390240882642467	0.22857014367404388
0.24187635381809794	0.07767992672742735	0.3080029449674677	0.14803515311823956	0.2244056213687672
0.23940825655064635	0.0779599129868581	0.29479957630985865	0.15426121979112364	0.233571034361513
0.23383393477793837	0.0788107979252211	0.3136286337028424	0.1465301404021418	0.22719649319185614
0.24195807328757882	0.07549556405297121	0.2976785336133045	0.1480502092402849	0.23681761980586033
0.2333502200622267	0.07205680282166188	0.30962741345997835	0.15069398992290806	0.23427157373322477
0.22916232870934855	0.08114784758233419	0.3037239461916775	0.15280745048707345	0.2331584270295661
0.24088385647927568	0.07668690000408968	0.2958429886910606	0.15886265455364773	0.22772360027192606
0.230495783854338	0.08122660919233646	0.30475312681926026	0.15809985679051758	0.2254246233435475
0.24168021970388587	0.0789010213071354	0.2937753503720618	0.14894062329787325	0.23670278531904343
0.22968509124601938	0.07986408076414718	0.300515643409326	0.15702508102254142	0.23291010355796576
0.22794601275012116	0.0786028761095401	0.30442701374675496	0.15138521716280287	0.2376388802307807
0.23787667655420203	0.07278707258962269	0.29919233246185095	0.1585085830004558	0.23163533539386827
0.23433658144066788	0.07380884009845029	0.3006409648339879	0.15320498628904228	0.23800862733785147
0.2358124727420115	0.07370825164736056	0.299175391553148	0.15601477704153394	0.23528910701594574
0.2283171093170921	0.08012373521610974	0.31499239645120775	0.1484964987897197	0.22807026022587049
0.22754516316502083	0.0806423733811019	0.30084797617871945	0.15513514176510024	0.23582934551005738
0.2391395116045602	0.0768411343245809	0.2952878948704069	0.15113019961025423	0.2376012595901975
0.23000981403733164	0.07628095699685239	0.3098370509369569	0.1583417643048129	0.22553041372404592
0.23266599833015358	0.07856960248854983	0.29726975333703365	0.15701175775924237	0.2344828880850203
0.23189913753977764	0.07834228204337565	0.30336676383465855	0.1515497228841815	0.2348420936980064
0.23499663839032692	0.077174262510406	0.30214144125566844	0.1536240428841125	0.23206361495948594
0.2342368431431212	0.08009613583578193	0.3036845987521532	0.15001893515304515	0.2319634871158982
0.22947627774352208	0.07719180329133744	0.3056566080633537	0.15742327965999275	0.2302520312417938
0.22981722712912575	0.07267281602214887	0.30524052196054413	0.15494016003460834	0.23732927485357264
0.23930332359715273	0.07610626710833529	0.3050216452439849	0.1490978747842841	0.2304708892662427
0.22738478128608963	0.07566941722667923	0.31109031129089537	0.1560543612063511	0.22980112898998437
0.24089265458141992	0.07493392953446254	0.296341749718279	0.1570251818898105	0.2308064842760278
0.23796313771224575	0.07367500295978971	0.3136417296794033	0.1457659171423729	0.22895421250618808
0.2279395421685289	0.0785965629490436	0.3099680821143246	0.15495611716024923	0.22853969560785337
0.22829425678528778	0.0717749293601008	0.30834830252283074	0.15821393190614827	0.23336857942563213
0.23046847817733787	0.08145012661867873	0.2998010028607452	0.15509864625046582	0.23318174609277217
0.22794647893074133	0.07586511893615965	0.30721685424370015	0.1585053957915611	0.23046615209783755
0.23262237402473226	0.07137915454943253	0.3151789748297924	0.1525364947993299	0.22828300179671268
0.22953823906286674	0.07512318819429717	0.30272431996485627	0.15638779410579956	0.23622645867218003
0.2323591065661787	0.08068539149005428	0.30704590526578374	0.1493523990366892	0.23055719764129384
0.22818841439519694	0.07877753598000121	0.30924680423707224	0.146636381995077	0.23715086339265237
0.2390069758610811	0.07787940602584777	0.30585596252523817	0.14761758935063346	0.22964006623719924
0.2380504362717476	0.07311300936904105	0.31060894138853534	0.15268805409266148	0.2255395588780143
0.23405512429348593	0.07600042279129089	0.3107919262020954	0.14977275038381166	0.2293797763293159
0.2411092103549599	0.07348194413689582	0.3086647534640059	0.151319538344644	0.22542455369949407
0.2304148852881768	0.0748073777672951	0.29786191016439434	0.15886310846133583	0.23805271831879765
0.23887228426741264	0.08158307977548918	0.305168102269181	0.14707761892255505	0.2272989147653619
0.2353879786585162	0.07238314132250753	0.3143775161277674	0.15327755284428066	0.22457381104692797
0.23413357019936726	0.07683026040804677	0.3040386123248674	0.1541513740048367	0.23084618306288163
0.23740308157171633	0.0784814143687116	0.2960634881700075	0.15144964424438756	0.23660237164517675
0.22771155943130234	0.07640717267627395	0.3071821592138242	0.15151595714480995	0.23718315153378933
0.22871511695632601	0.08163116027553098	0.30593209477983374	0.15807938798879997	0.22564223999950908
0.23865888889665476	0.07750093167130077	0.30200569952494144	0.14691606627591203	0.23491841363119076
0.2407667371189981	0.08140746073390959	0.30292707175795475	0.1463232089468444	0.2285755214422929
0.23279984268287246	0.07148052008288638	0.31568118704799425	0.1469079827106196	0.233130467475627
0.22979881787444506	0.07648400847896354	0.29741452610516683	0.1590286554952862	0.23727399204613814
0.23892615934627465	0.07123930793552216	0.29902319760786295	0.15813508060069204	0.23267625450964796
0.24070901995628707	0.07681845896658293	0.3080624798788081	0.1494814424936117	0.22492859870470996
0.2409914331295737	0.07674011106362735	0.30620669856765226	0.14902438200027368	0.2270373752388728
0.2319943680760474	0.07861794624355126	0.3057347700591365	0.15731766172785133	0.22633525389341325
0.23506379221568638	0.07490381226230908	0.3062054947938715	0.1579923336921945	0.2258345670359383
0.24021569635476286	0.0781844478229833	0.30240874243583266	0.149847198243028	0.22934391514339292
0.22675420296278714	0.07696611428651676	0.31629584371589226	0.155331459070911	0.22465237996389256
0.2376613097303022	0.08145989956562578	0.30106810833943287	0.1546736844824	0.22513699788223893
0.2358229556105655	0.0788924936983121	0.30040031868160066	0.15157772366321054	0.23330650834631095
0.22638806478282125	0.08052897440583012	0.31373202425207003	0.15087006337807646	0.22848087318120183
0.2365708014813247	0.07349448217421611	0.30462910207910165	0.15089286012770578	0.23441275413765147
0.24173934753392226	0.07295780396131701	0.3035028694010655	0.15686475842538788	0.22493522067830707
0.2280651172671225	0.07788192235156077	0.30622017187509626	0.15626437469627663	0.23156841380994359
0.23080445545465916	0.07212246097986141	0.3082639326333286	0.15230318279160168	0.23650596814054894
0.2407194309102097	0.0794213990620041	0.298259737487836	0.1481396816456844	0.23345975089426554
0.23176402846776648	0.07559634678489278	0.3107782054421757	0.15316666706502796	0.22869475224013683
0.22778212054241806	0.07289944526286771	0.3116111057540973	0.15432845264765416	0.23337887579296254
0.2297875289579376	0.0727355725379529	0.30942637406502377	0.1553316795618472	0.2327188448772383
0.22952176976795363	0.07355886995753214	0.30434205336154596	0.1561727332360336	0.2364045736769344
0.2364058473470811	0.07215202917007207	0.30540726497260023	0.15412426859702136	0.231910589913225
0.22672456910220334	0.07481362302119945	0.3026311835706138	0.15887267014145517	0.23695795416452795
0.23017319617253934	0.07237502883100572	0.3112433912018741	0.14801017301560604	0.23819821077897455
0.240803571387003	0.07553356919306081	0.30392036500499886	0.1476146322118831	0.232127862203054
0.23879078578813862	0.0778695437027464	0.29685440895713244	0.14976160133273222	0.23672366021925012
0.22756565321513977	0.07549944791719075	0.31296142584018605	0.1548526722639728	0.2291208007635103
0.23863075576587156	0.07251215392598737	0.3028876217793308	0.15434428345724377	0.2316251850715662
0.23501725054757466	0.07648272040573945	0.3055564492111801	0.1472675337442998	0.2356760460912058
0.23411657850678086	0.07516598967412269	0.30544116240046504	0.15066693200019837	0.23460933741843282
0.2382012357260015	0.07539148718533822	0.3093269759515276	0.1525792486498451	0.22450105248728736
0.23539296271880986	0.07736938046638678	0.30237006721701853	0.1535424076827773	0.23132518191500734
0.2285039861497682	0.07780057832244386	0.3054687715067553	0.15929414027298858	0.22893252374804385
0.23373173217046678	0.07566831072595791	0.29939539603964316	0.15632035525807653	0.23488420580585534
0.2332332020592036	0.07763511063068515	0.30305077879723896	0.14982933329425857	0.2362515752186135
0.23052128470148728	0.076855882212275	0.3017760337222539	0.1572600867297954	0.23358671263418818
0.23794192804355815	0.0779202175319256	0.2984078340519032	0.1518998470485864	0.23383017332402645
0.2397138077098538	0.08158279455432556	0.29400828155909253	0.15153275482553769	0.2331623613511902
0.23836417193340342	0.07145192347752402	0.302015237975523	0.15599869593917648	0.23216997067437284
0.23842405039881395	0.07515458120600955	0.2992892559654814	0.15537567221576756	0.23175644021392727
0.22732406024082652	0.07747503747095837	0.3050025165489972	0.15426230866650173	0.23593607707271597
0.23125826818089906	0.07374494847758004	0.30636616254258664	0.1517212470842777	0.23690937371465629
0.2381176787160674	0.07206927885743136	0.3103268461778115	0.14711189234019645	0.23237430390849304
0.23260805024718859	0.08119534561012226	0.3076634387787819	0.1485558801962556	0.22997728516765142
0.2401017802119089	0.07491343179417109	0.296905158497243	0.15770738311574298	0.2303722463809338
0.2311966191782165	0.07211822889801456	0.30778757492889164	0.1539492641725087	0.23494831282236836
0.23390929666644403	0.0803200396905925	0.29414786875937315	0.15885225499965308	0.23277053988393698
0.23184543636019098	0.08132452514690469	0.30497232524416235	0.15225678544012702	0.22960092780861469
0.23590342649573948	0.0714354849204378	0.30045693730021983	0.1551836489876128	0.23702050229598987
0.23711368920148324	0.07792898179936418	0.2938226829460509	0.154427810073887	0.23670683597921444
0.23744153032939316	0.0728599199808195	0.30242483790053815	0.15472186259812998	0.23255184919111893
0.2423030695096873	0.07377070139118491	0.3054996997069056	0.14793355090492988	0.23049297848729206
0.22781182008769615	0.07303123957023161	0.310070996980466	0.15399130546137474	0.23509463790023127
0.23492389102918926	0.0712419937314395	0.30488660247088234	0.15163010636132448	0.23731740640716423
0.22990494582816176	0.08093409183450395	0.3147404349662912	0.1462364549519301	0.2281840724191127
0.22639344947192397	0.08037163289474765	0.3061180560420392	0.15518543311684063	0.23193142847444834
0.22696000102177383	0.0753300435119794	0.31520729311002094	0.14879591469050502	0.23370674766572058
0.2379341984934704	0.07450561041926188	0.29700334886391877	0.1594665911585571	0.2310902510647917
0.22990155174164212	0.0770535828852764	0.3139476228728309	0.15267562856640327	0.22642161393384705
0.2417156073923857	0.07325475625669384	0.29855221002006405	0.14905394837909988	0.23742347795175628
0.2338963130500498	0.07958241280495292	0.29739666451089763	0.1585567743328535	0.23056783530124592
0.2383761547511922	0.07954618130695722	0.2947468518022124	0.1580721892137084	0.22925862292592958
0.2284337085995948	0.07795612516956192	0.3083928838572344	0.15820997941695555	0.22700730295665306
0.24166401802809329	0.07225837311059788	0.2999435270521244	0.15816268605677816	0.227971395752406
0.2348879511564	0.07964411944164818	0.29645974955276033	0.15900744970877698	0.2300007301404143
0.24024997752748822	0.08136970385821661	0.30093312098423963	0.15210200527744644	0.22534519235260883
0.23973867418071457	0.07554897713142592	0.29995069301248484	0.15795974825914616	0.22680190741622822
0.23408392133941874	0.07587843642100914	0.30955721633562694	0.1460564480676296	0.23442397783631536
0.23069852816478695	0.08035313020687784	0.31489827106764856	0.14677687162032926	0.2272731989403571
0.22798167560038954	0.07775964750863872	0.3076223190456346	0.1550679116891468	0.2315684461561901
0.24090673744704355	0.07267418407488083	0.2997405484884098	0.15340006894881694	0.23327846104084868
0.233505775704738	0.076357861274186	0.3071170244009754	0.15350371309727506	0.22951562552282537
0.2397014736316533	0.07693252106845988	0.29954289037976056	0.15280832351743778	0.2310147914026882
0.235837931495126	0.08041497628328007	0.29712430355444386	0.14826946406931474	0.23835332459783506
0.2390130204043624	0.07681484161240101	0.30717536999297873	0.1457702727221648	0.23122649526809283
0.23869610094353752	0.07429830745336266	0.306307253510523	0.14664328826705864	0.23405504982551792
0.2347942992157001	0.07677966486257629	0.3082518523346265	0.14629022096386368	0.2338839626232332
0.2339272476852433	0.07254256013587684	0.30989599554916347	0.15220344518559922	0.2314307514441169
0.2412762233784651	0.07187826279013812	0.29657129870367355	0.15604254840313897	0.23423166672458398
0.23997933433469404	0.0786625204122412	0.29369286870267075	0.15449707791337705	0.23316819863701677
0.23684802516346506	0.07311589420618286	0.30504441755738976	0.14679229534078556	0.23819936773217645
0.23123370471641577	0.07334610661853755	0.3102181194850494	0.16004291318727293	0.2251591559927241
0.23535892130906805	0.07214332380393434	0.3047880117865304	0.15027695933442137	0.2374327837660456
0.23083936414740436	0.07345662961085828	0.3036615217044439	0.15759569339551766	0.23444679114177558
0.23657697154578416	0.08147248419000332	0.29320311773236973	0.15562554798889583	0.23312187854294675
0.2367565041318555	0.07857219738604994	0.3002106670000948	0.15418492209706827	0.23027570938493128
0.23903156617889904	0.07502211641283209	0.2986180839671945	0.15579425837523564	0.23153397506583845
0.2376710989854475	0.08067885982623935	0.3009721633635339	0.15462622106706356	0.22605165675771546
0.24192390968438482	0.075700956290135	0.30049827225786774	0.1517772774317772	0.23009958433583497
0.24170038550988876	0.07467102442813903	0.29472062976817054	0.15919705818391186	0.22971090210988956
0.23252721479743393	0.0804264537907842	0.30226087592956796	0.14662998482894565	0.23815547065326803
0.24198855721778278	0.08063296179705534	0.29643910211678864	0.1459377692724969	0.23500160959587607
0.22841974220937014	0.07778609825044583	0.3018042941575653	0.15774178989828297	0.23424807548433552
0.238137152130975	0.07863530250897975	0.29905621670545873	0.15082219592365237	0.23334913273093386
0.22852302433545493	0.08105786742450347	0.3085086228641051	0.14860152594133486	0.23330895943460148
0.23895346034360487	0.08043678850210945	0.3019197786647737	0.14616915278140863	0.2325208197081031
0.23095951490527689	0.07783453490544007	0.3090926437953922	0.14683739740689308	0.23527590898699752
0.23309965316843717	0.07647873386395856	0.30263938874857316	0.15661165056353454	0.2311705736554963
0.23892426362824676	0.0767346031381264	0.3031452134414416	0.1501003142982683	0.23109560549391672
0.2317548684295614	0.07944806733235757	0.30555912572953503	0.15796499618180762	0.2252729423267382
0.24095134920500866	0.07123979171624165	0.30371052433509754	0.1577052776486855	0.22639305709496638
0.23086210695087397	0.07157540020541925	0.31077748143921663	0.15074569825993606	0.2360393131445539
0.2342131305421459	0.0791224317545041	0.29948509904797904	0.1569876731766548	0.2301916654787159
0.2311639334532011	0.0780942352139055	0.30734631177658267	0.15575214047428515	0.2276433790820253
0.2403589812221136	0.08165030294980151	0.2929423591510453	0.15900922865623168	0.2260391280208077
0.23365364191551496	0.07171933184225798	0.3029840723918934	0.1573067033404741	0.23433625050985935
0.22774656726987955	0.07920931775981281	0.30973534521771573	0.15363513017255456	0.22967363958003711
0.23859492272328245	0.07763697772456504	0.29854114915505164	0.15866341866710681	0.2265635317299938
0.23831190714326697	0.07795224092658484	0.2975705910117734	0.15402252005068404	0.23214274086769046
0.23688756710535389	0.07568525701976304	0.30252226791634623	0.15079132247856575	0.2341135854799708
0.2335141069019111	0.07485940077375328	0.30711654695599433	0.15892824502412692	0.22558170034421413
0.24207691867794584	0.07539078393209865	0.30271440646345216	0.1541269105912616	0.22569098033524146
0.23544994807371172	0.07690152980523651	0.3067160322793152	0.1532387465510441	0.22769374329069217
0.23877713470997533	0.08057933465688848	0.30242853378152507	0.14918091568472291	0.229034081166888
0.23318528980492553	0.08090669187818388	0.30237569496393063	0.14835999663367816	0.2351723267192815
0.2336583941540943	0.08029230164466891	0.30658960572427574	0.15223857506582705	0.2272211234111338
0.24139371023277995	0.08035617069308314	0.3009509164556307	0.1457089543656024	0.23159024825290353
0.23770792471023824	0.07198826854173754	0.3058824036433004	0.15879674984948342	0.22562465325524017
0.24216181992821717	0.07799960035053995	0.29671024656931066	0.15008760705475785	0.23304072609717413
0.23303968573443068	0.07816610665790455	0.30253720966230946	0.15249888196638872	0.23375811597896634
0.23692500860487345	0.07413331529352682	0.30660986169994614	0.14662508553098394	0.2357067288706694
0.2386886406903469	0.0816381885320372	0.2964678389388468	0.14571720109129482	0.237488130747474
0.2361915953218902	0.08115548524069845	0.2971329511993245	0.1482255916802	0.2372943765578866
0.233812042995256	0.08049703833557989	0.3115207523220488	0.14824081278090387	0.22592935356621124
0.23461388766997499	0.07976150354063002	0.2946121708940443	0.15817312941991313	0.23283930847543735
0.2347185310292981	0.07394938099450543	0.30856365466954333	0.1534841066316005	0.22928432667505239
0.23121635119232947	0.07612314888260692	0.30080136445720307	0.15573317720619934	0.236125958261661
0.23109891761530174	0.07879573744467491	0.3173913919574196	0.14713959968049445	0.22557435330210907
0.23062856824961755	0.07228715433633234	0.3074737857045132	0.15387227531719289	0.2357382163923437
0.23755859992153647	0.07973618975074641	0.30424665423458386	0.1469500008204933	0.23150855527263972
0.22665641463405004	0.08136446644798599	0.3022428016685099	0.15822897561241372	0.2315073416370401
0.23208006430790643	0.077425844557952	0.3145218327816814	0.15074419591012722	0.2252280624423328
0.23872138379823296	0.07751946906216617	0.30039650847575877	0.15480798728867784	0.22855465137516404
0.2280233123243438	0.07530846211692542	0.3154289305547664	0.15460309972213004	0.22663619528183407
0.2387722771350789	0.07300355809737122	0.3014946764495373	0.1494180654823854	0.23731142283562687
0.2380771061477599	0.08134191991164609	0.30522079240880384	0.14614674768432379	0.22921343384746617
0.2378359760476552	0.07665017382868637	0.30222104750341294	0.14991355436213832	0.23337924825810694
0.24068931981552805	0.07365186022851827	0.29876759429289684	0.1491978025135257	0.23769342314953085
0.23781499256938643	0.07403991807081758	0.2982269002688382	0.1553527611549238	0.23456542793603374
0.22964833439807386	0.0751418639059728	0.31340469555190575	0.1503687823282056	0.23143632381584173
0.24093225197257043	0.0799962351685927	0.2930663166822096	0.15653179193045416	0.22947340424617288
0.22927790174556179	0.07813092055855923	0.3107099308061096	0.15520498035475955	0.2266762665350096
0.23191131738359955	0.07535400803156042	0.3072801162852481	0.15951386382388127	0.2259406944757104
0.23441747445384917	0.07495273074906897	0.31011079511626205	0.15090561540250472	0.22961338427831485
0.23767841676923834	0.07533514806276076	0.31078068563215466	0.14643190316593915	0.22977384636990683
0.22786106963761227	0.07472803111692256	0.3017058822059844	0.15926737199708965	0.23643764504239093
0.23334375631508297	0.08092809052876655	0.30087361680887126	0.15852173492895005	0.22633280141832895
0.23779924241776668	0.07127803657759474	0.31546346979975776	0.14992120287847965	0.22553804832640095
0.22988877299642377	0.07316480437073966	0.30648497752179293	0.1566048744308011	0.2338565706802423
0.24098052249123844	0.07744458800028202	0.29296935626360365	0.15859559174593577	0.23000994149893988
0.23669496269758278	0.07296284620457427	0.3005096260970356	0.15289989515356645	0.23693266984724068
