0.351646441985905	0.39741098703851785	0.25094257097557726
0.35119401653791615	0.40042547206208395	0.2483805114
0.3525045812697116	0.39903837333861136	0.24845704539167712
0.35300881107921106	0.39863964452787026	0.2483515443929188
0.3509265885826019	0.3990365706925586	0.25003684072483956
0.3522554301650995	0.39767168052755586	0.2500728893073447
0.3527411828273989	0.39653608230229487	0.25072273487030633
0.3508779056363397	0.3959965587198989	0.2531255356437615
0.35042242465246415	0.3996178506340719	0.2499597247134641
0.3548405211459172	0.3938587809135845	0.25130069794049836
0.3499966507586819	0.4018365781856019	0.24816677105571627
0.3523878186677423	0.39637638446651857	0.25123579686573927
0.3496704513301449	0.40194367706666245	0.24838587160319278
0.3533446206878489	0.39800576910492746	0.2486496102072237
0.34883441765160833	0.3988446789529633	0.25232090339542845
0.34781492294612804	0.40137541004927807	0.250809667004594
0.34940904544039436	0.3983303279843858	0.25226062657521997
0.34999281953531575	0.4007902595972266	0.24921692086745778
0.3483850337760743	0.40122816758654545	0.25038679863738034
0.35322402710666356	0.39623800001516385	0.2505379728781727
0.35495869198767327	0.3948608836332803	0.25018042437904653
0.353745865508704	0.39440459889909607	0.2518495355922
0.3545466813805503	0.3965507590881937	0.24890255953125617
0.35445741044568224	0.3965159812546899	0.24902660829962797
0.34792597208820564	0.39861326944915015	0.2534607584626443
0.3478817367570884	0.3999047210238963	0.2522135422190154
0.348556503213851	0.39917214222444175	0.2522713545617074
0.3532470028295744	0.39396180362352623	0.2527911935468995
0.3521535124402311	0.3947155101336541	0.2531309774261149
0.34823617337349716	0.4005206585407916	0.25124316808571134
0.34808470464948044	0.40197099030070094	0.2499443050498188
0.3478761811747563	0.4036133544445234	0.24851046438072044
0.35068011898471113	0.3999802925395654	0.24933958847572352
0.35256069163353587	0.399047975594164	0.24839133277230022
0.34858724215407316	0.4020480129522314	0.24936474489369556
0.35398373261760885	0.3945763523631242	0.25143991501926705
0.34882070286708067	0.3997591761269347	0.2514201210059847
0.3534941197110118	0.3930949495530057	0.25341093073598264
0.35506456480410054	0.39615239294988547	0.24878304224601414
0.3540085669846452	0.39607112412862816	0.2499203088867267
0.35270444649582994	0.39609484631155834	0.25120070719261184
0.3536288212008748	0.3939869543733612	0.25238422442576414
0.35244647550100916	0.3960269338711877	0.25152659062780325
0.3538435563393447	0.3977327442205577	0.24842369944009768
0.34835924178680383	0.4005655977188246	0.2510751604943717
0.34812789450826354	0.399227242764777	0.2526448627269596
0.3535431088995907	0.395749531457923	0.2507073596424864
0.3524625461785426	0.3943378647836946	0.25319958903776285
0.34955805013545793	0.39907396438793846	0.2513679854766037
0.3504357697110218	0.3966347401034983	0.25292949018548005
0.35388828657670424	0.3972188437141724	0.2488928697091235
0.34941836539176346	0.40129347389380077	0.24928816071443582
0.35428211750876515	0.39620058917668444	0.24951729331455047
0.34821815173601206	0.3999032596317964	0.2518785886321916
0.35283588877832783	0.39504893789923673	0.25211517332243555
0.34930859749575693	0.3985966185188148	0.2520947839854284
0.34852086802566806	0.39827732019206763	0.2532018117822645
0.3528960310852662	0.3942190669751535	0.25288490193958035
0.3543045906244332	0.3944697012268078	0.2512257081487591
0.35223601899231477	0.3993968900318566	0.24836709097582876
0.35457060643985516	0.39412740938552215	0.2513019841746228
0.35315937056354607	0.39734772236621174	0.24949290707024224
0.3505961188982414	0.39770671021434834	0.2516971708874104
0.3478102945218461	0.40011662637799184	0.2520730791001622
0.35268245097042783	0.39484917646714307	0.2524683725624292
0.35033707003044434	0.3980349943870946	0.2516279355824611
0.3518946441383584	0.39776000120905564	0.25034535465258606
0.3491941355844237	0.40104611587285244	0.249759748542724
0.35280300001744425	0.39547600929521454	0.25172099068734133
0.35392184392703935	0.3974853647477512	0.24859279132520953
0.3508548044342253	0.39775278037671524	0.2513924151890595
0.3519570064984212	0.3990657822211251	0.2489772112804538
0.3503396986868144	0.3961931930830034	0.2534671082301823
0.3525669665338939	0.3992983779885717	0.2481346554775345
0.3524266982289824	0.3944028096414879	0.2531704921295298
0.35242885680646285	0.3976648123796864	0.24990633081385077
0.351543837826956	0.39786414786848273	0.2505920143045614
0.34852712986397216	0.4011941707929567	0.25027869934307123
0.35340517795575477	0.39476119782377067	0.25183362422047467
0.35139776819998714	0.40046496517541325	0.24813726662459973
0.34877553100908093	0.39988260999124525	0.25134185899967393
0.3538747439589088	0.39634132405874734	0.249783931982344
0.35364658485418404	0.3960622783881298	0.25029113675768627
0.3553250866509761	0.39607914837258623	0.24859576497643776
0.3552522781535754	0.39306225113034904	0.2516854707160757
0.3500607756162193	0.4014798391042482	0.24845938527953265
0.3513461913125841	0.39753279670629	0.251121011981126
0.351370045692106	0.3996503642688932	0.2489795900390009
0.35070657125314575	0.39611901245618664	0.2531744162906677
0.34948687716550575	0.39802949654476405	0.25248362628973037
0.35040967610066664	0.3996930275726219	0.24989729632671157
0.35445826815990306	0.3954586567827305	0.2500830750573665
0.3522244513955756	0.3982716705435698	0.24950387806085467
0.34854639345369537	0.3992701785205715	0.25218342802573324
0.3550055002235847	0.3930295305084202	0.2519649692679952
0.3551580568646765	0.3945733401376483	0.25026860299767534
0.35103392997776794	0.3968941824143223	0.25207188760790994
0.351499410317971	0.3988112493462875	0.24968934033574167
0.3543980084487559	0.39397345637884124	0.25162853517240297
0.3532228989369704	0.3978064239040789	0.24897067715895083
0.3508802711174625	0.39946367140326494	0.2496560574792727
0.3550993830514259	0.39336700256346196	0.25153361438511224
0.3475778189583986	0.40305592195696044	0.24936625908464105
0.353397075959185	0.3960709975226636	0.25053192651815154
0.35381954552971284	0.3971301732699448	0.24905028120034245
0.34851733671352214	0.4000180914861974	0.2514645718002806
0.3499397163437651	0.39729235473647656	0.25276792891975847
0.34765264339297847	0.4019301117759403	0.2504172448310813
0.3497806897321851	0.4001982901286167	0.2500210201391983
0.3480999381543315	0.39859893332406	0.25330112852160863
0.35414991807307994	0.393313806786198	0.25253627514072213
0.3529196130560172	0.39543558643063137	0.2516448005133515
0.3491703781273159	0.40108465968018214	0.24974496219250203
0.3520943592396501	0.3946835759180322	0.2532220648423178
0.35200827588155986	0.39956363347491536	0.24842809064352486
0.35179543578149725	0.3980708348746854	0.25013372934381745
0.3480675607691668	0.3995267854590598	0.25240565377177354
0.3492764577387374	0.40111821261268654	0.24960532964857624
0.3494986538531013	0.40037438901040595	0.2501269571364928
0.35377553598769745	0.397214242156804	0.24901022185549868
0.3490650020565297	0.3988081288423606	0.2521268691011098
0.3498292344653228	0.3969594710038935	0.25321129453078384
0.3543238204133528	0.3931706878952938	0.2525054916913535
0.3508873699113455	0.39898499504503826	0.25012763504361635
0.35320144666995634	0.3983996062670077	0.248398947063036
0.35386443180878274	0.39547814505339907	0.2506574231378183
0.34917333339246626	0.39994196698250417	0.2508846996250297
0.35314897079190194	0.3969585594458813	0.24989246976221682
0.35481525379491746	0.3964728035743003	0.24871194263078233
0.35339036939482754	0.3985211201346648	0.24808851047050784
0.3521296546851455	0.3981052367996699	0.2497651085151847
0.34905011222699345	0.40184567262681314	0.24910421514619352
0.34954113891782734	0.40194319619740027	0.2485156648847725
0.3513711696930765	0.39782827238388463	0.25080055792303896
0.34843181212142366	0.3996267455040382	0.2519414423745383
0.35445454071302707	0.39342094312182896	0.2521245161651441
0.3523459249475625	0.39831774846662804	0.2493363265858095
0.35041111365253846	0.397668988676748	0.25191989767071366
0.354641292856395	0.39399374729847153	0.2513649598451336
0.3489234310054332	0.39776604633530743	0.25331052265925946
0.3514329613418979	0.39527153737828813	0.2532955012798141
0.3552280571807447	0.39500177517953816	0.24977016763971727
0.35529121665383495	0.3942653592357481	0.250443424110417
0.35078658091311343	0.3964700725290251	0.25274334655786157
0.3525179381770187	0.39414234965481765	0.25333971216816376
0.3497219832054852	0.3981401182306279	0.25213789856388696
0.34953386298562444	0.40130021583475906	0.2491659211796166
0.3521428581208279	0.39715999196078067	0.2506971499183915
0.3542392879697011	0.39638095062581535	0.24937976140448365
0.3525836562117387	0.3989031290454959	0.2485132147427655
0.34863333432439103	0.3988923534297144	0.25247431224589467
0.35454839660987414	0.3971851382528158	0.24826646513731015
0.3531882980865868	0.3946009250005822	0.25221077691283106
0.3541829299141208	0.39694985507150027	0.24886721501437897
0.35451177280441054	0.3972994570422044	0.2481887701533852
0.3486238182157084	0.3988564667191624	0.2525197150651293
0.3538438714156493	0.3935345232645293	0.2526216053198214
0.34914130057793835	0.39742621599214345	0.2534324834299183
0.3486740912427342	0.40162945631047875	0.24969645244678718
0.34826645832897923	0.40231798927222995	0.24941555239879087
0.3498270042486685	0.39988009816241743	0.2502928975889142
0.3509646568263245	0.3999344802677758	0.24910086290589983
0.3523006977837074	0.39631005695964405	0.25138924525664863
0.34795511777103566	0.4025528581320852	0.24949202409687926
0.3522323624408918	0.3962005067639769	0.25156713079513143
0.35133245008053576	0.3964551397160836	0.2522124102033808
0.3481555976751868	0.40367563742093276	0.24816876490388057
0.3500394349643742	0.3990197625637779	0.250940802471848
0.352255838924597	0.394959192234467	0.2527849688409361
0.35213704595177786	0.39865491373646633	0.24920804031175592
0.34878326997451087	0.39861808730552384	0.25259864271996535
0.3515478088838396	0.40008259630550325	0.2483695948106573
0.3493561547838421	0.4012810009875037	0.24936284422865437
0.35335681984679346	0.3942290633672472	0.2524141167859595
0.35437769642979977	0.39452814368855926	0.2510941598816411
0.3478896593154342	0.39989206222266993	0.252218278461896
0.34932518983365396	0.39995499798962225	0.2507198121767239
0.34857687012471533	0.401976602314309	0.2494465275609758
0.3506506607774752	0.3973913548817894	0.2519579843407356
0.35075094660259576	0.39918168640600943	0.2500673669913949
0.3524413600676325	0.3942915446431864	0.2532670952891812
0.35517707473072213	0.3924292514658971	0.2523936738033809
0.35112779430379726	0.3977308417117919	0.2511413639844109
0.3542153240223567	0.39586132496892906	0.24992335100871432
0.35479164111882994	0.39451598988985337	0.25069236899131686
0.3494063807438981	0.3994329885831113	0.25116063067299066
0.35241834831184393	0.39453359568417545	0.2530480560039807
0.3524866603506051	0.3942095466787895	0.2533037929706055
0.3506058597558849	0.40095894350554306	0.24843519673857214
0.3524351953528894	0.3991644706789288	0.24840033396818192
0.351609696607204	0.4002986388381276	0.24809166455466858
0.3515236133910369	0.3970505765507541	0.2514258100582091
0.35527069291234475	0.3933280655572537	0.25140124153040166
0.35469477587036724	0.3948684797946137	0.25043674433501917
0.35322740733366553	0.39588213894441887	0.2508904537219157
0.3526824021844947	0.39558290701377263	0.2517346908017327
0.3541977335375294	0.39714611641000297	0.24865615005246772
0.3548634407232454	0.39591549611550325	0.24922106316125148
0.3479535586622975	0.4001276476652459	0.25191879367245673
0.3530696775338106	0.3981764312977273	0.24875389116846225
0.3536815740620988	0.39794124810348436	0.24837717783441696
0.35276612340693014	0.3950902452581941	0.2521436313348759
0.3494472696835637	0.3987590195919093	0.25179371072452716
0.354813698554642	0.39657671613456924	0.24860958531078886
0.3517687185545918	0.3962906585351169	0.2519406229102914
0.35433011209592624	0.3953450897959306	0.2503247981081433
0.34905534029773544	0.40257655968223527	0.24836810002002938
0.3500035532327466	0.4006758498051102	0.24932059696214334
0.35053457608131283	0.39920562417074507	0.2502597997479422
0.3516262647535656	0.39773086230035815	0.2506428729460763
0.350657444655683	0.39912940834514543	0.25021314699917163
0.35094114973194335	0.3999383559656091	0.24912049430244762
0.3544326172866873	0.39655625639183995	0.24901112632147285
0.3532066439675385	0.39607310432352244	0.2507202517089392
0.35023878533647745	0.39849822947871766	0.25126298518480505
0.3534739247796628	0.3942718326518794	0.25225424256845796
0.348032721408334	0.4019087876272664	0.2500584909643997
0.353965100937008	0.39357712985213517	0.25245776921085694
0.35403120400209354	0.3953741736711502	0.25059462232675644
0.3517631338401197	0.39978439918502684	0.24845246697485357
0.35183395885900876	0.3975622357790113	0.25060380536198007
0.35060865128256086	0.4011422601934727	0.24824908852396652
0.34800992673951053	0.4013265520222184	0.2506635212382712
0.35427218484686374	0.39574108048570666	0.2499867346674297
0.3495490840912028	0.40222248401807453	0.2482284318907228
0.35477285282897236	0.3926541423022203	0.2525730048688074
0.34996246111839546	0.3982561699721729	0.25178136890943176
0.3539056259533068	0.3958643564699502	0.2502300175767431
0.3518089863491685	0.39907699938341945	0.2491140142674121
0.3502768868044624	0.3980133014514927	0.25170981174404505
0.3534442580720905	0.397378391514874	0.24917735041303565
0.3538005247153312	0.39472543781457026	0.25147403747009867
0.3507464946158225	0.3995215294373774	0.2497319759468002
0.3524109601983438	0.39461507137075647	0.2529739684308999
0.35469308595810134	0.3971408853365363	0.24816602870536245
0.3534308789452066	0.3935783667978618	0.25299075425693174
0.3501365774133207	0.3996705452731389	0.2501928773135405
0.34770469900323897	0.40061419147741467	0.25168110951934647
0.3552174173963152	0.3945119345222598	0.25027064808142513
0.3519743604843737	0.39676983300144153	0.25125580651418483
0.3535824975258858	0.3942467288615173	0.252170773612597
0.34882284583152906	0.3985925224771457	0.2525846316913254
0.35087882119867636	0.400769562934291	0.2483516158670328
0.35216847417256153	0.3978803994975957	0.2499511263298429
0.350928018624483	0.3956351988644026	0.25343678251111446
0.3503769589637419	0.3966557464906132	0.25296729454564504
0.3505727614397123	0.3960436044876226	0.2533836340726653
0.3519115645448161	0.3990304659297376	0.24905796952544637
0.3487711030214814	0.4024947897187632	0.24873410725975548
0.34964684247810307	0.4007400164913596	0.24961314103053744
0.3478100708916451	0.40405741123897004	0.24813251786938498
0.34916272242830354	0.4023704151720106	0.248466862399686
0.3549713455712416	0.3934461768006146	0.2515824776281439
0.35511503934093314	0.3925314662066471	0.2523534944524199
0.35447916177119143	0.3951160799237464	0.25040475830506226
0.35497150031350144	0.39207778375507474	0.2529507159314239
0.3524093843819015	0.3984152673943369	0.24917534822376175
0.3522508488537791	0.39631949266762806	0.2514296584785929
0.34974078672665726	0.4010053210503492	0.24925389222299363
0.3543977219597915	0.39745757380034175	0.24814470423986681
0.34883262406900034	0.3980259042205714	0.25314147171042833
0.3516741389701755	0.396699570191074	0.2516262908387506
0.35313237468032077	0.39580288689352294	0.25106473842615634
0.3531259993182002	0.39776453889352065	0.24910946178827925
0.34816583593451705	0.39878046419648233	0.2530536998690007
0.3480909917846253	0.4012516862527849	0.25065732196258994
0.35117270156336083	0.39535412237671186	0.2534731760599274
0.3492050247328239	0.397875754582221	0.25291922068495526
0.3482339193531292	0.4036059195262811	0.24816016112058986
0.3520866507636864	0.3990846997521967	0.24882864948411704
0.3540261372046417	0.39357788129087434	0.252395981504484
0.3486813453572109	0.3985758805778733	0.2527427740649159
0.3494674375880197	0.39988466621460717	0.25064789619737327
0.35244259114039744	0.39537468483938504	0.25218272402021763
0.3539266908643619	0.3966957215147637	0.2493775876208745
0.3520601268384336	0.3976164987246952	0.2503233744368713
0.3530689412938153	0.3980858976313899	0.24884516107479498
0.3480546540693894	0.39988402510068544	0.2520613208299253
0.3477182567007574	0.40186879824106897	0.2504129450581738
0.3530750577571294	0.39428829431201295	0.2526366479308577
0.34848131908288316	0.3984932270299453	0.2530254538871717
0.35433822768659834	0.39725124796464345	0.24841052434875832
0.3495956537947165	0.39950560844527494	0.2508987377600086
0.3495894116467386	0.3973750513651929	0.2530355369880685
0.34963307010651457	0.3981579665066317	0.25220896338685383
0.35216714035684743	0.396415735370309	0.2514171242728437
0.35066820286309935	0.39869278649909456	0.2506390106378062
0.34962483951097495	0.39854710967397616	0.251828050815049
0.3506832037343645	0.3968055744752357	0.2525112217903999
0.35363966149880405	0.3948840796817926	0.25147625881940344
0.3549459837339503	0.39436469823355663	0.25068931803249317
0.3486643570426355	0.40072795979270714	0.2506076831646575
0.3513706200334973	0.39948030804388257	0.24914907192262026
0.35119253295065256	0.39971525267602775	0.24909221437331977
0.35388016651254567	0.39724868711289807	0.24887114637455632
0.35075232398432504	0.39601901828594366	0.25322865772973147
0.34852038243341793	0.40041298994140717	0.25106662762517507
0.3541530964334677	0.39772011958174647	0.248126783984786
0.3548837837133896	0.3942746982292091	0.25084151805740146
0.35272774024058345	0.3978273900009271	0.24944486975848956
0.3488677457219763	0.40141774988264267	0.2497145043953811
0.34956646254622725	0.40091854874145105	0.24951498871232183
0.3514849473153598	0.3968575934354379	0.2516574592492024
0.35190037445426375	0.39485648785057603	0.2532431376951603
0.35439700449251865	0.39421287547321326	0.2513901200342682
0.347979584967454	0.4033352836289128	0.24868513140363332
0.3482711315106271	0.4023145234340215	0.24941434505535146
0.3492132964202832	0.3988663907558796	0.2519203128238373
0.3519653305736934	0.3945274640075169	0.2535072054187898
0.3478056117331271	0.4011864556409959	0.2510079326258771
0.3534644552714086	0.39822724843481816	0.24830829629377335
0.3534116943472611	0.3967992426109088	0.24978906304183013
0.35336705265281393	0.3945424848327474	0.2520904625144388
0.34879812068912985	0.3986566889991626	0.25254519031170763
0.35491172305847457	0.3948849714472513	0.2502033054942742
0.3518477058354843	0.39608097657019714	0.2520713175943187
0.3550868025461531	0.39528274846397415	0.24963044898987286
0.35112133518048116	0.3980472406154909	0.25083142420402804
0.3504498875679597	0.4000952195247022	0.2494548929073382
0.3530261130549743	0.39585878813560565	0.2511150988094202
0.35302376284555553	0.39585855625801464	0.25111768089642994
0.35038929672384184	0.3970967486067142	0.2525139546694441
0.35352966707741634	0.3982669549374235	0.2482033779851603
0.3550678886520985	0.39206377141514925	0.2528683399327524
0.34955619663350396	0.39796949744901744	0.2524743059174787
0.3487250890848236	0.4003412567516786	0.2509336541634979
0.35034266245620244	0.39832453806000523	0.25133279948379245
0.34799393356613273	0.4002241354125207	0.2517819310213467
0.35110178923557606	0.3982227024353778	0.2506755083290463
0.3521696075221439	0.39889840171388913	0.2489319907639671
0.35347495241111837	0.3974502734423604	0.2490747741465213
0.3517781244676854	0.39593435142458827	0.2522875241077264
0.35504005142674055	0.39324614442798733	0.2517138041452722
0.35314108376136694	0.39738133980791757	0.2494775764307156
0.35244118313433515	0.396586553201389	0.25097226366427594
0.3497449441762709	0.39925897556044154	0.2509960802632877
0.35470840411161786	0.3952384951122754	0.2500531007761069
0.35140679221586385	0.39532574517598146	0.25326746260815486
0.3503522814505508	0.3962597427404405	0.2533879758090088
0.354783457187705	0.39661747608585196	0.24859906672644316
0.35310945144087513	0.3958864637193137	0.2510040848398113
0.3542703850491171	0.3976049184651969	0.24812469648568608
0.3486466499821006	0.3996455011290543	0.25170784888884523
0.3514637359925685	0.39721169629055125	0.2513245677168804
0.3518760974070654	0.3983602226698789	0.24976367992305581
0.3538396662665665	0.398010139415468	0.24815019431796562
0.3538803367283646	0.3929472015303971	0.2531724617412384
0.35110166938248205	0.39865519588527226	0.2502431347322458
0.3479421219081028	0.4008238786823871	0.2512339994095102
0.3490577412288426	0.4013386090528176	0.24960364971833995
0.3526940536972652	0.393937961028593	0.2533679852741419
0.34772212261684105	0.3994136650982213	0.2528642122849378
0.35214377369503774	0.3945702548411511	0.2532859714638113
0.3549349076576296	0.3934568444448471	0.25160824789752345
0.3535174017662325	0.3972560510642484	0.24922654716951925
0.3478125607034235	0.402242829071732	0.24994461022484465
0.34997764087709965	0.39933301251020353	0.25068934661269693
0.3483867080288307	0.40346617997997863	0.24814711199119074
0.34767288499712395	0.40235552712564043	0.24997158787723572
0.3550382304088116	0.39467512092410545	0.25028664866708306
0.3505764972464626	0.39721619778680123	0.25220730496673627
0.34820436425975165	0.39943913581667473	0.2523564999235738
0.3511879190913898	0.39872881390173864	0.25008326700687167
0.34902248383112683	0.3979001822193068	0.2530773339495665
0.35361334031860747	0.39596411700326595	0.25042254267812664
0.3545690177933653	0.39490031261981073	0.250530669586824
0.3513977429330941	0.39752941648051643	0.25107284058638957
0.35407974806233017	0.39533532854007186	0.250584923397598
0.35195908191980313	0.39593590199255624	0.25210501608764074
0.35115171414829804	0.40063774925021445	0.24821053660148762
0.3511363706349702	0.3987466323167615	0.2501169970482684
0.35528748199834287	0.39194579133746615	0.2527667266641911
0.35241405345592497	0.39656131538849254	0.25102463115558266
0.3551170049748189	0.39306788173549656	0.25181511328968464
0.35115070118619524	0.3979885302831103	0.25086076853069456
0.3518035543031265	0.3996822789982272	0.2485141666986464
0.3544613340370388	0.3932032318199971	0.2523354341429642
0.3481240650986734	0.3984991783422973	0.25337675655902947
0.3515334097509239	0.395739505434303	0.25272708481477324
0.3537725823018631	0.3930309044047172	0.25319651329341974
0.3544466899299785	0.39463751524885204	0.25091579482116955
0.3546514534821518	0.3926558050185489	0.2526927414992994
0.34843807666125554	0.39897528829129136	0.25258663504745327
0.3486430593884948	0.400137803627468	0.2512191369840373
0.35444235597127577	0.3940685423426082	0.25148910168611616
0.35444536133084126	0.3970659756474768	0.24848866302168204
0.34935829104438937	0.39949637242588987	0.2511453365297209
0.34894304096198037	0.40137410609515944	0.24968285294286033
0.35170861144704546	0.39862172729859374	0.24966966125436094
0.3541392868168063	0.3938935481450921	0.25196716503810174
0.3478680710724601	0.401403359578862	0.25072856934867804
0.34950911141455543	0.39962559417063526	0.2508652944148095
0.3552417986199572	0.39536060726833366	0.24939759411170925
0.3507865777557426	0.398836138287336	0.2503772839569215
0.3499065998804281	0.3978359451770572	0.2522574549425148
0.3544789881384024	0.39600362443477316	0.24951738742682456
0.3483897531575277	0.40090609223898005	0.2507041546034924
0.35262954279951	0.3984859091871651	0.248884548013325
0.3531014050374911	0.39388363348886074	0.25301496147364827
0.35373147555315965	0.39693166484701603	0.24933685959982438
0.3546134103270294	0.3966983504174819	0.24868823925548883
0.35038973168592924	0.3975367920955426	0.2520734762185283
0.35472311710004684	0.39212940128024665	0.2531474816197066
0.35156293353095636	0.39565105744907836	0.2527860090199654
0.34789815298146587	0.4032235821874625	0.24887826483107173
0.35206372769408767	0.399335148947676	0.24860112335823645
0.3515322107421366	0.3963234693209684	0.2521443199368951
0.3526742855416223	0.39695506906085426	0.2503706453975235
0.3495505650023939	0.4013658947172085	0.24908354028039764
0.35278933627189313	0.39574603925301266	0.2514646244750943
0.35217992411153304	0.39843952380269676	0.24938055208577037
0.3500821180920495	0.3982767453959103	0.25164113651204034
0.3516951413667474	0.39688163661493514	0.25142322201831757
0.35185332328078545	0.3989658801969609	0.24918079652225378
0.35420375755665956	0.39765404793414494	0.2481421945091956
0.3508507689479636	0.39688770621930375	0.2522615248327328
0.3513237180767327	0.3967516959676679	0.2519245859555995
0.35279813795605386	0.3974908345168036	0.24971102752714264
0.3538629087911485	0.3955374302384195	0.2505996609704321
0.35424024661598474	0.3957443359467356	0.2500154174372798
0.3501756105307236	0.39769791786468695	0.25212647160458956
0.3490036056652354	0.39906113786818936	0.25193525646657533
0.35234212409869825	0.39856655667869745	0.2490913192226044
0.34992381169489595	0.3971231558357702	0.252953032469334
0.34894764009278567	0.3985731066995537	0.25247925320766074
0.3501703560057441	0.3976756927439525	0.25215395125030354
0.3477160843121128	0.4016808512415026	0.25060306444638475
0.351487598992615	0.3990641471496518	0.24944825385773325
0.34908888123033666	0.4020699858951352	0.24884113287452825
0.34856805286150006	0.39950841860082253	0.2519235285376775
0.3480544566383069	0.4013520874930918	0.2505934558686014
0.34894063230407024	0.40094470105863345	0.2501146666372965
0.3484111464326705	0.4024721145032565	0.24911673906407308
0.34873226468307933	0.40157465526289526	0.24969308005402552
0.35056421867285076	0.3990928444105127	0.25034293691663667
0.3536597308418461	0.39518110397733314	0.2511591651808208
0.35211961191768926	0.3983856234205498	0.2494947646617611
0.35318992105037983	0.3943765113350336	0.2524335676145867
0.3499227110785148	0.4015344238981505	0.2485428650233348
0.3523453279836932	0.3956878503974554	0.2519668216188514
0.35456425608880887	0.3956320113370772	0.24980373257411403
0.35324240849545163	0.39619785773138816	0.2505597337731603
0.3517798774898357	0.39954093554494835	0.24867918696521607
0.35275615926443055	0.39466986500294055	0.252573975732629
0.35270500612375044	0.3979167887091193	0.24937820516713033
0.35096032098799146	0.3958762998416434	0.25316337917036524
0.35260674223298494	0.39732901491956524	0.2500642428474499
0.34820680949435495	0.4016617363325707	0.2501314541730745
0.3550207676664971	0.3928873093841817	0.25209192294932137
0.3529937948454733	0.3952573175571523	0.25174888759737457
0.35402761501980495	0.39607095078424187	0.2499014341959533
0.3518720528100364	0.39829262247621383	0.24983532471374986
0.3542879123116873	0.3965359499959994	0.24917613769231345
0.35227681673471434	0.3948859835103396	0.2528371997549462
0.3541740290479382	0.39239848643529995	0.25342748451676195
0.353234917795481	0.3956130682807491	0.25115201392376996
0.34918940858952824	0.4010169550902081	0.24979363632026375
0.34776994421441876	0.3992762580736656	0.25295379771191573
0.34888481531996285	0.40003270221091203	0.2510824824691252
0.35494503100277136	0.394198233793192	0.25085673520403673
0.35452579777358995	0.39705330589570553	0.24842089633070463
0.35236639171616424	0.394193436853044	0.2534401714307919
0.35476675326167273	0.3945629265303952	0.2506703202079322
0.35201326232155267	0.39459090171854844	0.253395835959899
0.34989426394378115	0.39662251140325294	0.253483224652966
0.34864294871439305	0.40073664099475015	0.25062041029085697
0.3534746589369768	0.39792789690599606	0.24859744415702723
0.3544593257227817	0.39623813077790915	0.24930254349930928
0.348606194357069	0.40079541165972044	0.25059839398321065
0.35505705082401007	0.39593461177486583	0.24900833740112416
0.35519889352361483	0.39336052664231735	0.25144057983406787
0.35321412358405163	0.39544577909360906	0.2513400973223395
0.34794683755451056	0.40087721423545464	0.25117594821003486
0.35036154637313743	0.40013139341707227	0.24950706020979044
0.3541958975148791	0.39329763481637464	0.2525064676687463
0.3495562131029782	0.3992502134307936	0.25119357346622834
0.35526917228854	0.39573461140472266	0.24899621630673746
0.3541477835669542	0.3944200936954412	0.25143212273760474
0.3498530050653909	0.39905517701486254	0.25109181791974666
0.34772025555202823	0.3987730348872796	0.25350670956069227
0.3517563346130221	0.39520557344817125	0.2530380919388068
0.35441578639466487	0.3951263562106781	0.25045785739465715
0.3537173089195517	0.3941301990064704	0.25215249207397794
0.34812572848164874	0.4024886200379381	0.24938565148041325
0.34961507821890137	0.39708728575859925	0.25329763602249944
0.3522094184799891	0.39868251731805565	0.24910806420195541
0.3528719637559577	0.3986418644828391	0.2484861717612033
0.349856637324132	0.39893341358808715	0.25120994908778094
0.3495178816917291	0.40129876374901724	0.2491833545592538
0.34772706422952476	0.4038790067621453	0.24839392900833007
0.3524109290235736	0.3947612443916567	0.25282782658476977
0.3508383590462289	0.39773238149222706	0.25142925946154415
0.35437846109223137	0.395982466591053	0.24963907231671575
0.3546112151918181	0.3965285219783654	0.2488602628298166
0.35241181527067933	0.3941871265278545	0.2534010582014663
0.35202452737452145	0.39701658633972947	0.2509588862857492
0.3482610219756455	0.3988953867188701	0.2528435913054845
0.3524208123111331	0.3988302895688739	0.24874889811999312
0.3509565385439104	0.3968357211443609	0.2522077403117288
0.3552998181137123	0.39389260006220117	0.25080758182408663
0.35198562770422626	0.39875322900008525	0.2492611432956886
0.353872269451879	0.39686802207598865	0.24925970847213247
0.35024994342938576	0.3996692745278857	0.25008078204272866
0.3530583551767909	0.39827925497479694	0.2486623898484123
0.3489648328289778	0.40205191785212835	0.248983249318894
0.34974630564441955	0.4014442704542492	0.24880942390133137
0.35297192719234477	0.39682234721649706	0.2502057255911583
0.3537987363575612	0.39675615139713405	0.24944511224530486
0.3504348569640145	0.39652770326837977	0.25303743976760584
0.3478547702114592	0.4008559000027795	0.2512893297857614
0.348860963852334	0.40272937340107046	0.2484096627465957
0.34837961516723265	0.4028023711177841	0.24881801371498335
0.35390802806671773	0.3939082089616187	0.2521837629716636
0.3542835587837069	0.39543623050198135	0.2502802107143119
0.3530368511219067	0.3953492374460689	0.2516139114320245
0.35487316896112636	0.3923543032774192	0.2527725277614546
0.353522813594339	0.3948454797408006	0.25163170666486057
0.3519979085869432	0.3983702889612377	0.24963180245181923
0.35523278454648655	0.3955115427059882	0.24925567274752536
0.3502273877194486	0.4001348169361659	0.24963779534438552
0.35283476703915184	0.39864726978135984	0.24851796317948843
0.3551201978865467	0.3950363827252727	0.24984341938818072
0.3507634888939195	0.40082865861916744	0.24840785248691316
0.3492739131832233	0.39895476195762913	0.25177132485914766
0.35098195079375555	0.39945481821048046	0.2495632309957641
0.354824003102642	0.3964821773476177	0.24869381954974043
0.3539888614847559	0.3943985466493475	0.2516125918658967
0.3541334896850573	0.39592762979924295	0.24993888051569985
0.34979927970234254	0.4016528679887184	0.24854785230893917
0.3537912482944989	0.39585463707306656	0.25035411463243473
0.347912524686046	0.4025753779036805	0.24951209741027364
0.3498591829449942	0.40072008020535127	0.24942073684965466
0.3515359986646197	0.39675706745735617	0.25170693387802423
0.3526106618159265	0.3969483495003332	0.25044098868374043
0.3485345860771902	0.40130869120817775	0.2501567227146322
0.3543027788056591	0.3924498546955824	0.2532473664987587
0.3494419908160756	0.39750147047185697	0.25305653871206757
0.35268185045843675	0.39791716062108506	0.24940098892047824
0.34950845308810524	0.39975017378378774	0.25074137312810707
0.3502948920734711	0.3981680301457331	0.2515370777807959
0.34925164975964706	0.39810797805465353	0.25264037218569957
0.3509140805374408	0.4009131940908922	0.24817272537166712
0.3485836219155541	0.4032173549322146	0.24819902315223144
0.34878419245933806	0.40062931822249565	0.2505864893181664
0.3509871908192621	0.3989642936966505	0.2500485154840875
0.35035337948173473	0.4012012159828562	0.2484454045354092
0.35225339788387944	0.395901897803998	0.2518447043121227
0.3490830188697039	0.4027821079699098	0.2481348731603864
0.35329364841407906	0.39769079152626385	0.24901556005965722
0.3505356841691991	0.3993013420514624	0.2501629737793386
0.35232495591279633	0.3943095557800397	0.25336548830716416
0.3501741126734259	0.39846149574642387	0.25136439158015034
0.352565739240471	0.39557002625367405	0.25186423450585504
0.3520467933416005	0.3981251916223787	0.24982801503602092
0.3545835498280855	0.39616872415395815	0.24924772601795647
0.3506938175594156	0.39681988138667634	0.2524863010539081
0.3522669650236054	0.39901039656724907	0.24872263840914566
0.3505618600179677	0.40087417682549326	0.24856396315653917
0.34806818701970577	0.39940772465100216	0.2525240883292922
0.35077656290224246	0.3997498862897972	0.24947355080796046
0.3550835658467307	0.3915326756991373	0.25338375845413214
0.3547789540211629	0.39633410845843864	0.2488869375203986
0.35193745221158557	0.3957955022672477	0.2522670455211668
0.35328402991631813	0.39636909980343854	0.2503468702802434
0.3518541963288819	0.3996891024534601	0.24845670121765812
0.3536181271009568	0.39660029939494423	0.24978157350409907
0.3509851371318974	0.40063074681418753	0.24838411605391517
0.3550823615142881	0.39620413284340805	0.24871350564230396
0.35030256362674095	0.4008948917585369	0.24880254461472226
0.3480567630798093	0.40157620860056426	0.25036702831962654
0.3548354693216833	0.39567325784900126	0.24949127282931555
0.35124102603966395	0.39659160769213864	0.2521673662681975
0.35296321436925676	0.3980724750016128	0.24896431062913055
0.35354171645280885	0.39771297011838486	0.24874531342880646
0.3487639014230104	0.39910851518870477	0.25212758338828495
0.35069541469491144	0.3980897313794668	0.2512148539256219
0.3505922294550843	0.3997089661132835	0.24969880443163234
0.3478055533385336	0.40221891855548786	0.24997552810597867
0.3519946344884973	0.3984620569355804	0.24954330857592238
0.3541935897446059	0.3956423167871488	0.2501640934682454
0.35291800322972694	0.3970756220893001	0.2500063746809731
0.35355843977594087	0.3938286766594536	0.2526128835646057
0.3528968840941067	0.3940699295208884	0.25303318638500505
0.35362540143075544	0.3967309345725995	0.24964366399664517
0.3500027513858301	0.40138750799505163	0.2486097406191184
0.35240827424984633	0.3974048381712242	0.2501868875789296
0.3478477854806679	0.3996138159199032	0.252538398599429
0.34857232929108967	0.4003998732896963	0.25102779741921416
0.3488467066304941	0.4000342467561301	0.2511190466133759
0.3496786737114149	0.397476893812924	0.2528444324756612
0.3512343640965374	0.39949998745623877	0.24926564844722393
0.3500953390961023	0.3995692305930586	0.2503354303108392
0.35149885908277645	0.39858945615723573	0.24991168475998793
0.3480920478345097	0.4016269790670668	0.2502809730984236
0.3503337054539908	0.3994525023441962	0.25021379220181306
0.3521841986883308	0.39583284270513086	0.2519829586065385
0.35131924714772184	0.40006048735496935	0.24862026549730887
0.3496110974431991	0.39884597038225067	0.25154293217455037
0.351274847397582	0.39939879156918867	0.24932636103322942
0.3514656199955345	0.3966554990130505	0.2518788809914151
0.35530101551223725	0.3962438388941447	0.24845514559361817
0.35468951744020705	0.395622461972006	0.24968802058778708
0.3517657483459345	0.39865178399574264	0.24958246765832298
0.35264662128325025	0.3948803976537079	0.25247298106304195
0.35414685808830987	0.3952987325819174	0.25055440932977285
0.35276190840083277	0.3958789649486767	0.25135912665049065
0.35176722850025527	0.39658394676396735	0.2516488247357775
0.3552202779544475	0.3957382395168197	0.24904148252873287
0.350073509970778	0.3965771441012117	0.2533493459280104
0.34837404991427307	0.4011506080626547	0.2504753420230723
0.35135720050348596	0.39567788460303827	0.2529649148934759
0.352949793134268	0.398678428876844	0.24837177798888813
0.3521281100320622	0.395998523827504	0.25187336614043393
0.35039722530934175	0.39759501974259137	0.25200775494806704
0.3522335185064578	0.39531079745130965	0.2524556840422327
0.3525355860136356	0.39717177727365416	0.25029263671271035
0.34805460324585935	0.40171499489022394	0.25023040186391676
0.3544478032855585	0.3931522081996584	0.2523999885147832
0.3547099213475822	0.3935419549049669	0.251748123747451
0.35342065516464993	0.3961118273652529	0.25046751747009727
0.35186852076772696	0.3973301234359464	0.2508013557963267
0.3533849757477021	0.39503849188911344	0.2515765323631846
0.3517254802816713	0.39520421854935767	0.25307030116897117
0.3509796740178636	0.3995192919182238	0.24950103406391272
0.3476354073645481	0.399375302527758	0.252989290107694
0.35032472329085734	0.3978470823738514	0.25182819433529136
0.35402151449244607	0.3958718962257813	0.25010658928177276
0.3504162291479969	0.40137213063488697	0.24821164021711623
0.348793624392162	0.40023996110771526	0.25096641450012286
0.3482376501272931	0.40144876769927246	0.2503135821734346
0.35288804213809294	0.3936128365587658	0.2534991213031414
0.35524689606924853	0.39183665308980886	0.2529164508409427
0.3529903173097806	0.39792905743048784	0.24908062525973165
0.34824536908250464	0.39845874904882617	0.2532958818686693
0.3531101503286737	0.3936155249895231	0.2532743246818033
0.3502663456243339	0.39787128660755144	0.25186236776811477
0.35202371241419234	0.3969736724667862	0.25100261511902155
0.34930244617914585	0.40061815210090423	0.25007940171995
0.34767797933772926	0.4029540719236887	0.24936794873858215
0.34874365215849956	0.39775709580693486	0.2534992520345657
0.3503702072868276	0.3996225742970936	0.2500072184160789
0.3527275652593412	0.3956297068758446	0.25164272786481434
0.35385091075197955	0.39755140510966724	0.24859768413835331
0.35112598362660363	0.40029141095726006	0.24858260541613642
0.34919852110467664	0.4021366792424268	0.24866479965289662
0.3518014019600418	0.3980243210312154	0.25017427700874295
0.35062007182485383	0.3963426400739773	0.253037288101169
0.34961344298404967	0.40074943358854975	0.2496371234274007
0.35280122127873687	0.3984858236572944	0.2487129550639688
0.3514302545237517	0.39942340528355935	0.24914634019268903
0.3541254690480335	0.3937644697595966	0.25211006119237
0.3490183073771888	0.4006476530256844	0.2503340395971269
0.3543497098850057	0.3952390074943303	0.25041128262066414
0.34961781888453486	0.3970592199406381	0.25332296117482717
0.3494940846102669	0.40242757952613695	0.2480783358635963
0.3547672563361251	0.3918097429589034	0.2534230007049716
0.35380354237240497	0.3965117774869167	0.24968468014067846
0.3534082170674551	0.3951711157898931	0.2514206671426519
0.3519317850651533	0.3983050244312409	0.2497631905036059
0.3485274150620057	0.4020956311945159	0.2493769537434785
0.352604638785435	0.39657329049981016	0.2508220707147549
0.34949898169820504	0.4022110403036968	0.2482899779980983
0.3539935318113562	0.39464907705275093	0.251357391135893
0.351263644036354	0.40034097630014953	0.24839537966349662
0.35083689624632053	0.40083338230181187	0.2483297214518677
0.35116370549816567	0.40029306459463	0.24854322990720445
0.3480879559838891	0.399158579779618	0.25275346423649303
0.35251123218002883	0.39528303958716615	0.2522057282328051
0.3492450571013724	0.40011974676092443	0.2506351961377033
0.3479977800530197	0.4002165702157715	0.2517856497312089
0.34884735570819414	0.40168299904279015	0.24946964524901583
0.35428882117230703	0.39439522852752307	0.25131595030017
0.34936667035915386	0.39782971738163575	0.2528036122592105
0.3506429344599838	0.4004505263919749	0.2489065391480414
0.3520836211159311	0.39494792157468095	0.25296845730938805
0.35033765574874487	0.39909909636536617	0.2505632478858891
0.34962548278919237	0.39877505463783225	0.2515994625729755
0.34843051922273255	0.4012944207480168	0.2502750600292508
0.3491180173483525	0.39869693999574757	0.2521850426559
0.34879238878184426	0.39880211085469	0.25240550036346593
0.34771942281994017	0.4000673173943042	0.25221325978575576
0.35487136588781376	0.39524858940620733	0.24988004470597902
0.35490271966399944	0.39410108844811786	0.2509961918878828
0.3538472003224332	0.3967314291053791	0.24942137057218777
0.3508266492351683	0.3962010300867929	0.2529723206780389
0.3506758821299116	0.39665477454535203	0.25266934332473645
