0.16728610887262904	0.16855152754280128	0.6641623635845697
0.16599416881303902	0.1660611812796337	0.6679446499073274
0.1660287492951713	0.16656828837374277	0.667402962331086
0.16748782663780754	0.1670977967785892	0.6654143765836034
0.16768216422460885	0.1659450541601133	0.666372781615278
0.16777168168880607	0.1660714842360484	0.6661568340751456
0.1688930839387417	0.16720291924165054	0.6639039968196079
0.16956273752783052	0.16665425750285034	0.6637830049693192
0.167497836992766	0.16789228103678144	0.6646098819704527
0.1671438214524254	0.16841114313199695	0.6644450354155778
0.1667008969872979	0.16861608227284755	0.6646830207398546
0.16729871577612174	0.16754918809717012	0.6651520961267082
0.16712717548960387	0.1671612616137098	0.6657115628966864
0.16612643275648886	0.1680108136839688	0.6658627535595425
0.17004969567757638	0.16595859741228514	0.6639917069101386
0.16684697842531646	0.16750527336772075	0.6656477482069629
0.16969085297005876	0.16636381569674621	0.6639453313331951
0.169372485127932	0.1658782967923007	0.6647492180797674
0.16613330765223533	0.16641221755999425	0.6674544747877705
0.16925844596948567	0.16610577607819524	0.6646357779523192
0.1658817116899548	0.16773636177371076	0.6663819265363345
0.16703241837641397	0.16851508034103896	0.6644525012825473
0.16789623727503583	0.16780670983369683	0.6642970528912675
0.16835651518299619	0.16742223696184969	0.6642212478551541
0.16696539017412468	0.16595748408985134	0.6670771257360242
0.1682679150100475	0.16801106022383633	0.6637210247661163
0.16679370727970608	0.16751059972892324	0.6656956929913709
0.16839800354356804	0.16758052950454605	0.664021466951886
0.16770174113192632	0.16552029437905744	0.6667779644890164
0.16648737951846393	0.168452921955709	0.6650596985258272
0.16970441279194629	0.16596323484573416	0.6643323523623197
0.16738513665173912	0.1685089478030532	0.6641059155452078
0.1671617336594029	0.1688834330857721	0.6639548332548251
0.1674847700094734	0.16722501552921892	0.6652902144613078
0.16839338257129027	0.1677627180721872	0.6638438993565225
0.16683593725757034	0.16894467406595362	0.6642193886764762
0.16723576273003052	0.167035920240779	0.6657283170291906
0.16679617134546332	0.16679185285776088	0.6664119757967759
0.1667583069844077	0.1678296300185978	0.6654120629969946
0.16765963493823755	0.16737456500383083	0.6649658000579317
0.16657433041683592	0.16780532732201997	0.6656203422611442
0.16660339651868813	0.16714788771857797	0.666248715762734
0.16654870737458966	0.16644994856767653	0.6670013440577339
0.16860180273153624	0.16720627657792964	0.6641919206905342
0.16740380846067549	0.16782067269973888	0.6647755188395857
0.16738443238714779	0.16777629415060763	0.6648392734622447
0.16857108499808282	0.16594433323578744	0.6654845817661299
0.16807082309071134	0.16721385845270315	0.6647153184565856
0.1700732979262771	0.16561758095289522	0.6643091211208279
0.16664881332219295	0.16868163132945668	0.6646695553483505
0.16781683433700403	0.1678091843339897	0.6643739813290064
0.16716563574171578	0.16884037913249472	0.6639939851257897
0.16841657609402175	0.16571211157006197	0.6658713123359165
0.16672078495854004	0.16656270071682147	0.6667165143246385
0.1663397737379236	0.16586136972866738	0.6677988565334091
0.1681289838164663	0.16670109044132192	0.6651699257422119
0.1658737284505034	0.16709749702662544	0.6670287745228712
0.16834043673007526	0.1674212102709705	0.6642383529989544
0.16633057535563459	0.16568918362017396	0.6679802410241915
0.16586464029668643	0.1662113223885137	0.6679240373148
0.16818234967789727	0.16659164108254343	0.6652260092395594
0.16655687966194269	0.16762220301381764	0.6658209173242398
0.16875553614461858	0.16708322928365632	0.6641612345717252
0.1672352090121924	0.16573521385195572	0.6670295771358519
0.1669540884947644	0.167120598812739	0.6659253126924967
0.16936710701968016	0.16693908183146977	0.6636938111488502
0.1673127419613328	0.1665346977575591	0.6661525602811081
0.1680687742966184	0.1661601438281065	0.6657710818752751
0.16873372950560456	0.16601553837765365	0.6652507321167418
0.16652260458881585	0.1660802009600088	0.6673971944511755
0.16595068571710003	0.16769693679923575	0.6663523774836644
0.1659190630513098	0.16618595240292505	0.6678949845457652
0.16668117476739136	0.16728970409462268	0.6660291211379861
0.1689318697152296	0.16596960685844908	0.6650985234263214
0.16770821861538182	0.1686290849122929	0.6636626964723253
0.16996872949816322	0.16596063311359238	0.6640706373882446
0.16767771288058736	0.16667970548266603	0.6656425816367467
0.16871084925416427	0.16700077017147308	0.6642883805743628
0.16645596032740673	0.16871636186516847	0.6648276778074249
0.16807034509785299	0.16655593752232611	0.6653737173798211
0.16646713007643776	0.1673432737394092	0.6661895961841532
0.16959610934558417	0.1666376629483988	0.6637662277060171
0.16782553079629023	0.16755076838796662	0.6646237008157433
0.16958299135878155	0.1661896475206795	0.6642273611205392
0.1666652800236556	0.1664889501873374	0.6668457697890071
0.16683320916712518	0.16883531640468977	0.6643314744281852
0.16732536511712742	0.1667154072127206	0.6659592276701521
0.1663043459690576	0.16731708264299633	0.6663785713879462
0.16700564367989992	0.1688426429366885	0.6641517133834116
0.1660019441914285	0.1660402881777427	0.6679577676308288
0.16706141455210602	0.16850901005093694	0.6644295753969571
0.1662925208474734	0.16623375507910262	0.6674737240734241
0.16813121739109654	0.16717902417846442	0.6646897584304392
0.1681034132779088	0.16707356110035765	0.6648230256217337
0.1687855559236919	0.16579753190934124	0.665416912166967
0.16752850095714614	0.16879416908259137	0.6636773299602626
0.1665434221379624	0.16607069682757275	0.6673858810344651
0.1672513631267918	0.16765863782433638	0.6650899990488719
0.16655024890458778	0.16551619029799738	0.667933560797415
0.1677911029466108	0.16726923137791622	0.6649396656754731
0.1675438356463258	0.16681720932416502	0.6656389550295093
0.16723310533132701	0.16869495440072685	0.6640719402679462
0.1674004808551581	0.16642757071483733	0.6661719484300047
0.1700412485208878	0.16590104995661176	0.6640577015225005
0.16959636228382774	0.1661171902728562	0.6642864474433162
0.16672075978408746	0.16558180352568808	0.6676974366902246
0.16607804376296198	0.16866265911507677	0.6652592971219614
0.16657152133082037	0.16783531215236658	0.6655931665168131
0.16794608434236444	0.16740531331256625	0.6646486023450695
0.16670719205896525	0.16641401379906906	0.6668787941419658
0.17042155605027257	0.16553228785932836	0.6640461560903992
0.17022791842358787	0.16554531688646099	0.6642267646899513
0.16839481511572008	0.16784556077339882	0.6637596241108812
0.1689749492990932	0.16726232359779625	0.6637627271031106
0.16890926672468023	0.16672046936608034	0.6643702639092395
0.16850670963025144	0.16584955390595807	0.6656437364637906
0.1680323139217464	0.16555256830291912	0.6664151177753346
0.16768695007080692	0.16681993319690103	0.6654931167322922
0.16740705366326983	0.16764750446478222	0.664945441871948
0.1674964262281286	0.16862607142152236	0.6638775023503491
0.17006175174864463	0.16599730699522708	0.6639409412561285
0.16616650822079893	0.16657975652875479	0.6672537352504464
0.1695527287774463	0.16602851019915954	0.6644187610233943
0.16808827484836592	0.1665560374521637	0.6653556876994705
0.1687906939888713	0.16729112723537268	0.6639181787757562
0.1676582641064611	0.16650518289145694	0.665836553002082
0.1681633093802577	0.167324768595706	0.6645119220240364
0.1664614358013846	0.168498489818533	0.6650400743800826
0.16759596565896995	0.16798861242065938	0.6644154219203708
0.16861448371990861	0.1662193056170035	0.665166210663088
0.16769897943247794	0.16675699055027654	0.6655440300172457
0.17016156887123904	0.16613030836739914	0.6637081227613619
0.1695949954972666	0.16675426048773856	0.663650744014995
0.1672812421864575	0.1665326348072553	0.6661861230062873
0.16784436369823438	0.1660802017232675	0.6660754345784983
0.16709091664399583	0.1689224792318048	0.6639866041241995
0.16830749330608316	0.1674933677082676	0.6641991389856494
0.16699598017184292	0.16606056865671032	0.6669434511714469
0.16588572394017134	0.16745682550077157	0.6666574505590572
0.1690873973699706	0.16628209526235366	0.6646305073676759
0.1665556399789223	0.16634482862202354	0.6670995313990542
0.1662662773025445	0.16576369637228144	0.6679700263251741
0.16704761925738082	0.1656264947679883	0.6673258859746309
0.16724764526829264	0.16806659565819698	0.6646857590735105
0.1660672809826295	0.16655980543410226	0.6673729135832684
0.1700049058982805	0.16562739261841203	0.6643677014833076
0.16954591639282754	0.16627834690047502	0.6641757367066976
0.16619496473969914	0.1683062598994272	0.6654987753608739
0.16920408742082343	0.16603775282023236	0.6647581597589443
0.16848637822028567	0.165876573895404	0.6656370478843106
0.16805768387546027	0.1660432779531245	0.6658990381714153
0.16778269542320334	0.16838691634597416	0.6638303882308226
0.17003686720007266	0.16557834198253296	0.6643847908173945
0.1670797083080816	0.16805029553800566	0.6648699961539128
0.16773470019976583	0.16828096118185587	0.6639843386183785
0.16594599636232804	0.16859937740883377	0.6654546262288383
0.1666626186314405	0.16590696370585456	0.6674304176627051
0.16848767040655907	0.1659677688468165	0.6655445607466246
0.16665434897555437	0.16836747052694814	0.6649781804974976
0.16686689097426022	0.1658747495238176	0.6672583595019224
0.16844630189819731	0.16644612498610098	0.6651075731157019
0.16837589224332097	0.16684819235400683	0.6647759154026723
0.1700545723604713	0.16620154038962387	0.663743887249905
0.16954101245616385	0.16604534503255158	0.6644136425112847
0.16767499380612272	0.16588762513522337	0.666437381058654
0.16669860955934282	0.16808867882348644	0.6652127116171709
0.1684001002395953	0.16582269987604295	0.6657771998843618
0.16768085700826674	0.16722816440145027	0.6650909785902831
0.1685143475376389	0.16704124226914335	0.6644444101932179
0.16611487283841617	0.16720498852731155	0.6666801386342724
0.16757384593053926	0.16683746187534976	0.6655886921941111
0.16747214647146785	0.16625668700004026	0.666271166528492
0.167682062803274	0.16860454868598532	0.6637133885107408
0.16722605102850013	0.1680449663186351	0.6647289826528648
0.16826935858463948	0.1671202890528282	0.6646103523625324
0.1668168414406302	0.16634283365847619	0.6668403249008936
0.16766377467055518	0.16621658353322455	0.6661196417962204
0.16603285407294366	0.16799492553607723	0.6659722203909793
0.16728369932946727	0.16647079398233697	0.6662455066881959
0.16712588333818348	0.1665286568072647	0.666345459854552
0.16682791611588604	0.16598510620869986	0.6671869776754142
0.16833587664444566	0.1655750809927436	0.6660890423628109
0.1671380579937686	0.16862234064472792	0.6642396013615035
0.16683221936922257	0.16885921159747627	0.6643085690333013
0.16945481229042675	0.16647634489100743	0.6640688428185659
0.16647640890631138	0.16873626156720983	0.6647873295264789
0.16815310609982373	0.16606093383215725	0.6657859600680192
0.1666158042132742	0.1683849892528754	0.6649992065338506
0.17024196389820462	0.16566518531197139	0.664092850789824
0.1690819767641634	0.1657466692443133	0.6651713539915234
0.16985871064971467	0.1662829396632884	0.6638583496869971
0.16768160684932895	0.16572110754321406	0.6665972856074571
0.16664133038609713	0.16831776808112425	0.6650409015327787
0.16870589725281573	0.16642047701661344	0.664873625730571
0.16708823052662253	0.16736370218681362	0.6655480672865639
0.16689680938975238	0.1683283733842506	0.6647748172259971
0.16607758077082246	0.16654452013481055	0.6673778990943671
0.16635743499340447	0.1658140887596071	0.6678284762469886
0.1660347326855967	0.16855504662586057	0.6654102206885428
0.16695793097472308	0.1672747028184365	0.6657673662068405
0.16909111383229486	0.1666141705348987	0.6642947156328065
0.166957674507482	0.16677093932627887	0.6662713861662393
0.16866112179184656	0.16570651404288048	0.665632364165273
0.1669785744365208	0.16648811191907342	0.6665333136444058
0.1665329733831176	0.16854812245123185	0.6649189041656507
0.16806886780450353	0.16632753820850626	0.6656035939869903
0.16632288710666623	0.1680527411439145	0.6656243717494195
0.16599225873585566	0.16693248985950004	0.6670752514046444
0.1666058855929652	0.1685036979880318	0.664890416419003
0.16655135843467214	0.1667478251574138	0.6667008164079141
0.16689100566806464	0.16705465131116395	0.6660543430207715
0.16875947165426725	0.16562170528696635	0.6656188230587665
0.16689801156960843	0.1661235544642311	0.6669784339661606
0.16702071918954473	0.16852648973619216	0.6644527910742632
0.16699577629367285	0.16753529946093154	0.6654689242453957
0.16631682963866712	0.1677256297363676	0.6659575406249654
0.1694541776032992	0.16670754103627936	0.6638382813604216
0.16942855094340004	0.16552251683964203	0.665048932216958
0.16920670112139385	0.1664571422252782	0.6643361566533281
0.16680859173226087	0.16629008459763642	0.6669013236701029
0.16639847995795579	0.16568339054449038	0.667918129497554
0.1660183197867916	0.1684174358489764	0.6655642443642321
0.16766242506006357	0.16837782834385334	0.6639597465960831
0.1701173377407446	0.1655886367658134	0.6642940254934421
0.16729818554449424	0.16872772650660794	0.663974087948898
0.16598617040627028	0.16844256839367416	0.6655712612000557
0.16840320921213286	0.16579083389208332	0.6658059568957839
0.16587871406003427	0.1674003110623658	0.6667209748776
0.16794324986687803	0.16804009948601173	0.6640166506471104
0.16767905792354257	0.16844248087541835	0.6638784612010392
0.1664733653108864	0.16714595873991894	0.6663806759491948
0.16628714028186395	0.16744439758778815	0.6662684621303481
0.16694852312417813	0.16808323717645418	0.6649682396993678
0.16955231393473727	0.16588313287334028	0.6645645531919226
0.16599160161208326	0.16604020166020156	0.6679681967277153
0.1678374657668037	0.1655423698990573	0.6666201643341391
0.16657282457712308	0.16863635274538713	0.6647908226774899
0.16918575015209159	0.1663303655012432	0.6644838843466654
0.1663845004252497	0.16746162785697216	0.6661538717177783
0.16617294229887336	0.1674713418682379	0.6663557158328888
0.1696140401603141	0.1664179787094528	0.6639679811302333
0.1665210855050113	0.16591338247666093	0.6675655320183278
0.16962719444571436	0.16629015147765716	0.6640826540766286
0.166898573704484	0.16833199440174518	0.6647694318937709
0.16846336416846422	0.16675481891665445	0.6647818169148815
0.16603640974250872	0.16845473987403647	0.665508850383455
0.17021808929671672	0.16573296706061869	0.6640489436426646
0.1670863520126932	0.16829550209897454	0.6646181458883323
0.16896815258928347	0.16623293521228977	0.6647989121984269
0.16657896459878385	0.16668935829612325	0.6667316771050931
0.16922398993670854	0.16633650823640048	0.6644395018268912
0.16731464840475413	0.1661138429436892	0.6665715086515568
0.16783338295507713	0.16556554460590844	0.6666010724390146
0.1668398429952354	0.16855831025508838	0.6646018467496764
0.16876297496427395	0.1659000877830251	0.6653369372527012
0.16722476701337363	0.16720528206924282	0.6655699509173837
0.1662502637673699	0.1670386050912496	0.6667111311413807
0.16936771400586273	0.16593569740420946	0.6646965885899279
0.16595582932713318	0.16703676057361092	0.667007410099256
0.16851706254420096	0.16733036185538852	0.6641525756004106
0.16662019968927774	0.16684395573605254	0.6665358445746699
0.16866536528125342	0.16579861617289338	0.6655360185458533
0.1672644930533886	0.16587059535790197	0.6668649115887095
0.16746036899255862	0.1661598288796084	0.6663798021278331
0.1694464895625331	0.16616345686828196	0.6643900535691851
0.1658620619293542	0.16764121162312873	0.6664967264475172
0.16860795399031123	0.16586268938444962	0.6655293566252393
0.1676706067949874	0.16609840466288273	0.66623098854213
0.17004220806283007	0.16568783389108127	0.6642699580460888
0.16657079235515143	0.1675107991600045	0.6659184084848442
0.16688218738615074	0.16639395760993153	0.6667238550039178
0.16697457238124086	0.16587450744898458	0.6671509201697747
0.16638846952951164	0.1686871045576865	0.664924425912802
0.16865758328948902	0.1672188458106564	0.6641235708998547
0.16603454004415025	0.16780056605934104	0.6661648938965088
0.16822761971190603	0.16786043496005584	0.6639119453280382
0.16858742412079208	0.16699540172431576	0.6644171741548922
0.16911639234672368	0.16582012001213	0.6650634876411464
0.16679244064186963	0.16848651850007507	0.6647210408580555
0.16831436073906947	0.1667601586785472	0.6649254805823834
0.1686806592623536	0.16620870261374432	0.6651106381239023
0.16821237296139588	0.16570577027922323	0.666081856759381
0.16642717565005258	0.1685445794918412	0.6650282448581064
0.16860434384357384	0.16678587725736455	0.6646097788990617
0.1697842685771867	0.16620379649393788	0.6640119349288756
0.16726629169347906	0.16878713363681508	0.663946574669706
0.16685736383560287	0.16789709878625114	0.6652455373781461
0.1670289810044844	0.16611698449172796	0.6668540345037878
0.1674235569999914	0.16566143883757317	0.6669150041624355
0.16876562307936843	0.16575547986159778	0.665478897059034
0.1683209709574028	0.16678135001669253	0.6648976790259048
0.16872105450302866	0.1658782029617344	0.6654007425352371
0.16691525526173207	0.16840340690960842	0.6646813378286596
0.16735124678002317	0.1657106465029648	0.6669381067170121
0.16699281551942802	0.16884252863352692	0.6641646558470452
0.16797443266003706	0.16681624685548355	0.6652093204844796
0.16784406206294952	0.16585585256947522	0.6663000853675753
0.167253470016862	0.16594857375266692	0.6667979562304712
0.1690036912225851	0.16717860102856769	0.6638177077488473
0.16617698566903455	0.1660774645130069	0.6677455498179588
0.16830696368834377	0.16581700234985414	0.6658760339618022
0.16925538521749023	0.16564809470541314	0.6650965200770969
0.16852426830666606	0.16732448277908862	0.6641512489142454
0.1665801577863234	0.16654105729738475	0.6668787849162919
0.16661302917585089	0.1671069927857463	0.666279978038403
0.16914850156198497	0.16701083514879878	0.6638406632892164
0.16585659187089172	0.16821619045830422	0.6659272176708042
0.16788111721426544	0.1674103737219813	0.6647085090637533
0.16750937984333666	0.1680565114532186	0.6644341087034449
0.16590755532267554	0.1661786060723427	0.6679138386049819
0.16712662848826512	0.16716238379937393	0.665710987712361
0.16992872665867512	0.16628098466103308	0.6637902886802919
0.16685857599412357	0.1660272774065719	0.6671141465993047
0.16609395222451612	0.16748555928588527	0.6664204884895988
0.1664266330545085	0.16891239885863424	0.6646609680868574
0.16840885026690536	0.16561748414076383	0.665973665592331
0.1660660537126056	0.16860877707500216	0.6653251692123924
0.16840781114284767	0.16779352388470664	0.6637986649724459
0.16945914869058915	0.166612543985411	0.663928307324
0.16719735387866103	0.1682704748817565	0.6645321712395826
0.1673623916420194	0.16759710231185093	0.6650405060461297
0.1689773221439743	0.16608329926914062	0.6649393785868852
0.1682471175655692	0.16813053620918683	0.663622346225244
0.16904646509839633	0.16692779677155758	0.6640257381300463
0.16949958941131302	0.16636033313367213	0.664140077455015
0.16798304842430037	0.1664204985449685	0.6655964530307312
0.1697339870767502	0.1658538716578785	0.6644121412653714
0.16714559852809013	0.16759120465016347	0.6652631968217466
0.16656283977907238	0.1682249031900834	0.6652122570308443
0.16643093149967933	0.16881682625833672	0.664752242241984
0.16612865139867375	0.1671662175027445	0.6667051310985819
0.16667599831953003	0.16671994350734132	0.6666040581731287
0.16799873141952665	0.1677479743295931	0.6642532942508804
0.16806594680274645	0.16633730211503617	0.6655967510822176
0.169866208124644	0.16601244170033239	0.6641213501750238
0.16865069730476123	0.1660026001224558	0.665346702572783
0.1676124863711554	0.1674843173256086	0.6649031963032361
0.1702957477672256	0.16551812993591186	0.6641861222968626
0.16816543724889213	0.16631244072105855	0.6655221220300493
0.16801567882832458	0.1659863408575638	0.6659979803141117
0.16761204034137198	0.1660473132138816	0.6663406464447466
0.16811979636888147	0.1671599009180743	0.6647203027130444
0.16897294466539842	0.16586250688946258	0.6651645484451392
0.1678965197218738	0.1672906447932986	0.6648128354848277
0.16734802773983423	0.1678127286349649	0.664839243625201
0.16700693791040552	0.16869099432181334	0.6643020677677812
0.16788303590016673	0.16672259377665088	0.6653943703231826
0.16599528015307669	0.16707887184523743	0.666925848001686
0.16642957228674665	0.16685837451862537	0.6667120531946281
0.16831138898643386	0.16781800429351112	0.6638706067200552
0.1689875648014834	0.16627578169994695	0.6647366534985698
0.17008521671645707	0.16561451941964067	0.6643002638639024
0.16995886581059497	0.1662072982717417	0.6638338359176634
0.16830688909067326	0.16737541359213542	0.6643176973171915
0.16779854221187243	0.16669799698945065	0.665503460798677
0.16626693006267332	0.16591079969214587	0.667822270245181
0.1701802453671705	0.16595953218867174	0.6638602224441579
0.16615256641865808	0.16597744419135466	0.6678699893899873
0.16695202036069848	0.16714234541223244	0.6659056342270693
0.16640958225764177	0.16642335745170184	0.6671670602906565
0.1669767301139437	0.166013198027967	0.6670100718580894
0.16751811461053043	0.16717519759792238	0.6653066877915473
0.1677392965427435	0.16814047537246807	0.6641202280847885
0.16748291238347676	0.16761478482740053	0.6649023027891228
0.16703855648645044	0.16833961413231047	0.6646218293812391
0.16738364095746722	0.16818769151045135	0.6644286675320816
0.1673122684366786	0.1664359276680169	0.6662518038953047
0.16781294426928592	0.16763060923183906	0.6645564464988751
0.1666574755985216	0.16699049423645346	0.6663520301650251
0.16677820601885085	0.16622947263286325	0.666992321348286
0.16753685007374416	0.16633484556234282	0.6661283043639132
0.16703167714997394	0.16692429200632106	0.6660440308437051
0.16679862076696442	0.16771245123444234	0.6654889279985934
0.16695721031585334	0.16578620869842783	0.6672565809857189
0.16611959642488525	0.167570229675699	0.6663101738994158
0.16760961783772507	0.16653312907062026	0.6658572530916549
0.1682226899354804	0.16636041515619265	0.665416894908327
0.16740162409935458	0.16628133030783726	0.6663170455928082
0.16910995101551768	0.16652542356992214	0.6643646254145603
0.16605430746364394	0.16797266298110647	0.6659730295552497
0.1665629304082444	0.16882360011524952	0.6646134694765062
0.16724595187576763	0.16883365178383042	0.6639203963404021
0.16906749406363164	0.16689612765687062	0.6640363782794978
0.1690292668006373	0.16568317636456575	0.6652875568347971
0.1671131494573292	0.16833889213001008	0.6645479584126608
0.1673820779931825	0.16620040672289715	0.6664175152839205
0.16649992692766075	0.16674057722192587	0.6667594958504135
0.1667739333482279	0.16566241207932617	0.667563654572446
0.1669072129218049	0.16839917625862624	0.664693610819569
0.16779332176116749	0.16720866027994613	0.6649980179588865
0.1669382347110847	0.16580347668398554	0.6672582886049299
0.16736910990270337	0.16880826260698203	0.6638226274903147
0.16602812924384316	0.16634693337032985	0.6676249373858272
0.16588372342001556	0.1683771929155209	0.6657390836644637
0.16671281205511476	0.16743551586451128	0.665851672080374
0.16618188519170915	0.16635854188377822	0.6674595729245127
0.16592095058164555	0.1674314727618445	0.6666475766565101
0.16833144675899203	0.16721845763520343	0.6644500956058046
0.16876715324875688	0.16712581899431905	0.6641070277569242
0.16874279144077528	0.16758477213457157	0.6636724364246533
0.16776937301239983	0.16673905873706651	0.6654915682505338
0.16644441410444738	0.16858028146428328	0.6649753044312695
0.16875877983880538	0.166961223992588	0.6642799961686067
0.16751220019587865	0.1665757714770636	0.6659120283270579
0.1694603548404513	0.1660641135210247	0.6644755316385241
0.16839017104558873	0.16735719123172277	0.6642526377226886
0.16615177856286767	0.16667769701483404	0.6671705244222984
0.16617903878475507	0.1664870143657031	0.667333946849542
0.16874803196837415	0.16691483069360383	0.6643371373380221
0.16601169866641538	0.1684253708417085	0.6655629304918762
0.16612818489683445	0.16739927858010714	0.6664725365230585
0.16890965157016644	0.1669737754525215	0.6641165729773122
0.16745402880924581	0.1661054109392806	0.6664405602514737
0.16739431060829524	0.1677258413176875	0.6648798480740175
0.16784001737172496	0.16762148995884948	0.6645384926694257
0.1660725732181416	0.1672960274121059	0.6666313993697526
0.16610794941264245	0.1666160972638266	0.6672759533235311
0.1665071141546076	0.16761501835381687	0.6658778674915757
0.16885899858932799	0.1663369037348344	0.6648040976758377
0.16693620613934868	0.16833538973273893	0.6647284041279125
0.16694146334308574	0.16690125346603854	0.6661572831908757
0.16839933553000902	0.16654142150780357	0.6650592429621875
0.16750887469313328	0.16872296984191953	0.6637681554649473
0.16931147569644284	0.1660348111512125	0.6646537131523448
0.1690502582047532	0.16694973160334364	0.6640000101919032
0.1671684545800993	0.16767942983855832	0.6651521155813425
0.1671720190699462	0.16722535708681674	0.6656026238432371
0.16971182818218422	0.16555333025517732	0.6647348415626386
0.16620433770452764	0.16712799125902672	0.6666676710364459
0.16681311989419845	0.1679700294068084	0.6652168506989933
0.16856634876462748	0.1658150635119225	0.6656185877234502
0.16667394280071848	0.16624248529079763	0.667083571908484
0.16697741497666124	0.16706128098598544	0.6659613040373534
0.1676136360806289	0.16687594919199528	0.6655104147273759
0.16610071287819736	0.16840612809423278	0.66549315902757
0.16857774218754965	0.1672561673210265	0.6641660904914239
0.16586087875911235	0.16888618821664786	0.6652529330242399
0.16781552037687333	0.16829089534265157	0.6638935842804752
0.1678036669634251	0.1663199119788119	0.6658764210577631
0.16805600790614678	0.1656723856296508	0.6662716064642026
0.16716014272207713	0.1681763721275758	0.6646634851503472
0.16902666089569718	0.16669996009790536	0.6642733790063976
0.16761681618992819	0.1665580027748993	0.6658251810351726
0.1689916468624735	0.16684117479481314	0.6641671783427134
0.1689155054844329	0.16629276191506714	0.6647917326005
0.16705954242666457	0.16785983478272043	0.6650806227906152
0.16607891331968247	0.16727735964451212	0.6666437270358055
0.16684374087944193	0.16586403188840743	0.6672922272321508
0.16767060966704664	0.16609565501587314	0.6662337353170803
0.1662877519368878	0.168216665390584	0.6654955826725284
0.1659159408281928	0.16800393444972228	0.666080124722085
0.16974725306380975	0.16625240326628693	0.6640003436699035
0.16809938736862284	0.16807268155452515	0.6638279310768521
0.16775791770871776	0.166606471568458	0.6656356107228243
0.16777241379913632	0.16764504876380085	0.664582537437063
0.16622680431601555	0.16893463966033107	0.6648385560236535
0.16600554124546102	0.1677480032254198	0.6662464555291193
0.16944372794133766	0.16678842619161974	0.6637678458670427
0.16908931338489452	0.16578706436057616	0.6651236222545294
0.16810586712779255	0.1657103945826357	0.6661837382895719
0.16620321668026547	0.16699583097265816	0.6668009523470765
0.1673157875949384	0.1688729303683093	0.6638112820367523
0.1671511909772624	0.16638397248710218	0.6664648365356355
0.16641155752423847	0.16879787629626847	0.6647905661794932
0.16649208150715242	0.1688537101405284	0.6646542083523193
0.16862346555813246	0.16643446521735045	0.6649420692245172
0.16781347441011935	0.16639499106060554	0.6657915345292753
0.16735438382576512	0.16786140967079313	0.6647842065034419
0.16587489751907197	0.16830660271658648	0.6658184997643417
0.16942671501556217	0.1668909203219719	0.6636823646624661
0.16649020972879944	0.1676455327000746	0.665864257571126
0.16847309050309656	0.166805222395005	0.6647216871018986
0.16694129155662818	0.1677614424926001	0.6652972659507719
0.16788908650194995	0.16567678962226862	0.6664341238757816
0.16786300557471295	0.16844209994639883	0.6636948944788883
0.16735295910661266	0.16622126599400572	0.6664257748993817
0.16829852561981157	0.16605821674917015	0.6656432576310184
0.16745342448005546	0.166936469383001	0.6656101061369437
0.16837116410030006	0.16552183392714187	0.6661070019725581
0.17005932310854205	0.1660695972843688	0.6638710796070892
0.1685542538784439	0.16762640654441507	0.6638193395771412
0.16829788061444342	0.1670729894571043	0.6646291299284524
0.16717731571464822	0.16687025324149068	0.6659524310438611
0.1695706333474628	0.16678926430563162	0.6636401023469056
0.16651366734196066	0.16620691070196902	0.6672794219560705
0.16632425602031292	0.16682599486156469	0.6668497491181226
0.16827810699979404	0.16793121249816018	0.6637906805020459
0.1671543334100368	0.1674960390763255	0.6653496275136378
0.16712903466097892	0.1669531177976285	0.6659178475413927
0.1692032549525267	0.16573498001901293	0.6650617650284605
0.1665005456358712	0.168900315683428	0.664599138680701
0.16708622002120277	0.16719333048175278	0.6657204494970446
0.17021892049798606	0.16602132452973795	0.6637597549722761
0.16661574519917963	0.1678684733042365	0.665515781496584
0.16650576748108809	0.1674374189662543	0.6660568135526577
0.16862145056165923	0.16609045343598872	0.6652880960023522
0.16708924363421782	0.16890495016113513	0.6640058062046472
0.169847798268772	0.16559546722101093	0.6645567345102172
0.16719906536662202	0.16596363408612705	0.666837300547251
0.1669762806499143	0.16691608684537007	0.6661076325047157
0.16663974313025376	0.1682669226845605	0.6650933341851859
0.1672981238314769	0.1662974633450397	0.6664044128234835
0.16963602265384636	0.1664279332203098	0.663936044125844
0.16740069965073512	0.16735187428995035	0.6652474260593146
0.16792098599425806	0.16612681857901	0.665952195426732
0.16716385535498196	0.16681881838350146	0.6660173262615167
0.167139567315346	0.16732586770476102	0.6655345649798932
0.16687774698029878	0.16599500901714387	0.6671272440025575
0.16701902351461828	0.165824798359261	0.6671561781261208
0.16765843364761637	0.16770583534684674	0.664635731005537
0.16873609591529806	0.1676156347644776	0.6636482693202245
0.1679108003538096	0.16813271904343696	0.6639564806027536
0.16873133479599545	0.1655946479771358	0.6656740172268689
0.16830589232065232	0.1657344873768454	0.6659596203025024
0.16618107948161803	0.16674642416866664	0.6670724963497154
0.1700498055089694	0.16556177965081686	0.6643884148402139
0.16721317154413512	0.16620543204130653	0.6665813964145585
0.16762022669635024	0.16648399994409324	0.6658957733595566
0.1662168642244284	0.16600802344149318	0.6677751123340785
0.16725487662874383	0.16781047518807735	0.6649346481831789
0.16864374051136038	0.16715422393353369	0.664202035555106
0.16938767660649723	0.16574688412059854	0.6648654392729043
0.16649568522888314	0.16590354448560812	0.6676007702855089
0.16941137804727532	0.16693891852656903	0.6636497034261557
0.16592941442994513	0.16713529468548466	0.6669352908845703
0.16799573452410954	0.16645233553741406	0.6655519299384764
0.16858377798326846	0.16637025570447914	0.6650459663122525
0.16682590580661877	0.16790809431024076	0.6652659998831406
0.16731521761569002	0.16616189068295056	0.6665228917013595
0.16777280478012896	0.16830880001187948	0.6639183952079917
0.16684383474503403	0.16699601016566484	0.6661601550893013
0.1678598816450119	0.16566209988337102	0.6664780184716171
0.16609277532672373	0.16649375413129047	0.667413470541986
0.1664292032665311	0.16767239440404444	0.6658984023294245
0.16879097887233413	0.1670231038761644	0.6641859172515016
0.16587232854072465	0.1682982273464324	0.6658294441128431
0.16987899590409136	0.1659206518605143	0.6642003522353945
0.16672892566213487	0.16611324103261899	0.6671578333052464
0.16832575700343566	0.16611982487659632	0.6655544181199682
0.16842149603768436	0.16635069268732638	0.6652278112749894
0.17005209560347123	0.16556521183040673	0.6643826925661221
0.16893626828469796	0.16585700793391644	0.6652067237813857
0.16731897785024683	0.16671169510714237	0.665969327042611
0.1660836058276194	0.1669203022678618	0.6669960919045188
0.1674266223618435	0.16653819329620018	0.6660351843419564
0.1689953992238873	0.16705678991002829	0.6639478108660846
0.16688483952070954	0.16788284254278188	0.6652323179365087
0.16930673593364548	0.1658892181547002	0.6648040459116544
0.16708618317925475	0.16710607030751862	0.6658077465132268
0.166743746240334	0.16601031815667625	0.6672459356029898
0.16958926861911333	0.1666609266251356	0.6637498047557512
0.16795440662589256	0.167224635841056	0.6648209575330515
0.1679819729350432	0.166678310343582	0.665339716721375
0.16612846959061217	0.16815558216680881	0.6657159482425792
0.16653790917708405	0.16617965058984285	0.6672824402330733
0.16820297000453377	0.1680124604893376	0.6637845695061287
0.17023703839622017	0.1655796738639672	0.6641832877398127
0.16719132336112602	0.16868697812982286	0.6641216985090512
0.16936505157174983	0.16585493997003134	0.6647800084582189
0.16686493380713122	0.1677592949739466	0.6653757712189223
0.16667704987537885	0.16856671079174204	0.6647562393328792
0.16782122855726045	0.1680418033718638	0.6641369680708759
0.16784130850199852	0.16752037850838447	0.6646383129896171
0.1678491505704502	0.16775032029475134	0.6644005291347986
0.1679299894336646	0.1657534001145186	0.6663166104518169
0.16680482293718335	0.16647257742924235	0.6667225996335744
0.16590609901279638	0.16858910099150712	0.6655047999956967
0.16985800890834035	0.16626138381116776	0.663880607280492
0.16921416536089515	0.16584479154632054	0.6649410430927845
0.16959474102917824	0.16604039907193208	0.6643648598988898
0.1673113123238378	0.16615144163145684	0.6665372460447054
0.16762154949794061	0.16559857101420974	0.6667798794878497
0.16840693925707043	0.16647530711087732	0.6651177536320523
0.1685386195402936	0.1659153877974319	0.6655459926622747
0.16813031479703844	0.1666230232777636	0.6652466619251981
0.16635619096204168	0.1675747094918254	0.666069099546133
0.16689888741089118	0.1662711787580979	0.6668299338310111
0.16598808058783002	0.16766290256559901	0.6663490168465711
0.1675534099621986	0.16835936834129556	0.6640872216965059
0.1667822628136088	0.16770845642859417	0.6655092807577971
0.16975550225162056	0.16560214077579294	0.6646423569725866
0.17034296352093467	0.1658323142747819	0.6638247222042836
0.16604324423689293	0.16843896362862448	0.6655177921344827
0.16591002401989563	0.1668922345872777	0.6671977413928267
0.16605495886584173	0.16629557660350025	0.6676494645306581
0.16984754998331136	0.16591433098647673	0.664238119030212
0.16870171537276663	0.16765619753756011	0.6636420870896733
0.1689344240531233	0.1661157537612568	0.66494982218562
0.17015377049041558	0.166194090754207	0.6636521387553775
0.1684906864976565	0.16712056224610228	0.6643887512562414
0.16877324441176977	0.166299818538594	0.6649269370496365
0.1685784422019642	0.1665608726273669	0.6648606851706691
0.16615039766317624	0.1659305201727599	0.6679190821640639
0.1669116639393709	0.166553316907398	0.6665350191532312
0.1667108959755324	0.1671939819485337	0.666095122075934
0.16687887827903483	0.1658985401234377	0.6672225815975277
0.16868363441699344	0.16704468656400268	0.664271679019004
0.16962892167160523	0.16623506173709007	0.6641360165913048
0.1701124829330083	0.16600169173475932	0.6638858253322326
0.16708062546146327	0.16627687918828363	0.6666424953502532
0.1661899514008861	0.16826819093876738	0.6655418576603467
0.16756006451253502	0.16684026985621536	0.6655996656312497
0.16692972161889805	0.16791653294036218	0.6651537454407399
0.1682887480195647	0.16571655579839845	0.665994696182037
0.16863673145802605	0.1661777432406392	0.6651855253013348
0.16742938290187423	0.16839803394798664	0.6641725831501393
0.16762155575884488	0.16840278653035928	0.663975657710796
0.16663845890013185	0.166666075733311	0.6666954653665573
0.16606259462368161	0.16773156609505158	0.666205839281267
0.16791046193458237	0.16640412669858518	0.6656854113668327
0.16944778770541646	0.16687010948859787	0.6636821028059858
0.16927957463932958	0.16555802268436487	0.6651624026763057
0.16765289091752886	0.16800441646778158	0.6643426926146896
0.16843978091107392	0.16614266204930966	0.6654175570396166
0.16685303167875057	0.1688288239111834	0.6643181444100661
0.16912532463681063	0.1661917589468075	0.664682916416382
0.16738229634877866	0.1669926092556828	0.6656250943955386
0.16937516121023471	0.16555238203922062	0.6650724567505448
0.16686498419207652	0.16778671031313475	0.6653483054947888
0.16848904106386892	0.16737047271690647	0.6641404862192247
0.16785873334710794	0.16797029974774186	0.6641709669051503
0.16733123624782142	0.1680675124997132	0.6646012512524655
0.16588370663359828	0.16887744947641462	0.6652388438899872
0.1674327307760176	0.1658165735765671	0.6667506956474154
0.16663541028451112	0.16720472335472275	0.6661598663607662
0.16894319444903838	0.16580191714720816	0.6652548884037537
0.1668520114871589	0.16688645490597226	0.6662615336068689
0.16826629101109572	0.16692611771226468	0.6648075912766397
0.16773815280452664	0.16754373742543666	0.6647181097700368
0.16618089426811514	0.16838238576985215	0.6654367199620328
0.1691930649226295	0.16647917658820877	0.6643277584891618
0.16594162678951946	0.16836281974406375	0.6656955534664168
0.16877635304817462	0.16606700755056797	0.6651566394012576
0.16627829779511538	0.1673190101303277	0.666402692074557
0.16889338831776812	0.16600526836455676	0.6651013433176752
0.16858340292825544	0.16681307345875462	0.6646035236129901
0.1661226781555716	0.16886576515396373	0.6650115566904647
0.16769172928050385	0.1658226984169641	0.6664855723025322
0.16859615029369368	0.1672907307503697	0.6641131189559366
0.1674323116096975	0.16660082192348097	0.6659668664668217
0.1692720643141787	0.16655839553131674	0.6641695401545047
0.1690171148485129	0.16665654307793915	0.6643263420735481
0.16690767376046511	0.1686907339455139	0.6644015922940212
0.16665788402171086	0.16720983120828786	0.6661322847700014
0.16982300680875245	0.16627621880847962	0.6639007743827681
0.1667998322498776	0.16673688099445216	0.6664632867556703
0.16615599209723755	0.16869853210991637	0.6651454757928461
0.16813554328129415	0.16709030502252464	0.6647741516961814
0.16780251640084787	0.16855341820765735	0.6636440653914949
0.16704152273593045	0.16636285592256717	0.6665956213415025
0.16865620397705716	0.1655555428703654	0.6657882531525776
0.16696076338137794	0.16859988702142842	0.6644393495971938
0.1689546973201796	0.16689247594802203	0.6641528267317984
0.1694717110886751	0.1658622989842916	0.6646659899270334
0.16826044143855687	0.1670945075695624	0.6646450509918809
0.16918451066562049	0.16557686186801454	0.6652386274663651
0.16649367259989495	0.1679117270679794	0.6655946003321258
0.16698711781697878	0.166570102550481	0.6664427796325403
0.1665078578246022	0.1658600101534648	0.6676321320219332
0.1696803626482634	0.16589198550187992	0.6644276518498569
0.1674244113565253	0.16799630462226478	0.66457928402121
0.16612119385055424	0.16825980325608664	0.6656190028933593
0.16789609284053728	0.16846835043736458	0.6636355567220983
0.1697383635885178	0.16566701715295268	0.6645946192585297
0.17021094841932277	0.16590226287913423	0.6638867887015432
0.1687745743764199	0.16573350326541808	0.6654919223581621
0.16683234641810982	0.166928740830031	0.6662389127518593
0.1671991993636169	0.16795072851470538	0.6648500721216779
0.16824798444212924	0.16551020173297848	0.6662418138248924
0.1670055203952776	0.16893230974594364	0.6640621698587789
0.16958238937540615	0.1665625618556193	0.6638550487689747
0.1662270923078437	0.166826618070682	0.6669462896214744
0.16844171747928227	0.16562399594389604	0.6659342865768219
0.16680478510768992	0.16882982067859842	0.6643653942137118
0.16866162861750134	0.16705032081586912	0.6642880505666298
0.16631026050418585	0.16671568073095389	0.6669740587648604
0.16804631851443308	0.16609219296280214	0.6658614885227649
0.165966738934462	0.16739058071896826	0.6666426803465698
0.16820440641613996	0.16723300510327238	0.6645625884805878
0.1671281815497216	0.16787377550495636	0.6649980429453222
0.16885425568292867	0.16653335686685153	0.6646123874502199
0.1658984167739455	0.16623716062759258	0.667864422598462
0.16699445178868855	0.1665553386570543	0.6664502095542573
0.16774237800803363	0.16606063576862076	0.6661969862233457
0.16609461030834624	0.16766420998258336	0.6662411797090705
0.16764546142123285	0.1676885853648809	0.6646659532138863
