0.141009176173034	0.38630789760751016	0.47268292621945596
0.16714475267837206	0.3811750657430585	0.4516801815785696
0.16266777136138336	0.3813660937641924	0.45596613487442433
0.14570036517845503	0.38606473558784554	0.46823489923369954
0.13231491108024185	0.39550577861172453	0.4721793103080338
0.15123295913737167	0.38227723889575205	0.4664898019668764
0.16244416167648376	0.377138290496993	0.46041754782652333
0.15737879924187337	0.3835307017292072	0.4590904990289196
0.15413781282430172	0.38138275870806637	0.464479428467632
0.15990523438777787	0.38006722342087174	0.46002754219135045
0.14290674552644594	0.3846308204427025	0.47246243403085164
0.16508444735990346	0.3755626504063626	0.45935290223373404
0.14461941601622125	0.3932285128864073	0.4621520710973716
0.1394050029253463	0.3933426448529004	0.46725235222175343
0.14227132062398418	0.3873232987565913	0.4704053806194246
0.14198260818640185	0.39487175206159764	0.4631456397520006
0.16289992331338182	0.3765859843700229	0.46051409231659535
0.15384525008892258	0.3794051956044749	0.4667495543066027
0.1671956299633077	0.374991319309675	0.4578130507270174
0.16139308961569682	0.3807463889814134	0.4578605214028899
0.14731954704585293	0.38534683530802133	0.46733361764612585
0.15630974684330068	0.38818103040505464	0.45550922275164474
0.15217141357893377	0.3779024782265062	0.46992610819456015
0.15889722755693703	0.37606057766433443	0.46504219477872866
0.15934418290599206	0.38379170439062293	0.4568641127033851
0.14271922132740322	0.3842059484296992	0.4730748302428977
0.14500800102656172	0.387900507853976	0.46709149111946235
0.1556368600584918	0.3909367453175263	0.45342639462398204
0.15795790232685078	0.3888889786890602	0.45315311898408916
0.14914655529065857	0.3797185107378295	0.4711349339715121
0.14829773779741434	0.39034933625464374	0.4613529259479421
0.15623550782990642	0.38504877945107513	0.45871571271901856
0.16102953417812277	0.3806348421511434	0.458335623670734
0.16280796729789088	0.3753532926679485	0.4618387400341607
0.15043426433308793	0.38525464755566063	0.4643110881112516
0.1609802205518242	0.3870750744395655	0.4519447050086104
0.1678850294787712	0.3816691372010781	0.45044583332015076
0.14637939450633372	0.3901095101049203	0.4635110953887461
0.14105963265344074	0.3853751618715498	0.4735652054750096
0.15414188261220846	0.37682477739051	0.46903333999728164
0.1607807330937897	0.3802809425354913	0.45893832437071913
0.1627578304694215	0.3821188999473006	0.4551232695832781
0.1496718876985807	0.3794748173472626	0.4708532949541568
0.149199902046104	0.3832147154416884	0.4675853825122077
0.1546433250204281	0.3782407349997332	0.4671159399798388
0.15450782628611687	0.383467288139966	0.4620248855739172
0.14975211447629616	0.3955466604358852	0.45470122508781874
0.1546139986220763	0.39018259577617564	0.45520340560174816
0.1639502300548198	0.3866148300773446	0.44943493986783567
0.1571722439867852	0.3892196956190083	0.45360806039420665
0.16916057904742843	0.3804417528252333	0.4503976681273384
0.13668257301202463	0.3922376123338586	0.47107981465411686
0.13619726200435917	0.3912151869961341	0.4725875509995069
0.140668270917536	0.3911936862832669	0.46813804279919724
0.14023715187737693	0.39146017551446677	0.4683026726081564
0.15832003944503745	0.3814511615375202	0.4602287990174425
0.15351158770757273	0.39196934451532145	0.45451906777710593
0.1463583023037383	0.3915588261255834	0.4620828715706784
0.15248274505483056	0.39373887027298304	0.4537783846721865
0.15842564246335047	0.38299074123926763	0.458583616297382
0.1731826882172801	0.375598197453414	0.451219114329306
0.1513890472905573	0.37714871968390934	0.4714622330255335
0.1688272385644219	0.38031144420936497	0.4508613172262133
0.15399408613458804	0.37888200006069966	0.4671239138047124
0.14450657891140992	0.3881589620078291	0.4673344590807611
0.15409975890250555	0.3924420710120844	0.4534581700854102
0.15141372307757825	0.39160045047000486	0.45698582645241703
0.14430216029620535	0.38224465286159154	0.4734531868422033
0.15115312444781548	0.3883830263630225	0.4604638491891621
0.17113046326227196	0.37454017111855864	0.4543293656191695
0.1454975564468405	0.383969598443434	0.47053284510972565
0.15908190902428157	0.38187860189616024	0.4590394890795583
0.1557702170955244	0.3774598426981141	0.46676994020636164
0.14237767353831143	0.3851788125403742	0.47244351392131445
0.1524523670120368	0.3757195149167018	0.4718281180712615
0.16007702039813704	0.37908354108349196	0.4608394385183711
0.15133625931562722	0.3860315945049012	0.46263214617947174
0.1505406217481059	0.3791368866897657	0.4703224915621285
0.1569638537564104	0.37849671890640657	0.4645394273371831
0.15611410938052256	0.37579147701607685	0.4680944136034007
0.14326631732796297	0.38946877626234605	0.46726490640969115
0.1634485597604779	0.38033343229716693	0.4562180079423553
0.16376523265069448	0.38694730705259117	0.44928746029671446
0.1483963327062942	0.37856697128901706	0.4730366960046888
0.15547937958461364	0.3909928336949703	0.4535277867204162
0.1543193910993441	0.3952773213541556	0.4504032875465004
0.15844482860045833	0.38841853317169595	0.4531366382278459
0.1419229816417315	0.39368170426895244	0.46439531408931617
0.1355952043633152	0.3936695616343507	0.4707352340023342
0.16784614053172325	0.3785373335798376	0.4536165258884392
0.15337388015207182	0.38478118599193406	0.46184493385599423
0.16787751082202584	0.37751664568940324	0.454605843488571
0.15078200896664895	0.3756092172402046	0.4736087737931466
0.1499693229757809	0.3787555980280154	0.4712750789962038
0.13497834775209233	0.391537918626984	0.4734837336209238
0.1384576900089612	0.39204374653259666	0.46949856345844226
0.15904779263456634	0.376915853007971	0.4640363543574628
0.13972125135628538	0.38886314151905943	0.47141560712465536
0.1414689206855897	0.39564254066153487	0.4628885386528756
0.15361694033649437	0.38030742052640937	0.4660756391370964
0.15600368080267268	0.38513198939307314	0.4588643298042543
0.1525730882353833	0.3746551694228418	0.472771742341775
0.15373704635653673	0.3767562202431806	0.4695067334002828
0.14477803660561644	0.38576201266395144	0.46945995073043223
0.1574952906629214	0.38921992340183653	0.45328478593524224
0.15597597905970456	0.38734498508256204	0.4566790358577335
0.14992881764859553	0.3952921540532901	0.4547790282981145
0.1554396435516126	0.3777567222525929	0.4668036341957946
0.1700462783872817	0.3777128376094286	0.45224088400328977
0.1476132991850551	0.3898617651762035	0.4625249356387415
0.165590644069264	0.3786552069932847	0.4557541489374514
0.14999096654815458	0.3848569082935932	0.4651521251582523
0.15464105751821328	0.3869557249219402	0.45840321755984664
0.15219452130666855	0.39357345673069033	0.45423202196264123
0.162972931937519	0.38194251481110075	0.45508455325138036
0.16004207437411375	0.37987259879101565	0.46008532683487074
0.14431106698887508	0.38549465734995847	0.47019427566116656
0.1594937689782813	0.3777015728356925	0.46280465818602634
0.1510013206853062	0.38924104399359416	0.4597576353210998
0.14205022579326582	0.3912107375002884	0.46673903670644595
0.15469796455502435	0.3757422129946112	0.46955982245036454
0.13659245719162494	0.3931232193467668	0.4702843234616084
0.15447603062296084	0.3819171781964707	0.4636067911805686
0.1544939347753227	0.39177775484405564	0.4537283103806218
0.15467190260658537	0.39175970265251064	0.4535683947409041
0.147338525769161	0.38331543301678883	0.46934604121405027
0.14048449335850513	0.39119082067054284	0.46832468597095217
0.13716023703502364	0.39124336480027844	0.47159639816469806
0.1589185203899962	0.38906822010537534	0.4520132595046286
0.14911128957554576	0.37732668210470316	0.4735620283197512
0.1738091653383597	0.3743436707761534	0.45184716388548707
0.1360253893538797	0.3931067078519456	0.4708679027941748
0.13825908159667794	0.3890693491561518	0.47267156924717035
0.16325183858057712	0.3805362135395721	0.45621194787985087
0.1461997587218251	0.3897898923695218	0.4640103489086532
0.15754096875671247	0.3815317507813362	0.46092728046195147
0.14714781195197374	0.3915502270107345	0.46130196103729193
0.16251574323403975	0.3775897168888294	0.45989453987713097
0.13861581290192176	0.3942343625493421	0.46714982454873627
0.15147695012938894	0.3809316109160327	0.46759143895457844
0.14085017472520728	0.3955093456973678	0.46364047957742505
0.1405026717543551	0.38839854777296207	0.47109878047268294
0.17149650745701042	0.37822079695344085	0.4502826955895488
0.15972360869185226	0.3793234986215328	0.46095289268661505
0.14510451446903316	0.3835712163323774	0.47132426919858955
0.15353200849087484	0.38412997778259617	0.46233801372652916
0.15895028615599072	0.38555402398403166	0.45549568985997774
0.15905055477390084	0.37767980263227185	0.46326964259382747
0.14555121262805654	0.3940818044425029	0.46036698292944067
0.15078603907020288	0.3910001734370703	0.45821378749272695
0.15593999942797987	0.37562121471568877	0.4684387858563315
0.15160519841873366	0.38442589282943895	0.46396890875182756
0.13906380073870966	0.3912741712873564	0.469662027973934
0.1518988790367842	0.3785802441886462	0.46952087677456966
0.16253199775364188	0.38706161952116314	0.4504063827251951
0.1633016320888027	0.38133126731487915	0.45536710059631824
0.1455131356789271	0.39326507471417893	0.4612217896068941
0.15009007108239886	0.3819609291552786	0.46794899976232274
0.1562525863283681	0.379509106165714	0.464238307505918
0.1357969415968412	0.3937110370828531	0.4704920213203059
0.14847302241004556	0.3839849914742335	0.46754198611572106
0.14110167385902506	0.3870692403020465	0.4718290858389286
0.13889868740554961	0.3888026834025584	0.4722986291918921
0.15481588978219413	0.3948994214373451	0.4502846887804609
0.1357216208933208	0.3928770427942201	0.4714013363124593
0.15026003007452424	0.38098776855730554	0.46875220136817036
0.16515408141274593	0.375060558396606	0.4597853601906482
0.15341780940767422	0.38535671968982715	0.46122547090249877
0.14296100845786336	0.3951153862840696	0.46192360525806714
0.1589071849648161	0.38258807595149674	0.4585047390836873
0.14151084112170534	0.38544932646583596	0.4730398324124588
0.1603739931534303	0.38023125319084267	0.45939475365572713
0.13891324882250683	0.39082543716869805	0.47026131400879523
0.14218779680396904	0.38764641416878837	0.4701657890272427
0.1503639075018058	0.3878459382882218	0.46179015420997255
0.1525613838130368	0.3795555866677283	0.467883029519235
0.1447802482562109	0.3910204031999089	0.46419934854388034
0.16865782840259858	0.37452415967798397	0.4568180119194175
0.15380984222941246	0.3955840367668175	0.4506061210037701
0.1684100920939762	0.3747707151424333	0.4568191927635906
0.17143359398017927	0.3751235422234695	0.45344286379635135
0.15124985096194063	0.38427347342795704	0.4644766756101024
0.13863127048933727	0.3886939070328045	0.4726748224778584
0.14391223525312258	0.3936981704196104	0.4623895943272671
0.16390114837825354	0.3847021675666353	0.4513966840551113
0.14542220007743478	0.39250072759903165	0.4620770723235337
0.15620263835891202	0.38159235673899966	0.46220500490208843
0.1525976075858515	0.3784616813374486	0.4689407110767
0.14722624833152806	0.3894955693867244	0.46327818228174766
0.14634167130379588	0.3832852458241586	0.4703730828720456
0.1565367449395898	0.38784042077737885	0.4556228342830315
0.17279324145346048	0.37441244554552217	0.45279431300101747
0.15681497056486887	0.38373253604294677	0.4594524933921844
0.15715945152091632	0.3861913636908074	0.4566491847882763
0.14551151658857808	0.3928875722485392	0.4616009111628828
0.13809987139491717	0.3908127191736276	0.47108740943145533
0.16098799537118863	0.38226009883597345	0.4567519057928381
0.14869405576579875	0.3906504757506642	0.4606554684835372
0.15315143605826873	0.3767907498579675	0.4700578140837639
0.1572188536536848	0.38505821053270406	0.4577229358136113
0.1420493011503903	0.39384805221311786	0.46410264663649203
0.15733021214621223	0.37429272670541647	0.4683770611483714
0.15684317539549866	0.38681368954891854	0.45634313505558294
0.14287311351732634	0.3892515389381902	0.46787534754448357
0.16087825225775598	0.3848319488260965	0.4542897989161476
0.16928764549859207	0.37913636202652673	0.45157599247488134
0.1519753284596984	0.3910111050141186	0.4570135665261831
0.15018632946431	0.3860300324322163	0.4637836381034739
0.1407816207275466	0.3942006315522987	0.46501774772015486
0.1560803302475851	0.3813731349331045	0.4625465348193105
0.14698263282743462	0.38547761703547906	0.4675397501370865
0.16153675818280955	0.385175542394304	0.4532876994228866
0.13325194992389414	0.3943789151782703	0.47236913489783566
0.1467494006786558	0.39502469649499866	0.4582259028263457
0.1397200390405052	0.3867830861758954	0.4734968747835995
0.13828100837401197	0.39369508124140395	0.46802391038458424
0.1630125061170064	0.377420309427396	0.45956718445559763
0.14795650965813528	0.384314481192931	0.4677290091489339
0.1455168869665	0.3912374601080154	0.4632456529254847
0.1494984312901964	0.39172826245328707	0.4587733062565166
0.15773076791177149	0.3791654053778037	0.46310382671042494
0.14712216614686957	0.39244188075559167	0.4604359530975389
0.1505021365505012	0.39375745003691076	0.4557404134125882
0.14953185980358957	0.37798608081286494	0.4724820593835456
0.15401429164746724	0.388971926998045	0.4570137813544879
0.1514960373871769	0.38555576002379083	0.4629482025890324
0.1417869499045903	0.38552547087960976	0.47268757921580007
0.13967162196523558	0.38772878048139364	0.4725995975533709
0.13511224709127756	0.39334316178642215	0.4715445911223004
0.16801911012340326	0.3799095975245308	0.45207129235206606
0.16656411281562716	0.3793922930048258	0.4540435941795471
0.1416280938564341	0.38969841024364926	0.46867349589991675
0.14763318832752298	0.38773703038666485	0.46462978128581234
0.14811913325296294	0.38944665805372913	0.4624342086933081
0.1579331906480699	0.3764822369567714	0.4655845723951588
0.1459089898677656	0.3924714186740722	0.46161959145816234
0.14228068588899073	0.38984348078350345	0.46787583332750593
0.14351169716297552	0.38589114537573077	0.4705971574612938
0.14778774858267446	0.38702614169939054	0.46518610971793517
0.1399485957084923	0.38840722454669924	0.47164417974480854
0.17014236259829518	0.37834349113885224	0.4515141462628527
0.1515050905275513	0.3843916200114181	0.46410328946103074
0.16652745679333988	0.38092828869543655	0.4525442545112237
0.1491112334040879	0.38416832607827484	0.4667204405176374
0.15519575657788443	0.39182607775210265	0.45297816567001303
0.15040797364446123	0.3951231923200582	0.45446883403548066
0.1665133501744666	0.3793996132612637	0.45408703656426974
0.1449046469887944	0.3887174865054813	0.4663778665057244
0.16043165294606043	0.38977610611317043	0.4497922409407693
0.154492382034685	0.3937701286358564	0.4517374893294587
0.16234223330505093	0.3765484742037255	0.4611092924912237
0.1564044158709496	0.3863585393988761	0.4572370447301744
0.13635114606234938	0.39451113671809834	0.4691377172195524
0.15654301793405373	0.37488887933435583	0.46856810273159055
0.14752510316299422	0.3844099625927236	0.4680649342442823
0.15783821897328754	0.3753116236516948	0.4668501573750178
0.15033023418933858	0.37723234202456407	0.47243742378609743
0.15892157939686982	0.3769248214573324	0.4641535991457979
0.15849587420483047	0.39122143736052506	0.4502826884346446
0.14350459906500024	0.3918042370374017	0.4646911638975981
0.1608836735595502	0.38291961755541293	0.456196708885037
0.15799445572500392	0.3843548841523686	0.4576506601226275
0.1503223970159075	0.39287112950370273	0.45680647348038994
0.14921164379748356	0.3955702393962388	0.4552181168062778
0.15761550800193602	0.37576493337890476	0.4666195586191594
0.13495202591032845	0.39143457532258674	0.4736133987670849
0.1580162588922448	0.37687692616001583	0.46510681494773953
0.15896419205375376	0.3795559027854556	0.46147990516079074
0.16836413044640572	0.3804437760039308	0.4511920935496636
0.14277229850557444	0.3931086299231687	0.46411907157125704
0.14385076043363365	0.3831661433152871	0.47298309625107937
0.1529993736418257	0.388930155511357	0.4580704708468174
0.16340997214698166	0.38651021012098696	0.45007981773203154
0.15684414610176728	0.38222036434054824	0.4609354895576846
0.15406312909658687	0.39380648007417546	0.4521303908292378
0.1339912709291627	0.3943328616978196	0.4716758673730178
0.137270440085687	0.3911697858816149	0.4715597740326982
0.14610395021956213	0.3893440299631051	0.46455201981733285
0.14934309501386472	0.3903139925286557	0.4603429124574797
0.13727931716148345	0.3937340584913353	0.46898662434718136
0.14930027454753908	0.38132194871088104	0.46937777674158
0.14102617321414562	0.39045768740509557	0.4685161393807589
0.148771271300049	0.39130883900030744	0.4599198896996437
0.14253470455942066	0.38600512132451587	0.47146017411606356
0.1696060201370226	0.37725968659555986	0.4531342932674176
0.15511127928089746	0.3911846054183775	0.45370411530072513
0.16211927873076948	0.3865762460668188	0.4513044752024119
0.1406092692587117	0.386758670985925	0.4726320597553635
0.15282151529791743	0.3806466439655401	0.46653184073654264
0.16047539374751307	0.38361993930711735	0.4559046669453697
0.15224673800766944	0.3836300939883962	0.46412316800393444
0.15900807590404412	0.3879001013786922	0.45309182271726384
0.16255402538415462	0.37728939053091004	0.4601565840849355
0.1621643406935888	0.3780069267248343	0.45982873258157697
0.16391308920588732	0.3773416617678032	0.45874524902630964
0.16086766381421547	0.38692475733296805	0.45220757885281665
0.1481673481971596	0.3893876155718192	0.4624450362310213
0.15068306899323902	0.3927681666726914	0.45654876433406966
0.15426344449357648	0.3909847427978279	0.45475181270859577
0.1626504539253524	0.3838312513508637	0.453518294723784
0.14968690739732943	0.38004153478819097	0.4702715578144797
0.16236068762278483	0.38699514218126124	0.45064417019595404
0.17053092176297804	0.37954455764911765	0.44992452058790444
0.15788360296940698	0.38188197578155625	0.4602344212490369
0.15200523315536074	0.3875867597927103	0.4604080070519291
0.145356888807188	0.39077803287883756	0.46386507831397455
0.1511252927255718	0.3934272845146804	0.4554474227597479
0.15617930333118307	0.3799954829567036	0.4638252137121135
0.16343252976846728	0.3807779600707563	0.45578951016077646
0.13866691321511238	0.3939611881973143	0.46737189858757344
0.14372173123630871	0.38814074456735725	0.46813752419633414
0.1623284403819259	0.3843552667549984	0.45331629286307584
0.1529642119148672	0.3766747561685948	0.4703610319165381
0.1555919162109607	0.37791743481751755	0.46649064897152187
0.1664155624937732	0.38399267148692656	0.44959176601930034
0.153670130153919	0.39036249597906164	0.45596737386701947
0.16706111271070614	0.3752127959556771	0.4577260913336169
0.146605529346371	0.3893781387378491	0.46401633191577996
0.1697193969434289	0.37574090464183185	0.45453969841473935
0.1434091604895673	0.3847568090875006	0.4718340304229322
0.14916600667447613	0.38528930859970834	0.46554468472581567
0.16248873386989776	0.38236896374978846	0.4551423023803139
0.16229963861130975	0.377771195592645	0.45992916579604537
0.15749486021238568	0.3893285027118015	0.4531766370758129
0.15791058712746592	0.3871607274860447	0.45492868538648945
0.16725596054767605	0.37845797310118684	0.4542860663511372
0.13821606376346043	0.39459502124064394	0.46718891499589577
0.16329353695677243	0.3827413796879299	0.4539650833552978
0.1688514796264066	0.37800801575099896	0.4531405046225946
0.15872902836394892	0.38836968400697797	0.4529012876290732
0.15556963642527305	0.37631892286395036	0.4681114407107767
0.1564057253955326	0.39415419738534274	0.4494400772191248
0.14819821645809006	0.3833609049598574	0.46844087858205263
0.16916807522927868	0.37724118668570755	0.45359073808501393
0.15655291529722346	0.3749025861005191	0.46854449860225755
0.165872949250142	0.38285172121051003	0.4512753295393481
0.15442671472152675	0.3940347267005808	0.45153855857789255
0.15222176265294787	0.379764196765453	0.4680140405815993
0.16491374911927228	0.38489075116946925	0.4501954997112586
0.14543115588592187	0.38695741707444065	0.4676114270396376
0.14927187483782117	0.3914935685383106	0.45923455662386836
0.1646572191767747	0.37542480634066383	0.4599179744825616
0.15826863569088884	0.3905721638967438	0.45115920041236746
0.16308085971212796	0.3806780557167462	0.456241084571126
0.1496404693288233	0.38311877875695227	0.46724075191422454
0.1415356847450661	0.3874327979471791	0.47103151730775494
0.1562964012318091	0.38198360091944594	0.461719997848745
0.15327384001535493	0.39128302448057084	0.45544313550407434
0.15035827948181335	0.3830086247951494	0.46663309572303735
0.14594379969156515	0.3930910522498018	0.46096514805863315
0.166460252933523	0.38050556698672583	0.45303418007975127
0.14702266262151834	0.3887504938834661	0.4642268434950157
0.14900092248558094	0.38819095926906555	0.4628081182453536
0.15167390818491477	0.3824515072221989	0.46587458459288644
0.14316529087124674	0.3872805045212358	0.46955420460751757
0.1639487626383218	0.3749414312348746	0.4611098061268037
0.15257331099896215	0.39230946301151526	0.45511722598952276
0.16730049464212757	0.3803164645267334	0.4523830408311391
0.15219786356884557	0.38790037973787583	0.4599017566932787
0.16043571071113977	0.37940827197112376	0.4601560173177366
0.1677778633371376	0.3770319342415492	0.4551902024213133
0.14152636718652536	0.39126673901791753	0.46720689379555724
0.17245048207942665	0.37541551775198334	0.45213400016859007
0.15569101615269995	0.3769735404039122	0.467335443443388
0.17068650579832104	0.379996763417789	0.4493167307838901
0.14187032905371788	0.39012834747284786	0.46800132347343437
0.15380239881949062	0.3780113475437437	0.4681862536367658
0.14676424641193295	0.3830503657681133	0.4701853878199539
0.15114865716954737	0.3834082296085806	0.46544311322187215
0.16292786328592346	0.3866924786195786	0.4503796580944981
0.14782222051079638	0.39537408781880096	0.4568036916704028
0.14909043676863815	0.3800270898078398	0.4708824734235222
0.15448812154294933	0.37939478632992235	0.46611709212712843
0.1619579782935695	0.3883607959995173	0.4496812257069134
0.15767975324679412	0.37957784849159687	0.4627423982616091
0.1498101833322544	0.3832603641293465	0.46692945253839924
0.15661352839474335	0.38706447007178646	0.45632200153347036
0.13925302421598446	0.3955478564967995	0.46519911928721613
0.14286762930731406	0.39459532788010154	0.46253704281258456
0.15505149697775267	0.3906078463831911	0.4543406566390563
0.15527124053229893	0.3880736768487788	0.4566550826189224
0.13825147091832857	0.3920622986206011	0.4696862304610705
0.14960939188396455	0.38883280952904214	0.4615577985869934
0.14453716481871193	0.39567889528693034	0.45978393989435784
0.1407216867060767	0.39107647298964404	0.46820184030427936
0.17170810674036768	0.3746262047196451	0.45366568853998734
0.15949724480035915	0.38022384621915845	0.4602789089804825
0.1661734322512219	0.3772196796377597	0.4566068881110185
0.1489448215023524	0.3900142365882832	0.4610409419093645
0.14451999786802883	0.3909965269191018	0.4644834752128695
0.15454462248927234	0.3950199362032361	0.4504354413074917
0.15325700940194575	0.39528457387240085	0.45145841672565357
0.16793848500500852	0.3781358139250495	0.45392570106994207
0.15251012951793977	0.3955516631373323	0.45193820734472806
0.16607255973209167	0.37826668682483244	0.455660753443076
0.1465624741184138	0.39398707470429795	0.45945045117728833
0.16388598275341892	0.3774777492342636	0.4586362680123176
0.1511393838968329	0.3931414862992611	0.4557191298039061
0.14891697416603916	0.3881811101497465	0.46290191568421446
0.16108397411695616	0.3764647225163976	0.4624513033666463
0.15493085445567933	0.38857082233128626	0.4564983232130345
0.16132178097522662	0.381980936587012	0.45669728243776153
0.14680415546299386	0.39126981165239244	0.4619260328846138
0.1523593559462844	0.38515365636210075	0.4624869876916149
0.1534988313409938	0.38132605256041063	0.46517511609859563
0.144313697763089	0.39564487663548364	0.4600414256014275
0.15759992875518625	0.3799048037817987	0.46249526746301517
0.1628596630558349	0.3857098081581775	0.45143052878598766
0.1342744898807184	0.3922816542290495	0.4734438558902322
0.14665614527865273	0.3943144378059771	0.45902941691537025
0.15162745910729586	0.38579649095528906	0.4625760499374152
0.15562207716122334	0.39216825650972176	0.452209666329055
0.17497809305089806	0.37557944659047093	0.4494424603586311
0.17493828634575115	0.3755418727937633	0.4495198408604857
0.1608416417485589	0.38295242090958076	0.4562059373418605
0.17079491486562748	0.37793008877079814	0.4512749963635745
0.1569768537560831	0.3769280504728091	0.46609509577110797
0.1566223194126521	0.378121523226652	0.46525615736069603
0.1394440634658632	0.3938029447449511	0.46675299178918583
0.15459264498702138	0.38466848270815296	0.4607388723048258
0.1728011311021236	0.3761516775039655	0.45104719139391103
0.14169348588332253	0.39119933563874626	0.4671071784779313
0.1539066164498154	0.3817334094464387	0.464359974103746
0.16149433203778701	0.3840367132438922	0.4544689547183209
0.15276179815999386	0.38283820409551894	0.4643999977444873
0.14899963661361	0.3888702489262983	0.4621301144600918
0.15020229193976437	0.37995246006038724	0.4698452479998485
0.15134543878797177	0.39446887564297023	0.45418568556905814
0.15264679127154715	0.38673831188350216	0.4606148968449508
0.16465209516896795	0.37537612495639583	0.4599717798746363
0.14279413416961084	0.3878253559255058	0.46938050990488345
0.15688182336858036	0.3865136453680017	0.456604531263418
0.15065978982837602	0.393888719029258	0.4554514911423661
0.1627091023590329	0.3868698700624294	0.45042102757853775
0.15334427911205611	0.3813390958318892	0.46531662505605487
0.14292577573218057	0.3845764118633127	0.47249781240450683
0.14092522519428113	0.39413146560275614	0.4649433092029628
0.16511427832893144	0.3758081003496538	0.4590776213214149
0.16173745197754374	0.38303133642949333	0.4552312115929631
0.15601589666623933	0.39350166374214823	0.4504824395916126
0.146809175545829	0.3850879405718479	0.46810288388232324
0.1631570397315335	0.3771107784630627	0.4597321818054039
0.16748154832859644	0.37877980529245936	0.45373864637894434
0.14636624136808946	0.3906217163409443	0.4630120422909664
0.15969617946144152	0.3799062380627249	0.46039758247583373
0.14924760558865974	0.381146216769248	0.46960617764209245
0.1473302483843432	0.38752349889536186	0.4651462527202951
0.15884678363074609	0.39176032402127264	0.4493928923479814
0.16706030445867076	0.38350459476952664	0.44943510077180276
0.16133542803663184	0.3776595985419294	0.46100497342143887
0.14083685188935685	0.3921174885917559	0.46704565951888743
0.15810432498968952	0.38713824183806056	0.4547574331722501
0.15842220282588845	0.38783672952638937	0.45374106764772226
0.16525388187309592	0.37941067461776873	0.45533544350913546
0.16669810528882786	0.3748156258162907	0.45848626889488153
0.15538617996040857	0.38362364123428044	0.4609901788053111
0.14657591615942722	0.380693850176148	0.47273023366442485
0.15323537561881362	0.3745625910189578	0.4722020333622287
0.16387512703906526	0.37482560359386646	0.46129926936706844
0.16693064428317214	0.3837963350774197	0.4492730206394082
0.1460359198966759	0.3929178263820405	0.4610462537212837
0.15451946127258273	0.38623467845989096	0.45924586026752645
0.16967679602179014	0.3798476293395153	0.4504755746386946
0.16002651404591778	0.38683442101773113	0.45313906493635125
0.17055614421453058	0.37702692927176396	0.4524169265137056
0.14731810851468835	0.388183411182696	0.46449848030261576
0.14922639196010215	0.3829731158211379	0.4678004922187601
0.16168710374979545	0.3808324504038497	0.45748044584635494
0.15116322881788385	0.3880116071473613	0.46082516403475493
0.15241943433462213	0.38961898062560074	0.45796158503977724
0.16494319369116278	0.38364372896441506	0.45141307734442226
0.15011138650432604	0.3872773034410226	0.46261131005465145
0.14341549524169755	0.3887112878042487	0.4678732169540539
0.16320621447439826	0.3844696822227161	0.45232410330288575
0.14363336680802014	0.38533221732864825	0.4710344158633317
0.1647067082404319	0.3799686010220024	0.4553246907375658
0.15065384404623364	0.3774335982880428	0.4719125576657237
0.16407601726409213	0.37935451545220134	0.4565694672837067
0.16304671788694103	0.3843534302270578	0.45259985188600127
0.1627974241799735	0.37613404597704925	0.46106852984297736
0.15727275418717268	0.380425255769229	0.4623019900435985
0.16100828721233307	0.3841385422750413	0.45485317051262575
0.16400473724249268	0.3776204693083309	0.4583747934491766
0.17462956634917842	0.3759659123422243	0.4494045213085974
0.16355072088329445	0.3801227190800288	0.4563265600366768
0.14469444913189	0.3882699892433521	0.467035561624758
0.1424381835054775	0.39103737728913773	0.4665244392053849
0.15048904693197523	0.376537418993099	0.4729735340749259
0.1546847897571214	0.3792228268393215	0.46609238340355724
0.14087677395413084	0.3887168043079193	0.47040642173795
0.14453710519760996	0.3932995729004228	0.4621633219019674
0.13677062957379127	0.39265980864170225	0.4705695617845066
0.14677348343653773	0.38424393181629757	0.4689825847471648
0.15072027749219205	0.3818698568917106	0.4674098656160975
0.14762630637883567	0.38248971727665165	0.4698839763445128
0.14749288403012756	0.38649707506364905	0.4660100409062235
0.1579798388486867	0.3847897780183005	0.4572303831330129
0.15209169823751173	0.38686586635115494	0.46104243541133344
0.1473620284602871	0.39187405950798865	0.4607639120317244
0.15965480896762455	0.387597988679365	0.4527472023530106
0.15340714274557754	0.39291201808682974	0.45368083916759283
0.15471945966479467	0.37649871884825703	0.4687818214869484
0.1466267448788537	0.38178827120942205	0.47158498391172443
0.14313717383963487	0.392787338807218	0.46407548735314724
0.1453149744794371	0.38260621772990594	0.4720788077906571
0.15609521871917667	0.38025814707410543	0.46364663420671803
0.13898282997740857	0.3934427447176798	0.4675744253049117
0.17115846184901945	0.3766860770785987	0.45215546107238197
0.14754932290102496	0.3840013669641482	0.46844931013482694
0.1517482272031166	0.38273709087285446	0.46551468192402906
0.14431983099133633	0.38922512692203104	0.46645504208663274
0.14724617524704478	0.3881024579832575	0.46465136676969787
0.14736503770359716	0.385466138717322	0.46716882357908096
0.14933905603046357	0.3850123129579707	0.46564863101156584
0.14020091647887398	0.3937752631853833	0.46602382033574286
0.15040427113805455	0.3861796568734459	0.46341607198849966
0.1605908841206274	0.3866498721277308	0.4527592437516419
0.14786911799540592	0.3953901138512545	0.4567407681533397
0.15284196232406408	0.3771469064640009	0.47001113121193516
0.1584050292217698	0.38523533671932764	0.4563596340589027
0.1612139057534673	0.38170478053160184	0.45708131371493094
0.14872771887290054	0.38766068919855085	0.4636115919285487
0.1500419136835328	0.3801167310776947	0.4698413552387726
0.14402606461092787	0.3867079506802512	0.469265984708821
0.1511963433779676	0.3757481066594457	0.4730555499625868
0.14772129903939596	0.38255156970662796	0.4697271312539762
0.1640861169062306	0.38417518965376	0.4517386934400095
0.15871163440813074	0.38780427685861313	0.45348408873325624
0.15672698516064276	0.38868503282991385	0.4545879820094435
0.15382561179161958	0.3937221987725109	0.4524521894358697
0.1739441162707977	0.3752731799024457	0.4507827038267567
0.14566071908861625	0.39227232036056203	0.46206696055082186
0.15599130338377842	0.3841717953049402	0.4598369013112815
0.156139684771109	0.3924675668683879	0.45139274836050314
0.1616504530397115	0.3777387849271604	0.46061076203312823
0.16695514879962128	0.3822462297906262	0.4507986214097526
0.1560993424266685	0.3806502943120784	0.46325036326125324
0.14268933998152533	0.3867078371363788	0.470602822882096
0.1623305644736131	0.38581371537558534	0.45185572015080167
0.15357510964581378	0.3899785897676954	0.456446300586491
0.13800844495769615	0.3916782888385632	0.47031326620374075
0.15868480618056208	0.3823802985588382	0.45893489526059983
0.1534538248739467	0.3813002492814385	0.4652459258446149
0.15826451454318133	0.39013942566946047	0.45159605978735834
0.15409884726324108	0.39417842171902107	0.45172273101773797
0.14229832862578526	0.3848922454786768	0.4728094258955381
0.14781736619672156	0.3796698637923257	0.4725127700109529
0.15576425348659056	0.3838628384710048	0.46037290804240477
0.16268179781908065	0.37493230845124886	0.46238589372967065
0.1616249519278713	0.38829609657907393	0.4500789514930549
0.15249840347306146	0.3745158899447245	0.47298570658221417
0.16512367234281672	0.383454749673957	0.45142157798322646
0.14900963119555838	0.3779111462941579	0.4730792225102839
0.1597201871002929	0.3799316047733416	0.4603482081263656
0.16415869454131532	0.3826008124053478	0.45324049305333697
0.1570908879049151	0.3899763510886612	0.4529327610064238
0.1426979719345437	0.38910556107877237	0.46819646698668405
0.15517385536313683	0.39050908248762595	0.45431706214923734
0.1484138542686096	0.39123551016303476	0.4603506355683558
0.1608315625002255	0.3857978063791913	0.4533706311205833
0.15900344593701232	0.37614858378062493	0.46484797028236285
0.14195127050265516	0.38804685402454686	0.4700018754727981
0.1554988211884125	0.39335551911895744	0.45114565969263015
0.14126247288075583	0.38726859978972805	0.47146892732951623
0.14080476657153418	0.3917591387085867	0.46743609471987924
0.15176987039031753	0.39295663251232266	0.45527349709736
0.14549470182016133	0.39095849754838696	0.4635468006314518
0.16191087899866574	0.3849833919540041	0.45310572904733026
0.1366606467403333	0.39478915659300323	0.4685501966666636
0.15746771493787443	0.3903656361117906	0.4521666489503351
0.15522272936601852	0.3877676223207229	0.45700964831325863
0.1537927817154336	0.39426669323915475	0.45194052504541177
0.15083031714866924	0.3939076816067418	0.4552620012445891
0.15756163697948788	0.3853770234719787	0.45706133954853356
0.15411213470577828	0.38122276016468937	0.46466510512953246
0.16747956437576145	0.3809048230484138	0.4516156125758249
0.15994346433852735	0.38569595511024674	0.45436058055122597
0.14349295182667732	0.39429412666760516	0.46221292150571763
0.13966235567409965	0.39094320730885995	0.46939443701704053
0.16410619989886507	0.38237918678787924	0.4535146133132558
0.1422059797966156	0.38671725871344836	0.4710767614899362
0.1508364907680459	0.3762853058175383	0.47287820341441594
0.16003885137563148	0.3749307125035055	0.46503043612086314
0.1485565210223589	0.3794943417601553	0.471949137217486
0.155904515368245	0.3770093270792796	0.4670861575524755
0.14504320366736576	0.3940885995251554	0.4608681968074789
0.16215165329221465	0.37722643215501445	0.4606219145527711
0.15893691981456065	0.38700372447541015	0.4540593557100293
0.1696812162305062	0.37592360155283583	0.4543951822166581
0.16023159479612245	0.3813401226192325	0.4584282825846452
0.1522917134580967	0.39133880924960385	0.4563694772922996
0.1511756203125486	0.3762826163332764	0.4725417633541751
0.15160474426087178	0.39283698452449367	0.45555827121463466
0.15937918934979114	0.3867989471778174	0.4538218634723916
0.1420035483285602	0.3955019475170181	0.46249450415442184
0.15166294677670047	0.3891040382935693	0.45923301492973034
0.1677582236053033	0.37695496955797053	0.45528680683672634
0.14816342406537622	0.39080909935235797	0.4610274765822659
0.15156502594316787	0.3770987564191113	0.471336217637721
0.14280361338109912	0.3956184605294077	0.46157792608949333
0.1379962838402371	0.39520564888698545	0.4667980672727776
0.1402687469744906	0.3933719346652104	0.4663593183602991
0.13283500152259137	0.39482960362806346	0.4723353948493453
0.137521122234068	0.3910258790458691	0.471452998720063
0.14457124909736863	0.3915133601068814	0.46391539079575006
0.16646043349634085	0.382645121833793	0.4508944446698663
0.16876285536176797	0.37580465049043915	0.455432494147793
0.1492673109300809	0.3925921170969387	0.4581405719729805
0.14735565593425543	0.38458979982439523	0.46805454424134946
0.15433994692766562	0.39216028929774205	0.45349976377459245
0.14203412810928773	0.3918792517714322	0.4660866201192802
0.16673487163751452	0.38036076397803475	0.45290436438445086
0.1628279468264182	0.3870629381233677	0.4501091150502142
0.14735145162429458	0.3805623828140037	0.4720861655617018
0.13754968023208614	0.3930371275461975	0.4694131922217165
0.1433774286440696	0.3923363759462814	0.4642861954096491
0.151405585015712	0.3801372952526912	0.468457119731597
0.16239833984340069	0.380428718770716	0.4571729413858834
0.1579764802857834	0.3909304587970839	0.45109306091713286
0.15902008146277802	0.389094834820916	0.4518850837163061
0.16040607974016924	0.38372045662102766	0.4558734636388032
0.1583822818513993	0.3827275541701056	0.45889016397849525
0.16260094485672197	0.3849079797304168	0.4524910754128614
0.15335778728037253	0.3875468630726183	0.45909534964700927
0.16107929170646568	0.3834331714160225	0.455487536877512
0.16867348911679453	0.3788499991961147	0.4524765116870909
0.15317282730474732	0.37766992513276676	0.46915724756248606
0.1331840230217486	0.394387214887917	0.4724287620903346
0.1654476040840977	0.3786453721737444	0.45590702374215797
0.1553393873961451	0.38106181708166276	0.46359879552219224
0.1376268757335174	0.3891516931926576	0.4732214310738252
0.16099714091355788	0.38265775680393144	0.4563451022825108
0.15777014991773253	0.3856025804848153	0.45662726959745226
0.16079417290434336	0.383514311116712	0.45569151597894475
0.16979491663593355	0.37685817023006474	0.4533469131340018
0.16536268777150437	0.3843358606118709	0.4503014516166248
0.1622567059163818	0.38293559788147474	0.4548076962021436
0.15753601083601348	0.3895341728276322	0.45292981633635443
0.1701754654160217	0.37966142838547423	0.4501631061985042
0.1532003905144279	0.3918674512863955	0.4549321581991767
0.150744389292017	0.3829342678625421	0.466321342845441
0.14964248942283065	0.3867948737180238	0.46356263685914567
0.1342933015871421	0.39349490614227156	0.4722117922705865
0.14787881465622613	0.3838808298844397	0.4682403554593343
0.16103260872640596	0.3836203830576713	0.45534700821592283
0.1493509831947542	0.38348358782928865	0.46716542897595725
0.13195489352524872	0.39536268399312424	0.4726824224816272
0.13464231726415585	0.39530467112066797	0.4700530116151763
0.14556789409440224	0.39472801538746466	0.4597040905181332
0.14977746893573557	0.3858097469953351	0.46441278406892944
0.16521535264528664	0.3748156399383658	0.45996900741634766
0.1367701407367128	0.3898381362251504	0.4733917230381369
0.15249776290930905	0.39273375944913114	0.45476847764156
0.15892478663304727	0.38349439220067816	0.45758082116627474
0.15395975870112102	0.38353327884812377	0.46250696245075534
0.16489153819894592	0.38457561556652986	0.4505328462345244
0.1599610301242484	0.38885696557045235	0.45118200430529937
0.15120768926878386	0.38825785829212334	0.46053445243909297
0.1568625846679907	0.3927184258604429	0.45041898947156656
0.15129468161896553	0.39116822733018425	0.4575370910508503
0.16640051939254857	0.37956867219014556	0.4540308084173059
0.14119143104667237	0.39061195497785245	0.4681966139754753
0.14743316833038977	0.3869173128927018	0.4656495187769085
0.15854059321312003	0.3876788146807737	0.45378059210610644
0.14369651378837678	0.38935873981004837	0.46694474640157496
0.1683568984481147	0.3748210793761881	0.45682202217569734
0.1517296209669011	0.38076286508224094	0.4675075139508581
0.16016204609441217	0.3818688040116218	0.45796914989396614
0.16129621229229654	0.3785578192263793	0.4601459684813243
0.17160220233991075	0.3753544651996656	0.4530433324604238
0.1622822248444142	0.38756097044220217	0.45015680471338376
0.15827288977629764	0.375408891083227	0.4663182191404755
0.14688068372779367	0.3849717447686638	0.4681475715035427
0.16186797949570542	0.37751297931282585	0.46061904119146885
0.1596117007447702	0.38301312400088827	0.4573751752543416
0.13961099769402197	0.39508685285034095	0.4653021494556372
0.16163576037762195	0.3819383456437551	0.45642589397862304
0.16174210519793786	0.37534528256307614	0.46291261223898617
0.14275408974477466	0.38464354380792853	0.4726023664472969
0.1427497990791823	0.389975242264858	0.4672749586559598
0.15662146588049708	0.3798436416388926	0.4635348924806104
0.1514650452298	0.3826880817742189	0.46584687299598115
0.15170442870421263	0.37534150122998056	0.472954070065807
0.15383695163861194	0.37768840056266506	0.46847464779872316
