0.018220480918304513	0.04352896752652847	0.11069562185975913	0.1563420636148365	0.08528033861111912	0.18660466465929149	0.0969568304297589	0.10195949026595408	0.026318740157562345	0.17409280195688545
0.03486261035718878	0.03966706811483206	0.1206523227412594	0.14024325674479676	0.08168365974793985	0.19411639073252135	0.08004998181888112	0.06786816435483572	0.04878886081676957	0.1920676845709754
0.015074709664840133	0.039794546011129306	0.12971517685984357	0.15036538343839018	0.08062986284976031	0.20217252720434903	0.07523252038508886	0.10254260452927243	0.032322259238783055	0.17215040981854318
0.02865537531043194	0.07196687571051413	0.12663433061254564	0.15346044366623274	0.07895786135388605	0.19885516328894035	0.08250954660678508	0.06615372256555717	0.01847336820760373	0.17433331267750318
0.01664916425792988	0.07151757787162952	0.10845869456557192	0.1458554029681532	0.0802045134074763	0.18024021842049265	0.08969140603729775	0.122851289677636	0.024833153979177264	0.15969857881463556
0.02216255518336953	0.06685026239471654	0.1133043027402334	0.13911985538672447	0.08191422814553716	0.1973248696921654	0.09723756510162135	0.09644744421462159	0.026130547292535153	0.15950836984847544
0.022466754211968684	0.06222632596363317	0.12494467095406948	0.13794314016758077	0.07425103809040687	0.17663864094634124	0.09574884775288878	0.12071817078513768	0.027137254861349644	0.15792515626662373
0.02563536932392993	0.0514363951164467	0.132521820479172	0.15096139326809446	0.0729644308489654	0.20478311554517253	0.0812448852472984	0.09600565081185551	0.020539732089700932	0.1639072072693642
0.020969434176790244	0.03805074140540881	0.11234092683824956	0.1371463746582091	0.07877312030829635	0.21006543890646923	0.08450775672594095	0.09796183807118727	0.04061316514467793	0.17957120376477054
0.013224320562485598	0.057864747597559114	0.12236258406280859	0.14548041806344986	0.08144816701347626	0.19119308278008534	0.08661911378434435	0.09936560188581826	0.030275856138004625	0.17216610811196803
0.02302136815965959	0.03408087570246475	0.11708347608418074	0.15669740572203572	0.07476686970908725	0.20483081722487212	0.0860746011969589	0.10720394981897205	0.021620518292142163	0.17462011808962674
0.021855357757631422	0.05439331657470154	0.11842230681317059	0.13913740366479563	0.07485604964213162	0.17601040306689825	0.08824097940343602	0.1242756029750046	0.0417537247386854	0.16105485536354494
0.03553119231878968	0.03396181521797169	0.131638743579857	0.15131586632823368	0.07283605960274825	0.19735153888050566	0.09826026193210811	0.09094719474095649	0.03402827513813003	0.15412905226069945
0.03232895490365312	0.07688568649898321	0.1085922083677593	0.1458614883446651	0.0707495165558346	0.18418230649188927	0.09032041591366052	0.06987600586508752	0.043403924378613186	0.17779949267985418
0.014466371153947943	0.04988358573382621	0.118249559014158	0.13937023196688625	0.07299560510085215	0.17558326342727026	0.08043981398643098	0.15750441037230917	0.02151603136972849	0.16999112787459061
0.011802771441968757	0.050145286975322986	0.12289127586336725	0.14128945902426132	0.08376861733923974	0.17676344400486546	0.08136574888193815	0.1342291738259432	0.039315012639415226	0.15842921000367793
0.019442401713593696	0.05306477112173553	0.1208281958399758	0.1391979294879297	0.08391711094162316	0.19477326982350873	0.08467274845898128	0.11521383926242208	0.02764881848418728	0.1612409148660428
0.03482838239788935	0.04916288586504322	0.13170642942091276	0.15104647852377817	0.07029873151251681	0.18276517139536175	0.08727248103407674	0.09647791310241274	0.04056593113035583	0.15587559561765266
0.0236214652261737	0.040897012899332175	0.12670503495919674	0.14987414468234125	0.07329101011772762	0.1941782101701277	0.09216541899645278	0.10495872227615459	0.02514858236897509	0.1691603983035183
0.02377074760226268	0.039598673356503966	0.13062010790599407	0.15826281925502228	0.07350406193889011	0.1942094667898659	0.07791878984316145	0.11875420646343479	0.027765667531964244	0.15559545931290053
0.026181013056834637	0.053415368804481035	0.11800526490107033	0.1469441416441642	0.06866934681210386	0.1854194287712126	0.07824598084453921	0.11298077834219748	0.03730464440482491	0.17283403241857176
0.015935090879880653	0.06986164080564128	0.10880814180422307	0.1439698768798498	0.08366507213677943	0.19938195135955628	0.092190273627722	0.07477804891503362	0.038078685115914813	0.17333121847539912
0.012631991436637666	0.06301818598588288	0.11940962846172208	0.1467377133279589	0.07604058477068819	0.18148411963648725	0.09118343708382119	0.1261858694801789	0.01850826489909857	0.16480020491752437
0.014556749965677698	0.034727360869767104	0.124525268692352	0.13816911387622766	0.07668253118709395	0.19496484452699164	0.07984522468924884	0.1268647102628385	0.02386150925402393	0.1858026866757787
0.019608965201819623	0.06868390651027712	0.11078857516180993	0.14088549752321136	0.0776691954862575	0.2090816535811531	0.07874142204665081	0.11158189804360805	0.021713556003785883	0.16124533044142667
0.010653464358921727	0.042532099001113995	0.12393615784649287	0.1513485686320081	0.08010310692546646	0.19366819842266494	0.07892072296570352	0.12065619918813524	0.03601044590773489	0.16217103675175829
0.021400220218462315	0.032107508143866884	0.11349230324295576	0.15011905416634339	0.07447464973508942	0.19313407217734857	0.09567172739410053	0.08706774480696122	0.04048490227589364	0.1920478178389783
0.01303422619659049	0.04955365859899565	0.12096071974483848	0.13889231030613192	0.07965322916264125	0.1990491896463878	0.07781143152036984	0.1307659486560605	0.034676083413875625	0.1556032027541085
0.017786618251168576	0.03873384627419922	0.11335181253666049	0.15487456130541533	0.08426825581445527	0.1792263608268	0.08032799259881755	0.11666553464517422	0.022563957766451245	0.19220105998085812
0.03030304406652902	0.032705746944855923	0.12980128880243105	0.15161898185633094	0.08341261322034538	0.1849352218402795	0.09176149026757575	0.11145193939640442	0.024725000637566427	0.15928467296768162
0.022695323186308403	0.06417364897737081	0.10823264479810768	0.14698603085883366	0.08464899293338107	0.19090373174880815	0.09680296958787547	0.09513125598714381	0.03336401136386598	0.15706139055830498
0.03480929074205173	0.046100598467222524	0.12048236528077497	0.14237946551942582	0.07906364903720776	0.1823040731346064	0.08011938440281936	0.1369296698944252	0.02411742118608967	0.15369408233537657
0.02367990634470382	0.029207635064306556	0.12604934884190136	0.15603337349313826	0.07750831833840749	0.17969317749620184	0.08841366106196848	0.12502414361791253	0.035746619210588956	0.15864381653087073
0.015442962179056163	0.05628588871260818	0.12287515406819832	0.1549577652635605	0.07653841700801614	0.2042468518284251	0.07654260873265666	0.10881783823831444	0.021983649746235623	0.16230886422292892
0.030133301163863396	0.035910178439369986	0.10903987257203908	0.14741224357849889	0.0695016714882218	0.20400012808473156	0.07471588267163404	0.12171120296836449	0.02716958530240876	0.18040593373086802
0.02672728434490615	0.046389504309536964	0.12984875841366664	0.155082947330361	0.06937214386424793	0.19280077400038353	0.08508838020830461	0.09949967657306047	0.036193644794179775	0.15899688616135293
0.033882732313850125	0.047609931184633525	0.1292801840670375	0.14090025943026951	0.07376718995717026	0.19159104967852114	0.08726381383968973	0.0761820352536432	0.04914952831341515	0.17037327596176982
0.024378721049166954	0.0634299308116115	0.117210710045348	0.1547422222624446	0.07024898158678064	0.18156639490278156	0.09078825014638714	0.08965710064197645	0.03290468088933743	0.17507300766416573
0.0114329685470351	0.06823107507765934	0.11136493159838495	0.15760250781216018	0.08214644005965609	0.201189759437497	0.08043515033385143	0.08609770494204279	0.019627064730001934	0.18187239746171124
0.02276520289576582	0.03701100304763959	0.11935576927583472	0.1489545088779996	0.08330007315005974	0.20013732523504074	0.08350998137262286	0.12517709687485232	0.02304393074064448	0.15674510852954016
0.0259562617783307	0.07455291050363355	0.11844067633989251	0.1432442638600181	0.07291590676251547	0.19108221846158824	0.08689107352348377	0.06775859671429606	0.039591767547197385	0.17956632450904422
0.032797617699683826	0.04091054001767015	0.12949844863850696	0.13970212708134921	0.06922894072343606	0.17605888056421176	0.07696973915805355	0.13869589658421252	0.03906629798260255	0.15707151155027338
0.013685904207190416	0.06361692697705892	0.11414983179065724	0.1562948049076942	0.07222837455019752	0.19249405701463118	0.09204503530225648	0.10258713619657685	0.01968907362698054	0.17320885542675674
0.015453753717345323	0.051196122450967385	0.11142833747489123	0.14405486468322845	0.08290350854261049	0.19114572614733213	0.09590223921343095	0.10290114627724764	0.03442035578153799	0.17059394571140846
0.028632074449792586	0.028933203385558853	0.1291691808015081	0.15074184430120713	0.07726927414752063	0.18485371972823017	0.09602567117589103	0.1010150903750301	0.026458066407672842	0.1769018752275886
0.013845216205693164	0.06582180578415801	0.12513003649267723	0.14408125350838263	0.07977782274371654	0.18656064429172806	0.08787673309199209	0.11410339066748205	0.0227051161221387	0.1600979810920316
0.021156169536521843	0.048394675674144294	0.12605570080754747	0.15130009402009045	0.07078479856724018	0.17782187343162734	0.08836735936066337	0.11194167898543687	0.04455952000604517	0.15961812961068306
0.026516606428996697	0.0673791796916994	0.11438689448993876	0.15197499289340688	0.07171412073530549	0.18119317945250996	0.08641000685617725	0.09531532680443701	0.04595580538771113	0.15915388725981744
0.020788318831870337	0.04479221790177899	0.1136516182314858	0.1419053025261665	0.0777649018384037	0.17765829128255933	0.08388752902238708	0.12398423950842946	0.02648356493492851	0.1890840159219903
0.020526356359626796	0.04686416709294624	0.11533504307947379	0.13992121682502717	0.08512611350527094	0.18486297362815624	0.09878445197983061	0.10564385864361306	0.045501924318134136	0.15743389456792103
0.014955433803934118	0.04831892761653099	0.11689840088825687	0.15083440331758077	0.071814927577937	0.20068148666393765	0.0913587657526833	0.0946746908012686	0.0245085013977884	0.18595446218008238
0.029252956521176834	0.036910570874832835	0.12560516615133138	0.14061301834514361	0.0745973139643433	0.20171611297729472	0.09589024809982097	0.1027172798434706	0.024224435998266833	0.1684728972243189
0.018692058917390078	0.04464757263101584	0.12790305590548776	0.1545220002229242	0.07728808718700929	0.1931167345990409	0.09228803167247035	0.09231132093164529	0.02144838980829923	0.17778274812471712
0.03439839381401265	0.053215663252736814	0.12025713881246258	0.14326101584106857	0.08445211869208137	0.19199358406631767	0.07633130776865042	0.06970539352346604	0.04344207666127983	0.18294330756792404
0.013523805159031135	0.077657734504816	0.12829609697082042	0.15830525270217538	0.08441047780272912	0.2044246353571563	0.08992631252666806	0.03648141240332449	0.02434207666287841	0.1826321959104007
0.020094904897961105	0.039140084919399555	0.12460155835144013	0.13932843485599278	0.06978743002049556	0.19667085479717866	0.08952530264241658	0.11799141656720678	0.03348869666216597	0.16937131628574298
0.02298296805971102	0.06835278300438037	0.10796883335036452	0.15054051775699925	0.07668890750261127	0.19741057652689978	0.08580460393673317	0.07037179219609346	0.048449392622032884	0.17142962504417428
0.018606249420137888	0.07576389112109203	0.11711518319870748	0.1574650437421213	0.06843336665274947	0.19054117939938442	0.0944978340693278	0.07622798283130866	0.0319142043967541	0.16943506516841686
0.02085299970147654	0.040823783530715266	0.11967285867960284	0.13769180866275824	0.07282567694221395	0.18384449473169223	0.08478099232261804	0.13630947106872812	0.018000974773686174	0.18519693958650857
0.023729447846581445	0.07021815060497533	0.1079314071941073	0.14824248990331135	0.07425220562424403	0.17869286707639098	0.09904071458382277	0.06588705444195857	0.048642251630053535	0.1833634110945547
0.029465794729956044	0.0748388869964177	0.131900231144159	0.13992797532267254	0.07579578577359813	0.1782998998011775	0.08588391431131033	0.06750596011067056	0.026217955446344546	0.19016359636369368
0.010089378523014975	0.04773832688041513	0.12822356413876157	0.1534047332640488	0.08323306114583469	0.17804856487412085	0.09444232083496745	0.08238749200178058	0.034112517439509535	0.18832004089754645
0.030744251023030036	0.07702015604874202	0.1142220967898425	0.14387426629794928	0.08421938771051912	0.1936319702169002	0.08608330846100024	0.06228427164857758	0.048437944729511316	0.15948234707392772
0.034094413375979	0.041188804385247066	0.11933313910961746	0.14723619697887783	0.07961580535326819	0.18899006857333056	0.09470132741013607	0.0799878402881895	0.03777656879660882	0.17707583572874547
0.026732369703227524	0.07341813392172226	0.12269528955295642	0.13737265838243218	0.07465116283780714	0.20574838789371303	0.0740425667381579	0.07976050906941808	0.035996090596607466	0.16958283130395801
0.031962121204086494	0.0657545788266615	0.11406428148594357	0.13775027348979305	0.07627211685869421	0.19013374988629123	0.08612961425227744	0.1080964917980211	0.024418129392931767	0.16541864280529966
0.02957960511282985	0.045145761092008796	0.13074269827262966	0.1569884816697432	0.0850645457218252	0.19158465732452562	0.09422884064077611	0.06571107846858082	0.04722767936845046	0.15372665232863028
0.019304433000924673	0.06877078778048377	0.1225364071712054	0.1540447576717951	0.08353710202128749	0.1904296629946548	0.08639014902455802	0.036340406595755825	0.04927915513356396	0.18936713860577098
0.013863393988662098	0.07729107434062246	0.11292966604484296	0.14888238009792587	0.06899737652866524	0.20872103469136666	0.09690755254019229	0.08189096604313309	0.022726354452417538	0.1677902012721718
0.011351105698404002	0.07393279331194749	0.11798326120747432	0.1487898909494748	0.06814086021348553	0.1817767871987646	0.0918440727143395	0.12438914837807664	0.027867655724987284	0.15392442460304587
0.010412102839551143	0.07540624436732699	0.10872297299572001	0.15114986291525873	0.07173734219265795	0.20933898729473616	0.09853771172726211	0.08399596126759676	0.02718437834017183	0.16351443605971844
0.02483219225909171	0.07648484294525781	0.10885470619058223	0.15669037600817184	0.08089420338034509	0.19275704695887563	0.09421672115447732	0.04598322074134238	0.0447006561899806	0.17458603417187543
0.012633156778807345	0.03615603722412755	0.1098498416434462	0.15803077962951334	0.07122503914715937	0.1985041263222584	0.0940684652127014	0.13413910606274276	0.020909245201703994	0.1644842027775397
0.03427123403938169	0.06177434562475544	0.11181669328079254	0.14712621225690284	0.076319925102253	0.18721537257128623	0.09398108352616753	0.09504538885407583	0.029655653690033063	0.16279409105435189
0.015428866506452726	0.0640245980545224	0.11173860196311908	0.15563227415324862	0.068030773607298	0.18242229145497757	0.0946676809202704	0.0978122515806646	0.022942720550449755	0.18729994120899687
0.018016317687604824	0.06982545406679636	0.13250703675841186	0.14958716131992927	0.07015291913613222	0.19975285631186224	0.08778541534854578	0.03457853783855759	0.04681980907308336	0.19097449245907655
0.02539688632478307	0.03648540503895388	0.11484766900658788	0.14917306541412123	0.07825573714387958	0.20958392483572624	0.08491968214812223	0.0879333580174713	0.041884352623119014	0.1715199194472356
0.02496800946295298	0.05524239802260661	0.12343558627799667	0.1600526146666366	0.07028395043386332	0.18291581857247202	0.09671923107417867	0.06346992301702291	0.03265982724573434	0.19025264122653596
0.03633954712937769	0.06338365480919207	0.1151613555580135	0.14149976683067028	0.07205402428176431	0.18835174396866922	0.08633449982599707	0.10065418084042393	0.032764777006073706	0.16345644974981827
0.031750514094677454	0.0456551761256749	0.12755265931348592	0.14189062698903773	0.07761177518641946	0.19288193329314238	0.08011280352647605	0.11051504301446467	0.03503552263097251	0.1569939458256489
0.02065650192733541	0.03348442626776002	0.12240201999720257	0.15894685459669428	0.07625257030890642	0.17759940965109927	0.08772408919320976	0.1308141729328381	0.024199451276030418	0.16792050384892376
0.03341721034438101	0.035511923989567484	0.10787725977228439	0.15715761024919886	0.08060621220889984	0.17735186423354188	0.08036214654709023	0.09682394469678901	0.04296442335096758	0.18792740460727975
0.01683955379877329	0.028911763795850726	0.10961744242830367	0.140032291251394	0.07846174829462094	0.20313007520810555	0.09633827653960476	0.1117237104846026	0.02548127341780447	0.18946386478094002
0.034576848206056235	0.06927248950091536	0.11410269988353904	0.14063681007397139	0.08090566217186532	0.17669742543173075	0.07593297215161678	0.1363668398685503	0.017807292924582427	0.15370095978717238
0.014922910708263723	0.03937638408629117	0.11635347336881915	0.1595159500059734	0.07549133263431132	0.1794207050311552	0.07680803261728461	0.10467297665265525	0.043334903883935114	0.1901033310113111
0.014546793579646874	0.06173630579960321	0.11678711266591582	0.15365171785026524	0.0740950012850804	0.18513426376144118	0.09214231806202039	0.12162630554268397	0.026639025457336707	0.15364115599600625
0.03296930930110907	0.0460085630667123	0.12338648944950253	0.15577999709350876	0.07373221899384222	0.20574681854886787	0.0940159415568165	0.0671874691312799	0.037695578665568705	0.16347761419279216
0.020628148866844692	0.05732886073232937	0.11455500094443356	0.1584099080133392	0.07120720261895469	0.19778832739923724	0.0945619943980644	0.08277700994761066	0.030164245571492138	0.17257930150769407
0.015600412943906697	0.04557504586951174	0.10773606575614679	0.14301345078936092	0.07285216954013178	0.20799282090000626	0.07800694603603939	0.13667223396314193	0.018898841753657553	0.17365201244809697
0.011269464742199406	0.04230411177385404	0.12368173951998114	0.1403334031251364	0.0779118263412673	0.20400244579818416	0.08092615559641084	0.14231862280507418	0.019754769963946442	0.1574974603339461
0.016319863552689093	0.03234566223763273	0.12818756519676408	0.1587337851533654	0.07670209601014495	0.1996790245313374	0.09151241078081186	0.08219451568002885	0.03605182307669334	0.17827325378053235
0.020236048388745195	0.04783978552589961	0.12905943954147678	0.13959466478400756	0.07505292311957573	0.18540168021118902	0.09662385620761559	0.08045995211362786	0.044206531727865345	0.1815251183799974
0.019609915563256516	0.04610798230422018	0.10889147268620214	0.15140769372323135	0.08414186333011799	0.20471237204675302	0.09077551337543764	0.07182002431050519	0.037650476599222764	0.18488268606105318
0.029106162515345077	0.029014005577490343	0.13133973469195268	0.139060446166149	0.07256181592632747	0.18899245568418088	0.08082473799025215	0.1282907192993399	0.04535062938385406	0.15545929276510845
0.022779433046459727	0.06351908910639752	0.12475995356500816	0.14499377600978888	0.08106895101717018	0.18102523342694127	0.08546693895390906	0.11607042216210695	0.02548940789931485	0.15482679481290346
0.020933582210626203	0.04642400617068864	0.11010090744459455	0.14938892729147177	0.07622698194586275	0.19568187172883686	0.0757931554263693	0.13128578422878978	0.026424169479292936	0.16774061407346724
0.022612259305678575	0.0686051304293629	0.11788711759168785	0.15687591836856218	0.07329116308149951	0.1920300090969058	0.08346960648994362	0.069782024818552	0.04151344743845048	0.17393332337935713
0.017727766379088045	0.06893035877821085	0.1178457694808697	0.15650065812195846	0.06846407428567919	0.18137840013227435	0.08925775646449784	0.09062149887391444	0.025611259316787885	0.18366245816671922
0.011510488945074837	0.05027981849461455	0.1158700095087136	0.14838149113516716	0.07910175445573953	0.20989522803621674	0.07375028281587556	0.11358724080259361	0.043779388390768524	0.15384429741523598
0.03257803908267533	0.04479014254849672	0.10970364744720629	0.14075255893231473	0.07322087726696591	0.18596271254606445	0.09362693950199667	0.0983109965536677	0.03492558419333999	0.18612850192727226
0.03641020504001245	0.03365656455326417	0.11692478847916063	0.1568853178556579	0.07623107054805095	0.19315835177704835	0.07855528955283553	0.10303107913694923	0.041636440094990075	0.1635108929620307
0.017985589682554412	0.060189240183950554	0.11551092524904119	0.15755655507504618	0.07975151556720937	0.20535641198041144	0.08076498228583838	0.07721126973011486	0.027083958757683657	0.17858955148814998
0.03548209649536327	0.0328993804251141	0.12461911606953854	0.15380629017484948	0.08135078087163639	0.20262514284359148	0.09027601153222764	0.0709831020681321	0.04764887897074871	0.1603092005487983
0.021788782158150416	0.032933512494798756	0.11166070975977202	0.14146391285588977	0.08267191646908484	0.17677255197766978	0.08751088513456672	0.14313020770479	0.041960727125069444	0.1601067943202083
0.025932564497031615	0.06048249609649844	0.11545884882434627	0.1435072180170779	0.07763988094716753	0.2037294581151431	0.08097049818678259	0.08673703804571227	0.03614102212315426	0.16940097514708607
0.02583272193180046	0.05870476666955832	0.12075694325251565	0.16024016960159898	0.0739489676117316	0.19256180976196072	0.08736375849781523	0.06388490280177117	0.039280684542857026	0.17742527532839086
0.015793706527191365	0.03880519158316925	0.128772204455937	0.141020880516805	0.07736344716871006	0.18581549830811972	0.09662449556546408	0.08300648270735836	0.047644922040246146	0.18515317112699903
0.03173748976916883	0.03529906780422541	0.1276572684001515	0.1444974914792893	0.0709821357805496	0.18923288630551405	0.07929188861322167	0.1290132357470471	0.0359010768879984	0.15638745921283417
0.020752259281817467	0.050157432440274284	0.1182081289832013	0.15980327322641372	0.0737228528661642	0.17668256497391938	0.08513885687781468	0.0969033691927984	0.0326722260841172	0.18595903607347936
0.023251206112288772	0.042427646584719626	0.11201972355172599	0.14138540268025868	0.08039625787833798	0.18191502552933614	0.09869306857168308	0.12478029255791323	0.020011791055451103	0.1751195854782854
0.03346896172006743	0.06394630787713439	0.12698498818083065	0.1427308042486436	0.07715325067346133	0.18405951691260333	0.09439698869465694	0.06786680633147239	0.037877852075502504	0.17151452328562744
0.017740755336371483	0.067498520168703	0.11641163446378733	0.14309907316065942	0.06896186271201088	0.20144753506504548	0.07996399864407142	0.0929021419724103	0.030307504613809308	0.1816669738631314
0.03570390073600417	0.04361959769213919	0.12858822314894333	0.14217309032281988	0.08093556378259578	0.2016749214783445	0.09833718491568644	0.05747334595412858	0.03191214489942093	0.17958202706991716
0.025808721141102678	0.05583454297199459	0.12918162544893613	0.15477185268611543	0.08519773758996968	0.1793002226541185	0.08659445226714815	0.0806552537721853	0.02254021662989876	0.1801153748385308
0.025844454557599122	0.045565977981938184	0.1085318359661655	0.15949279701363095	0.07558562077169892	0.20227332358849642	0.0908876840208826	0.10077518152787415	0.027838516841797223	0.16320460772991696
0.030278349415863118	0.07013905394792674	0.13228873636714225	0.14350248249871148	0.0844957909221299	0.1798746200356321	0.08539566767382888	0.09559133930620989	0.01944233357085584	0.15899162626169983
0.03451183446060581	0.0707396736052572	0.11725764513599148	0.14426036390689517	0.06941688642715758	0.19302770518411794	0.08446699875318914	0.06059413047630411	0.035638023540629046	0.19008673850985258
0.027828891834793854	0.031702052444555304	0.12925995601748969	0.15383906949439277	0.06808496346776811	0.18714478667755025	0.08708494486357994	0.11569541080975015	0.02985706387883788	0.1695028605112821
0.03172612485164175	0.07303372968527092	0.1224145844733991	0.13926602920027922	0.0760373473695302	0.18259901985138188	0.08588900537557684	0.0837821791526559	0.047431946200142024	0.15782003384012216
0.017048387748396912	0.06446150939725126	0.11282951980708023	0.16022948504795986	0.07417192785424964	0.1775164680601801	0.09807341990448745	0.09246262808344287	0.028740200510536093	0.1744664535864156
0.023251563865342273	0.04977009769511556	0.12343592172493409	0.15054028985504875	0.07659601358354139	0.20003381121819985	0.08977130328295609	0.10289462550573814	0.025710292094743223	0.15799608117438071
0.03588368494714628	0.034309878183419254	0.118279372004158	0.13778995358259555	0.08006462783720161	0.17766844482473426	0.09391977243426482	0.09910284856774207	0.033230218320593266	0.1897511992981449
0.036461831373474154	0.040822882778140404	0.12023855776870496	0.15345025623736447	0.0766962663822923	0.1944382873172024	0.09755245354178496	0.06597441312040933	0.027619434318048044	0.18674561716257904
0.018078264939861158	0.03510021279315975	0.12194998809358021	0.1389456113387565	0.07438903248615297	0.1833906080772404	0.08712802988925557	0.13993365408639902	0.021020437321878235	0.18006416097371625
0.014103710163109365	0.032491586473618495	0.13275876775540152	0.14835159660718183	0.07822970809420127	0.18388311119312573	0.09312493437751188	0.09038420905611334	0.034261802629287824	0.1924105736504488
0.012844319100728738	0.051956539705188334	0.12915123840859427	0.15181791075862233	0.06913732715640304	0.19879643933606406	0.09093589847729261	0.08225594073951376	0.046344624458472886	0.16675976185912
0.029514231294845567	0.041852917960648564	0.13007351866733644	0.15597819891166104	0.06948260789385163	0.18210643198890514	0.08490605816895681	0.10209049760442825	0.04386249649273568	0.16013304101663092
0.014401630456725725	0.029885801622547697	0.10820358289575864	0.15095488308198424	0.07089995312792934	0.20678067148098606	0.07729580133322592	0.155434489589284	0.02150594763932666	0.1646372387722318
0.02735093507307093	0.058910044078470836	0.13025238183260998	0.14163867825562265	0.07325233269148415	0.20419500863898182	0.07636515469500885	0.0747718956850631	0.03281801148646961	0.18044555756321806
0.03371990530044615	0.03152282087173548	0.12166249218489514	0.14204996167689143	0.07418175391192439	0.18959204842482275	0.07783628341619633	0.11082865564576953	0.04482895808944582	0.173777120477873
0.012364923083495669	0.04239466113900938	0.10942228176957491	0.15713229602035614	0.07575259532745005	0.19967812621721248	0.09317540310143708	0.11793383375049729	0.02913665872109307	0.16300922086987396
0.030724606324201764	0.0712824584030147	0.10842327397501576	0.15991754637565336	0.07911656654213539	0.1965689891113886	0.08239236391770818	0.06445335482302109	0.03593099655111717	0.17118984397674397
0.025995328792090586	0.03301583553838611	0.1307024992927479	0.1496075812067206	0.07950782989467742	0.20049045542066052	0.09410317999981686	0.10080060022065132	0.03163412414063026	0.1541425654936184
0.03502244883539521	0.04364698128446558	0.1232439454019539	0.14220221420784362	0.0732334776635232	0.17668164621318636	0.09677885436288533	0.10500773862058854	0.022910406856231483	0.1812722865539268
0.02827224706282984	0.05204455180412927	0.12584989884239647	0.15260369524412173	0.08205021515344117	0.19250254132215638	0.08693000851596103	0.08859142937039956	0.03389630226342852	0.15725911042113605
0.029104637530182165	0.06682623637368826	0.1180148070884827	0.138221458369167	0.07674215536232595	0.1858970536039501	0.08374643667433904	0.09377184603354798	0.041033095354979614	0.16664227360933725
0.026102094174707477	0.04647376765682777	0.1297796454178478	0.14176430587104552	0.07301423695544135	0.17695941656084668	0.08690715387648917	0.1064778038402464	0.04770086697563926	0.1648207086709086
0.011929223268363376	0.04382666244363857	0.12086042015560429	0.15812627045496308	0.06867041903954305	0.19450161459070348	0.09183142094361174	0.08678001941298233	0.043766204904152235	0.17970774478643786
0.03532787987923587	0.037106635105727814	0.12592647702455476	0.15045445258577683	0.08125334231880163	0.2033935977559566	0.08038441315222783	0.10464482379494439	0.022280814817613098	0.15922756356516116
0.02224355889154693	0.04244702716214402	0.11305064130689119	0.15380037459954574	0.08421071911794867	0.20199767919990674	0.09348196380180858	0.06532880181256698	0.03936505765589174	0.18407417645174942
0.034955751264049484	0.04548199365058216	0.11051663440543319	0.1512565628096811	0.07775952171526115	0.17810202136644424	0.09579639312121195	0.08590347728677841	0.04908293652837685	0.17114470785218144
0.020948951916620023	0.034602789877759735	0.10783497176975723	0.15737484015210604	0.07921546240611456	0.20540133511012698	0.09698961743439598	0.0741596216842155	0.040911983418096654	0.18256042623080732
0.03662026619830476	0.04310961555016223	0.1314895593820261	0.1390701121827988	0.07318530928760866	0.18901014935938149	0.09416295978301219	0.11284169554138977	0.022359597475722123	0.1581507352395939
0.013947871350082297	0.07569189012950714	0.10903857631322793	0.15250888592163891	0.07717947258719213	0.18078039560449713	0.08824020758571913	0.07047099614973845	0.044915627844810325	0.18722607651358658
0.0329773705357595	0.060509570350408375	0.12349154015911133	0.14249554869950604	0.07166084935946047	0.19796037528175645	0.08402027452686123	0.08450706017775735	0.02773663365133143	0.17464077725804783
0.02070221678819191	0.03370596630995097	0.13115468683612586	0.15032953221437156	0.0801507204578629	0.19656356082959814	0.0813334684714073	0.11527279624728594	0.024033531465090283	0.16675352038011515
0.03305108124709007	0.05153171250643417	0.11919627085297253	0.15662120874877017	0.07756763640417878	0.18348109036349425	0.09277479202280035	0.07580629206676226	0.04553880743746509	0.16443110835003233
0.0322304112837737	0.07283309017830804	0.11240824089390702	0.14135007420275192	0.07675103377419557	0.20543393156476827	0.07720908849511854	0.06446002167196707	0.046345968659233794	0.1709781392759761
0.0177555487472746	0.0689117211274668	0.12217764963103356	0.1508783685493345	0.0804800946034882	0.18829802147639402	0.08497675124503966	0.09895970058519324	0.0329001416600191	0.1546620023747563
0.028111148988591475	0.03633397768625683	0.13120758654768783	0.14396659131945816	0.0780956797064922	0.2069801759787083	0.09615222864451786	0.049285957020243645	0.04577872007272945	0.18408793403531426
0.033451593102352545	0.05381571208531419	0.11850662171724259	0.1380537710254226	0.0748738621984533	0.20447386697286457	0.08522235570901003	0.0727589701370392	0.04580792202530835	0.17303532502699262
0.012273518383114065	0.07663131523106893	0.11626312935701341	0.15962049982222493	0.0758713518595876	0.1913727698501216	0.09874137783962005	0.062460204173583764	0.03957779806736627	0.1671880354162994
0.01767416614321768	0.06334065643001045	0.11864511779376874	0.14779037835392958	0.07177102107483024	0.20816014021137852	0.08841974805446288	0.08343705257664003	0.026959157182966306	0.17380256217879564
0.03098601645091123	0.05422431026747841	0.12886426525154349	0.13772111027965925	0.085223697023456	0.19937427168078348	0.08932140794458707	0.06893448877800963	0.03173837686998207	0.17361205545358935
0.026667740524520395	0.04231168520510911	0.12487461950279577	0.1542746763665114	0.07550390086462809	0.19695140805282507	0.08071908613399109	0.09837929697898257	0.04489829077373435	0.15541929559690218
0.0353163904156404	0.049430348515787724	0.11791087674225384	0.1438693597874869	0.07068241268606613	0.1880947750500266	0.09695295563967735	0.11347906629221058	0.024881893627957924	0.15938192124289252
0.033778050039228735	0.062475325292561015	0.12490978660489115	0.15041526069607813	0.08355474749611339	0.18847662317213404	0.08094651542345195	0.05292663076300512	0.046731347231047195	0.17578571328148934
0.026997850077931915	0.04417137211308724	0.1298580863542484	0.1434141941319262	0.07394051665991627	0.20678080059818088	0.09885279110252529	0.0562456873363622	0.03398567274099172	0.18575302888482992
0.022493220595422955	0.06382809397778336	0.1142150788405904	0.15857491651276778	0.08101793603281157	0.18191499311720613	0.08691797612817201	0.11670654292747726	0.01809247220779349	0.15623876965997507
0.015349331687399048	0.03038890294774002	0.12049767316155131	0.15802760465691643	0.07756693727054473	0.20600912686424988	0.07931385538856942	0.1036510418770999	0.03344160170673838	0.17575392443919097
0.01922793658475984	0.05971184931096729	0.1212215273767116	0.14292200135182404	0.08429761483468452	0.18669366291189804	0.08869718008386297	0.08332573149349917	0.03937316159107505	0.17452933446071753
0.013506582643597734	0.05794584268617158	0.11059380888613952	0.15421630975140588	0.07947587242568796	0.2067207169732896	0.07482864082233182	0.11416621957135842	0.029332297507000754	0.15921370873301677
0.010860617037022902	0.050459951321634444	0.12060026328800633	0.13716338978575243	0.07704157765443727	0.1912594930495338	0.09867288796474506	0.12383084532393394	0.027980164884514908	0.16213080969041893
0.02247577527705366	0.07723474486635255	0.1273501406743442	0.1582067976999178	0.07839792309704606	0.19222065355856327	0.09490667100465285	0.03869900598940909	0.0463010621928191	0.16420722563984147
0.020395491225789278	0.07032747201433792	0.12409523908814177	0.13729824062394244	0.07736081171582687	0.205004540231738	0.0743329156537981	0.10475348194401482	0.033386288584088666	0.1530455189183222
0.025118147170007696	0.04606775722233807	0.11327472220030442	0.1381635920274765	0.07719707166911689	0.18003701973445124	0.09024417367965099	0.12079837001375293	0.041766035030503676	0.1673331112523976
0.020977920635927932	0.05374681858182498	0.1244606781675682	0.1599263644002553	0.06805403506218335	0.1887039120446219	0.07837319186102987	0.08513591693921088	0.03796141056627182	0.18265975174110582
0.027663567574885334	0.039031950545722366	0.11924979632759551	0.15183532082625245	0.07144466477978285	0.19413387092323456	0.07522736471039207	0.12015062513255963	0.04344455939149573	0.1578182797880795
0.023246832612064033	0.07620297572254542	0.11157203108156862	0.14446970066414377	0.08065373812740177	0.20687372923184372	0.08447349703850116	0.0426936956571505	0.04902225204394926	0.1807915478208318
0.027490291442373818	0.06166336077644005	0.1265956591354247	0.13982892805724775	0.06991955717096039	0.18288582132442732	0.09796860384515035	0.07440516903066095	0.03803157109713337	0.18121103812018136
0.023989205717596246	0.05820260904637876	0.12174716986824485	0.14470546668644024	0.07892882489278538	0.17965343195545602	0.0736201887940674	0.1436577943473214	0.018011683083888785	0.15748362560782092
0.018549227493420264	0.06318212052738942	0.1309723001995033	0.1377701695719014	0.08200336017895267	0.18607529353407204	0.08265589407133943	0.09838871046402553	0.02038214229211982	0.1800207816672761
0.01851729625961765	0.055448828158483385	0.1296778483330286	0.14748001483772238	0.07818415588586697	0.20534987992029646	0.0745430069394194	0.1067555920980416	0.021465328597876532	0.16257804896964706
0.029217727255310424	0.0566375230846901	0.11063988714674157	0.15414753676305556	0.08113366270308599	0.17846498485040957	0.08605388724437972	0.0816578422854326	0.046105092001028095	0.17594185666586643
0.014960847962244825	0.06490000475138157	0.10957942312271164	0.15283724397024667	0.08106917339486458	0.20117375612635502	0.09244272310703854	0.10490049263905098	0.0231387561417295	0.1549975787843767
0.03262868414611911	0.060771245317238244	0.13074778434512513	0.1495154652690531	0.0794195208884915	0.19105335103570092	0.09804161125982323	0.053734849592272683	0.03374526606260257	0.17034222208357352
0.025962257171187594	0.0760908952905803	0.11278501258974377	0.1588550313165252	0.0849734852459331	0.17603624549892227	0.0932356225328243	0.07641637820795077	0.03219673038836819	0.16344834175796452
0.017042062217060575	0.06608586695754963	0.13241305496332728	0.14213786744791695	0.07573694071657965	0.18899435922630847	0.09824432796695026	0.07372591694376673	0.044724241748009305	0.16089536181253117
0.028060349017230757	0.07674042549871349	0.11057653046423006	0.14220846119971328	0.07924905397413867	0.19446872314857466	0.07398505647940665	0.09185143937596635	0.03018370636221164	0.17267625447981447
0.028587961906570036	0.03396535205506779	0.11901632993735395	0.15153897762170473	0.07538103219806942	0.19181033585277585	0.09879517194516983	0.07033801028254427	0.04224296507861481	0.18832386312212934
0.03173414273211879	0.07592554518956836	0.12845740042787523	0.145851095264739	0.08382030212882935	0.19204815201396935	0.0979924065749156	0.018366467674062734	0.04553689454308248	0.18026759345083915
0.018754286069198753	0.04779333835449434	0.1131731202881098	0.15250949186285206	0.08312033124089824	0.18319836583142282	0.07956841004686392	0.11855184641777318	0.04247460081055515	0.16085620907783177
0.03665014975871583	0.044364411548474245	0.12665005306855143	0.15626209290844276	0.0766205110713939	0.18476666830079425	0.07659832540244677	0.09117682533999819	0.02554654398197133	0.18136441861921132
0.022192030778790534	0.028944690777732512	0.12739466680509015	0.15589619298102536	0.07982263563346144	0.20964609967044795	0.07609334770823148	0.10132132439395611	0.026425909453576757	0.17226310179768772
0.03412342465574615	0.06025246981698763	0.1259126799387823	0.1445843509473731	0.06940898879465356	0.1757146315662177	0.08351477412312047	0.0772531892211563	0.04109188299353432	0.18814360794242851
0.013332421601047043	0.049844433214653885	0.11239188171200622	0.15853220599585577	0.06827853226220952	0.19979355958832062	0.0967382256687216	0.10710561148955203	0.02850172921894785	0.1654813992486855
0.024302629396275213	0.05422325571606699	0.11609152318307434	0.14073175222853623	0.07200408958706223	0.20934412801578378	0.097050395747774	0.10820553945655016	0.020232979335581436	0.15781370733329564
0.013414325299714841	0.047780303614523456	0.12428012894140485	0.14424595397058898	0.08065069904710145	0.17637096238920097	0.07665218804091462	0.1295098054915006	0.02037027508423389	0.18672535812081636
0.01047963472727989	0.03523080355791862	0.11680749989196784	0.15372539991137857	0.07893470472880963	0.20921089048867225	0.08198642373901713	0.1006812132999067	0.03801542089751252	0.17492800875753695
0.022582996058013158	0.07716740143577719	0.11166069299213581	0.14425267167393913	0.08494600642597439	0.19983002379000697	0.0795364564018852	0.07056402182283036	0.019255347451411997	0.19020438194802583
0.018742744918561066	0.03784498371901536	0.1302489715805834	0.15665491361888753	0.08342508084824175	0.19843932442268997	0.09792218992732492	0.07653424022248814	0.037203202842018696	0.16298434790018917
0.012287652116687475	0.062507521795946	0.12231448366672909	0.13866666315129972	0.08336890124844275	0.1840238957683617	0.08816746012734744	0.09325064388930765	0.023020550544901444	0.19239222769097672
0.03584622965782541	0.040580380829104215	0.12132161525403394	0.14844753569960317	0.07021286132410802	0.1803541783108312	0.08985167250436893	0.07697097399448069	0.048484235720751626	0.1879303167048928
0.02884344174162161	0.04232820829252066	0.1189350094496484	0.15128985285713528	0.07243796954572851	0.18854072669746635	0.09717260519515697	0.09793816891003733	0.020564808625286646	0.18194920868539827
0.03661093518338379	0.06660913081475105	0.1220130547741326	0.1551014024474272	0.08118383803399695	0.20190565772477875	0.09293934071613061	0.02775056287177456	0.04439532968534554	0.17149074774827894
0.012474552490102764	0.05817027472511864	0.12134087426521914	0.1553322061795671	0.06936365979667462	0.1944165463446499	0.07527916295141983	0.1178710273865933	0.03992811174897172	0.155823584111683
0.019274590336125066	0.07511691832659187	0.12280157696400026	0.15529499809865538	0.08330486994288741	0.18519049675289428	0.09091473801566992	0.06411580609410716	0.02653015020776453	0.17745585526130409
0.02559305957932316	0.06708337478118749	0.1293387689154515	0.15975039423872212	0.08298833250549228	0.19365075513817803	0.07432596368431738	0.05365724891621432	0.04235727050775829	0.17125483173335543
0.025669255121175252	0.06170944911205152	0.11487251389030828	0.14678402666816032	0.07195785398987228	0.18541449999747409	0.09014135096826734	0.11658549988960626	0.028901792688123165	0.15796375767496149
0.029651091141368338	0.06298026258905318	0.1257389153064461	0.1458493901856077	0.07187414886919513	0.19099623015164408	0.0912696884708875	0.08340048492813562	0.03518848079031797	0.16305130756734443
