0.16470759079166514	0.15924846959449393	0.3197312503599624	0.2603450207728958	0.09596766848098257
0.16039080659663538	0.16369274487536906	0.31962898269080436	0.25944469934266645	0.09684276649452453
0.1652949413338461	0.1595032593852253	0.3179814629908534	0.2587418369837327	0.09847849930634231
0.15846341884188528	0.16376209303493905	0.32067912603017823	0.26027343518743945	0.09682192690555778
0.15959386658350608	0.16488712838199532	0.3231886300300899	0.25389964451189956	0.09843073049250897
0.16590271109783428	0.15943861697615677	0.31707733519371034	0.25875309311109534	0.09882824362120303
0.16094121509570533	0.162117690281517	0.3236142610555107	0.25636836721090506	0.09695846635636166
0.15860363212583659	0.1653503657476093	0.3245580935458877	0.2557667403675535	0.09572116821311263
0.16353252362669338	0.1594832219691813	0.3243035376062531	0.25372170161627633	0.09895901518159572
0.15951748012621716	0.16467165486700924	0.318078721141291	0.2604141586711728	0.09731798519430965
0.16349007767477217	0.1609643546279452	0.32235771597091795	0.25496796296776086	0.09821988875860366
0.1627991084175456	0.1600597955685207	0.32320932955707604	0.25728177366700705	0.09664999278985034
0.16636369750265906	0.1622119981715336	0.3180660297282271	0.2567530283564822	0.09660524624109781
0.16021612681847686	0.16138614461191705	0.3241303703389872	0.2547323341883108	0.09953502404230789
0.15715676321498603	0.1594327630189117	0.3253726617643631	0.2587429398416033	0.09929487216013566
0.1655570064316409	0.15924963062113684	0.31998842999647314	0.2569288498900868	0.09827608306066205
0.1641599844808878	0.1643464823545383	0.31813965648206965	0.25762014955285867	0.0957337271296454
0.15582498864271704	0.164685153129026	0.32329684495083183	0.2571230116235432	0.09907000165388175
0.1576576975916724	0.16572950696378466	0.3218101928039956	0.25703764910671	0.09776495353383718
0.15528037195084496	0.16603037660075443	0.32520523392466	0.2574583981589265	0.09602561936481396
0.1636079473003389	0.16148047905308316	0.3194153459286719	0.25795009318078205	0.09754613453712385
0.15871250790989436	0.16482791473295028	0.31816583848290053	0.25857910887803776	0.09971462999621691
0.16570540634212627	0.15921408407539384	0.3217642666421164	0.2558049502518494	0.09751129268851383
0.1578633716320728	0.1659257832759336	0.3191007762448651	0.258092578113421	0.0990174907337073
0.15908837431381717	0.16422694509849048	0.3216766085935502	0.2561699149436111	0.09883815705053092
0.16488503535390028	0.16410444316090245	0.3173953031156239	0.25740314026929106	0.09621207810028205
0.16298728586046968	0.16093188824518415	0.3200499552257767	0.2595334800039012	0.09649739066466806
0.167824980406173	0.15918128300654516	0.3194620346749063	0.25768921706135717	0.0958424848510182
0.16423249706454052	0.1649487959292354	0.31824251202679893	0.25440668886332507	0.09816950611609984
0.15555247132775762	0.16632967022946948	0.31984200661785417	0.2601873929999299	0.09808845882498864
0.1596833687687936	0.16460832361844244	0.3173244956047064	0.25859632147044825	0.09978749053760914
0.15915385357307557	0.16282849645685837	0.32265256324330926	0.2586247599147835	0.09674032681197312
0.16281315081103034	0.1619550301075552	0.3180719715054633	0.25943372179707586	0.09772612577887511
0.16690148321028123	0.16228245151516518	0.3179362767825121	0.2570133662061059	0.09586642228593548
0.15734235762842402	0.16256609615499124	0.32538266950879047	0.25804341012235177	0.09666546658544227
0.1579517381831676	0.16384448415024724	0.320940603132992	0.2591688569111268	0.09809431762246618
0.16075425682955893	0.16459858342145092	0.3206777740971265	0.25819563221605774	0.09577375343580571
0.1645094006592269	0.16087607150629346	0.3180673747421315	0.2602740469270639	0.09627310616528408
0.16411942371600477	0.1651243624523963	0.3172457688335549	0.25430511797096766	0.09920532702707618
0.15817592143343068	0.16270734489717736	0.3221998247030837	0.2601610247846344	0.09675588418167368
0.15996115241245046	0.16203945800788438	0.3221995138784242	0.2575717235855377	0.09822815211570304
0.1603682415137906	0.15954409464989905	0.32448943791366003	0.2587419991497995	0.09685622677285066
0.1569635994001627	0.16297845624110963	0.32287213540264076	0.25835533437725877	0.09883047457882799
0.15595826375738303	0.16517180334001857	0.3236322233667865	0.25836146305008956	0.0968762464857222
0.1680589518169324	0.16065413778968243	0.3186048547854129	0.25522621586170147	0.09745583974627062
0.16891068713237023	0.16312562563929245	0.31770555233222214	0.25419844535597097	0.09605968954014404
0.16546812928029714	0.16107788163625889	0.3212566150363513	0.2548397915576645	0.09735758248942797
0.16117360776104026	0.16285333690893947	0.325102679370961	0.25477974801231	0.09609062794674911
0.1634834417586343	0.16331986095565917	0.31768074050810124	0.25805966872151404	0.09745628805609105
0.16738163219143493	0.15883175006410954	0.31709173817377445	0.2585712790795961	0.09812360049108479
0.15745152572796556	0.16498586773437696	0.32320307089152445	0.25638466377043917	0.09797487187569363
0.1679530294471577	0.16006963363132493	0.32072542378154034	0.2552379096646422	0.09601400347533451
0.15854886144181096	0.16307864309863668	0.3233620489420552	0.25732037209198994	0.09769007442550698
0.16769284667924914	0.16156837141416808	0.31888245132449605	0.2536653306417148	0.09819099994037171
0.16342205096555	0.16263071225946096	0.3195842778501655	0.2552674842717595	0.09909547465306386
0.15568883552679497	0.16623616051503246	0.32191424313832745	0.25757075231325915	0.0985900085065858
0.15632637713673941	0.1661764219358247	0.32411642121269557	0.25387327215089933	0.09950750756384076
0.1622965323248785	0.16382047840024377	0.3233930448108783	0.25360682652313793	0.09688311794086125
0.16690208635213383	0.16094965842327588	0.3178674578871263	0.2579400317368222	0.09634076560064161
0.15881096408349313	0.1658010142299598	0.318377529581259	0.2589647274982504	0.09804576460703754
0.16529429954923933	0.16392653187048797	0.31656557640866384	0.25828976930018704	0.09592382287142165
0.15570744559205627	0.16521433729898352	0.3237660620460702	0.25765964802837205	0.0976525070345177
0.16208970199704154	0.16038293547369575	0.3209047112143001	0.25884861511124235	0.09777403620372005
0.1629008074431033	0.16338108742398638	0.31912054004235085	0.25597306991088137	0.09862449517967783
0.1581598535790249	0.16366433185092288	0.3251657067099629	0.2566707823701934	0.09633932548989568
0.16385617131647376	0.16056073606207924	0.3227398594491013	0.2546133091206885	0.09822992405165701
0.16465541516153556	0.1638750607955466	0.31793674157766644	0.2552160077742508	0.09831677469100042
0.16612224849049553	0.16103337543165422	0.31693203722295094	0.2565524312339783	0.09935990762092077
0.1646912970048986	0.16165787043827884	0.32097876042822876	0.2545567521429925	0.09811531998560112
0.16469075704720687	0.15890573472065167	0.3224447788951854	0.2563117129145875	0.0976470164223684
0.16437723843480434	0.16309857329314448	0.3164328199100108	0.25976970010886125	0.09632166825317887
0.1644264512630905	0.16113406624218973	0.31779990413639836	0.25806247625611806	0.09857710210220323
0.16318905636903988	0.16132955211530906	0.31844310458248737	0.26016939015036994	0.09686889678279353
0.16397579783565305	0.1598320562142665	0.31877548407512724	0.25771241724808447	0.09970424462686853
0.1562789640927853	0.16444982417030363	0.32269101496457075	0.2603830664637692	0.09619713030857094
0.15755953072832418	0.16557103863412684	0.3197948994351892	0.2597589246414284	0.09731560656093113
0.1620758002945688	0.16434728795043002	0.3165644091680514	0.260286024394129	0.0967264781928206
0.16381461882636195	0.16243613008354973	0.3177503456887301	0.25718213917700083	0.09881676622435717
0.15642383977179802	0.1639909040883654	0.3245159349873972	0.2589622157331148	0.09610710541932437
0.16187939376704613	0.15925324157141774	0.32387144607291785	0.2590532899254983	0.09594262866311981
0.1671957962754218	0.1610738722865148	0.31776353179677586	0.25825338504028866	0.09571341460099865
0.1685773234274466	0.159241407875069	0.3191348605744775	0.25602005773306546	0.09702635038994124
0.16082962988256067	0.1623873211794456	0.3201368547605142	0.26001430773130363	0.09663188644617572
0.1582200308935931	0.16358376184696127	0.3189442935219007	0.2600729071781018	0.09917900655944292
0.15623490520556188	0.15979827546072622	0.32506984612371853	0.26006645706195763	0.09883051614803556
0.16335910209547028	0.16162253851649885	0.31651622328407225	0.2597713915935096	0.09873074451044879
0.162467559865781	0.16025823454779292	0.323615156677417	0.2557950411822102	0.0978640077267986
0.15947150405442823	0.1626922102373997	0.32187567867945344	0.2570539663420368	0.09890664068668166
0.15953557054413367	0.1662440711063041	0.3186542619094055	0.25733763193484377	0.09822846450531275
0.16659373665506794	0.15909408896913416	0.3178106264687537	0.2576209512894557	0.09888059661758827
0.16238698836106064	0.1644537557331612	0.3187118189203838	0.25685885761312444	0.09758857937226977
0.16160663977055173	0.16421464529921143	0.3185091101108922	0.2582928080101383	0.0973767968092061
0.15778391707332803	0.16471111055572393	0.32496013596614104	0.2546319556988744	0.0979128807059324
0.1584518497629824	0.1601735665410693	0.32427839999900326	0.25948293470561684	0.09761324899132803
0.15787604709496383	0.1652903675507405	0.32170856450022983	0.2586630845618932	0.09646193629217245
0.16112383038922334	0.16222134042329034	0.32345933206598476	0.25516095695993923	0.0980345401615621
0.15750296746960424	0.16269692137424724	0.32139686847948423	0.25892603488206367	0.09947720779460047
0.16498817175503122	0.16410709440407556	0.3173768911974806	0.2554666949792857	0.09806114766412678
0.16854800661756417	0.1593083317696263	0.3187235693516154	0.2540892016006701	0.09933089066052386
0.16001945110109456	0.1614911967489302	0.32414285173908153	0.25620751955380183	0.0981389808570917
0.15966181667041845	0.16603171043149437	0.3177176723321276	0.2602633531566976	0.09632544740926186
0.15793726650583872	0.16242679048247632	0.3243879382865664	0.256471915765605	0.09877608895951331
0.15823620113985212	0.1650629071625107	0.3233782005532085	0.2565573818219698	0.09676530932245868
0.159495730705395	0.16095746560974444	0.32435158458778035	0.2584860237388778	0.09670919535820223
0.16156810211559813	0.16633626910289454	0.3182687079805829	0.2564511171560595	0.0973758036448648
0.160779348170372	0.1648499697972538	0.32199278286530336	0.2554321632713874	0.09694573589568325
0.1631922518320604	0.16155617214565438	0.31872278796192055	0.2582357504938024	0.09829303756656213
0.1621449626672046	0.16158027681267478	0.321734081314383	0.2587195202534416	0.0958211589522958
0.16160295010894826	0.16184688572036027	0.3222682321809482	0.25700173549057576	0.09728019649916736
0.16013457085662886	0.16468581389770615	0.3220470343264348	0.2559093255046655	0.09722325541456452
0.15643615644657985	0.1653406914629406	0.32400576020502114	0.25606297280742224	0.09815441907803601
0.15817840688674972	0.16588769965916245	0.3211766037456062	0.2552301843167232	0.09952710539175828
0.1649412022538473	0.16121758821550622	0.32086103894617896	0.25399407163387094	0.09898609895059633
0.16386166946784267	0.16098474546840716	0.32424100792935934	0.25508672513165037	0.09582585200274026
0.16247662244001276	0.1639103106611537	0.31724044975256116	0.26019378541957694	0.09617883172669522
0.16281983861899327	0.16288721758987681	0.32238324793967565	0.25391758674417253	0.09799210910728155
0.16286751697885488	0.16259730006193945	0.31949052317198695	0.2576481515438125	0.09739650824340602
0.15787491124253256	0.1635395392253097	0.31976603688371424	0.259551456347701	0.09926805630074235
0.16449171556318604	0.1598846601942795	0.31925811332794796	0.2569327415260618	0.09943276938852445
0.1668515841802642	0.16196687938005833	0.3187937150549555	0.2542495784398761	0.09813824294484567
0.1556648128122745	0.16524542729383124	0.32337047411458797	0.2579454416174099	0.09777384416189616
0.1584611321970561	0.16623320982915454	0.3221103606601161	0.2568319264447712	0.09636337086890182
0.1600807337775852	0.16540479511824616	0.31916883426028275	0.2578478480466681	0.09749778879721754
0.16696141287147623	0.15964515955000846	0.32122473873245283	0.25411483985084	0.09805384899522229
0.16103114172830213	0.16441449292099797	0.32448533525655954	0.253695029285227	0.09637400080891312
0.16151045888697893	0.16626573770134634	0.3171583532471266	0.25653877719901436	0.09852667296553361
0.16592580627175602	0.16056879125562012	0.32053097985783296	0.25650589546947206	0.09646852714531862
0.16609793506528908	0.16205701114536014	0.3189077409523244	0.25618326420625925	0.09675404863076689
0.15788968264231742	0.16183671985046205	0.32358924749025453	0.26002876055072466	0.09665558946624114
0.15722613602944469	0.1663132595968686	0.3242510488594303	0.2546207093364792	0.09758884617777705
0.15567768667771775	0.16232083248444343	0.3243862407619952	0.25885353572954234	0.09876170434630113
0.16472161218497217	0.159543005918656	0.32227972998578364	0.2570030175875008	0.09645263432308715
0.1657932820927809	0.15958045831032716	0.31828130808875554	0.26034112787692093	0.09600382363121529
0.16581147334739083	0.16166444626295778	0.31881923906581616	0.25546591503547966	0.09823892628835536
0.15983006397921293	0.16021171354064018	0.3206716581008915	0.2599463499387026	0.09934021444055259
0.15827185957004544	0.16481263944763047	0.3245130048758327	0.2561996793436444	0.09620281676284684
0.16171006729843967	0.1655746933797979	0.3192196121479822	0.25564196121952654	0.09785366595425345
0.15697505122217095	0.15922900849071406	0.3245294191830292	0.26029122940445276	0.09897529169963282
0.1676478550598564	0.15987473072544212	0.31997285680957216	0.2547879944683721	0.09771656293675704
0.16005508345226666	0.16417604046015388	0.3231344361315619	0.25407968630607136	0.09855475364994606
0.16413365816630965	0.16209685154584527	0.31709645271993864	0.2572811376296444	0.09939189993826189
0.16066960324968224	0.16314601543748564	0.3184848435041833	0.25934180723010297	0.0983577305785456
0.1608971647081754	0.1612816207888697	0.3247310412288684	0.25666065465349897	0.09642951862058739
0.16257156840493928	0.16260124544474613	0.3180494159225372	0.257334767514885	0.09944300271289214
0.16034749882381508	0.16215210371198116	0.32060765451291146	0.2591928636680828	0.09769987928320926
0.1669663423112614	0.1619389416868337	0.317603800637988	0.25641087807980645	0.09708003728411028
0.1600530271360285	0.16609234553397753	0.32179006673997745	0.2540300318654444	0.09803452872457194
0.16392368713665387	0.16146693241168547	0.3225144471574195	0.2540105454503775	0.09808438784386347
0.15680658225515018	0.16444920653366274	0.3219798562609795	0.25765465504398327	0.09910969990622413
0.15773808813037885	0.16435511282525622	0.3207183558075401	0.2579641986909633	0.0992242445458613
0.16455340900253046	0.16459676749578836	0.3184931293947849	0.2564309007571978	0.09592579334969825
0.16425377821741322	0.16139894007478137	0.31772995121986997	0.25821638993041773	0.09840094055751748
0.16817679487658344	0.16115066851406198	0.31777924540210656	0.25379104032883415	0.09910225087841366
0.15584043759198052	0.16149608548471167	0.32443631418682906	0.259046631479655	0.09918053125682356
0.16180130711371912	0.16268870112673373	0.3253790968391124	0.2537801307013518	0.09635076421908276
0.16264108707331196	0.16494741971422655	0.3174801913781916	0.25658084429597944	0.09835045753829022
0.15947900497877132	0.16038268018576682	0.32343509066350123	0.258913861180457	0.09778936299150341
0.15735128613513077	0.16471781069392982	0.3199781738706886	0.25921734831117116	0.09873538098907941
0.15820936812594522	0.16444707952543447	0.32288719260398624	0.25521979165279207	0.09923656809184181
0.16024404117046573	0.16140251459943725	0.32193711273658077	0.2596749168445561	0.09674141464895997
0.1560465253703493	0.16319789072075777	0.3221547359564446	0.2603583414603497	0.0982425064920984
0.16293328531241064	0.16132345929183833	0.32318176319517616	0.25640945560572503	0.09615203659484961
0.16662365384028352	0.16114801713077403	0.31805148857999527	0.25586407967620833	0.09831276077273865
0.1587635550526029	0.1658694177121376	0.31769533086153656	0.25810818690234416	0.0995635094713786
0.16230194344151183	0.16429452724736007	0.32039561781673753	0.25548710334017766	0.09752080815421268
0.16147964264340584	0.16400396095325992	0.32019116571139267	0.25623127248656574	0.09809395820537563
0.16797568287602088	0.16183290381577098	0.31721518365179296	0.25700082645006855	0.0959754032063464
0.16539453305955631	0.16115647300794675	0.32204689749922455	0.25433864331669703	0.09706345311657519
0.16330076594748644	0.16029971894259337	0.3227383479898342	0.25616772737085247	0.09749343974923336
0.16032808565869192	0.16218304387467322	0.3180722938970484	0.2600742499182683	0.09934232665131801
0.16065912821630818	0.1650070624200294	0.31837043249871405	0.2563138891909683	0.09964948767397981
0.1600035542662272	0.16336008644188463	0.3246891014216614	0.25486052739003906	0.09708673048018754
0.16650854937542817	0.161872402180413	0.3177940234088831	0.25421596008059344	0.09960906495468215
0.15566904141517407	0.16490655958269174	0.3213692739494564	0.25839755962759103	0.09965756542508654
0.16465420282882176	0.15973490323173645	0.3239199624373766	0.25489019586785316	0.09680073563421186
0.16344933357898656	0.16053262328351145	0.3188038654536897	0.2584274810202432	0.09878669666356885
0.157001706039367	0.1660320122318959	0.32089940003914946	0.25685288650220267	0.09921399518738475
0.1612918385931738	0.16261474051590186	0.3191883481284347	0.2590132349776522	0.09789183778483719
0.16634341614293566	0.16066245413762556	0.3167413045859184	0.2589478298224479	0.09730499531107226
0.16361138675856937	0.16399683237987278	0.31971402277060335	0.25661011050597676	0.09606764758497749
0.15960706593054647	0.16158162005096308	0.32244739549196594	0.25844519076854255	0.09791872775798176
0.16404120618569207	0.16279738086048892	0.3180761634391634	0.25809398131304007	0.09699126820161533
0.15730581252626064	0.16190437128634788	0.3240539624155657	0.2592219202914239	0.09751393348040166
0.16211643727217045	0.16269703077097103	0.32526431972164915	0.2539933332735505	0.09592887896165864
0.16181142817054048	0.16152435297770665	0.3196830581605992	0.25919050163941515	0.09779065905173827
0.16753402810063475	0.16118939309205665	0.317023059329454	0.2580123132366484	0.09624120624120591
0.1648175096579314	0.16302390847730372	0.3221518486265831	0.25369697990583645	0.09630975333234512
0.15957404953887977	0.16621716653528873	0.32031147124347886	0.256331357465817	0.09756595521653545
0.1576134807971532	0.1628129648142583	0.3223433641766692	0.2579108801679076	0.09931931004401148
0.15854305491498327	0.1619036806811384	0.3239615029939527	0.2586361450848959	0.09695561632502951
0.16448919267514936	0.1644364238631091	0.32110906459605215	0.2535768399183201	0.0963884789473691
0.16063003782197532	0.1603413435591733	0.32482268266857717	0.25476290543148483	0.09944303051878918
0.1598779586258159	0.16426526227597033	0.3229433268293957	0.25661248034274214	0.09630097192607573
0.15983484173665477	0.16246371569714846	0.3245797746022131	0.25473813750304114	0.09838353046094234
0.1580764866968759	0.16463601840860423	0.3222205540036008	0.25870983200597497	0.09635710888494392
0.15995452084793438	0.16558401319909216	0.32211625888144574	0.2556430384482033	0.09670216862332419
0.16644776090133034	0.16402659009032766	0.318616283663295	0.2546189551511967	0.09629041019385004
0.15682085426294456	0.16562339052468034	0.3204937696469341	0.2576344717852474	0.09942751378019338
0.15742891380940247	0.16569912059444408	0.3205722710193761	0.2566731100959569	0.09962658448082028
0.16434649800342882	0.15962619025328165	0.3221015498095554	0.2566274510981766	0.0972983108355574
0.15555149356295386	0.1655929930364969	0.323092154778631	0.2595033945360679	0.09625996408585014
0.15669620675745502	0.16279187356398034	0.3217236526473619	0.2595544416079283	0.09923382542327432
0.1613469251984372	0.16185968824523483	0.32140497934389234	0.256306184016519	0.09908222319591642
0.15755629477973485	0.1660336474037086	0.3233859516114035	0.2542617654389135	0.0987623407662394
0.16244894307103008	0.16456819390222943	0.32201129481991475	0.2541310048191021	0.09684056338772343
0.16011559524478836	0.16418946910104154	0.3213953412314033	0.25716485101997744	0.09713474340278919
0.16638834512515266	0.16278671807529405	0.31925344406889833	0.2537447458888902	0.09782674684176457
0.1617928700049312	0.16324942793761055	0.3223109310068224	0.25625588203905386	0.0963908890115818
0.16467192866132685	0.15928027579322132	0.3201320744664783	0.25919727570848045	0.0967184453704929
0.15603984388374537	0.165644284745435	0.32484192170508264	0.25575772800685803	0.09771622165887878
0.1624444805552246	0.1661860569636252	0.31780046282849955	0.2545114277508155	0.09905757190183496
0.16398867755674074	0.16050489071975066	0.32231360038948587	0.25674326075422743	0.09644957057979509
0.1603901204901644	0.16617348311543018	0.31935937355635335	0.25751610497627975	0.09656091786177214
0.16526835418190527	0.16084288453875295	0.31747425216887415	0.2573978298218247	0.09901667928864273
0.16185934365408228	0.16329419378803584	0.318294032303976	0.2587160160116205	0.09783641424228523
0.1672240431113215	0.1655193577525575	0.317094349455125	0.2535274895112653	0.09663476016973048
0.16566590592013206	0.16378168502163695	0.31641833638052763	0.25833854879748924	0.09579552388021391
0.15591189251869386	0.16592952346099898	0.32232095984756964	0.25901703875379645	0.09682058541894081
0.15846989044114107	0.1661006584826989	0.32347239461501165	0.25625551775178	0.09570153870936818
0.16155659777146317	0.16527222222288096	0.3215406953949214	0.25579952053802235	0.09583096407271187
0.1649285278104996	0.16155558202082348	0.3184485473497911	0.2564545807477069	0.09861276207117876
0.15592867949242478	0.16352715425388087	0.32511184897838463	0.25853348406268795	0.09689883321262154
0.15685483748481502	0.16593661738310195	0.3246300692757167	0.2565014824650872	0.09607699339127891
0.1588336844576743	0.16470855430647463	0.3220749963565477	0.25607582189491035	0.09830694298439283
0.1571634976341191	0.1648593162544185	0.32159069368574533	0.2574490945338533	0.0989373978918636
0.1614493222554193	0.15913651364666995	0.3236566439192877	0.2588992373768691	0.09685828280175372
0.15540319757861826	0.16477873457070813	0.3214109953283826	0.25860276153096	0.09980431099133083
0.15804571157706074	0.16506773210298092	0.32482078517234314	0.2544646604286864	0.09760111071892862
0.15670578519661588	0.16535221173145237	0.32147557512087516	0.2574856556693789	0.09898077228167751
0.1555265965695541	0.1617941531002452	0.3233081700048761	0.26017874944167046	0.09919233088365398
0.1563697496046481	0.16282506948832384	0.32537109049220814	0.2581881063230035	0.09724598409181617
0.1563771673404185	0.16538632729879343	0.32238890238065276	0.2578663439360088	0.09798125904412627
0.16671783848916055	0.1636580277839763	0.31812542165913005	0.25425021540045656	0.09724849666727627
0.1626958668226845	0.16505206835088965	0.3174157341464835	0.2589013019493439	0.09593502873059825
0.1622964494551147	0.16552142004447695	0.32190194781019765	0.25402125855030067	0.09625892413990983
0.16236969450671046	0.16238574924592186	0.3180486299808971	0.25795252898436327	0.09924339728210708
0.15914484947089672	0.1653170821219596	0.3180562802232886	0.25921255768462537	0.09826923049922949
0.16491386617656714	0.16039499446833674	0.3163806946841895	0.2595428279661448	0.09876761670476158
0.1553360606645824	0.16479200191569476	0.32382033374499924	0.25884214144959494	0.09720946222512844
0.15972006272731032	0.1651717073334375	0.3217411676232608	0.2567535846086514	0.09661347770733976
0.16666747420087502	0.1637327338771152	0.3167838347578744	0.2560723798324765	0.09674357733165866
0.16693145509019724	0.16135184188417825	0.32045128112560217	0.25431046925862294	0.09695495264139915
0.1594591075342962	0.16278902786427363	0.32196927721754676	0.25875576004091644	0.09702682734296679
0.15800926159356796	0.16400956093953525	0.3234826791899995	0.2550783177746432	0.0994201805022539
0.15928568636762896	0.1648726303151337	0.3245521432501451	0.2539717021071259	0.09731783795996618
0.16544565423899632	0.15946101313135552	0.323309684322197	0.25412870715857294	0.09765494114887803
0.15769733763152013	0.1646666683914	0.32395860594185766	0.2542950082398113	0.09938237979541067
0.16469051528451045	0.1603219854871738	0.3176358205060669	0.25763998219027057	0.09971169653197806
0.1585334808607186	0.16293183608117912	0.3207616315474457	0.25908611462489306	0.09868693688576333
0.15915784971848826	0.16327566892281425	0.3237114887599193	0.25561014604547544	0.09824484655330258
0.16877655568970718	0.15974715920637056	0.31758215921318844	0.2567458503287366	0.09714827556199704
0.15677859836996483	0.16160825961415584	0.3238084506198321	0.258029005762421	0.09977568563362607
0.15829746010556622	0.1649263118504921	0.32331656469124137	0.2572867787051565	0.09617288464754362
0.15923715458594775	0.16463451284119746	0.319758614296617	0.25905853420501646	0.09731118407122112
0.15809929382465399	0.16387753215922007	0.3251229983834816	0.25403215662380674	0.09886801900883742
0.15855045755778083	0.16251874565851904	0.3215728957756142	0.258239413764439	0.09911848724364677
0.1654934550040038	0.16149858422239086	0.3219436790444793	0.25456554624453626	0.0964987354845896
0.16601262276891954	0.1616888250575427	0.3198001713473445	0.2538219273788932	0.09867645344729986
0.16665694968497596	0.16362150045553284	0.31697412411844256	0.25608521257569483	0.0966622131653536
0.1644769632668049	0.16566814003116986	0.32011758178539784	0.25355198075976293	0.09618533415686424
0.1593393443076283	0.16443585123152057	0.32255943180302543	0.25792234050901836	0.09574303214880715
0.162428575662469	0.16131650490107158	0.3252113781096631	0.2545658253527376	0.09647771597405852
0.16111651701191232	0.16613812182879986	0.31988564860078494	0.2557375161936312	0.09712219636487146
0.15685889192436897	0.16520892166738682	0.3232848252328743	0.25681613255329744	0.0978312286220723
0.16527280339154968	0.16062306256486344	0.3187369186846598	0.25883257798818754	0.09653463737073936
0.16601408165004006	0.16116874518279067	0.31945076898471364	0.2575999870604868	0.09576641712196858
0.15828943888598984	0.16102461136953639	0.3230423990610551	0.25856696834386467	0.09907658233955383
0.15884880116950606	0.16253372239976582	0.32392227712709865	0.2554882332675246	0.09920696603610464
0.15979204028212715	0.16580691562446379	0.3177244927073728	0.2582820046026534	0.09839454678338266
0.15853592693294952	0.1646884773707865	0.3248546564109815	0.2541222845324773	0.09779865475280493
0.16503401160525039	0.16505524185641585	0.31682523379078414	0.2570488670101077	0.09603664573744175
0.1637670716110107	0.15985054109332128	0.3222003677569129	0.25462179651508304	0.09956022302367185
0.1669252026251303	0.16178223961125487	0.3198700171261853	0.2554084585458931	0.09601408209153617
0.1599374701568359	0.1633906655569151	0.32012946327609726	0.25894963305999763	0.09759276795015397
0.1634920080066252	0.1632968612915326	0.3165776807207261	0.2571980203591472	0.09943542962196872
0.16020233954557658	0.15886406200997474	0.323876346818498	0.25723405731591736	0.09982319431003314
0.1634989049916583	0.15955683705516505	0.32026493994457794	0.2601564068762549	0.09652291113234357
0.1593275462824081	0.16049652206996634	0.3215576996584803	0.25978496094229625	0.0988332710468488
0.1644775075661819	0.15993808266064644	0.3187762950170375	0.259808632711289	0.09699948204484489
0.1599448031843349	0.16125786683655208	0.3249779453266058	0.25731001602615866	0.09650936862634836
0.16209153409796304	0.16284397654435329	0.3200433431200641	0.25693593145549964	0.09808521478211972
0.1564569752505094	0.16581934329682374	0.32463309559265113	0.2555482536394985	0.09754233222051699
0.1562954309980899	0.16084067384217793	0.3246630579643668	0.25904298155896804	0.09915785563639712
0.16122618604961972	0.16337733104067206	0.3194925693080176	0.25853957832034014	0.09736433528135023
0.15812845744396753	0.16445293372047098	0.31854889621201177	0.2593907971491926	0.09947891547435693
0.16833006839945494	0.15992573348995168	0.3175095428115601	0.2583759823001147	0.09585867299891845
0.1636900994926893	0.1641073510912285	0.3196990158692395	0.25675323642256076	0.09575029712428172
0.16769418408161668	0.15971601608444758	0.3171901215211419	0.2589156437047406	0.09648403460805309
0.1635222111290562	0.15957676851794456	0.32311246498874013	0.2545567947927682	0.09923176057149072
0.16281867408182163	0.16074724502910162	0.31862363634635	0.2603893623239028	0.09742108221882376
0.16287220326599894	0.16504878466150397	0.31639979960975356	0.25606035659416126	0.09961885586858209
0.16343197809999244	0.16254116257884613	0.3203794779632696	0.2549890150207318	0.09865836633715985
0.1660635892942367	0.1601335256341484	0.32046326990660606	0.25577592996436066	0.097563685200648
0.1618085590430378	0.16328970477979166	0.3204533900093175	0.2560017523292049	0.09844659383864796
0.1586330887975142	0.16127339819659778	0.3251783350919052	0.25629805612254547	0.09861712179143717
0.16397552673379912	0.15960962192565714	0.3181880179689874	0.25909323875064993	0.09913359462090626
0.15876678167533737	0.16324089585567222	0.31978957867392144	0.26026284503013075	0.097939898764938
0.1660858720692426	0.15894914179838798	0.31725839222319124	0.25962452294820576	0.0980820709609722
0.1634057480943215	0.16033423662655838	0.3204279578557856	0.25675797125468525	0.09907408616864904
0.15771338567696544	0.16167816075628338	0.32243016494498333	0.25986349912109563	0.09831478950067202
0.16113460840144034	0.1609713579590557	0.324979325814326	0.25646287603673046	0.09645183178844735
0.1604442160670682	0.15969995562519929	0.3222655339008368	0.2590654815860752	0.09852481282082037
0.1564272837974379	0.16278175235090125	0.3253503898275544	0.2561051666298216	0.0993354073942847
0.1583326359178336	0.1644485226596098	0.32306831784913725	0.2573419843809894	0.09680853919242981
0.15871272329505262	0.16281023042837148	0.32159660464444284	0.25738574960352417	0.0994946920286087
0.16131296252524988	0.1629557697711682	0.32392630485687063	0.2548625313282236	0.09694243151848744
0.15818883382904675	0.1593607122149092	0.3241262420568893	0.25882135812098295	0.09950285377817164
0.16641409563544032	0.16083025159607464	0.31724932317385635	0.25605475365145075	0.09945157594317768
0.16088217812150377	0.16264991208236707	0.3208670965728157	0.2558032423694247	0.09979757085388857
0.16108060072432584	0.16124324694348197	0.32393093891583835	0.2570234413603315	0.09672177205602214
0.15948837160948254	0.16575181061551886	0.32033191669053473	0.2553934612891231	0.09903443979534057
0.16174219297934092	0.1613041671575895	0.3216892985749047	0.25676434478531757	0.09849999650284715
0.1611647048005204	0.16225648787123267	0.3250705308097269	0.2544211059341001	0.09708717058441971
0.1613099003170769	0.16363178172688914	0.3194994588429385	0.25673885702664906	0.09882000208644623
0.16556951549303095	0.16439324137379327	0.31722628441555134	0.25511962281138034	0.09769133590624388
0.160019084743435	0.1592818894460366	0.32474968629040735	0.25918261339485815	0.09676672612526271
0.15805154870611252	0.16378564824588218	0.324974719966493	0.2573809758364449	0.09580710724506716
0.15699747077592208	0.16262832174065084	0.32362020399710995	0.2577965593163983	0.09895744416991861
0.15726562183664577	0.1652373122688811	0.319225176665691	0.26008040141251554	0.09819148781626641
0.16303850355587096	0.15920320590631182	0.32223529588132666	0.25794251717323263	0.09758047748325774
0.1649419979862932	0.15912970868201298	0.32157080096685453	0.25690325875170844	0.09745423361313067
0.16395943872609278	0.15990847786099044	0.32034588517436474	0.2586143174887476	0.09717188074980423
0.15887794623179607	0.16499230092550238	0.32112988732616177	0.2575416557579304	0.09745820975860914
0.1641832966605717	0.1645906699921484	0.3183808025325915	0.2561410052635681	0.09670422555112015
0.1572425332823503	0.16632077517896388	0.31928197028282035	0.25882990508031317	0.09832481617555205
0.16385312936340488	0.16568484310044157	0.3195067737695003	0.25423613911702403	0.09671911464962898
0.1613521679155178	0.1659795434929762	0.31755820544743496	0.2576997205864897	0.09741036255758115
0.1641284599897999	0.16320957610179582	0.3200190800624045	0.25662012245150034	0.09602276139449922
0.15669436768643924	0.1657555038700695	0.32516325444649186	0.25355203015668787	0.09883484384031135
0.16781558610638278	0.15909701949006433	0.32013271901288226	0.2540786346762729	0.09887604071439755
0.15889327115650032	0.16353578579575878	0.3200755920231405	0.2586799086150052	0.098815442409595
0.15940182273086126	0.1648559316695616	0.3181394497247607	0.2591332515359636	0.0984695443388526
0.16310566417681716	0.1615290456662716	0.31964643575404583	0.2593679604780948	0.09635089392477042
0.16226418442884288	0.16229799554769106	0.3224360392639286	0.2562853281163563	0.09671645264318096
0.15726733575749174	0.1658517766049191	0.32425192724664387	0.2536519680426856	0.09897699234825952
0.1580158807077109	0.165549506105301	0.32037683553142393	0.25634470164386275	0.09971307601170123
0.16459279699178983	0.16197685482206634	0.3205447296926125	0.2551705240232068	0.0977150944703244
0.16247881309553883	0.16066710159005232	0.3235546218415909	0.25578728036366866	0.09751218310914911
0.16427803426682686	0.16349848431310465	0.31645748336113666	0.25631651888980317	0.09944947916912841
0.16429299054124583	0.16019080460540708	0.3224089571258148	0.2549840974670235	0.09812315026050863
0.1636513184368277	0.16126569135044572	0.3214901400010389	0.25384304465607904	0.09974980555560836
0.16167086524536797	0.16170539228849362	0.3233283399779941	0.25645445859923277	0.09684094388891132
0.1589390449449238	0.162718718542362	0.32395096670199486	0.25857906850414675	0.09581220130657236
0.15627881997856524	0.16341270905087202	0.3247388673036272	0.25816591078486345	0.09740369288207185
0.15566432946568687	0.16432393093421377	0.3253690159037414	0.2584395463274012	0.09620317736895662
0.1597546469167896	0.1660596892142485	0.32147841835148716	0.25430217281901923	0.0984050726984553
0.15798097012025036	0.16288244407897634	0.3221844701851888	0.25931255800163316	0.09763955761395113
0.16575885474413035	0.15972183232348464	0.3196955626681732	0.25758114904040896	0.09724260122380264
0.16202930224168188	0.16082661444442187	0.3201085818044605	0.2579888036494393	0.09904669785999627
0.16788415584120792	0.16299182871464235	0.3187429641348195	0.25390153603638843	0.0964795152729416
0.16531854566164353	0.15993304797085428	0.31787167451111115	0.25866720916824293	0.09820952268814787
0.16219935414433195	0.16380796076196344	0.3163908085115946	0.2599802985098114	0.09762157807229835
0.1607191894807835	0.15927988620134254	0.3219683134086677	0.2597802144825552	0.09825239642665083
0.1590342923057051	0.16441141379545188	0.31972979487420755	0.2571934859707694	0.09963101305386586
0.15871339045921756	0.16429135302697373	0.3218317303603361	0.2556704292423284	0.09949309691114405
0.15691868011894142	0.1661922151516368	0.3208245419371174	0.25690049908307366	0.0991640637092305
0.1617706071193729	0.16141571596904802	0.32176538450527287	0.2574084897671311	0.09763980263917493
0.1617577387823904	0.16147558805511755	0.32384706861417234	0.25386830631950674	0.09905129822881277
0.157622659959146	0.166392568062873	0.31683410621678565	0.2602104164983521	0.09894024926284303
0.15877735294217055	0.1628550999851229	0.32108035064213836	0.26036415063273544	0.09692304579783256
0.16233719309080893	0.1593499911982691	0.3209632719643053	0.25889150055660093	0.09845804319001558
0.15810835341377413	0.1652467794600918	0.32135888371498667	0.257219477472435	0.0980665059387122
0.16390811879627692	0.16557999773468562	0.3191085196741378	0.25527917845008263	0.09612418534481684
0.1592883872680939	0.1651894376596239	0.3228786952268783	0.2544322259815463	0.09821125386385747
0.15917452726514753	0.16434769559426143	0.3189826651450348	0.25971259661337376	0.09778251538218222
0.16555825432252624	0.16544567429875748	0.31691649028062946	0.25553335926180765	0.09654622183627895
0.1576207545975609	0.1657358069647983	0.32148032761801637	0.2582166697296721	0.09694644108995215
0.15815240901492478	0.1646062984837809	0.32108691406213075	0.2597197602064605	0.09643461823270283
0.16424606979456047	0.1600782094548817	0.3229121361210664	0.25565691378058336	0.0971066708489079
0.1574919037240553	0.16509228114729088	0.3212625071624086	0.2569839548173972	0.09916935314884776
0.1581175710617629	0.16251622164481638	0.32092626938713154	0.25880927740824045	0.09963066049804847
0.16217530903613492	0.15888627412760256	0.3216607921597723	0.2580810622833914	0.09919656239309868
0.1619513122540267	0.16578690022255652	0.3189937563452985	0.25359081678511497	0.0996772143930032
0.15961043809274594	0.1614570191969411	0.32154243068180216	0.2575727168300679	0.09981739519844271
0.16416798188526943	0.16168111685195272	0.3209223255506843	0.25632231121608057	0.09690626449601278
0.16669318640841924	0.16052078550609997	0.32240491890521467	0.25404122684444985	0.09633988233581608
0.16219006629749622	0.16396204892137256	0.3217823296985237	0.25420303112561204	0.09786252395699523
0.15888742111310106	0.16189749106979323	0.32361211642315224	0.25905176109107586	0.09655121030287737
0.15742314887579506	0.16478476437981876	0.32268385640903746	0.25759119720814566	0.09751703312720289
0.15937015457395537	0.1630639645096785	0.32331420148686285	0.2562701486686993	0.09798153076080374
0.16551268666282049	0.1609302007122416	0.3209926176739009	0.2543125969641714	0.09825189798686537
0.16083206201946726	0.16117361969350583	0.3225280983407787	0.25919153379767546	0.09627468614857254
0.1645904066338344	0.162958450181439	0.3170397164313976	0.2571733281764811	0.09823809857684773
0.15969725403185567	0.16240610805943284	0.3205709080546772	0.2580245734945328	0.09930115635950125
0.16153048521641533	0.1640533234802936	0.3219884622766916	0.2538126207933922	0.09861510823320707
0.15732516080238346	0.16304592811347257	0.32420579227334734	0.2558496837361738	0.09957343507462267
0.16036807236282904	0.15916949631589886	0.32431434566856976	0.25687312216315494	0.09927496348954713
0.1555252553366076	0.16443583367334155	0.3229697811235444	0.2572644495298435	0.09980468033666269
0.1617952320933592	0.1616398999187833	0.3202780681489248	0.25654743187395473	0.09973936796497779
0.16299676127468782	0.16159318862101385	0.32414133022767555	0.25482333616989794	0.09644538370672467
0.1638178395021436	0.16264982173410628	0.3216134340078558	0.2554508759228449	0.09646802883304928
0.1609625422325274	0.16129842233225372	0.32198030601895167	0.25776320705520717	0.09799552236105982
0.16186108707591892	0.16359816076310252	0.3223274306198758	0.25513683660342157	0.09707648493768098
0.1637010445046801	0.16221980880144998	0.32127434069687405	0.25687398704506403	0.09593081895193159
0.15627743600582394	0.165043714192219	0.320191115474123	0.25911706858954936	0.09937066573828451
0.16112478865448435	0.16259246536903757	0.3215932237676896	0.2582459151222711	0.0964436070865172
0.1656415567704398	0.1619278294233819	0.3165196793814551	0.25947167666878723	0.09643925775593573
0.15528662075850966	0.16471223466520538	0.3252564422609945	0.25836491343436185	0.09637978888092849
0.16069855394805682	0.16316390225561167	0.3248608863680889	0.25458106115102913	0.09669559627721327
0.16385565717362494	0.16067087200802216	0.3170105628009156	0.2594818732192975	0.09898103479813962
0.16127951268635718	0.16138707425335252	0.3204921678621337	0.25873512939043614	0.09810611580772025
0.15857710252478235	0.16615427374456793	0.32254498033382695	0.2535699963213528	0.09915364707546975
0.16281192981973477	0.16317721573973756	0.3206157692025726	0.2571716550515989	0.09622343018635593
0.16437858291883573	0.16014231169102258	0.31835552948199775	0.2595064084872055	0.09761716742093823
0.15649246919904955	0.16529166930325775	0.3247299391255308	0.2550899367707363	0.09839598560142539
0.15846273396268598	0.1611420828023854	0.3238059120797137	0.2583318655174628	0.09825740563775194
0.16641979104012178	0.16339717136717075	0.3186051456666325	0.25404099561285287	0.0975368963132219
