0.15920562006893138	0.39219679502784965	0.44859758490321905
0.17541127724610328	0.39539083678359743	0.4291978859702994
0.16020908352494898	0.37652588347782784	0.4632650329972233
0.1727667891864052	0.39048469482201187	0.4367485159915831
0.145835105478643	0.4017249285296356	0.4524399659917215
0.1560741037678865	0.40772691176579623	0.43619898446631744
0.1456395381868607	0.43452180720359557	0.41983865460954384
0.17159955942759558	0.41326028644332286	0.4151401541290817
0.15134895456865705	0.4443096192986779	0.40434142613266516
0.17707916844474691	0.39312066044945554	0.42980017110579766
0.16061641542296395	0.43684892148847054	0.40253466308856556
0.17901382582032377	0.4094336244656418	0.4115525497140346
0.17547419499276048	0.415839658378408	0.4086861466288316
0.1807816827017521	0.39648779139265033	0.4227305259055977
0.15217112616127165	0.40248224735364824	0.4453466264850802
0.148411302953455	0.42231193361208813	0.42927676343445703
0.16958141235363505	0.4275407262477118	0.40287786139865334
0.1579470126810975	0.39219958764078827	0.4498533996781144
0.159193321284904	0.3911236015656693	0.4496830771494268
0.15954052769514865	0.407476081309085	0.43298339099576644
0.16083806827331953	0.39293747844746135	0.4462244532792192
0.15351394549971434	0.4078838638215282	0.43860219067875755
0.17701251850910665	0.38676165663105655	0.4362258248598369
0.16841962426009371	0.423686904242385	0.4078934714975214
0.16232796028972166	0.42632248993235655	0.4113495497779219
0.1752525481736208	0.4192248022531685	0.4055226495732108
0.17952651386245422	0.3844966041809174	0.4359768819566285
0.172210672476408	0.4115608301561198	0.4162284973674723
0.1623069828590848	0.4433136279858844	0.3943793891550309
0.15152800204319924	0.4417818394267705	0.4066901585300304
0.1519437104519623	0.43916653743412115	0.40888975211391665
0.15528165815849976	0.4011163906492975	0.4436019511922029
0.14525020264549282	0.433053309673649	0.42169648768085827
0.156018907466193	0.4502528628897719	0.3937282296440352
0.17600633542138913	0.3856132577568442	0.4383804068217668
0.15637860034026424	0.3749126775402399	0.468708722119496
0.152939992096302	0.3800301334712416	0.4670298744324565
0.16614788084129545	0.3770561818904622	0.45679593726824247
0.15158969267514544	0.41929076487666794	0.42911954244818673
0.1458683992927544	0.40412182496418914	0.45000977574305656
0.16085259644950603	0.4363798803675843	0.40276752318290976
0.1699901779271858	0.4342725686412986	0.3957372534315157
0.16666035085899011	0.4467069906370569	0.3866326585039531
0.16490615099413092	0.41316894754999134	0.4219249014558779
0.1462607435526732	0.4409689407579319	0.412770315689395
0.15048567445566968	0.4252306420361688	0.4242836835081616
0.14591311250034264	0.38784419923082525	0.46624268826883225
0.16013965814153852	0.4017828434658132	0.4380774983926484
0.16991705051938222	0.3950607443644957	0.4350222051161222
0.17489887690232747	0.39608098389874513	0.4290201391989275
0.1658772138739824	0.4268837260271601	0.4072390600988576
0.15660761147050467	0.4179061451395055	0.42548624338998997
0.16097769894873293	0.4268599799821829	0.41216232106908435
0.16555955485286425	0.4338951467443344	0.4005452984028015
0.1526250279751057	0.38758470273465817	0.45979026929023625
0.14471599318516348	0.4144321198626857	0.44085188695215094
0.15787884209038605	0.3898760695197394	0.45224508838987465
0.1583396576240208	0.42297232623886905	0.41868801613711026
0.16734685911594885	0.39531208843168014	0.4373410524523711
0.148062798863346	0.39087331782655177	0.4610638833101024
0.15943146472341568	0.3756436031893458	0.4649249320872386
0.16645248137475407	0.43496889962357355	0.39857861900167246
0.18050111277812508	0.37761635586555176	0.44188253135632327
0.15289914356821271	0.4427368599501643	0.4043639964816231
0.15177087516400684	0.40946607316958283	0.43876305166641044
0.16503169030678047	0.4125766700388289	0.42239163965439075
0.14972515062076558	0.413118486174071	0.4371563632051636
0.17491409140430755	0.39656269223386537	0.4285232163618272
0.1757789836479513	0.41926568576425616	0.40495533058779265
0.14758951691133437	0.4121133917507168	0.4402970913379489
0.16210941797670606	0.3750691798704181	0.462821402152876
0.17689731057849106	0.41077217923608755	0.41233051018542155
0.15439592289319443	0.4024364188772658	0.44316765822953985
0.1700253035408163	0.4128802557192835	0.4170944407399003
0.15240217189491767	0.4125473652465756	0.4350504628585069
0.16721954397708616	0.44539318759954055	0.3873872684233734
0.1693407035836907	0.4418030402686986	0.3888562561476108
0.15377023986683497	0.40065550746585493	0.4455742526673102
0.1748608152910692	0.4113635676174256	0.41377561709150534
0.161407679725022	0.37980725733595994	0.4587850629390181
0.17651397037923694	0.4122539689745089	0.4112320606462543
0.16561581662803504	0.4322633324043685	0.4021208509675966
0.145532552231509	0.4335029413354223	0.4209645064330689
0.16168678277055115	0.4202522099011543	0.41806100732829465
0.17254773609135193	0.3962401491831366	0.4312121147255116
0.1686467971720111	0.40099511781060326	0.43035808501738576
0.14803323445408167	0.3842041521351387	0.46776261341077974
0.17398392740788687	0.3806121920085559	0.4454038805835574
0.17584130097348272	0.4102268520428827	0.4139318469836347
0.1442656463523252	0.435403150530431	0.420331203117244
0.18076628431034913	0.40820184919747804	0.41103186649217294
0.16619041495144266	0.40528166631995305	0.4285279187286044
0.15591124860073663	0.4058681994782791	0.4382205519209844
0.17288079351214397	0.4200569324034461	0.4070622740844101
0.16536103315169678	0.4450761700381373	0.38956279681016603
0.14552144596253816	0.4485522666802936	0.4059262873571684
0.1569776501887917	0.39140332400335714	0.4516190258078513
0.14595183571732456	0.4225758796432034	0.4314722846394722
0.1488219139259662	0.4145057936815789	0.436672292392455
0.1551215636892057	0.4194599492540983	0.42541848705669605
0.16677191307519842	0.41225526502002297	0.4209728219047787
0.14777855342251112	0.44095758883170183	0.41126385774578716
0.1751326496060464	0.39020931059506214	0.43465803979889156
0.15733098039593846	0.38663770359135485	0.45603131601270686
0.1744731269520749	0.3882212263788436	0.4373056466690816
0.14873170668802438	0.42805057217705034	0.4232177211349254
0.14760853555561626	0.3906694693931673	0.4617219950512166
0.1635383337469954	0.4486996417141018	0.38776202453890296
0.15159156170692958	0.3887853375257297	0.45962310076734086
0.1742716276057617	0.4359751908596471	0.3897531815345913
0.18090729330011096	0.41525571796656746	0.4038369887333217
0.14539144381824862	0.38266554584025714	0.47194301034149433
0.17113797335297584	0.42459004958276514	0.40427197706425916
0.15732776169988005	0.40740851590921245	0.4352637223909076
0.1676785254414198	0.42078477202169673	0.41153670253688357
0.14488521067732565	0.4243009653015206	0.43081382402115387
0.14938942712393935	0.4087693307856913	0.44184124209036946
0.17663698892962737	0.39709308560327494	0.42626992546709774
0.18001158961807295	0.40693815770872843	0.4130502526731988
0.1626662170459125	0.3779877131523431	0.4593460698017445
0.15673201750875648	0.4184265567415466	0.42484142574969697
0.17705357381077277	0.42845768928544525	0.3944887369037821
0.1475760336296079	0.41714775424033124	0.435276212130061
0.152157026238587	0.41850353957882874	0.42933943418258436
0.15522917484941517	0.4083637655618559	0.43640705958872905
0.15223308696543597	0.42187943583429444	0.4258874772002697
0.16953746292348487	0.43318663078194614	0.3972759062945691
0.18017004545434243	0.39572759986508976	0.4241023546805679
0.14590345717473063	0.43362347629664605	0.42047306652862343
0.14788052350880698	0.39953384530585134	0.4525856311853418
0.17989171466510534	0.4063836634346566	0.4137246219002382
0.14894432506725275	0.409275518151326	0.44178015678142135
0.16506308496538585	0.3817494996536709	0.4531874153809433
0.17856598520182673	0.4056426454580057	0.4157913693401677
0.15897988655408996	0.3941201666917316	0.44689994675417855
0.17248182993026284	0.37517497499015356	0.45234319507958376
0.15568703414537122	0.38274139347256636	0.4615715723820626
0.15600202691203263	0.39828083162220707	0.4457171414657604
0.14530777445515114	0.4005956891213822	0.4540965364234668
0.1497011082154982	0.4019207819871097	0.44837810979739223
0.17451559806566405	0.4301368807716855	0.3953475211626506
0.17094753086793424	0.42577841290581786	0.40327405622624807
0.15127960078284475	0.3927803788087548	0.45594002040840054
0.1651290699485769	0.3931717149998384	0.4416992150515848
0.16194294825979322	0.41277319610673613	0.4252838556334707
0.17663155134897007	0.4011901870960501	0.42217826155497995
0.16027805037745296	0.4129339101145504	0.42678803950799676
0.15365336183046469	0.39194789130901403	0.4543987468605214
0.16112111931277565	0.4357909170598484	0.4030879636273761
0.17162806007823672	0.41675170775738585	0.41162023216437754
0.15177753678510902	0.40638077582529697	0.44184168738959406
0.1564894827068367	0.3940811663445284	0.449429350948635
0.1663263938522632	0.408888802482573	0.4247848036651639
0.1498610515700617	0.4161084750996462	0.4340304733302922
0.15934871737009756	0.39903793882849103	0.4416133438014115
0.15041889052357038	0.38817799052000423	0.4614031189564255
0.15772007917262099	0.4373915566964628	0.40488836413091633
0.15031380316799037	0.38330965621083324	0.4663765406211765
0.17648623863065382	0.4037400453235242	0.41977371604582214
0.14870701011757384	0.39461898107866744	0.45667400880375886
0.16620546052880106	0.39946233128631836	0.4343322081848807
0.17967321445840115	0.39206087855139427	0.4282659069902047
0.16228819839395553	0.4060774871480836	0.43163431445796097
0.1547190227551709	0.3981151316358855	0.4471658456089437
0.17913418902216988	0.4304836198909663	0.390382191086864
0.17286342151132406	0.41552825003214433	0.4116083284565317
0.16447301642739454	0.4314388552758084	0.4040881282967972
0.17803130911233636	0.4195297466002729	0.40243894428739085
0.15082642697082407	0.3996483274366106	0.44952524559256546
0.14559028893267278	0.4254163371538997	0.4289933739134276
0.14927461626961114	0.3992903932461213	0.4514349904842676
0.17695430704355178	0.39051794724264205	0.43252774571380626
0.17244545572906225	0.4198146662994034	0.40773987797153444
0.1545852071004776	0.4122955684071294	0.43311922449239315
0.1550055440401593	0.4038141683962695	0.4411802875635713
0.17800145261003575	0.39375135603158123	0.42824719135838313
0.16879148497525664	0.44098773452457196	0.39022078050017156
0.17886878157251965	0.4199874135165976	0.4011438049108829
0.17887953870802237	0.4116583594006274	0.40946210189135035
0.1598440792274869	0.42531070565192947	0.41484521512058375
0.15785487344946375	0.4280328920102806	0.4141122345402558
0.15171443601182016	0.3854654689234444	0.46282009506473554
0.14708320360045954	0.42910516446014996	0.4238116319393906
0.1764161183963847	0.3783227443843835	0.4452611372192319
0.15703431823489394	0.4147051702099619	0.4282605115551443
0.1670771779647101	0.4166385811125724	0.4162842409227176
0.17605384762618037	0.4299665686918137	0.3939795836820061
0.17987262665435916	0.42245542763656696	0.39767194570907394
0.15698432066387685	0.3798614181506739	0.46315426118544933
0.1768129715189559	0.40652148000028276	0.4166655484807615
0.1561493315072997	0.3865009032792204	0.45734976521348003
0.16305046438482307	0.3757054640661338	0.46124407154904323
0.17263267591787917	0.39302237897683023	0.43434494510529076
0.15613537767117217	0.39547357341755407	0.4483910489112739
0.1695792997061757	0.4445654151700401	0.3858552851237843
0.15435040658953425	0.4449412369137257	0.4007083564967402
0.14990360714627102	0.43693787198375095	0.4131585208699781
0.1618801924995899	0.4054193787153435	0.43270042878506665
0.1616740013569415	0.4375673285597076	0.4007586700833511
0.16379294995265742	0.4101236052449576	0.4260834448023851
0.15964388314325562	0.40185670233897164	0.4384994145177728
0.16344109223180614	0.4257303405262133	0.4108285672419807
0.1676186677443856	0.42782190755400884	0.40455942470160566
0.14797113148973526	0.44968065690790937	0.40234821160235545
0.1495586958658182	0.40458130805894243	0.4458599960752395
0.14759531861320496	0.387154173057622	0.4652505083291732
0.15183103856385766	0.44770565628376563	0.4004633051523768
0.1474725192678059	0.3987842693687796	0.45374321136341456
0.1586908475613677	0.38010602065587673	0.4612031317827556
0.15731782171849548	0.4079813120749115	0.4347008662065931
0.1444319916186148	0.4131044857904512	0.4424635225909341
0.18076017409916847	0.41857309365305245	0.40066673224777916
0.17518912925697586	0.39219504688161244	0.43261582386141184
0.16895582542049026	0.4182332734874392	0.41281090109207064
0.1729299373179943	0.4012753254735	0.4257947372085058
0.16118225836903005	0.4490124585071875	0.38980528312378254
0.1475582578430417	0.3954783344359011	0.45696340772105737
0.16990481513921696	0.42315818773665936	0.4069369971241238
0.1650114318849038	0.4020809900846629	0.4329075780304334
0.17103189556401546	0.4392295898965074	0.3897385145394772
0.17697635435197334	0.43956824570624176	0.38345539994178507
0.16039834548098425	0.4413524785366485	0.39824917598236736
0.15000189851728407	0.4041472634469896	0.44585083803572645
0.14558198886945586	0.39903615657421165	0.4553818545563326
0.1771319851110097	0.37468607502772733	0.4481819398612631
0.1572412111751777	0.430254013086172	0.4125047757386504
0.1614387078501746	0.4104820484657593	0.42807924368406614
0.14820865751843923	0.43384037622933863	0.4179509662522223
0.16416808776878505	0.4321039281411583	0.40372798409005684
0.17320380702181254	0.42969600535876595	0.3971001876194217
0.1581047114988996	0.44163036318684495	0.40026492531425556
0.16269793922804815	0.4159601887231831	0.42134187204876883
0.15079947322516266	0.45078607394761366	0.39841445282722376
0.16687548801575727	0.3879351228877504	0.4451893890964924
0.1591358011909854	0.4064550842864625	0.43440911452255226
0.15284848027688203	0.4497517679444811	0.39739975177863696
0.1538381325889751	0.4440036409392958	0.4021582264717293
0.18088835214850735	0.4365629884961979	0.3825486593552949
0.16840299869371933	0.37739671713568707	0.4542002841705937
0.1493307059004546	0.446331272501241	0.40433802159830445
0.1501703019975798	0.4399108995576649	0.40991879844475543
0.16385867282850275	0.40954262060749913	0.42659870656399823
0.16590686889889847	0.41861831414764644	0.41547481695345523
0.16758226371975982	0.45141677620360104	0.38100096007663925
0.1550362242403426	0.39430755361131803	0.45065622214833945
0.15711626131319165	0.4499880197859799	0.3928957189008286
0.15224833259385606	0.3803296925930615	0.4674219748130826
0.15303596059933824	0.377099217051175	0.4698648223494869
0.18018281162630484	0.40445394064145224	0.4153632477322431
0.17462371322493353	0.41589581908403345	0.4094804676910332
0.1723993523440185	0.41231999965314226	0.4152806480028393
0.17986304516936114	0.3897077922830019	0.430429162547637
0.16397860118284766	0.3904249020757479	0.4455964967414045
0.15396599492534885	0.42548619853579417	0.42054780653885715
0.17426358938439976	0.440506784660483	0.3852296259551174
0.16349366580152921	0.4474139844383471	0.38909234976012375
0.15241127796056098	0.37812042773310434	0.46946829430633485