0.5284319193374909	0.20678613797316772	0.26478194268934147
0.5279703663272324	0.20753071955030222	0.2644989141224655
0.5282275709094699	0.2069526991157012	0.26481972997482905
0.528333011299599	0.20644020230076193	0.2652267863996392
0.5287398951849245	0.20740943114914004	0.2638506736659356
0.5272712415471156	0.20551568054050856	0.2672130779123759
0.5285580745526111	0.20726120894690309	0.264180716500486
0.5266185853180104	0.20739972058821077	0.2659816940937789
0.5273422934878957	0.20684680173028724	0.2658109047818171
0.5292805708567838	0.20723334050028835	0.263486088642928
0.5287331784404457	0.20687056542445648	0.26439625613509793
0.5297185566124231	0.20719195126827786	0.2630894921192992
0.5293006793746593	0.2058791017472934	0.26482021887804746
0.527536735805822	0.20561074806044952	0.26685251613372846
0.530252613710711	0.2058187903751483	0.26392859591414086
0.5276166344317684	0.20677577908469513	0.26560758648353655
0.5303388686060537	0.2056722732096198	0.2639888581843266
0.5286535495400639	0.2068864774689298	0.26445997299100643
0.5266947377107047	0.20743948597549575	0.2658657763137996
0.5293882127755387	0.20626715700205353	0.2643446302224079
0.5276573388797984	0.2061074788433768	0.26623518227682497
0.5292737318801543	0.20540792397523494	0.26531834414461086
0.5268509588129944	0.20688344391641006	0.26626559727059557
0.5268151216620549	0.20700094657071455	0.26618393176723065
0.5271011951019376	0.2077097955159785	0.26518900938208395
0.5274395562372538	0.20682942741785726	0.2657310163448891
0.5290212000054038	0.2062321239507149	0.26474667604388147
0.5266603870148103	0.2071153961076309	0.2662242168775588
0.5280337833841083	0.205929136359992	0.2660370802558998
0.530144629316	0.2067852845137425	0.26307008617025757
0.5282977752834221	0.20613316419571848	0.2655690605208595
0.5265960314232411	0.20686914933704129	0.2665348192397178
0.5297203965467329	0.20722474593445497	0.26305485751881225
0.5272994423204312	0.20727847094208376	0.2654220867374851
0.5292548385147544	0.2067169156339887	0.264028245851257
0.5298986763229727	0.20665915466427334	0.2634421690127541
0.5280469754974302	0.20636007390466143	0.26559295059790844
0.5266952888425072	0.2075429030888582	0.2657618080686347
0.5274578503866468	0.20634928091677404	0.2661928686965792
0.5287690855570684	0.20536989896859056	0.26586101547434116
0.5268785909345062	0.20725485198124943	0.26586655708424456
0.5274146216161494	0.20614376167679738	0.26644161670705335
0.5282499001646466	0.20631805827779215	0.2654320415575614
0.5268771578994372	0.20632957830168108	0.2667932637988818
0.5289978428974812	0.2055756273054194	0.2654265297970995
0.529927754127384	0.20567964176768327	0.2643926041049328
0.5295438047917373	0.2061857166170193	0.26427047859124353
0.5269124630039699	0.20687140683655464	0.26621613015947554
0.5290916288228	0.20637120186282418	0.264537169314376
0.5278785153394437	0.20568087826049442	0.26644060640006195
0.5275128877909785	0.20669768968023686	0.2657894225287848
0.5297214208769125	0.20655579096028123	0.26372278816280637
0.5288322370750007	0.20628980229326854	0.2648779606317309
0.5298955280097201	0.2054105604259527	0.2646939115643273
0.5268888803590659	0.20572500701204594	0.26738611262888823
0.5282279658780683	0.2055259342038321	0.2662460999180997
0.5291425195906377	0.20750224875924525	0.26335523165011715
0.5295858289215433	0.20580824538925108	0.2646059256892058
0.5288251721787064	0.20590433379026168	0.2652704940310321
0.5290414914299812	0.2065561567703846	0.2644023517996343
0.5293567212203538	0.2069326078339621	0.2637106709456841
0.5266675844435025	0.20740662930998105	0.2659257862465166
0.5288861336560898	0.20709356387002323	0.2640203024738871
0.5291092511340343	0.20639995368056044	0.26449079518540536
0.5290323315669405	0.20603201765906137	0.2649356507739983
0.5279361299574312	0.20641001601510092	0.265653854027468
0.5278222285418313	0.2068278592777665	0.26534991218040227
0.5283162356614179	0.20576169179459455	0.2659220725439876
0.5268554242134349	0.2062321909286021	0.2669123848579631
0.5281931270909146	0.20706664982767886	0.26474022308140666
0.5269491568982979	0.20633540957260446	0.2667154335290977
0.5303716270870034	0.20588641263045446	0.26374196028254226
0.5295339320749104	0.206996004642488	0.2634700632826017
0.5273267238541677	0.20576143990909307	0.2669118362367393
0.5270415938786766	0.2077058507068522	0.26525255541447135
0.5269790459490782	0.20566034600171684	0.26736060804920503
0.5267597487412783	0.20620462060959582	0.26703563064912594
0.527824314297515	0.2060280265956081	0.266147659106877
0.528858070264989	0.20589798253383554	0.26524394720117556
0.5271126883365889	0.20690901099789785	0.2659783006655133
0.5284304095924622	0.20723820202024715	0.2643313883872907
0.5301894886826171	0.20646068364709658	0.2633498276702865
0.5299717499411459	0.20701025084796057	0.2630179992108936
0.5292574168857122	0.2063464114988862	0.26439617161540174
0.5270296393761709	0.2058930381173162	0.26707732250651295
0.5268663988374809	0.20574189320953973	0.26739170795297945
0.529891855519105	0.20706620248076563	0.26304194200012954
0.5269620676744052	0.20737420048573701	0.2656637318398578
0.5271140000659509	0.20680921543131656	0.2660767845027326
0.5280541402441419	0.20741760694012218	0.26452825281573605
0.5270539614630798	0.2067734418840142	0.26617259665290616
0.5285915707575224	0.20620719157403622	0.26520123766844145
0.5274645231503783	0.20594255920633314	0.26659291764328863
0.528906603758379	0.20664936190950112	0.26444403433212
0.528121464702838	0.20630145044266757	0.26557708485449444
0.52979058216863	0.20544098565208593	0.26476843217928414
0.5275294352377993	0.20629592493554505	0.2661746398266558
0.5274002060653686	0.20726220584174984	0.2653375880928817
0.527798544613963	0.20625229857392996	0.26594915681210707
0.5273134688977351	0.20727184619472955	0.2654146849075355
0.5281053242038308	0.20567904369666348	0.2662156320995057
0.5271239480513126	0.20597001575382934	0.26690603619485825
0.5286867563879125	0.2073812060071183	0.26393203760496925
0.5266208974742297	0.20720968660779548	0.26616941591797494
0.5292448132642593	0.20697505443352363	0.2637801323022172
0.5303676299493043	0.20637628049041376	0.263256089560282
0.5273176547299983	0.20747459555928557	0.26520774971071626
0.5301947000469289	0.2057861561154258	0.2640191438376454
0.5282817312699872	0.20743368933069473	0.2642845793993182
0.5275881059102371	0.2061480562663509	0.2662638378234121
0.5299389730958252	0.2061149816762295	0.26394604522794546
0.5271032570177336	0.2073648616822539	0.2655318813000125
0.5272304307919204	0.20602211021703767	0.26674745899104196
0.5293239706986266	0.2067848253065598	0.2638912039948137
0.5293262948274716	0.20750246368693573	0.2631712414855928
0.5288159891649483	0.20730109420196718	0.2638829166330846
0.5293558483496468	0.20572745892331923	0.2649166927270341
0.5273887327955988	0.20762366012688716	0.26498760707751406
0.5273388932110021	0.20566164298150355	0.2669994638074944
0.5275364992672843	0.20687652573611093	0.26558697499660483
0.5289111890316307	0.20629408426337414	0.26479472670499526
0.5278968063556878	0.20647723919080446	0.26562595445350784
0.5278135174405436	0.20687497615099962	0.2653115064084569
0.530305498097547	0.205345090910289	0.264349410992164
0.5272037471567864	0.20572774300205593	0.2670685098411578
0.5298400806717964	0.20548150976022905	0.2646784095679746
0.5280512148985964	0.20671500715118218	0.26523377795022146
0.5288203645636578	0.20620856804657056	0.2649710673897717
0.5290420623012488	0.2074479084871105	0.26351002921164074
0.5276830945823267	0.20675038779795887	0.26556651761971456
0.5296669163213781	0.20630940749208976	0.2640236761865323
0.5275492662118502	0.2068833179552485	0.26556741583290144
0.5302982497171784	0.20636238291605602	0.26333936736676555
0.5292132817062287	0.20537109194756295	0.2654156263462085
0.5283601752917306	0.20607018180084227	0.26556964290742713
0.5270718143901694	0.20645732410588852	0.26647086150394217
0.5272453363764473	0.20757717329641512	0.26517749032713755
0.5303332375889602	0.20651171365132479	0.2631550487597152
0.5298029728822884	0.2057245608142706	0.2644724663034411
0.527571187428771	0.20674913847943344	0.26567967409179566
0.5305933023293248	0.20632591449175347	0.2630807831789219
0.5299100588121262	0.20604553470916465	0.2640444064787093
0.5275379252055787	0.20609992870559576	0.2663621460888256
0.5287995907939964	0.20660750569471828	0.2645929035112854
0.5281113803820666	0.2060622455423349	0.26582637407559856
0.5280243041238222	0.20590318037915298	0.26607251549702493
0.5280332721018327	0.2068344605833224	0.265132267314845
0.5301503257160454	0.20683168592879883	0.2630179883551559
0.5281478819639491	0.20687130739101764	0.26498081064503326
0.5289013911402966	0.20685609250739867	0.2642425163523049
0.5283901307132712	0.2072729348597823	0.2643369344269465
0.5275827378970803	0.2074491542364645	0.2649681078664553
0.5303312750648661	0.20546784123538175	0.2642008836997523
0.5293281473540834	0.20585201912471274	0.2648198335212039
0.5297643037957819	0.20616307364163453	0.2640726225625837
0.5269972784962165	0.20681033313923172	0.2661923883645519
0.5292873536960898	0.20750724922355407	0.2632053970803563
0.5278998769106549	0.20710511603439016	0.2649950070549551
0.527101545088553	0.2063460040211092	0.26655245089033786
0.5288468046444686	0.20682608116160928	0.2643271141939222
0.5298149218208839	0.20713155350669216	0.26305352467242404
0.5282497624496751	0.20755005512511546	0.26420018242520954
0.5283684937831811	0.20736131219512816	0.2642701940216909
0.526749320786021	0.2073220048608607	0.26592867435311834
0.5288292709075295	0.2053590710484453	0.26581165804402523
0.5284588696886464	0.20607326460781217	0.26546786570354153
0.5292407141379218	0.2064865250863092	0.2642727607757691
0.5298583982099605	0.20609851301542798	0.26404308877461163
0.5276051122651846	0.20567134814209045	0.26672353959272505
0.528480893758916	0.2060700150919224	0.2654490911491617
0.5299468836792802	0.20586378820518048	0.2641893281155393
0.5282349668737287	0.20556399589160784	0.2662010372346635
0.5277623737353236	0.20635420743829866	0.2658834188263778
0.5295831369545341	0.20682829281118237	0.2635885702342836
0.5299261035195788	0.2062559820876804	0.2638179143927409
0.528661409211513	0.20547577254291	0.26586281824557717
0.5297005742277502	0.205435429706333	0.26486399606591693
0.52672970941727	0.20686664016106954	0.2664036504216605
0.5282164372364953	0.20693754553086866	0.26484601723263623
0.5281336268736662	0.20541028574175899	0.26645608738457494
0.5280327239011139	0.20721620872994562	0.2647510673689406
0.5288946842487112	0.20580909442627482	0.26529622132501407
0.5274561450389985	0.2054253803461431	0.26711847461485855
0.5290743579195831	0.20578969825147025	0.26513594382894673
0.5286670732327793	0.20669434695842268	0.2646385798087981
0.5288372796895885	0.20670666055816045	0.26445605975225117
0.5302439967293745	0.20542318825137085	0.26433281501925476
0.5278074041901436	0.2075449066847965	0.26464768912506
0.5280297107974108	0.20597670527060594	0.26599358393198336
0.528560907909928	0.20654565125540933	0.2648934408346627
0.5273339427159793	0.20607613963048632	0.26658991765353457
0.5276631292718932	0.20718380701020905	0.26515306371789793
0.5277504197820608	0.20748946768918503	0.26476011252875425
0.5294064216321924	0.20757317565451727	0.2630204027132904
0.5305088422446549	0.20537251936298845	0.2641186383923568
0.5278777515759303	0.20555219498603003	0.26657005343803986
0.5301205558482177	0.2056579574013348	0.26422148675044754
0.5267841458723388	0.20617626139661954	0.2670395927310417
0.5279514057827608	0.20562660989079912	0.26642198432644015
0.5275254458238143	0.20536656032172532	0.2671079938544604
0.5279019810892593	0.20728414726888367	0.26481387164185716
0.5291611383930017	0.20544121468273496	0.26539764692426343
0.5298888328610128	0.2069121871604233	0.2631989799785639
0.5301465076302957	0.2067852503900939	0.2630682419796105
0.5284718407749609	0.2059558285911236	0.2655723306339156
0.5303030050869528	0.2058930957689368	0.2638038991441105
0.5306175404855265	0.20562855656755175	0.26375390294692197
0.5304084367025981	0.20582112220630627	0.2637704410910957
0.528589880231012	0.2075720353484618	0.26383808442052625
0.5284727439224368	0.20607268500719153	0.2654545710703718
0.5273143085575982	0.20584083902192077	0.26684485242048117
0.5283070233720855	0.20564675599710538	0.2660462206308092
0.5294061186120654	0.20643292258367546	0.26416095880425916
0.5306046608040355	0.20617411980208922	0.26322121939387544
0.5298429344005817	0.20555598445916826	0.26460108114025005
0.5282101223189153	0.20594118589472582	0.26584869178635895
0.5278415185298664	0.20725265911314264	0.2649058223569911
0.5274399460715311	0.20617555833342852	0.2663844955950405
0.5289519810022609	0.2055520683494957	0.2654959506482435
0.5270662495617129	0.20707635058660748	0.26585739985167967
0.5271824101056061	0.20728687925499262	0.2655307106394015
0.5294833322225729	0.2072343744005647	0.26328229337686254
0.5271267679653903	0.20742542251590684	0.26544780951870295
0.5301883087665727	0.20644696829342468	0.2633647229400027
0.5287068860469596	0.20700452353737936	0.26428859041566116
0.5304802881390184	0.20619841715935394	0.2633212947016278
0.526999090385933	0.20620539539998908	0.266795514214078
0.5276364260336399	0.20689325764547858	0.26547031632088164
0.52866742495305	0.2074855556619896	0.2638470193849605
0.5283895435472561	0.2070574230241021	0.26455303342864195
0.5286970603641823	0.20623824713476294	0.2650646925010549
0.5286739878259208	0.20609164588992254	0.26523436628415675
0.5301627991786042	0.20636369897306733	0.26347350184832863
0.5290059271901019	0.20538763345362848	0.2656064393562698
0.5285270711992872	0.2065170939833809	0.264955834817332
0.5290236792934511	0.2070794606227631	0.2638968600837859
0.5285712181899791	0.20574066995758974	0.2656881118524313
0.52902956602943	0.2073064060211832	0.2636640279493869
0.5272330766195328	0.20554287912357067	0.2672240442568966
0.5265956439356385	0.20673557047374197	0.2666687855906196
0.5280189681654723	0.20613952407030461	0.2658415077642232
0.5285533930256011	0.20545992209703554	0.26598668487736343
0.5287143639598758	0.20762340402430188	0.2636622320158224
0.5282570262934563	0.20573817338170125	0.2660048003248425
0.5266786876115294	0.20627457227188506	0.2670467401165857
0.5271556842307925	0.20568762372841626	0.26715669204079134
0.5300303310833119	0.20646072807169194	0.26350894084499626
0.5297741454060698	0.20567831122060362	0.26454754337332664
0.5284111832353502	0.20662012108932915	0.26496869567532083
0.5271135758714423	0.205477344938722	0.2674090791898359
0.5270296672364527	0.20709196598162244	0.265878366781925
0.5300725249883695	0.20677644420722605	0.2631510308044045
0.5274647469265019	0.20667693915480567	0.2658583139186925
0.5287347498250392	0.20633789345996342	0.26492735671499745
0.5291340910467042	0.20678676592698852	0.26407914302630736
0.5277413762304397	0.20739978023735547	0.26485884353220496
0.5298394495169201	0.20662119126331172	0.26353935921976834
0.5296169848206882	0.20625865333639545	0.26412436184291643
0.5296952551343488	0.20683702464997192	0.2634677202156793
0.5282075747446933	0.20645258571247024	0.26533983954283663
0.5292893712035387	0.20755603407202353	0.26315459472443786
0.528649697234376	0.2054593957185044	0.2658909070471196
0.5298747463131779	0.20583682304588122	0.26428843064094104
0.5306317497618174	0.20590707655661256	0.2634611736815702
0.5291368591491724	0.20597253422183948	0.2648906066289882
0.527345785587469	0.20546498140111982	0.2671892330114113
0.529481375423819	0.20688087580472905	0.26363774877145196
0.5281059682592646	0.20573973285963948	0.266154298881096
0.5270598321491216	0.2058175540336446	0.26712261381723396
0.5286216390116343	0.20736780435310428	0.2640105566352616
0.5294007110965787	0.2064184351030372	0.2641808538003842
0.5283864955871612	0.20687091725763035	0.2647425871552085
0.5285341224682562	0.20552764688347944	0.26593823064826455
0.5273867978366394	0.20535288247931727	0.2672603196840434
0.5280755188765605	0.20620972552264352	0.2657147556007961
0.5279873815985416	0.2055853404978048	0.26642727790365367
0.5283977517709764	0.20719893651074275	0.2644033117182809
0.5275869691188873	0.2065059839161919	0.26590704696492096
0.5290239042001474	0.20669013820829785	0.2642859575915548
0.5291132640737419	0.20687489836695616	0.264011837559302
0.5287052126113778	0.20549957050549478	0.2657952168831275
0.5268209587045026	0.20678898648646188	0.26639005480903555
0.5293297930826029	0.20756069270236735	0.2631095142150299
0.5285175618659579	0.2066525608176492	0.26482987731639307
0.5291866220820607	0.20534949203625746	0.2654638858816819
0.5265923060007526	0.20608405243759054	0.267323641561657
0.5294706727781369	0.2062622879231149	0.2642670392987484
0.5299446745782372	0.20654476836023716	0.2635105570615257
0.5284391045826409	0.2065439073552763	0.26501698806208296
0.5270572120885677	0.20582930046421458	0.26711348744721775
0.5276719618066432	0.20764448492697993	0.26468355326637705
0.5278429478508125	0.20657853909664342	0.2655785130525442
0.530541228513586	0.20638910951402	0.2630696619723941
0.5269472211099654	0.20752120569135019	0.26553157319868453
0.5275603654867042	0.20691703824391755	0.26552259626937846
0.529562545325444	0.20545253342134517	0.26498492125321094
0.5302062493833537	0.20664603174206161	0.26314771887458477
0.5292175712977913	0.2069830748050572	0.26379935389715164
0.5296287553320991	0.2069624112925334	0.26340883337536763
0.5279900913196167	0.20654599754925662	0.2654639111311268
0.5283552792367369	0.20752677836682465	0.26411794239643854
0.529818576056427	0.20672099877415384	0.26346042516941925
0.5293073303689757	0.2067061912323136	0.26398647839871087
0.5269365796002545	0.20564141704603853	0.267422003353707
0.5289237268137387	0.20679431742418103	0.26428195576208036
0.5276571048662879	0.20553586404381788	0.26680703108989423
0.530340561762635	0.20631403001149176	0.2633454082258734
0.527291770484053	0.20587038443532457	0.26683784508062264
0.5281729211644527	0.20651305785041488	0.26531402098513257
0.5277556776685934	0.20537989626142863	0.26686442606997807
0.5304679013375303	0.20584245574749663	0.2636896429149732
0.528532746502431	0.20737546723204936	0.26409178626551977
0.5297023573768118	0.20699444649772322	0.26330319612546516
0.5292772581946046	0.2058514031473707	0.2648713386580248
0.5275406245058376	0.2076138370503391	0.26484553844382336
0.5278939094946693	0.20699667175381517	0.2651094187515156
0.5293370729820311	0.20579718089441992	0.264865746123549
0.5279705573542612	0.20587897033105126	0.2661504723146876
0.5302823927903182	0.2061784609261605	0.26353914628352143
0.5276746964261854	0.20665885620706606	0.26566644736674866
0.5265848883091268	0.2073913738553124	0.2660237378355609
0.5296473329291613	0.20619876417262042	0.2641539028982184
0.5276517037065067	0.20678081867353845	0.265567477619955
0.5301898553153712	0.20603542332209643	0.26377472136253244
0.5295200731831134	0.20603143363221613	0.26444849318467056
0.5296456338899663	0.2062737890054377	0.2640805771045961
0.5284680223574398	0.2065038161987736	0.2650281614437867
0.5280525633285083	0.2058323628636703	0.2661150738078215
0.5299047870138671	0.20602833543989996	0.26406687754623304
0.5272470418041808	0.2071252040179733	0.26562775417784595
0.5300817502597603	0.20644616003303098	0.2634720897072087
0.5292382453988629	0.2072282171066843	0.26353353749445296
0.5289182384957322	0.20745624878410493	0.26362551272016305
0.52845694687506	0.20604220254745215	0.265500850577488
0.5267246365114862	0.20717267197904324	0.26610269150947075
0.5265955795439254	0.20720353268685246	0.2662008877692222
0.5274529845602394	0.20555299874052085	0.26699401669923983
0.527040187322859	0.206246030809195	0.26671378186794614
0.5299608863128547	0.2060769840491271	0.2639621296380184
0.5285480145850581	0.2064928302668862	0.2649591551480558
0.5280735107042934	0.20631773464507136	0.26560875465063527
0.5275823449726726	0.20621261949616254	0.266205035531165
0.529485118691079	0.20738693966389507	0.2631279416450262
0.5305951752377427	0.20540886582304047	0.2639959589392169
0.5302915456753903	0.20638488909088057	0.2633235652337292
0.5303633945687372	0.2054273736268748	0.2642092318043881
0.5287950550409708	0.205564596612324	0.26564034834670525
0.5301364594083314	0.20541075698261632	0.26445278360905233
0.5271461532972338	0.20772526018435708	0.2651285865184092
0.5279022267439257	0.20622719216101384	0.2658705810950605
0.5292686567515668	0.20708815266388084	0.26364319058455243
0.5305128030318654	0.20636816817862264	0.263119028789512
0.530507654710543	0.20561420180538179	0.26387814348407534
0.5273225988097145	0.2071673263913742	0.2655100747989114
0.5266385925427416	0.20706108158540612	0.2663003258718524
0.5270156873274712	0.20586530205176315	0.2671190106207657
0.5265916266039937	0.2074839738759074	0.26592439952009894
0.5291456738691132	0.2075955407457533	0.2632587853851337
0.5299453153600049	0.20562266880128033	0.2644320158387148
0.5292868033505542	0.2076940388138146	0.2630191578356313
0.5297775983860125	0.20636228009951307	0.26386012151447463
0.528360928831521	0.20657740561998716	0.265061665548492
0.528580135033904	0.20729014068195248	0.26412972428414366
0.5265808973775297	0.2066670764214789	0.2667520262009915
0.527004335853964	0.20581081225724873	0.26718485188878727
0.5291297548634437	0.20620466585015973	0.26466557928639667
0.5279250956949342	0.2065677304373416	0.2655071738677244
0.5273015146648221	0.20543905064700865	0.2672594346881694
0.5289134000492117	0.20637076070977275	0.26471583924101566
0.5284498903450109	0.20591481039129755	0.26563529926369167
0.5302442274352629	0.20631889092960876	0.2634368816351285
0.5304465348851151	0.2061139341705778	0.26343953094430717
0.5278645354492819	0.20555494051448012	0.266580524036238
0.52762625399402	0.20728433457366635	0.26508941143231385
0.5283656972642241	0.20713674302601826	0.2644975597097578
0.5275123820537978	0.2076365468493184	0.2648510710968839
0.5301391410041685	0.2062311608369589	0.2636296981588728
0.5278640903376072	0.20699751735496147	0.2651383923074315
0.5297616534988657	0.20625316177509834	0.26398518472603605
0.5290846384378443	0.20721249945533826	0.2637028621068176
0.5293752693036733	0.206830096628444	0.2637946340678828
0.5279311963509769	0.20548094082163515	0.2665878628273881
0.5297288446039687	0.20596683044496403	0.26430432495106726
0.5291821804209467	0.20709184162165312	0.26372597795740027
0.528349794480826	0.20748991860126045	0.2641602869179137
0.5274644008742762	0.2075777349612653	0.2649578641644587
0.5295566071741189	0.2069188433716989	0.26352454945418224
0.5300952328859742	0.20593656408572042	0.26396820302830554
0.5292260698246117	0.2053990928266907	0.2653748373486977
0.5281855746895191	0.20699291930983704	0.26482150600064397
0.5296910739602935	0.20610170676586295	0.2642072192738437
0.5293832996077361	0.2066911464228286	0.2639255539694354
0.5302195497479065	0.20567575726495319	0.26410469298714045
0.5269019766268316	0.2065693001060217	0.2665287232671468
0.5287525710872818	0.20688121853637498	0.2643662103763434
0.5296760564244007	0.20622851283621182	0.26409543073938746
0.5303336306237055	0.2055650962748997	0.2641012731013949
0.5271381410534209	0.2076627329834023	0.2651991259631769
0.5276847817340665	0.20729392331347318	0.2650212949524604
0.5291533689693715	0.20557193742959054	0.2652746936010381
0.5291292168391656	0.20643219790513065	0.26443858525570385
0.5301269905020856	0.20579181926667864	0.2640811902312359
0.5288941072226119	0.20554124554836167	0.2655646472290266
0.5280235397609413	0.2073522398978102	0.26462422034124855
0.5267408166297072	0.20638023984272416	0.2668789435275688
0.5278563348886275	0.2060927691958923	0.26605089591548037
0.5292155382379993	0.20610369319229818	0.2646807685697027
0.5271470286847911	0.20606501562305385	0.2667879556921551
0.5302857677959669	0.2065127608329571	0.2632014713710761
0.5269887535453965	0.20748984908408732	0.2655213973705163
0.5291591321493805	0.20761849157371268	0.2632223762769069
0.52676052514103	0.2066804649081195	0.2665590099508506
0.5277238168257417	0.20704491834609856	0.26523126482815984
0.5269470853768425	0.20570194848802958	0.2673509661351279
0.5267610787778573	0.20666173758206136	0.2665771836400815
0.5281567428146922	0.2072581211510411	0.2645851360342668
0.5274522443234798	0.20590381781149372	0.26664393786502655
0.526699670809909	0.20626498501963622	0.26703534417045494
0.5291606688612891	0.2069484016761132	0.26389092946259773
0.5290667548949257	0.20684256908090523	0.26409067602416925
0.5296952995476767	0.2058911908724083	0.26441350957991516
0.529431205636347	0.2056061996250195	0.2649625947386335
0.5289635788017305	0.2060221553909036	0.265014265807366
0.5286636305600817	0.20769044596930644	0.26364592347061194
0.5276088158138641	0.20721379017376457	0.2651773940123715
0.5281987490073494	0.20643928924247312	0.26536196175017757
0.5297954727663606	0.20698889842810958	0.2632156288055299
0.5275514794499182	0.20731720962854264	0.2651313109215393
0.5305914548461651	0.2058250123019783	0.2635835328518567
0.52988126832447	0.20566274341342325	0.2644559882621068
0.5288669293118192	0.20548455093758278	0.2656485197505981
0.5283723508263032	0.2059628598087086	0.26566478936498833
0.5270366007844561	0.20577747296637147	0.2671859262491725
0.5272476203805889	0.20576706900387637	0.26698531061553477
0.5304120423378629	0.2062523290621526	0.26333562859998455
0.5277277254280092	0.2054113218105752	0.26686095276141575
0.5301196241585245	0.2064455674392169	0.26343480840225864
0.528574783479636	0.20626848701096054	0.26515672950940355
0.5282043745227651	0.20667485353852563	0.2651207719387093
0.5272217450743177	0.20734256372520574	0.2654356912004766
0.5269209161472183	0.2067479630854033	0.2663311207673786
0.5275525155115164	0.20596389476353028	0.2664835897249535
0.528567643446367	0.20640728898852492	0.2650250675651082
0.5300135524683977	0.20543133068808206	0.26455511684352034
0.5303761507782208	0.20626727910708378	0.2633565701146956
0.5294091914608867	0.20546100812857918	0.2651298004105343
0.5267200599096076	0.20755329125851643	0.2657266488318761
0.5286349281474807	0.2062123269856425	0.26515274486687695
0.5279887325645667	0.20689207712954422	0.2651191903058892
0.528961077569027	0.20666690125994205	0.264372021171031
0.5274526264671217	0.20688674953675634	0.2656606239961221
0.5286066400199323	0.20712883612325422	0.26426452385681365
0.5271281083159868	0.2055271897421278	0.26734470194188553
0.5287526897907262	0.20580471652513985	0.26544259368413403
0.5300588275049778	0.20641729360863484	0.26352387888638745
0.5284135393590601	0.2074912882157106	0.26409517242522934
0.5297350217200866	0.2061250706673767	0.2641399076125368
0.527226009485896	0.2056007507170549	0.26717323979704916
0.5289974569613225	0.20624376868443095	0.2647587743542466
0.5290623414176923	0.20688370036055592	0.2640539582217518
0.5287669189896629	0.20674126903890855	0.2644918119714287
0.527256697030148	0.20664292465872092	0.26610037831113115
0.5303358715563145	0.20592958132009428	0.2637345471235914
0.5294165847840578	0.2059405949537733	0.264642820262169
0.5305721118024007	0.20548825047783575	0.2639396377197636
0.5274981472790041	0.20579045320391026	0.2667113995170857
0.5269356246319374	0.20601648714498416	0.2670478882230785
0.5296755828735739	0.20695913383256156	0.26336528329386466
0.530414078942363	0.2064518788955459	0.2631340421620912
0.5268088310363868	0.20635353733891126	0.266837631624702
0.530249149459426	0.20587821127727968	0.2638726392632944
0.5276108008774242	0.20602417615263516	0.26636502296994075
0.5304772360812537	0.20563288351572162	0.2638898804030248
0.5292936104035477	0.2056547621903575	0.2650516274060949
0.5279561681876876	0.20669500560163265	0.2653488262106799
0.5276078527883812	0.20583082613895942	0.26656132107265956
0.527380649304567	0.20595207516055736	0.2666672755348758
0.5289806717899979	0.20587146252360114	0.2651478656864011
0.5288056968781614	0.20762902573267872	0.26356527738915997
0.5303580005286848	0.20639772672777065	0.26324427274354467
0.5297919663415015	0.2059557128080426	0.264252320850456
0.5285641335947817	0.20655716141548722	0.2648787049897312
0.5294759566283567	0.2065546641991795	0.26396937917246394
0.5289371817301519	0.20545946511915714	0.265603353150691
0.5296318966586616	0.20616365052316105	0.2642044528181774
0.5270700692608715	0.2074425675256438	0.2654873632134848
0.5272738762506717	0.2062222465165919	0.2665038772327365
0.5289238733174343	0.20644924946186854	0.2646268772206972
0.5274141057621708	0.20675298724109153	0.26583290699673773
0.5280708000577748	0.20569343417638317	0.26623576576584207
0.5272702120066888	0.2075375215006895	0.26519226649262184
0.5285968064788031	0.20706948962525015	0.2643337038959468
0.527003432554105	0.20678313214551128	0.2662134353003839
0.5303778560207764	0.20599242249347188	0.26362972148575187
0.5270416043203615	0.2070898422515023	0.26586855342813626
0.5281085610667224	0.2068248672143595	0.2650665717189181
0.5274975555700212	0.20555618670296236	0.2669462577270165
0.5272691178421067	0.2071725354800373	0.26555834667785605
0.5290812687606793	0.20591758539275157	0.26500114584656925
0.5300476209718872	0.20541942296466803	0.2645329560634449
0.5297470838319185	0.20684245678144475	0.26341045938663676
0.5291566293461215	0.20609416466071567	0.26474920599316293
0.5295651099949957	0.2067972416783046	0.2636376483266998
0.5305200738360569	0.20540612678291026	0.2640737993810329
0.5288516463883824	0.20643542209302473	0.2647129315185929
0.5305331225593635	0.20642627354509066	0.263040603895546
0.5278270805667233	0.20744840843749443	0.26472451099578226
0.5300634914845457	0.20667543913736314	0.26326106937809124
0.5274989855815992	0.2066856099717049	0.265815404446696
0.5287717905221194	0.2068943583559364	0.26433385112194424
0.5294512280327089	0.2054131857018206	0.2651355862654706
0.5273802293531161	0.2071353497907501	0.2654844208561339
0.5291615367068974	0.2054178272957894	0.26542063599731336
0.5271048987841149	0.20616335857484927	0.26673174264103594
0.5303780254763081	0.20549856359560884	0.26412341092808317
0.5280119340652341	0.20555629412216575	0.26643177181260036
0.5279087164985383	0.20553025547613676	0.266561028025325
0.5297548843882338	0.20566507789404012	0.2645800377177261
0.5270230402373006	0.20582448271130271	0.26715247705139683
0.5287439275136658	0.20682551025038481	0.2644305622359494
0.52753585563392	0.2054678479904971	0.26699629637558303
0.5272598099228074	0.20751705627356218	0.2652231338036305
0.5299348946731346	0.20649788155356458	0.263567223773301
0.5287200558524687	0.20562251132432469	0.26565743282320664
0.5295661766967577	0.20557951661940196	0.2648543066838405
0.5296110289230072	0.2071852117152124	0.26320375936178053
0.5298012843177065	0.20571091911070685	0.26448779657158683
0.5303348489984447	0.20587063368034872	0.2637945173212066
0.5271659789424604	0.20664163834712557	0.2661923827104141
0.5303071700907729	0.20608539899118833	0.26360743091803884
0.5291458648735581	0.20581097719504893	0.26504315793139316
0.5267640221306628	0.20611726771568514	0.26711871015365224
0.5274590243360523	0.20760225796938503	0.2649387176945628
0.5273861806827462	0.20640443356295607	0.26620938575429776
0.5280456452139893	0.20638601421142555	0.2655683405745852
0.5281723780303477	0.20704656182623277	0.2647810601434197
0.5287855004020049	0.20686474571023827	0.26434975388775694
0.530128845123131	0.20623430786830632	0.2636368470085627
0.5289526242425251	0.20760200512058902	0.26344537063688606
0.5278424358741003	0.20734672524840528	0.26481083887749457
0.527561657659517	0.20679777135553787	0.26564057098494526
0.5268124140406728	0.20605950397396272	0.2671280819853646
0.5279018674141887	0.2074019450309171	0.2646961875548943
0.5272434527022234	0.20747210748590902	0.2652844398118677
0.5274894219840163	0.2073246636878345	0.26518591432814925
0.5293396061023323	0.20543320748834845	0.2652271864093194
0.5269871177797418	0.2066343173126616	0.2663785649075967
0.5299497682184718	0.20539515894915655	0.26465507283237166
0.5272373274907057	0.20693551365665294	0.2658271588526414
0.5280051012548539	0.20694818742984597	0.26504671131530033
0.5283128953040195	0.20707525364112822	0.2646118510548524
0.5305855060630646	0.20538781931228947	0.2640266746246459
0.5285492022030426	0.20541567951816955	0.266035118278788
0.5287448233648182	0.20604556828538126	0.26520960834980056
0.5296841551529048	0.2068149199173434	0.2635009249297519
0.528892738478048	0.20540184942800957	0.2657054120939425
0.5280450020188683	0.20613620817590006	0.26581878980523177
0.5284583347365499	0.20745280366771782	0.2640888615957324
0.5288713069123101	0.2077258460947489	0.2634028469929411
0.5293507883051605	0.20759088820154323	0.2630583234932964
0.5276936786412159	0.2071249149651533	0.26518140639363097
0.5284939746149091	0.20662225649935573	0.2648837688857353
0.5297279320792998	0.20628620610197387	0.2639858618187264
0.5292817522765614	0.20645331797928707	0.2642649297441517
0.5288716306858918	0.2056313674694999	0.2654970018446084
0.5296072114309821	0.2060292923697596	0.2643634961992584
0.5269515620420023	0.20625620478849602	0.2667922331695018
0.5266344931027833	0.20755600627138646	0.2658095006258303
0.5277956089621346	0.20755204806083416	0.26465234297703133
0.5279526850670249	0.20535491727309493	0.26669239765988034
0.5290041784336744	0.20718171805029204	0.2638141035160336
0.5271959523949308	0.2069821899988448	0.2658218576062246
0.5298244806849024	0.2060296885814577	0.26414583073364006
0.528371682069549	0.2054790867376662	0.2661492311927849
0.5300845517047107	0.2059036237543736	0.2640118245409158
0.5292768799815648	0.20668573630283976	0.2640373837155955
0.528849758946921	0.2061660221308289	0.2649842189222502
0.5289023115612914	0.20553109305996553	0.26556659537874316
0.5269201972053674	0.2074539956335598	0.26562580716107287
0.5281599673666045	0.20564522878975233	0.26619480384364325
0.5273040995773813	0.2066761701071161	0.26601973031550263
0.5280779987158994	0.2059580701187664	0.26596393116533423
0.527468922165629	0.20650803994651434	0.26602303788785675
0.5296039888573554	0.20709264208911726	0.2633033690535274
0.5281167292560571	0.2056699272226393	0.26621334352130366
0.5278163636349296	0.20736435652849294	0.26481927983657766
0.5268056621418474	0.20588393450684972	0.26731040335130296
0.52903542256122	0.20644564035522942	0.2645189370835507
0.5274515857391386	0.20626264001571387	0.2662857742451476
0.5279688294911602	0.20579111535481245	0.2662400551540275
0.528240550283853	0.2056044702356656	0.2661549794804815
0.5294964480756752	0.20552250901296576	0.26498104291135904
0.5293025336672328	0.20573903750339378	0.2649584288293735
0.5276897002574643	0.2053986372088024	0.26691166253373344
0.5271667407726647	0.20687320474024426	0.26596005448709115
0.5273575129947572	0.20609824021064188	0.26654424679460104
0.5295020251412896	0.20632552075015687	0.2641724541085536
0.5285468036476239	0.2065186136911364	0.26493458266123987
0.5297927585110467	0.20566410554272832	0.26454313594622514
0.529305302245318	0.2076509509289098	0.2630437468257722
0.5302131472336409	0.20615491426000854	0.2636319385063506
0.527609083950928	0.20545789259042715	0.26693302345864495
0.529700109558456	0.2056141431634047	0.2646857472781394
0.528443522110095	0.20658915398430897	0.26496732390559613
0.5273997503103427	0.20697400679988337	0.26562624288977393
0.5287533502707211	0.20598095236340888	0.26526569736587
0.5277224801502272	0.20653342753325812	0.26574409231651486
0.5266734506383018	0.2076875228357265	0.26563902652597177
0.5269300299249984	0.2072359942248162	0.2658339758501855
0.5285733619237197	0.20664993572507118	0.2647767023512092
0.5296712251045157	0.2067883749716248	0.2635403999238596
0.5271491012246106	0.20768148148934173	0.26516941728604776
0.5277281708924405	0.20747322432921206	0.26479860477834755
0.5298606182088739	0.20547670828338707	0.2646626735077392
0.5273203177065277	0.20751048880698708	0.2651691934864854
0.5305636124624727	0.20604874893666852	0.2633876386008588
0.5298464267584737	0.20640264303373135	0.26375093020779505
0.5275699196019255	0.2058509267862873	0.2665791536117873
0.5285780610302904	0.20689388066102415	0.26452805830868553
0.5291591189466247	0.20655694655985113	0.26428393449352433
0.527346095629666	0.2056525203575857	0.26700138401274853
0.5289145455438764	0.20541024215682913	0.2656752122992946
0.5266754228618067	0.20637213346573569	0.2669524436724577
0.5288947951696067	0.2053615969529637	0.26574360787742973
0.528402047584082	0.2073621792695989	0.2642357731463192
0.5281412099672667	0.20680214722487145	0.26505664280786206
0.5302102317007955	0.2055696717774784	0.26422009652172623
0.5276171299419845	0.2074442067644767	0.2649386632935389
0.5265899060754615	0.20714566532906808	0.2662644285954705
0.527748592354794	0.20718905381288671	0.26506235383231935
0.5295169631217785	0.2055190942552241	0.26496394262299744
0.527334904641184	0.20541563931843781	0.2672494560403782
0.5274963424312884	0.20545987264693283	0.2670437849217788
0.5279149817840265	0.2062038917951112	0.2658811264208624
0.527668678990321	0.20540451108767288	0.26692680992200624
0.5278889075167637	0.20675187818552782	0.2653592142977086
0.5297341250879632	0.20667866622789655	0.2635872086841403
0.5298928451200287	0.20649856315212156	0.26360859172784984
0.5272463991042153	0.20699504764898552	0.26575855324679926
0.5304926539378017	0.20602992627674924	0.26347741978544925
0.5272429699700084	0.2061186575856283	0.2666383724443634
0.5270350324757989	0.20594862285108115	0.2670163446731201
0.5298416967652027	0.2065972595000664	0.263561043734731
0.5271079417326143	0.20758916785958356	0.26530289040780214
0.5266892383756601	0.2071750773669219	0.2661356842574181
0.5275139935920032	0.20533829721628327	0.26714770919171366
0.5283787554575756	0.20766815956073517	0.26395308498168923
0.5282636817960956	0.2055146050634092	0.26622171314049525
0.5276137718668796	0.20556920244551424	0.2668170256876062
0.5290108034571827	0.20699459989026947	0.263994596652548
0.5297605145372233	0.205533186349544	0.26470629911323273
0.5284107077565263	0.20717344411602145	0.26441584812745234
0.5278451164526986	0.20619565541643495	0.2659592281308666
0.5268211000118483	0.20718367275249985	0.26599522723565194
0.5271777416384656	0.20754760896485855	0.2652746493966759
0.5284866881191226	0.20652685087637768	0.26498646100449974
0.5278852880316293	0.20658120882796727	0.2655335031404036
0.5296218120225906	0.2067668702775009	0.2636113176999086
0.5303646576015365	0.20538291499724753	0.2642524274012161
0.5267973453062105	0.20587861555065187	0.2673240391431378
0.5282864757370236	0.2067756854954432	0.2649378387675333
0.5274739323372488	0.20681458168547437	0.2657114859772769
0.5266499928831525	0.20635089943779866	0.2669991076790489
0.5276201043088808	0.20589552638595943	0.26648436930515973
0.5273760407439946	0.20626774477918025	0.2663562144768252
0.5277988460789699	0.2067365773033406	0.26546457661768963
0.5299248113631152	0.2069695681716562	0.2631056204652287
0.5279306696231405	0.20555024917527331	0.2665190812015863
0.5276473951212493	0.20595182567266235	0.2664007792060885
0.527650903517605	0.20656978019464656	0.26577931628774853
0.5287288546533458	0.2055649603219984	0.2657061850246558
0.5288959020970138	0.2072611674084762	0.26384293049451024
0.5270878607816332	0.20654949990992907	0.26636263930843784
0.5277519775853285	0.20556486538747662	0.266683157027195
0.5269528053979934	0.20727699729004817	0.2657701973119586
0.5291015443395826	0.20604667214650157	0.2648517835139159
0.529202096065861	0.20553713172194465	0.26526077221219446
0.5301436158765818	0.2057777129022787	0.2640786712211397
0.5275705009850666	0.20555548219049957	0.26687401682443385
0.528797864188677	0.20548739189775322	0.26571474391356986
0.5289014380877214	0.20565827819611052	0.2654402837161682
0.5277716914704195	0.20585929442190565	0.266369014107675
0.5290154651097153	0.20620018504425067	0.2647843498460341
0.5269648220454055	0.20603573500880584	0.2669994429457888
0.5280436978606444	0.20634980937256542	0.26560649276679027
0.5277442683709216	0.20686041484062132	0.2653953167884572
0.5274641579905572	0.20538831468322896	0.26714752732621394
0.5272529068156178	0.2056524525844546	0.2670946405999278
0.5272671183863478	0.20729126679017873	0.2654416148234736
0.5276542004294487	0.20692519295481115	0.2654206066157403
