0.03459332680489627	0.11627451376217193	0.1253880834381633	0.03697943805738178	0.07285850215851968	0.19535965701311278	0.06305021260537788	0.023472215238986502	0.26492214374797823	0.06710190717341163
0.037094821847890105	0.11798514534576679	0.13059289613863995	0.036009706611450254	0.0724645403286626	0.20401315148624022	0.07070805398362433	0.023571804499955454	0.24823754075404064	0.05932233900372964
0.036469040413061996	0.11310004534403843	0.13031587548082738	0.03664490484537995	0.07860173059474895	0.1912767976889167	0.06625359764830183	0.019909307246830474	0.26067120560271884	0.06675749513517547
0.04027248049082684	0.11741313404954141	0.11595461141203212	0.03691210608285787	0.07349133744369946	0.1896811777271006	0.06844568784621588	0.024507187513384987	0.27059009634354564	0.06273218109079515
0.03888170317219793	0.11331612969046309	0.11398663953034313	0.03392367439791649	0.08043875825797231	0.20170211405441227	0.06899709105203658	0.0206062298440053	0.259505956782416	0.0686417032182369
0.036251937699743206	0.11817901482147472	0.1130442405644839	0.03508854495155041	0.07767797260061111	0.20565081126806972	0.07036663023947141	0.024684124010482936	0.2517881798539758	0.06726854399013685
0.03842124172552742	0.11750654572268354	0.12927210344152443	0.0380088113602548	0.08193206073826718	0.18598430418966455	0.06324147072503297	0.02000379443340708	0.2603878158474705	0.06524185181616757
0.03600796237443683	0.11289355390014684	0.131020877153063	0.03269877475068027	0.07927113535535571	0.20341096410952642	0.0687758696873396	0.020073474794436982	0.252535051919508	0.0633123359555064
0.036284630573006044	0.11558037340998607	0.12122723303385124	0.03597668877175039	0.07596246234961801	0.20124715300111629	0.06456578651786005	0.023562086302924917	0.2577166613053079	0.0678769247345791
0.035094400564592385	0.11249281925014808	0.11983451515551356	0.03299724990985346	0.07962501460791059	0.21481078496127498	0.07263378970740302	0.020280417874319515	0.24815483292877893	0.06407617504020545
0.03764031129484314	0.11481893363787209	0.11069250479457737	0.03767696055185593	0.07881275444470076	0.20329327111401121	0.07264761583305483	0.02422174388501412	0.2584058742915131	0.061790030152557504
0.03699338031551333	0.11461629135094248	0.12456683486517284	0.03550606271126472	0.07698574414382128	0.191503879551285	0.06782853134184988	0.021899514643857088	0.2674995757853605	0.0626001852909329
0.03723384615671363	0.11276670312589804	0.12055287095564224	0.03559048696550347	0.07699952804117895	0.1964125865383575	0.06936750001698645	0.020211833015467084	0.27079075386804097	0.06007389131621166
0.03456441069268436	0.1165330039043249	0.12825407908510011	0.03217259317711235	0.0717765573500265	0.21190216096669673	0.0619328446091066	0.02602338204666417	0.2549628123481631	0.06187815582012118
0.0373474722172263	0.11461420969738496	0.11831425381469143	0.03802967514294816	0.07829615550016902	0.21286128847948704	0.06427154768095193	0.02010539827721329	0.2565794575384715	0.05958054165145632
0.03439307369658186	0.11674465260139007	0.11559294353458346	0.03736781693364216	0.07530910385072892	0.21840084819899983	0.06248298468830584	0.02162021564383619	0.25270811105043933	0.0653802498014924
0.038555539846644164	0.1158624991106026	0.12293421207087049	0.03635539168403851	0.07387234030007307	0.19924979243954416	0.07075647915297686	0.025180770769220304	0.25730993537453223	0.0599230392514976
0.03882566003305732	0.11704850908831235	0.13699805052798703	0.0326258452330193	0.07217117244235441	0.19007930257149114	0.06695834010647658	0.0252452368468999	0.2568191812414118	0.06322870190899021
0.03624530524450728	0.11402648254256145	0.12105846572714542	0.03273612563551069	0.08270689029322169	0.22054363446082326	0.061191855292585556	0.02074375677881174	0.2511071609582181	0.059640323066614806
0.03550723130048905	0.11805218939071291	0.11831364907581125	0.03547797719895247	0.07193444066391928	0.20904350818661976	0.06117673114201521	0.021587654180332372	0.267262071645925	0.06164454721522261
0.03994497756545065	0.11735641328304992	0.1254641448465776	0.03304986495879077	0.07617963280966762	0.202960330647157	0.06595271819776685	0.02143526416053483	0.25738927393941496	0.060267379591589815
0.03396709337035421	0.11254979258537925	0.1270007473997285	0.03290530424322918	0.08584346829020438	0.20302603921428547	0.06927626612771472	0.0246488224525655	0.24568106511329263	0.0651014012032462
0.03606058205827915	0.11767628462195233	0.1263598747305254	0.033373693745860786	0.08619544139422336	0.1858720205222147	0.06081726077345477	0.023220081890630948	0.2619290237724375	0.0684957364904211
0.036605875482697864	0.11512604254485173	0.11266985293862043	0.03722672620015875	0.07246503299965514	0.19967813548056404	0.06953801506795576	0.02121573159866187	0.2689520415453142	0.0665225461415202
0.03423584188413986	0.11333975978993802	0.13071431095421587	0.034550032033987946	0.07204276139191045	0.2194323750752008	0.061268997222085536	0.02624985946652232	0.24083105857564951	0.06733500360634964
0.03404575013351416	0.11772649102555721	0.12599757078423204	0.0336247399919917	0.08137968917154756	0.19886327138122595	0.0710294074421832	0.01999206801614431	0.2536871707457253	0.0636538413078786
0.03728567438820704	0.11548195752374381	0.13640101666148932	0.033840892679595086	0.0725088239245342	0.18894689933976005	0.06468060440812021	0.02248627026854995	0.2691569298398053	0.05921093096619499
0.040205139621754205	0.1161672897525759	0.1317592533417408	0.03516117449184859	0.07633332273059605	0.1917589278233892	0.06608256210821661	0.02406221857957133	0.2509041970581594	0.06756591449214788
0.03865693917047447	0.1181673957129825	0.13800532484414738	0.03712271346622767	0.07205693940419836	0.18557907422399728	0.07171737048604926	0.020249807210811988	0.2574871152338833	0.060957320247227775
0.03484948847208673	0.11429058032836806	0.13161444794891491	0.03810013410542327	0.07953655233336751	0.20194664712099888	0.07080704006488255	0.025346216896891496	0.2412134890368054	0.06229540369226119
0.037735838778996826	0.11654763370589945	0.12054597946992231	0.03371939186662577	0.07261983668227724	0.22202829947045585	0.06300325251841002	0.02048860683225437	0.2504402295499262	0.06287093112523193
0.03552778136063402	0.11739896367297155	0.12009884164554435	0.0333531879812744	0.07615547358023333	0.20522404184621806	0.06163853195365049	0.020741008680327647	0.2631200621013255	0.06674210717782067
0.0339163667025775	0.11779715793601374	0.12077208541804786	0.035281881423251005	0.083712509863769	0.1897203566813842	0.06921408681852828	0.021336878959256747	0.2651950148691367	0.063053661328035
0.03402900944965333	0.11322286099594146	0.13067469213670982	0.03268535604826302	0.07574577045159896	0.21683934353959017	0.06216924967629936	0.022493962258169686	0.24866926057254313	0.06347049487123105
0.03976172438224539	0.11581821057163517	0.11689764114629284	0.033597569531987836	0.07370235726709551	0.20650422641106714	0.0634729684315945	0.020026433692739334	0.2637307370765724	0.06648813148876989
0.035830620502018615	0.11615013695328218	0.12826139367852357	0.03435621247969711	0.07963566152943999	0.19129056220065407	0.06864229195896243	0.02116267776712187	0.2637857675811573	0.060884675349142825
0.037365687233024664	0.11520713376717436	0.1214610477245058	0.03654039753460071	0.0722034123005684	0.20845083112855456	0.0640602415002065	0.025030298398116185	0.2544613543295392	0.06521959608370964
0.03327604993978067	0.11686640442972393	0.12028007483409961	0.03707695972919209	0.0754944661163684	0.19081057924381195	0.06870681144656363	0.02533226404115023	0.2689221845760484	0.0632342056432612
0.03954102841347296	0.11715865996684577	0.11453318205137819	0.03292582640803021	0.07750841132526254	0.2180085813438689	0.06268042682981312	0.025797350132932523	0.24333360642401702	0.06851292710437877
0.03999598165958446	0.11573092165296904	0.13415164322971318	0.0347869645127573	0.08160340056985524	0.1875435385625761	0.06967816040369687	0.023024043718141027	0.2451821556405981	0.06830319005010868
0.03454781216269691	0.1134453131469945	0.12255815540079132	0.036642547732669214	0.08108987497027523	0.20479020566622413	0.06980547004394633	0.020491591214663984	0.254829020125372	0.06180000953636639
0.03574589788432139	0.1133475096318422	0.13383122731697605	0.03806754143094757	0.07634414509257838	0.20159535992901856	0.06643838611310057	0.024898836870621374	0.24252161285024104	0.06720948288035283
0.0354431068391312	0.1131972469774179	0.11719169796055545	0.03311090331273821	0.07668044338359555	0.21252557695286273	0.0638628280901765	0.025735882895702375	0.2613034141956992	0.060948899392120864
0.03379796487242723	0.11276997212482383	0.1347922137605384	0.03264507251241719	0.07796857956276022	0.20227706495354536	0.0665732826274196	0.025905454854264612	0.25253135150150174	0.06073904323030178
0.033369436142835135	0.11435610672925778	0.13505548867682324	0.03455109245239098	0.08044886790826505	0.19285611783707857	0.06200011064714159	0.025123959752781158	0.2612413763399398	0.06099744351348671
0.03346866220372341	0.11234877026562463	0.12259808456851684	0.03702652969409985	0.07460634226798549	0.2078948972748368	0.06817345162599668	0.026281032702974896	0.25552177966855155	0.062080449727689876
0.04014838306420704	0.11257135418952514	0.12655119026583767	0.035915247520124455	0.07529894186745492	0.18881578850081063	0.06676681934771933	0.023639248056512407	0.2710113414021024	0.059281685785706
0.03807395531664566	0.11240518511439722	0.13143708205608612	0.03416487289952129	0.07282892614513493	0.18439657113541244	0.06861066551509329	0.02072491902051936	0.2721310802852692	0.06522674251192047
0.0367507422870931	0.11467959065715078	0.13630098008908623	0.03512578986905232	0.0839378616074207	0.1919433619502417	0.06805647061281067	0.025582119817135346	0.2406358921149534	0.06698719099505578
0.03405536332995189	0.11517805927803007	0.12337742696722032	0.036950034907196116	0.07344579141263322	0.2057478505548027	0.06493250367371692	0.021006181583484176	0.2652474848343529	0.06005930345861171
0.03787454139023808	0.11842715130318508	0.13237293377495202	0.03286683843797357	0.07939698240769026	0.1926818949444935	0.07133311923565216	0.02347978491200793	0.2506678521356349	0.06089890145817246
0.03702787398147851	0.11830238561750639	0.13076837430097443	0.03653519361004595	0.07234221374906025	0.19732216657974155	0.06661536351377195	0.02702762503049505	0.24672640976249233	0.06733239385443357
0.03395008474582921	0.11344927901096101	0.11531845145768549	0.03738669395004941	0.079815896529517	0.21981342505471801	0.06267836842844414	0.026619062118230785	0.25151702146893373	0.05945171723563122
0.03818918312011582	0.11468088994337569	0.13125809312220096	0.03676953675559097	0.08240611351960771	0.19184240772347394	0.06350184155218624	0.026023192359002092	0.2509578309210723	0.06437091098337422
0.03464909654016492	0.1146144325725127	0.11831594249450961	0.03599226346478471	0.08046212287999387	0.2020759381235232	0.063280519004142	0.02318490951491553	0.2621238324507905	0.06530094295466297
0.03840828395995006	0.11668417651530585	0.11718508834174216	0.03218241357267167	0.07285604273416509	0.21489594093969508	0.0719259863141595	0.022914907107291105	0.25335211651384637	0.0595950440011731
0.04040139948645983	0.11603185522161064	0.11548361844768307	0.036168164380622245	0.07372856241628083	0.2193608920077909	0.07188599786504296	0.020249429155613827	0.2468080067024077	0.059882074316487954
0.03741594135758326	0.11826972879553	0.1107007331005722	0.03385810574860784	0.07623561994392591	0.19663737409417864	0.07048383832592683	0.025373977351803398	0.2662187023903698	0.06480597889150214
0.03855001705641722	0.11272695242731534	0.1276207883749784	0.03508350866533186	0.08494172926766558	0.1841858252421006	0.069454550097566	0.023118750601140534	0.2591863154540837	0.06513156281340077
0.03351253487463522	0.11664798524909717	0.13224254602298244	0.03730175143332111	0.08034227458337229	0.1906953182295405	0.06188217738363602	0.02491723419284604	0.2634177340929192	0.059040443937650094
0.03626081722911753	0.11241667028052596	0.11825470852100298	0.03575109572993754	0.07852244000052411	0.20032240998611633	0.06456957974623581	0.021404634677750556	0.2678417487294798	0.06465589509930943
0.033362768603561674	0.11479769280963856	0.11470004087221819	0.037812520649517754	0.07217251001749697	0.21888948124452384	0.06958857646435565	0.02703977325262308	0.24379192444120618	0.0678447116448581
0.038327984275334306	0.11450296049309532	0.13276847017645887	0.03471693127522274	0.0726154107510926	0.20224685175534654	0.06082129414658864	0.023675627658409498	0.26106261272671377	0.05926185674173773
0.034795715707801156	0.11541232084809797	0.13418040357261257	0.0331341713392712	0.0804698243736032	0.19437254063467013	0.0725122434340752	0.021890545271154804	0.250998501892465	0.062233732926248814
0.03597876198169024	0.11550769715595664	0.11773571588066889	0.032338224663905735	0.08475009278960127	0.20696279854111713	0.0639526946152037	0.026841798910993447	0.24762617387728458	0.06830604158357834
0.03813030999487457	0.11242516840331723	0.11218545905053239	0.03759119096304241	0.08040652458183374	0.1975594282734986	0.06947786441504399	0.024639870862385838	0.26316175156206306	0.06442243189340822
0.03810342128974509	0.11477527922049247	0.12531218471628291	0.037679173174623375	0.07580548118671906	0.19991880175890675	0.0682432632011761	0.025099438343489155	0.24643997044774674	0.06862298666081838
0.03668860428847283	0.11333758127696676	0.1172241573787605	0.035681462631447586	0.07427827543342733	0.21640291128621797	0.06070119875188595	0.02051800250813239	0.26222861630433736	0.0629391901403513
0.037821473489433814	0.11578294756105148	0.13011108267810254	0.034961944756424085	0.07370246409693451	0.20701614194812068	0.06909968634669623	0.025097639371328292	0.24224306438231114	0.06416355536959728
0.040264125204865844	0.1159314963449014	0.12323509238787414	0.03778221401561789	0.07175620945477598	0.21662641860859144	0.06444334640415231	0.02284762161635101	0.24075068808852107	0.06636278787434895
0.040217014143366266	0.11519003726228719	0.13611530495550295	0.037210063539191846	0.07338935697464893	0.18752903561101314	0.06322328470781538	0.025244298566096723	0.25327308624519074	0.0686085179948868
0.037609949363114646	0.11457167798852363	0.12978121915201918	0.03417068155196559	0.08019266092032637	0.1839352327124303	0.06570892981167437	0.022995028569508552	0.269484224601451	0.061550395328986374
0.034820227007846066	0.11276576979737614	0.11515852175200517	0.03241416759622355	0.08594608498484682	0.20446063819947002	0.06176289932218034	0.026378875861341924	0.2587331702343567	0.06755964524435325
0.033984557392104806	0.11849196651137839	0.11438025851221444	0.033860568680255915	0.07875877331460154	0.19300299428584	0.07055328996237459	0.024453029889957484	0.26704533692520394	0.0654692245260689
0.03335734826613641	0.11666080374063525	0.13218488035801526	0.03491592422884113	0.08118956886749966	0.1909795956421068	0.07215303836388356	0.024626293921301542	0.2492212868784408	0.06471125973313963
0.03329221188321575	0.1125047426361796	0.12178161127320192	0.03578030946147877	0.08051187500035883	0.21528379809617743	0.06610986097036195	0.020020971447468047	0.24599436214265574	0.06872025708890199
0.033902750393725686	0.11749872519968514	0.1292762984961446	0.03754677112436644	0.0739227365045722	0.1927910639547845	0.06906194754304998	0.024185531412271477	0.2616805851499077	0.060133590221492214
0.0334475124030795	0.11789594040101803	0.13152997724206092	0.03409418018814914	0.07562153330037998	0.19319597768923183	0.06192972928941205	0.02023874277484672	0.2691597927487682	0.06288661396305359
0.03457354041426955	0.11392584881275301	0.1355529896878764	0.03493797906765515	0.08522946519447072	0.19913241531498505	0.06935648103012226	0.01993806683316375	0.24231140420753072	0.06504180943717337
0.03683192097111415	0.11690863287902989	0.1378474364526126	0.032638458844844676	0.07345750624951031	0.18955142853314977	0.0693365877579928	0.025977838045947083	0.24945432149498337	0.06799586877081534
0.036928363991067956	0.11592230709939791	0.11294150167011278	0.03814628173437016	0.08497584724207585	0.20237888592682426	0.061981269536445414	0.023667787354149303	0.2566794152464621	0.06637834019909426
0.036317824216377526	0.11513910001482695	0.11462688459561536	0.03464016823861148	0.08572737241412076	0.19880642169624058	0.07268943913761801	0.021289634472352617	0.25385419409602183	0.06690896111821487
0.03816670604689438	0.11732937525217728	0.13285449981111186	0.034047801592328925	0.07810336819005737	0.20231864931547516	0.0702189703317593	0.02154343138862122	0.24180704040305273	0.06361015766852177
0.03500791631848947	0.11362734892626904	0.10950682684128768	0.03256114686777946	0.08167223513813639	0.1944219916531567	0.0677421154969576	0.025791843675974674	0.27177324865933083	0.06789532642261818
0.0336150460850457	0.11422342795335116	0.11959438256954846	0.03587098551406313	0.07958423685189263	0.2026067226685872	0.06869222031474338	0.022312420521583623	0.26072350819964174	0.06277704932154302
0.035024624381566644	0.11585010107437799	0.11454390586629579	0.0353676003737263	0.07273206204170188	0.21732801674116797	0.06395289580679432	0.020726283853530966	0.2562821030346013	0.06819240682623684
0.039510576100029476	0.11719369521880267	0.13349391036961736	0.03503823535031314	0.07836112526127714	0.20883455057794997	0.06300953798952517	0.021964441181620067	0.24289894908183018	0.059694978869034854
0.03635106063150183	0.11658341721426733	0.1121983559866896	0.03345850584044874	0.07298465896741524	0.22198331004577632	0.06349372593811045	0.02595140092685086	0.254115023306926	0.06288054114201372
0.03568243962846715	0.11834365804165393	0.11146720432518169	0.036578995816055254	0.07281398682872181	0.204132177666479	0.06940755204860015	0.021189477557512895	0.26856243186532724	0.061822076222000866
0.0335339805915907	0.11765431121533033	0.13561692562083053	0.038120255384890625	0.07773885450156572	0.18992920220354106	0.0645126937635799	0.023415659387419435	0.25805265666281546	0.0614254606684362
0.038249067534265206	0.1136524879942436	0.11330961231445728	0.03393517507434225	0.08535911127705179	0.2038193082623439	0.06787865604011459	0.025320855244430937	0.25110194628209404	0.06737377997665639
0.035512212955101014	0.11702065651578365	0.11261460747408371	0.03321267486839159	0.07928295906520277	0.2132710371591066	0.06628335784110026	0.025187873738440364	0.25393623028548834	0.06367839009730171
0.036751462255498676	0.11492544392646231	0.12584301719362442	0.035825273896239476	0.07606222566504489	0.20936712414420935	0.06779230000951636	0.022025193812596128	0.24392969198047698	0.06747826711633141
0.03894866642558878	0.11260615295047058	0.12261149171471844	0.03420943639624377	0.07902164226543526	0.19083704878910057	0.06540778672855808	0.02236984890027255	0.2671332913525764	0.06685463447703562
0.0370219803124653	0.11560084049662919	0.12525240078898306	0.036360459600311104	0.08456306101290047	0.20093458267421233	0.06980779145315494	0.02682417497485569	0.24152672963597083	0.0621079790505171
0.03458256748144253	0.11417093737956777	0.11698568301218012	0.0354185506127056	0.0815448377182004	0.22065994306216158	0.0655611480276835	0.026866874241474367	0.243238787399652	0.06097067106493219
0.034158939950494835	0.11682032499816399	0.11089350510355098	0.03672083747773254	0.08154513515235232	0.20344314998531843	0.06882412892605838	0.023876550665981613	0.26051909795137396	0.063198329788973
0.03474481248243924	0.11233982153995044	0.13092409329097443	0.03458161886223339	0.08507590097810161	0.1963753860992516	0.06415093819563067	0.020882959189283998	0.2529231272637824	0.06800134209835221
0.03461714757424361	0.11250256217740881	0.12431338199891939	0.03717793474793166	0.07857774976707076	0.19227915085230501	0.06839556788683424	0.026442149275527793	0.26116466376690417	0.06452969195285456
0.03516047554649615	0.1155609243691672	0.11662893686589997	0.037409453037892476	0.07286377559158157	0.21597394319206376	0.06535774232583372	0.024420731500355133	0.2526160337946168	0.06400798377609326
0.035469528678744464	0.11795430029491431	0.12260420259731813	0.03784612145418177	0.07678865603907506	0.2110833568607671	0.06967230287719516	0.020007453521170296	0.24482006771133058	0.06375400996530307
0.0353294729782921	0.11334304336447484	0.13313598034176785	0.036270944921416914	0.07298190789965578	0.19240206008487687	0.06207781147357763	0.025131538049411123	0.26343682435416366	0.06589041653236327
0.039175698112960025	0.1126928685752503	0.1244659576050476	0.03784979231853762	0.07352556860612311	0.19674962178452682	0.06874854395945931	0.025612028719291566	0.25489528587223353	0.0662846344465701
0.03700377748025657	0.11422644551392074	0.12423697486245917	0.03352388637152841	0.08051948228305214	0.18918337799162832	0.06948449402721006	0.023361822041601504	0.2616393243302925	0.06682041509805063
0.038357831869083224	0.11364583067493597	0.12224308411220636	0.037657647823456354	0.07845586674436604	0.21277760606628132	0.06746891428594674	0.023289788561166883	0.24658342739544464	0.059520002467112476
0.04005659118636223	0.117893832457766	0.1317737187167443	0.03311603563184411	0.07968193607617113	0.20760151717348102	0.06504216441928741	0.0236886903316494	0.24177891320926398	0.05936660079743046
0.03711854066657809	0.11302188444650847	0.12044997859490275	0.03521084856080303	0.07410770411834813	0.19905086359410543	0.06128360146938139	0.020081799806313083	0.27168504459110493	0.06798973415195474
0.03465735097640267	0.11364634112742128	0.11477902460138759	0.03766265958032397	0.08602978123211798	0.19736666127658825	0.06471919466395976	0.024055801814463984	0.2672050947874203	0.05987808993991421
0.035198976946452035	0.11761197953197317	0.11797417052871596	0.03584424339677683	0.08252062888198221	0.19375187254443818	0.07249954120782125	0.02092632291558333	0.2615530804536145	0.062119183592642624
0.03675237065613492	0.11727451606144146	0.12033647803592733	0.03660970213985529	0.07615038323593001	0.20134421358705923	0.07043076486611487	0.022032026220088166	0.25045555571493816	0.06861398948251057
0.036717467304679924	0.11449847184209595	0.12026223509422329	0.036799505143431416	0.07856580486703382	0.20201554833099428	0.06263893993823574	0.0229947424327228	0.25769378073593907	0.0678135043106437
0.03327956695311543	0.117940804433531	0.1360012876053186	0.032885291726168844	0.08312795806550291	0.18686664388667867	0.07251669441112335	0.025770763102660438	0.24340934258797092	0.06820164722792979
0.03679873429986358	0.11632808097665162	0.11883819626709576	0.03578106729570717	0.08419776995797837	0.20168509599631443	0.06421436052643167	0.021593248139230525	0.25325689264249723	0.06730655389822969
0.036185575881104645	0.11321590168695435	0.11497486837782339	0.035228382332223904	0.07571262728709832	0.20556172599222267	0.06429672142627377	0.022771082667128503	0.2689883906582704	0.06306472369090008
0.035370057079447154	0.113236502554659	0.13183604458321296	0.03303061625276145	0.08640904503167282	0.19270498875889006	0.06254064364900935	0.022619942938993068	0.2632325782966819	0.05901958085467228
0.03723226658784601	0.11783811463032486	0.13781117543386812	0.031981462428483806	0.07250668341128279	0.18645277156296258	0.06285165503457667	0.023439007193788136	0.2613178379572788	0.06856902575958822
0.03965626428597129	0.11310892129123959	0.1364623071610599	0.037759334006615894	0.08464663223144886	0.1853682104167611	0.06964750801507769	0.022284696472796753	0.24722795931275426	0.06383816680627462
0.03709174592670757	0.11524820151467705	0.125590450876913	0.035812181570786375	0.0742071408621852	0.2070261542281035	0.06977674948421037	0.02475030608596851	0.2434829348381662	0.06701413461228226
0.0403332375995128	0.11775310079151288	0.11661933399972206	0.03297506834613602	0.08475736561814358	0.19213520045876187	0.07078539796227724	0.02307659917515216	0.2535014901090078	0.06806320593977357
0.038800610463990116	0.11632517092234244	0.11604069677702161	0.038173974213119514	0.07378954686386871	0.20120398641494958	0.07191165184800473	0.026389877282706864	0.2583171798131374	0.05904730540085901
0.035313182570549675	0.11310698205862386	0.11858788587726778	0.0357694539584964	0.07988312557688555	0.2123825581259874	0.06964384658253958	0.023012946651615837	0.24574368356414616	0.0665563350338878
0.03613367333805502	0.11504365001348293	0.11821020721967301	0.037035202183857655	0.07283388802325774	0.19733642113778027	0.06937168359545705	0.026625266902919803	0.26826900503460677	0.05914100255090973
0.03787008930959677	0.11279882621330173	0.11707222479281348	0.03489921968488183	0.0778159233035065	0.2090773434715364	0.0710864042865607	0.02557951227988521	0.24573804150204487	0.0680624151558725
0.03612163534905988	0.11457948985740214	0.11386742729010689	0.037861147445199125	0.0739452670814612	0.214869759162016	0.06998670619842753	0.020304091664718915	0.2525776939472922	0.06588678200431616
0.034969610475592175	0.11661917235646707	0.1375801647128786	0.03266817216116627	0.07537067985996349	0.1973269741459311	0.06892959920878172	0.023164074181418873	0.2524759690605636	0.06089558383723717
0.03661885947979157	0.11444211936697593	0.11780853640458076	0.038195385772953644	0.0764874026917332	0.21028915305184126	0.06537134649999425	0.02340806979396165	0.2534033178468785	0.06397580909128925
0.0355851840598546	0.11667359870981367	0.13066125438985926	0.03291926201942269	0.07655641795853585	0.19502170274909886	0.06084767429031204	0.026091370113912757	0.2634152129328995	0.0622283227762908
0.037270082058143125	0.11746252402420396	0.11564373379653337	0.03575654440632163	0.07437636917176366	0.19575135906452973	0.0707620074818516	0.020707266305855038	0.26569194690726194	0.06657816678353604
0.0336141285846845	0.11854346702124297	0.1293766997561984	0.036541538362346734	0.07931491820695968	0.18310952644005918	0.06965646343138478	0.024295783924798753	0.26133921056788534	0.06420826370443969
0.034787994177607015	0.11804946545499823	0.1324835142205154	0.03640858260392883	0.08395201013478545	0.20697860480515667	0.06099505231083736	0.019904155306629034	0.24193621617551642	0.06450440481002559
0.037917589567267894	0.11745379016043751	0.121559621250041	0.03677123362875996	0.07991170739191714	0.18811948236842957	0.07156689844495118	0.02204201875323654	0.26343266121723463	0.061224997217724605
0.037316023840399185	0.1170510569053981	0.11592501782590425	0.03516420127632974	0.08246852854525748	0.1921949504452269	0.06492127194044435	0.02458250687207164	0.26563836329316753	0.06473807905580087
0.040555631747974316	0.11793495760370014	0.12177027346039684	0.0372061998802518	0.07800306248240504	0.18320356726293274	0.07083609139096785	0.021132498044114975	0.26670117976174773	0.06265653836550858
0.033581577978829144	0.1149724673312983	0.12821173008340148	0.03752422124491585	0.07483851756450524	0.1934390833764225	0.0716171723788058	0.022547418854199378	0.26423120441167036	0.05903660677595195
0.03936656135921769	0.11293816351437269	0.11884254947231186	0.03297192218477493	0.08483960805740165	0.18960617682251651	0.06408493614402	0.025938392036923663	0.2711211091047929	0.060290581303668045
0.037412027461452044	0.11449528204149974	0.12459549958239949	0.03741513346461152	0.08280870126756831	0.1932653809753249	0.06841029249472338	0.02323900381536914	0.2568726408547133	0.06148603804233824
0.0371972100107249	0.11742158317319347	0.13282306977532105	0.0381840209444868	0.08497114137298067	0.18974890961048618	0.06230162428580807	0.022856005501519047	0.24736913059435123	0.06712730473112863
0.03867536628903467	0.11832933149188427	0.1294085059149349	0.03688063789028617	0.07863203333631363	0.1877930114170599	0.06635545079449467	0.02308318135824035	0.25402814567211	0.06681433583564136
0.03403441737532756	0.11376645408186736	0.12834607581307858	0.03402853354987649	0.07908882677940543	0.22020545356567317	0.061885079558569346	0.020045801357005524	0.24082050215065937	0.06777885576853718
0.034186383690448935	0.11300755629136086	0.11878621780395346	0.033430348347669364	0.08533616263035645	0.20598261738720514	0.06862505934711188	0.026298901423579144	0.24891587805102994	0.06543087502728484
0.04027694203906599	0.11621926616488588	0.12064838431053596	0.03616119161041585	0.08421143234398089	0.20896303926055515	0.06337906553854693	0.02357155637139667	0.24209790378656298	0.06447121857405375
0.04030229363236533	0.1170490490808175	0.12194980636188912	0.03353943497322753	0.08159140129912827	0.18579172262296265	0.06903416104974897	0.02168143475491366	0.26514785009115815	0.06391284613378881
0.036804574810770346	0.11743115844665686	0.11893394351672264	0.03328929033779618	0.08382809867997472	0.1938481204471959	0.06926355984475542	0.021494760434684276	0.263786482917301	0.06132001056414268
0.03475009018470128	0.116328027975414	0.12138896942485676	0.03229381105119973	0.08226244600602318	0.2106322015503313	0.06559506607514429	0.025048739943358017	0.24981993471533764	0.061880713073633783
0.03339384699234303	0.11856075810027261	0.1161440669005841	0.037060499168331165	0.0719159173748416	0.21195480527963229	0.06210368391523547	0.0241686547583259	0.2655533492478989	0.05914441826253493
0.036208099860308665	0.11476653898586908	0.11785086770310774	0.037217915026082654	0.08466755991966339	0.18672502361288318	0.06651766892261031	0.02602959253771346	0.26551330620556435	0.06450342722619717
0.03377321569970902	0.11255136470596352	0.1163069191233724	0.03649066690941592	0.07850154047084928	0.2011823118092413	0.06725395344954785	0.024880023681655913	0.2641952542080077	0.0648647499422371
0.03975267669158265	0.11794241909234493	0.12840297343694262	0.03523606525703231	0.0765474105445193	0.1953262884327239	0.06705882803990079	0.02268688892119408	0.2567715434638633	0.06027490611989607
0.033950255877790436	0.11579807197925383	0.11794815122301561	0.034999190379955566	0.07728651411534031	0.19816193724456754	0.07025538179174703	0.020763299975545532	0.26765516725924904	0.06318203015353512
0.03809099237270168	0.11387365389237164	0.1122596317148478	0.037657258577229194	0.08187789956057562	0.1939784253488509	0.06832441231358655	0.026077796098469122	0.26716194179532554	0.060697988326041924
0.03451689197856321	0.1140245548821269	0.11673717912883613	0.03592372121275357	0.08241898679203424	0.21611348536219105	0.062442023265244256	0.023488816315647587	0.2505972924318682	0.06373704863073489
0.03631338446502537	0.11678752792542749	0.11674252596452586	0.03787468947625712	0.07851844393528104	0.1956154805091279	0.07114053979564297	0.02537978816470418	0.2531130811681128	0.06851453859589529
0.03810410206229254	0.11362889292342244	0.12901673774191005	0.03592613345945593	0.08555818767661373	0.2077024403582612	0.06326959518454393	0.020540796744607986	0.24716700056667718	0.05908611328221505
0.035560779549106664	0.11369259823079786	0.113322194475527	0.03674672205307772	0.08310274850213799	0.2210951388781181	0.07241201711169322	0.021266065323790162	0.24126534449674242	0.06153639137900893
0.039724818450059034	0.11633480099144294	0.12232404674987997	0.032601738196665536	0.08349029874930075	0.21404211978753754	0.06129941678783103	0.024037793498041554	0.24546534927211267	0.06067961751712898
0.036978374326737035	0.11460271272925834	0.12232991282100177	0.03769769762283942	0.08463515589367723	0.2013814669951403	0.06631919041411825	0.02579998718544546	0.2439392864735197	0.06631621553826247
0.03326330417228525	0.11314664096810792	0.11601172678738239	0.035572408113951154	0.08543815061976538	0.19982041963826114	0.06520698964993416	0.023837452362995323	0.2624913250561859	0.06521158263113142
0.03618139310936992	0.11738794914430621	0.12497131638471375	0.03689449822224011	0.08309106183003902	0.18446088245603326	0.06432182005114293	0.023636665371362844	0.270060802752669	0.058993610678123
0.040336213515594424	0.11383485656815939	0.1236932467717819	0.03275442570372114	0.08193462608537938	0.1876159007342359	0.06915533221331738	0.024676512533770886	0.2610232614834684	0.06497562439057122
0.03567214132248385	0.11743802560888854	0.11246296241621562	0.03649927424385785	0.07581272453765915	0.21567237940863598	0.06087708073880996	0.026325837481644965	0.258268931151611	0.060970643090193136
0.0368283577673023	0.11519611352411911	0.11254362025295378	0.03486232450892973	0.08372534554320539	0.2076179868460018	0.06256695139532456	0.02157997544202679	0.2607755094433256	0.06430381527681094
0.03942466486912859	0.11202593468445303	0.1173923058707688	0.03288023319036919	0.07859392016651011	0.20440984827807235	0.07038259894407192	0.02463758362278183	0.25606182581397935	0.0641910845598648
0.03442096905391474	0.11777659727490991	0.11289581327264724	0.03426730526437802	0.07688620010462796	0.21975907260322375	0.07139173324034158	0.026036174482534064	0.24196423156063018	0.06460190314279259
0.03363847085911695	0.1121552894990134	0.12205382823694715	0.03353817984114797	0.07596523954263994	0.21524928830098106	0.0647663977358107	0.02357080752534578	0.25430770746797915	0.06475479099101784
0.0406068990971796	0.11243113073091661	0.12756412853915908	0.035141226242215884	0.08629169046127003	0.19533566194910593	0.06170125641713397	0.025439766108082934	0.25125170871227537	0.06423653174266061
0.033264935839267734	0.11501314220056597	0.1252845180217071	0.037603567919441555	0.07528362341724495	0.20739483490772295	0.06970183380491679	0.02287564898415889	0.24515817625804204	0.06841971864693203
0.040163738761278066	0.11271366325552232	0.11974063742246926	0.035611024653027915	0.07197149739519804	0.19900878928485002	0.07135366696255155	0.023767870206589076	0.26513050784972164	0.060538604208792146
0.036906315271196394	0.11508612577216613	0.11702621630129569	0.03426667661909094	0.08251815539087322	0.2109448670691125	0.06474914641852794	0.020835095509064122	0.2575475288034328	0.060119872845240244
0.03528021518517166	0.11290629866722104	0.1245763732894654	0.03551093806988741	0.08333983809230472	0.20732293792742068	0.06980806609966302	0.020031384245442402	0.25082417305725113	0.06039977536617255
0.03357568806939769	0.11369383856039804	0.11308511751149215	0.03382717632023567	0.07755590336673839	0.21806359854534452	0.06868683152073088	0.026831328110178396	0.24764440323755815	0.06703611475792612
0.033904238238130255	0.11684264075773745	0.12830387445618643	0.033879832772308285	0.08297849666469426	0.203138258809826	0.06813778653017845	0.025304953700930402	0.2455480364739051	0.06196188159610335
0.03853418437911421	0.11725279794962848	0.13123487052106203	0.03444524974808974	0.08073788764532017	0.19389686469127437	0.06398443220666147	0.024363105550912464	0.25525360297148914	0.06029700433644797
0.03478930657919106	0.1183681476794853	0.11136240366161623	0.03665881297155128	0.07427599982433597	0.2006254793522637	0.06579302902911524	0.021143179135315507	0.26828345961536754	0.06870018215175816
0.03719730549645757	0.11235190484073822	0.1311623369025109	0.03602057749176281	0.08072173024867432	0.1978125509039851	0.06340734283121105	0.026578854943379193	0.24905172069610776	0.06569567564517306
0.03938907658424051	0.11435812712092747	0.11913712317731609	0.03633754381717397	0.07983307307954195	0.20075488310790046	0.07143797141203063	0.023760081894294807	0.25492463639734236	0.06006748340923175
0.033486432732058966	0.11674710703786535	0.12590746730000524	0.032918323176517134	0.0767949790584523	0.2099203585452277	0.0643168084861155	0.024864225779616958	0.2540000915103151	0.061044206373825766
0.03719219195617439	0.11388502815347509	0.11550472772192777	0.032512412154709874	0.07989279097598101	0.1947065365942952	0.07229876794020994	0.026974775785953725	0.2669776519175884	0.060055116799684616
0.03364826325473508	0.11695704016767641	0.11375312641636368	0.03531300241475867	0.07306209963557235	0.21592176321326756	0.06621242025668347	0.02002318196815822	0.2615230796393741	0.06358602303341046
0.034012213980691	0.11570093600276536	0.12477306126148033	0.03819554600437811	0.0863505724062736	0.18692063479824753	0.07167237233320141	0.025057386591561676	0.25348349797791475	0.06383377864348623
0.036714926246513624	0.11505697418228868	0.1325597973648951	0.03267430152310377	0.07330348776361278	0.2108829838536237	0.06366081251295258	0.02676738053044328	0.24359482336522575	0.06478451265734074
0.03752857507209026	0.1173413764009297	0.12790356933959784	0.036270759896908505	0.07309902998619547	0.1987568558893429	0.06894434435799157	0.02060465173182109	0.25627400231762415	0.06327683500749848
0.035742246917712606	0.11763065260579258	0.13182565132998758	0.032041223675864774	0.08082963915271563	0.19912013114503124	0.06258084104501507	0.026274557438451793	0.24729155444044654	0.06666350224898221
0.03662326358973378	0.11401991677354259	0.10966684248282604	0.03338464308563463	0.08632124783072187	0.20612129765822468	0.06295383146706446	0.0244423793712535	0.2641742442820507	0.062292333458947774
0.03641536819288535	0.11687061315411988	0.133512606612799	0.0375360086269552	0.07458480905614498	0.19483315574426155	0.061324253879140866	0.020215990344455384	0.26472091778928575	0.059986276599952065
0.0391213424574114	0.11468836590484818	0.12438482372108255	0.03485781799829438	0.07697359306809037	0.19723125250151463	0.06917137027445633	0.024046773884325565	0.2565060679395011	0.0630185922504755
0.03925951245175068	0.11514654798787388	0.13380141550342153	0.03593198125938683	0.07320290661340047	0.1999120740953627	0.07031073578552437	0.025764928863869205	0.24099927133446192	0.06567062610494839
0.036865828688061486	0.11296253535995412	0.12976124774049985	0.03322731015222821	0.08595582490079452	0.2095839045360137	0.06104461370463162	0.02509419001097954	0.24248319866712054	0.06302134623971642
0.038754714375068146	0.11661781528064888	0.11391748474196113	0.032771384808333234	0.08395911260994066	0.19892125406951355	0.06135682898024976	0.022637129627170585	0.2689663602502344	0.062097915256879646
0.04019282438890086	0.1138256690256714	0.11074141760662215	0.03592403477220368	0.07617001766304281	0.2010638142164774	0.06802229757280379	0.02309706980252861	0.27127102808115866	0.05969182687059059
0.03610834139523578	0.11436706434759149	0.1296035083659999	0.03298394417651583	0.07202217898445117	0.19429147561212462	0.06862445594951644	0.022518710669013522	0.2607677731197528	0.06871254737979848
0.03946249552384085	0.11350326585010444	0.11584039896256194	0.037792179568725756	0.08292008522738115	0.18426428608562057	0.06730956988289	0.025760813038710195	0.2668739787075935	0.0662729271525716
0.033870925182337044	0.11480769950714631	0.1274381593471723	0.034039779416808136	0.0768501875262109	0.1976556268328959	0.06594553074184277	0.02416310896393882	0.26049499777207263	0.06473398470957518
0.03336207255359491	0.11251483703948012	0.1338828163123053	0.03735398351682513	0.07220475450965372	0.21963191784023958	0.06313979080859534	0.02409229976900311	0.24462390336232803	0.05919362428797478
0.03651264136045339	0.11695141168995256	0.11032319747949501	0.0321764510574966	0.07579066528086303	0.21907035261728386	0.0611353361141171	0.026787961788547435	0.25693785525687524	0.0643141273549158
0.03816464129505839	0.1183300065946543	0.11385608909263979	0.03267162582686001	0.07418845412553068	0.22264346701353432	0.06946243145377944	0.026936969998380578	0.2441950515599135	0.059551263039649055
0.03667954192968827	0.11809733034200795	0.11968575767591637	0.03276129990779521	0.08360011001006755	0.19033989580668081	0.06911507639078612	0.02076714076553897	0.26631693190324424	0.06263691526827453
0.03880804073263531	0.11398213856003736	0.11541006570735993	0.03759260726559833	0.08008316468529056	0.21394728347545677	0.06813710199302032	0.023994668822947707	0.24622121799954255	0.06182371075811116
0.03813136824416292	0.11676723492320407	0.12112824234700206	0.03378972731834837	0.08214087995656712	0.18903104630350412	0.06880321625178477	0.021883850762798973	0.2646966914310541	0.06362774246157347
0.039967707314798276	0.11223831920136759	0.1343322022090785	0.032656882095704484	0.07430111580628306	0.19936175925821964	0.07125812789747098	0.026552180412953513	0.24162150732428883	0.06771019847983518
0.033372340423403715	0.1147869824329812	0.13534169599337972	0.037936195555599184	0.08409945080733869	0.19132418190331382	0.06885492790955289	0.026232315868757725	0.24735973506684644	0.060692174038826555
