0.2709081869015074	0.3625177917714153	0.3665740213270774
0.27047604875650266	0.3626579333951971	0.3668660178483003
0.27130075475343235	0.36219731072703304	0.3665019345195347
0.27068346386812214	0.36304789245678004	0.3662686436750979
0.27097672019455765	0.3634887740934812	0.3655345057119613
0.270963561571625	0.36357286714173065	0.3654635712866444
0.27082041136810314	0.36277353974144505	0.3664060488904519
0.2704253553239413	0.3635645339743065	0.36601011070175227
0.2712401409738954	0.36333719641640966	0.365422662609695
0.2711166003584387	0.36367408860583145	0.3652093110357299
0.27116717754670516	0.36231902731487464	0.3665137951384203
0.27114252613966094	0.3624482015404374	0.3664092723199017
0.27061311332262006	0.36374203599391464	0.36564485068346547
0.2707522603672834	0.3633496614172788	0.3658980782154379
0.27127736118908263	0.36233054879581783	0.36639209001509965
0.2712375194687575	0.36282176620018713	0.36594071433105546
0.27070524382996697	0.36246205163145373	0.3668327045385794
0.2706549500077887	0.3623598330357604	0.36698521695645103
0.2706840829539575	0.3623738594506268	0.36694205759541587
0.27069700467134683	0.3624159080544507	0.3668870872742026
0.2707223759279286	0.36372668765810356	0.36555093641396796
0.27112547870460624	0.36333315006118144	0.3655413712342124
0.2709187659158276	0.3627365836640365	0.36634465042013603
0.27087611810048207	0.363422442541441	0.3657014393580771
0.27055055667515415	0.3635279852528572	0.3659214580719888
0.2707707277813608	0.3630633181871849	0.3661659540314544
0.2709664459725498	0.3631177315870778	0.3659158224403726
0.27102712558579456	0.36242356950652305	0.3665493049076825
0.2707738586490631	0.3636291998824582	0.36559694146847876
0.2708355597511575	0.36376127020058546	0.3654031700482571
0.2710876055551597	0.3623519618027361	0.36656043264210436
0.2711987337202881	0.362352369123051	0.366448897156661
0.2712399039828755	0.36251763077128624	0.36624246524583837
0.27123910948822827	0.36269046020225537	0.36607043030951647
0.27112543759478397	0.36250106821152983	0.3663734941936863
0.2710310365541542	0.3638318385868135	0.36513712485903244
0.27065977671588404	0.36353620767656186	0.3658040156075542
0.27053339565911144	0.362476207696907	0.36699039664398164
0.27109227310816736	0.36243136480201654	0.3664763620898162
0.2712622162516667	0.3624698723526618	0.3662679113956716
0.27056025584859283	0.36269246606724714	0.36674727808416013
0.27060246102699753	0.36297921514539794	0.36641832382760464
0.27057782489554894	0.3630214770976464	0.3664006980068048
0.2709925114782217	0.363562930392765	0.36544455812901344
0.2709457394351989	0.36232755736236333	0.3667267032024379
0.2709463291810908	0.36319052847003275	0.3658631423488765
0.2705942014530749	0.36377105063294063	0.3656347479139846
0.27115989184608635	0.3626532931149281	0.36618681503898565
0.27056972523317263	0.36316524034035513	0.3662650344264723
0.27117445016478736	0.3621906582717147	0.36663489156349804
0.2709450585166708	0.36244704196950484	0.3666078995138245
0.2713163963110143	0.363326512668369	0.3653570910206168
0.2709337884887656	0.36249918755979016	0.36656702395144436
0.27052188592930937	0.36328419421116315	0.3661939198595276
0.27102294747065087	0.36257167000058854	0.36640538252876076
0.2705317046152068	0.3630313684382683	0.366436926946525
0.2706873713887414	0.36266909356224536	0.36664353504901337
0.27049382149098256	0.36327740310776946	0.3662287754012481
0.2704834218703839	0.36251201430563085	0.36700456382398533
0.2712399835705955	0.3629958770886754	0.36576413934072916
0.271330861676464	0.3624128651766093	0.3662562731469268
0.2707818287875134	0.36389025544218434	0.3653279157703024
0.27071277967156904	0.36259779292002353	0.36668942740840754
0.27045593903668796	0.3631240338125349	0.36642002715077726
0.2709256836144394	0.3624313543779471	0.3666429620076136
0.2707558943554935	0.36315708356929305	0.36608702207521354
0.27118272565619866	0.36351308645790237	0.3653041878858991
0.2704321538390657	0.3630565353715535	0.3665113107893809
0.2706612541073419	0.3625736268695814	0.36676511902307685
0.27088679997591014	0.36227578248675274	0.3668374175373372
0.2705782223819163	0.3636407723268019	0.3657810052912819
0.27052552175820077	0.3627672100843179	0.36670726815748145
0.27069980235566643	0.3631607703713728	0.3661394272729609
0.27105653322008816	0.3635465222685096	0.36539694451140237
0.2711481516538691	0.36374114549838304	0.365110702847748
0.2706425815370762	0.3640360794713125	0.3653213389916114
0.2704221073367997	0.3636348790466144	0.365943013616586
0.2710756154630876	0.36216276249758156	0.36676162203933094
0.2705090776267908	0.3628379625246331	0.3666529598485763
0.2706191557699168	0.36364576631535006	0.3657350779147333
0.270826785351199	0.3623348449997011	0.36683836964910005
0.2712323640997052	0.3633068327588156	0.36546080314147933
0.27045577406704213	0.3640390700010256	0.3655051559319324
0.27090703836247154	0.36364116103256705	0.3654518006049616
0.27087313726140794	0.3621997306690225	0.3669271320695697
0.2706826595218351	0.3627052264344447	0.3666121140437203
0.27071935543156145	0.36257388033212784	0.3667067642363108
0.27049805935143906	0.36371705302160695	0.36578488762695405
0.27107475819024635	0.36262949448829496	0.3662957473214588
0.2704467819585297	0.3635566942610302	0.3659965237804401
0.2709646289672566	0.36260902087399327	0.3664263501587503
0.27072964404071315	0.3636834424665125	0.36558691349277445
0.2707481485280888	0.3628609216346129	0.3663909298372983
0.27067861994529546	0.36310825760646115	0.3662131224482435
0.27091952536549013	0.36395638340568875	0.3651240912288212
0.2709991342482157	0.36329275163562963	0.3657081141161548
0.2708821777439395	0.3638550509153175	0.36526277134074303
0.2711693499677667	0.362474170064572	0.3663564799676614
0.2712892700494368	0.36316483799403154	0.3655458919565318
0.2704751379358421	0.3636035863342911	0.36592127572986693
0.271211824229828	0.3634667176642984	0.3653214581058738
0.27053066586529184	0.36372897651835867	0.36574035761634954
0.27065639531104535	0.36398174380197146	0.36536186088698336
0.2707632110986301	0.3640973840766126	0.3651394048247575
0.2711769355239208	0.3627391818847629	0.3660838825913164
0.2706861419428133	0.36351563036965545	0.36579822768753134
0.2707982309466963	0.3626542617835552	0.3665475072697486
0.2711656349650883	0.36292565289894085	0.3659087121359709
0.27064684098255143	0.36329033743204026	0.3660628215854085
0.27121125564628956	0.3629396128195814	0.3658491315341291
0.27090684549848976	0.3635827340250149	0.36551042047649546
0.2704953677296895	0.36300316763802526	0.36650146463228533
0.2705063947086677	0.3630480509323567	0.36644555435897574
0.27114014109289036	0.3632968017239468	0.36556305718316295
0.270565349209269	0.36282931666302887	0.36660533412770224
0.27071720817291006	0.36319862742053965	0.3660841644065504
0.27099103545493347	0.3630399578384172	0.36596900670664945
0.2712808201022942	0.362987006158372	0.3657321737393339
0.2709633346031576	0.36340883408734515	0.36562783130949733
0.2708855322448063	0.3623288449120571	0.3667856228431367
0.27104432928874905	0.36384583949578153	0.3651098312154695
0.27079695522927477	0.36295818814817205	0.3662448566225533
0.2706656148540752	0.364045103415605	0.36528928173031994
0.27069750851173646	0.3629950239474584	0.36630746754080523
0.27131000601611965	0.3634614955586472	0.3652284984252332
0.27095885345852494	0.36348495805774356	0.3655561884837316
0.27064048024780085	0.36286442678881786	0.3664950929633814
0.27102610569709784	0.3638162893604413	0.36515760494246097
0.27072352923256277	0.36331811710175577	0.3659583536656816
0.27107037209033025	0.36241719366542313	0.36651243424424673
0.27127573877168654	0.36356857325975095	0.3651556879685626
0.27117129815091945	0.3637337356202617	0.365094966228819
0.2707836819584142	0.36365152068646817	0.36556479735511777
0.27131435690930933	0.3622457195335851	0.3664399235571057
0.2709454443512889	0.36254208031607393	0.36651247533263726
0.27072692911494434	0.3625465282756199	0.3667265426094358
0.27069126973975755	0.3633421966027069	0.3659665336575356
0.27052339428739447	0.3630138814492495	0.3664627242633562
0.2707514245259472	0.36414660998511933	0.3651019654889336
0.2711756182284094	0.3631339276055609	0.36569045416602985
0.27106559730204477	0.36250334396965156	0.3664310587283038
0.2709387471279606	0.3637229911889942	0.3653382616830453
0.2711429122900662	0.3631762709773926	0.3656808167325413
0.27069028156935415	0.36265886478845316	0.3666508536421928
0.2709956095744944	0.36251092816375813	0.36649346226174756
0.27130585896910664	0.3635516093079159	0.36514253172297756
0.27115587113151207	0.36324440817328685	0.3655997206952012
0.2707007512972223	0.36336530133199907	0.36593394737077867
0.2711449552639496	0.36221555850022447	0.36663948623582604
0.27065581035958025	0.3628159025779701	0.3665282870624498
0.27070458332402403	0.363250529268858	0.3660448874071181
0.2713001276745173	0.3630107963586612	0.36568907596682165
0.27126216610803894	0.36354985239382376	0.3651879814981374
0.27084081101134183	0.3637984564463172	0.36536073254234114
0.27131129894378053	0.36305553447035765	0.36563316658586187
0.2707252869173131	0.36348057469325096	0.36579413838943603
0.27052670703455245	0.3630151057310588	0.36645818723438894
0.27103314807989404	0.36360494718438147	0.3653619047357246
0.27078504155074623	0.36388884066213545	0.3653261177871184
0.27078655341877655	0.36385078862152875	0.3653626579596948
0.2708818366918194	0.36359856936423407	0.3655195939439466
0.2711131238694062	0.36333843375687297	0.3655484423737209
0.2709033559187063	0.36265970318280943	0.3664369408984844
0.27091288925850615	0.36322080032108706	0.3658663104204069
0.27081686499014973	0.36375010041069417	0.36543303459915616
0.27095051577924234	0.36312623082078616	0.3659232533999716
0.27093034803246735	0.362360033047305	0.36670961892022774
0.2707708368819085	0.36319120063432914	0.36603796248376247
0.2710262352341616	0.36371525679614647	0.36525850796969206
0.2706919823200925	0.3631578507905041	0.36615016688940355
0.2709661675087684	0.3638837049732035	0.3651501275180282
0.27116351591094123	0.3628998807455577	0.3659366033435012
0.27106608215398875	0.362130840245335	0.3668030776006764
0.2709857790750367	0.3627614992776869	0.36625272164727657
0.27111285413241126	0.3634003356089977	0.36548681025859114
0.2706796230424793	0.36288874602433513	0.3664316309331857
0.2707798667566924	0.3641271242615876	0.36509300898172004
0.2705253552430099	0.3627607868469197	0.3667138579100705
0.2706120947520119	0.3639787713269532	0.36540913392103497
0.27052540134261593	0.3626010648700998	0.3668735337872844
0.27058640353988694	0.36293930440649724	0.3664742920536159
0.27066808142019794	0.36295942995887714	0.36637248862092503
0.2704607109310053	0.3629075432167267	0.3666317458522681
0.2706934682210825	0.36360853221232803	0.36569799956658966
0.27119645045587776	0.3626145947700437	0.36618895477407865
0.2711170167340734	0.3629840752445718	0.36589890802135483
0.2710303149397729	0.36259463210211007	0.3663750529581171
0.27044712769340534	0.3629217213135992	0.3666311509929956
0.2708037420009356	0.3632351003926279	0.3659611576064366
0.2707293582326227	0.3625071341662398	0.36676350760113763
0.2705345222034494	0.3626507829639589	0.36681469483259177
0.2712000595992865	0.3627334981261684	0.3660664422745452
0.2709484144657435	0.36254418381725145	0.36650740171700513
0.27046874297219015	0.3636840669568898	0.36584719007092015
0.2711318715362897	0.36352164879042914	0.3653464796732812
0.2712738505027358	0.3633192529464182	0.3654068965508462
0.2711820761462003	0.36370902366039765	0.36510890019340214
0.2707073145219002	0.36407888490377915	0.36521380057432073
0.27046773466636986	0.36396946075003034	0.36556280458359997
0.2712009890713388	0.3626568164664907	0.36614219446217067
0.2708885905295677	0.36340738920972704	0.3657040202607053
0.27106346523162467	0.3624513705189447	0.36648516424943073
0.27125693977786763	0.36211944233671867	0.3666236178854138
0.27078039837026674	0.3626780914336494	0.366541510196084
0.2710931392279169	0.3624034894579874	0.3665033713140959
0.2704346526863387	0.3627416637184922	0.36682368359516926
0.2709770830854383	0.36317722030569777	0.36584569660886407
0.2706750584128372	0.3635659783599122	0.36575896322725077
0.270918193228743	0.36370903897531587	0.36537276779594124
0.270694582813692	0.36264792967477466	0.36665748751153343
0.2705265684289092	0.3627940247914409	0.36667940677965
0.27116148228501885	0.362628812793773	0.36620970492120825
0.27080552715530826	0.3633735232244711	0.3658209496202207
0.27100449580331154	0.36351753431890604	0.3654779698777826
0.2712064838118998	0.3631442233494252	0.36564929283867503
0.27080390362304424	0.36363575397652526	0.3655603424004306
0.271326579058375	0.36324552166633356	0.36542789927529157
0.2706118440603646	0.3636304448117941	0.36575771112784145
0.2705394813695954	0.36314915254042573	0.36631136608997894
0.27094853156084386	0.3634306570663708	0.36562081137278546
0.2709046886566334	0.3639119312817844	0.3651833800615823
0.27081774626152866	0.36376058783948206	0.3654216658989894
0.27099864787879435	0.3622743811579484	0.36672697096325735
0.2707300547442577	0.362427732160317	0.3668422130954254
0.27089997816311706	0.36361944641378086	0.3654805754231022
0.27061326727795987	0.3624333454570092	0.366953387265031
0.27086490996957396	0.3627364628785067	0.3663986271519194
0.2712481567388949	0.36274403791521664	0.36600780534588856
0.2712820089771836	0.36239352621525955	0.366324464807557
0.2708953358299043	0.36271802121983276	0.366386642950263
0.27121996988139685	0.36227443433486606	0.3665055957837372
0.2709241597326025	0.3632936789284274	0.36578216133897024
0.27086663505135256	0.36389879174306566	0.3652345732055819
0.2706255504078985	0.36275778219026794	0.3666166674018337
0.271056687060407	0.36297286601221845	0.3659704469273747
0.27070095481639356	0.3634151942988045	0.3658838508848021
0.27062930649467953	0.36339680953682724	0.36597388396849334
0.270858517907543	0.362457738063138	0.3666837440293191
0.27095135369622025	0.3629348923604586	0.36611375394332124
0.2705406768678563	0.3633406192236455	0.36611870390849827
0.27090140589105915	0.36359886852029727	0.36549972558864374
0.27069196832034786	0.36286921639519043	0.3664388152844618
0.2707806851761221	0.36382107873331293	0.36539823609056515
0.2706852424277569	0.36403487455955474	0.3652798830126885
0.27061112789106734	0.3638881965296294	0.3655006755793034
0.2710662700957735	0.3634830192040076	0.365450710700219
0.27125511304807615	0.3633213023975941	0.3654235845543299
0.2708084619862414	0.3632761568986034	0.36591538111515526
0.27045350195620393	0.3637191767341289	0.3658273213096673
0.2709296115101042	0.3633863312514932	0.3656840572384027
0.2708139642877532	0.3628238580049744	0.3663621777072725
0.27102742975441924	0.3623367827673906	0.36663578747819026
0.2712622267076545	0.3633575246799783	0.36538024861236734
0.27092111527070173	0.36238487421599813	0.36669401051330025
0.27123542066910694	0.3622602232851322	0.366504356045761
0.2706036408608262	0.36375015459986704	0.36564620453930685
0.2708126653748641	0.3639361408195509	0.36525119380558513
0.2709198771267991	0.36343030499887097	0.3656498178743301
0.27049784065623694	0.36267359910660807	0.36682856023715504
0.27045164727577986	0.3627636370342808	0.3667847156899395
0.2709948542772918	0.36268008538416147	0.36632506033854684
0.2708382356324187	0.364033329321318	0.3651284350462634
0.2711414559590238	0.36343914965922913	0.3654193943817472
0.27093273538025475	0.3636583498883501	0.36540891473139525
0.2709799021781229	0.3634501772161784	0.3655699206056988
0.2713348171553194	0.36231036639459274	0.36635481645008805
0.2711937881770059	0.3624701558945713	0.3663360559284229
0.2712029374696889	0.3632212305236296	0.36557583200668164
0.27099294111335487	0.36376122888265905	0.36524583000398614
0.27131208076865043	0.3626561520264112	0.3660317672049385
0.27124311275122037	0.3632547241500925	0.3655021630986872
0.2705411250206975	0.363665066498962	0.3657938084803406
0.2712203756706631	0.3634801145499766	0.36529950977936043
0.27131772259558673	0.36291245160896196	0.3657698257954514
0.27070958303669534	0.36392441946012494	0.36536599750317983
0.2704562537091583	0.3629237294014299	0.3666200168894118
0.27119726029128616	0.3632655242955772	0.3655372154131368
0.2712455102928857	0.3629158390411249	0.36583865066598953
0.27054906593907824	0.3631291319203878	0.3663218021405341
0.27071465190463795	0.3636579798759153	0.36562736821944686
0.27075615028812466	0.3637565775535576	0.36548727215831783
0.2710775834195586	0.3633714522885725	0.365550964291869
0.27091265178787993	0.36298082146549215	0.3661065267466281
0.271087859605318	0.36310139078012066	0.36581074961456145
0.2708750098849697	0.36373217565549953	0.36539281445953087
0.271055447674961	0.3623229889344825	0.3666215633905566
0.27114483996978045	0.362812615873256	0.3660425441569637
0.270814361309643	0.36311397708932314	0.36607166160103405
0.2709353649475239	0.3638710148975001	0.36519362015497614
0.27057146704465995	0.36275345702699147	0.3666750759283487
0.27099906915308253	0.36301218843413424	0.36598874241278334
0.27047177791864474	0.36354702424249596	0.36598119783885946
0.27056485681917664	0.36398972923569567	0.36544541394512786
0.2706716153539308	0.364146060893894	0.36518232375217524
0.2710066447147877	0.3635876518129689	0.36540570347224355
0.2705002946662281	0.3633793973102847	0.3661203080234874
0.2709983436843059	0.36221143931882255	0.36679021699687164
0.27047724254161276	0.36282846818666975	0.36669428927171765
0.2712258262987415	0.36300982346654026	0.3657643502347184
0.2713177995834499	0.3623047466805787	0.36637745373597147
0.2708403542107308	0.36373330675223453	0.36542633903703475
0.2707117787695616	0.3633728230374891	0.36591539819294944
0.270891549969878	0.3637848523406374	0.36532359768948475
0.2706782420402422	0.36279201125334226	0.36652974670641564
0.27104072577752114	0.3632655943033502	0.36569367991912877
0.27126380441426845	0.3629082986511544	0.36582789693457723
0.2707160317073797	0.3629973115541199	0.3662866567385006
0.27048324122214734	0.36328656674266907	0.3662301920351837
0.2708352279236026	0.3625708259263453	0.36659394615005225
0.27113311036630533	0.3634654137372758	0.36540147589641897
0.2705788523083198	0.3635101321787032	0.3659110155129771
0.2706190952833153	0.3632557258466428	0.3661251788700421
0.2708325758594539	0.3629430527592831	0.36622437138126307
0.27098024170320056	0.36342426850460435	0.3655954897921952
0.2712377355028347	0.36297330624313795	0.36578895825402746
0.270782606708471	0.3632342444924578	0.3659831487990714
0.2709249739679939	0.36385681144759974	0.3652182145844065
0.2712630321653431	0.3634265745085058	0.36531039332615123
0.27050012491486086	0.3627190837102677	0.3667807913748716
0.2712179887348391	0.36300772033321316	0.36577429093194785
0.2705993343030494	0.3627870317822565	0.3666136339146942
0.2709022679176081	0.36296357333486967	0.36613415874752236
0.27128218123040404	0.36223041729322253	0.36648740147637354
0.2706584972615882	0.3640094311879263	0.36533207155048564
0.27114502738211477	0.36253739079603486	0.3663175818218505
0.27131500816944865	0.363313431618623	0.3653715602119284
0.27094232448231736	0.36363823854678895	0.3654194369708938
0.270985953009165	0.36217949406874694	0.36683455292208816
0.271002537881415	0.36289563086206866	0.3661018312565165
0.27110072828339987	0.3624736573029283	0.36642561441367194
0.2704242078520224	0.3639974205552198	0.36557837159275786
0.27106413306303406	0.36284522760546434	0.3660906393315017
0.27128391906698307	0.3629341388773617	0.36578194205565534
0.2704497430091112	0.3628694585490074	0.36668079844188156
0.2704348117203612	0.36338392102078393	0.3661812672588549
0.2708580998130771	0.3625315392865888	0.36661036090033416
0.2704755771418126	0.36275994637108455	0.366764476487103
0.2705327677056323	0.36307387056710866	0.36639336172725917
0.2707849327836881	0.36363441250630657	0.36558065471000545
0.27114210699093355	0.3622344838155698	0.36662340919349684
0.2704286349834433	0.36324742603763027	0.36632393897892657
0.2707961267487472	0.36244021600925247	0.36676365724200044
0.27114383707107514	0.3633622386767333	0.3654939242521916
0.2706374538765065	0.36386880452531223	0.3654937415981814
0.27090109116932565	0.36245207999810786	0.3666468288325666
0.2705838580574875	0.36384390990716875	0.36557223203534384
0.2709320660328741	0.3626150562758873	0.3664528776912387
0.2707092292686639	0.36371912540627477	0.3655716453250614
0.27079917525452174	0.36345401653278303	0.36574680821269534
0.2708410909148022	0.36355702371501575	0.3656018853701822
0.2704853205012523	0.3627202460232146	0.3667944334755332
0.270947814324046	0.3629968536500762	0.3660553320258779
0.2711730287053725	0.3635527446842128	0.3652742266104148
0.2712931719234082	0.3631276521521336	0.3655791759244584
0.2712619302300285	0.3629251871745245	0.36581288259544714
0.27082988527165774	0.3634198045608149	0.36575031016752746
0.2707205219053153	0.36252633943790114	0.36675313865678366
0.2712350555970529	0.36232225766069726	0.36644268674224995
0.2705606721653379	0.36383145930297905	0.36560786853168314
0.2706424461751406	0.36390000927380334	0.36545754455105617
0.2704813375518656	0.3640937852862056	0.3654248771619289
0.2711141946537087	0.36351626935355985	0.3653695359927316
0.27070731598922576	0.3637746254513441	0.3655180585594303
0.27090475589549945	0.36310576992483734	0.3659894741796633
0.27068248733166916	0.3624893600671845	0.3668281526011465
0.27122554981580205	0.3636242094673794	0.3651502407168186
0.27101901669320044	0.36240138636259855	0.36657959694420106
0.27131629742814134	0.3628171380842007	0.3658665644876581
0.2709654513765414	0.36268682943877373	0.36634771918468506
0.27093092597712976	0.3630090455640214	0.3660600284588489
0.27107582537838554	0.3621871171041119	0.3667370575175027
0.2707340714498407	0.3625669307936691	0.36669899775649034
0.27102152119223233	0.36308554425347916	0.3658929345542886
0.2711666837178668	0.3627476286967383	0.366085687585395
0.2710908556445949	0.36336272228300925	0.36554642207239596
0.27044874979662986	0.3630209661541363	0.36653028404923393
0.2706860624052002	0.3639969392669884	0.3653169983278115
0.27114699061456204	0.36340208879547603	0.36545092058996204
0.27051608870979166	0.36383455439300083	0.3656493568972076
0.27115127269340883	0.36322608540610707	0.3656226419004842
0.2709634594903686	0.3630384298763546	0.3659981106332769
0.27108053885306926	0.36237190488083393	0.36654755626609686
0.2705600947571178	0.36248392180930106	0.36695598343358127
0.27046912674906587	0.3630481395434458	0.36648273370748846
0.2709897798693427	0.36326353027673963	0.36574668985391773
0.27086704911109094	0.363685392808944	0.3654475580799652
0.27101432968663086	0.3633415126537145	0.36564415765965474
0.27071486347126567	0.3634371702432277	0.36584796628550675
0.27120600624240004	0.3625335832724498	0.3662604104851503
0.2708646215486728	0.3629566947356429	0.3661786837156844
0.27106981763362087	0.36281465944162355	0.3661155229247557
0.27075919476685334	0.36344763583210005	0.3657931694010467
0.2711196314611106	0.36264990895940624	0.36623045957948325
0.2711315264526622	0.3634084239480337	0.3654600495993042
0.2709403875892825	0.36313193244291025	0.36592767996780734
0.27097772266843545	0.3622656895705756	0.3667565877609891
0.27077599348165904	0.3622995402900152	0.3669244662283259
0.2708045872421103	0.36369341049271864	0.36550200226517116
0.2706348606714991	0.3632781976253161	0.3660869417031849
0.2713064173841374	0.3629640663200705	0.3657295162957922
0.2707836508430681	0.36362078737780873	0.36559556177912333
0.27097081350233176	0.3628392288757191	0.3661899576219492
0.2705655141403697	0.36315991674325326	0.3662745691163771
0.2710038988586324	0.3638956144606769	0.3651004866806908
0.27077587919032964	0.36260663549435984	0.3666174853153106
0.2712805755497003	0.36261627421215215	0.3661031502381476
0.27089959699552985	0.36306667023632105	0.3660337327681492
0.2709213273636633	0.36240830852628375	0.3666703641100531
0.27128689552519153	0.3623132955359475	0.36639980893886104
0.271216028671847	0.3626360339396052	0.3661479373885479
0.2705583175592985	0.36285119692730117	0.36659048551340045
0.27058502889982267	0.362831426124598	0.36658354497557943
0.2711505947228879	0.3630451944180663	0.3658042108590459
0.2713267700290666	0.3635478312470834	0.36512539872385014
0.27133399754720483	0.362437762149804	0.3662282403029913
0.27132385366038236	0.3622239418669617	0.36645220447265603
0.27045720779512794	0.36365131959198493	0.36589147261288724
0.27065755294096083	0.3624032792329928	0.3669391678260465
0.27068547333013004	0.3639934491653676	0.36532107750450243
0.2707632162007051	0.36406622104422404	0.365170562755071
0.2711566103407657	0.3624405828540458	0.36640280680518855
0.2708511983115374	0.36260862206811406	0.3665401796203486
0.2705559725519534	0.3639020697813533	0.3655419576666934
0.27111235534751815	0.36378461078211655	0.3651030338703654
0.27043360217714274	0.36382952894378184	0.3657368688790756
0.27086030849643333	0.36345729791691483	0.36568239358665194
0.2706007896522858	0.3639782544849748	0.36542095586273954
0.2708229371368885	0.3634651285168756	0.365711934346236
0.27055876252546074	0.36271479758087066	0.36672643989366865
0.2707472197040621	0.362963441723555	0.366289338572383
0.270591694415585	0.36375545469458664	0.36565285088982846
0.27126343927256324	0.3621489849194053	0.3665875758080316
0.271189291672879	0.36289389257497573	0.36591681575214535
0.2705008162119079	0.363045786133054	0.36645339765503815
0.27042821011715185	0.3637065116155013	0.36586527826734694
0.2707565722557924	0.3639315177119028	0.3653119100323049
0.27065493700510135	0.3640822618676783	0.3652628011272205
0.27112628614630063	0.36223725405700374	0.3666364597966957
0.2709986585090711	0.36292659896515284	0.36607474252577615
0.2707730997229142	0.36413100852003455	0.3650958917570513
0.27069304199069383	0.36373556177279764	0.36557139623650864
0.27103509444771656	0.3632289402242151	0.36573596532806846
0.2712176055652632	0.3627093385659846	0.3660730558687524
0.2710067457282797	0.3623147228186048	0.36667853145311563
0.2709200289034576	0.3639199272018997	0.3651600438946428
0.2710521873625152	0.3630810167441018	0.3658667958933831
0.27081849734414365	0.36253225465682776	0.3666492479990287
0.2713366182098356	0.36234720261081493	0.36631617917934955
0.2709012514665649	0.36304082450231523	0.36605792403112
0.2707232069462503	0.36415718880767095	0.36511960424607887
0.27082297543900496	0.36406512829117565	0.36511189626981955
0.2710307059440598	0.3629358544290843	0.36603343962685597
0.2712583577239603	0.3630685622517031	0.36567308002433674
0.2709444232456818	0.36329610376864585	0.36575947298567246
0.27060564275541266	0.3636692501720685	0.36572510707251893
0.27123095478513626	0.36297497158242853	0.3657940736324353
0.27083764377663416	0.36400760790936104	0.3651547483140049
0.27100526030280214	0.36315066885564096	0.365844070841557
0.27099658689887823	0.36263695117806477	0.3663664619230571
0.270742049991487	0.3637477594738615	0.3655101905346516
0.27058306050027947	0.36246346056021783	0.3669534789395028
0.27078609308469626	0.3637262492039725	0.3654876577113313
0.2707990917992852	0.3624349134364008	0.36676599476431415
0.27109962877256644	0.3634887804929953	0.3654115907344384
0.2709689207193664	0.3624427410158324	0.3665883382648013
0.27053091985011535	0.36317261914091425	0.3662964610089705
0.27093328736226613	0.3635353681953249	0.3655313444424091
0.27044122042580976	0.3632114935405277	0.3663472860336627
0.27108761863994807	0.3631722115750996	0.36574016978495244
0.2707678822439102	0.3622939488827182	0.3669381688733717
0.27087692331893154	0.3626006500284054	0.36652242665266316
0.27103102668215945	0.3636397101385078	0.36532926317933284
0.2711624309130258	0.3624105471413665	0.36642702194560783
0.27105270941521753	0.36302444881428775	0.36592284177049483
0.2711867333129999	0.3630027153020308	0.3658105513849694
0.2711810688236007	0.36243963745381885	0.36637929372258055
0.2711671437842075	0.3624684022443464	0.36636445397144624
0.27084110748910445	0.363060942505455	0.36609795000544065
0.2713333205599435	0.3625930931783673	0.3660735862616893
0.27113899492472193	0.3631854512300472	0.365675553845231
0.27058547165428715	0.3626770768959682	0.3667374514497448
0.2706888271923839	0.3635793327672066	0.3657318400404096
0.27120154455003365	0.3633889430427928	0.3654095124071737
0.2707865026667244	0.3624041866752577	0.36680931065801803
0.2709431642396176	0.36376317780575845	0.36529365795462404
0.2710757673154035	0.3627530777338772	0.36617115495071934
0.2708836234435887	0.36272047010688374	0.36639590644952774
0.2707959930619308	0.3630520606750125	0.3661519462630568
0.27103405680910536	0.36298668491056335	0.3659792582803314
0.27124158311369584	0.36325886790591666	0.3654995489803876
0.27114269126669965	0.36284500264883257	0.3660123060844679
0.2708542673300556	0.3625951206868533	0.36655061198309125
0.2710975265286809	0.36363431614830644	0.36526815732301277
0.271293222667024	0.3626179175490237	0.3660888597839524
0.2705333315499432	0.363094159735657	0.3663725087143999
0.27101453460694896	0.36275541424177254	0.3662300511512786
0.27084674724570784	0.36323535102584076	0.3659179017284515
0.2712676685351479	0.36252156829891324	0.366210763165939
0.27068466415663106	0.36386494332735553	0.3654503925160135
0.27074558633325696	0.36233378835035635	0.3669206253163868
0.2712200201229362	0.3625656972492445	0.3662142826278194
0.27083742054224236	0.3629631593110824	0.3661994201466754
0.27060839027912614	0.3633177774962902	0.3660738322245838
0.27117211531760693	0.36254401942267866	0.3662838652597145
0.2710001305376143	0.36282223382865525	0.3661776356337305
0.27060319814864275	0.36346525128563406	0.3659315505657233
0.27066533382835917	0.3639726956853617	0.3653619704862793
0.27053529683272337	0.36325632260600027	0.36620838056127647
0.270825766268962	0.3628309865040273	0.36634324722701084
0.2706126093561543	0.3632204922572556	0.36616689838659017
0.2711152239999522	0.3625650001388625	0.36631977586118547
0.2709829376926766	0.36391556287695626	0.36510149943036724
0.27131780278608536	0.36327351536234115	0.3654086818515736
0.2709683503278271	0.3622382211984823	0.3667934284736907
0.27046204503237053	0.3626627147979708	0.3668752401696588
0.27117065388800754	0.3623699576154273	0.3664593884965653
0.2709098938930684	0.36253693139301985	0.3665531747139119
0.271168726381511	0.36264231328384816	0.36618896033464093
0.27054654328158684	0.36326855753156334	0.36618489918684993
0.2705828972005495	0.3628796489369071	0.3665374538625435
0.2705662759677807	0.36276664352031895	0.3666670805119005
0.27110200320256567	0.36282322480692064	0.36607477199051386
0.2708595719826887	0.3623604357934971	0.36677999222381436
0.27049042947579705	0.3636209080932822	0.36588866243092083
0.27081240232202897	0.3627314841643231	0.36645611351364804
0.2707075196158625	0.3626145169005765	0.3666779634835612
0.2704458744666575	0.3639109566797998	0.3656431688535428
0.2704660282061936	0.36336275324526596	0.36617121854854057
0.27065958929277734	0.36319427662718823	0.36614613408003455
0.270949396024841	0.362793986607234	0.36625661736792514
0.27122720346979	0.3621548166424396	0.36661797988777045
0.2709725736438212	0.3621302517673591	0.3668971745888199
0.270590980817526	0.36286263758068715	0.366546381601787
0.2704796556355609	0.3630002913136519	0.3665200530507873
0.2709349825926416	0.36319671527038183	0.36586830213697663
0.27105566386412516	0.3628196787120101	0.36612465742386485
0.2704325685218465	0.3631713197823718	0.3663961116957818
0.27066800130173774	0.36400707182418945	0.3653249268740729
0.271072706964717	0.36382647188853146	0.3651008211467517
0.2709675681833028	0.3635254115891112	0.365507020227586
0.27128572996194467	0.3634907414744966	0.36522352856355883
0.2708098892965207	0.36308369423228254	0.3661064164711968
0.2711399145373077	0.36359070454371223	0.3652693809189802
0.2710369718581454	0.36376060425975837	0.36520242388209634
0.270447645534724	0.36302172538336325	0.3665306290819128
0.27042307870200344	0.3632498021103808	0.36632711918761585
0.2711917910803358	0.36316976399697404	0.36563844492269026
0.2706936621199702	0.36260122070536305	0.36670511717466686
0.2709020483360363	0.36342895432371825	0.36566899734024555
0.27120094229361585	0.36310561446691086	0.3656934432394734
0.2710285183139581	0.36360495292780715	0.3653665287582349
0.27072975009232003	0.3641282392219242	0.36514201068575586
0.270941896248518	0.36377692747599366	0.3652811762754884
0.2704964970560948	0.36376237977937254	0.3657411231645327
0.27043104821821196	0.3629908743268484	0.36657807745493975
0.2706938055788567	0.36397540358546665	0.36533079083567677
0.27053687294060846	0.36277238721452265	0.366690739844869
0.270822310758833	0.36306997624521575	0.36610771299595135
0.271274061525701	0.3625857261001383	0.3661402123741608
0.2706993429129383	0.3628841624570901	0.3664164946299717
0.2712686308902326	0.3621982662774238	0.3665331028323437
0.2710436982404337	0.3627086342077766	0.36624766755178984
0.27102385824894504	0.3622485500724611	0.3667275916785939
0.2707107815027458	0.3629944856961151	0.3662947328011392
0.27079619819566664	0.3624959881250867	0.36670781367924676
0.27072199767274574	0.3639652974037981	0.3653127049234563
0.27061319594533007	0.36277971015868765	0.3666070938959824
0.2708840688110232	0.363373078129215	0.3657428530597619
0.27054857787338765	0.36285010755485464	0.3666013145717578
0.27073880607834977	0.3622760224421322	0.36698517147951815
0.27075788756600144	0.36289875840300834	0.36634335403099033
0.2705276492909613	0.3626265648334039	0.36684578587563493
0.2707060173879937	0.3623136422018881	0.36698034041011834
0.27090885489163546	0.3638425059704295	0.36524863913793515
0.27054806732680253	0.3631153772126167	0.36633655546058086
0.2710932616366655	0.3621677552218423	0.3667389831414923
0.2705369884700808	0.3626666656142332	0.3667963459156861
0.27095103500444645	0.3633408513909445	0.36570811360460914
0.27106105626973226	0.36266816960238707	0.3662707741278807
0.27075197891329766	0.3626998456745763	0.36654817541212614
0.2704593638378336	0.36347413048575733	0.3660665056764092
0.2713178118745314	0.36277853378451397	0.36590365434095473
0.2707002782565958	0.36351073573973186	0.3657889860036725
0.27094315867152907	0.3625702384007622	0.36648660292770885
0.27110183128317583	0.363407546528144	0.3654906221886803
0.2711104387228367	0.3632966059694066	0.3655929553077569
0.27095616978920933	0.36219196985505075	0.36685186035574
0.271013556642433	0.3625507377623526	0.36643570559521454
0.2707128616735365	0.36353942878048523	0.3657477095459784
0.2710364004029331	0.36257010766111314	0.36639349193595383
0.27050234690944314	0.3636329831770123	0.36586466991354466
0.2704976159947331	0.36345419058040757	0.3660481934248595
0.2704522013443471	0.36403308003490625	0.36551471862074675
0.27084140023054026	0.3639016545737944	0.3652569451956654
0.2705972907748846	0.36353633356364135	0.3658663756614742
0.27088037642461504	0.36241221856614353	0.36670740500924154
0.2711891862036638	0.36345350199663706	0.3653573117996993
0.27093984011935784	0.36376349766715554	0.3652966622134867
0.2705741268134711	0.3633431530387858	0.36608272014774323
0.2710669231519782	0.36368863382744654	0.36524444302057535
0.2706969295111574	0.36385699038953967	0.36544608009930307
0.2705488098294535	0.36338187973210856	0.3660693104384381
0.27128927647509815	0.36289184739953784	0.36581887612536407
0.2708516461906604	0.36229963636908674	0.36684871744025305
0.2710827839797544	0.36351924577952566	0.36539797024072007
0.27052454199624065	0.3628999133719619	0.36657554463179753
0.2710564003403064	0.36316722115900313	0.36577637850069056
0.270689328731173	0.36372628765734394	0.3655843836114832
0.27059211167707564	0.3628220827904373	0.36658580553248715
0.2711292516166464	0.3628902928034946	0.3659804555798591
0.2711084195751971	0.36232188089483547	0.36656969952996754
0.27107378331567544	0.36227586179431814	0.36665035489000647
0.27113291126499084	0.36247991678052593	0.36638717195448334
0.27054653140138235	0.3638032283066644	0.36565024029195337
0.2710415630825896	0.36352372355574814	0.3654347133616624
0.2707518146508604	0.36294287574751416	0.36630530960162555
0.2713357877210065	0.36268661790992807	0.3659775943690655
0.27051449268087085	0.3630625982468762	0.3664229090722531
0.27061853704344746	0.3631159791610581	0.36626548379549456
0.2704827128464857	0.3630504926478416	0.3664667945056729
0.27087595266123665	0.3630635681257165	0.36606047921304696
0.27098663988645044	0.3636829979453242	0.36533036216822545
0.27093055301190205	0.36327628960185593	0.36579315738624213
0.2707822380155206	0.36236389400544694	0.36685386797903263
0.27123060677510424	0.36352142324974573	0.36524796997515013
0.27061330079229823	0.3629171123035715	0.36646958690413034
0.27053654906647684	0.36267387080443925	0.366789580129084
0.27069349196629033	0.36281510462283967	0.3664914034108701
0.27100900941429584	0.36305527982629093	0.3659357107594134
0.2704524789307347	0.36397838864998733	0.3655691324192781
0.27076331189325586	0.36274207902541805	0.36649460908132625
0.27080034787584817	0.3631910680672357	0.3660085840569162
0.27128035270875495	0.36265916784732155	0.3660604794439236
0.27073383671140394	0.36296091045020645	0.3663052528383897
0.2712950300518064	0.36326562283363195	0.3654393471145618
0.2709982525920489	0.3627629676340681	0.3662387797738831
0.2706669190785316	0.3625241855840813	0.36680889533738725
0.27066903149200683	0.36363688274912975	0.36569408575886353
0.27099864579269445	0.3631742838651652	0.36582707034214046
0.2708298887572972	0.36390935497847365	0.36526075626422927
0.2705744203401438	0.3624499865158514	0.36697559314400496
0.27055608674144616	0.362554002041885	0.366889911216669
0.27080783452502577	0.3625661709436983	0.36662599453127603
0.2707509283335104	0.363799659743633	0.36544941192285674
0.27096796339724416	0.3630771071785092	0.3659549294242467
0.27098767023089665	0.36355421463239607	0.3654581151367074
0.2710647982726688	0.3638445979496368	0.3650906037776945
0.2710594493952192	0.3636760361499549	0.365264514454826
0.2710164917872134	0.3628572089174814	0.3661262992953053
0.27098707263286104	0.36365020519634156	0.3653627221707975
0.2707809751229392	0.36301571337170235	0.3662033115053586
0.2704375207661801	0.3627181987292031	0.366844280504617
0.2713033485561773	0.3623685823910265	0.3663280690527963
0.2711116492981353	0.36350274705479735	0.36538560364706746
0.2707439947854409	0.36238330718038864	0.36687269803417055
0.2710652785243551	0.3626239113896311	0.3663108100860139
0.27063863565935875	0.3625105208847663	0.36685084345587504
0.27096804169293925	0.36316494692705265	0.3658670113800082
0.27080131758220305	0.3639037029670944	0.3652949794507027
0.27109584443146023	0.36259902340167555	0.36630513216686433
0.2709411300522638	0.3628792704031008	0.3661795995446355
0.2712670935184518	0.36261385453336337	0.36611905194818495
0.2705257548671878	0.3631783307348448	0.36629591439796755
0.2711316933112427	0.36310566518733745	0.36576264150141996
0.2711391482616268	0.3630769598350136	0.36578389190335975
0.2707358393080522	0.36333216179094957	0.36593199890099837
0.2712420575517614	0.36218364943370723	0.3665742930145315
0.2710358667715612	0.3627694230179822	0.3661947102104567
0.2704750373507929	0.3633472821516937	0.3661776804975135
0.27133428038761864	0.3624561980673551	0.3662095215450264
0.27058486124786973	0.36351424641640584	0.36590089233572454
0.27063782699433836	0.3632323175634301	0.36612985544223164
0.2712512310184844	0.36229604710918684	0.36645272187232886
0.27088127549531876	0.3624049834690532	0.36671374103562815
0.27045009354743327	0.3633900658981214	0.3661598405544455
0.27080166408063355	0.3625947986415023	0.36660353727786427
0.2707789487954838	0.3639475444495275	0.3652735067549888
0.2706167042868735	0.36326824563609045	0.36611505007703615
0.27099294666509277	0.3625113921118611	0.3664956612230462
0.27117858313245036	0.3622564951941963	0.36656492167335347
0.27084221259951863	0.36220829613192884	0.36694949126855264
0.2706627023679524	0.3634602432573611	0.3658770543746866
0.27107751825382376	0.3625552742216051	0.36636720752457125
0.27131845369044627	0.36224087196225274	0.3664406743473011
0.27099041872009066	0.36226750468985164	0.3667420765900578
0.2711956094216658	0.3628326617365938	0.3659717288417405
