0.028084825792100324	0.17519528284223856	0.10599584089880153	0.13626064150643552	0.06313569488830242	0.18734280059014402	0.08183559242558712	0.054405423030941626	0.017748337233229217	0.1499955607922197
0.029387091703776097	0.1862265512965508	0.10389469284681944	0.1379262929640437	0.06660823489420487	0.18361603330803242	0.0775813180565017	0.044020579465670215	0.024178619977201193	0.14656058548719952
0.027785092881319362	0.18480210185694979	0.10672971522043846	0.13841203622690157	0.06597799013214523	0.18216412631984863	0.07935060213786863	0.04499301710544571	0.023644407841238155	0.14614091027784448
0.028653075085292773	0.17215008973668047	0.10311535824656093	0.1518320016458768	0.06771135992899575	0.17689553177935782	0.08187446697542097	0.049074157550677296	0.02183002668377622	0.14686393236736103
0.02991111860863628	0.190361756115198	0.1067931312588769	0.1405056144100513	0.06790731111748377	0.1786055179757874	0.07747616997441131	0.040112703527629676	0.022276797635025783	0.14604987937689962
0.028187310361039566	0.17935912883049593	0.10091277751689955	0.15009219869992568	0.0653728836255022	0.17634719773997157	0.08154840742282185	0.05234321274854515	0.025376059704977222	0.14046082334982132
0.02966343743486427	0.15324417607624435	0.10204269211776382	0.15246400312763525	0.06705587489928484	0.17722487717380053	0.07663807075083962	0.07147943082848808	0.02334350251137049	0.14684393507970878
0.028471620493162014	0.1657698501012276	0.10441530105967517	0.15012769176670374	0.06588565556746809	0.17705334458157038	0.08042860600487836	0.05124897857726077	0.025161404277020294	0.15143754757103356
0.02911882966963876	0.17111155956513113	0.10007101220397391	0.1511171153554114	0.06347374153515925	0.17835233191157257	0.07976852223479608	0.05631424201710251	0.01910403118110117	0.15156861432611327
0.028056393793415416	0.16013618655048156	0.10505585687770286	0.13249044709445285	0.0671295155270571	0.18058570483054698	0.07920623702306087	0.0768800314589453	0.017516726166463825	0.15294290067787322
0.0283960484736049	0.15301596743884927	0.10666343090234948	0.14269905210570172	0.06322224049611064	0.18588825712843404	0.07671188109995536	0.07378857539788783	0.017598561709293012	0.1520159852478138
0.029850427660060616	0.17403059920402691	0.106710774031831	0.1312067039196172	0.06618631222303883	0.1800060916141895	0.07817661548588993	0.07133641433175761	0.022418944274260957	0.14007711725532745
0.027716317336765273	0.15693621991174564	0.09936805117880525	0.14896929441487716	0.0675780525090891	0.17741375708967166	0.08204959586599342	0.07741305000323345	0.02381392426406838	0.13874173742575066
0.030091296850824525	0.16190790713251918	0.10401643221604776	0.13407074000150976	0.06597358729949317	0.1812906831965185	0.08184439569090035	0.06704324158662761	0.02116163595722756	0.15260008006833162
0.029814615343748324	0.17544187846090809	0.10425408137936276	0.13826466582531588	0.06447523980850156	0.18718228301140938	0.07841301722984656	0.06713243345660314	0.019898986352775053	0.1351227991315293
0.029689024630012883	0.1972043883302554	0.10677096634927452	0.13168473853793577	0.0670871143599736	0.18012478932927994	0.0795073929214262	0.04945384581596316	0.023707014875125818	0.13477072485075273
0.029852630689020013	0.17317765518002587	0.10446826367154735	0.14700296959344428	0.06749499604646257	0.18128327342609563	0.08218858743781564	0.04070376714321474	0.019909273473346728	0.15391858333902725
0.02819302056918957	0.1724471649299018	0.10223582872081756	0.1343538687815138	0.06781087645485631	0.1820402074174274	0.07971242698777206	0.0621809323761371	0.017426460135928426	0.15359921362645598
0.03001413187204957	0.16442061872183197	0.10100457469958068	0.1411941951308187	0.06494456228265624	0.18417294541190582	0.07865071726001095	0.07213241751161491	0.024282577371568748	0.13918325973796242
0.02935901516640077	0.1746786156713534	0.10438344665220516	0.13167356719849702	0.06789235364515593	0.1860709110476399	0.08229758970568864	0.06733407048244354	0.019361096764301755	0.13694933366631395
0.028855772234064506	0.17078653928498105	0.09930013492658668	0.1419947551653066	0.06495561444271081	0.18718519311189627	0.07682535030641204	0.06002236197272739	0.024277837043910372	0.1457964415114043
0.029756598338435775	0.17408588209185094	0.10406952225551151	0.1438621603394035	0.06332451395287007	0.18138180567558332	0.07816229273420218	0.060275836083108714	0.02568000257980206	0.13940138594923193
0.02923671643501989	0.19286830118957393	0.09936661935115683	0.140496254095187	0.06630927446804104	0.18577643125287643	0.08214176842365191	0.04245504702549293	0.01776625369801732	0.1435833340609827
0.02997779359965655	0.1745983231040018	0.1045366288868824	0.14296050295085017	0.06325552469857611	0.18318292723667828	0.07760495211791198	0.05969431661079561	0.024617376235008745	0.13957165455963833
0.02807595960365769	0.19417850030874007	0.10013964231951829	0.14475702362397136	0.06506401761066145	0.1776082913071681	0.07895435548221844	0.05542647724206705	0.018757089146131722	0.1370386433558658
0.02819781036028067	0.18920405470668228	0.10178414546027234	0.129414133134286	0.06768366307228828	0.17921310914680716	0.07750523156855707	0.06050809312581031	0.019587267444633183	0.14690249198038274
0.029900884998530247	0.19490633293357673	0.09908606555456333	0.14402531654969525	0.06658196079793521	0.17863520644010905	0.07672509561925811	0.04848636732110788	0.024116403934385647	0.13753636585083856
0.027800464984810355	0.1962871283121872	0.1025489367212791	0.1357020656641419	0.06547868168038234	0.1814134642157431	0.08248382332676908	0.04887395690163	0.0220232006254637	0.1373882775675932
0.029107806077724993	0.15987961399526973	0.10551663370072092	0.13444980608972099	0.0679852899579164	0.18345200917659538	0.08199943867379231	0.07035526300887436	0.020609611276783832	0.14664452804260109
0.02922308122365773	0.1631391094297504	0.10702708390712556	0.13799675174733167	0.06325213658506662	0.18562873106670086	0.07696485481820987	0.08044859464464818	0.0182681097625131	0.13805154681499604
0.029305315737104348	0.16527139104524596	0.10302147796440565	0.14009630451191468	0.0673771928133318	0.18493686153755362	0.08241677369471055	0.06478765466011954	0.021967974795520095	0.1408190532400938
0.02922526361139756	0.15210205768923424	0.10553679598206153	0.15210849362791917	0.06611654156165168	0.1765768483937188	0.07805218215058995	0.07779042378166123	0.01936373610606125	0.14312765709570457
0.029823693766870288	0.2010954224289982	0.10412657544236913	0.13127829737348995	0.06505313536654708	0.18213158030740395	0.0788842851429337	0.04124920961911466	0.026197873374214767	0.14015992717805825
0.0287970481953478	0.16494185566413644	0.09994979469134128	0.13478562080147122	0.06578580963985822	0.180735921335132	0.07910514460360395	0.06979753888208595	0.026209185444964964	0.14989208074205818
0.028404356001855022	0.19169241934061812	0.10510257305956411	0.14225088161231333	0.06746392690131951	0.18102605904655378	0.0772355157556368	0.04187694616449254	0.01885876697201984	0.14608855514562694
0.029216038726217114	0.18446984645380124	0.10084102702532258	0.14936670580947242	0.06481591512020209	0.1766282786877038	0.07985089525302635	0.0537431021916022	0.02207825734084415	0.13898993339180807
0.028074225011651424	0.174560503762776	0.10540440509233451	0.14011772573565512	0.0654462336653987	0.17665300751443308	0.0784254404952204	0.05853901696161614	0.02147736176908971	0.15130207999182493
0.030149479907732132	0.18812305205907692	0.10569938090651447	0.14716283548506776	0.06647854259001527	0.18401364797887027	0.08087009466361779	0.03929269520633724	0.017509926275103102	0.14070034492766503
0.029447154291635247	0.19423417168943272	0.10062333539684931	0.15090499428523355	0.06537383788806611	0.17674687717929682	0.08066930013755592	0.04148890141431257	0.02416825684517626	0.13634317087244152
0.027722356700948927	0.1827734798076165	0.099952754238762	0.14270865636333127	0.06419594974400543	0.18230260236706142	0.08083434015441598	0.04312747460965969	0.026144634832095046	0.15023775118210383
0.02818021828847707	0.1667172720970104	0.10152059498956756	0.15046787095452105	0.06593859437374927	0.18420434424985652	0.08051864703091012	0.051718944217937775	0.023181154719399244	0.14755235907857095
0.029283290551413044	0.18653089389589006	0.10243558238785655	0.13686828240636806	0.06465833604690421	0.18498036496683531	0.0774606990066346	0.04474250737256317	0.019188612883346154	0.15385143048218886
0.029714308054258662	0.1818047596069271	0.10698521461744144	0.1350921755986963	0.06646123312069493	0.18418980000355833	0.07829586933547186	0.0430606306258436	0.02038918621376913	0.15400682282333866
0.03012711002575895	0.1775384123941673	0.10131827118809869	0.14632954480362967	0.0666323164799007	0.1768400569725848	0.08148017072337996	0.06121902279182451	0.017827896289579412	0.140687198331076
0.02901556267738685	0.18255898017022493	0.10095692720335432	0.14429549945282938	0.06389245063472757	0.17809910300154275	0.07880458115583593	0.04865999458505775	0.023604891323390123	0.1501120097956504
0.02775689491426192	0.16144606712832268	0.10089241713676217	0.14808292573045279	0.06428972326100607	0.18716746014315	0.07806391321957322	0.06259632792197625	0.018319168621984766	0.15138510192251015
0.03005689281339355	0.16051717873787205	0.10254115751359627	0.14026475294093319	0.06469277891384145	0.1838823866628453	0.08229029062252921	0.07859789768655284	0.020432244493905363	0.13672441961453077
0.02844061663499038	0.165861708533283	0.10011485202095928	0.12996173049330914	0.06449779793434801	0.18250281324767603	0.07860190311077296	0.08102023143421105	0.019164869305337298	0.14983347728511287
0.028823012721401614	0.17479135384677677	0.10433589066720178	0.15081384859924338	0.06370545401022891	0.17713915312964068	0.08014259179306069	0.05555021851992583	0.017677182045513634	0.14702129466700675
0.029484162350490756	0.1606339768183147	0.10452075079187502	0.14717438734096427	0.06611379063554781	0.18688549687835024	0.08085400628190037	0.06317753886116109	0.02240566342090207	0.1387502266204937
0.030110650786720913	0.15464913123222573	0.10192259949922956	0.1451881103191923	0.06541179424323071	0.18200655775388264	0.08167099304780374	0.07819356684737414	0.02180167066212868	0.13904492560821163
0.02870384936889088	0.16574022318971596	0.10104510021946016	0.13973372868799858	0.06608616287748609	0.18426263399649678	0.08238484540873728	0.06950650403163018	0.025948743029082358	0.1365882091905018
0.028872064383504314	0.16614120494387263	0.10691255472171265	0.1302912046263302	0.06389889617698374	0.18327838266433608	0.0786735350389767	0.07554742058500226	0.02584068650485309	0.1405440503544283
0.02959103802529235	0.15689248820445192	0.1065516041892718	0.14478090836024454	0.06754443818461475	0.17670721811826967	0.07951260134066307	0.07089344590278251	0.025925876379383872	0.1416003812950255
0.028243823259731446	0.1877168475908275	0.10527995454201183	0.14788883150288262	0.06667792092664163	0.18464398064459842	0.07645503700912246	0.040530496092124065	0.023199047807810222	0.13936406062424986
0.02986906137793019	0.17482835234953095	0.10373234148140911	0.15012253232278516	0.06413086891510442	0.17847277621746088	0.0786196620360459	0.05601374475826874	0.02584494009204362	0.138365720449421
0.029003267994192533	0.171317104149333	0.09915250872181994	0.13592130717850606	0.06372945873342559	0.1828588243164821	0.07794096730183313	0.07226228479886107	0.024364737300121717	0.14344953950542494
0.029468871497687413	0.18040440020997855	0.10305546573769758	0.14302988107426678	0.06430558317348443	0.17859180627728055	0.08066761582616619	0.06449409471156053	0.017183346785381817	0.13879893470649618
0.02947556420061377	0.17167134287991584	0.09993396208507638	0.15238142773116525	0.06746647303032237	0.1855189517540069	0.07750299321319093	0.051097131929829884	0.018986666445462513	0.14596548673041615
0.028826874799836824	0.1857734611451149	0.10234830141599875	0.12924695746777598	0.06779422276012059	0.18073835170071767	0.07972407882687291	0.05483677429307669	0.022218345949505225	0.14849263164098045
0.02835853595010368	0.17651766477035247	0.1004883678157159	0.13681676716917843	0.06401426002375016	0.1871046196055676	0.07986685229518815	0.05801781232954647	0.024296466304305098	0.14451865373629208
0.028684900249884945	0.19472683052191586	0.09968107848759582	0.13106199148976505	0.06788066719335631	0.17922227542572577	0.0768208417340138	0.05410958362362901	0.0245886623353892	0.14322316893872425
0.028574675514687523	0.16874127730999772	0.09970132502265895	0.14072937453435128	0.06706193885993755	0.18248780788392605	0.0773587328518879	0.06322332468947958	0.02385139744389457	0.14827014588917886
0.028873745544282278	0.1648740364685934	0.10276705035473516	0.14737594047820463	0.06430046172517498	0.1763690293574402	0.07999104045958198	0.06428965323482291	0.024438928893853407	0.1467201134833111
0.02797998947709887	0.16999866503897476	0.10177153593204966	0.15153657078912683	0.06382041913766653	0.18157055572783998	0.07982865202067557	0.05409659429995446	0.02337764658453706	0.1460193709920763
0.029563929795624305	0.16298858165763042	0.10486419347979219	0.1331170796415579	0.06590163124634806	0.1872814545176093	0.08011590639771829	0.06711547189955012	0.020981789829826694	0.1480699615343428
0.029513952131925397	0.1963148096130234	0.10263201484931775	0.13708605119536588	0.06555224816981808	0.17609749002072317	0.08126387184680031	0.04537228892284079	0.017160915245320457	0.14900635800486473
0.02787984399923711	0.1727470725354286	0.10595312528954304	0.14821158221168787	0.06572249721406857	0.18155196914863442	0.08079437342761996	0.042278059411384405	0.023527076170343497	0.15133440059205258
0.02773576591374481	0.16796301683156847	0.10602506149301166	0.13312065330540465	0.0667931408973375	0.176227593266173	0.08216294937019701	0.07718074154686547	0.018351985969287513	0.14443909140640993
0.03014310901060875	0.1674523410559648	0.10493881193481727	0.14026599692628536	0.06600539249749732	0.17867430668471962	0.07655293363893183	0.06897381376675665	0.024240752836130114	0.14275254164828827
0.03002010593998658	0.16015064270371754	0.10457940174028395	0.15015423159962843	0.0669890525645748	0.18525617484182194	0.07950455715000995	0.05024789890344422	0.02007201276519409	0.1530259217913385
0.027782937491827628	0.16312325679250916	0.10332764456133689	0.13536887376698487	0.06542729204693201	0.18595671488979382	0.07813559348604839	0.07529840052576856	0.024492556799661253	0.14108672963913743
0.028331123918493517	0.1653072727757155	0.09999347590585599	0.13309615039750658	0.06634196936445859	0.18031286386757123	0.08175038743108928	0.08132237519777571	0.023389675750901298	0.1401547053906323
0.02843239261258225	0.16062398684697668	0.10194190308329534	0.14223400459309365	0.06550114977236249	0.1842748667652631	0.08235479136501628	0.06512048389041167	0.019045834696737887	0.15047058637426067
0.029434815270028933	0.15801720459509527	0.1002489307841487	0.14505032748060165	0.06443855840478172	0.18319390337394453	0.07614902281805411	0.06971435469362063	0.02150018727044388	0.1522526953092806
0.028475487223516324	0.20024881645971854	0.10624471257410727	0.1384327817810391	0.06441856736015839	0.1770576115215818	0.07976433805930391	0.0415573202764673	0.0171874008317372	0.14661296391237016
0.02833848511475863	0.1775199575077976	0.10124970530706891	0.14582037003619272	0.06423062928885237	0.18582331054695916	0.08076976654399468	0.04709011827883755	0.02090539047966211	0.14825226689587628
0.028686658033495682	0.1677833408774032	0.1051288403838642	0.13266669265129752	0.06612969372342259	0.18585540764771705	0.07773298091937725	0.07487969959402285	0.024574680007112715	0.13656200616228692
0.030040998071797484	0.15984496504642856	0.10266278673903621	0.1390756855321964	0.06428554716220866	0.18288214645866507	0.07967360474870078	0.08081169493916597	0.0247223362833527	0.13600023501844818
0.028953129795006263	0.1790415164782157	0.09915162488386332	0.13803580672986832	0.06421698087350805	0.1870231428652813	0.07656501482215614	0.06410194233571719	0.02038638937664229	0.14252445183974144
0.02872954120349014	0.16284652199335972	0.10025587071431707	0.14590135189818573	0.06642803366598496	0.18310673730275454	0.08215071921919687	0.06422579318933865	0.024662608605153957	0.1416928222082184
0.028181885698208703	0.1780624132899594	0.10245486040358746	0.1482919040195696	0.06772977937658682	0.179556568295643	0.08193150906712922	0.05218655845042748	0.025274127231168536	0.1363303941677198
0.029420566240421497	0.18817535682642814	0.10537176198456388	0.1458025930914604	0.06293312891791425	0.1765491644768709	0.07805542765406681	0.05299092449495658	0.022912549374667704	0.13778852693864982
0.029085574230145003	0.19465474068947092	0.1046550533907437	0.13627965747197127	0.06457818313152797	0.18705440244664573	0.07667556346449453	0.04730739526349668	0.021073521225024344	0.1386359086864799
0.027910944592242942	0.19472476611064815	0.09969473022683231	0.13269338412879317	0.06748899116336905	0.1788537336477246	0.0820086491932554	0.04193831122880319	0.0239181993811855	0.1507682903271457
0.02789487327500363	0.17322589474984312	0.10347506408136105	0.13377691009882198	0.06767598976284481	0.1829205086668132	0.08103630675182916	0.0578327476234434	0.0219953572257299	0.15016634776430976
0.027775232108203457	0.153559850133681	0.10165614710946144	0.14973456313390915	0.06493211192069115	0.18021979391033846	0.08012650614485643	0.08236900751205178	0.02384880224902955	0.13577798577777767
0.029270699368656602	0.1725686679189352	0.1017871052326011	0.13655688248778197	0.06448588403964697	0.17715260475604389	0.08146713986134961	0.06539053921309193	0.022825638685762262	0.14849483843613054
0.02819298178745401	0.1846136682317976	0.10440540248183032	0.1499397017154871	0.0628139985248923	0.17979933977998383	0.07773701525748389	0.04568469626598545	0.021897334772132	0.14491586118295358
0.028069794700576786	0.1574737608544135	0.10442326803827748	0.14031394517338297	0.06582518664826818	0.18686992707095124	0.07747400568500104	0.0673346193635656	0.020478222284223593	0.15173727018133962
0.027881078951025914	0.15365693118145068	0.1055782598569907	0.14722316746109618	0.06671600901171386	0.18415277285921178	0.07709567743505928	0.0641606666624984	0.020304312655206255	0.153231123925747
0.02946899869590805	0.16038242893894888	0.1039318555747755	0.13826997600762048	0.06694700147339365	0.17801469902624723	0.07927264325217115	0.07900943012931173	0.02143973899720307	0.14326322790442023
0.030094581021318553	0.1726227854034793	0.10464326453585736	0.13796231103193235	0.06536640682053602	0.18556188759482417	0.07616680326097938	0.06322076675187803	0.023762389776343013	0.14059880380285186
0.027835321634087654	0.1967466857824754	0.10183458732326436	0.13193300229626334	0.0642311378529732	0.17971017067917852	0.08215550983909295	0.05665639469572656	0.01902839125691974	0.13986879864001828
0.028244653727817218	0.16359328481965693	0.10707349803607531	0.15095243276456738	0.06789528517335539	0.1769153960465842	0.07955604579375514	0.06849304990912072	0.021849746479578033	0.13542660724948966
0.02874446794746019	0.18143562427204202	0.10048119767406419	0.13258223130955868	0.0642667312830735	0.18603515994778208	0.08077251483607309	0.07060945986628855	0.019378725246696454	0.13569388761696122
0.028739220371390914	0.18497057077283424	0.1042316427095671	0.1482965950843402	0.06319083010402995	0.18256846734070353	0.08025456145059509	0.03963480285795099	0.020200166566901337	0.14791314274168663
0.029301412260119966	0.16541229344651942	0.10407301450877887	0.15178465074058486	0.06415348724893175	0.1838202770500747	0.07827335028188609	0.05618052099804907	0.020228404905905162	0.1467725885591501
0.029962088612360716	0.17630314696148713	0.10106714270645278	0.14610507943463816	0.06778152267283938	0.18638396446359662	0.08022278790614093	0.04392898265745978	0.020432478107991647	0.14781280647703288
0.027966379186897178	0.17732127081118426	0.10380182923520723	0.14988015591166137	0.06706896102656942	0.1862588008472846	0.07659277656282451	0.055228313532188766	0.01713963699986873	0.13874187588631398
0.029937816265810532	0.1617622604092675	0.10308875832994595	0.13878642917839176	0.06373136901761167	0.18650599148960526	0.08016836060783936	0.07610299339443682	0.02221948403733502	0.13769653726975617
0.02940110140537751	0.15238169638929083	0.10211823713208729	0.1483081602644491	0.06350330226630745	0.17693435454722525	0.08190105333840604	0.08124965225155925	0.02057340030048932	0.14362904210480798
0.028240785157934767	0.16515372517348165	0.10537354901205156	0.1490822253572425	0.06320211055325531	0.18619686863564364	0.0774492386284463	0.05289244281958906	0.020505711875090607	0.15190334278726464
0.028546405288610577	0.18990409178505047	0.09926907443953423	0.1438951010506896	0.06340516467395027	0.1807367992108335	0.07858724166433459	0.0389123256132594	0.02455350933961345	0.15219028693412393
0.02820460472608409	0.20024569599391442	0.10568170292814211	0.13697267239273767	0.06763400810949881	0.1817943076713652	0.07699645249260756	0.0465971587154826	0.019814229210820197	0.13605916775934737
0.02867540377820542	0.1769366404968399	0.10616779852070397	0.1464382878319625	0.06651936892901346	0.18091005170537777	0.08129964703403818	0.04313749240588416	0.023975852810839457	0.1459394564871352
0.028630693212923233	0.1724935869597239	0.09942812211631746	0.14391635442470246	0.06688583368834074	0.18281194166422643	0.07975080633845191	0.06906375506325056	0.021551570874227835	0.13546733565783547
0.02790992525930759	0.18255229831071693	0.10161842992832013	0.14863581527048966	0.06446667414080223	0.1870002333848262	0.08248725154143682	0.050718353281728835	0.019835537802154496	0.13477548108021722
0.02933006462459442	0.19953000892151534	0.10255895233618512	0.13116739512373726	0.06794837039736557	0.17974135275622616	0.07601993715281888	0.04052063792245904	0.02277831110354611	0.15040496966155206
0.029634593035695628	0.1736509277774328	0.10062396297159205	0.14171181511913594	0.06704338563269352	0.1862235511402017	0.07700290975656886	0.05732436307929907	0.025258880705095563	0.14152561078228493
0.02954743907366021	0.17334322947536207	0.10582808734638709	0.14062942834176997	0.06664772047814355	0.1829095309730119	0.07645603236517115	0.052684975078969395	0.020915947852529093	0.15103760901499558
0.029653521825382056	0.1934025938877823	0.10619324987663088	0.14372943474197247	0.06710663154416976	0.1790995137271355	0.07979258477343514	0.0410927922249842	0.022706705094534638	0.13722297230397307
0.029617975782514627	0.18270415646742783	0.1006420777073089	0.14820298483711872	0.06345773520407039	0.17839183236948086	0.08164054381955199	0.05022392118070261	0.023019033862384283	0.14209973876943982
0.029475258159104095	0.17429808241933506	0.1036733391994867	0.14224507768148997	0.06618703715486964	0.18141497855758026	0.07662256644801343	0.05015302975015973	0.024378945780921424	0.15155168484903964
0.02928594167580391	0.18403863347917193	0.10406977387259507	0.152092286697799	0.06394102000210003	0.18583997881573752	0.07623295579125901	0.03915375594067602	0.017167667539130252	0.1481779861857273
0.02923787325837185	0.15646160117363125	0.10386125732448914	0.14496063430221462	0.06707228412199327	0.18651864067657878	0.0814380380440764	0.0626558739441351	0.02348611779886374	0.1443076793556458
0.027917250797036622	0.16471478016659002	0.10162431233297116	0.1499411264164545	0.06714406042080931	0.17747935705000392	0.07647520745049857	0.057928737226050055	0.02474893856320226	0.15202622957638362
0.028352167286713706	0.1549361765497732	0.10591411620740786	0.13779386099645363	0.06353452631817344	0.18085316196770795	0.08044087380417958	0.08170722821316251	0.02584678242656517	0.14062110622986293
0.030017398556230104	0.16506851442467957	0.10368730709954627	0.13290303817160903	0.06442060502425861	0.18581073134931986	0.07599060855222754	0.07618930522234427	0.019597451880790193	0.14631503971899462
0.028782234596350098	0.18519963715898585	0.1039570772738802	0.14842218566505624	0.06520450945192399	0.1860243991506101	0.07761514185247854	0.04246797215671581	0.023661322358900005	0.13866552033509916
0.030010370657979638	0.18852448658710225	0.10233317266134373	0.13787695708537703	0.06407800990847966	0.17677885124083653	0.0765687178381832	0.054882653957466394	0.024082373752157465	0.1448644063110741
0.027945719835956742	0.1748355419819675	0.10576340520501619	0.13287384443667982	0.0676653437895631	0.17635990622785597	0.07884557524796579	0.07588994739675123	0.023611927019991652	0.13620878885825202
0.02987871243383189	0.17924128911654652	0.10108380320691294	0.13115079821913844	0.06484133393757004	0.18101371842555253	0.08164151690659528	0.05976718860048806	0.022037785132118376	0.14934385402124595
0.030091572582406592	0.18720176248678924	0.09951341790778642	0.13161097042734765	0.06525933049547786	0.18605176188840275	0.07774110935826423	0.050811220648907196	0.023495625378040813	0.14822322882657726
0.029065599633965475	0.1887313301695605	0.09926381492472754	0.13639603850957116	0.06360505083976459	0.18135910715334094	0.08234068068529748	0.050271779372638825	0.025675310257752243	0.14329128845338127
0.029617780715609304	0.16691750702630875	0.10621064542388994	0.13690859297386226	0.06633996922807761	0.17812035711132979	0.08056984429568434	0.06815996049843581	0.024527613716760863	0.14262772901004137
0.028844602180639722	0.16828816820263254	0.10709097756051199	0.14219888268932943	0.06393808685408195	0.17715869210047447	0.07601597969413015	0.06722729007865916	0.02585650528814261	0.14338081535139796
0.028068025642466465	0.17648418943285443	0.10539475412335796	0.13380002759587087	0.06320714173080946	0.18286733053293538	0.08163657491797757	0.06399721444764231	0.017545423705244673	0.14699931787084086
0.029918180023634777	0.17043711544920664	0.10196311547172392	0.15190003236420183	0.06531481578925163	0.17993375845861587	0.07691474554710886	0.061862113435524314	0.023061448649587327	0.13869467481114484
0.028340350347118806	0.1771334158590402	0.10675198515532976	0.13962306150343562	0.06603763246054159	0.17938626743506697	0.08105960301002854	0.0666905708815296	0.01810298811777905	0.13687412523012984
0.02774409431913022	0.20107660673851813	0.10196876758427492	0.130834049090716	0.06659842658395679	0.17681977360607312	0.07974283015420411	0.048064227856342956	0.023198516514691833	0.1439527075520919
0.029671908408153036	0.16928410983979883	0.09910160605405602	0.15174859551250078	0.0658553621713927	0.18611433894697932	0.07734180743349492	0.04869055903486853	0.022528991623116043	0.1496627209756398
0.027943583149813128	0.192182310215664	0.09906833255897396	0.13581336463095675	0.06701028032470255	0.17697654184631906	0.07915494698545933	0.056902424239422565	0.020191682309600015	0.14475653373908864
0.027911469106062917	0.15549749183375638	0.1041003668340754	0.15126594145717925	0.06302214198058699	0.18329539218980617	0.07819155459982632	0.06236015247056464	0.021831944455112634	0.15252354507302934
0.02769275353444771	0.1529430470900181	0.10186967787969341	0.14797127826475823	0.06500409185702177	0.17758157590726392	0.07946129117266101	0.0803547022298723	0.024101479267411338	0.1430201027968522
0.028347858529409645	0.16976968618273075	0.10056835470329625	0.13280139914521422	0.06761405336824278	0.17899956791587912	0.08232541763211583	0.066948099319673	0.01937039446723128	0.15325516873620715
0.028369702089307627	0.15117626825241265	0.10446457346741758	0.15234470066445246	0.06366924888438404	0.18605603277582536	0.07702580627563844	0.07007230870079953	0.02447941306284719	0.14234194582691512
0.0284623774893685	0.17176847768785736	0.1067160789823685	0.13226525916896553	0.06644220785473184	0.18037628964969227	0.07656700020122408	0.06602833907640016	0.024175999283912758	0.14719797060547898
0.028402385753653628	0.16759819430480444	0.10323189343982596	0.13972273197359558	0.0649313568793958	0.1837630535621534	0.0795227434899654	0.06026975329316011	0.026010118766127882	0.14654776853731782
0.028181582982975795	0.17873936760584824	0.10103732886108424	0.13391998468593258	0.06788271232878018	0.18652823654946094	0.07718013639363354	0.06159700150958969	0.01801602715573057	0.14691762192696423
0.02969696390526333	0.1838015425542577	0.1047265169549793	0.1468638433106901	0.0678189407018444	0.18170709855645928	0.08176486116912364	0.044310450022667765	0.022273990000040267	0.13703579282467426
0.029335951091147158	0.18059751200045615	0.10448138264589459	0.14782229813091788	0.06378637260277745	0.1835045228434318	0.07724222684648702	0.04393960626194815	0.025904207867192802	0.14338591970974704
0.029762220331269337	0.1940909966931742	0.09926054076084037	0.13674354799080446	0.06742046203991	0.1832913491957917	0.07653738618688943	0.038125769521243955	0.022863655640957353	0.15190407163911923
0.028893155655615954	0.18877118056393863	0.10133359556768766	0.13066199542151496	0.06594222724622645	0.18459040517391334	0.07775541362490891	0.06246495597876361	0.021770415298484724	0.13781665546894573
0.028655888955865474	0.19672243822763935	0.10112122661896078	0.13198533776622423	0.06558264862560864	0.18107428901175987	0.07976369132724168	0.05662098095910119	0.022934990255286544	0.1355385082523122
0.02926391431160015	0.1791447806161237	0.10367491371906254	0.13340767638843445	0.06316593421712435	0.17777797776761625	0.07766374692578709	0.0768379590873913	0.024515505418935574	0.13454759154792453
0.027726736691679923	0.18286577089738393	0.10055061273607302	0.1381118160593593	0.06375831104739378	0.1765965958825553	0.07796278487325389	0.05773640438062023	0.025060983260404207	0.1496299841712765
0.02854370753599482	0.18302891214358624	0.10073644142701586	0.14179961813861308	0.06548010813409147	0.17960474857765216	0.08022165751169552	0.04855763647695245	0.019379701982458336	0.15264746807194002
0.02896288347741781	0.1744121552653874	0.10372689471015531	0.13302926043456847	0.06376674369950505	0.18499973307383602	0.07754727149365714	0.06891819624163978	0.018506327276664444	0.14613053432716866
0.029141544425797195	0.17172840622550983	0.10061384848450018	0.1457845977778539	0.0663822905723337	0.18325833820818882	0.07935928900210629	0.05603558089124821	0.021421217705508783	0.14627488670695307
0.029877375534626036	0.19344519126524828	0.10243763691775705	0.14411972068726453	0.06361748337879829	0.17835559441080495	0.07749235560098286	0.04015154477200844	0.024648464832071212	0.14585463260043835
0.029645892325613543	0.17143401025928484	0.10145335899829218	0.13681657589158178	0.06682912390814476	0.1777703666236909	0.07766491844665727	0.06365680933353171	0.021044508470278764	0.15368443574292426
0.027837770175463628	0.1770234088322048	0.10094704201563315	0.13205705777535331	0.0660065741279714	0.18108458530459082	0.07896620628774871	0.08130432171502407	0.019231676379469084	0.13554135738654105
0.02797424568793487	0.1878377043883489	0.105446048100394	0.1514152962163598	0.0671680197352787	0.17649309058430057	0.08242860847550117	0.04651275551967655	0.01954909118851289	0.13517514010369255
0.03011772224072405	0.17550957176233073	0.10377239047281692	0.1313192109804024	0.06575311998285233	0.18545081954381065	0.07970915657872507	0.07343147717383683	0.017270356263717798	0.1376661750007832
0.029089609363736654	0.18604504502793456	0.09984380879438408	0.13105588351624503	0.06777512730795979	0.18733315924778154	0.0793034053312982	0.05004326561693512	0.026211711318444283	0.14329898447528078
0.028667105176660462	0.15868556512031542	0.10225538593394463	0.1311978465706764	0.06620620495581865	0.17883223109486085	0.07890200190678229	0.08316252246906974	0.022394667070470872	0.14969646970140074
0.028936194701661894	0.15664775799764558	0.10531268483002638	0.1503416449977717	0.06291372673479202	0.18133159637508364	0.07627064220713531	0.08179764577383992	0.017962019620806263	0.13848608676123725
0.028358117639379607	0.18674995464337066	0.1039651141808928	0.14155038903045108	0.0635974388000754	0.176427378421161	0.07743932027324804	0.06575149536776498	0.018146270565435454	0.13801452107822093
0.027938572300998527	0.20102503394835897	0.09900708330718574	0.13015988705673154	0.06388015614053313	0.17999223123558594	0.08123698549766292	0.051250319217730406	0.02559046544490602	0.13991926585030684
0.02851120472807933	0.17621205410681576	0.10258618116450408	0.15066997908801777	0.06321474375235316	0.17659898090993956	0.07700239989777875	0.07283441047077725	0.017370941837002843	0.13499910404473153
0.029723203381747054	0.1675591030692853	0.1013677001639142	0.1436806456273249	0.06354486398067884	0.18527320432241237	0.07624062688425984	0.06364561996582206	0.02523814282774542	0.14372688977681009
0.029971602172902248	0.17217098548504212	0.10412979082321978	0.1302332616553154	0.06307090898661871	0.1841841693722209	0.08077791476617742	0.06610250723465189	0.024966823303971902	0.14439203619987964
0.028169733239745545	0.16671900029759668	0.10138500882691973	0.1436647132080716	0.06611993968914542	0.18727946657598543	0.07755809193554908	0.05039394026114534	0.025252085541440455	0.15345802042440074
0.028935525448480173	0.1533867375057457	0.09953994309229208	0.15074933931157533	0.0652989343118956	0.18545412055334887	0.07878973264192962	0.06699330119509789	0.017474405553742287	0.15337796038589252
0.029765771436269378	0.19013158123434692	0.09934399219777237	0.13302282404936788	0.06394965268175755	0.18383505353661195	0.07808999818895518	0.05962776323174005	0.02454975691318538	0.1376836065299934
0.029239727358568904	0.166104461315569	0.10082812691817129	0.1431160029558023	0.06407690229095395	0.17795386177816847	0.0767047604407843	0.07211314985710138	0.024155253180346017	0.14570775390453442
0.02856627630233581	0.1646287159772697	0.09952920506511857	0.1401722796894096	0.06749283529476019	0.18515327787703123	0.07910027680583465	0.061959643922455794	0.024730603249083383	0.14866688581670107
0.028477927294187327	0.18947026725906307	0.10284719895663251	0.14117490469797944	0.06640485766021442	0.1851424987092654	0.07626890491690164	0.05094008623648793	0.02030481153988674	0.13896854272938147
0.028841455736265967	0.17702250833559594	0.10690019650329331	0.13515480508400543	0.06412282952556883	0.17613925939806357	0.07748242762175447	0.0707772807163796	0.01979968395884399	0.1437595531202289
0.03000960460845363	0.15812848593296358	0.10261082723698527	0.1308577465942011	0.06281580047187543	0.18441065972733692	0.07882672116161449	0.08140158282669718	0.017657053630501324	0.1532815178093711
0.028111983776463817	0.153231121315528	0.10044094437686615	0.1416362114429951	0.06354458244744826	0.18447167366547967	0.0770573457970156	0.08137890946313661	0.022498553439571703	0.14762867427549511
0.027710803528972358	0.1528547064179419	0.10484117664686111	0.15191986533146135	0.06600504661731195	0.17957303073024372	0.07766738133490844	0.08346578139021589	0.02125810711464851	0.13470410088743479
0.02838254203347161	0.1768011370832149	0.1013874119350329	0.13503573165570995	0.06711324271239139	0.17686707059006895	0.0760986474476375	0.06668852763897835	0.023009575462351023	0.1486161134411434
0.02892099910243033	0.18220546307117808	0.10177884775548174	0.1480372136965216	0.06563794629380049	0.1810043862792823	0.08020591120346517	0.038243689946027636	0.023088970126366168	0.1508765725254465
0.028403010874236398	0.1734181276890147	0.10631325793373689	0.14671576036046188	0.06644198470255072	0.18675374803896394	0.0782169045236572	0.044197286056269366	0.019081812701962853	0.1504581071191461
0.029468953654160843	0.16888360341229158	0.10159472577658722	0.14278416618015172	0.06409159696296016	0.18506614853536774	0.07709716084102002	0.05939204756876024	0.018930216381189996	0.15269138068751054
0.029563571446497197	0.16459172168526504	0.09943964569751328	0.15002660808527804	0.06416884764115635	0.18688756933169204	0.07844519814817785	0.06279614413834274	0.022335311255914828	0.14174538257016267
0.0289254284815232	0.16807027731825602	0.10009127341417014	0.14394907901031898	0.06426830121789465	0.17777038022982217	0.08086086353471438	0.07838929541713584	0.022434329909770317	0.13524077146639435
0.027971660093759176	0.1550912603391814	0.10085560832970836	0.1490072801246784	0.06528262604579523	0.18322279952702447	0.0802586645695779	0.07562290350196843	0.020282415599082948	0.1424047818692237
0.03005374003643614	0.15578268932068037	0.10324340839891166	0.15156670525067722	0.0662000169053994	0.1775957720329962	0.07749243354256236	0.07635434787440154	0.01922874734534727	0.14248213929258785
0.02790132115425724	0.17221668085357894	0.1038272617046187	0.1379432051105824	0.06495293876073449	0.18335626536889738	0.0788580843517501	0.06711909377661335	0.02213508083998829	0.14169006807897916
0.027841094186583745	0.19161968132066617	0.10380141442284135	0.13946661886358006	0.06342818036016175	0.17983916342330158	0.07972995893894413	0.05072828610223075	0.021774740353454447	0.14177086202823605
0.028916699381080366	0.17977815391804888	0.10152999283743538	0.13519652150922967	0.06378783748456303	0.18379683202958486	0.08119560892350727	0.060872245926971005	0.022240436757784254	0.14268567123179532
0.029771563224705824	0.16670082867245203	0.1000917013851123	0.14437677700357623	0.06757135565406336	0.17735991388520617	0.07773762471295181	0.06401706141485164	0.019058929546216782	0.15331424450086387
0.029107535032281168	0.17450465755381722	0.10257979686279145	0.1368313677795345	0.06373446042433788	0.17981690457310484	0.0768657775238172	0.07298362010923927	0.025923622242600433	0.1376522578984761
0.028048917341434984	0.1819687626457226	0.10295738035221087	0.13560337841510572	0.063775777178231	0.18487630019098863	0.0797285736484793	0.04927677417921582	0.024900898911933728	0.14886323713667732
0.027830666355220218	0.18958390365546568	0.10104927415030701	0.13824986278573864	0.06772938469645917	0.17752187807018602	0.0786400326553169	0.04701284581671044	0.02016622410555423	0.15221592770904174
0.029711332215149433	0.17808698965886827	0.10611617553204508	0.14441221609161248	0.06757040416328731	0.17739392255925396	0.0791740573879385	0.05546282460951336	0.024045966359582047	0.13802611142274956
0.03012325871886813	0.178792674514301	0.1013262601101749	0.13305086982217482	0.06382574125558046	0.18703002402300023	0.08172382853466874	0.058160857246481706	0.024182861280080042	0.1417836244946699
0.030127462846143385	0.17492129763269748	0.10160817519800296	0.13473965079195122	0.06313349020019593	0.18020223863900897	0.080307548223849	0.07863552215110606	0.01831184039014143	0.1380127739269036
0.029524813085027038	0.1692844143840321	0.10069061153029031	0.1499836551274488	0.06684746246741857	0.18169915286639965	0.0789810458404342	0.046789434698511045	0.025309597437377332	0.150889812563061
0.028390257326583346	0.1997171866610386	0.10061256689559037	0.13107903763249212	0.06602420946214899	0.18375546673943816	0.07958532478171877	0.049419989224901824	0.020051937644625373	0.14136402363146244
0.02835138282364004	0.18373400636265746	0.10263756233026758	0.14214768367754926	0.0649747961106047	0.1823035941989311	0.08114595068747896	0.04906235510524384	0.019178286834554498	0.14646438186907262
0.028498476031321357	0.17889769779288273	0.10358403809950772	0.14431258383901852	0.0637872921922019	0.17998466779050715	0.08155464087433079	0.057874871152830056	0.01991283362550289	0.14159289860189694
0.030055210654919076	0.19436999589449622	0.10660939072985097	0.1330230677974766	0.06532301432103937	0.1833848679901055	0.08022445250420819	0.048438388125747044	0.020086266593679444	0.13848534538847757
0.028682318843619978	0.18304970128873269	0.10552454385583981	0.1335862217429169	0.06643603517709698	0.17779596765980366	0.08252191679012602	0.052883908323600445	0.01906932316282753	0.15045006315543605
0.02800032015061106	0.17522991964590062	0.10461816802378367	0.1402280442657829	0.06512655948263535	0.18275959929593105	0.0772249542829948	0.06424008874651593	0.01901828282407926	0.14355406328176537
0.029646751557214204	0.15258229362773149	0.10578866931632978	0.14071190702079106	0.06754547136937707	0.17980277201309106	0.07812993203975793	0.07901465290930129	0.021662383106826458	0.14511516703957966
0.02821517623394948	0.1983308382248382	0.10366346981585343	0.12986179183553767	0.06603617343261742	0.1791811697833012	0.07829100131038744	0.05205611809993731	0.01829433686333505	0.14606992440024277
