0.1387352948279265	0.3958222589564647	0.46544244621560893
0.1418067542825011	0.38257510000759554	0.47561814570990346
0.14791715455399806	0.3738646240383228	0.4782182214076792
0.15035995267219218	0.38640165807669624	0.4632383892511117
0.1431642167836388	0.394311169630719	0.46252461358564234
0.14747517021722872	0.3858573013128624	0.466667528469909
0.1469655183175611	0.38832755092029575	0.46470693076214326
0.13801973141899831	0.39173079615256173	0.47024947242844006
0.14771692641696876	0.37561218544844677	0.4766708881345846
0.14279970075950754	0.3813699129549789	0.47583038628551366
0.15120757087326336	0.3836770361099855	0.4651153930167513
0.1436359155338911	0.38542377386225346	0.47094031060385555
0.15036307426188172	0.38023615815715617	0.4694007675809623
0.13578863836720492	0.37885502044651465	0.48535634118628057
0.14687928800189579	0.3785264683439688	0.47459424365413555
0.1390920355680465	0.3853868632874592	0.4755211011444944
0.15363551681212176	0.3729338770186498	0.4734306061692286
0.14333816355498594	0.3689012299583546	0.48776060648665953
0.14769506482072284	0.38639772352082	0.4659072116584572
0.14407787109632403	0.38158293984565683	0.4743391890580193
0.14218473283173788	0.38707811644499907	0.47073715072326316
0.14574596140782836	0.3859910403059854	0.46826299828618634
0.14988040187369256	0.38383932516538233	0.4662802729609252
0.13890638189517462	0.3868418562860181	0.47425176181880746
0.14181199751474607	0.3885023522953784	0.4696856501898756
0.13918124653532582	0.3778780165302543	0.48294073693441997
0.13532907558665191	0.39213987589906585	0.47253104851428235
0.14465776439019917	0.3918334604412404	0.46350877516856054
0.1482502023004786	0.38399640762414466	0.46775339007537686
0.1499841757139093	0.37391539876384433	0.4761004255222465
0.14003234066379866	0.39824282973452696	0.46172482960167455
0.14694679478012534	0.36691907030436355	0.4861341349155112
0.1460629042247903	0.38254281043415866	0.47139428534105116
0.14355169812385984	0.39714017699171056	0.45930812488442974
0.14035953416231572	0.3912247787114156	0.4684156871262688
0.13990727286240634	0.3844643826674456	0.4756283444701481
0.13773434322026154	0.38286675959278427	0.4793988971869543
0.14291303887979848	0.3941565593879167	0.46293040173228495
0.14943784367823398	0.3678710725931374	0.4826910837286287
0.15137016673844345	0.37045601039882126	0.47817382286273535
0.15504889551061068	0.3710227168701974	0.47392838761919204
0.14467386448198827	0.37781150208977166	0.4775146334282402
0.1387394547060084	0.3805681562842437	0.48069238900974803
0.13631862704081893	0.37665271012398704	0.48702866283519414
0.15096494878751945	0.3825372417873753	0.4664978094251053
0.13732961408233757	0.3903289086158931	0.47234147730176945
0.14961640880627258	0.3717209026331309	0.47866268856059657
0.15479009272465152	0.3820233635666319	0.4631865437087167
0.145111186263214	0.3899710403356236	0.4649177734011626
0.14368496704169753	0.39641722287007275	0.45989781008822983
0.143848111384312	0.3955641037073461	0.46058778490834196
0.13465101458762682	0.3886156887394699	0.47673329667290343
0.15154581070513526	0.3675660498022653	0.48088813949259956
0.14630536460784943	0.3858117482502699	0.46788288714188075
0.1429626398973463	0.36583116651379777	0.491206193588856
0.14053267544057663	0.3766042905060299	0.4828630340533936
0.14657133168536646	0.38667471768018474	0.4667539506344489
0.14506766978928826	0.3827818916741817	0.47215043853653016
0.14912204651943	0.37477985810463044	0.4760980953759397
0.14470543951644255	0.3760644532852184	0.4792301071983392
0.15279062499725976	0.3794614264579858	0.46774794854475454
0.1351407537532926	0.3759113488141035	0.48894789743260403
0.14417428867172294	0.3812106339752008	0.4746150773530764
0.14331327190684084	0.38050291856742646	0.4761838095257328
0.1459267173114026	0.3797597476071249	0.4743135350814726
0.1367132066157805	0.39720778324946315	0.46607901013475644
0.14100704819764606	0.37059480159848673	0.48839815020386734
0.1505116219858136	0.3682941398576263	0.48119423815656015
0.15327173937927308	0.3789320246404893	0.46779623598023773
0.14469791031705603	0.389987950187854	0.46531413949509015
0.13588057081282282	0.3958420199037359	0.4682774092834414
0.13509134732010794	0.39410248649466034	0.47080616618523186
0.14332460171762357	0.372679572946829	0.4839958253355475
0.14823215862805272	0.37113299506785624	0.48063484630409115
0.14714339651829653	0.3813021381197233	0.47155446536198026
0.13588746450291253	0.3857663891470369	0.4783461463500507
0.14083101002422538	0.3674182284261401	0.4917507615496347
0.14334146640133558	0.3773785565295586	0.47927997706910597
0.15298560425717966	0.36717004386594587	0.4798443518768746
0.13536489601344456	0.3792502104772825	0.48538489350927305
0.1532281178625146	0.37532212232321777	0.47144975981426773
0.14430513345072932	0.3964455438563022	0.4592493226929686
0.1383558243361619	0.38858241423632234	0.4730617614275159
0.13912439223342282	0.38882831340365126	0.47204729436292603
0.139168154734838	0.38602926604251503	0.4748025792226471
0.1444307571950948	0.3900687801063772	0.4655004626985282
0.13869233347527937	0.3869928290442253	0.4743148374804955
0.14319701663394935	0.389855203722287	0.46694777964376377
0.14373523169504226	0.39455816745115796	0.4617066008537999
0.13454260113520905	0.3864270544235546	0.4790303444412365
0.1548428683651662	0.36610811414968863	0.4790490174851453
0.13853032394955206	0.38603774341506597	0.4754319326353821
0.13811869741593752	0.37890223121227046	0.48297907137179213
0.14729056576179012	0.382104151568468	0.470605282669742
0.15501962177026263	0.37187195025345476	0.4731084279762827
0.13958310496010767	0.3900787797463223	0.47033811529357006
0.1523462631951649	0.36936185595276777	0.4782918808520674
0.1490909658362533	0.3881659123921695	0.4627431217715773
0.14316735265225217	0.3897282166477302	0.4671044307000178
0.14513543130314432	0.3894417058526068	0.46542286284424905
0.14253625520250174	0.3837006128865365	0.47376313191096187
0.1374738327149253	0.3987951738503521	0.4637309934347227
0.13623798396227887	0.3773210381609727	0.48644097787674856
0.13646107276573954	0.386967419721041	0.4765715075132196
0.13962075722321704	0.3766383971680803	0.4837408456087028
0.13992364485687106	0.3724584619752217	0.4876178931679074
0.14208528980544172	0.3950353404894932	0.46287936970506516
0.13894976307318493	0.3903113142001238	0.4707389227266914
0.140944525646215	0.3968443235319451	0.46221115082184
0.1529814362834232	0.38564892813948143	0.4613696355770954
0.1435525518146773	0.39219331805390417	0.4642541301314187
0.14552323217932883	0.3810504013202918	0.4734263665003795
0.14314247028959834	0.3690549704938574	0.4878025592165444
0.13980088062271784	0.3916743212126086	0.4685247981646737
0.13955103495985235	0.38345340356847574	0.476995561471672
0.15374785746237335	0.3836603566116651	0.46259178592596173
0.1515473721406435	0.38598723272896224	0.4624653951303944
0.14530747557141954	0.38788149958014567	0.46681102484843495
0.1355564165038415	0.38978695270765257	0.47465663078850606
0.1360253341494461	0.372190128365458	0.49178453748509604
0.13701840300957413	0.37193224673349984	0.49104935025692614
0.14672415895143104	0.37543551587626633	0.47784032517230274
0.14502733337237697	0.3805402162088289	0.4744324504187942
0.147309727240744	0.3823671077408724	0.47032316501838367
0.14340794261358808	0.36899920901570604	0.48759284837070604
0.15089697499508858	0.37364049958660395	0.4754625254183076
0.1529533348840988	0.375838123986631	0.47120854112927035
0.14546977499187974	0.38194817528345726	0.4725820497246631
0.13970999549442775	0.3686127458704627	0.49167725863510964
0.14533472881559317	0.38020405247000594	0.47446121871440095
0.13716009495722267	0.3783309530862825	0.4845089519564949
0.14638737408748095	0.3879593763854413	0.4656532495270779
0.15412282821156856	0.37203920423503206	0.4738379675533996
0.14516107718352342	0.3716946655988744	0.48314425721760235
0.15440975683526031	0.37198839613357937	0.47360184703116043
0.14478426534599317	0.3884681201487914	0.46674761450521557
0.15224615352243945	0.3661607503426916	0.4815930961348691
0.15083697498443915	0.3896956172548139	0.45946740776074707
0.1411359418481406	0.39131744456571854	0.467546613586141
0.136304883755848	0.3753070834850524	0.48838803275909975
0.14962973242598684	0.37396990639791194	0.47640036117610135
0.15481757305242225	0.37169074645824646	0.47349168048933143
0.13769322932862127	0.38117463191372924	0.4811321387576496
0.14584751667829277	0.37532460893513736	0.47882787438657
0.14004386074055128	0.380020192482088	0.47993594677736084
0.1438268114534845	0.380179898197423	0.47599329034909266
0.13929054944216757	0.38886400114984054	0.471845449407992
0.15078647182294044	0.3774964551902571	0.47171707298680254
0.1364417828132848	0.39123834381561384	0.4723198733711015
0.14148365192280554	0.3785034776380475	0.4800128704391471
0.140675965985747	0.3961850833785728	0.46313895063568034
0.13570379017350936	0.3887695578479899	0.47552665197850086
0.14255412771165	0.3755793799607288	0.48186649232762124
0.14527922069286853	0.3753709682950419	0.4793498110120897
0.15331012719709125	0.37027356758409596	0.4764163052188129
0.15097653294466906	0.3801782555231046	0.46884521153222647
0.1385217609839554	0.39057025547304697	0.4709079835429978
0.1430011104970469	0.39318047473653456	0.46381841476641866
0.15052413628645822	0.3804197254960322	0.4690561382175097
0.14545694256577257	0.3918984410376999	0.4626446163965277
0.1546961090719727	0.3696070867957034	0.47569680413232396
0.14919717644794156	0.38187667288377425	0.46892615066828436
0.13849948100630666	0.38838363217847527	0.47311688681521813
0.1424879939908963	0.3951227610069845	0.4623892450021193
0.13541005980750537	0.3906941643114208	0.47389577588107396
0.14446701920457816	0.38067808620224947	0.4748548945931725
0.15422225622478836	0.3771102257390902	0.4686675180361216
0.1505891699315593	0.3734049605133864	0.4760058695550544
0.13907854489569837	0.38856404666394473	0.472357408440357
0.14304791361279673	0.38960498091416934	0.46734710547303404
0.13584995847713383	0.37691286709438265	0.4872371744284837
0.1391965019357591	0.3703024533171184	0.49050104474712264
0.13959728437024746	0.37917177988951545	0.48123093574023723
0.15427881811760566	0.3843221442586787	0.4613990376237158
0.14972003694334116	0.3797899158006161	0.4704900472560429
0.14074855661468916	0.3710291174333841	0.4882223259519268
0.13829858425397465	0.3982066961482356	0.4634947195977899
0.15336923804277902	0.3841690769289141	0.462461685028307
0.1499881709670815	0.37857483685232074	0.47143699218059787
0.14658749641453261	0.36879336868174095	0.48461913490372655
0.15067921432827658	0.3667786800555295	0.48254210561619404
0.14604848032204829	0.3707306012885315	0.4832209183894203
0.1544949314928726	0.36786607708899227	0.47763899141813526
0.14799272750492745	0.3657999871447264	0.4862072853503462
0.15163755179625915	0.36668636743102306	0.4816760807727179
0.13732013159470097	0.381887075398492	0.48079279300680716
0.14967726697883713	0.37610725896594494	0.474215474055218
0.1343811411464657	0.38902494887878364	0.4765939099747508
0.1369329843795115	0.3839038536667191	0.4791631619537695
0.1362789925778758	0.3738472520453994	0.48987375537672495
0.13782033319859527	0.3801729185314881	0.48200674826991674
0.14070083948176637	0.38204701236583155	0.47725214815240224
0.1407331456665104	0.39139869069786787	0.46786816363562184
0.14260697562390026	0.375053763386074	0.4823392609900259
0.14448201539240982	0.39460839994685337	0.46090958466073695
0.13852936680772682	0.3727857845449612	0.4886848486473121
0.1466093683630056	0.3737456491871591	0.47964498244983544
0.13718925131211657	0.3814694653372214	0.4813412833506621
0.1446065341092001	0.3780893366711488	0.47730412921965126
0.14124698876263814	0.36758296034963	0.49117005088773197
0.13494248646256893	0.39390751838479066	0.47114999515264055
0.14770741471993332	0.3771953398190127	0.4750972454610541
0.14787877596780113	0.3871755643156708	0.4649456597165282
0.14243567189564438	0.39232362296564854	0.4652407051387072
0.13643959783016216	0.3842000800877414	0.4793603220820965
0.13772738649296545	0.37984587132213293	0.4824267421849018
0.14021078874047166	0.3870441672796335	0.472745043979895
0.13748529016868222	0.37575134412666067	0.4867633657046573
0.13738347754195024	0.3971783983344056	0.46543812412364427
0.15481389172065926	0.36863306609811297	0.47655304218122785
0.13881304154525959	0.39691413239102963	0.4642728260637109
0.1431061286087113	0.38046137566450916	0.47643249572677965
0.15025944613083658	0.3836432705212305	0.46609728334793304
0.14105460436474765	0.37776339573378026	0.4811819999014722
0.13778980943975355	0.39086797766549936	0.4713422128947472
0.13852312531223768	0.3862342699697112	0.47524260471805124
0.14577980502560078	0.38072690778153706	0.4734932871928622
0.13954895403519257	0.39350698169467363	0.4669440642701339
0.14335374230578243	0.37346260638870143	0.4831836513055162
0.1344563823242988	0.39627083271020214	0.4692727849654992
0.15394244332297685	0.3795660884051846	0.4664914682718386
0.14027258955224126	0.3953635325247014	0.46436387792305744
0.1478043004044609	0.36771141374795974	0.4844842858475795
0.14338532792517422	0.3695246006491951	0.48709007142563077
0.13727005258277447	0.3813131282528671	0.4814168191643585
0.14390095983429185	0.38585894138368326	0.470240098782025
0.14488015533342433	0.39288079804784976	0.46223904661872606
0.1375718477755271	0.37519961848624084	0.48722853373823216
0.1413145687013102	0.3924003161758578	0.4662851151228321
0.13926009228743508	0.39436622243180247	0.4663736852807626
0.14893000449553864	0.39030321246552463	0.46076678303893687
0.1502694607966634	0.3747249479485995	0.47500559125473724
0.1448865369604056	0.386665080785183	0.46844838225441143
0.1432825149912867	0.39321527536084994	0.4635022096478635
0.13818304971903977	0.37541167855012897	0.48640527173083137
0.1499902612320281	0.37993676929402675	0.4700729694739453
0.14845964700430142	0.39212590041380935	0.4594144525818894
0.13758284202837623	0.3708797113129919	0.49153744665863197
0.15316794066650463	0.370172270862589	0.4766597884709064
0.1522498766842762	0.3786268968133506	0.46912322650237337
0.1416711106656054	0.3660375076872084	0.49229138164718633
0.13988112741235237	0.3714556172819011	0.48866325530574667
0.13761691380253357	0.37151972522945415	0.4908633609680124
0.15067256913792948	0.3863275303610701	0.4629999005010005
0.13918555732512924	0.36807939304525217	0.4927350496296187
0.1477167652139424	0.38163333667873456	0.47064989810732316
0.14977791308668337	0.371564317625134	0.47865776928818277
0.13887153814055456	0.3894882427077742	0.4716402191516713
0.14310812718477223	0.3921476579611199	0.464744214854108
0.1365121582162282	0.3741653367663682	0.4893225050174037
0.14985683385813411	0.38652080397381605	0.46362236216805
0.13887110036729922	0.38299361595751574	0.47813528367518515
0.14087512289726883	0.3753617448097507	0.4837631322929806
0.13676743239031544	0.37774902372009767	0.48548354388958703
0.14741112766260295	0.3847024577254725	0.4678864146119247
0.15142965044435736	0.38773379106259814	0.4608365584930446
0.14486684247372028	0.36633271859383815	0.4888004389324417
0.138814982703778	0.3755897719506757	0.4855952453455463
0.13638169047985615	0.38025819701068875	0.4833601125094552
0.14098212994702797	0.38956832045778045	0.4694495495951917
0.1431223039088865	0.39425548680226974	0.4626222092888439
0.1493008469585629	0.37649014331441594	0.4742090097270213
0.14348199279540302	0.3926392781484766	0.46387872905612054
0.1435514045716199	0.3871054131794977	0.4693431822488825
0.14754736667788249	0.3875453518954423	0.4649072814266753
0.14080118913338832	0.3733892611628294	0.48580954970378243
0.14836027249636552	0.3847136814412818	0.4669260460623528
0.14243251515878877	0.38124958818720434	0.47631789665400703
0.1533619434912183	0.37882869731244084	0.46780935919634103
0.14898734988259127	0.3669902040928841	0.48402244602452477
0.14769732829000753	0.3758486654224896	0.4764540062875029
0.14178156183623608	0.37628659745155313	0.48193184071221085
0.15214468647301677	0.3855491253415134	0.46230618818547
0.147990295560069	0.3825854394615491	0.469424264978382
0.1401383265513106	0.38711752448189596	0.4727441489667936
0.15330846770502682	0.3736479654928585	0.4730435668021148
0.15378703079759926	0.38339793330119254	0.4628150359012083
0.1380545490595661	0.3913633597903434	0.47058209115009064
0.13677430664859036	0.3928562286934465	0.47036946465796325
0.1407999800049533	0.38248283377796205	0.4767171862170848
0.14759496020113363	0.3845115199476143	0.46789351985125216
0.14876776453138035	0.3869992418221322	0.46423299364648757
0.1471987799006066	0.38355386066332325	0.4692473594360702
0.1511977691586714	0.3749011680433354	0.4739010627979933
0.14138748498559184	0.36973549878409645	0.4888770162303119
0.13585782988251424	0.3872613138254327	0.4768808562920532
0.1506375557972128	0.38243561347199945	0.4669268307307879
0.14397804743346362	0.3671122519012294	0.48890970066530703
0.13496538281539328	0.3822906846291887	0.48274393255541814
0.14740692507581002	0.3882311740231453	0.4643619009010448
0.1457890974845346	0.37554760841178486	0.47866329410368064
0.14395870987230594	0.3742272097480018	0.4818140803796924
0.13871122118610232	0.36897626603651335	0.4923125127773845
0.1456504748546385	0.37130190989791534	0.48304761524744627
0.13443526271629247	0.38756955430296014	0.4779951829807475
0.1460717620871474	0.3683537458557468	0.4855744920571059
0.14350079910934876	0.3797839428480722	0.4767152580425792
0.13755453806921475	0.39175148697554774	0.47069397495523757
0.14120571891844502	0.3850980916648348	0.4736961894167203
0.1470878336596293	0.3869364415348893	0.46597572480548144
0.14248305826178262	0.36922071621357105	0.48829622552464647
0.14865609934374324	0.3697894401276428	0.48155446052861406
0.13971837742276028	0.3731149485566373	0.48716667402060254
0.15393557919818898	0.3693658922502206	0.4766985285515905
0.13845759795013915	0.38079139048806454	0.48075101156179645
0.14746073191831485	0.3729453646581734	0.4795939034235119
0.13764341686259107	0.3790534086811268	0.48330317445628224
0.13651837990979987	0.3882533082329768	0.4752283118572234
0.14969593794784503	0.38116057297286193	0.46914348907929315
0.14322621665344637	0.3757769285785472	0.4809968547680066
0.13942252788033546	0.3708792579642831	0.4896982141553816
0.14241667682027032	0.39404537999537853	0.4635379431843513
0.1481726196392493	0.38138944895534177	0.47043793140540907
0.14950930661359718	0.38528611386172495	0.465204579524678
0.15225892436393224	0.38152936946602584	0.4662117061700421
0.14352035213385556	0.38199073357490443	0.4744889142912402
0.1473678113411312	0.3753285903664494	0.4773035982924196
0.1397384369304025	0.38024842067866804	0.4800131423909296
0.14034689372166476	0.3703739124950681	0.48927919378326734
0.14346668611000973	0.39721279450800484	0.45932051938198554
0.15511526935428296	0.3834744356663634	0.4614102949793537
0.13579692907483937	0.39452574085470726	0.4696773300704535
0.14319401155700073	0.3964762364112006	0.46032975203179877
0.1526892446106399	0.3722359506787045	0.4750748047106557
0.1518223592303258	0.3696371406205095	0.4785405001491648
0.15251052900151454	0.36887467543503066	0.4786147955634549
0.13715546848496157	0.3854547550066202	0.4773897765084184
0.1446154772737323	0.38588805576243856	0.4694964669638293
0.13701560559280643	0.3921277274934772	0.47085666691371647
0.14191862422614018	0.39192453093330176	0.4661568448405582
0.13487441865173655	0.38970437075589986	0.47542121059236364
0.14043033129364435	0.3731011934225274	0.4864684752838284
0.14474598245872286	0.3715114290779998	0.48374258846327745
0.14533432942915844	0.3789406875651181	0.4757249830057235
0.14962427205048912	0.39063676604677694	0.4597389619027341
0.14881114910585352	0.3923086642883581	0.4588801866057885
0.13919244711331163	0.3904922400623985	0.47031531282428995
0.13838633958070579	0.3950554274112026	0.46655823300809174
0.14163376781118642	0.3829230239202499	0.4754432082685638
0.14948182209761426	0.3699086352351112	0.4806095426672747
0.13984747124724423	0.3717323489215854	0.4884201798311705
0.13820355304209486	0.3898199659180833	0.4719764810398219
0.14487226214427107	0.36899852994291216	0.4861292079128169
0.14688320603258948	0.38229968092502037	0.47081711304239027
0.14255161251216034	0.37016870269410623	0.48727968479373357
0.14756927211627063	0.3808918159108934	0.4715389119728361
0.14006025836137143	0.39335282726156706	0.4665869143770616
0.1391205596426736	0.3850881090406821	0.4757913313166444
0.15509256049342768	0.3855054353502431	0.45940200415632937
0.15026621590028366	0.38636999429862506	0.4633637898010914
0.14688607668024112	0.39447102805612094	0.45864289526363805
0.14841336564889518	0.3862397058045397	0.46534692854656523
0.1452842741429413	0.3671488700218207	0.4875668558352382
0.13877368200816909	0.3838226372271584	0.4774036807646726
0.13927657939143645	0.3731153830220898	0.48760803758647386
0.14433488477624082	0.39323778138935406	0.46242733383440526
0.15487365069861933	0.3707092397648835	0.4744171095364973
0.1389920603778827	0.39023467828045355	0.4707732613416639
0.1489780926562328	0.39013815118085526	0.46088375616291205
0.14117664862587673	0.3926814530076401	0.4661418983664833
0.13486205319993627	0.3741369466100923	0.4910010001899715
0.1518640465727357	0.38810856516192543	0.460027388265339
0.15503622426886315	0.3846185766963145	0.46034519903482246
0.1357512359230199	0.37184903108076317	0.49239973299621703
0.15367199987479369	0.36910775102312215	0.47722024910208427
0.151400501597318	0.3761774418213213	0.4724220565813608
0.1499692793582486	0.3762075610308517	0.4738231596108998
0.13563825803410784	0.3732204833160638	0.4911412586498285
0.14356359222977613	0.3924969095212928	0.4639394982489312
0.15044209990017846	0.37268119645505565	0.47687670364476603
0.1359726515748526	0.3920454977328873	0.4719818506922601
0.150616423054982	0.36707100412655863	0.4823125728184595
0.13555975165939366	0.37474055650996585	0.4896996918306406
0.141581696496692	0.3905260865577837	0.4678922169455244
0.1539850100321722	0.376982799757699	0.469032190210129
0.15462567642390657	0.37952116764527427	0.46585315593081933
0.14022119580367304	0.3701578158202946	0.48962098837603246
0.14058406008592655	0.3783182217196607	0.4810977181944128
0.15518432407766805	0.36743496265446246	0.47738071326786957
0.14167280617685468	0.37471610948013484	0.4836110843430106
0.14187031461436433	0.385146692518198	0.4729829928674378
0.14420885165269454	0.3750808246881875	0.48071032365911814
0.13863678173754249	0.3822583414849813	0.4791048767774764
0.14794927225020427	0.3659970532588382	0.4860536744909577
0.13872871679985882	0.3855428346973279	0.4757284485028134
0.14635013502829314	0.3707994372126579	0.4828504277590491
0.14723827376641546	0.38872032408982926	0.4640414021437554
0.13837133451365696	0.39814475379945347	0.4634839116868896
0.13819429164278574	0.3983879453350453	0.46341776302216914
0.13605321145769322	0.3977277519652017	0.4662190365771052
0.13633536060376095	0.3732723309268901	0.49039230846934906
0.14651617765657668	0.3835943167823902	0.46988950556103326
0.1423522699512373	0.3872279392509052	0.47041979079785756
0.14605837591402937	0.39416642998506113	0.4597751941009096
0.1531155498038739	0.37305399857119564	0.4738304516249306
0.1408191192558802	0.39384544690530493	0.46533543383881504
0.1488890268899469	0.37962992738985285	0.4714810457202004
0.1537130144475739	0.37239732381608387	0.47388966173634234
0.15081398833492593	0.388017411702799	0.46116859996227516
0.1488169037705337	0.3721140508193166	0.4790690454101498
0.1377061134183561	0.39626460121326457	0.46602928536837945
0.1353347164082479	0.3943768208236984	0.4702884627680538
0.15157065950790077	0.3835210852088802	0.4649082552832192
0.15404256944184683	0.3703408147628719	0.4756166157952814
0.14763131237278537	0.3771165711414308	0.4752521164857839
0.13888082186765832	0.3700868978572275	0.4910322802751143
0.14681158809785022	0.3808653232920132	0.47232308861013667
0.1415558942242207	0.38387674623566226	0.4745673595401172
0.1350349062621327	0.39342147971411495	0.4715436140237525
0.13893021210354495	0.37944679862527314	0.48162298927118197
0.1498084139609311	0.38253405454184686	0.4676575314972221
0.1435152449029521	0.3790838674061498	0.47740088769089817
0.1522554092216924	0.37419531386906146	0.47354927690924625
0.15475203746346494	0.3730962404494359	0.4721517220870993
0.15127391660363793	0.37849755189839257	0.4702285314979696
0.14701375418392937	0.3801365696000219	0.4728496762160488
0.1393690648722117	0.3729857967896553	0.4876451383381331
0.1386212260419824	0.39020749246598413	0.4711712814920336
0.14191312342773543	0.3920103241545151	0.46607655241774965
0.13587636935870895	0.3939323417136256	0.4701912889276655
0.14912371733950047	0.3855274618647372	0.46534882079576245
0.1373917357231406	0.38952149805078945	0.4730867662260701
0.14039332386023495	0.3726841615165495	0.4869225146232157
0.14938033979711457	0.3749616977150631	0.47565796248782244
0.14311686010812646	0.3707906157159958	0.48609252417587784
0.13809977217302852	0.3926678803810012	0.4692323474459704
0.13496680871657163	0.38925375598876183	0.47577943529466665
0.1432164338257626	0.3979264500108719	0.4588571161633656
0.1382113447095187	0.3863912327010591	0.47539742258942236
0.14824542893184173	0.38210555646679034	0.46964901460136804
0.13579889545193125	0.3837447674909111	0.4804563370571578
0.13593284293778946	0.38829550894418374	0.4757716481180269
0.14901729682776121	0.38919212415282745	0.46179057901941145
0.13919464038786217	0.3756984261640392	0.48510693344809874
0.14153747037386608	0.38504619329884804	0.473416336327286
0.14709776877903985	0.3900764893036449	0.46282574191731535
0.13725703112690352	0.3729714881393452	0.4897714807337514
0.14255356955899176	0.395188035312154	0.46225839512885436
0.14082115999604658	0.3962339619411297	0.4629448780628238
0.14467184350103277	0.3712645220293257	0.4840636344696416
0.13490790640015526	0.3985834640558797	0.46650862954396516
0.1440579177328153	0.39188446744305216	0.4640576148241326
0.14395283256288327	0.38517350535975375	0.4708736620773631
0.13753242649652564	0.3852347184706179	0.4772328550328565
0.13997603316123244	0.3901263291754435	0.4698976376633242
0.14856675508518363	0.37875617712039594	0.47267706779442054
0.14264435057598968	0.3765614596034216	0.48079418982058886
0.1511663299508368	0.36870371936409013	0.4801299506850732
0.15220786977223616	0.3729989320404124	0.47479319818735155
0.14626014985352664	0.39004631125911604	0.4636935388873574
0.1427859017518474	0.3785979702146351	0.4786161280335176
0.1376533257578855	0.3862113304970522	0.4761353437450624
0.1459594833205985	0.38809171934760905	0.46594879733179256
0.15503927535007456	0.36705446011432663	0.4779062645355989
0.15517005721019803	0.3739906026583217	0.47083934013148043
0.14307574949551266	0.37716498965636525	0.47975926084812226
0.14829092836000235	0.3817153259112945	0.4699937457287033
0.1493086674871716	0.37471346558639945	0.47597786692642907
0.14148861010891345	0.3808115374355809	0.4776998524555057
0.137226006598275	0.37998092262264477	0.48279307077908035
0.14663472375222797	0.3915993050581792	0.46176597118959295
0.1531919238702944	0.3776466139246394	0.4691614622050664
0.13947780776791618	0.38233126202286055	0.4781909302092234
0.1345196533550373	0.3878238943465882	0.4776564522983746
0.13853930367214673	0.377082826789772	0.4843778695380814
0.13780275823166482	0.39113508117872414	0.47106216058961115
0.1548513074411575	0.3830577100297779	0.4620909825290647
0.1486867278961524	0.3900900070633018	0.4612232650405459
0.14008678238695882	0.38356056467292726	0.4763526529401141
0.13976882957702097	0.3963773997348632	0.463853770688116
0.1362450351359506	0.37115691169728965	0.49259805316675986
0.1486411151187091	0.3719074074260859	0.4794514774552051
0.1470993641489514	0.39280441362493257	0.4600962222261161
0.14086318812076914	0.37871578102089354	0.4804210308583375
0.13738075378110987	0.38057932025143654	0.4820399259674537
0.15090345839803476	0.36679821353974557	0.4822983280622197
0.14086694617536877	0.39782909918957055	0.4613039546350608
0.15340674117919958	0.36920704908076385	0.47738620974003665
0.1528413735198094	0.3867596521557657	0.460398974324425
0.14844635171921877	0.3899136638316884	0.46163998444909293
0.14144013660941418	0.37618507088830544	0.48237479250228055
0.13788100813041015	0.37921305604866984	0.4829059358209201
0.14329861939310606	0.37841320635736	0.47828817424953407
0.14252073772732538	0.3789552779958615	0.4785239842768133
0.1378687965201827	0.3704213857108991	0.49170981776891826
0.1550620818234324	0.3723669279142452	0.4725709902623225
0.1381760300887339	0.3956473610655796	0.4661766088456867
0.13641418597314897	0.37908271403190513	0.484503099994946
0.15108965838915062	0.37369651036598106	0.47521383124486843
0.13643156414452545	0.3937837697278221	0.4697846661276526
0.1534672394103766	0.3729876037138713	0.4735451568757522
0.15502328838074578	0.37319450757037154	0.4717822040488828
0.13473580343298316	0.3866948039608712	0.4785693926061457
0.14564654963362847	0.37203686406816416	0.4823165862982075
0.14370201456135373	0.377417508145844	0.47888047729280236
0.14654652566289877	0.37046199110450045	0.4829914832326009
0.1443063240224003	0.3928149831281851	0.46287869284941474
0.1551463131077515	0.3694436147089477	0.4754100721833009
0.14543761377682354	0.36855256984931456	0.486009816373862
0.13734817784956416	0.39385696804236614	0.4687948541080698
0.14044108718815135	0.38645750806721124	0.4731014047446375
0.13721535168236182	0.38242969582593084	0.48035495249170745
0.14188069491474206	0.3862219165173917	0.4718973885678664
0.1371952323579158	0.39804994184707015	0.46475482579501415
0.1357564203125286	0.3848163399787105	0.479427239708761
0.14305741602187338	0.3827846727997026	0.47415791117842415
0.14633095922813757	0.3918346559311589	0.4618343848407036
0.14112911657060123	0.3868079348668675	0.4720629485625314
0.14050420462917732	0.3780631546975087	0.48143264067331415
0.14421671947955464	0.39332187653431944	0.46246140398612606
0.14056665412365293	0.3970825293924089	0.4623508164839383
0.15031720712489358	0.38743635254545045	0.4622464403296561
0.14289189304852662	0.3881586737170097	0.4689494332344638
0.1381932327190354	0.3775543276742145	0.4842524396067502
0.140248343279701	0.38939592427308867	0.4703557324472104
0.14076051481248553	0.37457963355341045	0.48465985163410413
0.14496518596333233	0.3659696922894207	0.48906512174724703
0.14666168425891818	0.38716501848361295	0.466173297257469
0.14738543188825054	0.37071402624097843	0.48190054187077114
0.14048037596539958	0.39856476277903885	0.4609548612555617
0.1484457061657444	0.37360011134824533	0.4779541824860104
0.14553479415082063	0.37479324388908697	0.47967196196009254
0.14558249396097026	0.3800639216989079	0.474353584340122
0.1351856527098278	0.3836855910261992	0.4811287562639731
0.13949678269339072	0.3674764345110574	0.493026782795552
0.1469150737042362	0.3692351260574365	0.48384980023832735
0.14683614353548005	0.3887347755597029	0.46442908090481716
0.13448508661326636	0.39088656704022195	0.47462834634651185
0.13732575299704014	0.37260028921443317	0.4900739577885268
0.14048518488369904	0.3879532368140256	0.4715615783022755
0.15013270621235653	0.3765751278490669	0.4732921659385767
0.1350376122375151	0.38129470681494887	0.4836676809475361
0.13531645708768608	0.3720107242170794	0.4926728186952346
0.14415044359094048	0.36948542189142297	0.48636413451763666
0.1485300558153383	0.36949613911934986	0.48197380506531196
0.1508158829700864	0.38836014632733373	0.46082397070258
0.1399450875813841	0.3934924234252677	0.4665624889933483
0.14430543491838932	0.3733877730709396	0.4823067920106712
0.15113821385498602	0.38048462822905016	0.46837715791596396
0.13941124268868577	0.38765612849927783	0.4729326288120365
0.13477829015904813	0.38168603429669895	0.48353567554425303
0.14514973435565784	0.36677583707152833	0.4880744285728139
0.14044533930564873	0.3882065090150764	0.4713481516792749
0.13615292915375304	0.37903166871731925	0.4848154021289278
0.15039889592183991	0.38456905375709594	0.4650320503210642
0.14568308829504503	0.3732252438350392	0.48109166786991586
0.14492471771350893	0.3692286670899222	0.485846615196569
0.14705828351818448	0.3747824020762663	0.4781593144055494
0.1383084671257297	0.38591253448088064	0.4757789983933898
0.14072929263240364	0.37451836995470567	0.48475233741289075
0.14018887437880798	0.3933498784016338	0.4664612472195583
0.1395415392540153	0.3789769810543901	0.4814814796915947
0.15056313291854861	0.3677947471129692	0.4816421199684823
0.14357958581115432	0.3730809123747731	0.4833395018140727
0.15267490935588146	0.387882274870287	0.45944281577383167
0.15232881712393387	0.3790695249585758	0.4686016579174904
0.14331604993436942	0.38709505805943484	0.4695888920061958
0.13948908227073212	0.3733886125376072	0.4871223051916608
0.13960054151154838	0.3753769420145588	0.485022516473893
0.1417980560316404	0.3822572099533671	0.47594473401499265
0.14092609324587027	0.39431892997422446	0.46475497677990535
0.15079240559141965	0.3661331718822934	0.4830744225262871
0.15447311617320997	0.36819307785462435	0.4773338059721658
0.14709719427409823	0.3814758638398387	0.47142694188606316
0.13910487905482383	0.36956206361343513	0.49133305733174115
0.1510967249125289	0.39007071373257846	0.45883256135489275
0.14678129642005072	0.37607183058520804	0.47714687299474134
0.1399576756569424	0.3862906544568399	0.4737516698862178
0.15163424096675227	0.3823690018081025	0.46599675722514533
0.14486350352993854	0.36986954046681153	0.4852669560032501
0.14589501037869546	0.37329285399989454	0.4808121356214101
0.15516921583796495	0.38365623654250547	0.4611745476195297
0.13560115241241516	0.3895786741151874	0.4748201734723976
0.1418717641782451	0.39028495138248964	0.46784328443926537
0.14897162651832058	0.38495117052465055	0.466077202957029
0.140908381337639	0.37620725198807337	0.4828843666742878
0.14163745652304488	0.38129131859474	0.4770712248822152
0.13577466248929038	0.38702380513702617	0.4772015323736836
0.15484831137683688	0.3859467772240957	0.4592049113990675
0.1416372243302434	0.3855473061652783	0.4728154695044784
0.1435837496508744	0.3881215037296841	0.4682947466194416
0.1438031032394011	0.38840936029610257	0.46778753646449645
0.137543145715374	0.39824240649940573	0.46421444778522036
0.1453391714541515	0.37671669574618577	0.47794413279966286
0.14945130147757946	0.38373460580794855	0.46681409271447216
0.15262026213901736	0.3690357653963324	0.4783439724646503
0.14453412487675238	0.3888674638845716	0.4665984112386762
0.13499739275694994	0.3803506272160809	0.4846519800269693
0.13922608274066212	0.3909153140322163	0.4698586032271217
0.1436558758415965	0.37298313329587446	0.48336099086252915
0.14406326082614387	0.36667945460993373	0.48925728456392253
0.1364705660556541	0.3782567615453557	0.48527267239899036
0.13792148570764565	0.37466297421977424	0.4874155400725802
0.13847484468254673	0.38074304065409525	0.4807821146633582
0.14897944032182492	0.37484120883330657	0.4761793508448686
0.14878811398160213	0.36816799447627707	0.4830438915421209
0.14927145436136957	0.38986727415852834	0.4608612714801022
0.147677685385592	0.38734974656119747	0.46497256805321063
0.1376559086617719	0.3849204485290838	0.4774236428091444
0.14139028047789648	0.3791916472671512	0.4794180722549524
0.1370444227480959	0.3921937745000551	0.4707618027518492
0.14229816189952846	0.39525310150820087	0.4624487365922708
0.14802169666724596	0.37082641976895236	0.4811518835638018
0.13892418212964652	0.37018924353576865	0.49088657433458494
0.14764658502478648	0.3658450090894434	0.48650840588577027
0.1368866745160869	0.38963902611934165	0.4734742993645715
0.14043205114617124	0.36883315565561126	0.49073479319821767
0.14264434748300603	0.37890072802348596	0.4784549244935082
0.13939368923407353	0.3959485517747545	0.464657758991172
0.1346381095564173	0.3811387386597276	0.4842231517838553
0.1391156820387824	0.3730617785116087	0.487822539449609
0.14153888082166516	0.39706246451426686	0.46139865466406815
0.15179023599786173	0.38884234284326363	0.45936742115887474
0.13585935038031008	0.3921527526371696	0.4719878969825204
0.1417876190104033	0.3728069303841522	0.4854054506054446
0.13951080966434587	0.37562523306396245	0.48486395727169185
0.14011821103136546	0.39471587548828013	0.4651659134803545
0.1459504142182026	0.38747473474538263	0.46657485103641494
0.1510916536470281	0.38754386169215105	0.461364484660821
0.15311699927060118	0.3660450206428204	0.4808379800865785
0.13706125096494975	0.38397954263719525	0.47895920639785516
0.14326871112963527	0.3786649866558841	0.47806630221448077
0.14577883622696536	0.3886370650945077	0.4655840986785271
0.1469418916885026	0.38831182263738373	0.4647462856741138
0.15173471030629299	0.375847155615756	0.4724181340779512
0.1348709940743105	0.382723217694438	0.48240578823125163
0.13742662050131083	0.39363937925754733	0.46893400024114196
0.14037273204561568	0.37151248636719164	0.48811478158719285
0.14388625449014697	0.37340983806097094	0.48270390744888214
0.15251564138314014	0.3703749180361968	0.4771094405806632
0.13526003071230136	0.38410113397798334	0.4806388353097154
0.14247332602426627	0.3902882111476699	0.4672384628280639
0.15431341065948517	0.382078939713767	0.46360764962674794
0.1378316658492807	0.38812097683882124	0.47404735731189823
0.152770816237431	0.3868758658113304	0.4603533179512388
0.15496898978308343	0.381688462761304	0.46334254745561265
0.14003491241099741	0.37865532065843854	0.4813097669305642
0.13901776038411526	0.36999280878456475	0.4909894308313201
0.14566636941660838	0.3703394341034483	0.48399419647994346
0.13972784449148112	0.3960518470328588	0.46422030847566015
0.13661102598291675	0.38745459525907927	0.4759343787580041
0.14916554846226365	0.3915186332917462	0.45931581824599027
0.14454514374517272	0.3803400751041765	0.4751147811506509
0.14525912050581563	0.39595339778486205	0.4587874817093224
0.13454482926462272	0.3878138428350203	0.4776413279003572
0.1530477599011686	0.384769117070189	0.4621831230286425
0.14329537406674425	0.3874279725407509	0.469276653392505
0.13518761549058456	0.38796529711666405	0.4768470873927515
0.14398637346231724	0.37516428795910567	0.4808493385785772
0.14016412749804041	0.3689822034412517	0.490853669060708
0.14457092805125238	0.3761312939340723	0.47929777801467544
0.1419716827824799	0.39149371299625446	0.4665346042212658
0.15407612761562528	0.38040505562781746	0.46551881675655743
0.1415869083521833	0.3929733886534332	0.46543970299438364
0.13668473895107333	0.38259289113228695	0.48072236991663986
0.14801993219986714	0.38948902485064507	0.4624910429494879
0.1520796265926035	0.3808624952101927	0.4670578781972039
0.13927874070216856	0.39619865507547114	0.4645226042223604
0.15031315024255712	0.37895017238280737	0.47073667737463565
0.14237313298766507	0.36880424134734296	0.48882262566499207
0.15373354139751522	0.3873063450864159	0.45896011351606897
0.15298867847392952	0.37546471963859623	0.4715466018874743
0.1406124801108507	0.39008244528437025	0.46930507460477916
0.15065004251867797	0.3840482141145164	0.4653017433668058
0.14191966959228924	0.38548087893651245	0.4725994514711984
0.13820358516073195	0.3825974271573275	0.47919898768194075
0.14327562889216283	0.37393474625174866	0.4827896248560887
0.1456881003474929	0.3662400102583383	0.4880718893941689
0.14837965684683735	0.3768115900708872	0.47480875308227555
0.1470371755782489	0.38875414904885536	0.4642086753728959
0.13753076138540365	0.383744060060304	0.4787251785542924
0.14616930829854724	0.3750243603348341	0.47880633136661876
0.14430594221156576	0.3862057420453794	0.46948831574305494
0.13544145891798492	0.38346108250341115	0.4810974585786041
0.14816276726444533	0.39252089110089555	0.45931634163465923
0.1462647353156759	0.37977838520919854	0.47395687947512566
0.14132823289247087	0.3700006055815822	0.48867116152594703
0.14216756557947202	0.39104746859630807	0.46678496582422
0.14582330047230765	0.39050847379892195	0.46366822572877053
0.1436904369385985	0.3817544029857055	0.4745551600756961
0.14906351458307185	0.3813023604490357	0.4696341249678926
0.15219409879679646	0.3778383586204053	0.4699675425827984
0.15237273206524643	0.3735148221671876	0.47411244576756606
0.13560374596823568	0.3960931213256272	0.4683031327061372
