0.16493285002374342	0.33873004913234567	0.496337100843911
0.37867581465472755	0.1704210059232616	0.45090317942201097
0.34396401676002075	0.16625642598455173	0.4897795572554276
0.20192558547354142	0.30613009835901545	0.4919443161674433
0.17143127723486706	0.36184355530583795	0.4667251674592951
0.19655361715768815	0.29144097804065733	0.5120054048016547
0.2540556808072902	0.22544361716526434	0.5205007020274456
0.177769914238764	0.33554272709092986	0.4866873586703062
0.22381827874929214	0.3234270137178074	0.4527547075329006
0.16211390301419523	0.3121073032292545	0.5257787937565503
0.252020330939669	0.293347141893596	0.4546325271667351
0.18268736627103851	0.3148158883188999	0.5024967454100617
0.2896193680134389	0.22217087456380585	0.4882097574227553
0.33441094039068897	0.16982261330500267	0.49576644630430844
0.2907173232914837	0.251538887807033	0.45774378890148343
0.32396030285249555	0.1589285077905501	0.5171111893569544
0.2233495280447274	0.30043441782969565	0.47621605412557705
0.20747785259380364	0.3186535269917946	0.47386862041440186
0.30807690429745677	0.23000602589849783	0.4619170698040455
0.36013582449286774	0.17217049912223098	0.46769367638490145
0.3009420508696805	0.2210285679108887	0.47802938121943095
0.22501951860905234	0.24151655740569458	0.5334639239852532
0.3634990318817605	0.1570820530482347	0.4794189150700049
0.1930585483861363	0.30450458819406007	0.5024368634198038
0.25565287900538297	0.2894076686650551	0.45493945232956207
0.25556239807736364	0.26165300615377224	0.48278459576886423
0.17342073974624453	0.2887640285357206	0.537815231718035
0.2853812335519406	0.26167815338680345	0.45294061306125605
0.19726564451635922	0.31465716964447715	0.4880771858391637
0.32098712045557126	0.16056458287490322	0.5184482966695256
0.3952041929234418	0.15037644335673664	0.45441936371982167
0.33726957065251184	0.1632967974534645	0.4994336318940238
0.26366423904893366	0.2462333307219874	0.49010243022907907
0.208800786027952	0.3206928440810082	0.4705063698910399
0.27200174397928073	0.1978542836027759	0.5301439724179434
0.29132104888558374	0.18426744479587698	0.5244115063185394
0.32883693367029765	0.1579267746688232	0.5132362916608793
0.24811826108476961	0.2753206925838794	0.47656104633135105
0.21294983857906258	0.30031898980176547	0.48673117161917206
0.21009345912602806	0.3066800410701536	0.4832264998038184
0.26429600632055134	0.20519959425605827	0.5305043994233904
0.1743122987072127	0.3059332534134607	0.5197544478793267
0.3547583312293519	0.1921496589233144	0.4530920098473338
0.2430559273253068	0.29078175417568475	0.4661623184990086
0.15405962848263427	0.35806881773223	0.4878715537851358
0.2196149278765907	0.28812689477200804	0.4922581773514014
0.2940470684587394	0.19090766671844972	0.515045264822811
0.22062354801073747	0.256492042407721	0.5228844095815417
0.3020703857012691	0.2086257231297256	0.48930389116900536
0.27354475438684933	0.27304579119664296	0.4534094544165079
0.22840115790854196	0.3110090273973821	0.460589814694076
0.2669099796295883	0.25569898232133614	0.4773910380490756
0.2641758955587993	0.26340030945310133	0.47242379498809955
0.16357534128700393	0.37145508643685865	0.46496957227613755
0.36431816315907095	0.1602103805663029	0.4754714562746263
0.2115602012429053	0.3073100561782386	0.4811297425788562
0.29424009740020374	0.22376076924904464	0.48199913335075173
0.27524059440443627	0.24108976661316048	0.4836696389824034
0.30117165216840824	0.21826773649978984	0.48056061133180206
0.276383496090267	0.2243368692882248	0.49927963462150826
0.26009549779032903	0.20811116023135603	0.5317933419783151
0.2299950694542994	0.27236334168578996	0.4976415888599107
0.3091732162429892	0.2311644735805295	0.4596623101764814
0.29789632842419866	0.18926763137972777	0.5128360401960738
0.3059205772370415	0.23048366506628098	0.4635957576966776
0.3205170012775911	0.1876788086597586	0.4918041900626504
0.16852252963105674	0.3804175417210225	0.4510599286479209
0.23572781353605593	0.2590083645461448	0.5052638219177994
0.15734488436609062	0.3900062738232183	0.4526488418106912
0.17523531807448134	0.2910673525446984	0.5336973293808204
0.15310066546633694	0.38536808123647226	0.4615312532971909
0.2967862385283785	0.20473220765847253	0.49848155381314907
0.1713778504512808	0.32986290157436393	0.49875924797435545
0.31121290253964795	0.21079242249151098	0.4779946749688412
0.16477517899327362	0.37125182204450513	0.46397299896222133
0.2280456088381903	0.3054413653051429	0.466513025856667
0.2293658740160922	0.26842482283680735	0.5022093031471005
0.2022548942252095	0.3255180085041551	0.4722270972706355
0.3180690201169739	0.1855475170275755	0.49638346285545076
0.24107439908001665	0.28552257429071204	0.47340302662927136
0.19998704984047896	0.2857787190374637	0.5142342311220575
0.3126048903751621	0.16273876902496148	0.5246563405998765
0.25298425475462183	0.2342753717510589	0.5127403734943193
0.3003983368820802	0.2457545411278257	0.45384712199009425
0.2754727864210865	0.20074335845795904	0.5237838551209545
0.32728705656086143	0.17175927741902583	0.5009536660201128
0.30781027006098244	0.18669031186720503	0.5054994180718126
0.2800946748382007	0.2044872594391397	0.5154180657226597
0.3580074853822629	0.18525752669125722	0.45673498792648004
0.2673411779539148	0.23114509175154396	0.5015137302945414
0.16409468718327938	0.3343173184614443	0.5015879943552763
0.21985365443960106	0.28755128659460727	0.4925950589657918
0.23492760835565069	0.2688384430681524	0.496233948576197
0.2271315772293998	0.2942855130548772	0.4785829097157231
0.2782426161221425	0.20049121171856374	0.5212661721592938
0.20263879483262107	0.27578947132716003	0.5215717338402189
0.3007668736310971	0.1796423614815618	0.5195907648873412
0.2888353531716644	0.25364642775404284	0.45751821907429285
0.20081614770147427	0.33041542574195837	0.4687684265565675
0.29720765290430334	0.19949804380312647	0.5032943032925703
0.22598175065650672	0.24537574923530417	0.5286425001081891
0.21219086601960965	0.2936096007628325	0.49419953321755794
0.31054913615074814	0.20354304021368042	0.4859078236355715
0.15390231395646867	0.36641113602017517	0.47968655002335625
0.1694741092787083	0.3465564089751319	0.48396948174615995
0.26994076208069134	0.20434425642833362	0.5257149814909752
0.24725075487823117	0.23038749580636797	0.5223617493154009
0.190386341904064	0.3211434655761409	0.4884701925197952
0.22558331948705573	0.2867360436531079	0.48768063685983654
0.33324327576525936	0.18668628588638714	0.4800704383483536
0.20185458163907763	0.3065074986254779	0.4916379197354447
0.3269242756750075	0.16365108613611865	0.509424638188874
0.17281297447400196	0.306887999122881	0.5202990264031171
0.1942891554030911	0.3078876380084881	0.4978232065884209
0.32121611576581993	0.21260121371630694	0.4661826705178732
0.2571732166069062	0.2210170257576332	0.5218097576354607
0.2217092935701464	0.3256172029340266	0.45267350349582713
0.17738237035155893	0.28520179935610773	0.5374158302923335
0.28020518488810875	0.26785159923429974	0.4519432158775916
0.2980482540521411	0.19178589975047267	0.5101658461973864
0.28654261897186994	0.2109580162919765	0.5024993647361536
0.232035059895911	0.30756502975858163	0.4603999103455075
0.28375252487751573	0.24813144147575933	0.46811603364672505
0.28191384278380666	0.18640989757225945	0.531676259643934
0.2950079466362961	0.2440633950635731	0.4609286583001309
0.2744892877279733	0.18648036466619058	0.5390303476058362
0.25084183678042715	0.26689791123969386	0.48226025197987915
0.3706226135461049	0.1767421166156106	0.4526352698382846
0.3542071581095411	0.16931823552656672	0.4764746063638923
0.15844378970121806	0.3257273497737413	0.5158288605250407
0.18105619795597133	0.36653835068257196	0.4524054513614568
0.16215176691967054	0.3673464998007334	0.4705017332795961
0.2199915537178327	0.24601922553837313	0.5339892207437943
0.17147482081416063	0.3436182022118358	0.4849069769740037
0.16743190159436683	0.3480395992998365	0.4845284991057968
0.23898300607913722	0.2607913861001127	0.5002256078207502
0.161528013590387	0.3529880193965869	0.4854839670130262
0.1684984111432562	0.30475637387209575	0.5267452149846481
0.3639983357297269	0.16238507714537137	0.47361658712490184
0.2779151772456798	0.24398402006784808	0.47810080268647215
0.3410569704349663	0.16737420436054157	0.49156882520449224
0.28192896561265174	0.19017722894662684	0.5278938054407216
0.3493797041965521	0.17509716154324284	0.47552313426020515
0.30288686482827315	0.1706716840092605	0.5264414511624664
0.2754262186171297	0.21562340248814046	0.50895037889473
0.278364189442347	0.24601817122897973	0.4756176393286734
0.2913470998156419	0.16971822261993075	0.5389346775644275
0.33595424999846013	0.17404346200770812	0.49000228799383183
0.2003744904870828	0.3317580188434418	0.46786749066947547
0.36351571188764575	0.16257490593968546	0.47390938217266887
0.3110647215059663	0.20178743029139617	0.4871478482026376
0.2960336594370048	0.19991624585934525	0.50405009470365
0.27006893514112296	0.2262517156803262	0.503679349178551
0.30475501395127513	0.16342361627237062	0.5318213697763543
0.21886585537260222	0.27180125393538274	0.5093328906920151
0.3100361667419193	0.22180300844505046	0.46816082481303034
0.37350029252843886	0.1609127465826349	0.46558696088892637
0.1615352499043019	0.3785451565711166	0.45991959352458167
0.2717569997611385	0.19797736946897926	0.5302656307698824
0.37577538266138966	0.16007466986251576	0.4641499474760947
0.28172785258007343	0.2452580160815944	0.47301413133833237
0.22039148047496598	0.2716589149898631	0.507949604535171
0.3150855808024815	0.20077862755516587	0.4841357916423527
0.3392934160824454	0.15014449569170596	0.5105620882258488
0.3313850548156907	0.15069613171343624	0.5179188134708732
0.3121608824460006	0.15369638411921366	0.5341427334347859
0.2516417241879928	0.24434300426076494	0.5040152715512424
0.2899512437578483	0.2317889800386645	0.47825977620348725
0.2955008673813029	0.18021002885105722	0.52428910376764
0.3007768035472015	0.24711398425878922	0.4521092121940094
0.1862522225045454	0.33742573175851276	0.476322045736942
0.2210135816218745	0.2440388378672963	0.5349475805108292
0.23542581245894537	0.226590924393308	0.5379832631477468
0.24490680772763995	0.21987745538731948	0.5352157368850408
0.3274503995063922	0.21179855809487044	0.4607510423987375
0.37188500969886706	0.17694334148761057	0.45117164881352245
0.39179608976336966	0.15726751069909542	0.450936399537535
0.29036757057682344	0.23153353882619834	0.47809889059697835
0.3837839980333181	0.15174573853748077	0.4644702634292012
0.328729784403059	0.15166726020882118	0.5196029553881198
0.29504062631954353	0.1759418178934679	0.5290175557869887
0.1535652553335421	0.36720838434067526	0.4792263603257827
0.19605057127344003	0.3053523939928629	0.4985970347336972
0.32993865634499986	0.1967319939692454	0.4733293496857548
0.3030449223016162	0.21666390910872518	0.4802911685896587
0.311277532847337	0.2040350631179322	0.48468740403473093
0.2798739591755503	0.19006475896797032	0.5300612818564795
0.1718350166258328	0.32658114168255553	0.5015838416916117
0.25544603888730427	0.289387075180679	0.4551668859320168
0.16445585553190745	0.3412651905756767	0.49427895389241594
0.36298823823369075	0.16198913358267475	0.4750226281836346
0.21127179806872023	0.3105852799386882	0.4781429219925917
0.3573258617312038	0.15990870208371188	0.4827654361850844
0.2122386035948468	0.29673451018168195	0.49102688622347135
0.24939000897633504	0.28788400529641767	0.46272598572724744
0.34917233642252904	0.18719387506229448	0.4636337885151766
0.1569816464623679	0.3830080779683479	0.4600102755692843
0.22232544237962804	0.3198240477295912	0.45785050989078085
0.2851449240105287	0.1742620333179032	0.5405930426715682
0.3019329320394799	0.20066781029091485	0.49739925766960535
0.26057444845397804	0.2029149166016331	0.5365106349443889
0.17808535536729408	0.3655580798977433	0.45635656473496267
0.2862604614252793	0.1797483543083423	0.5339911842663785
0.29727830095576485	0.22979934327516252	0.4729223557690727
0.33452240371344466	0.1934585900583848	0.4720190062281706
0.2060816719675372	0.30014818154066963	0.4937701464917933
0.2864711051489002	0.243509749158712	0.4700191456923879
0.1891176068726218	0.3485841935014702	0.4622981996259081
0.18332382758765428	0.2881391747065626	0.5285369977057832
0.15625535827771211	0.31986928620822985	0.5238753555140582
0.2643500118378542	0.19941525579287678	0.5362347323692691
0.2768151333068495	0.19766047401919185	0.5255243926739588
0.2051115265989871	0.29122667888263726	0.5036617945183758
0.20734629945572447	0.30661817431827443	0.4860355262260012
0.19200835414774567	0.35281039449838963	0.45518125135386484
0.21345954996565789	0.24554517089838265	0.5409952791359596
0.23992355857249453	0.22055943363460118	0.5395170077929043
0.3068081282018651	0.17065235720047522	0.5225395145976598
0.365507045969099	0.17433932025742407	0.460153633773477
0.2643827176713933	0.21452610874706055	0.5210911735815462
0.23550421184413534	0.28833171025029997	0.4761640779055648
0.3156773554508331	0.2178151008636477	0.46650754368551933
0.31397136916535545	0.15762659224138983	0.5284020385932549
0.33690352221878794	0.1571048592461995	0.5059916185350127
0.29068876062619453	0.17660275940987472	0.5327084799639309
0.265231546946044	0.23181065475060356	0.5029577983033525
0.22587826897052538	0.25990293394115643	0.5142187970883183
0.16869917942746468	0.3028719310419388	0.5284288895305966
0.37708226306890036	0.1585938505185038	0.4643238864125959
0.32388731509443086	0.18983240503660398	0.48628027986896527
0.16332742053363858	0.303102716554364	0.5335698629119976
0.3144005729757404	0.1779321697965196	0.5076672572277401
0.19834699389796723	0.3242007937915795	0.47745221231045337
0.29938576054014365	0.22859196904051027	0.4720222704193462
0.26204807521564644	0.216608234870548	0.5213436899138056
0.2646796167705847	0.19634902826843925	0.5389713549609761
0.21024781252205743	0.2849842473556133	0.5047679401223294
0.382673205979489	0.15499711465362542	0.4623296793668857
0.19189435622326456	0.2702104968706505	0.537895146906085
0.1848927522687455	0.3016414247690412	0.5134658229622133
0.2650855409637283	0.23739241454837604	0.49752204448789583
0.1881475928345728	0.29235822910851655	0.5194941780569108
0.31162447916845604	0.179877712831127	0.508497808000417
0.21022788314346447	0.3307232815301947	0.459048835326341
0.19521588404120563	0.29767782493560424	0.5071062910231903
0.3248548259298507	0.1503407818357968	0.5248043922343526
0.1807062143534414	0.3060688075728	0.5132249780737588
0.18714824275830022	0.337868572169636	0.4749831850720639
0.24011607577406827	0.29394231992696623	0.4659416042989656
0.24292446384390468	0.30481531376765586	0.45226022238843955
0.30343209964284307	0.23202864445312413	0.46453925590403294
0.2644061977472916	0.2486320863146093	0.48696171593809917
0.32541657373937255	0.15429558988326836	0.5202878363773592
0.2686456584332936	0.20074315330158488	0.5306111882651217
0.22800723535509157	0.26903781461561704	0.5029549500292915
0.2879487203952431	0.1920977608721377	0.5199535187326193
0.2432164005483509	0.23715951715380346	0.5196240822978457
0.19987027280951059	0.26968694858388464	0.5304427786066048
0.23633977580337312	0.3096848981198936	0.4539753260767334
0.15833981307907	0.3497050787609526	0.49195510815997756
0.3546429664315589	0.15229678840864797	0.49306024515979324
0.3629400489808604	0.17568832588396727	0.46137162513517244
0.24627348308865626	0.2384094298256197	0.5153170870857241
0.2844785246264795	0.22544030715283503	0.4900811682206856
0.186728697454186	0.31427272716220844	0.4989985753836057
0.24315784582930747	0.273986716599022	0.48285543757167065
0.24723033145526302	0.2407329128725349	0.5120367556722022
0.3392046914461512	0.18591401133176946	0.4748812972220795
0.33010336988073774	0.17372047821295586	0.49617615190630654
0.2179337679250402	0.29146259660291957	0.49060363547204033
0.23853736781233106	0.23331927679216136	0.5281433553955077
0.27183846841102094	0.23667266116697855	0.4914888704220006
0.23754325884939057	0.24314515204094495	0.5193115891096647
0.33703151821280947	0.15629894506161873	0.5066695367255719
0.2014318232736538	0.27872017314607855	0.5198480035802677
0.35125454325063843	0.17909158631450206	0.4696538704348596
0.3005658104954414	0.22281067577011832	0.4766235137344404
0.33129497308002864	0.15824563956334664	0.5104593873566248
0.37401604371756236	0.15913098423482144	0.46685297204761633
0.29140165538992086	0.18533931098277354	0.5232590336273057
0.2581509409591186	0.26662631920582136	0.47522273983506014
0.26806712518413556	0.24637515677374197	0.4855577180421226
0.24488014568527955	0.2753089158821963	0.47981093843252426
0.34890625136052567	0.16963983875854902	0.4814539098809254
0.2689926847437537	0.25899200820004903	0.47201530705619743
0.24071210443216084	0.28937481728281383	0.46991307828502543
0.33181365572642674	0.15349744890950143	0.5146888953640719
0.21909264183787103	0.2805633293782646	0.5003440287838645
0.24079751545409925	0.2864857933769064	0.4727166911689945
0.16507716613499643	0.35882891786178783	0.4760939160032158
0.3248615684724647	0.17140293137468526	0.5037355001528501
0.3149016438339905	0.20106758173168238	0.4840307744343272
0.19584042533470847	0.2707885242188371	0.5333710504464546
0.27671063661433204	0.22776952488791652	0.49551983849775155
0.3740787912403808	0.1664687798886892	0.45945242887093013
0.2985055999653762	0.1964323718761502	0.5050620281584738
0.24965915999056112	0.23888051988297118	0.5114603201264678
0.2852199778471952	0.20076506999429447	0.5140149521585105
0.3205117018295017	0.1901379146603916	0.48935038351010685
0.3826407799137176	0.15890170979089102	0.4584575102953915
0.22878257831012133	0.27642390113957693	0.49479352055030185
0.24407234431521127	0.2280563500558651	0.5278713056289237
0.32293890412563014	0.20012272556312224	0.4769383703112477
0.15749407209886174	0.30971226961144915	0.5327936582896893
0.3636768454878141	0.1734652008407195	0.4628579536714665
0.24783226188898708	0.25231121845995036	0.49985651965106265
0.3378488387185951	0.1823339047560295	0.47981725652537555
0.32381038538425483	0.17222420319504975	0.5039654114206955
0.2508292738089656	0.22994059175008102	0.5192301344409535
0.16473433405076612	0.3771924634649959	0.4580732024842381
0.2116018491508196	0.28211093229314166	0.5062872185560389
0.3424615509861162	0.18527223484906122	0.4722662141648227
0.3619137583671507	0.18712316557248881	0.4509630760603607
0.2175279557208646	0.3144761285358714	0.4679959157432641
0.2222823284517325	0.2728605709488113	0.5048571005994563
0.2229855964455082	0.30512043631791747	0.47189396723657445
0.3251204821681036	0.18459413603277824	0.4902853817991183
0.24625419275897054	0.24023273246031612	0.5135130747807135
0.2843505707857701	0.21875493295173082	0.49689449626249926
0.353585734005859	0.18126124942933028	0.4651530165648108
0.25482283057644206	0.2534710350262197	0.49170613439733835
0.3429693245173261	0.20546846411029107	0.45156221137238295
0.2543374681165844	0.24476937600108697	0.5008931558823287
0.2608427163549913	0.21206109165931802	0.5270961919856908
0.2513761912955687	0.22025407814756037	0.5283697305568711
0.24857546251321994	0.2981461018797488	0.45327843560703135
0.30472373643455253	0.16951049348285407	0.5257657700825935
0.34567530887231473	0.170584223862114	0.4837404672655714
0.3104062607946452	0.198035260155362	0.49155847904999295
0.3085144051566129	0.18213360508940096	0.5093519897539863
0.2228641411129747	0.27643782561703734	0.5006980332699882
0.2561181501936747	0.27289226500700126	0.4709895847993242
0.206051554258819	0.3179706218854892	0.475977823855692
0.21402348618222936	0.2640854763170104	0.5218910375007604
0.2438768466846345	0.30466818968034803	0.4514549636350176
0.3715271013261189	0.16375784700125812	0.46471505167262306
0.30478189135712774	0.1681633872859856	0.5270547213568868
0.23054502396054444	0.2931949763948889	0.4762599996445668
0.39566468714792596	0.1510489500797493	0.4532863627723248
0.18997660363488483	0.35404247805763406	0.4559809183074812
0.3201689252127673	0.16508461346972997	0.5147464613175028
0.2943653970104654	0.24058608284576	0.46504852014377474
0.27739544483977796	0.2250727853435447	0.49753176981667746
0.22118615514218126	0.24376976176713736	0.5350440830906815
0.2701795316108976	0.18992556425149468	0.5398949041376078
0.2634731443460355	0.26133254985380355	0.47519430580016103
0.2909200151035368	0.22006147766072803	0.4890185072357352
0.16081677257994917	0.3575579161486958	0.4816253112713551
0.2615843036275815	0.21780637221507512	0.5206093241573435
0.3793065584533237	0.15651973761196752	0.4641737039347089
0.2769046343693623	0.2668707119272191	0.4562246537034187
0.2836779451566047	0.18842217904930497	0.5278998757940904
0.2854453802637964	0.21955722552061976	0.4949973942155839
0.25010418381302996	0.2637614673337735	0.4861343488531967
0.21099241875393876	0.29694294127193366	0.49206463997412775
0.24220003074195817	0.2971645519350353	0.4606354173230066
0.23912552819792915	0.3050319270062049	0.45584254479586606
0.3512486174845012	0.15022844387925466	0.49852293863624425
0.23678951572945395	0.22905573401892304	0.5341547502516231
0.29886006626574607	0.19241570238723493	0.508724231347019
0.28912061374388875	0.19324353616408085	0.5176358500920305
0.27868481117029786	0.23450051782063303	0.4868146710090692
0.2565112767293044	0.20676041219772365	0.536728311072972
0.27293671492417265	0.26417301597338844	0.462890269102439
0.2776799917263383	0.21415391109236365	0.5081660971812981
0.34458987833248017	0.15334694978236618	0.5020631718851538
0.3098180788658633	0.1682696481363453	0.5219122729977914
0.30375869584044013	0.21132336030963325	0.48491794384992676
0.2945231895309617	0.1677885255972894	0.537688284871749
0.3486603520635353	0.17167813042306054	0.47966151751340425
0.19802147320240684	0.2648419874651601	0.5371365393324332
0.2173282409063098	0.24602965100006446	0.5366421080936259
0.3661308581166712	0.17247824175229828	0.4613909001310307
0.33936692110955186	0.15065990972979915	0.509973169160649
0.19002980639399564	0.2886020983126231	0.5213680952933814
0.2085477641789807	0.28104063162526177	0.5104116041957576
0.2757395402698127	0.24559063719901197	0.4786698225311755
0.2306098724027415	0.3141243823257253	0.4552657452715333
0.26919528903588164	0.2399297151034652	0.4908749958606533
0.16577834557191737	0.32523755203048677	0.5089841023975961
0.16121607051678194	0.38680683163277035	0.4519770978504478
0.28681728651290234	0.22832434736303886	0.48485836612405886
0.338824941629345	0.1674434818336754	0.4937315765369797
0.34456623943229114	0.18866068333563035	0.4667730772320786
0.36235677619238127	0.18109196109934686	0.45655126270827195
0.2252320450057029	0.3215448839721963	0.4532230710221009
0.19094568186848024	0.31002185760153605	0.49903246052998385
0.23487641626399916	0.28417442114679975	0.4809491625892012
0.31791605210640145	0.2265419394393799	0.45554200845421877
0.3414024329807289	0.18192367941630685	0.4766738876029643
0.21015402985333453	0.29591485866577927	0.4939311114808863
0.1726102685470477	0.32486926117618464	0.5025204702767678
0.20586555053780833	0.31064165168683805	0.48349279777535376
0.17012672000661566	0.3410634502080264	0.48880982978535803
0.23508395194269918	0.2914190596534963	0.4734969884038046
0.32683639123399405	0.1887082596499496	0.4844553491160565
0.3539164576463061	0.15874885079041967	0.48733469156327436
0.15663427614371894	0.32319919060700236	0.5201665332492788
0.25468183843987535	0.21198256079948263	0.5333356007606421
0.19941450373725736	0.34935776879593583	0.45122772746680695
0.3470848452085796	0.15415585637272566	0.4987592984186949
0.3234028430121665	0.1828564595001253	0.4937406974877083
0.2512843735583159	0.2311852819515578	0.5175303444901265
0.25237720074509035	0.213635942628311	0.5339868566265988
0.2678380239060355	0.2118219404134048	0.5203400356805599
0.17869212160903444	0.36880413943440743	0.45250373895655827
0.32834102064997683	0.1516300452932675	0.5200289340567558
0.17400365101399828	0.36913484108007366	0.45686150790592817
0.3050868070485335	0.18920238642175252	0.505710806529714
0.36692428423806367	0.15957871784018648	0.47349699792174993
0.3486098126194324	0.18167646107284235	0.46971372630772534
0.21794450510368057	0.2695921617834405	0.5124633331128791
0.31971695935126976	0.2239276445395193	0.45635539610921105
0.16378697328184685	0.30405982000783605	0.5321532067103172
0.23600264052348785	0.30166880181900957	0.4623285576575027
0.15472502378693032	0.38523454050593653	0.46004043570713327
0.1938731889072547	0.3214213640275827	0.4847054470651627
0.18256379603428227	0.29674955947949355	0.5206866444862243
0.3166346052373923	0.2123431435730564	0.47102225118955143
0.1684418476969543	0.29123713510391414	0.5403210171991317
0.19640073380866546	0.33377366882032794	0.4698255973710067
0.1978476618110287	0.30933675583081094	0.4928155823581605
0.255403319023857	0.20870927437479758	0.5358874066013455
0.3712902376065171	0.15678332963869956	0.47192643275478346
0.3663633804086744	0.17280762366494473	0.460828995926381
0.1741191358555199	0.35278352687463616	0.47309733726984404
0.23716507625591335	0.2227630928071207	0.5400718309369661
0.28278009286968425	0.1811992722701918	0.536020634860124
0.3504449776560601	0.15773053812499777	0.4918244842189423
0.22696689353240312	0.2906735690392027	0.4823595374283943
0.17702861532699418	0.2843060898027011	0.5386652948703048
0.2138315711541956	0.24710829134700543	0.5390601374987991
0.2599372141360857	0.2213002857609134	0.518762500103001
0.366293579577552	0.17847287210388957	0.45523354831855856
0.17968022801069322	0.33754889038113667	0.4827708816081702
0.2987770938558492	0.2256579013223393	0.4755650048218116
0.3392089966812313	0.16866985849532173	0.4921211448234471
0.2119453711843985	0.2802675246881622	0.5077871041274394
0.3247350121148003	0.16107508622722544	0.5141899016579743
0.21199530938143743	0.25907322966325946	0.5289314609553032
0.35605861042369963	0.17882660927839106	0.4651147802979094
0.27487907340301315	0.24675341758220914	0.47836750901477787
0.22076949225458617	0.3199028018768862	0.4593277058685278
0.2473722248045668	0.22845970753208877	0.5241680676633446
0.21302872709572396	0.25698295390647696	0.5299883189977992
0.27695214485547237	0.189121022376499	0.5339268327680288
0.1570768536904621	0.36710024410232395	0.475822902207214
0.17276353776309583	0.3299655466160055	0.49727091562089876
0.2968663127859465	0.1845096003898481	0.5186240868242056
0.1680483936756683	0.3052124149982557	0.5267391913260762
0.1614363511656638	0.35901179559750174	0.47955185323683464
0.2779910008051519	0.21005519993574528	0.511953799259103
0.25426544958110775	0.2301861363152558	0.5155484141036365
0.33696669931822965	0.16774478140539073	0.4952885192763797
0.32916862955908244	0.1740872560044799	0.49674411443643773
0.32680570648498203	0.15596370082919708	0.517230592685821
0.28341110281382326	0.2502397882222868	0.46634910896389004
0.22739454119128158	0.28875619991116713	0.48384925889755137
0.2835438208665826	0.2629558934650147	0.45350028566840284
0.2849723610816766	0.22953222502472614	0.4854954138935973
0.23668687642748265	0.2905647443518235	0.472748379220694
0.22317677745060902	0.2536780130831795	0.5231452094662117
0.32254384272144954	0.1637989968080309	0.5136571604705197
0.33782625632786967	0.1730145335599803	0.48915921011215013
0.22522508343307446	0.28707273831154134	0.4877021782553843
0.2530010391534082	0.22347112346845635	0.5235278373781356
0.27704035638360164	0.2572102816441495	0.465749361972249
0.3126133023083426	0.1577538935510849	0.5296328041405726
0.3077536514808768	0.2361882772437543	0.456058071275369
0.30270293488399536	0.17227971741546738	0.5250173477005373
0.19825443644477408	0.33130277878334485	0.4704427847718812
0.17360176023827117	0.3687277172993162	0.4576705224624127
0.23463309490036138	0.2300565367634641	0.5353103683361746
0.35703505913657757	0.16315480481939376	0.4798101360440288
0.36111244704772955	0.15211401740464583	0.48677353554762476
0.26089967906260647	0.2757138423701534	0.46338647856724025
0.3345785689197986	0.20269112605672426	0.46273030502347723
0.20775193999504377	0.2704748058158921	0.5217732541890643
0.2397527286791162	0.30419608215123695	0.45605118916964693
0.2263911086754982	0.3140038383843685	0.4596050529401334
0.21416196911741445	0.2662907136223945	0.5195473172601912
0.24436593407615553	0.21814305815794727	0.5374910077658973
0.20608700782674896	0.2862142651849606	0.5076987269882904
0.3501931328651691	0.17436014604357294	0.4754467210912581
0.31863981165014227	0.18226468428714573	0.49909550406271214
0.2322583171617375	0.2622566759052473	0.5054850069330152
0.1969752005793915	0.3217726371952326	0.48125216222537603
0.3123202801620069	0.19928634527458078	0.4883933745634125
0.20224856386263082	0.3405592689342424	0.4571921672031269
0.28647405505736967	0.2616229969305026	0.4519029480121278
0.2092687060864427	0.2642418263763317	0.5264894675372257
0.3953042507010353	0.15112967538144367	0.45356607391752113
0.3472346251002958	0.17020125059384902	0.4825641243058553
0.2316360041149821	0.30598734815167045	0.4623766477333476
0.20975717833494073	0.3361396882614766	0.45410313340358277
0.17753297795960038	0.3389573160754207	0.48350970596497905
0.2563506649125088	0.2191460193084171	0.5245033157790742
0.2486997084648896	0.2578383879263597	0.4934619036087508
0.26784131853981913	0.22816272172920857	0.5039959597309724
0.2230645342580312	0.24838589262658	0.5285495731153889
0.18290025207626945	0.3255820591905655	0.49151768873316515
0.19962717312514872	0.27801528450039026	0.5223575423744611
0.171804383642488	0.3701345531283271	0.458061063229185
0.33514427940385105	0.190775748731848	0.47407997186430106
0.3295885028204154	0.20373607482342757	0.46667542235615717
0.20956623013941045	0.32841630406103506	0.4620174657995546
0.1635255568006257	0.3326333308940012	0.5038411123053732
0.21618501330582165	0.2769939210243991	0.5068210656697794
0.16097206035595943	0.3392797130606666	0.49974822658337403
0.34520117198190026	0.15114207921609313	0.5036567488020067
0.16121727867565655	0.3671304693183526	0.47165225200599104
0.19104454755783257	0.2750514438358637	0.5339040086063038
0.18582228900188336	0.3393402227243962	0.47483748827372063
0.3232145453484154	0.16529148240694402	0.5114939722446407
0.15659403629048782	0.36875950266318297	0.47464646104632935
0.38055899397663784	0.1546736346687998	0.4647673713545625
0.2755572433771307	0.21719662041739835	0.5072461362054711
0.17127506936301595	0.3092291759512729	0.5194957546857113
0.1550199550241599	0.3677078901810416	0.47727215479479856
0.17842176071305677	0.34846515109092685	0.4731130881960165
0.23847439343632507	0.2695803659684141	0.49194524059526096
0.22445044382580354	0.24217477679695004	0.5333747793772465
0.38375331481603475	0.15678831937499357	0.4594583658089718
0.1643684026458493	0.34756415268246704	0.48806744467168384
0.3153734137621558	0.16789654975307655	0.5167300364847678
0.3467513046869505	0.16197705153913972	0.4912716437739099
0.22480670027395683	0.27709879438346646	0.4980945053425768
0.164349437748936	0.3213003613851129	0.5143502008659512
0.2223954132019214	0.31816334683011976	0.45944123996795894
0.36172158203001903	0.15664517182929155	0.4816332461406895
0.34047816143357174	0.20376971857899398	0.45575211998743437
0.2564047705482987	0.2528280644986709	0.4907671649530305
0.3126682405191455	0.22561118295260174	0.46172057652825294
0.16587066540463113	0.3515686772909472	0.48256065730442177
0.25385059636662455	0.21215406775844167	0.533995335874934
0.3134157716095304	0.23420786550150702	0.4523763628889627
0.2042268365298345	0.3069733610701963	0.4887998023999693
0.1800637760070383	0.3085020967543264	0.5114341272386355
0.285963789608621	0.2326236529649513	0.48141255742642786
0.18845667983504374	0.31937195952373154	0.4921713606412248
0.181968839580428	0.32318852784099106	0.4948426325785811
0.1819103036419772	0.3596866894416087	0.4584030069164142
0.2377898118574618	0.2950147481997844	0.4671954399427539
0.16403180393884964	0.38177317767694624	0.45419501838420423
0.16073643007755642	0.35591914380882633	0.4833444261136174
0.31790935308841783	0.22938137902770311	0.45270926788387916
0.297808082632362	0.23180623098817937	0.47038568637945866
0.23259472188373836	0.31333297982613945	0.4540722982901223
0.36628144280067	0.15522283342196527	0.4784957237773649
0.18306806465537967	0.2930583542838109	0.5238735810608095
0.38271600272182943	0.1648416016197555	0.45244239565841515
0.32311068846945346	0.2210508485493368	0.4558384629812099
0.33510976473307497	0.15055056325442187	0.5143396720125033
0.30796858543546174	0.2201600289596101	0.4718713856049283
0.23552876369677356	0.2966175092840576	0.46785372701916894
0.27151754401262496	0.20191130418941683	0.5265711517979583
0.25314994479465075	0.20611566857478658	0.5407343866305628
0.3758510189317301	0.165805125240432	0.458343855827838
0.2834338985621365	0.19530627777961387	0.5212598236582497
0.1567935092192438	0.34797135871747603	0.4952351320632803
0.3832566236866911	0.1564612052177015	0.46028217109560754
0.2240867352596746	0.309538083066355	0.4663751816739705
0.28824075297493124	0.20630907564281958	0.5054501713822492
0.15221005145833683	0.3136532929636229	0.5341366555780405
0.15968621379340586	0.30092499197951544	0.5393887942270789
0.27508814221739303	0.22226690080540015	0.5026449569772069
0.1703495055880173	0.30586991816854814	0.5237805762434347
0.22318290561854326	0.2841130655254319	0.49270402885602493
0.3354681068057911	0.19174296586398984	0.4727889273302192
0.3350131937132518	0.16373248129806145	0.5012543249886869
0.16625805675336003	0.3162456543474839	0.5174962888991562
0.30259738261734626	0.21018491415921028	0.4872177032234436
0.32294651729739493	0.21475909460567058	0.46229438809693457
0.2500204377324431	0.23825709505940565	0.5117224672081514
0.1782446353215128	0.30147173844883135	0.520283626229656
0.2236955417481526	0.29271242136666503	0.4835920368851825
0.17132386232116653	0.3265841979772908	0.5020919397015428
0.35142795912592595	0.17837100988178467	0.4702010309922895
0.31231101628854124	0.22867252910855623	0.45901645460290263
0.28274756418147046	0.2594062581718316	0.457846177646698
0.20615204350672311	0.3031951589684597	0.4906527975248173
0.3517272647735665	0.19260343311587486	0.4556693021105588
0.2743053692583033	0.22429796955253656	0.5013966611891603
0.3042993820525744	0.2335589820408499	0.4621416359065758
0.17865801590934724	0.29097553521120756	0.5303664488794454
0.2250477032404759	0.28974853795722477	0.4852037588022994
0.29014165989195656	0.23265580375316952	0.47720253635487403
0.36082273019535516	0.16280325210049926	0.47637401770414567
0.22787607309707664	0.24945062715385224	0.5226732997490712
0.23248563453475468	0.24880621293951946	0.518708152525726
0.2609003146913361	0.19814399621026219	0.5409556890984017
0.20882450123279722	0.32152138870946173	0.46965411005774116
0.1938991750057682	0.2773774003215828	0.5287234246726491
0.2275416127140724	0.31070729161243144	0.46175109567349626
0.33483782760960074	0.17639914554133818	0.4887630268490612
0.20017418269657133	0.26028245746830553	0.5395433598351232
0.3363810794486498	0.18553465870038732	0.478084261850963
0.2928145392110508	0.19807343547345269	0.5091120253154966
0.1532588815255156	0.32556579265112345	0.5211753258233611
0.19815192313483534	0.3103182209214099	0.49152985594375487
0.17921802523715094	0.33351205471401363	0.4872699200488355
0.35246037250618073	0.17495470730515078	0.4725849201886686
0.26071992167052727	0.2347004359910849	0.5045796423383879
0.24456065280675726	0.25121165532685613	0.5042276918663867
0.26453257097535204	0.19775211008344054	0.5377153189412075
0.3230796525212639	0.21843999832357813	0.45848034915515806
0.2170479310974011	0.33065268130843634	0.45229938759416266
0.22056834937295716	0.300025846022399	0.479405804604644
0.19588586369013336	0.3463233502216202	0.4577907860882465
0.152002307542562	0.3913855712454117	0.45661212121202643
0.17681681811177946	0.337857618241418	0.4853255636468027
0.3414158714969426	0.16307882639565977	0.49550530210739774
0.15767267271242852	0.3794977837249871	0.46282954356258443
0.23957615726139025	0.2773109272863432	0.48311291545226664
0.23912345425954046	0.2919932199775449	0.46888332576291475
0.2439697581998086	0.2965535084389903	0.4594767333612012
0.20408628234934797	0.275613311185092	0.5203004064655601
0.2038462577041789	0.31723381625675356	0.47891992603906763
0.24755513654717776	0.29209320239094283	0.4603516610618795
0.25012824950885243	0.2856361338491581	0.4642356166419896
0.3143980953353003	0.21270370612819117	0.4728981985365087
0.2769259957670177	0.2498573288788256	0.4732166753541568
0.167930595993346	0.3617130516839859	0.47035635232266826
0.17138236367969467	0.3039189316628044	0.524698704657501
0.16389987569006514	0.326431025193132	0.509669099116803
0.2730780607447656	0.2144688522938515	0.512453086961383
0.2065550922857312	0.3254699263450418	0.4679749813692271
0.26929132303458875	0.21252481238383403	0.5181838645815773
0.19984927046179052	0.29977847108144823	0.5003722584567614
0.31693507359424195	0.172808254615918	0.5102566717898402
0.3075964788079356	0.17685051379789135	0.5155530073941731
0.30504970609622706	0.22979734199196564	0.4651529519118074
0.24969565072518568	0.27854948537929136	0.47175486389552307
0.28818505394887406	0.20876165107552966	0.5030532949755965
0.21141576761810077	0.31264478651175986	0.4759394458701395
0.3423693915496266	0.1824716120695181	0.47515899638085546
0.19857947541324775	0.2710291884586768	0.5303913361280757
0.2896234530839135	0.2571567490566784	0.4532197978594082
0.1653611356093845	0.31188126623012585	0.5227575981604897
0.21662133839789083	0.2600829546523823	0.523295706949727
0.24215088143609897	0.22208382632556753	0.5357652922383336
0.16525189484832753	0.3412360251264043	0.49351208002526836
0.27471167707353755	0.22644772164209115	0.49884060128437135
0.1812202081383406	0.3639993743096011	0.4547804175520584
0.32432785597124925	0.18617815493964157	0.48949398908910924
0.3524208333510687	0.16561395931126	0.4819652073376714
0.3012832232800644	0.23124574669505277	0.4674710300248829
0.24278979606619916	0.2717752338911551	0.48543497004264585
0.27372675354152626	0.22996719003953428	0.49630605641893955
0.22378720637436433	0.2775920139262703	0.49862077969936547
0.27627169958602216	0.2524193262112643	0.4713089742027137
0.2941353104755857	0.24806318462569665	0.45780150489871774
0.32564366797213884	0.21380704758922053	0.46054928443864074
0.2845578337006869	0.2381194518703352	0.47732271442897806
0.3404682795157892	0.19300720735548263	0.4665245131287283
0.19158505184959615	0.26805753921901726	0.5403574089313867
0.15743549257667389	0.3246116424574958	0.5179528649658305
0.31724119685086494	0.18858570897170915	0.49417309417742605
0.3314079132959282	0.1500730799530402	0.5185190067510317
0.34937563052894666	0.18691188526395403	0.46371248420709943
0.27785258102045474	0.18590817528923304	0.5362392436903123
0.2303227152692356	0.28623029729494465	0.4834469874358199
0.1894169616338698	0.2777958829052313	0.5327871554608989
0.3002158629019613	0.2223963326347656	0.4773878044632732
0.3146071657393977	0.18194601013009393	0.5034468241305086
0.32837076640621116	0.19743276671199206	0.4741964668817969
0.21286070592820922	0.264806140054758	0.5223331540170328
0.239711512423886	0.22228481594072727	0.5380036716353869
0.16496254761904464	0.3711704648715366	0.4638669875094189
0.21463820070536244	0.2651220719159756	0.5202397273786621
0.277686395639535	0.2112594642529609	0.5110541401075042
0.30016886058775133	0.2454899747056151	0.45434116470663366
0.19624432018404414	0.3276886791772612	0.4760670006386948
0.3161987822731972	0.18800952643510996	0.4957916912916929
0.20475092153175084	0.29225180747364243	0.5029972709946069
0.25507097160887454	0.25859952145090964	0.4863295069402159
0.2914632979749877	0.17888101418885355	0.5296556878361588
0.35081789481062564	0.15866993734774873	0.49051216784162577
0.22210795590289256	0.3168872416250841	0.4610048024720235
0.24664031871987763	0.2993234261085312	0.4540362551715913
0.3488478410877394	0.15119110269527622	0.49996105621698445
0.21736085337778188	0.31945788008371334	0.4631812665385049
0.260632856822278	0.23504595478903584	0.5043211883886862
0.38003012812179543	0.1625357952324259	0.4574340766457788
0.2546398622460821	0.23367351796049826	0.5116866197934198
0.22231188145947456	0.31404295362024864	0.46364516492027696
