0.22800095618099625	0.07692561735385622	0.30736356190159464	0.15356571911746125	0.23414414544609144
0.23295295732847457	0.08003949830555128	0.30206720494891726	0.15457698046206914	0.2303633589549875
0.2329148360492607	0.07437333781152566	0.30744508564860346	0.15449318786128574	0.2307735526293242
0.23505766417261342	0.07615753065495247	0.30675134047728575	0.1508088869128893	0.23122457778225877
0.2347928645395702	0.0739983950786762	0.3038575319804212	0.15535305781491954	0.23199815058641263
0.22750030044432348	0.07392319504673081	0.31078358026180974	0.15373355999393187	0.23405936425320387
0.22936431798752507	0.07504935272960347	0.30618657465588517	0.15531741382603043	0.2340823408009556
0.2294659656075395	0.07631847940458722	0.3092458349487003	0.15103325620084468	0.2339364638383281
0.22920822789113668	0.08159027255404815	0.3030417065880109	0.154260318129738	0.23189947483706602
0.23444463767350093	0.07709308806957359	0.30220753612814927	0.15396674346368067	0.2322879946650953
0.22828487058973795	0.07734354307333308	0.3030651334593939	0.15632521839360874	0.23498123448392616
0.23165171854817762	0.08155734440993713	0.3028802495867303	0.15469066851954744	0.2292200189356072
0.23454755907757321	0.07502142503638103	0.3040572902295561	0.15319825717511515	0.23317546848137424
0.22709668651160791	0.08128124371351422	0.3091146842851802	0.15564396730572536	0.2268634181839721
0.23458733546585203	0.0772540798526074	0.30267074100999924	0.15363876384494396	0.2318490798265971
0.22998815552046237	0.07487127280107359	0.3091507672396715	0.15472020013958712	0.2312696042992052
0.22742183167902488	0.07898812876651776	0.31052463988933626	0.1523878247371392	0.23067757492798166
0.23163244580241424	0.07598027052045453	0.30599724539373563	0.1511351822506311	0.23525485603276425
0.23245247102151773	0.07452593833781196	0.30663930845499443	0.15258794269658318	0.2337943394890925
0.22903382481859333	0.07837076331970373	0.3085418558105666	0.15599705323433835	0.22805650281679773
0.23000430000581829	0.07665591586544303	0.30874493052707463	0.15416772848082727	0.23042712512083657
0.23202742099208382	0.07957639809685232	0.3030174261365733	0.1549542047766525	0.2304245499978378
0.22979344891016468	0.07564438096030254	0.31113584176901093	0.15637209720356635	0.22705423115695525
0.2271801785300246	0.0746392860389247	0.306414948802435	0.15513545176845264	0.23663013486016282
0.2275807301258636	0.07932841343779116	0.3058663640562853	0.15137695706656168	0.23584753531349797
0.22665949711133837	0.07989357895964964	0.3069578563942019	0.15373434576856182	0.232754721766248
0.23461573910880024	0.07459324199717235	0.3115992309563395	0.1520284111029789	0.22716337683470877
0.23369965263629824	0.07732524902530022	0.30996075989858207	0.15068695936175847	0.22832737907806072
0.23252642550139646	0.07425182004884184	0.3034103607681127	0.15385436156718757	0.23595703211446126
0.2334894901914196	0.0778975574969163	0.3062289742094189	0.15266135324886887	0.22972262485337613
0.2304020586688011	0.0759570106591428	0.3101007856432482	0.15188935912019183	0.23165078590861582
0.23240976157997384	0.07579436302053853	0.3109296569508264	0.1542087839422739	0.22665743450638703
0.23257526283902863	0.07705358983143011	0.30244927278968325	0.15447410746009266	0.23344776707976508
0.23191887975834335	0.07992920030597386	0.3034529985246599	0.15322063910293449	0.23147828230808817
0.23048351459441838	0.08068580729164487	0.30602863385321216	0.15514570257464844	0.2276563416860759
0.2292429277310194	0.07436820800681898	0.31325132445071247	0.1517074374495006	0.23143010236194828
0.2281016386232268	0.07562284010594496	0.3137030135058602	0.15321744916148414	0.22935505860348362
0.2293375511325311	0.07720205910073069	0.30975083414612137	0.1546224419712126	0.22908711364940398
0.23459717414612968	0.07671393289396156	0.3029325486485322	0.15226522101670478	0.2334911232946716
0.23362253869847227	0.07468521282868157	0.3044967702075247	0.15546087558133753	0.23173460268398371
0.2321310878765509	0.07578397013978076	0.30907281715541146	0.1521604528814907	0.23085167194676592
0.230830426964341	0.07612163504356934	0.3091287958604131	0.15286677077245997	0.2310523713592164
0.2293258907350988	0.0757800286736625	0.3072904629847008	0.1557653921054148	0.2318382255011229
0.22972540240558553	0.07530102850129584	0.3051748841077403	0.15439887530129703	0.23539980968408106
0.2313956734949936	0.0785583238000584	0.3074202991195314	0.15548822383653602	0.22713747974888038
0.23230652672839613	0.07680983519748871	0.30608754003765837	0.15443578062927457	0.23036031740718205
0.22882830714663538	0.07606989564748477	0.3091536899162676	0.1531991252183224	0.2327489820712896
0.22881204896432966	0.08014892548633776	0.3045654275877368	0.15364915726851372	0.23282444069308186
0.23064794028342556	0.07934612964856766	0.30344692002727086	0.15258105849154627	0.2339779515491894
0.23055684822548872	0.07521103103024018	0.3071502510955608	0.15610184490235396	0.23098002474635607
0.23398622540655284	0.07772285946579445	0.3071476723979006	0.15291794756678756	0.22822529516296436
0.22964577621312737	0.07978849540297175	0.305431518588551	0.15286576981780844	0.2322684399775412
0.23060512128579394	0.07737353379813264	0.30736711379353915	0.151169298302001	0.23348493282053304
0.23307210733132153	0.07942714908238642	0.30375070494187445	0.15206678551561809	0.2316832531287993
0.23109263003077585	0.07869680204469971	0.3025083975922619	0.15476623394368114	0.23293593638858118
0.23105962005927821	0.08097536259763183	0.3029848193644509	0.15308864008274664	0.23189155789589225
0.23071479429003242	0.07709173637102594	0.3020626159969619	0.15532742310380682	0.2348034302381727
0.22905459402661332	0.07472841441537106	0.3123374222422581	0.15066003932137462	0.2332195299943827
0.22835169060861693	0.07881377873918838	0.31208747772592016	0.1509870980295478	0.22975995489672646
0.229975110571781	0.07483660341431284	0.3108217906347129	0.15270835483780562	0.23165814054138745
0.23046344059260734	0.07545298950765786	0.3077555903431864	0.15567795214117658	0.23065002741537158
0.23054257760108926	0.07937620004236026	0.30659799145157873	0.15175528915760592	0.2317279417473656
0.23278910847576437	0.07464399373656694	0.309728892696847	0.15587158679069163	0.22696641830012979
0.22859776185656086	0.07478429811467263	0.30967926605420953	0.1533155086395361	0.23362316533502064
0.23119004185656228	0.07685214663313056	0.30579436337194565	0.15238693950017557	0.23377650863818566
0.23222271371945508	0.0788911371680733	0.308550179322573	0.1527033699885496	0.22763259980134876
0.23395286390102202	0.0801489635919748	0.30463348769356463	0.15244102758771455	0.2288236572257238
0.2331612068566136	0.07793075581019757	0.30344882019849173	0.15359021998261668	0.2318689971520802
0.22692764035079827	0.07647384612784164	0.30737741124196744	0.15302717497003274	0.23619392730935965
0.23221411349907103	0.08040750808655074	0.30312526330617595	0.15473934564333874	0.22951376946486327
0.2333281074166339	0.08034688215455825	0.301956281119565	0.15463141479940704	0.22973731450983556
0.2280866649571305	0.07651288515410574	0.30700815078992616	0.15332484429689322	0.2350674548019442
0.2281200310337047	0.07761397131464033	0.3121972640075106	0.1516919907996791	0.23037674284446502
0.2349054753581126	0.08090394981026666	0.3038183773239412	0.1512575821382011	0.22911461536947822
0.23189093535474806	0.0779898171337678	0.30428609908934956	0.1512035650752399	0.23462958334689443
0.2296982699141677	0.07954782580259706	0.308721954698717	0.15283240458830427	0.22919954499621373
0.2315565690068967	0.07365414252241181	0.3040324408532177	0.15515531077306316	0.23560153684441038
0.2305862074098523	0.07957890374097362	0.30283036915724815	0.15536174328515567	0.23164277640677
0.23118825799967127	0.0758247146787447	0.3062938519415616	0.15619793747483668	0.23049523790518547
0.23194915924293277	0.07562483138910721	0.3067395579774613	0.15341568105940906	0.23227077033108945
0.23309187971194645	0.07431104132954841	0.30560710239732203	0.15531020901365056	0.2316797675475323
0.2313621908622924	0.07655742371288943	0.3085575782834495	0.1509340538763824	0.23258875326498607
0.2324584063520089	0.07903506134498786	0.30460990424940226	0.15341979246363763	0.23047683558996307
0.23387724464188425	0.07523400244232946	0.30687646165264254	0.15594898725672635	0.22806330400641714
0.2300386534944298	0.07751553734322313	0.30373544611852715	0.15592241942841734	0.23278794361540234
0.2286650609111594	0.0814312295353747	0.3098697700507419	0.15326535194434582	0.22676858755837798
0.23270426033261882	0.07751925483711854	0.30884825488389145	0.15132287519955695	0.22960535474681398
0.23217089829785706	0.07634018593093342	0.306043435684852	0.15433890306672537	0.23110657701963191
0.22969669406652138	0.07578333086615716	0.31100906757941915	0.1513458947079858	0.23216501277991625
0.22827295924369234	0.07622406341659257	0.31253624850176337	0.1562048282681383	0.22676190056981319
0.228452264858224	0.07702597469983694	0.30668635315363335	0.1521351143802929	0.23570029290801253
0.22856511934943483	0.0801484935804839	0.30381014803128037	0.15280849149171216	0.23466774754708852
0.23218217222076837	0.07607969487601127	0.3119581876445576	0.15300821557995273	0.2267717296787098
0.22969874141438326	0.08050631239805278	0.3112368836258591	0.15112623988479962	0.22743182267690495
0.23068949807765715	0.08049503045891057	0.3045011943812741	0.15283100970428598	0.23148326737787198
0.23280442915503063	0.07542940345651311	0.3049938215432475	0.15466894707893689	0.23210339876627162
0.23232286970467148	0.07420046608784833	0.3061950043481273	0.15066406250642192	0.23661759735293073
0.22743820689229333	0.0763760840103249	0.3052359712976328	0.15444943579952103	0.23650030200022773
0.2287475680458283	0.07547676834028694	0.31159432084414	0.15546329180803575	0.22871805096170872
0.23048599119050778	0.0736769576793134	0.31310756182000016	0.15240635551216083	0.2303231337980176
0.22838953400240747	0.08054833566586585	0.30718701267496523	0.15153108563478038	0.23234403202198084
0.22756482066787564	0.07553457614991894	0.30676968924536746	0.1537387104540778	0.2363922034827599
0.23267418216986716	0.07857359112597367	0.30224188667221996	0.1524661761876862	0.2340441638442528
0.23079364608937628	0.07932865128032794	0.3040747193903698	0.15318830126527433	0.23261468197465146
0.23103345477155715	0.07937591058862442	0.3027466644982806	0.15145928116146806	0.23538468898006953
0.22876542649774667	0.07829720252610461	0.3068906349426977	0.15585081393063474	0.23019592210281603
0.2272505902639812	0.0780060060345769	0.3100378847435124	0.15509149130997701	0.2296140276479522
0.23431228137061252	0.075018245119887	0.3051761864179405	0.15257957836489505	0.23291370872666467
0.2271607228415583	0.07578609919728263	0.308110570831415	0.15646879905012348	0.23247380807962031
0.2270085313439983	0.07807036883600287	0.30910326969316193	0.15291141595882082	0.23290641416801586
0.23394000967653628	0.07679937464339363	0.31157297002611584	0.15100407471819252	0.22668357093576152
0.2344824749910694	0.07699702642212365	0.3028528920605257	0.15437280106575682	0.23129480546052422
0.23233115064409426	0.07621406929771884	0.3031170548816794	0.15260883297387923	0.235728892202628
0.23172928173646895	0.07653086816680733	0.30289387500928155	0.1554481128146914	0.23339786227275056
0.23186888912239373	0.07966635693874911	0.3045799157636903	0.15519271626743708	0.22869212190772953
0.2292283304337538	0.07665795575396443	0.3092299435032132	0.15267950985147644	0.23220426045759185
0.23478340350169763	0.07591534427039814	0.3060180938282475	0.15308248087180237	0.23020067752785406
0.2292758966685352	0.08112551248281832	0.30644336719552756	0.15106984428319095	0.2320853793699277
0.23167840773566348	0.0776752107453158	0.307047669170161	0.151338742172566	0.23225997017629346
0.23098092045348578	0.07443198294591055	0.30936287489488545	0.15338223943005214	0.23184198227566583
0.22938169366378947	0.08016861273527379	0.310394756458786	0.1517547168446703	0.2283002202974802
0.23004779324715488	0.08116220747966993	0.30500623402952387	0.15329773258869223	0.2304860326549588
0.23074410235557768	0.0750326384689598	0.30581553284526986	0.15263778934627742	0.23576993698391496
0.2339594043113748	0.0758995557079872	0.3025679138343668	0.1532634664280869	0.23430965971818407
0.22960282491980227	0.07629405649466499	0.3109549873599907	0.15578052814577775	0.22736760307976403
0.23177241341436236	0.07783628704793037	0.30434347790333705	0.1551704741462389	0.2308773474881311
0.2320537639501345	0.0814242237491656	0.3036032610389627	0.15179966920844398	0.231119082053293
0.2310692453178202	0.07362340799483819	0.3056679626181686	0.154516541379748	0.2351228426894248
0.22813428669395133	0.07945285472183491	0.30809402269219205	0.1536045244047289	0.23071431148729254
0.23447383135479177	0.07989918045379306	0.3038268449450919	0.15315652179233558	0.22864362145398742
0.23042090373422797	0.0777895746966599	0.3073605127399286	0.15290488724233417	0.23152412158684912
0.23232931422337555	0.07961879032846551	0.302998419035274	0.15589367611145805	0.2291598003014266
0.22960039817955374	0.08085429414797259	0.30243931784439326	0.15410693441829543	0.2329990554097847
0.2315825834976128	0.0770469432225506	0.3067517583605899	0.15455411048659465	0.23006460443265186
0.23074192183922473	0.07653903104984054	0.3073487139618925	0.15184360309346637	0.23352673005557562
0.23094268588732825	0.07381661774010212	0.3125299195591294	0.15322942869325434	0.22948134812018564
0.23452194855809594	0.07544856220995479	0.30817230419601377	0.15258288379709492	0.22927430123884035
0.22734458631876941	0.07646173249988587	0.3136424868670987	0.15116875370338279	0.23138244061086294
0.23295131710987416	0.07508573953555821	0.30710706925480924	0.15583846280262645	0.22901741129713174
0.23108257588876996	0.0756696483651495	0.3083602876472993	0.15076354675752254	0.23412394134125844
0.2321492724317872	0.07509927017968039	0.3060947612189455	0.15547435869997475	0.23118233746961192
0.2271255630290699	0.07977288870294362	0.3074387257410475	0.15228280189002674	0.23338002063691202
0.22728089267404167	0.0813680895845537	0.30749588377330067	0.15142894704930407	0.23242618691879963
0.2315003703431025	0.07518180723937021	0.30585278596823307	0.15304729473834813	0.23441774171094582
0.22852052656906086	0.07882631292827821	0.3049482579227508	0.15322446634400935	0.23448043623590054
0.22879191462605017	0.08147416259051392	0.3079853466204175	0.15232885240856356	0.22941972375445457
0.23530163883907562	0.07499159952851919	0.3068165264813748	0.15316205592653084	0.2297281792244993
0.23244342339624874	0.07765777039664618	0.3057889374178227	0.1523932862365556	0.23171658255272654
0.22995949679033048	0.08069216927705475	0.30747036316310844	0.1523212424996732	0.22955672826983287
0.22724333618217185	0.07487760923409062	0.3085244211555855	0.15500836869444695	0.2343462647337049
0.23134062070561073	0.07383616501123413	0.3061511766095156	0.15415774344214755	0.23451429423149173
0.227661157078976	0.07917099484276274	0.30738666148284566	0.15117601955684298	0.23460516703857237
0.22931534078741939	0.07570439130385773	0.312468223756806	0.15313248111324154	0.22937956303867513
0.22688149793412796	0.07584659277083639	0.3071674188048268	0.15424785266388832	0.23585663782632033
0.23374936659306483	0.07825964047246066	0.30344277314099877	0.15222942164591471	0.23231879814756085
0.23121325162443482	0.07411552238966354	0.31041734657467235	0.15635927527963833	0.22789460413159074
0.2325586421228921	0.07693309050597127	0.30652134874691483	0.15351070325917943	0.23047621536504212
0.2285991509782197	0.07929070870858572	0.31011807151796733	0.1544522376760346	0.2275398311191924
0.22940786750717201	0.0815537225122	0.3020708973048311	0.15324386534161138	0.2337236473341852
0.2281253650714326	0.08006608981713934	0.3079581405231968	0.15556480215629878	0.22828560243193224
0.23124417917321952	0.07758930658326943	0.3102781261536971	0.15271719091363276	0.22817119717618095
0.23524281760834517	0.07566741220865116	0.30287829279614115	0.15394335877137588	0.23226811861548638
0.23195872746421872	0.08047665087128551	0.30376583753089836	0.15054865133820475	0.23325013279539236
0.22935172300277706	0.08038370961543541	0.3075354173129943	0.15367214762249004	0.22905700244630298
0.22915893102241458	0.07990384610422113	0.3101200002685875	0.15260445631102293	0.2282127662937536
0.2280170461667728	0.07395431574849942	0.3128986647442006	0.1563125517273411	0.22881742161318583
0.22774841317788758	0.07976681290325299	0.3125205679896474	0.15256886785724874	0.22739533807196308
0.23078838442922497	0.0795520450191835	0.30472091492514874	0.1519211031627148	0.23301755246372774
0.22666905758886818	0.07865254292001024	0.3068858030040575	0.15550534676615893	0.23228724972090492
0.22808648147275432	0.07531692359301159	0.31325701685268226	0.15329868586153755	0.230040892220014
0.22660656171766885	0.07561628700434096	0.3122134659442464	0.15340919266747724	0.2321544926662663
0.23401024511221694	0.076846798639818	0.30676222096820205	0.15386407202766017	0.2285166632521026
0.2322456871181378	0.08065062287161552	0.30442479120596355	0.15580686428773544	0.22687203451654742
0.23241501773204915	0.08111540537370938	0.3022477308315129	0.15412022145626256	0.23010162460646574
0.23026229377253052	0.08160117740212448	0.30461705963122176	0.15524865199865515	0.22827081719546785
0.23526826480952934	0.07668728568259017	0.3095366692964546	0.15129755666595954	0.22721022354546613
0.23286181181259924	0.07913363625222924	0.3071458083441418	0.15136294413557067	0.22949579945545884
0.2322652640677496	0.07691620471691776	0.30940651887062853	0.15388610013552564	0.22752591220917823
0.23291552924751047	0.0783599456309956	0.30272611419527556	0.1527618812702656	0.2332365296559525
0.2320372701333991	0.07583832833855343	0.31042149570791405	0.15099285366935028	0.2307100521507829
0.233554177904589	0.07636305477776867	0.3083281098837054	0.15402267105511616	0.22773198637882056
0.2302175303294819	0.07483706195726081	0.30987154947240736	0.15600192565039675	0.22907193259045297
0.230276554091494	0.07701643767644423	0.30822562253602903	0.153662434785439	0.23081895091059346
0.22854045055191394	0.07500678335930538	0.308815022438521	0.1556845804381796	0.23195316321207984
0.2271534889735234	0.07788648359931792	0.31089199670365397	0.15351916118943096	0.23054886953407355
0.23330251162558005	0.08010935231591591	0.30383707719348585	0.15289081465006873	0.22986024421494922
0.23014692905610745	0.0772505819299324	0.3125394330726378	0.15294104780469034	0.22712200813663175
0.2322888710330161	0.07824794660143966	0.3032062880399423	0.15636504364257703	0.22989185068302473
0.2293268349309578	0.07564290349678955	0.3092258070650984	0.15419641178916182	0.23160804271799218
0.22717416038855198	0.07584151799856759	0.3047650210427237	0.1556448428354617	0.2365744577346948
0.22858752081173492	0.07900846723969793	0.3069254107664997	0.15414125423269318	0.23133734694937402
0.23457276764172216	0.07373891505954178	0.3106969204620659	0.15416208557624736	0.22682931126042255
0.22712106590220055	0.07661003403247678	0.3098641890141459	0.15392813479602369	0.23247657625515286
0.2282464529211486	0.07757235740815097	0.3134828857670603	0.15098286662562846	0.22971543727801144
0.23092399268144798	0.07759856012811198	0.30525925129168463	0.15538668208696632	0.23083151381178887
0.23431950969423027	0.07465724468728988	0.3022777839772237	0.15544006389420326	0.23330539774705264
0.22852915246381889	0.07722830958809312	0.30997222940437236	0.15075993115058584	0.23351037739312952
0.23132460972996605	0.07896926711103822	0.3032142018232387	0.15576737304357652	0.23072454829218025
0.23326354156003715	0.07552666276284452	0.30746619913722234	0.15605161055505812	0.2276919859848376
0.23489889929560148	0.07958320710431394	0.30488194188204754	0.15073732409529222	0.22989862762274457
0.22885746606189297	0.0781537166630183	0.3118667094376755	0.15208189905750813	0.2290402087799048
0.23056041618001047	0.0808122031875874	0.3066467319336576	0.1545942724611817	0.22738637623756255
0.23136103743547903	0.07519769245331757	0.30750137102887576	0.15470654503954104	0.2312333540427864
0.22808107207201028	0.07861710305313446	0.3088267827898124	0.15220328857393783	0.23227175351110474
0.23399915833426896	0.08049089414996514	0.3068034261186098	0.15090666934550517	0.2277998520516507
0.2318856796235687	0.07839263834109603	0.3090932386119516	0.15175004319466784	0.22887840022871558
0.23117038533182954	0.07409627798824575	0.3129807485314713	0.15491090188241385	0.2268416862660393
0.23068867579414026	0.07710564284527968	0.30762069404031994	0.15331881138116604	0.23126617593909382
0.2311535793563563	0.07589766755948028	0.30199311353468006	0.154535722670434	0.23641991687904915
0.22975365868936828	0.08097577447586403	0.30441489232391283	0.15171823511272337	0.2331374393981313
0.23053133393821434	0.08130541006276057	0.30530746796436214	0.15395728166362624	0.22889850637103648
0.2334421376765042	0.0769756122936126	0.30570270129137894	0.1533273209910783	0.23055222774742573
0.23473881506340627	0.07380274068816994	0.30962394282855915	0.151286351439482	0.23054814998038242
0.22712006658508227	0.08014584521214496	0.305594244133525	0.15628000734557213	0.2308598367236754
0.2307467454508007	0.0787039435760152	0.30882307081255156	0.1529320258138323	0.22879421434679997
0.2307569563362878	0.07524782128359704	0.3110316740374686	0.15255696907850175	0.2304065792641446
0.23142885436895616	0.07782833745774248	0.3104912248551366	0.15056808983193698	0.22968349348622757
0.23399632002463344	0.07394565227295274	0.3116664463350932	0.1520499333021577	0.22834164806516263
0.2295983266916295	0.07970634655770992	0.3039398279304739	0.15492873691916167	0.23182676190102477
0.23461221608893346	0.08115719817107257	0.30426981210008086	0.1530088078719204	0.22695196576799248
0.22930585790027413	0.07406039266828798	0.3113324225677981	0.15449425322484675	0.2308070736387928
0.22967407699679698	0.07506031104068239	0.30562445585524806	0.15578196272475647	0.23385919338251587
0.2297301771047563	0.0782878640285432	0.3023221110479197	0.15388990661764784	0.23576994120113276
0.22805416986419325	0.07834126539825692	0.3128827961218009	0.15099349766406367	0.229728270951685
0.22706428458657052	0.07840024143560187	0.3139626913589121	0.15064254899084523	0.2299302336280701
0.23124556973107188	0.08085989478477898	0.3048070122028396	0.1541112562468121	0.22897626703449717
0.2278205084234723	0.07842598534981904	0.30576143568237685	0.15271927997500562	0.23527279056932598
0.2310863914640037	0.07961851441090032	0.3082825789820729	0.15248682300907337	0.2285256921339495
0.23114276352235208	0.07955465681627859	0.30469941995374933	0.15437290409000304	0.23023025561761679
0.22915479586140747	0.07848096127824662	0.3107049065821087	0.15475420536572873	0.22690513091250825
0.22831719101418646	0.07807150711862366	0.3133681304278452	0.15214698108359073	0.22809619035575368
0.2344083270654779	0.0767179477765862	0.30746925300498557	0.15357674224290901	0.22782772991004108
0.22912184676330613	0.0760976053484976	0.3081743263788981	0.15588469510416422	0.23072152640513371
0.22792128990901692	0.07914830909005549	0.30936536025940026	0.15592734401382594	0.22763769672770118
0.23197106994207342	0.07979527129122835	0.3045285200218596	0.1519194622444195	0.23178567650041887
0.23529818427039384	0.07598997061732028	0.3024500988713156	0.15529763894888848	0.23096410729208153
0.23516336840383167	0.07778289537338332	0.3069794129618813	0.15274190383273478	0.22733241942816867
0.23036965521162073	0.07937076259420052	0.3044155341000112	0.1532611473370988	0.2325829007570685
0.2268128874171451	0.07755280980076296	0.31353307924054036	0.1523949940137331	0.22970622952781827
0.2290389398063328	0.07587458240695252	0.30766313184353633	0.15173951715946346	0.23568382878371463
0.23119871254705557	0.078331760344616	0.31058371347249775	0.1508895311256625	0.22899628251016793
0.22857309175180243	0.0781064116410999	0.30978955177255046	0.15228381588401602	0.23124712895053096
0.2331168137566274	0.07481002314849378	0.3045835099854652	0.153971686504066	0.2335179666053474
0.2299937498216642	0.08056966522249333	0.304916775412163	0.15381364693654426	0.23070616260713497
0.22734762421050325	0.0763803383414715	0.31088130095705124	0.15090018221049473	0.23449055428047905
0.23137175601572613	0.07548322700267501	0.30716110970037314	0.15150324169397486	0.23448066558725067
0.22885451075814764	0.0764969180649742	0.3099017206678991	0.15251747167890256	0.23222937883007622
0.2315571829487341	0.0774821633164306	0.3066499223162915	0.15391803584938174	0.23039269556916178
0.2277660919059665	0.07904049092276415	0.3101309881135529	0.15265937429518212	0.23040305476253414
0.2293356323259633	0.0770933253681301	0.30430566991113117	0.1549050224745978	0.23436034992017735
0.23389933948567412	0.0752811377371295	0.30799213738102227	0.1529895782767116	0.22983780711946222
0.22807256895295075	0.08040829189176375	0.30757851907512046	0.15534557610003819	0.22859504398012664
0.23170271649258697	0.07692948032790488	0.30767727854559146	0.15091270437293625	0.2327778202609802
0.23354942019787855	0.07970380648855005	0.30491918290626496	0.15373398076496775	0.22809360964233846
0.22703688176807243	0.07799051257266654	0.31070006391883975	0.15251158360355146	0.2317609581368696
0.23485962739885105	0.07617871680351943	0.3020128187946387	0.1542986013285413	0.2326502356744492
0.23469137201208146	0.07517625119477209	0.30663093920038115	0.1507457094891334	0.2327557281036317
0.23148386214171837	0.07454259676606478	0.3060923841188875	0.15560054365102133	0.23228061332230773
0.22938224233874904	0.07819652090526509	0.31362804559492935	0.15201303611273703	0.22678015504831928
0.23115239414712638	0.07984262593635263	0.3054304834819611	0.15059535237136223	0.2329791440631974
0.22834821686122758	0.07922788940391083	0.3072906180152067	0.15310217988827418	0.23203109583138046
0.23282475036123834	0.0775490018354398	0.302263116952608	0.15573885585588682	0.2316242749948268
0.22679742249189797	0.07713534914118063	0.31063514562799505	0.15351976686579444	0.2319123158731317
0.23044554142012855	0.07680770064151522	0.3052999783837438	0.1528221137868945	0.2346246657677177
0.2273239513654115	0.0782130038615722	0.3118850219354242	0.15326711246695576	0.22931091037063608
0.23205218927691498	0.0771407829728555	0.30627852413424833	0.15605933665164262	0.2284691669643383
0.2321815200042182	0.07895835300924722	0.30473658028192685	0.15592630338302	0.22819724332158753
0.22995055143815138	0.08080280778622242	0.30839005397849767	0.15272674963308372	0.22812983716404453
0.22758355209541925	0.07867972826673862	0.30724904932299263	0.153555360703995	0.23293230961085426
0.22706344071078854	0.07804448102266166	0.3119656018540677	0.15543444499903114	0.22749203141345078
0.2291485263363837	0.08061759086130822	0.3052671070474697	0.15140995689647174	0.23355681885836646
0.22948827997799223	0.07801221318235625	0.3083204875623889	0.15275582421505132	0.2314231950622111
0.22995206172333713	0.08026729932963042	0.303052077743817	0.15122953040715809	0.23549903079605716
0.22697097827484186	0.0794505738506312	0.3058149380860097	0.15538822944105313	0.2323752803474639
0.22905701693559366	0.07399585792563626	0.3077112875776056	0.15301989929741536	0.23621593826374893
0.22788510444318166	0.07728469311971484	0.3104650908121947	0.1563287352050733	0.22803637641983526
0.22928805893524684	0.07722889754542611	0.30282005726860195	0.15568633376975483	0.23497665248097005
0.23104195444982195	0.08001266435882336	0.3021598277309651	0.15557477646514778	0.23121077699524153
0.22675753077784713	0.07718813957011603	0.30922140745065074	0.15399358825919057	0.23283933394219525
0.23195864509401132	0.08091785230053654	0.3038989894399924	0.15383455857812994	0.22938995458732958
0.22675439172327239	0.07388465159014221	0.313827282740343	0.15528268361542036	0.23025099033082183
0.22948513641604604	0.08012905595009369	0.3028896058342901	0.15113690911615696	0.23635929268341296
0.22778419896488328	0.07586134739160717	0.31364821574261564	0.15143017484117235	0.23127606305972132
0.22714647024118811	0.08020903938478535	0.30348861881813555	0.1535265906198324	0.2356292809360583
0.22894710540810226	0.07607535512075	0.3059932459777341	0.1554223751019101	0.2335619183915033
0.22780866276335748	0.0784770392208071	0.30785043658757816	0.1561538126893648	0.22971004873889223
0.22765212500326676	0.07981516867615614	0.30933385830623794	0.15087869328859338	0.23232015472574552
0.22951499060921735	0.0787165873456312	0.3083887035003018	0.15269563285467566	0.23068408569017373
0.23240907670257965	0.07837177497866941	0.31022748044695464	0.15097278660892854	0.2280188812628675
0.23395492044133703	0.07499058094097594	0.3040851186989467	0.15263750490426067	0.23433187501447933
0.23330699488964818	0.07409137291762039	0.3086769852564713	0.15601406373639048	0.2279105831998694
0.22987725696485406	0.07870575938831771	0.3121219051416848	0.1517464072820825	0.22754867122306066
0.23502282974841956	0.07446301801407354	0.31091463850939954	0.15189515624045147	0.22770435748765563
0.2321296611656152	0.07899788080621306	0.31040993445549014	0.15069990842586523	0.22776261514681614
0.22977139116030468	0.07401054348574351	0.31220890087616704	0.15055581387462105	0.23345335060316344
0.23067852186155305	0.07487265928959655	0.3097909460632172	0.15533867251958822	0.22931920026604474
0.22864274769922774	0.07827136899721107	0.30671619580735887	0.15452227768557214	0.23184740981063
0.23069123883659623	0.07813602389641643	0.3065491879650029	0.154615093773189	0.23000845552879517
0.2296096517348191	0.07546197542384048	0.3118605707029959	0.15287023348081857	0.23019756865752575
0.2306268752203164	0.07867868524580944	0.30975373424803154	0.15255960137618435	0.22838110390965805
0.22967123697391403	0.08127736328988926	0.3080011325376881	0.15223362711922758	0.22881664007928082
0.22784482748135065	0.0775375150358087	0.3117180756665445	0.1562485484015902	0.2266510334147057
0.23451779322094893	0.07692495907679461	0.3033865290906678	0.15535245764940447	0.22981826096218394
0.23193035658165373	0.07424225073110283	0.30679007184470636	0.15356815755753458	0.23346916328500228
0.2331962360693591	0.0737099074514968	0.3097417763588437	0.15171835785865967	0.23163372226164047
0.22949718192978172	0.07438806411383908	0.3129726666159228	0.15165432398841042	0.2314877633520457
0.23297827840290675	0.08115401245218049	0.3048997081761321	0.15261854961398016	0.2283494513548003
0.22802013824840245	0.07538267018563821	0.31112331702792717	0.15402408845930132	0.2314497860787306
0.23149897891659302	0.07560426373494346	0.30292526527052455	0.1553691513682714	0.23460234070966735
0.22876368394503807	0.07818638562660221	0.30607954737615517	0.1511311326603586	0.23583925039184567
0.2335205897235066	0.07695041215226997	0.30552448715777675	0.1516528657760473	0.23235164519039908
0.23167845004676163	0.07417689637530306	0.31396067282724294	0.15232671237118467	0.2278572683795075
0.22875468913029728	0.08110693660126944	0.30284729319946607	0.15448975963889947	0.2328013214300675
0.23086044891426083	0.07709731006962048	0.3073582716117751	0.15383942849470478	0.2308445409096386
0.2305297683040437	0.07981070640702523	0.3034755476287052	0.15471257563230528	0.23147140202792035
0.23334794692935412	0.0793133289735819	0.30639781289468826	0.1530392607129255	0.22790165048944996
0.22918598153233224	0.07832196379062217	0.3054089474154569	0.15406531532006443	0.23301779194152403
0.22887419245688967	0.07478201880441415	0.31190880641159013	0.15390408080924556	0.23053090151786026
0.2295731153415115	0.07877859868194712	0.3087452638418128	0.15333913060205834	0.22956389153267004
0.23235608647021805	0.07684805351082492	0.3079539807007767	0.15225808870162366	0.23058379061655643
0.23169892867661135	0.07397572051060308	0.30936508910754285	0.1540279230028009	0.2309323387024416
0.22703430446725206	0.0755566453722095	0.3126844943381057	0.15271404008905234	0.23201051573338016
0.232631414100361	0.08097079407928662	0.3023140923260841	0.15257319018457355	0.2315105093096945
0.23344306779629453	0.08126157353054159	0.3037331509465758	0.15414200967641223	0.22742019805017555
0.22702134919909264	0.0800547127792203	0.3086850892893815	0.15635231952003323	0.22788652921227212
0.22890018959989478	0.07499408362235727	0.31209152055672573	0.15230726812371576	0.23170693809730628
0.22819309127480653	0.07784111045791056	0.31056901483442767	0.15385340784875384	0.22954337558410115
0.23413760878379702	0.07449020625531269	0.3065655458232098	0.1505043949493197	0.23430224418836054
0.22781958828094484	0.07658754612000508	0.30950093833958453	0.1557736583649743	0.23031826889449103
0.23313878571061644	0.07560804313408638	0.3034933414957181	0.15462343907330384	0.23313639058627497
0.23128201264893683	0.07614124385070191	0.30362778867298856	0.1547739131456272	0.23417504168174524
0.22711142990625555	0.07727706803105046	0.3088721807018086	0.15348486019960086	0.23325446116128432
0.23030692667173483	0.07610690452169588	0.30904195800258494	0.15077813274294094	0.23376607806104316
0.23056058021152492	0.07724509266110079	0.30812957551500403	0.15549951557595829	0.22856523603641177
0.22699489854427196	0.08138098892733432	0.3094514446710378	0.15204773405408303	0.2301249338032726
0.2345662754024603	0.07920483240947875	0.3034700534558757	0.1534325695249574	0.2293262692072276
0.2319279680804342	0.07881318858920268	0.30528392360729106	0.15535563119414306	0.22861928852892877
0.2288476696624147	0.07464745179961249	0.30973307713742765	0.15460512825179568	0.23216667314874928
0.23530615544274547	0.07474268709111231	0.30443102541988115	0.15121819217157	0.23430193987469083
0.22871304861844097	0.07778145439446589	0.3106334708584527	0.15395426013566793	0.22891776599297226
0.2314232310566294	0.07443251772250103	0.30422912558240245	0.15589013730359919	0.23402498833486765
0.23322433702289452	0.07908718052107572	0.30276000080237364	0.15145550184598022	0.23347297980767565
0.22825376408481762	0.07790843612009134	0.3041988016346562	0.15641630789663175	0.23322269026380282
0.23073425403382467	0.08142834813018378	0.3065096091301367	0.15071435081692636	0.23061343788892824
0.23502333218888002	0.0750196669987272	0.31042535212481565	0.150571611659323	0.22896003702825388
0.23499130852667394	0.07900759290879096	0.30360712075466645	0.15426265541950157	0.22813132239036688
0.22820965866561393	0.07642337592952689	0.3078417014949242	0.15356435976136462	0.23396090414857018
0.23199943587304142	0.07640804662094375	0.30461045584925284	0.1531237911353676	0.23385827052139418
0.23429023010615316	0.07914111172936711	0.3056791051356371	0.15146732749424313	0.2294222255345993
0.23146828688616378	0.07710537009452575	0.30590133135303277	0.15064062556965832	0.23488438609661916
0.23107088632366457	0.0749731206363318	0.3119253330365409	0.1542867257709338	0.22774393423252867
0.22939248803959697	0.08130984116453756	0.30852338744999935	0.15359675376156287	0.227177529584303
0.22858490084872915	0.08054533866559727	0.30920673549145283	0.15347549796831614	0.22818752702590442
0.23110273701691936	0.07375941314263698	0.31158165495429574	0.15078516721031926	0.23277102767582844
0.23227871948401158	0.07431407230105475	0.30261899985743373	0.15425196429040505	0.23653624406709467
0.2339715213505595	0.07522690598458635	0.3054002344805313	0.15076696413854002	0.23463437404578263
0.23257690525886301	0.0737649075222509	0.30581864594680125	0.15167061618512057	0.23616892508696402
0.23123949464508614	0.07743441003599862	0.3109344202076985	0.15140862946325337	0.2289830456479631
0.22706409120033608	0.07761971253042767	0.3118564795009259	0.15385156629880892	0.2296081504695012
0.2344070095200265	0.07424318337501948	0.3039800319539684	0.15544667777865415	0.23192309737233124
0.22894549362723776	0.07899761578450903	0.30539169644123554	0.1559897874607277	0.23067540668628972
0.22967938752466108	0.07559354604438928	0.30790033711196557	0.15207104558667436	0.23475568373230948
0.22920003669286046	0.07755618117846304	0.30521065981807677	0.15140075920190985	0.23663236310868963
0.23234420547858284	0.07508738180433917	0.303893597786349	0.1531680440445909	0.23550677088613786
0.22818771298345833	0.0761841514004206	0.3104629835240799	0.1540819015186543	0.23108325057338663
0.22745533218325356	0.07793879758813418	0.3047912157306527	0.15326433389429364	0.2365503206036657
0.23338688039407904	0.0758306832111332	0.31014407030066393	0.15302873030158243	0.22760963579254118
0.22703488900983254	0.0756953339128867	0.3102987261865539	0.1514411331384903	0.23552991775223636
0.2291510633994635	0.07816233419306955	0.31156555700814986	0.1515003581356904	0.22962068726362642
0.23340320237577478	0.07698051358843411	0.3043163923375808	0.15291680598907062	0.23238308570913951
0.23342721221866716	0.07691158142989427	0.3036952609639446	0.15537130924406126	0.23059463614343245
0.22945719661505226	0.07821819443317331	0.3094770849465271	0.15438454038526186	0.2284629836199852
0.22992167991894852	0.07375299222537296	0.30582232644715607	0.15617471208688016	0.2343282893216421
0.22741854304782888	0.07614326559302279	0.30837023256456136	0.15648329679802886	0.2315846619965579
0.2301610648309423	0.07667457861619488	0.31170768371256385	0.15130295113228256	0.23015372170801615
0.23106890258300417	0.07425108107521647	0.3081951010838936	0.1554466136992245	0.23103830155866106
0.22880966749310427	0.07950170601114306	0.3085722066990741	0.15593214212902695	0.22718427766765137
0.22890497430772305	0.07752275205568716	0.3059460372110943	0.15358066253335867	0.23404557389213654
0.23208668273862432	0.07540683726973807	0.30767296345034945	0.15202904063489814	0.23280447590638975
0.2325977213791253	0.0774578470713551	0.3046929554457601	0.15476694397456342	0.2304845321291959
0.22731676977148318	0.07763827827599336	0.30931682519194886	0.15203258332546307	0.23369554343511126
0.23022807087167185	0.08055997694987888	0.30752847924785653	0.154969022842547	0.22671445008804553
0.23147608874263453	0.0742223362423785	0.30513395395383475	0.15518733963715706	0.23398028142399496
0.2317412612214863	0.07583838580698216	0.3054863969874892	0.1549105896947986	0.2320233662892435
0.22880396662488792	0.0755729685354751	0.3117515834354039	0.15098281471005326	0.23288866669417957
0.23314762665613029	0.08096614405796149	0.30232479432242476	0.15200009046320392	0.2315613445002793
0.2321776035249982	0.07550917362544336	0.30508296509446553	0.1536542083618933	0.23357604939319934
0.23499105113537125	0.0739126120957247	0.3039105404868633	0.15134691816804202	0.2358388781139985
0.22667385742376928	0.07427551002645355	0.30930365677537425	0.15582028144307103	0.2339266943313317
0.235101671007001	0.0759945456458862	0.3070050428743586	0.15380913977043228	0.2280896007023217
0.22904623737990507	0.07539654119181835	0.3066228593059871	0.15409201796048838	0.23484234416180086
0.22862305198679567	0.07750345699530692	0.3038042310311889	0.15545933817173266	0.23460992181497559
0.2319428255304177	0.0759329150907704	0.3042680185213882	0.15457481983061142	0.23328142102681204
0.23402981205576673	0.07700238598431423	0.30589332786151613	0.1556491553826395	0.22742531871576313
0.22942117809982165	0.0737161889102887	0.312273113756087	0.1532700113368572	0.2313195078969452
0.23339083421440365	0.07652975864546177	0.302078726581725	0.1518811239572348	0.23611955660117454
0.23135255009344236	0.07457448385593204	0.3059862425517088	0.15575282267511636	0.23233390082380018
0.23320003742387707	0.07656910508422926	0.30641931223115293	0.15129848261935183	0.23251306264138868
0.23197219883920156	0.08033434517204413	0.3023647618440121	0.15144706344779224	0.2338816306969497
0.23102394992136932	0.0743423095226659	0.3080412847702702	0.15461881847844422	0.2319736373072501
0.23122488275125863	0.07664356724747715	0.3049438010741554	0.1558024993122763	0.23138524961483223
0.22899420561639264	0.07812113477085597	0.30884460167265093	0.15077787107578527	0.233262186864315
0.22869853773451615	0.07648958223102935	0.3136523305215928	0.15435118647896118	0.22680836303390028
0.2299210111707284	0.0768564989141992	0.30607100772749796	0.15134683719461056	0.23580464499296364
0.227202957436075	0.07652785391755451	0.30630271818217725	0.15402812749470762	0.23593834296948535
0.2275845414524563	0.07503900026227595	0.3121877255598977	0.1519214765840297	0.2332672561413401
