0.5565133772211778	0.15754908704006015	0.2859375357387622
0.04295226411228997	0.8306831052020462	0.126364630685664
0.07683931011603651	0.8003805042667522	0.12278018561721149
0.21096878226162183	0.45814096631391366	0.33089025142446465
0.3258997383596848	0.31040882491091487	0.3636914367294004
0.11411080666970136	0.6003708869502007	0.2855183063800981
0.3557347141009101	0.1078014969783728	0.5364637889207172
0.1749837859639926	0.41185952561266903	0.4131566884233385
0.31055050660377576	0.3225056513568885	0.36694384203933583
0.04049431016349225	0.5736501955591635	0.38585549427734434
0.15367881316587825	0.4951587672229406	0.3511624196111813
0.41900856012571125	0.07644857033754365	0.5045428695367452
0.09162007326083577	0.45981019098801595	0.4485697357511484
0.4266133870181922	0.13386404081972195	0.439522572162086
0.30513285067693247	0.2227262131577773	0.4721409361652903
0.665550642016984	0.05315015282719571	0.2812992051558204
0.11300518573602081	0.540789275152723	0.34620553911125623
0.1872650256852064	0.24298808462625773	0.569746889688536
0.2011344034178127	0.4146380803809733	0.38422751620121415
0.46254268440330665	0.40466922558325924	0.1327880900134342
0.6504788937606687	0.0750227085130698	0.2744983977262616
0.2311329055461529	0.40045393515097766	0.36841315930286955
0.22668143901181692	0.3357388766887728	0.43757968429941047
0.20095131088791635	0.2589998044536928	0.540048884658391
0.10194701486897129	0.3170068022662538	0.581046182864775
0.0843348899827589	0.7317096708483375	0.18395543916890383
0.29138784311644594	0.19329662287718727	0.5153155340063669
0.45007651948079985	0.11788652638046579	0.4320369541387345
0.0419877530660549	0.7198403287117513	0.23817191822219388
0.23110871570196645	0.5208355725443592	0.2480557117536745
0.30371686570152945	0.16027738684077916	0.5360057474576916
0.10886587829081143	0.7482989456433597	0.14283517606582896
0.04217939227408124	0.513044120842348	0.44477648688357097
0.45957453082816113	0.287221173321758	0.253204295850081
0.2840252649459512	0.1486218097246455	0.5673529253294034
0.430566940785311	0.42077428415201723	0.14865877506267183
0.7114620164239747	0.08191292217931828	0.20662506139670722
0.6285655827988982	0.15467433045478912	0.2167600867463128
0.5159865172307379	0.08935049186975819	0.39466299089950413
0.3598912345384902	0.160445671258373	0.4796630942031369
0.09379385111949567	0.5136761684551447	0.39252998042535964
0.07911289735359939	0.6323608661172027	0.2885262365291981
0.29762634155284523	0.22696037129468513	0.4754132871524698
0.21848754438170165	0.2228296680956627	0.5586827875226358
0.3232404153502656	0.3641669619861435	0.31259262266359106
0.6203831016313901	0.18989770055863925	0.1897191978099708
0.3136369690332382	0.44341730179252176	0.24294572917424018
0.26463467312738653	0.18376577344133999	0.5515995534312736
0.17882409589888998	0.5137119020588917	0.3074640020422184
0.0757985118963066	0.5693335840929588	0.35486790401073476
0.35671550291806564	0.07136540144380804	0.5719190956381264
0.45941875073671357	0.4178037866157147	0.1227774626475718
0.11019208748337592	0.7325036075622213	0.15730430495440295
0.40980521557408034	0.43807474951616737	0.1521200349097524
0.18930809717414188	0.26893108017442857	0.5417608226514297
0.23710315100946183	0.2685035751084552	0.4943932738820831
0.5673901957115562	0.11600623955628434	0.3166035647321595
0.6330888215320563	0.1255028644777527	0.24140831399019114
0.5425976964173209	0.28422555759042906	0.17317674599225025
0.06606632355102865	0.6463216622278465	0.28761201422112503
0.447428674291899	0.2811016396553797	0.2714696860527215
0.11075776403928447	0.463699776296148	0.4255424596645676
0.2076175922582526	0.582148887848721	0.21023351989302658
0.20863152981677113	0.31512516425581727	0.47624330592741176
0.18145146527212855	0.5136720528515468	0.3048764818763247
0.07073751987651816	0.7802597105825468	0.14900276954093505
0.14393197049938425	0.38695676718497596	0.4691112623156399
0.4410515629257558	0.05025484601145236	0.5086935910627919
0.253999085150163	0.2814789472694257	0.4645219675804114
0.5059015425738904	0.11979942602429813	0.37429903140181164
0.6808948632896707	0.11851317012036688	0.20059196658996253
0.3464588830239088	0.17861216904485663	0.4749289479312347
0.49769981712169714	0.1078791591596594	0.3944210237186435
0.28958748864397565	0.3312110128787962	0.3792014984772283
0.5509623045079086	0.18786567397248924	0.2611720215196023
0.5748292092103324	0.08695726604641985	0.33821352474324784
0.44213431354071103	0.3321036129259206	0.22576207353336847
0.10288429573993374	0.6012855745492182	0.2958301297108482
0.04234411231643692	0.5757641442736714	0.38189174340989174
0.4089204675567119	0.4321198607161865	0.15895967172710168
0.550010340245725	0.22907580212257933	0.2209138576316958
0.33143769410045965	0.5098451261296634	0.1587171797698771
0.08108618246692023	0.3476427810207737	0.5712710365123063
0.5640171825768616	0.045381671751727914	0.3906011456714106
0.10789609244296028	0.7619664116909626	0.1301374958660772
0.6080884707730781	0.21392428867042845	0.1779872405564935
0.5870159084933947	0.21127632308391964	0.20170776842268573
0.3074111495970592	0.31339234705046803	0.3791965033524729
0.6623323723770177	0.15500893344418332	0.1826586941787991
0.7738578909256119	0.092423538290419	0.13371857078396926
0.23883815476377895	0.44746272763194933	0.3136991176042718
0.28981537276876823	0.28287323927400176	0.4273113879572301
0.25394974406710025	0.5427578034357475	0.20329245249715233
0.5301357505662255	0.14597215785212408	0.32389209158165044
0.6119449828842616	0.11918594494202889	0.2688690721737096
0.4896250613875442	0.14751714785790387	0.362857790754552
0.28482491626670126	0.49985267916132714	0.21532240457197172
0.45047966088947233	0.19687040182004295	0.3526499372904848
0.11462935434238919	0.5931113843979006	0.2922592612597103
0.23219412112832916	0.5502448951144737	0.21756098375719726
0.5024873679780786	0.06018689574540759	0.43732573627651394
0.40758746140997343	0.27275907919930364	0.31965345939072304
0.29083148041444434	0.13906387906292272	0.5701046405226331
0.06526559839242346	0.7846189220866229	0.15011547952095378
0.32793472542626734	0.4750230506404516	0.1970422239332812
0.3344108429449825	0.3678683566205522	0.2977208004344654
0.22306943821357747	0.2664141037041236	0.5105164580822991
0.056028713269319796	0.5593431841055347	0.3846281026251456
0.27871254108444377	0.157382803376714	0.5639046555388423
0.07160418051851136	0.6319236872705765	0.2964721322109123
0.27736368783522203	0.31168075321818833	0.41095555894658975
0.06348819959393392	0.6829496750882856	0.25356212531778055
0.4171381970014276	0.42861868162818895	0.15424312137038354
0.33560310189628206	0.13731335067019096	0.5270835474335271
0.4953777379129294	0.15905033544685493	0.34557192664021585
0.7805947816859607	0.053621430201334586	0.16578378811270475
0.6379086470232262	0.22172502688925871	0.14036632608751515
0.19521563016410834	0.5417940228139796	0.2629903470219122
0.36888609116330034	0.2602108890582753	0.37090301977842444
0.4957756495176028	0.14218605318143637	0.36203829730096093
0.5575333921326984	0.138886037886721	0.3035805699805807
0.4314376352565428	0.11451476184484222	0.4540476028986151
0.42418587274612835	0.06185956912063556	0.5139545581332363
0.200557797067161	0.5732080147505954	0.22623418818224375
0.07848737536826744	0.5453526772700948	0.3761599473616378
0.37739339440467856	0.4914447307820365	0.13116187481328503
0.2006676570931916	0.5823041406117355	0.21702820229507302
0.36718211025009967	0.42959087123937645	0.203227018510524
0.5050256782468896	0.19880484078154267	0.2961694809715679
0.5495239524755242	0.08005728536125067	0.37041876216322517
0.1307641894031181	0.6443857962959538	0.22485001430092816
0.25671574248101153	0.3548415913444282	0.3884426661745603
0.1654822103975514	0.49761694827069236	0.33690084133175635
0.13405516735108053	0.4861493906189243	0.37979544202999527
0.23869920044625575	0.49185131156982026	0.2694494879839241
0.3840171839165245	0.4539907903340892	0.16199202574938648
0.6216123506404768	0.07894301259018399	0.2994446367693393
0.3486013338823377	0.10090373151071486	0.5504949346069475
0.2772721215362309	0.4232586863046677	0.29946919215910156
0.191407828869362	0.32550148142367324	0.4830906897069649
0.3313525779461569	0.2048638147547584	0.46378360729908485
0.3567346784589256	0.4508840400355465	0.192381281505528
0.6507973086447891	0.08846207009723384	0.26074062125797715
0.2635760410737084	0.5730079207872029	0.16341603813908884
0.20472505055719015	0.612740233073348	0.18253471636946203
0.28628970081946886	0.18289993497756968	0.5308103642029616
0.09070330284955588	0.5254054073059287	0.38389128984451554
0.6681049766191419	0.15376432215601996	0.1781307012248382
0.4305752392022034	0.4045617330198279	0.16486302777796877
0.40589862414435324	0.3903964666425196	0.20370490921312728
0.5350169247469565	0.10561531350506864	0.3593677617479749
0.3727039965815261	0.2753933033734755	0.3519027000449985
0.5774212794349165	0.15611609035395635	0.26646263021112726
0.23992416939501554	0.368511133455287	0.39156469714969755
0.4738491167083848	0.134508278880468	0.3916426044111473
0.5235954648026813	0.23366614363709926	0.2427383915602195
0.3025200987580099	0.5616385126573629	0.13584138858462733
0.43693162468865315	0.07569042459311842	0.4873779507182286
0.24186225510833778	0.4205772460281859	0.33756049886347644
0.6031529326142887	0.1187746523912677	0.2780724149944437
0.05656267337364024	0.7215073482289639	0.22192997839739598
0.08074876745686849	0.3387014990020363	0.5805497335410954
0.31789887492570856	0.32979974858163136	0.3523013764926602
0.2852512671817403	0.5881905337397468	0.126558199078513
0.06018772178450915	0.42553610699043964	0.5142761712250513
0.32229325406686676	0.46331413069077143	0.21439261524236194
0.3543927997420974	0.5135907715461652	0.13201642871173758
0.3424745514009366	0.20498959604243921	0.4525358525566243
0.2611479807162885	0.25243774368891125	0.4864142755948003
0.33575401526120086	0.21313612240968546	0.45110986232911376
0.10224690135334757	0.7628493471413937	0.13490375150525885
0.10939068745858771	0.49691589272100384	0.3936934198204086
0.7330088685038696	0.13977735131305358	0.12721378018307702
0.40244838362822244	0.40751846603985437	0.19003315033192325
0.37099917172694535	0.1986461277402241	0.43035470053283065
0.42994469630325277	0.27396429248767773	0.2960910112090696
0.12784922857239744	0.5218459776427058	0.350304793784897
0.20768523252002946	0.5809831451280224	0.21133162235194825
0.19202847024474712	0.4843501290167655	0.3236214007384875
0.623886648768565	0.11882069630509667	0.2572926549263384
0.08119377057069715	0.4942996369775845	0.42450659245171846
0.10628856847713544	0.41538808195762744	0.47832334956523725
0.40586151501733225	0.4213077024186117	0.17283078256405612
0.0697510775727394	0.6259860184634152	0.3042629039638456
0.4618497933191129	0.17062087144412103	0.3675293352367661
0.3442792407045127	0.10634871458342815	0.5493720447120591
0.42973331189818065	0.05754463702387552	0.512722051077944
0.5375587999521172	0.09842426187806574	0.3640169381698172
0.04270782914622473	0.6376320924219929	0.31966007843178246
0.40816861686893346	0.27989260952822376	0.3119387736028429
0.5004615424311566	0.35091469432939854	0.14862376323944493
0.3880369067101187	0.09147698102299773	0.5204861122668837
0.18229798531072325	0.2432874417736569	0.57441457291562
0.3501242137330865	0.40877253661711943	0.24110324964979418
0.19217968795144966	0.566409565693071	0.24141074635547943
0.563827850846881	0.2683948638183554	0.1677772853347636
0.23512073500154176	0.2561913558667722	0.5086879091316862
0.29117905376928854	0.5728330382329151	0.13598790799779653
0.48275811714650185	0.10611938979144683	0.4111224930620514
0.13727157973603177	0.5093371760850793	0.353391244178889
0.19888597759744214	0.5437871484857412	0.2573268739168168
0.16658194053407127	0.5501523656097601	0.2832656938561688
0.10231057221436682	0.6768873633324497	0.22080206445318362
0.04758262257532486	0.49643777563394587	0.4559796017907294
0.22623002999720127	0.5414568275067239	0.23231314249607496
0.639410074033762	0.15556731136847815	0.20502261459775997
0.2732961920175669	0.1447824742575573	0.5819213337248759
0.16094243388298257	0.4609483327090693	0.3781092334079482
0.2407693067102437	0.5419274430841033	0.21730325020565305
0.15238938288677245	0.48534633810693295	0.36226427900629476
0.047798821283379145	0.7656345472738891	0.18656663144273183
0.3955983002886434	0.4046741716247819	0.19972752808657476
0.2013758175617154	0.21865356237379377	0.579970620064491
0.46212948763868333	0.18972892822910953	0.34814158413220725
0.20879125110845398	0.26102892737101335	0.5301798215205329
0.548593921887202	0.11517316872229308	0.336232909390505
0.20000569514105557	0.2367067025242535	0.563287602334691
0.09811837916407729	0.47081519874413635	0.4310664220917865
0.4599361492965126	0.2997183561591703	0.24034549454431717
0.11231314834354672	0.6853751406498026	0.20231171100665074
0.07377115812963198	0.4279242419919381	0.49830459987843
0.18731651613628222	0.3774432574737284	0.4352402263899895
0.14836926208469078	0.5986951004824598	0.2529356374328495
0.2563765458967234	0.5026410526386457	0.2409824014646311
0.4946297016167823	0.14321222836565203	0.3621580700175657
0.506166060050891	0.24579381281149248	0.24804012713761653
0.3464636510038304	0.11501405540126514	0.5385222935949046
0.2781567865317235	0.15461035793674116	0.5672328555315355
0.20532114138269786	0.3566072240375969	0.4380716345797053
0.7545490674220503	0.06707351655132271	0.17837741602662704
0.2116456031804827	0.6417650678405307	0.14658932897898683
0.4345559610733971	0.2181282916870639	0.3473157472395391
0.617139766121471	0.2539944911297919	0.1288657427487372
0.7555976413525757	0.058734237302061565	0.18566812134536284
0.5495207161860953	0.12514407460434232	0.3253352092095625
0.2566039716129272	0.5542015301358536	0.18919449825121937
0.3974659139018321	0.04443456457704836	0.5580995215211196
0.6893785493682115	0.09757337502581115	0.21304807560597744
0.6926220271828633	0.12486534123483412	0.18251263158230274
0.3937497584869579	0.22379730374485313	0.38245293776818906
0.06491143150393985	0.46498619740479674	0.4701023710912635
0.15752335661407646	0.4237398388672269	0.41873680451869677
0.49412296165819575	0.1804552213312827	0.32542181701052164
0.611937858806108	0.09701673144712086	0.29104540974677123
0.34096074373039553	0.3175916224363131	0.3414476338332914
0.21908852157442	0.5702946974054683	0.21061678102011178
0.45024951288748666	0.4110846723992592	0.13866581471325423
0.30213273681541436	0.27465634588229537	0.42321091730229043
0.6665422433303776	0.10310911209316725	0.23034864457645518
0.4135170662862052	0.4255651154731839	0.16091781824061102
0.0772016910030654	0.6993896679569807	0.223408641039954
0.4128855843955268	0.3635305937335986	0.22358382187087472
0.2017719625888425	0.6064870379410919	0.19174099947006568
0.3799473486564042	0.2075146584570034	0.4125379928865925
0.2561309024450894	0.35914394814300543	0.38472514941190533
0.6423712792740852	0.15551412021335742	0.20211460051255747
0.2978924457478874	0.28641773222880895	0.4156898220233037
0.5201939142453513	0.1303854704261735	0.3494206153284753
0.19342743827275824	0.6517029130125493	0.15486964871469255
0.7197640165845544	0.14660996406433624	0.13362601935110946
0.2788240891043217	0.15530703645043176	0.5658688744452467
0.053683746216978134	0.7694075300156433	0.1769087237673787
0.5484504410680994	0.06609987468269524	0.38544968424920545
0.27322281361066814	0.4747506077241239	0.25202657866520806
0.4085352059499646	0.18751386006857135	0.40395093398146414
0.5070984428852714	0.08003665663386023	0.41286490048086844
0.3012568045485167	0.4522450536272416	0.2464981418242418
0.356334241860346	0.20624857322496107	0.43741718491469306
0.5377662813796106	0.2846072825467656	0.17762643607362397
0.31680314897003997	0.4873553304604665	0.19584152056949367
0.2440673758288906	0.35212427112817557	0.40380835304293394
0.263736475068295	0.3669493018273321	0.369314223104373
0.49184566993288126	0.2519859766342659	0.2561683534328529
0.2967094566184749	0.15925602950301193	0.5440345138785133
0.28531717368577453	0.26983230545182796	0.4448505208623976
0.1639196800250764	0.4219911451339156	0.41408917484100816
0.3076667629289936	0.18899858245871662	0.5033346546122899
0.1740485902310406	0.540514870462479	0.2854365393064805
0.08232697546277395	0.6731679111015068	0.2445051134357195
0.09043329921873575	0.6981768245840141	0.2113898761972503
0.447813541363694	0.37619537281263116	0.1759910858236749
0.0959733426534563	0.46513066330405606	0.4388959940424877
0.7180974518349938	0.10545569664400961	0.17644685152099665
0.40053721675073617	0.2115042021729276	0.38795858107633635
0.25097627140889467	0.2819246467307716	0.4670990818603339
0.3087304188928316	0.33418889005083996	0.35708069105632856
0.22878354277453972	0.3620686894934103	0.4091477677320501
0.5436027028070772	0.05683355718041588	0.39956374001250694
0.12190525614977024	0.6076436734340983	0.2704510704161316
0.4601595486240433	0.14176130373742576	0.3980791476385311
0.3419163922344871	0.15994257601944828	0.4981410317460647
0.5255060576037389	0.24029585539388118	0.23419808700237998
0.21169381868232223	0.38538080240260836	0.4029253789150695
0.14000024704952924	0.48173604439674766	0.37826370855372327
0.34515810203618114	0.08658199758192595	0.568259900381893
0.24504745197402142	0.35564668047897224	0.3993058675470064
0.4583381807348569	0.15439779955252977	0.3872640197126134
0.1635046466913357	0.327488106682828	0.5090072466258364
0.06865376666434869	0.7877322351396481	0.1436139981960033
0.42136630354605353	0.2721615908713674	0.30647210558257926
0.1772875446570742	0.6718617364216872	0.15085071892123864
0.09544049027804757	0.6568266320705477	0.24773287765140484
0.51521634465531	0.27549842952097753	0.20928522582371267
0.15974564561009325	0.5725192404895196	0.2677351139003873
0.2050093005106115	0.44084667469660804	0.35414402479278057
0.7217393357520621	0.11320933349185885	0.16505133075607917
0.41757430075213153	0.295174987943131	0.2872507113047375
0.3649065659361515	0.30988086556211347	0.32521256850173513
0.07003939114677604	0.8065720209331297	0.1233885879200943
0.4102565984180898	0.06395397338362907	0.5257894281982812
0.2028634825429934	0.5092149773355953	0.28792154012141147
0.5851289085781508	0.2881362296983194	0.12673486172352988
0.28280693729998296	0.5675426414610012	0.14965042123901595
0.13619299669505744	0.3808314705834038	0.4829755327215389
0.614269680682845	0.17740982369312325	0.20832049562403182
0.041383418429957075	0.49298362772671633	0.46563295384332676
0.41008754844685225	0.3927504501102285	0.19716200144291932
0.14203671952836144	0.4732614713076383	0.3847018091640004
0.15537620863153825	0.6734770668519574	0.17114672451650445
0.13898644530632048	0.3864709358841717	0.4745426188095079
0.3156425085973465	0.4770316037393186	0.20732588766333504
0.11830936477742626	0.6392621252005206	0.24242851002205323
0.0495440555448553	0.7399950646441708	0.21046087981097406
0.4024401603662138	0.269761535813151	0.3277983038206354
0.5644878406753024	0.1320301784900308	0.3034819808346668
0.5594069934350497	0.08463312194846292	0.3559598846164874
0.42629274984619553	0.06925673263650689	0.5044505175172976
0.5135146853434172	0.21148938763713312	0.27499592701944975
0.044968977236542695	0.778594173241846	0.17643684952161148
0.44438710514860985	0.28660837877853607	0.2690045160728542
0.14430234745572496	0.5806065068257626	0.2750911457185125
0.45596481604110006	0.2540070801563356	0.2900281038025644
0.18524779351876344	0.2753206017354833	0.5394316047457534
0.4819672411151019	0.13391837737831117	0.384114381506587
0.2521213434104883	0.2794397742822673	0.4684388823072445
0.4158794473088162	0.4009276985886274	0.18319285410255648
0.2369021358486854	0.2898353797033685	0.4732624844479462
0.7722735698268439	0.08843945302909129	0.1392869771440648
0.2054092096086228	0.6073173757103103	0.18727341468106695
0.19083998838934202	0.39935370225274225	0.4098063093579159
0.24586020391450872	0.2305245538800828	0.5236152422054086
0.26322422053586286	0.19757536005016701	0.5392004194139702
0.34960290612720757	0.07671717888972107	0.5736799149830714
0.589842981821735	0.18984046595283913	0.22031655222542598
0.22486880383768412	0.31110400173827457	0.4640271944240414
0.13556422369067037	0.5614455520367718	0.302990224272558
0.383635824011919	0.26148251612922657	0.35488165985885456
0.12734652554431738	0.5995742595433182	0.27307921491236453
0.20106411247270695	0.6247340804825787	0.17420180704471439
0.05001652277840196	0.4220046675251836	0.5279788096964145
0.5185906836247043	0.34915950736157736	0.1322498090137184
0.3071236699010922	0.5566522163421697	0.13622411375673832
0.13468479510144238	0.6997302329199719	0.1655849719785858
0.23141382550237372	0.3868395065648347	0.38174666793279177
0.7306255427136792	0.11877853555174084	0.1505959217345801
0.31005299822860444	0.43021817237211263	0.25972882939928305
0.42209256951047014	0.24459540758869402	0.33331202290083595
0.2633358325696145	0.5134662223908447	0.22319794503954088
0.7671787904722229	0.0831426149897525	0.1496785945380247
0.28150902102793873	0.5511647160912418	0.16732626288081953
0.15441887257726372	0.3883093994997741	0.4572717279229623
0.11436780281955453	0.3554039507145782	0.5302282464658674
0.3325516290595721	0.515021851455451	0.15242651948497696
0.4720696241390137	0.0638129126945931	0.4641174631663933
0.24837948261072945	0.1943384999925244	0.5572820173967462
0.23758717040858288	0.2229703426972156	0.5394424868942016
0.4855114304934906	0.20983264608616414	0.30465592342034536
0.40478974756363695	0.22892760891779623	0.36628264351856693
0.060945716492285196	0.47196519752688304	0.4670890859808319
0.6337707570521003	0.09509424296159563	0.27113499998630414
0.19197417728784893	0.6244777290350525	0.18354809367709862
0.22401813710772736	0.24083627907499555	0.5351455838172772
0.6366646881584388	0.15139161338425666	0.21194369845730468
0.1892934567771235	0.33852411074019295	0.47218243248268366
0.10579019697249406	0.496760659304864	0.397449143722642
0.2870618445446254	0.3997772995096911	0.31316085594568355
0.4628426381203046	0.2534353260797011	0.28372203579999433
0.3613216601685768	0.47979124845948373	0.1588870913719396
0.25358259369886316	0.4521672721489295	0.29425013415220747
0.7143424443847892	0.15823757288365564	0.12741998273155522
0.33999138119471417	0.15993778851074836	0.5000708302945376
0.6019211256178293	0.22365796072961092	0.1744209136525599
0.5631786625062958	0.06109756446379222	0.37572377302991206
0.3980713443511103	0.392757482304473	0.20917117334441676
0.4635113679576625	0.09271224626219446	0.4437763857801431
0.32323382688166824	0.29528213302491196	0.3814840400934199
0.41885116935898614	0.39061703546826887	0.19053179517274513
0.09309981505890841	0.45755941741881384	0.4493407675222779
0.11928242729672711	0.5916182527158603	0.2890993199874127
0.3637967065561462	0.30431152923879506	0.33189176420505884
0.32589203144333156	0.356243690648221	0.31786427790844757
0.4182203842169095	0.15400137469004707	0.4277782410930435
0.39986391135856514	0.09049013585804319	0.5096459527833919
0.24851025766705875	0.5711686964763742	0.1803210458565672
0.06455954714880652	0.6838578248134404	0.2515826280377532
0.2793133248959021	0.5748400635420611	0.14584661156203696
0.44120126166267876	0.28140781114326396	0.27739092719405734
0.32196987236886654	0.10733169119072966	0.5706984364404039
0.6282460223488943	0.08774066444759154	0.2840133132035143
0.43320968211616584	0.08531163092342109	0.4814786869604132
0.5524000366795425	0.09182760836920059	0.35577235495125703
0.620809677930462	0.25604558991875703	0.12314473215078103
0.17537689606775442	0.46113500292108367	0.3634881010111621
0.24106516997245403	0.6030606853260148	0.15587414470153138
0.20455113824499688	0.4077832785361932	0.38766558321881
0.6813001215551069	0.16534917148718897	0.15335070695770428
0.25224272821498017	0.1913433141901029	0.5564139575949171
0.06859411015433808	0.3506974721759916	0.5807084176696704
0.04797674920245015	0.6825318678485366	0.2694913829490133
0.30635103875123665	0.47246075252082076	0.22118820872794265
0.7091654291013612	0.15710180632356852	0.13373276457507038
0.2056577469790477	0.30724346420736026	0.48709878881359214
0.2314882768893226	0.4839594772544058	0.2845522458562717
0.27113074583414537	0.5185922763095479	0.21027697785630695
0.6846881703810732	0.10040700913772291	0.21490482048120402
0.10327408096377147	0.643291140311038	0.2534347787251907
0.516283014415571	0.08684910226086587	0.3968678833235632
0.11604027440530801	0.5820389684675213	0.3019207571271707
0.5468192066594658	0.2782676502629719	0.17491314307756237
0.6628342317058449	0.1843043132054063	0.15286145508874896
0.6189150006814308	0.054208499383697595	0.3268764999348718
0.6036811460360356	0.27113769454792397	0.12518115941604044
0.08041664436258522	0.74023790177167	0.17934545386574494
0.17169603380972095	0.4502765300625585	0.37802743612772066
0.425004023809906	0.06538124565643183	0.5096147305336622
0.3861836447143458	0.08913041262301027	0.524685942662644
0.4876213234487913	0.35600000736159637	0.15637866918961246
0.48240111922906737	0.38268631787100055	0.13491256289993223
0.5446667808544084	0.06609801965085621	0.38923519949473534
0.4348589544842565	0.21585826976100914	0.3492827757547345
0.48925147502850824	0.07041269859853933	0.44033582637295254
0.11143978866112408	0.5722730895343496	0.3162871218045264
0.1839364126092461	0.4241268848485844	0.3919367025421696
0.40697289035605216	0.4290185545474712	0.16400855509647672
0.2194112702853781	0.2655021144496673	0.5150866152649547
0.4234274979714858	0.29388399415732197	0.2826885078711924
0.045303938195230486	0.4410073410763019	0.5136887207284677
0.23779181336430438	0.22391312591589732	0.5382950607197985
0.16225160749300688	0.42547073457818463	0.41227765792880866
0.5388255181983873	0.13733203767085794	0.32384244413075486
0.13656360161404862	0.3918945880403032	0.4715418103456483
0.04355831727270465	0.7268525442617728	0.2295891384655227
0.45697299667395586	0.13502231408151985	0.40800468924452443
0.10715610699567235	0.6784732642208837	0.2143706287834441
0.3901323780327551	0.3979467046207387	0.2119209173465063
0.12385041384621584	0.7002741149216477	0.17587547123213662
0.629847986996419	0.04639158444585578	0.3237604285577253
0.3700518943125701	0.2344759531622998	0.39547215252513024
0.2642002928092783	0.5752833428768964	0.1605163643138254
0.08317918909105704	0.7631919668637124	0.15362884404523075
0.38701380301066485	0.4127259536888049	0.2002602433005304
0.42995320873824305	0.3964150396413336	0.17363175162042335
0.3781012156954573	0.2282144703640248	0.39368431394051806
0.1631471627943446	0.6476785021303197	0.18917433507533576
0.435083610688208	0.2762776902321271	0.28863869907966494
0.10128758254970971	0.6157464900478399	0.2829659274024506
0.3945380715147353	0.3947848705884089	0.21067705789685592
0.19916363690795644	0.2501258802278226	0.5507104828642211
0.35832015749837304	0.5086281491835966	0.13305169331803054
0.7236394876248669	0.05394246682206394	0.2224180455530693
0.35899809924513976	0.4371064201147039	0.20389548064015645
0.11911817695501842	0.7196337346070508	0.16124808843793087
0.3406231006831671	0.10927694868318041	0.5500999506336526
0.1043057684423018	0.7461771434976727	0.14951708806002567
0.570661601140645	0.05035328229866781	0.37898511656068723
0.48029266491140543	0.3108925419651074	0.2088147931234873
0.28245095309132034	0.18561681765280505	0.5319322292558748
0.0485825645719552	0.405570294937049	0.5458471404909959
0.24116738682218292	0.5541294050444486	0.20470320813336862
0.3875238512964294	0.2007936384164805	0.41168251028709013
0.06403183081573538	0.7515336600967166	0.18443450908754805
0.06880866484630088	0.42013776922860374	0.5110535659250954
0.38488350829337087	0.09429564933416151	0.5208208423724677
0.30352008364262983	0.37758363290302843	0.31889628345434184
0.43429460207637727	0.23486584949448838	0.33083954842913443
0.48183351532327895	0.29175882121741936	0.22640766345930174
0.4781769501646133	0.1884614571899248	0.333361592645462
0.5888348963912484	0.22961168282708205	0.1815534207816696
0.21221689783342396	0.46843075448094884	0.3193523476856273
0.5455884778027106	0.19606697712008594	0.25834454507720356
0.3123419438598827	0.12853403903956293	0.5591240171005545
0.177821071101341	0.633007428765783	0.1891715001328761
0.34137513390237173	0.29342543034672547	0.3651994357509029
0.4969507057769097	0.17266736699935242	0.33038192722373794
0.5093018900609034	0.2864317985257449	0.20426631141335166
0.6279817296997752	0.18190326049247071	0.19011500980775414
0.08542481477059702	0.483244101151007	0.4313310840783961
0.2378525995270221	0.5762119302999118	0.18593547017306628
0.40573205046129646	0.3958999036456883	0.19836804589301538
0.05157068614634047	0.7970167798520471	0.15141253400161264
0.3449247518814365	0.5041351184043341	0.15094012971422957
0.048112030395222605	0.4077999392541939	0.5440880303505837
0.18079756989530577	0.4748542746097607	0.34434815549493364
0.577285777648175	0.18945306934330003	0.23326115300852507
0.07269639814735207	0.4560428888047662	0.47126071304788186
0.07239712500537876	0.3788566234583585	0.5487462515362629
0.5873892819955095	0.2350303636174763	0.17758035438701425
0.10522606416800978	0.49193293550628564	0.4028410003257047
0.32083001995629123	0.2779076711541991	0.40126230888950976
0.3358143918015519	0.3868460460262768	0.27733956217217137
0.522388028294287	0.2903949781606194	0.1872169935450938
0.5583122669610991	0.14945818642938707	0.2922295466095138
0.15305005921892595	0.659916756564131	0.18703318421694323
0.48142497732265555	0.34121026103702196	0.17736476164032258
0.11908004514343751	0.5521167371989779	0.32880321765758475
0.4172912640627253	0.40684058269126394	0.17586815324601085
0.6595818990692828	0.19609002464666023	0.14432807628405717
0.37611258063873865	0.3908291158788953	0.23305830348236614
0.5801671806994559	0.27882366294226446	0.14100915635827968
0.5178605293395296	0.3528772383140204	0.12926223234645007
0.2016311001574028	0.22896286149838135	0.569406038344216
0.061236165675293275	0.5112621464936127	0.4275016878310941
0.07496889859275363	0.554838530519755	0.37019257088749147
0.7889553272993974	0.05926737206432858	0.15177730063627415
0.07738170882531586	0.5263798182097111	0.3962384729649731
0.1508986086859452	0.6027991091401689	0.24630228217388606
0.1487513541083814	0.7159604225507258	0.13528822334089297
0.047626443937080265	0.7592098989714946	0.19316365709142522
0.47147538433397984	0.3138335014181495	0.21469111424787077
0.14546271266997596	0.33846014093429677	0.5160771463957274
0.3192246647720251	0.3706444509207299	0.3101308843072451
0.37403850623589147	0.06492549577260237	0.5610359979915063
0.06608819427377755	0.7439496446259855	0.18996216110023711
0.13174172364982362	0.45976350976623964	0.40849476658393685
0.2653262469439179	0.24384977557066018	0.49082397748542206
0.4287937573428051	0.17593495338490278	0.39527128927229227
0.5593598858086031	0.11731808481865072	0.32332202937274634
0.6453364448567233	0.04550518137367554	0.30915837376960126
0.12045274093614342	0.39850956389389314	0.4810376951699636
0.6837123559505902	0.049534985167396295	0.2667526588820136
0.4806867643204724	0.204815905595694	0.31449733008383374
0.34960989650489194	0.5239827385020526	0.1264073649930556
0.3765457804279745	0.13231765634318798	0.4911365632288377
0.3548490003605226	0.2759684085471924	0.36918259109228513
0.6506947076549372	0.10522681324434652	0.2440784791007163
0.48567949366859353	0.2792297567704946	0.23509074956091197
0.45592596858873713	0.17203229437243542	0.3720417370388276
0.4572672052288607	0.2849753395891417	0.25775745518199766
0.5164996784856606	0.06979543686374629	0.41370488465059313
0.08128014935833511	0.5847861379313776	0.33393371271028743
0.4767635433086594	0.32652563165154364	0.1967108250397971
0.3813501527624551	0.21524372118659352	0.4034061260509515
0.3241614835561793	0.2536169220316342	0.4222215944121866
0.1551968593988536	0.57947559354922	0.2653275470519265
0.42914342695812113	0.16620825043369716	0.40464832260818184
0.48268003117340963	0.3326356745068628	0.1846842943197277
0.3308753135261925	0.28537247291607576	0.3837522135577318
0.5217731784857762	0.21929706969584062	0.2589297518183834
0.07054336228198421	0.4341474626023434	0.4953091751156726
0.14831995263075978	0.5052747781442213	0.346405269225019
0.20462673859272806	0.5763100063591282	0.21906325504814386
0.6069248448588569	0.23458409576932973	0.15849105937181357
0.22734276548389315	0.3178924959450878	0.45476473857101923
0.28935127092975366	0.2253511570627326	0.4852975720075139
0.6774787453218715	0.07044265714956183	0.2520785975285668
0.17597905288400534	0.3447006475899354	0.47932029952605937
0.145573750370303	0.3199688739676376	0.5344573756620594
0.07321474897037661	0.5965244855800343	0.3302607654495892
0.22846147316320758	0.33886241085733626	0.4326761159794563
0.18925058137688666	0.4870982287648185	0.32365118985829494
0.15588401423566736	0.3002654682024869	0.5438505175618458
0.31628825206042543	0.3113547152420123	0.3723570326975624
0.170682653000963	0.36662806578667784	0.4626892812123593
0.36630208651124885	0.14886992682236871	0.4848279866663826
0.5523850970228803	0.15034578446873748	0.2972691185083823
0.10044262699068929	0.39267838123382953	0.5068789917754812
0.2636105940579423	0.18036777167598506	0.5560216342660728
0.2948968177226682	0.536183083819427	0.16892009845790495
0.3117202981204936	0.5601284759830663	0.1281512258964403
0.3340709485975378	0.2516861075667644	0.41424294383569793
0.40800274317813634	0.14885344891888197	0.4431438079029818
0.30825200568691397	0.5652825988212733	0.12646539549181277
0.6483814265210976	0.13444292853601042	0.2171756449428921
0.044416493577167426	0.686460661410377	0.2691228450124557
0.05611632117571086	0.38399648220348737	0.5598871966208019
0.43321380471600257	0.0928498308914073	0.4739363643925902
0.4400012359064693	0.4302445730990399	0.12975419099449087
0.06924856939267687	0.8039759974393929	0.12677543316793038
0.0460456341676907	0.775079396472139	0.17887496936017044
0.7364217906298242	0.12609007582816872	0.1374881335420072
0.3620537228606705	0.27317148538779157	0.364774791751538
0.4810847959450719	0.31889545854427004	0.2000197455106582
0.3603625126942896	0.3840118268687647	0.2556256604369458
0.16852242569898784	0.6315077097286725	0.19996986457233978
0.1773083471524821	0.5146170815854518	0.30807457126206617
0.4416563116986712	0.39273734712386044	0.16560634117746845
0.41286437041076135	0.101080263199441	0.48605536638979774
0.6070777859680838	0.09825128727017915	0.29467092676173723
0.08370505998377373	0.5565828042775898	0.35971213573863664
0.39336665538250726	0.19927613377292885	0.407357210844564
0.07070959156720436	0.44544796320066016	0.4838424452321356
0.07531960696393908	0.39844979589897267	0.5262305971370884
0.4886990406742713	0.3877049610693742	0.12359599825635462
0.4156313869769537	0.30913975559517237	0.27522885742787406
0.26679867330864465	0.1569074572939558	0.5762938693973997
0.39213504840089053	0.19895298465934624	0.40891196693976334
0.20072517092894135	0.3649760888908672	0.4342987401801916
0.05944923163517041	0.6604691689758547	0.2800815993889749
0.3573197507324713	0.45132882764754756	0.19135142161998123
0.16517160084017113	0.48299697100564554	0.35183142815418345
0.14263189524777947	0.542515477659207	0.3148526270930136
0.5220858735347731	0.3225017842880223	0.15541234217720468
0.13712783740049517	0.4903209094321156	0.3725512531673894
0.3143228974990134	0.32667984098904074	0.358997261511946
0.5339087329739388	0.2878112356780044	0.1782800313480569
0.1219814732590137	0.4661012173159371	0.4119173094250492
0.44334409905302263	0.2329823581882992	0.3236735427586783
0.4531163312488739	0.3810148180964141	0.16586885065471213
0.1276656216947884	0.34505968414758476	0.527274694157627
0.300100298328503	0.3079743644697899	0.3919253372017072
0.36635520692545154	0.07939326661383622	0.5542515264607124
0.06240002944727485	0.5884884345386427	0.3491115360140826
0.0598296831335377	0.7127879116118971	0.2273824052545652
0.4901170588157984	0.24724001585130473	0.26264292533289696
0.21338748617911374	0.628800568293681	0.15781194552720537
0.08154988797811163	0.6625385732172844	0.2559115388046041
0.04482854787528562	0.5708713204169902	0.38430013170772437
0.40565147442207516	0.22982002764475207	0.3645284979331729
0.2011687636411446	0.645650734624426	0.15318050173442951
0.24852832938898356	0.2762869962388092	0.47518467437220735
0.04362325171887915	0.7676123871107057	0.1887643611704153
0.14496705277745217	0.5459883289761869	0.309044618246361
0.7636382457416335	0.09847056442546437	0.13789118983290222
0.0717458321947747	0.37612638464810316	0.5521277831571223
0.43731540553145976	0.09424262938148653	0.4684419650870538
0.7145500497181467	0.04951310697925554	0.23593684330259773
0.14439560939886575	0.5532280731946809	0.30237631740645343
0.5731397303884145	0.3009427203255904	0.12591754928599533
0.420461778320392	0.34760114917945933	0.23193707250014878
0.33895686243415823	0.18762467443685787	0.47341846312898406
0.11115442028766664	0.5954069578994231	0.29343862181291036
0.07151059800903581	0.7085369466434228	0.2199524553475414
0.39895969640541085	0.12139857889074157	0.47964172470384764
0.3105110778750338	0.5157904943210672	0.17369842780389916
0.06670522434669351	0.5450197140726291	0.38827506158067754
0.047250715238934204	0.6593813946010907	0.2933678901599753
0.10628235558935759	0.4537516836636836	0.43996596074695893
0.11046506583692955	0.7378855588669218	0.15164937529614875
0.6213510541917595	0.08737442147666338	0.2912745243315772
0.618726463691498	0.1442693391899809	0.2370041971185212
0.7534290782197979	0.09968279014179648	0.1468881316384058
0.25382797190105894	0.4700427987796886	0.27612922931925266
0.2619328706603084	0.2790342511336681	0.4590328782060236
0.25617732796984083	0.45287611290033625	0.29094655912982303
0.12136739844588237	0.4022957630450951	0.47633683850902264
0.065282032950023	0.4554897154217702	0.4792282516282069
0.547089988427127	0.31938824761423434	0.13352176395863882
0.3390020896525562	0.24941805516662446	0.41157985518081946
0.08432020856197006	0.6049257402475772	0.31075405119045285
0.27861963718476723	0.5278895317230776	0.19349083109215526
0.19771039739421903	0.5646862418370058	0.2376033607687753
0.07512041767875738	0.7036722723537622	0.22120730996748056
0.24887942378740546	0.5060328037376979	0.24508777247489677
0.4900406916250417	0.17606147438251968	0.33389783399243866
0.13837822993313792	0.32840712886311024	0.533214641203752
0.10092663977290833	0.7184734249602829	0.18059993526680893
0.4574239081870154	0.18672140435872392	0.3558546874542608
0.4878447116036252	0.3515551312966218	0.1606001570997531
0.42340955692652993	0.4018017568177149	0.17478868625575533
0.2600191101791277	0.5697920822487597	0.17018880757211272
0.2633000697758705	0.48666095449727453	0.250038975726855
0.2551241868281702	0.489047567999859	0.25582824517197095
0.5110171265210344	0.23262181144232963	0.2563610620366361
0.26902219948158057	0.21462277737828758	0.5163550231401319
0.15414013781130764	0.429498193715673	0.4163616684730195
0.04191261388330714	0.5091728383821743	0.4489145477345187
0.20197479749684696	0.5219374496240718	0.2760877528790814
0.22462816821232684	0.43730508574259647	0.3380667460450768
0.26492135345721474	0.5018664448060767	0.23321220173670867
0.17739077302248496	0.601574279050817	0.22103494792669817
0.15546217613494168	0.3807594705261617	0.4637783533388967
0.36446971810038453	0.10119065201493185	0.5343396298846838
0.20808476518929203	0.5057636616104019	0.2861515732003062
0.18791570730074006	0.31641518633114474	0.49566910636811534
0.2046552005908209	0.21391695522254608	0.5814278441866332
0.20024102820577605	0.37220969204607857	0.4275492797481455
0.2986662587478343	0.5620094895195162	0.13932425173264953
0.18649125607243033	0.4589522646460006	0.3545564792815692
0.04248733611368777	0.5392414886208052	0.41827117526550717
0.12174170943770832	0.4779907589315614	0.40026753163073037
0.1309491771511774	0.5032898550503323	0.36576096779849043
0.6166966091909631	0.22748846001116468	0.15581493079787226
0.07150219215346232	0.4837743435735684	0.4447234642729694
0.18572050602385334	0.41639481194087113	0.3978846820352756
0.4925347920741032	0.22970409126997285	0.277761116655924
0.39828238550633877	0.2329460936092012	0.36877152088446014
