0.40943825107065634	0.17070950574918087	0.1584083010358144	0.077881889104566	0.183562053039782
0.3162292253402289	0.1667692486490795	0.14781871153189813	0.09081657068080372	0.2783662437979894
0.3220457776987383	0.1885156616975102	0.17167522948488753	0.07657664761697225	0.2411866835018914
0.3191591551351362	0.20220601070876174	0.17887078358684325	0.07583776338876005	0.2239262871804985
0.3488745641177765	0.19046825989224112	0.18115082721237744	0.061802025788470605	0.217704322989134
0.323297979212107	0.15307195608549068	0.14145621261564995	0.0969339168885252	0.2852399351982268
0.3978481491643956	0.1755196321695196	0.14267964874200095	0.09043114758527764	0.19352142233880593
0.37493335398730593	0.15917210457942318	0.17719073707689403	0.08130175200199294	0.2074020523543836
0.35261321368622234	0.215160430046857	0.1725353977592655	0.0703084965798357	0.18938246192781916
0.3080725400349509	0.18006768258816333	0.17013238554134544	0.07904987148895505	0.262677520346585
0.3386725081622406	0.21453857555658418	0.17496022545765727	0.08035228063640815	0.1914764101871095
0.28276935333207087	0.21023679000168302	0.18223750664731145	0.08607458098445768	0.2386817690344767
0.3601130634820976	0.16365333832517032	0.14966184677782762	0.07404727259622446	0.25252447881867973
0.336748299183405	0.2033841829801685	0.1674619904576365	0.09074300072820186	0.20166252665058781
0.35226725159119615	0.1970501722607868	0.17141355929421362	0.08322508039795998	0.19604393645584317
0.26858646400440034	0.21722839322115214	0.15663116656998963	0.07131872229763656	0.28623525390682103
0.3073088851704505	0.22885464241645517	0.1688315632319436	0.07844112327587263	0.2165637859052778
0.32035318892486825	0.18074323579090623	0.1784568949953699	0.06542915693114587	0.2550175233577094
0.2907877576695802	0.19606261961082547	0.18303013936800125	0.08281074494933081	0.247308738402262
0.3302896764471106	0.1799304530677828	0.18662623948111437	0.06851449566270787	0.234639135341284
0.3745513433272174	0.14750323757730888	0.15983506385755752	0.08531470071684055	0.2327956545210753
0.2996071886188645	0.2341285554109479	0.1827554911589218	0.07642917736352034	0.20707958744774518
0.3902859850069478	0.1478253626186919	0.16298438862607884	0.09595051042342627	0.20295375332485482
0.3455080898569081	0.21746016373956642	0.163540353073934	0.06758840987841375	0.20590298345117738
0.27944491633179463	0.2208856122710207	0.17512307142333722	0.09806049001650322	0.226485909957344
0.31081501103154763	0.23430540873378353	0.17734771178177205	0.07416974224224565	0.2033621262106509
0.3485870142302208	0.21224781333973397	0.1591091752698016	0.09511859410778341	0.18493740305245993
0.3000113179381445	0.2268927905791519	0.18658066446013843	0.06440436247805151	0.22211086454451337
0.32773176673795784	0.20378442354638995	0.17001563051930266	0.07919520114623978	0.21927297805010948
0.38451949602551755	0.19066739044102413	0.14423354470705035	0.06751348557735176	0.21306608324905593
0.3962762397618795	0.1545194980092538	0.15544491972739893	0.087518687646965	0.2062406548545024
0.36771236645326694	0.15446391082084915	0.1718034559646603	0.08216081908307032	0.22385944767815294
0.34004611262641155	0.18613111428671156	0.17216516466620407	0.06921979375958273	0.23243781466108981
0.27568776427192476	0.23150578709935885	0.14873892444389356	0.0653586227609202	0.2787089014239024
0.3404983461474135	0.2254931296999357	0.15650922475117338	0.06297900445837057	0.21452029494310654
0.3211687068532655	0.19790855863451495	0.15449454865741835	0.07611575785061327	0.2503124280041876
0.27748021565001907	0.2345098900982716	0.1524337026232767	0.09019863083841649	0.24537756079001583
0.3059424975616958	0.19476986460685083	0.17830479676771047	0.08903130370551218	0.23195153735823043
0.310402627944762	0.15711630031856783	0.15942211848527257	0.09009920670078037	0.28295974655061695
0.38791810932171905	0.2168310863171114	0.14111853895378773	0.06641949395529106	0.18771277145209037
0.36485745430313066	0.20814875091906176	0.14269185390839947	0.07215350718720798	0.21214843368219977
0.2867308894211047	0.2102294544159475	0.14929262613224442	0.07963595871208108	0.274111071318622
0.38592125693176205	0.18175276068174062	0.16320707057583705	0.07413874444184113	0.19498016736881876
0.28065414391612364	0.1911940856242529	0.1842838078854338	0.09402073917397666	0.2498472234002127
0.3339197710460937	0.19334287261537333	0.15722047700281008	0.07187888281732394	0.24363799651839868
0.39659303104193744	0.17015626493719227	0.14813687564781233	0.0654316791684641	0.2196821492045935
0.3136743943282108	0.1742170447461303	0.16761309132394125	0.07805334838330792	0.2664421212184094
0.39069293344104894	0.18598777899897767	0.14478729553544822	0.07417922131379487	0.20435277071072994
0.3361578249985172	0.18077590593513973	0.15664476289887497	0.07467554379480959	0.2517459623726582
0.31132710599647384	0.19893745202909094	0.1819065288538382	0.06477638161698454	0.24305253150361217
0.30778344661935575	0.15427107474965335	0.18616017799009554	0.09365394491933811	0.25813135572155693
0.3530986229843509	0.1900904895518185	0.15955863741745577	0.09010598595014481	0.20714626409622966
0.37586497304430583	0.17015161619128366	0.16125221401345916	0.06661818231034061	0.22611301444061038
0.2893136733705805	0.20703403096696213	0.1418073564220081	0.07901318362637431	0.2828317556140747
0.35105704196972	0.1477664834117086	0.18047978891716934	0.07322737726911593	0.2474693084322858
0.34359407314932655	0.19400590346907026	0.18529364549711175	0.08419383174288536	0.19291254614160577
0.3510324691970632	0.18566750462534268	0.14458866793012737	0.0932516093851923	0.22545974886227407
0.30176920711093147	0.2116331221470351	0.14397169200065718	0.06310704968460656	0.2795189290567694
0.2788027418338571	0.2117228229544667	0.1761968949693324	0.07012316755599463	0.2631543726863489
0.37019425343582124	0.1619825850295472	0.1433785867172095	0.0950566066429359	0.2293879681744858
0.27290852284463274	0.21356910218294625	0.18326530647702566	0.07141343267489936	0.25884363582049574
0.35684364931015045	0.20870366303564866	0.16298084551839165	0.09129648054487356	0.18017536159093536
0.3399414698715232	0.14798731745828894	0.16097161931918466	0.0877744034996937	0.26332518985130915
0.29628344332244005	0.21602813083552347	0.1697359683931934	0.0797768026979771	0.23817565475086572
0.33214617615809583	0.192441732938926	0.16698987725418707	0.09344431356317964	0.21497790008561116
0.3693659322421369	0.18595791419300692	0.1559628125048219	0.08838761810464324	0.20032572295539075
0.2817964428446801	0.1898011334506499	0.18411679449761825	0.06767037047741539	0.2766152587296361
0.368232138174448	0.1796310933291674	0.17912623753342485	0.0734225095869328	0.1995880213760266
0.3311891214684868	0.19992494852774823	0.18535949485171244	0.08496774014168562	0.1985586950103666
0.32536358483523586	0.16944152133422308	0.14576349946460151	0.09530076877715153	0.26413062558878775
0.3080415203239192	0.17471012022790428	0.1757270054310008	0.0912333345355429	0.25028801948163254
0.269462355905978	0.188186747198739	0.17458599169690464	0.08552612321985445	0.28223878197852365
0.29072379667545367	0.17458937673925426	0.1753026663662393	0.0842752452261366	0.2751089149929159
0.28528498637297256	0.1861228744753487	0.1795528207230529	0.09129143175618842	0.25774788667243714
0.30573377265422585	0.17662095829016586	0.17718150230626467	0.07347302094855801	0.2669907458007853
0.2752326325443404	0.23813995973069418	0.15178687555211418	0.09553881917294055	0.2393017129999105
0.29008721783252567	0.2380346460292937	0.15269823737390395	0.08217841108761721	0.23700148767665918
0.34459065608602496	0.18139098205088083	0.1760003786965509	0.06730371019620165	0.2307142729703413
0.33802994773961914	0.20374859319498792	0.14197716180512376	0.09265909491004516	0.2235852023502237
0.33224224112644724	0.2058741565300748	0.17617883238812418	0.08107292727519301	0.2046318426801605
0.36678881184696815	0.17324188188428954	0.15903207785549733	0.07288829670696637	0.22804893170627832
0.3687329194205713	0.16836600583808786	0.171111621622441	0.07626193686423884	0.2155275162546607
0.2704960617397936	0.22843463660028515	0.14517299575694212	0.09084837448336747	0.26504793141961136
0.32185137545179066	0.20181717836766694	0.16904667599999776	0.09258611778743155	0.2146986523931128
0.3381124094742466	0.1927943104647486	0.1711640569499769	0.06588963683310914	0.2320395862779185
0.28803775164200596	0.20555912076396562	0.15441050527229894	0.07789466879808639	0.27409795352364286
0.295835873633479	0.2283890052258734	0.16127097034522714	0.08890697109708409	0.22559717969833606
0.3037082548470305	0.16337063664861623	0.17311019418679582	0.07982221594226553	0.2799886983752916
0.359387006434168	0.21057795946709762	0.1455742784874685	0.06765746535346756	0.21680329025779796
0.3346192470082287	0.1578920922225529	0.179310415556096	0.06932753835217778	0.2588507068609443
0.33096875830951666	0.17300204869120706	0.14996747179590764	0.09323675589286542	0.2528249653105029
0.36828942772778	0.18912181170842438	0.18244516018746118	0.06912923652835626	0.1910143638479779
0.3717221968750317	0.17108297604312042	0.16803184461437184	0.06729892010684385	0.22186406236063183
0.37796696118755047	0.17139421065262092	0.14966611776957553	0.09235497852265025	0.20861773186760246
0.4140001961583447	0.15003588763767844	0.17973222345292095	0.07671728252970263	0.17951441022135292
0.3985239528903518	0.1464925421345196	0.18541805648073217	0.06854965808164523	0.2010157904127508
0.2696191694560424	0.19657331231808842	0.17430589987473524	0.08073869119198922	0.27876292715914447
0.31789269193933534	0.20544497072705897	0.17017188220145874	0.06922260996506452	0.2372678451670822
0.3906640644718285	0.14667446583367383	0.16775225228126303	0.067343345098659	0.2275658723145753
0.2983300417232284	0.18734800230062856	0.17004203866873877	0.0962341724811188	0.24804574482628516
0.30677882494075964	0.17401328910697628	0.18052113711072726	0.07719211946712962	0.2614946293744069
0.3037074876734877	0.1936923536164981	0.16166434795871373	0.09763716168700967	0.24329864906429052
0.30654455894933896	0.16181097912200992	0.17205964851066038	0.09407134914325996	0.26551346427473044
0.31981651252831267	0.15964662262362106	0.15244944820108342	0.08297188803350389	0.2851155286134787
0.28200568440453644	0.18026858421171327	0.16367328543605036	0.09317137957582566	0.280881066371874
0.38702567810412264	0.14657303488663612	0.15691769916076267	0.06924633723704252	0.24023725061143572
0.325097027412818	0.2143732611589484	0.16987992483370937	0.07290954232058611	0.21774024427393784
0.31822815120690007	0.20654908623034998	0.14541130150117834	0.07016504864493917	0.25964641241663217
0.27914410074004425	0.23793050526909418	0.1532131966226416	0.06509304142692696	0.26461915594129276
0.2819778931607527	0.2207001509641444	0.15251093197359147	0.09575947018946664	0.24905155371204452
0.28406276027233096	0.20364516992232107	0.17379852078805647	0.09275178137659963	0.24574176764069158
0.33924101156106534	0.1937034272482873	0.156768056644517	0.06509736348590439	0.24519014106022569
0.34020908331562794	0.1868784282116714	0.17073117859906795	0.0674537049812946	0.2347276048923378
0.37412876815960106	0.19141780378547504	0.15134934690117385	0.08101315046989019	0.20209093068385958
0.28265413941653056	0.18126836467667254	0.16588819553083922	0.08551795182852194	0.2846713485474355
0.29367114193599364	0.20877746218719334	0.14670454955425072	0.06833201009145909	0.28251483623110296
0.3095745156985721	0.20013791950499404	0.14245068771067948	0.0734507532761873	0.27438612380956684
0.31067663288113667	0.21211535328208056	0.18075996824424023	0.08634344895342856	0.21010459663911368
0.30436177394999964	0.17525979817442636	0.16536577403073163	0.09548404291095589	0.25952861093388624
0.3675497155991755	0.14597948289130486	0.15068421472478033	0.06379638573220375	0.2719902010525353
0.3687465492658947	0.21215964149254682	0.15685199353560764	0.07547480690127344	0.18676700880467711
0.2874677486976411	0.18831208460554033	0.18120291272169795	0.09802400642410422	0.24499324755101615
0.2870285643937243	0.18824646814262372	0.17764632796170612	0.08506785630954747	0.2620107831923981
0.35376683982194135	0.18309650311208742	0.16391415289821637	0.08387363380832633	0.21534887035942818
0.3657851285674524	0.16424976961727306	0.15869865196891472	0.0919901784547457	0.21927627139161382
0.32986845417780486	0.20699144267850306	0.1509026940420231	0.06792138459304181	0.24431602450862686
0.3550551528998708	0.1923533745016135	0.1585175906002418	0.09459079310430421	0.19948308889396935
0.36554029221984646	0.15114143504084657	0.16929037799947572	0.0892485218696352	0.22477937287019575
0.38148138876515436	0.19897240904834199	0.16249166959005001	0.06239965569456482	0.19465487690188849
0.31667035550440237	0.19393257777499925	0.17965122888949223	0.07776540296328809	0.23198043486781778
0.3012574586796464	0.19792079452562367	0.14797539613133687	0.07230181951757828	0.28054453114581457
0.382906809667262	0.1702329059611204	0.1508038937664643	0.08518595761051481	0.2108704329946382
0.3935890306352163	0.15026524497157362	0.1681576485854171	0.06411438707882014	0.22387368872897254
0.3179774006921445	0.1571820591218432	0.16270881074431226	0.07911526257778867	0.28301646686391113
0.40831845130957833	0.1923660472177369	0.15646666176963733	0.0640726753263012	0.1787761643767459
0.37809885956344313	0.17381254162792256	0.1800661931329391	0.08842886885604645	0.17959353681964849
0.313623014925167	0.1930673210565762	0.14804311174986415	0.07514535510686803	0.27012119716152433
0.3147857913223152	0.18280710309574333	0.14952447181227987	0.08578243158378027	0.26710020218588104
0.35772211071578364	0.23409382691710812	0.14907313479322853	0.07742013519282126	0.1816907923810581
0.301655090765309	0.1976108244226597	0.15888717815337447	0.07287664520745535	0.2689702614512012
0.2923238293442746	0.1859492768123457	0.16458740524488108	0.09162044919650451	0.26551903940199384
0.4008148059033687	0.1547471975073339	0.17134881843338462	0.07995265623169981	0.1931365219242126
0.2933785957104789	0.19636444831935215	0.1582703650465891	0.08945034490361345	0.2625362460199661
0.28839628167495773	0.20640193564884157	0.17307846761069481	0.06336183522281036	0.2687614798426953
0.30333610142832346	0.16206391457130287	0.17222014504375313	0.08956760388666944	0.27281223506995084
0.35300759595415804	0.17357037425779998	0.14871535865861313	0.06399549942960392	0.2607111716998246
0.33741261388082106	0.2312874211039381	0.17248712045638132	0.06339103400395249	0.19542181055490673
0.3134810749919921	0.17412041207875872	0.17123853200768885	0.09524792628614208	0.24591205463541793
0.30726185329858713	0.2264505402363784	0.17277833348077332	0.08245903993380747	0.2110502330504534
0.2937490847623506	0.23211810625978532	0.1837158355925096	0.06400854518681184	0.22640842819854237
0.37403330554433867	0.17685559148978397	0.14579958232241752	0.07791248788941656	0.22539903275404297
0.3536094124162501	0.15246950981300006	0.1644750357475701	0.06958469960114053	0.25986134242203884
0.3927943635790131	0.17529011621819252	0.14741112839660536	0.06741695883160173	0.21708743297458696
0.33868280249583144	0.1683301122064825	0.15027405624392237	0.06640640356394245	0.27630662548982093
0.3761053392697751	0.15869988694389375	0.16036310958246888	0.06964045911526129	0.2351912050886007
0.35541501910537415	0.15399703385365535	0.1802182388873754	0.08122388157868934	0.22914582657490543
0.3107709200376957	0.20212398817909172	0.15122659076669115	0.06811434795108964	0.26776415306543155
0.2903887386370717	0.23013345236430827	0.16459829808099044	0.0809406154000385	0.23393889551759078
0.33206077299186126	0.17283629598208838	0.17302925622713644	0.09324683741697713	0.2288268373819365
0.3527722765011353	0.18475321140721032	0.1529293094499239	0.09564846946026095	0.21389673318146923
0.2880020154491855	0.19302575794582552	0.1691774478415681	0.07348038003244542	0.27631439873097513
0.37426780484237937	0.14813721413603548	0.15176783716948256	0.06223239897344879	0.2635947448786535
0.3203592844460813	0.17705917184689904	0.18529451114736759	0.0807057816238301	0.23658125093582166
0.38041757948701954	0.15944825652805344	0.1461772878082469	0.09472987880431578	0.219226997372364
0.35144228020182705	0.22566929571276512	0.15911548682944726	0.07525714698274562	0.1885157902732146
0.3538893891091063	0.14615262479345628	0.18182886293678424	0.07827113297664917	0.23985799018400372
0.3330407678994433	0.1753255124883757	0.15083212633055346	0.07080348965065592	0.2699981036309713
0.32037407166833165	0.14860873238458136	0.17149388783564282	0.07812299298004444	0.2814003151313994
0.3454813136222902	0.2153265449011205	0.149105550962472	0.06387208815107215	0.22621450236304483
0.3164394137733909	0.1780341879660502	0.15996462468938305	0.07897758383332157	0.26658418973785397
0.28750374774949283	0.18731004313010885	0.17804250183489093	0.08000138188496317	0.26714232540054395
0.37601589848766176	0.16070931293384405	0.1545647366542893	0.08579169930744207	0.22291835261676246
0.4052870028818307	0.18632640238685225	0.16731892950623137	0.061340261019457554	0.17972740420562774
0.32800795183663334	0.1745420641761824	0.1651404530151938	0.09054369856321667	0.24176583240877347
0.282164914169572	0.2257131616317002	0.14417200210582998	0.06290537323771475	0.2850445488551828
0.32227378119970634	0.2119362482344524	0.16167527775617715	0.06324203131213676	0.2408726614975271
0.3393312744931012	0.1784856813742851	0.14710215486055445	0.09137129767232856	0.2437095915997304
0.3543675339480701	0.20056556005044912	0.1413118859742934	0.07269730178808048	0.2310577182391066
0.3271979791810272	0.16899011825674862	0.16630577696930646	0.09127168887320143	0.24623443671971595
0.33247894642778264	0.17647673792520935	0.1770022224123098	0.06684455528589217	0.24719753794880572
0.3780248061284456	0.19487013235391948	0.15620439551364887	0.07118960343683003	0.19971106256715573
0.38114244091756244	0.15837337574978785	0.17728127776788466	0.0753565799170084	0.20784632564775626
0.3442936058320737	0.14612454038015465	0.145024008302488	0.09399154579132712	0.2705662996939563
0.3718957422050685	0.1628723642969766	0.14130416628582937	0.07252428840136096	0.2514034388107643
0.3630834164559451	0.18076247154691072	0.16926506801963373	0.07761803574190265	0.2092710082356075
0.3078216482346868	0.18675912335616374	0.15415042151044256	0.06905932246301649	0.28220948443569016
0.2724969005223174	0.19280158681293927	0.18198789965558376	0.0892790791174321	0.2634345338917272
0.35417688653626356	0.2020882684246946	0.17547753656301496	0.0715155489640289	0.19674175951199763
0.38495149777786974	0.17223899899398787	0.15183066249530422	0.08050407332206544	0.21047476741077242
0.35359578452488816	0.20022513107644713	0.17295737025275204	0.08136612345538347	0.1918555906905289
0.3325906453618157	0.18844275204613187	0.15500776990903534	0.09016579696853455	0.23379303571448223
0.354599966925066	0.1745787352444144	0.16080107372402294	0.0750794078878263	0.23494081621867005
0.2848184706585434	0.22513961487387543	0.14825526398724853	0.09667657318754713	0.24511007729278528
0.325735504039094	0.2197814581720733	0.17223089857156318	0.06475024100577376	0.21750189821149543
0.3638085781752282	0.16408820871339724	0.16408820756820078	0.07894700414847045	0.229068001394703
0.31033512260461216	0.20848132784217516	0.17100394418059753	0.07883945317975721	0.23134015219285764
0.3138689552805793	0.1870678240269606	0.1770706718168501	0.06689092060447843	0.2551016282711313
0.3441470839597107	0.23534890545581272	0.1653996257937051	0.0750512847678338	0.1800531000229374
0.3767511819289333	0.1481278906972912	0.15580148838460436	0.08895278656413134	0.23036665242503943
0.3992385413238833	0.146542724735315	0.1633380310175319	0.06845941884551171	0.22242128407775777
0.28261718121051377	0.21893043795123632	0.1642604123625831	0.09803125669810724	0.23616071177755932
0.4037871785212378	0.15329450295233887	0.14640778474236316	0.09178521167896876	0.20472532210509106
0.36722605752341475	0.22228618378567794	0.153289206388115	0.07928368337475276	0.17791486892803926
0.3461369928925754	0.21015468319133435	0.14151268253618793	0.08407572077888568	0.21811992060101634
0.296120736731909	0.19779588244569607	0.15161537066338387	0.07269311984653434	0.2817748903124765
0.2917655298978395	0.20193754016660562	0.1535778311389429	0.08221926832580301	0.27049983047080867
0.37422168654293964	0.18129336524755116	0.15275493840192927	0.07506664539050857	0.2166633644170711
0.39702985772136234	0.1953913827581751	0.15292030672351395	0.06363798605891452	0.19102046673803375
0.34310969988134066	0.17800611022715856	0.1843044076664723	0.07702954440806829	0.21755023781695987
0.39677875816601527	0.16445153747712965	0.15924843801287095	0.0785710581724603	0.20095020817152345
0.3121473772580363	0.16684925006720538	0.1560790143158595	0.08699775075248498	0.2779266076064135
0.3542208960260202	0.21307177021977958	0.17526019380782554	0.0795885912864263	0.1778585486599481
0.38320886055288883	0.19860241175363713	0.14662639627559482	0.07112547901326596	0.2004368524046129
0.3633669564177544	0.21023816659155273	0.1737418557723921	0.06742144282862217	0.18523157838967827
0.37008161710312576	0.1717669201055906	0.1790399807110371	0.0863523201756549	0.1927591619045913
0.3523150997505343	0.14980315917368808	0.1528915525558124	0.075306436109638	0.26968375241032694
0.3325007031169692	0.19655368045666802	0.16978242263772766	0.09608177270444221	0.20508142108419258
0.35049161535872014	0.1679372197497277	0.1637264619137116	0.08225164055608211	0.23559306242175815
0.337078296044516	0.15009225703336532	0.1719633658067096	0.0744640493196558	0.26640203179575295
0.37934594954272344	0.18922769104097367	0.1594527417289181	0.08323981633965757	0.18873380134772688
0.39583955684536976	0.18504300308647761	0.15499512549539202	0.061761939917777314	0.2023603746549829
0.3325429696376226	0.16840754453778375	0.17311634876761287	0.09538750012628197	0.23054563693069852
0.35185492472119334	0.21134027861082766	0.15317696001788622	0.085638126335435	0.19798971031465748
0.2740642371902378	0.19633179010373805	0.18243317123281905	0.06924091356452444	0.27792988790868034
0.30475617640055597	0.18022285083994896	0.18146766241106482	0.09758226640614993	0.23597104394228005
0.3355922830496715	0.14625063572456104	0.15226930561837151	0.09740903275407298	0.2684787428533227
0.35031657500996094	0.189313138861141	0.1567202313986968	0.07012773257247859	0.23352232215772228
0.3143263705681805	0.16770568300023359	0.1497183714255544	0.09045786374215024	0.27779171126388097
0.41048637395050525	0.1542719616099193	0.16852978041762862	0.06984560453689714	0.19686627948504934
0.3623050733517486	0.19799468290291122	0.15290714881862288	0.07625058810828803	0.2105425068184289
0.3871635613369825	0.15521925074415072	0.1499160527338027	0.09702148960734394	0.2106796455777198
0.40973577887737966	0.161576218933207	0.17940590304500142	0.06480880005983686	0.18447329908457466
0.3230968386214575	0.18864541933392742	0.1435171250510578	0.08329441941717244	0.26144619757638454
0.3101810109712057	0.17656310271711634	0.17845347367841874	0.0950906627742801	0.2397117498589788
0.3017924717148066	0.2138660008556354	0.15066981172852847	0.08670883591882186	0.24696287978220735
0.36179749181984033	0.188764310132165	0.16622742898965473	0.07693498568028667	0.20627578337805297
0.34826544402136805	0.17047619960145766	0.18251299741970015	0.06633569279169502	0.23240966616577885
0.28869562178339453	0.22018659468976529	0.14359848088184302	0.06721859622591433	0.28030070641908256
0.35076048544820393	0.20994629872709977	0.15744533822013976	0.08416056565633141	0.19768731194822484
0.2822016012935526	0.21632956226949523	0.17854563887251504	0.0695712105161646	0.2533519870482722
0.3543951906843046	0.1846342545137912	0.18382319651975149	0.08534812961886155	0.1917992286632908
0.32063717638256006	0.2154000926794409	0.14526856504685504	0.06968878006916038	0.24900538582198334
0.3619893669318054	0.18533647102963408	0.14855268490465948	0.08322673477642202	0.22089474235747875
0.30928119570489243	0.2268680366519664	0.16110947296239791	0.08575546782047443	0.21698582686026857
0.3275245178767975	0.20195567832790476	0.14414304539230186	0.06146479790399778	0.2649119604989979
0.3348511559846802	0.20426270870610688	0.14459726342076046	0.06997011691546628	0.24631875497298591
0.2734492994913925	0.23305319419460366	0.1578564948596722	0.09757701876607804	0.23806399268825332
0.3564669792197267	0.15601096889702543	0.180708671080008	0.08051822078675762	0.22629516001648192
0.29174335230126214	0.19232789056654404	0.176492944429736	0.06124170095513545	0.2781941117473221
0.3309565462953361	0.20072344172683426	0.17213109020712392	0.09190013544375922	0.20428878632694614
0.30311269243954997	0.18909061886573736	0.15223376310374187	0.08545147668881144	0.2701114489021591
0.3192388128740186	0.19654146586869065	0.17195426464412583	0.09414701557448679	0.21811844103867778
0.3417977929818147	0.19142989410834557	0.14208684762277743	0.07075633671336004	0.253929128573702
0.32661961207541645	0.1735997150508897	0.14938458233742477	0.09515692985365458	0.2552391606826142
0.2806659740161006	0.2107526901380497	0.1642083381558339	0.08186864446042494	0.26250435322959054
0.3103016335448648	0.2252417767895201	0.15475629802629692	0.07337874821446316	0.23632154342485479
0.33656995021093555	0.22111647001424573	0.15292835694119777	0.0969190617083815	0.19246616112523912
0.41052421884172574	0.14824700259354567	0.1574401390227799	0.08643718261424028	0.19735145692770806
0.3652647180851541	0.21549830681429682	0.14770447921032015	0.06836102056828652	0.20317147532194207
0.41178475323364216	0.1586469060257455	0.17507803193060878	0.0645407084518845	0.18994960035811873
0.372440457274708	0.1740634134972462	0.1515087411723077	0.09072765367511282	0.211259734380625
0.32409098607040476	0.23285761521027498	0.18436017895326876	0.07017560153050026	0.18851561823555094
0.3694807745839659	0.15071918119463198	0.1460393998895241	0.09135230079013575	0.2424083435417419
0.3472862520317521	0.18717810303699375	0.15108141853357307	0.06907020923912782	0.2453840171585529
0.3236698263116391	0.17612105750691204	0.1794028849713004	0.0757632174509913	0.24504301375915682
0.3577998408601582	0.16568131453908808	0.1491619979430605	0.061721785938896795	0.26563506071879617
0.3177852582368952	0.19175373897108489	0.16082310023591107	0.08913155917946845	0.24050634337664015
0.3422722279853446	0.16304864841923833	0.14291364663622344	0.07681149302554773	0.27495398393364556
0.3573545233808326	0.16237211715072097	0.14255209725062948	0.07251816344834378	0.26520309876947284
0.40397417944894326	0.1548216782491406	0.1524678423598741	0.07522737061910831	0.21350892932293342
0.32329462785270235	0.16408657755686762	0.14796426778858324	0.08696973606204055	0.2776847907398059
0.3233381641403571	0.23709192578274593	0.15278132119301074	0.07749647258725731	0.2092921162966286
0.2895567203315247	0.17621858285207034	0.17319253658849715	0.07924004444202126	0.28179211578588625
0.32442321504599014	0.18251038255585988	0.18023910172730234	0.08353691276585438	0.22929038790499295
0.34462776409591167	0.2186697538461137	0.1496634373157988	0.06396548102778582	0.22307356371438977
0.28542299434660806	0.20338266320608017	0.18672643638097264	0.0693324345739911	0.2551354714923477
0.3357756736834844	0.21724838476505443	0.15856462211978617	0.08279588913352637	0.20561543029814838
0.3789749891652403	0.16234128873175752	0.14112486884383832	0.09260198661485369	0.2249568666443098
0.362373573039864	0.1706269648120212	0.16616855751648285	0.08968760562487958	0.21114329900675205
0.3778759836772236	0.21778915343419608	0.14500659662030674	0.06204443360730355	0.19728383266096974
0.37317267134848553	0.15342234302069288	0.1800940039195308	0.061541751949499124	0.23176922976179135
0.3610524029675772	0.19528855443822485	0.15323348343146714	0.088841742795382	0.2015838163673485
0.35521592316117623	0.17636372067417433	0.1604216890168205	0.06174440189353117	0.24625426525429744
0.31308609792113257	0.21690155767752445	0.14630416300983212	0.08847692219121317	0.23523125920029742
0.2929356071425899	0.18686379530786856	0.18388828123474546	0.08988390814237342	0.2464284081724223
0.27005153378055147	0.17309216615282066	0.18067995207230694	0.09279950609211537	0.2833768419022053
0.2781492865209752	0.21620201518132431	0.14783395535273608	0.07860620034551699	0.27920854259944716
0.3572954749115628	0.16138790715387216	0.18173182791809	0.08065546693350849	0.2189293230829662
0.2916192681408387	0.20007397744973096	0.1653434856645978	0.0900770233557723	0.2528862453890599
0.3399257297723943	0.18983448581948548	0.17664618918622668	0.09053624147742981	0.20305735374446343
0.35654095710467876	0.16318903427011086	0.15687372957660306	0.06470707104359064	0.2586892080050164
0.285376964446192	0.23370408723022784	0.18032003112067368	0.09452099283754674	0.2060779243653595
0.35188445313391725	0.1949330948453339	0.1795072321112936	0.08318847474187469	0.1904867451675803
0.3965450100013954	0.17283323260463507	0.14347454867980142	0.08754933455718511	0.1995978741569826
0.3493827328471128	0.16281117828097522	0.1597707881492799	0.06768441245072415	0.2603508882719076
0.38929061042494595	0.14884947370904086	0.16275447043548952	0.07816641757871162	0.2209390278518117
0.39831172921720537	0.15377911168111005	0.15405459574931618	0.09346672681758358	0.20038783653478442
0.41372125572631285	0.15801243084174704	0.14160953756803302	0.07380743689316521	0.21284933897074151
0.39119320736486307	0.1615243086484392	0.18147367327548478	0.07239146302541327	0.19341734768579935
0.3433852656877341	0.21237304715092814	0.1457109379330308	0.0863551100746306	0.2121756391536761
0.28981035820592294	0.17693397563625318	0.17470774312225784	0.09318324540927224	0.2653646776262935
0.37602748041043826	0.17721132960253155	0.1506742570980875	0.08510675397433304	0.2109801789146093
0.28307668764905203	0.22144665146497156	0.15594519857733527	0.06605386319052503	0.27347759911811587
0.27274145940042077	0.21123383167203597	0.16743445308042848	0.0869454358341942	0.2616448200129203
0.27880963914949697	0.22109711437794322	0.15056870268191275	0.06938882264069471	0.2801357211499521
0.3714659064906374	0.147587812822041	0.1499763495042747	0.06177243189927398	0.2691974992837726
0.40342473470402807	0.18819069627230858	0.14782798498044375	0.08113785552825403	0.17941872851496518
0.33503015362862143	0.21917708151529333	0.14173713067542582	0.061654370288777016	0.24240126389188213
0.3760423371009576	0.1796184025676656	0.1758438055784283	0.08060652998664142	0.18788892476630678
0.35910069954975327	0.166976267357573	0.16054557876539813	0.07924439326903748	0.23413306105823778
0.28118728492184675	0.2238266589722393	0.15622329291084427	0.07857026056135542	0.26019250263371396
0.37237925886992296	0.14675138152033865	0.1530259405393583	0.08604553932579471	0.24179787974458508
0.40626232736414686	0.14554976557295074	0.167187818035947	0.07053574778692698	0.2104643412400281
0.33266782919593096	0.18253479141314086	0.174748725311586	0.0966141232649326	0.2134345308144093
0.36985145058011526	0.15306227324081192	0.1613521272372711	0.08743807904455463	0.2282960698972468
0.312622482082489	0.1812046772807203	0.1777987480091866	0.09238586691503664	0.23598822571256717
0.31069771096209914	0.20904363802145096	0.16689198722201976	0.08686940097946373	0.2264972628149661
0.3000668164914539	0.23586059505233284	0.15375784722679012	0.0958583627714503	0.21445637845797255
0.33514782637415574	0.19247951461890253	0.15868241922544654	0.06988381941019486	0.24380642037129996
0.28340651329683153	0.19271880159704483	0.17563098017234452	0.08933422758704801	0.25890947734673087
0.3691132182969794	0.16571724493871443	0.15974451914371518	0.07378903876893297	0.23163597885165768
0.35164224547544587	0.20234460805399623	0.176950670748653	0.06487139741963063	0.20419107830227393
0.35764406405117366	0.15521757314560147	0.18517398053985434	0.07703793542936826	0.22492644683400198
0.2967067882798008	0.2149828494489491	0.15343656661044627	0.09720565800466857	0.23766813765613498
0.2961565279393307	0.18265737357865322	0.16182315320698298	0.08084203338809101	0.2785209118869418
0.4098599324616856	0.15462602119261346	0.17002663974035662	0.07146618812461511	0.1940212184807289
0.33222572730648947	0.18301620188779835	0.16236911444985816	0.061226823921726875	0.26116213243412684
0.34634177305474234	0.16248488842576098	0.17648356825991363	0.07457400711650736	0.2401157631430754
0.30989041615611534	0.20023036870672298	0.1458015633720627	0.061482325342679084	0.2825953264224196
0.3152133520335866	0.1842444716602053	0.18098099684746877	0.06960993947392391	0.24995123998481517
0.41269279218354427	0.17137840690488726	0.17055745360268618	0.06143442980182906	0.1839369175070529
0.2706521240758286	0.22428611337188387	0.17370993110320213	0.09358668081821542	0.23776515063086973
0.33337428472055863	0.21065521676680674	0.16859611254296647	0.0695946769374392	0.21777970903222865
0.3261552030356906	0.2210720029179073	0.14243942939756646	0.08162692627394684	0.2287064383748885
0.36807561866241734	0.1450486562069231	0.18549475585450104	0.06545107559054841	0.2359298936856098
0.3968033818759361	0.14745529646103867	0.14189119501189254	0.07737118973104254	0.23647893692008987
0.37302971835944443	0.16539050255644286	0.14218463173891419	0.09285196502676579	0.22654318231843237
0.33659259788439755	0.18592068343080043	0.16882973452124045	0.06938154175486333	0.2392754424086979
0.3223605987586124	0.1758192673242671	0.17478574393684354	0.06384136770603782	0.2631930222742388
0.3210605383603696	0.22179121766977206	0.17192103500887432	0.07817483098477702	0.20705237797620676
0.29747195165703544	0.18160108925819335	0.17370390556441062	0.08243397506792907	0.26478907845243127
0.3765479452657038	0.16641479953470947	0.14278621524565444	0.07439490195391146	0.2398561380000205
0.38011657279144156	0.19829695730272826	0.15128099533441935	0.08062345740620268	0.18968201716520783
0.35637003906727305	0.17677708937578993	0.17161868407167932	0.06506536168383825	0.23016882580141915
0.3697805878583826	0.17675014140431367	0.1607972741053231	0.06450491287732876	0.22816708375465156
0.34993586886157346	0.22109378465285004	0.1745358419791709	0.0743649250299108	0.1800695794764945
0.3274616222806691	0.21982503635003753	0.16220674230825333	0.07907359907249382	0.21143299998854592
0.3300237610841245	0.2199554770236968	0.16693535263162504	0.08233571014787464	0.20074969911267873
0.3887791386762991	0.16015508143971907	0.15112586558768548	0.08922005330249547	0.2107198609938005
0.3754017638504222	0.1740383781357298	0.16771431168670992	0.08487593532009735	0.1979696110070404
0.3666755656164432	0.14583872280488966	0.15485518684683558	0.09606510061424392	0.23656542411758727
0.2796026819980953	0.18528450429336576	0.16636959011030683	0.09260639660337912	0.27613682699485276
0.29572535374328435	0.20000819819287968	0.14943026373827145	0.09277543443140104	0.26206074989416317
0.3559788771279157	0.2046822076660875	0.14436095402013185	0.08721138957332816	0.20776657161253648
0.2958109902763274	0.2276037788163725	0.17253551952616192	0.07818203157317112	0.22586767980796685
0.37580438851384057	0.17376631707111614	0.18379791328868053	0.08080364938469423	0.18582773174166825
0.3211166057343697	0.1665611191348943	0.15491928847919204	0.09130798235369487	0.2660950042978488
0.2891073602652258	0.16563053983520226	0.18272435358434264	0.09021216850331185	0.27232557781191713
0.281609970352904	0.21645759361833122	0.1559348300634024	0.09093140554123248	0.25506620042412964
0.35728441044717346	0.1474261766895699	0.15997577147051062	0.0645773979216287	0.270736243471117
0.32553567785740245	0.21250666689453906	0.1660479275400446	0.07492505503302796	0.22098467267498564
0.32345249375542584	0.23486663825080054	0.15602423215754418	0.0725609754387461	0.213095660397483
0.29617887998317105	0.15628378740507975	0.17248615067786052	0.09770988785255263	0.27734129408133573
0.4035604173127646	0.16250408937849703	0.17016864965838271	0.08052753737681634	0.18323930627353902
0.36151317575391795	0.17635225097873675	0.14791175387227642	0.06680642965946687	0.24741638973560173
0.3512278144943487	0.2006127447260499	0.17083267516937597	0.06823730964826377	0.2090894559619613
0.3581141077835378	0.21938107889072217	0.14786600249583237	0.09005229555553362	0.18458651527437367
0.29301087828778183	0.20580316756833925	0.14970018038648755	0.09561575699608227	0.25587001676130877
0.33197853804432054	0.21889066261609202	0.16614167341547798	0.07877523660498953	0.20421388931911968
0.29729241240860316	0.20759176036955382	0.16042267602553303	0.09455633002863617	0.24013682116767351
0.3178590478785957	0.18412672751067824	0.1555489633529432	0.07134137567370324	0.2711238855840793
0.3445814895223339	0.18916789697288647	0.18087528758987714	0.06395739383171961	0.22141793208318258
0.30172171837013273	0.23560400859186326	0.1859517895439801	0.07192072050421497	0.20480176298980868
0.36460194129933005	0.21678725592493617	0.14128983932160816	0.08019606127451394	0.19712490217961137
0.2781614635155003	0.17960376326411034	0.1838461670670436	0.09181777084294286	0.2665708353104026
0.3783444349302675	0.15129504152728426	0.16739598767075856	0.07146690610753009	0.2314976297641593
0.3273973810862916	0.21814797930516974	0.16975692218289531	0.08538793711894346	0.1993097803066996
0.38261971534457717	0.2014429189738908	0.15606774667836482	0.07680141835253719	0.18306820065062968
0.2952809737664183	0.20784846209860203	0.1692665601471452	0.07061826353693301	0.25698574045090117
0.40042318007609845	0.1522512839068423	0.14437309065952586	0.07162169079124373	0.23133075456628927
0.3537472485842776	0.1568431946380948	0.14108144452216112	0.09555080995389331	0.25277730230157286
0.34020202515972847	0.18196280877243629	0.15141532808865618	0.06424823804301005	0.2621715999361687
0.3578242755355392	0.14678251521101965	0.15276715015295284	0.08458765527233501	0.25803840382815296
0.29006241831917023	0.23245552862892657	0.17859865589891075	0.06708466655622894	0.23179873059676323
0.28810008571104734	0.23125455732110117	0.17021883028055984	0.07326930148357194	0.23715722520371943
0.39386812641271857	0.17090454311935732	0.156502086873818	0.06546929683998112	0.21325594675412468
0.33418584043892485	0.19637512236634538	0.17358323251034258	0.09198078684142619	0.20387501784296067
0.30892992109545037	0.207003472496492	0.18677588195380956	0.07283708863154803	0.22445363582269973
0.3252737765339627	0.1752733137155814	0.1606639761348968	0.07484182868313344	0.26394710493242524
0.2894408458395332	0.17394621256460135	0.17308572638969086	0.09075754892727385	0.2727696662789004
0.3887605484296558	0.1856348960636735	0.16305195747960496	0.08260959151424362	0.1799430065128218
0.28933182959093157	0.2197309048854334	0.17103660782373586	0.06633513894956161	0.25356551875033734
0.3630604783893857	0.1727027682409183	0.18583562556353117	0.07708704625254638	0.2013140815536181
0.3822363559905462	0.21708169324578055	0.1445030771543632	0.07261549773215895	0.18356337587715077
0.38608531578597377	0.1866796174810864	0.14175308065491987	0.09076068790585151	0.19472129817216807
0.36565759849431734	0.23313436483526553	0.15374326248795014	0.06321544866866483	0.18424932551380185
0.3910549736355309	0.16410495911663311	0.16666472602946644	0.08905372945014241	0.1891216117682268
0.32925693457013083	0.1576350107489145	0.16012771352954114	0.0751371491927721	0.2778431919586411
0.28086392093614787	0.17620392549623765	0.16553100474973126	0.09806386482158494	0.279337283996298
0.30933672528646106	0.2246311833995985	0.15223801403213863	0.06900693264271612	0.24478714463908544
0.3617257010697778	0.16630624832376545	0.17592406941875638	0.06928851826120094	0.22675546292649906
0.3384988278433525	0.17247097953066198	0.1458262170869073	0.06732816504302797	0.2758758104960499
0.35775774584237163	0.23472611049320172	0.14634970777462009	0.07826824664002623	0.18289818924978002
0.3423701039054484	0.14818418584592835	0.18348463253442565	0.07267566813507728	0.25328540957912005
0.31880759021989097	0.2384298958458433	0.14245584316080023	0.06715631010599346	0.23315036066747175
0.29084308319129	0.16737163680745343	0.1839584631321385	0.09377568459441576	0.264051132274702
0.35879288731412734	0.21253531111632548	0.16813070992753754	0.06854474131564645	0.19199635032636286
