0.08383510883535895	0.010974917641966508	0.28105019017535326	0.22201721052618112	0.40212257282114006
0.04258042936482809	0.15357960613222138	0.33510056636583785	0.0949749872589189	0.37376441087819356
0.05065757001354043	0.057754754684852166	0.5300236415714414	0.3302681553860042	0.03129587834416164
0.06973525234307701	0.08965941706634366	0.13882152224857178	0.3074531008303366	0.3943307075116708
0.2538443424628294	0.0866663455343693	0.15117574529009636	0.22687554026886084	0.28143802644384386
0.22151850177266666	0.020939319976495008	0.0535423151672359	0.36239903022171943	0.3416008328618828
0.17356499556528251	0.01501512333897223	0.18232791438821191	0.27016186238112394	0.3589301043264092
0.2776001681492637	0.15689592121407114	0.37835331949047646	0.07601406722317325	0.11113652392301514
0.3881652389564891	0.0025920228128589184	0.14878880779910786	0.3775738129674868	0.08288011746405692
0.12040077056266851	0.07624057361583331	0.2801835491253477	0.41697189340176405	0.10620321329438626
0.32288521708689444	0.10714731384349864	0.3678029946209714	0.05176341059437453	0.1504010638542607
0.09386687187120565	0.012345821141924701	0.09807594959304033	0.45657891977087844	0.33913243762295076
0.32449359559983615	0.07706887215655056	0.044212523309445445	0.16875079229037904	0.3854742166437885
0.07667328894127812	0.06270901709529866	0.4018231568654405	0.4108021554254889	0.04799238167249359
0.20851561906649854	0.021395497553213738	0.47636283626196013	0.21075898448522035	0.08296706263310706
0.17078929153196123	0.17165809183636796	0.26705688059582816	0.07625453811152297	0.3142411979243194
0.4125084332589636	0.01562603878301999	0.3199037504908371	0.18423381780932493	0.06772795965785405
0.4345429589629106	0.02021774699950435	0.2512996863407341	0.08649487042928548	0.20744473726756504
0.216117693192378	0.17030492362958283	0.5545432296977533	0.020181885477523948	0.03885226800276165
0.04474844334404149	0.04110895529509315	0.37438081732879647	0.21594046627418328	0.32382131775788553
0.39583896065220525	0.1326928017514447	0.3800749695125695	0.07204367308161846	0.019349595002161712
0.3542106998848219	0.16792015780444505	0.04475725398670599	0.19229905058979202	0.24081283773423467
0.1949978043583775	0.14094852958238877	0.1806651740377549	0.4497729388448691	0.033615553176609525
0.1032675077327784	0.057341514820433315	0.4812944429968123	0.13871950608193645	0.21937702836803935
0.05804238910580259	0.09860847093616934	0.03635466263815926	0.42958920941647505	0.3774052679033936
0.3898005006779146	0.039840241133113796	0.05142630452158209	0.33021612079274165	0.1887168328746476
0.34198458504066254	0.025204689843888017	0.3059191506711002	0.29266241662441195	0.03422915781993707
0.25311071139961483	0.050041254473957575	0.23415508879882052	0.4114532040127048	0.051239741314902
0.1853254199046594	0.15718642689811918	0.20197892951852936	0.4322101988624899	0.02329902481620197
0.25758413365977895	0.06888341879485527	0.35933044204545633	0.020839850546275657	0.29336215495363355
0.6147545905865638	0.03970659264248408	0.13920871179340605	0.19674467395104767	0.00958543102649792
0.0732887779448316	0.17199934458457591	0.558575202900583	0.020392820203558926	0.1757438543664504
0.09704738253190918	0.17148514299111983	0.12836425628278078	0.5953784080103698	0.007724810183820263
0.4425070238483181	0.17311416990079942	0.025816183243171725	0.11512573546159578	0.2434368875461146
0.20931598066895496	0.12267965107339451	0.13719875519599717	0.11682525181625214	0.41398036124540094
0.03698713672988668	0.03721620389723418	0.05196604913541636	0.4924466739024417	0.38138393633502093
0.49221337470180915	0.03994072441522034	0.009974294918932286	0.1475915793593291	0.31028002660470877
0.5931820031533726	0.13451322830042067	0.1585040251386998	0.007887386844774413	0.10591335656273207
0.24443043218591715	0.022554863930126262	0.4662030725279979	0.028040895759345708	0.23877073559661272
0.16573959977354202	0.013846922656346378	0.10773400151297544	0.4704051045406985	0.2422743715164374
0.18722257883434623	0.1529535706089139	0.007187800125847327	0.5374396931581391	0.11519635727275322
0.16433841400597532	0.08084065876308207	0.16044466088736992	0.5688655743886778	0.025510691954894665
0.1629221479310135	0.05638912991095546	0.011227945288779628	0.7323287839437939	0.03713199292545735
0.22331664566646942	0.06517813355594268	0.3271093965263095	0.017420350753001135	0.36697547349827697
0.42347849337123433	0.1090512620721894	0.10410187495027756	0.09947689859010399	0.26389147101619437
0.5704002981211347	0.14300868898826086	0.056603958928743425	0.1067257063091726	0.12326134765268801
0.04347034910589115	0.053501771782912794	0.0653004480478164	0.4191546757003184	0.41857275536306116
0.35666709718831896	0.10563149400182696	0.25621041529792393	0.23857473885296154	0.042916254658968256
0.3327319561464588	0.012824039183273794	0.03226515308676886	0.5275787051416976	0.09460014644180068
0.10318995126256168	0.07506250819962323	0.4083627802284596	0.051692791477216976	0.36169196883213833
0.0931086755051585	0.15130085708608326	0.515710430576725	0.054701952446776836	0.18517808438525624
0.39978680190568366	0.032304131076786174	0.3623057724707318	0.08602770090046309	0.11957559364633487
0.7630292144119708	0.061541037620635175	0.03242572020686246	0.06400797587041357	0.0789960518901173
0.19806427742036925	0.1060236878746357	0.19419403845725886	0.11401128761731105	0.38770670863042495
0.1614118187206607	0.04512930003573934	0.11720319519329284	0.6262644278558529	0.04999125819445391
0.2814303034903033	0.02444588031047709	0.25752155627990214	0.3733905516184053	0.06321170830091183
0.4072241885180974	0.07937483603405972	0.034314036718207735	0.2916908588886005	0.1873960798410343
0.23001172498765501	0.06357231371737995	0.2839436060827437	0.3962950334602091	0.026177321752011984
0.49774892832424733	0.1577755965346093	0.10030170080303921	0.04105386802532743	0.20311990631277627
0.306378121780118	0.07444042252118338	0.21757895203329	0.08288664824645066	0.3187158554189577
0.11581721797478117	0.024918795473828192	0.4489101734584726	0.11478073536510032	0.29557307772781755
0.1470830470983296	0.09094993395046644	0.1322387780699835	0.3431675567669882	0.28656068411423213
0.69585614012145	0.03403671534673866	0.014250655984793387	0.23371061603976356	0.022145872507253833
0.2538915700062303	0.06723420501021446	0.41027614544459967	0.2656573697698991	0.0029407097690561934
0.1062166677508935	0.021604245066615263	0.3862581183818801	0.2234013159906845	0.26251965280992645
0.31919898446557154	0.06224452696657262	0.08172479929820495	0.35215582213504837	0.1846758671346023
0.24251691839896944	0.04056534634652234	0.20080310209943675	0.14937023333959748	0.36674439981547374
0.6908230913512108	0.0363179831169044	0.21960984043728324	0.0389227860378169	0.01432629905678423
0.14678966600655735	0.12271776799785179	0.4138167560659344	0.2620723729922549	0.054603436937401384
0.1138143499634875	0.04394713255505753	0.29080557463513457	0.2823070606496347	0.2691258821966856
0.4638755711923265	0.13735992174822065	0.031576780586737574	0.14837427773861647	0.21881344873409853
0.1199626336159363	0.08019330965862076	0.6251386362206587	0.15430620211521912	0.020399218389565016
0.40957284153308526	0.14209975667610691	0.022247900423172123	0.12359107545170313	0.3024884259159323
0.5937902143657625	0.03778046358905432	0.08111787308053077	0.11104944887478237	0.17626200008986959
0.07008762023024576	0.08550922741184894	0.16562868335922482	0.6002949545664965	0.0784795144321838
0.2530604459543276	0.17009901728526977	0.15557720374273237	0.13386005691352615	0.28740327610414385
0.5314453227112467	0.06266472892040278	0.17902025410663128	0.17500252969849647	0.05186716456322235
0.19350195563537237	0.04387845832073903	0.14501033335043004	0.19307728146657335	0.42453197122688496
0.3190050613254782	0.16858189471208126	0.007511331667365867	0.387828914708147	0.11707279758692737
0.21900023096732918	0.09689987879364642	0.15777048455092607	0.2006344054822237	0.3256950002058744
0.06765030318241383	0.11521456140397048	0.08251621794703749	0.5661601828796422	0.1684587345869359
0.2802851556395919	0.008606756734270915	0.13799548547681034	0.22189336786245722	0.35121923428686935
0.18011355669187293	0.06906967747233267	0.3948687493705667	0.1410540096965255	0.214894006768702
0.2339960458258748	0.14669238061292011	0.11109905204491496	0.11138692221962135	0.3968255992966685
0.5061626642189764	0.060437254763271275	0.03406416215690122	0.10907076028348658	0.2902651585773641
0.047253406923225494	0.17037463963314098	0.015382314041783501	0.4484604711535266	0.3185291682483232
0.47896050272558854	0.17273435765304995	0.17202910346436523	0.1633989762153899	0.012877059941605984
0.15048513624088133	0.020659004394834868	0.22761355349791876	0.4292534186495166	0.17198888721684827
0.13628196166378126	0.04810967802606289	0.07180325107757438	0.352276565781119	0.39152854345146226
0.2060178936591977	0.07075553280938238	0.43155100243290456	0.26280964967979603	0.028865921418719076
0.08856124117051196	0.11798728429914696	0.14477860856726393	0.4055667454846771	0.24310612047839994
0.132310001816263	0.05209689732822992	0.4669087925887792	0.33153415092749094	0.01715015733923675
0.2676388524809781	0.14019848586329872	0.22709914055590438	0.31217341006023214	0.052890111039586435
0.3802459580365528	0.05399998336136022	0.3400577389080206	0.1340930986628568	0.09160322103120935
0.41025034857261566	0.010142250068432196	0.1531937251524953	0.23471405460589315	0.1916996216005634
0.7720448463731928	0.002979795697528126	0.11799845031020403	0.04807002372008354	0.05890688389899096
0.5230157862029319	0.09009067754408288	0.008328665277680003	0.12097501401395921	0.2575898569613456
0.37478586548732334	0.07352888448663192	0.3519345988967493	0.09475519043977071	0.1049954606895245
0.28597410736490625	0.043286282377677315	0.3454040676043903	0.10867340331066869	0.21666213934235712
0.3836009709868364	0.0501023067678088	0.23897121757699166	0.2660970965243367	0.061228408144026136
0.1638269429764856	0.07065802781982489	0.01630816150214559	0.5653030136275643	0.1839038540739794
0.3820447597699197	0.11586481751124762	0.12535176601866177	0.1291275364682442	0.24761112023192638
0.2581056556065573	0.140196355578881	0.3128672070768469	0.06941195256500568	0.21941882917270888
0.4656404971740276	0.1192282808946689	0.0046648744005159115	0.07636808206925827	0.3340982654615289
0.5313953454919819	0.1075151137674538	0.19376150441644668	0.1450207327639081	0.022307303560209102
0.48292443802718754	0.10425329818980428	0.026496572897188764	0.27503898028566476	0.11128671060015426
0.46193349712423304	0.029708970249547495	0.20772463082075177	0.016423799093504304	0.284209102711963
0.07276869103545863	0.005847463023867849	0.33164759171920366	0.5700167613561253	0.019719492865344468
0.4869216642269395	0.026041565079201273	0.09401070971966025	0.31671120968031174	0.07631485129388688
0.5357212615133919	0.007554973059108211	0.06915993516857219	0.15565777182378568	0.23190605843514153
0.08551260168522541	0.08985170577828132	0.3155973990634254	0.28902032354105045	0.22001796993201725
0.07713749532384143	0.15405317398698515	0.2000832258440283	0.2954290826753503	0.2732970221697947
0.2607642047954357	0.05164291211268385	0.16938966437555142	0.34005174896440415	0.17815146975192456
0.043026131888746016	0.08620418972347742	0.1369982642740364	0.4942492568026635	0.2395221573110765
0.426451800146698	0.16765725383144844	0.1209738140036597	0.10334544784564123	0.1815716841725523
0.16777104677938479	0.12039723057325315	0.6129728745041213	0.02707414732380814	0.07178470081943239
0.14915365717368234	0.053107520713738476	0.26150843948683405	0.4416531745615637	0.09457720806418127
0.2512647135258091	0.04104697723790224	0.04412466976919496	0.4072760450984232	0.25628759436867027
0.6148416593727151	0.07949981305118932	0.025986974175725958	0.08473332652002817	0.19493822688034107
0.4399741329544956	3.743857372923709E-4	0.015123464963118616	0.18673498319597437	0.3577930331491187
0.3480643479287142	0.09620012729403998	0.009140016886622637	0.20931977728063375	0.33727573060998906
0.2813109028668559	0.17384475335606786	0.31100717268872635	0.10498666945435478	0.1288505016339948
0.19311725049252568	0.09590321318298495	0.20821768337447055	0.28684905952232315	0.21591279342769548
0.12349286756322368	0.007164766565741221	0.1952377560820156	0.34678209736593574	0.3273225124230836
0.11917025912855378	9.659284230061627E-4	0.671385915792303	0.12842872805920785	0.08004916859692905
0.26660445614864325	0.0481079240933146	0.10808018302507369	0.45405324774031947	0.12315418899264868
0.25342221826700423	0.02685398123516136	0.17547859227862111	0.29192519576808473	0.25232001245112823
0.43789071465117235	0.04139104601979357	0.13233121879759277	0.14647136513630352	0.24191565539513743
0.3662614935650832	0.004633359575337892	0.030319515399121644	0.4668932252442128	0.13189240621624415
0.11834015192535108	0.08010097261002601	0.11231803190892158	0.6255155109582382	0.06372533259746291
0.12008425117245818	0.0700613070431847	0.00628580875117582	0.3823048573231972	0.42126377570998397
0.1394190570427312	0.1286135418689482	0.04811454434817847	0.2755973513415427	0.40825550539859934
0.4985859097237449	0.009954658407194172	0.06733278934592721	0.1382573864742888	0.2858692560488445
0.2397963602713646	0.04179308330893902	0.18794398944135884	0.21283426807839492	0.3176322988999423
0.18330147009628245	0.17577906375153507	0.37407340921182175	0.2069999270662082	0.059846129874152304
0.2551527246958075	0.005722949502983382	0.19439216638974555	0.461485670232928	0.08324648917853528
0.326419169270416	0.021418411263620957	0.19618526570387246	0.3130665313842191	0.14291062237787122
0.36932259020761815	0.13352945433691632	0.23794988905102651	0.15219839556510265	0.10699967083933606
0.22239026728264213	0.12626622736833482	0.043502759270820895	0.3632775348797718	0.24456321119843005
0.11742658821243328	0.0632819350296796	0.04636863152525608	0.491977863973214	0.28094498125941686
0.2363526696338754	0.049062542456929925	0.34853701842379736	0.3113074910388449	0.054740278446552104
0.15130107653724645	0.07159616617058182	0.2226378622106303	0.4259899677735416	0.1284749273079997
0.13851989168699774	0.02711939295878002	0.818112886442933	0.013431228325950173	0.0028166005853388354
0.6630673903858768	0.046971898453272654	0.05390092942509428	0.12860135636037412	0.10745842537538158
0.23729691542517356	0.09541278447080846	0.04037818816175809	0.3604233387694688	0.26648877317279085
0.19873406476942979	0.0012749756077381769	0.052294224853946025	0.5000644269579935	0.24763230781089227
0.06368432194778967	0.07493902390751067	0.21228309719567925	0.35393559006971914	0.2951579668793011
0.4201120191386201	0.11817239254400491	0.020478705162686683	0.2523792252379095	0.18885765791677842
0.5143931890756439	0.07822289449515844	9.598140415078837E-4	0.1113422060956584	0.29508189629203097
0.5640765013441917	0.06069423009058955	0.27349440379183165	0.05603557077053553	0.04569929400285111
0.4528776162510366	0.17823056752416475	0.1250274292415757	0.14310052055220063	0.10076386643102188
0.04668315404530554	0.006552523186442227	0.8461055197200258	0.050401972895685904	0.05025683015254051
0.3238408320957731	0.012087856477134673	0.0366761211808001	0.27326588586890416	0.35412930437738765
0.3565671563892723	0.17441593435851233	0.08373265441317547	0.09293116671262863	0.2923530881264109
0.221065338026596	0.06878545013295842	0.2342746317728443	0.12303709618789817	0.3528374838797029
0.3188582678737425	0.02804232188570341	0.20212283644497525	0.13718214559778594	0.3137944281977927
0.07835724716418412	0.15537409982545264	0.6705983972941159	0.05455374888284853	0.04111650683339868
0.1386189377466984	0.018352136129885482	0.4287305924786595	0.10696251410904964	0.30733581953570677
0.06707557634192643	0.049230331364885194	0.31225611420521593	0.4156900099237753	0.155747968164197
0.1360619732937517	0.07429059893964388	0.26215686734648225	0.3758929581380772	0.15159760228204483
0.3005311330999764	0.10156818237316997	0.15341925389635067	0.045754292017677084	0.39872713861282555
0.3486292744212349	0.07524561760576114	0.2625475785580835	0.11544605396025315	0.1981314754546669
0.03804500973436967	0.07618753423736009	0.48391370308261894	0.38386985576506305	0.017983897180588237
0.05275632986824108	0.06724405527349464	0.6255276424492038	0.08741568469367725	0.16705628771538314
0.12579327961656184	0.10320153682188152	0.040116770729358875	0.7042644316228437	0.02662398120935386
0.05710104939417443	0.15652489873663122	0.6095205585025689	0.03000112695040011	0.14685236641622518
0.3338502721443982	0.02792529578874292	0.42926960051198504	0.01918270691589749	0.18977212463897608
0.7077887395242857	0.08978252440772727	0.06190205555130912	0.0328192637324016	0.10770741678427585
0.06944189384869956	0.08823354575367166	0.5642968452546611	0.12082742536143343	0.15720028978153422
0.6107586992971702	0.13778164336509813	0.04467890591605281	0.08108869429371139	0.12569205712796702
0.4671095915030517	0.06150365574523736	0.34595012877620096	0.031736296471937486	0.09370032750357205
0.20867657332521716	0.14015825773380908	0.3188755408431817	0.12009353040907234	0.21219609768871955
0.565656794492851	0.07251015537752764	0.04922783867426786	0.17120420553320487	0.1414010059221482
0.18484981596033617	0.11105729168862336	0.09737608158475325	0.2902329966189313	0.3164838141473557
0.16719314118729123	0.02919039074910862	0.17230931310921288	0.3973216076795766	0.23398554727481058
0.06129533914251767	0.03734312083453617	0.05081330265120548	0.42760602379898904	0.4229422135727515
0.0542633055264623	0.050763364538535444	0.11176468521414934	0.6035712514129532	0.17963739330789968
0.2269958697166736	0.01429919410396674	0.04889086085808242	0.6626622538047838	0.04715182151649325
0.23997838811193506	0.08213601339976413	0.2750968719544755	0.36275965873834426	0.040029067795480766
0.1621104336405579	0.03133507567167079	0.6292928631605244	0.10767872650354449	0.06958290102370232
0.44950456841487896	0.13173219293965768	0.1498756175571398	0.10735685247375956	0.16153076861456359
0.2010733074198708	0.13579264380397632	0.3913458148430351	0.18135423279858234	0.09043400113453523
0.10990483284153282	0.03621581335068702	0.19784700379257023	0.5163757724135749	0.13965657760163486
0.4822971197080014	0.17201715934257736	0.1650055836543889	0.07129757730686476	0.10938255998816718
0.1586444008356457	0.11946828362203277	0.14441796667952805	0.4739735480988969	0.1034958007638964
0.22841638725331218	0.057937662205724993	0.40523099348295566	0.06309808072418999	0.24531687633381685
0.3269228995613689	0.011944862223289637	0.49082903321597526	0.07147651390414464	0.09882669109522124
0.0692910695285904	0.010146765690035559	0.2880558638666307	0.44864453995786413	0.18386176095687903
0.1376717378140139	0.0651099740306533	0.0383989125824159	0.5927388794074839	0.16608049616543272
0.300142503663245	2.41359916640288E-4	0.1941193952162618	0.2005072580737691	0.30498948313008356
0.08625073448866433	0.1368982044609809	0.6937839931685097	0.026028069620100402	0.05703899826174463
0.4109741811444244	0.042737837813025814	0.20558072906767214	0.17346579599791245	0.16724145597696488
0.15866427942467323	0.09369962815848626	0.5984333881727097	0.12103628597781474	0.028166418266315857
0.28081257206047056	0.040341955992830164	0.13303790222008477	0.316775629516658	0.22903194020995626
0.47667528772971074	0.03409369168724871	0.13838227940040493	0.27641832536581495	0.07443041581682025
0.18916794505782897	0.1062711851878046	0.14516470883205296	0.17658691910429725	0.382809241818016
0.06917903544461709	0.08938861100084604	0.3437896098667071	0.33322639993570585	0.16441634375212374
0.27707388530720745	0.17616591692744876	0.14295787859774353	0.21825663938625361	0.18554567978134637
0.34247988698543574	0.05440743576300017	0.4120731731225438	0.1699113964708817	0.0211281076581383
0.2960009366171775	0.1537106562109516	0.27836275424605805	0.050220044642408895	0.22170560828340366
0.08905943740636516	0.16613771463693142	0.4191436722741085	0.13497055039761863	0.19068862528497615
0.23085387324172027	0.08744939538585217	0.4094782378756539	0.21362987177157022	0.05858862172520318
0.38416060499271837	0.035100090884494395	0.39605399509330474	0.030399636942859465	0.15428567208662264
0.3405405867368089	0.05869569962906113	0.015491341139738601	0.48212222832136237	0.10315014417302866
0.2547158522125211	0.027583021367435373	0.2653743913280173	0.3142104656724039	0.13811626941962213
0.24744207520082415	0.1289456733932239	0.1428673053058484	0.18376317337949105	0.29698177272061227
0.31596258642722735	0.01802860609659465	0.1217426669470851	0.23228832503142907	0.3119778154976635
0.034461730509159516	0.05218369397867087	0.3266871038387883	0.37086849229631125	0.21579897937707004
0.2306288792094334	0.07063454664197588	0.02692150492107298	0.45483995247046055	0.21697511675705686
0.39386897528492765	0.09292740526635339	0.07600388941456618	0.23497686442248075	0.2022228656116717
0.396734096428169	0.031213971822550757	0.03563164461382118	0.4482594710420654	0.08816081609339332
0.12532854481706435	0.037126457109563055	0.266650061581203	0.47227098183834865	0.09862395465382079
0.14793644878705042	0.03981000440339294	0.039408498921494256	0.5287665839978535	0.24407846389020882
0.21308699191033792	0.06560010934851843	0.380322309651432	0.24466343444020416	0.09632715464950725
0.26534533231104496	0.1084028980315258	0.028645396203321433	0.17456566258325615	0.4230407108708513
0.09450169811006204	0.15785971066964716	0.3033287672865248	0.405826206150956	0.03848361778280984
0.30676019869813087	0.15000438170465852	0.0395230815106582	0.4222003804101209	0.08151195767643121
0.5713235449864771	0.03136726514840807	0.007446740571281973	0.15344102086820682	0.23642142842562552
0.3208841188085927	0.13915487957393524	0.04552273990040548	0.16113357294299574	0.33330468877407055
0.172477051534566	0.02668419197099453	0.49254446916472705	0.22009473164127324	0.08819955568843893
0.2605630089962332	0.13178299280966138	0.28108054601525817	0.1511008351091301	0.17547261706971695
0.20518277106830313	0.045140262883686055	0.023878738069528116	0.673131760568713	0.05266646740976938
0.4264318239199692	0.1415426147434101	0.03766904622097625	0.10023842321612395	0.2941180918995202
0.7391728281576855	0.03858846755594686	0.12973212362135927	0.05653908377846967	0.035967496886538136
0.09963038326878863	0.16792303721185917	0.24696594533612787	0.4174102303936883	0.06807040378953591
0.10387870375470909	0.06289176571634769	0.2931537076641799	0.24131587041670235	0.29875995244806075
0.15680402214584138	0.05576405124240122	0.22920388343151596	0.37694978548148106	0.18127825769876021
0.12269191032546584	0.06744940502693494	0.12787274038794347	0.5925135449225406	0.08947239933711494
0.04061418031145664	0.16643077287435595	0.5736721922708341	0.17991400628416607	0.0393688482591871
0.040223364930695754	0.09702493765152435	0.4509624120896611	0.36469630026065425	0.047092985067464455
0.30839158099382424	0.01890580846377521	0.05316998130611986	0.43551657190580184	0.1840160573304786
0.19666898529622512	0.14260585373534385	0.08941496747382223	0.35276101865434784	0.21854917484026076
0.10062390566345719	0.05745066267370219	0.7381152095378782	0.022317023299074784	0.08149319882588743
0.33647516809825073	0.01612925898005424	0.05713723960037592	0.3985059264208602	0.19175240690045867
0.037208476417782715	0.09099894387032356	0.3994543150890085	0.30503091516845077	0.16730734945443432
0.056323554441228385	0.07035479183388338	0.062407034660208666	0.7616007007825455	0.04931391828213394
0.1883966967555192	0.08564847909517623	0.06919367945583288	0.4665439094527367	0.19021723524073478
0.562979568611039	0.15903105344542284	0.19245829972859374	0.008731331681450183	0.07679974653349374
0.13706553104472058	0.06044402992638159	0.5136880227831455	0.027341951010574572	0.2614604652351775
0.10431476567580178	0.0025181853924713116	0.806046557879243	0.0538325957870793	0.03328789526540443
0.13180600814771443	0.10049052348608158	0.3124727398254939	0.33177459894793904	0.12345612959277091
0.06543548620229936	0.015303355336187013	0.2658906787989217	0.6142133008748737	0.03915717878771802
0.28098229527090396	0.08952859838371195	0.014910465481164231	0.39993258391749975	0.21464605694671982
0.12304727112808378	0.0820199314150545	0.46816285548369274	0.28612478349008563	0.04064515848308323
0.07660835605712175	0.04112526939873759	0.4233200093380244	0.07627119115688215	0.382675174049234
0.5715400377240704	0.059681759394443534	0.2761650276647676	0.06803021103365028	0.024582964183067685
0.12311731946170625	0.15648172537075716	0.10871391135973822	0.4562952756627224	0.15539176814507583
0.04856664750373807	0.038734181376788385	0.37118378566249755	0.1680360147950648	0.37347937066191106
0.24312513227429833	0.16086216354419003	0.23152959790855424	0.12500140689828115	0.239481699374676
0.2667205955217091	0.05996992386295183	0.2729110539306905	0.1091288353825206	0.2912695913021277
0.305687459658214	0.09935307600508479	0.4082675244174008	0.028191664505581943	0.1585002754137182
0.43431373880036334	0.07386879685928507	0.119391215254228	0.35636991294763465	0.01605633613848856
0.19263606972404357	0.16112465349656602	0.3279268621712731	0.17483561970235884	0.14347679490575826
0.5396780968981653	0.021430272710170728	0.05626679760025666	0.007801552274060541	0.37482328051734637
0.21281457987461913	0.03974247882337162	0.3081825218609424	0.3670996316635901	0.07216078777747648
0.12998745784093832	0.00820484008806957	0.16062792906543485	0.40120098514952407	0.299978787856033
0.06314996082587929	0.10035156823990507	0.30484913652857937	0.23670583238789078	0.2949435020177454
0.18721419218581745	0.10615916566057623	0.029536086469178158	0.6010892155667222	0.07600134011770565
0.41780938093493114	0.10982214926265679	0.1382556507088413	0.2848349073312335	0.04927791176233695
0.3533244656711927	0.03753198276340555	0.3024221501978749	0.11096617655279056	0.195755224814736
0.715357797076446	0.0489933522863438	0.07021789669342951	0.12671537032900998	0.03871558361477023
0.5025995054432532	0.027013569541947585	0.14060791194642733	0.05892918564164315	0.27084982742672836
0.13884386251339542	0.011050572299598826	0.8167570117886326	0.01003411266857357	0.023314440729799435
0.24768093788652523	0.10855894339248569	0.004273088085823079	0.2162100413538862	0.42327698928127955
0.3194148812354426	0.07460513134579827	0.19599380905221794	0.07264761103516937	0.33733856733137146
0.04683345651378479	0.09629938835288637	0.1720047308037706	0.3651468836788864	0.31971554065067165
0.3366706153533644	0.11161025559974008	0.29556438401012547	0.10155382047397155	0.15460092456279823
0.11836182001098804	0.026255998949723136	0.05144627680867231	0.5147836577435483	0.28915224648706805
0.11887880722554531	0.0906624063562643	0.17793759531107178	0.4482297672220139	0.16429142388510456
0.608335298785273	0.10097016622227027	0.013522532726754466	0.23398724475622024	0.04318475750948153
0.5028519244432459	0.14278638090369306	0.11303463931494138	0.02815364652704097	0.21317340881107827
0.4960404723043369	0.0963891043037687	0.17384210456658916	0.21201594835158963	0.02171237047371516
0.3520376458818196	0.08536399158374733	0.41671718305774474	0.13383628733197464	0.012044892144713354
0.16397843943692617	0.06037236152041786	0.4937482650867877	0.12549794009841586	0.1564029938574522
0.12867297832795305	0.10005511023736742	0.013592224545387888	0.3378422620632761	0.4198374248260154
0.5024497830689683	0.11917635534258739	0.05782944676277468	0.07484968510952444	0.2456947297161448
0.3561076250702742	0.07225074957016245	0.40468778179171927	0.07300986290108571	0.09394398066675798
0.3852644316858236	0.1617997036522791	0.19482048761939358	0.08702777686008015	0.17108760018242325
0.23804690034485024	0.1755199980730424	0.20589520160049185	0.1060201544615662	0.2745177455200491
0.30443211007042614	0.143222554893348	0.1349271111924411	0.14342227377699596	0.2739959500667885
0.12130445020474478	0.08683382960907528	0.520653887870196	0.25569236859838707	0.015515463717596711
0.08222476883814431	0.17056620224944763	0.08479369181406886	0.27686365671657337	0.3855516803817657
0.2899322362969385	0.12455468329240418	0.2320324433049707	0.19670344291891928	0.15677719418676705
0.04641623245293203	0.1500525522199093	0.3246709841199071	0.10032919290572843	0.378531038301523
0.14640539401403727	0.059173478716836786	0.21034510561446168	0.29391908036780806	0.290156941286856
0.36321829341102335	0.09391491303489298	0.36786948869387853	0.08340992373171595	0.09158738112848894
0.48520573785246507	0.009546567710562948	0.05083974494189558	0.03796075863519069	0.4164471908598853
0.4045449197397759	0.1061663685248101	0.06756653507740792	0.4102956611250209	0.011426515532984793
0.13093576476083837	0.11655101731926965	0.44069054264509	0.03852571545384789	0.2732969598209539
0.16591198337774332	0.09373171306989164	0.0028394335398025106	0.4907168421433064	0.24680002786925598
0.16403051456218815	0.07212892935171047	0.3371591903032328	0.2065209820075515	0.2201603837753168
0.36127331380655053	0.003182361281673568	0.5826784242524141	0.018067598891644998	0.034798301767716394
0.46586157992568844	0.11570099665638867	0.3104133169504134	0.09887901619116848	0.00914509027634064
0.22238076036225293	0.004316361931115842	0.42415531341076	0.26924139473173414	0.07990616956413676
0.27127654762748565	0.0691481915133153	0.18833785559779734	0.22345554138100357	0.24778186388039788
0.24395701979107506	0.07214198381238157	0.3582217480100361	0.2031970268003255	0.12248222158618152
0.24629322901478157	0.17663963368548685	0.30933044659307046	0.141004860579378	0.12673183012728284
0.04734240617484889	0.04367979582293788	0.1963951753616713	0.5156153405263919	0.19696728211414996
0.38583896967600995	0.05529173420922967	0.017214106498193604	0.4171757128831255	0.12447947673344091
0.23831345291217462	0.03634348343419869	0.3890586788850421	0.044856333719453634	0.2914280510491307
0.6166581199769954	0.010372788762136487	0.18538921747855683	0.11293071475339189	0.074649159028919
0.04615325513515356	0.023579188804716572	0.0664431834861848	0.6998059178742762	0.1640184546996687
0.04116381651848178	0.15483979862855016	0.6122244067399558	0.04227172402490795	0.14950025408810413
0.3883677687335614	0.0415608906649616	0.33686760192380716	0.17546533753982846	0.05773840113784107
0.4532578673378882	0.02263751579067061	0.2996729318556469	0.14384369769814748	0.08058798731764641
0.050666104646703014	0.04588253770615158	0.10026148701874596	0.45289723137581295	0.35029263925258636
0.35385779896298764	0.008985336770929025	0.07105489840895035	0.4200867370279453	0.1460152288291874
0.10639712677452173	0.15082715328053134	0.32840470912267583	0.16138030672895964	0.25299070409331126
0.47667740777569795	0.028347152406507203	0.11275744047729934	0.10163099847516298	0.28058700086533217
0.19881696784905079	0.05007662482619715	0.3631019163383541	0.11562006192519046	0.27238442906120724
0.07083878453943904	0.036614791314712264	0.7823090920486903	0.0780514052351394	0.03218592686201893
0.26283426788877406	0.05883916970430042	0.5236733659436341	0.1297912605399884	0.02486193592330274
0.4967237795859053	0.1298730093955695	0.1689188215445417	0.05828331926679278	0.14620107020719025
0.205011292783447	0.05807222649322444	0.026980241030597374	0.34305889143595214	0.36687734825677876
0.16615481751724837	0.08431892521520538	0.07838635354580534	0.43387106248174323	0.23726884123999747
0.22948683559881844	0.03549392902855161	0.06657014837911965	0.4777184520315744	0.1907306349619356
0.5260142910643298	0.07887150800095122	0.06971347967572442	0.3085604077447134	0.016840313514280725
0.4569854248616088	0.04312227658657708	0.14428916636161226	0.18458821463501388	0.1710149175551876
0.05633595651681622	0.02006257465327363	0.3742095362713439	0.3341504196944389	0.2152415128641272
0.16051650800713227	0.052244845923720556	0.6643376670622472	0.06352413318644987	0.059376845820449914
0.09133061518329538	0.10143589417397672	0.17003193406378614	0.4869094469095359	0.15029210966940576
0.25988225571272106	0.0813505493081349	0.1376958747357396	0.36061979605997996	0.16045152418342423
0.08626396156836191	0.11458427047515098	0.04302566778289302	0.6709350201502136	0.08519108002338044
0.0508666327258791	0.14195818025695178	0.2799789140318762	0.16822548835654388	0.3589707846287489
0.1575444068210315	0.11295450614740274	0.054196457058402675	0.6251355311893827	0.050169098783780175
0.1334086523063464	0.04311007645977111	0.2983422470936522	0.1570692895752314	0.3680697345649987
0.6097187365273955	0.07289424592732693	0.011962395177367607	0.2082964220895191	0.09712820027839035
0.15167276606203722	0.136736453178479	0.08279877967621864	0.4140946707521924	0.21469733033107255
0.20874043989305407	0.0304167159882901	0.23144521272520374	0.13014596661232006	0.39925166478113183
0.4235568529495567	0.042914919372364746	0.11131122316270413	0.07988448322381651	0.34233252129155756
0.48507857796548565	0.02369464564313034	0.04894450386789784	0.36268964678552795	0.07959262573795775
0.21910159385005842	0.14262556197305937	0.1615307844211876	0.09854422975504953	0.37819783000064483
0.4080363967315619	0.17979767170677796	0.011879429492873239	0.33591646225319205	0.0643700398155945
0.786780686572417	0.027326798437187688	0.039144230920556744	0.013935655247111323	0.13281262882272665
0.13474739238108746	0.1610015493532964	0.3939600863460241	0.07942814506593084	0.23086282685366097
0.266624603932596	0.06675660370380782	0.49662364954720056	0.05819324910437662	0.11180189371201871
0.540452441874417	0.11823565513532219	0.012116832173726999	0.09034310227133059	0.23885196854520274
0.08796609861147406	0.1708450152627718	0.08588118447744045	0.3963495228751366	0.25895817877317695
0.5042878036385754	0.06509228099171332	0.2035636595745937	0.11444184937500185	0.11261440642011541
0.4650330105080778	0.1262260459268561	0.158235645161675	0.13692723403644497	0.11357806436694572
0.20593948118060143	0.05425227938394492	0.2801154866169513	0.2659411488728395	0.19375160394566265
0.5365286982550357	0.09120886035671183	0.11163993750332932	0.11097815729917045	0.14964434658575232
0.10198080072314832	0.1728749251902418	0.235328005374354	0.16794347561697248	0.32187279309528327
0.08012438575564174	0.14497794446571383	0.11072415692877924	0.414756105208969	0.2494174076408961
0.12883769286595348	0.17624508985573878	0.21499686431812032	0.2502223517004422	0.22969800125974502
0.1353923890293462	0.025112464800870427	0.5040662686761314	0.009143708421947255	0.3262851690717046
0.2541144851504701	0.15015639530945946	0.09712153239143377	0.3610547816610663	0.13755280548757015
0.07933369681746712	0.05527614499651279	0.8286115457388198	0.024628052397847378	0.012150560049352777
0.14402532879423852	0.04593342965169747	0.6067297096050175	0.2002847677382496	0.0030267642107967008
0.10689736600894639	0.07065920127197084	0.690768619530117	0.08688527496305047	0.044789538225915054
0.15083520145800977	0.0578258422552555	0.06039306132514377	0.6882733925526288	0.04267250240896203
0.24845698406115518	0.11945915521418125	0.1188841253059043	0.2380910974792639	0.2751086379394951
0.3613647092600818	0.14882165534794395	0.03573432009024108	0.30244551837805256	0.1516337969236803
0.24687638105232407	0.010099416313287035	0.47731054687967217	0.12143211297141027	0.1442815427833062
0.4562257247873757	8.851955759855978E-4	0.0030339755943139257	0.17141599085732195	0.36843911318500244
0.40061593219207203	0.10643877384791607	0.20376681777781605	0.2511392487645704	0.038039227417625165
0.1665342323992912	0.15378658652909777	0.4981368599516411	0.02035943535822457	0.16118288576174516
0.051825642880549805	0.01595386064099405	0.18916201803838098	0.3782692521099058	0.3647892263301693
0.30229908300186525	0.05031140619823185	0.23636103166372335	0.20502960462987777	0.2059988745063015
0.5655179381856924	0.01935051028284407	0.29991562877314015	0.033931777064485025	0.08128414569383793
0.23015803115247815	0.0991135234029262	0.5108551470694588	0.03645405122641726	0.1234192471487194
0.13593080686788842	0.05700472523441452	0.4530229728271015	0.06426155142554965	0.2897799436450457
0.293810884471024	0.06439138139293066	0.06457972825894845	0.20847826655690715	0.3687397393201894
0.3850329105919862	0.1786938040606705	0.15665132730086628	0.24317447448841037	0.03644748355806629
0.19257608869490084	0.09658320038458304	0.42506806901182903	0.16909757377211662	0.1166750681365703
0.1403755683920248	0.11825069866710704	0.4765244391017847	0.0650813666258426	0.1997679272132406
0.470433046052679	0.05489646678419638	0.1675809553904687	0.1795009541925266	0.12758857758012898
0.2895607070634187	0.003414179111420501	0.32810754399149045	0.1728420387932065	0.20607553104046356
0.19492218244420784	0.1369217372854612	0.014412240286284766	0.38457238733603394	0.269171452648012
0.11455626184705602	0.05166532660759382	0.010110476519319705	0.41000078112477356	0.41366715390125675
0.1950292580172894	0.06609101927579583	0.19530028998070864	0.2839615716367154	0.2596178610894905
0.2522617655536321	0.06761690035234524	0.05830130054761751	0.5553759581746394	0.0664440753717655
0.4894993659273603	0.17836871390404183	0.2209490039197147	0.024053571283012137	0.0871293449658706
0.09312538582100305	0.017970945235136676	0.018330973125050637	0.6829911910522148	0.18758150476659455
0.0739161952024438	0.14839036374217374	0.04410206339485101	0.40010184136288574	0.3334895362976456
0.4001997759558149	0.1066901965387708	0.15376758264219464	0.3083012181682676	0.031041226694951712
0.38656833277943276	0.07603356696104575	0.08392739572619963	0.2854472267733129	0.16802347776000862
0.07483550209376172	0.11101160496410033	0.03708608816673159	0.5824255228468342	0.194641281928572
0.04138347346076138	0.030686411303851024	0.04080201263584701	0.7527368648394106	0.1343912377601298
0.47917657358751553	0.1530311468776009	0.1337515515690157	0.1527109471138403	0.08132978085202726
0.11526432530520873	0.09697111912159904	0.23869184482154798	0.5161348062094704	0.03293790454217371
0.1889394025889069	0.15685843370446648	0.34118312880252455	0.06500472294399404	0.24801431196010776
0.30715531379318417	0.01145692564687431	0.05879345364002028	0.5291474393486275	0.0934468675712934
0.18883809858461859	0.06132445118155985	0.4812351255643837	0.17680279292257614	0.09179953174686153
0.269464724794093	0.14389792749789457	0.2685398809630741	0.2821345747517513	0.03596289199318675
0.6066630692740911	0.07931785637621253	0.018346824379803006	0.12997935459760612	0.16569289537228682
0.058433598973398754	0.02569321157876775	0.38824708561011984	0.5063992402379922	0.02122686359972137
0.2545934144468954	0.035787247441434855	0.07163650180444439	0.6273580783581356	0.010624757949089347
0.2553718514804363	0.13663739914849854	0.2708347213493639	0.2063453208932847	0.1308107071284163
0.6527291257032057	0.021259974142243787	0.0884785766883948	0.1346085487968826	0.10292377466927263
0.3432673455504207	2.0196916285261657E-4	0.22415590769581087	0.23555541015605658	0.1968193674348589
0.23056410846339787	0.023856419783901406	0.2613004963832337	0.2198264815909415	0.2644524937785253
0.4343271182283038	0.05667748194983607	0.17628619080474514	0.07074851176547875	0.26196069725163595
0.22005692694256443	0.1164737142395642	0.15972184448076182	0.43143788170156977	0.07230963263553955
0.11754082768929186	0.11097439950617977	0.33089616391508836	0.410054209576624	0.030534399312815874
0.08645506800313435	0.08371364532624966	0.4747674058706039	0.1848627057484526	0.17020117505155935
0.47615255553020297	0.07708005961790071	0.22982213779854532	0.10336652487377804	0.11357872217957259
0.32435962630364235	0.11555308364233613	0.014690952700038673	0.4361343080480612	0.10926202930592134
0.2759569707481139	0.11653467455508162	0.01826690561201591	0.5636362709680708	0.02560517811671756
0.28154592540752915	0.06686557679610494	0.018626082755181628	0.2337486473059575	0.39921376773522654
0.24931778739786364	0.10006204495310464	0.10219752307065977	0.4676359963348407	0.08078664824353096
0.18311456303419438	0.03336113608380395	0.5646888146334543	0.015444955390204324	0.20339053085834277
0.03625455978984121	0.09443416408913359	0.6932657941233076	0.07691621528614148	0.09912926671157607
0.0933510373011659	0.09952368993473658	0.5563912971717424	0.08528659779631839	0.16544737779603655
