0.3752198178640243	0.3754505627652954	0.24932961937068035
0.3752257404677684	0.3754470182509476	0.24932724128128408
0.3751965887592374	0.37544485159620455	0.24935855964455816
0.37522771139413547	0.3754655710247261	0.2493067175811385
0.37518777862075864	0.3754994563319062	0.24931276504733527
0.3752137915424475	0.3754679658574825	0.24931824260007013
0.3752166325954447	0.375510512359828	0.2492728550447274
0.3752481295477854	0.3754965137060044	0.24925535674621035
0.3752074900827898	0.3754834957586502	0.24930901415856013
0.375221210787643	0.37551037026724937	0.24926841894510773
0.37524930243029647	0.3754821335541627	0.24926856401554093
0.37525443964893407	0.3754802255352711	0.24926533481579496
0.37520653763155465	0.37550709726681414	0.24928636510163132
0.3752168442571509	0.3754928576367378	0.24929029810611142
0.3751990668065841	0.37549674235589336	0.24930419083752267
0.375191433288308	0.37551076192467314	0.24929780478701896
0.37525011078066006	0.3754870359359172	0.24926285328342285
0.3752245073645387	0.3755034720801789	0.24927202055528244
0.3752042840065612	0.375464846876192	0.2493308691172469
0.375237134664053	0.37550484628252057	0.24925801905342654
0.37524181548079183	0.3754641626785164	0.24929402184069185
0.37518920084057494	0.37549881727944173	0.24931198187998338
0.3751863765944126	0.3754433636876441	0.2493702597179434
0.3751890936713021	0.3754712406522785	0.24933966567641952
0.3752150566953065	0.3754980548451761	0.2492868884595174
0.3751955669141574	0.3754704713308285	0.24933396175501418
0.37523932425158013	0.37547600835144923	0.2492846673969707
0.37519331363107267	0.37544900212209453	0.2493576842468329
0.3752398065699095	0.37547852344058463	0.24928166998950593
0.3752110766993732	0.3754766811396444	0.24931224216098247
0.37523787004904424	0.37545700208792787	0.249305127863028
0.3751912511163452	0.3755053380588494	0.24930341082480545
0.3752467228721961	0.37547755569438745	0.24927572143341656
0.3751941314188241	0.3755103519612821	0.24929551661989396
0.3751852566141123	0.3755008680318288	0.24931387535405902
0.3751869337394595	0.375495114775235	0.2493179514853056
0.3752449466639478	0.37550830898504145	0.24924674435101085
0.3752114020012143	0.3754808322299466	0.24930776576883923
0.3752520506360326	0.3754685531103045	0.2492793962536629
0.37524924169643703	0.37544368620798385	0.24930707209557929
0.3752102163738138	0.3754714119872977	0.2493183716388886
0.3752415089643423	0.3754560099979129	0.249302481037745
0.3752429814929846	0.37544339884837136	0.24931361965864424
0.3751981480833706	0.3754584387029498	0.24934341321367967
0.3752166782680239	0.37549243330698107	0.2492908884249952
0.37519602414846165	0.37547161222725345	0.24933236362428496
0.3752080751051687	0.3755006556391427	0.24929126925568873
0.3752031950684834	0.3754997694924362	0.24929703543908055
0.3752199430131936	0.37550044321650977	0.24927961377029667
0.37521386384596367	0.3755153775775472	0.24927075857648923
0.3752421359456537	0.3754752173157871	0.24928264673855932
0.3752345202953885	0.37549067928083	0.24927480042378156
0.3751906960782727	0.37544254071848077	0.24936676320324663
0.375200145067716	0.3755009771610035	0.24929887777128062
0.37520455972158506	0.3754653626170015	0.24933007766141363
0.37521338786388475	0.37546568111127887	0.24932093102483646
0.37522909930310666	0.37550734227346516	0.24926355842342826
0.3752538334035091	0.37549751799951187	0.2492486485969791
0.3752077343308743	0.37549484413100115	0.24929742153812467
0.3752134750783091	0.375514059267545	0.24927246565414604
0.3751927645080945	0.37547695792081537	0.24933027757109022
0.3752557755320137	0.3755050484746376	0.24923917599334877
0.37521911656803686	0.3754635932801375	0.24931729015182574
0.3752186217258907	0.37548505860234654	0.2492963196717629
0.37521488127070046	0.37547571129852336	0.24930940743077623
0.37523525554721515	0.37548710703917987	0.24927763741360515
0.3752255099570061	0.3754448811896	0.24932960885339403
0.375256724940096	0.3755002865913939	0.24924298846851023
0.3752139030148322	0.3754535006718078	0.2493325963133601
0.3752304977306075	0.3754660108227527	0.24930349144663988
0.3752349619594083	0.37547912535261213	0.24928591268797964
0.3752448528054792	0.3754682886997078	0.24928685849481313
0.3752550590122251	0.3754956990498482	0.2492492419379268
0.37521073377156633	0.37551883909624817	0.2492704271321856
0.37521721751289405	0.3754879008003362	0.2492948816867698
0.37523039868629987	0.37546640439958073	0.2493031969141195
0.3752514527760172	0.37547646573341115	0.24927208149057178
0.3751909919333182	0.37546249451301883	0.2493465135536631
0.37521402244124846	0.375459490224586	0.24932648733416563
0.3752149364388729	0.37544500395035274	0.24934005961077454
0.37525105886841315	0.37545745980222434	0.24929148132936269
0.37522296877763367	0.37546951329700023	0.2493075179253662
0.37524481187338976	0.3754652797471778	0.24928990837943257
0.375187763051009	0.3754754728434693	0.2493367641055218
0.3752368739416237	0.3755019553153464	0.24926117074302998
0.3752526558483279	0.3754915563589717	0.24925578779270052
0.37522825789508474	0.37546776676900806	0.24930397533590729
0.37525722501400416	0.3754956264610345	0.24924714852496146
0.3752100878167586	0.3754730101221395	0.24931690206110202
0.3752074404930596	0.37544431654382887	0.24934824296311164
0.3752081719491276	0.3755185774429157	0.24927325060795683
0.37523785871167425	0.37545112049763635	0.2493110207906895
0.37525250116261144	0.37546853293855476	0.2492789658988339
0.37520670026376207	0.3754507908938572	0.24934250884238085
0.3752275041664093	0.37545928410268153	0.24931321173090928
0.3751903789379878	0.37551763329488475	0.24929198776712752
0.37522521500139444	0.3754555616662908	0.24931922333231488
0.3752487780558421	0.3754956126379079	0.24925560930625007
0.37522140504550594	0.3755115606894027	0.24926703426509145
0.37524058479828015	0.3754832048747693	0.24927621032695066
0.37521157433152724	0.3754901202621601	0.24929830540631276
0.37523865836514225	0.3754846234303985	0.24927671820445935
0.3752538792134238	0.37548251533764787	0.24926360544892845
0.37520081954813933	0.37548738835490053	0.24931179209696022
0.37524829300273	0.3754770015886374	0.24927470540863272
0.37519658010037615	0.37548325119066794	0.24932016870895604
0.37520912715877097	0.37549891769871635	0.24929195514251282
0.37519118635794313	0.37546733046250214	0.24934148317955482
0.37520878410310593	0.37549373457119956	0.24929748132569463
0.3751907999046766	0.37551405356508666	0.24929514653023688
0.37525988611245137	0.375455562413487	0.24928455147406178
0.37519986345828915	0.3754977290174517	0.24930240752425922
0.37524453919117107	0.37550868471350957	0.2492467760953195
0.37523072925037215	0.37546595596643445	0.24930331478319348
0.3752004026323054	0.3755159600102696	0.2492836373574251
0.37523521416460226	0.3754599869270468	0.24930479890835106
0.37521824793115427	0.3754637765016401	0.2493179755672057
0.3752368035249756	0.37544379366167	0.2493194028133544
0.3751953178842085	0.37544827614860526	0.24935640596718633
0.37523056712174246	0.3754526501909219	0.24931678268733576
0.3752097767209722	0.375494704641751	0.2492955186372769
0.3752119187330906	0.3754456257105443	0.2493424555563652
0.37518675527066153	0.375499713874044	0.24931353085529456
0.3752494704950473	0.3754996368422845	0.24925089266266837
0.3752032786695181	0.3755086426666882	0.24928807866379382
0.37525374906652	0.3754863906229632	0.24925986031051695
0.3752555341028949	0.3754925445085931	0.24925192138851215
0.3752052231683437	0.3755069641272469	0.24928781270440953
0.37526036218685743	0.3754745610105282	0.24926507680261448
0.37522130954057564	0.37548512888218327	0.2492935615772412
0.3752048799670946	0.37550532676892323	0.24928979326398232
0.37524946579889173	0.37549134675164164	0.2492591874494667
0.3752426047371214	0.3755089169486676	0.2492484783142111
0.3752558016613854	0.37544300601667613	0.24930119232193856
0.37523468245395786	0.37550536874058715	0.2492599488054551
0.37522719604155397	0.3754759614095896	0.2492968425488565
0.3752023254346995	0.37549168307581604	0.24930599148948462
0.3752568329983729	0.3754771936103995	0.24926597339122764
0.37518902596285125	0.3754943153647683	0.24931665867238056
0.3752339347835413	0.3754610646064461	0.24930500061001273
0.37526010337434945	0.3754912280259142	0.24924866859973643
0.37525175284119583	0.37550112491070664	0.24924712224809764
0.37522910454353153	0.37546876473731045	0.24930213071915813
0.3752203081916089	0.3755082788127042	0.24927141299568695
0.37524244393753337	0.37546156936376224	0.24929598669870448
0.37522570724769333	0.37544374735402114	0.24933054539828567
0.37520952054757656	0.37548539141276394	0.24930508803965962
0.37525656447219036	0.37546896125587126	0.24927447427193844
0.3752580779377095	0.37546969936223124	0.24927222270005941
0.3752055582849104	0.37547107794494095	0.2493233637701487
0.37525017381931297	0.37546538841075583	0.2492844377699313
0.37519263646541096	0.37547749464042823	0.24932986889416098
0.3752254490442065	0.3754983483453959	0.24927620261039768
0.3752248003752724	0.375443263479503	0.2493319361452247
0.37525214600715495	0.37551625815217315	0.249231595840672
0.375245232570148	0.3754749609654469	0.24927980646440517
0.3752014045980341	0.37550103247296435	0.24929756292900168
0.3752052180283928	0.3755009207804548	0.2492938611911525
0.3751934865596622	0.37550757892339504	0.24929893451694288
0.37525557789869385	0.3754658047855348	0.24927861731577144
0.37522906936378536	0.3754617936863551	0.24930913694985962
0.37519260418890876	0.37549696424458057	0.24931043156651075
0.3752427106912604	0.3754432770347117	0.24931401227402802
0.3752170937739786	0.37551582527942623	0.24926708094659528
0.3751970573698474	0.37549988271267903	0.24930305991747373
0.37523795979174523	0.3754951027615533	0.24926693744670161
0.37520422907506845	0.3754825271691697	0.24931324375576203
0.375185098907592	0.3754955392455606	0.24931936184684747
0.3752063046543707	0.37548268056150147	0.24931101478412793
0.3752107158449269	0.37547313988747	0.2493161442676032
0.37520665224746175	0.3754621361598165	0.24933121159272184
0.375219580287095	0.3755160534100512	0.2492643663028539
0.37523088600957166	0.37550662373795046	0.24926249025247793
0.3752469545763087	0.37547924074491534	0.24927380467877608
0.37525227161116126	0.37547762259552037	0.24927010579331849
0.37522066402885057	0.3754567667600106	0.24932256921113893
0.375209077109659	0.3754657736053054	0.2493251492850357
0.3752431294090898	0.37549813616214367	0.24925873442876664
0.37525231990027325	0.37549813641129315	0.24924954368843366
0.37523144802746305	0.3754954748655993	0.24927307710693775
0.37525803248009926	0.37548651187620896	0.2492554556436919
0.37522750022161405	0.37548670717974464	0.24928579259864142
0.3752086453534841	0.3754835685327405	0.24930778611377552
0.37525028765615753	0.3755144419124813	0.24923527043136126
0.3751878609814556	0.37547001931696633	0.24934211970157816
0.37524397226420464	0.37546331181325665	0.24929271592253888
0.3752163664742113	0.3754731810070761	0.2493104525187127
0.37524329911444243	0.3755173963276146	0.24923930455794308
0.3752570305802269	0.3754983044674737	0.24924466495229947
0.375217628046691	0.3754612863184552	0.24932108563485383
0.3752223893402552	0.37549088849624024	0.24928672216350461
0.37523083970069254	0.37545259996457236	0.24931656033473515
0.3752113777508806	0.37546642858105317	0.24932219366806638
0.3752361237690211	0.37551885514701466	0.24924502108396435
0.3752112806387763	0.3754878862019221	0.24930083315930168
0.3752352570667144	0.37548748222108785	0.24927726071219786
0.3752209303477873	0.37548590837622414	0.24929316127598866
0.3752072342154606	0.37546219312862217	0.24933057265591735
0.37520818738875644	0.37544942451645746	0.2493423880947862
0.37520758468719545	0.3754894338497206	0.24930298146308405
0.37519505572102885	0.37544916526245875	0.24935577901651246
0.37523969227229886	0.37548499142975583	0.24927531629794544
0.37524029231904077	0.37550983606992194	0.2492498716110374
0.3752364903156716	0.3754840071386115	0.249279502545717
0.3752111783566777	0.37547381875524416	0.2493150028880782
0.3752596377727902	0.3755035545707524	0.2492368076564575
0.3752527388209745	0.375492471744109	0.24925478943491666
0.37520254714814605	0.3754762671387692	0.24932118571308487
0.37518665663989564	0.37545353122972125	0.2493598121303832
0.3751954719051974	0.3754647923410443	0.2493397357537584
0.37520518762861577	0.37546666499474884	0.2493281473766355
0.3752093393949224	0.3754849173319156	0.24930574327316207
0.37520581242685036	0.3754904372459875	0.24930375032716223
0.37525111956890916	0.3754982282082273	0.24925065222286363
0.37522171272959576	0.3755049770041208	0.2492733102662836
0.37521910672052633	0.3754688366529853	0.2493120566264885
0.37520198374241037	0.375498766116328	0.24929925014126175
0.3751888149403062	0.375467802093413	0.2493433829662809
0.3752429945738581	0.37548316697492723	0.24927383845121476
0.37523294396606566	0.3754565999275638	0.2493104561063707
0.3752515799732172	0.375516157586427	0.2492322624403559
0.37525817063889233	0.3755035865562562	0.24923824280485157
0.3751876633662911	0.37550840814651837	0.2493039284871906
0.3752334497383816	0.37547433053809204	0.2492922197235265
0.37519747099365675	0.37548776665756256	0.24931476234878075
0.3752159441030299	0.3754451348165241	0.24933892108044614
0.37518870622761324	0.3754507095887346	0.24936058418365226
0.37525218075621486	0.37551468006464916	0.2492331391791361
0.37524249984330876	0.3754619664619799	0.24929553369471147
0.37523464700695613	0.375517606469985	0.249247746523059
0.3752211829402956	0.37544584396192454	0.24933297309777994
0.37524560589540407	0.3754861786209289	0.24926821548366718
0.3752412908265528	0.3754580196700399	0.24930068950340742
0.3751955216880882	0.37546306110521643	0.24934141720669548
0.3752575216337194	0.3754511782667847	0.24929130009949604
0.3752358701860034	0.3754970216976189	0.24926710811637787
0.37520244384673257	0.3754632441279434	0.24933431202532413
0.3752328096578693	0.37547843380588697	0.2492887565362438
0.37525101539905514	0.3754583955523224	0.2492905890486226
0.37520626418242836	0.37545695235602333	0.24933678346154842
0.37523932375978486	0.37550339333101135	0.2492572829092039
0.37526066657676	0.37549837688550347	0.2492409565377366
0.3752229135422648	0.3754802245467061	0.24929686191102923
0.375185265836257	0.37551143740235887	0.2493032967613842
0.3752380683626204	0.3754672352118897	0.24929469642549
0.37520538456064745	0.37550400149149443	0.24929061394785823
0.37524648476872163	0.37546818142357474	0.24928533380770374
0.37525611512907253	0.3755115466804178	0.24923233819050974
0.37526026722024597	0.3754969466747513	0.2492427861050029
0.37521685767522095	0.37549486155897016	0.249288280765809
0.3752253214054875	0.37548344602931155	0.24929123256520108
0.37519945286836665	0.3755055065407488	0.24929504059088467
0.37521835280491683	0.37548170912595535	0.24929993806912792
0.3752021994542419	0.3754434163638988	0.24935438418185946
0.3752084712759753	0.37549894498153075	0.24929258374249402
0.3752064445594596	0.37548442091241163	0.24930913452812886
0.3752269232022361	0.375502087984601	0.249270988813163
0.37522547957411384	0.37551400480637337	0.2492605156195129
0.37524168680882447	0.3754960666699758	0.2492622465211998
0.3752405318746953	0.37546924312306373	0.24929022500224113
0.3752418739941276	0.37548684364962276	0.24927128235624968
0.3751867438822391	0.375475182336592	0.24933807378116904
0.3752380451370024	0.3754422805191276	0.24931967434387015
0.37519920568730547	0.37546441272817394	0.2493363815845207
0.3752341130350029	0.3754815434437614	0.2492843435212358
0.3751896220477091	0.3755114598530049	0.24929891809928612
0.37524703821200306	0.37548635530921515	0.2492666064787819
0.37520640383035153	0.37546503948021615	0.2493285566894325
0.375190114410987	0.37544691185115375	0.24936297373785932
0.3752496899739698	0.37549139116840274	0.24925891885762758
0.3752177273901883	0.3754806363135527	0.24930163629625907
0.3752136246518769	0.3754649417397054	0.2493214336084178
0.37522946214938635	0.3755077444026598	0.24926279344795393
0.3752378960187195	0.37545147707828386	0.24931062690299677
0.37523559867128453	0.37548150634283256	0.249282894985883
0.37521931172705436	0.37550842200318013	0.24927226626976562
0.3751912094838911	0.3754658922237625	0.24934289829234646
0.37520790088775846	0.37544288445192614	0.24934921466031554
0.3752398554375394	0.3754962545736666	0.24926388998879406
0.37520672498112484	0.3754454041638051	0.24934787085507015
0.3752134553733822	0.3754550421042917	0.24933150252232622
0.3752091573531167	0.3754800189503277	0.24931082369655572
0.3752356237618186	0.37549741784536683	0.24926695839281465
0.37523623230382674	0.37549355314902	0.24927021454715337
0.37520955100508757	0.3754796206130242	0.2493108283818883
0.3752177950043076	0.3754625341339716	0.24931967086172094
0.3752007140259781	0.37549137469728977	0.24930791127673219
0.3751916969038558	0.37548555095383884	0.24932275214230548
0.3752591655313684	0.37549765054365375	0.24924318392497796
0.37525842480781657	0.37551084181116845	0.2492307333810151
0.37519392828576553	0.3754437368776722	0.24936233483656245
0.37525477855471223	0.3754671566707326	0.24927806477455525
0.37525696157636584	0.3754492516290532	0.24929378679458106
0.3752279663501982	0.37546788638292217	0.24930414726687972
0.3752104067922862	0.37544550619543865	0.24934408701227526
0.37522980226975067	0.3755038473881397	0.2492663503421097
0.37525214473425605	0.37551333962292766	0.2492345156428164
0.3752162885958659	0.3754692302266725	0.24931448117746172
0.3752117035530529	0.3754864311858861	0.24930186526106113
0.375260770603316	0.37550101568358146	0.2492382137131027
0.3751912671900576	0.3755160207554277	0.24929271205451484
0.3752249772173006	0.37546694475969167	0.24930807802300786
0.37523102636750655	0.3755019426093272	0.24926703102316639
0.37522524184483597	0.37545076913766695	0.24932398901749725
0.3752009753547991	0.3754895669134065	0.24930945773179447
0.37518827185676046	0.37549899013786237	0.2493127380053773
0.37519156354117256	0.3754677141180172	0.24934072234081034
0.3752182232713059	0.37548552824431936	0.24929624848437493
0.3752242759094611	0.37550993474829425	0.24926578934224478
0.37524520099294045	0.3754876029995531	0.24926719600750658
0.37523621395431334	0.37548738934037873	0.24927639670530807
0.3752268552316318	0.37549290718962997	0.24928023757873835
0.37523788087331117	0.37544204374926304	0.24932007537742584
0.37518821883224523	0.37548286102165107	0.2493289201461038
0.37520966464560235	0.37546125602256797	0.2493290793318298
0.3752205393230596	0.37544719720827036	0.24933226346867016
0.3751914846440964	0.3754973913131581	0.24931112404274558
0.375248905911623	0.37548501391120215	0.24926608017717494
0.37523868425687107	0.37551294883523295	0.2492483669078961
0.37520953228267856	0.3754732696182018	0.24931719809911973
0.37520895942887383	0.3755042727572861	0.24928676781384015
0.375188552636935	0.3755107430864592	0.2493007042766059
0.37525184647606885	0.37546052390316875	0.2492876296207625
0.375215002497115	0.37547650779007474	0.2493084897128104
0.3752438279086714	0.3755172031143089	0.2492389689770198
0.3752023279548618	0.3754625597093273	0.249335112335811
0.37520103568754404	0.3754921703630034	0.24930679394945263
0.3752079099424272	0.3754636232749536	0.24932846678261933
0.37524963643270787	0.3754457157828876	0.24930464778440464
0.3752532833253065	0.37551302894355143	0.24923368773114218
0.37521862607303264	0.3754753811987162	0.24930599272825124
0.37523578931580026	0.37550516723770644	0.2492590434464934
0.3751922487703659	0.3754685282535926	0.24933922297604164
0.3752046589589711	0.375483911690332	0.249311429350697
0.3752098654687761	0.3754910709837765	0.2492990635474475
0.3752524409175267	0.3754564652093132	0.24929109387316023
0.3752359785184813	0.375477543081171	0.2492864784003478
0.37522071612265967	0.3755181742161491	0.24926110966119136
0.3752393227714926	0.3754507577465099	0.24930991948199765
0.375252406549587	0.37544675629172397	0.24930083715868906
0.3752240273999992	0.37549086233963497	0.24928511026036593
0.37523367632020366	0.3754686254252191	0.24929769825457734
0.3752157673341667	0.37548581279717336	0.24929841986866003
0.3751857291680746	0.3754756386897454	0.2493386321421801
0.37523982472843886	0.3754712781828983	0.24928889708866292
0.37524913297218077	0.3754815184967253	0.24926934853109406
0.37524328581176153	0.3754665623107776	0.249290151877461
0.3752159480896025	0.3754614514804499	0.2493226004299477
0.37519267315169724	0.3755025163207817	0.24930481052752118
0.375202719791706	0.37548925343842854	0.2493080267698656
0.3752270788834723	0.3755040524594876	0.2492688686570403
0.3752583848217906	0.37548997741557	0.24925163776263953
0.37524696575788674	0.3754828750981563	0.24927015914395706
0.375200428891602	0.37544651447292227	0.24935305663547586
0.3752299328980694	0.37544968017717373	0.24932038692475703
0.3751944766675509	0.375478606643066	0.24932691668938328
0.375227652617553	0.3754672509033658	0.24930509647908136
0.37524438325023435	0.37545126508203286	0.2493043516677329
0.375190505213037	0.3754669823049884	0.24934251248197475
0.3751959000047185	0.37547507979052436	0.2493290202047573
0.3752457486284407	0.3754484180781865	0.2493058332933729
0.37522798324263035	0.3754786202522688	0.249293396505101
0.3752547159852678	0.37547735212277056	0.24926793189196178
0.37522773968723466	0.375488107820049	0.24928415249271646
0.37524602460639256	0.3754764927403469	0.2492774826532606
0.3751997541306424	0.37545549975677217	0.24934474611258559
0.37520269303975884	0.3754837762083515	0.24931353075188975
0.3752357930976114	0.3754453197597735	0.2493188871426152
0.37522458606845954	0.37551739488248964	0.24925801904905093
0.37524827468138233	0.3754880671890159	0.24926365812960188
0.37525903191455723	0.3754876255821864	0.24925334250325643
0.3752313962327639	0.3755111715631254	0.24925743220411076
0.3752496285331252	0.375457277970107	0.24929309349676798
0.3752107896072086	0.3754808792531057	0.24930833113968578
0.3752031274545654	0.37549697042337143	0.24929990212206327
0.37523247533386117	0.37548509807452385	0.2492824265916151
0.37519873069471776	0.3754630540742704	0.24933821523101196
0.3752363897958845	0.37550651684504405	0.24925709335907165
0.37525267994052475	0.37547099648259585	0.24927632357687945
0.375200419239033	0.3754716318681307	0.2493279488928364
0.3752499627018143	0.3754806048830791	0.24926943241510668
0.37524060816564314	0.3754818178942473	0.2492775739401097
0.3752560573804677	0.37546317984425015	0.2492807627752823
0.37520579895771755	0.37548822933188564	0.24930597171039692
0.3752257732588713	0.37549141003309605	0.2492828167080327
0.3752296507871434	0.375501550373626	0.24926879883923078
0.3752432073150949	0.375476200028902	0.24928059265600322
0.3752224543577085	0.3754983293767173	0.2492792162655743
0.3752117484294384	0.37548526065283483	0.2493029909177269
0.3752256713785678	0.3754433756034445	0.2493309530179878
0.37524496195589285	0.3754480643124348	0.24930697373167246
0.3751972685708197	0.37550820123350603	0.24929453019567435
0.37524812570277366	0.37549839216526837	0.24925348213195808
0.37520732881078545	0.3754677236245963	0.24932494756461837
0.3752292182545974	0.37545109956359746	0.24931968218180525
0.3752341368123203	0.37547262335558884	0.2492932398320909
0.37525379197116876	0.37544888151722033	0.249297326511611
0.3752377244303067	0.3755177281960826	0.24924454737361082
0.3752113487899473	0.3754430616370417	0.24934558957301112
0.37523114306902333	0.3754462453269492	0.24932261160402758
0.37521897757776473	0.37550686559661084	0.2492741568256245
0.37519092690636197	0.37550455069100985	0.24930452240262835
0.37519701493853663	0.3754420443307959	0.24936094073066756
0.3752460945202036	0.3755170962052941	0.24923680927450242
0.375210846712182	0.37546009296704275	0.24932906032077534
0.37525614130532986	0.37549493066085926	0.249248928033811
0.37522520273703575	0.3754846173141438	0.24929017994882058
0.3751914581513556	0.3754740470727517	0.2493344947758928
0.37519335653866104	0.37549595648248785	0.24931068697885123
0.37520480502378084	0.37545833225812125	0.249336862718098
0.3751894087410269	0.3754895536715418	0.2493210375874314
0.37522982501384905	0.37551328943890133	0.24925688554724976
0.37523826773482266	0.3755094457778176	0.24925228648735986
0.37525217610895273	0.3754455537895235	0.24930227010152387
0.375254670767147	0.3754961452780766	0.24924918395477647
0.3751922420589768	0.37550923387031593	0.2492985240707074
0.3752384839825297	0.37551842170547817	0.2492430943119923
0.375209988646534	0.37550712984383117	0.24928288150963498
0.37518510582813236	0.37551060151105764	0.24930429266081017
0.37521448051867057	0.375458873735002	0.24932664574632754
0.3752503029344893	0.3754705144891951	0.2492791825763157
0.37522183695935896	0.3754896778447676	0.2492884851958736
0.3752106261165843	0.37544258464986313	0.2493467892335527
0.37523193730407817	0.3754602577596108	0.24930780493631116
0.37524989927504254	0.3754954250750055	0.24925467564995207
0.3752211669365209	0.37549578398703065	0.24928304907644855
0.37522412977287095	0.3754558523554816	0.24932001787164754
0.37518524522915453	0.3754625983332674	0.24935215643757813
0.3752359424865071	0.37545788019804976	0.24930617731544324
0.3752022375623941	0.37550385380241236	0.24929390863519363
0.37522260770572596	0.37545039058880336	0.24932700170547079
0.3752284849144551	0.3754894888043102	0.2492820262812348
0.37521696026592954	0.3754944862390568	0.24928855349501378
0.37518748171017285	0.3755132137265679	0.24929930456325938
0.37525211092504834	0.3755169089116565	0.24923098016329526
0.37525359296645583	0.3754599878934301	0.24928641914011418
0.37518986086008715	0.3755043583118839	0.24930578082802907
0.3752553985665861	0.37547062963598804	0.249273971797426
0.3752278485477658	0.3754713778263643	0.24930077362586997
0.37520082849841907	0.37544930374052055	0.24934986776106055
0.37522436816057453	0.3754552326677489	0.24932039917167675
0.37522873846913674	0.37548923619135316	0.24928202533951022
0.37525994116310857	0.3755061623942284	0.24923389644266314
0.37524166668219816	0.37546322055899817	0.24929511275880378
0.375244897178618	0.37550019456446593	0.24925490825691624
0.37521587257379313	0.3754969476292714	0.2492871797969356
0.3751850320187188	0.37547692158584145	0.24933804639543986
0.3752339706914023	0.3754912898578314	0.2492747394507664
0.3752429098054157	0.37545512584612484	0.24930196434845958
0.37522105035943004	0.37546162980019604	0.24931731984037397
0.375216682596746	0.3754806184560948	0.2493026989471593
0.37522743105789447	0.37550057903745304	0.2492719899046526
0.3751871961054536	0.37545898799846056	0.24935381589608596
0.3752143436312844	0.37545685713067106	0.2493287992380446
0.3751953461918932	0.3754986676039065	0.24930598620420044
0.37523531057500936	0.37547026366289027	0.24929442576210048
0.37523560902524605	0.37549638850709555	0.2492680024676585
0.37519583066283263	0.37551212809589846	0.249292041241269
0.37520040071254973	0.37545191796581473	0.24934768132163565
0.37520356965272966	0.37551884560006155	0.2492775847472089
0.3752445291015935	0.37550491899777005	0.24925055190063652
0.37523443506228177	0.3754816201717496	0.2492839447659688
0.3752507498023668	0.3754992309244178	0.24925001927321555
0.3752111062540432	0.3754575005544027	0.24933139319155423
0.375224528605202	0.3754892961967611	0.249286175198037
0.37523625552437745	0.3754911389336022	0.2492726055420204
0.37522959391056715	0.3754735026653585	0.24929690342407443
0.3752172548176198	0.3754812161359242	0.24930152904645608
0.3752340433774579	0.3754870124034123	0.24927894421912988
0.3752397665760052	0.3754548167516962	0.2493054166722987
0.37521950828793754	0.37547725664390563	0.249303235068157
0.37519356647372787	0.3755093297492214	0.24929710377705083
0.3752430933109427	0.3754575164243803	0.24929939026467715
0.37521124836514375	0.3755017968590437	0.2492869547758126
0.37524885053976	0.3754612121173906	0.2492899373428496
0.3752065375112962	0.3754929039941946	0.24930055849450933
0.3752007139195574	0.3754521842906626	0.2493471017897801
0.37520881899138364	0.3755077606622862	0.2492834203463303
0.3752287374091151	0.37550239896557036	0.2492688636253146
0.37523306903709097	0.37546814892145364	0.2492987820414555
0.37525582571140137	0.3754732342855579	0.24927094000304084
0.37523845735169353	0.37544917788959303	0.24931236475871354
0.3752327558824625	0.3755114882308186	0.249255755886719
0.37520419627601387	0.3754724998269627	0.24932330389702353
0.37518877024217306	0.3754640056285113	0.24934722412931576
0.37518681586643277	0.37548136725084197	0.24933181688272538
0.37522895054790123	0.3755010945753747	0.24926995487672413
0.3752212152514605	0.3755007765294926	0.249278008219047
0.3752171625286229	0.37548265717810253	0.24930018029327464
0.3751864821809364	0.37545580039250326	0.24935771742656043
0.3752297488248897	0.37545094367666526	0.24931930749844514
0.3752052131132362	0.3754423513125901	0.2493524355741739
0.37519969056108793	0.37545157418477576	0.24934873525413645
0.3752327174032778	0.37546166518706603	0.2493056174096563
0.3752091854094494	0.3754988026811432	0.24929201190940747
0.3752017988762715	0.37546103895785043	0.2493371621658782
0.3751955397922322	0.37547161972875337	0.24933284047901455
0.3752021483144217	0.37546419671911246	0.2493336549664659
0.37519994332164724	0.3754889829833323	0.2493110736950206
0.3751984360076048	0.3754880768069625	0.24931348718543286
0.37520597577587506	0.37549764491669935	0.24929637930742568
0.3752040511844747	0.3755063983437855	0.24928955047173984
0.3752102187612949	0.37545594934116583	0.24933383189753935
0.3752097064887354	0.3754974262484199	0.2492928672628448
0.3752386974100824	0.37547931261842205	0.2492819899714956
0.3752271266759315	0.3754975324158248	0.2492753409082438
0.3752305665857708	0.3754446111216382	0.2493248222925911
0.3752435143214257	0.3754988247762977	0.2492576609022767
0.37521926046712784	0.37550360032268115	0.24927713921019118
0.3752082503170237	0.3755026039347047	0.2492891457482717
0.375195392477667	0.3754429787854228	0.24936162873691028
0.37522162532063696	0.37546353768829493	0.2493148369910682
0.3752503560475128	0.37546605626042273	0.2492835876920646
0.3752332206163843	0.37551339545990614	0.24925338392370971
0.3752078488505792	0.37547583654238864	0.2493163146070323
0.37524798008364924	0.3754567240623806	0.2492952958539703
0.37520523030072356	0.3754854837175301	0.24930928598174645
0.3752265058560134	0.3754732967878113	0.24930019735617545
0.375235757600621	0.3754603773707102	0.24930386502866894
0.37525719597632634	0.3754547941212986	0.2492880099023752
0.37523128041744985	0.3754745493519352	0.24929417023061506
0.3751856429588597	0.3754816856710714	0.249332671370069
0.37519272263026626	0.3755029296171122	0.24930434775262164
0.3752069018848029	0.3755189846947142	0.24927411342048306
0.37520013553504855	0.375470681827607	0.24932918263734458
0.3752607032727042	0.37544281073262453	0.2492964859946713
0.3752089261484465	0.3754706313555792	0.24932044249597446
0.37524472993591856	0.3754785989401701	0.2492766711239114
0.3751934328106574	0.3754555682606045	0.24935099892873822
0.37518637842133123	0.3754770527102943	0.24933656886837452
0.3752385841770065	0.3755082438206353	0.24925317200235828
0.3751894325203542	0.3754980469587227	0.24931252052092326
0.3752270960899503	0.3754808974935075	0.2492920064165423
0.3752060291389338	0.3755175780419551	0.24927639281911118
0.37524059181754543	0.37545430492615683	0.2493051032562979
0.37521319188819025	0.37544647408977494	0.24934033402203493
0.37521742746994313	0.3754749718408513	0.24930760068920568
0.3751948612643179	0.37547387578113994	0.24933126295454233
0.37523315769455845	0.3754512488380825	0.2493155934673592
0.3752546989420171	0.3754808882044365	0.24926441285354656
0.37525555031035507	0.3754880008950812	0.24925644879456382
0.37519974002809336	0.3754655584395476	0.24933470153235915
0.37520764873178475	0.3754856975340395	0.24930665373417593
0.37522542076185256	0.3754557081424841	0.24931887109566347
0.3752159730381466	0.37546978637617423	0.24931424058567925
0.3752415088573513	0.37546505405957376	0.24929343708307503
0.37523482292088584	0.3754466829781264	0.24931849410098786
0.3752609089925952	0.3754679514096695	0.24927113959773545
0.37522611701755076	0.37551326846580735	0.249260614516642
0.3752369156967098	0.37546948858274415	0.24929359572054616
0.3752024116302483	0.37550187154670284	0.24929571682304896
0.3751949470064262	0.37547525268073345	0.24932980031284047
0.3751895321810095	0.37550043849930553	0.24931002931968513
0.37518981377408994	0.37548462689108447	0.2493255593348257
0.37520995779031496	0.3754849213097447	0.24930512089994045
0.3752277533526892	0.37545075572857384	0.24932149091873707
0.37521342692411713	0.3754522060576117	0.24933436701827127
0.37518824294590186	0.3754485019845974	0.24936325506950086
0.37520215122521794	0.37551893961672944	0.24927890915805273
0.3752002950273631	0.37548216830213055	0.24931753667050646
0.3752002215322544	0.375495967040533	0.24930381142721264
0.3751992450837199	0.3755148328091732	0.24928592210710704
0.37518570667289175	0.37546464985474626	0.2493496434723621
0.37526006013707985	0.37551260288670113	0.24922733697621913
0.3752254196215594	0.37547364245070575	0.24930093792773494
0.37522746397463863	0.37545123425415877	0.2493213017712027
0.3752183397024059	0.37549788876695644	0.2492837715306378
0.37522866741459704	0.3755103371216389	0.24926099546376418
0.37521279724994694	0.3754536414244402	0.24933356132561296
0.3752158625746664	0.37549067825765303	0.2492934591676807
0.37524941050077026	0.37548063165036505	0.24926995784886483
0.3752599895421584	0.37547709827544606	0.24926291218239563
0.3752503586315661	0.37548454068835696	0.2492651006800771
0.3752503123991478	0.37551386471689996	0.24923582288395235
0.37525657508648147	0.37548935221935853	0.24925407269416008
0.375199718773788	0.3755130600763442	0.2492872211498679
0.37522176015928826	0.3754911970543201	0.24928704278639174
0.3752281352412716	0.37548824539194414	0.24928361936678442
0.3751859478101451	0.37544297010711325	0.24937108208274175
0.3752100712398657	0.375481149003541	0.24930877975659335
0.3752473332527601	0.3754863865401434	0.24926628020709662
0.3752074639235393	0.37548097373809386	0.24931156233836693
0.37525026377620535	0.37545555363989763	0.24929418258389713
0.37520291793513333	0.3755150045115247	0.24928207755334209
0.3751907321530028	0.3755109736661129	0.2492982941808844
0.3751949519174888	0.3754472768000151	0.2493577712824962
0.3752492310253753	0.37545533127542463	0.24929543769920018
0.3751930077899818	0.37548988334925254	0.24931710886076575
0.3752167481044921	0.37545116038076837	0.24933209151473962
0.3752054842138489	0.37548926678212247	0.24930524900402873
0.3752023765650622	0.37547247742263945	0.24932514601229847
0.37519307114546224	0.3754734192299842	0.2493335096245537
0.37521665629029727	0.3754990518483379	0.24928429186136497
0.3751873827132191	0.37549829062735096	0.24931432665943004
0.37522240300150733	0.3754735266538865	0.24930407034460628
0.37519272287437005	0.375450510456579	0.24935676666905104
0.37522011328406873	0.37550419929090545	0.2492756874250259
0.375216513650586	0.3755072845330858	0.2492762018163283
0.3752354279015798	0.3754842930014063	0.24928027909701397
0.3752269592609486	0.3755001154105923	0.2492729253284592
0.3751949119333556	0.37545306359747727	0.24935202446916727
0.375257816322954	0.37548433672505616	0.24925784695198994
0.3752100348987802	0.375462079480447	0.2493278856207729
0.3752103416453493	0.3754720534256122	0.24931760492903862
0.3752467537458275	0.37551352998148335	0.24923971627268926
0.3752098776744775	0.37546389051342	0.24932623181210262
0.3752277487779403	0.37550940695321067	0.24926284426884918
0.37519612218222015	0.3754908838905876	0.24931299392719236
0.3752262702453795	0.37551080003747667	0.24926292971714392
0.3752124314063121	0.3754689251703241	0.2493186434233639
0.3752493650529012	0.37546605424730195	0.24928458069979695
0.37519357330361264	0.3754848430618454	0.24932158363454204
0.3752258337628056	0.3754546569487594	0.2493195092884351
0.37523233295551917	0.37545471704357175	0.2493129500009092
0.3752257862878591	0.3754447083754284	0.24932950533671258
0.37519456408427326	0.3754764420702325	0.24932899384549437
0.3751852762717333	0.3755180179710282	0.24929670575723858
0.37518621297280347	0.375469865747322	0.24934392127987465
0.3752491310542974	0.3754725002882232	0.2492783686574795
0.37525325699056133	0.37550542528221126	0.24924131772722752
0.37524920215057633	0.3754576949697138	0.24929310287970996
0.37522131214404764	0.3754662184086809	0.24931246944727165
0.37523901836014883	0.37544553807303516	0.24931544356681612
0.3752209267562016	0.37548582281066323	0.2492932504331353
0.37524478420248153	0.3754869933717924	0.2492682224257262
0.3752250581132846	0.37544593916225455	0.24932900272446096
0.37524784887384094	0.37549598336618933	0.2492561677599698
0.3752287904182298	0.37550251331622536	0.24926869626554493
0.37521005865538515	0.37546142855306436	0.2493285127915506
0.3752343642516009	0.37550931987953207	0.2492563158688671
0.37524568579121353	0.37547597063178073	0.2492783435770058
0.37523659123013275	0.37550269777199863	0.2492607109978687
0.3752420074832592	0.37549904517054633	0.24925894734619458
0.3752440213367431	0.3754667729496013	0.24928920571365568
0.3752247785539384	0.3754443964860275	0.24933082496003423
0.37519181100013066	0.37548103915963704	0.2493271498402324
0.375239215662478	0.37547145465513143	0.24928932968239065
0.3752403136231156	0.3754853094678379	0.24927437690904658
0.37520056760333464	0.3755032668624202	0.24929616553424527
0.3752479839484618	0.3754676025838936	0.24928441346764466
0.3752423226102709	0.3754869621978064	0.2492707151919228
0.37523565020156235	0.3755152642531294	0.24924908554530834
0.3751991301374039	0.3754717146338997	0.24932915522869642
0.37518520639444125	0.37550867088198464	0.24930612272357422
0.37518949574912847	0.37548069184942096	0.2493298124014507
0.37519974695526315	0.3754541075618852	0.24934614548285175
0.37519360860710804	0.37551678562386026	0.2492896057690318
0.37525718397324714	0.37544483538384227	0.2492979806429107
0.37523116591996253	0.3754645754292678	0.24930425865076977
0.3752044606386177	0.37548258933740725	0.24931295002397516
0.37521391003792104	0.37546879773241415	0.24931729222966487
0.3752584505482416	0.37548440078463485	0.24925714866712365
0.37520455256980023	0.37549418673485513	0.24930126069534475
0.3752376250716498	0.3755021536654989	0.2492602212628514
0.37523760434745057	0.375502116441016	0.24926027921153351
0.3752105908455398	0.37546079402156396	0.24932861513289634
0.37524535720984353	0.3754926199922845	0.24926202279787207
0.37521990704767777	0.37549725249797017	0.2492828404543522
0.3752343551583784	0.375467468969347	0.24929817587227465
0.3752152266292087	0.3754984230051825	0.24928635036560892
0.3752416685461003	0.37548320240249455	0.24927512905140528
0.37520337056589537	0.3754661585147616	0.24933047091934313
0.37524058626345047	0.3754581832672569	0.24930123046929276
0.3752365060288217	0.3754943266282929	0.2492691673428855
0.37523574113127345	0.3754790795780356	0.24928517929069105
0.37525276651711914	0.3754796119027611	0.24926762158011986
0.37525366667917776	0.3755107448615327	0.24923558845928961
0.37521952455094343	0.37550107002530897	0.2492794054237477
0.37518825605923223	0.375470996354641	0.2493407475861269
0.37525588984553593	0.3755118095356533	0.2492323006188109
0.37524878686532187	0.3755019367683928	0.24924927636628547
0.3752399614577128	0.37547437523916083	0.24928566330312643
0.37523310711031505	0.3754720555819853	0.24929483730769975
0.3751957354151948	0.3754805929498558	0.24932367163494956
0.3752171722293325	0.3754521348387979	0.24933069293186966
0.37523141900240525	0.3754715198649544	0.2492970611326405
0.3752267178878635	0.37550220118471145	0.24927108092742517
0.3752592126015255	0.3754992613948518	0.24924152600362284
0.3752021118210452	0.3754603436296186	0.24933754454933632
0.375234679093584	0.37545617280990756	0.2493091480965086
0.3752487734132133	0.3754937843449513	0.24925744224183555
0.3752085825575617	0.37545862526296914	0.2493327921794693
0.3752015609662186	0.3755129720294041	0.24928546700437743
0.3752187287253703	0.37544940898146484	0.24933186229316498
