0.04377858157970921	0.15572078370459724	0.10735354428031936	0.19301632557117057	0.07142973672527869	0.06294412957521998	0.09842852151250611	0.08000829110325931	0.040192354354517484	0.14712773159342207
0.041543199368844624	0.13346998774828767	0.10517267485102559	0.21282845975996484	0.07487802981872693	0.06108068001431491	0.10793156023695932	0.08266042502633644	0.040424317206255056	0.14001066596928463
0.04493732857581588	0.15673074070546336	0.11116225347549064	0.17262290460752372	0.08534677806213298	0.0862838316269724	0.09206589656018924	0.07013016476841073	0.043016799230891814	0.13770330238710926
0.0385495892778116	0.1874686926185604	0.11618331228039065	0.2103451650521844	0.07456284194072126	0.060507200543582385	0.11459926041972872	0.013257661819043046	0.044246785502279555	0.14027949054569805
0.045049355467595975	0.06737933402056287	0.11659805713822195	0.2117721167956359	0.08434327132236294	0.08769957437525547	0.10586322785396278	0.08230074082309471	0.03951886982791817	0.1594754523753893
0.037722620889524536	0.05146122937176899	0.12209594823891912	0.21587589165663262	0.07962652022156344	0.03332439150454038	0.1072101668203446	0.16779005186428791	0.03880432583001602	0.1460888536024024
0.038684357378139106	0.11458012534333172	0.1043588693022858	0.20926589087720848	0.08588695414439447	0.08528431593627003	0.09105717067142144	0.06201307183865898	0.04541730278991207	0.16345194171837787
0.04260445300640567	0.08556954374956915	0.11415740533195574	0.1928615279302393	0.07435465952543416	0.09854036165109126	0.08564178613955273	0.12342854465925186	0.0394615348068019	0.1433801831996982
0.043288662940427526	0.05976554312546	0.10682441855835315	0.1467401962492118	0.08141409296713034	0.07397495861410819	0.10779500349735747	0.1962542612742431	0.042074886690966116	0.14186797608274226
0.04281323337047714	0.11990483192106223	0.12370943002865442	0.1296173113083654	0.07135705679621357	0.05693823969006037	0.09289386548462047	0.1610926018267665	0.03918535808812472	0.1624880714856552
0.037206281964996396	0.028977754235161274	0.12389425624775108	0.14311446921982077	0.08774233177390231	0.05042072968547899	0.10709775642012898	0.21458551636590203	0.04549746198732471	0.16146344209953345
0.03971652333523506	0.049943906333877235	0.11783442306102349	0.18269943596722218	0.0760651065868263	0.09540793704420933	0.10371062092973643	0.14872214612734486	0.0434018053491575	0.1424980952653676
0.03633984529730322	0.02234558470354804	0.12911192563130225	0.19408003576448885	0.07460706160083774	0.03164494443021938	0.1078649931988373	0.22249388511556006	0.044494430634526946	0.1370172936233762
0.03761214083712196	0.03417191690630794	0.11012861271850534	0.18126527317292568	0.07922889788965788	0.07645604287402419	0.09747910609992928	0.1892608895830285	0.0447120126031221	0.14968510731537715
0.041678043481396344	0.11487260269302729	0.1202759571719893	0.19745674048834982	0.07621070236212565	0.04246328874021935	0.11676777982209513	0.10260207104819988	0.04252062659682608	0.14515218759577114
0.0399505101054565	0.1033463634067574	0.12437551294828764	0.12779824485418448	0.07591189879052765	0.09532621322673995	0.09571965179831976	0.12947923878622666	0.04435367947578998	0.16373868660771
0.03893177559231127	0.024064446673863635	0.12463852885552171	0.19241415717488813	0.07294096978897618	0.05148751264841595	0.11449120780750507	0.19288013366883855	0.042903500127549364	0.1452477676621301
0.03906386337758295	0.03220749272012648	0.10393821778670126	0.20723914861968556	0.07345721884378464	0.04395747740497074	0.10938963306026009	0.18810996518458156	0.040964996087324526	0.1616719869149822
0.04278060170878685	0.10731927359963511	0.10756558606718163	0.14114719935732362	0.0814748923370999	0.04333673508244719	0.11017942337231337	0.18239170416097283	0.04610371942908284	0.13770086488515665
0.036881096274351294	0.05437148356283104	0.12276588177709967	0.1604606864384433	0.0765274737532213	0.0866802844748839	0.09273823626770855	0.16185478186370572	0.043249762768933914	0.16447031281882127
0.03996575047532254	0.035327123930544824	0.10378702390015368	0.19273086987938365	0.08798630994868117	0.0868428142844947	0.11007141008542548	0.14646906115409603	0.03927850707223131	0.15754112926966662
0.03817408071314818	0.08890311880006187	0.12994093307117993	0.19085718479169278	0.06884395467585892	0.07814289398786124	0.09588641504571006	0.10336310294723723	0.04241273788835298	0.16347557807889684
0.040155784756321325	0.17440036804197273	0.12029746774273778	0.13413160690295567	0.08033819393615156	0.042614606540751075	0.10878030848818179	0.1176926278022695	0.039216290083747926	0.1423727457049107
0.04339925955419266	0.09950213235634082	0.1073723031008844	0.16107938131954685	0.07382173526750649	0.08487454727566224	0.1121865405533809	0.12761803543075648	0.0440402053418886	0.1461058597998406
0.04278321418769861	0.18947552442379545	0.13078790285998448	0.18720780024749983	0.0683793555815241	0.06166645647207743	0.08916898720899723	0.03249048907507636	0.04318290792373851	0.15485736201960804
0.03767254270401311	0.10637443344059158	0.11213200539393323	0.1412639870134961	0.08419688365875005	0.09625960115084513	0.11664087769049059	0.11665762594909605	0.0438844120432879	0.14491763095549628
0.04365823885047153	0.087767458688857	0.10390130555937346	0.2000192080751501	0.083103291268545	0.07652044614693561	0.08961732815798054	0.10915297236199277	0.04506667291428716	0.1611930779764068
0.03682139988016865	0.14213423790561014	0.13098466378093335	0.1894265545852381	0.072842409756427	0.07112928277453007	0.11554288091029871	0.04493218198341336	0.042570758283200484	0.15361563014018012
0.03823853385515594	0.04877217586953722	0.1294393716196297	0.189296346630143	0.07929241511276687	0.046207899953313356	0.10851919002492766	0.16902528873549094	0.03838771112474276	0.15282106707429255
0.041367239796507936	0.06147041921292032	0.12950969743995944	0.1387753132315192	0.07796616344012348	0.05453000494204265	0.09408902673673693	0.20395335256216704	0.04043659067218314	0.15790219196583988
0.0360923456306179	0.04451672744877459	0.12439335976328558	0.14070828454283973	0.0861196854828273	0.06871014525263043	0.08538877852958607	0.21691337674532468	0.04121679906138068	0.15594049754273306
0.04155650493623724	0.12303890603565346	0.12344979691370166	0.1719327133975014	0.07369028153611717	0.0620705957948174	0.08764973469929413	0.12410380474030816	0.04059967617447598	0.1519079857718934
0.03764579466296834	0.09393966157337393	0.12592160408933573	0.11324922472756768	0.07779059365210354	0.02850437843233186	0.1035806557096254	0.2173300628248641	0.04124377344707348	0.16079425088075594
0.03923060333672226	0.11391267440747341	0.11590284027283661	0.15347685759769517	0.08314548772848712	0.08552362792215203	0.09098462788524703	0.12976242320193657	0.04161328622235001	0.14644757142509982
0.04083147621893064	0.055797399709614254	0.12593918875054433	0.10881528671395511	0.08776045767557573	0.06787837341025663	0.09735684709995762	0.21368806861244125	0.04604724048211705	0.15588566132660742
0.04135651457628431	0.10203749647114015	0.11148226091942984	0.1422363627627841	0.07166216449163589	0.06852292495094908	0.09524601293647007	0.1677543700015764	0.04441384305446031	0.1552880498352699
0.037742162305722	0.030470975942881465	0.10542377502793257	0.2115658758958735	0.08667095951646192	0.06691474117708585	0.09564755667770458	0.17122886129638873	0.04318178914423303	0.15115330301571636
0.039353426463748786	0.033267320644165516	0.11287837720087342	0.15086094307886244	0.08030873694173159	0.06910039461534925	0.10832597152192489	0.21586854356689805	0.04249731130238511	0.14753897466406093
0.03643935444814564	0.09587419906452946	0.11528222612731485	0.19916491992947155	0.08264847271666306	0.03249307841744313	0.10130623953289468	0.135951854880683	0.040985989997811806	0.15985366488504282
0.041182805550251105	0.10064333644797643	0.13184076374216733	0.12610248742940794	0.06999878347134247	0.04800917129981972	0.09513542146787703	0.2054626858804149	0.039035750597143884	0.1425887941135992
0.03980582037339228	0.023127463326799658	0.12318226418530831	0.16665415433308403	0.06912619736361436	0.07254747860709995	0.08664883368922245	0.2297749160271254	0.039525332469535865	0.14960753962481765
0.03948725503952813	0.07600713710872245	0.11553010396182284	0.1773882363630538	0.07508932796775929	0.038811427111829194	0.11308464466757569	0.1597611286205201	0.04087167196442662	0.1639690671947619
0.04095405066056901	0.09284573739910963	0.10674056804136857	0.21442163461732622	0.07158910390441355	0.04835737576819575	0.10101274183943944	0.11989616108402362	0.039787854603819076	0.16439477208173514
0.041215590718062294	0.032428264226843	0.12535748498394636	0.16513194638896198	0.0779693527310446	0.05255589679731666	0.0985770860016531	0.20039616533092428	0.041893248181763716	0.16447496463948397
0.0425830238643696	0.06578969615680325	0.11006188280748058	0.17888037025945303	0.0766776465917598	0.052545385751982324	0.10124219821328985	0.19070867294090071	0.0409947747504632	0.1405163486634977
0.036912428003499864	0.1268911484711857	0.12354533564195622	0.148518149767263	0.07468483845009324	0.07822672301644615	0.08620264923905578	0.11988347596129802	0.04478376111146114	0.16035149033774085
0.04054226748999748	0.1516598252410284	0.10446153530528099	0.14890420409473704	0.0696436742603444	0.09938536708013711	0.10862282057614506	0.08679323741119954	0.04582633945041384	0.14416072909071614
0.03913821599195316	0.08146202738230555	0.1153357523463858	0.1722232463122404	0.07335084171652799	0.08456065961659126	0.09202301578410041	0.1472132375458842	0.04372178620409191	0.15097121709991934
0.037118669125020945	0.11043759718298701	0.12547924465032215	0.1112816248141925	0.06853661620377491	0.07144849519149712	0.10907287326848789	0.18647273453317081	0.043073023089042685	0.13707912194150398
0.04039572958220817	0.053006440078783114	0.11023744888923118	0.20889027706542346	0.07741806690223393	0.06365717195733517	0.1088438356212729	0.14896452802837443	0.04600724096758805	0.14257926090754963
0.039967044910272434	0.06122000702531655	0.11600438410502377	0.17852918819176944	0.0842816032048857	0.07478614855013029	0.10309198803605188	0.14342953783597412	0.042642554100089346	0.15604754404048649
0.043206295693638534	0.019610587413839836	0.12530657171089782	0.16254117974786708	0.08570623563808653	0.050797477365118415	0.11586223436200344	0.2093854721863581	0.04160283709327669	0.14598110878891354
0.03801658250630264	0.052909224319429723	0.11646509974490697	0.16900045272821296	0.0731217225065229	0.05293686673551186	0.10834527431327429	0.1894904014747173	0.04092642182511473	0.15878795384600664
0.04432056175663566	0.04605502397929708	0.12661316468309647	0.15663558516298262	0.07158594184801398	0.0854426524951511	0.08869564572326574	0.19443868770251	0.03859551068440556	0.14761722596464175
0.03998083209889636	0.10847729516013523	0.1108921243623404	0.19206983514515774	0.08398840955096415	0.06304208192183705	0.09609284063032567	0.109281731718095	0.03871688325515204	0.15745796615709637
0.043704586813967966	0.15503497695652257	0.11993413836471463	0.18466953611644055	0.08600593108971454	0.08617691932674351	0.09163373874538085	0.05267528347208426	0.04149227990141511	0.13867260921301602
0.044533913436476294	0.08604409977375403	0.1255040570813531	0.1474572213791848	0.07708702892126995	0.06715945795418293	0.11392927597873034	0.1476640705298333	0.038246516042772724	0.1523743589024425
0.03604238301525885	0.030719656471098797	0.12241252316117064	0.20721934371351217	0.08225071538061203	0.06987442057766587	0.11139761627802286	0.13968448089860896	0.03925976518478659	0.16113909531926324
0.04288285477996344	0.05708584169213833	0.10695215415631754	0.1406500467670489	0.08013524814442437	0.06154487847214613	0.11100503835072542	0.1998024032744956	0.045037891273016155	0.1549036430897241
0.03940976196507345	0.10540729761107354	0.13170313759955507	0.11052672163399288	0.07987584033323405	0.08408115212392699	0.10853771332268491	0.14127731890059242	0.045314382749983076	0.1538666737598836
0.04129197939714735	0.15502618101870982	0.11444231438945328	0.16854371251581896	0.08155318231003453	0.03920195615838347	0.09275485424675456	0.11759550346372921	0.04032260810761212	0.1492677083923567
0.036717431489270105	0.17505120835216195	0.1094902883927459	0.2045052800791549	0.07511094179017305	0.033217790243058196	0.11307485385987293	0.07038284237781708	0.039373651162337556	0.14307571225340834
0.04389246880144282	0.10927628168441059	0.12484183548746068	0.1796004505872842	0.07012131050387498	0.049136292018051336	0.08800909466337759	0.14829766193382965	0.04055334156708052	0.14627126275318766
0.04108395070082943	0.0628289726766158	0.11893224037288663	0.19320573284699422	0.07885822818335501	0.07172257085638085	0.09663662273407939	0.12823037279959804	0.045327545612279294	0.16317376321698135
0.04270309279333636	0.0839238947089377	0.12283001893293416	0.18818003352854992	0.0868458859702387	0.02892021296876779	0.10053704931186702	0.1519631080414377	0.04120081301349771	0.15289589073043294
0.03883775328812744	0.061590827589290124	0.13129746505490428	0.13816302091621255	0.08818284217456007	0.09380973648648958	0.08642136222880734	0.17227148156088126	0.04018161213835466	0.1492438985623727
0.04011455371572338	0.12629166899508362	0.12560774766582067	0.18109396853428442	0.07866895069002751	0.03646033947185792	0.11257916182235564	0.10034619544015971	0.0437838925571124	0.15505352110757473
0.037412136551785005	0.15544555445009395	0.10961588195948285	0.11185323108351053	0.07901996526916132	0.030904632035824636	0.10724465387228886	0.16605671957973722	0.04160575273630024	0.1608414724618154
0.037461115102993964	0.16932371459757628	0.12435259654808214	0.2027728888217938	0.07872394524218282	0.06062854624945933	0.0931034235406619	0.054194580165086825	0.041107946966305695	0.13833124276585726
0.04115061599567705	0.1510244080742865	0.11621812920915332	0.14232290593787705	0.0857911401523977	0.10012760434868363	0.10734755835608409	0.06644337785475833	0.0446198479185117	0.14495441215257066
0.03792087820679342	0.17620958577899393	0.1078514443539059	0.15820193057203952	0.08032212972375151	0.08074591452932109	0.09701975282401082	0.06456024205407648	0.04252934668326082	0.1546387752738465
0.04118234444639349	0.14452608994732172	0.12786541403399918	0.2013166374195507	0.07544369732743605	0.05351288704795545	0.09243903640974206	0.07425697605225244	0.03821573793080512	0.15124117938454382
0.041811389457105386	0.16651818096658696	0.11862633512793616	0.12742265680192705	0.0814639447201421	0.08137223077500128	0.10815063886639968	0.07173331054549925	0.04536240017001678	0.1575389125693854
0.04095300442117046	0.12576351643175093	0.10385760569916826	0.15044389320499219	0.0794701310065015	0.05289643951234137	0.1074514685362927	0.15085602120956004	0.04067154775682651	0.14763637222139603
0.04036047325112271	0.08388676729261367	0.11953534601750182	0.1277382348063236	0.08067321131101962	0.06115070940565777	0.09023559772711945	0.2004345101927071	0.038401342757592466	0.15758380723834176
0.036857634738054215	0.032425928012354194	0.1295333935370618	0.11534236580390494	0.07771447710742095	0.09303243422832391	0.09685236323405512	0.22350037284911117	0.04442472003104602	0.15031631045866767
0.04416074444372162	0.046781784499647	0.12503029011924263	0.1428352350239921	0.08661916629645557	0.05278293718675886	0.11039456693169918	0.2122507786580189	0.0404146137178953	0.13872988312256893
0.040197576923612185	0.023825033471325807	0.10853818055777395	0.17500540560223227	0.08403553743027323	0.09447345450265315	0.08945119342596564	0.18583035623155542	0.04145688543202523	0.15718637642258312
0.03743617970629033	0.025225995715269053	0.12476479292567563	0.21513817371480898	0.07337395586176096	0.07249651446367364	0.11547986711210288	0.1526683220179078	0.03901133753915493	0.14440486094335583
0.03624501873331197	0.12880666779709232	0.10785660513634102	0.1612417840923266	0.07512683650944633	0.06331988545638702	0.08414319128395924	0.1590742890433109	0.039267545642742596	0.14491817630508208
0.04054837554182847	0.08139869146408389	0.129695292526689	0.13997834504205212	0.08494654103248814	0.059380836300395035	0.10519356119135082	0.16663554931351338	0.03835868212501155	0.15386412546258765
0.04196319572892241	0.039564005234177003	0.12486793461629964	0.16326404404424016	0.08835643935171412	0.08397289938203673	0.1146576301130357	0.15355919440457333	0.04392383700311425	0.14587082012188665
0.040805959413137055	0.17290396168795555	0.11282508845621195	0.18221853041209513	0.07122083612846272	0.024149563303768842	0.09562972559045398	0.11929992689408488	0.04291290882031134	0.13803349929351855
0.03789478568082372	0.19282294758727375	0.11457365673112199	0.10950555823341704	0.08686106067460284	0.06969201914324008	0.08885535965104396	0.11444823816008881	0.04552380344451358	0.1398225706938742
0.04126040846529342	0.14303032417884487	0.11897879734706826	0.11800960569805308	0.0884340358251638	0.02015347673618384	0.0915179662101621	0.19394580900331515	0.044658440716426745	0.14001113581948874
0.0446699408718998	0.1631349460317314	0.12741805372388054	0.16560612149229856	0.07845538228653026	0.08896296582168861	0.11195256277521588	0.02360390378706194	0.04047391747041036	0.1557222057392826
0.04241376131080153	0.13148988858570484	0.11976727751654984	0.15913323408010743	0.07700936009378598	0.07567955556281736	0.10056320136970626	0.10553190628570798	0.03821985194979998	0.15019196324501882
0.04259272717464529	0.13832516064678865	0.11246909295759121	0.11337852351764299	0.07800408854817939	0.04098445172352348	0.09110413563231286	0.19352866672525437	0.042508243781685544	0.14710490929237624
0.04191315827362439	0.04671306715694407	0.13163797258277013	0.14692413671845667	0.07847481706608793	0.047818210941199625	0.10235523915117437	0.2008211455906404	0.04528109346641221	0.1580611590526902
0.04273090934301608	0.1573093809517624	0.12716472589427003	0.11205646830686714	0.08341806442948083	0.09749832817030941	0.09146050855303582	0.09992216520364966	0.04006414018728795	0.14837530896032072
0.03788968477066606	0.17338573500051982	0.13163189142490933	0.15303989987978245	0.07682921756943832	0.07593829296195778	0.10010645898573388	0.05007158276357669	0.042802721602916316	0.15830451504049936
0.043466570359717946	0.14051228613714054	0.11735035553773797	0.14594852063633573	0.08027084948128897	0.07509823904283944	0.10024790693840246	0.10352896812490998	0.044290217562345864	0.14928608617928113
0.039029628067091635	0.12358468579941634	0.13071368342283818	0.16589320170243999	0.07387066874888058	0.020876700517440464	0.10167733431284877	0.16111252742931403	0.03885161501805464	0.14438995498167542
0.045340587937561495	0.12825455935985983	0.13130205240478743	0.18484335849252997	0.07344092458737352	0.07624670213737209	0.0965326779195417	0.07987430921186114	0.04332610973447739	0.14083871821463545
0.03885700543952333	0.09797971608266015	0.12134986569586896	0.20438986270686807	0.06910285301044052	0.04205313858561194	0.09765474579771481	0.1296444705741146	0.04321316239600128	0.15575517971119635
0.044210510358883834	0.17128122554541678	0.1237044453583976	0.18077571766774325	0.08421750068342021	0.04646515134836193	0.10336431233644659	0.06583793804739316	0.04247406394682594	0.1376691347071107
0.03658607160483798	0.17192599146086657	0.11938752603927702	0.15330736083964264	0.07851539258758004	0.06601522825225492	0.08641150853608695	0.08872600215623891	0.04070859573354974	0.15841632278966525
0.04335356406092554	0.15623341627237342	0.10945904109272937	0.15111712990073062	0.07385817941027888	0.039296199207855306	0.08961023008747543	0.13239722470079038	0.04459705169256365	0.16007796357427742
0.04475952691485923	0.17933223078052354	0.11691827380950952	0.12704061907304004	0.07300767362520147	0.06625194159617137	0.09427924649492651	0.10132409015621549	0.04574882971101294	0.1513375678385399
0.04510542172539268	0.1864376008116298	0.11096926188503399	0.21439367214215116	0.06934511979512609	0.02059883215795162	0.08929177597641923	0.07192658871938593	0.04322466382838195	0.14870706295852762
0.04477681761638871	0.09187893843790225	0.11090424679648794	0.14404444628056073	0.08325752563541276	0.09638049541038227	0.1110614220544095	0.11701918075566214	0.038757052635186064	0.16191987437760766
0.04276846152656902	0.18589659484633841	0.13182748074416475	0.14550553653211334	0.08806507697001208	0.04840040823978352	0.10309810457532789	0.07709151670315896	0.03824280846500596	0.13910401139752615
0.037000654340291025	0.11720155133021937	0.12176724520455849	0.12222421903690968	0.08738308272516039	0.07825325436991667	0.08944424444672004	0.1639157041809237	0.043482992263521446	0.1393270521017792
0.03981804700600791	0.055079319442991916	0.13134301309228139	0.15589565740624	0.07676915211678481	0.050852846700583244	0.08957847185889914	0.21287131547818655	0.04464171175884804	0.143150465139177
0.03892824417764298	0.15837544569888912	0.12698284381187022	0.12643598979259618	0.07501050217675156	0.09822038164206504	0.11072734636044977	0.0794775624221168	0.045390556340732406	0.14045112757688594
0.04366885477691511	0.1260798554973029	0.12721426344140052	0.21415546225706658	0.0690806103453853	0.08543506470549425	0.08892461069113078	0.036480598838319334	0.04477476532521473	0.1641859141217705
0.04187077345720383	0.09751723494572445	0.12310084963261578	0.15040487563185462	0.0768936880693967	0.09030528818520031	0.09611818340216245	0.12355128335253561	0.044611291620298456	0.15562653170300778
0.040069736359832554	0.08549035679530152	0.1072559295820819	0.18910455033419646	0.07281436367422443	0.04259584508380357	0.08463928808654073	0.16835597538820868	0.045909422556765236	0.1637645321390449
0.04368419085901332	0.04598475021809807	0.10744370098550934	0.16059345383930118	0.06956837152030262	0.06440320184209941	0.11440821353654493	0.21833852531828363	0.03863422343883581	0.13694136844201169
0.04461785986857803	0.06606538757622817	0.1229024020530039	0.1370713975709614	0.08505545916764283	0.05287551723090372	0.09763124896092838	0.20656672911879756	0.04330234449360926	0.14391165395934674
0.0390912683776509	0.03670468384625761	0.11592566180529032	0.17131011439646088	0.08274773778185912	0.08802556734014635	0.10301805726273455	0.17796553443344165	0.03890925763871955	0.14630211711743907
0.0401457433470129	0.07969578564935592	0.10404632358091426	0.19539559224288558	0.08301907492578213	0.03044295544246578	0.08510878588530607	0.18717282610449748	0.042235886191064644	0.15273702663071528
0.03704881862525862	0.1645486447945123	0.11256376047629847	0.11176055938040239	0.06933667084786585	0.0324586738950373	0.08783870675981582	0.1846744800486484	0.03864337571499548	0.16112630945716538
0.042342905798668354	0.14801318910121197	0.12951430506605727	0.1295979541008168	0.08124834359276106	0.05039579600367334	0.09091044311118504	0.12519174497412536	0.04553985180926104	0.1572454664422398
0.037407076395400266	0.0621047198468592	0.11695747606656723	0.1686930028371149	0.07101196982587281	0.03208682129095268	0.09171328562866485	0.2106080154338507	0.0458636130981818	0.1635540195765356
0.03841200446130017	0.08105009567299395	0.1184547541974825	0.14153495473211303	0.07352445738531455	0.023173369056617404	0.10501988533173283	0.21864339954875608	0.04059531799687424	0.15959176161681526
0.042585219499595664	0.17122444437250955	0.112120879449754	0.1299369657661706	0.07412718714307884	0.03783650619170292	0.09906417647160672	0.1387615217188847	0.03819476423426398	0.15614833515243307
0.04371369430126507	0.11889236020127773	0.11440216899498026	0.18126760736110098	0.08670098394859274	0.06744922158597474	0.09415768211355041	0.11685020144138356	0.03937302613545835	0.13719305391641617
0.04024549540408467	0.09758101277460852	0.11495130375657688	0.21056072951085328	0.07075387684462507	0.060619657052684135	0.1069931714421692	0.10917405163444999	0.04413280134756779	0.14498790023238045
0.037351747363943824	0.159108231674186	0.12301214898194976	0.18645282724889767	0.07542302607564041	0.09490844251448381	0.11038456797250001	0.02348571430504877	0.04135949529760736	0.14851379856574237
0.04092373070156993	0.15890033065608022	0.12460958596517643	0.19253820441038802	0.08339784221525139	0.05249937616656265	0.11316404320369261	0.03436238015678607	0.04502637024588804	0.15457813627860464
0.041331613757815605	0.17200596400116935	0.11925950792191697	0.19089592478659584	0.08286339968399202	0.0323250070900445	0.08449975653787038	0.08072087585358453	0.042521502422612156	0.15357644794439862
0.03819616884662022	0.13069849381843673	0.11799618217290823	0.21735438327878992	0.07906594840850248	0.08815251498606208	0.08810840924117114	0.04753335417085194	0.0429121803489028	0.14998236472775445
0.03797633378253884	0.09681024075446747	0.12765626065417293	0.21015958872577106	0.07238540141567026	0.09861458119707293	0.10138344995103549	0.06567849286202151	0.04131016681153887	0.14802548384571063
0.04014972023869824	0.10610104423213376	0.1155078401367927	0.19070360242842704	0.07933461695324895	0.04106126824483307	0.11635361343183373	0.13073919639683457	0.04029849199524459	0.13975060594195338
0.0454175355024379	0.04475500178038997	0.11961252553365867	0.2153353303186334	0.08109299941561954	0.09416422602479646	0.08396937511566079	0.12072476283758582	0.04472209189927691	0.15020615157194056
0.0376865878011971	0.0797145629373303	0.12410906486162437	0.13907133244169084	0.0875631346110828	0.04599649023282124	0.10855868225403315	0.1689685867820891	0.046186426383246056	0.16214513169488504
0.038802259920687324	0.10524510737514721	0.10680695186127213	0.13904191559442616	0.0768461878608705	0.058396537224994785	0.1050719291000998	0.18566462014600132	0.03848499664055699	0.1456394942759438
0.03747336542596483	0.05940291926086586	0.11633382615077387	0.20449788005416206	0.08625689947810294	0.08732983771856768	0.10083850261079816	0.10591166157665974	0.04337314825114423	0.15858195947296064
0.042072222319399014	0.016517736236696293	0.12558161926799197	0.16977887641655984	0.0836517380162558	0.035419125118427944	0.11566585123700901	0.22670252216997788	0.040596606519712426	0.1440137026979698
0.045459042029958596	0.02068417534697975	0.10848260593732256	0.1971508916506071	0.07864827490755956	0.08555944722436859	0.10423709431892585	0.1700108119629179	0.040160219141786004	0.1496074374795741
0.038996724022662674	0.03518971410776306	0.11932921962803622	0.1585524411314344	0.08561110950608752	0.03645452687150369	0.09563631212309325	0.22998141836992692	0.039861114119438344	0.16038742012005386
0.04526492725812413	0.10067336344770766	0.11249596038448621	0.11062757386675393	0.08624564085764913	0.06252458076993214	0.08822080441388626	0.19942852724730953	0.044741274426733514	0.1497773473274175
0.04190142268365665	0.018151195200919387	0.12776214822127005	0.18475274785507023	0.07656328318983271	0.022841557710254104	0.11612306244183554	0.22657046026483618	0.044133767462990345	0.1412003549693348
0.04027925987478939	0.020396304903290752	0.12040895980863629	0.19217517653368937	0.08095970415957768	0.06877634627802198	0.10604802654095208	0.16694385210111196	0.0432615477938628	0.1607508220060677
0.04425157782221108	0.024540599708022318	0.1253391248185789	0.21330643360707058	0.08207609150388406	0.07144027915263515	0.11253054846282984	0.12848526538122285	0.039929825307390726	0.15810025423615454
0.04030118514055267	0.038187258161939366	0.12183339608697573	0.19380434163632954	0.08130965239053058	0.08272153728395676	0.09926934565250668	0.15652727609542505	0.04544288658429485	0.1406031209674888
0.04350606549414687	0.054454644994499354	0.11460138691925859	0.21541368844457157	0.07698388282854145	0.043057169680110204	0.10520553045278618	0.1594253121234979	0.0442864225689718	0.1430658964936161
0.03839870467838152	0.06645274958437791	0.11599979096617877	0.17664499214250826	0.07291861762213234	0.0901424404426506	0.09279844283335023	0.16076156225908161	0.04002096733284988	0.1458617321384889
0.04209765685457293	0.1690574345043308	0.10884464426533352	0.16949414921078423	0.07105444818993478	0.05350726691527754	0.09444119922688313	0.09507611455038623	0.040225815698176196	0.1562012705843206
0.04212271022276333	0.07933026090077501	0.12716118604550192	0.1903775415427878	0.08300934596522139	0.020272190846006857	0.11586559497520203	0.1618370227847014	0.04038555190152167	0.13963859481551857
0.038195767459553075	0.15672074174736794	0.11615453281412637	0.13277165552123232	0.07311236523950304	0.03222954818304061	0.10865386581570287	0.14758668556263507	0.04123976182209038	0.1533350758347483
0.04141901159795999	0.07097721033772705	0.12329835947212332	0.19935454911421235	0.08460868192465965	0.09636888141736066	0.09366011028977099	0.10772681052762346	0.04026428033864545	0.14232210497991707
0.03728618776970627	0.15380241369780767	0.12171744412911359	0.14634016655263637	0.07296082001907951	0.04574156896367464	0.10019071162932618	0.14010512553208815	0.03935903179647955	0.14249652991008807
0.0428812369711217	0.1371142965943633	0.11217878419344371	0.15943035270579475	0.06833301474176581	0.03839566162226957	0.11571747956184487	0.12486686436798283	0.04314608461113688	0.15793622463027657
0.04444793817393099	0.13676544338625102	0.12423091014821541	0.12580990907828896	0.07740800071789614	0.08843714353070335	0.11050109540222296	0.10579100421781519	0.0403971637730093	0.1462113915716667
0.04273585940331121	0.14449889893613324	0.12422507558949375	0.20481055133672615	0.08032272909836066	0.08172141639525073	0.11408576477420047	0.022620261503674313	0.04567964831195038	0.1392997946508991
0.04034480432812099	0.07991089651276032	0.1078942854395503	0.21582113595565638	0.07387582566661396	0.0860590433197463	0.10580772050559642	0.10575700611309294	0.041248906068607635	0.1432803760902548
0.044044673776540484	0.07206734161211181	0.12967020093627177	0.16468646682360613	0.0764427256135602	0.06755183449240472	0.10379430600501756	0.160313866545936	0.04413843078235665	0.13729015341219475
0.0395759967627094	0.1917160833430605	0.11658314125665102	0.1331392190068355	0.08204431692683627	0.09266309112460439	0.08782404541226689	0.06714736220694377	0.0442501370552981	0.1450566069047942
0.04458250663999866	0.15719290812070186	0.1236692700064946	0.2099248763681279	0.08244675977546678	0.06427162537074771	0.08842263261651681	0.044350814266043745	0.0396005300639404	0.14553807677196157
0.03712781481432367	0.12232644391705624	0.13198482511891937	0.19855599087433837	0.08261321519599418	0.03208345188206904	0.11214754465006951	0.10388735262597865	0.04023398574880235	0.13903937517244863
0.0431994462606847	0.1071859933147676	0.12153250192296816	0.11404720781215243	0.0768068011899582	0.08219615112273934	0.11151085580270842	0.14296443122779404	0.043954819567588496	0.15660179177863864
0.03700851263951807	0.07651550615131991	0.12759919708127432	0.13562420647187423	0.08296894501060025	0.07623402964871857	0.10435472286086359	0.17051113135298818	0.04210815381195643	0.14707559497088646
0.044385578930029264	0.0429603434553597	0.1095434966317128	0.20924939870501247	0.08527768253612826	0.037763541521971235	0.1093071971735873	0.18225347621050925	0.03990355570071257	0.13935572913497718
0.037434845529794106	0.07697724723692545	0.10984718972466365	0.13951619777871743	0.08052422410688613	0.08492917710614935	0.08960921459916509	0.1770786193632754	0.043412064262035324	0.16067122029238812
0.04426319413253042	0.033828691268119104	0.1154848972478055	0.21145863271512963	0.08761966792369993	0.05576760008302243	0.09774143764188765	0.16839244619313862	0.03918482513528496	0.14625860765938176
0.03713380720035017	0.01857067939991615	0.1264628609961545	0.207337309299215	0.08558681932649409	0.031378305165113154	0.08876042944575961	0.19514251001084898	0.04614987790688506	0.1634774012492633
0.03767811089966176	0.04562576203782371	0.11264923351788987	0.20090535311322416	0.07276537042773018	0.05923630727191041	0.09526024445582532	0.1889395906788195	0.04454676801625939	0.1423932595808557
0.045451706821596737	0.09703885743352447	0.11831039851905967	0.11958880861250523	0.08449306755313411	0.08984996040912759	0.09618712466186778	0.15120885561737693	0.04087630075361471	0.15699491961819276
0.03964733967491625	0.08225743986455986	0.12289621843945395	0.18041342073826477	0.07491516501689119	0.08250642668284534	0.08508945014356417	0.1277888902997395	0.04189713331542211	0.16258851582434286
0.04211775128542075	0.1063822621003815	0.1123568404139924	0.1623850144079767	0.08042731766895883	0.05301872505606322	0.08436058974726794	0.1518899463217516	0.04555541166484984	0.1615061413333372
0.041283807020861235	0.1531523190140409	0.11854334908006924	0.16227609521688857	0.07985726700872563	0.019468449797008375	0.11670404144912647	0.11314058196132126	0.04415612112536061	0.15141796832659776
0.04401268318049266	0.13965168346509346	0.11635119384294362	0.1374032441410709	0.07760243112118023	0.040831646259661014	0.10245499267570359	0.16168319909505188	0.04131824577239911	0.13869068044640354
0.04370603298283587	0.09231531593804818	0.1155152974113916	0.1468077599084151	0.08375289657132116	0.05631818440412778	0.09303910351606001	0.17582536083949335	0.040998119977983485	0.15172192845032345
0.03760865280366051	0.06353569947031794	0.11230530843710178	0.15934083078580627	0.08115721216200561	0.06217532875630501	0.09277685267172017	0.19541044953998593	0.04170347592141976	0.15398618945167708
0.037600489807361276	0.12178673709928052	0.12594465582167758	0.15428229043171976	0.06838986177907105	0.019489799174020078	0.11342510535584872	0.1601507439998455	0.04119911077741263	0.15773120575376287
0.04485717961277515	0.1463858009336305	0.11335064717931784	0.1556510946842267	0.07379945302658689	0.055370879999669755	0.08392741899098932	0.12062935757026558	0.04599626260456096	0.16003190539797735
0.038457531271981066	0.14623914823643736	0.1290731577348255	0.18572958630569597	0.07906403148546223	0.03504646310003151	0.09916390159084551	0.10722339987580831	0.04204756277367595	0.1379552176252366
0.04248686748794059	0.15760860095682466	0.12676650586129654	0.1855407985907057	0.0760716127847332	0.07318037272190706	0.10953322154534381	0.02766396535773312	0.044387808094453474	0.15676024659906185
0.03858723711278156	0.11448817810374443	0.12125424537145452	0.20290223148159847	0.07854532112694775	0.07777807563839699	0.09821282870161498	0.08310320141283273	0.04274318366038789	0.14238549739024073
0.042303364981340234	0.081333101372803	0.11558965152126399	0.16660560285444198	0.08053020611021	0.08224702254762926	0.09864880639140328	0.13485265284417258	0.04031916898846513	0.15757042238827054
0.03766407221249308	0.029832414215120603	0.11005059558785253	0.21668010280460315	0.07599591822266683	0.03492882780749869	0.0991872829269179	0.19945995333818278	0.0419312828222847	0.15426955006237972
0.04004471525281962	0.09165562747599681	0.11984635113821862	0.1437385082098539	0.07546709916274899	0.03496979272154219	0.10210527613075379	0.1892469304224133	0.04206347303928973	0.16086222644636308
0.03970696703050039	0.05026480362174877	0.11090927325686696	0.17405957725220234	0.06928175789697227	0.09428320658879777	0.10718834478210221	0.16541086759861418	0.044139370245531544	0.14475583172666356
0.04144919551383096	0.1353227474498397	0.12849069580994807	0.13008678354906694	0.08782347975743356	0.030132060026592966	0.10604248779861665	0.15537582701100508	0.04488430136624123	0.1403924217174249
0.04394717616006732	0.171693394956308	0.10493625915698983	0.1557028652616561	0.08556371579371236	0.03995735932801986	0.08650957117659135	0.13203851908563474	0.039375649577442204	0.14027548950357827
0.03615765978003045	0.17940642551670308	0.10572921392115424	0.1079747782881157	0.0856401994643437	0.0548076599260989	0.0847536603995317	0.15959069592379266	0.03891792304772651	0.14702178373250308
0.040474654086371416	0.17927967591353522	0.12898235088960577	0.1093012971281305	0.08045082997669753	0.08873892005488489	0.09706227096941832	0.08543378265681827	0.04186691758344957	0.14840930074108855
0.036554509870004165	0.18347447188043808	0.1307241193516842	0.13317083603402458	0.08274252217720723	0.03978812699319324	0.1126239586032676	0.08198865803896875	0.04252416710365905	0.1564086299475531
0.0401737985417573	0.16895791799149062	0.10522432918312988	0.16533155663622895	0.07418402652513989	0.0747817186503743	0.09159983822215788	0.07802536308052849	0.04178448919352046	0.15993696197567228
0.043204316418916394	0.1352799327794948	0.10544255234433582	0.13615802836551683	0.08278500686986154	0.09192749302771643	0.09793437672994959	0.12330744367576468	0.04458408163906486	0.13937676814937908
0.03811042936556189	0.10101996847694582	0.12881951068393974	0.17978326894312308	0.06970312002536307	0.050489314753531196	0.11430744879217432	0.1357719650285181	0.038666433829638205	0.1433285401012046
0.040878410412588814	0.08796626748726638	0.12376112173715836	0.19242399008976324	0.07874991434935547	0.04877345149847412	0.1127120741557508	0.10674832031135979	0.04350028991711123	0.16448616004117178
0.03725353609288709	0.16550404584480466	0.127901889475892	0.2152132974656708	0.07305048228469609	0.02109580894911897	0.0851546038987385	0.08338210518989858	0.03938473941344575	0.1520594913848475
0.042456999074704675	0.12833041705436188	0.11995852872821249	0.19284225709740987	0.08676399875416757	0.023127861265195504	0.09177099035036368	0.12801103623979743	0.04510527894100089	0.14163263249478597
0.03936552752014451	0.11195723326576854	0.13001373880402944	0.18567771402858269	0.08546148962764236	0.08548618632416291	0.10600966982364779	0.049260669555064196	0.04573097056009709	0.1610368004908605
0.042740591022429886	0.08808118723031602	0.11849802757110403	0.21465175479091383	0.07636306231105228	0.08707157338506614	0.09014225037472576	0.09162958681111737	0.03913670552479124	0.15168526097848342
0.04545348162326772	0.12512730820957566	0.11719126631768112	0.18713650093977163	0.08493934388229554	0.09482338694526445	0.09017758322947168	0.0708720973926438	0.04313846222997564	0.14114056923005275
0.04138017575020627	0.1666925599587023	0.11725022369506236	0.11904464315076146	0.07549878499321713	0.07319264652472324	0.09326574611766252	0.1129127533264642	0.04411413206194033	0.1566483344212602
0.04359874835976392	0.186322582338515	0.12960081485754846	0.14717593358886047	0.0688486416057696	0.0781007378084573	0.10175002298852037	0.04273112934180572	0.0389847653562403	0.16288662375451887
0.044172364363775904	0.18945596172108575	0.10977783364258654	0.16773991058714072	0.08257208874605244	0.08697287073368365	0.09902998257853755	0.02396581389447082	0.04361482790226713	0.1526983458303995
0.04532939742050415	0.14889196052082598	0.10609693335550541	0.21926399189795026	0.08765411440953913	0.08403442409066586	0.0920181302299077	0.03616856306225519	0.04298189104384159	0.13756059396900475
0.045170749217025484	0.17441649704836987	0.1316190173237573	0.152459356606935	0.08735400549671091	0.09334442138095853	0.11353786068315908	0.011954366374782435	0.04274541384823477	0.14739831202006667
0.03642619545449319	0.18923112148629306	0.12057487695157691	0.2004447516795847	0.08393711076119398	0.02755730930531182	0.08822390796022625	0.04629643708744128	0.043141549296862695	0.16416674001701606
0.043949929788407324	0.15692986451268942	0.12999075221061052	0.1718183750417165	0.08695587331190749	0.020990366472274063	0.10290826994302198	0.07903815200316586	0.046122094902869865	0.16129632181333695
0.0365987710112972	0.16748096970419543	0.10931442999267642	0.18458872156503625	0.07588232427647164	0.0759193267864012	0.11163660398132229	0.03926561846995542	0.04217103915377611	0.15714219505886803
0.04019176446754269	0.1607741002287554	0.10767918883907862	0.13935644485412935	0.08309135538845086	0.055368973688839127	0.08689967113099975	0.1341785988824709	0.040352692557232214	0.15210720996250107
0.03745255961831978	0.11451469208224141	0.10984296616877273	0.15490599361987065	0.07062207485169819	0.08365363090293955	0.11176542634007992	0.1251362127886601	0.04546609741131082	0.14664034621610683
0.03715539871154852	0.14151102577937774	0.12251506519529114	0.12414348166663672	0.06933311657579508	0.04161645942138351	0.10470678494891443	0.17276003666363382	0.045289292074193674	0.14096933896322536
