0.15733733701216512	0.3875692129071447	0.4550934500806903
0.15980399784948163	0.3850560431122907	0.4551399590382278
0.15441397493711645	0.3902070687545025	0.4553789563083812
0.1582086855350774	0.38199079240115075	0.459800522063772
0.15157753175569416	0.39027019117416056	0.4581522770701454
0.154949159534899	0.38289996191390974	0.4621508785511914
0.1524626817146824	0.38728667174716896	0.46025064653814873
0.15901025390958573	0.37993691762702736	0.461052828463387
0.15204199884779435	0.38896548693224714	0.4589925142199587
0.16048770352696168	0.38349273046021953	0.4560195660128189
0.15162598899448637	0.3875790928089569	0.4607949181965568
0.15374886471694835	0.39001085369796473	0.456240281585087
0.15785152355858434	0.38695111331822096	0.4551973631231948
0.15583339806669683	0.3841206602046434	0.46004594172865987
0.15903497512757814	0.38677671457046303	0.45418831030195894
0.15269977657250564	0.3886486933504099	0.4586515300770846
0.15461479856187238	0.38532408388271944	0.46006111755540835
0.1556107032327625	0.38068873152725663	0.463700565239981
0.15521363866735868	0.38536052885434674	0.45942583247829466
0.15627109339477604	0.380507248678034	0.4632216579271901
0.16133067664565104	0.3820568202998658	0.4566125030544832
0.15811773682136526	0.3871446341264166	0.45473762905221826
0.15289277313910293	0.3828411041007123	0.46426612276018486
0.15465340348787765	0.38402235175284805	0.46132424475927436
0.15484797038402182	0.38388953974708034	0.46126248986889795
0.15254683920322964	0.3884202995767423	0.4590328612200282
0.15183574514618858	0.389194081971569	0.4589701728822425
0.15676268159069595	0.38700741851806264	0.4562298998912415
0.1521504285459812	0.3859881653592372	0.46186140609478177
0.15960462721375968	0.3810912237500006	0.45930414903623984
0.15502375720468237	0.3888991883440578	0.45607705445126
0.15861841974576252	0.3815154775198635	0.4598661027343741
0.15401786348893529	0.39018432571554246	0.45579781079552234
0.1559956837004119	0.38468676308143096	0.4593175532181573
0.15458552992491695	0.38760118386682163	0.45781328620826156
0.16053205624340042	0.3829272177629662	0.45654072599363354
0.1556947659680545	0.3831502210688072	0.46115501296313843
0.15154473612362512	0.38568166475521676	0.46277359912115823
0.15885613779194704	0.3798494672128245	0.4612943949952286
0.16164392649629972	0.3807085889178435	0.4576474845858569
0.15612977991472737	0.3887937648377256	0.45507645524754714
0.15464598168803576	0.3883815722646762	0.45697244604728815
0.1579442266629943	0.38312427407345123	0.4589314992635546
0.1568378387680178	0.3828980432757751	0.46026411795620725
0.15675113257721784	0.38562848812497147	0.4576203792978108
0.152849312653087	0.38979003604034845	0.45736065130656467
0.15543951851007187	0.38983353412898314	0.4547269473609451
0.15798723677416926	0.38556998954462957	0.4564427736812013
0.15619872599211654	0.3804257478203719	0.46337552618751165
0.15457799902835997	0.38378911080317696	0.4616328901684632
0.16060339523929643	0.38612373959482643	0.4532728651658773
0.15581567515373734	0.38092553803212137	0.4632587868141414
0.15791412501899782	0.3848355692764172	0.4572503057045851
0.16004706357962428	0.38558467294827564	0.45436826347210024
0.16174878923799124	0.3807781370971888	0.45747307366482015
0.15369424447756447	0.38722135587607004	0.4590843996463656
0.15347215420935784	0.38777521990648156	0.45875262588416077
0.15496425609774633	0.38807541120243255	0.4569603326998212
0.15519905195912648	0.3875729174612357	0.4572280305796379
0.1546149310985891	0.39027935583315415	0.45510571306825687
0.15483909157827858	0.3883276118828178	0.4568332965389038
0.15850613381632422	0.3862155691597373	0.45527829702393857
0.1567609163690772	0.3846682535239899	0.458570830106933
0.1514007814459922	0.3855168972269796	0.4630823213270283
0.15622425177322402	0.38588808655764195	0.45788766166913414
0.16133365177677178	0.3849810359528268	0.45368531227040154
0.16166770621284013	0.38140934952242755	0.45692294426473246
0.1564280430438717	0.38213301773947556	0.46143893921665285
0.1589204139902144	0.3809954468840826	0.4600841391257031
0.15197598800344392	0.3895248493006225	0.4584991626959337
0.15396162481996012	0.3880601997706805	0.45797817540935953
0.15669211944960923	0.37990397649032315	0.4634039040600677
0.15407781952005756	0.3844143771023831	0.4615078033775595
0.15799060908022158	0.38327535333784574	0.45873403758193276
0.16126751307332723	0.38170967872916123	0.4570228081975117
0.15521881137292376	0.38661696642213683	0.4581642222049395
0.15221251542263486	0.38543307296957624	0.46235441160778906
0.15834200612139615	0.3876823084487662	0.4539756854298378
0.15890877454268637	0.38565754709155553	0.45543367836575827
0.16095866590517446	0.38219752775901156	0.45684380633581406
0.1551589750393489	0.38168182980767756	0.46315919515297366
0.16134762483492424	0.38529949446616035	0.45335288069891555
0.15262271620963275	0.38373900419448714	0.4636382795958802
0.15299999971166167	0.3856473764061976	0.4613526238821408
0.15379161860084894	0.3830568925765821	0.46315148882256907
0.16176566264661338	0.38075890708085236	0.4574754302725344
0.1614354519799155	0.38309813524632425	0.4554664127737604
0.15882622748284253	0.3874482879152978	0.4537254846018598
0.15624324059649564	0.3833902173716137	0.46036654203189076
0.15349581823263087	0.3823068933567601	0.46419728841060914
0.15862929545908622	0.3852162838022449	0.456154420738669
0.15901297540374904	0.3847018806564329	0.45628514393981817
0.15641916188257252	0.3891454080328949	0.45443543008453274
0.15300381579687972	0.38300934740591136	0.46398683679720903
0.15667633866576375	0.3825915799683597	0.46073208136587673
0.15851066734923397	0.3871144735369054	0.4543748591138608
0.15643947187133306	0.3901200586946786	0.4534404694339885
0.1582727297312705	0.3803635121908597	0.46136375807787
0.15933063673030368	0.3806368858280424	0.4600324774416541
0.15981901720789188	0.3821588346939389	0.4580221480981693
0.15299938048973644	0.38708965440279036	0.4599109651074733
0.15749550108951765	0.38710672674874586	0.4553977721617366
0.15341375734524887	0.3875340654834708	0.45905217717128044
0.15652665680452907	0.3828869820544824	0.4605863611409886
0.15797846951732802	0.38114495573173657	0.4608765747509355
0.1559828106593086	0.3854526638649289	0.45856452547576265
0.1586129908033525	0.3852823465652	0.4561046626314476
0.158388208972154	0.3836768075037301	0.457934983524116
0.15981265547497858	0.3834734014306173	0.4567139430944043
0.16054670324175122	0.38525140021980364	0.4542018965384453
0.1545329737132309	0.3849729769677506	0.46049404931901855
0.15692408710375286	0.38147355006572015	0.46160236283052714
0.1565742092314562	0.3847682982916801	0.4586574924768638
0.1535582750222943	0.38780473053806525	0.45863699443964057
0.1581625712664572	0.3852148403010685	0.4566225884324744
0.15689095714410572	0.3798908494897476	0.4632181933661468
0.15891743214109288	0.3843032928861597	0.4567792749727475
0.15225554579245043	0.38397924244454607	0.46376521176300356
0.15164276098790352	0.3848753275898204	0.4634819114222762
0.1524462993605718	0.3893243964388865	0.45822930420054186
0.15761930489497625	0.3829921469072541	0.45938854819776975
0.1571761918283623	0.38203153444350546	0.46079227372813236
0.15942436052704026	0.3866676926961695	0.4539079467767903
0.15623822009432808	0.3826957054206753	0.4610660744849967
0.15211085819507775	0.3860738031601455	0.46181533864477686
0.1604171963363708	0.38136236985602967	0.45822043380759964
0.15708029271950041	0.38261597638357026	0.46030373089692944
0.1544138569053996	0.38651032368234084	0.4590758194122597
0.15526228503436224	0.38143347910578995	0.4633042358598479
0.15748697281680096	0.3835606056903303	0.45895242149286886
0.16105604398065304	0.38075824427641103	0.45818571174293604
0.1551371931591279	0.3814593330259333	0.46340347381493885
0.15596041252168671	0.3849915124633537	0.4590480750149597
0.16160542245433207	0.3839809524251747	0.4544136251204933
0.15900003772381746	0.385699475067215	0.45530048720896765
0.15912694369072505	0.3803330310870513	0.46054002522222376
0.15262640054619347	0.38697400060362336	0.46039959885018333
0.1550723615037915	0.38439002030768077	0.46053761818852784
0.15629556962906482	0.3891229656102444	0.4545814647606909
0.16069079924746293	0.3808083006215977	0.45850090013093947
0.1564546243775918	0.38836807235997256	0.4551773032624358
0.15950596122090477	0.3867424796535344	0.4537515591255609
0.16072353939320305	0.3853514381238057	0.4539250224829914
0.1571608399941276	0.38936839247857347	0.4534707675272991
0.15902540073999172	0.38561910559261364	0.4553554936673947
0.15821031230285332	0.3839215549519766	0.4578681327451702
0.16098901671146487	0.3852488180845419	0.4537621652039934
0.1555496161789885	0.3833570476224178	0.46109333619859383
0.1540465565961211	0.38379185957429757	0.46216158382958145
0.15569880620980808	0.38907384220460917	0.45522735158558286
0.15778718554976365	0.384569506426573	0.4576433080236635
0.15334664613356136	0.38804877523572584	0.4586045786307129
0.15439479670324613	0.3893771846934826	0.4562280186032714
0.1578400925586307	0.38365558315238313	0.4585043242889863
0.15188468805921435	0.3854102996442612	0.4627050122965245
0.1534193653698966	0.3877148051522724	0.45886582947783117
0.1567017529492632	0.38481155850757237	0.45848668854316454
0.15510924909418478	0.38345173029821344	0.4614390206076019
0.1512751169986195	0.3862812539618094	0.46244362903957126
0.15603110509409565	0.38430007668516186	0.45966881822074257
0.15789458153447739	0.38786506108379326	0.45424035738172946
0.15783158555080923	0.38797948568227747	0.4541889287669134
0.15409867963463716	0.3831369638803438	0.4627643564850192
0.16145797016484814	0.38118972384412975	0.45735230599102217
0.1593814151203263	0.3870873430044121	0.45353124187526167
0.16163309347377755	0.38039260492480526	0.45797430160141733
0.15951342254996714	0.385033056701331	0.455453520748702
0.15368193163834531	0.3848986392805466	0.4614194290811083
0.15530030798378716	0.3844795441753247	0.46022014784088827
0.15508194858619626	0.3848800685584374	0.46003798285536646
0.15810075575333435	0.3872095224232799	0.4546897218233859
0.15665699423838414	0.38977111696257977	0.45357188879903626
0.15402139815109905	0.3840829091775569	0.4618956926713442
0.1614180734237713	0.38442069302842347	0.45416123354780535
0.1585863324548701	0.379764838213484	0.46164882933164597
0.1538692637509021	0.3896840876476648	0.4564466486014332
0.1607946812949793	0.3803431232249232	0.45886219548009755
0.16052290806306477	0.3855271496020787	0.4539499423348567
0.16087653802642174	0.38336796551384966	0.45575549645972874
0.15726360214207635	0.38364181533279856	0.4590945825251252
0.1532356432327604	0.38263336006872223	0.4641309966985175
0.1616948521599	0.37978433337453976	0.45852081446556037
0.15462451831406815	0.3863608581888557	0.4590146234970762
0.1615934848378041	0.38429226620821205	0.454114248953984
0.1586954260797101	0.38363622401963837	0.4576683499006517
0.15800025260434575	0.3850709728815895	0.4569287745140649
0.15511265968649746	0.3812726442387381	0.46361469607476463
0.15924544678796093	0.3867436468181546	0.4540109063938846
0.15418451182654563	0.3870777166364872	0.45873777153696726
0.1584315584350552	0.3878740612729048	0.4536943802920402
0.1573078492808836	0.38312140803066386	0.45957074268845266
0.16140216902705537	0.38236899824678183	0.45622883272616294
0.15592860427865013	0.3814871339281383	0.46258426179321166
0.15791109893633307	0.38798738757788925	0.45410151348577776
0.1581146095894875	0.38828275319868344	0.45360263721182914
0.1556233232228219	0.38926453667082206	0.45511214010635614
0.15794616060686406	0.3800277082506724	0.46202613114246366
0.15781670368058753	0.3812354635795301	0.46094783273988255
0.15196868409462683	0.38390754555523693	0.46412377035013636
0.15711378568757559	0.38634795431367475	0.4565382599987498
0.1516748560981539	0.3867525501831323	0.46157259371871395
0.1602251445379877	0.3800751501905059	0.4596997052715065
0.15591540540227083	0.3902947628524423	0.453789831745287
0.15377572236658202	0.38199849803659575	0.4642257795968224
0.15581209390980133	0.3850841907032122	0.4591037153869866
0.15174664920194258	0.3900133703869417	0.4582399804111158
0.15655875735714136	0.3833225057212024	0.46011873692165633
0.1618845242078448	0.3806708328830961	0.45744464290905923
0.15707397433042636	0.38300216498451223	0.4599238606850616
0.15326304713169123	0.3881932804711077	0.4585436723972012
0.15488562213399432	0.389713534068365	0.4554008437976408
0.15452832970390493	0.39027301992677743	0.4551986503693177
0.15765929083825286	0.3857964654580999	0.4565442437036473
0.15632564548160144	0.3801710475174183	0.46350330700098036
0.15411814525996945	0.38167341843256797	0.46420843630746267
0.15767870115040492	0.3837344421324228	0.4585868567171724
0.1528563379594377	0.38330301661668575	0.46384064542387665
0.15959431111754957	0.38037780419363426	0.4600278846888163
0.15470223444153758	0.3824633008502152	0.4628344647082474
0.15599979653773222	0.3811471117832229	0.462853091679045
0.15787410535566257	0.38181534229720293	0.46031055234713464
0.15993091936381665	0.3803893694503935	0.45967971118579
0.15208356420706465	0.3901852046236678	0.4577312311692677
0.15613032931188683	0.38943469739166436	0.4544349732964489
0.15336753903997502	0.3900865217164456	0.45654593924357956
0.15773206796113745	0.3830468164651275	0.4592211155737352
0.15751909483360074	0.3850403115766843	0.45744059358971506
0.15808037422244223	0.38506695276080605	0.45685267301675186
0.15971733330955137	0.3842906862362984	0.45599198045415035
0.1558932217656104	0.3851772626506297	0.45892951558376005
0.15278677180873498	0.3867392337710136	0.4604739944202515
0.1515570076140892	0.38506530251293514	0.4633776898729758
0.16147007476798036	0.3839008606718036	0.4546290645602161
0.1616364086171733	0.3812457521012187	0.4571178392816081
0.15950347928988967	0.38563265005218184	0.4548638706579286
0.1545860481374745	0.3864525535943385	0.45896139826818716
0.1537434398035749	0.3881316717244259	0.4581248884719993
0.15959831340506692	0.3826735242186028	0.45772816237633035
0.1525146574840308	0.38952438943465095	0.45796095308131834
0.1517128226756788	0.3883757758763703	0.45991140144795106
0.1554742734127314	0.3811136302682729	0.4634120963189958
0.15968921185554685	0.38424695721025537	0.4560638309341979
0.15257045799959462	0.3880948131027787	0.45933472889762683
0.15978362246461297	0.38461038371614187	0.45560599381924527
0.16144903389064139	0.38182249183827294	0.45672847427108576
0.15752981074424427	0.38442726206360733	0.4580429271921485
0.15356447870136836	0.3852718783273867	0.46116364297124507
0.15757549993918296	0.38775944997829076	0.4546650500825264
0.15623712936430015	0.3848674098048607	0.4588954608308392
0.15667451079461406	0.3852338335512117	0.4580916556541743
0.15940562130766053	0.3858685849109123	0.4547257937814273
0.1565345482659147	0.38586527328259707	0.45760017845148837
0.1586122294234646	0.3869681494181635	0.45441962115837203
0.15116804154246571	0.3861449581034887	0.4626870003540457
0.1581839827574914	0.3822764453605867	0.45953957188192196
0.154669447665919	0.39013628329292394	0.4551942690411571
0.15600617487867674	0.38173612982417393	0.46225769529714944
0.15459522968188202	0.3823030176326339	0.46310175268548415
0.15940531058210622	0.3849840761208705	0.4556106132970234
0.15943598583955976	0.38041118077319863	0.4601528333872418
0.1540809920778754	0.3845001871282387	0.4614188207938861
0.15150910546375365	0.38924863050114	0.45924226403510643
0.15900062475014004	0.3876822981578351	0.45331707709202496
0.15933103328659126	0.3855959424695608	0.4550730242438481
0.15419276678269966	0.38192782051824503	0.4638794126990554
0.1593397723767395	0.38623004206316913	0.4544301855600915
0.15289538851173712	0.3875816736247522	0.45952293786351084
0.15333611990191945	0.3899196996325098	0.4567441804655709
0.15942679285815353	0.3816756564767803	0.45889755066506627
0.15732779133111385	0.3840505348731956	0.4586216737956907
0.15802521465580283	0.38250340466531985	0.4594713806788774
0.15926873617133358	0.38504673445180004	0.4556845293768665
0.16174880409448572	0.3843669776143375	0.45388421829117687
0.1531782936484982	0.38799180894971136	0.4588298974017906
0.157673335569688	0.3875451916773212	0.45478147275299086
0.15397811207000078	0.38277702355088267	0.4632448643791166
0.15424110185905787	0.3835607669474944	0.4621981311934479
0.16143573435057335	0.38354694929331007	0.4550173163561167
0.15536412721325615	0.3871599682407137	0.45747590454603027
0.15598081864833602	0.3804482702718413	0.46357091107982284
0.15802653451986748	0.38324886145906545	0.4587246040210672
0.156921449720085	0.38354825114794094	0.45953029913197413
0.15651220451735093	0.38714966964001857	0.45633812584263056
0.15509922150242458	0.3901621299624129	0.4547386485351626
0.1545665433928927	0.38216541570359985	0.4632680409035076
0.15333472376416707	0.386978305341836	0.459686970893997
0.16040093951661008	0.3824997187000561	0.45709934178333395
0.16185521893829619	0.3833581222582184	0.45478665880348557
0.1558961298563636	0.3844748861253315	0.459628984018305
0.1618698063843902	0.3805235550601627	0.45760663855544725
0.16077078521374014	0.38335730505248183	0.45587190973377817
0.1610545972150271	0.3814016172506238	0.4575437855343492
0.1519560111193345	0.38940847496683484	0.45863551391383073
0.1613812569834705	0.37971572240607	0.4589030206104596
0.15623025886287306	0.381609585193721	0.46216015594340604
0.15957558834143376	0.38177410686717583	0.4586503047913905
0.1567195286706352	0.38374862078858973	0.45953185054077517
0.16094464389032842	0.38069685243226814	0.4583585036774036
0.15638275775898103	0.3819520860670835	0.46166515617393566
0.1540729778930295	0.3846442031629113	0.4612828189440593
0.1592448256570049	0.3822052642526271	0.45854991009036816
0.15701125954457806	0.3862349959877561	0.4567537444676659
0.15774136731859953	0.38073956658568275	0.46151906609571786
0.1604170898137378	0.38398107766261713	0.45560183252364517
0.1570481433764906	0.3853709479329538	0.45758090869055573
0.15557159495632616	0.38068214053987603	0.46374626450379797
0.15325928533769528	0.38578660007366294	0.4609541145886419
0.15806366601456245	0.3807919561513013	0.46114437783413637
0.15826268345448707	0.38178076153223184	0.45995655501328114
0.15615821956229856	0.38552072303751955	0.458321057400182
0.1614141222294567	0.3811300789503425	0.45745579882020093
0.1552349695546818	0.38363150152696496	0.4611335289183533
0.15648908631857933	0.3861545851265501	0.4573563285548707
0.15424574232076196	0.3855268935335472	0.460227364145691
0.1545357571854049	0.38162932341848604	0.4638349193961092
0.15914930436099958	0.3851070575550593	0.45574363808394125
0.1512402519847154	0.38598800139662365	0.46277174661866105
0.15232905147884063	0.38602279075655405	0.46164815776460544
0.1517243072042047	0.3840071178738363	0.46426857492195917
0.15453820327370255	0.38980129019846843	0.45566050652782913
0.15206377018194447	0.38955371117284926	0.4583825186452064
0.15771680988105113	0.38676723924521	0.455515950873739
0.15133016903183713	0.3854507950930867	0.4632190358750763
0.15489465156352167	0.38344881646918655	0.46165653196729184
0.1546401245345976	0.3861977057724238	0.45916216969297874
0.15843511927716686	0.38665194350300963	0.4549129372198236
0.15706846592840837	0.38095496888940733	0.46197656518218444
0.15855587336364774	0.38688666681947564	0.4545574598168768
0.15539614316637537	0.3879161207457252	0.4566877360878996
0.15429786496109088	0.38143189295980234	0.46427024207910694
0.15725639350078324	0.38333993367602204	0.45940367282319483
0.153107517854991	0.3868791252205081	0.46001335692450107
0.15752775235920224	0.37969062321478325	0.46278162442601467
0.1583821382585808	0.38678469904696006	0.4548331626944593
0.16139802976829926	0.38372713014731186	0.454874840084389
0.1544898070279183	0.38150880194291925	0.4640013910291626
0.15733400004826875	0.3799333943868086	0.4627326055649228
0.15504573487305956	0.38215577472212753	0.462798490404813
0.15609269715039842	0.3892989780342848	0.4546083248153169
0.15293650309211068	0.389974979813176	0.45708851709471343
0.1554131412213433	0.3842685164463292	0.4603183423323276
0.15945865101704854	0.3838714163541308	0.45666993262882083
0.15913312662134174	0.38342807070460405	0.45743880267405435
0.15563145318027455	0.3809448416067759	0.4634237052129497
0.15801746177869114	0.38405613252664156	0.4579264056946674
0.1539971675270354	0.38451871001236565	0.461484122460599
0.16079945986229982	0.38031498849064704	0.45888555164705325
0.1576114523126201	0.3858885583976141	0.45649998928976593
0.15472703080435526	0.38782841950247554	0.4574445496931693
0.15120572312830663	0.38618853710754086	0.46260573976415265
0.15933314617534539	0.3822318099029247	0.45843504392172996
0.1565270455915253	0.3808727208932071	0.46260023351526774
0.15739978576477343	0.38451579010505976	0.4580844241301669
0.1572143283992381	0.38375789194838306	0.45902777965237895
0.15868300725518408	0.38786287226247906	0.45345412048233696
0.15163168198416424	0.3867777593021381	0.4615905587136978
0.1548259368192507	0.3886424765736968	0.4565315866070526
0.15607946738107933	0.38523317956720327	0.4586873530517175
0.15480920470914483	0.38606251475304026	0.45912828053781507
0.15676531347999223	0.3860038014999539	0.457230885020054
0.15916709019822356	0.38156501518218655	0.45926789461959
0.1549923450122619	0.3899393850764865	0.4550682699112517
0.1587876942670969	0.38546927810151205	0.45574302763139113
0.1543911461930835	0.3828488584034592	0.46275999540345736
0.15638431370247052	0.3863038145224173	0.4573118717751123
0.15653059062779867	0.38877647398952225	0.4546929353826792
0.16098804552311313	0.385013154808252	0.453998799668635
0.1570736874220406	0.38627294624809655	0.456653366329863
0.15138159829837194	0.3871564992435026	0.4614619024581256
0.15410513786841523	0.3873053316816956	0.45858953044988926
0.15762014798516205	0.3885539013905067	0.4538259506243314
0.15302596892230283	0.3850033819721028	0.46197064910559443
0.15188506510251565	0.38641745109498543	0.4616974838024991
0.1567441580127808	0.38942188157745583	0.4538339604097634
0.16179811685701453	0.383730618824702	0.4544712643182836
0.1538452817284765	0.3844258104912412	0.4617289077802824
0.1611265942387202	0.38348640114585547	0.4553870046154245
0.16124578782444982	0.3843379865554183	0.454416225620132
0.1602340072271864	0.3828328802153614	0.4569331125574524
0.15723733780960394	0.38821741307091906	0.4545452491194771
0.1543055411420961	0.3844984561707818	0.46119600268712224
0.15723973346637876	0.38266244943079764	0.4600978171028237
0.15201107864386493	0.3865916267310503	0.4613972946250849
0.15973272861654098	0.3796991975700873	0.46056807381337184
0.15314440410097305	0.3876488347684934	0.4592067611305337
0.1544923000219447	0.38430418674365896	0.46120351323439646
0.15529477770103378	0.38443968827474184	0.46026553402422454
0.15832309598556488	0.3827786360755685	0.4588982679388668
0.15406074915176726	0.3824153036079314	0.46352394724030144
0.16127508933923645	0.3818968230570877	0.4568280876036759
0.15375741274018112	0.3867556608339175	0.4594869264259015
0.15272277182009844	0.3847666739533358	0.46251055422656584
0.15714925823373674	0.3895139745156349	0.45333676725062844
0.1567843078982471	0.3878239371478032	0.4553917549539498
0.1539879068524787	0.3873576602213037	0.4586544329262177
0.1528851171163662	0.3828616901352387	0.4642531927483952
0.1575611704926099	0.3805587957964242	0.461880033710966
0.15492877309778028	0.3895548138748814	0.4555164130273385
0.1545111238182139	0.3847894237055154	0.4606994524762708
0.15975296856735222	0.38049625460378456	0.45975077682886334
0.1563980393117418	0.38847853407955113	0.4551234266087072
0.15395815012234587	0.3818667884361063	0.46417506144154796
0.15724787477503333	0.38245977804140524	0.46029234718356155
0.15451943789966158	0.3854519950698433	0.4600285670304953
0.1553686756987745	0.38111281406257397	0.4635185102386517
0.15507622583058453	0.3895881680958129	0.45533560607360263
0.153763002166389	0.38198322472355656	0.46425377311005456
0.1518321199249115	0.3902874998024632	0.45788038027262545
0.15823694282386683	0.38142386220657265	0.4603391949695606
0.15482778585310658	0.38608820728523147	0.45908400686166206
0.1586245276854406	0.38552002749786957	0.45585544481668994
0.1532084486631669	0.3840131209859001	0.462778430350933
0.15305093525878272	0.3901009011610558	0.45684816358016156
0.15883257529705408	0.3799309863548922	0.46123643834805383
0.15552743734981658	0.38877368762270215	0.4556988750274814
0.15237919407621675	0.3833970928441629	0.46422371307962046
0.15332156474360692	0.38243799840846576	0.46424043684792743
0.15949995834137312	0.380176820051358	0.460323221607269
0.1538330692050179	0.3833183489896478	0.4628485818053344
0.16186612021784408	0.38469037525848615	0.4534435045236699
0.15126896205256063	0.3889230389754657	0.4598079989719738
0.15532820407656917	0.3859847191964519	0.45868707672697906
0.15876506359595333	0.3844376532062468	0.4567972831978
0.15623485214446287	0.38580058355111463	0.45796456430442267
0.15367478191365466	0.39000401305173854	0.4563212050346069
0.15628187587245282	0.381262979670764	0.4624551444567833
0.15265486009151452	0.3850493796446275	0.4622957602638581
0.15459568639012428	0.3822902457311154	0.4631140678787604
0.15379225224094123	0.38772354563057854	0.45848420212848034
0.1547903316679906	0.3838330632495672	0.4613766050824424
0.15401058415027555	0.3900113155126758	0.4559781003370488
0.15448212728273714	0.3856537054364999	0.45986416728076307
0.15232694466776509	0.38466087260609705	0.463012182726138
0.15457441943636796	0.38760509880988925	0.45782048175374296
0.15419238153415654	0.38493910456844266	0.4608685138974009
0.1541439419076973	0.38412498378431686	0.461731074307986
0.1557589928044318	0.3825521057942231	0.4616889014013452
0.16025067548111424	0.38269952703293464	0.45704979748595126
0.1616845097294745	0.3849543121103746	0.453361178160151
0.1538870756632571	0.3878845314613528	0.4582283928753902
0.15819813935557064	0.3855623198552406	0.45623954078918894
0.1526156444428186	0.3844762275397871	0.46290812801739445
0.15916832850573792	0.3809568740501368	0.4598747974441254
0.1513740328557431	0.38884151282078966	0.4597844543234674
0.1557544037331854	0.3830435109316613	0.4612020853351535
0.15716944071904101	0.38315925901042797	0.4596713002705311
0.15443626890643503	0.3873339564003794	0.45822977469318577
0.1570575274355232	0.38601945404241245	0.4569230185220645
0.15757401342579935	0.3890876517543813	0.45333833481981944
0.16157589093910496	0.38145170816573243	0.45697240089516267
0.15295473826113865	0.3883502018257621	0.45869505991309945
0.1555348321455523	0.38618791353866994	0.4582772543157779
0.15566021237722172	0.38505437156153527	0.45928541606124307
0.1594531295185197	0.38678180117449656	0.45376506930698385
0.15389696204382802	0.38474781629543436	0.4613552216607377
0.16148621628908502	0.3797667207729255	0.4587470629379896
0.1547230722339288	0.3882537152412362	0.45702321252483513
0.15709154215776155	0.3894431106128748	0.45346534722936377
0.16073446219073004	0.3844005179638973	0.4548650198453728
0.15534765201926576	0.38773655864844847	0.45691578933228594
0.15490409940636013	0.3894441075444138	0.4556517930492262
0.15835954679570396	0.38130330784119243	0.4603371453631037
0.16029752803535824	0.38526185212599057	0.45444061983865136
0.1526678405256425	0.3869278637701954	0.4604042957041622
0.15180909799742795	0.38822474566043874	0.45996615634213345
0.15158226909626854	0.3901892854256007	0.45822844547813085
0.15828719238408911	0.3824528508069237	0.4592599568089873
0.15865086814076781	0.38308440825862905	0.4582647236006032
0.15651658457789552	0.3885659811574979	0.4549174342646067
0.1526661719540247	0.3874582029905245	0.4598756250554509
0.1558907454779332	0.38865797717541184	0.4554512773466551
0.15863216306916728	0.386522911411242	0.4548449255195909
0.1522539371546392	0.38418598115297947	0.4635600816923814
0.15870944509432666	0.3807151370871005	0.4605754178185729
0.15460912631509643	0.3881083182631747	0.457282555421729
0.15366225053535004	0.3894561312548295	0.45688161820982065
0.15520848259822656	0.3868976609335855	0.45789385646818803
0.15735133353387526	0.380839497442224	0.4618091690239009
0.1534951797059324	0.3880813313960253	0.4584234888980424
0.16057663589801047	0.38519787606516687	0.45422548803682283
0.15177740799781247	0.38452106624843907	0.46370152575374857
0.1537943732247038	0.38684496714675054	0.4593606596285458
0.15555387765628262	0.38494488890279194	0.4595012334409256
0.1554827600954734	0.38303592387521757	0.46148131602930914
0.15317309118558908	0.3830471451594068	0.4637797636550042
0.15396270675398832	0.38817636112945547	0.4578609321165563
0.15380684704848438	0.38939927236712857	0.4567938805843872
0.1576949703056768	0.38666473782267263	0.45564029187165067
0.15593848458637802	0.3862349016522286	0.4578266137613935
0.15693031635757082	0.38517805801952487	0.4578916256229044
0.15454795115866465	0.38909070682270497	0.45636134201863054
0.15627737296483823	0.3823171544974565	0.46140547253770536
0.1601023824723038	0.3814103217827482	0.4584872957449482
0.15484381225665605	0.38098165164494435	0.46417453609839976
0.15746212469548915	0.386902647324721	0.45563522797978995
0.1575284421018289	0.3870699795308129	0.4554015783673583
0.15525042670259437	0.38504647435405764	0.45970309894334804
0.15362227489994168	0.3901410345392601	0.45623669056079835
0.1549953625373206	0.3832526843882611	0.4617519530744184
0.15897808124186022	0.382731698499376	0.4582902202587639
0.15246143997534728	0.3893247583966598	0.458213801627993
0.15370209481687053	0.3826426417939049	0.4636552633892247
0.15665149667403672	0.3816568362261764	0.46169166709978704
0.15469470662123713	0.386883958100488	0.458421335278275
0.1568976177159	0.388147671331324	0.45495471095277606
0.15341299504068984	0.387887349652367	0.4586996553069433
0.1588113437647208	0.38643677447798935	0.4547518817572899
0.15778586659716592	0.38678711477199923	0.455427018630835
0.15829116856767045	0.3877620064570995	0.45394682497523015
0.15581065064578187	0.38291951779395794	0.4612698315602603
0.15828024533938756	0.3841657524981156	0.457554002162497
0.15398006511368212	0.3832092176924956	0.46281071719382244
0.15696140243624684	0.3799055981205982	0.46313299944315506
0.15375484434790887	0.38434388196009334	0.4619012736919979
0.1528034290816883	0.3859972385479593	0.4611993323703525
0.15534544407706385	0.38929235122465344	0.4553622046982828
0.15898662907929578	0.3842541236559105	0.45675924726479383
0.1606543454553464	0.38426918944190114	0.45507646510275257
0.15666746678667182	0.38521097525553005	0.45812155795779824
0.1601969440906072	0.38534734534296966	0.4544557105664232
0.15824774780845552	0.38626566756534564	0.45548658462619895
0.15820164083489424	0.38736391873126713	0.45443444043383874
0.1563831225470073	0.3868528800861222	0.4567639973668706
0.1564647746090399	0.3855913896643666	0.4579438357265936
0.15587327314040755	0.3804516936441246	0.463675033215468
0.15667685945147422	0.38972794092182667	0.45359519962669925
0.15983458255195276	0.3861140842470873	0.45405133320096003
0.15479646165205654	0.38097004864360223	0.46423348970434136
0.16094369565512331	0.38563910007773655	0.4534172042671403
0.1513939185388587	0.3846230380864271	0.4639830433747143
0.1568214614622504	0.38592583597427843	0.4572527025634712
0.1555456457167967	0.3849070627600669	0.45954729152313645
0.15193870712210078	0.38501932228117025	0.46304197059672914
0.15782221460396154	0.38533682977841865	0.45684095561761995
0.1529740063849243	0.385801438497138	0.46122455511793786
0.1602145694597862	0.38167157319811557	0.45811385734209836
0.1591344243107758	0.38221982969480467	0.45864574599441965
0.1555109378094034	0.38281178620555883	0.4616772759850379
0.15505838266825395	0.3882445678671764	0.4566970494645697
0.1572076378813395	0.3817790045680437	0.46101335755061695
0.16115325829365992	0.3856165920140662	0.45323014969227404
0.15136439462671386	0.3901753408960128	0.45846026447727345
0.15662196688587857	0.38598315447675974	0.45739487863736183
0.15475478654868213	0.38544236999797776	0.4598028434533402
0.15982109447220183	0.3824065343658565	0.4577723711619418
0.159061287834235	0.3796883651932653	0.4612503469724998
0.15883405643752202	0.3837689577315849	0.45739698583089317
0.15208628746142766	0.3869052418620923	0.4610084706764802
0.15444201678837302	0.3833533046030901	0.46220467860853703
0.15845089411330537	0.3836997560619613	0.45784934982473346
0.1544814446110146	0.3820402867416468	0.46347826864733865
0.15505119802353212	0.3844994988223323	0.4604493031541357
0.15505042330347463	0.3819844362214146	0.46296514047511095
0.15549039167935913	0.3831858328606771	0.46132377545996384
0.15685733641196792	0.3818160335959866	0.46132662999204566
0.15920043702238568	0.3808633162294083	0.4599362467482062
0.15656202258448665	0.3805859158103027	0.46285206160521075
0.1601881094070844	0.3858276462311024	0.45398424436181334
0.15565340034291109	0.38063110666396155	0.4637154929931275
0.1513810417626157	0.3901441740231057	0.4584747842142787
0.15304505339485927	0.3850393094411154	0.46191563716402545
0.15800023481272896	0.38156758943710145	0.4604321757501697
0.15270357285557992	0.3886734017124652	0.458623025431955
0.15936963238492052	0.3856667701949187	0.4549635974201609
0.15637624638187358	0.38160402997169823	0.4620197236464283
0.15510914870764075	0.38931650125143635	0.455574350040923
0.1546479269787266	0.3884484983454736	0.4569035746757999
0.155789908984966	0.38418978470165266	0.4600203063133814
0.15894570056198562	0.3848719176183513	0.4561823818196632
0.15948016703511725	0.3832266804888099	0.45729315247607294
0.1585723954380826	0.382121109340923	0.45930649522099454
0.15311088112111262	0.3846014698694257	0.46228764900946173
0.15719175360755708	0.3809178041384112	0.46189044225403186
0.1614309193850404	0.38513917272528825	0.45342990788967147
0.15532196434517484	0.3808945284718564	0.4637835071829689
0.15751921105341737	0.3881489431551767	0.45433184579140606
0.15671919823897984	0.38407913339254707	0.4592016683684732
0.15453901442928664	0.3836902296808978	0.46177075588981564
0.15654992407077473	0.3879044737676561	0.45554560216156936
0.1555646118898449	0.39016111171071394	0.4542742763994413
0.1521051022383351	0.38999323221774684	0.4579016655439182
0.15737157317039532	0.381025193207081	0.46160323362252376
0.1564065539773143	0.38647298718419587	0.45712045883848995
0.15368501367758114	0.3867683571863263	0.4595466291360927
0.15293171191555763	0.3892386674153663	0.45782962066907623
0.1535531062985422	0.38632464343500333	0.4601222502664546
0.15679714144561901	0.3818590246853521	0.461343833869029
0.15596929115158975	0.38758263904162865	0.4564480698067817
0.15638045845495382	0.3870834240389295	0.4565361175061168
0.15694911695051755	0.3808527374499576	0.46219814559952493
0.15359854973100334	0.3848802474933487	0.46152120277564807
0.1558912941613993	0.3850015467192701	0.4591071591193307
0.15896781571699892	0.38083320491128636	0.46019897937171483
0.15873429048405216	0.3836058671467162	0.45765984236923174
0.15992637967081408	0.383630497535818	0.456443122793368
0.15858537704414172	0.3880336066402176	0.4533810163156409
0.1549988429073193	0.3839694011040483	0.46103175598863255
0.15508920995077752	0.38977384528053777	0.4551369447686848
0.15981831210836966	0.382362191434195	0.45781949645743547
0.1529213169372532	0.38834527662038476	0.45873340644236216
0.1541383403994552	0.38246431361846656	0.4633973459820784
0.15910052858279022	0.38289949037099263	0.45799998104621725
0.1558589041720929	0.3850453539548598	0.45909574187304747
0.15226919549113807	0.386461561873842	0.46126924263502006
0.1550649730017429	0.3807006351907888	0.46423439180746845
0.15125901225781446	0.38828376109416735	0.4604572266480183
0.15905967840466023	0.38108444566352695	0.45985587593181293
0.15307308166274036	0.38995945850443714	0.4569674598328226
0.1604050062472177	0.3859658241678186	0.4536291695849638
0.15469852539468745	0.38830253763322575	0.45699893697208693
0.1605744173130626	0.38105903906788524	0.45836654361905227
0.15585712396290402	0.3832340673783704	0.4609088086587257
0.15674193336818562	0.38587501646275457	0.45738305016905995
0.15125882797326048	0.38485753693975255	0.4638836350869871
0.1583030913098181	0.38687773994989494	0.45481916874028705
0.1604333167254523	0.3825728156989546	0.45699386757559324
0.15901664910712004	0.3869145989507931	0.454068751942087
0.1541999240589636	0.38400439196871816	0.4617956839723184
0.15114321689651927	0.38719779097452545	0.46165899212895545
0.1588507130573774	0.38760562664692383	0.4535436602956988
0.1564104859186043	0.38913957553889367	0.45444993854250215
0.15478821766719864	0.3866054737215948	0.45860630861120666
0.15757023809345	0.38135807563474855	0.4610716862718015
0.15473256059126161	0.3833162355236116	0.46195120388512695
0.1555169892417267	0.3860775570910202	0.45840545366725327
0.15386316144621098	0.38455159884562307	0.461585239708166
0.15966979022669697	0.38583830837221533	0.45449190140108775
0.15451813821644075	0.3824324547396602	0.4630494070438992
0.1614951107941439	0.3813158436818205	0.4571890455240358
0.16015067054369136	0.3806595229459528	0.459189806510356
0.1567624509195401	0.37971152263327057	0.46352602644718943
0.1515113605474477	0.389768327668874	0.4587203117836784
0.15378575140396789	0.38361691511020013	0.4625973334858321
0.15422752109083793	0.38684697179527533	0.45892550711388685
0.15397216454300017	0.38540739934583673	0.4606204361111632
0.15449507800686085	0.3812971054683131	0.46420781652482623
0.16016066202849943	0.3847623864565412	0.45507695151495947
0.1596238685021633	0.38347114642409824	0.45690498507373856
0.15553375713369433	0.3833512807862118	0.46111496208009395
0.1558876624688359	0.3851977893958711	0.4589145481352931
0.16040812337085983	0.3824849846221587	0.4571068920069816
0.15929784354592702	0.3867138004542559	0.4539883559998172
0.15424716135062128	0.3832403678537194	0.46251247079565944
0.15519012901495333	0.3829218554130002	0.46188801557204656
0.16062348676803778	0.3849048652219611	0.45447164801000123
0.16014821442893384	0.38033251499673554	0.45951927057433073
0.16187051778508443	0.38178736960430315	0.4563421126106125
0.15684248718175847	0.38725776103091647	0.45589975178732517
0.1609931724220495	0.38210322931166435	0.45690359826628624
0.15546438321564843	0.3900695930060661	0.4544660237782856
0.1599041983478585	0.38051638897821766	0.459579412673924
0.15514070128602198	0.3825393491373466	0.46231994957663153
0.15759901488974465	0.3838852593265046	0.4585157257837509
0.15964611469103956	0.38418858883462126	0.45616529647433934
0.15841737285584645	0.3877714641328417	0.45381116301131197
0.1540345205841374	0.38665921173065426	0.45930626768520844
0.15239528002671174	0.3843473422016666	0.4632573777716218
0.15373331463857437	0.3876940657605571	0.4585726196008687
0.16091566860710177	0.38397597283978707	0.4551083585531112
0.151508716374613	0.38838077811683097	0.46011050550855614
0.1598283381393984	0.380036636791364	0.46013502506923776
0.1533922258597854	0.38798794766436945	0.45861982647584526
0.15963110909209272	0.3802848301074586	0.46008406080044884
0.156976214615084	0.3897998006669145	0.4532239847180017
0.1526720762254843	0.38817912445413505	0.4591487993203808
0.158249546818428	0.3843971341137438	0.4573533190678283
0.16045260657002874	0.3805643143826023	0.45898307904736907
0.15638687610745286	0.38372857337458854	0.45988455051795873
0.1583873062700811	0.3845758122376578	0.45703688149226124
0.15783318621821962	0.380888848270915	0.4612779655108655
0.15178062629613132	0.3843287805030049	0.4638905932008639
0.15819443691127572	0.384122949278103	0.4576826138106214
0.15121217946600568	0.3856898202265363	0.4630980003074582
0.15526546721463527	0.38266372542014754	0.46207080736521733
0.1587242869615791	0.3826613975841586	0.45861431545426234
0.15607101113732397	0.3840825596685473	0.4598464291941289
0.15612053017197858	0.3816994077033672	0.46218006212465435
0.1576873744068969	0.3854977038495767	0.4568149217435265
0.1582807699793088	0.3844566305511597	0.4572625994695316
0.1557120653072025	0.38694424422908785	0.4573436904637097
0.15490664601005089	0.38645882876647353	0.4586345252234757
0.15574817777652294	0.3872005126292679	0.45705130959420925
0.1590116194307508	0.38473852971236583	0.4562498508568835
0.15495904047040254	0.382844959555188	0.4621959999744096
