0.1776782066947207	0.2806363424495476	0.5416854508557318
0.1784739947494373	0.3185233281239556	0.5030026771266072
0.17864921091056565	0.28047901076924475	0.5408717783201897
0.16665929224134976	0.298009490151918	0.5353312176067324
0.1884838578495923	0.2516211709407652	0.5598949712096426
0.17156073496120533	0.30383488021181526	0.5246043848269796
0.1728935081761103	0.316978437357631	0.5101280544662588
0.1867645260162425	0.28922306051906743	0.5240124134646902
0.18457069316520544	0.26868300321625793	0.5467463036185367
0.17298060621037342	0.31630573144700724	0.5107136623426194
0.1803731623280155	0.2768962489460059	0.5427305887259787
0.18078923379803505	0.2769439120741375	0.5422668541278275
0.18099622611328745	0.25868206733806853	0.5603217065486442
0.18345943979269774	0.3074352453034974	0.509105314903805
0.18052348839802257	0.3179906106545303	0.5014859009474472
0.18423044818033582	0.30072932751471115	0.5150402243049531
0.18789801664890987	0.25185554463629845	0.5602464387147917
0.18181081606735644	0.2567881254084075	0.5614010585242362
0.1758225095019312	0.2892309343744129	0.534946556123656
0.17839547133232406	0.29960775140594953	0.5219967772617264
0.17111433279564708	0.27801011010427046	0.5508755571000825
0.1746037107167081	0.26636060956153407	0.5590356797217579
0.18592087883706032	0.30895261365690446	0.5051265075060354
0.18627915214200222	0.2798275333988984	0.5338933144590995
0.1766494762561248	0.28790333376492805	0.5354471899789472
0.18169600904564365	0.2715102576027587	0.5467937333515978
0.1721802059826428	0.29737646169670146	0.5304433323206559
0.18720442227735062	0.3080480658026592	0.5047475119199902
0.18790998185622584	0.29631926292841154	0.5157707552153628
0.1803714325755658	0.2903687262049186	0.5292598412195157
0.1727567728461163	0.28517416862660006	0.5420690585272838
0.1770383620984465	0.32016209916100147	0.5027995387405522
0.1809116197438969	0.29730255210063355	0.5217858281554697
0.18608270860027448	0.29275712413297084	0.5211601672667547
0.18927936438992535	0.2568832132219884	0.5538374223880864
0.16942547613530468	0.3304196375281495	0.5001548863365459
0.17484867952959	0.28389247684573216	0.5412588436246779
0.18663539742742738	0.26990440053444886	0.5434602020381238
0.187640418498022	0.2805307004426285	0.5318288810593497
0.1680784295466122	0.2955567034695125	0.5363648669838754
0.17518481055318477	0.2722186515403459	0.5525965379064695
0.17881831656132524	0.2659227438501386	0.5552589395885363
0.17889697134374904	0.26873275213058156	0.5523702765256695
0.18530810320537044	0.28378690174208226	0.5309049950525474
0.17102865223456554	0.27895175810733325	0.5500195896581013
0.17425809046922092	0.29577411197862724	0.529967797552152
0.1758716357395896	0.29383393948216696	0.5302944247782435
0.1717807197508092	0.2686240842279788	0.5595951960212122
0.17831537361417976	0.30981663633666734	0.511867990049153
0.18411507027206897	0.29006791302471285	0.5258170167032183
0.18204277909197708	0.2654258570904777	0.5525313638175453
0.17571093805664217	0.31480677911519883	0.5094822828281591
0.17126340058666656	0.30958969762769195	0.5191469017856416
0.16951488430590955	0.3284949273210533	0.5019901883730373
0.18792906897969067	0.28477792331094304	0.5272930077093664
0.18117162604992612	0.27855630183919056	0.5402720721108835
0.1813827534268856	0.2887187416754995	0.529898504897615
0.16951384115046095	0.29324008588545036	0.5372460729640889
0.17739363120545845	0.27072835497858205	0.5518780138159596
0.18901686904000894	0.29304087266489504	0.5179422582950961
0.1894478558637432	0.24983739417032996	0.560714749965927
0.16990226098847774	0.29374143393109614	0.5363563050804262
0.18633314232785178	0.29070507837466536	0.522961779297483
0.1722934479491071	0.3002238834202042	0.5274826686306888
0.1694052501820673	0.2828938037100096	0.5477009461079232
0.17461295962896317	0.26675410245049713	0.5586329379205398
0.18897170006328354	0.2966890357218974	0.5143392642148191
0.16922332748474064	0.27924646830567823	0.5515302042095813
0.1796492366667094	0.262730353087328	0.5576204102459628
0.17359943005914064	0.3140847657002694	0.5123158042405901
0.1707176347041108	0.2823174919422212	0.5469648733536681
0.17675720752249402	0.3069913784803423	0.5162514139971637
0.17990394431958706	0.3202134093548729	0.49988264632554014
0.18339388039335602	0.2952360305358055	0.5213700890708386
0.186186974252329	0.27106909033446047	0.5427439354132106
0.1707279724141785	0.2850171196970897	0.544254907888732
0.18726507128358916	0.26328052157357423	0.5494544071428367
0.16841060943866498	0.2872580259768468	0.5443313645844883
0.18571719443522114	0.2515848562681478	0.5626979492966312
0.17995675477943968	0.2712058824485652	0.5488373627719952
0.1843885761461578	0.28596235613493665	0.5296490677189056
0.17620073841691264	0.2718131210689526	0.5519861405141349
0.17660765389977723	0.30606590357620517	0.5173264425240177
0.16614243214198188	0.309520456381599	0.5243371114764193
0.17497291907369114	0.32466796916171337	0.5003591117645956
0.1883524778391762	0.2887298149046692	0.5229177072561547
0.16776749187021853	0.3135220264841172	0.5187104816456644
0.17192179342919456	0.2848248705751339	0.5432533359956717
0.18381384914098847	0.28200560761564686	0.5341805432433648
0.18033359228611884	0.27498616662924	0.5446802410846412
0.17986590708128503	0.25794449669271907	0.562189596225996
0.17032183009299423	0.3215248023067412	0.5081533676002647
0.17079638848915532	0.3279143653523301	0.5012892461585147
0.1879102985467237	0.255797958566255	0.5562917428870214
0.17424440957782714	0.28122146486726846	0.5445341255549045
0.16724516426911012	0.3079582072464914	0.5247966284843986
0.1868210578022111	0.2897745333822859	0.5234044088155031
0.181986084517747	0.2956595384961397	0.5223543769861134
0.17429907850776186	0.27990761631874317	0.5457933051734951
0.18461502571123767	0.3027059758648345	0.512678998423928
0.17750530735460765	0.2962796142539981	0.5262150783913944
0.17348940490042894	0.3077221810083527	0.5187884140912185
0.1742032022379219	0.3029322870802347	0.5228645106818436
0.18463600069188052	0.3103807558303634	0.5049832434777561
0.18828878832096782	0.25164301699810154	0.5600681946809307
0.1754131655875837	0.26209664112076386	0.5624901932916525
0.16677231902175638	0.2736522208364374	0.5595754601418063
0.17468695647954283	0.31388390953817524	0.5114291339822821
0.1830501568125	0.28164800212322805	0.535301841064272
0.1807787024161892	0.2678114731028862	0.5514098244809247
0.17850797502716786	0.28935193291379574	0.5321400920590366
0.1840682158456417	0.2776226379893878	0.5383091461649706
0.18946038743573246	0.2671274263741879	0.5434121861900798
0.17854153490968847	0.28529594974452716	0.5361625153457845
0.16875581606730328	0.2785595145634282	0.5526846693692686
0.18160364139826082	0.2926721478352624	0.5257242107664769
0.1662107682218476	0.3125609551701239	0.5212282766080286
0.1671224966455111	0.2723325393348455	0.5605449640196435
0.18197245423487812	0.3160395203870771	0.5019880253780449
0.17420487191168152	0.32024544282217426	0.5055496852661443
0.16747219725593793	0.2771519820224906	0.5553758207215715
0.18625930846179095	0.3065626938978916	0.5071779976403176
0.17660894912498534	0.28098061280506187	0.5424104380699528
0.1861409953131235	0.26428505529881874	0.5495739493880578
0.18848723081162289	0.2566766920325171	0.5548360771558601
0.18027411476700242	0.29013926165653575	0.5295866235764619
0.1805745463584013	0.26449704316934597	0.5549284104722528
0.18757247768873317	0.2674536701922997	0.5449738521189672
0.1716346181308409	0.2869129353543713	0.541452446514788
0.18866005113631956	0.3093317987484129	0.5020081501152677
0.18333013510770096	0.2616364079213084	0.5550334569709907
0.18381513035268354	0.28199008218084626	0.5341947874664703
0.17528955261093762	0.2932342746541042	0.5314761727349584
0.17702554461826728	0.2671677730189083	0.5558066823628245
0.1747525407707706	0.3096530367925365	0.5155944224366931
0.18596435650532975	0.2682443406824343	0.5457913028122361
0.1843157180117473	0.2678734164423937	0.5478108655458591
0.18366841249113028	0.2540938333360794	0.5622377541727904
0.16911738511598207	0.26903979837420355	0.5618428165098145
0.18352301853361747	0.2602216189589542	0.5562553625074285
0.178264945227221	0.2720492062557618	0.5496858485170173
0.18184964420332694	0.265360221565312	0.5527901342313611
0.16715546486771451	0.31397553078943624	0.5188690043428494
0.18501370885531523	0.28150221135595843	0.5334840797887265
0.1704342272467961	0.29594618154883096	0.5336195912043731
0.17824737562724674	0.321009377944131	0.5007432464286223
0.18339885479706763	0.3140754528854068	0.5025256923175256
0.1778802957505015	0.259329165114787	0.5627905391347117
0.1850290477959003	0.2850624805410984	0.5299084716630015
0.1869524001162835	0.29017962979787904	0.5228679700858376
0.16991984205276836	0.3207048889825028	0.509375268964729
0.16921548151563623	0.27493489282998296	0.5558496256543809
0.1789250632002299	0.30560356806839095	0.5154713687313792
0.17107806462136718	0.32288538521194277	0.5060365501666901
0.1807328179057339	0.29889014486433496	0.5203770372299312
0.17164840608679538	0.31537555331629774	0.512976040596907
0.16824384917742358	0.2765739206761112	0.5551822301464654
0.17370026352433113	0.2903388295661422	0.5359609069095268
0.18874209976866863	0.27255549291386083	0.5387024073174707
0.17253221460836693	0.3146611699089581	0.5128066154826751
0.17060834832040636	0.3182980587032226	0.5110935929763711
0.16758440146454004	0.3285595164189131	0.503856082116547
0.16762712042348654	0.31535548444930556	0.517017395127208
0.17886659615214803	0.3032800043200133	0.5178533995278388
0.17688976880674107	0.2848876425783814	0.5382225886148777
0.18843459626696876	0.2910823046552544	0.5204830990777769
0.18231267322316996	0.30569774752704243	0.5119895792497877
0.17281405856366305	0.2894468888240723	0.5377390526122647
0.17462873621116637	0.32409545287937935	0.5012758109094544
0.1764253951370126	0.30398174965442	0.5195928552085676
0.1874431058308493	0.3082916341048886	0.5042652600642622
0.17352748757559042	0.3112393819312848	0.5152331304931249
0.1830677195064568	0.31624147332043073	0.5006908071731125
0.17556308921954827	0.3004745250666426	0.5239623857138093
0.1871941732772145	0.25657366208625887	0.5562321646365268
0.1867415406679106	0.2518408755704846	0.5614175837616049
0.1794216327926608	0.3074728289476686	0.5131055382596708
0.18134334719837927	0.2851564129276526	0.5335002398739682
0.18251529045295273	0.28276425491112456	0.5347204546359228
0.1811743758009814	0.28296428701795406	0.5358613371810647
0.1712767737571071	0.3159374689206135	0.5127857573222796
0.17621182820921769	0.26696437019422803	0.5568238015965543
0.17853234784355945	0.2902291465612279	0.5312385055952127
0.17759383769546505	0.2634412797719757	0.5589648825325594
0.17644565996422606	0.2926155949662312	0.5309387450695429
0.17726224440020658	0.26646294135613047	0.5562748142436631
0.16738300769162595	0.3013884836049821	0.5312285087033921
0.1847021713381955	0.2760085561875548	0.5392892724742498
0.17733235399833816	0.2579125655778008	0.5647550804238612
0.17261604788986257	0.2783103460919679	0.5490736060181697
0.17145874047545046	0.30005707106173474	0.528484188462815
0.1691770526437408	0.32341202458796264	0.5074109227682967
0.1699851097736211	0.32494707003356105	0.5050678201928179
0.18265974207443883	0.265908069962553	0.5514321879630082
0.16620060789584315	0.3007966685343454	0.5330027235698116
0.18230503541503243	0.31583126738483597	0.5018636972001317
0.1713969105189189	0.28742344640832995	0.5411796430727513
0.18832617525859494	0.27258955590819794	0.5390842688332071
0.18665200832385329	0.30155727746914907	0.5117907142069977
0.1703711932330002	0.2833442213732941	0.5462845853937057
0.18773627298588147	0.30161365330036877	0.5106500737137499
0.18684767144055622	0.25461478615257205	0.5585375424068718
0.18906266554392487	0.25275249399968036	0.5581848404563949
0.17904788262865015	0.28920823086946745	0.5317438865018825
0.1723043372154239	0.2759558162832086	0.5517398465013676
0.16773440465373105	0.28432436252581766	0.5479412328204514
0.17105490507269247	0.3113549810799329	0.5175901138473747
0.17429656837294913	0.28260368064996827	0.5430997509770827
0.18740934017290165	0.26452957967732854	0.54806108014977
0.1756266501443182	0.31359547090828965	0.5107778789473922
0.17726866977882494	0.26386899020324145	0.5588623400179338
0.1802190635598509	0.3161754733225742	0.503605463117575
0.17146875434318803	0.32193760211495925	0.5065936435418528
0.17855616970838695	0.3127041749189505	0.5087396553726626
0.17888766409066809	0.2681587133416563	0.5529536225676757
0.18409274217659224	0.25213591556968884	0.5637713422537189
0.18506071430990068	0.3048566226273314	0.5100826630627681
0.1728118029662695	0.2938819843293965	0.5333062127043341
0.1768179392756563	0.30919916687408705	0.5139828938502568
0.17034046457591953	0.3215012157793213	0.5081583196447593
0.18186766481532426	0.28837760613899754	0.5297547290456783
0.16705525906649232	0.3155191586378454	0.5174255822956624
0.17344347049366274	0.30566343471414215	0.5208930947921953
0.1777699599973831	0.29951966443701084	0.5227103755656062
0.1881205098005248	0.26658208885605666	0.5452974013434186
0.18516652155895805	0.24990901801043688	0.5649244604306052
0.1816815387806225	0.31158472595118636	0.5067337352681912
0.17802815968047242	0.31835073513696993	0.5036211051825578
0.18070531122937636	0.25626045717921414	0.5630342315914096
0.17227041986532654	0.265170223817518	0.5625593563171556
0.1708422863964363	0.3218943667919091	0.5072633468116547
0.1708117799023002	0.2722144904880055	0.5569737296096944
0.1834805893689245	0.315980921779127	0.5005384888519486
0.17023740085193637	0.2731785480673407	0.556584051080723
0.17454297958867165	0.26619541970629956	0.5592616007050288
0.1814768791229766	0.2542440694329776	0.5642790514440459
0.17775018235276352	0.29597062667103724	0.5262791909761994
0.18700175354849521	0.2632977791175171	0.5497004673339878
0.17264032645153532	0.2810939381049096	0.5462657354435552
0.18556829052819537	0.25362025713260955	0.5608114523391952
0.1806527433760536	0.27442474693038366	0.5449225096935628
0.1830768726883306	0.27702720485383914	0.5398959224578304
0.17565495144508828	0.2665710121013772	0.5577740364535346
0.1688405281459124	0.2689454681033085	0.5622140037507792
0.1775998117992538	0.279780489579701	0.5426196986210454
0.17985949039467852	0.27980995659052743	0.5403305530147942
0.18494418882805894	0.2956562881889362	0.5193995229830051
0.1668447673153092	0.27042486326663845	0.5627303694180525
0.17168806795403238	0.27139114368688816	0.5569207883590797
0.18674425650970206	0.26859227478895586	0.5446634687013423
0.1682830826049017	0.2767516067965458	0.5549653105985526
0.1716216165533828	0.3207504340797861	0.5076279493668312
0.17834342205093903	0.3031303031107611	0.5185262748382999
0.1665874964618061	0.3005924713886811	0.5328200321495129
0.17148840093254597	0.3267029416550019	0.5018086574124522
0.1867831205895403	0.26972277258997135	0.5434941068204885
0.1717372788489397	0.2747532585924548	0.5535094625586057
0.1677833004593933	0.27514496787593157	0.5570717316646753
0.1886794548389111	0.26747707788612063	0.5438434672749684
0.16968189156487906	0.277683173018373	0.5526349354167481
0.17223726094935538	0.2731843186847108	0.5545784203659339
0.1720417557974556	0.308321489480862	0.5196367547216825
0.1687490129262028	0.29789864823372486	0.5333523388400725
0.18044581661901654	0.2620713630899473	0.5574828202910362
0.1729936437741191	0.30956962302609436	0.5174367331997867
0.1721357391116949	0.3084479631020818	0.5194162977862234
0.17687521324239122	0.3025737754740587	0.5205510112835502
0.1877663394368671	0.24933928192858462	0.5628943786345484
0.1792934253043781	0.2603698907883175	0.5603366839073045
0.18176555767014826	0.28050988254764814	0.5377245597822037
0.1797374734732728	0.31142865632049294	0.5088338702062344
0.1746162137730195	0.3075436190377006	0.51784016718928
0.18889335692820292	0.29280267870503773	0.5183039643667594
0.18630414478730162	0.2890115418598713	0.5246843133528272
0.18885021649151212	0.2661586257017908	0.5449911578066973
0.18281507847545864	0.28856626119839046	0.528618660326151
0.17808870146567626	0.2948310089778941	0.5270802895564298
0.18743903271638393	0.2730507403814322	0.539510226902184
0.18198918891132712	0.29815243933003116	0.5198583717586418
0.17643328591745575	0.29242275656205435	0.53114395752049
0.1698757418902269	0.31855119692376804	0.5115730611860052
0.17492721408954	0.2665641333889977	0.5585086525214624
0.17168642395523837	0.3208809038837138	0.5074326721610479
0.17227911224305023	0.283989213798474	0.5437316739584759
0.18946539569508233	0.3071184034981052	0.5034162008068126
0.1747900012117347	0.3140077330693796	0.5112022657188857
0.17006719969500592	0.3275199653402712	0.502412834964723
0.16764082122018667	0.26962267366839615	0.5627365051114173
0.16858100060509582	0.28328175889174817	0.5481372405031562
0.18551363722012784	0.2859877769135504	0.5284985858663219
0.16744997784296956	0.31591369944182196	0.5166363227152087
0.17296614369609645	0.30607191781653353	0.52096193848737
0.16865992193156842	0.31505446675973486	0.5162856113086969
0.18430244496595005	0.30208279772344343	0.5136147573106067
0.17630228501570783	0.3212092145700192	0.5024885004142731
0.16812510795281893	0.30942202719021367	0.5224528648569675
0.16761860241079285	0.3165687737902195	0.5158126237989877
0.18783979231287073	0.2772787976098994	0.53488141007723
0.17324949157239894	0.31524936219807886	0.5115011462295223
0.18019720546116375	0.27252111109904376	0.5472816834397927
0.16685855246216716	0.2862109741169946	0.5469304734208384
0.18427824040770313	0.261572731272125	0.554149028320172
0.17948079201913322	0.28769579118961897	0.532823416791248
0.18321876490513417	0.30956351408940835	0.5072177210054576
0.18507009014376885	0.29259176745514703	0.5223381424010842
0.18321353464994022	0.3104858048197879	0.506300660530272
0.18317675350555002	0.26813281086767493	0.5486904356267752
0.1821711686146424	0.28353224491653206	0.5342965864688256
0.17776175189668245	0.31341979127967334	0.5088184568236443
0.1794643996686934	0.3180535023977339	0.5024820979335729
0.1856121324949092	0.28737873763867683	0.527009129866414
0.1732942454404105	0.3112765357369162	0.5154292188226735
0.17127963836584578	0.2821414722160375	0.5465788894181168
0.17881487780416444	0.29853958409610887	0.5226455380997268
0.17453063030705918	0.2899908290564125	0.5354785406365284
0.1812536775229042	0.259952132086409	0.558794190390687
0.1693905585428558	0.2921466135994949	0.5384628278576494
0.18679345863320074	0.3127892163952347	0.5004173249715647
0.17822803610831897	0.3182321902550347	0.5035397736366465
0.17697502667447843	0.30030081869605957	0.5227241546294621
0.1849427667368589	0.30708275118343925	0.507974482079702
0.16714734434918607	0.2897480964474772	0.5431045592033369
0.1840289328149071	0.26534054767814286	0.5506305195069502
0.16612458961195808	0.29433901545617747	0.5395363949318646
0.18044950116043507	0.31483566338262853	0.5047148354569365
0.1747067510998111	0.2893641963897595	0.5359290525104295
0.16987797929989093	0.28746109547377197	0.5426609252263372
0.18193940708697975	0.30549650359613206	0.5125640893168883
0.17381473319338647	0.29541630359497295	0.5307689632116407
0.18861861758208395	0.2926656648671355	0.5187157175507806
0.18430254106919708	0.29126287486604396	0.5244345840647591
0.18001606156692504	0.30304124008302663	0.5169426983500485
0.18669446636967318	0.3091745453209892	0.5041309883093378
0.1756799751418059	0.30031101422207307	0.5240090106361212
0.1751181775329815	0.3237926342822115	0.5010891881848072
0.1675430293889208	0.32858947942300065	0.5038674911880787
0.17863725144681245	0.2826509763393643	0.5387117722138234
0.17947492509597773	0.2948295246527655	0.5256955502512568
0.18595328885397577	0.2536387492709755	0.5604079618750488
0.1679296969554914	0.27389670704524566	0.5581735959992631
0.18467847487623654	0.2719293266916766	0.5433921984320871
0.17867144102000437	0.3056993541759101	0.5156292048040856
0.18721858448228426	0.25400070020508864	0.5587807153126272
0.18293950481749097	0.2657773324992213	0.5512831626832879
0.18491915915259582	0.279646810964134	0.5354340298832703
0.17786510800618624	0.29597104665973034	0.5261638453340836
0.18562472282055287	0.2591126859548515	0.5552625912245958
0.18090875064224704	0.31410295904851954	0.5049882903092335
0.18190444885588936	0.2789394789391769	0.5391560722049338
0.17167789806202302	0.2654328079558897	0.5628892939820874
0.1887961222016319	0.31024239322434893	0.5009614845740193
0.1729244935276307	0.32305340819598355	0.5040220982763859
0.17034931788020286	0.26791743396022144	0.5617332481595758
0.17079244856563075	0.29184213590768243	0.5373654155266869
0.16989970147232517	0.2680207961961995	0.5620795023314754
0.1871114216265688	0.2695722467287531	0.5433163316446782
0.18640660941744483	0.2740194705850628	0.5395739199974925
0.17176810790366717	0.27393140231323837	0.5543004897830945
0.17272345582958076	0.32674126321741964	0.5005352809529997
0.18308391765715545	0.2989908120331864	0.5179252703096583
0.16935502591787058	0.2888709596524599	0.5417740144296697
0.1700618844055406	0.31215926629373125	0.5177788493007283
0.18937699521238746	0.24973393919168738	0.5608890655959253
0.1843637631143212	0.3124248991208691	0.5032113377648098
0.1691132927767175	0.31255245451994257	0.5183342527033401
0.17451958659796823	0.31434599476845543	0.5111344186335764
0.18059582500337837	0.28979358978580616	0.5296105852108156
0.18377227784016267	0.2858270978241751	0.5304006243356624
0.18262179624140706	0.30517199616578095	0.5122062075928121
0.17736121860198803	0.31536290870708866	0.5072758726909234
0.18127155979347945	0.26733845289119434	0.5513899873153263
0.1749605059163899	0.32315733300813554	0.5018821610754747
0.18916250793442035	0.2736642947756268	0.5371731972899529
0.17865293479746816	0.3033184964853108	0.5180285687172211
0.16792754280025593	0.2960723763046208	0.5360000808951234
0.1745045227927486	0.2998029360204047	0.5256925411868468
0.18380603121376915	0.2919401510861037	0.5242538177001272
0.1662661269997215	0.29055473498788553	0.5431791380123931
0.1693061029494077	0.29659646190474764	0.5340974351458448
0.18080593249865767	0.27318019808009647	0.546013869421246
0.17046820692425318	0.28108779219860186	0.5484440008771451
0.17914123212655797	0.31145958299385473	0.5093991848795874
0.1858971931910057	0.27209012391698967	0.5420126828920048
0.1888685922846821	0.27778600328518593	0.533345404430132
0.17173421900194372	0.271386671199611	0.5568791097984453
0.18537148630720543	0.25132092945801404	0.5633075842347807
0.17011624197341801	0.2994232934730078	0.5304604645535743
0.16981011259097684	0.29490876535361066	0.5352811220554126
0.17274662087750697	0.2709160664758713	0.5563373126466218
0.17371722399584233	0.27315944609223103	0.5531233299119267
0.1738932645145746	0.321903318617167	0.5042034168682585
0.18104221977435442	0.31237222595183867	0.506585554273807
0.17364562886755652	0.2876774134360838	0.5386769576963598
0.18865324445658077	0.2581011322476208	0.5532456232957985
0.1715556847883484	0.32418801373464756	0.5042563014770041
0.16978112753303137	0.3166881900365631	0.5135306824304056
0.17261246368167016	0.2684958497579497	0.5588916865603802
0.16908841597678387	0.3100663433649459	0.5208452406582704
0.18308890801231859	0.31102736447229307	0.5058837275153885
0.17585683548186642	0.30370143844707337	0.5204417260710603
0.1854033863713476	0.2998161426329161	0.5147804709957364
0.18076340685666845	0.2910917160467914	0.5281448770965402
0.18785292995759792	0.291923328451365	0.5202237415910372
0.17934348598882166	0.31640458433012303	0.5042519296810554
0.18650842478265522	0.259136184963346	0.5543553902539989
0.18454263609073773	0.2844897239254256	0.5309676399838368
0.1664299419663245	0.28140198296243163	0.552168075071244
0.1784228742116239	0.2934969186570039	0.5280802071313724
0.16825774968452675	0.2903588966086445	0.5413833537068289
0.17784282005162647	0.2716957755295909	0.5504614044187828
0.16841841004223795	0.2814485616906857	0.5501330282670764
0.1753935538911908	0.2979110062593361	0.5266954398494732
0.18056632512172047	0.2925108942710507	0.526922780607229
0.16709461701886397	0.3224747866891938	0.5104305962919423
0.17324855661235147	0.26943217473504943	0.5573192686525992
0.16959093349475268	0.2765855726921604	0.553823493813087
0.17671411876683513	0.29916646740278185	0.5241194138303831
0.16838043310477288	0.2837232949000734	0.5478962719951538
0.17993800312018343	0.2592680964794195	0.5607939004003972
0.17252144924500687	0.28456357032266344	0.5429149804323299
0.1694202235118632	0.32756694703296657	0.5030128294551703
0.1748183315790645	0.3059685815119471	0.5192130869089885
0.17116368120834957	0.26801465736133	0.5608216614303205
0.16978304485614681	0.28566082764162753	0.5445561275022257
0.17912235073130084	0.29074066832468604	0.5301369809440133
0.17586182804034425	0.27465240904700167	0.5494857629126542
0.16954930354020392	0.31342061944636346	0.5170300770134327
0.16936852042226008	0.30493347047093117	0.5256980091068089
0.18385946919043147	0.29357909339022153	0.522561437419347
0.18722884449623287	0.2487661353584858	0.5640050201452814
0.1833524743629644	0.28838287525709544	0.5282646503799402
0.17551165250043047	0.2771155348102991	0.5473728126892706
0.17115937820684884	0.31333967546860086	0.5155009463245503
0.18519796858365686	0.25957447616654816	0.5552275552497951
0.18847094701188358	0.2597996038296152	0.5517294491585013
0.17634401127626292	0.2652915280584468	0.5583644606652904
0.18053842982173782	0.30341909419497	0.5160424759832922
0.17780077656394896	0.3025980389084529	0.5196011845275983
0.1778516493722755	0.26515168854163884	0.5569966620860858
0.18218114909905997	0.2560601759477046	0.5617586749532355
0.1778383699155802	0.27961195574026815	0.5425496743441518
0.17270434117267972	0.2815521725242993	0.545743486303021
0.1686138082377677	0.270097905188879	0.5612882865733534
0.185050616332876	0.27253035216730703	0.5424190314998171
0.18032944049663674	0.26755061486222126	0.5521199446411421
0.17009372378301316	0.2942941766546369	0.5356120995623501
0.18095704087485537	0.31822561480989275	0.5008173443152519
0.18123228646488498	0.31079476236513975	0.5079729511699754
0.16636149647109322	0.3201418715255704	0.5134966320033365
0.17463040767847526	0.3177880001980746	0.5075815921234502
0.18912868599239188	0.25070453768386947	0.5601667763237388
0.18316855504921192	0.2775561032911731	0.5392753416596151
0.1715364272904925	0.28816102316404935	0.5403025495454583
0.1795320265947502	0.2970157596914181	0.5234522137138318
0.17532323831623595	0.2998525959107133	0.5248241657730509
0.1669303005053521	0.27661305128038827	0.5564566482142598
0.17618186842236294	0.3173696386030634	0.5064484929745738
0.17021054445114053	0.2878432545860884	0.5419462009627711
0.18825976563137953	0.30264522961828016	0.5090950047503404
0.17777608286327504	0.26108609225505436	0.5611378248816707
0.1718765401653031	0.2869097394248725	0.5412137204098244
0.1790440451389614	0.2740210326145769	0.5469349222464618
0.17517972359257725	0.2731841844454004	0.5516360919620225
0.16798900550611265	0.27167987857754067	0.5603311159163469
0.18184940047320747	0.3139405775620599	0.5042100219647327
0.18613192319027635	0.275027286889672	0.5388407899200518
0.17556569718608336	0.32062207118967984	0.5038122316242368
0.17872473099248665	0.26334822895826937	0.5579270400492441
0.17338789039900487	0.30787964579877036	0.5187324638022249
0.17289158959180032	0.3059498221240177	0.521158588284182
0.17304223360886947	0.3153405327861426	0.511617233604988
0.18215171244022452	0.2688153595143043	0.5490329280454713
0.18475901164951541	0.25598538005432686	0.5592556082961578
0.18533956052008685	0.3078779071766713	0.506782532303242
0.1853874664757508	0.30789552532597686	0.5067170081982725
0.1736433838563203	0.27951004896907816	0.5468465671746017
0.1869664736138896	0.28701491461169487	0.5260186117744157
0.1854658097324881	0.29209244712143567	0.5224417431460764
0.18655870819027934	0.2647321163949107	0.5487091754148101
0.1870381622062004	0.31110440481264956	0.50185743298115
0.17104568555332095	0.2925721162895399	0.5363821981571393
0.1832000327628164	0.2644329807988981	0.5523669864382856
0.17550836454456273	0.30974423408991547	0.5147474013655219
0.18134585162012845	0.2989202057839358	0.5197339425959359
0.18574515584144813	0.2986627983384307	0.5155920458201213
0.17942691568050728	0.3106295612358902	0.5099435230836027
0.16909239169029291	0.27321141646808084	0.5576961918416263
0.1681576154437252	0.30791631177589124	0.5239260727803836
0.1776176624790053	0.27061075619043506	0.5517715813305597
0.1758472728962397	0.26367311089393064	0.5604796162098298
0.17344306576166812	0.270517500701989	0.556039433536343
0.18901531882105727	0.3064850391716028	0.5044996420073401
0.17679385109709866	0.3203137487190536	0.5028924001838478
0.18468396284316754	0.253490190606962	0.5618258465498707
0.17389153770380683	0.28814572113343984	0.5379627411627534
0.1771284367369244	0.30403412270126673	0.518837440561809
0.18910299995142837	0.2771118646591196	0.5337851353894522
0.18208819652880354	0.2917764520148173	0.5261353514563794
0.1889162515804485	0.2498069839108225	0.5612767645087291
0.18593535388920343	0.29496698542954053	0.5190976606812562
0.17817841412987798	0.2906305251780563	0.5311910606920658
0.1748754118772904	0.2672827102095292	0.5578418779131805
0.1708103143602025	0.3157335594208671	0.5134561262189306
0.17961433024167509	0.2663725124713125	0.5540131572870125
0.17825730708193918	0.27647709023148104	0.5452656026865799
0.16865264406494657	0.29996274282585267	0.5313846131092008
0.1721773227758074	0.2967519888686644	0.5310706883555283
0.16840929708220423	0.3108928909191668	0.5206978119986291
0.16842551366170372	0.2675382246658079	0.5640362616724885
0.18930624672819998	0.26309354147231123	0.5476002117994889
0.18824102322613787	0.2605090644685499	0.5512499123053124
0.16667289969622956	0.2949781380456622	0.5383489622581084
0.1887191112213597	0.2703255333988168	0.5409553553798236
0.18339918245914652	0.27414543062236185	0.5424553869184918
0.1674465315555484	0.2885480859933221	0.5440053824511296
0.17391067952902522	0.28730870027002126	0.5387806202009536
0.17892215595069913	0.26563386114002174	0.5554439829092792
0.1882748426207492	0.24953211513973497	0.5621930422395159
0.17223400714466738	0.3234510156594526	0.5043149771958801
0.17326097048410605	0.322762683693994	0.5039763458219
0.17850959033074754	0.2613582000784779	0.5601322095907748
0.16783546100705882	0.3007232969776874	0.5314412420152539
0.16824704647181538	0.32617929519075983	0.5055736583374248
0.1747248015505062	0.27729738312831737	0.5479778153211765
0.17377474603450377	0.3126848916829083	0.513540362282588
0.17502530948942996	0.30133251473795974	0.5236421757726104
0.18123927172302404	0.2628839664208132	0.5558767618561629
0.1880007097724202	0.26678869544232786	0.545210594785252
0.18646341736562957	0.263483935071375	0.5500526475629955
0.1786469371951682	0.26492542743349606	0.5564276353713359
0.1834926265887756	0.29671334751182965	0.5197940258993948
0.1864149558550282	0.26200444809369317	0.5515805960512787
0.18909523292123404	0.2577719115033065	0.5531328555754595
0.18497178314326582	0.27342005643792433	0.5416081604188099
0.1811797164496861	0.31443417941102014	0.5043861041392939
0.16796659785044626	0.3013613438499452	0.5306720582996086
0.1883936143364516	0.2795682004654163	0.5320381851981322
0.18773760940729814	0.291286850391086	0.5209755402016161
0.1763158442064098	0.2829042965662982	0.5407798592272921
0.17117066694158006	0.2978469159310559	0.5309824171273642
0.18760569370427385	0.3043113813297334	0.5080829249659928
0.17932609467937635	0.2899803203942817	0.5306935849263421
0.17406749485559442	0.2920672199133429	0.5338652852310628
0.1682541121388533	0.28503573395783177	0.546710153903315
0.1827939754882701	0.2696944973051842	0.5475115272065458
0.17057430096403842	0.27119589905593977	0.5582297999800219
0.17077697795956678	0.2742328384811618	0.5549901835592715
0.17505579561585893	0.317655505608452	0.5072886987756893
0.17260348567110098	0.3063466278769207	0.5210498864519785
0.16855607602041553	0.31886333904662895	0.5125805849329557
0.18155957932055458	0.28747599931135676	0.5309644213680889
0.18195295920484228	0.25628595692084943	0.5617610838743083
0.18414860835842084	0.2677890120277936	0.5480623796137857
0.17706085118472503	0.288756833491694	0.5341823153235811
0.18652005449308312	0.2905788739832922	0.5229010715236249
0.17667787760473255	0.27690839805677664	0.5464137243384909
0.18507834823668193	0.27599437982919733	0.5389272719341208
0.1830139391148622	0.2996355149239819	0.517350545961156
0.16838077886791272	0.28412116549589295	0.5474980556361944
0.16738001402063	0.31054699858343693	0.5220729873959332
0.18152239000133194	0.28149918336967567	0.5369784266289925
0.18050442147902707	0.26593668459454683	0.5535588939264262
0.16891407789403085	0.2961183526496854	0.5349675694562839
0.18941686351807116	0.2657679118014287	0.5448152246805003
0.16867803867368586	0.314158989840078	0.5171629714862362
0.18278099628787378	0.2949630061310981	0.5222559975810283
0.17142188841106834	0.3057431888808994	0.5228349227080324
0.18475608979444352	0.27953589306256243	0.5357080171429942
0.18807787718588806	0.307212636098988	0.5047094867151241
0.17010439072177402	0.2691204149105825	0.5607751943676437
0.17604825688535816	0.2622410317399244	0.5617107113747175
0.1814942300119894	0.268823345223595	0.5496824247644156
0.18690577957904894	0.30645013967750906	0.5066440807434421
0.17724254725534244	0.2736525022133784	0.5491049505312793
0.16854279558705074	0.2667022879742006	0.5647549164387488
0.18511975387103025	0.31193073725836495	0.502949508870605
0.18042553438496078	0.27555356273514525	0.5440209028798941
0.17718620560289597	0.2733980336133459	0.5494157607837582
0.17913587524224187	0.25765765925060574	0.5632064655071525
0.17197383283286996	0.2723282973238357	0.5556978698432944
0.18940073034841745	0.25877064378536596	0.5518286258662167
0.17984196576553163	0.281712978856131	0.5384450553783375
0.17677614831609606	0.25928854602832274	0.5639353056555814
0.18172167848304213	0.26271252567385817	0.5555657958430998
0.1708859756033098	0.2845164984753864	0.544597525921304
0.17852781204625198	0.2841788202046116	0.5372933677491365
0.1832945128004957	0.2685036639949244	0.54820182320458
0.18938969523465224	0.26933465195147827	0.5412756528138697
0.1840590634445741	0.29470744850199526	0.5212334880534307
0.1860083172405493	0.30346513515854145	0.5105265476009093
0.18142331913739182	0.27823917373176865	0.5403375071308396
0.17187352610443213	0.2861326410232246	0.5419938328723434
0.1894951447418582	0.2999191152337678	0.5105857400243741
0.16735403520741865	0.30608478483809237	0.5265611799544891
0.1766518230275403	0.31967068346000493	0.5036774935124549
0.18113912609899835	0.29582480726396365	0.523036066637038
0.17896507308314935	0.3180041860588237	0.503030740858027
0.16715852472855125	0.3097188164540178	0.523122658817431
0.1685323188920334	0.330796985650392	0.5006706954575747
0.17269350236001896	0.31841086208382896	0.5088956355561522
0.16795914617319202	0.31696247117017445	0.5150783826566336
0.18637704460686505	0.29071085472690494	0.5229121006662302
0.1810242720989189	0.29116295768034606	0.5278127702207351
0.1780503980526445	0.29919608566353595	0.5227535162838196
0.1843616036224389	0.27064161926705743	0.5449967771105038
0.17015227450780057	0.3058083791451662	0.5240393463470334
0.17434526241760664	0.2625423338110975	0.563112403771296
0.17401473421349778	0.30899714755634783	0.5169881182301546
0.183317222096792	0.25547814257398277	0.5612046353292254
0.1754199388468244	0.2756622609159652	0.5489178002372105
0.16834323873064994	0.32450288812367534	0.5071538731456748
0.1791664840828337	0.30463817662695825	0.5161953392902081
0.17841181032428494	0.2809032038533239	0.5406849858223912
0.1662458027522906	0.27422871616035605	0.5595254810873534
0.17767569303275166	0.2686506998939503	0.5536736070732982
0.17114409666418243	0.28095751886489767	0.5478983844709201
0.18579306727057437	0.26261373005087557	0.5515932026785502
0.18841258398110852	0.2676690268539085	0.5439183891649831
0.17086489099955088	0.30059548270079084	0.5285396262996584
0.1716904337379916	0.28179930953813825	0.5465102567238703
0.17473101463620652	0.30510646664898466	0.5201625187148089
0.18875036316237898	0.27427374902573304	0.5369758878118881
0.1858290588623964	0.31285693405311554	0.5013140070844881
0.16695351731345565	0.29193617576969944	0.541110306916845
0.1850424519576973	0.2833636057415869	0.5315939423007159
0.16651860085790038	0.3289151563675117	0.5045662427745881
0.16964139793530408	0.27842264681444173	0.5519359552502543
0.17702678553707143	0.2903322030801392	0.5326410113827895
0.17877458175157798	0.28590162852737444	0.5353237897210477
0.1720391953155206	0.2824683129691378	0.5454924917153418
0.18380573555010415	0.29127540182787176	0.5249188626220243
0.18395959718223612	0.2822077838738981	0.5338326189438659
0.18084595275994925	0.3093172934730819	0.509836753766969
0.16881647520906712	0.2832059122023608	0.5479776125885721
0.16651504362194666	0.2712330682341204	0.5622518881439331
0.17747986554494535	0.2759620954019361	0.5465580390531186
0.1709745565515169	0.27570663717999344	0.5533188062684898
0.18386236808784387	0.31390452318470696	0.5022331087274492
0.17779400536229018	0.29017471769222797	0.5320312769454819
0.18675946951202108	0.28016717735734686	0.5330733531306322
0.18225169290123905	0.2891246905140547	0.5286236165847064
0.16677634928373897	0.3022537374091918	0.5309699133070693
0.17827299194351842	0.2956596868619357	0.5260673211945459
0.17889660072279068	0.31792586791935507	0.5031775313578544
0.18745922900251724	0.2842907110098657	0.5282500599876172
0.18543910147158643	0.25331448559641323	0.5612464129320005
0.189082771703455	0.2522650636736722	0.5586521646228729
0.18942566763161445	0.2984724628144939	0.5121018695538917
0.16774187232738774	0.30281130397179434	0.5294468237008181
0.17033357072377597	0.3152925615452867	0.5143738677309375
0.18092845038719263	0.263650324123613	0.5554212254891945
0.16863037013195709	0.2805103962835514	0.5508592335844916
0.17945293246114566	0.28609691789945685	0.5344501496393976
0.18845601199370832	0.2998760025892585	0.5116679854170333
0.17118132263131175	0.3197278805551975	0.5090907968134909
0.1766092454796504	0.2704605474623931	0.5529302070579566
0.18944602030557617	0.29634816403916764	0.5142058156552562
0.18689807713458895	0.25597008909434227	0.5571318337710689
0.18356628987577786	0.3017078152250589	0.5147258948991633
0.1728469970229361	0.3222989038256474	0.5048540991514165
0.17660811833634402	0.31665977392345734	0.5067321077401987
0.18433438400825594	0.2665822336469613	0.5490833823447828
0.1789020033966043	0.2682118021917542	0.5528861944116417
0.16978440689893898	0.26730763426909243	0.5629079588319688
0.18054740681068035	0.2883526174451182	0.5310999757442015
0.1708617935174174	0.3229624640055698	0.5061757424770128
0.18358190535103486	0.30128086508811447	0.5151372295608507
0.18095654453839136	0.3159543672396308	0.503089088221978
0.1757992516733081	0.2698254114295675	0.5543753368971245
0.17220414711993257	0.32477438249964263	0.503021470380425
0.18655989258185998	0.29016635097826765	0.5232737564398725
0.17570947947736418	0.26676946197226137	0.5575210585503746
0.18935569413565395	0.2642523590490997	0.5463919468152465
0.18528774177768031	0.27955285244301575	0.535159405779304
0.18303179128004596	0.2643463685560077	0.5526218401639464
0.18625019665037534	0.2672847506376582	0.5464650527119665
0.1744097729266053	0.312292341441838	0.5132978856315569
0.17270531781010848	0.2944415597639287	0.5328531224259629
0.18242050019064224	0.3071168422086582	0.5104626576006996
0.17308349543731813	0.2754331160876665	0.5514833884750154
0.18374249232278939	0.3130701169420317	0.503187390735179
0.1764469267389227	0.305772620994074	0.5177804522670035
0.18134012701499913	0.30407099308629554	0.5145888798987054
0.17307560590464452	0.3119751783278449	0.5149492157675107
0.18358285507486802	0.27224082785294224	0.5441763170721898
0.18032620315148803	0.2695501277596818	0.5501236690888304
0.1788658366439317	0.2930918702982892	0.5280422930577792
0.1692912581950431	0.3141405138762339	0.5165682279287231
0.18676758040874863	0.2942813388589634	0.5189510807322881
