0.23534227472316227	0.07292427331812854	0.3046303338077129	0.15283780083240786	0.23426531731858818
0.2043575807936071	0.09189426248659574	0.31738786199876723	0.15950633057934635	0.22685396414168335
0.23724443866277653	0.08658014024046626	0.30366331813750225	0.15393703353478821	0.2185750694244665
0.2245919501549893	0.0900069004201753	0.30700566243253574	0.16207483822599722	0.2163206487663022
0.21598722391538183	0.08442490916906534	0.3096871485130248	0.15910515007323667	0.2307955683292911
0.22894054114843	0.07538610452074505	0.3060048043913357	0.16044362795973974	0.2292249219797493
0.21746182783792917	0.07823252749831222	0.31713595699973784	0.1615598475609068	0.22560984010311377
0.20701842950477847	0.08818537109871663	0.31612042742140384	0.1635175261649535	0.22515824581014737
0.23175993955852153	0.072756412249803	0.3052634826488659	0.15271541270092193	0.23750475284188738
0.20554161406594865	0.09611022020113805	0.3110429714892097	0.15898793684711723	0.2283172573965862
0.2172781701340582	0.10198930817071238	0.30726073393485986	0.15641307025398274	0.21705871750638658
0.20595912710245926	0.07297673837914578	0.3226876850338598	0.15686689299051487	0.24150955649402006
0.2246214720871146	0.0671335688946158	0.3222639029380179	0.1607476935693797	0.22523336251087178
0.2307873797462967	0.09347037968944985	0.2990532447887718	0.16035765394450635	0.216331341830975
0.22087019881776393	0.07649682262140041	0.31437291539242784	0.16204145932008623	0.22621860384832135
0.20686392490756306	0.08263242635385061	0.32385709814297137	0.15977209138609638	0.22687445920951838
0.22364563920379799	0.07529846104440682	0.3030613088577448	0.1578057300570599	0.2401888608369903
0.23687883861500447	0.07228499295757265	0.3030462427322027	0.160048996140898	0.22774092955432199
0.2126504574738066	0.07132029366337495	0.3227134165996071	0.16351895611583164	0.22979687614737945
0.22484830505008546	0.0901425236205069	0.31378524464566704	0.15319954897009325	0.21802437771364713
0.22112617868966453	0.0870066217513469	0.3096606305455405	0.1548529884717988	0.22735358054164906
0.2201818377887333	0.0881511072438098	0.3234127978458819	0.15292582341638328	0.21532843370519147
0.22403163990082564	0.07394384789819117	0.311413285332804	0.1611690009858618	0.2294422258823172
0.21627168179941036	0.07287468647263828	0.3184555728442434	0.15577074867185187	0.23662731021185585
0.22430759115015717	0.0672420623154259	0.3164893553451184	0.16274597021165854	0.2292150209776398
0.2319608452522124	0.07574799693672243	0.3118128580615931	0.1587215163373245	0.22175678341214727
0.21070756062569498	0.09382609302156035	0.3163215354568853	0.15453205661502908	0.22461275428083002
0.23031121640462043	0.06600944877732112	0.3239913061611421	0.1584975756669775	0.22119045298993864
0.21059979189961103	0.09181727118395513	0.30760700241412875	0.16332018633442116	0.2266557481678837
0.22558151311644686	0.07313458405659726	0.3259229271095979	0.161097722940447	0.21426325277691075
0.21006280790730544	0.08652597064228358	0.3187178668700678	0.16214464936934583	0.22254870521099712
0.2092882754572938	0.09871183103278533	0.30219424161154884	0.15952163173233286	0.23028402016603897
0.20443958191896966	0.08541807778982612	0.3105905759652694	0.16101785555390494	0.23853390877202965
0.21120969082131585	0.08558382983137673	0.32290370252641787	0.16237010824108747	0.21793266857980184
0.2189257822143397	0.09012826991406178	0.31140459722267755	0.15321059671481047	0.2263307539341103
0.2233558363495358	0.07339325343370345	0.31989205557358963	0.15950105216017824	0.2238578024829927
0.2244360317132394	0.0930581774927953	0.30140124945309965	0.1643870825481588	0.2167174587927066
0.22421525566859626	0.08292670161750007	0.30445000533383737	0.1564202011843954	0.23198783619567065
0.22150171553112738	0.09196121190981307	0.3054732110129398	0.15840737947248806	0.22265648207363142
0.23327089643811533	0.06547793811437108	0.3174993353679141	0.15827108667675724	0.225480743402842
0.21604430642656383	0.07607914397310933	0.3139018343473712	0.1581846610926352	0.2357900541603202
0.20877625474254174	0.08112194062499967	0.31673594565906654	0.16166830044898667	0.23169755852440516
0.2164070497255018	0.07979487407259755	0.3067060042270602	0.1579254616311706	0.23916661034366965
0.212648607215475	0.09111432307677146	0.3033724738448318	0.15824348307388675	0.2346211127890347
0.2415229064363362	0.06680647133401199	0.31249206795500717	0.1635166647862778	0.21566188948836662
0.2338202873650968	0.07236975543496743	0.305606946028498	0.15817374733570705	0.23002926383573047
0.2244420158278018	0.08462509612865071	0.30824480366989016	0.15410807555034908	0.22858000882330803
0.22043753344952718	0.08655013267227384	0.3156940128779547	0.16199304381897223	0.21532527718127178
0.21740203607275904	0.0766737566772086	0.32103657206117975	0.15846797141274144	0.22641966377611092
0.2216839213346301	0.10121269480400343	0.29986590373405814	0.16031559738238754	0.21692188274492055
0.20597064883640862	0.09811374273771538	0.3090864145419321	0.15526227421011976	0.23156691967382387
0.21009141622452016	0.09152048122736883	0.3105345128027911	0.1583323319918828	0.22952125775343685
0.2289753631254125	0.09331863835484695	0.2992393214463092	0.16111466737472807	0.217352009698703
0.23575305364803298	0.07201491216531597	0.30376120871715734	0.15834346744452096	0.23012735802497253
0.2183922218204133	0.09114654279149437	0.30902237591117726	0.1575970994665819	0.22384176001033296
0.2261721790419936	0.08366101387321015	0.29885213018129525	0.16276026396160875	0.228554412941892
0.2222923970263565	0.09063449787503434	0.29813545255297846	0.16451712226466458	0.2244205302809659
0.21257966294862599	0.08498177785153728	0.3026544366003159	0.16040075502962667	0.23938336756989398
0.20424692163581773	0.08181339574796195	0.31736964247631544	0.1629893220427136	0.23358071809719105
0.2275568932394772	0.06721767563552708	0.3106569231232152	0.1600299218274411	0.23453858617433915
0.2186209991388914	0.09931403703595233	0.30692943001159567	0.15482896094615034	0.22030657286741
0.2306673980664441	0.08805958914307999	0.3022992841653184	0.16154239284013788	0.21743133578501936
0.22563067655368604	0.07959106575681132	0.320926585711957	0.15288443651051323	0.22096723546703217
0.23296244593510246	0.07865636773427602	0.312373536602251	0.16027262275722462	0.21573502697114572
0.20617385620133774	0.09327872647023756	0.3147540321592778	0.1603034725545335	0.22548991261461326
0.21292070839912236	0.06991883362322379	0.32480929713196505	0.15785248426897863	0.23449867657670992
0.22331550139975317	0.08333683049570045	0.3142787997235226	0.16344841808606095	0.21562045029496263
0.20914793740386708	0.08530834589980225	0.310547898315566	0.15467975184626057	0.24031606653450385
0.23886452953833773	0.0692880902841522	0.2989487226256574	0.16428683398591254	0.22861182356593984
0.22861654779456653	0.06540374436845248	0.30366574688038594	0.16346228208808455	0.23885167886851025
0.20910175214915544	0.078483587146538	0.3143155274371495	0.15945630285713952	0.23864283041001727
0.23066044038012218	0.08079221405262403	0.3084016387241034	0.15623145638398964	0.2239142504591605
0.22749367562320735	0.09152620374413231	0.3082847605099336	0.15676672304655315	0.21592863707617338
0.20869173725111229	0.08948689269400763	0.32421194294198397	0.15467381483183282	0.22293561228106307
0.21040035664879342	0.08798331483503975	0.30684329027459123	0.15838867054154068	0.23638436770003474
0.21043989438581107	0.07605088041997037	0.3192193719681617	0.1633164019472481	0.23097345127880856
0.20664927215626552	0.09249299704263642	0.3263935267006023	0.16009797238622167	0.21436623171427385
0.23341005333495873	0.07624999254333424	0.3105178160729299	0.16024600541545164	0.21957613263332526
0.21071804650135537	0.07577984128403224	0.316559342003415	0.15850249864482235	0.23844027156637482
0.22529150750680788	0.09099299478608472	0.3060874978336677	0.1530442476466854	0.22458375222675409
0.2057143983442611	0.08395542420583749	0.3245073793641128	0.15288502731734077	0.23293777076844763
0.23208521698432752	0.07641018308043504	0.3055179467584249	0.15853253357138752	0.22745411960542475
0.21729229044146053	0.08840338099107693	0.30975991369363626	0.1550988983831945	0.22944551649063158
0.2228284067776115	0.07531830769849344	0.32167669704866314	0.15833070957938478	0.2218458788958469
0.22722011612487666	0.0707451709083553	0.3113166681322955	0.1626017460926346	0.2281162987418377
0.2130895273460388	0.07965237872417986	0.314376896073388	0.16090185624123574	0.23197934161515738
0.23123670457429019	0.06621293343467466	0.318737106562906	0.15902643922253018	0.22478681620559873
0.2189604009080255	0.09254781606237074	0.3074099609867178	0.15447977190089612	0.22660205014198959
0.21007029075602457	0.08960106884220827	0.31590353339147276	0.1595954583029103	0.22482964870738387
0.2255032483588746	0.06882526773776232	0.317358245751576	0.16441856792443516	0.22389467022735174
0.21133732658494314	0.09127801599192273	0.30614977886779976	0.15505602900913362	0.2361788495462005
0.21620009710479726	0.09085506500637873	0.29779493145045743	0.15616467304667858	0.2389852333916877
0.22225133591180146	0.07112498396292213	0.3156401332643627	0.15942102977186548	0.23156251708904801
0.20893472108317554	0.10176509900743588	0.2991384672038582	0.15416226335589117	0.23599944934963898
0.2139805332129248	0.09399166491722863	0.3133092956658126	0.15994627025063338	0.21877223595340034
0.2214872909649436	0.09405518880595828	0.3121340140101213	0.15674436883115128	0.2155791373878253
0.20824229831702953	0.09092455921788951	0.30448870698406016	0.16337237717959482	0.23297205830142576
0.24044991420120532	0.06554610123570664	0.3210045708958575	0.1582791913721937	0.2147202222950366
0.2049866204349258	0.07716950736948036	0.3174866910109068	0.16121050392481767	0.23914667725986913
0.21645814689251366	0.08973871136278744	0.3012964974399589	0.16167810095328955	0.23082854335145023
0.23237404836552356	0.06809176455488641	0.31816032990288895	0.16364893728433977	0.21772491989236106
0.20700574517007664	0.08311143863311438	0.3232929417710536	0.15746832387842608	0.22912155054732913
0.21084398731766482	0.09842835842594574	0.3052440569043522	0.15426177485409234	0.2312218224979447
0.20497158802004115	0.09936620852430225	0.29942990830028116	0.15815250968026917	0.23807978547510608
0.23034386265830517	0.07445440453227009	0.3104961589066136	0.1623316774505304	0.2223738964522805
0.21275716379089904	0.07136026807074261	0.3216408598278078	0.15877260432069676	0.23546910398985355
0.22900053832861705	0.06688589051408511	0.31121376467379286	0.15666639088733375	0.23623341559617103
0.2242580234374459	0.09353703032378681	0.30407038237783834	0.15360868315737683	0.22452588070355187
0.21753490188094676	0.07440236413252282	0.31605719612274474	0.15473322802229542	0.23727230984149003
0.21343496789882066	0.08392453388956392	0.30948792648626905	0.15395687502303831	0.23919569670230784
0.20468712341739506	0.09204237609162488	0.30711659197447816	0.16178712567576642	0.23436678284073525
0.212408564223153	0.07847719795036566	0.31172616500421446	0.16017046609378693	0.23721760672847972
0.22016249583319092	0.0802869514755039	0.32180666334278957	0.15414029834805934	0.22360359100045607
0.24077810171269046	0.06698573537467906	0.3078134167093424	0.1559061345704078	0.22851661163288
0.22282602540633742	0.06935974877154918	0.3143184806819309	0.15794238157471036	0.2355533635654719
0.21263326956998613	0.07502848115086978	0.320039701006197	0.1561602624701832	0.2361382858027637
0.20592355999271156	0.08984037274035679	0.30473660657151	0.16260313034432428	0.2368963303510971
0.21161909860274233	0.07418662049107139	0.32046130329919686	0.1580086115530942	0.235724366053895
0.22341559454358062	0.06917799950385531	0.31696709071713036	0.15377577320382252	0.236663542031611
0.2412827417201326	0.0851816441962793	0.2992172310187424	0.15961005871208342	0.21470832435276205
0.21912146041053546	0.07886092757329809	0.32448931514139745	0.15642208869606833	0.22110620817870047
0.22894103635797997	0.07487828835722998	0.320145647141272	0.152792576366298	0.2232424517772198
0.21150805101167836	0.07523852576728404	0.3160999659151657	0.15971842052435964	0.237435036781512
0.2251834778126927	0.07085725324900655	0.3220514122137263	0.16250742081973427	0.21940043590483993
0.20634342246721107	0.07694054964128658	0.31870106029764184	0.1634853130497688	0.23452965454409147
0.21535602007482577	0.0858812059304577	0.31920083246961595	0.1551843321146126	0.22437760941048776
0.2283612728546813	0.07084982223741465	0.3064850501398486	0.15922342766820854	0.23508042709984667
0.2063642457869393	0.08542111701553494	0.32460801318306887	0.15344911136932232	0.23015751264513437
0.20708018018618238	0.0891144945973074	0.31620339603256153	0.16276102117772379	0.22484090800622472
0.21974066802851117	0.06951297264350725	0.3217114170178579	0.16131773585517162	0.22771720645495186
0.2120787074477278	0.09810732559595955	0.30779383981141994	0.15261473791182772	0.22940538923306478
0.2082409716036721	0.08805662401992127	0.308820758920311	0.15669355667800738	0.23818808877808798
0.22581448970697685	0.06582568457369747	0.3263518886691063	0.15266700607255684	0.22934093097766234
0.21924397398131135	0.08621904791082763	0.30178839325660495	0.16146156802414763	0.23128701682710823
0.2352848289654064	0.0751385617481729	0.30981830617747386	0.15627117516052305	0.22348712794842351
0.2043549086065144	0.08494853496414437	0.31286623416113046	0.16328258700247983	0.23454773526573072
0.20567115942812564	0.08296431561329988	0.31947146336661186	0.1566563272484609	0.2352367343435015
0.21999012676287033	0.06859747769768576	0.31344091412724534	0.1608432432142438	0.23712823819795453
0.23028768130910643	0.0768070584440583	0.3247353846424085	0.15372124969464973	0.2144486259097768
0.21531633328058122	0.08909596419920203	0.2980417521423977	0.16198121021117767	0.23556474016664114
0.21257589034733357	0.07842937563981993	0.31718429750661975	0.15643706487399378	0.23537337163223276
0.2336082086737049	0.08809668335463414	0.30285323818627474	0.15245020793500014	0.22299166185038585
0.23065210291904115	0.08439203917128826	0.3026554264659584	0.1600583272873971	0.2222421041563149
0.219621987007928	0.08651978557040702	0.32085088027095354	0.15517628999393224	0.21783105715677895
0.22923331448820333	0.08899385850422142	0.2997057256097388	0.16313549632071633	0.21893160507711987
0.20585516906350898	0.0845501207476444	0.3128902075000805	0.16183036178510252	0.23487414090366338
0.23768131704443043	0.07851829915189444	0.29771663470562715	0.15925001174549247	0.22683373735255524
0.23221709746755087	0.06655757729612138	0.31908443752567445	0.16112707515450428	0.22101381255614877
0.23765159540552905	0.0667565279988219	0.3177537930694827	0.15787979173562616	0.21995829179053994
0.23238011288629357	0.07423643510369912	0.29944373911477784	0.1623800720364392	0.23155964085879005
0.22009705607961413	0.07503104512590775	0.3095233882039893	0.1631212621613402	0.23222724842914838
0.21349136662290621	0.08296275724741264	0.3046357638111976	0.1594055818358092	0.2395045304826741
0.23958264929237913	0.06847431713726304	0.3155386662716575	0.15597897010387662	0.2204253971948235
0.2158249056117087	0.07687316468336357	0.3262405230693514	0.16350253300217846	0.21755887363339765
0.24093430159801404	0.07709790777208043	0.3074807129094016	0.15771719208663554	0.21676988563386812
0.20583691124861736	0.09434166530577963	0.30269762065154693	0.1573270650492268	0.23979673774482904
0.20769121494792486	0.09709881103209943	0.3015446444257436	0.1540587780410482	0.23960655155318375
0.21037976063249644	0.1018769772152022	0.3061668909040942	0.16101153314732752	0.2205648381008794
0.23070378559924642	0.07048190059786819	0.3082443674917672	0.16439680779719473	0.22617313851392318
0.21815931337078717	0.08423309746015281	0.31615858922148465	0.15402797828817588	0.22742102165939926
0.2185152550472051	0.08461523904899798	0.31473782772268444	0.1615001307203553	0.220631547460757
0.2288082746432015	0.0671074137294628	0.31126324294661245	0.15900062576566673	0.23382044291505627
0.22857545095236992	0.08807650580760294	0.2990954702795207	0.15682797475003205	0.22742459821047414
0.2232271880165897	0.09602679608820892	0.30129098660951514	0.1591545039318844	0.2203005253538016
0.23469298322085547	0.0727043740853856	0.30458698195192424	0.16345120469694413	0.22456445604489025
0.22276089859786527	0.0751789169884125	0.31500037167235145	0.16258998317507728	0.22446982956629324
0.2212073378460654	0.0891353642375038	0.31025834027839944	0.15320297629644342	0.22619598134158778
0.20550701782296257	0.08771730685513264	0.31483148989918286	0.15565434988919702	0.23628983553352467
0.21542437453426042	0.08638866888099658	0.3017866202870822	0.1557983886770492	0.24060194762061138
0.22611271943052685	0.06875365887144919	0.32581532421855053	0.15941517499725572	0.21990312248221747
0.21991637439447959	0.06527995629863281	0.3238615375245812	0.15675349978886205	0.2341886319934441
0.20697237885807993	0.09444407907276402	0.30298266745801594	0.15905652694186537	0.23654434766927457
0.2097778476827927	0.07660308910775324	0.31601218874380244	0.1573787106821229	0.2402281637835285
0.2291075058033692	0.07079304149253013	0.31031502130165756	0.1553112594985081	0.2344731719039348
0.21950793933524637	0.07364712125105863	0.3098862296889517	0.15972256645224658	0.23723614327249648
0.223416619731082	0.07545341457472741	0.3121847082852768	0.16055575452766802	0.22838950288124554
0.20744753493713974	0.09485612836893123	0.30960275024393824	0.15534034664300814	0.2327532398069824
0.22629373727885527	0.07700238021221811	0.31918943677052053	0.15661996158232294	0.2208944841560829
0.20930813824452651	0.08267389289931458	0.3140454230341976	0.15374074978073915	0.240231796041222
0.2316534208558371	0.07768247643198464	0.2990446220048257	0.15297680242824346	0.23864267827910887
0.22429342697898497	0.07866733359330176	0.30332823055611646	0.15560758444512968	0.23810342442646687
0.2340161804257312	0.07232776456607345	0.2978331804698088	0.161185361211014	0.23463751332737232
0.2232125051594282	0.08092537581373369	0.30790648615504385	0.15582919229442768	0.2321264405773663
0.22856469717635367	0.09834679530524268	0.29843700477506085	0.1536124200268401	0.22103908271650244
0.225653472578282	0.07876619421464111	0.31065957680660394	0.15579529825964555	0.22912545814082716
0.21112144988442544	0.0973098254912507	0.30841560026048453	0.16244957803672433	0.22070354632711472
0.21299063215671496	0.0771162645926714	0.32011179818960356	0.15748798665613148	0.23229331840487838
0.2328303766300947	0.06461919250460552	0.31173102847007284	0.16219185013742185	0.22862755225780482
0.22115143040770155	0.07395152887221348	0.31644997399273345	0.15350589157977296	0.23494117514757834
0.22370120535852694	0.09075376846380581	0.30315521867478973	0.15706417021825553	0.22532563728462177
0.20471959711604262	0.09292787461644247	0.3226459795432244	0.15634997796655042	0.22335657075773988
0.2236799943225235	0.07071694517792765	0.3089417785387333	0.15989635044974665	0.2367649315110687
0.21483422696146723	0.09008870509924649	0.30784090313587625	0.1620608915970751	0.2251752732063347
0.22568202615983102	0.0733135312734314	0.3083506537477175	0.16089994151473302	0.23175384730428683
0.2281411387381499	0.06984468007619249	0.3158509305897325	0.16175804978338826	0.22440520081253656
0.21234689458373227	0.08699027082760115	0.31329593921176974	0.16207553950598635	0.2252913558709103
0.2134526981981562	0.09598494584137694	0.30112805184230623	0.16450884679466876	0.22492545732349162
0.22071950485029418	0.08171913950626689	0.30356252787111626	0.16003482341858294	0.23396400435373946
0.2121991184469384	0.08850905578496684	0.30929255729049143	0.15885630410954157	0.2311429643680615
0.2245131249281496	0.08496186792863392	0.31104669680225244	0.1593342040474635	0.22014410629350029
0.22635912935918762	0.07039757886949774	0.31640211153496123	0.15516409000264086	0.23167709023371233
0.2308286149983221	0.06874778872280088	0.3178174217745782	0.15449502380414923	0.22811115070014934
0.23260680718185747	0.06995068161445256	0.31410703983236166	0.1592741167799083	0.22406135459141976
0.22248698208362178	0.07899966316578855	0.29808516911876	0.16041491821361686	0.24001326741821263
0.21125486488371018	0.09100372478111421	0.29948038600298643	0.160002882365969	0.23825814196622
0.20442739180508274	0.08385400432679398	0.31728020658669437	0.15312264503983247	0.24131575224159624
0.22132517565381196	0.09368887750322025	0.30637812208836135	0.1591054710511987	0.21950235370340745
0.2302469442571086	0.07548209455896848	0.31554638404032653	0.16170467933131258	0.21701989781228354
0.2088571547075113	0.09511846668591055	0.3076209561281127	0.15281982957997808	0.23558359289848713
0.2192970663107878	0.085722035030912	0.2995066249923567	0.15438013512458032	0.24109413854136294
0.2403819485659003	0.06649821220922456	0.3114555020723739	0.1524656175220407	0.22919871963046032
0.20801320426836908	0.08748118473630237	0.3025719221458937	0.16088901914021447	0.24104466970922017
0.211680263605663	0.08061859742564281	0.30994799424028363	0.15896604549620239	0.23878709923220795
0.20983009186461615	0.09272945949453522	0.31558251766869555	0.16179544794504844	0.2200624830271044
0.23875347166408567	0.08202145050418214	0.3072927653239147	0.15352342366986482	0.21840888883795245
0.22064858554987168	0.08200049369963225	0.317791821128555	0.1569809833994142	0.2225781162225267
0.22558003574272883	0.07208195700842546	0.3175068317839478	0.15255477483068797	0.23227640063420973
0.21340383121551115	0.06641373063041281	0.316680668710545	0.16297336386503025	0.24052840557850058
0.22076753755985953	0.0787080437600857	0.3016552554306122	0.16449652798269793	0.23437263526674437
0.23260314385079045	0.07280399217301392	0.3020936865502915	0.16225906933988585	0.23024010808601808
0.2125871760569593	0.08689505510430023	0.3117633587423181	0.15486314953237185	0.23389126056405032
0.22138573605525708	0.0718212735883883	0.3194593737095372	0.16060164666989463	0.22673196997692258
0.20526968456596678	0.09011570799805156	0.3122430357860077	0.15683414622126077	0.23553742542871292
0.23560005672990902	0.08895972708888697	0.30433385031412263	0.15295222649798754	0.21815413936909364
0.20551931985183267	0.08773881556741644	0.31824242018906335	0.160990397721679	0.22750904667000835
0.22245240249430967	0.07854436229196657	0.3058658602271674	0.15719513540674782	0.23594223957980834
0.23409173299318678	0.09729026032883602	0.2991028653957255	0.15324196571449253	0.21627317556775894
0.21925617596362995	0.07825911827142523	0.32013311419176727	0.15458716971733807	0.2277644218558392
0.2059073849958843	0.09332096781722685	0.3032398709207196	0.16363964928203312	0.23389212698413597
0.2046292141343791	0.08890355639444761	0.31390761571454007	0.16072043640604622	0.23183917735058682
0.2046358324856703	0.0769283561763653	0.32671624416462436	0.15876982788905508	0.23294973928428475
0.21390903305898323	0.08735194200683814	0.31841252953505544	0.15342806028145592	0.22689843511766702
0.21272753148422113	0.09324065353818761	0.2992557771271686	0.15875385206434459	0.2360221857860778
0.23168959204361428	0.06529532471491456	0.3192710103000411	0.16215182083414847	0.22159225210728137
0.2394325142923139	0.06920610802549501	0.2998996564849181	0.15286039004003812	0.23860133115723456
0.23782357777485738	0.0676440606361279	0.3154110050870772	0.15563913782176025	0.22348221868017698
0.2112985761202568	0.08934361639036088	0.32305380844360754	0.15305967048089852	0.22324432856487603
0.2053803638153767	0.07051926328868202	0.3221870130564215	0.16187095233733784	0.24004240750218173
0.23945191166139512	0.08329804530321434	0.29840307629944773	0.15406250549873154	0.224784461237211
0.21839771620394713	0.09238690152130336	0.31821938536805805	0.15354323313789986	0.21745276376879136
0.21432339632424005	0.09942567889027172	0.3084270858304296	0.15562433877787682	0.2221995001771816
0.20679119918885724	0.09005768262951606	0.3239076218535227	0.15326214719434975	0.22598134913375403
0.2199563167345001	0.08695353290942781	0.3084412948531228	0.1545206117024193	0.23012824380052976
0.20456726680720447	0.08804544972733772	0.31030607702808616	0.157750515479187	0.23933069095818438
0.22750300047918276	0.06457093292103766	0.3078209694184412	0.16388663253941343	0.23621846464192467
0.2214292070084451	0.0802761376133522	0.30904583838807803	0.1563034585873856	0.23294535840273883
0.2247921990718992	0.06811209237685018	0.3163240079458414	0.16285609273588633	0.22791560786952267
0.2324376095322812	0.06737586805005466	0.2999190151114204	0.16381174737742285	0.23645575992882062
0.23050765011489058	0.06499341391889363	0.31383628221320814	0.1547805394491489	0.23588211430385853
0.2071949855277203	0.08628620669861328	0.31576560940920645	0.1628899212832404	0.2278632770812193
0.2254104875272004	0.08524912160459368	0.30019859555580225	0.16419669638073597	0.22494509893166745
0.2068191371197773	0.08776408332842159	0.304830591304786	0.16273430022952123	0.23785188801749363
0.2117228623073588	0.0984186711592476	0.30420598623435335	0.16086738092404854	0.2247850993749915
0.2167997803297621	0.09300481106554849	0.31550794914636043	0.16000876725502633	0.2146786922033024
0.2199002884682274	0.09020851526654003	0.3067575530708686	0.1623514478046197	0.220782195389744
0.2121767026503206	0.09952488055607898	0.3170927250108833	0.15254059010085666	0.2186651016818602
0.21152912119097722	0.07792262165231319	0.3199905716406528	0.15611998042431627	0.23443770509174028
0.22185678282373528	0.07226441050945637	0.3171090214416225	0.1616354945427843	0.22713429068240132
0.2163640276688771	0.07991615663612332	0.32335908670672947	0.16237988066727932	0.2179808483209905
0.2241829501237717	0.08187289242836501	0.321474384695965	0.15312362426727083	0.2193461484846272
0.21257658818713793	0.07903818889928363	0.31284281461730745	0.15507879720322013	0.24046361109305064
0.2198169605074701	0.08127099951911412	0.3244076731094626	0.1532474722949515	0.22125689456900144
0.21630750735857876	0.07407837960172292	0.3170997855219998	0.15859999371027128	0.233914333807427
0.2217046515561707	0.07337306876236069	0.3200426260722393	0.1593187009469953	0.22556095266223383
0.21766234503529513	0.08817575179737056	0.30593886869024867	0.15725790684543	0.2309651276316554
0.23462265354918513	0.07514312063793836	0.30489552694379035	0.16163047389127358	0.2237082249778123
0.23575468478352596	0.07780108988715603	0.3000181221624918	0.16245372230703375	0.2239723808597922
0.21254526162490453	0.09189862209307677	0.31023054488850565	0.15928607984978327	0.22603949154372951
0.20470882099134602	0.09247202334950966	0.32075930495121374	0.15711607327493482	0.22494377743299554
0.22717006080762295	0.07897461809623248	0.31867412947381135	0.15318394865266252	0.22199724296967047
0.21896672935859932	0.09723128019504247	0.2995862002363262	0.1590747482379884	0.22514104197204335
0.21965539776418727	0.09984220507907746	0.3077044308502882	0.1527561254240941	0.22004184088235273
0.21500119725351033	0.10129530909115264	0.3001189497244729	0.1641475490338497	0.21943699489701418
0.2402425547573288	0.08953750265503375	0.3014851521447838	0.15320713119866167	0.21552765924419176
0.20556341467319722	0.07478757085568502	0.32681044345412313	0.15698424895793592	0.23585432205905843
0.2108450451815758	0.07123758626776891	0.31441996856322146	0.16281156602981584	0.2406858339576178
0.20949109604912944	0.09808141723927476	0.3088684945566911	0.16181440554420867	0.22174458661069582
0.2051174058575605	0.08781973988095038	0.3206590412352162	0.16226190683212904	0.22414190619414368
0.23904939973574657	0.07015283102777475	0.3178399817272421	0.15364680079824428	0.21931098671099206
0.2061703077636317	0.09455515867724519	0.324276932145525	0.15890523980744778	0.21609236160615009
0.23143733857468723	0.0763648369292499	0.31635038016205713	0.1616082002729318	0.2142392440610737
0.2224141569084401	0.08450594576766383	0.31407372021309077	0.15483529686451847	0.2241708802462866
0.2041964241102611	0.07825689900185652	0.32345377914791124	0.15780202833073698	0.23629086940923394
0.2256562959019235	0.07587532382609204	0.29969008738701064	0.15984109194967144	0.23893720093530216
0.21356728684724752	0.082239827898251	0.3095700263174878	0.16022199601221845	0.23440086292479498
0.21126357754349417	0.08263072730657771	0.3178749238509421	0.15833907508827666	0.22989169621070907
0.2294428698677828	0.07274448925041144	0.29884738173981745	0.15763992800042026	0.24132533114156784
0.23699993862509383	0.06959620313728626	0.30587472613281297	0.15403564322864433	0.23349348887616236
0.21606122307448875	0.07873680929917967	0.30694669888784926	0.1603933464718585	0.23786192226662364
0.23152672281172015	0.07006912194095394	0.3039049921761584	0.1601838839844539	0.23431527908671332
0.2178175734619366	0.07888489594182975	0.32227176813518593	0.16126825376328413	0.21975750869776334
0.20898906314172336	0.07318942782173332	0.3209588610994768	0.1587206973371325	0.23814195059993376
0.21165555790395219	0.0852839917186021	0.3036009759569438	0.15856782807374448	0.24089164634675717
0.22915432081449433	0.09864387522865956	0.2992906280610097	0.15804730905590658	0.21486386683992956
0.21691049023130832	0.09314149230822615	0.30812678954555095	0.16284299823422554	0.21897822968068886
0.2066336730276126	0.09722423418169882	0.3071641500421349	0.1640329170898999	0.2249450256586536
0.2231168215822734	0.09584364942635618	0.30191173965524837	0.15438921847611273	0.2247385708600091
0.21004156197408266	0.07226934767772325	0.3163978414286154	0.16291511062100314	0.23837613829857537
0.22231409031299287	0.08068435235747182	0.31209518550880344	0.15324807809532925	0.23165829372540234
0.20888378526592427	0.0801254696644058	0.3247295117225856	0.16089433907995287	0.22536689426713122
0.20795703388293726	0.08504098221407237	0.3266376100487469	0.15716226053595198	0.22320211331829123
0.22348017837261067	0.09332880630843485	0.30114553936030325	0.1566098501848388	0.2254356257738122
0.22025217216854465	0.07295823037723315	0.31512218779529044	0.15919004880490692	0.23247736085402457
0.210064169337081	0.08886747203926322	0.31647380947200526	0.15945764629669076	0.22513690285495958
0.22828888420885712	0.0770979439639982	0.32205905824511155	0.15244052600221814	0.22011358757981472
0.2178703707813873	0.06830532643302731	0.31413214927224886	0.15798231643069638	0.24170983708263996
0.2114338322744875	0.09420978579706993	0.31835099779715803	0.15900105122799083	0.2170043329032935
0.2340200466956057	0.07224646569177934	0.30785959846120936	0.15364790240570247	0.23222598674570288
0.20659402788401038	0.10076376015015218	0.30802563034814223	0.15627854126131213	0.22833804035638283
0.23054689411197515	0.07829111238792512	0.3016552346903174	0.15418876975447235	0.23531798905530973
0.24047375114476063	0.07575636547040769	0.30551451075524316	0.16129216962230913	0.21696320300727912
0.23289041984524053	0.07046961634932455	0.3118756832803877	0.15550474787032573	0.2292595326547212
0.22030858329488298	0.0783005272934684	0.3024419296977562	0.15720732629241246	0.24174163342147978
0.21549803937236356	0.09626554877427278	0.3121589686068637	0.15724433920755554	0.21883310403894413
0.22499505250915477	0.08955971232806857	0.3025583388853628	0.1615301662887753	0.22135672998863828
0.2189526339449958	0.0859389282927091	0.3144348998942422	0.15738035456010468	0.22329318330794795
0.22500852870015128	0.08152551389372324	0.2986858027425703	0.1564449767998288	0.23833517786372618
0.21933626878090348	0.09729939766614659	0.29995564043675776	0.15427677175891014	0.22913192135728178
0.22408972167593888	0.0783953637509335	0.3132158990693799	0.15937590739648844	0.22492310810725905
0.22017089281938546	0.07200744290688516	0.31995541839012015	0.15939474789381597	0.22847149798979308
0.22175747098747545	0.0859945842550452	0.30566617846986677	0.15521968336126937	0.231362082926343
0.2201269212003049	0.09056212977789119	0.2995363003450928	0.16371883263267267	0.2260558160440382
0.21517177117516534	0.08217748370272453	0.3065559756080616	0.1608962755225935	0.23519849399145482
0.23042977534733639	0.08498448997468357	0.3092515939088252	0.15584247593604433	0.21949166483311033
0.2046445284228033	0.08853603636704009	0.31608570205102343	0.15828672525043067	0.23244700790870226
0.2400362287851115	0.06638529268710866	0.31259320874309887	0.15588863266922937	0.22509663711545141
0.22910461193254644	0.0821856855668642	0.30861728908890673	0.1558388237353801	0.22425358967630227
0.2153054833869597	0.08799078534097958	0.31491617016296636	0.1578913288895206	0.22389623221957353
0.23330747703793994	0.08003575428024658	0.30718628188623864	0.1526180491314322	0.22685243766414243
0.21269505166316005	0.09124497930549146	0.3028363113950576	0.15874629112197985	0.23447736651431078
0.21852879720162643	0.07477223274837633	0.32553956037060394	0.1608735450348848	0.22028586464450828
0.2298265109861603	0.07938624211175195	0.30915550163666294	0.16048819960911356	0.22114354565631097
0.21735250185785548	0.09603204046149	0.30139396754696646	0.16317767568899727	0.22204381444469057
0.22750297202458614	0.07369251386026035	0.30302158415633657	0.16007270930802825	0.23571022065078845
0.2186253575531271	0.09337683435804595	0.307985413382285	0.15619047660417795	0.2238219181023638
0.22677495226915917	0.07685274859292093	0.32259145266356365	0.15832128649857838	0.21545955997577765
0.2077862101414266	0.08761117585170455	0.3101749498761044	0.15701505109398184	0.2374126130367824
0.21841810294155564	0.08868962240707663	0.3147747312441991	0.15354752395037438	0.22457001945679408
0.2112566460782663	0.08560484522620994	0.3051996870678235	0.16290739957664235	0.23503142205105765
0.21154774600630497	0.0928108781951389	0.30306365549233816	0.15241337145011963	0.2401643488560981
0.2249292500309909	0.06945266094407965	0.3116288594605939	0.16116303913672383	0.2328261904276115
0.2401559073833785	0.07455542223911199	0.3006991872923725	0.1554669509140101	0.22912253217112663
0.22672645952623174	0.07643272545847829	0.3227883738385327	0.15248972356355667	0.22156271761320034
0.20662453303642148	0.09367076454527087	0.31483075019579887	0.160558594026565	0.2243153581959435
0.22255884384367366	0.07987622617159808	0.3110409101605301	0.15851704457005203	0.22800697525414593
0.2212069652211137	0.0815533040607335	0.30999787052763933	0.1525569680613038	0.2346848921292094
0.21876091173409803	0.08965207430001491	0.31128659502194056	0.16428189118521053	0.2160185277587357
0.23365900483376764	0.09302306261035033	0.29963322170323553	0.15661612016348925	0.21706859068915701
0.21643725853556803	0.06693294975833516	0.3245552727097983	0.15894821153492136	0.23312630746137697
0.22409720975389275	0.08541498988202488	0.30681841541415367	0.15780837870775338	0.22586100624217503
0.23572013609191023	0.0677595067348507	0.3243118088868845	0.15737411371002488	0.21483443457632942
0.21871753837253302	0.06626856536938905	0.3198463768232924	0.15540249231436676	0.2397650271204185
0.21010155905178374	0.09244424105580071	0.2987064781365978	0.15946607689293302	0.2392816448628845
0.20513920815419295	0.09211396101840445	0.3069658066221119	0.15798906887898362	0.23779195532630684
0.2217627802921487	0.09949027871665825	0.2998900973800137	0.16048992320879235	0.21836692040238673
0.21424083813962508	0.09435957132833117	0.3037602670521792	0.15282964804776378	0.23480967543210057
0.2307737409904081	0.06698821414481076	0.318927422599202	0.16026876624868286	0.22304185601689608
0.21777104429910835	0.09400359519333397	0.3133332382939731	0.15813843395703306	0.21675368825655128
0.23140998597110407	0.06484370600441189	0.29986903959861305	0.1628826736248699	0.24099459480100083
0.22242521443751204	0.08803729395827616	0.29943080321669224	0.15257137729692719	0.23753531109059214
0.21045935797131066	0.09746919875129065	0.3016663798915207	0.15298339310601647	0.23742167027986136
0.22438755111838363	0.0732123525384634	0.31397711065468203	0.15842328654578341	0.2299996991426873
0.22094903222939183	0.07287672495547357	0.31049935005349805	0.15406614739567906	0.24160874536595728
0.23439357240652026	0.0700819937055529	0.32599071829934734	0.15421441336630093	0.21531930222227835
0.2334671159099634	0.06627781615034234	0.29920902867395444	0.1630011462482652	0.23804489301747436
0.2254171798655637	0.06627075509378269	0.32588925068582203	0.1544137571586607	0.2280090571961706
0.22270729839739212	0.100580581556929	0.3025685956303211	0.15937299041984807	0.21477053399550944
0.22254331243547176	0.08039093741075144	0.3193580379649871	0.15529059983648244	0.22241711235230704
0.22458399293162876	0.0697442990355513	0.31340426289473233	0.15918026584051326	0.2330871792975741
0.22020416130613066	0.09789046606705999	0.3000320341397413	0.1564966427995619	0.2253766956875059
0.2197152053081872	0.07593914593407519	0.3225073929837631	0.15242168820606378	0.22941656756791057
0.21309146568112572	0.09099806962451201	0.3064985061482308	0.16401159842975857	0.22540036011637263
0.21450013828253592	0.09411678806387683	0.3077741288561471	0.1643946328973531	0.2192143119000869
0.21930251336423126	0.08220009584042985	0.3105157344718045	0.1568363965578422	0.23114525976569195
0.23899193602473467	0.07776180916242073	0.2987827255106429	0.1625170374373341	0.22194649186486742
0.21862979211794314	0.09008618480707557	0.3079608231747707	0.16304648252532306	0.22027671737488727
0.22788466606837696	0.07669316111477058	0.3061886613991706	0.15677574821592205	0.2324577632017596
0.21002447603625984	0.07639618137743036	0.3183260063948455	0.15617270481574672	0.2390806313757174
0.22828579363865864	0.06701207364360351	0.31389506530371447	0.16358575779874152	0.22722130961528167
0.21194411547945327	0.09473790385597278	0.31456917274905255	0.16387809294725492	0.21487071496826626
0.2098508096303084	0.08336439495313352	0.32137864670128946	0.15388546664655156	0.23152068206871684
0.21153506596996563	0.08271596346446126	0.315599271647177	0.15340410426343556	0.2367455946549603
0.20411073553342018	0.09512648653525366	0.31140018184589646	0.16136900598229367	0.22799359010313583
0.23017986871281132	0.09521416827854964	0.30287086675964503	0.1556039771530492	0.21613111909594457
0.2265732592692794	0.06991795383251381	0.30477004842973354	0.16053375720749719	0.23820498126097583
0.22385654075061695	0.07158903152283833	0.309420677439263	0.1640845269416062	0.23104922334567532
0.21197354976245966	0.07615022677281445	0.3237929153616702	0.1595235307342548	0.22855977736880068
0.21806567879925642	0.0783702025820967	0.32657162295663944	0.154119583863623	0.2228729117983842
0.21345646848981248	0.0820681207353832	0.31311225898280093	0.16276213023487215	0.228601021557131
0.21474161324262095	0.10071658987895399	0.30741689227130164	0.161652718295002	0.21547218631212117
0.2149310530378693	0.09064807739559269	0.30789460502014865	0.15936473082102454	0.22716153372536455
0.2256775997341312	0.07286126427467324	0.3224861346615485	0.15768449751382324	0.22129050381582357
0.22831507068842183	0.07440574915604473	0.31782584330666247	0.1632474291542086	0.2162059076946622
0.21475904487116126	0.0865669973741816	0.3078431756572017	0.1555260435992408	0.23530473849821437
0.24154913703949576	0.0857024089705899	0.2989398031536467	0.15717119462244525	0.21663745621382213
0.22656757399163568	0.08989467195543618	0.3131388809367412	0.15532970153556389	0.2150691715806228
0.21203702271751193	0.09076305591110659	0.31821255345062543	0.1549246699541016	0.2240626979666542
0.21811079726554727	0.0897333886604157	0.30869584846787773	0.1524406669847588	0.23101929862140025
0.2139463046292165	0.08930692957400635	0.3191252746076995	0.15403791380621612	0.2235835773828613
0.2179536910315618	0.09239629000751023	0.3020102578853579	0.15325304787044397	0.23438671320512583
0.20697473153656337	0.098213723431943	0.3201835525661711	0.15383805189238758	0.2207899405729347
0.21252385500245632	0.09864374895656611	0.3062716280388619	0.1563211117929366	0.22623965620917885
0.2340147749683279	0.06823936027655117	0.30379743138733106	0.15483009244449722	0.23911834092329246
0.21251108328780138	0.09514774482522606	0.3221996054520748	0.15288814222323396	0.21725342421166355
0.20875332169980598	0.08489970402732322	0.3235513261210614	0.15687819445258747	0.22591745369922164
0.23922343073215654	0.07078688741208927	0.30695105389067834	0.16343290953895312	0.21960571842612253
