0.2414760896292903	0.20677869097350973	0.10341935058280398	0.27591904854892035	0.17240682026547544
0.24137171396984702	0.20675966949422872	0.10344876496631328	0.27596809389459437	0.17245175767501633
0.24134634987934545	0.20681422581566034	0.10338462179558949	0.27598173933582193	0.17247306317358257
0.24136779814685166	0.20686207842959967	0.10344658288307879	0.275827885969718	0.1724956545707516
0.24138160398531994	0.20702912488698413	0.10335191407812477	0.2758161040819441	0.1724212529676268
0.24134820770122753	0.20697486240955582	0.10333905625921903	0.27587806149762795	0.1724598121323694
0.24136846193890593	0.20702107877430911	0.10339364051076254	0.27580162346333525	0.1724151953126869
0.2414670931064538	0.20691399735819588	0.10334385279169199	0.27583635870794365	0.17243869803571446
0.2413353682815451	0.20699853417151373	0.10345358484939544	0.27582961128699707	0.17238290141054846
0.24140895156268874	0.20696851406775849	0.10342025835522461	0.27581713438256517	0.17238514163176274
0.24145868766660752	0.20690206460352467	0.10336543240774147	0.27590028444830444	0.17237353087382165
0.2414482903884625	0.20697021486614708	0.10336542424093438	0.2758513609712104	0.17236470953324542
0.24145577127277323	0.20689561326793285	0.10334706537063534	0.2758651466674117	0.17243640342124664
0.24150964392206936	0.20682983484307318	0.10344810927526597	0.2757938493252825	0.17241856263430874
0.2414445690384147	0.20686192705688577	0.10343118991887981	0.2758927541500784	0.17236955983574104
0.24151163569948297	0.20673943286831784	0.10337068366436035	0.275920809176483	0.1724574385913556
0.24133843346749886	0.20673981920011947	0.10346998504369678	0.2759626331394278	0.1724891291492568
0.24149611489275716	0.2067312202734883	0.10346307935763227	0.2758102056009764	0.17249937987514558
0.24145458355792418	0.20672894506236644	0.10347032853778326	0.2759582143141594	0.17238792852776644
0.24145466284249573	0.20685931684098918	0.10345394555234029	0.2758734036586429	0.17235867110553166
0.24148723009312945	0.20684691840059247	0.103404317527534	0.27580024337791764	0.17246129060082616
0.24139287908527063	0.20687467698295892	0.10335524322469908	0.2759383758991567	0.17243882480791445
0.24152270208324234	0.2067085690470651	0.10339127392904546	0.2759618242627241	0.17241563067792276
0.24138193249783454	0.2069388171261588	0.10338171629521924	0.27581667262093673	0.17248086145985042
0.2413439713745964	0.20684162779680584	0.10343534761659	0.275887199558131	0.17249185365387648
0.2415372643433992	0.20663543808307103	0.10333383818957134	0.2759860773153545	0.17250738206860367
0.24138485293233208	0.20701330171930368	0.10337458121847672	0.2758476704422888	0.17237959368759848
0.24152125752253556	0.20671876263170616	0.10336235072480861	0.27591372974409056	0.1724838993768589
0.24152794037975717	0.20674855369935508	0.1033729923687995	0.27584776763364205	0.17250274591844592
0.24147048465690185	0.20668095445744342	0.10340261999404018	0.2759394630377741	0.1725064778538402
0.24146562295791593	0.20682607452425386	0.10334585116224212	0.27592563648642204	0.17243681486916582
0.24146347158285905	0.20666957830882163	0.1034115564578737	0.27595709394978	0.17249829970066538
0.24145944391686716	0.20662698668208104	0.10344277401912964	0.2759639183280676	0.17250687705385429
0.24138894751560128	0.20683648033124963	0.10343604523316252	0.2758866938265321	0.17245183309345424
0.24151700738817344	0.20683602621452654	0.10347024973829677	0.27581146291987135	0.1723652537391317
0.24141905672842512	0.20686652978853193	0.10345547648624417	0.2758434430395019	0.17241549395729655
0.241434772306109	0.20695224877692156	0.1033341442120362	0.2758309479186798	0.17244788678625322
0.2414676573812934	0.2068468210667791	0.1033536346351152	0.27592216124978247	0.1724097256670296
0.2414635911669935	0.20679681490520535	0.10340415276665076	0.2758296525352153	0.17250578862593485
0.241493350805604	0.20688049082936572	0.10337573907969093	0.2758574877572918	0.17239293152804733
0.24135512843438578	0.20688918488242009	0.10338601016323046	0.27591874435605457	0.17245093216390883
0.2414490864723836	0.20682709067157687	0.10333429739754034	0.2759534663875221	0.1724360590709768
0.24146012614943582	0.20700683047188626	0.1033554674083215	0.27581366355466996	0.17236391241568622
0.24146739018033203	0.20674024498578078	0.10341941166521934	0.2758976380585305	0.17247531511013703
0.2413700059026977	0.20688471404835318	0.10344659340417037	0.27580609886004537	0.17249258778473314
0.24141019560741578	0.20688441394516707	0.10343939385617115	0.2758973127480275	0.1723686838432183
0.24137162097581805	0.2068777454391763	0.10340979739193176	0.27591551557054345	0.1724253206225302
0.24152820858228363	0.20670226481090634	0.10340244024674791	0.2759482715792966	0.17241881478076532
0.24150401922100487	0.20675631264257532	0.10339912543033465	0.2758390044538694	0.17250153825221548
0.24144350762628547	0.20675507791218412	0.103441999172749	0.27596522572343835	0.17239418956534283
0.24144323778946025	0.20690603563154547	0.10339754215915409	0.27589629567779494	0.172356888742045
0.24143786770567796	0.20679002378360084	0.10345802710489321	0.27591839809203483	0.17239568331379287
0.24150144617897232	0.20678676548105146	0.1033748549368023	0.2759814290667079	0.17235550433646574
0.24150941703086762	0.20665103452840278	0.10345549668486359	0.27589370490301446	0.1724903468528513
0.24145441190472505	0.20676366087112213	0.10344541095097301	0.2759054170747112	0.17243109919846833
0.2414783970386124	0.20683838704543983	0.1034178520297956	0.2758710862497434	0.17239427763640858
0.24153630664405146	0.20668723485190632	0.10344043544369992	0.27583997841131536	0.17249604464902668
0.24145232671009986	0.20689120713526235	0.10334019247982168	0.2758690225407465	0.17244725113406933
0.24144611624359513	0.20684229350200695	0.10338169537475224	0.27589449408570615	0.17243540079393926
0.24139567281414354	0.2069200255595147	0.10334988447243701	0.2759790362086704	0.17235538094523406
0.24136165815776378	0.2069953373657438	0.10341361088936518	0.27586634719288533	0.1723630463942417
0.24153227251365939	0.20681066983839544	0.10335438072213675	0.2758720798299981	0.17243059709581007
0.241354841166465	0.20698793903979779	0.10338347585607155	0.2758821553126119	0.17239158862505352
0.24152266306230763	0.20685558644841076	0.10336242454825635	0.2758389592560266	0.17242036668499844
0.24133689232784628	0.20680248955989175	0.1034447442368013	0.27596481354371843	0.172451060331742
0.24138090151564853	0.20697513896410974	0.10338352440420398	0.27582674328882917	0.1724336918272083
0.24137413827970447	0.2069850218512767	0.10338148054933441	0.2758856162414086	0.17237374307827555
0.24149857305016775	0.20676078730607647	0.10340430605609957	0.2759746656894095	0.17236166789824647
0.2414462669351403	0.2068246880007414	0.1033766899680484	0.27592216469477593	0.1724301904012937
0.24137830279891942	0.20698243699322094	0.1033886321422516	0.27588459075972205	0.17236603730588576
0.24135307729178615	0.2070178296364682	0.10343812999899682	0.2758246909106857	0.1723662721620629
0.24144530799169633	0.20673658780018747	0.10341012680565652	0.2759575493445316	0.17245042805792782
0.24139586431761942	0.20681557436809148	0.10344907126159536	0.27584583627222725	0.17249365378046627
0.24152569649675174	0.2067942656284474	0.10346117152851173	0.2758685857727763	0.17235028057351257
0.24146255928540705	0.20675275204597637	0.10341479020342659	0.2759579611241708	0.17241193734101895
0.24149114056830323	0.20680292351863946	0.10342332529277831	0.27581332035520745	0.17246929026507135
0.2415190883192655	0.20681678131932268	0.1033581257899533	0.27588873703094324	0.17241726754051503
0.24146997053153296	0.20697981278202868	0.10333157452244379	0.27584545555822765	0.17237318660576667
0.2413550738988199	0.20687592905796695	0.10346679618124545	0.27585601448208963	0.17244618637987777
0.24153277433022557	0.2067888570338392	0.10345849248265192	0.2758643058661097	0.17235557028717335
0.24149681486322266	0.20686951785546978	0.10344285593712133	0.2758070374204922	0.17238377392369383
0.24148036649749233	0.20674117258476568	0.10344356080549728	0.2759626040662983	0.17237229604594614
0.24140739679693862	0.20698575066209954	0.10335717313560111	0.27585187911593023	0.17239780028943022
0.24143183613739952	0.20690501976432285	0.10342385300931063	0.27580015850487793	0.1724391325840888
0.24137654434246542	0.20683102919675767	0.10337804695330757	0.2759282755950519	0.17248610391241723
0.2415232712249348	0.20666907806627724	0.10345469558130434	0.2759040284756558	0.17244892665182754
0.24151718392993948	0.20667412385346356	0.10346084299722308	0.2758696484630459	0.1724782007563277
0.24150216479044623	0.2068598483907972	0.10336759351164823	0.27588841727452174	0.17238197603258637
0.2415122515796771	0.20677240588777052	0.10333798223258626	0.27594537222264504	0.17243198807732082
0.2414639921089311	0.2067889104637951	0.10340754508936778	0.27586973736388554	0.17246981497402025
0.2415286519707467	0.20680039779728265	0.1033742279837523	0.27588720177191606	0.1724095204763021
0.24151933264762718	0.2068131676139543	0.10338276287195837	0.27590014281405123	0.17238459405240866
0.24151800594613834	0.2067789054919101	0.10337209554226776	0.27582974808476446	0.17250124493491906
0.24152556814170015	0.20669719233404513	0.10345655987915012	0.2758996759974516	0.17242100364765278
0.24137688152609915	0.20691550986847299	0.10337934473500746	0.27584418728344456	0.1724840765869756
0.24135532767993778	0.20700653693584825	0.1033820182401682	0.2758891970983223	0.17236692004572318
0.2414090680427344	0.2067499970072316	0.10338517407471098	0.2759612482764567	0.1724945125988661
0.24136051371821965	0.20699508094391686	0.10343075590261243	0.2758457921207866	0.17236785731446425
0.24143164558834015	0.20700133339440827	0.10335252642589968	0.2758146059991142	0.17239988859223743
0.24135816751995048	0.20698199996692856	0.10338189339977141	0.2758167328097113	0.172461206303638
0.24142723118572154	0.20686620965909364	0.10340249561989609	0.27595486920856327	0.1723491943267252
0.2414422749960818	0.2068862333414689	0.10334381491176506	0.27582695309158584	0.17250072365909813
0.24149384463700696	0.20685549663793004	0.10337828658723908	0.27586236221825833	0.17241000991956532
0.24144632936032623	0.20674148992310018	0.10339749894444805	0.2759574045580628	0.17245727721406254
0.24144559356914871	0.20681176635808918	0.10335768850845327	0.27597214683291815	0.17241280473139042
0.24141428979333368	0.20675804774224477	0.10344927640445871	0.2759698780514944	0.17240850800846813
0.24150259706194854	0.20687807960911533	0.10338510519317609	0.2758323419784564	0.17240187615730335
0.24148435163983148	0.20689640199125553	0.10337454932771556	0.2758949349829612	0.172349762058236
0.24153641172926626	0.2066269948127607	0.10346697138201114	0.27594033869098733	0.17242928338497432
0.24151371755989504	0.20673920845446678	0.10340927232063149	0.2759855702362329	0.1723522314287736
0.24147193405214779	0.20692073934517557	0.10340609632107796	0.2758463218575242	0.1723549084240742
0.24136347447316475	0.20671737794203973	0.10346267253459572	0.2759736076944582	0.17248286735574134
0.24143374257125655	0.20688538584318347	0.10338887216284087	0.2758273989919876	0.17246460043073125
0.24140910853772757	0.20682088519218755	0.10341032883039401	0.27597187891987346	0.17238779851981714
0.2414852308377602	0.2068463066254304	0.10334490987274614	0.27597463344101714	0.17234891922304585
0.2413953279493684	0.20690043251254095	0.10345169190926902	0.2758944768629806	0.1723580707658408
0.24150400326860602	0.20671512437180345	0.1033687135312827	0.27594482369505685	0.17246733513325072
0.24145464257227106	0.20687213004636698	0.10337761497247894	0.2759010387692011	0.17239457363968172
0.24139527753011503	0.20691298326188237	0.10333474951458883	0.27588912931890297	0.17246786037451053
0.24140201726490623	0.20696098384217948	0.1034683390621687	0.27580307027354856	0.17236558955719683
0.2413578970177394	0.20699747687573614	0.1033870460543348	0.27583198127870995	0.1724255987734795
0.24147085045262665	0.20687063295592995	0.1033511352514818	0.2759085657373179	0.17239881560264342
0.24134051397134942	0.20685906079082347	0.10343217837860114	0.27587735190610846	0.17249089495311726
0.2414054217838167	0.20685073368210624	0.10342022308626728	0.2759356844118186	0.172387937035991
0.24134564448961002	0.2070508617558557	0.10338422492537318	0.27582473526569234	0.17239453356346854
0.24148890417041052	0.2067562721340178	0.1034227454527282	0.27590215461400575	0.17242992362883752
0.24140902738750133	0.20689359225870604	0.10336940930874242	0.27590088910696314	0.1724270819380868
0.24151720790374714	0.20679287781711986	0.10337247803140666	0.27595694331053433	0.1723604929371918
0.24143971063544256	0.20692241184454943	0.10335568035528553	0.27589625981602195	0.17238593734870025
0.2414052970905115	0.20683690447471945	0.10343737429431982	0.2759698685737769	0.1723505555666721
0.24137165766762309	0.20691107674297163	0.1033960517502631	0.2759105342761903	0.17241067956295164
0.2414391197664874	0.20673706163677763	0.10342311430052598	0.27593071752967335	0.17246998676653544
0.24139146043354448	0.2069263237076297	0.10342104942644954	0.2758176264313733	0.17244354000100276
0.24140916221632552	0.2069235959005312	0.10338376353167344	0.27586469842330175	0.17241877992816784
0.24135905496157845	0.20682236094270084	0.10340813366774726	0.27592722652307883	0.17248322390489437
0.24134335096584242	0.20701089430891673	0.10341551013752767	0.2758684448762671	0.17236179971144583
0.24140679022169548	0.20687706900351024	0.10340215051442468	0.2759060033101857	0.17240798695018367
0.24146348700321785	0.20692636071193518	0.10338354241845744	0.2758149993068352	0.1724116105595541
0.24146352738004295	0.20690825224077214	0.10335729224687877	0.2758635914619756	0.17240733667033026
0.2415085956695538	0.20687322774093986	0.10336676138105967	0.2758827226161633	0.17236869259228307
0.2413662784026685	0.20698723587526022	0.10336504040389766	0.27589636615524593	0.1723850791629275
0.24141278570492625	0.20693975385437843	0.10335080144970087	0.2758478645854367	0.1724487944055575
0.24149461595682375	0.20670429624139142	0.10342454608541514	0.2759710076268731	0.17240553408949635
0.24144438096113327	0.2066912354035803	0.10346856656835976	0.2759340752668962	0.1724617418000302
0.24144471677708235	0.20679949079844867	0.10341769836565386	0.2759186190919516	0.1724194749668633
0.24148641836042645	0.20667074088821694	0.10346140608517211	0.27593739927575384	0.1724440353904304
0.24135143391526925	0.20699114109230973	0.10340104362094521	0.27588852406539144	0.17236785730608414
0.24134004371840156	0.20688012783759652	0.10335495244922603	0.27591749415609895	0.17250738183867667
0.24139823632058777	0.20680201549672225	0.10344061848829447	0.27596535347640483	0.1723937762179904
0.2414076797662404	0.20675339867797857	0.10340417257519964	0.2759840119193663	0.1724507370612149
0.24136388639096568	0.20695125792043795	0.10333624915422301	0.27593850085816174	0.1724101056762114
0.24147021154642934	0.20680069082271385	0.10339567107072639	0.2759285363059676	0.17240489025416258
0.2413503529243203	0.20687710590056238	0.10343466299801657	0.27587245974812513	0.17246541842897536
0.2415164147565499	0.2067711244836301	0.10339697010230164	0.2759445427747991	0.1723709478827191
0.241427238471738	0.2069470645251758	0.1033485914838203	0.2759241987166918	0.1723529068025738
0.2415344937436909	0.20681258232108402	0.10341133812058098	0.27588648332676213	0.1723551024878817
0.24142410298066322	0.2068667902067552	0.10334263931922738	0.2759412365563343	0.17242523093701967
0.24140159956965435	0.2069247335787421	0.10338420548661582	0.27590756185365173	0.17238189951133573
0.24136007879471053	0.20691803298420383	0.10334090115991545	0.275936175335485	0.17244481172568493
0.24143720689466355	0.20690997790743038	0.10342104346389988	0.2758682980513971	0.1723634736826088
0.24135062293727916	0.20694992407016113	0.10336275763778051	0.2759126896474822	0.1724240057072967
0.24143189908601204	0.20677259827469896	0.10343752564737804	0.27592805409511817	0.17242992289679254
0.24138145957276663	0.20684090258926197	0.10338262456907207	0.275951604671961	0.1724434085969381
0.2413607240334713	0.20692516233767194	0.1034049431304464	0.2759610822034797	0.17234808829493042
0.24133477431808625	0.20688078414851	0.10342275062169218	0.2759467913830645	0.17241489952864686
0.24147395695102006	0.20686380219560813	0.10343465135039437	0.2758075725908282	0.17242001691214895
0.2415045988404506	0.2068330212137026	0.10343746651176366	0.27585390394109427	0.1723710094929886
0.24136019494590583	0.20682113176964695	0.10345617449221134	0.2758858057701088	0.17247669302212684
0.24139994895056968	0.20673682890256248	0.10345785974051289	0.2759767644907287	0.17242859791562593
0.2414597591547027	0.20690645319213188	0.10334904769058884	0.27587790990806615	0.17240683005451024
0.24153243491620668	0.20667921934179048	0.1033820577600245	0.2759000530745056	0.1725062349074725
0.24147153490877632	0.20683140820238144	0.10342742226760748	0.27582823924975836	0.17244139537147618
0.24148725957339118	0.20668743736707076	0.10346169775854071	0.27590726211282246	0.1724563431881746
0.24138657880049727	0.20694694289870885	0.10338171521313712	0.27590378022046225	0.17238098286719428
0.24152549791311906	0.20660066194894333	0.10345153505653419	0.27595568647306484	0.17246661860833834
0.2415098184333599	0.20677843270386562	0.1033762633432265	0.2758647232578063	0.17247076226174146
0.24139057116560392	0.20693439403339356	0.10333985922286781	0.2759235007834306	0.17241167479470393
0.24138135004399391	0.2068634944138981	0.10343839087827325	0.27589016133071254	0.1724266033331219
0.2414687489918632	0.20685909825527776	0.103379690480723	0.27590359150624066	0.1723888707658951
0.24152420901053534	0.20675154918215247	0.10340691493448967	0.2758167986264134	0.17250052824640888
0.24141576982412938	0.20687442327675107	0.10334485468875923	0.27591086471690623	0.1724540874934538
0.24151154817532122	0.2067091020839762	0.10337458654845354	0.2759241655819344	0.17248059761031442
0.24134879849042312	0.20689954042472855	0.10334354480838681	0.2759419007654692	0.17246621551099203
0.24134616560530484	0.20695958689700605	0.10345019536698594	0.275827630207204	0.17241642192349887
0.24148148039254602	0.2068153889347075	0.10339625022912527	0.2758829524041045	0.1724239280395165
0.24140272710467658	0.20689075858357692	0.1034350486748756	0.27579650453698196	0.1724749610998887
0.24140163516388605	0.20700757409659093	0.1033385407108959	0.27582525236989186	0.172426997658735
0.24137729585331946	0.20688280361811273	0.10342608619500201	0.2758683728403044	0.1724454414932612
0.2413648803095997	0.2069113036467242	0.10335123792686453	0.27595028511368813	0.17242229300312323
0.24136126131691002	0.20685480648196297	0.10341877010467523	0.27598114797831746	0.17238401411813406
0.24147308526353597	0.2069255024261154	0.10337680907841228	0.2758234383499128	0.17240116488202328
0.2413717887801668	0.20696405420712227	0.10341322525248985	0.2758387346782705	0.1724121970819503
0.2414755221575319	0.20684967448330518	0.10339849785576982	0.2758125935821961	0.1724637119211967
0.2415133341295303	0.20682739420584115	0.10340045972834948	0.27582237126786124	0.17243644066841757
0.24143885011287802	0.2068800141642742	0.10340000520621292	0.27588169238190613	0.17239943813472852
0.24134041004916773	0.20696945476207296	0.10335964590853289	0.27582792581268134	0.17250256346754483
0.24149502120797917	0.20680964852640957	0.10334541541470699	0.2759648651058817	0.1723850497450223
0.24140707573615253	0.2069450286906902	0.10343495991793511	0.27583145189427766	0.17238148376094423
0.24146181218800683	0.2067416221023575	0.10342769135957107	0.275915761090141	0.17245311325992332
0.24147130315986307	0.2067621682135654	0.10337006849389192	0.2758885642232587	0.1725078959094207
0.24149753914293537	0.2067007661637364	0.10343771874580665	0.2759589946050883	0.172404981342433
0.24138036342483993	0.2068562832205493	0.10338249758876267	0.27593384797368503	0.17244700779216282
0.24146836016541118	0.20680160250389085	0.10340669215974116	0.2759335351122679	0.17238981005868867
0.2413883754530354	0.20696876339985168	0.10333605851116902	0.2758900791912024	0.17241672344474124
0.24138105491642442	0.20679795934167192	0.10339588397756412	0.27596212322509994	0.17246297853923934
0.24142291665641324	0.20685736229691096	0.10338690145858048	0.2759057695935401	0.17242704999455497
0.2414575385071745	0.20688387772514893	0.10338122145895039	0.27583009426863014	0.17244726804009577
0.2415207056697603	0.20686432154583925	0.10334262760707517	0.27587780740374257	0.1723945377735825
0.24134694657384712	0.20692620718552404	0.10343922879972639	0.2759177756209904	0.17236984181991183
0.24137072944296462	0.20678469352986698	0.10339366945135162	0.27597171573537127	0.17247919184044527
0.24152557226827204	0.20682848586372496	0.10339370998678755	0.27586743118071444	0.17238480070050072
0.24139581143974914	0.20687832783087584	0.10337284721107053	0.2759388012777749	0.17241421224052933
0.2415323333338656	0.20669001714765206	0.10342200545112828	0.27596325159503343	0.17239239247232035
0.24133614829037225	0.2069822306424926	0.10338425478400341	0.27594815494823854	0.17234921133489292
0.24152304045799136	0.2068199716177084	0.10335365134897415	0.27584314732983545	0.17246018924549036
0.24137284422564326	0.20685687481738102	0.10340757236812663	0.27587976700759953	0.17248294158124933
0.2415126388240792	0.20679876159531263	0.10339080124613312	0.2758456034300364	0.17245219490443844
0.24148664930590455	0.20676507634506613	0.10338279014738239	0.2758665068268249	0.1724989773748218
0.2413722312295055	0.2070159407432744	0.10338375833344442	0.27585777988369664	0.17237028981007882
0.24151419013465658	0.20683361338343506	0.10335056154101602	0.2759147439670583	0.1723868909738338
0.24136464227079812	0.20686405025951116	0.10339792545845994	0.27593698156273494	0.17243640044849562
0.24151956737006555	0.20679321824696043	0.10334457053672648	0.2759211760154388	0.17242146783080847
0.24142653639500067	0.2068804278246553	0.1033376561251144	0.27585514638955655	0.1725002332656728
0.24142609642911955	0.20683999428308164	0.10346418160912119	0.2757950889291608	0.17247463874951657
0.24147933967409074	0.20694513128861797	0.10334769338172642	0.2758735051918434	0.17235433046372123
0.2413746227983361	0.20687540754035696	0.10341643327618628	0.27595749993770996	0.17237603644741045
0.24143961357306212	0.2068223647628559	0.10337807768407234	0.27598446829887596	0.17237547568113343
0.24144654256383238	0.2069064613008515	0.10334758385182599	0.2758392944139273	0.17246011786956258
0.24144202808627455	0.20673850385630588	0.10344034831024111	0.2758988822332383	0.17248023751393993
0.24139366419593258	0.20687229275257701	0.10340258995937296	0.2758740391887606	0.17245741390335662
0.24150655766707402	0.20672510759924723	0.10338364099565975	0.2759561394333492	0.17242855430466955
0.24147717154617532	0.2069146905292999	0.10337243491848218	0.27587619749183356	0.17235950551420884
0.24136054909078003	0.20685127457199964	0.10343119268433652	0.2758923191858268	0.17246466446705674
0.2415310458501138	0.2066694370090908	0.10341402164453689	0.2758805834168746	0.17250491207938368
0.24134986670888586	0.20700240883729343	0.10336139567628536	0.2758196344114125	0.1724666943661226
0.24134679067988235	0.2068839502510505	0.10333854847924062	0.27593573331610244	0.17249497727372384
0.24141456382896623	0.2068791749254173	0.10340318675846207	0.27584606644952536	0.17245700803762878
0.24145368693271177	0.20693862393427864	0.10342356445713426	0.27582377073055087	0.17236035394532428
0.2413651335527469	0.20689028910115495	0.10334249400909258	0.27593800890001235	0.17246407443699296
0.24135378159158227	0.2067339547121265	0.10343760747835892	0.27598357748534086	0.17249107873259123
0.2414366439233499	0.20671949369222165	0.1034684580670651	0.2759693143276798	0.17240608998968335
0.24150498505030787	0.20691036584744124	0.10336280143178406	0.275844555516225	0.17237729215424155
0.24146635626277144	0.20675919622668082	0.10344920177700509	0.2758358044678457	0.1724894412656967
0.24146119153092688	0.20677026179081695	0.10335138874203756	0.27592178726604244	0.17249537067017595
0.24143441141299424	0.2070063661926329	0.10336403326446193	0.27580024071224807	0.17239494841766262
0.241346409400171	0.20686381733742384	0.10340006672919225	0.27596126715063657	0.1724284393825761
0.24137142128047268	0.2068906531310445	0.10343532934068174	0.27586495777367503	0.1724376384741258
0.24149132254612027	0.20695554755937107	0.10334051083877041	0.27580806310251477	0.17240455595322324
0.24146019780101724	0.20674812007789298	0.10338556934455014	0.2759629119975571	0.1724432007789823
0.241359173776579	0.2067033692431129	0.10346632778781058	0.2759790741702022	0.1724920550222951
0.24137322505180173	0.20699464782785565	0.10333680375713884	0.27584535739780214	0.17244996596540138
0.24135047734410314	0.20684568812344079	0.10345400424559645	0.2759072979320025	0.17244253235485685
0.24134738340866996	0.2068481065430785	0.10346426308133964	0.27596448271653695	0.1723757642503747
0.24134640285346393	0.20693525818037276	0.10343970308905821	0.2757930593951423	0.17248557648196255
0.2415379002300087	0.20681069610458158	0.10334755865575475	0.2759281700069627	0.17237567500269205
0.24137988370597535	0.20684706539502232	0.10346966872804822	0.2758163920931114	0.17248699007784246
0.24147842624254873	0.20679460839830124	0.10340912259333666	0.2758478625147443	0.17246998025106883
0.24135704829785232	0.20690649245774606	0.1033632052678552	0.27592496901703983	0.17244828495950637
0.24140641705457122	0.2067822108438873	0.10342681779140592	0.2759649272200829	0.17241962709005246
0.24148324276869093	0.20674234512112893	0.10344860222420493	0.27585299221744514	0.17247281766852982
0.24137533062829633	0.2069255843595625	0.10336000804738146	0.2759273184867568	0.17241175847800266
0.2413911383168461	0.20687202241895658	0.10341137648953509	0.27595441746130656	0.1723710453133554
0.24150012380674768	0.20685585840358667	0.103334469056485	0.27592261044498334	0.17238693828819707
0.2415130577396657	0.20679376514521	0.1033456315186865	0.2758569453273623	0.17249060026907523
0.24148724274258898	0.20675232761514228	0.1033564698211479	0.27591488046149204	0.17248907935962854
0.24141377908835676	0.20674489917021732	0.10339935589513878	0.275947390565849	0.1724945752804379
0.24147540158541503	0.20679257810485988	0.10336613267513901	0.2758738336999462	0.1724920539346396
0.24135810512730982	0.20686874318421783	0.10345552460846076	0.2759171046089183	0.17240052247109308
0.2414698944127569	0.20668268794336384	0.10342186070502794	0.275946911395676	0.17247864554317505
0.24135935412541532	0.20679446087716086	0.10344683944939659	0.27591974635360106	0.17247959919442596
0.2415347438687308	0.2067083207115545	0.10343318788858065	0.2758474598287832	0.17247628770235057
0.2414484321078989	0.2067771946144595	0.10334039313412306	0.27597613623621003	0.17245784390730823
0.24148678269297585	0.20678708740636864	0.10334806091014782	0.2759286222796741	0.17244944671083332
0.24138658602300955	0.20696797488289476	0.10338962935330995	0.27587712780851986	0.1723786819322657
0.24139240192183023	0.20700010659980414	0.10344108900596372	0.27579268581066474	0.17237371666173695
0.24152397835300293	0.20677668653139014	0.1033891476533638	0.27594846590750166	0.17236172155474122
0.2414081444996296	0.20682218127698845	0.10334288915216346	0.2759204794938034	0.17250630557741486
0.24147670084362177	0.20680723102649387	0.10337277399310507	0.2758969387106473	0.17244635542613174
0.24147530899746183	0.20678468843490297	0.10343419669317461	0.2758196920647891	0.17248611380967124
0.2415322216082531	0.20666882296361092	0.10346078616091922	0.27587263437927756	0.17246553488793898
0.2414385865967607	0.2067444283915339	0.10345871667723071	0.27591401350486133	0.17244425482961312
0.24142350445438404	0.20684624828522047	0.10344362938629198	0.2758011394147518	0.17248547845935147
0.2415087777379252	0.20689067545631107	0.10343059980422037	0.2757964823277873	0.1723734646737558
0.241439837802985	0.20689964389086116	0.10339195352225268	0.2758996845592317	0.17236888022466923
0.24153085460985838	0.20674043509802045	0.10345646879694602	0.2758810738968488	0.17239116759832615
0.24142827917465676	0.2070539921888074	0.10333227288892961	0.2758000360797268	0.17238541966787915
0.24135585628959386	0.20692273730765282	0.10338087543493871	0.27595174488273855	0.17238878608507585
0.2414735103667022	0.2068859461887421	0.10334372476886103	0.2759107257553834	0.17238609292031104
0.2414381380641693	0.20673799172861018	0.10337702266318087	0.2759528484561253	0.17249399908791413
0.2414995786223677	0.2067659199912079	0.10345996111608019	0.2758803138671419	0.17239422640320207
0.24152813449157906	0.20666966910897278	0.10346075122218598	0.27589256910175836	0.17244887607550358
0.2415210280628134	0.20680638691385744	0.10344286392396315	0.2758420024932291	0.1723877186061367
0.24152972225269695	0.20670168034964168	0.10340285792041592	0.2759585372630376	0.17240720221420763
0.2414429879144497	0.20695693292833867	0.10335271126053601	0.275795473428172	0.17245189446850334
0.24140933942623352	0.20678649328100956	0.10336927995120129	0.2759590965398472	0.1724757908017082
0.24152686531631012	0.20692410293804542	0.10338591404093027	0.2758000144881469	0.17236310321656706
0.2415328409810748	0.2067745824140539	0.10335419676400141	0.2759348290259035	0.1724035508149661
0.24136947800940228	0.20680470047088786	0.10345893635369716	0.27592959403526657	0.1724372911307459
0.2415241896507519	0.20682745526242952	0.10333394183918558	0.2758982333020474	0.1724161799455854
0.24142818219141848	0.20694539016134023	0.10334944683562158	0.275863706364263	0.17241327444735646
0.2413683523870912	0.2070366589859143	0.10333655144755974	0.2758536790782842	0.1724047581011503
0.24148706975153295	0.20691983222859972	0.10336352641201925	0.2758670740032959	0.17236249760455194
0.241522269711217	0.20672978166620842	0.10336502028553299	0.2759743783796431	0.17240854995739824
0.2414460351936637	0.20673770265883942	0.10345957468176942	0.27594570108712624	0.17241098637860092
0.24141720383295429	0.2069352090564027	0.10343894090825259	0.2758580838197432	0.17235056238264698
0.24137919085312393	0.20696037668934492	0.10345481215079166	0.2757989358423452	0.172406684464394
0.24141137251119973	0.2068436388808339	0.1034361833679752	0.27591442175954445	0.17239438348044644
0.24138271667478683	0.2068022692071896	0.10344111809765327	0.27598238106086403	0.17239151495950603
0.2415281750341287	0.2067819429843943	0.10337020647191042	0.27591834685071015	0.17240132865885616
0.24145778807894483	0.20683726838131486	0.10342942894915692	0.27581963756598116	0.172455877024602
0.2413745926469707	0.2070511273170484	0.10333933665759892	0.27582699170105673	0.17240795167732498
0.24137930736464225	0.20681060993551945	0.103409716868774	0.2759290633140386	0.17247130251702547
0.24138476438634165	0.20685418541055445	0.10344393482259444	0.27594617571255553	0.17237093966795364
0.24147300963692123	0.20679257016101799	0.10342458267158824	0.27587558524181466	0.1724342522886576
0.24138346184227202	0.20682988069364341	0.103425268118684	0.27588447800387683	0.17247691134152346
0.24139293382838006	0.20685972129536895	0.10337940536049187	0.27587601700843145	0.1724919225073274
0.24144279184561335	0.20683736851774917	0.10337838927077543	0.2759801148803544	0.1723613354855074
0.24135728996346073	0.2069483356736472	0.1033895237043289	0.2759002439068927	0.17240460675167021
0.2413753514075231	0.20678002455950514	0.10342760719526775	0.2759458023977823	0.17247121443992144
0.24134751607724816	0.20693541759681836	0.10343645207166965	0.275908144063735	0.1723724701905286
0.24152443631146225	0.20685693166691532	0.10338930071715047	0.27582617453093616	0.17240315677353557
0.24140471654925816	0.20679911932419923	0.10344146436300301	0.27595794110390975	0.17239675865962958
0.24148570766256874	0.2067538943507581	0.10333278912940766	0.27592362163756523	0.17250398721970003
0.2414684345692795	0.20684759583331538	0.10336009402072299	0.2758858344809849	0.17243804109569696
0.24150842835378838	0.2068284537552664	0.1034069365458004	0.27583532220442664	0.1724208591407179
0.24153342217573714	0.20666423778723436	0.10345267321975987	0.2759194563979515	0.17243021041931686
0.2413452317191943	0.20679263994800665	0.10346749504310841	0.2759370208723939	0.17245761241729643
0.2414811706554057	0.2068445152800378	0.1034430700624413	0.2758312897892947	0.17239995421282026
0.24145650390752665	0.20682947265337456	0.10341248884051431	0.2759436321519159	0.1723579024466683
0.24134583327494835	0.20691700493628398	0.1034577467774391	0.2759277978674215	0.17235161714390684
0.24136481779235996	0.2067684177807015	0.10341492229829066	0.2759599409521753	0.1724919011764723
0.24151335601364163	0.20681250667777432	0.1033725754037831	0.2759195681117894	0.17238199379301128
0.24148528822680443	0.20680585043514443	0.10334236557211154	0.27586016888164594	0.17250632688429343
0.24138171977432882	0.20697704594855124	0.10336330045629157	0.2758333135674889	0.1724446202533392
0.2413762283230901	0.20687500601530995	0.1034278709546698	0.27593303472707603	0.1723878599798538
0.24148909710463665	0.20672331049779286	0.10344531760855993	0.27586425180229907	0.17247802298671128
0.2414422610264882	0.20687229139396263	0.10336319018369691	0.2759345442560648	0.1723877131397872
0.24136476484790714	0.20700561824137675	0.10337815416603903	0.27583320063363176	0.17241826211104502
0.24143147338318682	0.20703566190601452	0.10336837975390384	0.2758161791120176	0.17234830584487698
0.24152020371085464	0.20665161942019925	0.10344950648859015	0.2759278764270467	0.17245079395330903
0.2415186807156638	0.20666914004943385	0.10346730944403579	0.27596555478327517	0.17237931500759118
0.24140420859122472	0.20685627774272508	0.10343218260468033	0.2758832199111161	0.17242411115025355
0.24142729225656281	0.20685760484480895	0.10335070181888371	0.2758600168254652	0.17250438425427908
0.24151415918587105	0.20678952483126936	0.10334132254991236	0.2759658866224989	0.17238910681044808
0.2413439529414549	0.20704268866741996	0.10339773819906171	0.27581313723058964	0.1724024829614735
0.24137205935041034	0.20693793156417759	0.10340009209917812	0.2757929807511199	0.17249693623511378
0.24138518807688025	0.2067848023899685	0.10341020158481329	0.2759199094701847	0.172499898478153
0.24149687040314427	0.20675801859432294	0.1034533920203419	0.27590771197937125	0.17238400700281942
0.24143863688199124	0.2069597510145033	0.10337119608185948	0.27586412461037196	0.1723662914112738
0.24144911626195642	0.20666454525942732	0.10344104886239663	0.2759718878220197	0.17247340179419965
0.24137457670457826	0.20678670089551923	0.10338090705592413	0.2759865637248858	0.17247125161909235
0.2413719233510474	0.20698262278789065	0.1033965879511125	0.27586226520157353	0.17238660070837566
0.241448230502397	0.20690772189618659	0.10345237447393117	0.27581869323389807	0.1723729798935869
0.24144746753729168	0.20684289131429195	0.1033377313181309	0.27595550130301183	0.1724164085272734
0.24138856748357346	0.20699420446879452	0.10339890762863709	0.27586197725577644	0.17235634316321827
0.24134110863619052	0.20701424421365514	0.10343177933192146	0.27582627121092335	0.17238659660730932
0.24141806519157416	0.20688149759774502	0.10335717810756097	0.2759191840802363	0.1724240750228833
0.24150241326618843	0.2068409927797788	0.1033750855594555	0.27591397592844624	0.1723675324661308
0.24152040830560112	0.20683571620881833	0.10338606366139322	0.27588205507090735	0.17237575675327974
0.24145969942557055	0.20701980298343786	0.10333831468925501	0.27580458455555235	0.172377598346184
0.24140762689941214	0.20678644136096092	0.10346083048547959	0.2758733119301059	0.1724717893240412
0.24137037193610075	0.20679064514769913	0.10341095590158178	0.2759538176066576	0.17247420940796054
0.2413694217385817	0.2069703977650278	0.10334488087461727	0.2758667267331287	0.17244857288864435
0.2414780230280305	0.20684287558015116	0.10339324656186805	0.2758600990749561	0.17242575575499394
0.24135346996806192	0.20696922212061192	0.1034037172003713	0.275840562883794	0.1724330278271606
0.24141365260970715	0.20694867627339558	0.10333995140981579	0.2758582534592639	0.1724394662478173
0.24147336214083864	0.20673148421393492	0.10344890158410178	0.2759027626969977	0.17244348936412673
0.24145640497989757	0.20675828838237292	0.10340248590824737	0.2759290456229769	0.172453775106505
0.24149828351603844	0.20678898721006925	0.10336219592630529	0.27589555366280405	0.1724549796847827
0.24152640199413153	0.20671706248372873	0.10343602366693547	0.2759276594337227	0.1723928524214813
0.24138422156324194	0.20685673387956463	0.10333391632821623	0.27592207706316935	0.1725030511658076
0.24141785380204836	0.2069516770041155	0.10333148246880242	0.2758676754133619	0.1724313113116716
0.24149996549083885	0.20671954797177025	0.10346749984939627	0.2759506998267638	0.17236228686123062
0.24146912935164264	0.2069592826943218	0.10337312081195275	0.275847070379496	0.1723513967625866
0.24134584455092228	0.20685558111601868	0.10345576591470207	0.27589968622448985	0.17244312219386687
0.24153304457258548	0.20675001541564694	0.10341322014008927	0.27580823977821545	0.17249548009346263
0.24136629489366415	0.2070247897151604	0.1033820466255048	0.2758563535717623	0.17237051519390809
0.24153191517756004	0.2067747876421579	0.10335979765232689	0.27593041060290413	0.17240308892505082
0.24147651919728494	0.2068356879949959	0.10333912021038257	0.2759567738720611	0.17239189872527527
0.24141107277646495	0.20696857722567538	0.10334228489709535	0.27592158863276944	0.17235647646799462
0.24148630414077513	0.20679623547358927	0.10343689066126427	0.2758120623599417	0.1724685073644294
0.24149147379340594	0.2067754441395742	0.10343858683300389	0.27589883625511513	0.17239565897890063
0.24141966419680297	0.20686217926464473	0.10343363816404015	0.2759090121821306	0.17237550619238132
0.2415198884859056	0.20663908714619264	0.10336763300389346	0.2759721239800173	0.17250126738399074
0.24141477271522963	0.20688575043711102	0.1034096627217248	0.2758736436018384	0.17241617052409589
0.2414150683171034	0.20679364861300134	0.10338513619890463	0.2759855091103126	0.17242063776067773
0.24139817731040114	0.20694807571988744	0.10339894134239057	0.2758059660065192	0.17244883962080146
0.2414780798900536	0.20677203231689478	0.1034431592416473	0.27583348681029696	0.1724732417411071
0.24137287566747856	0.20686463202940597	0.10342614845822148	0.27588685008440766	0.17244949376048607
0.24151460704961808	0.20681284231645883	0.10343488496686201	0.27580382622095206	0.17243383944610877
0.24145451118357553	0.20684020083055918	0.10339959236529414	0.27582204530682897	0.1724836503137419
0.2415004161490844	0.20685765444598103	0.10335518475262526	0.2757991834199945	0.1724875612323146
0.24138702855548577	0.20671428313694673	0.10344229559435426	0.27594950715638034	0.17250688555683266
0.2414807814872658	0.20676943876263826	0.10341785721907706	0.27588573225351687	0.1724461902775018
0.2413416924046919	0.20693513575573763	0.10338089666207176	0.2759320857906172	0.17241018938688127
0.2415320085961565	0.20668520803335927	0.10343298337379478	0.27591892904018633	0.17243087095650284
0.2413962368749915	0.20698347761516758	0.1033720594502628	0.27580595655857326	0.1724422695010046
0.24147303187488628	0.2067061221392597	0.10336884307970697	0.2759656689245332	0.17248633398161362
0.2414684023801743	0.20678746599970171	0.10333892527140462	0.2758986856499545	0.17250652069876463
0.24133962901975126	0.20702309462137725	0.10342054757377178	0.2758623650050239	0.17235436378007554
0.24143230645927927	0.20689414847829496	0.10333652050710372	0.27584253935712366	0.17249448519819816
0.24143425438805502	0.20681243010535288	0.10340520713480318	0.27595113543939986	0.17239697293238876
0.24151442389146105	0.20671199319203865	0.10342883703575168	0.2758595279535282	0.17248521792722016
0.241438198267867	0.20674684156825243	0.10340835531932752	0.27590527883210836	0.1725013260124445
0.2413541233837912	0.2067929339000207	0.10341552384535144	0.2759306847493897	0.17250673412144668
0.24141330730407806	0.20703544498730836	0.10333664169035475	0.2758566011636231	0.17235800485463548
