0.18427643656709486	0.2626617342965398	0.5530618291363655
0.18235111436044912	0.26776208384996275	0.5498868017895883
0.18269300606386002	0.2589041462607966	0.5584028476753434
0.1838344583402393	0.2599037094098255	0.5562618322499353
0.1859010774888678	0.25573795024658047	0.5583609722645518
0.18436382122249292	0.25620507237234424	0.5594311064051629
0.1827685107840502	0.26143237242686534	0.5557991167890846
0.18327194622876736	0.25781093657670257	0.5589171171945302
0.18365900779607675	0.27053493258058875	0.5458060596233346
0.18147170727863715	0.27305038708932283	0.54547790563204
0.1847383409068658	0.26197222983308677	0.5532894292600475
0.18074273142053207	0.2667845142299735	0.5524727543494945
0.18276570835755374	0.25872797998494335	0.5585063116575031
0.18453150377010413	0.268957157232772	0.546511338997124
0.1827361833451633	0.2676561977759295	0.5496076188789073
0.1857669686230025	0.25612685086366793	0.5581061805133297
0.1796843203382817	0.2719134631912164	0.548402216470502
0.1803877722942266	0.2721015760488862	0.5475106516568873
0.18314994451215677	0.261856175481362	0.5549938800064813
0.18005700774730818	0.269768651359016	0.5501743408936759
0.18318879838603033	0.2571763748383111	0.5596348267756588
0.18096633026340492	0.2589996231219185	0.5600340466146767
0.1820872011641612	0.26860107990297755	0.5493117189328613
0.1817408368251024	0.2646520921112847	0.5536070710636131
0.18500088968336545	0.26664878843168793	0.5483503218849468
0.17960756201751368	0.27167954807345607	0.5487128899090303
0.18390895627447904	0.25865665951635286	0.5574343842091682
0.18059493302249985	0.2604447454537422	0.5589603215237581
0.18195268665687722	0.2698307863496922	0.5482165269934307
0.1807070010402904	0.2699435870663437	0.549349411893366
0.18152162269434022	0.2738437704967615	0.5446346068088984
0.1847125526742961	0.2705521186719544	0.5447353286537496
0.18352061701846925	0.260162253188798	0.556317129792733
0.1813977807913349	0.26814885423652374	0.5504533649721415
0.18051863883942593	0.27003001680947847	0.5494513443510958
0.18577036491548482	0.2668311396438758	0.5473984954406396
0.1817139677492887	0.27237105534343314	0.5459149769072783
0.18215862122310825	0.26548791004841116	0.5523534687284808
0.18206859208996848	0.27047085881010663	0.547460549099925
0.18224472771058833	0.2667006517239001	0.5510546205655117
0.18351966959303836	0.25755313439632066	0.558927196010641
0.18225759037550887	0.25854641411292767	0.5591959955115635
0.1835487167619727	0.26269917414378396	0.5537521090942434
0.18196623066980003	0.2648633726380658	0.5531703966921342
0.1811378378907488	0.26851089778356646	0.5503512643256848
0.18420617920628293	0.26605061837378224	0.5497432024199349
0.17969737344770054	0.26683714664822916	0.5534654799040704
0.18171985489328357	0.26498446331493	0.5532956817917866
0.18235060915669157	0.26716500731867027	0.5504843835246382
0.18241800953988588	0.2632324705842547	0.5543495198758596
0.18169257147129966	0.2702073906901	0.5481000378386004
0.1858656589671821	0.2630713414956042	0.5510629995372138
0.18324973233559638	0.26933889605906625	0.5474113716053375
0.1808434369488382	0.27022175290081435	0.5489348101503476
0.1827368926663746	0.2624086427909934	0.5548544645426321
0.1832507695280585	0.2671378581204066	0.549611372351535
0.1819824193363245	0.2690116694727215	0.5490059111909541
0.179947633364669	0.2694897662512087	0.5505626003841224
0.1843792237492373	0.2585718125020176	0.5570489637487452
0.18608591304225847	0.2675645082299312	0.5463495787278104
0.18441738871386942	0.2588620152495584	0.5567205960365723
0.18146337038626933	0.2732920808363448	0.545244548777386
0.1824396439685212	0.273180052091065	0.5443803039404139
0.1812224400239728	0.26968576930713667	0.5490917906688907
0.18118265891266705	0.260569748380471	0.5582475927068621
0.17968670609514542	0.2639303093929454	0.5563829845119094
0.18238222922548472	0.2579031810394534	0.5597145897350619
0.18598320239822308	0.259407933249467	0.55460886435231
0.1827537851203733	0.2580499515612865	0.5591962633183403
0.18303331636396922	0.26672987625395683	0.550236807382074
0.18569533555811119	0.2576944797738183	0.5566101846680707
0.18561355180073955	0.2578013146434085	0.556585133555852
0.18362428631779146	0.2585405037157351	0.5578352099664736
0.18053513281532924	0.2658204722883869	0.553644394896284
0.18293293771093183	0.2715556712270998	0.5455113910619684
0.18419284357118285	0.2715321379402526	0.5442750184885646
0.18387333456475266	0.2690212403712417	0.5471054250640057
0.18210807039507293	0.2720822869728875	0.5458096426320397
0.18583335308738502	0.26515335888292335	0.5490132880296917
0.18067463728784905	0.26474748910614865	0.5545778736060024
0.18528201272164793	0.26864295461225307	0.546075032666099
0.180685825671571	0.26620873241047965	0.5531054419179495
0.1838593024815143	0.268578183778337	0.5475625137401489
0.18288414274943404	0.2667323519649744	0.5503835052855917
0.18327041731409113	0.27262903710594133	0.5441005455799677
0.18026885835263678	0.27201998724209747	0.5477111544052659
0.18024697635926995	0.2603595378503015	0.5593934857904286
0.18417803373434952	0.26393300692272614	0.5518889593429245
0.18099362971749192	0.2699551154309582	0.54905125485155
0.18511733061198368	0.2648664209435684	0.5500162484444481
0.18160419492497765	0.2712182935430232	0.5471775115319993
0.17998691932811742	0.26352771300843014	0.5564853676634526
0.18504037388572883	0.26600229306225365	0.5489573330520177
0.18292545546966613	0.2682907071642881	0.5487838373660459
0.1837996241358812	0.26931927409537737	0.5468811017687416
0.18004693608057976	0.26563163024654973	0.5543214336728706
0.18161685535405353	0.26673950068192176	0.5516436439640249
0.1819681022381451	0.25840017500155227	0.5596317227603027
0.18155861071735763	0.2722964097038931	0.5461449795787494
0.17977478051623103	0.26807318733743696	0.5521520321463321
0.18551546708076092	0.2602252444009113	0.554259288518328
0.1846034925134373	0.2569531635356769	0.5584433439508859
0.18048293154411033	0.26448064909216884	0.555036419363721
0.18460725905017245	0.27061816955319357	0.5447745713966341
0.18497891097384356	0.26325590894558587	0.5517651800805707
0.1799068419355739	0.27460684274734215	0.545486315317084
0.1821220516720383	0.267267381633865	0.5506105666940968
0.18548971419449142	0.2695778436975892	0.5449324421079196
0.18210193876552583	0.2621081967770147	0.5557898644574596
0.18065761188033433	0.27273921739605006	0.5466031707236157
0.1808274467312076	0.26561982994255395	0.5535527233262385
0.18251117687281765	0.2575554606527875	0.559933362474395
0.18031576457877485	0.26032396620722387	0.5593602692140014
0.18495626146296043	0.2702015711546234	0.5448421673824163
0.1821166618731833	0.27350672676321697	0.5443766113635998
0.18134104896606795	0.26646136374054574	0.5521975872933864
0.18365003005961586	0.26412014514612037	0.5522298247942639
0.18032786181209667	0.26074952366238535	0.5589226145255181
0.1823328078006446	0.2685168631495917	0.5491503290497638
0.1860136902132795	0.26873636330435	0.5452499464823706
0.18171204948267922	0.2675010762009732	0.5507868743163478
0.18076261174283312	0.271592450256913	0.547644938000254
0.18433058088041462	0.26802278418301534	0.5476466349365702
0.18492929810127967	0.262831538044751	0.5522391638539694
0.18494210748814657	0.2622938445507319	0.5527640479611217
0.18456303720883527	0.2556514378041977	0.5597855249869672
0.1837652742782272	0.2617754003321733	0.5544593253895996
0.18586043767563895	0.2609348389081706	0.5532047234161905
0.18103338349864825	0.27277100063383547	0.5461956158675164
0.18026977035646252	0.2728824156403532	0.5468478140031844
0.1804846546349112	0.2600222724799214	0.5594930728851676
0.1824845110347873	0.2587697038935508	0.558745785071662
0.18188072863383897	0.2698458291593595	0.5482734422068016
0.18089024517488353	0.27226018679443603	0.5468495680306805
0.18308168980846767	0.27249147757218983	0.5444268326193425
0.18216510146365297	0.26311856238462755	0.5547163361517196
0.18172862729807826	0.2617789190610843	0.5564924536408375
0.1843700927978989	0.265500912595247	0.5501289946068542
0.18525123460768192	0.2656388215324812	0.549109943859837
0.18219143134176702	0.26616640926407387	0.5516421593941592
0.18317319909209523	0.2669334668760265	0.5498933340318783
0.18400636244863092	0.2630353768001777	0.5529582607511915
0.182828247281793	0.27024966094245	0.5469220917757571
0.1814538112695074	0.26054924310816535	0.5579969456223274
0.1814743162665737	0.2644384164320906	0.5540872673013357
0.18196321910202234	0.2615809978673854	0.5564557830305924
0.18497405618484075	0.27033684768275834	0.544689096132401
0.18205925358642508	0.2702049430527672	0.5477358033608077
0.18088438728795664	0.26398176761667014	0.5551338450953733
0.18190546804166277	0.27171760194434574	0.5463769300139916
0.18183579326295352	0.2627853837120722	0.5553788230249743
0.1799102575311538	0.2600549464723654	0.560034795996481
0.1813391175167767	0.2651548192730775	0.553506063210146
0.17981532236516587	0.2670429390121559	0.5531417386226783
0.17963200461663478	0.27243782872538846	0.5479301666579769
0.18276893946709197	0.2635812181165094	0.5536498424163987
0.1826863186123722	0.2658721849389581	0.5514414964486698
0.18206379956121324	0.2595352456163995	0.5584009548223874
0.18322636296975475	0.2655202632783184	0.551253373751927
0.18147112512553149	0.2680775752583501	0.5504512996161186
0.18393677179196466	0.26705068330063214	0.5490125449074033
0.1836950763205205	0.2669683370571426	0.549336586622337
0.1849653599212292	0.2614709741151379	0.5535636659636329
0.18224349940075812	0.2702399886257925	0.5475165119734495
0.185615046175907	0.2633445698875541	0.551040383936539
0.18095264680089854	0.27023192208857555	0.548815431110526
0.17979687322896443	0.27056380106495526	0.5496393257060804
0.18226101431321576	0.2715091839844447	0.5462298017023397
0.18342106662187546	0.26738086898658125	0.5491980643915435
0.18162642138507978	0.26792992102422963	0.5504436575906907
0.17996169472449117	0.2715965242144823	0.5484417810610266
0.18600596941943032	0.26434031189894636	0.5496537186816235
0.18275428929108434	0.26709950346821	0.5501462072407057
0.18020556821297815	0.2688329622791743	0.5509614695078476
0.18502289023757057	0.2632343645710407	0.5517427451913888
0.18401307577524081	0.2660167630469972	0.5499701611777622
0.18168772154139087	0.26782365217100285	0.5504886262876064
0.1824521537475229	0.2720833372695821	0.5454645089828951
0.1849820779103089	0.2688800841023675	0.5461378379873236
0.18477237782189315	0.2575920425731586	0.5576355796049484
0.18444651085224756	0.26144251002728214	0.5541109791204705
0.18278750578031847	0.2603384588573615	0.5568740353623202
0.18396337273634228	0.26054438054941853	0.5554922467142394
0.1825623851451378	0.26221242606887313	0.5552251887859891
0.18407100089352185	0.2711992549901476	0.5447297441163307
0.18248915347561745	0.26433186475131787	0.5531789817730648
0.1810123785144013	0.26134792146328095	0.5576397000223179
0.18542354491348392	0.2663254326285941	0.5482510224579221
0.18392677757126363	0.26150232461309686	0.5545708978156396
0.181564840021533	0.2590783947830852	0.5593567651953819
0.17973835850412956	0.2663981158927023	0.5538635256031682
0.18386891201237904	0.26305011792794875	0.5530809700596723
0.18194825531050934	0.2605875484001442	0.5574641962893465
0.18090129736121813	0.26896664498395373	0.5501320576548283
0.18307763079819692	0.26888321371330404	0.5480391554884991
0.1818673903048891	0.2696017104156989	0.548530899279412
0.18243013173180686	0.27040056306968413	0.5471693051985091
0.1846652306576844	0.25985001317310635	0.5554847561692093
0.18549664997487234	0.26145428874763466	0.5530490612774932
0.184277173804027	0.258981075666507	0.5567417505294661
0.1837289519119214	0.26863400420055633	0.5476370438875224
0.18382858867053226	0.2719625862115726	0.5442088251178953
0.18098937099890272	0.26362139812229074	0.5553892308788067
0.1857951116411262	0.2691006806308593	0.5451042077280146
0.18036656158384512	0.26192906074931716	0.5577043776668378
0.18260753377128108	0.26839398614475846	0.5489984800839606
0.18317825759654924	0.2605665021312642	0.5562552402721866
0.18176528576009132	0.2667846298912404	0.5514500843486684
0.1800056224128854	0.273724458473193	0.5462699191139218
0.1838168977329051	0.25744719670385957	0.5587359055632354
0.18089226071868902	0.26359228408090885	0.5555154552004022
0.18291445788385596	0.26470154938554324	0.5523839927306009
0.1807898145686698	0.27150979542757336	0.5477003900037569
0.1800899257451257	0.2741286472033456	0.5457814270515289
0.17993994946261585	0.2611924575541548	0.5588675929832294
0.18556250570495003	0.2570000705969208	0.5574374236981293
0.18326903579573045	0.2576429748943744	0.5590879893098953
0.1832554419607469	0.2718240590778867	0.5449204989613665
0.18439977562110033	0.26214829487527963	0.5534519295036202
0.18323331465359827	0.25707320535988765	0.5596934799865142
0.18039076949373778	0.2707696438806404	0.5488395866256219
0.18277631155399507	0.2729748188611031	0.5442488695849019
0.1796217368972655	0.2642199752252104	0.5561582878775242
0.18308332973529515	0.27134766161307955	0.5455690086516254
0.18358312170433777	0.26439733346905464	0.5520195448266076
0.18099433619747832	0.2692483451829681	0.5497573186195537
0.18106926679384783	0.2613317655190869	0.5575989676870654
0.18121894714501166	0.2600529450002356	0.5587281078547528
0.180788638303022	0.26192402479154203	0.5572873369054361
0.1834657682188239	0.26552706062217746	0.5510071711589988
0.1848366478942612	0.26566577284176235	0.5494975792639765
0.18157030459327017	0.26812101973968333	0.5503086756670467
0.1806570813266664	0.2725199250413301	0.5468229936320036
0.18566715112196353	0.262359932271945	0.5519729166060916
0.18099570435513243	0.26083939542377915	0.5581649002210886
0.18177089095201124	0.27239289117023724	0.5458362178777517
0.1820358226727944	0.26801555878606476	0.549948618541141
0.18038553151348685	0.26723948044628104	0.5523749880402322
0.18091451361209798	0.2641756852770229	0.5549098011108793
0.1816229591981765	0.2651054347585857	0.5532716060432379
0.18366489939934838	0.2644740725453948	0.5518610280552569
0.18530605899354594	0.26992007068057344	0.5447738703258808
0.18316655914674623	0.27095531034994025	0.5458781305033136
0.18075460822961317	0.26785313350475926	0.5513922582656277
0.1817414149303899	0.265800860377493	0.5524577246921173
0.18253989129332515	0.2715847153985006	0.5458753933081744
0.18531880384075222	0.2628309676082868	0.5518502285509611
0.18583147647752013	0.2693790102624448	0.5447895132600352
0.18387103616859185	0.2614255367806488	0.5547034270507595
0.1797371732077086	0.2704441480887657	0.5498186787035257
0.18153592081183592	0.2622612834858359	0.5562027957023283
0.18428301610235648	0.2626310580325922	0.5530859258650516
0.18565496930250497	0.2666473656821047	0.5476976650153905
0.18492025250820215	0.25672500992455105	0.5583547375672469
0.18137312022848798	0.27117791350681936	0.5474489662646927
0.18330749330124307	0.26889541991057236	0.5477970867881846
0.18208464856105788	0.2716509791171574	0.5462643723217848
0.18318343968666742	0.2676413703810634	0.5491751899322693
0.1800894883333346	0.27338122907974194	0.5465292825869236
0.1849364061974282	0.268603809434122	0.5464597843684499
0.1844633531446787	0.2559459506230761	0.5595906962322453
0.1851010993363522	0.27051942968021453	0.5443794709834334
0.18136743570849162	0.26321390211025564	0.5554186621812528
0.18348532560996403	0.25940779514678003	0.5571068792432561
0.1847304492991508	0.2634256611417289	0.5518438895591204
0.18215545801780303	0.2735316017829641	0.544312940199233
0.1856404648312832	0.26406512082696665	0.5502944143417503
0.18519279030759456	0.2668268039279278	0.5479804057644778
0.1797790782570734	0.2630335211878505	0.5571874005550762
0.1796606114361041	0.2653558616289914	0.5549835269349046
0.185016853798182	0.25842656113592355	0.5565565850658946
0.1812935619702503	0.266854936943526	0.5518515010862237
0.18231060830532278	0.272475261164807	0.5452141305298703
0.1819119470599739	0.2719178403587987	0.5461702125812276
0.18566843517801207	0.26002183594508566	0.5543097288769024
0.18461423236667848	0.26244838091657297	0.5529373867167486
0.1837752466152374	0.2633699441342104	0.5528548092505523
0.18151201014203525	0.2695756845566883	0.5489123053012765
0.1832480747160806	0.2597869628652133	0.5569649624187062
0.18319227853746198	0.26163606321570004	0.5551716582468381
0.18430837750709742	0.2715982556498188	0.5440933668430838
0.1816785183932587	0.2689211604160883	0.5494003211906532
0.18044880147806805	0.2729003649623451	0.546650833559587
0.18332916000543634	0.2665502700356289	0.5501205699589349
0.1854316636329985	0.2698134933655802	0.5447548430014214
0.1819859705471052	0.2593363159814921	0.5586777134714028
0.18551506617496077	0.2681829765176087	0.5463019573074307
0.1836303244646622	0.26372166652396906	0.5526480090113688
0.18038934039660146	0.27156443740394093	0.5480462221994578
0.1813299139744798	0.2661946575198746	0.5524754285056457
0.18384777669909433	0.2636065692742715	0.5525456540266342
0.18459092308461647	0.25794439439798267	0.557464682517401
0.18033976377430538	0.2604090480716068	0.5592511881540879
0.1831692806951265	0.2727590340900386	0.5440716852148351
0.18102077274648964	0.26476175143625136	0.5542174758172591
0.18123218406621885	0.273658998290981	0.5451088176428003
0.1796735974498017	0.263061836890333	0.5572645656598655
0.1812702620983367	0.26470606803891955	0.5540236698627439
0.18346384662849577	0.2693275661118589	0.5472085872596455
0.18008779616883058	0.26249810084199926	0.5574141029891703
0.17980714587549881	0.27127432580303396	0.5489185283214674
0.18533206262680813	0.25702620807405147	0.5576417292991406
0.17988948613432226	0.2728298439136311	0.5472806699520467
0.18476079070658716	0.2598468449700857	0.5553923643233273
0.17963592371315293	0.2701888670611148	0.5501752092257324
0.18136928692024187	0.27200101469820204	0.5466296983815562
0.17983941646982649	0.26119942441332855	0.5589611591168451
0.18347555490574727	0.25777225484165417	0.5587521902525987
0.1816400662245936	0.2642876923030132	0.5540722414723933
0.18115202627607746	0.2679854163760728	0.5508625573478498
0.18103464721813137	0.2737472575694125	0.5452180952124563
0.1806696129096543	0.2657512776546563	0.5535791094356896
0.1849796664705741	0.2683902092189136	0.5466301243105124
0.18437391513192317	0.26912723465281324	0.5464988502152637
0.18166865945276964	0.2587819565300827	0.5595493840171478
0.1830449342333124	0.27215611724582406	0.5447989485208636
0.1813542439213069	0.2700085285414575	0.5486372275372356
0.1815674943904552	0.2714456658063058	0.5469868398032391
0.18368719435420267	0.2663309808603125	0.549981824785485
0.1852375339210765	0.2583327784371505	0.5564296876417731
0.18280746977914722	0.2649247464980397	0.5522677837228132
0.18296487958342383	0.25834964572497715	0.5586854746915991
0.18315880507360738	0.26006192792321603	0.5567792670031767
0.18579425115888204	0.2559036142352571	0.558302134605861
0.18560723005585755	0.2602926019883908	0.5541001679557518
0.18096884728257867	0.25978799317225476	0.5592431595451667
0.18162781154634314	0.2634595579533669	0.55491263050029
0.18364326946699938	0.2722665739750823	0.5440901565579184
0.18260070893105576	0.26094682859301743	0.556452462475927
0.18494710122111402	0.26370042239063396	0.5513524763882521
0.18014115407841147	0.26773915423642725	0.5521196916851614
0.18149650530331998	0.2727500668207638	0.5457534278759163
0.1859886756976631	0.2560879179295916	0.5579234063727454
0.1820662420728026	0.26772219885228316	0.5502115590749144
0.1820362246908031	0.2596038700004182	0.5583599053087789
0.18193922779932045	0.2620115662748941	0.5560492059257856
0.1814157766887311	0.2637937622204536	0.5547904610908154
0.18508160586193376	0.2629676852236696	0.5519507089143967
0.1805516160591987	0.27317654991160045	0.546271834029201
0.18118328896034464	0.27187714855142714	0.5469395624882284
0.18428693983335337	0.2642305915586904	0.5514824686079562
0.18018287672438624	0.26198697162557816	0.5578301516500357
0.18087894435131124	0.2622848604990397	0.5568361951496491
0.18409114076399077	0.2670213928636871	0.5488874663723222
0.18435044368467796	0.25736187089379586	0.5582876854215263
0.18037149173715739	0.27395454910871836	0.5456739591541244
0.17964849462631646	0.2674202329018418	0.5529312724718418
0.18319839559426337	0.258508981320201	0.5582926230855357
0.17988490156230103	0.2683156046592289	0.5517994937784703
0.18051823743736323	0.2714010584233388	0.5480807041392981
0.18467963361525436	0.27041015712251754	0.5449102092622282
0.18534477300769087	0.266071007086246	0.5485842199060633
0.1859574076795117	0.26036106842143514	0.5536815238990533
0.1857395124561133	0.26169336603685645	0.5525671215070304
0.18380110986593043	0.2577639038005073	0.5584349863335624
0.18042124530904546	0.2731430587872541	0.5464356959037006
0.1821607921659315	0.2716908681585675	0.5461483396755011
0.18022491928039058	0.2620242301667442	0.5577508505528653
0.1835183033734838	0.2595627131159505	0.5569189835105658
0.18237786723736904	0.259787531018166	0.5578346017444651
0.17996237872497853	0.2690052205662876	0.5510324007087339
0.17970071982992708	0.2713428035923491	0.548956476577724
0.1851213748395204	0.26533648020445044	0.5495421449560293
0.18354396827289127	0.2630103644431796	0.5534456672839293
0.18231342404761308	0.2622330570974236	0.5554535188549634
0.18464286673155536	0.25958452062262616	0.5557726126458186
0.17962289356954705	0.27014598699533005	0.550231119435123
0.18147434573706014	0.2714524655048925	0.5470731887580474
0.17973245598361953	0.26536249977969534	0.5549050442366852
0.18135474055608647	0.26522897465936224	0.5534162847845514
0.18580497397262657	0.26475707408479954	0.5494379519425739
0.1847631299079307	0.2555464633843398	0.5596904067077296
0.18181564107517625	0.26384735666994974	0.5543370022548741
0.18206661988343836	0.2601409112656319	0.5577924688509299
0.1849659787094311	0.2641678822011968	0.5508661390893722
0.18297760874240865	0.27135585097004733	0.5456665402875441
0.1858019306761664	0.2574582821843924	0.5567397871394414
0.18153020291863095	0.260262334217964	0.5582074628634052
0.18340231041563507	0.266084874307978	0.550512815276387
0.18528751992655265	0.26767195658161685	0.5470405234918306
0.18318511404212776	0.26998713029615695	0.5468277556617154
0.17996180121653726	0.27510066062870314	0.5449375381547598
0.1809932753674765	0.2611803656043631	0.5578263590281606
0.18009641982336558	0.26682546239579985	0.5530781177808347
0.18244799190638544	0.25808040785202235	0.5594716002415923
0.1805188132711169	0.27078412225519705	0.5486970644736862
0.18482769221760315	0.2562997902868447	0.5588725174955522
0.1811513269735261	0.26416577285467446	0.5546829001717996
0.1814068042277388	0.25992200140741845	0.5586711943648428
0.1820454060869744	0.2647398153183506	0.553214778594675
0.1826634195015803	0.2716478606415829	0.5456887198568369
0.18368811779949368	0.26518680722904303	0.5511250749714633
0.18608097991453407	0.2580788299239044	0.5558401901615616
0.18345873630400525	0.2702989612450455	0.5462423024509494
0.18519180498787388	0.26324086609799274	0.5515673289141335
0.18586543541259154	0.26291205461570194	0.5512225099717066
0.18148046842881668	0.2701709132030494	0.548348618368134
0.1823185020356101	0.26899370667869266	0.5486877912856973
0.18316782641405463	0.26647597434760506	0.5503561992383404
0.18355290680776853	0.26120180740903587	0.5552452857831958
0.18423076126620122	0.2610070199936315	0.5547622187401674
0.18521811784372064	0.2577981642906766	0.556983717865603
0.18154686191892103	0.26313741026024945	0.5553157278208296
0.18442987854873122	0.2589559843703456	0.5566141370809232
0.18425682028954682	0.2562281049065811	0.5595150748038722
0.1831107720876481	0.2599651358669214	0.5569240920454306
0.18378638751153276	0.2680145779225556	0.5481990345659118
0.185305081763327	0.26628158602592056	0.5484133322107525
0.18060278185922063	0.26747635563864236	0.5519208625021371
0.18028970327671257	0.27039748164949096	0.5493128150737966
0.18098729545516556	0.27086992965343903	0.5481427748913955
0.18374782456461944	0.26929601354749333	0.5469561618878873
0.18061602053072806	0.2692336612457258	0.5501503182235463
0.18100482206581953	0.26372989202915365	0.5552652859050269
0.18296668059435234	0.26216558947833174	0.554867729927316
0.1854746240686232	0.2703715148301352	0.5441538611012418
0.1796794306667279	0.2610617968441574	0.5592587724891148
0.18442759386817023	0.25624104766910677	0.5593313584627231
0.18189965597209623	0.26881878747846716	0.5492815565494368
0.1799679132066811	0.26267703216322746	0.5573550546300916
0.17967867594720172	0.2658774583319049	0.5544438657208934
0.18396874886619494	0.2567114959003174	0.5593197552334879
0.18435747575895223	0.25924672009824384	0.5563958041428041
0.18328788898474022	0.263022759661555	0.553689351353705
0.1818373218901471	0.26813286158360206	0.5500298165262509
0.18272581082766756	0.26363482612241607	0.5536393630499165
0.18177726272643902	0.26159653563667257	0.5566262016368885
0.18007173376860725	0.27093140917484326	0.5489968570565497
0.18395226033476772	0.2694002150139887	0.5466475246512437
0.18268147954463318	0.26638517434889947	0.5509333461064675
0.1824223243148738	0.257642260916672	0.5599354147684543
0.18544887857284328	0.26840970619630644	0.5461414152308504
0.18374380350961478	0.2669070794442586	0.5493491170461267
0.18042579425323935	0.2638033892783273	0.5557708164684334
0.185829349268546	0.26929346535201276	0.5448771853794414
0.1856500730869242	0.264494610139195	0.5498553167738809
0.18041516814355832	0.272712218194379	0.5468726136620627
0.17990307215972098	0.2634342449713504	0.5566626828689287
0.18576349054406738	0.2644672725771567	0.5497692368787761
0.18077735932273786	0.26645933978002856	0.5527633008972337
0.18212990642242222	0.26180723839132325	0.5560628551862546
0.1825366681102788	0.2611847680424859	0.5562785638472354
0.18298477826672105	0.25771006083521614	0.5593051608980629
0.18496954188563483	0.2565960135744051	0.5584344445399603
0.18335294399258767	0.25702889138114593	0.5596181646262666
0.18244965380903078	0.2708455989128824	0.5467047472780869
0.18373729922508436	0.26328213796437644	0.5529805628105393
0.18231905342961957	0.27275315125485733	0.5449277953155233
0.1797923688810279	0.26143743835927724	0.558770192759695
0.18512213937574257	0.2635218968947792	0.5513559637294784
0.18381251548893723	0.25808796634756903	0.5580995181634938
0.18328987845310418	0.27017450313119584	0.5465356184157001
0.18294172032228265	0.27085252057728976	0.5462057591004277
0.18367186202863162	0.2648680136905911	0.5514601242807774
0.1802462543975857	0.273417542575625	0.5463362030267894
0.18062137307936205	0.27268809136179073	0.5466905355588474
0.18495893364143087	0.2612848683014445	0.5537561980571248
0.18230881805261928	0.27328580345370934	0.5444053784936715
0.18518849765450462	0.2665427816048148	0.5482687207406807
0.18550938018719929	0.26209707871312643	0.5523935410996743
0.18421620634671654	0.2612799954565733	0.5545037981967103
0.18496599793953314	0.2691079296679345	0.5459260723925325
0.1850811497696228	0.26233413860863	0.5525847116217473
0.180927687509634	0.2683735707557384	0.5506987417346276
0.18080469394518003	0.27389266364819115	0.545302642406629
0.18117743956282212	0.2659428424385025	0.5528797179986755
0.18121489040335187	0.25980254753568166	0.5589825620609666
0.1846037837065515	0.2578675045034926	0.557528711789956
0.18180022123141018	0.26704640855937445	0.5511533702092155
0.18403296060275048	0.26239459625948036	0.5535724431377693
0.18014427870219674	0.26312500820438767	0.5567307130934157
0.18131303166289464	0.2624843271215379	0.5562026412155676
0.1818179005472368	0.2716154493526273	0.546566650100136
0.1837224583324805	0.2701841745985414	0.5460933670689783
0.18110250120260496	0.2677972224695092	0.5511002763278859
0.17990067539203275	0.26358822752483985	0.5565110970831275
0.1847588952833609	0.2623206845426088	0.5529204201740304
0.1857248416114587	0.2659037683503823	0.548371390038159
0.18367586736241698	0.26753551364493444	0.5487886189926486
0.18183634115287606	0.27253261750918306	0.5456310413379409
0.18384647530958176	0.2570201213736758	0.5591334033167425
0.18405802340982455	0.26027163494509387	0.5556703416450817
0.18177422143539995	0.25904366140170487	0.5591821171628953
0.18318679446194686	0.26583468059194426	0.550978524946109
0.18084696864029265	0.2692022785247151	0.5499507528349924
0.18373044763962534	0.2640289782578327	0.552240574102542
0.1850689606803267	0.26923113969122947	0.5456998996284439
0.1837889469825508	0.26761830603132214	0.5485927469861271
0.18399970192360696	0.2698703642494751	0.5461299338269181
0.18374010530553916	0.2703278019174452	0.5459320927770157
0.18193064461515285	0.27387175799244573	0.5441975973924016
0.17960093644167563	0.2710977368629403	0.5493013266953841
0.18494974346741566	0.2707434213605232	0.5443068351720612
0.18170924386728046	0.2727957331552737	0.5454950229774459
0.1820715865863191	0.2658651581570478	0.5520632552566331
0.18583464546070427	0.26067703886996274	0.5534883156693331
0.18556308767252577	0.25611470917634227	0.5583222031511321
0.18505845555424982	0.26222224294798735	0.5527193014977629
0.18165853031007403	0.26198537856151644	0.5563560911284097
0.1822175089571638	0.2660187814028986	0.5517637096399377
0.18594514307609966	0.2571890870459973	0.5568657698779031
0.18499862845276305	0.26485950424307514	0.5501418673041619
0.1842457962932569	0.2636843743607805	0.5520698293459627
0.1824133545846316	0.2661726565835667	0.5514139888318018
0.18068570997643185	0.26349225175602975	0.5558220382675385
0.18056423836200183	0.2659006150753489	0.5535351465626493
0.17993891486208904	0.27334405743511836	0.5467170277027927
0.1837262907502943	0.25944364317688373	0.556830066072822
0.1797679127424301	0.26710651725559587	0.5531255700019742
0.18060924812338403	0.2693228170504678	0.5500679348261484
0.18139565840904207	0.2623723433084844	0.5562319982824736
0.18522771572473123	0.2675080237518532	0.5472642605234157
0.18433033789105646	0.2661532952957158	0.5495163668132279
0.18224159092524753	0.272234299297778	0.5455241097769746
0.1819610087556565	0.26809821713800297	0.5499407741063407
0.18048384881674487	0.2606647463864711	0.5588514047967842
0.18452426852059625	0.26830895132037913	0.5471667801590248
0.1829889213934222	0.2687495749379493	0.5482615036686286
0.18313483965781688	0.26638395537690773	0.5504812049652755
0.18182748543874797	0.2612680453505938	0.5569044692106583
0.18281321919521518	0.2680741407600678	0.5491126400447172
0.1815570040742883	0.2595140262039164	0.5589289697217954
0.18540463060021029	0.2637983656322871	0.5507970037675027
0.17977026006267124	0.26219706782918767	0.5580326721081412
0.18375057525149835	0.2608044681579448	0.5554449565905569
0.18327778119286728	0.2650076498880064	0.5517145689191265
0.18451023726314494	0.25577816854202184	0.5597115941948334
0.18113094607427496	0.27462924727174454	0.5442398066539806
0.18293425109488942	0.27186262560514785	0.5452031232999628
0.17998004920697958	0.27072149528567546	0.549298455507345
0.18033727309960546	0.2677517233224519	0.5519110035779428
0.18033600576346978	0.2718593349559301	0.5478046592806002
0.18040109140134497	0.26032672173491145	0.5592721868637437
0.18604711777432426	0.26201087299162185	0.551942009234054
0.18397316628215832	0.25722558503180115	0.5588012486860406
0.1857363255881453	0.25808064626282434	0.5561830281490305
0.18352253574511995	0.25776373767043453	0.5587137265844456
0.18493476652588253	0.26923466580326677	0.5458305676708508
0.18279206485495353	0.25840353120229576	0.5588044039427509
0.1809742032507166	0.2622887569411622	0.5567370398081213
0.17967072763321326	0.26873683853602737	0.5515924338307595
0.18232369842402985	0.2648319582320588	0.5528443433439115
0.18398993238168102	0.2596023848130125	0.5564076828053066
0.18403780797383484	0.2698163093011488	0.5461458827250165
0.18477118403525905	0.2652007337638713	0.5500280822008697
0.18308199690018587	0.2646574395164981	0.5522605635833161
0.18330332837605548	0.26560544463039626	0.5510912269935484
0.18143775776396137	0.27190545393982507	0.5466567882962137
0.1847099895314713	0.26961763513711656	0.5456723753314123
0.18356374976365403	0.27149417712167684	0.5449420731146692
0.18415135577876016	0.2637840630273059	0.5520645811939341
0.1815442436845427	0.27163123187768606	0.5468245244377714
0.18293949602448326	0.2706332597871846	0.5464272441883322
0.18400854450994455	0.2596964618594947	0.5562949936305609
0.18454923250881355	0.26968300966804504	0.5457677578231415
0.1836319031186462	0.26821500848595575	0.5481530883953982
0.18545788062434138	0.26858149642581636	0.5459606229498424
0.18009054256806678	0.26270435659441504	0.5572051008375183
0.18540820567505817	0.25746696795538127	0.5571248263695607
0.18232911489157821	0.26641933197277307	0.5512515531356488
0.18165809280962286	0.25853357188587056	0.5598083353045067
0.18398543167812556	0.25749718814312084	0.5585173801787537
0.18075130887521215	0.27448450260003493	0.5447641885247531
0.18419103765431366	0.2646163309712506	0.551192631374436
0.17985014126558402	0.26272560665197314	0.557424252082443
0.1845227261320933	0.2619525389942396	0.5535247348736672
0.18465103651015033	0.2609540239131064	0.5543949395767434
0.18533298547991456	0.27060737927917256	0.544059635240913
0.18431638776323714	0.26330809059403876	0.5523755216427242
0.18112731040825011	0.2718856618588371	0.5469870277329129
0.18573301795474703	0.2598079317478829	0.5544590502973702
0.18000935611952568	0.2748697770869157	0.5451208667935588
0.1844362720328248	0.26831779871700495	0.5472459292501703
0.18182945480253043	0.26431324028984887	0.5538573049076209
0.18491976695894136	0.26872048806228654	0.5463597449787723
0.18346153807003024	0.27162703409872296	0.5449114278312469
0.17961897313069383	0.26546905319859054	0.5549119736707158
0.1804847399217541	0.274026729705777	0.545488530372469
0.1797367055487397	0.2663833447948445	0.553879949656416
0.1819577759611404	0.26157208253409625	0.5564701415047635
0.1826891777667947	0.26573266110398974	0.5515781611292156
0.18132855117607674	0.2645008520200407	0.5541705968038826
0.18257489749454614	0.27217904492564615	0.5452460575798078
0.18101696561726674	0.2729084301944357	0.5460746041882977
0.18046376658936958	0.27065677105183594	0.5488794623587946
0.18470997793593677	0.2670277263134722	0.5482622957505912
0.18259797147709148	0.2728909293976759	0.5445110991252328
0.18457304128724	0.2664488925625446	0.5489780661502155
0.18456440494280524	0.2600638208291326	0.5553717742280623
0.18408078858532329	0.26120152225007176	0.5547176891646051
0.1856993033507001	0.26479064047883744	0.5495100561704627
0.1827810440640967	0.25918619316841085	0.5580327627674926
0.18434374690473043	0.27139496493758286	0.5442612881576868
0.18127050745983841	0.26600345656290136	0.5527260359772603
0.18042283012629723	0.2632821400366349	0.5562950298370679
0.18313093482595857	0.2656426545681173	0.5512264106059243
0.18562741093446458	0.2701201402248865	0.544252448840649
0.1801057177900671	0.2637874871648746	0.5561067950450584
0.1807919218446043	0.2696577699487284	0.5495503082066674
0.1859580564529889	0.25873315767158794	0.5553087858754233
0.18577827145556672	0.2580644499053042	0.5561572786391292
0.18214212351565	0.2618729416908687	0.5559849347934813
0.18349294776057318	0.25895263152917125	0.5575544207102557
0.18416791792663934	0.2618860010799598	0.553946080993401
0.18564642408925944	0.26145221975995653	0.5529013561507842
0.18091339957302158	0.2699751135186784	0.5491114869083001
0.18352741417586727	0.27235719578904505	0.5441153900350878
0.1841965363496607	0.2674179159531603	0.5483855476971791
0.17988253019685987	0.2719464252977907	0.5481710445053496
0.18447621677135825	0.268454892472614	0.5470688907560279
0.17965931351431866	0.2719089083340832	0.5484317781515983
0.17965177492702777	0.274421270105561	0.5459269549674114
0.18194883926490457	0.26560936529619966	0.5524417954388958
0.18507679858747272	0.2655159560237941	0.5494072453887333
0.18100795544960574	0.26220605773091266	0.5567859868194818
0.18466502114533823	0.2672317811407356	0.5481031977139263
0.18112308323504436	0.2648526765676112	0.5540242401973445
0.17986432630313556	0.2723331076999259	0.5478025659969387
0.18342904154275172	0.2664727517175546	0.5500982067396938
0.1802196512485796	0.2602717040177507	0.5595086447336699
0.18032264630537387	0.26102779121751596	0.5586495624771103
0.1809623653946893	0.27239738685901493	0.5466402477462959
0.18099803463269762	0.2665103847318286	0.5524915806354739
0.18419617449748155	0.2622114408537188	0.5535923846487998
0.18210301972956044	0.2589849097099912	0.5589120705604484
0.18403262373715984	0.25972345142778563	0.5562439248350546
0.18403299907515744	0.26024977998096704	0.5557172209438757
0.18227543621246622	0.2626737061795507	0.5550508576079831
0.18332983982962311	0.2581974032159812	0.5584727569543958
0.18197842513869997	0.26577856775126363	0.5522430071100365
0.1808666258746456	0.2632797586468318	0.5558536154785227
0.18114166307317942	0.27168341157524223	0.5471749253515785
0.18196228838794973	0.25925712546077273	0.5587805861512777
0.18000630509390572	0.27446849483182145	0.545525200074273
0.18234971771795058	0.27330933351412035	0.5443409487679292
0.18299371687030286	0.26767613480893704	0.5493301483207602
0.1804904537394494	0.26956303944148263	0.5499465068190681
0.18049372721182264	0.27454709290511	0.5449591798830675
0.18401056287215706	0.26876043739188094	0.5472289997359622
0.18394229943250848	0.268757013954409	0.5473006866130827
0.18577010433307187	0.2644081161132815	0.5498217795536466
0.1857381250723457	0.2672038120806453	0.5470580628470092
0.18179198380267572	0.26123409851687196	0.5569739176804525
0.18283655677101443	0.2607539017496415	0.5564095414793442
0.18223028497525837	0.26761180030656495	0.5501579147181768
0.1824590740141557	0.2688822042284715	0.5486587217573728
0.1821429738089005	0.2605729281801409	0.5572840980109588
0.18573625006397246	0.26746242311730994	0.5468013268187177
0.1802739482460289	0.2621411449611602	0.557584906792811
0.18332108433902375	0.26983857201730455	0.5468403436436717
0.18222883737338566	0.26681784896333316	0.5509533136632813
0.1797407089577906	0.26508132358980124	0.5551779674524083
0.18217863289524003	0.26013605075983154	0.5576853163449286
0.18380271793223285	0.2574595817511254	0.5587377003166419
0.1836668057052868	0.25628230942095354	0.5600508848737598
0.18338798186405417	0.26239934052550595	0.55421267761044
0.18443525579069753	0.2567071068502599	0.5588576373590427
0.18016964590191076	0.26288063710764253	0.5569497169904469
0.1818054441860598	0.26077414280222794	0.5574204130117124
0.18244245476729218	0.2600062409557895	0.5575513042769185
0.18536641416514227	0.2571373417097311	0.5574962441251268
0.18088383712136621	0.26542698712531887	0.553689175753315
0.18116954594621562	0.2669022759285483	0.5519281781252362
0.1829529213007484	0.26652453302973755	0.5505225456695142
0.18109606142193094	0.26732229018600384	0.5515816483920654
0.183676391940624	0.2605764255692248	0.5557471824901513
0.18012817196396924	0.266147881587401	0.5537239464486299
0.18147685440425923	0.2675578501498133	0.5509652954459276
0.18448457567477555	0.2690649635128104	0.5464504608124142
0.18533926203881196	0.2566473841108119	0.5580133538503763
0.18295001934859992	0.25784908892197334	0.5592008917294269
0.18598608323604104	0.2671277840424599	0.5468861327214991
0.1854198444314401	0.2625924520015809	0.5519877035669791
0.18379152905985188	0.26015010509470915	0.556058365845439
0.1860866733611333	0.256492311804706	0.5574210148341608
0.1844233666782905	0.2559718607608963	0.5596047725608133
0.1860281980403371	0.25781374316368266	0.5561580587959803
0.180411452826457	0.2718389917735569	0.5477495553999862
0.18472295474643946	0.2623626043998075	0.5529144408537532
0.182203642232524	0.2582729821381514	0.5595233756293246
0.18024519511777173	0.26710526152640973	0.5526495433558186
0.18255864157708057	0.2659011187977486	0.551540239625171
0.18340266739200106	0.2620117314800244	0.5545856011279746
0.1806026976913035	0.2704512516897683	0.5489460506189283
0.18283664014688836	0.26493303722966133	0.5522303226234504
0.18299683074499687	0.26494788416703424	0.552055285087969
0.18114322911925648	0.26429831584287417	0.5545584550378695
0.1805565703935982	0.26192454596364306	0.5575188836427588
0.1831343686178651	0.2667930457405516	0.5500725856415833
0.18059993373702563	0.2711343417897375	0.548265724473237
