0.2064685105447122	0.0467008803058825	0.12171200629303974	0.088706463289602	0.029276346235575748	0.09159478724920195	0.2575650799863207	0.1579759260956649
0.18524345048054536	0.05275572025060596	0.12180285238802592	0.10265489527406853	0.03139233919922382	0.09772104594090991	0.2587332012586124	0.1496964952080079
0.19557099456299093	0.05182373828027938	0.12126755160295519	0.11067781657538515	0.029972516903548727	0.08634430704567958	0.2714788314429569	0.13286424358620386
0.17382520514456173	0.05090135629378824	0.11962794949984375	0.11360433943004475	0.031584937628370294	0.09797453827292726	0.26852875260096765	0.1439529211294961
0.17385287945062508	0.05370455628195578	0.12112281523326288	0.1375901796069067	0.03069522709593074	0.10157390523152077	0.2364056399864839	0.14505479711331387
0.19833040932531115	0.052058462158431726	0.12124875410803902	0.1290608026236969	0.03240029587988259	0.09196016028869186	0.23359245836020276	0.14134865725574372
0.20541946109358034	0.0470093346677308	0.122189322042805	0.10817030836900192	0.030235172823352544	0.09129088271976307	0.24448673304962748	0.1511987852341386
0.17139886330805998	0.045694162862881166	0.12036188186967986	0.13774046904183346	0.03114882529428077	0.09744391153335494	0.24362825857323753	0.15258362751667207
0.20270189909296774	0.04548297475907548	0.12231957649512767	0.1058667158568559	0.029807065371811242	0.09784298728512116	0.2665892223916709	0.12938955874736968
0.17455956290529218	0.05238285302331894	0.12024528960511857	0.1194263142741984	0.030091751030517325	0.0882188876686052	0.25942334077764123	0.1556520007153079
0.17369295419603634	0.04683201605233736	0.12146608250237287	0.14281547434283512	0.031274925341985324	0.10169999596914	0.24869030115454216	0.13352825044075056
0.2019801980179181	0.05178311568646406	0.12145204627569284	0.09334782341081035	0.032047769244037724	0.08884199494986708	0.26676310722611185	0.14378394518909776
0.19948518778356594	0.04948836096801362	0.12182689956318522	0.12298977722255071	0.02991315065405145	0.09502861680381354	0.2413998700254545	0.1398681369793648
0.18776257962733411	0.047595382081003515	0.11984068814859593	0.11693401075540905	0.030431875705888456	0.0971473818694575	0.2512345482775533	0.14905353353475792
0.20020639039307397	0.05292834075193806	0.12156463042842446	0.1217459066183846	0.03083705827079919	0.09960575469061073	0.23316971913287537	0.13994219971389338
0.16919968233764265	0.05395100836684401	0.12027963981839526	0.12602891801521884	0.031059754582336785	0.09781134055500809	0.259910272368105	0.1417593839564491
0.18219696488991677	0.0486550707428547	0.12049267045408572	0.1062015894865766	0.03126083582597014	0.09338466655338022	0.26132276857879966	0.15648543346841598
0.1901837390789849	0.05285236610405884	0.12105694027211093	0.10055033692704374	0.03238995088715044	0.10085722394201188	0.2479352786175979	0.15417416417104118
0.2021529280006057	0.04838853715011493	0.1212629219618291	0.09494633299223071	0.03253418151824493	0.08913494511698247	0.26930905885337697	0.14227109440661495
0.20622842455857243	0.04697241534024464	0.12071176901396273	0.10989388619867578	0.030546127148035132	0.08570031368016119	0.2672463498458706	0.13270071421447727
0.2054977569644399	0.04981449165158089	0.12111939562784496	0.14000287930852126	0.028687298487573787	0.09166310822228976	0.23415253568168307	0.12906253405606613
0.18683568918941962	0.05267148664842855	0.1202501126712554	0.12095905645223681	0.02919417942674757	0.08693503377439074	0.26076279846478145	0.1423916433727396
0.1692306962834103	0.04651786482269707	0.12056548804112331	0.14006632448431441	0.02936138729500254	0.08924130689779206	0.26552268592702427	0.13949424624863577
0.1847948003639738	0.04769556894862452	0.11966777286046	0.1373463656485031	0.02895412681402275	0.09297522806639287	0.2574214584695633	0.13114467882845934
0.19441421572662976	0.05272362273002146	0.12098270787764126	0.10589904866416781	0.03214254828389612	0.09123966430593616	0.26315573741465315	0.13944245499705404
0.1795980932243726	0.046916297041279795	0.12117818791790465	0.1144625329817468	0.03189029956014344	0.09111234550178758	0.2597150047732684	0.15512723899949643
0.17796170897753802	0.05399481190708062	0.11967091514420342	0.15547292534533352	0.03295197731874436	0.08957424608003789	0.23436010729960022	0.13601330792746175
0.17022434717624274	0.049962088891947254	0.12088974745697287	0.13622838210654203	0.03189147174581647	0.08842978961340844	0.25726043667981435	0.14511373632925553
0.171266928431286	0.05119419209303101	0.12216575602677247	0.12412525235535019	0.03227277884587877	0.09063715600370936	0.2658677186959742	0.1424702175479978
0.19008603576945468	0.05369086008707477	0.11973365202844226	0.13604450667582504	0.02853006621659583	0.08709697742993966	0.24683493581547028	0.1379829659771972
0.17655724773665965	0.052769740934419815	0.12188926658549346	0.1537833058302534	0.028806926175821854	0.08482659149444215	0.23508062935701224	0.14628629188589728
0.18452687045132266	0.04832442200414647	0.12198260421406114	0.13573437993361048	0.03245112721025971	0.08738611923606243	0.25023117411243534	0.1393633028381015
0.19113635089171988	0.0540740777358506	0.12078558850314006	0.12321655847282807	0.03137386876155786	0.08774906202194716	0.249833382151738	0.14183111146121813
0.1983505835876831	0.05201452941719627	0.12226804457101718	0.11201797055396434	0.031874108122398784	0.08524138054903634	0.25687155191752514	0.1413618312811786
0.2021536301692749	0.0519478630668474	0.1217414087151837	0.1266452172845821	0.02888610196647863	0.08856906672012896	0.2337400294850922	0.14631668259241187
0.20527290466572834	0.04872447945527973	0.11987849718150749	0.10377222192124914	0.029556855383445824	0.08669313455604231	0.25600103474936087	0.15010087208738604
0.20689902970992113	0.04781641897035181	0.12092184368566547	0.0838532984534644	0.03129841199271789	0.0901198444650404	0.27007847084641934	0.14901268187641933
0.1703747244942853	0.05201135672569386	0.12253512049612272	0.10438129281786666	0.0318311753423894	0.10179489851216261	0.264049958259847	0.15302147335163224
0.18881141395828135	0.048571190512760015	0.11997190891707962	0.1292955184445269	0.03207224586118915	0.09758123591004947	0.24031492299241441	0.14338156340369881
0.19538937893428504	0.05216945597983157	0.12201302473878675	0.09947257864750111	0.03026648274281854	0.08548294505515999	0.27316914318400354	0.14203699071761328
0.17274632518376254	0.05032121798019368	0.12181409021122575	0.10910300580299807	0.028572163474088988	0.09513834532454346	0.2644946536574755	0.15781019836571183
0.19485368915828083	0.05379363143543778	0.11971086641293054	0.12957764401027427	0.0313711909956232	0.09542148679106506	0.237797890683321	0.13747360051306712
0.19170765055831224	0.04864086908810854	0.12227531891962783	0.13226197836303408	0.033248683020793826	0.08981839954945492	0.24192241631564637	0.140124684185022
0.18087392228055138	0.05259710119328795	0.12005399589740019	0.10569726381366198	0.028502068177860537	0.09897821059044723	0.2662102351256558	0.14708720292113467
0.2047828906961761	0.04587302206552897	0.11976046726459122	0.09037344700746852	0.031246475490587372	0.09020345129736491	0.267880613318335	0.14987963285994757
0.20450956239057722	0.050869242938129236	0.12056272826886986	0.1027299896420505	0.03054243245259164	0.09446623057004723	0.25977905561706416	0.13654075812066996
0.1706261599023004	0.046772406438054887	0.12165709570752986	0.13175655784781742	0.0322697422849024	0.09633655984051431	0.2652347533053129	0.1353467246735676
0.18204284922748398	0.04928075435265357	0.12017183091690133	0.14215038442560624	0.03016453235124618	0.09312714238437411	0.2514154251899139	0.13164708115182047
0.16895603287451263	0.04810018141844753	0.12212738040865055	0.14678274458589557	0.032229134743058524	0.08963915897068514	0.25755615810104243	0.13460920889770736
0.20135745749018552	0.048948077705390475	0.1218247803746286	0.1168251002159263	0.03263795281511819	0.08563179602255389	0.2451929241132499	0.14758191126294687
0.19856822103722022	0.053776196554713857	0.12075738497499365	0.08588959115222747	0.028813377186408806	0.0900420135497307	0.2701870273174772	0.15196618822722788
0.19348741176155324	0.04748920090065048	0.12237819885268496	0.10623406198820333	0.032460815066968615	0.09623857772993781	0.2577683954160629	0.1439433382839384
0.18119173785711024	0.04803763151432522	0.12201831759984108	0.10453322550515201	0.03211086858191754	0.0998814223519374	0.26189457086838863	0.1503322257213276
0.18941799413385718	0.04649139488407557	0.1209269348661317	0.12784014962076182	0.030204517355573404	0.08975786610128589	0.250843395192078	0.14451774784623622
0.19622795460151027	0.047711503328171104	0.12025297621386331	0.10593711867038744	0.028470445859783422	0.08607885261466533	0.26973039950985445	0.1455907492017645
0.18966052616073892	0.04988876498156598	0.12139834790245325	0.11947164003929775	0.03310724894629695	0.09424161940903292	0.2546383118833805	0.13759354067723348
0.19965378197602296	0.05252028080869933	0.1211448972452483	0.08759653327351702	0.029657040326177372	0.09620552111780288	0.2625692964648815	0.15065264878765044
0.20495558592028748	0.04749208041002864	0.12122360795831189	0.09023438349564555	0.03205976956122225	0.10157583130872626	0.24656652799441184	0.15589221335136583
0.1906533874567984	0.052987896733199744	0.12166980227129685	0.1175573792936465	0.029403842079337564	0.10000054670846387	0.23199273932669784	0.155734406130559
0.17529938615530938	0.04918991357856781	0.12200386493816343	0.12891757999944342	0.031084072992892717	0.09840997368892648	0.241658167005325	0.15343704164137154
0.2002618620408414	0.053383317714391434	0.12039264795483566	0.10288117424695908	0.02853836326825543	0.09547980994676589	0.2554550670358987	0.14360775779205212
0.18984710417448597	0.050638897592523324	0.12059890035072468	0.12572339259949616	0.032083754794068275	0.09763539636870351	0.2515658467935076	0.1319067073264903
0.2027615765221863	0.047008304374230814	0.12203451310542844	0.11279008559407332	0.032166177078382915	0.09712004167273902	0.24684123064322033	0.1392780710097386
0.1822665757140436	0.046095177217045896	0.12122688110611948	0.10131901506459799	0.03032835312705129	0.10012098506211159	0.2628011630274656	0.15584184968156423
0.1897913355431441	0.0525995818235193	0.11997642301285086	0.13154386776946392	0.030822860287566436	0.08725006168218061	0.23085936445327762	0.15715650542799695
0.16985491855229048	0.04955897954111184	0.12059790953963881	0.13509017362092718	0.03097498607567417	0.09532942634648138	0.24471659598824422	0.1538770103356317
0.17258001830227676	0.049881438782057475	0.12045986445929477	0.12849161092013406	0.03177611516484399	0.10327867260775445	0.2471344897979274	0.1463977899657109
0.18216271242776472	0.04634278294954948	0.12028500315481955	0.15255052014123138	0.032387928402668575	0.10099646727146744	0.23489979521202695	0.1303747904404717
0.17956324438287555	0.052031190829863946	0.12034901983649869	0.1453822209763605	0.03149172780195718	0.0909508369778576	0.24309559730130748	0.13713616189327887
0.1797383088733006	0.047194493728143314	0.12025263832554073	0.13406021805313217	0.030056400290290233	0.10022440994702576	0.24163153200659956	0.1468419987759674
0.17713797860672764	0.053776402486223604	0.1212883745732959	0.139808698212768	0.03308313293662769	0.09254428794397553	0.23614162290236967	0.1462195023380117
0.18005961526791464	0.05128329828121575	0.12066662960031972	0.11079080235799718	0.033150283265735714	0.09289277801986465	0.2673262924374546	0.14383030076949743
0.1688119739210295	0.045783479265311414	0.11983698116505348	0.1103085805495594	0.030727200545593136	0.09729411838509994	0.271219922195036	0.1560177439733169
0.20405530496955054	0.04763972042010613	0.11990075257206247	0.12254206650904327	0.033228392800758816	0.08541040885047727	0.2431780325510486	0.1440453213269527
0.18589105863864944	0.05387556927563125	0.122359242968884	0.1183657852135219	0.030410626339046815	0.09441372526265775	0.23920220229751005	0.1554817900040986
0.1965130501956108	0.051973202086623344	0.11977095856024282	0.08504515536077153	0.03234329075030838	0.10000189745268949	0.2607351478728988	0.15361729772085458
0.20301365455565867	0.04922993255401449	0.12065850168349591	0.09443856698519318	0.0291398286293207	0.0865894101103502	0.2739151258861734	0.14301497959579315
0.1765846842119821	0.05291048560849565	0.12011581727786808	0.15811887267646746	0.029516126324809322	0.09873149180262455	0.2346747422586368	0.12934777983911577
0.1850494219617483	0.04755564014785464	0.12000522198949706	0.1316875471687214	0.029061157116822334	0.09370552519954786	0.26092722446304917	0.13200826195275897
0.16892712260449294	0.04840077544276922	0.11999546862171426	0.16437388043350354	0.0331057588674486	0.08741023163368142	0.23170050437571263	0.14608625802067718
0.17202602414663265	0.053655667689739464	0.12013389479736915	0.1568269228790788	0.029644901312575536	0.08804542574122562	0.23683858995200185	0.1428285734813767
0.19736688760205365	0.051621557651589114	0.12194235476864425	0.12123657467100107	0.03241439354580909	0.09836607863894285	0.24209434392112883	0.1349578092008309
0.17897976706190522	0.05352729048835973	0.12192698452713291	0.13017605390629736	0.03049587472613423	0.09278004410967525	0.23518629843058597	0.15692768674990912
0.1914606340151143	0.05155093597526793	0.12016079738193573	0.15097203282674324	0.030683163573443056	0.08625176951124736	0.23632323651427878	0.1325974302019694
0.18547689146713522	0.04962712144864043	0.12100967515936062	0.13379002983169805	0.030817365372456523	0.08537696976915399	0.23679609190431333	0.15710585504724156
0.19182885061208876	0.05361130195425931	0.11975654501312302	0.10959549898732647	0.03125548017595341	0.10085304053591326	0.24928499369506174	0.14381428902627374
0.18350914540077518	0.04563620577200814	0.1205736094801294	0.13691877457058083	0.030404945580411694	0.08984900289270983	0.24295845886246403	0.15014985744092063
0.20479323727630877	0.04727112398619851	0.12054076210656842	0.10110487605455913	0.03192993049304185	0.10217224045033878	0.238894319263797	0.15329351036918729
0.19109689610970637	0.045685118448965376	0.12148051455214405	0.13052696091000976	0.03178097217092021	0.09749845242757293	0.24047587179556695	0.14145521358511406
0.19362225616245232	0.04899202660293682	0.12105856990716024	0.12596512905651266	0.031017438296070135	0.08630188004606615	0.2589239950037899	0.1341187049250115
0.17206730434344156	0.050462713116134095	0.12035313198063823	0.134013219182041	0.031027821125621094	0.09120532777110688	0.2585209771746662	0.14234950530635074
0.16868308001489296	0.049171885373999746	0.1198622192020468	0.1312314334795807	0.02896893430623451	0.09705662328154585	0.2563479774250389	0.1486778469166603
0.1783616593111616	0.04703992767439401	0.1216395006818374	0.1266142106033011	0.029379003962380412	0.10361116422340357	0.25972045663890764	0.133634076904614
0.19615945182067943	0.048267674944890565	0.12072178304576736	0.12024307559373458	0.029671603564288718	0.10272088645173423	0.23374265357100882	0.14847287100789605
0.2073045177170728	0.04954941249034378	0.12183447162033431	0.12101903339966169	0.033233928988292666	0.09508027382457382	0.24294583398129033	0.12903252797843034
0.199594302557356	0.04847407350048856	0.12220080925849389	0.1090389649372597	0.030224021587620484	0.09392536762073511	0.2501764092071336	0.14636605133091246
0.17249655447008955	0.048056615630494876	0.12037050439825811	0.13746906505767092	0.028983633132247943	0.08840314216020745	0.25655317770299624	0.14766730744803463
0.19383518203660677	0.04829654084134623	0.11992593191026675	0.14556677543756083	0.031139611998686395	0.0874082190836666	0.23142155401815975	0.14240618467370644
0.20282370330744162	0.04621203909089054	0.12027009909954178	0.11818931707978882	0.029786091792708205	0.09029479711401986	0.25399097426454875	0.13843297825106013
0.19923660926800474	0.052623977912772624	0.12224619038673978	0.10855889189441986	0.03177014155383223	0.09605520074707757	0.2433546717837558	0.14615431645339716
0.2033734787190153	0.045513345250405485	0.12013233348500597	0.11757914834032912	0.031413156395970226	0.09705999946730753	0.2364254240058029	0.14850311433616323
0.17455308491980387	0.052425672269376736	0.12255822951699238	0.130972630357134	0.029816106449367538	0.09563883606549065	0.2571117010414119	0.13692373938042277
0.19741709735068402	0.0524469176146371	0.12246938749066652	0.09438267654517282	0.028937259017194294	0.09515906197594719	0.25950440310883716	0.14968319689686066
0.173258758831897	0.0522959280887714	0.1224509159491641	0.13168242481000847	0.0323628424681795	0.09251187927247692	0.24278920336540727	0.1526480472140951
0.18885483414903526	0.05132051409344994	0.12252072465928257	0.14976632049846633	0.031381517757304356	0.08646608593257699	0.23488810788481773	0.13480189502506656
0.20258760420934832	0.04583030633869273	0.1210918994066429	0.10960333647348271	0.031506043380887125	0.09337061821066708	0.25092574339481555	0.1450844485854633
0.19286027991694132	0.048466500428514914	0.12221417842423099	0.1026685516292086	0.031061536711841392	0.0976247271792535	0.26488614142183475	0.14021808428817423
0.18032937150178288	0.05206911344936847	0.12000293780570725	0.12134735481096165	0.02929457581272417	0.0852926850971697	0.27226007954477266	0.139403881977513
0.173326806432379	0.045887976260562235	0.11959267737020864	0.11891595128964894	0.031014622898536404	0.10043898561348116	0.2645467402823001	0.14627623985288327
0.17649630912334202	0.04601617876230983	0.12027699707849593	0.11567681029498747	0.03143222904389138	0.09040663860566298	0.2622283682436337	0.15746646884767648
0.1861505026711522	0.04617601405602695	0.12119592064045354	0.12065908499098948	0.032259826926738594	0.09230522484682568	0.24733235433609468	0.15392107153171863
0.2048675322194793	0.046705268212320905	0.12103946115547114	0.08573935031463037	0.03235973676115346	0.09541412475634564	0.2651497669063758	0.1487247596742231
0.18469770436192254	0.05377921977101564	0.12172292311605089	0.11944488835256661	0.03311833558529571	0.10350610599258682	0.24895263659169264	0.13477818622886886
0.16992165271077375	0.048474405974031326	0.12231792786968769	0.1394389913432485	0.03178064518811803	0.09920906103876598	0.2525227358558779	0.13633458001949658
0.17381463852549447	0.04622475000620499	0.119692464531386	0.1454320891302695	0.03187935862593866	0.09643483845711409	0.2400416041116134	0.14648025661197867
0.176083170041217	0.04830675631820762	0.12135792492235462	0.1665068454367141	0.03323959958433974	0.09273037422580342	0.23049484001620074	0.13128048945516255
0.17889621143644407	0.05208385630480479	0.12172469853383794	0.13945750259315864	0.029111182729357934	0.09130843521801851	0.2522452233620665	0.13517288982231138
0.1699495375759315	0.052827293470289846	0.12084920568860662	0.1665304859490996	0.029347964761706744	0.08925850431636927	0.2357316732392506	0.13550533499874554
0.18389209402907547	0.0476797475594747	0.12255718011145109	0.12524248553488537	0.032349466081803044	0.0956506702806001	0.23959250755446124	0.15303584884824878
0.17974629692277633	0.04563524818886071	0.11980921926128027	0.1281627861274757	0.029907030775324653	0.10268618061314916	0.2429549052736189	0.1510983328375141
0.1729551799803704	0.047217684678572486	0.12226968762985284	0.14500619991512115	0.028843909482802313	0.10272583263551298	0.23011881674708135	0.1508626889306863
0.17927000988408306	0.05255979638109265	0.1213110382372432	0.11027301636641973	0.03167908078120557	0.08651456853035913	0.2617799278894475	0.15661256193014897
0.19355607619529816	0.04983599195074655	0.12196084625510345	0.0891994086592477	0.03000272913031829	0.09873131280293723	0.2640378137907723	0.15267582121557605
0.2064293059769773	0.05181004817056403	0.12101243919954469	0.11245373208554013	0.0332331294484455	0.09150067575189069	0.2512327436675526	0.13232792569948482
0.17322677299974218	0.04901408821027542	0.12136019829887847	0.10984085795729999	0.028943839201641633	0.1017576557599923	0.26154252387859117	0.15431406369357864
0.17654326214952792	0.05145963544281021	0.11985387227143815	0.13848209130510306	0.03214688984561827	0.09421251901117474	0.2417018330016839	0.14559989697264347
0.17639272310459167	0.04925371701800793	0.1200803310081664	0.12818502862159642	0.030920457056269487	0.09354290501804233	0.2577438597090056	0.14388097846432
0.17097335616622247	0.04851955479474858	0.11966363067707705	0.14095814359247913	0.03182778660449388	0.09048279959340141	0.24548366315035397	0.15209106542122325
0.1746372431984422	0.05259243722701552	0.12136456876300974	0.13888154472551395	0.03137226172499927	0.08680626509402294	0.23641890941943422	0.15792676984756196
0.20444862400955166	0.047164071275103844	0.12164908599987914	0.11613187506698039	0.028697817539638015	0.09812792034510273	0.23566974034849214	0.14811086541525179
0.1695333728325841	0.05011385619522554	0.12033912951719719	0.13651534321020042	0.03032119228986721	0.09016345501276368	0.269014836773975	0.1339988141681867
0.17223900128261155	0.0462834196749561	0.12203629459605007	0.11903899660466884	0.03263775553989251	0.10096797840166669	0.2607221444671882	0.1460744094329658
0.1767158200314635	0.04765749188148814	0.12048714828426263	0.11338934036225679	0.030907833156475592	0.10038758912756089	0.26719083519725095	0.1432639419592413
0.20485072075201766	0.051199092063331356	0.12185730395951788	0.11336889143276788	0.03045920837943389	0.09574182146719006	0.23771697087913446	0.14480599106660658
0.17853697820680178	0.0489999231389647	0.11989378003411146	0.13658004953775166	0.03182655380270183	0.10153887079646566	0.23631495917972564	0.14630888530347705
0.19958643280154476	0.050611936082408285	0.12086066859148092	0.13446115419414073	0.032452051502908766	0.09104359635012763	0.2359019120724774	0.13508224840491131
0.2049387424268959	0.05174035276312905	0.12081182396332239	0.11986168636267486	0.03151169624689465	0.087484709797342	0.24382374637268045	0.13982724206706046
0.18066012974662915	0.04664302547627075	0.12188699284440917	0.10119585763717964	0.02944057957164345	0.10064709372929061	0.27080063836325674	0.14872568263132024
0.18963965497976448	0.04941931304269259	0.12005109411183494	0.125661596499648	0.03303520213643839	0.0999795510008489	0.23013302754526666	0.15208056068350584
0.20204707915724904	0.04991525785645351	0.12144685202666279	0.10773612110741325	0.03213141854395196	0.09330062207072848	0.23910297755205	0.15431967168549066
0.1936162241991397	0.04782598227568706	0.12175772024289246	0.10534402926098764	0.03161997731337922	0.1036772039437758	0.2653455562792635	0.1308133064848744
0.19076685980049063	0.05264394971888582	0.12036338117181546	0.08633389121419438	0.03244589920447778	0.09439690907347281	0.27391239888951446	0.14913671092714836
0.20451103993943048	0.05252419371296105	0.1205380834044062	0.06752843822665547	0.0322826765115988	0.09719995011321943	0.2690350961114663	0.156380521980262
0.18351033355519167	0.052220664945597406	0.12233632832450567	0.13203643409777732	0.031093148584269176	0.10094348627077532	0.23987994105215446	0.13797966316972873
0.1842695988991181	0.0520261363153042	0.12026086820544843	0.15758098111057645	0.02996699789548303	0.09305935730059696	0.23210345741735156	0.13073260285612104
0.1776570798743373	0.048215491404474634	0.12185659172690158	0.15171629072519133	0.03243278462626337	0.09541251162746567	0.2391489590883532	0.1335602909270127
0.18385295030847643	0.05378628808384679	0.12054764960185678	0.1474954321423023	0.03140824851831296	0.08586480604622264	0.23309564952509665	0.1439489757738853
0.19744330664826873	0.04549230923798375	0.1213224438577403	0.1378943251144901	0.03196969550406478	0.09375237044477211	0.24146821414855632	0.13065733504412366
0.1931811534781177	0.05115575632335474	0.11961325312563945	0.13046172916892593	0.03094260772593589	0.08510016497010049	0.2419043024230388	0.14764103278488672
0.18283695840396472	0.04837523724365303	0.12196534695631153	0.11865943993704745	0.03187550167996009	0.0976157354634388	0.24981184314096191	0.14885993717466228
0.19678992257672223	0.05188250024996664	0.12242072754036842	0.1369031034494887	0.031019002531289308	0.08918883743874444	0.23878946948616814	0.13300643672725185
0.17770363201294642	0.05142503918936131	0.12004527869602073	0.10493503254334613	0.032650265088920355	0.09429631891283936	0.2624977689499726	0.15644666460659284
0.18355043395716086	0.04615591729343116	0.12016886277628724	0.1287970977674109	0.03198507221602201	0.10030303927567133	0.23233512737071504	0.1567044493433012
0.18194101647867073	0.051484223984913466	0.12118297108693193	0.16113486101924995	0.029205963024716244	0.0904821691409869	0.23547553601289498	0.1290932592516356
0.1815312464783828	0.050790305349961415	0.12049406995253953	0.1529071492018098	0.03193794634677151	0.0980463762290355	0.23075642295873888	0.1335364834827603
0.1767390522474851	0.04833843148207924	0.1209175701451929	0.12876561114273335	0.03280454688438468	0.08962090727379066	0.2660462797743639	0.13676760104996988
0.17816739695859854	0.04548780378271977	0.12066005915411034	0.12991759021873023	0.03014344961355661	0.09746075408098943	0.25703505343653543	0.14112789275475945
0.17217752578572218	0.05410032146910396	0.12068400651104254	0.12891047924995636	0.032583754742730356	0.08852833407678334	0.26242508436829226	0.1405904937963687
0.20402585774279228	0.047532395456818324	0.12155279558719169	0.12321280348218591	0.032577688324536475	0.08609444235761027	0.24900089351311644	0.13600312353574837
0.17482980255645453	0.051640316016822424	0.12061615907654248	0.12740865384622643	0.030201441850786437	0.08851877278557199	0.24822055793688097	0.1585642959307145
0.1962263761505072	0.05302621355747454	0.12175801206723227	0.11926447583391589	0.029215040770834158	0.09853922416743277	0.23675391742476987	0.14521674002783302
0.1977759884416701	0.05219840100332927	0.12027594230610483	0.11001028053291292	0.030013807546629925	0.10362339751949635	0.23937687275808028	0.14672530989177607
0.20189011608929597	0.05327771046502583	0.1212653229383527	0.10807884110005139	0.029353171845221043	0.0942826631239028	0.23684887072713395	0.155003303711016
0.20326568928899238	0.050204313725777466	0.12210427217769157	0.1058017755157372	0.02945565119792848	0.09011231908377992	0.24532946258233457	0.1537265164277581
0.20036010649148955	0.04933930883202933	0.12187422264353116	0.13157329733861767	0.03028479474075413	0.10218290678200208	0.23334233007683486	0.13104303309474094
0.17648115061580968	0.052060408447159215	0.12088935389422571	0.11859559267257183	0.03155646152713838	0.08683531644566728	0.2721168285058749	0.14146488789155282
0.17902687806974027	0.05265374177525628	0.12137110578893436	0.11414747052532905	0.03076561839874177	0.08671890509052306	0.2633571380029203	0.15195914234855468
0.18811286389882956	0.04689213632384771	0.12030875771498448	0.12866185570739358	0.03137309564087437	0.08776413480225786	0.23895946247993696	0.15792769343187524
0.1858520129226637	0.05008033645069143	0.12095682724663767	0.12660600656564033	0.030709541491762346	0.09837176559511161	0.23260071083662376	0.1548227988908689
0.1839070383664243	0.048428722040666825	0.11968193270692125	0.13786292404346423	0.030545815535890197	0.09289779191755915	0.2313260107423492	0.15534976464672462
0.19259757842577294	0.05394143683870389	0.1201863645672219	0.13744081470916644	0.028530677262872006	0.09127375742515215	0.24035757476466585	0.13567179600644463
0.18748901197143025	0.04840053891330476	0.12198666118585691	0.1493103015382634	0.032471664503702896	0.08751570972871872	0.23497292258963107	0.13785318956909176
0.1794532122554965	0.05357473262303318	0.1217874949045946	0.14711423420010192	0.032113678080199604	0.09232544252785316	0.2398282027973827	0.1338030026113381
0.19864114891767454	0.05387326163561508	0.11989582859609073	0.1232419133441352	0.03194493997119098	0.1022932264470223	0.2370321570410598	0.1330775240472112
0.1849193903671166	0.04946257337482564	0.12204729155242483	0.1236943340007539	0.03138052885637942	0.09188096392538858	0.25290550335085654	0.14370941457225425
0.19743596344087172	0.0456921085193069	0.12241639772059132	0.10807120089702642	0.032253874935429486	0.09600326843941845	0.24793685481867678	0.1501903312286787
0.19606895040048908	0.04573250015367904	0.12187384373203965	0.10482380244970776	0.03281876874549387	0.09827406950601998	0.25039093968192516	0.15001712533064523
0.1845238942091355	0.04925185920952031	0.12106416188662708	0.14324663794962922	0.031101355787757856	0.09695844412828505	0.23771711367772252	0.1361365331513222
0.19509156694491875	0.047926990456805235	0.12246674885484041	0.1047086359565655	0.03188635127355795	0.09946371350087393	0.24998068365613105	0.14847530935630698
0.19283240592490997	0.05274454985814715	0.12034467098044913	0.1155611765641242	0.029468865857685614	0.09723947237975633	0.2565365758692979	0.13527228256562943
0.19443690648740755	0.04730408443086524	0.12065617677601852	0.12635102903013284	0.03163031140590419	0.08793336545401319	0.25674474312560214	0.134943383290056
0.19092323072826425	0.05337336457118444	0.12211486080377124	0.10868474223146765	0.02908546772596382	0.0853934172014991	0.25995053341706253	0.15047438332078678
0.20738546286740026	0.05404783358854082	0.12070142263526826	0.07279828104428715	0.033168873365974225	0.10179813793368157	0.2639788900229284	0.14612109854191904
0.2038414196148844	0.05190674405520786	0.12121836521220629	0.09258711910951375	0.029162301142411876	0.09405633689041568	0.2706082358939156	0.13661947808144437
0.1820200287828596	0.04979861890141535	0.12025638375688952	0.12234583960502148	0.03284414201264746	0.08854233091174475	0.25948987502358306	0.14470278100583853
0.18992753579894478	0.049849154258351264	0.1210641977175663	0.12682002376540802	0.03218777159610613	0.09335824088059466	0.252397424009035	0.1343956519739937
0.18647870125353122	0.04628687143918804	0.11981875958872001	0.099232586424916	0.029866392210487328	0.10269320434939892	0.265432294808988	0.15019118992477026
0.1784706800211931	0.04780484819057304	0.12123677826525084	0.139667778653749	0.029709178560995142	0.10065982848964006	0.24506371974921126	0.13738718806938732
0.20050316653340627	0.05307457485195112	0.12123865917631604	0.09047732045580414	0.030803970713761744	0.1020576147471089	0.25198641215932865	0.14985828136232288
0.19669797441504197	0.045830656578165166	0.1199414534472678	0.09652868016153908	0.028885151251171373	0.09376602799836972	0.2601636843652497	0.1581863717831949
0.17656657933745434	0.05242824653424631	0.1202923042528864	0.12168599801525648	0.030286302157277845	0.09230259542014235	0.26505347403350743	0.14138450024922866
0.1838958167568032	0.05108214202720786	0.12085043700988458	0.09406852280114844	0.03274417969787481	0.10230499676385957	0.2602978894718492	0.1547560154713721
0.20406637025697216	0.05253562082172425	0.12199792340247202	0.09907565543122894	0.028939918202662382	0.09609464743995152	0.2539935526230549	0.1432963118219336
0.2039409876508163	0.05244534157229276	0.12018365031392474	0.1308853005452843	0.030123906288062774	0.08748873349256547	0.24053817367738167	0.13439390645967175
0.17175222469703222	0.05099712742883236	0.11966938387082675	0.14182590143719903	0.03041246101511967	0.09455942117779653	0.23938857134026398	0.1513949090329292
0.1878492373367464	0.04653384842800848	0.12245707216117262	0.12527607091420548	0.030308873573872838	0.08656207964277812	0.2483491831139917	0.15266363482922407
0.20201927284435356	0.046723087730210916	0.12063440631962447	0.12617330683413225	0.030341380092081746	0.09238417459532988	0.2324965705690006	0.1492278010152663
0.20115669848369366	0.0472640458003914	0.12056954838452286	0.10825622497615293	0.032547147506212015	0.09859824508815988	0.23743851374986635	0.15416957601100062
0.19867393071830702	0.05033379665474168	0.12120567778881824	0.10434259558946146	0.03082273933229128	0.10130646595453016	0.242230887055629	0.15108390690622087
0.19000828917901952	0.0458030937796895	0.12080614914907059	0.13113249283449901	0.030491909178923193	0.09517871949719281	0.23975781186882447	0.14682153451278068
0.18396408713011247	0.04767417343853805	0.12161225522868793	0.10802615025095377	0.0320078162922411	0.1010933773079575	0.2491214993414516	0.1565006410100573
0.17058730743883432	0.05097625436467165	0.1204312111133594	0.11945465176685482	0.032266310356487776	0.09901134480427747	0.27314412599092774	0.13412879416458656
0.19863691663057886	0.04894425861911077	0.12145640076607833	0.14072613601849934	0.028995579850332284	0.09062466254749581	0.23744350439355233	0.133172541174352
0.19108910362436182	0.052769449569936414	0.12146871228290596	0.11705030345973158	0.03243643836825373	0.10016150861483997	0.2385214524826791	0.14650303159729117
0.20742231133003883	0.045827850708131515	0.12157099311425315	0.08714339108924518	0.02880604995992654	0.10031252457965274	0.2627275290782707	0.1461893501404811
0.20079952391983763	0.05091065420945563	0.12113445147813837	0.09173271284786441	0.03277923118597874	0.10173350905856968	0.26897758139132116	0.13193233590883413
0.1812970771450403	0.0529232667722289	0.12019877640147557	0.1354878840009467	0.031455332749414186	0.09211027477649558	0.2305211068185462	0.15600628133585231
0.17954749660483846	0.05386680212751223	0.12027097923882937	0.11483886419199679	0.03155869584223078	0.08607401755024219	0.25614724497381675	0.15769589947053325
0.1741495643295343	0.05037260462250748	0.12101920163502826	0.1298135286167498	0.030914224584180652	0.08932174943217386	0.26086113959361046	0.14354798718621498
0.18497923349568263	0.04647399432926118	0.1204252545025513	0.12661873703198864	0.0316707220708754	0.08564668891245669	0.25029451308838957	0.1538908565687943
0.18979289950005804	0.04736497118261751	0.12131301050410269	0.13636451495512206	0.03088373118443609	0.09674701878451533	0.24396702372615447	0.1335668301629936
0.189920350071085	0.04939462483017461	0.12015202919516249	0.15022061447330265	0.029987477673815252	0.09671171988081914	0.23184420411241186	0.13176897976322882
0.19701252686224285	0.05004723920423222	0.11985691271699275	0.11398316705163984	0.03309790794468495	0.08820428098532426	0.2502639825548554	0.1475339826800274
0.1902833872130884	0.04994084276898479	0.12196976295023472	0.10636880448537246	0.03177850813987977	0.09639862231942767	0.2608698879984831	0.14239018412452878
0.20265549435222951	0.04922395967745875	0.1204224014425977	0.10765173465478428	0.03187747386574773	0.09579878639149059	0.2527179297908719	0.13965221982481935
0.1817314859042826	0.05088049715339453	0.12092857799585899	0.1334831209828919	0.03210485932102479	0.09546016583845496	0.24711832514834417	0.13829296765574783
0.17068385887236964	0.05313697674405944	0.121369851956951	0.15722619122205198	0.03249075882602469	0.09073818861828614	0.24419691592892565	0.1301572578313312
0.1776379233434826	0.05073938313582667	0.12212531700501077	0.12610494807992914	0.0297608289872036	0.09191662000865822	0.2602370762887626	0.1414779031511262
0.1964280677917155	0.051500375146650776	0.1200145583237527	0.11011560339027475	0.028554519593914265	0.09490076349053486	0.2682976508617247	0.13018846140143223
0.17317276913339924	0.0495878945995967	0.12018285115012829	0.13370621524020632	0.03061930940171617	0.09054112092360761	0.26503325018937	0.13715658936197542
0.1806009379445029	0.052759210242968035	0.12136760070632667	0.11278853140666521	0.032493848490320276	0.09186198977255429	0.26527500818682015	0.14285287324984222
0.20213962378823525	0.053448870267752815	0.12038212852899527	0.10541895958454806	0.03200818328323189	0.09085224976572948	0.2638125859953111	0.1319373987861959
0.18692704835837307	0.048226861098620996	0.12248070387518975	0.1152575290527217	0.031219806199803163	0.09784889997444225	0.23994207774733228	0.1580970736935166
0.20449986577907336	0.05066425109193985	0.1210084078342619	0.111369283626917	0.030780140712686963	0.09422357333673195	0.2371948183418591	0.1502596592765296
0.1821167465870233	0.05308393683937333	0.12219145450859807	0.12203567243092822	0.03216503392222242	0.09718102056738274	0.26244210776448645	0.12878402737998526
0.1892521136366872	0.051452894007239125	0.1217293347376009	0.10546386667769891	0.0295232664171666	0.10148526461182826	0.2725111573719664	0.1285821025398123
0.1696443621305866	0.05029293934640773	0.12041474395667603	0.14971306732164014	0.030739294653485905	0.08980873991974199	0.2556511236771309	0.1337357289943305
0.18120395964863922	0.04828976459253963	0.12199892184739025	0.12554767403616035	0.03216953106044196	0.10014420137984245	0.24651639327073344	0.1441295541642525
0.1955247130182065	0.05326915044955366	0.12104636049518598	0.12321234863401799	0.03034336796650859	0.09145643655502242	0.23140137074592224	0.1537462521355824
0.1938460270953058	0.04999071736245095	0.1197387523099027	0.12974992134855745	0.03297918587165287	0.09276309426949227	0.2399736018194103	0.1409586999232274
0.20037445796705106	0.04696917078075158	0.12200134998149302	0.10295032215772798	0.03209229643084045	0.09741355043509314	0.2654142926717129	0.13278455957532964
0.1981344191527978	0.04549272717423461	0.11993978834936272	0.09856658675542339	0.03134465240584568	0.1036083249556038	0.2607708761097084	0.14214262509702333
0.19384904025358546	0.05217585787492224	0.12062471448102116	0.1186410195939193	0.0307598123884259	0.09205112159020287	0.2553851910972288	0.136513242720694
0.19675468700965587	0.05020241837750858	0.11988478677448065	0.11024561595344191	0.028971441643199855	0.08828265821713843	0.26782068363856615	0.13783770838600828
0.17212782790440215	0.04836634875623515	0.12252395372919637	0.12618690976122068	0.033069257165697974	0.08574431897538534	0.2537341051992196	0.15824727850864256
0.1867854312701549	0.04880088647025377	0.12087189545957411	0.13288004493776084	0.030062118640154054	0.09122528200908854	0.2369294647762465	0.15244487643676707
0.2015528679698071	0.05112339579106781	0.11978075584793607	0.11222007838429406	0.029635074748910542	0.08939675070261102	0.26501269597030674	0.13127838058506647
0.20602389012064265	0.048885016060469105	0.12095619962057579	0.11685491802219593	0.029159856377807783	0.10055679097903338	0.24688905661743882	0.13067427220183633
0.1783674504597174	0.04842429741804277	0.12154312723867262	0.09418594779716288	0.032483589803546487	0.09289551640000426	0.27347401702110696	0.15862605386174633
0.18517063098623704	0.053468101739900395	0.12254167983167524	0.11710200461676451	0.03072590239015978	0.08568714738716138	0.2487754039274414	0.15652912912066003
0.17878963733692152	0.04887994211730384	0.12075738230174414	0.129544871250723	0.03036162293770167	0.10201389977528849	0.2557123299636669	0.1339403143166502
0.20727515038085248	0.05381558025381372	0.12229032700162054	0.09021622513014572	0.028822384872530832	0.09055826172054629	0.267572519115588	0.13944955152490215
0.2021112194030188	0.050183651837889046	0.1209788130305987	0.08600766814082736	0.031498436534711335	0.0896940479671442	0.2670070704426668	0.1525190926431436
0.20549046798155315	0.04977956987527783	0.12080288277842562	0.07503225895613982	0.03036312896947152	0.09367741675780969	0.27224326429265044	0.15261101038867167
0.20689725650678564	0.051116462902617565	0.12156619379056585	0.08154611090878125	0.03301727823432843	0.10120726328934243	0.26786036648660594	0.13678906788097267
0.20225507628554418	0.05404221872545316	0.121279413467733	0.0965013122282278	0.03227398859288767	0.09128860032706385	0.2537940359480804	0.14856535442500968
0.19029504125699	0.05190572759104553	0.12183565072588588	0.11837959872203008	0.02933966770547776	0.08860149137879963	0.24854256194515037	0.15110026067462046
0.17732113931790153	0.05055669090924261	0.11974120534619667	0.1311208904256548	0.03166428290533829	0.10103500636108044	0.23462320943304363	0.15393757530154184
0.19943697455698528	0.045833127079349584	0.12031140356011541	0.13511517606542647	0.03272525210952046	0.08532349786108942	0.23536405141397782	0.14589051735353534
0.19304243921369074	0.0472550786397684	0.12067139017178474	0.15260694257204488	0.029935465381986215	0.08944583323147477	0.23263294093185805	0.1344099098573919
0.19776832422852506	0.04678823736533315	0.12221208169790926	0.14891348066311608	0.02862091346125878	0.09389266137267743	0.23052499347432948	0.13127930773685054
