0.24280695333566588	0.2081620041105178	0.10405734064219149	0.27145214505798176	0.17352155685364282
0.2428223863265508	0.20814355783883282	0.10404380299602681	0.2714575273581311	0.17353272548045828
0.24282976176359808	0.2081666291848051	0.10408679078681433	0.2714730917932598	0.1734437264715224
0.24282370444943993	0.20815556092268947	0.10405035296254674	0.27147357121077303	0.1734968104545506
0.2428400457388801	0.20815953019073385	0.10407251421503	0.2715091228215484	0.17341878703380745
0.24283879684156034	0.2081582847784009	0.10407749296726641	0.2714931256681989	0.1734322997445732
0.24279363774943014	0.208180758295041	0.10405590064076341	0.2714769190607229	0.17349278425404227
0.24280906396945032	0.20816970156758402	0.10403646236623273	0.27146281548671053	0.17352195661002215
0.24284462398541584	0.20817434844550245	0.10407515891728038	0.27148560555590756	0.1734202630958935
0.2427898610269679	0.2081716326059347	0.10404227187206763	0.27146581769225936	0.17353041680277018
0.242808947686363	0.20812566244391528	0.10405368372468056	0.2714984519090968	0.17351325423594413
0.24282777638164132	0.20812987555717932	0.1040680876854905	0.2714788049187994	0.1734954554568892
0.2428400736408159	0.20813322423950334	0.10405623603893113	0.2714554475626997	0.17351501851804974
0.2428246915877859	0.20811608014864613	0.10407869642639324	0.2714750982817731	0.17350543355540146
0.24279217090271582	0.20817703652118194	0.10404519722850976	0.2714627657364879	0.17352282961110432
0.24283268062928637	0.20815258794062821	0.10407593335888182	0.2714487269175545	0.1734900711536488
0.24282295358544695	0.20815407267260785	0.10405513097069366	0.27148234597601695	0.17348549679523434
0.24284331782594545	0.20817887575183666	0.10403423732756174	0.2714459861362261	0.17349758295842976
0.242831210902923	0.20812458247838658	0.1040302040588521	0.2715004205083529	0.1735135820514852
0.2428016568634604	0.20813894680485204	0.10408936643217664	0.2714615033680685	0.1735085265314422
0.24282278193883516	0.20813304255376416	0.10407167659126566	0.27148113964673903	0.17349135926939574
0.24280465030003218	0.20819532519917475	0.10404171073294527	0.27149574938093024	0.17346256438691726
0.24285173432911528	0.20812703843309058	0.10405116657107708	0.27146642685033817	0.17350363381637865
0.24285224027244007	0.2081150292167473	0.10403736179002604	0.271506953029791	0.17348841569099535
0.24281282928112455	0.20818784544888166	0.10408606786319241	0.27146953627384995	0.17344372113295117
0.24280241201515892	0.2081782345360786	0.10405250455554002	0.2714685919707708	0.17349825692245147
0.24284260648135486	0.20815087739456334	0.10406111784447789	0.2714983656183392	0.1734470326612645
0.24282353792033978	0.20815101918236112	0.1040307534443334	0.2714768222534449	0.17351786719952056
0.24285893455043922	0.20818832571691376	0.10403764144431422	0.2715036491285975	0.1734114491597351
0.24279437592240144	0.20815321766916242	0.10406455479326908	0.27146862827091073	0.17351922334425607
0.24280759356770532	0.20815546092068385	0.10408966461086792	0.2714800934834385	0.1734671874173042
0.24281644624926835	0.2081362416688771	0.1040451216676953	0.2715065395709492	0.17349565084320978
0.2428154849317854	0.2081607795611212	0.10408591553038031	0.27150960801587504	0.17342821196083782
0.2428057429824334	0.20819433839258	0.10406974095400677	0.27145278934520223	0.17347738832577733
0.2428160893708832	0.2081442070919214	0.10405720701913113	0.2714926538078505	0.17348984271021356
0.24284510570902076	0.20816879601183663	0.10403974349140399	0.27147158885697453	0.17347476593076383
0.24283584116520945	0.20816497807836248	0.10404569262489649	0.2714468097039025	0.17350667842762882
0.24283929193971104	0.20817655836906276	0.10404770406994038	0.27145048329235666	0.17348596232892888
0.24283153181102485	0.20815155749186343	0.10406899986559462	0.2714840310645059	0.17346387976701091
0.2428556851932365	0.2081839721867664	0.10408920389523992	0.2714594973745487	0.17341164135020823
0.24281271399145982	0.20819250242927426	0.10403859018344505	0.2715053563125917	0.1734508370832289
0.24282540625848406	0.20815128459551357	0.10403223244931424	0.27146464362454087	0.173526433072147
0.24285102479202475	0.20814052108093622	0.1040402483609116	0.27148801505212117	0.173480190714006
0.2428075736206059	0.20816951060623162	0.10406661879131161	0.2715017698545279	0.17345452712732273
0.24280032953785197	0.20814927193702026	0.10405855783546272	0.2714925263326003	0.1734993143570645
0.24283217090600373	0.20819436976340783	0.1040529192876626	0.2714602599367496	0.173460280106176
0.24281707912630332	0.20819762481234083	0.10404471927121918	0.27150536417458226	0.17343521261555417
0.24280306548100078	0.20817802758562615	0.10405626854498275	0.27150829513656055	0.1734543432518295
0.242804386936401	0.20814165776025242	0.10408668753503773	0.2715086378562678	0.17345862991204083
0.24278976807065034	0.20817983677031832	0.10406699878731512	0.27150339549901514	0.1734600008727009
0.2428475696905683	0.20816197680205936	0.1040777758905329	0.2714736914191811	0.17343898619765813
0.24283613252834085	0.20813140806515773	0.10406230170481846	0.27149910807615407	0.17347104962552862
0.24283021424018195	0.20811943857433057	0.10407195365743026	0.2714831662532634	0.17349522727479358
0.24279419824008852	0.20817039824337888	0.10407479871468639	0.2714601561700038	0.1735004486318422
0.24285032884760605	0.2081637904302478	0.10406750696108714	0.2714461071855438	0.17347226657551493
0.24280237427724563	0.20819757174421175	0.10405886857827382	0.27146487983156214	0.1734763055687064
0.24284145340274937	0.20814674641824082	0.10403000660856704	0.27148942090264155	0.173492372667801
0.2427925523524403	0.20813991140804564	0.10408376755594223	0.2714801150311683	0.17350365365240325
0.24285626224453954	0.20818929182605406	0.10405166180088857	0.2714862509737637	0.17341653315475386
0.24279727620440328	0.2081772709818669	0.10405726985067121	0.27146490736911566	0.1735032755939427
0.24281829178684944	0.2081602069253284	0.10404929521984561	0.2714858881729285	0.1734863178950478
0.2427938623504292	0.20815439259421198	0.10407568775018326	0.27147580462338194	0.1735002526817934
0.24278885899487965	0.208181793879319	0.10405662778614307	0.2714731935633318	0.17349952577632616
0.24282090669702724	0.20816678168652283	0.10405801189594566	0.27148134634328164	0.17347295337722238
0.24284212434486097	0.20814135762523975	0.10405354667558325	0.2714965002033451	0.17346647115097072
0.24281149801393367	0.2081662845884766	0.10403156146069244	0.27147264274419575	0.17351801319270127
0.24281035272267348	0.20819763986131165	0.10404341740141826	0.27146072213402617	0.17348786788057013
0.24279379417705615	0.2081794958473669	0.10405470893355982	0.2714425126834344	0.17352948835858253
0.24283989045058546	0.20816138929625025	0.1040398462268965	0.27148750554271117	0.17347136848355635
0.2427961892758027	0.20818629936467983	0.10407773692102136	0.27146649158730746	0.1734732828511884
0.24283601563297547	0.20819476288640879	0.104055255837955	0.2714838467334639	0.17343011890919663
0.2428427767512497	0.20816307676017243	0.10405878986626854	0.2714917935923553	0.17344356302995378
0.24279826213710248	0.2081262840808159	0.10406888104123485	0.271484831502734	0.17352174123811256
0.2428342401115558	0.2081455547352599	0.10406214318341933	0.271505861479197	0.17345220049056775
0.24284128482807682	0.20815647790301814	0.10408079015149749	0.2714546379818876	0.17346680913551965
0.24285950953426247	0.20814127960697415	0.1040761911013599	0.2714544918120192	0.17346852794538403
0.2428585440278943	0.20817264495537202	0.10407954272799683	0.27147116195164134	0.1734181063370952
0.24282334735195749	0.20813538535387124	0.10408023076422708	0.2714954578664852	0.17346557866345874
0.24280741589802152	0.20819394950541137	0.10404648651565317	0.27148835888366246	0.1734637891972512
0.24282009670485244	0.2081554721918235	0.10406940509905632	0.2714622035750454	0.17349282242922207
0.2428325560082334	0.20813830731619598	0.10408236509538422	0.27149996928361136	0.1734468022965748
0.24283663314626314	0.2081545578970142	0.10405856140460294	0.2714548076469232	0.17349543990519628
0.2428288689171443	0.20816666552288784	0.10403644766430703	0.27146675375368173	0.17350126414197883
0.24283151639304712	0.2081188697096905	0.1040731188583811	0.27144435982180004	0.17353213521708105
0.24283341619909596	0.208139317750928	0.10407119424897517	0.2714757464027101	0.1734803253982905
0.24280850542035348	0.20816161959829071	0.10408183284947804	0.27150525264098185	0.17344278949089564
0.24286025778601394	0.20815890115192684	0.1040652203292081	0.27150582894356545	0.1734097917892854
0.24280670416884165	0.20811494159384694	0.10407660028758375	0.2714836501613202	0.1735181037884072
0.24283091396939685	0.20817370049104575	0.1040678380923228	0.2714475045598088	0.17348004288742552
0.24283572665742995	0.20813629637721875	0.10405538842478727	0.2715021462850998	0.17347044225546399
0.24286185403150107	0.20815692718324869	0.10404430606943181	0.27146577059686994	0.17347114211894826
0.24283555092457587	0.20812690527356462	0.10404935312106854	0.27148139672740035	0.17350679395339041
0.2427971662749699	0.20816351100553948	0.10407830769198001	0.27147782838222545	0.17348318664528495
0.24282007041196524	0.20818014468865795	0.10404198667716587	0.27150791864715135	0.1734498795750594
0.2428475980222117	0.20816511024503012	0.10406824287776205	0.2714527458254136	0.17346630302958224
0.2428487023840808	0.20814325816793625	0.10405031645355961	0.2714435805750459	0.17351414241937718
0.24284277932288822	0.20819551736594313	0.10406754320377301	0.2714420088311734	0.17345215127622193
0.24283982880933205	0.20817343534132285	0.10404646148494465	0.27146707576606977	0.1734731985983305
0.24282055085287624	0.20813900542405955	0.10406270164435054	0.27148157771022696	0.17349616436848647
0.24278843534750627	0.20817132945665326	0.10405848437022701	0.27147116666206056	0.17351058416355267
0.2428274336359344	0.2081823665934941	0.10407645238153121	0.2714899396966389	0.17342380769240107
0.24285133904532852	0.20815504775813395	0.10407982499504861	0.2715035435426696	0.1734102446588191
0.2428447533306759	0.20816032652298772	0.10404018075746209	0.2714471764870339	0.17350756290184016
0.2428418749381963	0.20814591336751107	0.10406596768460594	0.2715032733692673	0.1734429706404191
0.2428555127757187	0.2081446863695942	0.10406794582934657	0.27150807346657124	0.17342378155876903
0.24283732556293008	0.2081920547997918	0.10403694600224865	0.27148456809567023	0.173449105539359
0.24282129416011658	0.20818395337917486	0.10405181628096617	0.2714751227470269	0.17346781343271528
0.2427994266612764	0.20816258758437017	0.10406322381025757	0.27145959644852574	0.17351516549556983
0.24280216190276738	0.20812819473253796	0.10408349913656785	0.2714930860044785	0.17349305822364805
0.2428534283508689	0.20814460929180675	0.10405377109102837	0.2714512665685382	0.17349692469775754
0.24279780841643628	0.2081762869831277	0.10404581640536008	0.2714875275702555	0.1734925606248202
0.24283190776853603	0.2081537758448054	0.10407107654053219	0.27150243364538074	0.17344080620074542
0.24279477587574597	0.2081857354870025	0.1040379534738126	0.2714766249413786	0.1735049102220601
0.24280575328974738	0.20817711213568715	0.10403347827997436	0.2714727480758352	0.17351090821875567
0.2428558841196194	0.2081675931056818	0.10403274319040766	0.27148870764776256	0.1734550719365283
0.24285187383091128	0.2081915447928614	0.10405000072183589	0.2714563394100158	0.1734502412443754
0.24283408527860928	0.20815261311378153	0.10404509395303628	0.271478105840532	0.17349010181404068
0.24283669859146068	0.2081632450540217	0.1040621096155011	0.2714838586051562	0.17345408813386007
0.24283594212290344	0.20817375537586938	0.10405876876710492	0.2714993010096044	0.17343223272451763
0.2428631198877479	0.20817204770011624	0.10404735092017417	0.2715000986184583	0.1734173828735031
0.2428294739022613	0.20818712289861052	0.10406931480051052	0.27150644037979865	0.17340764801881878
0.24280798966979114	0.20819394053413975	0.10408091974339802	0.2714960003124749	0.17342114974019598
0.24285637733762058	0.20815870463148844	0.10407251675597791	0.2714850050098023	0.17342739626511047
0.2428285854188362	0.20817777610845664	0.10405317976712404	0.2714494912868831	0.17349096741869974
0.24285854858971362	0.20813209876849564	0.1040632449916924	0.2714497126535534	0.17349639499654473
0.2428592119131674	0.20817921052576263	0.10407739861431703	0.27144253361698084	0.17344164532977183
0.24282761530206753	0.20817775539870584	0.10404578618151532	0.27149440634391614	0.17345443677379493
0.24285661792947316	0.2081530542505585	0.1040499465961746	0.271466515800713	0.1734738654230805
0.24282992919059837	0.20817448218000573	0.10404060092636208	0.2714904358144968	0.1734645518885368
0.242799122998712	0.20816178401565014	0.10406370117800018	0.2714531375801981	0.1735222542274393
0.24283080902658338	0.20812798462125925	0.10404574815492983	0.27150753955883966	0.17348791863838764
0.24280755365875578	0.20813965337776213	0.10406500529031014	0.2714588458169225	0.1735289418562492
0.24285502344958104	0.20817070560935683	0.10407730803899985	0.2714497241284117	0.17344723877365034
0.2428501039053588	0.20815129349998088	0.10406737987564221	0.27146658469315066	0.1734646380258672
0.2427933137977894	0.20815214197760196	0.10405222236310124	0.2714783609221179	0.17352396093938927
0.242794908528151	0.20814622377697425	0.10406923121921902	0.27149442052960887	0.17349521594604664
0.24285736313123407	0.2081613704941057	0.10403587102261001	0.27145701329294003	0.17348838205910988
0.24282656576001269	0.20816255706690623	0.10406917416717504	0.27144663166956917	0.17349507133633665
0.24279929300418576	0.20816269379907712	0.10405212269227414	0.27148105034329584	0.1735048401611669
0.24282310506586696	0.20818472755481646	0.1040332379805409	0.27150049783748664	0.17345843156128882
0.2428197535699616	0.20818505705035872	0.10405154306679712	0.2714876836935979	0.1734559626192844
0.2428516378164785	0.20811849232218793	0.10405122120723996	0.2714519822974019	0.17352666635669145
0.24285105276599794	0.20813785247921618	0.10405983425775801	0.2714845087521535	0.1734667517448741
0.24284766917506764	0.20812517303371414	0.10404125082746847	0.2714759432674923	0.1735099636962572
0.24279360930051758	0.20817703121108225	0.10408140075750874	0.2715022320995031	0.1734457266313881
0.24281856816648653	0.2081253184801755	0.10406956112160426	0.2714736344010529	0.17351291783068057
0.24279259661064084	0.20815729553390022	0.104050441024787	0.2714751746496321	0.1735244921810396
0.2427906774522556	0.20818157261612721	0.10407501397769689	0.27145392648006234	0.1734988094738577
0.24284045330564683	0.20811576217259461	0.10404400330234281	0.2715032856792383	0.17349649554017715
0.24279114892054815	0.20819641509410014	0.10403293383487272	0.2714928591716219	0.17348664297885685
0.24281025136872442	0.2081325728706988	0.10403237040366502	0.2714885033034987	0.17353630205341275
0.2428594592043489	0.20811408531930004	0.10407608809620716	0.2714515094278602	0.17349885795228348
0.24281814370308957	0.20813950025838074	0.104088589873614	0.27145364661158977	0.17350011955332573
0.24285942148879086	0.2081420204294587	0.10403025348121357	0.27146226306209764	0.17350604153843896
0.2428512522887205	0.20818016977482037	0.10408015985825277	0.27148385028614846	0.17340456779205765
0.242788792963316	0.20814906401841024	0.1040579263576751	0.271474170277223	0.17353004638337538
0.24280420166443142	0.2081828618671036	0.10407581051005581	0.27146404491643583	0.17347308104197304
0.24285132603099197	0.20814122700315094	0.10403286856984861	0.2714750321503616	0.17349954624564662
0.2428078902301082	0.2081535091715085	0.10408747360865901	0.27146668716795896	0.1734844398217651
0.2427998081359064	0.20811407620476713	0.10407315302576456	0.27150577599869213	0.17350718663486953
0.24286375043676803	0.20811925101408985	0.10405774281356545	0.2714511852570403	0.1735080704785361
0.24285220261351925	0.20815068601897474	0.10407014393342194	0.2714618399279814	0.17346512750610238
0.24282959325378328	0.20816507323491854	0.1040509598152358	0.2715050602523109	0.1734493134437512
0.24282580973183032	0.20817813847223948	0.10404032803378735	0.2714955097484313	0.17346021401371134
0.24281607749953482	0.20817277311643448	0.10403068149963648	0.2714501104934244	0.1735303573909695
0.2428078657761556	0.2081288337902197	0.10408592023401382	0.2714843130734086	0.17349306712620205
0.24282277017452564	0.20815947645816113	0.10403586701242214	0.2714636369336085	0.17351824942128238
0.24281676997413562	0.20819871566192352	0.10408820344800734	0.2714585143621926	0.17343779655374064
0.2427983296502066	0.2081391487204811	0.10408935034620048	0.2714983111401774	0.17347486014293417
0.24283235655526805	0.2081242336210654	0.10407574584966396	0.2715053893750035	0.1734622745989988
0.24283380993230702	0.20816942354063703	0.1040484302473622	0.2715097907250152	0.17343854555467833
0.2428291462355474	0.20818415541713847	0.10407944130888774	0.2714785953292048	0.1734286617092213
0.24282445106821446	0.20812715771952978	0.10405132811883244	0.2714920424892384	0.17350502060418463
0.24283710160201927	0.2081926116305548	0.10406945860293898	0.27148428430507504	0.1734165438594117
0.24282345238352143	0.20818135258356668	0.10405732770870671	0.271471248295684	0.17346661902852092
0.24280960229736392	0.20818588675465027	0.10404619205040828	0.2714626696645444	0.1734956492330329
0.242851866012961	0.2081712213088301	0.10406166894095213	0.27150176998361775	0.1734134737536388
0.24279127385023302	0.2081376277867708	0.104064249992504	0.27149807210295684	0.17350877626753508
0.24286360815430727	0.2081723819583684	0.10404817512760024	0.27146856839993627	0.17344726635978752
0.24284377108644273	0.20813930762953523	0.10405010672771924	0.271466315945017	0.17350049861128555
0.24282670941326628	0.20813136983930083	0.104043800541073	0.27147964275925673	0.1735184774471029
0.24282707517883967	0.20817203291557324	0.10404604372579968	0.27150334789996255	0.1734515002798246
0.24285770572089416	0.20816603273448625	0.10407599039688725	0.27145668098344256	0.17344359016428956
0.24283907565062363	0.20817678992623248	0.10407572532097797	0.2714812697261203	0.17342713937604537
0.24282326240759985	0.20818634091151544	0.10403363992087784	0.27150447392593513	0.1734522828340715
0.24280445901347272	0.20817228153515738	0.1040830847628333	0.2714824148908041	0.17345775979773226
0.24283867875069343	0.20816440764980176	0.10407558814603182	0.27145184974011455	0.17346947571335816
0.242846926204414	0.20814533827272397	0.10404147770725652	0.2714485398568959	0.17351771795870935
0.24285407999156422	0.2081754799107968	0.10405476383268153	0.27150101217374484	0.1734146640912124
0.24282125026281073	0.20816031755846148	0.10407464618417589	0.271483719174774	0.17346006681977766
0.2428137402125504	0.20816840836318862	0.10403705814555866	0.2714877578303146	0.17349303544838748
0.24280115768495658	0.20816004827736695	0.10404557588264525	0.27146079122252803	0.17353242693250298
0.24281914443462896	0.20814702892168105	0.10404842291767792	0.271448491127266	0.17353691259874582
0.2428023375455025	0.2081550639776734	0.10407947513538836	0.2714471480645627	0.1735159752768728
0.24282486585669738	0.20817644868185947	0.1040811198459251	0.2714901637565773	0.17342740185894054
0.2427897284798728	0.2081875584033427	0.10406371937669331	0.2714931893660318	0.1734658043740592
0.24283540540022602	0.20813783767664298	0.10408894816466828	0.27150060543499704	0.17343720332346543
0.24279159974897957	0.20818386873630082	0.10407429908779477	0.2714938658897446	0.17345636653717997
0.24279585101346526	0.2081935509630464	0.10408830599046459	0.27147831404583767	0.17344397798718578
0.24281813491083198	0.20819130810722786	0.10404747130859844	0.27145480524405063	0.17348828042929085
0.2427911344814281	0.20817594935436476	0.10408097645533129	0.2714648537449192	0.1734870859639564
0.24280591560547857	0.2081309952584871	0.10403673186955611	0.27150365699584167	0.17352270027063632
0.24282444809301218	0.20818499296409704	0.10403802204329106	0.27149824457443605	0.1734542923251634
0.24281460962333673	0.20813954117197692	0.10408695682942393	0.271493624625875	0.17346526774938717
0.24282741000473526	0.2081923665357089	0.10407407491873272	0.2714907609583501	0.17341538758247274
0.24285844445057958	0.20817945414888878	0.10403013909071125	0.27144627152225675	0.1734856907875634
0.2428263795778681	0.20816212878701787	0.1040742718742134	0.2714612794060778	0.1734759403548226
0.2428168068215571	0.20817422117671952	0.10404979091673044	0.27150879798190464	0.17345038310308802
0.24284261948432345	0.20818585037619736	0.10404664762135366	0.2714440205412803	0.17348086197684504
0.24283000229850749	0.20815691087925658	0.1040784739791855	0.27149771574519427	0.1734368970978559
0.24284725193698659	0.20816286489358887	0.10405364386522663	0.27145330271312124	0.17348293659107641
0.24281018243544925	0.20814355436919746	0.10407188261326356	0.27145116587782636	0.17352321470426316
0.24282307171386336	0.20815169946830736	0.10405052218042457	0.27147397120323025	0.17350073543417424
0.24280310740676125	0.2081264704562667	0.10406737230180732	0.2714739455561899	0.17352910427897458
0.2428402763526555	0.20813793968884803	0.1040705388050618	0.27147463911019465	0.17347660604323975
0.24280248220146955	0.2081714424818608	0.10408586991327763	0.27149456522669413	0.17344564017669759
0.24282997960105934	0.20813092065152283	0.10405425254774661	0.27148979408534996	0.173495053114321
0.2428194635319703	0.208175872255169	0.10403857212327589	0.2714855002909323	0.17348059179865224
0.24283389333441158	0.20811331111693673	0.10405865603157904	0.27145779609807175	0.17353634341900068
0.24281216777140047	0.20811594404455064	0.104088355791689	0.27147654765523116	0.17350698473712844
0.24281184754454294	0.20815966818466244	0.10405075565569594	0.2714938871658456	0.17348384144925283
0.24281850019610762	0.20816426021764675	0.10407051619783955	0.27144945850411345	0.1734972648842924
0.24285634192450967	0.20814897562314172	0.10404862929802472	0.27145700129560485	0.17348905185871882
0.24280869217500245	0.20818608903122263	0.10407834360403316	0.27145331865604877	0.17347355653369279
0.24280577778524542	0.2081970950960282	0.10407294877803464	0.2714957932803445	0.17342838506034697
0.24280466024756683	0.2081280503995513	0.10404790450235506	0.27148697298598184	0.17353241186454474
0.24286077642255033	0.2081720694450532	0.10405109883607747	0.27149698721289084	0.17341906808342794
0.24285907650061261	0.20815667039851632	0.10406326808755074	0.2714958722410301	0.17342511277228995
0.2428506566701626	0.2081490616444245	0.10404145469890647	0.27148069707622	0.17347812991028622
0.24285304003600794	0.20815519548886033	0.1040851386995477	0.2714998344141285	0.17340679136145526
0.24285676827916247	0.20819521512335185	0.1040302373429938	0.27148383934850173	0.17343393990598993
0.24281785122330782	0.20813915872501085	0.1040808052456812	0.27149660449304436	0.17346558031295553
0.24279105434256043	0.20813327447356092	0.1040778277959195	0.27146294023719497	0.17353490315076395
0.24280749851245148	0.20814132227334187	0.10407090590851564	0.2714675496429674	0.1735127236627234
0.24284706108575513	0.20817765969856197	0.10403738115936305	0.2714846581027968	0.17345323995352277
0.24285703994936841	0.20811579920634077	0.1040588483326223	0.2714838640682636	0.17348444844340466
0.2428345239503255	0.20813917624409373	0.1040624656827121	0.27146478259527057	0.17349905152759781
0.24284853158788594	0.20812798807021632	0.10404272792044413	0.2715079707669213	0.17347278165453206
0.24283322751030254	0.20813995473413827	0.10404161040223077	0.27150734840532254	0.17347785894800563
0.24279668157604595	0.20813102714989754	0.10408970633970134	0.2714868959238622	0.1734956890104927
0.24283331251579948	0.2081264572053451	0.10406179734890521	0.27148966762277027	0.1734887653071797
0.24279560688047688	0.2081153574086516	0.10406672606740094	0.27150199605313646	0.17352031359033385
0.24278918301045632	0.20818855657360755	0.10403892155266324	0.27149862141158554	0.17348471745168711
0.24283082082243357	0.2081337248058052	0.10407481679576723	0.2714916345022931	0.17346900307370067
0.2428550457716559	0.20812494747179502	0.10408653844951127	0.2714825526361795	0.17345091567085813
0.24282993942239522	0.20819331823585743	0.1040346931596612	0.2714951027525624	0.17344694642952346
0.24285694555809687	0.20817798045077002	0.10403828396033055	0.2714741025541087	0.17345268747669362
0.2428147026338084	0.20814537340723968	0.10403876638447615	0.2714907678488576	0.1735103897256179
0.2428371392313301	0.2081540160638971	0.10407228878573936	0.2714494462989541	0.17348710962007907
0.24286037830849327	0.2081827137825279	0.10408586503128206	0.27145869808922524	0.17341234478847128
0.24279298990752746	0.20816603913590676	0.1040584352486385	0.27145777750741307	0.17352475820051397
0.24284281404561545	0.20818632172765697	0.10406066320078947	0.2714634938384732	0.1734467071874647
0.24283339719287664	0.2081774831209815	0.10406729079760484	0.27144274238178134	0.17347908650675542
0.24283886687754447	0.20813915223254575	0.10407078241866143	0.27146996338070095	0.17348123509054714
0.24279542076751925	0.20813942470342053	0.10405947890091094	0.27149067366525415	0.17351500196289493
0.24282386107152962	0.20816060635780906	0.10405325454162472	0.27149992139961265	0.17346235662942375
0.24280040297536765	0.2081682513021205	0.10406392555618213	0.27147036821472914	0.17349705195160034
0.24280977415612945	0.2081955636719634	0.10403334668450956	0.271481291172762	0.17348002431463538
0.2428508621841824	0.20816079653281178	0.10408880912434314	0.27147491254408296	0.1734246196145795
0.24279025804342536	0.2081629169818834	0.10405876357834248	0.2714961536174416	0.17349190777890688
0.2428413470766411	0.20817133280748473	0.10407470769812835	0.2714899509686848	0.1734226614490608
0.24284945177210057	0.2081603153389301	0.10406211199058032	0.27147636154973587	0.17345175934865287
0.24280829493132208	0.20819555719809082	0.10403627070910627	0.2714842326908503	0.17347564447063024
0.24279925566962587	0.2081144080806566	0.10405510233386511	0.2714946805792683	0.17353655333658385
0.24283610075841455	0.20818228463579277	0.10403277777031071	0.2714790935773745	0.1734697432581072
0.2428227385111869	0.20814717447893483	0.10403600872771125	0.2714893996437989	0.17350467863836788
0.24285816832460272	0.20814793337077933	0.10405938280476096	0.2714473090672005	0.17348720643265625
0.24284228108845218	0.20813814360000613	0.10403855799909206	0.2714771995367493	0.17350381777570006
0.24285691035063475	0.20815948152983924	0.1040831401057136	0.2714431853457718	0.1734572826680404
0.2428412146319427	0.2081678223423556	0.10407356447300725	0.27150735671195353	0.1734100418407407
0.2428445214599106	0.20818189062467313	0.10407400358467564	0.2714664487809797	0.17343313554976064
0.24282276746846904	0.20813189253030728	0.10405052598796337	0.27148298002890203	0.17351183398435807
0.24279271320477974	0.20818514273903105	0.10406402894267973	0.27148257006961674	0.17347554504389254
0.24282292887665086	0.20812870506036396	0.10404497157222596	0.2714793573292492	0.17352403716150971
0.24283097676042095	0.20811588254946506	0.10406171708158332	0.2714552762229967	0.1735361473855337
0.24284498054817863	0.2081964265908102	0.10405399595947065	0.2714666267963109	0.17343797010522938
0.24278993431082188	0.2081435850945692	0.10405428475988714	0.2714979141121633	0.17351428172255828
0.2428336725611964	0.2081818453103418	0.10405281594349416	0.27148651262596546	0.17344515355900197
0.24285122196151504	0.2081935510908584	0.10408190180560833	0.27146759381708646	0.17340573132493148
0.24283683137470463	0.20818730909521257	0.10403894868551905	0.27150730448449256	0.17342960636007088
0.24283264598850687	0.20819663498861735	0.10403693077027241	0.27149203606086625	0.17344175219173685
0.24281869526724353	0.20818848213020233	0.10405216214251958	0.2714839475858446	0.17345671287418976
0.2427915091571135	0.20815283002998858	0.10406810926618716	0.27150309944034673	0.1734844521063637
0.2428232611213166	0.20815669824365068	0.10404985193848583	0.2714794567861787	0.17349073191036793
0.24281758591732794	0.20814917515126738	0.10405369357251973	0.2714444191171084	0.17353512624177628
0.24283465284741224	0.20815627932324676	0.10406000660437767	0.27146682448019344	0.17348223674476962
0.2428299504739846	0.2081361269673311	0.10406475547752571	0.27147604770914247	0.17349311937201584
0.24280427612777206	0.2081892483638748	0.10408304813050268	0.2714923310428716	0.1734310963349786
0.24282461478709444	0.2081134369627213	0.10407226104303074	0.27145932947011736	0.17353035773703587
0.24285940612534151	0.2081827903432921	0.10403343932748453	0.2714591417934597	0.1734652224104219
0.2428533305712068	0.20812239501325547	0.10404624937129482	0.2715026009761404	0.1734754240681023
0.24282168242161023	0.20817069494564874	0.10408567278068241	0.2714842977990506	0.17343765205300776
0.24285941318556606	0.20811878656614746	0.10408701631602259	0.2715036654508004	0.17343111848146323
0.24281502459681115	0.2081765938646023	0.10406139494309014	0.2714902498531014	0.1734567367423948
0.24285832501915736	0.20816061426258486	0.10408086413059249	0.27148900608776977	0.17341119049989526
0.24278986027436494	0.2081599954170279	0.10406730999410801	0.2715029444708923	0.1734798898436066
0.24279915660502982	0.20813971822657162	0.10408394718130719	0.2714587877962889	0.1735183901908022
0.24286138722747885	0.2081914419038743	0.1040678302607004	0.2714595482971863	0.17341979231075982
0.24281475651774553	0.20815554533237798	0.1040479516091315	0.2714745510860023	0.1735071954547424
0.2427925767034557	0.2081499694147142	0.10407010836606286	0.2714643451255477	0.1735230003902193
0.24284265941854827	0.2081768494625046	0.10408021876584407	0.27146764031962045	0.17343263203348236
0.24286188011700824	0.20818404820631417	0.10408440375055568	0.2714536002969826	0.17341606762913905
0.2428118308773619	0.20812464000306838	0.10407008820446498	0.2714613982298945	0.17353204268520991
0.24284758322216154	0.20811560796037223	0.10408067541476951	0.2714960621415615	0.173460071261135
0.24282848838726429	0.20818211148829416	0.10407149241893747	0.2714593742756571	0.17345853342984674
0.24285130544499942	0.20811763771980976	0.1040685339078876	0.27149147799167894	0.17347104493562404
0.24280507857954547	0.20815793635212668	0.10406743444467499	0.27146921233109456	0.17350033829255804
0.2428001455776273	0.208185464455614	0.10406537039192054	0.27147686958411754	0.17347214999072036
0.24280631081870746	0.20815115877171964	0.10406946036242029	0.2714619035098114	0.17351116653734092
0.24282967376535436	0.20818008970568955	0.10407528606725237	0.2715015397587528	0.1734134107029507
0.24284463129549066	0.20815983246525488	0.10404654323825252	0.2714629840134086	0.1734860089875931
0.24285483932037835	0.20815260444953113	0.10404027626891973	0.27145761649842354	0.17349466346274703
0.24281834117851564	0.20816767033744596	0.10405169241909014	0.27148206503466255	0.17348023103028545
0.24282538242315324	0.20812823623627855	0.10408247753246512	0.2714996678276626	0.17346423598044025
0.24282155815435238	0.20814772455416533	0.10407753353704674	0.2714597229519732	0.17349346080246214
0.24285576894959554	0.2081587379416916	0.10402969572686584	0.2714610258417027	0.17349477154014414
0.2428451648678992	0.20819757940453718	0.10407591928187913	0.2714650138767426	0.17341632256894163
0.24283062399620392	0.20813641090798807	0.10405180412461085	0.27144487730418776	0.17353628366700918
0.24284445808534616	0.20811813680447455	0.10404952855257157	0.2714897664496808	0.17349811010792665
0.24283737106068579	0.20818996446074056	0.10405442196500127	0.2714875058503791	0.173430736663193
0.24280133214378405	0.20816426276864333	0.10403220560189864	0.27150607515941966	0.17349612432625408
0.24281667653511135	0.20815179267721326	0.10403659526993626	0.2714810482774502	0.1735138872402887
0.24278758952916923	0.20816457302825891	0.10408918348265817	0.27148252363598974	0.17347613032392373
0.24281130957502067	0.2081421224921031	0.10406806584929552	0.2715083954539552	0.17347010662962523
0.24282205929002137	0.20818588024157195	0.10405081131289312	0.27149963526651333	0.17344161388900003
0.24282621766076606	0.20818668908553545	0.10403318858309381	0.27147381871139686	0.1734800859592076
0.242818705446478	0.2081917876305034	0.10404933377115703	0.27144850937276854	0.17349166377909284
0.24282116904965567	0.20818639366425837	0.10404471049187938	0.27144431242063544	0.17350341437357092
0.2428483549642859	0.20811892613296884	0.10405111936230664	0.2714925696337036	0.1734890299067348
0.24279400530448259	0.20817227048527845	0.10408445777456185	0.27147841694565944	0.17347084949001743
0.2428451576991932	0.20816771860024003	0.10403184318259055	0.27149530057845483	0.1734599799395211
0.2428255745848516	0.20813146047674713	0.10406414432661527	0.2714655879159835	0.17351323269580224
0.2428357369800876	0.20817019181507415	0.10408319162823262	0.2714500856040124	0.17346079397259295
0.242808743900502	0.20813531457822682	0.10406723913433728	0.271464625010895	0.1735240773760386
0.24285025907378627	0.20812653276452556	0.10403210847693871	0.27146583186387774	0.17352526782087146
0.2428107879412092	0.2081659793925453	0.10403654880122144	0.27147756688200975	0.17350911698301405
0.24281308167233562	0.2081220034708313	0.1040403031582831	0.27149787723912816	0.17352673445942163
0.24284624816931216	0.20812594505962134	0.1040608817994413	0.27147115307754976	0.17349577189407517
0.24279294056363246	0.20819231351378967	0.10406867946909211	0.2714967511633852	0.17344931529010033
0.2428100022066309	0.20816231419908224	0.10404138281802913	0.2715036685908992	0.17348263218535825
0.24282251113356246	0.20819022548375102	0.10403604706515188	0.2714756994002671	0.17347551691726726
0.24279188835360516	0.20812062768432435	0.10406913395793875	0.2714935385121424	0.17352481149198912
0.24285406150471445	0.20817338989004808	0.10404251265002447	0.271451767459383	0.1734782684958298
0.24283313132894113	0.20817132495096605	0.10405681414699663	0.27147988464309136	0.1734588449300046
0.2427917752807536	0.20818855584930301	0.10405744761192612	0.271501440414049	0.17346078084396802
0.2428034396024037	0.20815069662983537	0.10408708445909957	0.2714921981005453	0.1734665812081158
0.2428290656950785	0.20816650054211927	0.10407338751719471	0.27148490124435376	0.1734461450012535
0.242836172709001	0.20813277258529775	0.10407075275769165	0.2714648305413368	0.17349547140667254
0.24279236164541035	0.20819143142602642	0.10403326753241997	0.271470167231886	0.17351277216425706
0.24281800618776186	0.2081842439011213	0.10407840742072443	0.27149434836903613	0.17342499412135604
0.2428148449421329	0.20819734083434543	0.10406447379164557	0.27145177112712726	0.17347156930474855
0.24283901849867298	0.2081478405314935	0.10406649537207695	0.2714669215829437	0.17347972401481265
0.24285184654736877	0.20813010287342135	0.1040730822156566	0.27149665951379764	0.17344830884975534
0.24282322284553248	0.2081427380379055	0.10406524385395878	0.27149510805833776	0.17347368720426526
0.242850819348146	0.20814476139753021	0.10405282056998179	0.2714964812323279	0.17345511745201384
0.24282710583505593	0.20817791519500028	0.10404930292993335	0.2714737514844071	0.17347192455560312
0.24285879615441042	0.20817360810631466	0.10402970582896834	0.2714802930097069	0.17345759690059942
0.24282060234519506	0.20818808450434872	0.10407704415667121	0.27149256234776564	0.17342170664601914
0.242821700956864	0.2081631886331598	0.1040474824184264	0.27144965696978957	0.17351797102175998
0.24286257672024944	0.2081151973099247	0.1040850176269586	0.27146571505351424	0.1734714932893528
0.2428077989804695	0.2081886328506698	0.10407073855796693	0.27148074375039377	0.17345208586049973
0.24284740177900313	0.2081170986804435	0.10403926945116994	0.2714736487819262	0.17352258130745696
0.2427982890963472	0.20813068527012218	0.1040838553740189	0.27147292614933427	0.1735142441101772
0.24284293177156496	0.2081953849340636	0.10407146675556316	0.2714711762901467	0.17341904024866134
0.24280217482218658	0.20815126188054556	0.10403065506758173	0.2714915708911413	0.17352433733854455
0.24286252144797058	0.20814686770872654	0.10406072025215518	0.2714696310349895	0.17346025955615793
0.2428581145566735	0.20812590333085365	0.10406033841213196	0.27145080231175256	0.1735048413885881
0.24278706836222866	0.20818468096743517	0.1040500875636605	0.27149018935841185	0.17348797374826358
0.24283030588497084	0.20811944150210435	0.10408082084973408	0.2714894876992755	0.17347994406391498
0.24285821321304424	0.20817324119534336	0.10407937225398387	0.27145818836848135	0.17343098496914694
0.2428147740878447	0.20818134636351407	0.10407252468236866	0.27149813953669694	0.17343321532957545
0.24280629390238895	0.20817070260804577	0.1040515481573846	0.2714766494958247	0.17349480583635574
0.24285998988861382	0.20814013645125198	0.10403974360087782	0.2714681425436849	0.1734919875155712
0.2428194782963429	0.20815329670872368	0.10403537014498408	0.2714627958944625	0.17352905895548662
0.24283328055000214	0.20812898325951762	0.10405323985381099	0.271478723353782	0.17350577298288705
0.24281668098524428	0.20819472526411908	0.10404476609180195	0.2714472438192878	0.17349658383954664
0.24281153246049547	0.20819436290941026	0.10407620722468931	0.27150512412713085	0.17341277327827384
0.24282219482615763	0.20815792385398127	0.10404144078816022	0.2714947261077061	0.17348371442399455
0.2428542853235567	0.20818618310805326	0.1040391969997987	0.2714914522003452	0.17342888236824586
0.2427959183031475	0.20819085986666983	0.10406030443397457	0.2714454530283213	0.17350746436788655
0.24285881911485405	0.2081739940783838	0.1040642929729672	0.2714601771744951	0.1734427166592996
0.2428332300901888	0.2081673505026294	0.10403503510497507	0.2714837471552089	0.17348063714699755
0.2428022495348596	0.20813001596802408	0.1040597612032059	0.2715023655644921	0.17350560772941806
0.24278787427644383	0.20816480860251402	0.10406596969660444	0.2714798501666981	0.17350149725773936
0.24279218620527682	0.20817243361616494	0.10405986443518804	0.27149176070608694	0.17348375503728306
0.2428177703232278	0.2081743005063823	0.10406155738052553	0.27149109280459993	0.17345527898526428
0.2428176823697132	0.20813349200854586	0.104055101114532	0.27149391800041867	0.17349980650678998
0.24284996986627905	0.20819397716801089	0.10407362317394235	0.27144844243787214	0.1734339873538953
0.24282687731406385	0.20815627875415435	0.10405498076356257	0.2714927250474305	0.1734691381207885
0.2428134146420955	0.20813641344842387	0.10406696822491487	0.27146139788105655	0.173521805803509
0.2427900374452147	0.20817582633269996	0.10408496445443881	0.27144635417014384	0.17350281759750247
0.24286248070357613	0.20814532601274824	0.10405030127404749	0.2714888237921752	0.1734530682174527
0.24279966959863106	0.20819219144060816	0.10403890428667455	0.27150570449957395	0.17346353017451205
0.24282597870375688	0.20812990799861217	0.10407167364285354	0.2714938036045951	0.17347863605018213
0.24281272654614583	0.2081295632783649	0.10405746476029136	0.271487162989659	0.17351308242553865
0.24282537038217605	0.20818581392573915	0.10403640465981513	0.27146822565731243	0.17348418537495694
0.24283424143541169	0.20815461148918535	0.10406999559812186	0.2715038808609198	0.17343727061636108
0.242817452939637	0.20813788128229702	0.10405940050303832	0.27148608619709064	0.17349917907793683
0.24281429541092955	0.2081847927050007	0.10405243177852794	0.2714677783057525	0.17348070179978906
0.24284351512682326	0.2081320652692111	0.10404676851282792	0.27148106080374945	0.17349659028738806
0.24280792115534708	0.20817256604711665	0.1040899978127642	0.2715033605050239	0.17342615447974796
0.2428004533420916	0.20815826480805857	0.10405399893419466	0.2714544500871155	0.17353283282853943
0.242839457540467	0.20816412203466744	0.10406138291798034	0.27147317281368943	0.17346186469319558
0.2428627211541006	0.20813614489222804	0.10405211305252923	0.27144556196409003	0.17350345893705188
0.24281326600182127	0.208131950326595	0.10406615917868231	0.2714990743041566	0.17348955018874454
0.2428323531110257	0.2081406155012527	0.1040373206149779	0.27147999356282887	0.17350971720991457
