0.24757708489030295	0.36209005865624894	0.050034993167266006	0.12977961781114544	0.2105182454750364
0.250748957867172	0.3620176352558402	0.0488775700361935	0.1327553042979554	0.20560053254283864
0.25139151292582695	0.36207597217883125	0.049395505148290886	0.1337656088120524	0.20337140093499817
0.2525349187940567	0.36208227178685415	0.04901453655545693	0.1316410610169771	0.2047272118466549
0.2537768559965543	0.36211954668162727	0.04997736245354936	0.13056146928092424	0.20356476558734451
0.25352313639141066	0.36200491930897694	0.049567639012938036	0.12929181051337985	0.20561249477329427
0.2534822792999741	0.3620150399558867	0.049380145247381546	0.12894007336720542	0.20618246212955205
0.2522591425133197	0.3620049728544169	0.051065496990926634	0.12886117535828684	0.20580921228304966
0.25181611057722436	0.3620787639391573	0.049393286408622145	0.13148205394729606	0.2052297851276999
0.2518551983112178	0.3620602521422619	0.05100301818003422	0.13063127041731346	0.20445026094917243
0.25260607505211324	0.3620666416885955	0.05018667142454661	0.13054550044793586	0.2045951113868085
0.2515210605614713	0.362073108770958	0.04959511176901171	0.13210004589411478	0.20471067300444398
0.2509838330282048	0.3621143410512269	0.051065200248165576	0.12948513295950215	0.20635149271290035
0.2517850248352093	0.3620977792648189	0.0496077431325567	0.12996127572537883	0.20654817704203604
0.2516159786794884	0.36205581898950534	0.04984976966264948	0.12802418866951581	0.20845424399884072
0.2499174780762867	0.36212392348659095	0.050906366464091385	0.12891189539185435	0.20814033658117637
0.25046817659797566	0.36209907959352794	0.04953729166560797	0.1294400610378899	0.20845539110499828
0.25182481955173575	0.3621022620749561	0.049733342305738726	0.1281915493287647	0.20814802673880448
0.24866700739958253	0.36202713328731784	0.04882761791986176	0.13008656448939115	0.21039167690384653
0.24834522770638426	0.362092392469905	0.05097636101855155	0.13098646519655457	0.20759955360860444
0.24965496634556897	0.3620065246137051	0.05085458592589098	0.1314332371095071	0.20605068600532764
0.2499047711851402	0.3620372054837722	0.05046997870254774	0.1311402257629856	0.20644781886555402
0.24891182665597733	0.3620101367282098	0.05032440214388198	0.13068439967951545	0.20806923479241515
0.2509719088491612	0.36210633161735517	0.050384209520570294	0.13013625621808128	0.2064012937948318
0.2511767445298165	0.36203776499667284	0.050421831014126756	0.1287975028239942	0.20756615663538952
0.2490067287134743	0.3620941318784012	0.050427555019740916	0.1307275386263913	0.20774404576199196
0.24849727570768623	0.36201700637027	0.05027255972774	0.13319718973056638	0.20601596846373713
0.24991288619119656	0.3620747594202518	0.04957766042339054	0.133044400878255	0.2053902930869059
0.2483455340513961	0.36202541776128483	0.04996611394233405	0.13346201329427235	0.20620092095071244
0.24885768782722636	0.3620586798054296	0.04937589143277729	0.13409838027485316	0.20560936065971328
0.24774813233874932	0.36203453518870754	0.049732336331733185	0.1334651315876328	0.20701986455317695
0.2497687401274013	0.3620713379258462	0.05012844563500707	0.13135333449568742	0.20667814181605776
0.24930091408365462	0.36207998361175964	0.050041597382284975	0.13258424848483405	0.20599325643746647
0.2472324120275063	0.3620712032157572	0.05084871246845185	0.13337648070327407	0.20647119158501037
0.24804599029175603	0.36212310487282495	0.05027927010072203	0.13411946299136052	0.20543217174333622
0.24809087817902398	0.3620770175349215	0.050876496733607696	0.1330741654921505	0.20588144206029607
0.25177476287748957	0.36212293100357446	0.0505851407991586	0.131237958884101	0.2042792064356761
0.2537968812456105	0.3621128239032122	0.05015229302442584	0.13005083102432144	0.20388717080242982
0.2509379407534599	0.3620071171688698	0.050180512600109056	0.13007639172904906	0.206798037748512
0.25309585191404693	0.3620343005256149	0.049060202785222856	0.12904871178594285	0.20676093298917209
0.2520837501128789	0.36202177228960686	0.04930976252912747	0.12992425751827713	0.20666045755010934
0.24893423736987028	0.3620486582955177	0.049310231593118564	0.12983809425296694	0.20986877848852634
0.24717658000918796	0.3620968053462452	0.05081640421943259	0.13407559840752203	0.205834612017612
0.24857644724190398	0.3620691021574014	0.04963180116816315	0.13338528203190766	0.2063373674006236
0.2527247043975923	0.3620765059169901	0.04990194717487062	0.13056958198493168	0.20472726052561502
0.2535524538994241	0.36208668438328717	0.049688114007427786	0.1284803059924695	0.2061924417173912
0.2538196757918678	0.36207157956982583	0.049859230646972674	0.1307816413852519	0.2034678726060815
0.25098863838971114	0.36208202103126264	0.0509095402555175	0.13301637027396448	0.203003430049544
0.2517499573661621	0.3621023016016382	0.05061696958054554	0.13271743510298878	0.20281333634866505
0.25236096484728465	0.36212026980784756	0.050932291907510086	0.13310677111610422	0.20147970232125315
0.25367226938522086	0.3620622104840558	0.05029615156491635	0.13144570085177437	0.20252366771403238
0.2527434821750418	0.3621239366352727	0.0498512584462118	0.13234833435294735	0.20293298839052606
0.24967074811473977	0.3620060034595617	0.05069543348440653	0.13252622726280977	0.2051015876784821
0.250800468123507	0.36200202136545045	0.05073164679473352	0.1311173800868498	0.20534848362945898
0.25327833020151735	0.36206456167963896	0.05009492984687519	0.12818155421416788	0.20638062405780036
0.25227304083727176	0.36205939626372674	0.05081614100447765	0.1279064059559447	0.20694501593857884
0.2487725618910385	0.36208870787788	0.05015081065611188	0.1311240941438125	0.2078638254311569
0.246160979176168	0.36204797550807866	0.04977066832497537	0.13396142149196008	0.20805895549881767
0.24654943403803814	0.3620923878697644	0.050435834129714724	0.13345470795284106	0.20746763600964144
0.2533573392356512	0.36206524779629523	0.04974995590503195	0.1289761455663886	0.20585131149663274
0.2527315957219401	0.3620524961932322	0.05010072979174557	0.12849053320505663	0.2066246450880253
0.2515436129363129	0.36209769355596755	0.05022237557071954	0.12857518346335683	0.20756113447364302
0.25114557875622395	0.36210621865876913	0.04877522155803232	0.1303252054578243	0.20764777556915007
0.2452563309040081	0.36203204370946573	0.050257668143221634	0.13338460389831408	0.20906935334499016
0.24855761886709649	0.36209213921876787	0.04951495184351287	0.1297444853009443	0.21009080476967829
0.25167481596296654	0.3620035320211945	0.04960676094718275	0.12861313446356618	0.20810175660508975
0.2498878418003738	0.3620514607246219	0.05063705167776328	0.12940876092462905	0.2080148848726117
0.2517674648080868	0.36210526165655527	0.04983043327381159	0.12869010612551623	0.20760673413602987
0.24894453477200956	0.3620209618974308	0.05054628841620171	0.1333702888305383	0.20511792608381932
0.24985855064937537	0.3620353985459611	0.050985795143194956	0.13148279235511184	0.20563746330635646
0.24837862829543195	0.36204111160385566	0.05072973189727664	0.13196830103243257	0.20688222717100288
0.2481222333074359	0.3621129443319222	0.049569997125589876	0.13388432557558944	0.20631049965946233
0.24756286998539598	0.36210328489323107	0.05035654547252355	0.1325809845355801	0.2073963151132691
0.24755884961931865	0.36204042959998683	0.05027567846737596	0.1317363386004312	0.20838870371288717
0.2487299852219464	0.36200389860416365	0.04927666167671807	0.13249974913249454	0.20748970536467715
0.24729618337048656	0.362116154320444	0.04931052372528019	0.1328216304809718	0.20845550810281724
0.24718633059053458	0.362034629485928	0.04885237615375973	0.1341288892171299	0.2077977745526475
0.24625296563468302	0.3620811791444553	0.04973006975345612	0.13144053244049253	0.2104952530269128
0.24968922251823455	0.36207370902915215	0.05038787912336898	0.12967295024456926	0.2081762390846748
0.251976301098226	0.36202701262967224	0.049295435336414034	0.12910086925017855	0.20760038168550893
0.25152005575095265	0.3620761091761937	0.04957816705578166	0.1296110693913215	0.20721459862575023
0.2520457511249039	0.3620727814715237	0.04883444279815302	0.12960673793612454	0.2074402866692946
0.2531016156092958	0.3620948919955372	0.04987204881882254	0.13204786179889028	0.20288358177745391
0.2535655400235811	0.36208682327520486	0.05030742546848743	0.1288269771041137	0.20521323412861261
0.2532706565150324	0.3621191624691422	0.04907234415512779	0.13088480848225353	0.20465302837844374
0.25377675304172964	0.36208688612123063	0.049841298991808114	0.130774821410761	0.20352024043447037
0.2521132807572233	0.3620696012011322	0.049940389204899516	0.1324392250016222	0.2034375038351226
0.2515568543339354	0.36205716386056847	0.05033033279280738	0.13318960995011572	0.2028660390625728
0.25260462877399925	0.3620621301009668	0.049019426537164484	0.13271246993288255	0.20360134465498667
0.2528958135480699	0.3620908162001592	0.05023601054114721	0.13329889698339775	0.20147846272722575
0.2514405698991142	0.36208647414998746	0.05011089436125188	0.1321105024810858	0.20425155910856052
0.25246099458872484	0.3620241843219939	0.04904631252181477	0.1332546915999392	0.20321381696752708
0.2515098256877342	0.3620486581612481	0.050214047351456265	0.13347992000104836	0.20274754879851287
0.24850417197944508	0.36212079833219446	0.05068330339069854	0.133346894289066	0.20534483200859574
0.24651472974711341	0.3621068869677106	0.05023118060816492	0.13397274229555398	0.20717446038145682
0.2461980422952602	0.36204887138067665	0.05099020691024475	0.13340148276811473	0.20736139664570347
0.24485367534998217	0.36204070595714954	0.050215336142261285	0.13298100835286372	0.20990927419774297
0.24404319274602831	0.3620936869853712	0.049900674461175604	0.13349763860603542	0.21046480720138927
0.24596743579215063	0.36204485049334656	0.050785272322710406	0.13065937132394595	0.2105430700678462
0.24879181379603277	0.3620533676105472	0.04900875701250085	0.13143703871760973	0.20870902286330922
0.2496262319061948	0.36202698033575287	0.050049605755509846	0.13086088323246137	0.2074362987700809
0.24958087623558392	0.36205109498018634	0.050573229909382955	0.12807213028893757	0.20972266858590893
0.24831773026964926	0.3620735036049003	0.050535204106741005	0.13146153204951672	0.20761202996919245
0.2472386201965537	0.3621203142579444	0.04991671097880798	0.1311135507119947	0.20961080385469896
0.24911136359817004	0.36207375830496813	0.051017583689768164	0.12943118559249916	0.20836610881459422
0.24767612435548803	0.3620933857925145	0.05030263619180195	0.13375828408355642	0.20616956957663887
0.24680567033766573	0.36211880447010614	0.050337811833730844	0.13396972217990494	0.20676799117859207
0.24620073354283234	0.36203805434482106	0.048988193827974175	0.1328209370837708	0.20995208120060144
0.24767914844645084	0.3621139268400322	0.04916736862986537	0.13373662685684146	0.20730292922680987
0.2475118890136655	0.36207160797967564	0.05061143486327685	0.13262763365351476	0.20717743448986695
0.2503588939876875	0.36205051953666323	0.049145522591852786	0.13348720177580542	0.20495786210799086
0.24813417927142437	0.3620397417590395	0.050921860038060957	0.13362862806454362	0.20527559086693134
0.24753250655104805	0.3621195566633405	0.050028148001129924	0.13348364677103342	0.20683614201344785
0.24839247885983712	0.3620444275740304	0.05071595443663321	0.13228137148588456	0.2065657676436145
0.2516043186333651	0.3620595738568717	0.050849942053871694	0.13244100365447298	0.20304516180141827
0.25157469774685776	0.362110121579236	0.05010561589884885	0.13290842868281055	0.2033011360922466
0.24986650187379605	0.36204704555396466	0.051053151786507656	0.13275272789114445	0.20428057289458684
0.2501894133115405	0.3621036524386894	0.0506565754752992	0.13092836219945703	0.20612199657501365
0.2503571715061005	0.36205895325040827	0.04945396373820882	0.13067447620173028	0.20745543530355187
0.25069791326151714	0.3620660319708721	0.04886600092529869	0.13117046441023505	0.20719958943207675
0.25114407767191627	0.36202853391223294	0.049005582680166554	0.13076457306120154	0.2070572326744824
0.25110319885049176	0.36210522647285115	0.048857871926241636	0.13108322545702059	0.20685047729339467
0.24961844193923044	0.36205009254664133	0.04937985510070478	0.1322028502845261	0.2067487601288971
0.2528422335625945	0.36209939906954564	0.04924268901632106	0.1297434412161704	0.20607223713536812
0.25298347249220987	0.36206957508625726	0.0499781279004099	0.12893817901452326	0.20603064550659944
0.2526420119471931	0.36208018382727775	0.049692772082354175	0.12826452730834215	0.20732050483483264
0.25319920884991787	0.36209342063144284	0.04929156585598496	0.12915745612728716	0.2062583485353669
0.251260011463405	0.3620967185819154	0.04974692036660808	0.1321421070040097	0.2047542425840616
0.25069730552645453	0.36210564186689453	0.05088474722287084	0.13199104663900157	0.20432125874477833
0.251637537889958	0.36206255055143843	0.0505835769834021	0.13136034848425732	0.20435598609094385
0.25311062595615946	0.36207537377651455	0.050971627479278386	0.13152155022300918	0.20232082256503825
0.2537742235241263	0.36201709024195505	0.050229852412475934	0.13123045608094117	0.2027483777405012
0.25250445531707283	0.36211450278985996	0.05018226267651418	0.12921118875286225	0.20598759046369056
0.2526342962254031	0.3620693651464616	0.049418909023807384	0.12953663122806136	0.2063407983762662
0.252108375042513	0.3620693612426457	0.04907465884198195	0.12937353245241806	0.20737407242044095
0.2499871166640642	0.3620538535500206	0.04987436444723062	0.13091366379922642	0.2071710015394579
0.24794326931555336	0.36207146252671724	0.04973008182531541	0.13408683443277306	0.20616835189964067
0.25037920874434977	0.36205757568936314	0.05058548064925017	0.13336827521744088	0.20360945969959585
0.25043936538303424	0.36204650946184547	0.04964136179013692	0.13191219011950256	0.20596057324548056
0.2500573227223851	0.3621171760986932	0.04888348125997541	0.13392245810207948	0.20501956181686656
0.250322319776084	0.36204197503284136	0.04988250627320587	0.12853404972581026	0.20921914919205828
0.2516741644045694	0.3620504553760959	0.04898793619089656	0.12838641059979222	0.20890103342864558
0.250857304790589	0.36201655779158215	0.048989256745551574	0.1286710164647388	0.20946586420753827
0.2488424872993824	0.3620327157837344	0.0509955092561295	0.128865498235186	0.2092637894255674
0.2526316780903485	0.3620076683727917	0.049991382732266526	0.1287466636170816	0.20662260718751144
0.24973254294633296	0.362026286839913	0.050202631383285234	0.13128078481472233	0.20675775401574625
0.24815632113350303	0.36204541748420993	0.05084086574911109	0.13236420824739092	0.2065931873857848
0.2483994237203093	0.3620532374505673	0.049319270322813746	0.13199411080589224	0.2082339577004172
0.24820458070679133	0.3620724083248181	0.049113554794170816	0.13027338583045844	0.21033607034376106
0.2444232502436155	0.3620396644821263	0.05096346589108261	0.1321374581719611	0.21043616121121425
0.2459140408928914	0.3620159385575935	0.05045166572930557	0.13134322066590728	0.21027513415430202
0.24658386430508694	0.3620427088273485	0.049019541756179064	0.13362280944464083	0.20873107566674445
0.24806968790997108	0.3620267401737903	0.05089519591313915	0.13032088239398965	0.2086874936091096
0.2516780632923242	0.36205396185399163	0.04972091748411819	0.12930620281857408	0.2072408545509916
0.24953852990268602	0.3621033056720624	0.04931718125374329	0.13022149884857687	0.20881948432293113
0.24999561421951808	0.3620305065142821	0.04908853903699678	0.13142718691472716	0.20745815331447562
0.24840572351580167	0.3620722087315338	0.0487994486359182	0.1304083627972682	0.21031425631947787
0.24839372233619333	0.3620312939291595	0.05066959687654679	0.12979945336813128	0.20910593348996886
0.24949857484107865	0.36212366809110147	0.04991922263243398	0.12937259807371354	0.2090859363616721
0.24862936679327896	0.3621131717910795	0.05020231105255821	0.1307742261722531	0.20828092419083
0.2500815018102869	0.3620471104911871	0.05002910787668319	0.13113869202045925	0.20670358780138337
0.24868807067021273	0.362028693776022	0.04993986899455963	0.1312545201774698	0.20808884638173558
0.24864565240399292	0.362068203066761	0.050887311371637045	0.13065702886122096	0.20774180429638775
0.24763982483680594	0.362013199722452	0.049282845554121324	0.13063441584780772	0.21042971403881275
0.2475071496126567	0.3620910009139373	0.05000110534531815	0.13090384512139222	0.20949689900669533
0.24966251773755194	0.36205867494814087	0.050975570876476195	0.12988755942216046	0.20741567701567032
0.251983734849291	0.3620721743787178	0.050168703623795635	0.13205379476960546	0.2037215923785899
0.25331164925674066	0.36207826537965293	0.04929663960305186	0.13188962450002878	0.20342382126052555
0.25373059439053036	0.36208103819193227	0.050706687193775385	0.12936446856348474	0.20411721166027696
0.2529383415132728	0.36200903842321075	0.04973494785608018	0.1280886764851636	0.2072289957222724
0.2505937249830403	0.3620805826655831	0.04880005212539343	0.1304361959012263	0.2080894443247567
0.2521230952065105	0.36209081940468657	0.05106187339322779	0.12850841125204204	0.20621580074353288
0.2524295294777131	0.3621021344663576	0.05025444321301825	0.12877797112042522	0.20643592172248557
0.2508410283988711	0.36208442533749674	0.05050159808763566	0.1331617775903098	0.20341117058568645
0.25061972015101547	0.36202396170835327	0.050488581776187424	0.13251325416904974	0.20435448219539387
0.25086785956758834	0.36200602930874415	0.04975549355616879	0.13383315168261084	0.20353746588488764
0.2529458035289602	0.36206466003480375	0.04973860132136765	0.13270884545910183	0.20254208965576637
0.25261101335314395	0.36204238574555836	0.05007095517477811	0.1338252963416099	0.20145034938490944
0.25085772193718214	0.36212327030975333	0.049347297418548264	0.13383320057056886	0.20383850976394716
0.25138104056994304	0.36203475977776556	0.049910025915981454	0.1331797190654538	0.20349445467085586
0.2524585068791458	0.3621071270261175	0.05099742634256613	0.1321262055191184	0.2023107342330519
0.2524754572454624	0.36209225996275696	0.04910257486522038	0.13246342491565774	0.20386628301090226
0.2527791538596232	0.36212295912604753	0.049309682255936765	0.13263592705438182	0.20315227770401043
0.2528792037226738	0.3620832445802358	0.0504785908760195	0.13232788069642965	0.202231080124641
0.25300120918951935	0.36206697706525165	0.0502060505339014	0.13142819907981912	0.20329756413150823
0.2525527332535205	0.36206587094577997	0.05074919380267301	0.13053627851416302	0.2040959234838632
0.25140032377988725	0.3620921250473712	0.050516395811364107	0.13180450766425247	0.2041866476971247
0.25229011988612254	0.3620685741596965	0.049014803424882986	0.13378000082005667	0.20284650170924098
0.251193027241823	0.3620170563242226	0.05066496021015468	0.13092201452117497	0.20520294170262446
0.25156808038955586	0.36207825178929254	0.04959053540457886	0.12978238372161527	0.2069807486949572
0.25222693868469626	0.36207519631759455	0.0495355208202998	0.12933133970727356	0.20683100447013558
0.252187933686026	0.3620401043203372	0.04904432479568188	0.1299779967170064	0.20674964048094835
0.25182909352288413	0.3621017130912233	0.04916013118657095	0.13229704695367026	0.20461201524565104
0.25040620014501497	0.36210339784725615	0.05019346964308999	0.13267152160847473	0.20462541075616394
0.2516382913849309	0.3621237422635537	0.05042148228714319	0.13274697060666688	0.20306951345770513
0.25220119204159674	0.3620706330098047	0.0499956221764426	0.13168124794132285	0.20405130483083286
0.24865947939215324	0.3620027511277538	0.050817891501413415	0.12996192229156314	0.20855795568711608
0.2490675499663524	0.3620184218973151	0.049720810639567986	0.13040160447963084	0.2087916130171334
0.2509213994532489	0.36211761971291945	0.050263947137570264	0.1281391110428428	0.20855792265341838
0.24912352108305316	0.3620517541491099	0.051003175220916075	0.128114577339569	0.2097069722073516
0.2492328883229711	0.36202109806021787	0.050028288029506346	0.12900046063090406	0.20971726495640042
0.2506205941254308	0.3620245323992397	0.05035737197698684	0.12900393558574663	0.20799356591259577
0.2511798836917217	0.36205949028826623	0.05078078587996604	0.12855621380039456	0.20742362633965133
0.25131207639815667	0.3620253925090956	0.04967938637595881	0.1284057465374536	0.20857739817933507
0.25143435503962086	0.36204649501938235	0.049381753461573114	0.12793619536150774	0.20920120111791574
0.24880321772738212	0.3620149262303459	0.049471194219226494	0.13292757520227128	0.206783086620774
0.25168234851952004	0.3620189481059827	0.050659379529422066	0.1339473237415515	0.20169200010352348
0.25149286708665763	0.3620332004518694	0.05034455215503619	0.134054875145312	0.20207450516112457
0.25080107915136757	0.3620914547255575	0.049812385632951484	0.13351521433001168	0.20377986616011157
0.24936377521572978	0.3620679751329686	0.05030806113818165	0.13393652647328622	0.20432366203983351
0.24834394450854635	0.36209013230043946	0.050383352634961964	0.13351398124470631	0.20566858931134568
0.24757200010098404	0.36208182874782835	0.048912702409716985	0.1331190194443319	0.20831444929713847
0.24737647786410447	0.36210123363493235	0.050754139068575455	0.13321561568834206	0.2065525337440454
0.24714098891396394	0.3620929989268956	0.050451238428524225	0.13416171715177522	0.20615305657884073
0.24643213100121675	0.3620437595619175	0.05044654162042919	0.13412054111070662	0.20695702670572969
0.24789116479501322	0.36212274567885616	0.04883797940624249	0.13357335190810343	0.20757475821178445
0.24690015553728417	0.36212110989545454	0.04893890267982548	0.1337827805092855	0.20825705137815
0.2447340430164941	0.36208261427068644	0.04979886047625204	0.13405312803718858	0.2093313541993786
0.2465078240113251	0.36208600570280625	0.049193450401397165	0.13362402908458887	0.2085886907998824
0.24905258659156768	0.3620935594385606	0.04973489222190269	0.13143933344726916	0.20767962830069955
0.2475301064012006	0.3620238480651743	0.04955167110962466	0.1337663341784263	0.2071280402455739
0.24719959042742956	0.36210880106303045	0.04988510688735623	0.1333829441296111	0.2074235574925724
0.2483257660555525	0.36208923246882674	0.04990879627807021	0.13353457067518748	0.20614163452236287
0.2476552400405666	0.3620992470038097	0.050213407027491413	0.13300546256573037	0.20702664336240173
0.2468361008554945	0.36205336688587464	0.049233948406287226	0.13298230448197912	0.2088942793703643
0.2475774045319153	0.36205615339851777	0.05044805562843399	0.1335615018242751	0.20635688461685764
0.24924984655099067	0.3620801087402541	0.050291684456474445	0.13050498608570812	0.2078733741665724
0.24758592244489802	0.3620350457384044	0.05020359949861847	0.13334622892096215	0.20682920339711672
0.25001381232706626	0.36206200924611454	0.05063241009484562	0.13064495833620002	0.20664680999577328
0.24953691370266326	0.3620720178031597	0.05002817161870471	0.12924148923960038	0.2091214076358717
0.24670781462811187	0.36208017859475905	0.05085641665233595	0.1335907448724199	0.206764845252373
0.24629427929002223	0.36209161479563134	0.05050153145567318	0.13387856879398966	0.20723400566468334
0.24546346077266148	0.3621191951749656	0.05082699104055741	0.13113285656289583	0.21045749644891937
0.247513393588841	0.362010825325799	0.04958857114008258	0.13312270023354975	0.2077645097117274
0.2534126166944044	0.36202703358748217	0.049570632435813056	0.13331905014402895	0.20167066713827117
0.2535385731409563	0.3620246831856873	0.05083368766679769	0.13203732629306458	0.2015657297134939
0.2519278423911609	0.3621148039553366	0.050208225324470585	0.13390212648719912	0.20184700184183257
0.24907826377816844	0.3620328548400209	0.050692663230095025	0.13320662728747404	0.20498959086424132
0.2501420378375602	0.3620260710713921	0.050442789774570646	0.1323292708224011	0.2050598304940757
0.25098556151984497	0.3620450300493232	0.05001446080651292	0.13159167461874138	0.20536327300557736
0.2514466494274508	0.36206166367564996	0.04896407637694364	0.12990731503151548	0.20762029548843985
0.25261081347574577	0.36205573601862084	0.05054405613012908	0.12794282432985615	0.20684657004564794
0.2516048001984835	0.36201326763382957	0.04996964904501622	0.12881952173873595	0.20759276138393448
0.2521977492726434	0.36205304586256376	0.049007790616152735	0.12839616992267466	0.20834524432596518
0.25188430613071117	0.36212155064516294	0.050435167806885284	0.12988189746325837	0.20567707795398205
0.24720912803986117	0.36208700825167556	0.051038247586701835	0.13198095033834353	0.2076846657834177
0.24820617092930225	0.362079888195183	0.04974165281112397	0.12954314197275218	0.21042914609163835
0.2475014409804433	0.3620350221894759	0.05004120168931994	0.1303583670871239	0.2100639680536366
0.2502575620676429	0.36204565609008654	0.049072865975310576	0.13304836554394964	0.20557555032301014
0.25006485154114017	0.3620881628813478	0.050467147586103794	0.13139024765269264	0.2059895903387153
0.24696535281247634	0.3620116570844018	0.050727910188386766	0.13118189153371304	0.2091131883810218
0.2493082927253374	0.36210335738180044	0.050003397107775294	0.13073453377145233	0.2078504190136342
0.25112226156004347	0.3620817388177472	0.04877470900055328	0.12982326440048395	0.20819802622117187
0.25152716476301634	0.3620548055938376	0.050481655326160085	0.13045020518658126	0.20548616913040452
0.25243848785946565	0.36204191033314403	0.04910522782226001	0.13038000870743308	0.20603436527769695
0.2532916419220338	0.36210882101580893	0.04950065242418408	0.12904286278705052	0.2060560218509224
0.25279476018521785	0.36210521255208883	0.05040396058226415	0.1287621228316	0.2059339438488289
0.25199353248786915	0.36208273209028385	0.05038102081501475	0.13041645901802712	0.20512625558880487
0.25229383225277724	0.36206847356444954	0.04913420395721679	0.13119700875023116	0.2053064814753251
0.25103356879166155	0.36200337976331476	0.05098197794302334	0.13171967768815895	0.2042613958138411
0.251167062087821	0.3620429483896506	0.05069151743206654	0.1330735818323623	0.20302489025809928
0.25221229097288267	0.3620118748189102	0.051031898198659165	0.1312864134713173	0.2034575225382305
0.2512648394964579	0.36201845958602386	0.04967250739583762	0.13168760621905148	0.20535658730262885
0.24963722357475712	0.3620858585456692	0.05019785359086479	0.1327202737511953	0.2053587905375133
0.2512020709240509	0.3620435115718247	0.049624106599311185	0.1332825841788648	0.20384772672594817
0.25241940480774927	0.3620825768915894	0.050186685443954104	0.13204582706636486	0.20326550579034214
0.2515987803370765	0.3620652928778961	0.04969247848777328	0.1331213787854018	0.203522069511852
0.2523374405678521	0.3621227527481874	0.05079782849260167	0.12965159418031197	0.20509038401104657
0.2535040979015235	0.3620333776760477	0.05034806727084157	0.1284935652910623	0.20562089186052468
0.24701218951125573	0.36205513839123493	0.050543747411533474	0.13278788506996267	0.20760103961601292
0.24922241779317172	0.36201253332419714	0.048847433262449835	0.13254346787063048	0.2073741477495506
0.25045551848200587	0.36207894464454865	0.0509362202065409	0.1288047076308264	0.20772460903607792
0.24837344467511968	0.36201467428857925	0.050638277281217114	0.13111275588450177	0.2078608478705819
0.2496095618558294	0.3620579370095073	0.050488579660579375	0.13005318118605894	0.20779074028802474
0.2513683741825521	0.3620360711009886	0.04882031138812312	0.13245542279774308	0.20531982053059278
0.2512752370573629	0.36207772514608094	0.04951344069192096	0.1311520573448004	0.20598153975983463
0.24892515514145935	0.36206108100619494	0.050498211217237465	0.13221996798430222	0.20629558465080577
0.2484624136131166	0.36208219081707604	0.05078251568630204	0.13167798812524556	0.2069948917582595
0.24946873064248992	0.36201367317226346	0.050956160583772	0.13178512394432756	0.20577631165714688
0.24877354780439098	0.3621160668185144	0.04985843018887215	0.13115632018322326	0.20809563500499897
0.24788647862020963	0.3621203601745949	0.04924585303740581	0.13214098705097543	0.208606321116814
0.2489553913400505	0.36203988760940325	0.048970744269344	0.13300144526785415	0.2070325315133478
0.2489004764186572	0.36212207151659537	0.04909531412293905	0.13201150253332491	0.20787063540848316
0.25372261759389697	0.3620349590340469	0.04889069291897577	0.13001767119773783	0.20533405925534223
0.2521646240545352	0.3621028676263103	0.04995462026368655	0.13049518420226713	0.20528270385320052
0.2528492029129731	0.36201865333503436	0.04905783359022181	0.13117029892402116	0.2049040112377494
0.25357602125162015	0.3620464488974726	0.050017967754028114	0.12800137176623938	0.2063581903306396
0.2510717712238922	0.3621200959912909	0.050979493571231715	0.1311091583260322	0.20471948088755276
0.25376518767728007	0.36205946769122777	0.049643641868628546	0.12975608822480292	0.20477561453806045
0.2518639162934375	0.36203805200769	0.049714342555076535	0.13259767329060237	0.20378601585319336
0.25309135768273605	0.3620344201663232	0.050065112724256955	0.13162326089582577	0.2031858485308578
0.2502832109023886	0.36204092081019623	0.05044888447202406	0.1296426374827555	0.2075843463326354
0.25281482307005243	0.36201933988782	0.04956528445310435	0.1320386590181502	0.20356189357087276
0.25358574783107457	0.3621067927451962	0.04971622582887872	0.13108786161596261	0.2035033719788877
0.2504513648895567	0.3620304434686223	0.0505157644411616	0.13186955607358047	0.20513287112707868
0.25207510680855333	0.3620226835200151	0.050940627015599954	0.13239184893177475	0.2025697337240566
0.2535208179996849	0.36210418805900396	0.04929181689658338	0.13348405880357495	0.2015991182411526
0.2530964919615905	0.36204751159030313	0.048960949562105616	0.13397540108698253	0.20191964579901794
0.252900305029287	0.3620196622205851	0.04908391582622865	0.13177962739479715	0.20421648952910185
0.25082276228630607	0.3621207118575789	0.04949585375890814	0.13063200854525314	0.20692866355195352
0.2517659772298439	0.3620132046503714	0.048772057065983976	0.1320530324129174	0.20539572864088307
0.2529514530636423	0.36209473909462947	0.04916100115759037	0.12928761266537203	0.20650519401876555
0.2527692012851243	0.36208045204538253	0.05041126348795327	0.12949533884803746	0.20524374433350226
0.253817150258716	0.3620802849645254	0.049321412821396154	0.13053266478975	0.20424848716561214
0.252940556998952	0.3620852061751991	0.04915208265735457	0.13120864320259026	0.20461351096590374
0.25353249095693103	0.36203009620768073	0.04986266479465659	0.13096060285651345	0.203614145184218
0.25170410125052295	0.362073919771557	0.049965328157511535	0.1333926088436348	0.20286404197677352
0.2521293384777467	0.36205039805740113	0.04930292761963967	0.13328143193842606	0.20323590390678611
0.25298483169817443	0.3621186288602126	0.04909750212745609	0.13374000115564633	0.20205903615851029
0.25300735689242215	0.3620281659775909	0.04907176062374538	0.13047611419903443	0.20541660230720693
0.2537936825489182	0.36211686560235745	0.04963479379779931	0.13309431282904488	0.20136034522187987
0.25337477710037065	0.3620169159686525	0.05045654325162152	0.1323517555869873	0.20180000809236778
0.2538614332508674	0.3620855084193456	0.04912434357908385	0.13193968971233383	0.20298902503836908
0.2531698032059538	0.36206018725228406	0.0493516049222838	0.1327318155773179	0.20268658904216016
0.24538871979051086	0.362079760773585	0.04951456494954393	0.13299198503159335	0.21002496945476662
0.24545015057624647	0.36208307069294293	0.050718605874337325	0.1315653757384621	0.21018279711801083
0.24681897383354554	0.3620643979206333	0.050437119037634814	0.13398880589348944	0.2066907033146966
0.24876795628843207	0.36212374341826037	0.04951648069874881	0.13410275249722275	0.20548906709733572
0.2482282154604136	0.3620999560503727	0.049479938551872465	0.13308616435241713	0.20710572558492385
0.24942183314701977	0.3620845642672229	0.05079893969336513	0.13211487491030866	0.20557978798208332
0.24939833942315787	0.362058086396453	0.05021941609213859	0.13263813690699333	0.20568602118125692
0.25060570441237606	0.36207808530892327	0.050823646983197274	0.133532785723336	0.20295977757216713
0.24994417446269285	0.36200516153422263	0.050060528388445324	0.1340361059338291	0.20395402968080983
0.25090230009327263	0.36200497029374024	0.0503523743663625	0.13151802497592038	0.20522233027070397
0.24988264930070275	0.36208776253141006	0.05062335306708629	0.13380165699678404	0.2036045781040166
0.24988573845815537	0.3620660660839725	0.05013787242632703	0.13199447814313897	0.20591584488840592
0.24851135629270799	0.36203177598971	0.05029667065289187	0.13384934079576333	0.20531085626892662
0.25368196163190815	0.36211374848100675	0.04900383607778719	0.13076492940196627	0.20443552440733145
0.25371963073510306	0.3620883162727925	0.049497467994252725	0.1302358005106679	0.20445878448718358
0.25106008396411067	0.36209532670378247	0.050085414462587796	0.12989830217965706	0.20686087268986175
0.2514800784571756	0.36210716974868556	0.04963168224110717	0.12833144198894983	0.20844962756408153
0.25257370062165296	0.3620502918633677	0.04981072509735321	0.12833635443873165	0.20722892797889425
0.2530039302786543	0.36201740970237506	0.04963545414001838	0.12957402339446955	0.20576918248448245
0.2537973928322854	0.36205729474943804	0.04919843990963926	0.1292977455382734	0.20564912697036364
0.25365314269645806	0.3621205361408392	0.04969218590654975	0.13008884032114718	0.20444529493500552
0.2529288879134922	0.3620978652722814	0.050035941696420894	0.1311657025910013	0.20377160252680404
0.24781906143690607	0.36205717678939486	0.05061281026207351	0.13394913094189037	0.205561820569735
0.25031760388144886	0.36203994237329784	0.048926146490839734	0.1341480471261328	0.20456826012828053
0.2493942148394717	0.36212130466141934	0.05040171245108199	0.13189982012414114	0.20618294792388558
0.249058473811614	0.362030680581861	0.04912283042481291	0.13357918216989934	0.20620883301181253
0.2482660495986591	0.36209555704040886	0.05083151118703258	0.13314905890895923	0.20565782326494
0.24895602266332753	0.3621128794186046	0.04965052005820872	0.13159902122999773	0.2076815566298612
0.2513750367105647	0.36208929453787986	0.04893064626916335	0.1306816236060508	0.20692339887634106
0.2512664656354887	0.36200742613057146	0.049476414984949285	0.13132510005561931	0.20592459319337098
0.2501955192052058	0.3620821192874607	0.04973302333109744	0.12918952859265392	0.20879980958358185
0.2486836597800839	0.36211459857850536	0.05090577889994624	0.13286117173713968	0.20543479100432455
0.2508397324137441	0.36203932916101	0.05079039925905715	0.13232981323275836	0.20400072593343016
0.25284776089487654	0.3620523412576117	0.04971979976493268	0.13141489772812917	0.20396520035444962
0.2525451787818635	0.362093976048779	0.05091725688792775	0.13284161719797014	0.2016019710834594
0.2519010897505901	0.3620821352216449	0.04994206849568514	0.1335677063035725	0.20250700022850712
0.2517542416820158	0.362056018939549	0.04969399307457842	0.13249460470953345	0.204001141594323
0.2507728808467385	0.36202531160217977	0.04936837018565507	0.1327964662790116	0.20503697108641486
0.250446375547922	0.36206366453710204	0.04999737619958583	0.13287328137296409	0.20461930234242576
0.24776875910477447	0.36211270180531574	0.05096268611836341	0.13277406638289882	0.2063817865886473
0.2477189366058002	0.36203999600354264	0.050130130320640176	0.13324914055485398	0.20686179651516276
0.24815552760823306	0.36201805125889064	0.05099867934554145	0.13225323275894219	0.2065745090283925
0.2481960750768959	0.36205030149607764	0.05006783816130014	0.13063880757395951	0.20904697769176656
0.24775495853767934	0.3620235056404079	0.050472934052415125	0.13124651559356806	0.2085020861759293
0.24613140067278877	0.362033642790182	0.050345208393474616	0.1314814877233222	0.21000826042023213
0.24943956600960576	0.36201933701455546	0.05098935247689754	0.12843356398916828	0.20911818050977268
0.2507927835716648	0.36201775057034696	0.050725105780935864	0.12829243999695925	0.20817192008009283
0.25259729474164183	0.3620588183807139	0.04892039770130907	0.13036902947533913	0.20605445970099576
0.2527789820648314	0.36204246532622625	0.04920146059512795	0.13017484960931697	0.20580224240449724
0.2519331277027277	0.3620706166481496	0.05008242773195962	0.12912209206285422	0.2067917358543086
0.2518403325599625	0.3620274223871851	0.04914421952102341	0.13182459786051837	0.2051634276713103
0.249993137805525	0.36207734667427627	0.04964950370969323	0.1313219471707844	0.2069580646397208
0.2502726171143309	0.36202916694807885	0.04959528345576375	0.13396769954376447	0.2041352329380618
0.2504785389248576	0.36201616143528326	0.049074073552798636	0.13363737082228605	0.20479385526477417
0.25190825253862337	0.3620093346026922	0.050977074101741404	0.13057429808684798	0.20453104067009478
0.25161468058654474	0.36211893395403955	0.05099214567205615	0.1295984817284343	0.20567575805892505
0.25195477017368995	0.3620651124490919	0.04902170549363072	0.1288144596377535	0.20814395224583374
0.2529980998939984	0.36208528066050866	0.05101414609273322	0.1294035937771157	0.20449887957564375
0.25336411313827667	0.36211001977665347	0.049354502660259786	0.13081550465935185	0.20435585976545792
0.252454139092478	0.36209078618552315	0.05029930938823146	0.1326449117709527	0.20251085356281445
0.2529877117675722	0.36201779712864	0.050356541844234576	0.13075836272955163	0.20387958653000138
0.25314262228473017	0.3620480100775969	0.05034330181652011	0.12830990949704935	0.20615615632410314
0.25069044759475795	0.36204878489517367	0.050324925872182485	0.1306241993551533	0.20631164228273233
0.24695113379280395	0.3620563510759519	0.049066637531473944	0.13348201781468605	0.20844385978508384
0.24604955403604717	0.36211011625602973	0.049503658741775314	0.1339378451020382	0.20839882586410932
0.2476114403519147	0.3620164823348685	0.0504263461355752	0.13177890923510116	0.20816682194254016
0.2478357533904992	0.36209515825753424	0.04893779041810789	0.13200549559543256	0.20912580233842584
0.2504286393722119	0.3620453634595471	0.04949061591593379	0.12844641832732775	0.20958896292497922
0.2516486081448589	0.36204612924305885	0.04883880009052821	0.13259977891550256	0.2048666836060512
0.24996080944805538	0.3620849903720609	0.0507068593495589	0.13373442516727427	0.2035129156630503
0.24810596705798532	0.36206425857592395	0.05070314459021538	0.13299788769080664	0.20612874208506848
0.24741633343755914	0.36209746103255364	0.050541514194528736	0.1341713232882073	0.20577336804715093
0.246711017468504	0.3620164894111998	0.050962991929774465	0.13375795168605037	0.2065515495044711
0.2457900342407689	0.3620464871730359	0.04973213508023408	0.134112802210758	0.20831854129520286
0.2470126594823939	0.3620240529806601	0.05058479040485628	0.1331787030242007	0.20719979410788877
0.2467874745348166	0.3620358989196433	0.048960897351831206	0.132886971403476	0.20932875779023272
0.24572973211008203	0.3620201394536381	0.0491923941959084	0.13329718916073097	0.20976054507964026
0.24492967618943817	0.36205753511430905	0.050166963534057696	0.13405174163379863	0.20879408352839615
0.24596303729557462	0.3620653413722088	0.04947984457084795	0.13312761827016134	0.20936415849120707
0.2459171553015437	0.36201781987954923	0.05063382132873656	0.13341502823336554	0.2080161752568047
0.24667543168398082	0.3620542577245024	0.05037671520387599	0.1323382225799153	0.20855537280772532
0.24655560576152782	0.36210503174217096	0.050280351934494566	0.13143354743840135	0.20962546312340505
0.24571198709285658	0.36201450610304325	0.05017122335213514	0.13243146091068603	0.20967082254127872
0.24714918238444994	0.36201096717210535	0.05039962658177591	0.13021626467929814	0.21022395918237044
0.2524485983523404	0.362002950369675	0.049901745974131134	0.12882718803853868	0.20681951726531453
0.25290844534338514	0.3620700437359121	0.04936574239965713	0.12890518308064236	0.20675058544040303
0.2522116869192393	0.36209602856884515	0.04955051237041902	0.12985976650211042	0.20628200563938584
0.2523644725882705	0.36209700598461664	0.050244237399893615	0.13037672025343633	0.20491756377378267
0.2501085075781515	0.3620451559531973	0.05030478133242294	0.1301877447441265	0.20735381039210143
0.2534649357561459	0.3621117330055382	0.04933595567559962	0.13080550002385252	0.2042818755388634
0.25317319219567913	0.3620216411463516	0.049109453295636596	0.13200984010963948	0.2036858732526929
