0.34140339488384996	0.11385944707006516	0.06466177493621775	0.213574197101165	0.2665011860087019
0.35737817987759685	0.12601128995639588	0.1166807951631599	0.2348691747644539	0.16506056023839313
0.2886937316472879	0.13563427313444246	0.1268113164813442	0.17694069596547374	0.27191998277145146
0.401489752099782	0.08872028707528208	0.1813659016661311	0.18782808487525243	0.14059597428355208
0.2911514488834989	0.13770654011446484	0.19266095197013658	0.2194955889864216	0.15898547004547778
0.34003797839393995	0.08816186487424021	0.21752425218429808	0.23574698353377666	0.11852892101374476
0.3882355380864244	0.10351738363708572	0.12239069636482568	0.20208306928302602	0.1837733126286378
0.29075178018890374	0.14049372996902984	0.20738143389927627	0.27340557147959127	0.0879674844631986
0.41703699894432855	0.13410046731031786	0.09242769227734049	0.22421705338664358	0.1322177880813692
0.29510270546660133	0.13694852781814473	0.19985161960016534	0.2144767491799397	0.15362039793514864
0.2614828604832904	0.0894668890560575	0.10773235509357915	0.27683789064066444	0.26448000472640826
0.32790896157008825	0.13944915457457985	0.22771911934779135	0.24445001935489394	0.06047274515264628
0.3206568261371211	0.12671912825770537	0.12715534781017157	0.2756443868446067	0.14982431095039497
0.33253960304545727	0.13310750393139362	0.19141620605903104	0.2064309813311647	0.1365057056329531
0.3868119039483244	0.133418593878772	0.19049531585949253	0.24956093983957767	0.03971324647383309
0.25940944771425584	0.12629413322262212	0.2335017932598531	0.2157106864438959	0.16508393935937282
0.3194668979074197	0.10274035288828218	0.24201096446685444	0.27714755687868925	0.05863422785875411
0.2905262861143877	0.11055212500925848	0.180327877547231	0.20476430800524265	0.21382940332387987
0.2754955995128745	0.1136675297221346	0.07817531277468248	0.2773008950835645	0.25536066290674375
0.28038881605641636	0.13666281060437285	0.20674623511991028	0.17913178361885945	0.19707035460044078
0.3210086542258812	0.13723221029512422	0.2522580947744142	0.18628642170340748	0.10321461900117256
0.37602985141199674	0.09860371335691508	0.0887496141651066	0.22312371322578728	0.21349310784019399
0.3247887716797558	0.08758052477879599	0.06539119225818618	0.17417189592976579	0.34806761535349595
0.3595930260215114	0.11488295606055325	0.10237368759778026	0.2196960906904227	0.20345423962973205
0.37277614659029606	0.11271805003907004	0.13229487903236814	0.2116125355434244	0.17059838879484102
0.35130808358806825	0.10964312111643489	0.2586751153419901	0.18208705985846124	0.09828662009504517
0.3564989259390837	0.12286937859278285	0.22662974503189504	0.25328208781166367	0.04071986262457439
0.40723033133136866	0.0909591160669071	0.14772164082581707	0.24798997894652752	0.10609893282937932
0.3375134918052298	0.09328448765670404	0.11824748919951333	0.17333501913269378	0.2776195122058588
0.2601711798581402	0.10049532170135217	0.05892524050865022	0.2327984048460348	0.3476098530858224
0.38536464330792497	0.1051467893210894	0.30031870568700625	0.18517923124333793	0.02399063044064112
0.3259673399394997	0.12686048347684942	0.1923817678766852	0.2684841410624674	0.08630626764449799
0.38971671508618655	0.10614125076738153	0.08869893448332873	0.2479300922104484	0.16751300745265443
0.337259160334254	0.13250912215529487	0.0701614726189394	0.183134396436954	0.2769358484545573
0.3614763374119184	0.12035061002634956	0.24399588155237723	0.24816134513284233	0.02601582587651219
0.3960617203161168	0.12464292279328308	0.1544490451749314	0.24710730527839897	0.07773900643726936
0.319861793587872	0.08993625452505816	0.22749868967268683	0.2194107782385885	0.14329248397579422
0.35374427936168484	0.1275077682981722	0.1911408907358754	0.2589725597119642	0.06863450189230302
0.3581203456559657	0.13511654972554743	0.20325425389023727	0.2101048333762076	0.09340401735204171
0.33272304266878927	0.1221708519103815	0.25525200378935076	0.18070357076557805	0.10915053086590012
0.41654492795474635	0.1270576257765438	0.1469212973731031	0.2674475836123151	0.04202856528329135
0.27114640991501776	0.12660760070671417	0.27944812452762624	0.20994053393069478	0.11285733091994676
0.32653904103124115	0.09278434451761793	0.21505844715340455	0.2572900706168415	0.10832809668089458
0.3018659765840694	0.10060779428145489	0.1469609811196041	0.186532918325725	0.26403232968914636
0.2752229561575926	0.11104543774630274	0.2514175728414513	0.1780280296818208	0.1842860035728323
0.3939976773171682	0.09585184200835256	0.1640861516700139	0.23667383152533134	0.10939049747913365
0.34945110849783323	0.09442317568215816	0.11796814724861673	0.17299230417716005	0.2651652643942315
0.3414069941651724	0.09902050501041676	0.17681118540029794	0.18724386569120458	0.19551744973290805
0.3549376054521353	0.10796555982843128	0.2289479412499708	0.18832055612439766	0.11982833734506462
0.40610648007194555	0.09054419778043926	0.23636958201170796	0.22533565406949166	0.04164408606641523
0.2883921676182089	0.09544873585531527	0.27116923896528644	0.2040457511616938	0.14094410639949534
0.2580720551015731	0.1389280778824964	0.10252442441134405	0.17509238610066202	0.3253830565039242
0.321781838249993	0.12816138393344273	0.09840827185639815	0.27995703735044464	0.17169146860972115
0.40461513297949314	0.10905665621607243	0.0574605940510253	0.268061531578645	0.16080608517476383
0.2844069279747029	0.14173852592425934	0.16066354631697208	0.26041274157879685	0.15277825820526852
0.32157838161881347	0.12408915926091509	0.09794963001324081	0.27593962723587173	0.18044320187115864
0.331240645080776	0.09387063042868098	0.08128980227771351	0.23113407958803067	0.2624648426247985
0.272882140913803	0.11680455073695666	0.043213152828828455	0.2713013441066186	0.2957988114137931
0.2666981803083065	0.13939070814469162	0.11282754904077862	0.2579218376271763	0.22316172487904667
0.36684956545777364	0.102900355247665	0.07895721964721003	0.19287543027518542	0.2584174293721656
0.35035167176875776	0.1203276373880857	0.061016605816222425	0.2077731872267509	0.26053089780018296
0.37505785195766417	0.09875238186502083	0.05919126516200951	0.2674056124528601	0.199592888562445
0.40721523123047937	0.10161144252519955	0.1685737672642389	0.20709972644157976	0.11549983253850205
0.27988860360935214	0.13777699269467983	0.28143450992548186	0.1811342223322934	0.11976567143819254
0.39121315296417647	0.09474855469137847	0.20104133558699827	0.23862678123662429	0.07437017552082217
0.369644842631494	0.1220039221229786	0.17514656291980435	0.1903090134961862	0.14289565882953653
0.3966037914074088	0.08982098011930653	0.19956935484702498	0.21107968660341436	0.10292618702284498
0.29328218488185187	0.10244098877229497	0.12346859833579933	0.21907826570942165	0.2617299623006319
0.3232401694853741	0.11649141106346153	0.1424932416033641	0.1916269875531037	0.2261481902946963
0.2981624511640243	0.14157982804030744	0.08799540760296275	0.18679580918684763	0.2854665040058576
0.285746949892384	0.1390247396987065	0.1313695208259083	0.18891791020337	0.2549408793796309
0.2875305027093721	0.10590628116222835	0.25285319384653987	0.21704488642831068	0.13666513585354872
0.32841364151097086	0.12657589645541734	0.18652635607062468	0.2401404647205681	0.11834364124241874
0.35031321699046103	0.11367161764516083	0.24478971547290865	0.1952689690565119	0.09595648083495731
0.2579544424809749	0.12352620207433795	0.20540122151848378	0.17492856953973507	0.23818956438646804
0.3623391122492957	0.0937121962896454	0.08519262533509042	0.20201314945284501	0.2567429166731231
0.3024195352796687	0.08639230230379491	0.18358921496438094	0.18078249927892182	0.24681644817323337
0.2675311615944088	0.10608117659723551	0.28037677688318047	0.27165596430773536	0.07435492061743965
0.3033074188977519	0.09868769381581814	0.1788107308386896	0.19153952723299808	0.227654629214742
0.3855829754638642	0.10946165370616637	0.05794344413743266	0.2529701134122574	0.19404181328027909
0.329999926066699	0.11064210463864337	0.25885805188951205	0.2704838070623006	0.030016110342844765
0.2662109325014005	0.10715835367748652	0.054628401308682295	0.2549320035948141	0.31707030891761634
0.2619462003586268	0.09486561054253242	0.07375641906925662	0.23551358533875777	0.33391818469082607
0.26244627070250803	0.08643947423269412	0.041165515112653206	0.2790760205505236	0.3308727194016207
0.34241280799602447	0.10185101743938452	0.22985886408602155	0.2704830809118961	0.05539422956667309
0.27709335391645573	0.1369625873768319	0.2841225799653088	0.25469422788957996	0.047127250851823344
0.2735519979058494	0.1262524490703482	0.05165736281087949	0.20752845143959692	0.34100973877332574
0.3973520061839591	0.13104657376805004	0.16190057258357782	0.2593525954327193	0.05034825203169338
0.3744693505050827	0.10559236328649726	0.06005369781368419	0.22375500608228854	0.23612958231244702
0.3055287816530443	0.11846629884811999	0.30366578603994143	0.2506128834216587	0.021726250037235273
0.3087267977098309	0.10190063955046132	0.2503145263487423	0.26230621865255116	0.07675181773841407
0.3508530432303749	0.0859622479306073	0.19969983026077792	0.18862722959276124	0.17485764898547826
0.3841735091917914	0.12450556555917106	0.04889488468805639	0.25463487198572404	0.1877911685752568
0.3146030621001845	0.12196326675842178	0.2765925246289505	0.21343946643684292	0.07340168007559994
0.3518031622966923	0.10944537476986888	0.15868265744201362	0.19318738756142298	0.1868814179300019
0.3575150128106409	0.10157251959710287	0.11041144540371498	0.18541613896957732	0.24508488321896366
0.36888632470258415	0.09394923756234162	0.07651931707813149	0.21525474520220775	0.24539037545473463
0.3329216998514677	0.13566244511130593	0.20366375910042284	0.18418512781342275	0.1435669681233805
0.3958887302554984	0.1212344310536229	0.12771801880713074	0.2415912898631205	0.11356753002062706
0.36989933961739957	0.11511569512595252	0.07206358649353642	0.2502697369891491	0.19265164177396202
0.41722491210263485	0.10647305050009173	0.14544172281938236	0.2622932146129387	0.06856709996495197
0.3418698849105718	0.1303645602428183	0.246246174373658	0.2187601338976431	0.06275924657530854
0.3486570955387315	0.1384270617598472	0.13685848547144028	0.2711323890849814	0.10492496814499935
0.40176973105305896	0.10965045155278944	0.07068479057679278	0.2713455507932281	0.1465494760241304
0.38556436959870444	0.08931881026904037	0.25788073071333956	0.2395730359405594	0.02766305347835596
0.36934509293885	0.12476518160349817	0.09279508233760542	0.20825533543702882	0.20483930768301734
0.39566917836610843	0.13217774373499566	0.0915199899792411	0.27027555167722117	0.11035753624243336
0.2988697082534031	0.11298442777671941	0.12435236796678703	0.17841875657273967	0.28537473943035047
0.40618282397092975	0.08710486584878319	0.05353254358560902	0.2696026221001598	0.18357714449451795
0.27254328515183485	0.0931322517388098	0.14406632203859762	0.25135087028857106	0.2389072707821864
0.26990279981905385	0.1250820130475291	0.23547170700178652	0.2774949845407079	0.09204849559092233
0.3626336687174563	0.13001464662327894	0.18493410129325613	0.22345778670371078	0.09895979666229754
0.3549752242466237	0.12451231331759269	0.28607162645275785	0.1850504628538672	0.04939037312915823
0.29964897402138435	0.11956986071459576	0.13230232011232917	0.24977898742197335	0.19869985772971707
0.2923930815396062	0.14173317513539607	0.0685705319468714	0.1860850982777264	0.31121811310039965
0.3289480059524788	0.10282685463204787	0.30306417605700275	0.21855134274224103	0.046609620616229225
0.31442632814506344	0.1143641883292826	0.14036524314070017	0.21042647084274438	0.2204177695422091
0.3951721624882351	0.08941164085552519	0.24735102841148046	0.21747180807137412	0.050593360173384755
0.32754212566259794	0.12432056588921409	0.09540997542401324	0.17799638914155036	0.27473094388262403
0.3948164388278763	0.12190139339130392	0.10163514645794701	0.2328498549779201	0.1487971663449523
0.4113190940685623	0.10010672325427802	0.1254954018163329	0.23338264200589137	0.12969613885493503
0.2711692729285099	0.1385453857091993	0.24322290355742615	0.1757028465123889	0.17135959129247544
0.356718121699621	0.11157027361439296	0.07079782296650791	0.20092355193442912	0.25999022978504865
0.33748631582135846	0.11335170730682076	0.2302130710243865	0.25337035148256537	0.06557855436486859
0.3170705336512884	0.12020916567632893	0.14399386970088984	0.18123618384288995	0.23749024712860253
0.3092031381600272	0.1268498174613522	0.251749901057671	0.231289385794415	0.08090775752653437
0.3630448924923181	0.0972315554704408	0.2411815255823497	0.2410994159614065	0.05744261049348462
0.39582142097301526	0.10985588428039122	0.3012600834115021	0.17499521518813443	0.018067396146956682
0.2608997462225325	0.11679985434128891	0.23998289624901437	0.1938281703628689	0.18848933282429514
0.281773178697575	0.10434822089728502	0.07829658773305041	0.27137845448203113	0.26420355819005814
0.35608766658112523	0.10146624590105034	0.14931891635689315	0.19305482321644943	0.20007234794448153
0.26502027846593046	0.1401175875800466	0.2407091290371692	0.25882231579737097	0.09533068911948243
0.3185290598674103	0.13461125969735493	0.16413578524801528	0.27697092508390836	0.10575297010331078
0.4114597978916983	0.10612281086933803	0.19137194365134108	0.18904215375634603	0.10200329383127625
0.33755626923076965	0.11713687397258156	0.0905942692224241	0.24260685210904648	0.2121057354651779
0.31456197394243357	0.13204541709273726	0.06825568141609892	0.1747839458042165	0.3103529817445134
0.3021227859394874	0.12379323160673245	0.2972118361675678	0.2146748293095292	0.062197316976682904
0.3755959872416681	0.10967471723746108	0.27348227067327413	0.18805066143822521	0.053196363409371145
0.3148676375013634	0.10707059178564612	0.14733375677356242	0.1872817499245114	0.24344626401491634
0.3710355061678928	0.12552129262627987	0.10371343043088749	0.19441275922537438	0.2053170115495651
0.40301779957226225	0.13898659278392234	0.11598533251893617	0.23349294572828672	0.10851732939659214
0.3601167836685315	0.09883131768361741	0.043454096823592525	0.2554676925110394	0.2421301093132188
0.336363167291178	0.13284580210371982	0.04451224838437412	0.19795104197912436	0.28832774024160346
0.3188505193347447	0.10428534604735706	0.24500506043831805	0.19583613087645996	0.13602294330311993
0.27464283765092457	0.12177090177181424	0.3027867386384149	0.18105659578525338	0.11974292615359271
0.3744274372325814	0.1217362131543024	0.03713246483691576	0.19330239206765729	0.27340149270854286
0.4006564535824624	0.14099401779712376	0.15932339686556746	0.25817869023110007	0.040847441523745975
0.3694140013417992	0.09439746015807408	0.07272089810976551	0.22479141547679388	0.23867622491356696
0.2648448743268406	0.12630584264918981	0.09089518656193143	0.25557968278243587	0.262374413679602
0.39315543283900006	0.09853019505192935	0.2431071467862746	0.23063521813200696	0.034572007190788706
0.3319286230696984	0.11979667700453162	0.2782003285884722	0.2495663100465135	0.020508061290783974
0.2645781314870752	0.10878511192124138	0.08083394199993907	0.24748661794584276	0.29831619664590137
0.3227935951232997	0.13051839011587424	0.05346769347165942	0.27109707712815895	0.22212324416100745
0.39984953762972053	0.14126112901825053	0.1714925621502485	0.175391698696335	0.1120050725054451
0.38696936875708415	0.13761495326154052	0.051994541364140445	0.24444945429901677	0.1789716823182178
0.3150915031425785	0.12923511760098935	0.08141623569798585	0.1989328424048048	0.2753243011536412
0.3180918075375425	0.13441629274984473	0.26308920212255715	0.22614046039455463	0.05826223719550061
0.2770317464038812	0.14037958911390197	0.143425643917193	0.20922344293833106	0.2299395776266925
0.3726298223491715	0.10055148877876978	0.2788548226719305	0.21239036618387944	0.03557350001624848
0.41850630537424965	0.10179049340687571	0.20496341408287957	0.2559239751675406	0.01881581196845411
0.4024368252948787	0.09199851729911196	0.20249399258601763	0.21624686329425294	0.0868238015257384
0.3002637916596434	0.08998134038645335	0.09441579254677775	0.19626168602293464	0.3190773893841905
0.29033964502868675	0.11016148501536333	0.27471132540366705	0.21429057150393438	0.11049697304834818
0.2913941111947924	0.11471666380006335	0.07612674367963879	0.19950826677210934	0.31825421455339586
0.3222427706977747	0.10329632186845274	0.21652315885228207	0.24598647135988477	0.11195127722160542
0.36298538433390526	0.1345404399676447	0.16742744908510782	0.19337384748496725	0.14167287912837462
0.3957398982455274	0.10783060521832026	0.09092089100990082	0.24912565520647503	0.15638295031977612
0.40295611829190214	0.13754233823446063	0.09695022858843773	0.19043195779902128	0.1721193570861779
0.3076357544570983	0.11740950525488515	0.08991202625656568	0.2770620856919583	0.20798062833949238
0.3126756611961121	0.13233764342889237	0.10767113539353411	0.2426391413765731	0.20467641860488794
0.30288253428516954	0.138121968934809	0.08874146847534886	0.20613708240766684	0.26411694589700546
0.32070407560791936	0.0928653989816017	0.1894156329421359	0.18519062146938076	0.21182427099896198
0.2902054537502654	0.12256748382593108	0.167871378425751	0.17546137366198572	0.24389431033606657
0.2654405511234417	0.11705370904425544	0.08711947480593646	0.18095606077327941	0.3494302042530867
0.3087972117155584	0.11822942628426951	0.05856842903975798	0.20871705857619238	0.3056878743842214
0.35258926067317586	0.08977196243152512	0.27641838736156166	0.18205943606686098	0.09916095346687614
0.3415907814689983	0.08848124400654236	0.2578863756317875	0.2122076303331052	0.09983396855956636
0.3810913486135621	0.13087618915835214	0.06136547215972257	0.18753772896977625	0.23912926109858662
0.3001486154647516	0.13743465303449115	0.12783374133785863	0.24713549199516122	0.1874474981677371
0.318572751534598	0.10023182738552872	0.2621974890518022	0.19948665354709313	0.11951127848097767
0.35751820532383694	0.12150563247140095	0.17944833749231218	0.2031295121780172	0.13839831253443244
0.3197463546975	0.11322808110630755	0.11779543024296818	0.24320267531419348	0.2060274586390305
0.3062500937488768	0.13262077962421723	0.22989661270347297	0.20536723282249275	0.12586528110093995
0.26162851443549817	0.1270518674655836	0.14582202074984063	0.2522944931017216	0.21320310424735578
0.40777819642360835	0.08719079738213162	0.046532768736158414	0.20894028289983202	0.2495579545582693
0.4072604109348305	0.11863520023925167	0.19457127428973364	0.21835290515245553	0.06118020938372831
0.37908942346097774	0.11061335990139441	0.09506677342441318	0.24881936262020443	0.1664110805930099
0.3758066180223778	0.10262117079700268	0.16664752054036497	0.18068782322206378	0.17423686741819044
0.3020329194487851	0.11891828908293577	0.19685260620013315	0.21920592622571766	0.1629902590424281
0.25918800465538516	0.09806318871074438	0.2917840226401805	0.18293548510718832	0.16802929888650134
0.38660626711437907	0.1258946824109006	0.1194575087375093	0.2106919710101077	0.15734957072710296
0.29494392124944024	0.09521637693550071	0.12828624162279423	0.27005165039225254	0.211501809800012
0.39790770080989585	0.10812370447093593	0.17554785338091478	0.24614579324768526	0.07227494809056781
0.3127399422234785	0.10249787058233631	0.29209852365670697	0.24695229401139265	0.04571136952608529
0.38672523950668325	0.13877564354456043	0.08130548165068446	0.24826459695813274	0.14492903833993878
0.34684550443048023	0.12336049485068931	0.2943971421222049	0.21629479887277264	0.019102059723852538
0.314724408067212	0.11933797694812048	0.16709669587365766	0.27480650316277017	0.1240344159482393
0.40316768439598394	0.13363705052442665	0.10373718214587918	0.2193547209203051	0.14010336201340476
0.3716499716867645	0.09340549232862985	0.19111027635543423	0.19025719724908915	0.1535770623800819
0.27312217414509826	0.13531811712252967	0.14222004939153932	0.22434043134364406	0.2249992279971884
0.2932094906686743	0.13242866974031725	0.2949904741443338	0.2222243673733309	0.057146998073343475
0.3424723086869484	0.09879911872465046	0.23895013416720817	0.21086136440046915	0.10891707402072352
0.26833601269004975	0.12417515226279127	0.28839152094708026	0.22856026325831208	0.09053705084176637
0.29731485596841856	0.12359891320948432	0.23400801982403727	0.19362175380776242	0.15145645719029716
0.3094397207079953	0.1410035807314266	0.2564480299954495	0.21458298866147066	0.07852567990365764
0.3072049959086779	0.13154771975466928	0.046995870270184925	0.19022470279193238	0.3240267112745352
0.33270424926832143	0.10188040411905223	0.22264858533574866	0.25441707123405455	0.08834969004282281
0.3057424458159781	0.11090271743635075	0.30002566996787405	0.2556740118397679	0.027655154940028903
0.3259005951025705	0.12922970528680533	0.14444074049666264	0.17906189801452455	0.22136706109943668
0.3540936070692356	0.12999110999828656	0.11759822017270603	0.27359310407546567	0.12472395868430586
0.391205880875173	0.13160029302090523	0.24879537635398563	0.1746416095796474	0.053756840170288395
0.3240439332990277	0.14133507705418058	0.19790477008710855	0.2728063312629476	0.06390988829673525
0.3307644045917927	0.09989262475213848	0.12876189185599368	0.19745754243215247	0.24312353636792242
0.27757513893763885	0.11953416134717812	0.06389969496443845	0.2313637046117137	0.30762730013903056
0.33974052571000796	0.11366026992423844	0.25955080361721317	0.18659787446167014	0.10045052628686993
0.414791466378291	0.0970867237665767	0.108042455914596	0.18144427964662324	0.19863507429391264
0.2866311617524474	0.10124537855959274	0.16631120579714603	0.18039185787874376	0.2654203960120698
0.3471282217578304	0.10509335167176527	0.2614084848287125	0.2375979336883113	0.04877200805338022
0.30616392378075274	0.1422233531263054	0.2835365296009519	0.2246442166926344	0.04343197679935529
0.2597815914845845	0.13972286816236754	0.06529049938153653	0.24871925030726166	0.2864857906642495
0.30663316913626926	0.13481020185573994	0.2456258006822173	0.18310864419425302	0.12982218413152025
0.3161929988851204	0.13509430760657468	0.19771505819766147	0.19843434125780182	0.15256329405284125
0.26647779668284644	0.13686364701035997	0.0844423375409825	0.2608084248473782	0.2514077939184326
0.36126591865308255	0.11072935110009698	0.05347642892376864	0.23064998399279385	0.24387831733025764
0.3659265619590565	0.1398913043198829	0.17771353724036748	0.24749179065813798	0.06897680582255483
0.2978846087928878	0.1209804105472546	0.178957329033752	0.2298303615692847	0.17234729005682065
0.4038910052586614	0.12399713059462623	0.17478100151251896	0.2522463272728988	0.04508453536129425
0.3905761981467508	0.12101705556113995	0.2564011294653412	0.2112365354094915	0.020769081417276236
0.26196206035123054	0.09889571210645627	0.1208974784400224	0.20792453947733872	0.3103202096249518
0.2752616695206157	0.12188572608037684	0.2424850771821057	0.19559412276111876	0.16477340445578273
0.3673194906029955	0.09744289500076236	0.08944108544091647	0.23402956962183322	0.21176695933349213
0.26219914057873517	0.08611141790406573	0.11694423973770446	0.2591536974462336	0.27559150433326074
0.32937711651803714	0.11248979254831608	0.1544148913172259	0.17676010785424037	0.22695809176218018
0.35122251905126783	0.10175682793026342	0.09453863784912248	0.24656475438082828	0.20591726078851766
0.30173632694134456	0.09388541239308665	0.15965912271854873	0.224653526281754	0.22006561166526578
0.3159639311080017	0.11275028753568964	0.17674553172960555	0.17306940886104888	0.2214708407656539
0.35077046422765823	0.08713307361624788	0.15618477838502398	0.18048379109194507	0.22542789267912455
0.2996466502090449	0.14151011982009654	0.10189246539724892	0.17424261595634194	0.28270814861726745
0.29601632819658585	0.08730700951928232	0.27071048409945864	0.18783900828802913	0.15812716989664372
0.40336119417504557	0.11823746272842223	0.14592833562514534	0.2779808163620855	0.054492191109301036
0.39814158068650346	0.13192760264054973	0.18952776229550322	0.24381244041052821	0.03659061396691499
0.31736314666980336	0.12220804727922785	0.2945009457731982	0.24213591752003072	0.023791942757739604
0.29401963907088935	0.09222501107013081	0.2561661442409937	0.19845239953176888	0.15913680608621694
0.3085267690920665	0.08979767670450678	0.2867154982357748	0.24855180925459755	0.06640824671305404
0.3039260862259379	0.1287517472544839	0.29256564772227794	0.19354327157956597	0.08121324721773394
0.27287243617924484	0.09035193559560287	0.12287649817813921	0.2714794867107526	0.24241964333626018
0.3694009350497912	0.1321243934231676	0.18555362114617735	0.216469738007014	0.09645131237384952
0.4025094275822686	0.0881264036808603	0.05912044873253092	0.252133940416639	0.19810977958770087
0.36784300815549936	0.10708626174094538	0.236680442372232	0.22609145815537202	0.0622988295759509
0.35248391184631517	0.09493979828427523	0.0742645782547928	0.27628522591822624	0.2020264856963902
0.3070056447284005	0.0982556143227735	0.10559508450533339	0.2613810890915629	0.22776256735192946
0.395747320185817	0.11632749284215213	0.0656364452540211	0.23599768664207743	0.18629105507593202
0.2977746889070498	0.12896410059021496	0.09064566115753797	0.26641418391491634	0.21620136543028073
0.3760561373872465	0.09102795676882162	0.17865797751694112	0.1810550381670567	0.1732028901599337
0.37953079931372374	0.10102502756208452	0.17462938192288083	0.2581809899889012	0.08663380121240938
0.4043484859282142	0.1388129470608862	0.12219494070026357	0.2625365071055532	0.0721071192050825
0.35786310432036156	0.09490627159939476	0.16845225188288526	0.17784511471255607	0.20093325748480204
0.3788944129279209	0.11163455823076718	0.25929275594157586	0.22514942556072082	0.02502884733901492
0.2654626186258062	0.12948350164574157	0.16987778109851415	0.2139422995972602	0.22123379903267762
0.27000866957707587	0.11583036324749713	0.28586178169591275	0.2091203572823395	0.11917882819717446
0.41479776048069794	0.13038398714802915	0.22947762664720345	0.20459520581895474	0.02074541990511436
0.3420828755288572	0.12614825019615014	0.14230609709650932	0.1748920862957762	0.2145706908827068
0.3391951300444945	0.0987772521749331	0.20763349305750622	0.25942964313362826	0.09496448158943763
0.3099804829813446	0.08985717639726876	0.12689262090416298	0.26174557306082524	0.21152414665639818
0.4025780863402765	0.10250965768820228	0.23518514977175825	0.21005710457809196	0.049670001621670734
0.37165068832573894	0.10010688222135539	0.2507254266605208	0.1968426024525539	0.08067440033983067
0.35518256464378306	0.12387968380861425	0.18694772320829128	0.2475644176097876	0.08642561072952352
0.34705505240346435	0.10320604820037556	0.23761519565640277	0.2362025376024979	0.07592116613725908
0.3543763699033594	0.08940992219951518	0.27101531640764376	0.2722694929278912	0.01292889856159013
0.3779943610701578	0.10245647710597383	0.27270636256354364	0.2336410529543461	0.013201746305978312
0.3485669752330236	0.11836472913442388	0.11356908467773108	0.19195931246265502	0.2275398984921661
0.3826387462670625	0.1337618709434708	0.17315285733001876	0.23866000190691217	0.07178652355253543
0.3383648151303314	0.1375882172949545	0.058669956044599486	0.2742612049512837	0.1911158065788306
0.2772620340823777	0.12374295982886707	0.07378656132865033	0.18305478329275618	0.3421536614673484
0.3903788863314547	0.09616019400045175	0.0891378903489693	0.23287698049208644	0.19144604882703753
0.36971933850120764	0.09258181344959501	0.12190797811239198	0.22767995046444184	0.1881109194723632
0.3290245826829036	0.12712477257278676	0.15115047428305806	0.26281130295736493	0.12988886750388642
0.28512623221734	0.1416350410319892	0.0975382059115057	0.1864393815473161	0.28926113929184866
0.3709820384455482	0.12544965052110796	0.11493532714910877	0.1885010171399485	0.20013196674428624
0.2815005551997082	0.13127733003857503	0.16285545903405832	0.2279363954990826	0.19643026022857563
0.25933846530403654	0.08700500001233842	0.24676823785616853	0.19722331662166961	0.20966498020578664
0.2797285306878301	0.13487031268612346	0.24952596248585177	0.2316497772448764	0.104225416895318
0.326719841538318	0.09757933194152564	0.0993186191892344	0.20157910006305255	0.27480310726786905
0.3096186633903126	0.09409385307868515	0.07135954564785221	0.21498722598734038	0.3099407118958094
0.3153250007771157	0.13033127850516163	0.254717145995324	0.20200409246409268	0.09762248225830567
0.32352810100368856	0.11770139332026971	0.28268976901907805	0.2324619933907187	0.04361874326624468
0.29476670173317787	0.13225141226574666	0.045016614303001024	0.2508946552302397	0.2770706164678346
0.37195420619451136	0.11687106577896189	0.1303634832546297	0.18380669079907727	0.19700455397281946
0.29094025194063755	0.0937977375276153	0.2870436096102053	0.20858461815064955	0.11963378277089202
0.2769804633139743	0.14111692002067353	0.07841836046816747	0.21719673232086412	0.28628752387632034
0.30688065034043877	0.08961420549621149	0.21151349061242783	0.2236093368098685	0.16838231674105314
0.3615136283339466	0.12444311753029663	0.19717287387528468	0.25498715681099987	0.06188322344947189
0.3941039731104949	0.0865466815341457	0.1442515606713472	0.2559129227200687	0.11918486196394315
0.33950709440936233	0.13887635220380606	0.18203356989151664	0.17858003636574685	0.1610029471295678
0.30704555927630495	0.09933416467744717	0.07161338504570092	0.19642717071449053	0.3255797202860562
0.35681554150065525	0.12037647184928704	0.1106332316873374	0.20846525229589333	0.20370950266682666
0.3043063277107497	0.10858325509329385	0.2168200088841893	0.27585131387975415	0.09443909443201264
0.2625671512902295	0.08903612152557656	0.12553622491947009	0.19608711589813466	0.3267733863665889
0.28021947513032797	0.10811641604113857	0.08229669507463562	0.1801373612847292	0.3492300524691684
0.3196073614092339	0.13288654859365673	0.12186441156097831	0.25048200670316045	0.17515967173297028
0.2626253227816341	0.10262844285135171	0.08491766733964966	0.22261556214127018	0.3272130048860941
0.25878043937794976	0.09401635420807507	0.16834430155505387	0.1998771359747639	0.27898176888415716
0.37958810797138426	0.13704005720739287	0.09984964993569781	0.2027198728229409	0.1808023120625838
0.3929830654213625	0.1171260167177997	0.16945655101337695	0.18327855993421974	0.13715580691324072
0.3181718900310631	0.12784672385590123	0.2716539950529893	0.23045712824456943	0.0518702628154766
0.2626860666914349	0.13034465442721302	0.23258001657729563	0.25003870014451424	0.12435056215954195
0.3996016191075625	0.11386630646557423	0.2167549519719501	0.20745068732107413	0.06232643513383873
0.29021583831300096	0.10045373583466463	0.229904037950587	0.2788598247867592	0.10056656311498793
0.3681642256435003	0.11404701117150645	0.19754164787033446	0.2245792183648361	0.09566789694982238
0.3587278221906586	0.10514203568907494	0.2515040786217277	0.24931150066185248	0.03531456283668594
0.26018762231591314	0.12374747073709548	0.19751807087456613	0.21115477074570255	0.20739206532672247
0.3189457238740065	0.13137916047506357	0.18359957295491816	0.1755233604043614	0.19055218229165014
0.32968869013686325	0.12244748979931211	0.06114441073041557	0.21995220338621319	0.2667672059471956
0.37648444691987193	0.11246574221139932	0.07653089270528252	0.2582445129031278	0.17627440526031818
0.3971772906476424	0.09495568595150844	0.1445373044508111	0.2359008298363093	0.1274288891137284
0.28537009350609294	0.12177463630365526	0.10715092830497765	0.19937464825376744	0.2863296936315064
0.37623048789567975	0.1368647607561712	0.2324881724177086	0.2165095835219086	0.037906995408531485
0.2754082208975543	0.09473663827359159	0.19376987891730574	0.24194531944144934	0.19413994247009878
0.37192353860737476	0.11363640324788567	0.27842349914502945	0.20827012997519687	0.02774642902451288
0.385476235556401	0.10123397087767422	0.22620045927305382	0.27042072908781634	0.01666860520505431
0.3014260471787373	0.10744547045674689	0.2642923094852154	0.1809610757992663	0.14587509708003382
0.36327547957560297	0.1351832554339582	0.1674737134281608	0.2502309770760689	0.08383657448620876
0.3797466625040987	0.13262871446327135	0.08799904286152338	0.276615434465927	0.12301014570517922
0.31835466276930763	0.13356569637449836	0.07144008265912422	0.2294454372466398	0.24719412095042972
0.286162045529227	0.13956639477286803	0.27655496599838175	0.22027904266342674	0.07743755103609617
0.3804911811454089	0.10881390042981322	0.10020009535916079	0.21780709822855326	0.1926877248370635
0.3130087786218638	0.12574918478274943	0.15930911980058723	0.22761966135336864	0.17431325544143056
0.3103036561894228	0.10919751885889716	0.25515869470221175	0.26397265123231206	0.061367479017155974
0.4053226869599911	0.10288893190341865	0.1424413043635172	0.2792298659179081	0.07011721085516465
0.40303426838832906	0.09312994124959396	0.16510830712787278	0.2522133385720996	0.08651414466210423
0.32609748465256844	0.12846473055725263	0.07539375538338476	0.2047014550837987	0.26534257432299513
0.36912635266069294	0.09638534701443974	0.13306662820368248	0.2176913806886116	0.18373029143257297
0.26907107446837	0.10685979948841041	0.2811315505162801	0.2325745297458047	0.11036304578113455
0.40817380449202334	0.0944060965923833	0.10615850522178676	0.20560727049119745	0.1856543232026088
0.35914225777556863	0.10160086134856713	0.13355410796705663	0.25819685609843185	0.14750591681037545
0.3846419090686698	0.13328948062673476	0.13370848017858322	0.2794098956536354	0.06895023447237653
0.27767791899418004	0.10534380149831596	0.22943886379166362	0.23498201348897194	0.15255740222686814
0.3859751384915046	0.12112094537855504	0.19599169977637892	0.2355790791271017	0.061333137226459444
0.3511631800433654	0.1292112617614341	0.2672372821162231	0.23469430920828474	0.017693966870692385
0.335644418356717	0.12337335638202188	0.10276890735266896	0.20072088990752965	0.23749242800106224
0.2820180534676655	0.10343840288932973	0.08608288308552092	0.23564897171761184	0.29281168883987174
0.3464307143808115	0.12467317043299578	0.26180303070497596	0.2527308539531439	0.01436223052807259
0.3603456376151491	0.11018192270781982	0.0458589345938884	0.26688981935469486	0.21672368572844755
0.27553664817693446	0.13250231208982743	0.15173150257355203	0.21985306183584755	0.22037647532383825
0.2974270138498677	0.12457131899793761	0.28238150361426095	0.18169399004749878	0.11392617349043466
0.2606167264804139	0.12145711622417892	0.26881998318478634	0.26509912690021853	0.08400704721040203
0.27975110536786557	0.13803500084854853	0.1007457590285177	0.21218793069103986	0.2692802040640281
0.26528101695591877	0.12841416186472182	0.09045382517709587	0.24599624829377423	0.26985474770848905
0.2977087971624103	0.11341182395781545	0.08906106548809231	0.24191892545021945	0.2578993879414622
0.41201065644515783	0.12891490424252577	0.17260399050447406	0.24254342842282334	0.04392702038501864
0.4097616389323875	0.1094731113316775	0.07028351598923724	0.21236255781706243	0.19811917592963502
0.3238456463180149	0.08758184179730265	0.23018537846457537	0.17629022972550734	0.1820969036945995
0.38380352667153383	0.1009560795855932	0.2828728683383315	0.19384966804147274	0.03851785736306834
0.28024363013093934	0.10139146918990564	0.15573893352443668	0.23281326297416644	0.22981270418055164
0.4092644543583145	0.09309800971513862	0.24448358180057828	0.21104282230301075	0.04211113182295756
0.2697260343232306	0.13839477549349327	0.0602291756026799	0.19653027677741564	0.33511973780318033
0.40959351523832976	0.130918428145042	0.16495503088960667	0.17332561201875152	0.12120741370826968
0.27594680158620494	0.09818489063953041	0.2616001011321941	0.26802381653297014	0.09624439010910014
0.381185837116311	0.10941909411206616	0.19379733092607096	0.2748590446957867	0.04073869314976483
0.3046609855877869	0.10390495075885975	0.14009215826138188	0.27332410966383247	0.17801779572813872
0.40869847555177613	0.13681069352285744	0.1347726666564077	0.22504623685408146	0.09467192741487696
0.28140495130054327	0.10212213298793554	0.2573157439624596	0.2775731971729679	0.0815839745760934
0.37828524550850484	0.12106299858080621	0.0749269250444641	0.2752810906099601	0.15044374025626445
0.33906601742143083	0.13042204020968395	0.2691008084451536	0.1934341611865114	0.06797697273721981
0.3670954214662643	0.13346844762650006	0.2545829979492229	0.20485633941794376	0.03999679354006866
0.34606876895920036	0.12508702377928313	0.210788784892914	0.26703010471092176	0.05102531765768048
0.2739628986143652	0.11885089890073314	0.17302492361299557	0.2533281070995406	0.1808331717723653
0.29017598440752435	0.12245940835603898	0.09011401624321823	0.27106202040426264	0.22618857058895553
0.3122913937248045	0.13076294382344542	0.191879875927556	0.21449500363913376	0.15057078288505993
0.39532693269952746	0.12361057477567161	0.20324413710368794	0.20780175496336287	0.07001660045774982
0.2911566542963159	0.12240089107524622	0.09034859277871773	0.2136474051552538	0.2824464566944661
0.271914967716785	0.09759710944554481	0.039135176986264064	0.2506233750557762	0.34072937079562965
0.2692335239464682	0.13573286380801053	0.2017293671116352	0.18382915176771603	0.20947509336616976
0.37003752143306895	0.11336097285712146	0.06675417702839406	0.23827614869831687	0.2115711799830983
0.3253369399433621	0.10006908248706381	0.07289443164870449	0.24435218019201332	0.25734736572885597
0.35284645634134987	0.12520683504564653	0.1791769301201029	0.27811389571420664	0.06465588277869372
0.2634990641466156	0.08741190935412411	0.04228126179671676	0.25198646056042856	0.35482130414211466
0.2913276587533525	0.11639602254666892	0.26502440775254166	0.23834893627761297	0.08890297466982368
0.26916111822620425	0.10084821304932114	0.27158555009704416	0.19332090084368606	0.1650842177837441
0.3321568100254305	0.10926941197162043	0.037919844923074764	0.20022995736672494	0.32042397571314907
0.402680064056555	0.09918408713043214	0.08268943611965204	0.2181953041008407	0.1972511085925197
0.26493912785580553	0.12440752066910009	0.2021578485692584	0.2234509360255008	0.1850445668803349
0.3317035955413919	0.095142929166912	0.23102343874260003	0.17376876559037838	0.16836127095871736
0.36274678742551963	0.1303239057965442	0.06692341031712709	0.2667901409978317	0.17321575546297704
0.2849973273061055	0.11363209891278687	0.0380516124881026	0.2646593496434773	0.2986596116495274
0.29323891118753936	0.10377365392358982	0.15514135064801354	0.1946757986940662	0.2531702855467908
0.3080309972385981	0.12140908132823104	0.1325862997860053	0.27875204583380336	0.15922157581336188
0.3511183453603045	0.14123397754820274	0.08330306728662258	0.24180324682932006	0.18254136297554982
0.38861408856227314	0.11947753337636682	0.20051051693175637	0.27942953982444346	0.011968321305159874
0.38208718446902	0.0866078178225344	0.12949394740314135	0.25052176767554835	0.1512892826297555
0.29974062280954705	0.10534263373330123	0.2760100876838042	0.27824425516685874	0.0406624006064884
0.35166052418647076	0.09421824477313202	0.1807685584039345	0.1773915384234583	0.19596113421300407
0.38778612532964907	0.13839089989165967	0.13099783538137716	0.23239538070822954	0.11042975868908422
0.37867985599141296	0.08922510028402923	0.09528207919986079	0.21321187332398617	0.22360109120071053
0.2949075852327774	0.1232456715779211	0.11982396557292757	0.19923459646953204	0.2627881811468416
0.3905752085401696	0.09777982099357134	0.20042016959201386	0.22656641885698547	0.08465838201725939
0.39468894514384484	0.1127336074062576	0.16822887272863463	0.2115529195075763	0.11279565521368634
0.3650139385714116	0.11413033135829273	0.11518801108904145	0.2603593347806151	0.14530838420063877
0.32466314040735744	0.09409204789590386	0.2683917692044596	0.27905507118584133	0.033797971306437496
0.32156526451514955	0.08894473108174393	0.2715058369862756	0.23063631449352978	0.08734785292330083
0.27812078979826055	0.11258584948631443	0.1862095570658043	0.19437774908985656	0.22870605455976387
0.39559530431200185	0.12089634648161598	0.09648045934098283	0.21946274277289005	0.16756514709250897
0.32990423015548836	0.09503752329723669	0.12002669466522844	0.23205985016287273	0.22297170171917347
0.32192318973565426	0.12668112956306066	0.23541449953364446	0.2022091428550371	0.11377203831260324
0.32838582550196616	0.10503255984929573	0.08239214532854346	0.24006358806323802	0.2441258812569564
0.2960687080695831	0.0919107998492033	0.09960366533202453	0.24537210413144184	0.26704472261774703
