0.25606062143508584	0.33612217929100474	0.4078171992739095
0.26279313110284935	0.3278886327461824	0.40931823615096835
0.26415200479497614	0.33407304608889593	0.4017749491161281
0.25851023759118186	0.33133775399678433	0.4101520084120339
0.2639020380141752	0.3327500975593053	0.40334786442651954
0.2633112024435223	0.33474811639557567	0.40194068116090215
0.2640321533804156	0.333077912422003	0.40288993419758146
0.2643941500737894	0.3230673825222595	0.41253846740395117
0.261408859400958	0.33056749862091034	0.4080236419781318
0.26336223144308346	0.3273501877579507	0.40928758079896593
0.26231878919967017	0.324636334034352	0.41304487676597795
0.2601180168955153	0.330071879249754	0.4098101038547308
0.2609752885612098	0.33666315250229806	0.4023615589364922
0.2616443771365937	0.3281098038387734	0.410245819024633
0.2626937017876885	0.32323421692083415	0.41407208129147743
0.25715969576600334	0.34001896264510806	0.4028213415888887
0.2564103494443586	0.33624408768991404	0.4073455628657275
0.26015934665743295	0.33403077436403034	0.4058098789785368
0.26253184409680064	0.3308211443858248	0.4066470115173747
0.2605544891081037	0.3321471218490485	0.40729838904284793
0.2591687662719455	0.327801192589561	0.4130300411384936
0.2569210824717303	0.33572630250425595	0.4073526150240139
0.25668690661896176	0.3397733589185849	0.40353973446245345
0.26462727724560187	0.3272372516245238	0.40813547112987447
0.2624713175637051	0.33089798290509453	0.40663069953120046
0.2565276944293187	0.3382305948512001	0.40524171071948123
0.25832326700333713	0.33296128979778455	0.4087154431988784
0.26380444728743724	0.3225647512790397	0.41363080143352315
0.2649117776554102	0.32995527168564565	0.40513295065894434
0.2589403853182653	0.3398263999511909	0.4012332147305439
0.26458638463422735	0.3355352506607033	0.3998783647050695
0.2611869426737649	0.32680748413170835	0.41200557319452685
0.2581904053756109	0.33089295764646265	0.4109166369779265
0.2606723162379415	0.32520805615846105	0.41411962760359755
0.2602518564506714	0.3268746751251588	0.41287346842416994
0.2568445004297703	0.32979541859522343	0.41336008097500637
0.26082097941301885	0.3328218750085162	0.40635714557846514
0.2601219036254315	0.3290171612535927	0.4108609351209758
0.2653649504567614	0.3260542447529642	0.4085808047902745
0.2634456806361166	0.3254904216125663	0.4110638977513172
0.25986770967871	0.3290282310543372	0.4111040592669529
0.25973392429400355	0.3356321376961556	0.40463393800984104
0.2579755615872077	0.3289225287243564	0.4131019096884361
0.261124577338949	0.32606648788838144	0.41280893477266967
0.2602706740531264	0.3373838878353725	0.40234543811150125
0.260479577657854	0.3291047140937244	0.4104157082484218
0.2631665348181973	0.3290716372835742	0.4077618278982286
0.25624561468824325	0.3287645116486589	0.414989873663098
0.2558603177025014	0.32925989391527216	0.41487978838222656
0.2609884124170724	0.33575281914879335	0.40325876843413444
0.2648016093516034	0.32868585096199443	0.4065125396864023
0.25931570698950945	0.33334131901653047	0.40734297399396013
0.2605625154159986	0.3386195589272918	0.4008179256567097
0.2639448770340397	0.3300223206505833	0.4060328023153772
0.2583930946789743	0.3322435192653737	0.40936338605565203
0.2603157696552901	0.32499107650115444	0.4146931538435556
0.26137855397744525	0.33238971165659853	0.40623173436595633
0.2572554447459383	0.33886097779082885	0.40388357746323295
0.264349092088467	0.3258417570479402	0.40980915086359293
0.2564061269904276	0.33156126356676746	0.41203260944280506
0.2577456469721738	0.33948565512195056	0.40276869790587577
0.25987618664209566	0.33768996811461177	0.40243384524329273
0.2632374254977641	0.3314187708294427	0.4053438036727933
0.25949621042852694	0.32985475293369987	0.4106490366377733
0.2615478256334037	0.3353875210340789	0.40306465333251756
0.2598731163977394	0.33598797973053307	0.4041389038717277
0.2597275956627674	0.3364290056947905	0.40384339864244223
0.26093320230904804	0.32886834288924716	0.4101984548017049
0.25949395783052126	0.3281556798838823	0.4123503622855965
0.2584536026879081	0.3347225013049345	0.40682389600715746
0.2654340971121102	0.32827770501171216	0.40628819787617776
0.2616923698885784	0.32520255394197917	0.41310507616944253
0.2576791050957224	0.33355866894568886	0.4087622259585889
0.26034849136299926	0.3336195728575633	0.4060319357794376
0.2603367975139309	0.33565894354319004	0.40400425894287917
0.2555189833141844	0.3364167407663748	0.40806427591944094
0.26064660469508316	0.33306849999357757	0.4062848953113394
0.25574858426238556	0.33950864735630726	0.4047427683813073
0.26366650155297106	0.3274647539618568	0.40886874448517224
0.2617619205680875	0.3369055797648917	0.4013324996670209
0.2649572685178959	0.33311168890677273	0.4019310425753315
0.2644613194888925	0.33135400034782436	0.40418468016328324
0.25950893476258236	0.32693571555015016	0.41355534968726765
0.2619080728511039	0.32717338608062246	0.41091854106827375
0.26035298142501195	0.3351097623458028	0.40453725622918535
0.26246736591952735	0.32867361971870485	0.4088590143617679
0.2622038237491888	0.33740700840010257	0.4003891678507087
0.2605848162042274	0.32964506811643507	0.40977011567933763
0.2596300726689136	0.3268486248469132	0.4135213024841734
0.26456845965786224	0.3260523455449754	0.40937919479716245
0.2573323104259377	0.33137710101463486	0.4112905885594276
0.26313001053930174	0.3367289498262975	0.4001410396344009
0.2589472695946047	0.3391882716305819	0.4018644587748136
0.2587979628890049	0.3370494681168333	0.4041525689941619
0.2603813850554869	0.3347669337808205	0.4048516811636927
0.258223521934924	0.3296020282731826	0.4121744497918936
0.26337830140876783	0.3261210910160428	0.41050060757518947
0.26067692574285173	0.330110381820685	0.40921269243646335
0.2565376277101197	0.3358182808794417	0.4076440914104388
0.265067278425461	0.3265942910148568	0.4083384305596822
0.2641646560620671	0.32245105760486975	0.41338428633306323
0.2624174229315789	0.3260668633465098	0.4115157137219114
0.2573439444491986	0.33199224503116886	0.4106638105196327
0.2580146340525006	0.3291162144636167	0.4128691514838828
0.2643713675758513	0.333345210335514	0.4022834220886348
0.2582214486207005	0.3298688587775817	0.41190969260171784
0.2594134533232675	0.33838596250050096	0.4022005841762316
0.2652430765353113	0.3236865772443944	0.4110703462202944
0.2600639413026108	0.3385250173615926	0.40141104133579675
0.2599486879855101	0.33591345131801065	0.4041378606964794
0.26266063452931515	0.3243837348665992	0.41295563060408574
0.25705988228204646	0.3365625246417964	0.40637759307615723
0.25770083462803156	0.33025459560546244	0.4120445697665061
0.26217995098143365	0.3255108015642632	0.4123092474543032
0.25968334895740575	0.32735057200784096	0.4129660790347534
0.26403221521866455	0.3291067435567423	0.40686104122459327
0.2622552562140113	0.33529357471528837	0.40245116907070044
0.25957939381393375	0.33644213339044843	0.40397847279561794
0.2644586894312641	0.32731878357163013	0.4082225269971059
0.25898882048000893	0.32807869958219255	0.41293247993779864
0.25755167177722965	0.3345647689662005	0.40788355925657
0.2603580416890021	0.3257104725392047	0.4139314857717933
0.2629863785254679	0.33488831464362867	0.40212530683090353
0.2630929166512276	0.33293270272605135	0.4039743806227211
0.25671327133607313	0.328700156222893	0.414586572441034
0.2603833987709105	0.33452062571197444	0.4050959755171152
0.26017886633448845	0.3279209382119578	0.4119001954535539
0.2583365476006679	0.3376888572689148	0.40397459513041745
0.2579204598430169	0.32823634786759587	0.4138431922893874
0.25668478789726845	0.3357157146493093	0.4075994974534224
0.2636591805750798	0.3300695540043866	0.4062712654205337
0.25818065537344403	0.3317750078548595	0.41004433677169655
0.2603977267517009	0.33237069322561674	0.4072315800226825
0.26226829384868283	0.3307503477747447	0.40698135837657257
0.26081072173759257	0.3357833210813002	0.4034059571811074
0.2645257064891897	0.33311145044158563	0.40236284306922476
0.2599255532967178	0.3370172536522235	0.4030571930510588
0.2598557759416372	0.3402389033226223	0.3999053207357406
0.2633876184487061	0.32991648862289485	0.40669589292839914
0.2621672921789145	0.323877960461547	0.41395474735953863
0.2649254132151404	0.32418578157367833	0.4108888052111813
0.26539764213332045	0.33252085415999594	0.4020815037066837
0.2564890937992126	0.3386376441348213	0.40487326206596624
0.2607980219389304	0.33025107755665306	0.4089509005044167
0.2648120524941432	0.3323547547043309	0.4028331928015261
0.26130533923206484	0.33284483256564473	0.40584982820229054
0.25580851279118255	0.33988481038037205	0.4043066768284455
0.2560307833324944	0.3348688713510042	0.4091003453165015
0.26404323012191755	0.33136577865307654	0.4045909912250061
0.25898713581489474	0.32662084190591395	0.4143920222791914
0.25744148121902105	0.3358351851535535	0.4067233336274256
0.26314781491877104	0.3279552358842148	0.40889694919701425
0.2575101290016047	0.3323234541139273	0.4101664168844681
0.2559070721984711	0.336097743338213	0.407995184463316
0.2620149953898122	0.3327373988293789	0.40524760578080904
0.25809090793522504	0.3321787709059526	0.40973032115882246
0.2588596542101515	0.32997176494303154	0.41116858084681707
0.26079544575729474	0.3335303591256588	0.40567419511704655
0.25676601818988404	0.33785567636641695	0.4053783054436991
0.2595876655475194	0.3300225229099422	0.4103898115425385
0.26506142245063674	0.3257620048079049	0.40917657274145847
0.2632551030008621	0.33045894139028353	0.40628595560885455
0.25992415004876857	0.3358667702562857	0.4042090796949459
0.2599024965823629	0.3374698360072949	0.4026276674103423
0.2644640394776921	0.3283935182838539	0.4071424422384541
0.2649129442721445	0.3288922583255696	0.406194797402286
0.26528413701447784	0.3311081042244863	0.40360775876103594
0.26010286474206556	0.3340999724888286	0.4057971627691059
0.26163183735715195	0.3303606834177252	0.40800747922512304
0.2582778988244405	0.3360644691714633	0.40565763200409627
0.25972621492192133	0.33365305283403107	0.4066207322440477
0.2604556276352307	0.336134837878879	0.40340953448589045
0.25955438663575997	0.3318263722501105	0.4086192411141296
0.26201210363924704	0.33463427065281975	0.4033536257079333
0.2595091689554666	0.33894711406471945	0.40154371697981406
0.26447823634703715	0.3242164722267606	0.41130529142620237
0.25783475865342564	0.33429329103648703	0.40787195031008744
0.26166350089873514	0.3232761132730721	0.4150603858281929
0.2572524094826041	0.3392594592079286	0.40348813130946737
0.26513971905594624	0.333669035830785	0.40119124511326887
0.2593330328136016	0.3338333738889966	0.40683359329740193
0.26068731501136466	0.32810354438583167	0.4112091406028038
0.26471220965802683	0.32873377226838657	0.4065540180735867
0.2594596318488625	0.3383662537242118	0.40217411442692585
0.26406521738107663	0.330088319935068	0.4058464626838555
0.25756629265179326	0.33021787036633815	0.41221583698186876
0.2619222641876407	0.3281480732137788	0.40992966259858066
0.26137116781501457	0.3262509024040612	0.41237792978092436
0.25923152013773554	0.32928916571623873	0.4114793141460258
0.25641704960710276	0.33319791546835176	0.41038503492454564
0.26355921237676183	0.3360842303975959	0.4003565572256424
0.2623273514886001	0.326936379059909	0.410736269451491
0.26403394903394406	0.3242525326172744	0.41171351834878167
0.2638146313176396	0.3256293479744826	0.4105560207078779
0.26092973840412004	0.3247568683783831	0.414313393217497
0.255613018663021	0.33606501710222725	0.4083219642347519
0.26262367175701085	0.3372923766012899	0.4000839516416993
0.2602820535941789	0.3268355369124049	0.4128824094934163
0.25744618931062985	0.331642182157523	0.41091162853184726
0.2584038522740482	0.33679711144802144	0.40479903627793046
0.2646289003330861	0.3278511022023586	0.4075199974645554
0.26480456740809327	0.32350793477173756	0.4116874978201693
0.26417884607771713	0.3306556338806633	0.40516552004161965
0.26512229446333707	0.32677379976226634	0.40810390577439665
0.2602639002643083	0.3334981998558327	0.40623789987985914
0.25840355452170355	0.3357581231141151	0.40583832236418144
0.26251383795348	0.3308537482506218	0.4066324137958983
0.2584529518856468	0.33748354549083504	0.40406350262351826
0.263911813430556	0.3247511150834406	0.4113370714860035
0.2640015932506454	0.32764985750690345	0.40834854924245123
0.2582274975083757	0.3323552028992748	0.4094172995923496
0.25993881188195106	0.3269512906502636	0.41310989746778537
0.25879005404258837	0.33243289837835965	0.40877704757905214
0.26543604645160657	0.3274452833167587	0.40711867023163484
0.26131380003471405	0.32749886705511483	0.41118733291017123
0.2564340907623628	0.3350084749260929	0.40855743431154434
0.26192692549724206	0.3272911551190592	0.41078191938369885
0.257660938706341	0.3400983250515536	0.4022407362421055
0.25593453555941054	0.3366539703963196	0.4074114940442699
0.25701355034178286	0.34041043701941265	0.4025760126388046
0.26199441042922605	0.3349208169875424	0.40308477258323167
0.2628827901593652	0.3347248445013543	0.4023923653392806
0.2603696171653275	0.32801328243177774	0.41161710040289484
0.26391593117406426	0.32584160583249866	0.4102424629934372
0.263358374998546	0.32603305107354763	0.4106085739279065
0.26082300871887765	0.3246392320872848	0.4145377591938377
0.2574154935578945	0.3376224150367637	0.4049620914053419
0.26544151417382883	0.3333275349528215	0.4012309508733498
0.26017968897996696	0.32457857402322776	0.4152417369968054
0.2634177757069646	0.32250716097739907	0.4140750633156365
0.25794222706083075	0.3316518447881712	0.41040592815099813
0.2563528045531366	0.3331411946680461	0.4105060007788174
0.25843216335847824	0.33713170852439245	0.4044361281171294
0.2577307999387603	0.3330072017990225	0.4092619982622173
0.2580473351775119	0.32899007942822434	0.4129625853942639
0.25975215032303645	0.3310347093702752	0.40921314030668854
0.2614987250972248	0.32671662611646246	0.4117846487863128
0.2618246995287738	0.32510359443380366	0.4130717060374227
0.25780734636795277	0.33831866888024664	0.40387398475180075
0.25895652141341446	0.3313499575956245	0.4096935209909611
0.25561219386224665	0.33235192030402494	0.4120358858337285
0.2572638938760605	0.33251816411139	0.4102179420125496
0.259185997466438	0.33122802422897085	0.40958597830459126
0.2631685973707863	0.3324135578307084	0.4044178447985054
0.25548687156021865	0.3374298740361544	0.4070832544036271
0.2585387413667964	0.3405821387059899	0.4008791199272138
0.25632269968249904	0.3311459999770813	0.4125313003404198
0.25990940327985396	0.33462295951557003	0.4054676372045761
0.2582987703185796	0.3373992436179338	0.4043019860634867
0.2588397630976349	0.3350599841614546	0.4061002527409106
0.2564800653195841	0.32877996356827655	0.41473997111213945
0.25757448184641285	0.33415504802363755	0.4082704701299497
0.2591855126854054	0.32833326865683593	0.41248121865775883
0.2636546978991963	0.3255051028793514	0.4108401992214524
0.257418844401323	0.3283504460883243	0.4142307095103528
0.25845743381924424	0.33952753951393744	0.40201502666681843
0.2597579421806079	0.3271160926672969	0.4131259651520953
0.25813405721670557	0.33185402840023304	0.41001191438306156
0.2618577284933151	0.3348270953318811	0.4033151761748039
0.2592597395877002	0.32850140599239763	0.41223885441990227
0.2571577882996913	0.3286485835434019	0.4141936281569069
0.2615852865613676	0.3352966970927726	0.4031180163458599
0.2642941634491751	0.3244798627155131	0.4112259738353119
0.2642740537902609	0.326195425722542	0.4095305204871972
0.25576194107755096	0.34093167166454985	0.40330638725789925
0.2625943411785253	0.3268207446417188	0.41058491417975596
0.26362892449525077	0.33626480391981595	0.4001062715849334
0.25754568818658324	0.33019083812921335	0.4122634736842035
0.25719539466842334	0.3318572564477641	0.41094734888381274
0.25930482320069925	0.3403319894177423	0.40036318738155857
0.26265819944666946	0.3346446880274577	0.402697112525873
0.2594792171800785	0.33697737092864616	0.4035434118912755
0.2593600827196502	0.3406679420884337	0.39997197519191624
0.26069101365916636	0.33894060817943295	0.4003683781614008
0.255840115059745	0.3304473916148135	0.4137124933254416
0.2614851329793353	0.3352879120996644	0.4032269549210004
0.2632699384753704	0.32278909188876753	0.4139409696358622
0.2604498988943636	0.3362006083298723	0.4033494927757642
0.26344798678758247	0.3260103428171843	0.41054167039523337
0.261809670221781	0.3277966496300265	0.4103936801481926
0.26517702794239095	0.3301455996365185	0.40467737242109064
0.2598060476534063	0.33331736240059556	0.40687658994599823
0.2621436230399653	0.3358852073163756	0.4019711696436592
0.2606960354849366	0.3291473818282874	0.4101565826867761
0.2588177007029466	0.3362352402347707	0.4049470590622829
0.2581584546813846	0.3275850472497618	0.41425649806885373
0.2625488764235769	0.335659395512233	0.40179172806419017
0.2612077766490467	0.33522514345602505	0.40356707989492835
0.2652885214742884	0.32642969189028687	0.4082817866354248
0.25920199442667813	0.3354446723527217	0.4053533332206003
0.25839116413083824	0.3342044428911764	0.4074043929779855
0.26315439214410014	0.32330309603320856	0.41354251182269136
0.2642657005860659	0.32377143043199236	0.4119628689819419
0.26203775764058657	0.3275029830163375	0.41045925934307603
0.2654069725266469	0.33109454415996975	0.4034984833133835
0.2624812537334981	0.32700233525810846	0.41051641100839353
0.2592077135417252	0.3339444446029528	0.4068478418553221
0.257000554967943	0.33040601870011016	0.41259342633194696
0.25553487415919546	0.3311458137961884	0.41331931204461625
0.259797979676141	0.33119818397547485	0.4090038363483843
0.2619179812932917	0.33095605343900847	0.40712596526769995
0.2555835040455836	0.33572201273173696	0.40869448322267954
0.25929354818222533	0.33015318136614885	0.41055327045162593
0.2585974673476201	0.328985206127108	0.41241732652527197
0.2561976824089944	0.3329575323736212	0.41084478521738454
0.26420591079060707	0.3237789551002617	0.4120151341091313
0.25764590456422004	0.32946602809316206	0.41288806734261807
0.2632570790475729	0.3233184013607449	0.41342451959168236
0.2597010066636937	0.3291580328927261	0.4111409604435803
0.25902918758696947	0.3392854739563538	0.4016853384566769
0.26489110234549845	0.3345444545474355	0.4005644431070662
0.2604356109113618	0.33034318117943523	0.4092212079092031
0.2591539065449666	0.32963359615388077	0.41121249730115267
0.2575744712492874	0.33358035879355	0.4088451699571627
0.259998593927197	0.3307729854293841	0.409228420643419
0.2590736547793353	0.33261102480831023	0.4083153204123546
0.2620592024693871	0.3278245692670016	0.4101162282636114
0.2582384255839736	0.32676146327181543	0.4150001111442111
0.2600851052344372	0.3331445082935153	0.40677038647204766
0.26094109375269436	0.3351076732994348	0.40395123294787094
0.2654325465454208	0.3281905880950823	0.406376865359497
0.26109711891046183	0.33757986728576944	0.4013230138037689
0.2590055688283653	0.3390603774664671	0.4019340537051677
0.2625250838034197	0.3287891590572127	0.4086857571393677
0.2619168974783853	0.33469335664311123	0.40338974587850357
0.2615210918362514	0.3240329895848089	0.4144459185789398
0.26524531768398946	0.3322740186569159	0.40248066365909474
0.2568960284511448	0.33759759566721337	0.40550637588164196
0.2591107707126902	0.3345133930581618	0.4063758362291482
0.25625582158958	0.33353291420400405	0.41021126420641607
0.2632905152392543	0.3321083958911818	0.40460108886956403
0.25985632765073735	0.33805174391149234	0.4020919284377704
0.25860457020990024	0.3363960271162733	0.40499940267382656
0.2607729628390144	0.33740459229898806	0.40182244486199764
0.26317974771419705	0.33609010771852726	0.40073014456727585
0.26383577258238916	0.327317991610087	0.40884623580752394
0.25976871742775703	0.3251495750013554	0.4150817075708877
0.258613152537968	0.33703670706684247	0.4043501403951896
0.2586645460169079	0.3366174541569405	0.40471799982615175
0.2637467425817762	0.3308952854562095	0.4053579719620144
0.26534930994000516	0.33097784010713016	0.4036728499528648
0.26228010550053527	0.3297241803502216	0.4079957141492432
0.25784538440944305	0.33651985835574777	0.4056347572348093
0.25680370819476345	0.3329970747157959	0.41019921708944074
0.26385916341621374	0.3317937383549638	0.4043470982288226
0.26031014199752767	0.33072039759928096	0.4089694604031915
0.2613232458849547	0.33273255348188036	0.40594420063316505
0.26388061982746924	0.332833783188688	0.40328559698384286
0.2592643551622719	0.33922583333713324	0.40150981150059495
0.2559929565556004	0.33366832599492197	0.41033871744947775
0.2598278597504076	0.3264988364949049	0.4136733037546876
0.2590404153409849	0.3294739746618077	0.4114856099972075
0.25783776635702593	0.33363598982293596	0.40852624382003827
0.2573493664856373	0.3384689956977932	0.40418163781656957
0.26058187879847783	0.336085375353309	0.40333274584821327
0.2630760313685012	0.3264222493984152	0.41050171923308376
0.26394787674773557	0.32510905374073124	0.4109430695115333
0.25816669640048673	0.33184750388103684	0.40998579971847654
0.26451530065133	0.3276813862613315	0.4078033130873387
0.26273612362489773	0.32732104779014604	0.4099428285849564
0.2649948970108461	0.334934034643102	0.400071068346052
0.2634302190605873	0.3267329028103526	0.4098368781290602
0.2564806080831275	0.32930532440426374	0.41421406751260886
0.26489528318069816	0.3311838592202792	0.40392085759902274
0.26305767350040243	0.32264709442647604	0.4142952320731217
0.25648834866581294	0.3303756741743627	0.4131359771598245
0.26427232414763535	0.33098239073973246	0.40474528511263236
0.2598206980572791	0.3288221303981267	0.41135717154459434
0.261939740860277	0.32325312210887175	0.41480713703085137
0.2638910060920806	0.3335401262339719	0.4025688676739476
0.25795449205412946	0.3284833188399817	0.41356218910588893
0.25935664101071376	0.3357057158084372	0.4049376431808491
0.26474993981988454	0.3247684445692666	0.410481615610849
0.26056950173092985	0.3368925220744006	0.40253797619466963
0.25716923145263243	0.3399446833536917	0.40288608519367597
0.25969374189835037	0.3399154379552621	0.40039082014638766
0.26370739882364286	0.33578391508200767	0.40050868609434953
0.25918953199758943	0.3326027006024029	0.40820776740000775
0.2627321798423822	0.32389974997771276	0.4133680701799051
0.2643311328638383	0.33353735335781715	0.40213151377834466
0.25781295230392454	0.34106794584281547	0.40111910185326016
0.26261928648474675	0.3327817907449653	0.40459892277028814
0.2585933442166821	0.328267265439677	0.41313939034364106
0.25676487983283486	0.3312041838086939	0.4120309363584713
0.26459532216377013	0.33418265263391117	0.40122202520231875
0.2611865179556967	0.3318815211587585	0.40693196088554495
0.25920569161837576	0.3271567030113548	0.41363760537026956
0.2611299319809983	0.3365253206481959	0.40234474737080583
0.2625994837053088	0.3262414269378615	0.4111590893568299
0.2629204024269882	0.32707310883715834	0.41000648873585355
0.2585607841452995	0.33135809113847053	0.41008112471623015
0.25644243632825264	0.3400647859408204	0.40349277773092707
0.26327476381211745	0.33402780398173093	0.40269743220615173
0.25957087967333325	0.3337346922848663	0.4066944280418005
0.26133808347049536	0.32614559000920207	0.4125163265203027
0.26047778380548126	0.32690076836330845	0.41262144783121046
0.2638358898600162	0.33577541264935623	0.40038869749062767
0.2587458361826621	0.3386811584506449	0.4025730053666931
0.26360248903312655	0.3233578028988284	0.4130397080680452
0.2601389088945692	0.32761777611095505	0.41224331499447586
0.2604301354310782	0.32490468195543915	0.41466518261348273
0.25945556978458895	0.32750192843643944	0.4130425017789717
0.2627449520969321	0.33282610738529955	0.40442894051776845
0.2622136053488663	0.32489892346869087	0.41288747118244296
0.26427298921196696	0.33516614222238167	0.40056086856565143
0.25601817486951467	0.32904525059501377	0.4149365745354717
0.2643098222252083	0.3259874033793267	0.4097027743954651
0.26298691046905415	0.331931742106493	0.4050813474244529
0.2571356045863661	0.33964106713533004	0.403223328278304
0.2642296517028919	0.3273422339379357	0.4084281143591725
0.2570383128508623	0.33925458253977464	0.40370710460936315
0.2596132864885743	0.33246832576329227	0.4079183877481335
0.2578366345617301	0.33876893946948394	0.40339442596878605
0.2623755380376504	0.3302287109253457	0.407395751037004
0.26403439038666365	0.3255420922635248	0.41042351734981164
0.25657952843179693	0.3404526127972237	0.40296785877097946
0.2600152457228535	0.3306996613204312	0.40928509295671545
0.25927004910290075	0.3273848257196908	0.4133451251774085
0.2580695801214051	0.3317917285832578	0.4101386912953373
0.262390588135813	0.3334338725125315	0.40417553935165557
0.26134005912518754	0.3276668550195041	0.41099308585530847
0.26456264549712066	0.3349160072484244	0.40052134725445504
0.2596073736714823	0.32519512742217893	0.41519749890633895
0.2651184928537355	0.3287926898005883	0.40608881734567637
0.2648658259194101	0.3300286184836773	0.4051055555969127
0.2579518786249606	0.334299443680993	0.40774867769404655
0.2639968913175917	0.3275033125233231	0.4084997961590853
0.2616836405481699	0.3244058309025862	0.41391052854924404
0.25798978768162373	0.32684593480991436	0.415164277508462
0.2583150574826859	0.34053642076338914	0.40114852175392507
0.2590326808962176	0.3288569442266406	0.4121103748771419
0.2654723875314401	0.33215472422603565	0.4023728882425244
0.2631087424596025	0.3329695575345969	0.40392170000580074
0.2593687600251391	0.3377816294213043	0.4028496105535567
0.2554659753975275	0.33808308550777927	0.4064509390946933
0.2636921957485091	0.3229944572039408	0.4133133470475502
0.26363453561150707	0.33210075385826626	0.4042647105302268
0.26200273271391283	0.33336049292110537	0.40463677436498197
0.2583652364154567	0.3335830262144898	0.4080517373700536
0.2602141916803234	0.3259382990952377	0.413847509224439
0.26458998764790564	0.33361415372771686	0.40179585862437767
0.26120530557290267	0.3254347349117868	0.4133599595153106
0.26259413414926047	0.32514362310794864	0.412262242742791
0.259254433884278	0.3323982325256766	0.40834733359004555
0.25975152771778987	0.33643346165908156	0.4038150106231287
0.25756559378922766	0.32792209029679376	0.41451231591397864
0.26052860918325665	0.32817524310807905	0.4112961477086644
0.26223766739815535	0.3298399958490636	0.40792233675278117
0.25667085433480646	0.3384058195429858	0.4049233261222078
0.257310692385432	0.33055855540340934	0.41213075221115875
0.263577847029252	0.3280508760292105	0.4083712769415376
0.2634816852319569	0.32718618333861516	0.40933213142942804
0.26522930685281343	0.33380418353191843	0.40096650961526825
0.26449650338626957	0.3231452227677091	0.4123582738460215
0.2595462969210506	0.3317832633142692	0.4086704397646803
0.2584840325267172	0.3299522757176951	0.4115636917555878
0.2643530709679698	0.3312859151746291	0.4043610138574013
0.2630409472748798	0.332537261263561	0.4044217914615594
0.259302046604383	0.32716535119090007	0.41353260220471705
0.25667990700765964	0.3353593875257649	0.40796070546657565
0.26376135746472357	0.32712054400848944	0.40911809852678716
0.2573135120123663	0.33023766680182115	0.41244882118581266
0.2651589924727642	0.33186879957875876	0.40297220794847716
0.2626975133284727	0.33304249501011307	0.4042599916614144
0.25656132358831596	0.32984735408159593	0.4135913223300882
0.2556316363396467	0.3388468436273591	0.4055215200329943
0.25748628455338685	0.3336421396416992	0.40887157580491407
0.25894478204186305	0.3268127057315542	0.41424251222658287
0.2622712142985545	0.3345815562855858	0.40314722941585984
0.26436274251101893	0.32801145284152	0.4076258046474612
0.2566755090149979	0.3397288516247354	0.4035956393602669
0.25926025912524653	0.33375919167607243	0.4069805491986812
0.2590594729439055	0.32751452845455253	0.413425998601542
0.2644110330311453	0.32678885541586655	0.40880011155298823
0.2556840350812607	0.3411282516256002	0.4031877132931392
0.25825056738588625	0.3343181015957817	0.4074313310183322
0.2619157736926405	0.33671772964954966	0.40136649665780993
0.26191697319579255	0.33436608266389634	0.40371694414031123
0.26188793559065787	0.334963655120072	0.40314840928927026
0.2586585583824653	0.3405359392056104	0.40080550241192436
0.26194379107529114	0.32916951651144544	0.4088866924132635
0.2602360238352731	0.32917779781841466	0.41058617834631234
0.262985983302895	0.32273906775143135	0.4142749489456738
0.2574188711397126	0.33962105262904874	0.40296007623123875
0.2601806109956652	0.3354290831402024	0.4043903058641325
0.25618426323996046	0.33941927120631354	0.4043964655537261
0.26091385103804793	0.3352776832714863	0.40380846569046586
0.2625682831761874	0.32269701208053686	0.41473470474327584
0.25884112138503856	0.33324399309256975	0.40791488552239186
0.25651642478569536	0.33224081435974995	0.4112427608545548
0.2556748851947479	0.33986918217999806	0.40445593262525414
0.2629630366956692	0.329337165458604	0.40769979784572696
0.2652022991137005	0.3338513237372683	0.4009463771490313
0.26159330427561356	0.33703070527235035	0.4013759904520362
0.2568774357369258	0.33537812551823565	0.4077444387448387
0.2641639895426378	0.32574693767734825	0.41008907278001405
0.26547022369521134	0.33411252349407616	0.4004172528107126
0.2588830989016224	0.33333103968439187	0.4077858614139858
0.25820121317023625	0.33659252206726065	0.40520626476250327
0.2639345947687439	0.3224963890329692	0.413569016198287
0.25921816522137736	0.32813006111074183	0.41265177366788097
0.26456207441437646	0.327382603420561	0.40805532216506263
0.2626183338164372	0.322838662120562	0.41454300406300093
0.26189002393509825	0.33238603614055606	0.4057239399243458
0.2586447060935221	0.3328570034128808	0.4084982904935972
0.265457483048161	0.331719051034376	0.4028234659174631
0.2608424613615414	0.33054583046578684	0.40861170817267195
0.2596619751552016	0.3398932646254689	0.40044476021932957
0.255892350060975	0.33605731278857964	0.4080503371504455
0.26492606451630113	0.3350802574331911	0.3999936780505079
0.26090419663389036	0.3254210420114354	0.41367476135467435
0.25724260394826626	0.3369214774112673	0.40583591864046653
0.26033155098413957	0.3312093965864935	0.4084590524293671
0.261391240740327	0.33789292232971363	0.4007158369299595
0.26301493769017237	0.3249896891002407	0.41199537320958707
0.2626754497730655	0.32674665549867954	0.41057789472825507
0.25731282132206956	0.3290721982080947	0.41361498046983586
0.26457511258993166	0.3287588158170036	0.40666607159306484
0.2584587083772964	0.3363268910105573	0.4052144006121464
0.2644831185525036	0.32548639885509795	0.41003048259239855
0.25602353418419477	0.3334562958663019	0.41052016994950347
0.2567098718240608	0.3371311652633059	0.4061589629126334
0.26289346308212547	0.3328351234496809	0.4042714134681938
0.25567640819233967	0.33494008323588176	0.4093835085717787
0.2575855184682071	0.32995772270043766	0.41245675883135535
0.264973929252607	0.3299630148772732	0.4050630558701199
0.2622974221998383	0.32620209318488413	0.41150048461527766
0.2579831889016202	0.33620577756694814	0.4058110335314318
0.263660035562458	0.3326330087809974	0.4037069556565447
0.25948905106072473	0.3339032619117532	0.40660768702752226
0.25679203407552487	0.34079475327405956	0.40241321265041563
0.25695328119741456	0.3317031983828746	0.4113435204197109
0.26168315210768117	0.3340009772528701	0.4043158706394489
0.256021637172799	0.33985356770498526	0.4041247951222159
0.26361352183463815	0.324885556886579	0.41150092127878296
0.264906884311968	0.32357916211991145	0.4115139535681206
0.259019136875835	0.3329994761013242	0.4079813870228409
0.2573823075164344	0.3379404237514176	0.4046772687321481
0.25893177091736896	0.33452728485485483	0.4065409442277763
0.2594164067323623	0.3366533627698016	0.40393023049783616
0.2645105020641528	0.33427467236573577	0.40121482557011157
0.25751082319980895	0.3312703912200997	0.4112187855800915
0.2626773476023843	0.32396232112610523	0.41336033127151056
0.26268975305051157	0.33512324403315563	0.4021870029163329
0.26426221133389566	0.32432671634131993	0.4114110723247845
0.2558518059740704	0.33043024602688426	0.41371794799904543
0.25979232531015095	0.32506123153834543	0.41514644315150373
0.2572145121910232	0.3274320747870317	0.41535341302194523
0.25832289300164685	0.33049162243022057	0.4111854845681327
0.2635870274997949	0.3351891765525941	0.4012237959476111
0.26255868787231296	0.3318184313826946	0.40562288074499253
0.25684032210247276	0.33357103724595827	0.4095886406515691
0.26270521216652626	0.32765228966732607	0.40964249816614784
0.262778780699396	0.3241268256590073	0.41309439364159684
0.2650457692357892	0.32320737602262395	0.41174685474158695
0.26038622902380504	0.3277904441825402	0.41182332679365485
0.2581437466855314	0.3411116343167768	0.40074461899769187
0.2616311178446403	0.3321493889644791	0.4062194931908807
0.2620017468215619	0.3305135947268724	0.4074846584515658
0.2644898463653785	0.32292236197553836	0.41258779165908327
0.25761671923818835	0.32766634025591906	0.4147169405058927
0.2604756894192858	0.32462409751042315	0.4149002130702911
0.2570947476628516	0.3316466605890575	0.411258591748091
0.25887368281564505	0.33244299032163455	0.4086833268627205
0.2598334184899841	0.3314504530910274	0.40871612841898863
0.257023966717626	0.33784365400647487	0.40513237927589923
0.2565209403366031	0.33507428655642363	0.4084047731069734
0.2586408300921191	0.3368786679439506	0.40448050196393043
0.2600762405415734	0.32987230713521565	0.41005145232321105
0.25868594597137884	0.3310803202274485	0.4102337338011728
0.2627346253872814	0.3290307481059724	0.40823462650674636
0.2639156757694999	0.33044073677977365	0.4056435874507265
0.259171000849701	0.3355949243699954	0.40523407478030365
0.2592180372674211	0.3296344800066554	0.4111474827259236
0.2591591800283703	0.33405877422975183	0.406782045741878
0.2564671956064634	0.3339153756099986	0.4096174287835381
0.2596245625444613	0.3323731918338969	0.40800224562164195
0.2570985200372288	0.3369498485663035	0.40595163139646784
0.2612468442593012	0.33673800079562977	0.4020151549450691
0.2586356861820863	0.34094904069753895	0.40041527312037484
0.26105212584822624	0.32752056369158944	0.41142731046018444
0.25745924556004385	0.33857095316283237	0.4039698012771239
0.2610207231133438	0.32710380207568	0.4118754748109763
0.25867140937286526	0.3331979878540112	0.40813060277312363
0.2571528993825011	0.3337109279361292	0.4091361726813698
0.25829250691585376	0.3321634815023562	0.4095440115817901
0.2646561108147459	0.3229509189623015	0.41239297022295274
0.2652586410532783	0.33024037763724284	0.404500981309479
0.2641242313416625	0.3236989386913761	0.4121768299669615
0.2596893572913439	0.33715202779906994	0.40315861490958627
0.2621870552425932	0.3323762683064239	0.40543667645098297
0.2605381677241372	0.33480556611379286	0.40465626616207007
0.2648140203730788	0.32672330096502916	0.40846267866189223
0.2614016816069852	0.3255403954148205	0.4130579229781944
0.2573085915779295	0.3354977757371183	0.40719363268495234
0.2573065919085914	0.33725557622824587	0.40543783186316285
0.2625979680261186	0.33057356555054707	0.4068284664233344
0.2636333453775869	0.32540821795971214	0.41095843666270104
0.2575279432820725	0.3379021482404583	0.4045699084774693
0.2623956630807238	0.32722409296294797	0.4103802439563283
0.25697824877509445	0.33788548074448005	0.4051362704804256
0.2590652406355982	0.3394253828979858	0.4015093764664161
0.2631605746595764	0.3359372327872904	0.40090219255313336
0.25719136818147836	0.3358740916126799	0.40693454020584185
0.26096806437917425	0.323927838868141	0.41510409675268484
0.2585169553567393	0.341197204689612	0.40028583995364875
0.25974950003063096	0.32542827894626947	0.4148222210230997
0.25837829126444356	0.33238220459285844	0.4092395041426981
0.2573293438569013	0.3318317890245708	0.410838867118528
0.26041461071867966	0.3320228351986526	0.40756255408266784
0.2605407541170831	0.32543208222902986	0.41402716365388714
0.2636984394959131	0.3266087409096908	0.40969281959439624
0.25756864620858566	0.33766780856095346	0.404763545230461
0.2581849879397993	0.3360725001578077	0.4057425119023931
0.26189908770068027	0.33745399584168895	0.4006469164576309
0.2634573459085122	0.3236874376680352	0.4128552164234527
0.2643872172433138	0.32316005277715	0.4124527299795363
0.26271042936729844	0.33076668674601956	0.4065228838866821
0.25964662164852037	0.3271877836072441	0.41316559474423564
0.2596978620996823	0.339965944179855	0.4003361937204628
0.26303969465798005	0.32757121486483415	0.4093890904771859
0.258077328992391	0.32895234402367457	0.41297032698393454
0.2633007029829453	0.33482944424734457	0.40186985276971027
0.2562503884582782	0.3333553733500934	0.4103942381916285
0.2582473488140299	0.33515979409084234	0.4065928570951279
0.25733230213062575	0.34086283361280484	0.4018048642565695
0.2585367573341585	0.32834183743396406	0.41312140523187757
0.26414753468429075	0.33447817387943224	0.4013742914362771
0.2650692955976488	0.3225609316379718	0.4123697727643795
0.2578677363315305	0.335942475481641	0.4061897881868286
0.26083259326863806	0.3269567194523421	0.41221068727902
0.26485419307960306	0.3337301398352516	0.4014156670851454
0.26404301886310866	0.3288438935156389	0.40711308762125253
0.26132699826530814	0.3340119838302193	0.4046610179044727
0.256695260448313	0.33548656582133607	0.40781817373035106
0.258813204663015	0.3336919259387656	0.4074948693982195
0.25546332285787243	0.3359175155188941	0.40861916162323364
0.26139655961467867	0.32923687930891465	0.4093665610764068
0.26260697805172994	0.3254316404620139	0.4119613814862563
0.25905230009053265	0.32947562261666685	0.41147207729280066
0.2640040124340612	0.33085080647721843	0.4051451810887205
0.25732807952214526	0.3284568848687496	0.4142150356091053
0.25596529785641436	0.3405974693292612	0.40343723281432453
0.25590639148718375	0.3393679274034616	0.40472568110935475
0.26432252896073466	0.32451671971256735	0.4111607513266981
0.25860642999566696	0.3387155127674423	0.4026780572368909
0.26155049963891464	0.32716782890288365	0.4112816714582019
0.2625370935010914	0.3279983572653596	0.40946454923354914
0.2574245691328872	0.33450752578619813	0.40806790508091484
0.26363818491690594	0.32382970996698807	0.4125321051161061
0.2622552592048552	0.3266075229647276	0.41113721783041723
0.2654163274315745	0.323853679625868	0.4107299929425577
0.255604184677909	0.3343785353830843	0.4100172799390067
0.26532706619615465	0.32328142192083975	0.4113915118830057
0.26281770502783497	0.33352748453314385	0.4036548104390213
0.2621855234287509	0.3317441074913489	0.4060703690799003
0.2651944377996903	0.3240164837569869	0.4107890784433229
0.26178404207539213	0.329319115690685	0.408896842233923
0.2609473321263965	0.3260309110245107	0.4130217568490929
0.2599538110474147	0.33216918040048987	0.4078770085520955
0.25637870704277665	0.33027632225965514	0.4133449706975683
0.26529347558128813	0.32256662920303136	0.4121398952156806
0.255704248401828	0.3293259046032497	0.41496984699492245
0.2589657107513483	0.32719088890584463	0.4138434003428072
0.26174848082815494	0.3234936222977953	0.41475789687404985
0.26290469215085144	0.32459615675373166	0.412499151095417
0.2573231999684888	0.3394872137312915	0.4031895863002199
0.2609723845094204	0.3360791978761424	0.4029484176144374
0.26436876269856874	0.3261692036112377	0.4094620336901937
0.2635534063878557	0.3326440569838352	0.4038025366283092
0.2646897520730086	0.32500576085855043	0.4103044870684411
0.2600173885667095	0.3343918457672726	0.40559076566601804
0.25932158146126083	0.3261002645039217	0.41457815403481757
0.2555707914138249	0.3410046088910217	0.40342459969515354
0.2560098736246675	0.3345626100819946	0.409427516293338
0.26222625382124354	0.3240913402608568	0.4136824059178998
0.265300624232618	0.3303239217572394	0.40437545401014274
0.2584545462344919	0.3283954995797556	0.4131499541857526
0.26066863206216917	0.3305915948944581	0.4087397730433728
0.2638164009922046	0.3356543469564098	0.4005292520513858
0.2583377214104168	0.32712299932370903	0.41453927926587436
0.25756970486965575	0.33359080311079586	0.4088394920195485
0.2570601418068774	0.3376879047804401	0.4052519534126826
0.2592125328545236	0.33512879568612236	0.4056586714593541
0.26430795533218276	0.33243175138180336	0.403260293286014
0.2569832637655969	0.34056712316135157	0.4024496130730516
0.2556842667665933	0.339852973013522	0.4044627602198848
0.26171489023679356	0.33639628483225426	0.4018888249309523
