0.25198394748222375	0.07643059518133255	0.30122592840966655	0.1420797917883191	0.2282797371384578
0.23741800831629437	0.09586446250867392	0.2807852035024295	0.14867571294164525	0.23725661273095663
0.24381387811987684	0.08891319569168876	0.27144459392156167	0.15018490534794254	0.2456434269189299
0.2364679300476278	0.08591095519910455	0.2917148591840852	0.14677655535433562	0.23912970021484656
0.23758738367007434	0.08468517365038039	0.2725761087441272	0.15691150894302586	0.248239824992392
0.2506150760320116	0.07583838651266879	0.275570030318232	0.1656101265542796	0.2323663805828077
0.2256003622796656	0.09118725400787592	0.290498700187519	0.15497686860361182	0.23773681492132742
0.2271820613062935	0.09118707590949655	0.2854324200530849	0.15077152363651544	0.24542691909460937
0.22931284991260167	0.07487674667121072	0.2937312109011222	0.16697459743423382	0.23510459508083137
0.22472854864767716	0.08425006304897815	0.2983480248082542	0.15517606176769705	0.23749730172739325
0.24536200432140257	0.08750601885655991	0.2914816072090177	0.14439396461783366	0.23125640499518588
0.22404740922515923	0.10128351023281967	0.2837418249733697	0.16652415413987168	0.2244031014287795
0.22218746473628012	0.08396166203247406	0.28462835800635644	0.16886923916796243	0.24035327605692677
0.23990896922937544	0.09578202178653451	0.29073324463915917	0.1440631740196941	0.22951259032523658
0.21958472113300084	0.09721542669080525	0.28190416337350827	0.16269644880705583	0.2385992399956296
0.2466009922839961	0.09572420810685706	0.27347924398625906	0.14848911896978972	0.23570643665309782
0.23182439444699252	0.0848983615543431	0.2927737330924537	0.1572719117103057	0.23323159919590475
0.23479081612219838	0.0960006591661616	0.29032921239360704	0.15033661147240288	0.22854270084562986
0.24133713802701526	0.09973308871875775	0.27975109844286644	0.15498446416467695	0.22419421064668335
0.23829313481332853	0.07533352420233956	0.29923944381037837	0.15488888090621158	0.2322450162677417
0.2230097736141145	0.0928250091663054	0.28209579533641305	0.16731051539771236	0.23475890648545444
0.23982003524766432	0.07816152500020508	0.2975730047689201	0.1442136411139458	0.24023179386926446
0.23316673734260177	0.09464949490284168	0.2889573251545969	0.14276041444625578	0.24046602815370363
0.225325213690514	0.08344465793473252	0.29353871398379117	0.16562722416603257	0.23206419022492955
0.23242800903467709	0.09667358987582696	0.28862651169452036	0.15533721202289186	0.2269346773720835
0.25831778247670384	0.08807950854217154	0.2696119779474107	0.15411752831932143	0.2298732027143922
0.2278345132246727	0.09651934970825407	0.29139907480484006	0.15582240262919653	0.22842465963303643
0.24532266746293488	0.08517523459096059	0.2886805987588458	0.15321487686658308	0.22760662232067538
0.24420570703419336	0.0760141870645558	0.27946771900192224	0.16607231050460408	0.23424007639472424
0.22994631503398688	0.08470074259224242	0.2730054650650635	0.16932214380376212	0.24302533350494485
0.23669103531966904	0.08039767349760626	0.28069780614123907	0.1640584270473649	0.2381550579941205
0.23391864537751228	0.08341061082616426	0.2903953688013179	0.1605660455810992	0.23170932941390615
0.22764372963202859	0.09498712726862743	0.28028772458125123	0.161953387752877	0.23512803076521552
0.2418280213996178	0.08087783568145028	0.2759364105559709	0.16035599971171874	0.24100173265124206
0.22299771348995684	0.07730977477309131	0.30193730267142127	0.16323237362875878	0.23452283543677155
0.23092173172106167	0.07807623483426512	0.28820043625329084	0.1697630181225125	0.23303857906886966
0.24707548862813883	0.07364204444524361	0.27586388143517615	0.16314618700220707	0.2402723984892341
0.2605497508091903	0.08984284518372923	0.268247039003948	0.14514539916505453	0.23621496583807772
0.23470408814446764	0.08324937719102812	0.28364885531560674	0.14924950542758575	0.2491481739213115
0.22721558857081142	0.0918663903633233	0.2910826040394015	0.14947887451816955	0.24035654250829402
0.2585031655444974	0.07512229089600099	0.27111834090899317	0.16964561226587946	0.22561059038462872
0.2474160585646712	0.09394482346489859	0.2750571186451355	0.15248943060086595	0.2310925687244285
0.23842755947424313	0.08165900533637556	0.3038570165986162	0.14718453492957856	0.22887188366118627
0.23076530526047342	0.08541258261724488	0.28566624096841714	0.16882103142187088	0.22933483973199342
0.2483004187655562	0.08693037945596122	0.2784866482477375	0.16033672701839868	0.22594582651234618
0.22827456142012206	0.08584177432988141	0.27174036125230094	0.16502497202730876	0.24911833097038655
0.2359493751534001	0.08593649309894795	0.2985547258554452	0.15597077606619217	0.22358862982601435
0.2218092802112156	0.08890420791753752	0.2975669442542113	0.1498808274286228	0.24183874018841256
0.22988686567022698	0.07373160378829122	0.2970342342050326	0.1655381908461968	0.2338091054902522
0.23444490780486485	0.07988071534486188	0.303256280010128	0.15672430715231053	0.22569378968783452
0.2508005130738089	0.08330915515108245	0.26939494549149473	0.15233849859327553	0.2441568876903381
0.22985731887142455	0.09984115639089007	0.2813950257213725	0.1486951900611362	0.24021130895517648
0.22257486433249818	0.08028090704930914	0.2834456855833861	0.16471100015195478	0.24898754288285152
0.2286059649254335	0.08619259157293671	0.289376830947344	0.16656862489581462	0.2292559876584709
0.2275578931443593	0.09009388391282848	0.2690571049413432	0.16596202353208456	0.24732909446938423
0.21958841227620843	0.08103989108265111	0.2925835101096631	0.1595800646713698	0.24720812186010732
0.24189879917541157	0.07733847295430367	0.30208391643177906	0.14323463610247372	0.23544417533603168
0.2322736025162731	0.09651587230886459	0.29896785152867017	0.1424804848577766	0.2297621887884153
0.22670786702538143	0.09867922000473289	0.2847992978551768	0.16503774594738452	0.22477586916732414
0.23749501492145178	0.07895506439860497	0.29331310784090836	0.15075893974271823	0.23947787309631638
0.22961234574794304	0.09673607436137253	0.29246173512141804	0.14789011109365607	0.23329973367561008
0.251174622053243	0.08672356108162836	0.27356510393401345	0.16117205605242102	0.22736465687869395
0.22663028410245012	0.09053758293206479	0.2996444751777264	0.1458373098620934	0.23735034792566503
0.25150851871414753	0.09736877175642765	0.2712824736041002	0.15329161529045968	0.2265486206348647
0.25203786017262264	0.08255430075177034	0.2899432382462625	0.14955958313197953	0.22590501769736468
0.24582117318759975	0.07400110438357174	0.28273325056724585	0.1485772218781351	0.2488672499834473
0.23616865898336525	0.0805692608775695	0.3043255086770479	0.1433347581418749	0.23560181332014227
0.2359912963476059	0.10161905340035388	0.2856613584321738	0.146656474721336	0.2300718170985302
0.23153085459923925	0.08220761101988062	0.29911547203307337	0.16279567377534937	0.22435038857245715
0.24370646658228093	0.07985609683833532	0.2853400883347896	0.1533579935503284	0.2377393546942655
0.2407296718261484	0.08869706919326392	0.28856324844981635	0.1465399684955811	0.23547004203518995
0.22953373504392124	0.09735190708091404	0.28231189274013574	0.15451837001120156	0.23628409512382717
0.2610479713292515	0.0831849291590639	0.27387316750640134	0.15607904647768134	0.22581488552760165
0.2272967500242256	0.0967084375434933	0.2813854455441281	0.1491472350175888	0.24546213187056393
0.2237196859299341	0.09058442158785154	0.2793497653603862	0.16420579991554507	0.24214032720628284
0.2457392918017384	0.07421202664705348	0.26986709576893053	0.16966984884869313	0.24051173693358419
0.22687020126760427	0.09668174765148715	0.2891004670805093	0.14841519380877002	0.23893239019162898
0.2416677717016088	0.07799492966137683	0.29343591405604585	0.1472457308496668	0.2396556537313015
0.22547300021450398	0.07604113672145889	0.29301466114712144	0.15767548531653086	0.24779571660038463
0.23735895185471467	0.08679484066276222	0.2717963961613451	0.16665214187405375	0.23739766944712407
0.22017579199856963	0.08487971075711237	0.2962037849376106	0.16145809671740916	0.23728261558929797
0.23555113908119335	0.08990352828166195	0.2725654742451816	0.16264638443208715	0.23933347395987564
0.22102207325388507	0.08212492037753369	0.3011890112823939	0.16530167551736513	0.230362319568822
0.23738255821092996	0.08281491331072732	0.2742565781601084	0.15876294844211625	0.24678300187611782
0.22937157305086683	0.09785519268962221	0.27861990090764194	0.15022545651430505	0.24392787683756373
0.2603392471011169	0.07694675016291128	0.27110220685984937	0.15974462357603791	0.23186717230008436
0.2375938241693937	0.09526542001694577	0.2798781017736066	0.1553631933540554	0.23189946068599826
0.22981551803330325	0.08698766751326871	0.2974239353032896	0.15963462176922769	0.2261382573809105
0.2485674381783725	0.07733783642136359	0.2708040105336146	0.15545841978745806	0.247832295079191
0.24508953114399026	0.08374827352883339	0.2824432708609109	0.14236274018159994	0.2463561842846652
0.22562067471432767	0.0757591473399573	0.29565187780220176	0.15276642737295376	0.2502018727705593
0.23029574264340966	0.09261511805756391	0.29292335533292524	0.1523540408212048	0.2318117431448961
0.23766376548530588	0.099148721442692	0.27184641686053423	0.1615981859236536	0.22974291028781402
0.2385503288698079	0.08088585097052291	0.2759817791878851	0.16738063289758498	0.23720140807419887
0.24005474959700557	0.09583894335085208	0.27851489592606266	0.14352442327129114	0.2420669878547883
0.22846839796421242	0.08277149208662159	0.2863572001698479	0.1534529074628913	0.24895000231642658
0.2542384331796025	0.0822679178100727	0.28495475598157205	0.15511585356411312	0.22342303946463937
0.22042962553406842	0.09526465086434739	0.29655310600666696	0.16036321570424794	0.22738940189066903
0.23733646083066826	0.0749830490889136	0.29954213792544565	0.1590477918519442	0.22909056030302805
0.23671233850915818	0.08257012992603412	0.27259690627885724	0.17020424519367508	0.23791638009227517
0.23109583846453252	0.08002377920691818	0.303054305576706	0.15887860587749666	0.2269474708743464
0.22558754278467355	0.08403487734120446	0.2943048282597018	0.14642978808821427	0.24964296352620569
0.23563793472664013	0.08551666709758698	0.28603077806035326	0.15427263536604519	0.23854198474937421
0.23676765889927542	0.10129513072478538	0.2882031524106685	0.14975983499402956	0.22397422297124087
0.21951836646086703	0.09186028820409549	0.2955798030167566	0.1599413863238504	0.2331001559944302
0.23507898238756272	0.09289144607211415	0.28560827845155995	0.15726564992186642	0.2291556431668965
0.2565872284534022	0.08036346746942978	0.2750564145368585	0.16092670039659102	0.22706618914371832
0.23042510469244307	0.0945063514523839	0.28381329002292144	0.14558839944815022	0.2456668543841011
0.2401116247487551	0.07856704031537376	0.2801176324584919	0.17013795244812085	0.23106575002925814
0.2251407997836164	0.09233497531479085	0.3019686815485316	0.15597009766001085	0.22458544569305003
0.23811504120768026	0.0938779778184804	0.27909965124111397	0.1539476054192023	0.23495972431352286
0.2550185986185824	0.0768331512981636	0.27000072238309447	0.16128118101338831	0.23686634668677092
0.2460844857869127	0.0797403442752765	0.29858569971759474	0.14590805749843885	0.22968141272177695
0.2392384728668696	0.08585713575510145	0.2758070915783464	0.15368371065942632	0.24541358914025596
0.26232032576212283	0.07438553941751508	0.29135971438942165	0.14691964457408258	0.2250147758568576
0.2225265215979614	0.07980708263708998	0.29057058715039047	0.15848319741481126	0.24861261119974665
0.23926376456692958	0.07879260537666594	0.2785051142651681	0.15377026783572714	0.249668247955509
0.23723201942091451	0.08417848429738052	0.2898404495988635	0.16162218077841808	0.22712686590442313
0.2569306830340816	0.08396729911391518	0.2682934865981403	0.14686402041483126	0.24394451083903138
0.2503144709161001	0.09066857642149224	0.271631719091063	0.15159948496139017	0.23578574860995424
0.2590390795516493	0.09212128569123072	0.27988448524704373	0.14312988783492106	0.225825261675155
0.22160541121881366	0.07644802424192262	0.29538149486351817	0.16009906884517724	0.24646600083056808
0.2568030668949361	0.08684324328456061	0.26852463122185355	0.14750436551160245	0.24032469308704701
0.2314928879235619	0.1003799290213478	0.28837128978095977	0.151646506334293	0.2281093869398373
0.2301056036498003	0.09021575674695935	0.27033363478528544	0.16993056417296137	0.23941444064499331
0.22992323205776616	0.0996713095490675	0.27902193652428986	0.16124636673717405	0.23013715513170216
0.23375770948093372	0.1001868005961227	0.2717475464329018	0.1529566189151617	0.24135132457487984
0.22738362404907628	0.09342031276290877	0.2887222830266929	0.1550905590582581	0.23538322110306373
0.2488636327943448	0.0917827043217371	0.27037646682911093	0.1451531447597233	0.24382405129508358
0.24418542838493154	0.07431438460840131	0.29345759552986567	0.14400652834759883	0.2440360631292024
0.22782012853665945	0.10005216377358367	0.29575319756594753	0.1429864773408946	0.23338803278291453
0.21984346895512102	0.0781552844000798	0.29671740005742947	0.15604518096606415	0.2492386656213053
0.24295245786419972	0.07483636096810678	0.28632824591949035	0.16836302506063233	0.22751991018757056
0.23907755355913746	0.07537059718288598	0.2956822939006237	0.15050598423104838	0.23936357112630424
0.2290093331635366	0.09338812907643351	0.28649182795276673	0.14395656510880211	0.24715414469846073
0.2505871917474707	0.07527258224687704	0.29547032746940716	0.1533771524650065	0.2252927460712384
0.24788723932922876	0.08358585421369259	0.2706967466054535	0.16649586672651176	0.2313342931251131
0.224402425806583	0.08972411629188395	0.2791734817984536	0.16414595304108404	0.24255402306199514
0.24106936118718691	0.0980544765554687	0.27927134211876065	0.1412883608865288	0.2403164592520547
0.22282105684594258	0.08644981120275674	0.28655322735652883	0.1594999302276809	0.24467597436709074
0.22306570967943606	0.09420952766050356	0.28439994092659504	0.15295262569685067	0.24537219603661442
0.22011130289343267	0.09644274478914068	0.28347378892845443	0.16107455415799396	0.238897609230978
0.24171627054450615	0.0763124658420321	0.2704279982287913	0.16564906770232452	0.2458941976823457
0.23186818156946037	0.09182014566211626	0.2789728230262092	0.14853940141226782	0.2487994483299461
0.22056762720276096	0.0894731716316909	0.29432843553386695	0.1657023623612641	0.22992840327041686
0.2383473330915152	0.08391914334746564	0.28151141241592537	0.15996326095464938	0.23625885019044415
0.25112509357421187	0.07815850065888241	0.2931409397632491	0.15221301088723335	0.22536245511642305
0.24701148132364834	0.07836912768987028	0.28206277343908825	0.15773162296934726	0.2348249945780456
0.2413601805515156	0.1016252236327175	0.2782513203632129	0.14405435992650129	0.23470891552605247
0.26355839572894535	0.07648536860181618	0.28027047939286936	0.1454570864320933	0.23422866984427548
0.24703120476299723	0.09366038026261024	0.28083001144700515	0.15191706194794566	0.22656134157944147
0.22312365488860816	0.09024669530030408	0.2786384332839552	0.1647630857832665	0.24322813074386582
0.2566815762404341	0.08717059640760139	0.28234515864324683	0.14121708936521904	0.23258557934349844
0.24166901452769918	0.08546812498897358	0.29515185328829024	0.14179080200140393	0.23592020519363283
0.2461904231556509	0.09888669949354766	0.2765760781780351	0.14386812084509767	0.23447867832766844
0.2446803739372302	0.08442033559678674	0.2879376951370473	0.15590747956297485	0.22705411576596063
0.2421932496693537	0.07870863441148163	0.29820521756562657	0.14712592425111334	0.23376697410242453
0.24462270757020585	0.0780682022972776	0.2740820129420947	0.16642208169770986	0.23680499549271172
0.2486131810879917	0.07778281848175161	0.28038121080450085	0.1439556298324042	0.24926715979335137
0.24208515436611913	0.07386682932950844	0.29350735767088765	0.16491986913392828	0.2256207894995562
0.23510805655113776	0.0797758143442441	0.2703796834428714	0.16527538067286204	0.24946106498888446
0.24501353517525648	0.0773387144485397	0.278320515635563	0.15261369394655422	0.24671354079408642
0.2401548832092555	0.09167471455798021	0.289789855134804	0.14378510373925618	0.23459544335870386
0.23150511501827564	0.08793888390916677	0.2724075791575585	0.1630644428100284	0.24508397910497046
0.22604936279045745	0.09686695874207803	0.29428872776240333	0.14611671449473945	0.23667823621032147
0.2530876687132215	0.07858508800072153	0.2941241120205752	0.14297232230134452	0.231230808964137
0.24758357180570698	0.09517802812743266	0.276842430518156	0.14291863453843118	0.23747733501027296
0.26256759712499544	0.07416975957707336	0.29718117194839394	0.14137162380653792	0.22470984754299914
0.2624386826108973	0.07760039984507835	0.2738923015296972	0.14478762445941337	0.24128099155491356
0.25905457541029575	0.09066044459644683	0.27756990541171567	0.14554631977009366	0.2271687548114478
0.2200512025732792	0.08650894581359334	0.2926817859309281	0.15890105490551396	0.2418570107766852
0.2292184478481106	0.08893111263823057	0.27270973159923834	0.16809574974544192	0.2410449581689783
0.23376427053306506	0.07577391136348072	0.29917330107067874	0.1664891109059512	0.22479940612682403
0.25111602338168126	0.07647471963299503	0.2755193307438032	0.15550319213171235	0.24138673410980796
0.24757603965833774	0.08762387872095832	0.2715331448769852	0.14819769874125477	0.24506923800246375
0.2421104035886597	0.08974590835304182	0.2882041436898349	0.14438763521332704	0.2355519091551363
0.24746316391967962	0.07391797562797447	0.2777500534274072	0.16142537699023649	0.23944343003470192
0.2468416114845397	0.08334583851722609	0.2692402717293183	0.15383908640800106	0.2467331918609146
0.244621307666242	0.08009622281106953	0.2902135503882147	0.1455509854489763	0.23951793368549718
0.2392751377242639	0.0808093918939584	0.3025515914878478	0.1456913422139291	0.23167253668000054
0.23179120367725747	0.08589052434362594	0.2882218800995564	0.1583565585881848	0.23573983329137518
0.23560985136016954	0.08552774280573419	0.2835766692132288	0.1529748167643051	0.2423109198565621
0.24384836081572814	0.0915530270130607	0.2898466672063323	0.14239304305765904	0.23235890190721958
0.22932476006870972	0.08656271627289054	0.2833958413393308	0.1681192407029554	0.23259744161611334
0.24838027342237956	0.09167912924243965	0.2768487904111353	0.15489940261828664	0.2281924043057586
0.24452933688117545	0.0816264888386584	0.2782329464669214	0.1637434273270665	0.23186780048617797
0.23999661704965805	0.09108392469734619	0.2955762245498752	0.14969479000212946	0.22364844370099088
0.24201277362886878	0.07529568617186821	0.28354674183958484	0.15205017210277888	0.2470946262568991
0.2434874024694707	0.09340120273526653	0.2812613606273858	0.14714149660165043	0.2347085375662262
0.22330379724248967	0.08760934784808438	0.2719472880603191	0.17064452158431626	0.24649504526479038
0.22759124863738397	0.0925520419202784	0.28378128498300853	0.1601435901004701	0.23593183435885873
0.243298062029685	0.08281760605214544	0.27718688058708274	0.15712138036754011	0.23957607096354638
0.23606239398913606	0.08121044555084642	0.3013300904854343	0.1556156018979874	0.22578146807659558
0.23132640632318185	0.09221578303656426	0.2706924644453066	0.16010624612904117	0.24565910006590583
0.24911459441925382	0.07622768338039013	0.2817432310640735	0.15329167562359153	0.23962281551269074
0.2352876344219295	0.07862836125152861	0.27256341243942256	0.17108368997997722	0.24243690190714184
0.23801289695101946	0.08917900096583432	0.277557448633892	0.1686752907494315	0.2265753626998225
0.2276477607065956	0.10105362183991001	0.28071562612040946	0.14321497857453092	0.24736801275855377
0.23540430181889713	0.07721602432828258	0.29890612628453145	0.15945044203185882	0.2290231055364298
0.2356553388928695	0.07794540545518579	0.27846314114358117	0.1656176336958417	0.2423184808125216
0.2288342853209273	0.08289935641086248	0.2861710687248647	0.16388048833458901	0.23821480120875632
0.23302154005464776	0.08757737038770216	0.2805003516040533	0.16800707402888404	0.23089366392471253
0.2334836271295835	0.0848501181512884	0.29225409135905217	0.15987472133441769	0.22953744202565798
0.25778215673242855	0.07599813132084474	0.26874434376353623	0.1548194411485376	0.24265592703465266
0.25353702073841633	0.07689074680997415	0.27056750778434036	0.1669724287304821	0.23203229593678681
0.24094449694447448	0.09812876696910346	0.2691291078755608	0.1658887066851616	0.2259089215256994
0.24000757405150608	0.08574593392752242	0.2857400933215162	0.14417269852643397	0.2443337001730211
0.2304842630303829	0.07868327583737177	0.2996068908236318	0.15317127120142882	0.2380542991071845
0.25822083004663304	0.07760741358586083	0.291886071053705	0.1429486157370861	0.2293370695767148
0.24756975919402843	0.08591683085939196	0.2742726094604211	0.14241163088904057	0.2498291695971177
0.23142926231092803	0.090016352819785	0.28877192938963886	0.15972393883215286	0.230058516647495
0.25378108329691706	0.07760965921355603	0.27564907745866996	0.15591216450335832	0.23704801552749838
0.2237418388902312	0.09661902053871672	0.3021816201859297	0.1520332480796432	0.22542427230547896
0.22380228473110336	0.09529717246114204	0.27004398625133685	0.16397784410559935	0.2468787124508181
0.25774920111699573	0.08371898777450236	0.2873827701268634	0.1457993906604988	0.22534965032113943
0.23337675909018785	0.08934144568020275	0.28416464813475195	0.15008112988251798	0.2430360172123392
0.233250007045479	0.07537915935372974	0.3008723180093563	0.14903298956954017	0.2414655260218945
0.2420178700388796	0.07853915327343529	0.2890124491391878	0.1451689314369403	0.2452615961115568
0.23148590611221564	0.08824882980386538	0.2768691784151115	0.1561837100919325	0.2472123755768747
0.2425145528775005	0.07726989000753826	0.27556265765595866	0.1645790402552828	0.24007385920371954
0.2511547791841185	0.07359225929444224	0.2759712836792151	0.1544160773263734	0.24486560051585052
0.22622460797687088	0.09169354549001439	0.30352540224264524	0.1549797112565162	0.22357673303395306
0.23934007166300864	0.08990341747441019	0.2707076623751987	0.17059540920994484	0.2294534392774374
0.2461189685389844	0.08345865679252183	0.2816614139483035	0.15940580522839357	0.22935515549179641
0.2351312086382043	0.09213800018536743	0.2694144294424074	0.16303783007715808	0.24027853165686258
0.24289155614750668	0.08220894314423147	0.27435659583180055	0.1660970309732771	0.23444587390318394
0.23397937222306345	0.09999717503274999	0.26911927179182854	0.1648071581754528	0.232097022776905
0.23529152514620716	0.10014100121539005	0.2872603403009186	0.15071034055960902	0.2265967927778749
0.23910028705024983	0.07767461677774594	0.29703344214548083	0.15643153816127706	0.22976011586524608
0.2382247357800138	0.07790432616392685	0.28683328099828675	0.1686609670372489	0.22837669002052344
0.24179009890057537	0.07549479598207232	0.2996249678715468	0.1429730138492406	0.24011712339656466
0.23132003731635256	0.08313736542531805	0.2979369009681857	0.14890662872404814	0.23869906756609532
0.24118671453614723	0.08948674811301079	0.27868007727208266	0.14121811561180939	0.2494283444669497
0.23272132081205638	0.09157756554347697	0.2928038690878614	0.15183103238935153	0.23106621216725357
0.2582730558367649	0.07721674102398705	0.27334746787735936	0.15194931772261233	0.23921341753927605
0.22617936475766462	0.08472563552883859	0.2976039621215356	0.1483434863193742	0.24314755127258678
0.2496479674108867	0.1011058821844449	0.26951830053206893	0.1528791764120851	0.2268486734605141
0.24845528906652328	0.08509940779568329	0.2964497171809565	0.14592605459153943	0.22406953136529725
0.25124266768588666	0.0925080497376477	0.28776092064849407	0.14416197846642181	0.22432638346154948
0.23031013294547206	0.0818422966387298	0.29700653776007113	0.15500608428286455	0.23583494837286217
0.24024048759790545	0.09712644106395571	0.2777226187618143	0.14957051854976547	0.2353399340265588
0.2216942008450322	0.08700171668291572	0.29259562053952354	0.15245483401059792	0.2462536279219304
0.23522769143706962	0.10075545346112097	0.2756551711162873	0.15898442419510128	0.22937725979042062
0.22911962449466472	0.08417445425820677	0.28108284010821183	0.16672079913885346	0.238902282000063
0.24426580738992779	0.09399626491897964	0.27628686241422573	0.14252473914045705	0.24292632613640958
0.2457454745097692	0.07478821018122642	0.2900350695747025	0.14634473139463808	0.2430865143396636
0.2367630399492315	0.08171006853198048	0.2889299227492386	0.14493117189576776	0.2476657968737814
0.23139553476497293	0.09881492836845296	0.28300383032458065	0.14972214866343897	0.2370635578785543
0.22528757374036865	0.0900428147082369	0.3033141639597159	0.15197701477897732	0.22937843281270098
0.2446202402397393	0.08089809915383925	0.28405730462645457	0.1460815727249218	0.24434278325504483
0.2371954776468917	0.08232991455020448	0.30437180570327016	0.1499383178982123	0.22616448420142113
0.24515416223373557	0.07811406128812418	0.2746182960845207	0.16539183083459638	0.23672164955902292
0.2309593255562968	0.09833768739767756	0.2753103823834572	0.16052080080654485	0.23487180385602333
0.2413847553207813	0.08894532162827494	0.28501859558019693	0.14907540841792105	0.23557591905282552
0.23649349144864706	0.08178125686386738	0.2919579806859606	0.14790570670923853	0.24186156429228622
0.25271852188212746	0.07382354016170306	0.2867134579640856	0.16103327404882622	0.2257112059432574
0.2356151122164345	0.09532084806232845	0.27366549256825906	0.16365353999087207	0.23174500716210567
0.22508664178411272	0.0747269759524897	0.3017654397428063	0.17075272739727845	0.22766821512331262
0.23374960887479668	0.09535587786331265	0.28917985975162797	0.15413005281723796	0.22758460069302447
0.23796880389808422	0.08826182758425823	0.2837484204982495	0.15167520066929127	0.23834574735011654
0.23955899077814224	0.08472050460685622	0.28134509751385356	0.16515456580632454	0.22922084129482323
0.22538469644510234	0.07900007624898896	0.30381151735194567	0.15275101146383344	0.2390526984901294
0.23199809594580106	0.10078328793261496	0.27536941021984396	0.1680979329643716	0.22375127293736818
0.22288675002299718	0.08904446935110509	0.2952723371674379	0.15414897689833768	0.23864746656012187
0.22446196995381582	0.09694576358859706	0.2898315391767602	0.15544564807990166	0.233315079200925
0.22199153080374923	0.08667292693777065	0.28531998076846377	0.1699314682410959	0.23608409324892024
0.23608049963530564	0.0916867150551953	0.2744937145531051	0.15722421218851693	0.2405148585678768
0.24307704404087016	0.08640923491894154	0.27016895038038163	0.16961131115370848	0.23073345950609797
0.239773206331919	0.0840790634423875	0.2765789810958857	0.16726841585841395	0.23230033327139363
0.23817610706962355	0.07994004303722461	0.2722955798455461	0.16555950829720262	0.2440287617504029
0.2407006953797129	0.07992925381490375	0.2850332752852238	0.17075889759196156	0.22357787792819778
0.25465390736828253	0.08181818968326697	0.2861271901592775	0.1532375506443742	0.22416316214479853
0.2388044690800951	0.09036507657950092	0.27300738631273297	0.17020986763629553	0.22761320039137523
0.22427368194818584	0.09251385183351293	0.2902392018918428	0.14424058851222057	0.24873267581423764
0.21986843584451654	0.09996230946138435	0.28582962577677434	0.1678241040708535	0.22651552484647108
0.22912329087565905	0.07949534823516188	0.29860730262874147	0.1552739176346024	0.237500140625835
0.23863026894730338	0.08272843058046078	0.2951581070281569	0.15448043124046962	0.22900276220360902
0.24758226686244383	0.08226271562278852	0.27123054808591196	0.17016094081859218	0.22876352861026328
0.2586786377797968	0.08149996206313857	0.28849217513919867	0.1420583364753844	0.22927088854248123
0.23636887811858354	0.0930433676599619	0.3001872023155824	0.14310532620708838	0.22729522569878352
0.2320579415817277	0.09513967227657592	0.26922623467788315	0.16937319021519331	0.2342029612486197
0.25050326851515153	0.07973039026934427	0.26996927038851964	0.15632401288176437	0.24347305794521995
0.24221152976892568	0.08907535552712999	0.28999020953971444	0.14268969708175602	0.23603320808247363
0.2421385471553887	0.07622617901719897	0.28972474384246366	0.14697444027376855	0.24493608971117983
0.2207563533933416	0.09479669508710416	0.2977101034347286	0.15120676707981462	0.23553008100501086
0.2334445027415912	0.09499242861419109	0.2908493342575812	0.14148525437044143	0.23922848001619487
0.24489583171779308	0.07660419554471103	0.2954942037579623	0.14700867189384634	0.23599709708568697
0.22332871202920312	0.08848876753231555	0.3026536217830852	0.14924737994653137	0.2362815187088645
0.22387295938108795	0.07780137301504572	0.2971719997865743	0.15517503921785705	0.24597862859943473
0.22698558058098034	0.09682789003192392	0.273115531419432	0.16011447037883625	0.24295652758882727
0.23228360889028649	0.10069421355148017	0.26928480256354687	0.17111855022330055	0.22661882477138567
0.22948718730062595	0.09479522500298002	0.26901806298558406	0.15762378967685015	0.24907573503395958
0.24898655938127037	0.0765536580327402	0.27695741852915623	0.16526805487401516	0.2322343091828178
0.2282156826273763	0.08698438750100979	0.27164767568209225	0.16724846541076802	0.2459037887787534
0.22881877106445395	0.07536025316402224	0.2985168877063599	0.16204274299897706	0.2352613450661866
0.23294481970095904	0.09751232812426518	0.28080686487663437	0.15264538334088987	0.23609060395725134
0.25618197083940747	0.07997468904177318	0.2931965737606686	0.1431718557626228	0.22747491059552763
0.23602114025992632	0.09171044316712332	0.27846777098134673	0.1463494762478509	0.24745116934375247
0.24400772958452976	0.09557650533535124	0.2815303012426803	0.15539315459116382	0.22349230924627467
0.25484338171676196	0.07511780775577082	0.2840794255261052	0.15543773327961408	0.23052165172174774
0.24649202766704986	0.09378880115150727	0.2793505283150769	0.1507858550649925	0.2295827878013732
0.23075647751015543	0.07657728567494497	0.2975908527244256	0.15799481311276736	0.2370805709777064
0.21965475432872245	0.09406607128441133	0.292775560418212	0.1526543588298142	0.24084925513883976
0.25635482143745714	0.07619404651303913	0.2729784418109726	0.16894155769122618	0.22553113254730472
0.23243180124172214	0.07765724671800532	0.2964814108895771	0.15627050046374857	0.23715904068694665
0.2589447062484361	0.07434289713007361	0.27990506693065137	0.1521787838112098	0.23462854587962884
0.24566657198434072	0.07636131311054838	0.2747814336719006	0.1549655479367052	0.24822513329650486
0.24017724307954497	0.08340479733224986	0.2926773352436242	0.15379960594748146	0.2299410183970993
0.25176582162955774	0.1003989428762087	0.27181244682485245	0.14136265973369663	0.23466012893568422
0.2325741288588108	0.10153600700807314	0.282320765723028	0.1573855382913806	0.22618356011870722
0.23479480914788187	0.08758022778826262	0.27127071879677883	0.16006791965726094	0.24628632460981548
0.2648306468966784	0.07612363696992545	0.2921091799567753	0.14155532756310235	0.22538120861351818
0.24419134952328866	0.0846962565802077	0.28271841405695786	0.14851721388124914	0.23987676595829638
0.2569646465757598	0.07774473813647982	0.27954966343528675	0.1501707888631014	0.23557016298937206
0.24418638100676177	0.09370294713785816	0.26819062702358887	0.14435840817394896	0.24956163665784198
0.24973710584359798	0.08721311349564742	0.2704746448755427	0.15567128863558732	0.2369038471496243
0.22937213984832402	0.08952751506650741	0.287418176730608	0.15867093835129123	0.2350112300032691
0.2652062850350121	0.08806420434085448	0.271660165039563	0.1455427454013306	0.22952660018323956
0.24381180962406065	0.08327792051929069	0.2762550910603834	0.16331748204213034	0.23333769675413468
0.2616227376556787	0.08923243510430305	0.27480201000933946	0.1434126312277482	0.2309301860029303
0.2535977807173546	0.07427782226248253	0.28198330490345425	0.15559385294568226	0.23454723917102605
0.2349513602530254	0.09717859458525549	0.29181461611051684	0.14781317663427188	0.2282422524169302
0.2317517259472379	0.09805494300361652	0.2772505972472873	0.14823190873475886	0.24471082506709918
0.23592039612865495	0.0803348457747201	0.3009722432892406	0.15128012889316847	0.23149238591421561
0.26175049036089804	0.0853937133450927	0.27152496606864346	0.15705404917607824	0.2242767810492873
0.23081856580218374	0.09963535915582095	0.26921483181014966	0.15659769884010094	0.2437335443917445
0.22610163246339776	0.10145192027659597	0.27487777355941534	0.16945164928304793	0.22811702441754275
0.2441931571896635	0.09249269662154419	0.2686704143803571	0.14976979634507506	0.2448739354633599
0.22924022760298668	0.07476898747504018	0.2821820185634567	0.1641876925415699	0.24962107381694626
0.22932968418947552	0.09175329915868766	0.29131048746722293	0.16047758486041697	0.2271289443241967
0.24373521066544318	0.09450772932465315	0.26895867165382176	0.15767599650521782	0.2351223918508638
0.2618621719227464	0.078491393061674	0.2736897987859771	0.1566227886014769	0.2293338476281253
0.25619678507651866	0.0759105973310313	0.2848543086917166	0.1558555804356174	0.22718272846511578
0.22641063236887776	0.08864647876692068	0.2844328267175002	0.15348239890133603	0.24702766324536507
0.23902380104714516	0.08938195307076308	0.28403018830711857	0.15202967950663837	0.23553437806833455
0.2392484087229896	0.07971621292397277	0.29148040185009844	0.15075978706384513	0.2387951894390938
0.23990598556692996	0.07436170406270787	0.29191048110922224	0.16175525938540233	0.23206656987573734
0.22980400398383033	0.08693319492352365	0.2820284666623309	0.16278957232686161	0.2384447621034533
0.23574830583780565	0.08421037969512446	0.28544015788821575	0.14847651737747092	0.246124639201383
0.23772172811609382	0.08090671205264921	0.27600469808694755	0.1636890649392162	0.24167779680509294
0.22864038555524507	0.07822758893951247	0.28552429373427174	0.16449221597146602	0.24311551579950447
0.25014801683766263	0.08789627147961107	0.27433079939487315	0.14912552931220555	0.23849938297564732
0.21959264426843889	0.09521020761364166	0.29036226880681226	0.16838221961769456	0.22645265969341238
0.23123354137491772	0.09043117866369625	0.278066573380197	0.16259047750125383	0.23767822907993488
0.25420389657335773	0.0739824919683863	0.2727650072099279	0.16474546938677173	0.23430313486155604
0.23212762876716894	0.08439746014216276	0.2879531547195421	0.1594003796464598	0.23612137672466615
0.25234341817944433	0.0758378696299909	0.28607707015925254	0.16066907531370103	0.22507256671761097
0.22704839102209395	0.09909141058842894	0.2970507937131635	0.15218655752066662	0.22462284715564676
0.22826526219291282	0.08259641935408263	0.2925913302869106	0.16531855743860263	0.2312284307274911
0.24423169817706508	0.08008320962849841	0.2752298884418595	0.15085091694703776	0.24960428680553898
0.2428059135270225	0.09142728337790179	0.2842072925064151	0.14831208533901583	0.2332474252496446
0.24797448161921615	0.0840988507291648	0.2714676983629077	0.16620887480207902	0.23025009448663208
0.2377874064270566	0.07654636852577762	0.2803874811987287	0.15759612219302713	0.24768262165540966
0.25157828547255295	0.09648502828641657	0.27070780042776377	0.15541593688589017	0.22581294892737633
0.24392337561274915	0.08936081912392962	0.279088016735767	0.14276008414877117	0.2448677043787828
0.23130480274945672	0.0767985991395993	0.2942110886661524	0.16216517215871476	0.23552033728607655
0.23517298342588	0.08620525115360839	0.28572458186719657	0.15811356226980217	0.2347836212835126
0.2370133979898404	0.08958440166810859	0.2980735000962873	0.14713990603650443	0.22818879420925905
0.25613182418733516	0.10111766995522135	0.26980381644793755	0.14228250030955114	0.23066418909995456
0.24075205567574423	0.09233259130194266	0.270275721275076	0.16199803624042722	0.23464159550680963
0.24286209138677572	0.07826576523368815	0.30005159852860475	0.1455812663043518	0.23323927854657933
0.2421336581277193	0.08066422846508925	0.27842757135925994	0.1583985839826378	0.2403759580652935
0.24317320115119448	0.08141953866386217	0.2777408798842852	0.1653296170330435	0.23233676326761443
0.2321186863322486	0.1005790240173743	0.2890311643717405	0.14986800014260893	0.22840312513602742
0.25106171642632447	0.07838828387758093	0.27787867151179585	0.16322739211535214	0.22944393606894634
0.251521885225813	0.07434757079337229	0.2810689172670263	0.15374541717468027	0.2393162095391079
0.22306947165395852	0.07664859535245942	0.29398923172798147	0.15674557338054343	0.2495471278850569
0.241274568812872	0.08029017998947764	0.2879919516940469	0.16651967840506277	0.22392362109854044
0.2542755634979452	0.08545937491199816	0.2814144836344751	0.14739178323183533	0.23145879472374598
0.2455296023748796	0.07581516599128844	0.29174486885332584	0.16007709637876588	0.22683326640173995
0.22691872326411616	0.08338192429747983	0.29683470907136983	0.16868015166038894	0.224184491706645
0.25796188062471104	0.07407895630300404	0.29496999276003644	0.14842021186533394	0.22456895844691427
0.26008117435332084	0.07999078012143315	0.2893413017981217	0.14255525043992268	0.22803149328720135
0.23246767870583807	0.09244001223669013	0.27669810823056445	0.16400786528334754	0.2343863355435596
0.25683945137767983	0.07768683844405593	0.27376188271002133	0.15584754780410676	0.23586427966413587
0.230150707067825	0.07779429686847039	0.2904020528185445	0.15595470464255085	0.24569823860260903
0.2608147892018564	0.0917246577254208	0.26932033691314633	0.15353789073252444	0.22460232542705177
0.2580546919391214	0.07559723574994501	0.27762202259408775	0.15336522970691815	0.23536082000992747
0.2331284813178627	0.07405250644251835	0.27766483879344456	0.16757876461158822	0.24757540883458592
0.22684353298469911	0.08672192890243784	0.27578468784185156	0.1610700764475741	0.24957977382343713
0.25265626636772626	0.08555127722601727	0.2870428233441314	0.14549754178859775	0.22925209127352708
0.24135706843194588	0.0923627141155133	0.27464984630936606	0.16020630146274834	0.23142406968042617
0.24819539030638785	0.08353394515753108	0.2724053646690955	0.15120279644085474	0.2446625034261306
0.2375160383768169	0.07912730845632197	0.29237827926885507	0.148726737538749	0.2422516363592568
0.24069952423793062	0.08184408598497771	0.2760816235414303	0.16446427670980543	0.23691048952585575
0.24323112616891268	0.07637774699157125	0.2740067726156056	0.16396450411406793	0.2424198501098423
0.23705309492125348	0.08214093619517074	0.2831018861585092	0.1666568306110214	0.23104725211404492
0.23272367935173954	0.09030476178345134	0.28819277872409876	0.1411825566375043	0.24759622350320581
0.23013280840436856	0.09208839974048519	0.29909626622857616	0.1485789579531961	0.23010356767337375
0.2607818723903727	0.07534061400970828	0.279012681305146	0.15002500967057478	0.23483982262419795
0.24871708350988075	0.08323538556106741	0.2726953341255279	0.16844366751098433	0.22690852929253935
0.2545054709123697	0.09451431898747648	0.2687175015856092	0.143523314703998	0.23873939381054637
0.25163082333169134	0.08877942604772295	0.2784533097860645	0.14828644385162723	0.23284999698289371
0.246262643750868	0.07450476707759182	0.2776174480075737	0.1602405211305995	0.24137462003336668
0.2411047870699685	0.0800767554855548	0.28591829157453424	0.1689959962504505	0.22390416961949167
0.23455181850838258	0.07703130062383616	0.28444663801703035	0.1669668925393322	0.2370033503114185
0.22175323473903938	0.09726052771326886	0.27804987127478004	0.15772965159443225	0.2452067146784792
0.23934275843100264	0.10064556254343532	0.272069368662083	0.15224550527694772	0.23569680508653107
0.24827167220311494	0.09269786427528977	0.2751758599709231	0.14718041779192853	0.23667418575874338
0.22635870295597832	0.07701302211767905	0.30382597997362715	0.15406611789679361	0.23873617705592165
0.24935761570604784	0.08135471258837622	0.2850328152855952	0.14128550924710603	0.2429693471728745
0.22792531293461593	0.09613938634915985	0.26954429216775844	0.16081464068155868	0.24557636786690684
0.2523294211828598	0.08555419699675537	0.27362877820823106	0.15808314728235612	0.23040445632979742
0.23095476717784685	0.0883949633449414	0.29333669291967074	0.15288756934959785	0.23442600720794288
0.23452706351418123	0.09269765904327851	0.3014571482197961	0.1444532690203695	0.22686486020237445
0.24826447671907131	0.08064660416873227	0.2895154518619728	0.14519879205689323	0.23637467519333014
