0.10966633356520655	0.2784377157211452	0.20587601566259406	0.08576016892783692	0.03356894005507639	0.043137648664917164	0.1402167312588958	0.10333644614432774
0.14588655876580234	0.1741116426684666	0.24405396383907013	0.0875468912623826	0.0566138969526694	0.059207440754293045	0.16223267438996314	0.07034693136735251
0.1164151862386599	0.12263752659983329	0.24144934526925013	0.12680942638302556	0.054569764053491995	0.06037674854287449	0.18034105845400555	0.09740094445885887
0.16154719884440757	0.12081107049462224	0.2426501570143384	0.08414987186676627	0.04461017906288363	0.07280476966252022	0.16765670677080546	0.10577004628365597
0.14496265995782243	0.23463291576701406	0.1544835592899399	0.09606488691635741	0.038023920751774395	0.04181869994298465	0.16472432795152575	0.12528902942258113
0.15457965451876526	0.1458953207116216	0.16270817128291387	0.11062635020939465	0.0481311452104521	0.07199353960542693	0.19513427919346577	0.11093153926795962
0.1279986166970638	0.1259314206163013	0.22827446294257708	0.11819750961590099	0.05739356349407283	0.05919456623519337	0.17664145555766494	0.10636840484122542
0.11999796513649438	0.14926412053737537	0.18067907057566324	0.11235285555689603	0.03449073369858176	0.07358727189752463	0.2098934834840166	0.11973449911344776
0.11848577254292231	0.15505355894807318	0.24493479089006526	0.10996497980864109	0.046220738455933455	0.06161287067378453	0.1454697124258271	0.11825757625475286
0.11104624395994606	0.1825502334039404	0.19651230993486718	0.08903217756892574	0.050394024347837324	0.04233883544951593	0.2178589342078634	0.11026724112710376
0.1624040714610827	0.0689587407443568	0.22894998072130107	0.1325247435489158	0.049112619651365305	0.04305190880566359	0.20173007193304415	0.11326786313427023
0.13621592753608633	0.2594521042784855	0.14887829569488586	0.08134099207621384	0.05396638785751162	0.042266549529929115	0.1750911658991142	0.1027885771277734
0.12734001898584024	0.2756540032819079	0.16973764324315146	0.08751483819702113	0.033196421320397615	0.051442775897430265	0.1800932923024033	0.07502100677184784
0.12100201287326251	0.25335412942104363	0.18326963650669467	0.08777727371925068	0.03077200690252388	0.054338712743423126	0.15605633162936103	0.11342989620444027
0.12295425894356546	0.15824962850091262	0.24633136422035207	0.08527992015988249	0.043750367198403584	0.048350553657348166	0.21116227345541472	0.08392163386412071
0.14036166035657868	0.24990486746628754	0.15414960520567375	0.09461903613859456	0.03165876543857023	0.0631038200405134	0.15063211536421808	0.11557012998956352
0.14212037117110893	0.14452011234315132	0.19840298840621132	0.10084961930097751	0.05477306953501272	0.05408889153797916	0.2140317855727581	0.09121316213280073
0.12548510944739122	0.28500459039916437	0.16020320953921105	0.08766470717680502	0.03618027942076278	0.042517696973191244	0.1459490015317368	0.11699540551173727
0.14657169475515588	0.16526539186414718	0.2129682544488788	0.0912268542917511	0.033539548531691374	0.04375045677088843	0.18409501334325135	0.12258278599423554
0.15752639638512533	0.11097571457786583	0.24072614507445708	0.09620665612269146	0.04858160299091112	0.05066566640933212	0.217538297551391	0.07777952088822582
0.13905238873087564	0.1358606064345644	0.24274511995282144	0.11596150912339698	0.0493442263522048	0.06782874394711902	0.14391080364301279	0.10529660181600473
0.1465299002245036	0.0881702276210104	0.23177269444396562	0.09596490836635264	0.05013067731366158	0.07086342936761436	0.21956213243534609	0.09700603022754548
0.10697552351804551	0.14375755125274628	0.2010500909909842	0.11809501822390575	0.049545313289306864	0.05778655956586215	0.21999496110504405	0.102794982054105
0.16262008684210033	0.2336473196945002	0.18270329676476477	0.10395087568143668	0.05433115899515349	0.04445861988430175	0.1435053848208309	0.07478325731691164
0.12859841236388464	0.11958712797423307	0.2460991547415614	0.11624042529459123	0.0339520800546652	0.06391524537431537	0.1835334497843424	0.10807410441240642
0.1310510222706592	0.26209430497391345	0.14959887910835235	0.08725318023658354	0.03264223683730841	0.07544746133679428	0.1498958157296987	0.11201709950668981
0.10795936981043579	0.16345426521955247	0.21300068519784077	0.10275981901362925	0.055657125749594374	0.07127308842745853	0.1862273388854565	0.09966830769603209
0.10838381572939348	0.2936447379787521	0.16278943923913725	0.11233864970682629	0.030597376601656	0.06385741815496696	0.1518826969059413	0.0765058656833264
0.15962672532572889	0.06408339589716525	0.22615153104102048	0.12202446685372188	0.05371224376372126	0.06812225759070889	0.19824682631384932	0.10803255321408387
0.1647648576305189	0.1644248307291472	0.24579651916191747	0.08060873304727911	0.040275299089499644	0.0747899781139195	0.14364961031249385	0.08569017191522403
0.1257100537007459	0.1498978101730084	0.23003658628462798	0.11431682047838773	0.03302939712914736	0.05557680026903568	0.17647799459056338	0.11495453737448337
0.1502602898673493	0.28126091420186805	0.1545503904964624	0.10818174021442171	0.03490486967927425	0.04618622885606451	0.13192342559630804	0.09273214108825156
0.12654004623744425	0.14343795919005833	0.24666739217167616	0.08521954216418934	0.052611588959327035	0.04865760575036472	0.18139298155905342	0.11547288396788649
0.1111297693662381	0.19476480394709256	0.19693370182844097	0.11928293081987693	0.051705573451653955	0.0504850888477205	0.16140153403469734	0.1142965977042794
0.12002982645020288	0.19407794726418753	0.198016276864683	0.10670567093101771	0.04435606164632923	0.06100612132760205	0.17400968855063423	0.10179840696534312
0.14512817285565635	0.08224226164635501	0.23031682716436158	0.12969421884063423	0.0561470415413475	0.04417803169971886	0.18790784107180702	0.1243856051801192
0.1579357100912081	0.13093874834014535	0.16462734207964247	0.10958783904198338	0.05710428241184409	0.0710857921696931	0.20640533691538132	0.10231494895010196
0.1385301050651323	0.16629835218014294	0.16366893105616284	0.13073593895531277	0.047672586882401835	0.044220109828911766	0.22210185648869518	0.08677211954324013
0.1134627181762651	0.22967588522914473	0.21144444490008363	0.11658384459826614	0.03666689253389274	0.06399546541153693	0.13710478543791585	0.0910659637128946
0.12177306375747889	0.24681691585158688	0.15220901653851535	0.11254585259806842	0.056147376132375484	0.06382989090640717	0.1663952987202949	0.08028258549527265
0.13705302029025782	0.1443670551652983	0.2254689767272282	0.08334405037258119	0.04142387887446848	0.0453963314536409	0.2086147807824346	0.11433190633409032
0.16376019094663685	0.14552074984308327	0.22644775162725359	0.09868038138892624	0.045939756920164276	0.07543389162382444	0.1590052330173531	0.08521204463275801
0.15128688890802952	0.16802891891289543	0.17263277947242736	0.12589976783300744	0.028158654670606076	0.052276230601521534	0.1882289960497382	0.1134877635517742
0.16470578939169803	0.1907585035075331	0.14890203681501868	0.10643430068342116	0.030648534354681622	0.0676232213986801	0.21510564671509025	0.07582196713387682
0.12968562796615662	0.05889390530204565	0.23468639613466746	0.1278931309387286	0.038663564080585064	0.0726654031856587	0.22126794331556393	0.11624402907659372
0.11466540519130825	0.1573202214545109	0.22440122591182823	0.12453667799247323	0.03650357508998253	0.04348142934273366	0.2047992088196344	0.0942922561975286
0.13018195518496076	0.19952230580266628	0.17046626401202233	0.08243534294910099	0.049212783193770024	0.07575360730781447	0.16710863162090805	0.12531910992875686
0.14743408056215151	0.18882486126990147	0.1928638276666324	0.11727530569571205	0.03769110948264749	0.04286672554038523	0.1599826063368942	0.11306148344567538
0.15813830556732636	0.14238714294202104	0.24543515948339464	0.10611968960698209	0.04787198590462076	0.04625814559568414	0.15031182556521974	0.10347774533475099
0.16374930112125152	0.17082337688892038	0.15848138808684775	0.11608148976387894	0.04571615414663266	0.06743254677069604	0.19279477153306815	0.08492097168870431
0.1299885036577834	0.14991641857894314	0.22439628857960192	0.08298909084722861	0.05409632038168938	0.07368628135243152	0.17594856640110457	0.10897853020121723
0.12917527602378553	0.13712887222345987	0.15493341442359543	0.13195118819667928	0.05469232750670876	0.06574804831782954	0.2005550807074512	0.12581579260049017
0.15698708781941628	0.22414824474961753	0.1548202395555408	0.10477532952165854	0.029612551764158543	0.06360272638562346	0.17812291686712012	0.08793090333686447
0.15415053386127253	0.1888159118830562	0.20367202505488857	0.1129846463870397	0.037579198565172126	0.07116932067684464	0.1483024585801789	0.08332590499154713
0.11378822764830729	0.26976577255715484	0.14931962458597497	0.081251355233535	0.0420491799420223	0.05051580599887075	0.20040484087513666	0.092905193158998
0.11755092101183728	0.2762579106251832	0.17247799878417763	0.08277836524142586	0.044574619163416096	0.0592537632043762	0.1667783190267327	0.08032810294285084
0.1245223155725011	0.2593710976311244	0.17321134286136392	0.10505168656094648	0.05014739334959027	0.04966075660728189	0.14254841911951094	0.09548698829768072
0.135502465794908	0.16949595316602953	0.15737959382254105	0.1263392400440073	0.05482531720533931	0.0587635367872848	0.1996166547570315	0.09807723842285829
0.11504631944790855	0.22609830932163294	0.21155475974647714	0.10931977297580159	0.03869459963696051	0.05118859335888694	0.1645244340770847	0.08357321143524742
0.10905188391677392	0.2821810473408186	0.17692454100090443	0.11164866227568698	0.037244441569333875	0.07461050614429343	0.13555633380003945	0.07278258395214907
0.1563595916735807	0.1534792908569538	0.176765928324533	0.0900329806340906	0.048627929466686065	0.0698024251331876	0.19364265702647077	0.11128919688449725
0.15329568574647223	0.1319477084644823	0.23255613630675293	0.12047848097497582	0.039329470018448776	0.04550851274042102	0.18281350168494712	0.09407050406349958
0.12404475293693606	0.16820760815802532	0.23306399040857012	0.11167244473786167	0.03592997738193758	0.07103322583392593	0.16886603756192736	0.08718196298081578
0.13737547186609286	0.17966291026067702	0.17727855267496695	0.09388246140978192	0.04485374909466748	0.05998793153499671	0.1816777857678758	0.12528113739094107
0.14651280491189597	0.1274030884370407	0.2202573922381208	0.10044291995995887	0.03274329082568031	0.05747026685704258	0.2134203686134954	0.10174986815676508
0.13631216206040134	0.2142531586118096	0.19078128685811985	0.10526982665219468	0.043119614169918774	0.06860579444531505	0.1378000308350382	0.1038581263672023
0.13302569603548178	0.15479406492359662	0.23175230488577847	0.08039388435109728	0.05350949894377398	0.06269134432466089	0.18166277361178954	0.10217043292382122
0.1346798321120164	0.20040588870376155	0.20724402535341432	0.09680374788294643	0.051948069550023374	0.05236326529307582	0.13590569911748693	0.12064947198727494
0.13302211742764328	0.15987469048906838	0.16448755091118705	0.11843288521030623	0.04385066622517056	0.06834136901044072	0.20481328949877128	0.10717743122741226
0.15341141363126393	0.19095492799774827	0.1770798844573773	0.11884151045880374	0.052073000486200643	0.045821277765277696	0.1890835297312125	0.07273445547211571
0.14653614877114501	0.17543137312947954	0.16619960748322454	0.12046488102783956	0.051254475000776054	0.047562075896482175	0.21982289549429396	0.07272854319675891
0.14672231273269062	0.151655694322582	0.21420200877105708	0.08406890649682439	0.054744589542906036	0.04448236523025423	0.1914136769206109	0.11271044598307448
0.13237739100788132	0.2645010432248904	0.16813407595952126	0.11222301266380472	0.0317304256081664	0.05609009620475372	0.14340736841171461	0.09153658691926735
0.1303122507109055	0.2322973744190341	0.1564767145995872	0.11794919900247328	0.04558561882023805	0.06699901947385331	0.132947722936547	0.11743210003736135
0.10806030950079121	0.24995652507480082	0.19173699641970815	0.10060547932352003	0.04250194068361875	0.04780150640141084	0.1518379581801496	0.1074992844160004
0.14007678327764725	0.15372618645100453	0.24045340173709778	0.08091916830287124	0.046593388595499066	0.052699863898219415	0.19440057829377977	0.0911306294438807
0.12590326732158813	0.08827603835181105	0.24343978969782623	0.13085998326658504	0.055898965977426884	0.06101098890020212	0.20195476909429752	0.09265619739026279
0.1470330592911717	0.1555988828480918	0.23402656611818806	0.10501353081504568	0.05067848160075235	0.06597216402674258	0.1686931098146079	0.0729842054853997
0.12473639583576977	0.27935134759564606	0.17035920080924877	0.09002977350281877	0.04409678889729443	0.05571965734459046	0.15784711454251954	0.07785972147211195
0.15731723627862904	0.1529237750089031	0.17437156076212362	0.1097537913160224	0.03584643913818249	0.07144206495999375	0.1814421726228519	0.11690295991329347
0.16036293321741793	0.24888500732137317	0.14978238134741373	0.09601256085145696	0.03354368279481276	0.063124627889217	0.15707826492736365	0.09121054165094454
0.13741521861111028	0.22490055694952243	0.2108704905581299	0.11937979187080547	0.05252648791739514	0.04310109842938435	0.13585356417754832	0.07595279148610384
0.11769009222518678	0.20245587339761717	0.15560322306294763	0.1286611032750341	0.04173865655802285	0.07060609297933394	0.16692069126492495	0.11632426723693236
0.12467005513591013	0.1858484338356284	0.2266568644482111	0.09427811336620083	0.044432045931974806	0.0471570033002624	0.189645667797246	0.0873118161845661
0.14772270817438773	0.23711561031091927	0.19820839997828266	0.10495937936612754	0.029630059905309716	0.05265176702448568	0.1522323427989353	0.07747973244155196
0.13051630464040992	0.22088808112413	0.15325186119035256	0.09721865759305637	0.039668983567079805	0.04795776174894631	0.18373769041093735	0.12676065972508752
0.1249891579019151	0.1646353293953446	0.17377265644004986	0.1176065459891696	0.03038186828262547	0.055477318718181456	0.22020655861146898	0.1129305646612447
0.11890272249233316	0.23615600288135818	0.20392290618854372	0.12129186997698234	0.04736031811346883	0.05489593125510442	0.1403020241707069	0.07716822492150227
0.11630926931730079	0.17812074314598142	0.1856247227388438	0.08766809844320017	0.05515048191311203	0.067095088890749	0.20128569533295115	0.10874590021786135
0.11945165394724053	0.17278227099550042	0.19514219359389412	0.1098513459239371	0.055957410774028216	0.060214684730204	0.20854642739613427	0.07805401263906114
0.1438996845990882	0.2142710063876217	0.16030235112156446	0.08125474640122882	0.03285059505782541	0.05485244061045047	0.196895014382987	0.1156741614392337
0.13948513614688735	0.2819745660299918	0.14924474478324704	0.08571281008985102	0.0351461563586338	0.05450577474271526	0.1350567727771439	0.11887403907152955
0.12455903433785251	0.1303591378640165	0.230161810737265	0.11123057041819448	0.029234156695262123	0.06956873516603398	0.2076095248249883	0.0972770299563869
0.1174757173039293	0.24812696877109378	0.1583979854308611	0.10293297609058694	0.05424427394927088	0.06780872229981741	0.13908270816857723	0.11193064798586318
0.13922856945799456	0.22636859702986487	0.1716377304788182	0.12612115259938572	0.05512563934285185	0.06490313550196292	0.1462068342745585	0.07040834131456314
0.14601249955952228	0.20023846097435533	0.18729733186074554	0.08458854265423321	0.027825468095039843	0.06631676817247989	0.2084094372224502	0.0793114914611735
0.1273383685740841	0.22800298690331217	0.20648126791841676	0.09146493720947954	0.02846599985955535	0.07322202236911315	0.17411450098919493	0.07090991617684379
0.11402289958394687	0.255799071648802	0.16804451843587165	0.12555871942144584	0.02907934352696187	0.04918771062611317	0.156986203913088	0.10132153284377031
0.12900932792041184	0.18761000653067095	0.19240364845860855	0.10540302902855955	0.03549884585661109	0.05270775171272389	0.1931667404109093	0.10420065008150457
0.13653883523429486	0.14019932900942755	0.19556058986184638	0.10003748084241645	0.05709934745462589	0.0657739393484201	0.21786683114943098	0.08692364709953761
0.13955716966747017	0.15063922138646435	0.22711758418172232	0.08699610991931175	0.03678789559380752	0.058959552984388625	0.17476153762309468	0.12518092864374034
0.10705689825520737	0.20433739880888932	0.21412496796300087	0.10560875750433059	0.03606786585028883	0.06774881676443888	0.1625957212181091	0.10245957363573478
0.1349744637192468	0.19530366670704363	0.19328052565420062	0.1183939976989571	0.04348238949767115	0.04350853559033192	0.18516864390452098	0.08588777722802757
0.13069120881857277	0.13302543275677378	0.22406436964720328	0.11277615787624162	0.057295697102300785	0.07064691067921372	0.19134983484123735	0.08015038827845647
0.1081791422252822	0.2607017085191319	0.17560421609077081	0.08148346158161882	0.057273132208746	0.04429463902774937	0.14480511739566934	0.12765858295103139
0.10850266240758091	0.2661388899459385	0.18484830953640397	0.12966807781237843	0.04361218861012674	0.04308798867500534	0.1337381585842472	0.09040372442831872
0.1179808921975074	0.24233616793499535	0.1983621027315628	0.11644742811519938	0.036541654389592074	0.04908972192400789	0.13414930017311072	0.1050927325340241
0.11193365738414333	0.2232803733721741	0.20609160333594106	0.12110652477597868	0.040184636468597004	0.049994730125678455	0.15704334335270104	0.09036513118478608
0.16343017223125078	0.1467563868099388	0.21611843502099737	0.0890755807721969	0.05179075386163051	0.05086898164155354	0.18961495608907009	0.09234473357336173
0.15572960556209564	0.09596592228317258	0.2246403943979815	0.09346034490204227	0.04836727212164656	0.0634264646555279	0.214364217565122	0.10404577851241126
0.10970181153033369	0.2403542089759076	0.1699778066627717	0.12054161362409742	0.028707581654062037	0.055860961150455524	0.18146096561149166	0.09339505079088015
0.13427397859303863	0.16685044407920396	0.18352808536072235	0.11081168115502042	0.05311200341039875	0.06969540337527924	0.18510735626014166	0.09662104776619476
0.1620167529021393	0.18296803498514802	0.18902262997633257	0.08082310660933682	0.03423938038292226	0.07563539449610614	0.17518637834147519	0.10010832230653946
0.1177553410985064	0.23945751151797418	0.18041767092972144	0.1008609556636254	0.040490662930031854	0.05862252747990147	0.1748141774446046	0.08758115293563444
0.13610745041250674	0.26913037436551723	0.15743705306504543	0.11325222597591177	0.03399679301547889	0.05805718841294631	0.1311210737145884	0.10089784103800499
0.14489658706100922	0.2384981243102426	0.15170595950667864	0.13183926157302023	0.04495804711462992	0.05375637090462994	0.13087266737112307	0.10347298215866615
0.11339099049717935	0.1733946849895277	0.2076587383634823	0.09000261575056245	0.04031749926282088	0.05305770091182341	0.2003584627497529	0.12181930747485067
0.13944735434748154	0.2011036461400992	0.18849630061501343	0.12506831921867564	0.05701586492292959	0.055027916406529	0.1599151336135181	0.0739254647357532
0.13479058209733247	0.16403456482443984	0.24626298317342268	0.10556418889774061	0.031140905998853136	0.0492831104990961	0.14109364904419922	0.12783001546491574
0.1410833739833813	0.2272102927750756	0.16315636418875973	0.10793924279213828	0.028359616499358573	0.06051758219839112	0.1498126302787999	0.12192089728409526
0.11225626932210991	0.19136629917291004	0.18807648325155948	0.08692026043594565	0.05580558138663075	0.05147318038298475	0.18735452909618927	0.12674739695166987
0.1470236116239982	0.15897721162233253	0.2287114205699605	0.08189193233202613	0.03718260953150662	0.055535492039102546	0.19927175358016186	0.09140596870091139
0.13337059998122933	0.20017285173511742	0.1703745829944625	0.09368394142476405	0.038260657860609726	0.04968322278331225	0.22296504244545068	0.09148910077505377
0.15004704192473198	0.24381862062816428	0.15199919164980652	0.08704817074748444	0.03473835165381928	0.04534849296025603	0.17278477933516587	0.11421535110057134
0.12896706704746322	0.23808070415651772	0.15398736731164364	0.0929217487884598	0.029100900031484286	0.06877581805774965	0.17656903533253193	0.11159735927414953
0.1624787661594396	0.14113787502436198	0.20410908238257197	0.1035795692241348	0.04050564939209192	0.05502406875468113	0.20550024510722112	0.08766474395549723
0.15123584873117168	0.12147012146994855	0.23334659673251817	0.09881811088779802	0.02909276264803229	0.06394637615518187	0.22231148031656528	0.07977870305878387
0.14009933707560412	0.15159558364021927	0.24495016953441168	0.10308616493845811	0.04012168505106496	0.06545326610070978	0.1315859270768849	0.12310786658264693
0.12752977327561163	0.1941229462365273	0.19089500984252977	0.11361414388212324	0.04786044754553968	0.06786366015557796	0.1758555758870715	0.08225844317501868
0.12460220973689537	0.16821782260067525	0.2240990855109799	0.0964335949720313	0.05102841242586234	0.05775430972242045	0.16018567250298943	0.11767889252814573
0.14369398115818996	0.20209862596789324	0.1530904406784327	0.11151754303408001	0.04555680780181241	0.05054565826552221	0.17331618346333258	0.12018075963073671
0.15712485379035407	0.16459997444856697	0.1930897614103388	0.09448266766127937	0.035540025523742	0.052207148683552404	0.21518488740175165	0.08777068108041447
0.1380033496488033	0.2636144143813015	0.16734032500585821	0.1284520014234128	0.045112130939516715	0.05099342189981651	0.13104337160386043	0.07544098509743036
0.11880047871817806	0.12745419188658735	0.2303613136364368	0.10844449556807086	0.05520858050712042	0.06718013161262185	0.1910045096589847	0.1015462984119997
0.12389528565495497	0.25097697810296704	0.17443251461353082	0.10094991000562084	0.034324304187400165	0.04968035399622828	0.16942771058193817	0.09631294285735953
0.11554733923143061	0.18943807305391527	0.23642882833102796	0.11868765660175894	0.03293699442295184	0.07453103851526885	0.15882350689110777	0.07360656295253853
0.11729346980573814	0.17618031317923516	0.2277259890638727	0.11226838567223012	0.05583503786378696	0.06531018499570033	0.13702107714725184	0.1083655422721845
0.11554606179857901	0.2231538909928915	0.19068943547988676	0.09284551409483834	0.03164177679573586	0.06979605560037414	0.14931896566316738	0.12700829957452675
0.1466915779542874	0.10563777430024421	0.24657318778620282	0.12007478961395053	0.04424971164404563	0.07561954144190025	0.16033960357851237	0.10081381368085658
0.1505010705110387	0.1833381095929284	0.2008447758195575	0.09777703828099082	0.03827865385667552	0.07261566770634073	0.1497446810945844	0.10690000313788373
0.11445692211318978	0.23748581206938188	0.2084757949291446	0.1263387170227783	0.037101464671727355	0.04739259489592436	0.1481088486227077	0.08063984567514583
0.1196953457812116	0.11562750916170388	0.22203820049298545	0.10378215309513436	0.040081533811038086	0.07590241572356136	0.2156631923356888	0.10720964959867618
0.14031946552365107	0.17566004481581798	0.20846065890770393	0.11871424907086933	0.0361071225849995	0.0578955194714557	0.1713771939658618	0.09146574565964041
0.14410918179048732	0.16040485392686948	0.1818237833605872	0.08922597460154427	0.04945631213450517	0.07575558445398634	0.22048738588766287	0.07873692384435717
0.15341797578132232	0.13834092934466505	0.24057901669799747	0.08914212672622954	0.05734502031919855	0.04544121591000813	0.1696603696431912	0.10607334557738748
0.15463227424881176	0.10940050751917654	0.22815400580262635	0.11601640484248431	0.05258411019719553	0.06686768757402584	0.19188876537279798	0.0804562444428815
0.14712660175423514	0.2412709862507506	0.17196144024631554	0.10824528489242313	0.0460063169129353	0.043240926046665754	0.14574606994571454	0.09640237395095974
0.11443155757855111	0.2324804833258195	0.17829084396315878	0.11565706881042971	0.0522996478056033	0.06569628683505854	0.16941805548110891	0.07172605620026996
0.15139985533832476	0.10250176108209712	0.1664892325219566	0.12616607220169093	0.055128513069389776	0.05542070778529144	0.22020915763413407	0.12268470036711504
0.14563365462562478	0.12614353438509876	0.23062252000338906	0.10776635075956954	0.045857549496156905	0.062286525348586586	0.1610209273083368	0.12066893807323732
0.11196835403247266	0.15295888757344406	0.24433311424802523	0.10440589971353856	0.029546569515704682	0.06962587089483205	0.16110144965473686	0.12605985436724573
0.10932119868286017	0.3218991472427756	0.15704430476839498	0.1055124358170247	0.0343444021876092	0.04503046372533337	0.15592926597805487	0.07091878159794693
0.1227548279268258	0.1731120264622277	0.1944231552729172	0.08659401548335247	0.043411179992618454	0.06317241405452104	0.21203494628036312	0.104497434527174
0.10892785046784005	0.1852670088049515	0.213597983875435	0.10365949472662997	0.0370301814046972	0.06420112762392684	0.21704072351875675	0.07027562957776244
0.15579867159048325	0.1145300663439647	0.2129878038554452	0.09577896013454558	0.03702913955648847	0.06482167637701108	0.22204677458771485	0.0970069075543467
0.16177683654911584	0.21944509245288407	0.15535696497769816	0.12243273578746972	0.02784151810869709	0.0467218683365621	0.15809920158165136	0.1083257822059214
0.12701608416096857	0.23467922053611734	0.179840530897022	0.12190519695786481	0.02863801610827571	0.042680252549085015	0.189227311833205	0.07601338695746135
0.12139693328419283	0.1873613792877633	0.21809844143590473	0.1284612550983442	0.05403813315851634	0.04878549653904793	0.13654426809267686	0.10531409310355355
0.13072366023044865	0.0718779329368155	0.2237131181362808	0.11448673590496093	0.05629416852231629	0.067941191309569	0.21349069217498828	0.12147250078462031
0.1487566393846499	0.17253031188787357	0.20890934304424982	0.08384885884339152	0.036532779934913245	0.061930893915948096	0.16938729606703518	0.11810387692193845
0.11928572681002643	0.24150751566649814	0.1615503589098731	0.10448005946497224	0.033381872362228615	0.04196462229134991	0.1706826685554998	0.12714717593955155
0.155753443233645	0.22027960147581127	0.18271955436113185	0.13053897001957657	0.030242804863820097	0.05108058372846158	0.15354126831104759	0.07584377400650577
0.14141693114647635	0.12695354010132673	0.23697599363528649	0.10864409470224082	0.028230517944570307	0.0428571775748325	0.22105211729590835	0.09386962759935821
0.1206012717784645	0.26296208024519385	0.16406758413159933	0.08624700856929056	0.03464125139515464	0.06047675100006922	0.1954196170015898	0.07558443587863792
0.1279217596888629	0.14044684271902494	0.20847843761420792	0.08853804297553611	0.03103380422885825	0.06352797415215511	0.2168912724809477	0.12316186614040685
0.1386150695994451	0.30924801519630785	0.15665582103735554	0.0971298131801396	0.03778745562988725	0.05080508295168358	0.1375285759820388	0.07223016642314206
0.14065398236075102	0.11496334336993165	0.20583195621448275	0.12955018639808044	0.036524762124070714	0.04181975530758854	0.20916334407270726	0.12149267015238735
0.14692160583987895	0.11689243753702955	0.21004694701944526	0.11781546695129343	0.04802023876527252	0.04660574778898095	0.21206347584798652	0.10163408025011264
0.1212422934158795	0.20854032172496537	0.20815832439862678	0.09323903300370513	0.03226569868238789	0.04674846899110789	0.20042947298888258	0.08937638679444465
0.1451721926033035	0.2583116644486332	0.1638466265926362	0.08645381621903063	0.03579918892057968	0.06780668587054436	0.13960305093888203	0.10300677440639018
0.14430347366197094	0.047172039993402914	0.23642852837801437	0.12377606942506293	0.054769466185506044	0.07360803636725441	0.19508952188887074	0.12485286409991744
0.151500606010669	0.22817418360104533	0.15725215430950024	0.10242118661818134	0.028992774520713804	0.0437101449568192	0.1984166362087909	0.08953231377427998
0.1334205836705528	0.18693931537618477	0.2111298645457093	0.09867893673743167	0.04765406301306632	0.04524223947288368	0.19907816670181766	0.07785683048235358
0.16386974283686798	0.18600512543339845	0.15455377682185867	0.09427079263054923	0.05230607440070699	0.055328103484707514	0.1985164976749036	0.0951498867170073
0.10809983340559666	0.1773368637168084	0.24226412464131375	0.13109135931311908	0.027913531759348437	0.04880087759676033	0.1646277541986934	0.0998656553683597
0.1277737717412176	0.12005475540754437	0.22265526894541982	0.10745653349975118	0.053988500004988366	0.06650632795857901	0.1758076869544498	0.12575715548804967
0.14252209060860924	0.18812475438432455	0.1791092471346693	0.11773784882375299	0.05185951960723395	0.05343457378039855	0.1771822645455115	0.09002970111549971
0.14397947919374976	0.14660809761814098	0.18518234633678504	0.11702654238916096	0.0343886471612426	0.055130793089976954	0.19337509838210556	0.1243089958288379
0.15775495302019207	0.14464861252869876	0.19390882446658841	0.13275244606160969	0.0388826334384056	0.04539804386331514	0.19722677636799613	0.08942771025319392
0.11815017082624411	0.2644667083437819	0.15115440503195707	0.08373858673439233	0.056707703125473824	0.0673996870404349	0.17808465722754868	0.08029808167016692
0.11409419793340013	0.16299990368637074	0.20151064894709697	0.12976946431149597	0.037200494259533715	0.06623710190290225	0.1624716698694535	0.12571651908974657
0.15558859983880546	0.17843302864531854	0.16671531634572778	0.11299889098121885	0.049836730323090536	0.04418802270862361	0.2146366092127725	0.07760280194444248
0.12218305453208801	0.14744338945745106	0.16866262322623596	0.13244226220152389	0.054275003162791505	0.06454789919647871	0.20462675436411787	0.10581901385931278
0.10819960989732985	0.19659570928630807	0.1898712306098092	0.1015270722845353	0.05537399719630451	0.04290975793771361	0.2158962722506534	0.08962635053734586
0.1454789589644709	0.11448945278031677	0.24194152250828393	0.12174291478818348	0.045476509201762425	0.07158736852974848	0.18660379103192398	0.07267948219530976
0.16656839943887544	0.08387768783638061	0.2268585057818831	0.1306362932023411	0.03637103332978453	0.06967942926422407	0.16473598553918903	0.12127266560732186
0.14414957611844267	0.17347625733298547	0.23818925030230018	0.08332972823398584	0.04724950696798125	0.04769611918332213	0.14832045439610272	0.11758910746487954
0.12258882962260409	0.20636136508138236	0.1805425764714921	0.13151937944588593	0.030917061482006458	0.0688621745444904	0.18212927641037657	0.07707933694176189
0.10703230494148509	0.2356349541094191	0.16512936420087732	0.12884459325802056	0.050208621418523655	0.04524038542874066	0.14515810261091053	0.12275167403202285
0.15682713249076755	0.13212020182034717	0.2193951033964836	0.11062735940322879	0.051026149588941375	0.04245024965991065	0.16560010503266928	0.12195369860765135
0.1509476147862383	0.18438497412250623	0.19549774836345496	0.10665526804934791	0.03305072370371119	0.06694020372166477	0.15904345640258927	0.10348001085048714
0.14879751974306482	0.054879165827658616	0.22376421892988063	0.12258068146331501	0.05719449050558051	0.06167867128293887	0.2127087421057214	0.1183965101418399
0.13467659908377963	0.3070847107701855	0.14852975147082287	0.08871722673889706	0.03202027715388901	0.07030174767719397	0.14148714839751722	0.0771825387077145
0.11709567981999242	0.19818251904161255	0.20845992886348508	0.10070718144067585	0.03182916289862041	0.042245609774081816	0.22290225596448887	0.07857766219704282
0.13452081452092265	0.19283659996488148	0.18528284849139462	0.10514390571388496	0.04626988043651113	0.07602468685079695	0.15942726166714138	0.10049400235446662
0.13745126152355958	0.20803313756740366	0.19639526414477027	0.09788177585015874	0.04906598105293555	0.0484441659291249	0.1446944595034473	0.11803395442859975
0.11257288522023662	0.2026705360901609	0.21640914361908886	0.12620169420120136	0.043904153528618414	0.04531137094775632	0.1659260702594708	0.0870041461334666
0.11278518142504691	0.11562343188383258	0.23793477804523128	0.10970887660222554	0.049065103537174956	0.06813989760124121	0.21135589822133166	0.09538683268391566
0.13876760048629488	0.14633429848934865	0.2378782057325742	0.12388185675006193	0.030920697522202778	0.05598668360316765	0.18928689335128496	0.07694376406506473
0.1654631852732555	0.13850684489804366	0.18575000309029097	0.1272742033197337	0.054559887214098435	0.06258030170701295	0.19278541686472805	0.07308015763283651
0.16454565409217303	0.1840581979943383	0.21949031251995943	0.09735696900929773	0.05727887920387574	0.057649629450146095	0.14002781051157287	0.0795925472186366
0.13534996778996047	0.10440593517622349	0.22643135777823364	0.08172873814707418	0.04953993673368226	0.07253562601431268	0.21719503070658724	0.11281340765392583
0.14998827382644542	0.08404364808649001	0.22614326864068973	0.08966701449563638	0.04530879896899874	0.06751238815206366	0.21304507573734793	0.12429153209232799
0.11220908374925483	0.2682037497351933	0.17512470787488926	0.1275363376060795	0.039537246306808424	0.058685704551940734	0.13291937741442567	0.08578379276140813
0.12519406323959667	0.2533424563092428	0.17168180682428413	0.08736975342092689	0.04998784252887825	0.04340670559708534	0.19412495890544168	0.074892413174544
0.15441372219666843	0.11049195142497295	0.19897048398667114	0.09658782544373483	0.05002497160577474	0.0720464701272033	0.21626531575559393	0.10119925945938044
0.1323395802118266	0.14952274635283275	0.19212511533282617	0.08898228201290648	0.02971817631570367	0.06269514455284836	0.21768978251847323	0.1269271727025825
0.115109576296833	0.17482910219848155	0.22286720101630347	0.11627881725610681	0.04882698010108816	0.05800686462452864	0.14165902730719473	0.12242243119946346
0.15050131544099304	0.22648433390204767	0.1900061361502734	0.099185931332982	0.036547404277645565	0.044143250092799485	0.1325983803358913	0.12053324846736731
0.1624989644390476	0.1217475173151562	0.2437938176127539	0.11569500171382151	0.04237987532636797	0.07360754325781083	0.14105732015375977	0.09921996018128194
0.14106077677234297	0.12969231014101915	0.24807805552078288	0.10418277251303801	0.044496014068311454	0.06040045520581751	0.18010119164115934	0.09198842413752847
0.12360653613301567	0.19773541017706692	0.18443887321058772	0.12334675612807697	0.050037167617689934	0.054266463832179535	0.15471301115033717	0.11185578175104581
0.16001683576224185	0.2526113012801028	0.1574446025507637	0.1165658192239922	0.027573958739411736	0.0469453133960159	0.1320862454688947	0.10675592357857694
0.13691178747577995	0.1947859529546202	0.22489154908941322	0.10752372150011882	0.036057728146713736	0.04652814086378143	0.15075827754846233	0.10254284242111006
0.12235984404135977	0.17596315802164045	0.192472752843458	0.0938627422844631	0.04668135424010264	0.05642061907689315	0.20055590453866534	0.11168362495341733
0.1509953609529626	0.20406659996588367	0.2282197552638378	0.09512573321246658	0.03249374297887299	0.04516328870510469	0.159333909961838	0.08460160895903346
0.11502448984043526	0.1511442103031799	0.22446050777298	0.09000707054299764	0.03746002099788155	0.057703610209753856	0.21909840328847452	0.10510168704429709
0.1296755684730412	0.17603470707917715	0.23235665659233898	0.10844033895340105	0.044099327419750964	0.047367758397392504	0.15973787055644856	0.10228777252844944
0.13956788041941864	0.21955889123629857	0.159092483938348	0.10542136288435615	0.04792978578438571	0.07606692282499974	0.16765219409435606	0.08471047881783694
0.10904522548861595	0.22304476314812888	0.21479629851029763	0.12330406859515779	0.04066387379237957	0.0653824589866689	0.13928469518155467	0.08447861629719641
0.13543748350283427	0.23547156930555455	0.20209387372015555	0.11025488363372567	0.04018253695786006	0.04778663690036834	0.1418423074577095	0.0869307085217918
0.15136818869007776	0.2018664440821077	0.1800366778542591	0.11849429589986976	0.050204919441387136	0.05416108506588703	0.15698834902175576	0.08688003994465554
0.13006273607350152	0.20649904526416013	0.20115699164146214	0.09584252675379243	0.04962158584605264	0.07527454865920766	0.141919182549621	0.09962338321220227
0.10954236394247036	0.14712205868806047	0.23698693572534496	0.10581091781622885	0.03210113473892183	0.06232560804155783	0.21139793767970366	0.0947130433677118
0.16329278462469762	0.15236108130037918	0.2035578288534473	0.11045008052761868	0.02900466256503391	0.07524856075400213	0.1862458371048439	0.07983916426997703
0.13403420142994746	0.1034197568591971	0.24650603210371044	0.1260148149500099	0.04425475393673635	0.06846599290872069	0.1815196969251902	0.09578475088648758
0.11120564110036107	0.19849841097567242	0.19287340730906527	0.11539811133316594	0.030189672939236106	0.04976007091381596	0.17942109054051697	0.12265359488816609
0.15522435702242368	0.24632856891872248	0.15085178448561548	0.093443904543027	0.052509496882064605	0.045424885239897	0.1369500061553151	0.11926699675293441
0.15624095392802326	0.16647066015782147	0.19204987537419232	0.08298858527840931	0.04659665743383605	0.07570054408271412	0.18296195515048277	0.09699076859452042
0.1637370117717165	0.18814163508652235	0.14927779504528316	0.1301482628174617	0.02817168270144821	0.05749371450083372	0.19168222371137192	0.09134767436536223
0.10841969398700355	0.27035156699940327	0.18354369715682048	0.10350887461443949	0.040951994560234864	0.04325545405015993	0.14467181483725305	0.10529690379468513
0.15515385909161203	0.20186847736466462	0.19399113340391191	0.12109288026552784	0.03877053006319811	0.04332354941078989	0.17343900117936134	0.072360569220934
0.15358639511369046	0.2462035445532498	0.14950836283866456	0.0805518419785104	0.030429501438402562	0.04971600385618083	0.19133249236756295	0.09867185785373826
0.16397419956891696	0.16254239708026208	0.23460514571469532	0.11516155507590421	0.0538632785684824	0.042402918805459974	0.15584222380363844	0.07160828138264036
0.16640558301882905	0.2681180334900674	0.1738399108865518	0.08586461728984912	0.029482034017897646	0.04865858324701916	0.1395760439384164	0.08805519411136922
0.14597270376868615	0.15710436080788573	0.1808336062193302	0.10386205879553005	0.041442374849248925	0.049054906629596454	0.2144313180378128	0.10729867089190948
0.14089740814518215	0.10205155627202023	0.2142586850788265	0.11968168408193944	0.04551224736880867	0.06432130695617881	0.2096679627667182	0.10360914933032578
0.16662908328941045	0.14820746646063276	0.21020583940321935	0.12742409750881756	0.049450031744382644	0.07070823353513817	0.1545467290241124	0.07282851903428643
0.13102603998826431	0.17520779003498657	0.1643286160519391	0.12180853767524807	0.0530605211305243	0.04678900831842987	0.22192980998432	0.08584967681628755
0.16645727640001676	0.19763045636402238	0.14782588621428724	0.12376477831669794	0.03123917493523136	0.06691250840384902	0.19602423706016858	0.07014568230572646
0.12879220533473493	0.14351361419821246	0.22672860493072922	0.10638555344776757	0.04786738887474845	0.046493567989498996	0.17910906481464564	0.12111000040966252
0.11694019794626442	0.2359386116138734	0.15940354879341656	0.10228736417564402	0.04996489319890354	0.07046660335570779	0.17867300204152983	0.08632577887466025
0.1354128900130941	0.1591969083724339	0.22617906158788448	0.09114233045123213	0.0471470830103284	0.05415581613833856	0.21580995684057064	0.07095595358611764
0.13647189142444785	0.17766332335083898	0.24129831997703988	0.10528576988397235	0.04365012098506818	0.04651226025165865	0.13673356626998287	0.11238474785699103
0.11109505711182192	0.25846164761295193	0.23974250204375955	0.10322981585097586	0.0284378819572962	0.0547754983681117	0.13080172040921131	0.07345587664587128
0.1555497729849155	0.20881664242761763	0.15167413626296775	0.08465462330393181	0.05565312478183365	0.07221808530149104	0.14863321265134988	0.1228004022858925
0.1225656685666465	0.20391237314606642	0.2241548111078322	0.10129484656801456	0.05426460718933564	0.04312039093580654	0.14695989981321017	0.10372740267308775
0.16690882720277592	0.14524327364999068	0.18767318120765034	0.1023004829993599	0.05654808725297433	0.04512843729691063	0.17920902588405418	0.11698868450628375
0.11336013978335231	0.29102550053747134	0.1704516622867312	0.08599315628744165	0.027682599692985435	0.07596520900794074	0.1493649442950211	0.08615678810905603
0.15139236189422592	0.21171065882219348	0.21937627942461524	0.09585789482772195	0.05542680266970952	0.04548991830626689	0.144274485970234	0.07647159808503279
0.1211244534448557	0.14809272152452554	0.19063225995994015	0.12114096916720252	0.04280971768323828	0.06167727073337641	0.18850423959952858	0.12601836788733256
0.1316086134828303	0.16562033549499694	0.214620246865389	0.11885990892611019	0.035716937644900304	0.04404920958906401	0.21538221877428088	0.0741425292224282
