0.11168721248066714	0.08521633549296762	0.22637811538113234	0.136582244737299	0.043955734343099837	0.02804441790236112	0.2279498720332949	0.14018606762917785
0.1558514797782813	0.12854863942322295	0.1463777932878705	0.12116931490653077	0.10615700018402618	0.05485407648616941	0.18952796115519516	0.09751373477870351
0.13775688850666615	0.17603020079629733	0.20400147312990835	0.109883363830823	0.13314884245195263	0.07323030501604176	0.04885638818621034	0.11709253808210023
0.11064324222745825	0.10505727728081549	0.14276045998178055	0.13533891855460992	0.16159867575037806	0.03728388076836128	0.21009638792345525	0.09722115751314102
0.12045468219026392	0.08124958227771586	0.16054592199198225	0.13607332095855085	0.1466080663752202	0.07320228158035444	0.1829989890578359	0.09886715556807635
0.12913384012644072	0.11634550644246573	0.2295353387409514	0.14470796139162276	0.056536415716265276	0.06455842393626582	0.11355820440000558	0.14562430924598252
0.14787857718384828	0.1638628832876251	0.1941134195480308	0.09613926030119588	0.1510062556635614	0.05819353859492485	0.07100455339194978	0.11780151202886367
0.15346088655470408	0.08612863496178527	0.1980151962002382	0.10621694449160404	0.24698132618030938	0.06880508437247743	0.04883740212464251	0.09155452511423884
0.13470923260584552	0.06615475326962188	0.22927334293266582	0.09029429612163681	0.09138245252330279	0.04542286481625228	0.21399075591763528	0.12877230181303936
0.126982459025006	0.17200248930920062	0.19719509494381754	0.11657433318453353	0.10859925356797362	0.06704620254078109	0.11982282513677253	0.09177734229191489
0.13158891717606397	0.07414746354541404	0.1513504803183074	0.1075095201831189	0.1191290962046141	0.04106647149736978	0.23041255869642227	0.1447954923786893
0.1386731958687676	0.09279162407039822	0.21038981712859378	0.10265015878664278	0.20689545954501437	0.06561450468054655	0.04809538096286757	0.13488985895716887
0.15239929254569431	0.12038787675766213	0.23701926846766708	0.08137987344552541	0.05942482520477943	0.06372467376967686	0.18003690111501353	0.105627288693981
0.16662039277155105	0.14350823231429433	0.1729947605092758	0.13460065986249972	0.04956292190317281	0.044511492252948426	0.19972370406383275	0.08847783632242484
0.16086323648119286	0.1650661904953498	0.2027489200387273	0.09798669227811713	0.05753519178710394	0.03918516034035613	0.14930936027040984	0.1273052483087428
0.15458029808757592	0.13086852656521253	0.18389410514016305	0.11742101220582968	0.1745227884827722	0.046233112423523945	0.08775406013897567	0.10472609695594681
0.1295887866451239	0.12149459689386675	0.16522384081148905	0.12464931042286274	0.16803718034849505	0.031539005082458216	0.11584543098234285	0.1436218488133612
0.16101258944655072	0.0901307339522356	0.21209979023396192	0.10276833748311234	0.15612916773829003	0.029268281041815586	0.1543090959148741	0.09428200418915947
0.1618091445832026	0.14445744679519243	0.16608898039446734	0.1298162057316063	0.036866948258308246	0.060266803980408956	0.1923988422205668	0.1082956280362471
0.10968281393058654	0.09703755336021527	0.23397672724328658	0.11698242155914355	0.16185027582844214	0.07027802829778679	0.12088792281951175	0.08930425696102717
0.10905704227060986	0.09992291583763835	0.15885277691111946	0.10010552275274665	0.17304595092921532	0.04663827340632733	0.1714125884617991	0.14096492943054373
0.15404543491904252	0.09271675671116311	0.17879042809622575	0.09461645331695578	0.18476948254982203	0.0493607128255672	0.13463563250227256	0.11106509907895083
0.13369549747834397	0.16881819230171713	0.1899455566207583	0.08562543832949415	0.12507745435206163	0.043266423656733013	0.13065569970423246	0.12291573755665915
0.15626905428000382	0.15002779619232107	0.16637677900579362	0.1334467053129355	0.14275556712835674	0.0498026619216823	0.11477064161165543	0.08655079454725134
0.17358360147745477	0.11856587031310376	0.18437062507480684	0.09354775425244274	0.14395056141523083	0.07333126134816434	0.08290104792851899	0.12974927819027748
0.1208740076723288	0.16842018170027678	0.2218324260683246	0.12317594015584697	0.040898003971593364	0.039211108967298194	0.17443001799654373	0.11115831346778733
0.15299800435498662	0.1904516857242492	0.23344353515694433	0.10413884655096428	0.06165490995042612	0.07396479135330111	0.05721960762783458	0.12612861928129354
0.12250896922724343	0.11581288695146655	0.17305642778631303	0.08566433807475718	0.22622082428343232	0.026888311811044285	0.12754717373277674	0.12230106813296625
0.14120463836605254	0.18595727225040642	0.16825667648548037	0.11806541428827196	0.09668278986924043	0.044044706073827045	0.13233783746939964	0.11345066519732137
0.10782470508796049	0.13401982298577603	0.22844773893206863	0.12893647186424556	0.17854974942812285	0.05081843819747128	0.049896325780711404	0.1215067477236435
0.15511207201719054	0.11293766385442551	0.2137132009944196	0.08649150783937799	0.24670206530674704	0.03793315702726879	0.0475660335458017	0.09954429941476858
0.14514789936587877	0.10979291704585459	0.1942961869397758	0.13392964632796403	0.04337551917472279	0.056206832640285906	0.21008997574452712	0.10716102276099074
0.17111529147221874	0.15942646022711512	0.1558971094770315	0.08747786543783224	0.18829434680481602	0.02553233803956484	0.11827500025823243	0.09398158828318884
0.17624785094662823	0.10339133023056285	0.19599317766306398	0.123978093939817	0.18677295470449629	0.06637706312550115	0.04200011565388906	0.10523941373604123
0.11892051256464924	0.11046365571505677	0.19069459170629083	0.10332208394131143	0.08347265685568056	0.07587601267024284	0.2157330770789914	0.1015174094677767
0.11073106666445647	0.08208779734012425	0.15858278741718365	0.09354745449691965	0.218976138916822	0.034287423141183174	0.21332158711982685	0.08846574490348373
0.11653077297214662	0.11194837215004454	0.2227159327437269	0.13051728353076	0.10410110198079328	0.0248008863872156	0.16531018305285333	0.12407546718245953
0.1442350740006706	0.1708744418220928	0.1634162491920645	0.1366311091943436	0.062035396902596046	0.05792973584297488	0.1580491370688562	0.10682885597640118
0.13702648295680964	0.1538661590540719	0.21750041911904344	0.09268543773168575	0.21264125447336893	0.025138521953707763	0.059641661844715074	0.10150006286659725
0.11590756098788595	0.12197374379562971	0.20402693033736086	0.13504070313158467	0.07892481213061042	0.06532492345207928	0.1724511980909271	0.10635012807392177
0.1213232061524063	0.17865979262275306	0.20718476591862878	0.1394795597165537	0.09291008135814098	0.03949180327978591	0.12423410010522444	0.09671669084650661
0.1509938769455477	0.14647480013465108	0.19940828750176023	0.11441594113478544	0.056412155615191	0.05603115518276186	0.1292163069557536	0.14704747652954886
0.14725952198974138	0.10156265736179378	0.2326427687347327	0.08833671133020764	0.2089789037466679	0.032957110266594064	0.08636299719370824	0.10189932937655413
0.11154175838297134	0.12079982751524543	0.16761320514922404	0.11370710345814161	0.11145555473345749	0.0348481218763783	0.19636340414772668	0.1436710247368549
0.15938904095069545	0.1458601753894394	0.17894984975320022	0.1277216392954966	0.1300813451186859	0.044896050961262465	0.11677468205389085	0.09632721647732886
0.15167652322914552	0.0877351770067562	0.2033784256655079	0.098527028324564	0.2100829119673751	0.039169256252169535	0.09754964715277031	0.11188103040171118
0.16718348993601967	0.10089234742410966	0.20319864671764082	0.11705796056779913	0.04467235393871628	0.06754660826144568	0.1576348908227732	0.1418137023314953
0.17659075087114298	0.08113074990281172	0.1577755093462309	0.13664253604705243	0.25004899717181256	0.043426798072867784	0.06392230997857902	0.09046234860950239
0.1610775297982752	0.1539849444543276	0.1904458038968987	0.08331617470827415	0.06870026033076837	0.05225886776782948	0.17181412796851245	0.11840229107511388
0.12576118953960058	0.12106484162867254	0.14911347746372178	0.08942672483769903	0.18675203008150668	0.02772053349472421	0.17376456568774312	0.12639663726633182
0.16827282534747956	0.09582510072670675	0.22662412175959107	0.1129443038588339	0.0682015123803153	0.06459881936423251	0.17667625413175647	0.08685706243108421
0.14001409753011043	0.10878060800306949	0.20580659156573206	0.13133778024710133	0.059328691532909275	0.027128095020162002	0.20636488235524744	0.1212392537456677
0.17309534828931192	0.13691478086138495	0.16599680673246114	0.09465657244427447	0.15998925661028468	0.04666901970264038	0.09161932051597979	0.13105889484366243
0.15038005629922696	0.08741033079833362	0.23095359895966594	0.1374161391481535	0.13890676890281564	0.04546313483320252	0.07702095622630781	0.13244901483229377
0.17154905399959802	0.12976751933811792	0.21225207246624822	0.08895862463681593	0.13528125776439384	0.037513697306451044	0.12433023671678334	0.10034753777159143
0.13579705056807823	0.153027651193736	0.15468584282408762	0.09550100799047623	0.16806269008960328	0.04106587460651133	0.14453995851404175	0.10731992421346534
0.1759398952677677	0.16134581992085872	0.1903066477110435	0.13561504691491078	0.03656261735243853	0.052180707079935565	0.1036861821241522	0.14436308362889275
0.14293234715784733	0.07940697732257744	0.18187939379171308	0.1056811309043489	0.12445130533483562	0.04079287677295601	0.1975527298720336	0.12730323884368783
0.16329814082756566	0.13165102939165277	0.22683406071898116	0.1297459522423371	0.13779879654541843	0.036240959943838635	0.05877643695289035	0.11565462337731564
0.1638192916187183	0.16774459042527426	0.2369610519213281	0.08551319257915382	0.11579913387855931	0.046730031544523876	0.04971112068516104	0.1337215873472811
0.15568516190733941	0.15716654683770992	0.23757728064884165	0.14508301088082032	0.03981809984367424	0.03672629585317799	0.1277574893708277	0.10018611465760854
0.1737839131298677	0.1465912770210299	0.22838789614275687	0.10378415535019107	0.11069160200190818	0.034219023766066045	0.07993689331608149	0.12260523927209854
0.11209823030699206	0.195426845260255	0.16347261084229642	0.09961462080044786	0.14747985570640723	0.04094209188522864	0.10011830325089613	0.1408474419474764
0.15323442212431185	0.08254469033204184	0.21270379373243992	0.09169906706738176	0.07349524991602017	0.06646146589845824	0.18134600612127688	0.13851530480806912
0.1312742232386456	0.1911484996853888	0.19811846556368204	0.13177823169513664	0.07074060401174068	0.07303635323048524	0.05627409435502523	0.14762952821989556
0.14149482528918483	0.08662270607054531	0.17611786498750284	0.14561955822853953	0.24537040580970138	0.034902202335476126	0.05145510235027946	0.1184173349287703
0.12790052997981427	0.11225385460717244	0.16348912443426156	0.09305070494702167	0.11198378064562363	0.062167331867327216	0.207531391769806	0.12162328174897298
0.1250588356557061	0.1367151230230435	0.17458239748119952	0.13544182686966688	0.24456489059184663	0.02503615731008975	0.07105684815378259	0.08754392091466479
0.11723702214281508	0.1347743384259435	0.16485232190627966	0.14678360556263614	0.06052348185234224	0.0369624607529898	0.23518212043414966	0.10368464892284368
0.12024045046396092	0.1547864442798396	0.2234699459883327	0.11628874074953875	0.14704679709567328	0.0678109489148321	0.08415349244110323	0.08620318006671926
0.12847155738454952	0.1630814185332885	0.17426266341981267	0.09518438324113981	0.17874444704725256	0.07546753234396766	0.0795450668300303	0.10524293119995873
0.15082601642159835	0.17832613364091446	0.1781764665992494	0.1262092334784944	0.11039079967316427	0.0564857725893463	0.11312931935670956	0.08645625824052303
0.10733224637322358	0.1260653013134053	0.1968547301096686	0.12142370386002742	0.1135396187282648	0.029383084899431894	0.1975832570304274	0.10781805768555079
0.11838764264480449	0.1090259194604403	0.18006212225685858	0.14054152329893632	0.060970369959390494	0.024896213189883012	0.22276961672689174	0.1433465924627948
0.16104411803812302	0.09229289419502805	0.15978058181266963	0.10368273005699377	0.2433491702315004	0.058550947313114804	0.05402696126806468	0.12727259708450547
0.12263625128332768	0.15391464111996897	0.21894004392129568	0.10357151570166032	0.07011983414675602	0.025762163128061177	0.18087992733696415	0.12417562336196575
0.17034367693285332	0.1692066287567242	0.1691676949839714	0.09654063512725024	0.12444670068407758	0.039754998977187	0.13587401810593078	0.09466564643200522
0.16430937318554117	0.07351168957718433	0.21614537971417228	0.09242597348046928	0.1611671364701424	0.04426034638667711	0.10371670063331609	0.1444634005524971
0.1751268836355806	0.14085268187011477	0.1738835154708512	0.146376673364505	0.07791676395112387	0.04711784814772016	0.09693523860803609	0.14179039495206805
0.1392927348555591	0.07327065382127246	0.14396903106407655	0.14072253087318606	0.19256885735814527	0.03143665228655017	0.1558992290910806	0.12284031065012951
0.14416039844553513	0.11759470525769637	0.22536384708493024	0.1470378153287231	0.13764757303915826	0.03983955543524843	0.04928844553971436	0.13906765986899394
0.12493422140299248	0.18880010159100072	0.2240756871812068	0.09460127870119156	0.16408935391165605	0.030394089395833504	0.06638487431241244	0.10672039350370621
0.17459961789266468	0.12617536525058862	0.2195971581751417	0.09867540036845568	0.1419309228842662	0.047510646727731934	0.09062075355531204	0.10089013514583889
0.1763214068493052	0.10807289146233387	0.17363370396569017	0.13292137981034088	0.14939260630127876	0.038411368456676837	0.0884410684974454	0.13280557465692866
0.15063940039927087	0.11016516815186174	0.19859294077417056	0.11316498410062054	0.13053921359123324	0.034636790669781106	0.12152871996983527	0.14073278234322645
0.11540448227140765	0.18797525118670436	0.2276559522137121	0.11954151884117711	0.11435479723004781	0.05773249595259407	0.04589934620351106	0.1314361561008456
0.11040742617377057	0.11414243481540189	0.23637821533222597	0.11263984121059693	0.1250790672439412	0.043652613366993165	0.1483517693390631	0.10934863251800694
0.14966521911119607	0.18408410179936815	0.19105822191104233	0.14049875363860478	0.0886205169198268	0.05303333273380474	0.08728568897949862	0.10575416490665826
0.16837663670159422	0.1815376567880141	0.16456797091559117	0.08642166996264605	0.1153815644537089	0.04919908860330953	0.13121748634151187	0.10329792623362394
0.16032479692051396	0.09542260783651912	0.18971024577804124	0.11909870480231934	0.07809541353573547	0.04816933847420379	0.21355559810015207	0.09562329455251473
0.17142148887131178	0.12796121321080664	0.1590837985995447	0.12411534094654504	0.2059207675825166	0.05050265698128627	0.0653441458258158	0.09565058798217299
0.13595711000803368	0.1417016762005405	0.18138761069413398	0.11163945536957731	0.12806808905342684	0.057387521289632565	0.11636879512761152	0.1274897422570434
0.17405054367986864	0.07350658368432207	0.14494584973531277	0.14122716773487784	0.19712003615451262	0.04039644642564014	0.07952352744979763	0.149229845135668
0.14280047013427857	0.10248122666136955	0.22727135896317036	0.09375198641762927	0.19892352539781824	0.058668062413743616	0.0479079961048897	0.1281953739071005
0.1123069660351933	0.12169348367616434	0.19873785085113882	0.12506463752268637	0.23656098143719567	0.029408424687036486	0.0447466651647636	0.1314809906258212
0.15085676541942766	0.10341725990011	0.23098487352611274	0.08762903474816228	0.10149038035464868	0.030889435550002356	0.20527699826107276	0.08945525224046333
0.15692724855877468	0.11953149788249424	0.19745791454688102	0.12665668029124988	0.052409005946935205	0.04397870868356779	0.21390954601632334	0.08912939807377362
0.12390058798505339	0.17129412241815728	0.15681925676754094	0.10368250775928553	0.14498985456647412	0.06198380764613623	0.11729542573984351	0.12003443711750877
0.1245140822016161	0.16384418500044717	0.18476498177773518	0.13226504229414912	0.19843595579487877	0.024654170561784497	0.07225806804886553	0.09926351432052345
0.16451352630003196	0.10766111325452088	0.20116721190787246	0.12126739010487517	0.11368627421677217	0.02563926978620043	0.14552189917045008	0.12054331525927658
0.1552245485641024	0.13408672415966888	0.16250297990621654	0.11951657396144567	0.12992330100170804	0.04151871160625653	0.12033137347963921	0.13689578732096247
0.12209271989037875	0.1817213748600726	0.23165754962484908	0.08375758802064548	0.0549660779415623	0.03982454278136953	0.18910304217766255	0.09687710470345949
0.12417153670705955	0.1352385141174351	0.18788383814760518	0.11492087647064697	0.08465047587899172	0.06303443014712709	0.17393382623819792	0.11616650229293629
0.11251091632194724	0.08571230572180699	0.16166263311709209	0.10062132188815459	0.1700956651817919	0.06466095508489278	0.19786654570084422	0.10686965698346998
0.1310649276151758	0.1606673693835683	0.15517371563446808	0.13849498472331292	0.15918508436180298	0.0323065395961023	0.12097704636328499	0.10213033232228444
0.13227392406446464	0.10059565731688017	0.18404513823693286	0.1408143261591891	0.06446282604375957	0.03538194868594646	0.22826941290992914	0.11415676658289783
0.15005881808738714	0.12575635300039756	0.19663655156836424	0.10264275474032379	0.07098760467069451	0.029024875332432268	0.21403689944927762	0.11085614315112259
0.15089926064849743	0.14818174083856014	0.15389607286907023	0.13071882698952425	0.04525220006211046	0.03951847075628265	0.2350239289014317	0.09650949893452287
0.13492774235079621	0.11709846596464227	0.17814835646449334	0.12895160405350561	0.11179129378614092	0.04487304706604084	0.14923469235842454	0.13497479795595602
0.1777400647501962	0.08773193798133735	0.21967352942928597	0.08245405370606454	0.0611438840694334	0.0746781872543942	0.15409358663978343	0.14248475616950465
0.13032029474381776	0.1549253206336055	0.1572998176058204	0.13082472401351167	0.2336732144329858	0.04474205499071643	0.04219693438300311	0.10601763919653909
0.16810769891971644	0.11612586433925963	0.19354664204778005	0.1458403265128517	0.201915684944857	0.03530056431269468	0.04137503144382415	0.09778818747901609
0.11856744759074157	0.1758357700221064	0.1540692752050139	0.09118006208629362	0.17176215263093808	0.029628610928658414	0.15242362748074692	0.10653305405550091
0.12762415985537878	0.09843487935600384	0.21831477709460193	0.1351557750940795	0.18511929576644565	0.03182546701427652	0.0805018009518226	0.12302384486739094
0.11163754208756614	0.1271393963844772	0.21082049925252727	0.14467154841546961	0.16445652511415904	0.05584375005261821	0.06678352182945849	0.1186472168637239
0.16565909134894416	0.12938769859679702	0.225335209637357	0.08387563571317189	0.08425002101050422	0.0581195213970573	0.13948273043211903	0.11389009186404916
0.10909657342183735	0.186049731846672	0.17878815632830286	0.13152453848543288	0.12532569707003174	0.06507142282697409	0.07608233584247284	0.12806154417827598
0.12744901289594004	0.1339376481890993	0.15024802217473054	0.08244238855650582	0.13871220537891066	0.06533783427075196	0.20320638819084147	0.09866650034321994
0.1717432890174359	0.1634795724950348	0.2303067912854097	0.1392893054202324	0.03634535187941547	0.06234895454723813	0.0868872819651854	0.10959945339004794
0.12817121813896984	0.13719160573984257	0.17402447381081587	0.08429986096977096	0.13319930673366373	0.07427583942566071	0.1408687397471492	0.1279689554341269
0.14253118341891854	0.1402272412751064	0.16857589553470248	0.10180176618309048	0.12175213201537366	0.07379137284045464	0.10702532483619834	0.1442950838961552
0.16837597544461286	0.13398189506353814	0.18913081094177664	0.14227526162213988	0.07050846253786996	0.04016998142076414	0.12944741195130882	0.1261102010179893
0.12868104627612076	0.17020964590450532	0.14589880612985628	0.13772695104995128	0.06028361880011637	0.03339240992396518	0.21598882908161374	0.10781869283387083
0.16713330265605852	0.07456437462204221	0.15318129783028028	0.09242125616209411	0.20629240977144292	0.03772300832199206	0.18195011238537964	0.08673423825071003
0.17234698141971996	0.17155897328821176	0.14657009234156948	0.12446245339701395	0.11879681241218111	0.05176453184162921	0.12313707739580902	0.09136307790386526
0.17380380050839228	0.15450803976042252	0.18569648366918723	0.1252437311661105	0.12706888640522884	0.058431512324226	0.057026869319924706	0.1182206768465077
0.14906599155664477	0.1427291076169167	0.14801238733047595	0.1337681792353176	0.07047889363996773	0.03236732755131842	0.1927226263289183	0.13085548674044026
0.17617794576511797	0.13212087355904406	0.1636168610150782	0.107563732535984	0.17263546628488102	0.046213810427942925	0.10876801118169047	0.09290329923026114
0.15477280860455805	0.15319132160537927	0.21978902010954082	0.08629712342712327	0.05948761703265283	0.05427924533103351	0.12548234910857914	0.14670051478113288
0.1504868831439512	0.08073841535712148	0.22735779985840482	0.12899715041931709	0.1320192845720334	0.03600082132878564	0.13207020553650997	0.11232943978387612
0.13777153689273974	0.08695330443477323	0.14347557490021196	0.14031005428401833	0.09492875535420378	0.06725175064190303	0.23116132826840696	0.09814769522374277
0.1546320130117734	0.18196058385925443	0.21753380688819524	0.10412680864145518	0.11433403859513075	0.05890005689852411	0.04548155094691006	0.12303114115875663
0.1202183917778733	0.14976023461934007	0.16405590500459716	0.13596823087524484	0.14005873820347078	0.07086616546124469	0.11308473999699273	0.10598759406123619
0.1136546823749275	0.14218960038322126	0.21452722352161102	0.12095998496048462	0.11587393603757805	0.031791624367234636	0.14286429371500456	0.11813865463993811
0.15668674393387816	0.15376827975718585	0.18365599952228923	0.14498236047568483	0.07996990590493747	0.06111904076814195	0.1254500308166224	0.09436763882125991
0.11118949241460005	0.0807046370814316	0.2075401811901768	0.14644096369338372	0.1353636293544365	0.07267841549690002	0.10877252731987261	0.13731015344919847
0.14897526137807038	0.08007996762684028	0.2274543751748327	0.1050188053919768	0.15644714161006446	0.02917463562275538	0.14777616147795922	0.10507365171750058
0.12373900295338544	0.1554692770004927	0.14732751622372842	0.14120617548696152	0.2029639146174483	0.04259808519798289	0.07510236334130782	0.11159366517869268
0.16134633979654112	0.10801916472452537	0.21452711677855962	0.09704676912667556	0.21817269101394654	0.04262987106531982	0.047622790706598334	0.11063525678783341
0.15054717803268752	0.11664297368225596	0.2107436145107245	0.13737001756257974	0.19168233570840407	0.030633106762663634	0.048389854706218885	0.11399091903446547
0.15938737882466875	0.15609781680762455	0.14593070829650281	0.09018413224317626	0.21710135724505117	0.031880934945930986	0.08985856775559384	0.10955910388145138
0.12274993046032381	0.11453496803607378	0.23222768455073772	0.08580297689949658	0.14183590932584073	0.0630173293623176	0.1052517208871674	0.1345794804780422
0.12426478152955212	0.10969225535567123	0.1568140355964874	0.11327420644825774	0.20256523027697065	0.0450777889898049	0.10968821383347734	0.13862348796977836
0.10911772345197954	0.06414935159901733	0.219972015160717	0.10649394677059698	0.1187358765522963	0.052965300272980256	0.21423693614925624	0.11432885004315617
0.16415207845687282	0.18052848449982328	0.23048173236623126	0.10512711057514328	0.07667806842798282	0.04506937186739629	0.06811987216149282	0.12984328164505712
0.16166791198354574	0.12549527596030458	0.22283449458130905	0.09791512696708311	0.08367732566618695	0.06403817266069292	0.10039972173702169	0.1439719704438557
0.1602661624312159	0.15369918748673317	0.15999257432412087	0.08776635609322825	0.13483848286610042	0.06959071328879927	0.1024220130159294	0.13142451049387247
0.10781238358270659	0.1386699686735412	0.1617766870651387	0.13350868815484088	0.08809416775416201	0.049577226510859926	0.18754572886842288	0.1330151493903276
0.11181170805830547	0.17412209455002914	0.20721449888458818	0.0818530791335748	0.15438687790875802	0.029935248394264105	0.14817326012423354	0.09250323294624654
0.13838604342877098	0.0676665976625274	0.22910292765447418	0.10484270556744874	0.10803296734250416	0.06578427452075117	0.18427207940147639	0.10191240442204677
0.11420043845725766	0.15036387652556132	0.16020817428127848	0.10898997048063913	0.2468167003679546	0.05154406672681171	0.05799980810656119	0.10987696505393568
0.11819246966823717	0.18274429842075327	0.22909108577151147	0.12363806120521843	0.0447482268272822	0.03880342943870456	0.12797610339385027	0.13480632527444245
0.1490376574984754	0.07858953288331305	0.2105831012816467	0.09859945676210462	0.11551615726019318	0.04462013307417566	0.1779971159417937	0.12505684529829747
0.1607445943819273	0.1719585717633095	0.14306614946538976	0.09039619575369734	0.14490602808615294	0.07437522630893512	0.08980806924126383	0.12474516499932395
0.11388646446627992	0.15607873864834976	0.21077734212500482	0.09670839165947034	0.1830779395072294	0.04596564787352962	0.0574502388316105	0.13605523688852544
0.15998561190743935	0.06634630139907166	0.23796070883731316	0.11889955740565988	0.18698422211971918	0.023954678201559942	0.10123109410358341	0.10463782602565316
0.11260395677645914	0.10723462086782135	0.20223380231443497	0.08270097076101464	0.08006183371690606	0.06453919114966593	0.23563362181053749	0.11499200260316018
0.16978731190958002	0.16448353540024568	0.20362858173382314	0.12137855361165141	0.03389962492996948	0.07180623644839113	0.08827482985839817	0.14674132610794072
0.16286627639341367	0.14393292896740775	0.18704580898245468	0.12172620380646434	0.10066434964433757	0.07383511280443769	0.11420567967665071	0.09572363972483333
0.13575886995797398	0.07432720064620424	0.23565413982520841	0.1432666332401823	0.13076652612154577	0.026053560533336156	0.12069791583768873	0.1334751538378602
0.12213866752482831	0.18008140334646974	0.2101999047618513	0.11044933504123539	0.06580475815248557	0.06803025941242276	0.14162856342276603	0.10166710833794068
0.11110358892801939	0.10573526564706637	0.20175844272264498	0.13607747833485198	0.23786744868620302	0.05886129741274994	0.05329250595679169	0.09530397231167242
0.17293379392014424	0.1205261343901869	0.23773403797981715	0.095873798868468	0.09982209034553712	0.03255281735313864	0.14567859705285363	0.09487873008985405
0.13070236472672683	0.10024391369728895	0.15889861859715756	0.09648826658425386	0.16998142889349083	0.035924813296947494	0.20932931037670138	0.09843128382743283
0.1740654775283593	0.18620958580819633	0.16207430837976516	0.11703736553644073	0.10941112230209617	0.059062232049014673	0.04478362812848888	0.14735628026763853
0.14535620192326285	0.18872253583802256	0.19299034378347002	0.08727553601905608	0.18485572436621145	0.031196918081501407	0.06545322126997227	0.1041495187185031
0.14175337008258523	0.09692451684492354	0.1918570790025836	0.11153644576879267	0.2406919734433981	0.03236230634055409	0.05818808533991257	0.12668622317725
0.14785201448346838	0.14711015501097258	0.2286105602593283	0.10966149811036975	0.128481585354	0.029612252376271755	0.06453022448402418	0.14414170992156483
0.11363524687399301	0.0948639255615473	0.17942935195853085	0.1095824614737276	0.14478870835290117	0.06295192394378316	0.1597001504029454	0.13504823143257125
0.11510315940975267	0.10342328872799426	0.19397367229048573	0.14252405067571475	0.08962578866765103	0.028132678987282903	0.19485020298236827	0.13236715825875012
0.11534295514445776	0.11753099673958307	0.17326718263147423	0.09210470195532053	0.2386012487783531	0.058346498295301724	0.1087751505120002	0.0960312659435092
0.1482594535432504	0.09603178295117373	0.15085457249677098	0.1022040339017309	0.15167034369383375	0.025498448355972994	0.22204214821109197	0.10343921684617506
0.11315498822196506	0.1284148136984741	0.23507300646766144	0.08600447567924799	0.052730387981590354	0.07476618720151593	0.2078920647308266	0.10196407601871836
0.1166517190621374	0.17616327582073296	0.1784025441711517	0.08643040604623989	0.12257399955118806	0.0306390395360375	0.17715363470673043	0.11198538110578186
0.12606388011133418	0.1758794226258466	0.1509505831819991	0.14577264353139785	0.23114155850123974	0.04138211107157129	0.04144169441352018	0.08736810656309088
0.139555189813329	0.09477287479227922	0.1754986336231309	0.1389158384550995	0.2307524862315524	0.033561898575545215	0.07624166159376486	0.11070141691529867
0.13809601434556154	0.1358656728596152	0.1431118007596073	0.1088540728018437	0.10615922003103342	0.05463920982054846	0.2153440699590069	0.09792993942278327
0.10886373624803783	0.17782666973648742	0.19961862687462922	0.09557630961782386	0.12254489065651049	0.049722551997813114	0.15777488341803564	0.0880723314506622
0.15192424680405459	0.15297826289610508	0.2149145817143741	0.09913615137936707	0.08016130416879788	0.06456853829151421	0.12705536504565415	0.10926154970013269
0.16645684173792835	0.1909727132220008	0.22861608907240277	0.09739950190844603	0.07062854264454971	0.042183570272085955	0.11067787552711755	0.09306486561546862
0.14950050639117635	0.06969157601098011	0.185125670364796	0.13035268241717027	0.1025798831043108	0.05545803289238768	0.16830475509414533	0.13898689372503326
0.15685133343419758	0.1602689905297753	0.22561859133422224	0.09212800323474934	0.16481394443432237	0.04257731172323444	0.05484274506089054	0.10289908024860796
0.12298286851716242	0.0702541534928909	0.20547656600268766	0.1074917583867632	0.07161856627920654	0.049934853550878	0.22973643891367065	0.14250479485674042
0.1504792357868332	0.10965545064381482	0.22910090830349844	0.09735537644251245	0.09329819345835444	0.027620234222841142	0.1734471394141029	0.11904346172804241
0.16722661385263882	0.1539811608932635	0.2058984086928608	0.09255594659353314	0.12465178373803226	0.035142449829845906	0.08548559417828792	0.13505804222153742
0.11162383456440736	0.06907501626279294	0.22388389244315465	0.09178882144062586	0.22342591009806037	0.04536500632823667	0.10772953740042478	0.12710798146229715
0.16705420711340818	0.1675744708205139	0.2022203639939125	0.09790903866578599	0.11809467189445692	0.026859292810406624	0.08233352320539224	0.1379544314961234
0.15152351598531755	0.10378576414556465	0.18670202820524695	0.09560791221058741	0.22020497722434082	0.04419160676001113	0.08642648246177925	0.11155771300715202
0.16029648477734976	0.06654770604717132	0.19341842511321966	0.12220855943374412	0.11843495481292152	0.07106600295189722	0.12815114251386858	0.13987672434982762
0.14757807209319201	0.11202660865756867	0.16353823546491897	0.10754509581851632	0.12208467519909612	0.07334458664715685	0.1279313796399382	0.14595134647961266
0.10943042427772524	0.08031687675464216	0.16158350291100432	0.1308706464607516	0.16512713701612	0.07172393060149919	0.1465525545152923	0.1343949274629649
0.12252006806632078	0.09101350073433674	0.19432634829562945	0.11188471765080686	0.17219405235320767	0.06162955658101377	0.11113144704465228	0.13530030927403225
0.12545706628256284	0.14154178844850265	0.20366109577803304	0.1292713996999984	0.1924572241752121	0.024117893698841028	0.08571907872261916	0.09777445319423055
0.15980981028072494	0.08782148988378027	0.172782669842912	0.10465576169975815	0.19032726512716244	0.05051189936257294	0.10680206240971661	0.1272890413933724
0.15392875517094884	0.06595964804471857	0.20996423891808647	0.11848734191223183	0.06370646685757184	0.025352887833136106	0.22273470559667596	0.13986595566663013
0.11036075202172324	0.10469168219185117	0.14631822059974117	0.08952351760370739	0.22366572583842914	0.07237978833624432	0.16040856418989524	0.09265174921840809
0.1435078785631326	0.0990265420423613	0.20882567603560803	0.09347488267128375	0.2502624994025904	0.02380086560907846	0.04465405117891902	0.1364476044970263
0.12227097597831443	0.16033438509651274	0.21886699242570493	0.09459980943164548	0.10957925369254244	0.060981803020993514	0.11938247029834521	0.113984310055941
0.17719976762360273	0.16039661478372616	0.17161564118415126	0.12415846002379714	0.14568427907151613	0.06943947727932095	0.0570287321685405	0.09447702786534487
0.15686194911511975	0.09602316809303525	0.19792329384252474	0.12627749749350667	0.0722160486449672	0.042037156866376504	0.17687301226043772	0.13178787368403194
0.14280706793357426	0.09523058960231806	0.1494852728236764	0.09997584095380076	0.23019931749796158	0.02567942115264979	0.151031279945403	0.10559121009061594
0.17070320690785	0.10472936142772526	0.18114927508587958	0.08516447130493328	0.2410244939952889	0.02876649302377586	0.09884675611236708	0.08961594214217977
0.15117135612102525	0.1025016589256279	0.19008781643401806	0.08561223603922495	0.1585658110597636	0.04409595864123228	0.15360193028460475	0.11436323249450293
0.1246813676750619	0.17751331467853299	0.22413902355692655	0.08648496812453349	0.08834705597560562	0.047503646707602265	0.14127111579378632	0.11005950748795065
0.16249581106608063	0.17590745709290706	0.17053343648013256	0.0930158649575139	0.1465222241584832	0.04491932055706932	0.0923143370133574	0.1142915486744557
0.1350022832975042	0.1186697692134116	0.15302814109864604	0.14722531471997896	0.07801832819492943	0.0715273702613144	0.20866100172085633	0.08786779149335885
0.16073198913064024	0.09045923483831539	0.20172170451992213	0.10567303890132725	0.13242189947084537	0.04155511164742	0.16163782930576603	0.10579919218576336
0.1317917632580646	0.17133807744252927	0.18046490938621745	0.0993996337161929	0.1939517921195637	0.04702278277287654	0.06208063936283138	0.11395040194172396
0.15318067932745152	0.1843574276445855	0.1616974384434564	0.138327614388919	0.055003015627434246	0.05927670342590345	0.1276585454693236	0.12049857567292603
0.14981986105217257	0.1824597446196497	0.17737133594107227	0.09678205726201183	0.1424750439674619	0.06225011856702499	0.059537452216859646	0.12930438637374683
0.176834496159386	0.14716655870630202	0.20819682867240935	0.12860435333695064	0.08029589060066988	0.07427300132662391	0.07005949755881051	0.11456937363884742
0.16257563643026812	0.08148536371365958	0.21038205795706086	0.13571768001717938	0.1309165540267036	0.03951834308518992	0.13198327346726624	0.10742109130267208
0.15738667643493268	0.08947254299709359	0.22116359336683086	0.10029114713588151	0.09851156460696105	0.07079265603273532	0.11898039237975587	0.14340142704580888
0.14937541750451655	0.14919963606825037	0.19312381613686808	0.11133919277715125	0.1332941256420756	0.05702306176839228	0.06550329218143827	0.1411414579213074
0.15935860608622554	0.16976953773750658	0.14519334914464405	0.12003091986622097	0.10406853888222325	0.04020339202094554	0.1254747543537314	0.13590090190850238
0.16875014856931986	0.1867392715838711	0.19375177061741372	0.10593989206944723	0.13173269512424063	0.03637556093677731	0.05556956285033525	0.12114109824859473
0.15821201139846838	0.10262212412712915	0.1761716487435798	0.1466626461165143	0.1712153492739999	0.04436814990315509	0.07974213932953225	0.12100593110762094
0.1415673367656249	0.11266406468478854	0.16119964304796194	0.12012192655713776	0.11134303200718836	0.04228099691828702	0.2052913530349756	0.10553164698403568
0.1280856091505832	0.10166714106600047	0.21729966489197167	0.11022508678631146	0.17039011174819815	0.025487908926063646	0.10664461435087697	0.1401998630799942
0.14283905447424575	0.1731235229047212	0.18202251507924175	0.09452889759433518	0.18292245307437124	0.026804777995612705	0.08149418548690945	0.11626459339056251
0.14223535098582224	0.06745494048621986	0.18560794958760304	0.10520877695520386	0.14246942222647355	0.04673861454631831	0.18555257734724595	0.12473236786511294
0.11160348405040006	0.1698758038255906	0.213719245964611	0.13041980192447605	0.042232065848786776	0.06869127998591923	0.12220741564969359	0.14125090275052246
0.16509063002045565	0.11644690824566965	0.20326708514109654	0.10994266799658345	0.0851624142049208	0.067580913138478	0.15096121116759798	0.10154817008519774
0.1460534906219151	0.13997784409676478	0.20071608197337013	0.1131451895771846	0.11546801041718768	0.0718149925108291	0.10378374352148217	0.1090406472812662
0.15428121262345687	0.13710298147114505	0.14294245958200383	0.11129098560017933	0.2324606752814682	0.03872086949676351	0.09438347707496733	0.08881733887001568
0.17851027951410137	0.12171871541497747	0.23089016827801134	0.11589748308986418	0.11876888373489189	0.06742788892853363	0.07691543372374071	0.08987114731587914
0.1743476067675132	0.1530594242659905	0.16370860173629057	0.1308568609040576	0.046605251298375616	0.02874865829764696	0.15789179760650077	0.14478179912362454
0.11279793276742354	0.176593379168843	0.19240762377432868	0.08381665696294704	0.13023720986909487	0.052189123688414066	0.11811824257619272	0.13383983119275583
0.1311280133296439	0.12112404489545645	0.1975734792832748	0.09807389816166007	0.12172015110433701	0.04525513229637919	0.19508786855069088	0.0900374123785575
0.11443236554369977	0.0975778033123976	0.19680821251403413	0.0998261893172949	0.10998690332115257	0.05280078918515725	0.19931313049888078	0.12925460630738275
0.14551277392768788	0.11580941862405576	0.20088783167788332	0.11648668704965434	0.08594323156081385	0.030139235779660378	0.16360726077786827	0.14161356060237593
0.1568916177840527	0.09290230441032751	0.18498686060426028	0.1268080780318641	0.14621405102166435	0.07544156317819822	0.11334931295624186	0.10340621201339072
0.13573241872354116	0.06704253651794734	0.22349767932499032	0.11080203526409994	0.1473052111179907	0.06872998820374782	0.1491317140360795	0.097758416811603
0.14147128275034118	0.0908592248513459	0.19843709548781469	0.09887529705939313	0.1736186695540533	0.0427844818515289	0.1320805149075558	0.12187343353796688
0.11836782258246134	0.11781005395043664	0.22483857316413267	0.11004165994187426	0.09734198752393318	0.05399043414523941	0.1826226531608876	0.09498681553103468
0.12610466610753202	0.11622964004731555	0.22759964426829515	0.13898931294731096	0.08221879281946701	0.04988249387268451	0.1727246806146228	0.08625076932277181
0.1400195089837786	0.17553410593599267	0.22225288908849788	0.08501063558569047	0.05945727191710544	0.05481077423335229	0.1424493609710585	0.12046545328452388
0.13295817971116122	0.1433932355960556	0.1479722534399192	0.09577361684347717	0.09057349601831102	0.05622717585206112	0.22946238790981272	0.1036396546292017
0.15690283104530478	0.06431372173326441	0.205471388251806	0.09666647388975927	0.18577801376578912	0.059600124545157174	0.11073935256996426	0.12052809419895467
0.1258417166397478	0.11119837074938997	0.18830907806633923	0.10713317860093685	0.1994333541916414	0.04408170964450832	0.12533928897684346	0.09866330313059272
0.13452998178656864	0.09838397870976184	0.19042577564703655	0.08133493838142299	0.1456804310176152	0.04215130407553881	0.17324833514549423	0.13424525523656156
0.16369914578164999	0.10827371542105266	0.2278740724210265	0.09460771832580156	0.14632460804406802	0.03931850728611175	0.08079818159058727	0.139104051129702
0.12120673508754799	0.07562645558657699	0.23564281516658322	0.08439018384825311	0.10276828883672039	0.0627718758521915	0.19420218046699467	0.12339146515513189
0.12074634807993022	0.18930999778991858	0.19295862343676368	0.1284924761401059	0.07950974912657413	0.027480565600453033	0.14915761325438895	0.11234462657186528
0.1491316214834815	0.13647678463772808	0.17910728547664906	0.09600428684476978	0.08241810109795533	0.041099967528392026	0.22680863082389788	0.08895332210712611
0.11926509879295229	0.1518807400652683	0.226416305359881	0.13633570638818104	0.10001117188580498	0.06709074396938189	0.07094361317058812	0.1280566203679422
0.13181487073555073	0.1538845399195593	0.1835237069679042	0.11543158621740186	0.03988186933700916	0.0640883789639474	0.18068025555083278	0.13069479230779435
0.13762616656376142	0.06356042975306528	0.18549190943665628	0.11167489583657463	0.21916793509806798	0.03581093939629661	0.12420275337816432	0.12246497053741331
0.12589563343844876	0.12785251506647258	0.23593961187639872	0.1464572739955758	0.08723869296759312	0.050616928804498224	0.1165430227003568	0.10945632115065582
0.11426663448085045	0.09744219696467837	0.21004917892162187	0.11446609621684659	0.09026166431942295	0.05448947804378365	0.1822978942092552	0.13672685684354072
0.14910916083612846	0.1616588990117509	0.2230944234884867	0.12460183552282114	0.13195345649342732	0.0368841226340227	0.08438130214495895	0.08831679986840366
0.12861892984108175	0.09613025589667344	0.20145936322479688	0.10401909271485939	0.10762444911925624	0.040964961020740265	0.18331333934073815	0.13786960884185367
