0.22486061987853248	0.2316842751741579	0.09017686276680739	0.24623587861352686	0.20704236356697509
0.2159641198251286	0.2447529006487735	0.09874006786111857	0.26130925707709785	0.1792336545878813
0.21968645027780256	0.23759828185159687	0.09201533719711917	0.2548617226755038	0.19583820799797738
0.2196779518346349	0.229535178136123	0.09925677611419252	0.2632414430961033	0.188288650818946
0.2275483261951049	0.22412212586405028	0.09287888010230685	0.2728074282235796	0.18264323961495807
0.21350456266587173	0.2252334168373823	0.0934870020231607	0.2557326712084988	0.21204234726508625
0.23641321492735018	0.2267283267591263	0.09746773629131046	0.2535049516744222	0.18588577034779058
0.21136298484786845	0.23586875308458854	0.09291277562562238	0.26795796652690596	0.19189751991501444
0.21750289753450613	0.22832536455734212	0.09540262376556298	0.261688385551447	0.19708072859114148
0.23841122290177105	0.21642558105849796	0.10331606351700312	0.2657952307455775	0.17605190177715013
0.21820713929406838	0.21425504001532078	0.10261591651562858	0.24019298222851415	0.22472892194646787
0.22158861546728661	0.24037796398756883	0.10250385817915945	0.24691158736045976	0.18861797500552513
0.23293035897321024	0.23872180405398236	0.09284417521287978	0.261799679612309	0.1737039821476184
0.2388642471257376	0.23693130390000938	0.10240309594639505	0.2432762667703013	0.1785250862575564
0.23804409292163484	0.2216944748840695	0.09661934413245668	0.2604788790022155	0.18316320905962324
0.2318652995332645	0.22707074589147122	0.09741206186067601	0.2592253804224394	0.1844265122921486
0.21184481250516526	0.23191703280595874	0.09931743215049949	0.24060191744618734	0.21631880509218893
0.23919122508048613	0.2324139980842606	0.10316645976119736	0.2546112416728138	0.17061707540124185
0.22686464204615253	0.2387920890528609	0.1015696849345434	0.25444336649047666	0.17833021747596628
0.2194772527507143	0.21724759705335375	0.09847182347159052	0.25267482828849697	0.21212849843584425
0.2102697583915677	0.2391181178623084	0.10275119173488845	0.2523360815674979	0.19552485044373727
0.2184185322878535	0.21730716489776375	0.09187313392239034	0.24113148453046412	0.23126968436152806
0.21304204665239174	0.23628770286050663	0.09794442367595188	0.26080473946244354	0.191921087348706
0.23788240164547209	0.2335487423968701	0.09682768977723225	0.25378366586477524	0.17795750031565008
0.23794752782758427	0.21620148941387723	0.10299577770862907	0.2403102422505286	0.20254496279938056
0.2252158065320283	0.2132916710210688	0.10106261607164316	0.2753468547062803	0.1850830516689792
0.2384547430787622	0.23366136149203276	0.09239309342063169	0.27177177173275696	0.1637190302758161
0.23819461081631982	0.21315525953927905	0.10211447711622951	0.2684764232152424	0.17805922931292897
0.21141245911210324	0.23150201474882806	0.09981408480293558	0.2511255577294184	0.2061458836067145
0.23626191934457091	0.21429511286116912	0.09993025261013973	0.2621927254175684	0.1873199897665516
0.21112697447116696	0.23090123504514473	0.10202736709862191	0.24585233082762875	0.21009209255743738
0.2382052375268556	0.2229424966855295	0.09262367395730912	0.27037610580657667	0.1758524860237289
0.23543759412609677	0.2417091794729378	0.09652326356601404	0.2602747354626735	0.16605522737227763
0.21085784359846269	0.2173840857455644	0.09970824893749522	0.27332307890932106	0.19872674280915636
0.2138315983924629	0.22724126759915697	0.09651980124795952	0.2710020931246383	0.1914052396357821
0.233153764010051	0.21999250003174703	0.09458082472032073	0.2620517419596663	0.19022116927821472
0.2138157052218876	0.22948151900856076	0.09829253660493031	0.2418921866600613	0.21651805250455983
0.2202132060195639	0.21193979066188376	0.09923541109982653	0.24407293128294683	0.22453866093577873
0.21673997681702925	0.24225946110493715	0.1012975410333688	0.25460246684011173	0.18510055420455285
0.2242722785342618	0.23149786753625906	0.09925284127540847	0.24673918061932154	0.19823783203474893
0.22130697945400726	0.22347717432657832	0.09815580020578746	0.26302732992122435	0.19403271609240236
0.2167383752862143	0.22581129018092397	0.10093207632914206	0.27307874152916495	0.18343951667455446
0.23035447041598225	0.24456393509524676	0.09341376060539236	0.2637104919267881	0.1679573419565903
0.22537560760414285	0.22827057580768553	0.0928246611764784	0.2410155196348659	0.21251363577682708
0.22426904349522173	0.23253055251349516	0.09424771304644612	0.26829252902222317	0.18066016192261358
0.24042004104776368	0.21634713329492436	0.10179251431191481	0.25547419603416	0.18596611531123688
0.23105197870698463	0.23331910677416906	0.09423136465360399	0.25424299931208005	0.18715455055316205
0.2253044527062389	0.2284720459320267	0.10303744456026798	0.263309354688932	0.17987670211253415
0.2356261482245628	0.2301868334948931	0.09400650429521437	0.2461060999888867	0.19407441399644276
0.23083137206055734	0.21664120707740864	0.09430835889810894	0.2706229884526356	0.18759607351128926
0.21860929792738823	0.21718442828132334	0.0930405881783331	0.25076092009686746	0.22040476551608765
0.23221627974498465	0.23852971677133034	0.09946639345510364	0.24098121909169093	0.18880639093689022
0.21364963381699997	0.2371449894637867	0.10262656627638336	0.2745333252379533	0.1720454852048764
0.2355705048251314	0.23754349351475013	0.09908287216167845	0.2682977521843929	0.15950537731404685
0.22257718785237376	0.23180821142223287	0.09255753743319	0.2673606437784026	0.1856964195138005
0.2354955011901021	0.2276347317806142	0.10232770266656804	0.24157518151264692	0.19296688285006847
0.22938210677479845	0.2411703931580887	0.09388359654558937	0.25322393352507927	0.182339969996444
0.22952921538693913	0.2264977218250065	0.09389639360277711	0.24075379862937824	0.20932287055589877
0.23767443634463703	0.2278292466526352	0.09781875212640102	0.26221146753567337	0.17446609734065313
0.2258868231935613	0.22794111728084038	0.09023705007669444	0.26094195115221847	0.19499305829668517
0.21526926241740948	0.21686282042133256	0.09227866955008399	0.2663881681272482	0.20920107948392555
0.21285960095459014	0.23332368234709278	0.10141321448004283	0.24111015552304713	0.2112933466952269
0.2194359685260276	0.22190106049616118	0.09323367953601751	0.2471010119917974	0.2183282794499961
0.23466592165705252	0.24171883764929286	0.09372451707508797	0.24548796472401233	0.18440275889455407
0.2145804304988238	0.2154256541802721	0.10148016295550592	0.2574867078122236	0.21102704455317434
0.2238206270398418	0.22905631661755207	0.10123671151737243	0.24156238633362243	0.20432395849161103
0.21197135133316977	0.2193737437183922	0.09488537614540278	0.2717058305124658	0.20206369829056928
0.22208215670740555	0.21629065911770723	0.09294848764657664	0.269886194192578	0.19879250233573237
0.22320375672153	0.22761052228303125	0.10221270791919376	0.24972590378299414	0.19724710929325062
0.21383403518396046	0.2327654837073636	0.09806993315462809	0.256116465531959	0.1992140824220886
0.23950667160634753	0.22570946551712437	0.09191315268571913	0.2402678503107392	0.20260285988006954
0.21222959354275775	0.23631935752564337	0.09453758691179265	0.26871013686417755	0.18820332515562846
0.21308907625170953	0.21419044820366478	0.09928498685332937	0.25016835800155374	0.22326713068974235
0.22232838753832426	0.24456646084792533	0.09001566753487411	0.2411720199831409	0.20191746409573516
0.21384945181009063	0.23260292047908276	0.09816644410826975	0.2620771919434535	0.1933039916591031
0.22293445026422276	0.21967875593876693	0.09622903848825005	0.25728044671538847	0.20387730859337155
0.22688274065709088	0.24329432730713788	0.09973342806782175	0.25485414951485197	0.17523535445309726
0.236054835680772	0.22700431631260137	0.09528458369859073	0.2702736659082969	0.17138259839973874
0.23918455492866156	0.22439558941989565	0.08983562299502536	0.2620966141550919	0.1844876185013253
0.21263114360300694	0.2207555326772044	0.09925443253589482	0.2531261381248393	0.2142327530590543
0.21559876598746958	0.23403346704943284	0.10235031179929367	0.240335173896629	0.20768228126717467
0.23643050967425414	0.221752873939221	0.093234447923176	0.2622206907216467	0.18636147774170192
0.2140612119001979	0.2358579685332184	0.09946065734254494	0.2575129558099356	0.1931072064141029
0.23517751749760937	0.23130105311241544	0.09332103321665727	0.26887111950861986	0.17132927666469785
0.23516088461546364	0.2442047618128441	0.09168929656371858	0.26369726247478664	0.16524779453318683
0.22129270174080787	0.21416476340248863	0.09817401471158245	0.25449889239214724	0.21186962775297358
0.23765430228353518	0.21694455014856404	0.09521596380175623	0.2410703469255121	0.20911483684063223
0.2356312916641597	0.2233607771326114	0.09782555927038494	0.2580706805615515	0.18511169137129221
0.2228200280664676	0.22628358179922087	0.10274871951567839	0.2649377207095901	0.18320994990904277
0.21244682654525113	0.22487740668022205	0.08988050952278083	0.2542233256130661	0.21857193163867966
0.22821013897383177	0.23373719556064707	0.0934775532102646	0.2733547535791342	0.17122035867612215
0.22666500302554016	0.22465075912478508	0.10058528853271866	0.2715983196154796	0.17650062970147629
0.2383486480438578	0.2431168811135934	0.10080727489757692	0.2431814105038403	0.17454578544113136
0.23728921910782397	0.2255915372872531	0.09024366076637466	0.27273887650191103	0.174136706336637
0.21781471712489578	0.2290756957274935	0.09124003686161691	0.27166074270300955	0.190208807582984
0.22521974750343987	0.22341437849386953	0.10215636534346406	0.2552369945808473	0.19397251407837904
0.23650410320141707	0.2387994568927702	0.09589425734031598	0.2601142234061269	0.16868795915936963
0.22003751830832013	0.22507042595383073	0.1008673372508997	0.24089415087492275	0.21313056761202648
0.23551999215839592	0.2184844554325035	0.09408266402663883	0.27019931315053447	0.18171357523192708
0.217695842918161	0.2279433447253381	0.10104164386767277	0.24747227219224682	0.20584689629658112
0.21492088720049496	0.2407390206242776	0.09900292519443986	0.24551640330372754	0.1998207636770598
0.2374069242785912	0.21197392979962146	0.09855195881261132	0.2575583687772146	0.19450881833196115
0.225652830738301	0.21226269657428554	0.09866575894581935	0.2656908542343263	0.19772785950726754
0.2301263153522948	0.2402447017531426	0.09597340760804986	0.25332097071935533	0.18033460456715716
0.2125969745139754	0.22637239231740514	0.09754773583027877	0.2609883571826371	0.20249454015570337
0.21069279790729092	0.23548161747896468	0.10068525682092849	0.24004912029809644	0.21309120749471921
0.23260611571494685	0.2418986553370068	0.093122969890744	0.25855612281392837	0.17381613624337375
0.21313575979199648	0.24283064648448668	0.0948293404560805	0.2735012934305867	0.17570295983684933
0.22397389435153955	0.23161541225111756	0.09441050186259724	0.26862958720465435	0.18137060433009106
0.23975918940449945	0.21547860484066106	0.09762646324115462	0.2712386168340661	0.17589712567961857
0.24098327445231194	0.2402711951344427	0.09527333264846846	0.24565135914578534	0.1778208386189913
0.23377844795635536	0.23564731546839768	0.0933683318270056	0.25751367969618794	0.1796922250520532
0.22423656538122036	0.23055607842560788	0.10187347564245582	0.2723301701217898	0.17100371042892593
0.22444445590991854	0.2162109565890282	0.09104077972569405	0.27382710262526794	0.19447670515009108
0.22324871920831332	0.243440206904161	0.09513075827302432	0.24900581145328704	0.1891745041612141
0.22493752351349494	0.23598666289887674	0.09100940973435138	0.24050916858346	0.20755723526981673
0.22827156657821762	0.21283551390520467	0.09161593835492922	0.2589079884538229	0.20836899270782536
0.23624677498497587	0.21999171402408116	0.10157707442016417	0.2621596697634232	0.18002476680735538
0.22855970532144207	0.23095913461499684	0.09747063252778135	0.24832346182115544	0.19468706571462405
0.21021969954413264	0.21638565479215324	0.09916997024842308	0.2738071535387259	0.20041752187656486
0.2222619546826478	0.22682880291844976	0.09180224607025345	0.24718768784777198	0.21191930848087678
0.23471663105130597	0.21838036825124862	0.09113645237258308	0.2650406017389076	0.1907259465859545
0.22604602506821136	0.22562366898334654	0.10164818796302358	0.27422557162527367	0.1724565463601446
0.22795181207153323	0.23674455116273546	0.10023202145438949	0.25805046671993975	0.17702114859140186
0.226357281832019	0.23236652946359984	0.09309767520976407	0.2675168918650915	0.18066162162952537
0.23787701589136512	0.22150384380324512	0.08999924915256849	0.26305755072616915	0.18756234042665185
0.23787077268483825	0.2292058508146737	0.09996627280305961	0.25347809204150934	0.1794790116559188
0.23614268392077897	0.23653121135800614	0.10282482358002076	0.24920945994172844	0.17529182119946543
0.2291496513931405	0.22076604809841077	0.09564402898495107	0.24595257496874545	0.20848769655475197
0.22370058416376845	0.216619669437422	0.10058454015910837	0.2743678852111322	0.18472732102856876
0.22942077128494687	0.21522214645143062	0.09873108563170441	0.25391555012215317	0.2027104465097647
0.21843512526080766	0.21649968104634382	0.09557692938591422	0.2679446379620964	0.2015436263448377
0.21554721566933263	0.2194826013731272	0.0994248310786943	0.2480073130218894	0.21753803885695627
0.22465873008047973	0.24105959927200404	0.10194587829989857	0.2586204971287415	0.1737152952188759
0.23626400851942553	0.2164782698799229	0.09686860790430707	0.2509164454540476	0.19947266824229656
0.2380115097707774	0.2233210140289954	0.0998769612178532	0.24954173951778183	0.18924877546459193
0.23832571650973072	0.23900846712341517	0.10244245868381445	0.25680699743257324	0.16341636025046616
0.23073459614150754	0.2356476972086692	0.09754459561957024	0.26498588601327794	0.17108722501697485
0.2318337786729422	0.2329445151625495	0.10171234558922065	0.25564254334185355	0.1778668172334339
0.22023081523331475	0.2444637016438753	0.10295345058865858	0.27378116723478685	0.15857086529936426
0.22846773085442584	0.2404390325659762	0.09893511946226705	0.2749819364192518	0.15717618069807887
0.22328132613939808	0.2268036062633757	0.09556415675714106	0.24026504686660743	0.21408586397347745
0.21618314758808307	0.22322684956082095	0.09547493468482549	0.27287179300646275	0.1922432751598075
0.22451238554790048	0.2117787631559324	0.09924312880800168	0.26388969165920484	0.2005760308289603
0.22817911686448755	0.23579914617109024	0.10227949310882188	0.2500524133680015	0.18368983048759863
0.22395687315552681	0.22774760537382624	0.09688000887477488	0.24196079016744024	0.2094547224284316
0.2321329236537602	0.24158266116619598	0.09221012585937849	0.2561246689953492	0.17794962032531586
0.2162740482384068	0.24056891395868896	0.09063295512396989	0.257365605555224	0.19515847712371018
0.23642110839678265	0.2406919418298759	0.10087291687438284	0.25156336359813647	0.17045066930082187
0.2112833406230336	0.24145100270506373	0.09916304992635708	0.270622299260778	0.17748030748476734
0.2167796658793169	0.2176628745807608	0.09761799938635467	0.2748748200024055	0.19306464015116193
0.2367084420799526	0.2368890231824305	0.09057939997928863	0.2577564380205661	0.17806669673776193
0.22530177309934388	0.2228864157937769	0.09978619219205409	0.27282200786575467	0.17920361104907023
0.2269426811594627	0.2313301758964626	0.10084146702026366	0.24219269274895427	0.19869298317485654
0.2397208430033818	0.2314579973562359	0.09651866463541572	0.2573339240196256	0.1749685709853407
0.21332413596479377	0.2402495616528849	0.09595761880890785	0.2614488281345006	0.18901985543891262
0.22437685358331644	0.21914325744436047	0.09257369104654525	0.24484114423215442	0.21906505369362317
0.21882150719549923	0.21513342743681063	0.09354342053620877	0.2489250498608519	0.22357659497062926
0.21022350450530805	0.2440441432518667	0.10106677830023415	0.25987390907565683	0.18479166486693402
0.24006073357447258	0.23871034372645916	0.10041800729122087	0.2646386642894677	0.15617225111837948
0.23041595906854137	0.23630223361464847	0.09146951322253148	0.27412826067592	0.16768403341835844
0.23977363304420418	0.2392079561112475	0.09484783220071202	0.2713114968182069	0.15485908182562916
0.21446953265960536	0.23329850082090436	0.10101634296145112	0.26541611648524477	0.18579950707279416
0.21136642482879894	0.21201481113435833	0.0960755171240738	0.24486219272233456	0.2356810541904341
0.21434226530551687	0.21426252410640664	0.09678230358596415	0.2630216527086374	0.2115912542934747
0.2203112424184976	0.24246898468734351	0.08993232309789005	0.2442191233262066	0.20306832647006204
0.22633090587711238	0.21790165403822576	0.09954361675329831	0.2604765575205083	0.195747265810855
0.21889408418632655	0.2257250275202825	0.09714419745955294	0.2622388861461063	0.19599780468773148
0.23951177180817018	0.2300603067543059	0.09836786719410107	0.26561965481458777	0.16644039942883485
0.2269529204545608	0.21772750923928602	0.09517425575277627	0.26383851736842767	0.19630679718494903
0.21989069931317906	0.2372471287393393	0.09094839353287083	0.24172149330328924	0.21019228511132135
0.21283792027488216	0.21859692703807215	0.09168827897341499	0.2681947337119204	0.20868214000171012
0.22840431232321035	0.23036721895155446	0.09185655273536873	0.27258892220821473	0.17678299378165147
0.23618016923622875	0.23237414012866064	0.09168022389571207	0.2736788180937895	0.16608664864560876
0.2376567390722228	0.2292538130004328	0.09674969736825494	0.25077454262658505	0.1855652079325042
0.24068906136845086	0.2211663611653256	0.09853085215734146	0.24047392209910487	0.19913980320977695
0.2375692511902866	0.22126430664790905	0.10201777547018284	0.24734408117160983	0.1918045855200114
0.2312218528301552	0.21543974006344718	0.09427866809497043	0.2602280303695131	0.19883170864191385
0.21089281964554776	0.21189365079351893	0.10196677722536666	0.2583352757169541	0.21691147661861232
0.21972857746753524	0.2428952313428749	0.09079885264705811	0.26224702366246666	0.18433031488006488
0.23227783005478897	0.21462930452316406	0.0992282466859509	0.26338910727128373	0.19047551146481206
0.23943670538591516	0.22396380308163216	0.09962088055735621	0.24282974109521682	0.1941488698798794
0.23562702855196876	0.23295685682782033	0.1007320289076959	0.25319187863089837	0.17749220708161634
0.2242297306331067	0.21568228816707494	0.096552810122644	0.2629225838187538	0.20061258725842032
0.22579660547989147	0.23886350674958062	0.09526390203324032	0.24906544413422044	0.19101054160306694
0.21495386926361368	0.24163877190442629	0.10158348179860582	0.26144830311578254	0.18037557391757142
0.22868409080044982	0.22263805105466392	0.10060780435812561	0.2689079045549458	0.17916214923181464
0.21840339619793875	0.2407374837891886	0.10095643184379212	0.2730968801831576	0.1668058079859227
0.22964817196275192	0.2314480982573692	0.09298637123592222	0.2562406220854186	0.18967673645853786
0.22975166788863075	0.2230286572744689	0.09578055902299915	0.2586501338190955	0.19278898199480543
0.22485978572675414	0.23275164471830947	0.0953951503977716	0.26082796775954725	0.18616545139761725
0.21375600985077292	0.2258621749780525	0.10057377368883101	0.24269013245096036	0.217117909031383
0.22480435682374547	0.24149757254430523	0.10294896489618453	0.2626073883673047	0.16814171736845987
0.21777724494016226	0.2394804798124861	0.09437558123380117	0.2721671002998052	0.1761995937137451
0.23468353151183907	0.22646034678175314	0.09268946342411724	0.2396434597972496	0.2065231984850407
0.22351900299895286	0.23682453882266397	0.09829851238868993	0.24896682141538348	0.19239112437430952
0.23657120035648274	0.23156289146567893	0.09712457749286967	0.2731700465296675	0.16157128415530095
0.219769597512142	0.23133505621482872	0.10271192508476225	0.26788724413989284	0.17829617704837394
0.21404237747307414	0.21518688560286445	0.09995408224811084	0.2540441534382946	0.21677250123765573
0.23261367975127217	0.23628890368763758	0.10184959587938133	0.27538893196789016	0.15385888871381853
0.23730530598326777	0.2409937036309172	0.09491231142135921	0.24356349102132593	0.1832251879431296
0.21400296096687024	0.2124528253608459	0.09883737149904975	0.24032120745265478	0.2343856347205791
0.2180100810288228	0.231560959280013	0.0930740617663327	0.24879025639211072	0.20856464153272056
0.22919369545880053	0.24390676246156406	0.09993455221214932	0.24682444821584734	0.1801405416516385
0.22498651702932454	0.2403964522895547	0.10299405775380642	0.2486474588828716	0.1829755140444425
0.2323367644160011	0.21219548865461674	0.0991993927106604	0.24236324461699482	0.2139051096017267
0.24107933213666496	0.2413579575550255	0.09358641943614496	0.24068849483941615	0.18328779603274817
0.2344910210642018	0.2329502493469247	0.08981140726385936	0.2500963008188049	0.19265102150620894
0.23745976467802743	0.23912800031011947	0.10018222771787018	0.25835396554871015	0.1648760417452725
0.2251901220690643	0.24456639853601284	0.09658383327537357	0.24839694117743516	0.1852627049421139
0.21356534936239713	0.22878849789122468	0.0906496335488886	0.26524750220695864	0.20174901699053072
0.21181484936771527	0.21904758873720231	0.09478802091446135	0.25987932531294206	0.21447021566767882
0.23964721753971754	0.23751514742645	0.09409883624361375	0.2451330363236637	0.18360576246655477
0.23642599430922057	0.24182138754427776	0.08988138180209797	0.24967217977072276	0.18219905657368068
0.21633994757607533	0.23594829482785226	0.09422640425629579	0.2654698887128537	0.1880154646269227
0.2247759845726129	0.21591501145516423	0.10043788910632186	0.25860263475105366	0.2002684801148471
0.21587110415920135	0.22806774593259233	0.09094646617321739	0.27424548278180627	0.1908692009531824
0.2103460691581188	0.23888143952971796	0.09320419142540037	0.24847456198784135	0.20909373789892133
0.2303644217047708	0.23346868098656695	0.10259959037894278	0.2724799079582113	0.16108739897150792
0.2115116437091845	0.22743820792075747	0.09905161592380352	0.2413810161166829	0.22061751632957138
0.23045518627451236	0.21426629607287084	0.10166712438032822	0.2501220131200945	0.2034893801521938
0.23418273555414798	0.22281171576246553	0.09721209811737787	0.2581071217411935	0.1876863288248149
0.21710664711629532	0.23995149461003198	0.09594046949303693	0.26586872399076833	0.1811326647898672
0.21767104460531075	0.22584946441058754	0.09627212203384586	0.2753026734303723	0.18490469551988334
0.2124861250475779	0.21359942675274715	0.09984978131546716	0.24027643543312638	0.23378823145108113
0.2161550414610597	0.24320008579863123	0.09443970296077883	0.2598780566472353	0.18632711313229472
0.22738603108295566	0.23127249513543968	0.09448917128735021	0.2591946988214281	0.18765760367282613
0.24070955627925988	0.24219991888390702	0.0925151314602409	0.26531572406403703	0.15925966931255492
0.22795181752792498	0.24028317715435188	0.09950315016272929	0.25000833400877254	0.18225352114622112
0.21636120365445377	0.22835522326345825	0.09893637288537015	0.25535119918057125	0.20099600101614637
0.2308880750684594	0.21861304371886342	0.1011118078659776	0.26287796893200766	0.18650910441469165
0.23147659701251505	0.2403306093360475	0.09902425851416011	0.2747175539900743	0.1544509811472028
0.2304499166628558	0.22839859903397602	0.10062354383228157	0.24295253726351995	0.19757540320736638
0.22334486489139918	0.2170865630091841	0.0904646532069168	0.25391933268911354	0.21518458620338612
0.22891861584574827	0.24396542469875399	0.10016236125948334	0.25648227558734105	0.17047132260867315
0.24036573487498758	0.2433893716624822	0.08984767075590704	0.24566322300236762	0.18073399970425533
0.2127251003109495	0.23765668942235052	0.10144354284791608	0.2715839028031899	0.17659076461559373
0.2110319479753071	0.23584910343141385	0.0983946446337345	0.25403662460688564	0.20068767935265866
0.2162112448951017	0.2420293374173271	0.09013018712830556	0.27138953441342784	0.1802396961458375
0.23923086781666902	0.23106461018905394	0.09132495050995962	0.25357770660770285	0.18480186487661426
0.21749742304865005	0.2319461504433716	0.09342205633170483	0.25749053027773405	0.1996438398985392
0.21360147356709064	0.21903964791277578	0.0917260924330179	0.26055965792494706	0.21507312816216842
0.22503007767241118	0.22661445966626118	0.09870567691038075	0.2459129168240602	0.20373686892688644
0.21203126545447137	0.2186078304571955	0.094305456368505	0.25088479586484863	0.22417065185497925
0.23891594792528198	0.23204931739011384	0.09159437357419012	0.24105242091483794	0.1963879401955759
0.22895777194597908	0.24134029886879899	0.0924762938159646	0.2688788800403113	0.1683467553289458
0.23322048264148465	0.21383730751041807	0.09590562720951462	0.2599921601673527	0.19704442247122972
0.22836216118217512	0.21314102262722895	0.09859054181661192	0.2466489464232032	0.21325732795078056
0.2332023705400763	0.24091759371093546	0.09151270808689461	0.25502636343933294	0.1793409642227604
0.22457976972229207	0.22580017725270918	0.09929029929584753	0.24379793749770412	0.2065318162314469
0.22915707892798612	0.2423435848890488	0.09160289060226552	0.27418533162903846	0.16271111395166088
0.22735232695573634	0.2121736543274716	0.09257330440752344	0.2623260093269709	0.20557470498229746
0.225281508019719	0.24154781175236018	0.10296786803809654	0.23958425430950941	0.19061855788031462
0.2113437002243115	0.23199504291214218	0.09811456297989234	0.2698834238766543	0.18866327000699948
0.21943003231658453	0.23399754600043665	0.09344697336211892	0.24890431011662162	0.20422113820423804
0.2194116100828286	0.24041537697443258	0.09923349152449883	0.24362742310850827	0.19731209830973148
0.23285635463974896	0.21897434533397928	0.0970886426822893	0.24651544581142992	0.20456521153255228
0.21233793902146253	0.21869434828724021	0.10201970907834712	0.27285616592626744	0.1940918376866825
0.2407649576098035	0.2118786560117259	0.1007782392884697	0.27515958401550467	0.171418563074496
0.210582752553653	0.22012497824649316	0.09061997752391245	0.2604421636992975	0.21823012797664365
0.22098334632449557	0.23774559374054152	0.08992668149226442	0.25613400499937905	0.1952103734433192
0.22987739927242723	0.23002312349512585	0.10009444735098957	0.25215535812083356	0.18784967176062356
0.23946382153326787	0.21253536729927008	0.09164300645267391	0.25681761798102154	0.19954018673376636
0.21956464471615786	0.2211638838870472	0.10010558434651853	0.2590920786909595	0.20007380835931665
0.2156667021680797	0.2216039383328757	0.090469887951017	0.2496996513373644	0.22255982021066298
0.23918669907195014	0.22433802520501955	0.098197502855581	0.2455260732344783	0.19275169963297073
0.22670746274540665	0.23374546110753835	0.09829597471467882	0.2460374009669795	0.19521370046539638
0.22258389452721852	0.22636612849787344	0.1027470866064517	0.2508776765258311	0.197425213842625
0.21875346897286696	0.23684134243973284	0.09960656188385346	0.2516512570810202	0.19314736962252632
0.22901792584529795	0.21334412297961172	0.09871765268795972	0.2569994222875822	0.20192087619954815
0.2350984998758786	0.23146998309953276	0.10043669966132884	0.2594425203207157	0.17355229704254382
0.22897072902799265	0.2126873045281525	0.10030112290839684	0.2686192128259416	0.1894216307095162
0.24014769223138555	0.24105410851851913	0.09033894571240306	0.2451372982684008	0.1833219552692912
0.2392063317483501	0.23835592616432616	0.09140628538595087	0.2667570366758051	0.16427442002556752
0.21151626292564574	0.2313611060108585	0.10266624597734847	0.2742881321426959	0.18016825294345118
0.2371968260248975	0.2118071533986981	0.09851614097130795	0.26067192379666293	0.19180795580843327
0.21379024120015752	0.21188739486396455	0.09068518120397198	0.2612306377912822	0.2224065449406235
0.21912808347972332	0.23024323632793228	0.09039566030147289	0.24387128292239474	0.21636173696847652
0.21417218636128488	0.21879232061139187	0.10083383531226246	0.2507133438194304	0.21548831389563022
0.2251459793016934	0.21291254325246606	0.09867953763407705	0.25488654733766725	0.20837539247409606
0.23292857228431507	0.22390418697655218	0.09460600117737535	0.24167151671551296	0.20688972284624418
0.2345701810208839	0.2203632434326827	0.09638577798309311	0.24841548855902357	0.20026530900431644
0.23266166101070102	0.22765261138249465	0.09688184460687853	0.26601227933891025	0.17679160366101532
0.22724452968633368	0.22121045593093522	0.10290227493426927	0.2595849889532563	0.18905775049520523
0.22283442243497503	0.21491270473912105	0.09004840983726203	0.2749427177223298	0.1972617452663118
0.21147799456970912	0.2409495347917992	0.10254632317705258	0.260212653528442	0.18481349393299693
0.22760345053726314	0.22456803229181732	0.09620170013524248	0.2617931092752398	0.189833707760437
0.2314833170113677	0.21260716102871643	0.09124681102175651	0.2673942115081466	0.1972684994300125
0.2271330773264265	0.22773347527498164	0.09817145367992551	0.25068101192128545	0.19628098179738063
0.22728983951110823	0.22814380577119328	0.09531861689357657	0.25113434087937714	0.19811339694474456
0.22509605463696752	0.2157847616470329	0.09403509301944182	0.27517918135162117	0.1899049093449363
0.23082085699164936	0.2275734864744999	0.09723542042394381	0.2741377330366836	0.17023250307322307
0.2356656416180443	0.22587081588499844	0.09773444160678925	0.25913188326854447	0.18159721762162329
0.224260271153698	0.2418005004237441	0.09793395924161082	0.27132950204991496	0.16467576713103188
0.2351393561974192	0.21949013753062815	0.09643439378942685	0.2444426421328822	0.20449347034964332
0.215961561285458	0.21313975107940397	0.09621337271398558	0.2751804146815624	0.19950490023958983
0.229790160631275	0.23727680202279122	0.10008690459709763	0.2649696422301595	0.16787649051867642
0.21398761315743361	0.23813573124068999	0.09283967828027626	0.2755025012244091	0.1795344760971908
0.22118917550495426	0.22566152900785366	0.09659105596824329	0.2506028544254103	0.2059553850935383
0.2243571956025148	0.24461302681298372	0.08995324209312229	0.2743747913901234	0.16670174410125557
0.2303788038535041	0.241790069186069	0.10327391293419551	0.263851804921753	0.16070540910447823
0.23866186331066447	0.21193210990876316	0.09741788793860513	0.25495803391785393	0.19703010492411308
0.22884655086611566	0.2177892395958598	0.09785797751243282	0.2640788580146702	0.19142737401092133
0.21143134056220034	0.23832177497714968	0.09152965546754077	0.25074521820066453	0.20797201079244448
0.21020903204967784	0.23042276653297725	0.10329432087211417	0.25402509086035513	0.20204878968487536
0.21748052996449943	0.2198064575946189	0.09139830453978251	0.2592314164509256	0.21208329145017332
0.22588105093554992	0.22559291190482128	0.09534882444734245	0.2603640808460602	0.19281313186622587
0.22121325274747655	0.2244198591919755	0.09420840008761669	0.24151442333501813	0.21864406463791292
0.22691605307601537	0.21925268771182985	0.09508986422750616	0.26513468732324075	0.19360670766140767
0.21463540285199642	0.22260632501784725	0.09897862862967871	0.261811651978385	0.20196799152209235
0.22656470630784487	0.24283800249772033	0.0944977023415151	0.2398054765809179	0.19629411227200158
0.21167812489230017	0.23584933977872594	0.09113914396464112	0.2500349018023895	0.21129848956194305
0.21927766495453024	0.23004550115963662	0.09654183208562932	0.2665925763464977	0.18754242545370592
0.22562326620154138	0.21400467102536944	0.0993998892333991	0.2696964178113502	0.19127575572833966
0.2247445925028096	0.24279143274109377	0.10315345319771392	0.24886703419381884	0.18044348736456364
0.23106784944363556	0.21309247510443796	0.09703151236563563	0.24149277470101949	0.21731538838527112
0.21773723830700387	0.22922439582408882	0.09559584441307235	0.24254135160172083	0.2149011698541139
0.24030953265249386	0.2187552621604267	0.09426614970038401	0.26718084339692855	0.17948821208976665
0.23843423554201154	0.23945629441865005	0.0998734799800336	0.2540334909929739	0.16820249906633064
0.23532854468082887	0.22212588271808012	0.09965917506753814	0.24313004253327325	0.1997563550002794
0.2385460156685009	0.22876611096612515	0.09708337520895127	0.2528818980802015	0.18272260007622093
0.22909683423203508	0.23931342740014375	0.09720819053844412	0.2505544914417357	0.18382705638764113
0.229240991522359	0.23267130490064225	0.09590639247371956	0.24403134062144363	0.19814997048183533
0.22690238734284898	0.23212737311084414	0.09737160362223293	0.2400576264347297	0.20354100948934403
0.22769575411539428	0.23656929717043745	0.09654075198520563	0.267653618443051	0.17154057828591132
0.2395384674092102	0.23891685444751262	0.10217687458745403	0.2587143900028166	0.1606534135530063
0.2286422709530512	0.24085396132243647	0.09019425660791472	0.2545396942508249	0.1857698168657725
0.23569843215318534	0.2139821207536312	0.10000968403013587	0.2435018744404423	0.20680788862260502
0.22076793374189482	0.22671300634483593	0.10020049524929822	0.24576911460528078	0.20654945005869
0.23040422006763683	0.24048072881542024	0.10143083654845277	0.25474445807657015	0.17293975649191975
0.22439234326231033	0.21957060737074413	0.09506265379595948	0.24590927074801142	0.2150651248229744
0.2329273921186217	0.23414421362114718	0.09153330954289983	0.2753190346725496	0.1660760500447815
0.2203324278822067	0.21676575330863687	0.0967397097899568	0.2722014184382497	0.19396069058094972
0.23147022662469907	0.2351025853321941	0.09670517701476376	0.25657188851717616	0.18015012251116663
0.23790630585371192	0.2152463268103679	0.09680839715976233	0.27234109332879497	0.17769787684736268
0.22724943821205967	0.2177767733343685	0.09494211557060982	0.2689132308707713	0.19111844201219053
0.21673900469222396	0.238940982407997	0.10138062352807248	0.27242469891138554	0.1705146904603208
0.21355351976422782	0.21671637084718376	0.09523963117188015	0.26869191366749495	0.20579856454921308
0.2102115660458077	0.24011849440668873	0.09543078473770131	0.2530722325137969	0.20116692229600514
0.21787955880648127	0.22045789489372614	0.09853813845758545	0.2721747363911147	0.1909496714510922
0.2320616614578499	0.2328559019429396	0.10201332712867384	0.2745766779826655	0.15849243148787096
0.22817976478396243	0.2190634331891152	0.09386083730454282	0.24464100654264426	0.21425495817973506
0.21770177998827375	0.22177047205861225	0.09560046428429078	0.2659055823908177	0.1990217012780053
0.21347563118875254	0.2156934171675821	0.0998846496592856	0.25610300194156055	0.21484330004281896
0.23541481543406634	0.22557876805005955	0.09097977601204936	0.2708683313895812	0.17715830911424332
0.2364529601414551	0.22481158055554495	0.09648597960805182	0.24804067535957688	0.19420880433537102
0.2378749674831252	0.2237895673752085	0.10027147307506964	0.26280401201250175	0.17525998005409463
0.23935698348608192	0.22771411288239754	0.09628031662329428	0.26783493778387585	0.1688136492243502
0.24039325341801154	0.21430062833942795	0.0933308028941937	0.2628193591812034	0.18915595616716313
0.23497143972197532	0.22555673492106607	0.09954863448218208	0.25515109401703967	0.1847720968577366
0.21669695648501439	0.22919065350438775	0.09996600663051401	0.2646157069865894	0.1895306763934942
0.24020530836005816	0.2340918002977989	0.10068240063550232	0.2521541034836113	0.1728663872230291
0.2174740056478836	0.24341075554897385	0.09907130080638588	0.2665831125789751	0.17346082541778132
0.2199633442887507	0.2277151697334952	0.09045034703435846	0.24996061252188362	0.21191052642151176
0.21507854421906683	0.22389476489473717	0.10323326740460805	0.2577539331036782	0.2000394903779095
0.2165405660063731	0.24446342353633324	0.10234039931503673	0.2644913755758206	0.17216423556643612
0.2301445315751292	0.21991611212422843	0.09191359250773798	0.26630674718650227	0.1917190166064019
0.23393603353071024	0.23136850633304323	0.0968999982386445	0.24065057319540253	0.19714488870219923
0.21135209564771862	0.2330029343755176	0.10268071387304516	0.2649265851505367	0.18803767095318166
0.21670023573849825	0.2148177240055654	0.101645501014944	0.2527696441666691	0.21406689507432303
0.2326578033421221	0.22983189139014992	0.09832330474842452	0.25260989190616945	0.18657710861313373
0.22556972234588224	0.23588301350146418	0.0919024140992386	0.24553607881652056	0.2011087712368942
0.22296435936035763	0.2149388704706534	0.09801846008715952	0.2398796019076194	0.22419870817420978
0.22298993788279628	0.2433884266024598	0.10129346198955567	0.2658392331106592	0.16648894041452883
0.2192318278439114	0.23991497926109454	0.09228393465479336	0.2623795881397478	0.18618967010045265
0.21837199878102867	0.21613083497377922	0.10246639312166986	0.2582217395982333	0.2048090335252887
0.23530818157744005	0.2371741281200134	0.09749931296861712	0.2570442349706193	0.17297414236330988
0.22191428954650705	0.21417273988620542	0.10140977358978141	0.26597020388955755	0.1965329930879483
0.21158576272490273	0.22159039556751706	0.10077277772421998	0.2740169091411972	0.19203415484216285
0.23081687197704323	0.2387786471403523	0.10113023048278072	0.27186779318417686	0.15740645721564664
0.21111267038497927	0.21876906966306617	0.0980805979749024	0.25539074460154243	0.2166469173755095
0.2372898472857465	0.238972319307311	0.10048135434442894	0.27043059327038466	0.15282588579212864
0.2239018733258372	0.23408842520898646	0.09413646928724194	0.2571742679426323	0.19069896423530186
0.2141689042159477	0.2143162152758078	0.1023208465125851	0.25849950607154065	0.21069452792411847
0.2224653461265152	0.23508367067875147	0.10222263091260209	0.2743894832843936	0.16583886899773737
0.23035689065251172	0.21741898136151191	0.09188072986641148	0.26869155602238354	0.19165184209718109
0.23457038568635577	0.21423651529499435	0.09652809672469899	0.27482691314354346	0.17983808915040717
0.23057033195470888	0.22136490758721042	0.09067557434184921	0.27052414048975765	0.1868650456264736
0.2271990390996223	0.22349458620012994	0.09930762030280257	0.24978823132211408	0.20021052307533088
0.23022766284602988	0.2346132369810895	0.09262383523221789	0.23946589594478204	0.20306936899588046
0.21770127377192908	0.21396172052311918	0.10269565876098471	0.26643619580537153	0.19920515113859524
0.21807510809093703	0.2249100147696832	0.09036960365900891	0.26131492369801723	0.20533034978235337
0.23811756025608988	0.23787855472527272	0.10129174074963222	0.2666372952128551	0.15607484905614982
0.21825972656831094	0.22197816101084264	0.09994662881031241	0.26869608748958523	0.19111939612094853
0.21305083571416278	0.23763011513302854	0.09227282489645496	0.27547515916649223	0.18157106508986126
0.2348013197285157	0.21330907851440928	0.09281098160528065	0.24152884234030547	0.21754977781148865
0.2296504471036323	0.23578173468204836	0.10042229570089212	0.24025946429693187	0.19388605821649513
0.2202672917454824	0.234673669378871	0.10212922195138474	0.24892261935363752	0.19400719757062412
0.22503314137352765	0.23148076330036038	0.09349172302657828	0.2508427758664049	0.19915159643312852
0.23391303711513256	0.22302729063802806	0.09554940206066997	0.24701736715355785	0.20049290303261133
0.23647433112297625	0.21605364206693542	0.10319298107394968	0.2728685083041087	0.17141053743202972
0.2133098447657799	0.21511298297952602	0.0913482911544378	0.2697337242186798	0.21049515688157625
0.22901851380092927	0.2423266343364782	0.09187585838765663	0.2654237179882412	0.17135527548669446
0.240811203348485	0.2374408581871931	0.09574523166789409	0.24002286717700727	0.18597983961942027
0.23486859360270426	0.22123767543327236	0.10154219937586967	0.25890408863124525	0.18344744295690818
0.22596321443320544	0.2237808708410488	0.09204857191903792	0.26542549674332583	0.19278184606338178
0.2252062770991237	0.2234752362989365	0.09679858009568192	0.26725003127545055	0.18726987523080713
0.23698946253302478	0.2410792762461437	0.09640999824926613	0.239709027144969	0.18581223582659614
0.22499852438233026	0.22161884330145198	0.09551280717463898	0.27528057197945116	0.18258925316212735
0.22914477359145427	0.22270429729725838	0.09858174032310019	0.27311034601882617	0.17645884276936077
0.21109550744721342	0.23622412950691718	0.09748850304782206	0.25843101666276236	0.1967608433352848
0.21749309291590574	0.22493372975426879	0.0968111612021219	0.2483753550787578	0.21238666104894555
0.21101093510171	0.23529531120278757	0.09865072002877227	0.2730186671809124	0.1820243664858175
0.22239873485016998	0.2121358378853839	0.09458961290852426	0.27452991847793723	0.1963458958779844
0.2305781588227091	0.2118604613921064	0.09500983909779574	0.2598314720057359	0.2027200686816526
0.21988216757713852	0.21657071151503218	0.0959280302672707	0.2719297639952902	0.19568932664526817
