0.12719462183434777	0.0669143662508668	0.09111049576339195	0.1544991822737562	0.1517244109756345	0.10817588668868323	0.0742326070803027	0.2261484291330167
0.12490637496530749	0.06697355965934469	0.0887425631033128	0.1563568643147517	0.15597504452383448	0.1061726911101719	0.07486910377272173	0.22600379855055497
0.12427808325940667	0.06686013385692638	0.09099834557792041	0.15711069176729411	0.15385430473458878	0.10753457963922672	0.07492022999726713	0.2244436311673696
0.12713093858846716	0.06685691443881088	0.08781125606743787	0.15923926452283493	0.1517305355072439	0.10755515504976446	0.07483423654567285	0.22484169927976771
0.1285135046203201	0.06689254132100667	0.08855985239029626	0.16024459326342932	0.1520778432088454	0.10652504472001653	0.07468913439559292	0.22249748608049252
0.12426071174084038	0.06692129060326209	0.08848456909617827	0.16118311284990441	0.1532583084819887	0.10725192488107127	0.07452495976847183	0.2241151225782828
0.12137998354883922	0.06701092513845405	0.088719418335919	0.1604436750315411	0.1555523190064187	0.10821270720111173	0.07457504372557047	0.22410592801214554
0.12368718325443762	0.06695432070191851	0.09117544439765995	0.15669048283814951	0.15456589892798256	0.10960559533122882	0.0747859913926565	0.2225350831559663
0.12378710712292079	0.06697915335969973	0.09016259311105229	0.15672428525588694	0.15499850012911173	0.10649924131263161	0.07474497440496425	0.22610414530373246
0.12034899847294336	0.06690832262267599	0.09152445934321612	0.159002216347786	0.15524371893233052	0.1072296804478256	0.07518257856254264	0.22456002527067956
0.1226685126747038	0.06693384256229683	0.08967797588997721	0.1631629925509857	0.15182915004940475	0.10748589396046357	0.07487537840410127	0.22336625390806664
0.12228126734485978	0.06694390209039087	0.08862505722452636	0.16327568919667873	0.15253666023514767	0.10783574266357303	0.07466860647586115	0.2238330747689622
0.11871896046257781	0.06693812625905526	0.08750197166340735	0.16306244169361434	0.15425040145147295	0.10949188315190443	0.07441543805798866	0.225620777259979
0.1212338766171429	0.06688846955910674	0.08837353804129112	0.16225397443055606	0.15515239054072255	0.10818067004712999	0.07459250483454534	0.22332457592950505
0.12631544126890368	0.06696599516701707	0.08647138195622031	0.15568541347672266	0.15443196770736334	0.10957883808527863	0.07460173403413663	0.22594922830435746
0.12770113006279704	0.06694805429163346	0.08668321301704	0.15871819762207406	0.15270048575889691	0.10887854826619942	0.0742589012585471	0.22411146972281176
0.1247099371042524	0.0668545951818253	0.08702122732624296	0.1605890998166216	0.15292788413466682	0.10834118753709028	0.07452618494055654	0.22502988395874388
0.12846801781364647	0.06694130072041944	0.08622551147168787	0.16043468488859453	0.15214199764183067	0.10728872026840798	0.07505339277200414	0.22344637442340864
0.125992014083809	0.06687565065388006	0.08800415968146502	0.1589067464538328	0.1536614759911078	0.10812819615577936	0.07482343377006315	0.22360832321006258
0.1256882013251543	0.06697400187658385	0.08581312031923378	0.16242422285824015	0.1532295487982809	0.10663079763011804	0.07499048235779887	0.22424962483458985
0.12469259043045099	0.06699110459186347	0.08797083187328467	0.162712795778037	0.15372092791447228	0.10705520119363177	0.07398364632129428	0.22287290189696535
0.12436104623676626	0.06685266094640144	0.08709263846262401	0.15991856790591125	0.15522692264679244	0.1089747526180218	0.07477738573812925	0.22279602544535335
0.12315208082247686	0.06688079750048359	0.08637851918083662	0.16036650317128204	0.15486546332898946	0.1075532741688044	0.07457445111758434	0.22622891070954243
0.1265842246993958	0.06700803897348442	0.08679924563330188	0.15540492130059502	0.1554534956923854	0.10747886187990108	0.07486341859257509	0.22640779322836113
0.12804825270444897	0.0670186721534998	0.08869929020321865	0.15399730018292446	0.1554583204965052	0.10716997460342258	0.07503342000097382	0.22457476965500628
0.12472738986155904	0.06686091886522072	0.08987862839711572	0.15795417375681373	0.1529294680464885	0.10933403991935697	0.07458161086599739	0.22373377028744773
0.12458212365951692	0.0669290715895482	0.0906455211133135	0.1573763064309477	0.1519682180607144	0.10821991008096185	0.0749670801047869	0.22531176896021032
0.12019638023482873	0.06697342620885438	0.09163589353122223	0.16155804800311452	0.1524841728851384	0.10783097491664995	0.07469428770575022	0.22462681651444139
0.12486447715806637	0.06688069899488165	0.09062619774865707	0.15748374334381832	0.15268020539859756	0.10837114776501708	0.0740975472010707	0.22499598238989105
0.12575509118623832	0.06689283364531627	0.09154137526567276	0.15503539319654364	0.15181938966801548	0.10895917918348402	0.07391375959866481	0.22608297825606452
0.12850306273552853	0.066952284335961	0.08720361908800375	0.1575684604484882	0.15327445088767272	0.10883717465734635	0.07409502001908508	0.22356592782791412
0.12728164058425295	0.06696650113185584	0.08869956807437791	0.15699715570175618	0.1554341343008188	0.10781831469851424	0.07393027114051963	0.22287241436790423
0.12525181648731196	0.06694905377622244	0.08857200327569704	0.15860469263845361	0.15334139091665044	0.10932389543996832	0.07519132955701865	0.22276581790867728
0.12596832027341862	0.066873517708563	0.08681382953719652	0.15894127905711075	0.15301427944878643	0.10798898940659686	0.07414324933598235	0.22625653523234526
0.12753231328840994	0.06689490553042307	0.08685604998576898	0.15761888309727698	0.15337207475274378	0.10735946185666441	0.0749134963544348	0.2254528151342778
0.12236510390203648	0.06693322235203703	0.09144185751978626	0.15791807097855529	0.15444532071544154	0.10709705771257769	0.07506022784113285	0.22473913897843267
0.12216452011739404	0.06698366833839194	0.08976872746611794	0.16542472607419534	0.15170507997033525	0.10616298405049684	0.0749686896083609	0.22282160437470755
0.12271895385951456	0.06687051713834316	0.08699269403342985	0.16437442129484087	0.15459849903842957	0.10625988021980563	0.07490574703964523	0.2232792873759909
0.12235390212161987	0.06684756516943959	0.09044271176494176	0.1592086086604208	0.15543369504239965	0.10715490469892028	0.07510871028975258	0.22344990225250527
0.12537570979293372	0.0668556387478334	0.0864094921266949	0.16012125200421312	0.15476461511686693	0.10930489794732365	0.07465579837105013	0.22251259589308398
0.11783215377785641	0.06691684194525946	0.09124845046057152	0.16364631730964138	0.15199570941822152	0.10920731524265828	0.07447441528732407	0.22467879655846712
0.11818481859930494	0.06697241471583743	0.0898979533071218	0.1655182124783512	0.15459736425324044	0.10815371076194402	0.07429106540683383	0.22238446047736615
0.11780221638668953	0.066854396171488	0.08720132587793517	0.16626393949128865	0.1554247408101231	0.10668918281996383	0.07491439221986657	0.22484980622264494
0.12080915438085565	0.06699183676496562	0.09013399168709256	0.16172081322846008	0.15205149878698748	0.10861972198935091	0.07511753650668354	0.22455544665560395
0.12111231402416243	0.06685794879857346	0.0911919463337888	0.15894917810813264	0.15419745884552577	0.10679241045682691	0.07501839507776056	0.2258803483552292
0.11771295018365299	0.0669978558119693	0.08697485872218405	0.1646985431590577	0.15526990479804065	0.10799682578792916	0.07421190586879098	0.22613715566837492
0.11797520108123888	0.06694043602161956	0.08765199806755969	0.16722628213984547	0.15306097317995013	0.1094452019753769	0.0751817386505686	0.22251816888384057
0.11732382614793734	0.06689051405586457	0.08823486417250348	0.16797991291049405	0.15523559357122474	0.10713505855094092	0.07463027207034931	0.22256995852068537
0.12019437733179777	0.06700224918097569	0.08896114955218724	0.1635003598486049	0.15384574921665922	0.10740998936856828	0.0740973055601774	0.2249888199410293
0.11962762040022051	0.06691060534356974	0.09080913626124817	0.1634564315392503	0.1518060262451503	0.10630757632207788	0.07489650767181039	0.2261860962166725
0.12114128048575049	0.06684428322116756	0.09012224502574778	0.16042735130060015	0.15548334108623052	0.10693554831530921	0.07520214329227448	0.22384380727291958
0.1214412843516568	0.06701575685483255	0.08781241544026774	0.15790567984189957	0.15528651031383078	0.1091534344019085	0.07525336292539397	0.2261315558702099
0.11945650750571568	0.06690332614511593	0.09118847906203809	0.16164246342210423	0.15476180932834294	0.1067510603605394	0.07520217480644215	0.22409417936970133
0.1198301075631224	0.06689192158266806	0.089054397478356	0.16222049227197283	0.1537007451755044	0.10824684621614546	0.0751299877709811	0.22492550194124955
0.11878684565982911	0.06691142229539379	0.09099863606245746	0.16496528652274306	0.15242732829820488	0.10630527333027018	0.07421896250838222	0.22538624532271906
0.11786034395913977	0.06692041321595601	0.09024396631013418	0.1630831618947216	0.15403501184768964	0.1076574650115508	0.07405033133886071	0.22614930642194706
0.1243954882156098	0.06701816548691186	0.08984707450025231	0.15985935908843887	0.15517827406064466	0.10592960477042222	0.07408495978625168	0.22368707409146837
0.12400919108798508	0.06688169184308529	0.08779326295174969	0.15903503200291155	0.15422258242890372	0.10766756023759513	0.07475314418581924	0.22563753526195007
0.12610089144898337	0.06698242349171864	0.08887435423322129	0.1618850780129801	0.15281601722454308	0.10667153913534017	0.07403457504048364	0.22263512141272948
0.1263250675719782	0.06691674860619723	0.08934284982703931	0.15540532820042272	0.15577061365576783	0.10693898032862026	0.07404848252999957	0.22525192927997467
0.12694624620238532	0.06694987517242613	0.09000105201764033	0.1545438731847676	0.1548442067663071	0.10794125723782566	0.07490211888581322	0.2238713705328344
0.12315289051185607	0.06693392350749189	0.09109165858872584	0.15948645266566172	0.1524595172389328	0.10641787310344868	0.0742530685848295	0.22620461579905324
0.12183160481531205	0.0668397244245699	0.09080940523204131	0.1573940107775189	0.15380777481169972	0.10872730405316575	0.07495302530292311	0.22563715058276904
0.12191399325409089	0.06690319367775358	0.0904980198921996	0.15762340928748633	0.15426397724834517	0.10823447658711823	0.07433282557747403	0.22623010447553196
0.1257267193779748	0.06690402362345646	0.09135206859220159	0.15660423476319407	0.15582785858955892	0.10624779055395905	0.07395175623410472	0.22338554826555015
0.1292520714433525	0.06699622807114655	0.08649120891689999	0.1561555258020245	0.1536433077535395	0.10794649114901764	0.07423442165037678	0.22528074521364239
0.12454183841574823	0.06687277602503174	0.08922061735924705	0.15711293684347385	0.1552646168869615	0.10863944505282229	0.07514955723008937	0.22319821218662575
0.12173622153383923	0.06696049699194545	0.08877697482624612	0.16163198550669192	0.15451029795662768	0.10760465398497585	0.07512818958983625	0.2236511796098373
0.12383332451338061	0.0668380964177096	0.08784776358843277	0.16159616600530766	0.1538139560984828	0.10696368431743612	0.07485685687209367	0.22425015218715652
0.1208112289397891	0.06688681050344852	0.08951892081888008	0.160649977989286	0.15505133803353083	0.10928429299711515	0.07411908742711829	0.22367834329083178
0.11988118876410377	0.0668760479277409	0.08994188770243328	0.16385197946799046	0.15350216638728623	0.1064749887076187	0.07415635615584343	0.225315384886983
0.11787734609362573	0.06690611348386442	0.08829945667186545	0.16596568523501198	0.15506626318237432	0.1061955204971802	0.07394304241845992	0.22574657241761778
0.12018196102090861	0.0668808794876188	0.087066594961643	0.16579948260477873	0.15380450566146436	0.10760708028217847	0.07405647554553532	0.2246030204358725
0.12626521682469127	0.0669170487506866	0.08629479254580198	0.15913283154659436	0.15444659622268422	0.1078723146713206	0.0743325965980637	0.22473860284015706
0.1266978867067868	0.06700987485652893	0.08630044473765208	0.16099691085075685	0.15202848170233044	0.10843466167378515	0.0740880321652783	0.22444370730688118
0.1249417607165948	0.06690866554018099	0.09045345683462369	0.15767701445417104	0.15419884438626713	0.10901067134488324	0.07428623046179875	0.22252335626148012
0.12681815587582107	0.06690182748795238	0.08781252134163882	0.15951261633474395	0.15553023425154988	0.10626371761322759	0.07401625076200107	0.223144676333065
0.12881759249535799	0.06698548866844274	0.08881918834387614	0.15464693097634727	0.1536170859579524	0.10743315494547606	0.07482548379971637	0.2248550748128308
0.12812771518535876	0.06700901989354252	0.08851989187007388	0.15508410334622247	0.1542211146532113	0.10930903834445199	0.07421880163075431	0.22351031507638455
0.13030406649562587	0.06700403595402826	0.08851219555510514	0.15377111330932747	0.15194334797120035	0.10852725214519121	0.07518616058334901	0.22475182798617246
0.13124693952343422	0.066901336989237	0.08596237790787863	0.15741407481850844	0.15215570161823191	0.1088544939927265	0.07477272668849824	0.22269234846148483
0.13140525613984738	0.06701769123279361	0.0894519493373048	0.15499213315125282	0.15365971096251535	0.10632155076529867	0.07458431276686514	0.22256739564412198
0.12547614913745386	0.06700526618601672	0.0886375723681179	0.15702749040233513	0.15211760139785394	0.10941874740871826	0.07426043341512742	0.22605673968437656
0.12682235718017298	0.06695938650203795	0.09152067608462101	0.15408283843820436	0.15455131319120446	0.10750463113245602	0.07447683861222744	0.2240819588590755
0.12503877320614357	0.0668767315889514	0.09165294722263748	0.15825035049606367	0.1517885732979318	0.10627935338934011	0.0745149676001449	0.22559830319878688
0.12536282457672235	0.06695444323810695	0.08930671455727288	0.1583648970203051	0.15254376630847813	0.10728425083681485	0.07506576833857431	0.22511733512372517
0.12531140690723308	0.06690057722676593	0.08682322778290831	0.1568503245328884	0.15489670376153292	0.10819105027347842	0.07513475828658328	0.22589195122860942
0.12615297151193325	0.06696341276914827	0.08764410822100145	0.15792531555458406	0.15571597123924005	0.10734226185552237	0.07432576407503863	0.2239301947735317
0.12494349825716408	0.06692098478309363	0.08900551089809819	0.15995745743213713	0.15350578657049913	0.10820009601315592	0.07396765716757983	0.2234990088782719
0.12347345755295691	0.06690090045217939	0.08645549942480948	0.16571162408989154	0.15296118058834293	0.10674177666538233	0.07457984331599589	0.22317571791044127
0.12188457845240282	0.06694373106230583	0.08817571998870113	0.1620642767553248	0.15383221436872796	0.10717434600354792	0.07397861254466319	0.22594652082432604
0.11955801046031245	0.06700742772106827	0.09027651041103685	0.16044791543512388	0.15561782729258086	0.10865003250823502	0.07494010318269359	0.22350217298894887
0.11870024569569709	0.06691105760859176	0.08946724400497885	0.1648203588360974	0.15414848948396598	0.10762321918740192	0.07492434175791124	0.2234050434253555
0.1209776099255965	0.06700728686598859	0.08898852432269179	0.1632615550630903	0.15272416013022166	0.10791781183853263	0.0740990263919542	0.2250240254619241
0.11659914506260985	0.06695689094598227	0.09069841709654575	0.16239939689394603	0.15384580793371308	0.10956572350501947	0.07440818475316247	0.22552643380902088
0.12198884567170115	0.06692233916962734	0.09097292895610232	0.15836144097040472	0.15514317158397542	0.1077803106536743	0.07482041227145875	0.2240105507230558
0.12411099542396617	0.0669446541326204	0.08605506133018635	0.16101813361691747	0.15475195765631825	0.10723032963752731	0.07440060797447186	0.22548826022799195
0.12576881296350295	0.06687546245750954	0.08587078408366051	0.1645774452971573	0.15315252240678645	0.1064849350886327	0.073930396911883	0.22333964079086735
0.12549442713315961	0.06699009811176167	0.08724666062868733	0.16102995209308982	0.1528160213465086	0.10636891478730981	0.07420993744333952	0.22584398845614345
0.1272427790324508	0.06690728712907744	0.08595122652147089	0.15932622829768545	0.1539126915042326	0.1075325402167277	0.07505201778341776	0.2240752295149372
0.12747387668266072	0.0670138767585689	0.0888184396350245	0.15712813487005312	0.1524473364014025	0.108695577497615	0.07393997123037982	0.2244827869242952
0.12681554055700603	0.06687850436778625	0.08793553338073698	0.15883634915272382	0.15181401159065502	0.1085509432513614	0.07493403432537205	0.22423508337435824
0.1262164131180592	0.06685126828901469	0.08618623826224599	0.15758667309487057	0.155711829219527	0.1062585488995603	0.07516295346986658	0.22602607564685545
0.12808751165382887	0.0670183625725578	0.08959086695672364	0.15425288563951906	0.1555635549326475	0.10753338574256248	0.07480897016034846	0.22314446234181193
0.12090998779110196	0.06691559536157285	0.08849240688058657	0.16184753249337247	0.1547801150537904	0.10789753238732896	0.07432986859945931	0.22482696143278724
0.13137893666349465	0.06696715718237983	0.08684578814987294	0.15690803574213658	0.15175753711185977	0.10854710387868824	0.07518219810638646	0.22241324316518135
0.1271643172174884	0.06696466049724538	0.09092936046100521	0.15387682053924423	0.15443834367301018	0.10750718766588904	0.07429844401847936	0.224820865927638
0.12966679601982062	0.06694283221429381	0.09083049288194872	0.15554871013867122	0.15294880128108498	0.10624277532538731	0.0750844521929376	0.22273513994585545
0.1272789371020025	0.06696931411947052	0.0903838632061014	0.1566515548425531	0.15283665479659875	0.10729416799153352	0.07492950456147361	0.22365600338026637
0.12210234823460625	0.06696862592165473	0.08893136968080312	0.16294557572072418	0.15218952656102577	0.10738471105409318	0.07417034018522126	0.22530750264187127
0.11710124918132357	0.06683911026774003	0.09084099225206277	0.166168716112428	0.15268111137035195	0.10921149571749855	0.07469518483966689	0.22246214025892802
0.12023955679042983	0.06685931141384832	0.08609519415973568	0.16347098840552438	0.15368472709613606	0.10907073306310673	0.0742879746582396	0.22629151441297918
0.12105347115802421	0.06690742895578074	0.08906920939979465	0.16267603573679723	0.15257624910262813	0.10903477459955839	0.07493116220415552	0.22375166884326092
0.1256093388870007	0.06690114991651439	0.08789428185144582	0.15680586672518573	0.15263852963749272	0.10930168568161285	0.07482308522839945	0.2260260620723481
0.12790849665350695	0.06693681819819045	0.09163871819353853	0.15409711675729837	0.15446889857085852	0.10641061275109123	0.07469049009688286	0.22384884877863287
0.12773933700619405	0.06700227682899157	0.09030681366446058	0.15378029689072634	0.15189772771827229	0.10915158156479329	0.07476441575735628	0.2253575505692054
0.12848585407796734	0.06690604106671219	0.08858407680351799	0.15542939081889268	0.15253911831366967	0.10808385370363796	0.07502788506387231	0.22494378015172956
0.13105272324845707	0.0669877333306621	0.08677338360093517	0.15503031881446636	0.15285560511549287	0.10774715044809291	0.07397021006095347	0.22558287538093982
0.13006644078492297	0.06692493621199026	0.09029368023699755	0.15456374788955735	0.15246423465642822	0.10792418988772026	0.07414194809085295	0.22362082224153018
0.1305166019072673	0.06686942075513871	0.0875874731369487	0.15487573331272947	0.15340520232567	0.10798056185630006	0.07410934810870735	0.22465565859723813
0.12874468920476473	0.0669836376722556	0.08575746746663382	0.1586868992321564	0.15386296307564648	0.10784182128864912	0.07429178616055784	0.2238307358993358
0.12781702815740498	0.06694463313053639	0.09076648127783679	0.15532789811958259	0.15231583915563665	0.1095146962505855	0.07401999028733293	0.22329343362108395
0.1242857723857818	0.06687378783722782	0.09138112306522087	0.1586286508224498	0.1519409482375091	0.10766684995178882	0.07408220873870511	0.22514065896131652
0.12420433635350081	0.06698262607922467	0.08826144451516144	0.157832361693676	0.1557026873187875	0.10843162991108915	0.07480677621047521	0.22377813791808499
0.12589821582312072	0.0669003562133386	0.08669046139710031	0.15794159667641722	0.15546964580523814	0.10823243408413843	0.0749382664133621	0.2239290235872843
0.12773429117449236	0.06693648609249248	0.09153118312183818	0.1549576571553788	0.15321499367873148	0.10646518501281065	0.07470659243582661	0.22445361132842923
0.12479914665045794	0.06691857008816782	0.09133479192173047	0.1537845361664136	0.15396755278011007	0.10778273203827847	0.0750184502477822	0.22639422010705923
0.12417088825659786	0.06699027549718863	0.09163388365798841	0.1577068139686911	0.1542282370725881	0.10677252688219666	0.07448134989686972	0.2240160247678793
0.1284152819617305	0.06699282336300441	0.08771225951176823	0.15449515217088836	0.1531041245688829	0.10810572478483166	0.07478372902082783	0.22639090461806588
0.12808920653878847	0.0669999421154519	0.08693551608806033	0.15425127662653795	0.154373072868477	0.10943594561903933	0.07405918186177687	0.22585585828186794
0.12838618694830156	0.06700507200896082	0.08831901305885104	0.15465933716569302	0.15293262003441277	0.10900495153183735	0.0740917237404709	0.22560109551147228
0.1305908901956987	0.06686021014826118	0.08679154116633872	0.15679674107143138	0.15255370798994322	0.10644407382052576	0.0749271764845891	0.22503565912321172
0.12625244804595304	0.06694395295672613	0.08869333952454944	0.15791072170959772	0.15474245570589623	0.10702452185626957	0.07438045264286085	0.2240521075581468
0.13087943592899554	0.0669808227329429	0.08669848364136047	0.15571985666013421	0.15192017183697976	0.10756208298470595	0.07400443077831692	0.226234715436564
0.1304704764062794	0.06685498645430404	0.08785377259381685	0.15554116280960956	0.15188764723949952	0.10887524562958613	0.07517707020209588	0.22333963866480838
0.13026985202830588	0.06697120341958347	0.08669252321560686	0.15634856085903254	0.15587869875815882	0.10637076592141383	0.07403190671480947	0.22343648908308897
0.1308260515657324	0.0668515188529785	0.08670528639406862	0.15736682086780973	0.1519437965000714	0.10851131333261534	0.07479620942403759	0.2229990030626862
0.13004890820325463	0.06691442354006079	0.08766911608250427	0.15411515686203664	0.15389284887218546	0.10625758815593922	0.0752322860739851	0.22586967221003368
0.1273346828026235	0.06690937879244582	0.09029328211462635	0.1557207863550613	0.1534189896506508	0.10603749380008665	0.0749868703353671	0.22529851614913826
0.12343575234014076	0.06698170278586855	0.09090681709402537	0.15640412512747232	0.15377666354549255	0.10876082934147663	0.07424715435634807	0.22548695540917552
0.12171564258622478	0.06694824146628339	0.08943598664996873	0.1616003465124187	0.15292050007485478	0.10932313848211928	0.07451781633172017	0.22353832789640998
0.12630397819401112	0.06687563830350306	0.0868346733029616	0.16003749174534995	0.15411341764214154	0.10609987786453158	0.07469240847388968	0.22504251447361126
0.12543042031029616	0.06700073542221141	0.08694851512427415	0.16003494978485164	0.15438383002683126	0.10677361811004761	0.07439557657098488	0.2250323546505027
0.12716144495250475	0.06701093850200228	0.08697975206993987	0.16030187409127422	0.15185136585581593	0.10720564160278351	0.07416436376271189	0.2253246191629673
0.12879165797046901	0.06687404156488723	0.08588806274342689	0.15861774243930143	0.1552325795758692	0.10621693082016503	0.07450606768892638	0.22387291719695462
0.1305362875660406	0.06690273403726903	0.08628170024903214	0.15766245425789516	0.15394771289445774	0.10740908122797962	0.07415104693830495	0.22310898282902053
0.13048606111288663	0.06689534649963838	0.0862254327237571	0.15720942500367863	0.15224706320673786	0.10940017860186729	0.07414325232260592	0.22339324052882797
0.12745640389563986	0.0670055749142433	0.0873217247315558	0.15905357349627672	0.15372574119909452	0.10637751765909047	0.07440894730844508	0.22465051679565404
0.12498982717770779	0.06698725939519543	0.08857141319861589	0.16064008197057228	0.1516845750761609	0.10753952028735173	0.07406565632587474	0.22552166656852107
0.11890816201992056	0.06695513056113264	0.09013340602367821	0.1623806569301612	0.1554581633324356	0.1064929222382471	0.07446641427911	0.22520514461531446
0.11915356935165292	0.06684396515346819	0.08727748805818739	0.16733034895345564	0.1539597618470702	0.10621116851187662	0.07457715712597604	0.2246465409983128
0.1205525498021281	0.06699525865952159	0.08661151348479112	0.1653347634571391	0.15318539690920405	0.10648895619594385	0.0752566522967843	0.2255749091944877
0.11882240545869174	0.06697443705744857	0.08833944501522534	0.1660443134269031	0.15196238286742933	0.10734086141954644	0.0744174176344657	0.22609873712028955
0.12537711011518932	0.06693461311103513	0.08838129198230946	0.159633976510544	0.15522257610752221	0.1074284147012675	0.07433467603152026	0.22268734144061192
0.12668313085745364	0.06685162690481643	0.08858543429871384	0.1609028488144824	0.1530980923064694	0.1072831047139203	0.07417401860714855	0.22242174349699523
0.13001864767932786	0.0669186035119744	0.09119821683587573	0.1535686181037418	0.15419563166441144	0.10666758529979237	0.07397484368587082	0.22345785321900535
0.12784787495031297	0.06690911658420973	0.08866165167272559	0.15831940059896382	0.1524808022888228	0.10777777270628328	0.07434549538113464	0.22365788581754698
0.12942067869697138	0.06699459932001757	0.08924572977784226	0.15534635264523486	0.1525466419826739	0.1086950233018657	0.07465541551642951	0.2230955587589646
0.12659297300793754	0.0669778262991369	0.08967574603197051	0.1566083404722992	0.15213770988909	0.10813339134343271	0.07438799245530282	0.22548602050083005
0.12211962111342961	0.06695529286352579	0.08835238880214653	0.15931585857530148	0.15286665406532995	0.10953904175371423	0.07500573997362107	0.22584540285293114
0.1246693575043349	0.06689798142252652	0.08997707611965217	0.15999181627718934	0.15268685008543317	0.10613242151994554	0.07407792384175729	0.2255665732291608
0.12975618058821983	0.0669449671262913	0.0857682965152303	0.15692567031589755	0.15428057675161203	0.10882184518931157	0.07415312823543754	0.22334933527799966
0.12540620779537673	0.06691225069033316	0.08728620228384021	0.15830856033078416	0.15459477478106814	0.10953037965801189	0.07421332281508268	0.22374830164550283
0.12344318284337968	0.06686811483608676	0.08629155955333878	0.16446162313481097	0.1552794110772847	0.1062413112788907	0.07483245424464904	0.22258234303155916
0.12499117073279939	0.06688955721937256	0.09017750083932893	0.16126897171339732	0.15251916466551496	0.10660444564726307	0.07426747620225269	0.22328171298007085
0.12838158318246312	0.06689648124287798	0.08601404333126848	0.15807417298666468	0.1523321452205227	0.10858590829505188	0.07413861861864736	0.22557704712250354
0.1298872933907053	0.06695356175977202	0.08727945255194544	0.1562584614909755	0.1526163384017117	0.10748156865669113	0.0742019818033381	0.22532134194486061
0.12988395637518713	0.0668393059135344	0.08916079346365768	0.1553562516651859	0.1533083884883636	0.10747221622222121	0.0748772851455228	0.22310180272632707
0.1273425817870594	0.06684969905491236	0.08734337403698557	0.16001095392815814	0.15367342508615556	0.10689597178495325	0.07404929673969946	0.22383469758207608
0.1263900572191397	0.06690767112177531	0.09126518951538434	0.15750538079565657	0.15435181429332864	0.10617140711673645	0.07446117139257385	0.22294730854540487
0.12445218276694239	0.0669754225619699	0.09151076797714958	0.15724526922275	0.15253921995155523	0.10905011551766808	0.07492994477351558	0.223297077228449
0.1212690695218305	0.06701081289317853	0.0890175558435683	0.15692193530171772	0.155106753202412	0.10943856106061858	0.0749915208030289	0.22624379137364525
0.12416854184735666	0.06686873601888899	0.09155035971644222	0.1555343897453186	0.15183315339672304	0.10954089169102457	0.0750579930122584	0.22544593457198725
0.1299019344863445	0.06701649016434769	0.09127217534052723	0.15364363372907172	0.15323269709710802	0.10637220844401157	0.07474977805879374	0.2238110826797953
0.12547458188041044	0.06683829430092923	0.08777659928480966	0.1565596897083929	0.1555183887109845	0.10723498462165956	0.07493504673095713	0.22566241476185636
0.12691756570043275	0.06700289801585121	0.08794819410988103	0.15568989018949675	0.15576747701841712	0.10720510320312064	0.07481909930795805	0.22464977245484224
0.12608428373923145	0.06690140406705057	0.0910686964177588	0.15422136239924916	0.15503172755247618	0.1088796752042796	0.07465043394337181	0.2231624166765822
0.12268984177221401	0.0669617664327028	0.08991607791750633	0.1602230276891852	0.15594065243132593	0.10657226253306519	0.07518336187624425	0.22251300934775606
0.13136522172353926	0.06698426028421628	0.09008095653443954	0.15365514127733879	0.15235582395523128	0.10798542571886668	0.07462930326888143	0.2229438672374865
0.13056596785149643	0.06690017929951937	0.08827112145510835	0.1567612386761467	0.15236780947282036	0.10635490965566193	0.07449675875395875	0.22428201483528792
0.1273811069941952	0.06683881507453679	0.08777505272126998	0.15748802894583758	0.15185294265856825	0.10801685255153178	0.07461536833847936	0.22603183271558086
0.12716892458972212	0.0669274463996172	0.08791771375061358	0.16033398421243544	0.15351426743767765	0.10629185132047891	0.07410711555341504	0.22373869673603985
0.1169897975370183	0.0669463956179147	0.08841882737596321	0.1659919932134332	0.15221371752300547	0.1084243024635913	0.07505162674720733	0.2259633395218663
0.1174161300300543	0.06689736775469132	0.09043530611090754	0.16517027611018403	0.15365333983836382	0.106777775767502	0.07408913378760923	0.22556067060068752
0.12137633184820644	0.06694590080925279	0.08933203802353375	0.1652707700369574	0.15209298993027376	0.10761272735435513	0.07467669092692188	0.22269255107049865
0.11765677993319057	0.06698738059700486	0.09121578353345806	0.1627599778632895	0.15548788338791353	0.10730864312245686	0.07452492440796728	0.22405862715471914
0.12207900752385847	0.06688351401715048	0.08962743505847987	0.16082169444420746	0.15497271077936653	0.10885577396453128	0.07435766463208401	0.2224021995803217
0.1199220945336763	0.06697030676987085	0.08811703567478216	0.16385800922375307	0.1552102808877902	0.10626270262711864	0.074097668570177	0.22556190171283155
0.12005230270273706	0.06688103968786635	0.08642194503072953	0.16647967615169487	0.1541021115691613	0.1078215577529929	0.07428932991571688	0.22395203718910092
0.11988475848093026	0.06687857245373074	0.08774794670555239	0.16131343552228652	0.15493415203943445	0.1079819011293765	0.0749126331631014	0.22634660050558755
0.12249421404545334	0.06693376821935353	0.08577129611826706	0.16363436375645823	0.15550100016034915	0.1077856192539319	0.07522796412975355	0.222651774316433
0.11769759987711559	0.0669841595449574	0.08941627452718091	0.16370373674673072	0.15270629786275294	0.1091433386454327	0.07432546779176095	0.22602312500406857
0.11849162647323686	0.06683728350194817	0.09066115376482808	0.16389929434405953	0.15399340437612347	0.10847344783325688	0.07450446991402221	0.22313931979252455
0.12188145438125822	0.06690706436905813	0.08793035005098575	0.16426507999955908	0.15219786398593976	0.10853892853766961	0.07501946090737419	0.22325979776815508
0.12265531115798686	0.066939367730196	0.08641393153716631	0.16270484663583076	0.15444244249401362	0.1062254458618194	0.07510234548187034	0.22551630910111647
0.12192468739851776	0.0668765053885129	0.08762291091412232	0.15925024399994073	0.15596279699599452	0.10836819678679706	0.07497771695847606	0.22501694155763838
0.11958285522599982	0.06688018978952687	0.09025549795930721	0.15948055835466338	0.15465414352704254	0.10965109872288913	0.073964253291952	0.22553140312861886
0.11827054997009179	0.06701435108272022	0.08876119465044573	0.16460268422495017	0.15321975159696294	0.10668981584650145	0.07503200561409346	0.22640964701423405
0.11757911341499451	0.0669705595178538	0.08780614629151759	0.16525068553239974	0.15333468965362085	0.10852115548857869	0.07434473779183284	0.22619291230920177
0.11652244674472262	0.06696000913497528	0.08876967286669828	0.1679115655191187	0.152101342385354	0.1068803360014493	0.075082114151432	0.2257725131962496
0.12413593055698974	0.06697976563535718	0.08969991985539479	0.16271874356630142	0.15282267940410404	0.10702471479176166	0.07401773681968422	0.22260050937040676
0.1244451292510874	0.06693696350195592	0.08827388762507868	0.15791224114767316	0.155659982597209	0.10933165000904871	0.074097096751852	0.2233430491160949
0.12583747225172456	0.06699740380575817	0.08837265762810353	0.15868201723324335	0.15316470697441664	0.10855114142708838	0.07438811117954103	0.22400648950012408
0.1261806726915889	0.06691463585141817	0.0883945549755242	0.16159214374157463	0.15220375299981243	0.10689406083864789	0.0748091033119828	0.22301107558945077
0.12326603445180838	0.06696582652072638	0.0916060665166865	0.15581009811602195	0.1546853532791453	0.1090265492161952	0.07508110169286145	0.22355897020655457
0.12586569449241863	0.06701107121192201	0.0903093700196999	0.16087437946575714	0.15310710523995696	0.10594074260855978	0.07395301765430873	0.22293861930737663
0.1209678591276398	0.06693903477591812	0.08854022790948218	0.16347735094421495	0.15469633085535384	0.10770874317505179	0.07464407689634199	0.22302637631599712
0.12243777907586731	0.06688664761463821	0.08611207837468013	0.16459960238496954	0.1548772307597353	0.1067014851473107	0.07497990868995272	0.22340526795284588
0.1229988495724309	0.06691964053240589	0.08627584344245458	0.16158620309219665	0.15189785338895875	0.10944609961750201	0.0744503230561885	0.22642518729786254
0.12837719659535915	0.06696083420417304	0.08900010197580359	0.1576406758576585	0.15170247804793374	0.10674760144339578	0.07471801244769738	0.22485309942797857
0.12444697573433308	0.06686538125082882	0.09063265828787648	0.15714125908981805	0.15543127032833237	0.10853258493065261	0.07397726902773767	0.22297260135042068
0.12328219969804341	0.06696714428322045	0.09043792580193935	0.15780250191979409	0.1556937649622761	0.10671143705542355	0.07439253936314592	0.2247124869161569
0.12156273895928099	0.06698001744532613	0.09030138346871616	0.16053559087264757	0.15405722061382288	0.10848829145897365	0.07464823795865178	0.22342651922258067
0.12090758401134025	0.06687224844312226	0.08926944463402275	0.1628610827981664	0.15269227051239512	0.10707521797759091	0.07468197222899657	0.22564017939436554
0.12199209270691042	0.06693906637309589	0.08645572234114608	0.1642813734294617	0.1529700378378842	0.10872992057429333	0.0746405071316742	0.22399127960553394
0.12077460954748806	0.06698161252326784	0.08858579048053805	0.16265183684890272	0.15576758644348054	0.10773872875526778	0.07469713263870795	0.22280270276234684
0.11786371152147981	0.06692017239791158	0.08799269360441514	0.16587402996761286	0.15363269885684974	0.10866869571760304	0.07516684904504675	0.22388114888908087
0.12194358183287474	0.06697619007474592	0.09152573654821908	0.1595553192901708	0.15203312678854097	0.10681491189731956	0.07487687474277085	0.22627425882535784
0.11643963521590625	0.06690939441991403	0.08945170011277023	0.16588773800990247	0.15404537526897152	0.10858567719092402	0.07465513224355852	0.22402534753805275
0.11730620837389179	0.06695322339645311	0.09048500127566814	0.1620782719963702	0.15597409682386476	0.10708538913274131	0.07501220459148922	0.22510560440952126
0.12182176437913769	0.06692322195599976	0.08798447315961702	0.16608532919295288	0.15173672683071188	0.10737896553471259	0.07493880553299415	0.22313071341387386
0.1183863841279674	0.0669653628265171	0.08619618459139451	0.16633188295461848	0.15513311754155032	0.10824003813108946	0.07417112126417835	0.2245759085626841
0.11815668637933577	0.06692121288180013	0.08885884037881234	0.16752818455965923	0.15404643996688394	0.10697829906745845	0.07512615782811252	0.22238417893793738
0.11717514995252194	0.06696329431611385	0.0906502599881941	0.16446306244086906	0.15555240065336023	0.10627927941059542	0.0748416689486206	0.22407488428972455
0.12077531793092516	0.06690380880324301	0.09007008603027992	0.16137203836694242	0.1535547766918837	0.10862602818873103	0.07457937629117226	0.22411856769682226
0.12734419097937766	0.06690998799095735	0.08925020508713699	0.15472141133541586	0.15290053907046883	0.1082911340207434	0.07432275150513305	0.22625978001076663
0.12402301083946479	0.06697267612246754	0.08924536283167914	0.1550644285323456	0.1559634581197069	0.108927203503279	0.07490252534852981	0.22490133470252702
0.1248609428297606	0.06685760727321327	0.09064799942547698	0.15567641256529227	0.1554859725554828	0.10727541505912296	0.07505796914486815	0.22413768114678273
0.12928279161834758	0.06690155349126042	0.08739482347920204	0.15525262984022045	0.15499260050401528	0.1066432998644385	0.07451911759650663	0.22501318360600886
0.13069861436587715	0.06697262641450553	0.08642719523326227	0.15871292896898717	0.15258564289634352	0.10615936271415202	0.07505164471403772	0.22339198469283433
0.12666923141593223	0.06689427354702174	0.08665237788216122	0.16029772809806198	0.15291364545571806	0.10843938854327075	0.07447347536799466	0.2236598796898392
0.12529179660467163	0.06689529157900753	0.08810145316318077	0.1587038716951847	0.15390740975320144	0.10679085551764023	0.07524701230865838	0.22506230937845506
0.12143063111701154	0.06688112289787593	0.09040430192015748	0.16196024602986972	0.15390531474628721	0.108389025589502	0.07392679365712577	0.2231025640421701
0.12247214012703672	0.06695689303166645	0.09112447138643938	0.15974439916724584	0.15247816797609356	0.10964633170370984	0.07426985613392188	0.22330774047388607
0.1284646802458844	0.06693819994580698	0.08894375409818872	0.15823772839046196	0.15246416852360867	0.10749466735464658	0.07394226606970317	0.2235145353716993
0.12468332103542767	0.06690826315687402	0.08618152416169045	0.16152397569018007	0.15411725020052297	0.10723120556609617	0.07471889676893732	0.2246355634202711
0.11931971980097834	0.06700320898173895	0.08920666288579324	0.16327979409799048	0.15358129852213143	0.10668399838380596	0.07452519330693072	0.22640012402063064
0.12057366535780956	0.0668701478449237	0.08883496788092049	0.16470323264474154	0.15374636248478113	0.10684578558244315	0.074913976475386	0.2235118617289942
0.11735695528805251	0.06700160580895258	0.08626727421626912	0.16687566756970007	0.15578709463389115	0.10787968392703576	0.07475009227965065	0.22408162627644795
0.12173573418176709	0.0669155965655187	0.08594425948115811	0.16663987744687242	0.1523720364006792	0.10624422825276872	0.07508985447392322	0.22505841319731235
0.12324356959148773	0.06693759773167172	0.08577675147650429	0.16312689951683354	0.15180935753777106	0.10881597393326314	0.0750119944978486	0.22527785571461972
0.12305856395415303	0.06691947592951562	0.08975973217609626	0.15860383367611816	0.15319782717922037	0.10933060584336755	0.0752428510680905	0.2238871101734383
0.1277834522694506	0.06687150348327167	0.08598863921022686	0.1608029313501547	0.15310259402831672	0.10748613568394966	0.07445137663286781	0.22351336734176172
0.12514089861752023	0.0670199676703489	0.08736416504115985	0.1596366360848705	0.1522737683494888	0.10876195773063403	0.07487974394870069	0.22492286255727678
0.12090119749745022	0.06701742404839037	0.08950832828757467	0.16195853757558537	0.15322813356231607	0.10927347034847537	0.07437364700742567	0.22373926167278207
0.12571492169011927	0.06683899628737122	0.08632331574922933	0.16517112959246494	0.15252621569961114	0.1068799523465347	0.07399114520780961	0.2225543234268596
0.1264074594476943	0.0668502601818206	0.08699968610574149	0.16252011024525548	0.15334270296564304	0.10652889800420157	0.07446056494366096	0.22289031810598237
0.12724590864661212	0.06694164946584043	0.08878391279013212	0.15705710630829728	0.15222040620626415	0.1073293203781284	0.07494787536577668	0.22547382083894862
0.12686389897143438	0.06687596578741178	0.08713563402831506	0.15901853201478613	0.15241203842566056	0.10894501795162158	0.07404769821823182	0.22470121460253845
0.13095544431243378	0.06696293778964657	0.08609637659101249	0.15506158444585177	0.15334847663009069	0.1085666259022446	0.07434674244284172	0.2246618118858782
0.1268868487135115	0.06691801964135144	0.0905268554382665	0.15463689827520624	0.15513748534802357	0.10676367199550396	0.0742014812460472	0.2249287393420894
0.1307862316249206	0.06698464046074895	0.08674749029153511	0.15355514404992793	0.15427678554960023	0.1091034068041506	0.07462078014090637	0.22392552107821
