0.10683412801202762	0.024754468366615948	0.18096008749470163	0.04661959720218668	0.21107638714442684	0.26439218459375385	0.04106061483320324	0.12430253235308399
0.10683525539288417	0.024976270113230586	0.1835539940157911	0.04577612119551369	0.21722770415827408	0.2581655107877174	0.04065770897784521	0.12280743535874351
0.1065548476256616	0.024548499265543977	0.18745938067986523	0.046545426199093576	0.2124618397213522	0.25853535933153926	0.040429257867015886	0.12346538930992801
0.10701438855848308	0.02434007727823291	0.18411915011897634	0.04652957839383352	0.21577313110338134	0.2591891279775909	0.04036391211868112	0.12267063445082048
0.10704835422353001	0.024803339743529218	0.18545119395150456	0.04549124597680343	0.2157707486652843	0.25921585195700936	0.041132093787429116	0.12108717169490973
0.1068014804743703	0.024246330128681687	0.18503357400445564	0.04407012821019336	0.21600279413722973	0.261378472310843	0.04052845606707779	0.12193876466714834
0.10692815039101798	0.02469480371235075	0.18382660656590638	0.043881424719300594	0.21743557938788238	0.2590644745506062	0.04071149172417941	0.12345746894875603
0.1068430567894229	0.024368875998286618	0.18008477906912856	0.04468091397712724	0.21722908267021407	0.2646750321264646	0.04073851662111591	0.12137974274823995
0.10682066647728873	0.02475916906218807	0.17975912115760545	0.04606283454826576	0.21453276018486178	0.2658100384190486	0.040560116122921555	0.12169529402781981
0.10705702165740352	0.024587176011743775	0.18491107464363	0.04517774926998534	0.211116791118512	0.2639305106617538	0.040400693725671843	0.12281898291129954
0.10691353115477706	0.024324446545440484	0.18696872593951502	0.04481354864008308	0.2111427415479838	0.2613980304134037	0.04074712591009867	0.12369184984869794
0.1066292629543618	0.024712940392573615	0.18109008885620698	0.045599807700322945	0.2145795917751545	0.26314046634609456	0.04052047519068701	0.12372736678459835
0.10655776270012887	0.024476995151889336	0.18327663984429546	0.04477664632677966	0.2127429477405196	0.2662607227214553	0.041083025178504914	0.12082526033642664
0.1069730199150589	0.02466103185395331	0.1826818995296375	0.04570430098106404	0.21411459112060288	0.2637163414889179	0.04044493321728075	0.12170388189348443
0.10661270888175836	0.024452327703403456	0.18220452753636343	0.044175069533918546	0.21336115071252504	0.26623001934406976	0.04087128859843395	0.12209290768952723
0.10707671968620903	0.0249092984998682	0.18024169211209928	0.044331108793568066	0.2184103997216042	0.2618249662215597	0.040149142415242214	0.12305667254984916
0.10662447581589783	0.024926913215869248	0.18355946893696706	0.045953411554310084	0.21430449466104784	0.2597296740734017	0.04075274231201256	0.12414881943049341
0.10675232641676387	0.024501187867831384	0.18511606341260173	0.04435138283302563	0.21322448799745738	0.2623326882585566	0.04109881924082541	0.12262304397293772
0.10685016018268424	0.02475665494951279	0.1848868287537876	0.04479331259981692	0.21204467948476918	0.2622371242070234	0.04101206666999227	0.12341917315241348
0.107014780687958	0.025008840634246035	0.18808375201840893	0.04567812751640883	0.21174512739000706	0.257879310407119	0.04023278459437023	0.12435727675148163
0.10701617861554462	0.024424820924852417	0.1866785629124318	0.04598430090284543	0.21129707812416976	0.26007787505950397	0.04071456354134323	0.12380661991930866
0.10669139266722116	0.02500843781830156	0.18454664548069524	0.0463069167039597	0.21441231890320261	0.2583664069632249	0.040477464481098804	0.12419041698229583
0.10681464867860269	0.024907844280564015	0.18604036371877616	0.04619211648238783	0.2113755448459737	0.25959744042249533	0.04108116854285586	0.12399087302834425
0.10656177571145029	0.02494179146320699	0.18712662576742567	0.045438674601402676	0.21143247353366604	0.2595691083180795	0.04054316938403965	0.12438638122072906
0.1067136538544481	0.02431640667342143	0.18339709171096602	0.04527807478794889	0.21137202814569955	0.2663510374546897	0.04039295781845706	0.12217874955436905
0.10661053112631547	0.024494492768643725	0.18486974097319894	0.044664526600677476	0.21301177967136392	0.26372647828805745	0.04067426750044578	0.12194818307129697
0.10659022742352509	0.02449351361790149	0.1845699396752933	0.045861704132726624	0.21128277318840127	0.26510758864706574	0.04075381137589307	0.12134044193919324
0.10683911187571579	0.024522923014104872	0.1854835905683515	0.045779775822017116	0.210444183460806	0.2660098048049691	0.04022289670728914	0.12069771374674623
0.10688169113980037	0.024511819566367055	0.18597094779128448	0.04419665165105549	0.2114939386970988	0.2657303655111688	0.04014341291242776	0.12107117273079708
0.10655885044483657	0.024871806611452954	0.1877451896970761	0.04414118030225457	0.2128161546542704	0.2608778541862839	0.04062704680530661	0.12236191729851861
0.1066947367303502	0.024747931711527657	0.18762252076587527	0.04591181013766918	0.21257620419739592	0.260867631243559	0.04040650946249971	0.12117265575112282
0.10663014561630571	0.024996684449635848	0.18721605538501404	0.04566246293969449	0.21376152551879873	0.2572608829807791	0.04130887125830378	0.12316337185146815
0.10673908805939487	0.024633050658580583	0.18370394566626905	0.04641807053912403	0.21412935517361445	0.25979756136978793	0.04069105516809805	0.12388787336513084
0.10687650995600174	0.0249271574148784	0.18578909862823215	0.04505963661394345	0.214662073434572	0.25950084984608185	0.040895406105486795	0.12228926800080331
0.10656704637705801	0.02460262918197806	0.18615051262389928	0.044254891878077574	0.21750272788563038	0.25825045933070034	0.040751477974108816	0.12192025474854737
0.10694776117557761	0.02477746552856519	0.18588219412854712	0.045003924647370366	0.2160937123442319	0.25778033655161103	0.040496530672428824	0.12301807495166779
0.1066466583690648	0.024725480029730296	0.1854139363818739	0.046604254354829344	0.2114275726647248	0.2626036787167876	0.04119318393112119	0.12138523555186796
0.10684398942220187	0.024664969572960896	0.18406948615342258	0.04444109826518529	0.21255909823710956	0.26420125725236265	0.040340847808205973	0.12287925328855107
0.10664857632792857	0.02436652544961422	0.18825535309975425	0.04604360773876251	0.21162203534476848	0.25823083966243643	0.040987451461647964	0.12384561091508746
0.10681060260357712	0.02488808559875859	0.1795725983294684	0.04540879533264561	0.21314873130641868	0.2657297936120696	0.04114863607458098	0.12329275714248084
0.10702234236236793	0.02456066281745327	0.18053386292246237	0.046467133764791835	0.2186531355346412	0.2616152829723761	0.04043391212394559	0.12071366750196155
0.10703643930218056	0.024610227955147473	0.18210671397032213	0.04436801696022116	0.21256865524742868	0.2643000666874593	0.040755696194074306	0.12425418368316618
0.10666132930623526	0.024245387563203227	0.18152804276011886	0.04657428145914087	0.2180560073386733	0.26043327762606705	0.0402751669246762	0.12222650702188494
0.10707698675794415	0.024306573657293662	0.18705105331371852	0.04407730076325091	0.21830095689182238	0.2583355297423954	0.04012317197254635	0.1207284269010285
0.10684544609896618	0.024533433582257916	0.18649356947435244	0.0452000328289954	0.21282358342252455	0.26086195035455856	0.04074452773500943	0.12249745650333523
0.10690050539051416	0.02486922681262141	0.18312375252522473	0.04554756738126453	0.2170597980710559	0.2600717288296366	0.04025483414044949	0.12217258684923298
0.10701119213054516	0.024457805311565564	0.18032299353602657	0.04617090070699456	0.21632462097758048	0.2627648666835204	0.04032196174625595	0.12262565890751109
0.10705536832732426	0.02494271095331564	0.1808434489921329	0.04437332519794364	0.2167250160845084	0.26152663383617225	0.041037614676391276	0.1234958819322114
0.10689120929912758	0.0247596200972868	0.18215546086578566	0.0458534975194477	0.21197548537088756	0.2661084618550985	0.04117228900809827	0.12108397598426773
0.10662456943033521	0.02456265662215086	0.18775191756028936	0.045404802442454276	0.20968658800004952	0.26434850478800254	0.04035616784716206	0.12126479330955596
0.10675673886020838	0.024733336766500566	0.1858701339002839	0.04619568683758961	0.21021557242474684	0.2617208487103687	0.04131541107797278	0.12319227142232905
0.10658546874566455	0.02444111862331272	0.18689144120691384	0.046483363261663566	0.21120130776960272	0.2598569998310567	0.04049804256624394	0.12404225799554172
0.1067633609206717	0.024386392349892913	0.18565799794143217	0.04602071871640476	0.21127724069909432	0.2636679760287897	0.040790698632370656	0.1214356147113436
0.10701193670087472	0.024731734206968572	0.18134817038557027	0.04498184303017633	0.21531022822144052	0.26218518381810135	0.04034303020157763	0.12408787343529035
0.1070168409157574	0.02461033810491209	0.18531402203399297	0.04518235135043322	0.21658101516548045	0.2588999304476612	0.04110755165049089	0.12128795033127156
0.10703894482108271	0.02427657747293485	0.18018703713336864	0.04429893067770127	0.2182554447493457	0.2626482593183732	0.040605597628636136	0.1226892081985573
0.10665250882604797	0.024318406878253	0.18170766183819623	0.046383178355515836	0.21549253670067292	0.25984872741828446	0.041242349907188905	0.12435463007584052
0.10691956475587114	0.02482711951284769	0.18179189145599906	0.045792934194423235	0.21335450727436936	0.26223073665545227	0.04070002520219636	0.12438322094884063
0.10699823846135033	0.024354764675598065	0.18266054835225215	0.0462516161222825	0.21843666434264414	0.25904890729409785	0.040204453840020124	0.12204480691175462
0.10693371788816079	0.024587644027212835	0.18758438599871777	0.04680272201529795	0.21048807684630128	0.25963208270649685	0.04061598607645024	0.12335538444136208
0.10684624019929333	0.024269799338817788	0.18516227770785712	0.04681041781291237	0.21050811743218067	0.26419380988281027	0.040497593179492114	0.12171174444663609
0.10689901406216717	0.024453667766386328	0.18513623054619127	0.04585090368299574	0.20951969453007074	0.2648021217048757	0.040760767279052354	0.12257760042826045
0.10682038666042173	0.02451817740910668	0.18408316677673925	0.04677554312142396	0.20970556506234023	0.2660548403613398	0.04053383044992169	0.12150849015870639
0.10668876349550258	0.02474445223195848	0.182354103761704	0.04571670829747726	0.21371046777259392	0.262226900171811	0.041283760753733134	0.12327484351521946
0.10660615760926519	0.024715851116496643	0.18236862156460118	0.04628530825867798	0.2134125389195789	0.2632489608384305	0.041155420573833645	0.12220714111911578
0.10699566620290409	0.024451244622555296	0.18233302142547642	0.04631055895327499	0.21666836087316996	0.26099462115610617	0.0401139968320699	0.12213252993444287
0.10661868868582897	0.02500187835569148	0.17942357207739243	0.04575051674025901	0.21426110294263312	0.26470783976799805	0.04116737885236747	0.12306902257782923
0.10673685476210115	0.024624969726615903	0.18224850780371174	0.046618949989707684	0.21193745561162727	0.26263968771572266	0.041033834070479044	0.12415974032003435
0.10672855919482495	0.024927831280762897	0.1849412459171258	0.04657134475869601	0.21308730407441684	0.25885676548899533	0.04129470051367409	0.12359224877150388
0.1065711416805758	0.024405110731182608	0.18281922995758995	0.0465711021994662	0.2162339946082747	0.25978376487626537	0.041263405047794535	0.1223522508988506
0.10701559670967228	0.024775125942074996	0.18517734526701812	0.04531060707140329	0.20942375893211068	0.26429469653633936	0.04052731462891625	0.12347555491246477
0.10688296796075876	0.024820649294891237	0.18543225497666443	0.04504506446138208	0.21126281196342186	0.2634459403927894	0.040625776532252966	0.12248453441783903
0.10704723581454384	0.024627298635015824	0.18231760950822284	0.04649559791632625	0.21238170621100583	0.2648659360572055	0.04025178441994094	0.12201283143773882
0.10694690910405272	0.024323946603319282	0.18429263759975906	0.04674106289889349	0.2117086385181512	0.26418123555460293	0.04096458250912309	0.12084098721209807
0.10704839458640511	0.024507307127433167	0.18332846325269905	0.04436148922616012	0.20914455276356042	0.2664649747328116	0.04128690952172863	0.12385790878920161
0.10661281103380843	0.02459576827587226	0.18106164879653996	0.04546861181552456	0.21791379576640538	0.2613174441840603	0.04045937901317129	0.12257054111461764
0.1066377663082877	0.024601037141098583	0.18403201987914763	0.04462676832677134	0.21400643227575716	0.26184348120000805	0.04019064544548247	0.12406184942344683
0.10674743794044411	0.024999597084515907	0.1817915209525494	0.046426912148701135	0.21666999874255816	0.2617970964649431	0.040694595237217523	0.12087284142907045
0.10707550799257043	0.024429831603356503	0.1807709370070586	0.04473109075366327	0.21470941874772506	0.2651740729702763	0.04050035705226113	0.12260878387308852
0.10654123017055583	0.024812245755930454	0.18027974562810795	0.044728675308834454	0.21609443926627853	0.26586851003387635	0.040728468949023475	0.12094668488739273
0.10679192685737152	0.024538821042425413	0.17981952656565076	0.04613876797102312	0.21231538700169117	0.26539512459303266	0.040823075052138516	0.1241773709166666
0.10699325800592525	0.024849983558768857	0.18350137570570874	0.04597038326994708	0.2147425602539615	0.26183644960179964	0.0405981037987221	0.12150788580516664
0.10704756598740972	0.024507543337481508	0.18005345170620046	0.046704685988171485	0.2173324243635297	0.2597023725651064	0.04030709094699851	0.12434486510510201
0.10685098683790817	0.024897550876029448	0.18643790961656287	0.04675340115337784	0.21177386933173148	0.2600093319549258	0.040959908357469085	0.122317041871995
0.10655221717555345	0.024879183892693363	0.18437892042663254	0.046295345284110265	0.21091619480591836	0.26426941643536317	0.04134313901590893	0.12136558296381968
0.10673771263313277	0.024782336627343957	0.18548540987737824	0.044734090962151016	0.20971820560503668	0.2643035511475058	0.041293580649154435	0.1229451124982969
0.10685534150732674	0.02433660615765275	0.18777360049509365	0.045758519259778016	0.2131248956935134	0.2587585482899507	0.04069667227833973	0.12269581631834478
0.10682512853339002	0.02482100055577803	0.18675806884020638	0.045408999085456786	0.21549735222763253	0.2586469739691701	0.04013896677873938	0.12190351000962657
0.10695857498030378	0.02463280901588999	0.18517428937318828	0.04420420656908583	0.2126238197602897	0.26205976205696585	0.040354201571886156	0.12399233667239018
0.10655509244938907	0.024474189272907787	0.18682696076810806	0.044906020430205626	0.20930487327888797	0.26488022964520197	0.04130549205443859	0.12174714210086067
0.10682846376835865	0.024622355716286626	0.18519184792817134	0.04605650091834025	0.21450884620536687	0.26101060127535225	0.04110393123065724	0.12067745295746654
0.10667909240787274	0.024316170914074994	0.18616021416882123	0.04630593465709208	0.21213691412997637	0.25906914377154056	0.0409466285132018	0.12438590143742
0.10675363954387443	0.024584276297133806	0.18426218244336462	0.04500844759516423	0.21348003416805494	0.2638673042868618	0.041266269173808476	0.12077784649173748
0.10694414021816145	0.024735347747817937	0.18765567066157762	0.045935122135195516	0.2093116780221464	0.2609029233613943	0.0408694486096188	0.12364566924408771
0.10661934172488391	0.024599559072156676	0.1834808512604481	0.04487424794429541	0.20927418370220482	0.2659428856313553	0.04130804853389193	0.12390088213076358
0.10692982515046795	0.02485975561176232	0.186629041673552	0.04390459476606855	0.2135402144700898	0.2614940901569347	0.0410477265165896	0.12159475165453491
0.10687757963817335	0.024828633678062817	0.186218509278817	0.045300865552160424	0.21568268625266468	0.2571817741074473	0.04052010941317298	0.12338984207950117
0.10679541818917028	0.02499986210625449	0.182030705876122	0.04449184596377742	0.21602352974507105	0.26333425219888795	0.04017433488661795	0.12215005103409869
0.10695875136164706	0.024440477943092592	0.17994542105696693	0.04463204782012217	0.2154460913574739	0.2636326957280253	0.040829144147389654	0.12411537058528217
0.10703372716554063	0.02456952432058268	0.1805102262732882	0.043901588448506335	0.21472081013427777	0.26441330479914926	0.0406099097333185	0.12424090912533647
0.1069837734393257	0.024820982433499145	0.1809424855424352	0.04425787391563368	0.2133461001796659	0.26475667206604836	0.041031543113144636	0.12386056931024715
0.1069037306040855	0.024799137141681193	0.18556617846473575	0.04668145567281744	0.2096449830617729	0.2631778291747866	0.040919938780624346	0.12230674709949606
0.10674395278122698	0.024792878669326487	0.18738458676332959	0.046182249924585736	0.2118583893682865	0.26031161192045915	0.04119132673352842	0.12153500383925697
0.10663386068207059	0.024467851913109143	0.18654254381876417	0.046193866719354645	0.21250689042682014	0.2580727786570553	0.041228081378407125	0.12435412640441863
0.10656355733030708	0.024919246783411828	0.18163343859743558	0.044291486711112604	0.2176295355432436	0.26136319150879284	0.040855945933671214	0.122743597592025
0.10703883469947395	0.02488793051786642	0.18046926856943454	0.04393290794220728	0.21367117700780347	0.2656569814381081	0.040477887937749035	0.12386501188735699
0.10666224353744994	0.02478710335791659	0.1819469759188093	0.045084078090983026	0.2111327368478103	0.26511614367002767	0.04096517210511082	0.12430554647189214
0.10665956822719647	0.024805206525505927	0.18306154264388624	0.04654176215993219	0.20986551289354244	0.26612010669993685	0.040480405031678976	0.12246589581832078
0.10670225878533438	0.024435084080783098	0.18651459973977755	0.044473386893057965	0.21152318849710705	0.2645905965669728	0.04076928862654226	0.1209915968104247
0.10694140855267442	0.024386758025707028	0.18379788377731715	0.04678349954371511	0.21034457550050462	0.2635388364048956	0.04041055221863346	0.12379648597655238
0.10684020422129276	0.024652054534328033	0.18185581228999895	0.045801591462703836	0.21176233633325636	0.2654380631393226	0.04013558828967867	0.12351434972941852
0.10700706606900257	0.024346721594178194	0.1839129913041797	0.046455883073626664	0.21241574603603114	0.26102717338628023	0.04114469757484883	0.12368972096185246
0.10679716941728574	0.02447201876247715	0.18143378770081378	0.04429973979025843	0.2160624581203718	0.264751428286441	0.04116267939220365	0.12102071853014824
0.10680059374135435	0.024957068172554567	0.18388767923407165	0.044212496800751594	0.21043626729934267	0.26642307181675645	0.040619223446045336	0.12266359948912314
0.10683526896515462	0.024736543282952286	0.18700888068721983	0.044931243427554404	0.21014819348563338	0.26444885991615874	0.04091339178040755	0.12097761845491903
0.1069687852017906	0.024386349030035698	0.18235932995463844	0.045207587436808624	0.21420567916353037	0.2617448148160044	0.04127329484756599	0.12385415954962563
0.10657542789330582	0.024283120948857845	0.18359986581748972	0.045105362715429045	0.21543394685452827	0.26158009071672045	0.04016321653021458	0.12325896852345401
0.10692435264132569	0.02451875992643833	0.1826010879638021	0.04635805320833852	0.21510527784959282	0.2612171891855871	0.040786585984781076	0.12248869324013413
0.10706571216409999	0.024866939406507402	0.17997987202994245	0.045534936681325786	0.2172490055149341	0.2630766036479802	0.04041602937521026	0.1218109011799996
0.10694955675341863	0.024811884366868986	0.18360025310035044	0.04521793960148633	0.21398864958039532	0.26185244334474717	0.04107810818725936	0.12250116506547351
0.10655721056651453	0.024537519191189655	0.18009643798942865	0.046352990594194385	0.2143854901278613	0.26416664840498594	0.040907243059492976	0.12299646006633233
0.10669987158022573	0.024415180833221237	0.18286412539619734	0.04407809944980255	0.21660317767376902	0.2625790200751358	0.04133329962344327	0.12142722536820487
0.10680279534287565	0.024375278374070983	0.1803586710105608	0.046763613183069236	0.21294861310099844	0.2656734586165527	0.04110109250479818	0.12197647786707373
0.10687614863160935	0.02454201384248475	0.18068100109454388	0.04573934527588064	0.21481303361945375	0.26546254692051857	0.04070251486454923	0.12118339575095967
0.10667882283062269	0.024284107126867863	0.18446421714983	0.04388760076163306	0.20974859287264624	0.2663120206348577	0.0411952834522957	0.12342935517124651
0.106817693463133	0.02432692343303411	0.1876201637964216	0.04560036144735442	0.213376111035379	0.25795562496415003	0.0405246954611993	0.12377842639932823
0.10663009387407774	0.024270013572938953	0.18553332597774885	0.046376977796664845	0.21434312331821181	0.2604154911710469	0.040848521925492376	0.12158245236381827
0.10677182773687591	0.02486926536629057	0.18251620693356524	0.04400643253879373	0.21836192480953096	0.2611495186567846	0.040630944742667666	0.12169387921549113
0.10680749431857664	0.024936539201733054	0.1804709002965018	0.0451862983734754	0.21868617022596104	0.26122648116085145	0.04123886442835431	0.12144725199454612
0.1069202902304749	0.024257649426600317	0.18240411219966812	0.04483244278111148	0.21537286027069877	0.2646554628700861	0.0407097953124637	0.12084738690889638
0.1065939050649495	0.024635203356904625	0.18676509660024837	0.0447621830213331	0.2131555444791064	0.2610825546512794	0.04018948477373477	0.12281602805244358
0.1067598215408646	0.024983105054152646	0.1808227136878723	0.04387547894427725	0.2151415076146226	0.26447376799083055	0.04120702379240508	0.12273658137497474
0.10673588166501757	0.024345161661446138	0.1794859268029088	0.04630062866049109	0.21802676877273874	0.2623193149992373	0.04025958791858063	0.12252672951957952
0.10697288523518494	0.024935370259456288	0.18372363898122995	0.04451390169801814	0.2179288467878342	0.26018074497198923	0.04026826098441712	0.12147635108186997
0.10657890244911856	0.024603323213866338	0.18713873003302978	0.044973412872019655	0.2166586080007716	0.2575471527981854	0.040390436575222816	0.12210943405778561
0.10665718738261894	0.024699820437868766	0.18448175639358194	0.04491946513864076	0.2185513393097615	0.2592158479185641	0.04051010066257339	0.12096448275639035
0.10703934308650793	0.02444324156363005	0.1820428330316373	0.04609556586667085	0.21438213413592416	0.26379739315072037	0.04028428074372879	0.12191520842118032
0.10685316090159357	0.024878195150582025	0.18129250670342434	0.046350071587216005	0.2125400559973536	0.2662951608484267	0.040563571701915005	0.12122727710948855
0.10656149564327995	0.024843953535038654	0.182866136646798	0.04625242966301052	0.2124481774240605	0.2650502984745899	0.041097534086414714	0.1208799745268076
0.106709567389708	0.024842428741917805	0.18131359543448533	0.04429526794410196	0.21626252328760479	0.26427344623765	0.041249863248758165	0.12105330771577374
0.10693694425338775	0.024978032721273594	0.1810312220278311	0.04638370942628872	0.2122446083263606	0.2648488230451803	0.040796960286302655	0.12277969991337505
0.10671828815483876	0.024908752679902404	0.18313614962568703	0.04448221925181742	0.21470117935272295	0.26179993844376925	0.04115957777033069	0.1230938947209313
0.10706387203422478	0.024526592222753774	0.18346888255651284	0.0460998753177634	0.21439944505641434	0.2609132926780752	0.04017676935100292	0.12335127078325245
0.10669674792008108	0.024580549155713477	0.18270862443245003	0.04563177645572737	0.21718362532354818	0.25851781904834503	0.04133594983785774	0.12334490782627687
0.1067157647421141	0.024555058347262626	0.1800727126474364	0.04548948925554844	0.21573125485697436	0.2621376797859334	0.041247403234389315	0.12405063713034117
0.10665811634207971	0.024823402174993278	0.18081301476155542	0.04517410117963734	0.21774955193610937	0.2602820101330857	0.04040803714425424	0.12409176632828471
0.10669240994411751	0.02457906492108812	0.1800876928492895	0.045549359112324536	0.21616056683686288	0.26534967580641267	0.040843157929713256	0.12073807260019136
0.10666936041671304	0.0247907228379929	0.18285645814952645	0.045282123231156754	0.21660805880575812	0.2612511549005663	0.04052602466700929	0.12201609699127697
0.10690350293806204	0.024904126852789282	0.18251592023378777	0.046478842122495034	0.2123516832777945	0.2650243017812428	0.04054396285293535	0.12127765994089305
0.1069092864582434	0.024503458451576393	0.1804582781139581	0.04676992125078315	0.21318450849331572	0.26641499969761717	0.040860714384459346	0.12089883315004649
0.1068569614249317	0.024384106240221526	0.1836010019872389	0.044783431354381995	0.2138938902370282	0.2646242964071092	0.040790411543090335	0.12106590080599794
0.10682296042964651	0.02486369457695066	0.1833287203491797	0.0462284446702204	0.20991951357185304	0.26335044973748556	0.04126306789811135	0.1242231487665526
0.1067384184798609	0.02488442108541848	0.18692654165117337	0.04589986538402066	0.21119931891012284	0.2601920980893146	0.04103349502044555	0.12312584137964343
0.10678047575955094	0.02469533512780879	0.1871793137777284	0.045320537410083586	0.20980938243379277	0.2639992506096237	0.040336300888046406	0.12187940399336528
0.10682478044808727	0.024588863977832137	0.183161547327213	0.045896430894866336	0.21770181642008288	0.25727855569950514	0.04087748021777797	0.12367052501463506
0.1068483523602467	0.024817870678783688	0.18786504547809085	0.04503827371860172	0.21538009291219679	0.257472042759615	0.04130003741691368	0.12127828467555138
0.10666467052653775	0.02447352930500475	0.18769070616173106	0.04419312330729282	0.21126090453613666	0.26296559904101	0.04043327600791745	0.12231819111436922
0.10669012212430233	0.0244346246520704	0.18469633297874183	0.04659403079351805	0.21214801742731176	0.261559304921664	0.040910326958208315	0.1229672401441831
0.10707768688108489	0.024413175122239714	0.1866550108664723	0.045555742695774185	0.21168904052992785	0.2596976669703356	0.04108933572978267	0.12382234120438257
0.10681960746710946	0.024939306057696606	0.18039371093846943	0.04516798826391498	0.21777365295742718	0.2612154132920514	0.04014150641051677	0.12354881461281399
0.10704824845481645	0.024545481613989173	0.18693064213575683	0.04666887842524339	0.21016893383677665	0.260429772745777	0.04122662148218825	0.12298142130545203
0.10670082368860027	0.024733302459640075	0.18461869213483312	0.04585594453321974	0.20908496285975145	0.2643630491761708	0.040856427632656	0.12378679751512837
0.10706303904433256	0.024726363533663948	0.18575383089156797	0.04502945218074966	0.21014577483831684	0.2628617829598977	0.04052749693763151	0.12389225961383965
0.10693602059482521	0.024323346130820364	0.18394555637833496	0.045011642247716935	0.2140882409962197	0.2607514161596629	0.04112663215158109	0.12381714534083862
0.10694498480345034	0.02461190968599042	0.1815487100847566	0.0465009421379277	0.21447835301222767	0.2641366025469484	0.041020877736529404	0.12075761999216926
0.10686810958364355	0.02445033645825527	0.18012659543269866	0.04517861641765321	0.21258131773928812	0.2660564456487755	0.04043719589669195	0.12430138282299356
0.10664514166149307	0.024291572094588043	0.1799801948009569	0.04588837282803934	0.21428910899785403	0.26641267560721144	0.040404953710603236	0.12208798029925376
0.1068515291637037	0.02482762752130399	0.1851730588004905	0.04647644177280286	0.2093967654313536	0.2655572578355999	0.040754233126586256	0.12096308634815899
0.1068792872626533	0.02487637295804758	0.1804135317444108	0.04420498345137057	0.2148898286727805	0.2639508856209313	0.040522015786489285	0.12426309450331653
0.10656252786963993	0.024854837485310477	0.18109386839815933	0.04571174441140477	0.2127591921021208	0.26446450070455174	0.040734395609126506	0.12381893341968628
0.10661204975842754	0.024907203242191825	0.18780930821659747	0.044402486612132044	0.21329949686705107	0.2607728099730793	0.04030632895720093	0.12189031637331954
0.10705264371078568	0.024710413979684293	0.18787687488942584	0.0458595338427306	0.21345463945172888	0.25882200961443036	0.04093903269800507	0.12128485181320904
0.10677978232007808	0.02466557117432043	0.18730183497314598	0.045742314424148875	0.2162489955584475	0.2574843547239408	0.040770585324597014	0.12100656150132108
0.10699626949320598	0.02484106155557607	0.1854586900884463	0.04600581686728843	0.21403307625462262	0.25976566280322677	0.04130521233668509	0.12159421060094855
0.10655967638335528	0.024304841791509893	0.18099849625944575	0.04682858011480977	0.215935777138175	0.2612984972221821	0.040449238650005895	0.12362489244051608
0.10691623460570465	0.02459887867183344	0.17929909092409027	0.04661818468562304	0.21806960616813797	0.2625864655666984	0.04070763867548287	0.12120390070242912
0.10686129221519389	0.02479924373142757	0.1801391320164317	0.046797664559292726	0.21812810467506522	0.2606616632054407	0.04126132258104327	0.12135157701610474
0.10695797975002952	0.02476047484983232	0.18121605400128696	0.04523059704316326	0.21384048715764373	0.26461873678862036	0.041153344986359267	0.12222232542306442
0.10681707208955141	0.024814519756910722	0.18440129571496977	0.046413003407130865	0.21686666101173663	0.25758976724172566	0.04119517334849006	0.12190250742948465
0.10699807636645942	0.024714045132006035	0.18442990398175113	0.04660875042426299	0.2150737807260134	0.2596822318263964	0.04035397955035029	0.12213923199276012
0.10681143685600072	0.024599628640639484	0.18787282252517623	0.0449208340738539	0.21112861615183426	0.26169638941166257	0.040409926330447044	0.12256034601038547
0.10677108622638513	0.02462336305365019	0.18227320112408474	0.0445315301655915	0.21547750126862117	0.2611128534983371	0.041020747742131713	0.12418971692119814
0.10691459975011247	0.024642180454426316	0.1872917865341507	0.045289982710731896	0.2148970284477349	0.25862188009645026	0.040188537930056015	0.12215400407633718
0.1067196906203909	0.024835467145780166	0.18778448461095654	0.04429375340795225	0.21364373382674223	0.25928099866344834	0.04117588169340432	0.12226599003132504
0.10696925645450989	0.02457893402842698	0.18608185270656014	0.046593138890645994	0.20940359050608465	0.26458579146050026	0.04087239891596055	0.12091503703731125
0.106843649903364	0.0246301585184366	0.18244459662521045	0.04468566949808127	0.21360181666039108	0.2644451693145813	0.04077327666299399	0.12257566281694104
0.10688964563406907	0.024948094171495336	0.1850935109108957	0.044422195118377986	0.21662217383301519	0.26023249644300317	0.040172623279704237	0.1216192606094391
0.10675432373581946	0.024336271059371584	0.18606528073500128	0.044949645237603544	0.21779891774902038	0.2577022159909676	0.04017722724667319	0.12221611824554279
0.10689216466892351	0.024594688512089152	0.18498376086008175	0.04601947936170067	0.21522479938915715	0.2601603801999195	0.040661212526380816	0.1214635144817472
0.10680619985753897	0.024503240290094666	0.18598168004720492	0.04441225325373857	0.21737675886231128	0.2580514700282483	0.0401659537303936	0.12270244393046943
0.10696551544039815	0.02483608932037519	0.18815907544671384	0.04405847145315679	0.21280564775119754	0.2609471187937692	0.040191342317583575	0.12203673947680545
0.10695041991585799	0.024882704703453065	0.187576329533144	0.04484449087761705	0.2141148891367477	0.2591744766091877	0.04015781655583146	0.12229887266816085
0.10691714599308719	0.024884817103258128	0.1801833850052016	0.04628182151781156	0.21484698378161163	0.2632525280666984	0.04052993370685727	0.123103384825474
0.1065820425748895	0.024373054874357578	0.18087833486619298	0.044238351421796565	0.21587167383678207	0.26279441338177834	0.04097901752542603	0.1242831115187767
0.10683755521640297	0.024386450779840918	0.1817747019718817	0.04504914193315325	0.21360479358042395	0.26569911914862454	0.04111130428476581	0.12153693308490672
0.10684600312449846	0.02426390216863611	0.180806316473794	0.046062170730583996	0.21150802196359308	0.26543418454338286	0.04116140345682276	0.12391799753868851
0.1067479640262316	0.02464307252014103	0.1844477497062179	0.04568310042544266	0.2100500351771748	0.2656740588879508	0.04069851700812234	0.12205550224871861
0.10659951083059706	0.024685661252432087	0.18334659208832682	0.045414393883132856	0.21192738688701518	0.26600690943160343	0.04010659320910094	0.12191295241779143
0.10706819544085307	0.024384316803826522	0.18037553660435973	0.04604077830514201	0.21772336443472712	0.26069123165248465	0.040274428103254975	0.12344214865535173
0.10681043423026045	0.024327257905173164	0.18154571586442989	0.04610002025308628	0.21455988677539428	0.2652230884248482	0.040281177911082905	0.12115241863572467
0.10685764952534765	0.024521741566023714	0.18580648941784672	0.04658679196807322	0.21139305786420243	0.2621149464261595	0.04017766606736957	0.12254165716497699
0.10681250507316009	0.024737791448682864	0.18696006641598448	0.044908744209011	0.21221057911823635	0.262288525934504	0.04035801469665237	0.12172377310376857
0.1068846183685955	0.024481695151193653	0.18443676609198725	0.043932419140193135	0.21468784292490506	0.26426958706495884	0.040411960865384525	0.12089511039278183
0.10675511359045912	0.024788566093199904	0.18201002481938428	0.04590097398111491	0.2162114858337385	0.26152656695949505	0.04104251074878737	0.12176475797382068
0.10677365483819005	0.024638687902023976	0.18136236318625715	0.044550773470460436	0.21675745216641698	0.2619535529458921	0.041255502383844816	0.12270801310691423
0.10670552390485341	0.024504692639003928	0.17981562717114744	0.04638471240404973	0.2168130989722378	0.26405212188266847	0.0406629123627438	0.12106131066329527
0.10691392798722746	0.024362582358794765	0.17951698442590175	0.044576321908832345	0.2182370816483029	0.2638857257025763	0.040647492691464726	0.12185988327689952
0.1067494188214483	0.0249881711893309	0.17948010737308906	0.044517729392477334	0.2185085152595323	0.263628075458873	0.041257784689567756	0.1208701978156811
0.10669201880003701	0.024348738320332824	0.18569997472338615	0.04433250468453992	0.21612248592416827	0.25979334397584875	0.04030426684706348	0.12270666672462341
0.10675993034349929	0.024420242296618738	0.18562112920057988	0.04667410184934985	0.2144485213519362	0.25877716437614307	0.04124776839560684	0.12205114218626595
0.10654155212786018	0.024284985377078766	0.18536016237347042	0.04529164634528271	0.2164581312929737	0.2607446721001383	0.040566161260348066	0.12075268912284767
0.1068597860659012	0.024923438986043267	0.18671572479589266	0.04421709521303638	0.21516022601824242	0.2584858541039694	0.0403228235995607	0.12331505121735378
0.10695693814981143	0.024579532748877808	0.1820009151352895	0.04647382298963261	0.21416215625966967	0.2617320220481276	0.04114156191647457	0.12295305075211661
0.10662897913715706	0.024444245325298444	0.17929195752694752	0.04490023739449986	0.21384002199278546	0.26592679098026656	0.04122404602279223	0.12374372162025263
0.1067859931112854	0.02475594329007448	0.18068683587754253	0.04631749050762758	0.21609006526281255	0.2607981334650499	0.04073073690425684	0.12383480158135059
0.10692689895104684	0.02492343658803843	0.18266749951722366	0.04494023446298527	0.2149161607510595	0.26074421668238346	0.040965782769291095	0.1239157702779716
0.10693279006218262	0.024452564865653142	0.18325883754568878	0.04406700728434204	0.21218236864326395	0.2660815353385051	0.04010696824968121	0.12291792801068295
0.10686372554137313	0.024369527185594042	0.18309497158235175	0.04564906375343705	0.216413864834784	0.262682616585515	0.040187522186290986	0.12073870833065381
0.10658881631916742	0.02446118246877109	0.1801562948334734	0.04530997370870542	0.21554032675133156	0.26362337035011285	0.0404333227825812	0.12388671278585689
0.10655627305444036	0.02427934863164423	0.18010908871156203	0.046579607366964565	0.2141106181590987	0.26513789798326015	0.04127373718574964	0.12195342890728017
0.10679223850348474	0.024689713057479912	0.17947799678324655	0.04646896381028537	0.2185162432667684	0.2613441520070353	0.04010601389849393	0.12260467867320551
0.1066769362251467	0.024986782943423144	0.1853514904013058	0.04671217729827458	0.21533267465236672	0.2570063264841513	0.040273051199706755	0.12366056079562482
0.1067684081603476	0.024760006150965838	0.18422479659886548	0.044431202573241096	0.2162224915675832	0.2595873543092988	0.04028928251487478	0.12371645812482301
0.10666883121768232	0.024301717016781563	0.18638901708260594	0.04600204805407142	0.21282740817099705	0.2588063924057443	0.04130169206912612	0.12370289398299107
0.10666204483028652	0.024624973916759066	0.18395869231225975	0.04637872556690405	0.21654511433904278	0.2585558615325483	0.04128573926831866	0.12198884823388065
0.10688727514638223	0.02462890775109819	0.185264175455233	0.04399837484224664	0.2107602195157418	0.26362372940507156	0.04065893299308812	0.12417838489113821
0.10666152668966247	0.024534823337844222	0.18746325968850328	0.04633159501613375	0.2131544650429392	0.26021957102280874	0.040345505749341426	0.1212892534527667
0.10663325444231567	0.02470731777025914	0.18075421185301715	0.045541787459685124	0.212687206020167	0.2656593312477319	0.04083405516184656	0.12318283604497725
0.10666238401030478	0.024433898018522984	0.1838427449385594	0.044250208036461805	0.21387090038434148	0.2651671248771842	0.04012644667883156	0.12164629305579361
0.10680775371202654	0.024295449382782663	0.1810387524652537	0.04530097236122349	0.21136283981309778	0.266269083863433	0.04126789495232622	0.1236572534498564
0.10669810050478859	0.024810107436991302	0.1870307886455286	0.04414145353631496	0.2100084400867661	0.26332570606310635	0.040342846702202007	0.12364255702430191
0.10698704206853417	0.02495776581508763	0.18150439256087358	0.04564187815503472	0.21675089090722602	0.26044842874260987	0.04080162225042393	0.12290797950020986
0.10671215014028304	0.024740206426781014	0.18545797107011808	0.04461758489614043	0.21444280785093245	0.26274139955829645	0.040198868952005376	0.12108901110544293
0.10681157385355344	0.024497125609011072	0.18625277552052058	0.043860316460678436	0.21840975169563084	0.2580978917120428	0.04015168556933371	0.12191887957922896
0.10677171766509892	0.024440253775835447	0.18812496108423393	0.0459283518926278	0.20944632504450278	0.26354323661200185	0.040670074987019175	0.12107507893867989
0.10660826023413941	0.024518710887188225	0.187598740637684	0.04646480350923242	0.21030421687652423	0.2622993870538748	0.04122725473153788	0.12097862606981877
0.10700478487037512	0.024534566656908674	0.1860358916879651	0.04587303742344229	0.21158857805962644	0.262437477186381	0.04111223151892003	0.12141343259638107
0.1067259022730645	0.024425017734113263	0.18455135672891085	0.045351167664217054	0.21221604366279434	0.2635113638628309	0.040755191771474436	0.12246395630259445
0.10676877397219628	0.02466574549583722	0.18194593270348833	0.044857229912858065	0.21277413314042543	0.26485265719855444	0.04115310642911728	0.12298242114752274
0.10656439343725553	0.024680725253430832	0.18466516170203925	0.04662324225480398	0.21422232264672803	0.26102877432621274	0.04010950223290623	0.12210587814662321
0.10655240324506292	0.024725054249933057	0.17994544549385338	0.045194688213425	0.21749969210801007	0.2616289843804619	0.040158250332699735	0.12429548197655374
0.10668965155244048	0.02489395402739622	0.18229579582403155	0.04495558031516983	0.21830656401382226	0.26014537143552485	0.04068689250696712	0.12202619032464754
0.10691884988718409	0.02430418670677803	0.185223391675586	0.04626154945538269	0.21204853941433002	0.2633522716631781	0.040139664334650785	0.12175154686291009
0.10696857655915348	0.02471521473437087	0.18212336990517672	0.04607253878892836	0.21551421483074912	0.26232319896135115	0.041307995333234815	0.12097489088703525
0.1067334431917173	0.0249251112238488	0.181285743797263	0.044906212508919296	0.21738210200320962	0.2614065711041469	0.040276265942425185	0.12308455022846967
0.10695474664803688	0.024894265665217213	0.18664189843199036	0.04683123954934548	0.21518798259222816	0.25698966442580684	0.04113327355696347	0.12136692913041144
0.10703321064812249	0.02472317475472373	0.18528434104801667	0.04466476174043811	0.21661172829670317	0.2593375160355959	0.04032650916746587	0.1220187583089338
0.10702910520451601	0.024976341164985164	0.1806050004510236	0.0439459760164712	0.21517767255184383	0.2657864149464147	0.04115189727968625	0.12132759238505902
0.10696460678426478	0.024642533594060864	0.18013637612462965	0.04460013481738702	0.21710082528907243	0.2639635147677788	0.040108514154957794	0.12248349446784837
0.1070460237941665	0.024812363448592487	0.18080541127352445	0.043865613510622736	0.21536943145770998	0.2653696958964413	0.040351844481630705	0.12237961613731166
