0.2998680031320513	0.08441846945247787	0.126856379414866	0.19412532603400015	0.29473182196660436
0.26718316857116736	0.0972273171978374	0.1595597919654735	0.18324576214130756	0.2927839601242139
0.2687904814705692	0.09091192064058423	0.22579896045630865	0.17509667145674673	0.23940196597579091
0.26792785741649827	0.09284004124123497	0.22366993236057178	0.16178052289923542	0.2537816460824593
0.23945140485634994	0.09396541781933572	0.17916214265500194	0.19568646836687453	0.2917345663024376
0.3013329409480493	0.08955241820734793	0.12281325834422445	0.18620520418785994	0.3000961783125181
0.2810302579611008	0.0888778837879956	0.20234602550744415	0.1734388924634474	0.2543069402800117
0.2596068129087819	0.08539908086307617	0.21054440866966265	0.19508062723438813	0.2493690703240909
0.24721719637921363	0.08821845620741724	0.1782561201530445	0.18653003769185145	0.2997781895684729
0.25051301846965385	0.08398417248772891	0.19986186173985687	0.20399287771092953	0.26164806959183057
0.2837856142895593	0.08260233523528943	0.18383419900088332	0.20532104634099263	0.24445680513327506
0.2752056354365666	0.08689760657629679	0.15810415080386858	0.180657283918907	0.2991353232643607
0.25062884365766597	0.10087373248418817	0.1762234264767275	0.18395605357794012	0.28831794380347797
0.2828209147051767	0.09725025426836453	0.1340800167637156	0.20087590792066867	0.2849729063420742
0.2886823929130258	0.09741736844812737	0.11841319163485797	0.19583129222777543	0.2996557547762132
0.2740067518238507	0.08360579696454973	0.16020623327114233	0.19695258184172063	0.28522863609873633
0.2938051405220472	0.09831182784732602	0.13501354099421897	0.19955907545653778	0.27331041517986976
0.25703940793869434	0.09607779075786575	0.23431705834342	0.16690784609702614	0.2456578968629935
0.26864950878181604	0.08422619106580231	0.20247511309501437	0.16318944627102597	0.28145974078634106
0.24559505282993185	0.08627200069148583	0.1807038023717173	0.20542345147100954	0.28200569263585523
0.30657346833433563	0.09384423148859126	0.16403139183509985	0.18431041105735968	0.2512404972846133
0.3021569399059379	0.09716128083598886	0.16787336436407627	0.1723293857547139	0.2604790291392828
0.2876208133617854	0.0919121624875322	0.1879206541449403	0.19055436607820436	0.24199200392753745
0.28197613599028215	0.09871339225696792	0.17119219015080167	0.17721063094205494	0.270907650659893
0.2629375288220032	0.09583890201911743	0.162225590353283	0.17592263988296247	0.3030753389226336
0.27539793529692136	0.09964849923849593	0.18062856303155903	0.1883060967036287	0.25601890572939473
0.282374975836173	0.08267576069393182	0.160551007687713	0.20378342832169755	0.2706148274604844
0.2866303545153027	0.08708189444546464	0.18234936116563946	0.1697866726854284	0.2741517171881645
0.26302925300023294	0.0850403472479493	0.19364963592907708	0.20099451086068076	0.25728625296205965
0.27149996652595776	0.0881900373077117	0.1876517858124645	0.20275675613640237	0.24990145421746343
0.2990405853726437	0.10070346620660023	0.16686691457117575	0.18714988968232754	0.2462391441672525
0.2574071928249374	0.09116080237271526	0.15143102622679722	0.19248783074103468	0.30751314783451517
0.2619627942847124	0.0910656006510443	0.17939662200243617	0.1910225163694108	0.2765524666923961
0.24735610141150444	0.09843145052767421	0.20963188530605129	0.17253210066158736	0.27204846209318245
0.2985987694688911	0.08681773120645757	0.14264651793709676	0.16876596377548891	0.30317101761206544
0.26092631488219353	0.09282947429239276	0.15728274252257882	0.18554383075951142	0.3034176375433232
0.2394597984994409	0.09723788456830419	0.17289034134620684	0.20485324039131142	0.2855587351947364
0.2728267516402345	0.08906600248117431	0.1782298653818066	0.20034175281961616	0.2595356276771681
0.2933233809721394	0.09894694902772029	0.1634681921047798	0.20264293299832575	0.2416185448970345
0.2784309453507214	0.08494681586491856	0.1681088409479777	0.17546072306757898	0.2930526747688031
0.30665790826807504	0.09324257484514027	0.09019563009316232	0.203114210932487	0.3067896758611351
0.2959200564748632	0.0963276807449142	0.1850189815835615	0.17275106880805546	0.24998221238860535
0.2482332592223137	0.08787471620863274	0.18744697290076956	0.19114541607044888	0.2852996355978349
0.30151700272969356	0.08398933115352405	0.14041914180200207	0.1699187020282061	0.3041558222865739
0.301786266098414	0.0872574929521832	0.15191439158420822	0.16467608598096606	0.2943657633842282
0.29976897453438756	0.08515188010865604	0.17447647195371419	0.1891698276487527	0.2514328457544892
0.2975690525480036	0.09030278839805997	0.16915398021918557	0.1771171423978535	0.2658570364368971
0.2576010787460103	0.09918341360163474	0.19892591306972215	0.16287415885731293	0.2814154357253196
0.2806189828725993	0.0925123389015164	0.16492945961855388	0.18022712527466028	0.2817120933326699
0.2626596221572178	0.09739923189799109	0.19060345264640807	0.1891212426200941	0.2602164506782887
0.2604628682626094	0.09612661289407343	0.16894883761617707	0.16681141356895648	0.3076502676581834
0.30575092748382304	0.10050291818211068	0.15213908904106863	0.1850697058080393	0.25653735948495804
0.289352535455248	0.08837830443730088	0.15167400204285927	0.1777030966647045	0.2928920613998871
0.25681745201575856	0.09340413173574691	0.23436052383265715	0.17357204858270445	0.24184584383313268
0.29015961338010654	0.09202962303191899	0.14353328607668547	0.18628998694267365	0.2879874905686151
0.28251935846887094	0.09247679963118731	0.11894765764902798	0.2049941548598106	0.3010620293911029
0.285804832147875	0.08311616898865022	0.13855920523493653	0.20503998217866268	0.2874798114498753
0.30454628106656123	0.09748622299242413	0.11572769538020404	0.18651739386321056	0.29572240669759975
0.2699594619103575	0.08294922959788345	0.17661035152045804	0.17556602523201822	0.2949149317392825
0.25318254118806766	0.08635870018250998	0.19660148727909685	0.18573587009476047	0.2781214012555648
0.2731541524876897	0.08820701101932281	0.20690646937911117	0.17021517904540456	0.2615171880684715
0.2722107532710275	0.08182543284594898	0.1583551069700233	0.20068228053610332	0.2869264263768966
0.2779418165668412	0.09813516593290424	0.1799987324093497	0.19282213188803107	0.25110215320287355
0.24389186849700772	0.09610213437736718	0.18832530740771067	0.17251642864357575	0.29916426107433847
0.2583159864142095	0.08608698230206095	0.18636618008461658	0.18149780414041913	0.2877330470586936
0.24930283093117003	0.09586014190902445	0.21098907649653562	0.16276735586744961	0.28108059479582004
0.2677899552506279	0.09663892519630238	0.17722089805038216	0.18719028274400742	0.27115993875867994
0.27386023369338386	0.08444532666146919	0.14446171175664346	0.1997084653681505	0.2975242625203527
0.2588562997681597	0.09944018291888401	0.1976671444228143	0.17863996459582412	0.26539640829431765
0.30269840603321846	0.08803326831005724	0.13754268371811607	0.17586580576008984	0.2958598361785181
0.2889117889216551	0.10148732655720416	0.10417951770804881	0.20056144966823902	0.30485991714485267
0.29612094665056904	0.09472928747763906	0.18731620750802352	0.16767162498255614	0.25416193338121196
0.2568332709393132	0.08476739031487673	0.18691135778871004	0.1751256978076482	0.2963622831494516
0.2543156200626681	0.0922996767887795	0.20790301406893497	0.16817309086144291	0.2773085982181742
0.25938136276910406	0.09648654590225071	0.20832853387926056	0.19094631616710384	0.24485724128228054
0.25938496145029344	0.08169962949888097	0.2401341146140527	0.177673691483964	0.2411076029528086
0.2891065403002202	0.09938147699061116	0.14144638094942272	0.1758713018608313	0.2941942998989144
0.2875071213382191	0.09918320801820603	0.14418522174560044	0.20381014702211162	0.2653143018758625
0.3037049579140326	0.08923557405307067	0.17875560064270576	0.17094406168111068	0.25735980570908
0.2717200243539957	0.09314315384920156	0.2240177053172857	0.16462958985734064	0.24648952662217613
0.2972818512605131	0.08846137581805803	0.16172932011009925	0.19470319456721133	0.25782425824411803
0.2679645682506964	0.08197112967868803	0.14351950892205495	0.20600209058018532	0.300542702568375
0.27086362801196984	0.10194805526283292	0.18387438247627386	0.19402909559602052	0.24928483865290263
0.2713795382526617	0.09099311414934053	0.19800922730744408	0.1746604565382759	0.2649576637522776
0.2468467118327079	0.09236574433180046	0.2155948816274825	0.1734149727173053	0.2717776894907036
0.3038001367194113	0.09503536137603633	0.17011599455716592	0.17157286217574289	0.2594756451716433
0.2945970168141496	0.09428119273744244	0.18687577031617425	0.1839110713862095	0.24033494874602396
0.25936785004116514	0.08578656460828343	0.19871030720247485	0.17350097327336556	0.28263430487471075
0.2710595324005242	0.08826131964278615	0.2105592727814131	0.1781835975251396	0.25193627765013665
0.27461638841674996	0.09077507651567218	0.16247310651422103	0.19158776980390427	0.2805476587494523
0.24637637079208766	0.08666951277331898	0.19741065969145358	0.1642755464113999	0.3052679103317396
0.2656539680156682	0.08299678669527713	0.17725392723107508	0.17875461865432615	0.29534069940365315
0.2940131501641787	0.0827326933554473	0.1739006501976009	0.1949363961135723	0.2544171101692005
0.251421223092572	0.0982120969394186	0.19884818024001913	0.19438792406985356	0.25713057565813646
0.2541842350414823	0.09026515127283867	0.17382100965004812	0.18252497638849274	0.2992046276471379
0.24626569118674016	0.09449536212770611	0.2038925733930708	0.17627439660776087	0.27907197668472183
0.2516062194267036	0.08506163231310776	0.19947479324814602	0.17854155200699334	0.28531580300504905
0.2586641015276246	0.0977836735848513	0.15898310615670583	0.1802899644057809	0.3042791543250371
0.2495651844764008	0.09367831785013427	0.16350439732039007	0.1999655981708617	0.2932865021822129
0.2882885120067409	0.09040928901769454	0.1764397789212592	0.1915520477324802	0.25331037232182485
0.25724904674307064	0.08788531561161093	0.16090240473708192	0.19040617617190178	0.30355705673633443
0.2736463935640089	0.10002755312786148	0.15493807121476888	0.20042978177082765	0.27095820032253287
0.30284054941685756	0.09260174760625796	0.18068167623999262	0.17019272600272514	0.2536833007341664
0.3050791746563527	0.09219175365948865	0.12438090367457319	0.17566063794268563	0.3026875300668995
0.24641023382378124	0.10193980120819432	0.18783460160392032	0.17129547298169503	0.29251989038240883
0.24251479374476087	0.08987468980772345	0.18948173678140587	0.18950909263425025	0.2886196870318593
0.25999606292945576	0.08817717848016297	0.2209210772592062	0.18667400981151536	0.24423167151965947
0.29280413607003164	0.10094066132830917	0.16000381285542653	0.19464566011248058	0.2516057296337518
0.2954410526817135	0.0896388192025017	0.18226698797011986	0.18396505191659165	0.24868808822907296
0.2590739059419042	0.08893903787441393	0.17196829198244187	0.187127313849995	0.2928914503512447
0.28541606169407396	0.09054365692770533	0.14607077001004237	0.20600731485809864	0.27196219651007947
0.27939245083824005	0.09918816780670492	0.11055827717516122	0.20513044345044731	0.3057306607294462
0.2733772502901759	0.095294264696589	0.1308229324604635	0.19858885637789672	0.3019166961748746
0.2911583175466129	0.08510858274538169	0.15391935043120838	0.17667749986497572	0.29313624941182104
0.2667720556243772	0.08162322471296549	0.19407102339781074	0.16467762468938485	0.29285607157546145
0.3037695263671455	0.08156037497233551	0.14797489783087925	0.19415258154555912	0.2725426192840803
0.24265894577357647	0.09280804355308434	0.23266588581576758	0.1814559921904367	0.25041113266713466
0.2697100574050151	0.08322405326788725	0.19590737515503262	0.16228621327833065	0.28887230089373417
0.27053390359869356	0.09307383200198721	0.2237274277796968	0.1706077244182904	0.24205711220133175
0.2795267425866766	0.09664770519882436	0.145973991159908	0.1895152269660401	0.28833633408855064
0.26463879041909333	0.10104012618878824	0.16164655838935987	0.195552895148146	0.2771216298546123
0.25622660092127486	0.0951503728913366	0.21101996084164082	0.19043653240855213	0.24716653293719532
0.25050511941764086	0.0885100570520278	0.20065158244129244	0.18036608079863325	0.27996716029040536
0.29729185241678957	0.09297896965195922	0.12572621431035846	0.18634016935987818	0.2976627942610143
0.30571333131732903	0.09196930569001593	0.12017931374810052	0.19879483321114885	0.28334321603340534
0.25157819268340154	0.09698670316256261	0.2203958576649797	0.18679157090219684	0.244247675586859
0.2800695547776444	0.09920247498953338	0.18255652890269874	0.1938298052683016	0.2443416360618216
0.2508930194838801	0.08663293928075638	0.19865591365600235	0.19651575678410207	0.26730237079525887
0.2995512030497232	0.09202044491145282	0.1572650706583468	0.20406472841370948	0.24709855296676736
0.25469140462610046	0.09144852913853847	0.21574219303372355	0.16720072378104098	0.2709171494205963
0.27426200877228124	0.1012618126634211	0.15506415932377832	0.16984900360858812	0.29956301563193094
0.28075177348802366	0.09651300577779454	0.11620781279038583	0.20046516772148945	0.3060622402223062
0.3011853515519284	0.10036185118881077	0.12916319784641467	0.17509576877924182	0.2941938306336041
0.2689647774240329	0.09814505232240098	0.16301950292412284	0.17994174798639564	0.28992891934304743
0.2670904681346779	0.0946594374869906	0.14365898953149797	0.19184423521350275	0.30274686963333053
0.30104107568221317	0.0938097127382721	0.1544875468273759	0.20050723778775092	0.2501544269643876
0.25429599340101117	0.09496688885645307	0.2220858352217746	0.16572004455430148	0.26293123796645945
0.28011995547265867	0.08611233475281589	0.17061434610484766	0.1781460187878747	0.2850073448818028
0.25616324498006093	0.08249599457374765	0.21586071797841389	0.2031609571327853	0.24231908533499197
0.288201605926412	0.09744383298765939	0.1336854870994581	0.20431132178332237	0.27635775220314795
0.2803320652637281	0.08207282382602563	0.14797886944185096	0.20477999510065142	0.28483624636774363
0.2459828265636461	0.08864227883590439	0.1841199473494011	0.20094645384741502	0.2803084934036331
0.24238295000348653	0.08622930891263972	0.2007564384103648	0.20269886769640819	0.2679324349771005
0.2700814802288512	0.08215691869521158	0.179942704710573	0.1613026095736766	0.30651628679168735
0.24720841781800867	0.08498167551567218	0.19574913234358665	0.19981950226055126	0.27224127206218096
0.2552119314375327	0.08603889079393821	0.18413458074155648	0.20362796487452725	0.2709866321524451
0.28964031429601117	0.09349793719485443	0.1464518429945738	0.19138238362599172	0.2790275218885686
0.24770046931881834	0.08653224834664258	0.19842068445086536	0.17923928679633894	0.28810731108733456
0.2395135130763356	0.10163839911319486	0.21738780510975902	0.19983852975470476	0.24162175294600552
0.2709643223251853	0.09123327637493055	0.18307823096583709	0.17398844328010948	0.28073572705393735
0.2691803624242804	0.10196206759461802	0.1981795780666669	0.19052841029856404	0.24014958161587036
0.2648318078762651	0.08550425179434319	0.17678108100784107	0.16646851065077678	0.3064143486707736
0.30036770261246476	0.0837846718354688	0.20004925605405097	0.16588281266761007	0.24991555683040517
0.2625010395242262	0.08628156013167876	0.18752721171976233	0.17478406347650388	0.2889061251478286
0.2530782531343353	0.0970134163050574	0.17762913918697046	0.17411990666993074	0.2981592847037059
0.26507373421941827	0.0877224566347754	0.18983572587694017	0.17643011550572738	0.28093796776313856
0.30005696184183195	0.1001765240583189	0.16579147004109793	0.18838622231598676	0.2455888217427642
0.27854784639423635	0.09022052857983244	0.15737597525023211	0.19440383982393628	0.2794518099517625
0.2525415371772669	0.08981059597102377	0.23999570009545265	0.17480208460477026	0.24285008215148615
0.2520752558756123	0.09457143997276365	0.19954305156745264	0.1726433443403798	0.2811669082437913
0.24432776736554113	0.0818923472259311	0.16671292246062402	0.20299336827824996	0.30407359466965356
0.28216521075625833	0.085832273038694	0.2134953452988238	0.16678313605878795	0.25172403484743566
0.2957294024813668	0.08651745113859123	0.1409017309506948	0.18526810608620042	0.29158330934314647
0.29976602195011376	0.0889878624025435	0.15802550584808375	0.1696634635852242	0.2835571462140345
0.30573947725882067	0.09515142495811085	0.17845123248276526	0.16718229326297407	0.25347557203732884
0.30193799203976524	0.08571788282239713	0.1610325320005844	0.17832250953111217	0.2729890836061407
0.2836134001701631	0.09735442471842799	0.19735357273482665	0.16822923317747812	0.25344936919910377
0.2563081227188399	0.09215243547370362	0.2292885574586652	0.18191771132394255	0.24033317302484844
0.2707392609169504	0.09913004267914118	0.16733584453205752	0.18194118978922721	0.2808536620826234
0.2811863572866665	0.0861548075572159	0.17605057356508078	0.16457576719590666	0.29203249439512985
0.27939602033070143	0.10112648396123186	0.21017701652896129	0.16590962098801298	0.24339085819109216
0.26098681154689796	0.08401091429386422	0.1898740400185921	0.16263887883554348	0.30248935530510196
0.27352347689631473	0.08884181408014945	0.21098537877219345	0.18409772510325997	0.24255160514808213
0.2811705710150167	0.08623024102555997	0.22153633081678895	0.1614225300473229	0.2496403270953112
0.2525739384225481	0.0915230390592823	0.20883632544074646	0.17214891011857378	0.2749177869588491
0.26016259429037947	0.09103976219243898	0.19734496317958963	0.20556904569865803	0.24588363463893365
0.28679851469857853	0.10194110385404664	0.17401203521211756	0.16806129490194371	0.2691870513333133
0.2451765693477025	0.09871088201560485	0.22825960363432488	0.17613523497331013	0.2517177100290574
0.26010768508723436	0.09334883357015071	0.17479357931698403	0.19552257536000692	0.2762273266656238
0.29391148518985366	0.0972580446220447	0.14990319273367728	0.19266959092999003	0.26625768652443405
0.2404768050482059	0.08202443106437551	0.21660904249790014	0.19372649185418542	0.2671632295353328
0.2683616579890318	0.10084973076935405	0.22234250522321372	0.16277371250976255	0.2456723935086376
0.2914868255972419	0.09960309949929141	0.16966080681898263	0.16324818135959857	0.27600108672488516
0.286306608100282	0.09630173532688772	0.11681368952800518	0.2061893835713562	0.29438858347346863
0.2617257502940035	0.09108828290718218	0.1762782034950086	0.17058333175961546	0.30032443154419
0.2595939521929085	0.0942562165257615	0.16305819707156963	0.1787265915210788	0.30436504268868136
0.2590746984138657	0.09138287183957919	0.20183531120598666	0.17212453389542595	0.27558258464514224
0.2987879119421777	0.09139050989751936	0.14049627592649527	0.186955898238879	0.28236940399492844
0.2600183586102985	0.08962399600801615	0.22924399100417056	0.1703912037974619	0.2507224505800526
0.25872803457701615	0.08443836579383786	0.19064865440027484	0.19312005166334176	0.2730648935655291
0.2651971908312465	0.10160595752956798	0.19344661347986383	0.183612131319709	0.2561381068396124
0.27413582196109976	0.08969811256872119	0.1543526862677384	0.20551106390975912	0.27630231529268123
0.2407845170570187	0.09915330857524082	0.1711457551884816	0.19578875724218467	0.29312766193707396
0.2543106852560557	0.08751895033091725	0.20927762653101284	0.1990626390977615	0.24983009878425247
0.24156975388149934	0.08311905067199497	0.22217435446275374	0.18256211232829636	0.27057472865545534
0.278659386919892	0.08180763389175506	0.18922445813663769	0.20500759333754617	0.24530092771416884
0.30230189596918966	0.0866157522724517	0.19953820459993263	0.17097366821920632	0.24057047893921946
0.24456879883024532	0.10041490355198666	0.1858522630707485	0.19673999395091177	0.2724240405961075
0.28662250276967627	0.1016814899685288	0.14932230580657072	0.18950742951642974	0.2728662719387942
0.25449135664647443	0.09274166982340327	0.18746392544800097	0.1628677077551798	0.3024353403269413
0.29629836070320514	0.09595184368503683	0.16000767111390768	0.18291318536446796	0.26482893913338207
0.24559562326898712	0.1008901980532077	0.16184974594019186	0.19313984723368832	0.29852458550392474
0.2513465211384486	0.08845584546237023	0.1904265474904412	0.1724888364467539	0.2972822494619858
0.3052086413258372	0.08263888037965099	0.13444291214554818	0.1878027303853682	0.2899068357635951
0.2481992308586702	0.09161469900028348	0.219992847201966	0.17772990665091207	0.262463316288168
0.2777285096809581	0.1013295180981887	0.11268505618997725	0.20278147593944376	0.3054754400914319
0.2644148721555937	0.08717430891649047	0.21690752744959885	0.17594396762991368	0.255559323848403
0.28057880590743023	0.09357576669159927	0.17326193876906965	0.1936618770815688	0.2589216115503318
0.27569324557045344	0.09721587940036572	0.1894043394584868	0.18055423984049163	0.25713229573020213
0.29615525015111643	0.08726393720691318	0.14670366267905358	0.1757174017208437	0.2941597482420728
0.24784487010114886	0.08134152709442638	0.22905389029418752	0.19297328106243947	0.2487864314477975
0.2818544245238014	0.09001415565190474	0.21143421875277862	0.17136057224910348	0.2453366288224115
0.27867592284156534	0.09991911516755626	0.14571196656935204	0.1953902015458988	0.2803027938756273
0.2884130768948907	0.08473092915256211	0.17705720624078078	0.17623066051942743	0.27356812719233864
0.25841850339038364	0.09757783359300568	0.16404373202872669	0.19471542982657233	0.28524450116131145
0.2787623871004891	0.09017851058146617	0.16362686582109787	0.16411775824363764	0.30331447825330893
0.28675402879471384	0.10055258232001363	0.133231263278558	0.18667069928861935	0.2927914263180949
0.26621860793518093	0.0937513597856266	0.16346768713532822	0.19163001539471147	0.2849323297491525
0.26212884413440996	0.08303846462748839	0.15677290891382123	0.20108412420201782	0.29697565812226234
0.24872199052295402	0.0940303912118322	0.2356645693457252	0.1655473923826137	0.25603565653687466
0.2616717393002393	0.0861854378990741	0.18209938139230708	0.17325070039554458	0.29679274101283465
0.26029795168908487	0.08487402270433363	0.21779394994148896	0.19716187924026285	0.23987219642482943
0.2588466608695301	0.08745605088247259	0.18702678850261936	0.19861719289793864	0.26805330684743905
0.27290049784997916	0.08526379342048437	0.20409483062184242	0.19779848005799688	0.23994239804969686
0.30472786075909153	0.09227614950631366	0.1557428902945011	0.18703833133881265	0.26021476810128075
0.3051962890935504	0.08659076936270023	0.13239050804096555	0.19695634983258017	0.2788660836702034
0.29569089258829984	0.09820888122663456	0.1069926104604813	0.20599440265194535	0.2931132130726387
0.2654587775939692	0.09834893708952783	0.15778379801917125	0.19140733976640423	0.2870011475309272
0.23933809957091262	0.09446220562583181	0.20243539207278513	0.20523999130035786	0.25852431143011234
0.29348087384252086	0.09494776539391753	0.13588504851791522	0.19638585208886555	0.2793004601567806
0.2794384519164125	0.0983249689957049	0.16186574384733568	0.2030289709996851	0.2573418642408616
0.25504002735434705	0.09271793927804726	0.22804831457975203	0.16650576552792914	0.2576879532599242
0.27377911586623643	0.09503230839214735	0.17431858084352791	0.16801553254362145	0.2888544623544666
0.30547633377945277	0.09722258951866053	0.17658017849188365	0.1753551739897827	0.24536572422022007
0.28162984510677647	0.08251115395881162	0.20563749529810854	0.16652202232581306	0.2636994833104901
0.2525491345101423	0.0883833131316842	0.1922340978788482	0.20637431193419808	0.2604591425451269
0.28218385142494506	0.09910831266578593	0.14540906899128647	0.2028466691373167	0.2704520977806656
0.2616586067045692	0.08691499710890316	0.16596731930304526	0.17875832600604785	0.3067007508774343
0.2485353327893667	0.09345091214772755	0.1915976252840101	0.19817348902830909	0.26824264075058635
0.29195686636030116	0.1005002861247577	0.19355069802351807	0.16994927684591227	0.24404287264551056
0.24549379196762872	0.0854773846543288	0.2368353387506615	0.1675121501177102	0.2646813345096706
0.2537540893347021	0.09128191179538638	0.22021780011484776	0.1801393346760786	0.25460686407898486
0.25045360504110453	0.09945069792558718	0.16361478523642253	0.20106761378298454	0.2854132980139009
0.2976323952309224	0.09218188615957298	0.17394314096727354	0.1899535388320142	0.2462890388102166
0.2884742204970479	0.08568587475798627	0.16666076370794639	0.20281096556556785	0.2563681754714513
0.2608912662708832	0.0906726157757034	0.17177174594112454	0.17028420690898885	0.30638016510329974
0.2778784796932498	0.08178916733752174	0.22315399470777594	0.1695589253526706	0.24761943290878166
0.29742805464017685	0.08776031160719167	0.18061466060955353	0.1799153702469536	0.2542816028961241
0.2488446954659377	0.08792820295989365	0.24910571709720894	0.1703716486588008	0.24374973581815865
0.2748850218401844	0.09077231105993655	0.19616568817571722	0.16205777803902804	0.2761192008851336
0.30444981027671486	0.09660420808309736	0.16265201799951193	0.16922150602502653	0.267072457615649
0.2643552254752705	0.08451856515884869	0.21668247809534558	0.18829118549942306	0.2461525457711119
0.26452714134541616	0.092656126923122	0.20174196423981766	0.19089910180275033	0.2501756656888936
0.30437102534277327	0.0859974999666243	0.18697686887534057	0.16455599538508667	0.2580986104301749
0.27333662212940624	0.09645643181437702	0.18767655568863745	0.17867785527066526	0.2638525350969138
0.26938222534596423	0.09857631931144349	0.16705040396403364	0.19288724318480108	0.27210380819375735
0.2627795644544102	0.08232212989118629	0.19788140700438703	0.18405514125500994	0.2729617573950063
0.29775135381110673	0.08533686123828511	0.18571624865939412	0.16943274380519385	0.2617627924860199
0.2846012947889472	0.09864945615981385	0.19272690837288256	0.18014932821311352	0.24387301246524262
0.28804453748700315	0.10135180510763689	0.19287622674504792	0.17745289922812635	0.24027453143218544
0.2525309483640226	0.09228453807755398	0.19615653399236457	0.17413184064267584	0.2848961389233828
0.2406897863213477	0.09326750835819736	0.20886859913619513	0.20081776686499103	0.25635633931926854
0.25002808289214806	0.08518252026122464	0.21612910377586797	0.1899913476842715	0.2586689453864876
0.2555069505645108	0.08469406642347731	0.21760176217350985	0.16398758121537557	0.2782096396231263
0.24510258900696683	0.0874609123970036	0.2053110119568795	0.17823732619381913	0.2838881604453307
0.28826562264967903	0.08925954033583419	0.17079911604708686	0.16613754439888576	0.2855381765685139
0.2511875177976701	0.09865633045323662	0.20026251837112577	0.20603338839351806	0.2438602449844492
0.26451351672123086	0.0871890714782635	0.20625382147247004	0.17811954950453415	0.2639240408235012
0.27069741944189385	0.08211687002584855	0.22390888436658063	0.16309091562123093	0.26018591054444573
0.25297875865366387	0.0907757142851262	0.1774253793663263	0.19660022124021084	0.2822199264546725
0.26070504730249955	0.08986567021601423	0.2146612283668655	0.16774967138577535	0.26701838272884515
0.29347561385713217	0.08299098096130315	0.180221084280478	0.19252135209393506	0.2507909688071514
0.28364986264897324	0.09991719186703743	0.17330270652024465	0.2033143676174901	0.2398158713462543
0.299049561974933	0.08629754149941515	0.17699973281933318	0.17897499674414513	0.2586781669621733
0.24965657268106575	0.09424074646543167	0.22654721801207098	0.16730018439409	0.26225527844734137
0.26299828197482067	0.08806404662203658	0.23221271220065615	0.16843766125784443	0.2482872979446419
0.27991735786662364	0.08547628944290521	0.1231002551446317	0.20415442627123373	0.3073516712746055
0.24118094391148087	0.08281438147572591	0.23647214549805942	0.1825545337003926	0.25697799541434097
0.253105016173476	0.09354571054297142	0.23454480479911857	0.1710505171019614	0.24775395138247236
0.2515232465896593	0.09971231735467694	0.16639978676933917	0.2050842875448634	0.2772803617414609
0.2850751716987844	0.08679734913562658	0.1815805243153467	0.1910210736108855	0.25552588123935666
0.27541763661932306	0.0946227352570608	0.19570385214987213	0.16527953178165833	0.26897624419208543
0.3021618549012798	0.09199018823544626	0.11284112709084436	0.18778510929760503	0.3052217204748243
0.24129015980894408	0.09548035548619567	0.21408990621415855	0.16740950685943146	0.28173007163126995
0.2890527137013439	0.09633832113192434	0.1586121036171817	0.18577934039184246	0.27021752115770736
0.29877755707365217	0.08172136741006684	0.18297292138794743	0.19625417104286852	0.24027398308546477
0.26164284556750195	0.0976004065695023	0.21875282298092755	0.17698958430396008	0.2450143405781079
0.25701986468307764	0.10115271242605597	0.17853286011105868	0.17275628154253142	0.29053828123727604
0.2844445671258836	0.08728505264230706	0.12203759030211259	0.20305070154356525	0.30318208838613125
0.30312588073473823	0.08606500875697999	0.17135529847398395	0.17832820046616515	0.2611256115681324
0.29629040779964	0.09989701717032641	0.1442474926188265	0.17256556947434615	0.28699951293686066
0.3014657001391016	0.09028159367160378	0.19567177116423173	0.17206101094488258	0.24051992408017997
0.2886884604811988	0.0877645602832413	0.15797005833451183	0.1670072037673412	0.2985697171337066
0.3039146939947283	0.09550327864240755	0.10500180261468009	0.2036585529910892	0.29192167175709455
0.2694808703384582	0.09205187469334372	0.15240851779905024	0.19527223250693426	0.29078650466221334
0.27583664741553904	0.09195965770175779	0.16027792838198518	0.18306252462048664	0.28886324188023105
0.2426553985916663	0.09997305745560452	0.2333602557788033	0.17706318662877	0.24694810154515565
0.305728695063045	0.09186267630723258	0.19673258546936653	0.16454179494889842	0.24113424821145718
0.3052793546507806	0.10141446660495287	0.12775113981632374	0.19100477233074664	0.27455026659719584
0.2804225096937131	0.08725933744831424	0.20679461192022056	0.17711052024070312	0.24841302069704868
0.2529811591908866	0.08829068519597555	0.17035610121744105	0.18456708463323349	0.3038049697624631
0.279713230201017	0.09270503521931786	0.17550883439373072	0.19290406684224684	0.2591688333436873
0.24688648945594593	0.09645298742600311	0.18833852693211117	0.19824227334021566	0.27007972284572385
0.26752117348142535	0.08239716242844294	0.15782599015296628	0.18851122654092853	0.3037444473962366
0.27118924666231503	0.08224162050195495	0.19578313005512235	0.18388790451538153	0.2668980982652259
0.2903607722046029	0.09472619199386124	0.11842851628603118	0.19960377195306853	0.2968807475624359
0.29325845808454515	0.09360926564503454	0.17572539123227526	0.17380558155510745	0.26360130348303734
0.26954367519726896	0.08155784786741953	0.21957002562002292	0.16409233905579151	0.26523611225949684
0.2587192165079559	0.09157544287752045	0.15124847841158506	0.2043113170584519	0.29414554514448643
0.3066751620371788	0.09973297312241336	0.13780187898344765	0.16685059834339178	0.2889393875135681
0.24540531132261834	0.09213179232746244	0.20848052510455967	0.18467548778116646	0.26930688346419285
0.27081937284049334	0.08688241602247646	0.18531112887183118	0.1952467533911924	0.2617403288740064
0.25185253633149973	0.10185764891414628	0.19619020276483745	0.1709812282774387	0.27911838371207764
0.25389781319602195	0.09170292277453441	0.23129360549751538	0.1711144745635189	0.2519911839684091
0.2677677025016256	0.09441768741305638	0.14578321305099315	0.20260103357099418	0.2894303634633304
0.2833795585951834	0.08168574421711795	0.19396188157631442	0.17692562165917397	0.26404719395221
0.2872514190583034	0.08401681580870815	0.15627178255581758	0.1825364511363283	0.2899235314408422
0.2635044904983849	0.09548549730724923	0.157492893203626	0.1945288906170526	0.288988228373687
0.25166041709433895	0.09717531276357282	0.1751270368047579	0.17080174434436068	0.3052354889929694
0.30141388902540933	0.08928272476261681	0.2030338875147736	0.163093591901798	0.24317590679540196
0.28223247588285705	0.086004852250501	0.18326298350880885	0.16628266242393158	0.2822170259339013
0.2549844749847701	0.08830134374644819	0.2183610004024894	0.19000494760553074	0.2483482332607613
0.2993536014420084	0.09841534562326217	0.13918553886264068	0.19464096064687014	0.2684045534252183
0.26952434754194726	0.09150053360412524	0.21201570788502486	0.18170683693500597	0.2452525740338964
0.301063325269796	0.09321840546600434	0.15895436096657062	0.16997281485967602	0.2767910934379527
0.24062125258662145	0.0833780237101618	0.25700122066805237	0.1749684090453829	0.24403109398978123
0.25036921901214326	0.09858398392946982	0.1505716252138568	0.1964551951384483	0.3040199767060815
0.2856298648592384	0.09256972877105561	0.14908233681415073	0.19593124553608074	0.27678682401947424
0.2474936917669008	0.08269352133998085	0.22136179302656173	0.16428660147927582	0.28416439238728053
0.281927336607739	0.08841167885981782	0.16433998568103642	0.16573665706371232	0.29958434178769416
0.2960999802728375	0.09781268945932492	0.1466793123856037	0.1756802087438999	0.28372780913833373
0.28987890222773927	0.08745554715754299	0.18397876207992409	0.16246963719518775	0.2762171513396056
0.2750921820007199	0.09090428417220506	0.1696870245450161	0.1817744083862589	0.2825421008957998
0.24671230762982188	0.09028294978972039	0.18003987602025798	0.1930085021347343	0.2899563644254652
0.2786909974343891	0.09550938169823554	0.1717841480708311	0.16683551945450079	0.28717995334204327
0.277964984047143	0.08451103886474443	0.19108206589319116	0.19493026474923109	0.2515116464456901
0.2768512821786833	0.09203385695876001	0.20018014051584823	0.1872009624559291	0.24373375789077908
0.2679447370192038	0.0895769447752919	0.15568466903394945	0.1917395789857721	0.29505407018578245
0.2842777144078125	0.09125641135914755	0.16099621009075696	0.2015834543010511	0.26188620984123157
0.2994420676457622	0.09685596585026561	0.15266305345188497	0.19802925697068147	0.2530096560814055
0.258609797607057	0.0912319070260216	0.21764779211413798	0.17503528166928223	0.25747522158350095
0.28422132108945686	0.09477798110919992	0.14568458000029985	0.19467189517702946	0.2806442226240136
0.27964970993897886	0.08635320962017502	0.17281936146779445	0.16204471213169847	0.29913300684135297
0.24624308483317975	0.08924540846615873	0.24313212741321033	0.18074193789285642	0.2406374413945945
0.2711167652247718	0.08495224454367648	0.1910142276086845	0.18708578909335566	0.2658309735295113
0.2813623986301334	0.09118606734561388	0.18777095562464	0.17631496840172603	0.26336560999788644
0.2614744554248742	0.0998710648385309	0.14386829025038442	0.19518592913931515	0.2996002603468951
0.28999349472417063	0.09281839024902118	0.13987178439828776	0.18534549696612737	0.29197083366239274
0.24066294770925756	0.08689794557106645	0.16702918020657803	0.1987711875269212	0.3066387389861765
0.29495665769904117	0.09868854557925431	0.12937453054418546	0.1855798297165031	0.29140043646101565
0.25414751614622244	0.09126360671648598	0.24202181415271995	0.16325029591406887	0.24931676707050252
0.24465004971882334	0.09938835281132168	0.15258004583556017	0.2041191059145856	0.29926244571970895
0.28686012998096927	0.08535259984221231	0.1844748004832943	0.19861646888163248	0.24469600081189133
0.23953696382833686	0.10192461388659198	0.16812296681630295	0.1919400443251128	0.29847541114365517
0.24294715515163928	0.09991801192275607	0.22895710154548904	0.16270524739651943	0.2654724839835959
0.2541191261193692	0.08880692510190483	0.1499882771271326	0.20546492828708265	0.30162074336451045
0.29344159522619895	0.0878237165092279	0.1643276712934153	0.16828075084063998	0.2861262661305176
0.2714132467149346	0.08833003232249875	0.20469541219327864	0.19084783808779096	0.24471347068149685
0.24060313339573006	0.08247167259764776	0.21358406152911572	0.18308520912469783	0.2802559233528084
0.2395805977847546	0.09363115684610648	0.1991561246538252	0.19830553665881864	0.2693265840564948
0.24926363216698805	0.08423611193331776	0.24149990349345032	0.18406725328565493	0.2409330991205887
0.2509653124179859	0.09969048417718628	0.20577037002636547	0.17610530599646126	0.26746852738200083
0.248585746177371	0.08949470007079238	0.2192579937589763	0.18501692927191257	0.25764463072094745
0.24684548799812145	0.09917596304074626	0.20613974376187488	0.18198056568743176	0.2658582395118254
0.2437815274739894	0.0900164888689685	0.23282691507584313	0.17865195880422682	0.2547231097769719
0.26074380359144594	0.10065418322203198	0.14610733537789655	0.19965723616319164	0.2928374416454336
0.26818606439821857	0.09240211390895088	0.15582871479440258	0.20281312149885428	0.28076998539957343
0.2510423265665695	0.08620390060979755	0.20961606791229911	0.17623480598715802	0.27690289892417563
0.25230319212161434	0.08983569935950697	0.21658106589390527	0.17387659385391974	0.26740344877105343
0.29407080960889853	0.08686284815558537	0.15629748753530073	0.19438444315109288	0.26838441154912224
0.2497096520250433	0.09703634345384503	0.19732377558016168	0.16221923464938964	0.2937109942915601
0.26164844991144254	0.08772539736964372	0.1809318182286833	0.16979763210653664	0.2998967023836936
0.2949463437846497	0.09534620200990762	0.10463593958587394	0.2039142578368234	0.301157256782745
0.27740320131578966	0.08413540618234926	0.1952321089115906	0.18419020120304053	0.2590390823872297
0.30266264617987665	0.09785962261125851	0.12124273436068324	0.18804258620372316	0.2901924106444581
0.24182146394968126	0.09437742474483878	0.16617761497162126	0.1963541599859726	0.30126933634788583
0.26540191334453944	0.08396679544628075	0.23404086699946447	0.17365332232812727	0.2429371018815878
0.24539395892304547	0.10062787118323513	0.22139843971226836	0.18325626383228152	0.24932346634916927
0.25125949015787014	0.09257528254906039	0.23084806046887277	0.16753199044599254	0.2577851763782039
0.27564100953813836	0.09306071568248125	0.15233503930111486	0.19388075042641442	0.28508248505185085
0.26939756185288133	0.09099490731386906	0.1654137769765259	0.20018484883712548	0.27400890501959796
0.28328500558579695	0.08706660309094501	0.15780797721819737	0.19342782934583183	0.27841258475922853
0.28831786094673695	0.09785128849813124	0.12947901467279566	0.19264081947654166	0.2917110164057942
0.2501561023698692	0.09137183322023341	0.19076609903266795	0.18766688476448717	0.28003908061274196
0.30005888727119273	0.08712411666835734	0.18009158301269268	0.16201242773159846	0.2707129853161585
0.24561244748820923	0.09504123736023486	0.2155993628268625	0.16154826562153346	0.28219868670315973
0.3033168910186752	0.09089475955629968	0.16869675217532556	0.19648276592872105	0.24060883132097816
0.25211486605429	0.09113060315411142	0.17812607163389377	0.19252388823425595	0.28610457092344865
0.30395914121360135	0.09421930254676321	0.1401700258192855	0.1725649461707367	0.289086584249613
0.2966841285674392	0.10154288432531448	0.1246323446927342	0.18258029194242262	0.2945603504720892
0.29184178568135044	0.09791523979259355	0.1179216934741419	0.19478753635790733	0.2975337446940065
0.295124018264199	0.09261623926175548	0.16331899988336152	0.18375331616955104	0.2651874264211327
0.3016852141286045	0.09639747562894051	0.15251168060882192	0.1702292275590575	0.2791764020745753
0.2831492413277674	0.0897137673920501	0.20869936257780322	0.16117363944092788	0.25726398926145105
0.2710776935373794	0.08277759101526425	0.21311982711971053	0.16845180916290253	0.264573079164743
0.2414325023115215	0.09217184198014422	0.18683407284253545	0.19218867710092846	0.2873729057648701
0.2847247046032579	0.08241889169324054	0.21133268807030878	0.17856909219173925	0.24295462344145327
0.26111482767764693	0.0881442066286691	0.22046120131710026	0.17422892540659063	0.2560508389699928
0.2655319530544381	0.08763995660324289	0.17845811636078762	0.18183359290546675	0.2865363810760644
0.28510388592261926	0.09319052855884048	0.1439943995077694	0.2053357312044655	0.2723754548063051
0.27264124683093516	0.08576466749732657	0.2077807317282781	0.1837903977251414	0.25002295621831855
0.2771873911057672	0.085938365874781	0.1724078120995935	0.1918699122947846	0.2725965186250735
0.2615509980752984	0.09850658585743259	0.20740015803251582	0.19290906828876053	0.23963318974599238
0.249023555975079	0.0979796931483544	0.22526526738412153	0.16369384311775997	0.2640376403746848
0.2676689278230703	0.09973832613728176	0.1560624677824693	0.17820377648968255	0.29832650176749587
0.26735663660066883	0.0929135086729965	0.20231763524786542	0.1907917695608049	0.24662044991766408
0.2770796781011019	0.09360901354560104	0.21335457570132568	0.1709775921989711	0.24497914045299996
