0.34764683562525445	0.40038953021814827	0.25196363415659745
0.348193899674127	0.4006399550121238	0.2511661453137493
0.3483936355105549	0.40162540095272053	0.24998096353672467
0.3485695309288263	0.40115823399848866	0.25027223507268515
0.34836196420519777	0.40020122481037973	0.2514368109844226
0.347697310351309	0.4020040670604009	0.2502986225882902
0.34758234408759736	0.40021208747899584	0.2522055684334069
0.34887696788226413	0.40014434569089463	0.25097868642684135
0.34838570490725673	0.4021868328197077	0.24942746227303564
0.34874580983929976	0.40023748519199454	0.25101670496870576
0.3483306339710788	0.40219623444509767	0.24947313158382367
0.3476728200789662	0.4022133032366713	0.2501138766843626
0.34815823093480897	0.4002679381296504	0.25157383093554075
0.3477638613577874	0.40115806710356167	0.251078071538651
0.347783026528905	0.40095752541128793	0.25125944805980716
0.34838945600864923	0.40171077837363656	0.24989976561771426
0.34866855980255834	0.4010991146836602	0.25023232551378155
0.3483730781420037	0.40083700146963563	0.25078992038836073
0.3473359060271602	0.40077691683829886	0.251887177134541
0.3475262096343346	0.4005927467408277	0.25188104362483776
0.3477046367955983	0.401058940562712	0.25123642264168977
0.3477918571768897	0.40089119388470834	0.25131694893840206
0.34869428905831823	0.4007493775132101	0.2505563334284718
0.34742016917797175	0.40139235649209654	0.2511874743299318
0.3472620324817589	0.4008622054254917	0.2518757620927495
0.34747054159472374	0.401754938845743	0.25077451955953345
0.3481873187551071	0.4001082469127766	0.2517044343321164
0.34843810121279006	0.4011119842523637	0.2504499145348463
0.3477352053438507	0.40033939419768017	0.2519254004584693
0.3489852124533557	0.4015055781377995	0.24950920940884486
0.3484366385143176	0.4002598150802468	0.25130354640543573
0.34895775585474925	0.40014151575571527	0.2509007283895356
0.3475999152826387	0.40071692687831684	0.2516831578390446
0.3473833440509136	0.4006792293413672	0.25193742660771934
0.3480138301890753	0.4016652195742571	0.2503209502366677
0.3474273508246831	0.4006633151705878	0.2519093340047292
0.3487264925063643	0.4013881334416406	0.24988537405199523
0.34816121375982495	0.40200492118804554	0.24983386505212962
0.3471060006978402	0.40122448809913414	0.2516695112030258
0.34874968681119967	0.40089457868929557	0.2503557344995049
0.34832212378111477	0.40072994304860154	0.25094793317028374
0.3478683097472149	0.4008988463181252	0.25123284393466
0.3474640729864388	0.4006270507323767	0.25190887628118463
0.34744035353597863	0.40131729049100545	0.25124235597301603
0.34882771250552963	0.40055031865340107	0.2506219688410694
0.34782596765979185	0.40136250166368687	0.25081153067652134
0.34886538183575855	0.4008205191084452	0.2503140990557964
0.3479930681454069	0.4017938851128585	0.2502130467417346
0.3475371111527783	0.4020515033295312	0.25041138551769054
0.3479893200328076	0.4010928541965307	0.2509178257706619
0.3474459800802865	0.4008050457574076	0.251748974162306
0.3485306407282023	0.4018126789139061	0.24965668035789174
0.3487408653791011	0.40026528326596233	0.2509938513549367
0.34825438211084453	0.401424904843131	0.25032071304602455
0.3489402060936122	0.400907008561013	0.25015278534537494
0.34880341717598334	0.4002478374130312	0.25094874541098555
0.34738378173948936	0.4021940976356679	0.2504221206248429
0.34840519959765215	0.40209832259968625	0.24949647780266174
0.3489089389082267	0.40142400313535476	0.24966705795641864
0.34761975608575113	0.40166081500226986	0.2507194289119791
0.3485170712147227	0.40043037492216194	0.25105255386311554
0.3472721935365424	0.4004939394673548	0.25223386699610295
0.3475211333529368	0.4008603409204402	0.25161852572662313
0.3481810144676798	0.40051712967295444	0.2513018558593659
0.3478968367602743	0.40028136108611045	0.2518218021536154
0.3485564678246618	0.4001541306001122	0.25128940157522617
0.34842094619619024	0.4021246219128747	0.2494544318909352
0.3473023583285787	0.4020815453214022	0.25061609635001925
0.34726551514037096	0.4006293470176842	0.2521051378419449
0.34805055898380927	0.4021146112432814	0.24983482977290938
0.3475372607570564	0.4020350587552275	0.2504276804877163
0.34831429097908817	0.4014107730666793	0.2502749359542326
0.3472048023013469	0.4013611432319817	0.25143405446667144
0.34736903671662017	0.4010788388596072	0.2515521244237727
0.34738727496050964	0.40086063342666733	0.25175209161282314
0.34896408020649894	0.40089760694630794	0.25013831284719323
0.3487291810628546	0.40057300845227745	0.25069781048486806
0.348217303201189	0.4008029419207264	0.2509797548780847
0.34727102849931335	0.4017041081246106	0.2510248633760761
0.3485937001164935	0.4005828038909296	0.25082349599257703
0.3481528988161761	0.40019339988892205	0.25165370129490194
0.34721348718300055	0.40214950801784016	0.2506370047991594
0.34753429094222366	0.4016619088588259	0.25080380019895054
0.348096564206153	0.40068688502178645	0.25121655077206073
0.3482248475033901	0.4010984133831863	0.2506767391134237
0.34864276658973664	0.40044003660335215	0.25091719680691127
0.34792839128278996	0.40007334472704437	0.2519982639901658
0.3471547463874089	0.4020262781785423	0.25081897543404885
0.3471613989059006	0.4013184344533987	0.2515201666407008
0.34751925735507844	0.40198001529563754	0.2505007273492841
0.34838285199277363	0.4009193374358736	0.2506978105713529
0.347973974803139	0.401120539459803	0.25090548573705806
0.3486510648746273	0.4013977748414784	0.24995116028389436
0.34721371625810693	0.401847056666937	0.2509392270749562
0.3478737165658262	0.4010003626526949	0.25112592078147894
0.34802903436017507	0.40178118143255087	0.25018978420727417
0.3471188840423216	0.40150203701141746	0.251379078946261
0.3483644030453793	0.40072243253838474	0.25091316441623607
0.3474670772583133	0.40113725689872326	0.2513956658429635
0.3484236743603004	0.4015170898895672	0.25005923575013245
0.34810843540153563	0.4010304353546441	0.25086112924382037
0.3485594987319695	0.4007170090811809	0.2507234921868497
0.3472575079336775	0.4013271584255147	0.251415333640808
0.3484365515901733	0.4016338673640588	0.24992958104576796
0.34789150427775384	0.4001621443348755	0.25194635138737076
0.34745295925797415	0.401619624120741	0.250927416621285
0.34730929350036727	0.4008388181377536	0.2518518883618792
0.3476161275908496	0.401514949698214	0.2508689227109365
0.34773742493204346	0.4002086747104404	0.25205390035751624
0.34846770426226226	0.40164798255365264	0.24988431318408527
0.3480222918019831	0.4010647053302554	0.25091300286776164
0.34838036356865565	0.400830471776101	0.2507891646552435
0.34824825175573487	0.40196378960879303	0.24978795863547218
0.3475444080058105	0.4004732228902482	0.25198236910394134
0.3472858719713763	0.4012797882417032	0.2514343397869206
0.34887355061624115	0.4008411429534996	0.25028530643025937
0.34873505308722347	0.40075926002056617	0.2505056868922105
0.3489246824021562	0.40031211919069687	0.25076319840714706
0.34848294572790656	0.4009429820105402	0.25057407226155337
0.34791327834193003	0.40032615198275556	0.25176056967531446
0.3483543012659378	0.4012870687334479	0.2503586300006144
0.3479382905101486	0.4015782420404665	0.2504834674493851
0.34867884019601997	0.40027636848622844	0.2510447913177517
0.34900229300290003	0.4001522258285921	0.25084548116850797
0.3483372961637092	0.40113385830628645	0.25052884553000454
0.34757272710275217	0.4005324343721821	0.2518948385250658
0.34728942727784295	0.4022130619783113	0.25049751074384585
0.3484465438383742	0.400296077747169	0.25125737841445694
0.34822324657981485	0.40202342827981846	0.2497533251403668
0.3485298717562877	0.40009776134663244	0.25137236689708
0.34799737933958835	0.4012891292737838	0.2507134913866279
0.3486222431800062	0.40113596470385776	0.2502417921161362
0.3478389478857984	0.40121897371342585	0.2509420784007758
0.3471253846799319	0.4017854839535056	0.2510891313665626
0.348743014135956	0.4017235524067515	0.24953343345729256
0.3476811149812382	0.4012851403418201	0.25103374467694184
0.34805948620202654	0.40047562933567715	0.2514648844622964
0.34876853471656505	0.40091077761690097	0.2503206876665341
0.34823596858677863	0.40087688064091337	0.25088715077230805
0.3480304293498327	0.40021453084856273	0.2517550398016047
0.34835673499566217	0.4014010805420723	0.25024218446226565
0.3488591103645041	0.4006069739938042	0.25053391564169175
0.34710115414225395	0.40114910231167844	0.2517497435460678
0.34860518021334724	0.40026066156628237	0.2511341582203705
0.34737711708757857	0.400924306347453	0.2516985765649685
0.34764856558290747	0.402173543585582	0.25017789083151065
0.3488416366752959	0.4002029380953911	0.2509554252293131
0.3480132034539355	0.4014531059326922	0.2505336906133725
0.3478833772775506	0.4009365668040786	0.25118005591837095
0.3479508303198847	0.4018831705062223	0.25016599917389304
0.34842741581694414	0.4013035288318726	0.25026905535118343
0.3484039996948639	0.40206859654470306	0.2495274037604332
0.34883409054627623	0.4005370065256327	0.2506289029280912
0.34884153320043215	0.40117774721930943	0.24998071958025855
0.34734675028328876	0.4011152958706508	0.25153795384606054
0.34715227237461205	0.40067617409573836	0.2521715535296497
0.348905277801391	0.40143425371663866	0.24966046848197043
0.3478005804070592	0.40156079362635844	0.2506386259665825
0.3488809962522733	0.40043387667446706	0.25068512707325974
0.34806470068006234	0.40105131297159147	0.25088398634834624
0.3485260810647664	0.40095413416590236	0.25051978476933134
0.348423606569458	0.400377877877676	0.2511985155528662
0.34824896379758485	0.4013669128050753	0.25038412339733995
0.3477432048505157	0.4003973850342063	0.2518594101152781
0.34744298275993646	0.40053387547521724	0.2520231417648464
0.3482058307042476	0.4020194707861327	0.2497746985096198
0.34842600099476123	0.40132497224610375	0.2502490267591351
0.34810262885064847	0.4012241783098343	0.2506731928395173
0.34849598630627876	0.40171821076467	0.2497858029290513
0.3482362612067784	0.4016163103876592	0.2501474284055625
0.34723121432061377	0.4016845283018718	0.25108425737751455
0.34720512667834214	0.4021692697164113	0.25062560360524666
0.3481963113960287	0.40144772136972307	0.2503559672342484
0.3484285804834876	0.4017609890601938	0.24981043045631868
0.3474149026465563	0.40065138087003477	0.25193371648340906
0.34813598870217194	0.4017483095886091	0.25011570170921915
0.34836129218107637	0.40036901237614747	0.25126969544277633
0.34795736081743317	0.402147534128734	0.24989510505383294
0.34858675796234273	0.4004445925093454	0.250968649528312
0.3480601418715245	0.40099919423114405	0.25094066389733155
0.3475700470478936	0.40063690900628146	0.251793043945825
0.3480308123372696	0.40062801376403456	0.2513411738986959
0.348156265937131	0.40098339324473403	0.250860340818135
0.3481488561073028	0.40035330768428246	0.2514978362084149
0.34785459000915236	0.400913503857435	0.25123190613341273
0.3483158585996591	0.4006532321846062	0.25103090921573484
0.34855123660873155	0.4008143258681295	0.2506344375231391
0.34767121188873784	0.40015348954153446	0.2521752985697278
0.34801207889398816	0.4014243056178548	0.2505636154881571
0.34845010611250443	0.4007733728712128	0.2507765210162829
0.34817276594148694	0.40117015294426306	0.25065708111425006
0.3485380850998833	0.4000578829791026	0.2514040319210142
0.34850368842691326	0.4010963890833005	0.2503999224897864
0.3487975389973002	0.40106689051693767	0.25013557048576224
0.34855160789059164	0.40058565502152266	0.25086273708788587
0.347501863363864	0.4002809033776417	0.2522172332584944
0.34758957441611926	0.40049782049699967	0.2519126050868812
0.3471826689981133	0.402176566666189	0.25064076433569776
0.3482742110914696	0.4012451827620514	0.2504806061464791
0.3473489058398434	0.401871859137025	0.2507792350231317
0.3474099662096421	0.4009569451770666	0.2516330886132914
0.34799784560341696	0.4016381529819599	0.25036400141462334
0.3485790827397023	0.4003140136512679	0.25110690360902993
0.3474749044172474	0.40197666982551317	0.25054842575723957
0.3476343668233504	0.4012563013492561	0.2511093318273936
0.34770100965454953	0.40009724846560885	0.25220174187984173
0.3472531901424533	0.4017330354242532	0.25101377443329365
0.3484505065594514	0.40149472223483174	0.25005477120571695
0.3486248451492918	0.4013443791820832	0.2500307756686251
0.3474259833604582	0.40047849371427086	0.25209552292527104
0.3480154387032796	0.4007141002239443	0.2512704610727762
0.3485569448845352	0.40170238780191975	0.24974066731354516
0.3487039389361953	0.40180670968010657	0.24948935138369827
0.34832317592448714	0.4000816905101592	0.25159513356535385
0.34811952103093385	0.40136090926198126	0.250519569707085
0.34875960847702087	0.400238834096142	0.2510015574268372
0.34744286590032875	0.4019257362291905	0.25063139787048094
0.3486256915941904	0.40177504734646174	0.249599261059348
0.3483465304742881	0.40038578507007916	0.2512676844556329
0.34895720974171135	0.40159720406518884	0.24944558619309995
0.34857086665491505	0.40139460166247015	0.2500345316826149
0.34737022706574056	0.4016348960809097	0.25099487685334987
0.3477237459920021	0.40108121821224074	0.25119503579575725
0.34893960556702697	0.4013369432223609	0.24972345121061218
0.34799919243544114	0.40187006188668944	0.2501307456778695
0.34825600031694104	0.4017073839822342	0.25003661570082486
0.34771056824336377	0.401715296171153	0.25057413558548336
0.34876497640601206	0.40040786260222316	0.25082716099176483
0.34797381435280617	0.40059393451383696	0.251432251133357
0.3485277228268375	0.4018153143273375	0.24965696284582506
0.3475143769122002	0.4010730756826735	0.2514125474051264
0.3489780741643446	0.4011189680951964	0.2499029577404591
0.3483442488931136	0.4015952006667778	0.2500605504401088
0.34754448846673125	0.40208216813332304	0.2503733433999458
0.3475372323487031	0.4011729856785231	0.25128978197277385
0.34873017183604593	0.4002431375105654	0.2510266906533888
0.3482755668203946	0.40216358145243714	0.24956085172716835
0.34889115305508084	0.4004394985795625	0.2506693483653568
0.3481874296079544	0.4013578548289096	0.25045471556313614
0.3478083268549318	0.4015215085510715	0.2506701645939968
0.3475984966096152	0.4016110680359235	0.2507904353544614
0.3480512892218716	0.40190797992137767	0.2500407308567508
0.3474019655360635	0.4018459401323515	0.25075209433158513
0.3476264142147898	0.4003534016908062	0.25202018409440413
0.34757429357911124	0.4010094678550984	0.2514162385657905
0.34838679352884416	0.40060506436555876	0.25100814210559713
0.34716786621758716	0.40208997848070815	0.25074215530170485
0.3472473270463701	0.4010422589484654	0.2517104140051646
0.3483661988154547	0.40044609675029075	0.25118770443425464
0.3476670976831318	0.40030096550477	0.25203193681209823
0.3482169239019945	0.4003957226449244	0.2513873534530812
0.34726567202339154	0.4013477044431715	0.25138662353343705
0.34784658759130527	0.4018643485715281	0.25028906383716676
0.34732631402048725	0.4011213286864837	0.25155235729302916
0.3488925390986979	0.4009910514808354	0.2501164094204668
0.3471152783061461	0.4005183848121977	0.25236633688165633
0.3473945516108349	0.4008947750350017	0.2517106733541635
0.3474324059111556	0.4017777697280468	0.2507898243607977
0.3478624375398006	0.40201282677853684	0.2501247356816627
0.3471706967621379	0.4010291449146578	0.25180015832320435
0.34849331946416073	0.4000816255154417	0.2514250550203977
0.3484113636916276	0.4011656981291077	0.2504229381792648
0.3477399720383777	0.40151010101218476	0.25074992694943765
0.34813193037604884	0.4007510784056427	0.25111699121830855
0.3482631939539958	0.4020390018428652	0.24969780420313914
0.3478025187210972	0.40018481138387585	0.25201266989502713
0.34846127950053923	0.4019108804238348	0.24962784007562605
0.3477002934291616	0.4018137014282372	0.25048600514260133
0.34757849531824686	0.40162850423318686	0.25079300044856645
0.3489408658186781	0.4013993272689108	0.2496598069124112
0.3480485948575939	0.4011494308354968	0.2508019743069094
0.3476047145888138	0.40099863175053263	0.25139665366065367
0.34729698198446546	0.40193883524868673	0.25076418276684787
0.3482830378135424	0.40039682190389586	0.25132014028256183
0.34792335501839133	0.4006575184777542	0.2514191265038545
0.347482127379677	0.40051526218781863	0.2520026104325045
0.34770983386408905	0.4019800514151658	0.2503101147207452
0.34853372880043443	0.40050301337294186	0.2509632578266238
0.34756015925280254	0.40043901866685366	0.2520008220803439
0.3485053703769041	0.4012975411468708	0.25019708847622524
0.3475805293153347	0.4018923394332419	0.25052713125142356
0.3489544131134844	0.4009886579599406	0.2500569289265751
0.3470958994418316	0.40155840921172276	0.2513456913464457
0.3475710220889676	0.4012060443867494	0.2512229335242831
0.34811879375609744	0.4019904825371896	0.24989072370671306
0.3487585936318245	0.4014933372826144	0.24974806908556124
0.3489463356494509	0.40099499971365316	0.2500586646368961
0.34771719126446515	0.4007943408375754	0.25148846789795953
0.34779480251583705	0.40055400807142594	0.2516511894127371
0.34763813102779956	0.40118170472979114	0.2511801642424094
0.3479360068405648	0.4003626481590964	0.25170134500033897
0.34835657660144526	0.4001296811248495	0.2515137422737054
0.34765594590311444	0.4005036893858531	0.25184036471103255
0.3488200106383095	0.4013115179419541	0.24986847141973656
0.34719474190372923	0.40131312820792575	0.25149212988834513
0.3476795663413196	0.40211280765714313	0.25020762600153745
0.3480151767761709	0.40174692310252547	0.2502379001213037
0.3476238034623419	0.4001685426682874	0.25220765386937083
0.3474614521872359	0.40124941739400594	0.25128913041875833
0.34754634331080103	0.4008541528083204	0.2515995038808787
0.3487652182607011	0.4015959532717166	0.24963882846758237
0.3486222791634449	0.4011909812187716	0.2501867396177836
0.34715416497440926	0.4020975613231704	0.2507482737024204
0.34782648914512293	0.4009020292021165	0.2512714816527607
0.34751111234310983	0.4016832599961585	0.2508056276607318
0.3481034400813377	0.4020949615450918	0.24980159837357066
0.34853205420804845	0.40098569563194386	0.25048225016000786
0.3482708593579704	0.40080040719486837	0.25092873344716127
0.3489843697293932	0.40099622010533165	0.25001941016527524
0.3474035485796958	0.4009407410998591	0.2516557103204452
0.3484345339601529	0.4008993518966177	0.25066611414322953
0.3471615014784392	0.4008864251226613	0.2519520733988996
0.34780263648162485	0.40070310341651316	0.2514942601018621
0.3475768953386445	0.40209124695514514	0.25033185770621047
0.3479615490011009	0.4017819156931844	0.2502565353057148
0.3484830210857503	0.4009860579747565	0.2505309209394933
0.34820835533543115	0.4011452583808854	0.2506463862836836
0.3479646967675897	0.4004870655016831	0.2515482377307273
0.34720647384220155	0.40139150728510725	0.25140201887269126
0.34896000421699397	0.40158810929111766	0.24945188649188849
0.34891018828550063	0.40093403068622746	0.2501557810282721
0.34717790902523005	0.4009419261240188	0.2518801648507513
0.347260539936855	0.4012674992307495	0.2514719608323956
0.3480315171115507	0.400282200106147	0.2516862827823023
0.34755581688628273	0.402190066237357	0.25025411687636046
0.3477541391754188	0.40161041692374033	0.250635443900841
0.3483983087120883	0.4020999194646056	0.24950177182330618
0.34773962196157987	0.40068335075047945	0.25157702728794085
0.34721178796896734	0.40217332774961617	0.25061488428141654
0.3484676092803684	0.4020817115830297	0.24945067913660204
0.3472617825171266	0.401612836784375	0.2511253806984986
0.3476783601512328	0.4007224827161273	0.25159915713264
0.3473382615572716	0.4017941963494769	0.25086754209325157
0.3488569752731579	0.4005075122031476	0.2506355125236946
0.3481768107845263	0.40163544132657036	0.2501877478889035
0.3477852292869077	0.4004555707585816	0.2517591999545108
0.3475848286030862	0.4007420149452765	0.2516731564516374
0.3476149551517376	0.4017500242359142	0.2506350206123482
0.34843929652821676	0.40148894177405997	0.2500717616977234
0.3479095173739019	0.40215914189488433	0.2499313407312139
0.3474455774013228	0.40066244464421263	0.25189197795446466
0.3476609581238885	0.4018852083562219	0.2504538335198897
0.34731248126256326	0.40094879627579183	0.251738722461645
0.34745517901886225	0.40160162030652286	0.25094320067461495
0.34711918198067904	0.40148203134278376	0.25139878667653737
0.34863021467831296	0.40133505300679073	0.25003473231489637
0.34865754583581376	0.4009396050406262	0.25040284912356015
0.34784221166926044	0.4017317555717045	0.2504260327590352
0.3474088772934512	0.400791354665921	0.25179976804062787
0.3479784229249561	0.40219293256995026	0.24982864450509373
0.34811436367144405	0.4003720035461993	0.2515136327823568
0.348125161898311	0.4002826749428575	0.2515921631588316
0.34858843014789626	0.4011783838527592	0.25023318599934463
0.3475315952104634	0.40020676933277116	0.2522616354567656
0.3475791146477121	0.40072548919357176	0.2516953961587163
0.3486937048692212	0.4005857384403302	0.25072055669044874
0.34861657902051796	0.40158953161097943	0.24979388936850275
0.34734807497723835	0.40169015944978465	0.2509617655729771
0.34796090844913463	0.4014038703128578	0.25063522123800774
0.34878712989687316	0.40058335947060736	0.2506295106325196
0.3479238105027096	0.4017393323564657	0.2503368571408248
0.34894427449140675	0.4010896601576808	0.24996606535091254
0.34845342867471224	0.40172545769590456	0.2498211136293833
0.3475477422141692	0.4018520882777293	0.25060016950810166
0.34887862791973884	0.4015785583137332	0.2495428137665281
0.34717334221487844	0.4010162747717624	0.2518103830133593
0.34799341878622747	0.40149692014405414	0.25050966106971845
0.34868870076990166	0.40067850858478604	0.2506327906453124
0.34819654007516043	0.40206834684414156	0.24973511308069812
0.34730204565658096	0.40150639836357943	0.2511915559798397
0.34837941403866346	0.40152652665531047	0.25009405930602624
0.347538773308771	0.4016284558904352	0.2508327708007939
0.3477194658846004	0.40078293661840336	0.2514975974969963
0.3489715309780371	0.40124140770174843	0.24978706132021455
0.34758187168098903	0.40115377366721805	0.25126435465179303
0.3476305446287149	0.4009190883034027	0.2514503670678825
0.3486849470112952	0.4007071583338413	0.25060789465486355
0.3472759902065529	0.40105420877023823	0.251669801023209
0.3483645027821237	0.4001581776557611	0.2514773195621152
0.34863633333530797	0.401657751408438	0.24970591525625413
0.34828298400867264	0.4001000618718494	0.2516169541194781
0.3485772231050871	0.40166290528013304	0.24975987161478
0.34793607178749775	0.40092501112240087	0.2511389170901015
0.34865930701516473	0.4011307561210465	0.2502099368637889
0.3478091002428597	0.4011426362581561	0.25104826349898424
0.34773070898471586	0.4019070474229183	0.2503622435923659
0.34718309504884515	0.4012581855665577	0.2515587193845973
0.3478232254775343	0.4004051386488583	0.2517716358736075
0.3479513307137457	0.40044683052366653	0.2516018387625879
0.3484908528628271	0.4011883386077397	0.25032080852943334
0.34732375328594195	0.4009125309216932	0.25176371579236495
0.3484534991450127	0.40172515266920444	0.24982134818578297
0.3476757197843225	0.4012335117080148	0.2510907685076629
0.34744971006259706	0.4014054848704561	0.251144805066947
0.3481318642711292	0.4020665062894129	0.24980162943945805
0.34816604679538743	0.4021903699853233	0.24964358321928937
0.3480181390729681	0.4013996930767319	0.2505821678503001
0.3488801202994283	0.4005866186868014	0.25053326101377044
0.3486218685327182	0.4009918696949667	0.2503862617723152
0.34746766955877195	0.40089564965622326	0.2516366807850049
0.3475805743478624	0.4014893072788634	0.2509301183732743
0.34754808528800857	0.4006000487144946	0.2518518659974969
0.3485157033655529	0.4019953658957718	0.24948893073867548
0.34733815184939293	0.4009436352463257	0.2517182129042815
0.34826527834857085	0.4017222065629736	0.2500125150884557
0.3472277111951001	0.40166061021556443	0.25111167858933564
0.3480814727852385	0.4000745538763055	0.25184397333845615
0.3486301205985704	0.40138368170350847	0.24998619769792127
0.34817410638740187	0.4008416076659819	0.25098428594661626
0.3485264676380037	0.4004509443712529	0.2510225879907435
0.34717647598392537	0.4020745156187251	0.2507490083973497
0.3486556905532714	0.40073674570886986	0.2506075637378589
0.3487537642884591	0.40042067428321104	0.2508255614283299
0.34832655416675273	0.4004687894490445	0.25120465638420286
0.348040797700328	0.40122042676667374	0.2507387755329984
0.3486450776232693	0.4009842571848592	0.2503706651918717
0.3488729114038984	0.4009638532338414	0.25016323536226026
0.3481418617193489	0.4020127093461575	0.24984542893449374
0.34745352100578897	0.40064531280921684	0.25190116618499436
0.34875943126032455	0.40011351808863044	0.2511270506510451
0.3473080534765001	0.40059929478567025	0.2520926517378297
0.34758818261372904	0.40061229896485673	0.25179951842141435
0.34752205348928483	0.40158576417922476	0.25089218233149047
0.34747897124034044	0.4010485623948762	0.25147246636478354
0.3485242370903943	0.40087251019709236	0.2506032527125135
0.3480205088796927	0.4013185574338048	0.2506609336865026
0.34767569853860164	0.4007599424797532	0.2515643589816452
0.3489115947478356	0.4011607160464429	0.24992768920572161
0.348076614663256	0.4003861955461606	0.2515371897905835
0.3471421424232747	0.4007675968354943	0.2520902607412311
0.34873616785887074	0.4011655176361141	0.2500983145050153
0.3482295777151917	0.40064887005845884	0.2511215522263496
0.3479712816558446	0.4020910069924425	0.24993771135171297
0.3484382122234318	0.4010608773169812	0.2505009104595871
0.34787231329645996	0.40060739394938644	0.25152029275415366
0.34848967519205803	0.4000955659106733	0.2514147588972687
0.348410299282857	0.40176388833780563	0.2498258123793375
0.3485012930341695	0.40029182857597306	0.25120687838985756
0.34746421068431727	0.4019960827379139	0.25053970657776903
0.34826795298414814	0.4018498955747971	0.24988215144105488
0.34758504318331435	0.40064329441911684	0.25177166239756893
0.348714984560184	0.40034926641830726	0.2509357490215089
0.3486576045398529	0.4011701625381452	0.250172232922002
0.3481843144017848	0.4017695916147044	0.25004609398351096
0.3475827612730085	0.40138827022035833	0.25102896850663325
0.3487049375949381	0.4013519102904684	0.24994315211459361
0.34847080074234094	0.4011368237820068	0.25039237547565235
0.3477643451597742	0.40150801726166685	0.250727637578559
0.3487344504792446	0.4012571576039581	0.2500083919167974
0.3471006765064223	0.40207749767537954	0.25082182581819823
0.34867502368028985	0.40045602029885624	0.250868956020854
0.34827696799989166	0.4010318473684175	0.250691184631691
0.34838983896582487	0.40016414652641513	0.25144601450776016
0.3488537854772481	0.40158622276768363	0.24955999175506843
0.34827173499650904	0.4011358458748062	0.25059241912868485
0.34853342104407314	0.4019711843232594	0.24949539463266757
0.347479853222686	0.40134009689416505	0.25118004988314907
0.34835576136203766	0.4001724313568876	0.25147180728107477
0.34830540569459306	0.40138814900398373	0.2503064453014233
0.3483400721119361	0.4020311808483645	0.2496287470396995
0.3482412127774829	0.40173378860312553	0.2500249986193917
0.34846520291807487	0.4005581158261179	0.2509766812558073
0.3472864844134082	0.40155393735651473	0.2511595782300772
0.3481944331666348	0.40147421918051707	0.25033134765284826
0.34817212019561544	0.4010180976539689	0.25080978215041577
0.3482316068373275	0.40005929909946425	0.25170909406320835
0.34724978241295756	0.40053191536342636	0.2522183022236162
0.34798412445675453	0.40051741784145256	0.251498457701793
0.34821458775187364	0.4002759355087132	0.25150947673941326
0.3476638720669131	0.40055963061633615	0.25177649731675084
0.3475613360577671	0.4003717031304932	0.25206696081173974
0.3486062020437828	0.4004556714822754	0.2509381264739419
0.34797017266059765	0.40157321657622463	0.2504566107631778
0.34764202624934365	0.40112057976415916	0.25123739398649736
0.34824407312199657	0.400443268584491	0.25131265829351257
0.3471596511363412	0.40137784167465307	0.2514625071890058
0.3479117001384528	0.40098567195080653	0.2511026279107408
0.34748485668676715	0.4010047637141625	0.25151037959907047
0.34737705494837096	0.40069639406660157	0.2519265509850276
0.3479384663755355	0.4005124733521202	0.2515490602723444
0.34896185553409387	0.40054962824111984	0.2504885162247864
0.3484169000335169	0.4010125840199592	0.2505705159465241
0.3472686928697596	0.4004768971345763	0.25225440999566423
0.34896073936790617	0.40013735464855626	0.2509019059835377
0.3480884246338274	0.4001561625304293	0.25175541283574343
0.34753820762387644	0.401583452163494	0.25087834021262967
0.34732483922108714	0.4021852439686372	0.25048991681027577
0.3483030731963949	0.4021157352314798	0.24958119157212535
0.34757057753855464	0.4009842968079332	0.2514451256535123
0.3478512430706014	0.40079939532516995	0.2513493616042288
0.34781671241342155	0.40035538644880175	0.2518279011377768
0.34736849181705487	0.40169995205160086	0.25093155613134444
0.34753728744173434	0.4001656424750205	0.2522970700832452
0.3478026702796412	0.4009506937542202	0.2512466359661387
0.34806009252504705	0.4011328376981914	0.25080706977676165
0.347926320503663	0.4002528099262678	0.2518208695700693
0.3474470692514483	0.40112403997675256	0.25142889077179925
0.34788814680936203	0.4010559736798982	0.2510558795107399
0.3470828761730564	0.40150401499047467	0.25141310883646906
0.34713493531160794	0.4014048298116728	0.2514602348767193
0.34822228810015593	0.40015260436934147	0.2516251075305027
0.3478759577891429	0.40015462264499363	0.25196941956586355
0.34889232783248136	0.40083110272594114	0.2502765694415776
0.3481793975249444	0.40032021254021627	0.25150038993483936
0.3479174334493437	0.40122527976119216	0.2508572867894642
0.3479736851328748	0.40095490854493326	0.25107140632219205
0.34741646921302316	0.4015178262589836	0.25106570452799337
0.34720269310671936	0.4012107943861693	0.2515865125071115
0.3479751460301982	0.40137910461557935	0.2506457493542226
0.3481445415983508	0.4011973746235908	0.25065808377805854
0.347170226878188	0.4007518725583503	0.2520779005634618
0.34829037361588994	0.40012970591815983	0.25157992046595035
0.3480900899665964	0.40062657315864075	0.25128333687476295
0.34833158454834107	0.40194005683901046	0.24972835861264855
0.34846774507779066	0.40056824627616416	0.25096400864604523
0.3474556173819575	0.4017302494096734	0.2508141332083692
0.3472021922681156	0.4010241459445697	0.2517736617873148
0.3485484192558164	0.4006058425816943	0.2508457381624894
0.3475152972022864	0.4015900754034513	0.2508946273942624
0.3488412915691724	0.40067319980650284	0.2504855086243249
0.34898705911169065	0.40112340941690067	0.24988953147140883
0.34729962992382424	0.4009926294996087	0.2517077405765672
0.34710809522830677	0.4013172946784098	0.2515746100932835
0.3483355343581857	0.4000775354903654	0.25158693015144895
0.34722653010305765	0.4008988387308223	0.25187463116612013
0.34735281694098913	0.4017501220616597	0.2508970609973512
0.3481949034344135	0.4019719180647997	0.24983317850078696
0.3489895845325523	0.40084977300237007	0.25016064246507774
0.3472452953040833	0.40110656894074415	0.2516481357551726
0.34714571430578844	0.4012656183634292	0.2515886673307825
0.347138030720251	0.4014862945236476	0.2513756747561015
0.34802390521661497	0.4013108962521772	0.25066519853120794
0.34844119705073134	0.4011329673747369	0.25042583557453185
0.34764507702029607	0.401075483400243	0.251279439579461
0.34801049680375995	0.40107422037532625	0.2509152828209139
0.3477149385446421	0.40151126762567757	0.25077379382968046
0.34805598457507875	0.40137344526062213	0.2505705701642992
0.3473346170796803	0.4015782651475218	0.25108711777279796
0.3480829402529011	0.4007254647382695	0.2511915950088296
0.3478102853930406	0.40140362212257674	0.25078609248438277
0.34866194181389054	0.40189302240970615	0.24944503577640348
0.34736664332950123	0.4004668793103745	0.25216647736012443
0.34740733045610395	0.4018175563091447	0.2507751132347515
0.3485414342468084	0.4010098269264688	0.2504487388267229
0.3479619052587574	0.4006428349067671	0.2513952598344756
0.34735936615203516	0.4016733078746627	0.2509673259733022
0.3471119300824415	0.40204413332617245	0.25084393659138615
0.3473696895403684	0.4016409071046352	0.2509894033549966
0.3475925215400551	0.40208900716374685	0.2503184712961981
0.34729747552345175	0.40123868603145646	0.2514638384450919
0.3473572363767453	0.40147964454409635	0.25116311907915845
0.34871608133284393	0.4007780708812231	0.2505058477859331
0.3473523310287443	0.40137140082432177	0.25127626814693405
0.3477109031953576	0.4011085094768523	0.25118058732779025
0.34814575485388344	0.4014125881420077	0.2504416570041089
0.3488372217728389	0.4009801540341281	0.25018262419303317
0.3479510511228097	0.4010865642723029	0.2509623846048875
0.34781175044662205	0.4016726652326567	0.2505155843207213
0.3489414269289197	0.4006615106028014	0.250397062468279
0.34819514893383063	0.40049923007554017	0.25130562099062936
0.3484670220720077	0.401118366237154	0.2504146116908384
0.34812067982378897	0.4019848355426675	0.24989448463354363
0.34752691075319153	0.4020766164755407	0.25039647277126786
0.3484115392570023	0.40195884086506994	0.24962961987792792
0.347644406980774	0.40056469469171374	0.2517908983275124
0.34725936403281116	0.4012604640148676	0.2514801719523213
0.3473059017008247	0.40155919867806433	0.25113489962111113
0.34741791625414575	0.40108008196162637	0.251502001784228
0.3476848554789877	0.4013702036605037	0.25094494086050867
0.348271655054856	0.40105941723419386	0.25066892771095023
0.3472511718085089	0.40204140322166076	0.25070742496983045
0.34829931587002483	0.40146633474228255	0.2502343493876927
0.3474283744687283	0.4011285748717762	0.2514430506594956
0.3477253421408333	0.4016955053135651	0.2505791525456017
0.34839865099602246	0.40113712151408454	0.2504642274898931
0.3479499499231056	0.40066186031513423	0.25138818976176036
0.3475250737789736	0.4013498419211686	0.2511250842998579
0.3474701294283327	0.4002443318394888	0.2522855387321786
0.3486772928249637	0.4007173938763843	0.2506053132986522
0.34730664375152087	0.4016014469346239	0.25109190931385533
0.34809230059901963	0.4005770332257241	0.2513306661752564
0.34876080586579117	0.4006320540366892	0.2506071400975197
0.3489089745802056	0.4000570333915117	0.2510339920282828
0.34815186496278605	0.4005669054963559	0.2512812295408582
0.34832664055473883	0.4005064784217092	0.25116688102355206
0.3474410671128805	0.40031580615076934	0.25224312673635024
0.34716161935251	0.4011208048742309	0.2517175757732592
0.3483224322078582	0.4005183347841259	0.25115923300801596
0.34818866855206987	0.4006378618295823	0.25117346961834797
0.3471089894274472	0.4014442770337989	0.251446733538754
0.34855656285421494	0.4011680048162679	0.2502754323295173
0.3471929798962273	0.40148277170799507	0.25132424839577766
0.3476282034568392	0.4002019112281763	0.25216988531498463
0.34708332771456996	0.40147600370211645	0.2514406685833137
0.34745880148941954	0.4009313648271171	0.25160983368346346
0.3488212350210078	0.40007974671766017	0.2510990182613322
0.34761404426397435	0.40188696924416173	0.2504989864918641
0.3480513013092273	0.4018661365371372	0.25008256215363556
0.34715307009916735	0.4014993131151515	0.25134761678568124
0.3484488337281445	0.4000751289428041	0.25147603732905155
0.3488950203832641	0.4009306041192233	0.2501743754975127
0.34766445391507533	0.4004272051240212	0.25190834096090353
0.34731154631897543	0.40079169118496494	0.25189676249605975
0.3471895385739158	0.4009233969427121	0.25188706448337217
0.3484459037557296	0.400678045242848	0.2508760510014225
0.3477127916903125	0.40071217082656524	0.2515750374831224
0.34840971967689627	0.4007280644657851	0.25086221585731877
0.34828841561095086	0.40195696719153867	0.24975461719751058
0.3474068604262432	0.4014464815940941	0.25114665797966285
0.3489113923639571	0.40099639166014317	0.2500922159758998
0.3476695245268858	0.4010256278891925	0.2513048475839218
0.34708933004716336	0.4021137083248767	0.25079696162796
0.34841585939546194	0.40178897329419017	0.249795167310348
0.34875896020523417	0.40106192879264563	0.2501791110021203
0.34816234696316145	0.4007706595171928	0.2510669935196458
0.3471897687655392	0.4019431792861613	0.2508670519482996
0.348898437802759	0.40049739417370805	0.2506041680235331
0.34748506338492663	0.4020532583940208	0.2504616782210527
0.34830948710454857	0.40153320106288704	0.2501573118325645
0.3485964927786413	0.400087437289876	0.2513160699314828
0.3473957271169191	0.400938634956922	0.25166563792615904
0.34800739580825996	0.40193435082607587	0.25005825336566434
0.3471991617331093	0.40058024226474165	0.2522205960021492
0.3488129505323652	0.401537635129093	0.2496494143385419
0.34825537905720166	0.40157776036369675	0.25016686057910165
0.348317796262004	0.4021033759054104	0.2495788278325857
0.3489855457754159	0.40155562656457017	0.249458827660014
0.34776115980535793	0.4013607461049462	0.25087809408969597
0.3488767733436515	0.4008399621558752	0.25028326450047333
0.34839654410436977	0.4009689992592701	0.25063445663636025
0.34882047040118275	0.4004708863597476	0.2507086432390698
0.3489411512588137	0.4002571625374589	0.25080168620372756
0.34851307416616106	0.4017941387509979	0.24969278708284112
0.34770819581397994	0.40057531429629323	0.251716489889727
0.3486483747976725	0.40032146952127956	0.25103015568104803
0.3473732268406643	0.4006214390215693	0.2520053341377665
0.34780693719536016	0.4005916170926108	0.25160144571202914
0.3483857542098843	0.40010962244861553	0.25150462334150026
0.34814166629424875	0.4009791227885565	0.25087921091719484
0.3477264190484516	0.4006338200777223	0.2516397608738262
0.34734552542132513	0.40175011212262374	0.25090436245605124
0.34764152174581453	0.40211885844323314	0.25023961981095244
0.3474415938127472	0.40146318555811156	0.25109522062914136
0.34819442915826315	0.40168408687743273	0.2501214839643042
0.34874410044804344	0.4010795626429276	0.2501763369090291
0.34852569113232235	0.4000654357172224	0.25140887315045535
0.34785672707322085	0.4008976948846271	0.25124557804215214
0.34804644987263234	0.40099089978830565	0.25096265033906207
0.3485934707800693	0.4003528445456811	0.25105368467424966
0.34770296297674075	0.4002138776338211	0.2520831593894383
0.3476774752376062	0.4001892494664179	0.252133275295976
0.3482334148274312	0.4007688240243815	0.2509977611481874
0.34725982462938143	0.40165336186080547	0.2510868135098132
0.34824869433018524	0.4018211270018336	0.24993017866798128
0.347755878604578	0.40046552049288026	0.25177860090254184
0.3486728058668671	0.4003088080268014	0.25101838610633165
0.3472888503882033	0.40196902233434895	0.2507421272774479
0.3484399991612293	0.4003305855048107	0.2512294153339601
0.34804092809598636	0.4005839506151412	0.2513751212888726
0.3487984505810609	0.40019457422749993	0.2510069751914393
0.3477026709346913	0.40036875513494985	0.25192857393035895
0.3481213979966458	0.4002327264523856	0.2516458755509686
0.3479050718676018	0.40058684009814227	0.25150808803425606
0.3472662115419711	0.40131511191674063	0.2514186765412884
0.3474305108269152	0.400730223805866	0.2518392653672189
0.34786759545528195	0.4008423694589816	0.25129003508573655
0.34837997302777024	0.40195268801277917	0.2496673389594507
0.3481056604210022	0.4020300582753105	0.24986428130368735
0.3484661142638807	0.40011194103964887	0.2514219446964705
0.3486968452866144	0.4017106631387685	0.24959249157461724
0.34744174933782185	0.40179062426741186	0.2507676263947664
0.3481469257640973	0.40077143650784386	0.25108163772805897
0.34831081901995037	0.40065293247955797	0.2510362485004918
0.3476966851148944	0.4012860093322833	0.2510173055528224
0.3483197037599751	0.4011932437959215	0.2504870524441035
0.3485464459037617	0.4008597528000245	0.2505938012962139
0.34719401175418185	0.4009975927991022	0.25180839544671607
0.3474564678130908	0.4005452244177634	0.2519983077691459
0.3485333383135278	0.40173033206253217	0.24973632962394016
0.3483788532656483	0.4017107332963743	0.2499104134379775
0.3480079719691058	0.4000851118604903	0.251906916170404
0.34751542561318516	0.4002552669427074	0.25222930744410754
0.3481649914353447	0.4009257284770729	0.2509092800875825
0.3477906928714322	0.40075183029323075	0.25145747683533715
0.3484751426841216	0.40048512066179426	0.2510397366540842
0.3488907482602319	0.4005317307498203	0.2505775209899479
0.34715614977433745	0.40199219125181074	0.2508516589738519
