0.09463689748893118	0.05882816889105373	0.09068184499908669	0.23927116727701564	0.12234885319951878	0.13158333739761288	0.06563557261160091	0.19701415813517997
0.09496352653149744	0.05822199874626394	0.0903442859544423	0.24017636015571547	0.12238547635360217	0.13129857621491497	0.06561161723847891	0.19699815880508456
0.09502675823373663	0.058118479047710836	0.09087692441989878	0.24055214373471911	0.12239122956779049	0.13131566286496216	0.06544838329848957	0.19627041883269225
0.09610636867457013	0.05714097924889626	0.09042644529266074	0.2400823103826484	0.12236509976374528	0.13154327043603917	0.06532826973013917	0.19700725647130066
0.0957729246208141	0.05801609860928693	0.09047173157446715	0.24102709979133685	0.12236752968666581	0.13138082293905934	0.06518170149589307	0.19578209128247656
0.09389772993628755	0.058832494867808616	0.09091610985021639	0.24022283657783094	0.12236783923435503	0.13129316030165397	0.0653443412143283	0.19712548801751897
0.09570547180892443	0.05870873912066048	0.0906327148996793	0.23927696259795703	0.12236793086874907	0.13136480868107273	0.06529133373098031	0.19665203829197647
0.09534161814234451	0.058121262400464946	0.09059512338430789	0.23897216153543768	0.12238873474732528	0.1315500467650569	0.06527692274956862	0.19775413027549396
0.09417804435956577	0.058889308151641534	0.09082608370573836	0.2395987881169907	0.12235429970176889	0.13124429836360813	0.06566534270050312	0.19724383490018332
0.0951033393225879	0.05866553863775492	0.09074245046304769	0.23957957787746242	0.12236309963800131	0.13135412628269752	0.06518105399833117	0.19701081378011687
0.09473163706965063	0.057730280648497	0.0907997629415221	0.23980831207615314	0.12238308960913802	0.13155144840319938	0.06556416842833568	0.19743130082350385
0.09416005590153914	0.057908586400486683	0.09062012188728322	0.24091282489920418	0.12236124267644616	0.13129169211043706	0.06579035910126753	0.19695511702333582
0.09513483254370159	0.05640325438282502	0.09072318590773111	0.24114681738108296	0.1223596127704533	0.13131243956734656	0.06518562806265116	0.1977342293842081
0.09490505076943002	0.056666852183478306	0.09034544736029498	0.24168994655659287	0.12238580345169672	0.13127406007339704	0.06547683970116971	0.1972559999039401
0.09455570914142997	0.05681365704205962	0.09044126625395695	0.24240959691707137	0.12238548811621901	0.13151183732448474	0.06551299437313796	0.19636945083164017
0.09534951120827645	0.05542632854808639	0.09063190142692143	0.24241223687008068	0.12237205508624971	0.13136581767144598	0.0655295489843146	0.19691260020462453
0.09487594517690943	0.05500576996700329	0.09091035095864976	0.24382023018991877	0.12238790098952412	0.13130159547292827	0.0650824907772932	0.19661571646777293
0.09487542833582248	0.055961930922315245	0.09083532633017924	0.24198144767309565	0.12237062658016842	0.13127070278572522	0.06561813242719602	0.1970864049454975
0.09513335395180347	0.05570098339546281	0.09105759623151251	0.24273649591625776	0.12236123002949001	0.1312979078397506	0.06539985121248623	0.19631258142323638
0.09659571037626641	0.05631334453633993	0.09043413064133554	0.24182366725243404	0.12237665127569858	0.13121487827109657	0.06508755880322788	0.19615405884360085
0.09604177527793517	0.05550299485171989	0.09105855125447973	0.24076061954061365	0.12235835460385493	0.13150576425490626	0.0657322612436693	0.19703967897282088
0.0957923431404492	0.05727739457623157	0.0908186811592184	0.2411013116996082	0.12235014680768569	0.13125681258512192	0.06534642050935145	0.19605688952233336
0.09657422266026376	0.055769217081934136	0.09046878124266006	0.2407155051651241	0.12234913020563949	0.1315298852552193	0.0657513113859387	0.19684194700322022
0.09531340796079271	0.055535991807285745	0.09092908814802912	0.24257450822143306	0.12234749530730475	0.13129245760539224	0.06508356167334278	0.19692348927641937
0.0963133244216578	0.055172997731186224	0.0906280474577205	0.24194946340630322	0.12235057458365735	0.1313984954662985	0.06569773270837462	0.19648936422480157
0.09626987523090035	0.05504354664856381	0.0907253325306787	0.241495156961804	0.1223765191205228	0.1315254104496815	0.06569474942477495	0.1968694096330737
0.09636585507541148	0.05442344361766499	0.09053050433230926	0.24145789302561474	0.12235418013811941	0.13144342178916546	0.06554078936236604	0.1978839126593484
0.09651108255457874	0.054563606621271826	0.09086657454565619	0.2407198752270006	0.12234757880813112	0.1313567112437959	0.06569500764840389	0.19793956335116153
0.0958280659413128	0.055300298843296306	0.09084024002670604	0.24065711436449527	0.12235963744639058	0.13153964501534637	0.0656840765317877	0.1977909218306647
0.09567584532507772	0.05563561535217068	0.09089625075175517	0.24180101522998268	0.12235390321028637	0.13136760396891142	0.06563184136874026	0.1966379247930755
0.09609481760287855	0.05500098688757464	0.09050942267775883	0.242449149023508	0.12237020106564672	0.13131017047563687	0.06531815348130779	0.19694709878568833
0.09658465718262113	0.05515585336199534	0.09072314802060052	0.2426521404584906	0.12238933406451355	0.13132060272601614	0.06532334134502724	0.1958509228407353
0.09528322735283523	0.05639050111833749	0.09101953285231842	0.2418444072063605	0.12235537191465998	0.1312929833837904	0.06557103024556923	0.19624294592612856
0.0955584258407709	0.0574064970843224	0.0905909167247275	0.24076251471707816	0.12238024992974017	0.13126312306272037	0.06522038349520715	0.19681788914543313
0.09476902353236007	0.05600124613588864	0.09100576020775936	0.24274516804113422	0.12237386378946126	0.13151734270731263	0.0656582072838954	0.19592938830218823
0.09453738312730472	0.05634470870224566	0.09060603496195446	0.24300069225570536	0.12237458187992041	0.13122618936953465	0.0656505864885476	0.19625982321478697
0.09383259201245983	0.057616722265425524	0.09030696354174876	0.2418644132238858	0.12235185025832612	0.13141212403250496	0.06530466960661761	0.19731066505903114
0.09463149572556329	0.05622923483787337	0.09061890641371154	0.24191965311252578	0.12235976521779918	0.1313777602614813	0.0652002325091861	0.19766295192185923
0.09555904274475724	0.05791178476494903	0.09075633584518444	0.2405029565424105	0.12234634952396645	0.13139258322353609	0.06559672592792387	0.19593422142727218
0.09668071204727727	0.05703712054876864	0.09072857028819888	0.24023494912364526	0.1223488274021816	0.13143588003278314	0.06552856886694025	0.19600537169020474
0.09659396631382172	0.05601720071949931	0.09098414533800042	0.23967585413485237	0.12235115006749468	0.13134384906704233	0.06576923859519468	0.19726459576409425
0.0964496778026675	0.05729302270163665	0.09085142949110978	0.23997627927411988	0.12236916043082349	0.13158860239188755	0.0654906756196516	0.1959811522881033
0.0962168496127436	0.05809197216526657	0.09101542536753632	0.23890307360990076	0.12235879935344623	0.131588569788229	0.06578612011078389	0.1960391899920934
0.09588353242492713	0.05787816425662898	0.09069966261945785	0.24014863799887332	0.12238977359033432	0.1314513928620261	0.065775627525647	0.1957732087221051
0.09604032002904514	0.05824350658014209	0.09073436627324144	0.2395973268547498	0.1223444439935901	0.131282688373363	0.06523484759781581	0.19652250029805243
0.09611595464179212	0.05793017500540097	0.0905480379646125	0.23955561784905427	0.12234579167259152	0.1314598714830594	0.06552899761199647	0.1965155537714925
0.09652033835201865	0.05729858113195341	0.09051004298226671	0.2403726571366362	0.12238829844662504	0.13136143448490223	0.06543678170296965	0.19611186576262793
0.09619896222535214	0.057548276793424155	0.09066610393655528	0.239634010233216	0.12235934367432275	0.13132217101705923	0.06552807660376885	0.19674305551630136
0.09634807320454378	0.058501384975462714	0.0910309660546553	0.23906484129552885	0.12237340257627552	0.13148016699604023	0.06523961368744309	0.19596155121005035
0.09508436311509616	0.057458895655966624	0.09090599738100093	0.24093877220432186	0.12236196359493913	0.1312723159231618	0.06540572851334278	0.1965719636121705
0.09647940151437558	0.05597593881200194	0.09067785266330419	0.24010179205015067	0.12234419001856048	0.13134099517984665	0.06573961318211427	0.197340216579646
0.09570159576495163	0.05610346001405336	0.09064660000316913	0.2406476424524321	0.12238853353246452	0.13140547951846498	0.06558499323863895	0.19752169547582515
0.09663047480682596	0.05602343810191582	0.09045579822653055	0.24063250340707543	0.12238431339644118	0.13119934808061917	0.06547021410635956	0.19720390987423214
0.09624041532541933	0.054538690806701734	0.09066738459915952	0.24109942238741072	0.12239030162155433	0.13158636741284702	0.06575181949334952	0.19772559835355763
0.09552678666438662	0.05448020025563062	0.0907121048118276	0.2422765929756126	0.12236420385448732	0.13148801909462032	0.0656655383600258	0.1974865539834089
0.09452952073176414	0.05555210531781185	0.09039290511262375	0.242524312612146	0.12236390811283865	0.1314041722308496	0.06556605615431306	0.19766701972765272
0.09462565251542109	0.054959546004113444	0.09064840209955904	0.24377228175837393	0.12236529352263399	0.13128601098670076	0.06570602843473441	0.19663678467846316
0.09644634018322563	0.05478185232029095	0.09047372037557702	0.24220038815910494	0.12237982418392589	0.13157152479782308	0.06543033697299917	0.19671601300705308
0.09515925657733279	0.054528679899954	0.09101170550132781	0.24241009810330647	0.12235270656353574	0.13155601635839936	0.06538149452348294	0.19760004247266072
0.09500661856179707	0.05354597016847089	0.09044262837915545	0.24377822509537217	0.12234484150132219	0.13131550781581988	0.06564835923943868	0.1979178492386235
0.09476717991591974	0.054709966638581964	0.09062834367626607	0.24362111851337784	0.12237150821070039	0.13151479732558263	0.0653909802545666	0.19699610546500457
0.09558256449087635	0.05425754032304751	0.09043497707808404	0.2439305384178047	0.12238153412573212	0.1315891783132768	0.06528745682765966	0.1965362104235186
0.09532576425642844	0.05575039525303015	0.09030134181168531	0.24308200342132996	0.12237449445351933	0.13155798304212446	0.06511143080758025	0.1964965869543019
0.09420329844976513	0.056616472439189464	0.09072489549762514	0.24280145299095013	0.12234980809030885	0.13140664738041283	0.0656070609284796	0.19629036422326868
0.09472245603495713	0.055887035920212616	0.09073094032494863	0.24202763750899275	0.12236158774843135	0.1315195964991021	0.06537069356059542	0.1973800524027598
0.09475847694134205	0.05660198257180257	0.09039456738568724	0.24149164025609415	0.12235218380625389	0.13129586969893112	0.06548563770674391	0.19761964163314483
0.09639348808615038	0.05601872412649675	0.09039941545721805	0.24056340373777682	0.1223450481201861	0.131407639158573	0.06548811098095259	0.1973841703326461
0.0956166514625647	0.056808576431284646	0.09072423915299	0.24036719317161095	0.12235903405330734	0.1313450439814942	0.06559841460864976	0.1971808471380982
0.09548834191573044	0.05632121321706132	0.09062615395628913	0.24059585591945853	0.12236713090404694	0.13142038065477396	0.06544446028429192	0.19773646314834753
0.09589021471448002	0.05755420435143517	0.09090278684621678	0.23927357867956944	0.12234855535285574	0.13120743833885445	0.06548728454380062	0.19733593717278752
0.0943468845310013	0.0575258859631768	0.09089889092321539	0.24025945114164088	0.12234505483128613	0.1314578182289819	0.06558387649388417	0.19758213788681322
0.09478236134004528	0.05776444258636555	0.09041163242649822	0.24143018729321497	0.12236999198704765	0.13153659738028886	0.06576232938884558	0.1959424575976937
0.0942822847163361	0.05789578224993022	0.09094047133626786	0.24180323765920111	0.12237137625010427	0.13141225984021337	0.06524692689036479	0.19604766105758203
0.09420329300562692	0.057227827969404746	0.09057919499219015	0.2423318450878261	0.12236728159543861	0.13127704624604952	0.06561219352387163	0.19640131757959212
0.09447264941004149	0.05578602312236346	0.0904696088294771	0.24323528310786632	0.1223885519603431	0.13133332450608773	0.06552943003402475	0.19678512902979584
0.09491777286612321	0.05456815852642853	0.090852982383289	0.24258343405801375	0.12237083859007315	0.13133231022677977	0.06556430077025159	0.19781020257904078
0.09509376645468227	0.05433891394073176	0.09068241624934366	0.2436103398934043	0.1223567285079694	0.13150491545425186	0.06508868603192396	0.19732423346769257
0.09485245648751393	0.05630645539353003	0.09040582087553467	0.24268056740262023	0.12239056332634246	0.1312091913873113	0.0654972633599188	0.1966576817672283
0.09408442959159391	0.05713070012912419	0.09097576879355379	0.24266648394087958	0.12238380419533904	0.1312786764300914	0.06533972756977759	0.1961404093496403
0.09469807865523758	0.05624555215275351	0.09094426161734304	0.24285480624519376	0.12237489465642822	0.13127497221263737	0.06513455282029526	0.1964728816401111
0.09584641297319324	0.056210578237335815	0.09075180238939598	0.24205709276081774	0.12238225177364413	0.13125491030427253	0.06515323814813101	0.19634371341320936
0.09492271704762657	0.05810737898483152	0.09070672185279113	0.24088501876611412	0.12235762694939879	0.13145907809624172	0.06528035802657414	0.1962811002764218
0.0937406606610014	0.05833424744856411	0.09041411629359994	0.2412024573700391	0.12235104818238264	0.1314474830499888	0.06571710615831876	0.19679288083610505
0.09382938896092771	0.0585867942507448	0.09049388220305637	0.24191366284659907	0.12238085242156581	0.13131958517523004	0.06553625278939301	0.19593958135248296
0.09345693704369581	0.0585862116764114	0.09042059882131584	0.24108028283768826	0.12235192475310024	0.13141190188841484	0.06524861592591422	0.1974435270534592
0.0944696123305574	0.05890448585630584	0.090885507810263	0.23974679565632034	0.12237054970748305	0.13141002480268868	0.06558511493597935	0.19662790890040216
0.09568984527845767	0.058685469876946145	0.09103422300044518	0.239374837909026	0.12237920910652034	0.13142862673464545	0.06528159616050969	0.19612619193344932
0.09544754199432529	0.058315187365826304	0.09039025416532173	0.24058345194932773	0.12236143733787815	0.13158191662157456	0.06551940523774469	0.19580080532800131
0.09542726880187317	0.05809097786190448	0.09102227727275956	0.2405692674809378	0.12238366677322146	0.1313090374779194	0.06528185247955864	0.19591565185182527
0.09632310633143157	0.05679637150089617	0.09065949851684582	0.24031342037345285	0.12238078775696602	0.13144555076290432	0.06568190705172644	0.1963993577057766
0.0950125221599108	0.057788790954872216	0.09035700182194943	0.2410250593247511	0.12237864688343365	0.1312511272143692	0.06534656765069166	0.19684028399002174
0.09619599149259248	0.05780969332662725	0.09029993044327628	0.24023084088419322	0.12238434714551576	0.13154066801171524	0.06507352063749727	0.1964650080585823
0.0958429174726597	0.058654673473215055	0.09080778115362483	0.2396633867218032	0.12234929356686937	0.13131326037312227	0.06544155166718914	0.1959271355715162
0.09553165744066021	0.05808534350947549	0.09031473230082646	0.24059995568127052	0.12235884673664565	0.1312500263114958	0.06541537182756096	0.19644406619206473
0.09446484244092353	0.05804910489183267	0.09052399732992877	0.24051138025376312	0.12237284441099425	0.1312324605878264	0.06536236498936823	0.19748300509536285
0.09337270396641992	0.05781131106540785	0.09031108408852355	0.24154368210988073	0.12236820366013726	0.13150392751808754	0.06561509243887087	0.19747399515267205
0.09478380452327605	0.05667604613984742	0.0908460197046381	0.2407970233463419	0.12236655734552473	0.13126271911495027	0.06572190225261215	0.1975459275728092
0.0947932279014978	0.056702195346566966	0.09060339720219697	0.24167023536697674	0.12234876686484378	0.13127915709454052	0.06523156239811659	0.1973714578252604
0.09447965132412586	0.056777102059840726	0.09039823475426126	0.2416709334624738	0.12236741360362778	0.1312198292194373	0.06530554877075442	0.1977812868054786
0.09512725375797308	0.05621120241034469	0.09043883176005299	0.24119212961112657	0.12236487616931666	0.13155580646698745	0.06535478447049137	0.197755115353707
0.0938583042313462	0.05869131391829463	0.09032704339735749	0.24142315069117426	0.12235697936208294	0.1312221666569352	0.06547951318876755	0.19664152855404152
0.09462521760818757	0.058291773507852654	0.09104770736262015	0.24027722934575765	0.12236704140094563	0.1312932070930935	0.06575034876639516	0.19634747491514745
0.09311372971680607	0.05847173584286945	0.0907658527759436	0.24060618648764784	0.12237686218670404	0.1314280192035429	0.06560610509058946	0.1976315086958964
0.09471328184539315	0.0578518859659517	0.09074362562249011	0.24059805643713444	0.12235629970798104	0.131300589529827	0.0655633536624268	0.19687290722879552
0.09528180897094861	0.056432355046951044	0.09083683120274405	0.24141532789599146	0.1223741722259764	0.13150808314164927	0.06509042507857185	0.19706099643716712
0.09395396649217162	0.056738089417018744	0.09058269878201264	0.2413146553046384	0.12238508637697039	0.13148632415124656	0.0655942468817047	0.19794493259423673
0.09428480696393997	0.05814738973598066	0.09066414869085418	0.24110444742717685	0.12237060439088443	0.13149249766141996	0.06547533763811939	0.19646076749162436
0.09414286552288822	0.05625989725877571	0.09071561228972172	0.24324068452557265	0.12236892993655737	0.13158959576440088	0.06526151446806974	0.19642090023401348
0.09502806079525301	0.05494247388282093	0.09049437744066272	0.24360898143374496	0.12236404131064671	0.13123380293568718	0.06561723989488041	0.19671102230630388
0.09389917475986448	0.054931917036253775	0.09099490903423532	0.2446277220016702	0.12234989748396721	0.1315850648235245	0.06546985226309794	0.19614146259738635
0.09338122709865919	0.05533635434397806	0.09041265055591441	0.24489466088201212	0.12238752151470333	0.13149563440325826	0.06573677597953297	0.19635517522194146
0.09342567627559294	0.05470304424101129	0.09089795705724264	0.24449702148962432	0.12238561176978395	0.13124814193107276	0.0651330342556235	0.19770951298004838
0.09332314751926382	0.0550589359926911	0.09039750469546512	0.2453285139432284	0.12234984642133274	0.13132115482765983	0.06570102578770184	0.19651987081265693
0.09312759339394339	0.054052051770987763	0.09032256131283745	0.24742397348364786	0.12235231194230846	0.13122195445701762	0.06522393096587585	0.1962756226733814
0.09299595929078368	0.05410300601048128	0.09033296492950524	0.24718464021334763	0.12235930753841284	0.13124326264634048	0.06550003016960441	0.19628082920152423
0.0925305965909511	0.05431125896896179	0.09051185533426498	0.2476152034505996	0.12237684668484135	0.13128557773407873	0.06536235206964232	0.19600630916665995
0.09311041568667983	0.053818387755050615	0.09064924195707118	0.24702136703509847	0.12237465533048701	0.13129464737707036	0.0654816333145003	0.19624965154404206
0.09370691329859457	0.0537230481828999	0.09043576846951498	0.2468718772771562	0.12236769628113878	0.13124232544622386	0.06568091581138738	0.19597145523308412
0.09357922831332373	0.054670804767759276	0.09043722440192103	0.2457678210774999	0.12237198310500733	0.1315757863395493	0.0655207795667112	0.196076372428228
0.093282683639146	0.05474207029794953	0.09086038628188658	0.24607034848150808	0.12234801172469871	0.1315890321893952	0.06533469257850619	0.19577277480690958
0.09330267158799876	0.053657422523745044	0.09040842214519507	0.24753362103476503	0.12238608545423585	0.1314467041597716	0.06514025839106774	0.19612481470322068
0.09363256203162706	0.05464098367045053	0.09067937492026686	0.24590671594993008	0.12236927898359004	0.1313467508760364	0.0651586251816878	0.19626570838641103
0.09318479869114565	0.055288794219187934	0.09104902160388345	0.24560047754909103	0.12237035912214708	0.13138169159829846	0.06516616972279413	0.195958687493452
0.09297915409833518	0.05372040579875678	0.09039556781775472	0.2457438743255128	0.12238888940381765	0.13140302479092564	0.06556345522886908	0.19780562853602796
0.09267531811003556	0.05415463465905804	0.09048066995635086	0.24605042637483476	0.12235996622741258	0.13129197769979356	0.06543226125500867	0.19755474571750575
0.09250948538465179	0.05370695962313017	0.0909278929539529	0.24607018956700155	0.12236239323465171	0.13131873346369338	0.06537159271942355	0.19773275305349475
0.0931363036049388	0.05337236642535907	0.09070729740729896	0.24620254471256475	0.12234771965633029	0.13155216621964483	0.06571979209932241	0.19696180987454065
0.09308877128839785	0.054192693415199514	0.09037496783379259	0.24534609025876603	0.12235417519052971	0.1314466575379283	0.06530811405724742	0.1978885304181384
0.09295743169130107	0.054138672589705256	0.09075773787033835	0.24498590520653546	0.12238395240304777	0.1315398873073201	0.06560320500775128	0.19763320792400046
0.092671352037265	0.05398165376550387	0.09042111586514665	0.24598228230642522	0.12236841428346464	0.13152554594335447	0.06552152884867438	0.1975281069501656
0.09295966747449183	0.05383045097970851	0.09082764376139635	0.246230860944153	0.12236176804179147	0.13125140567698965	0.06539780042995251	0.1971404026915165
0.09294888861464534	0.053655938946512036	0.09042571046556078	0.24626187239214348	0.12239177022473025	0.1312683368914867	0.06560588074701508	0.19744160171790615
0.09272917644552203	0.053539069471130185	0.090454510838968	0.2467761866267525	0.12235394609400131	0.13159147687897071	0.06542017325026601	0.19713546039438906
0.09281979252360786	0.053450037871690406	0.09055882883320007	0.24646077834808056	0.12237702744556844	0.13147117021180937	0.06577063555298289	0.19709172921306017
0.09287610921275231	0.05361595507401193	0.09043552791945292	0.24718737685280212	0.12238265694480044	0.1312128088185298	0.06566056449594214	0.19662900068170813
0.09339860847628195	0.05404899846127356	0.09049472656139365	0.2463824001481747	0.1223855771516817	0.1315600776110488	0.06567953388875351	0.19605007770139193
0.09282241655637809	0.05393667861587653	0.09075648798879904	0.24668745864256553	0.12237985114257768	0.13129756538911766	0.06508221841645098	0.19703732324823425
0.09297581316886747	0.0540599333763106	0.09089921747102434	0.24616669700591515	0.12235087988651781	0.13131061101535585	0.06533602065025612	0.19690082742575243
0.09414390613562866	0.054261065484511234	0.09032593628999877	0.24511738820463158	0.12238239344687096	0.13136770238546855	0.06517616932860945	0.1972254387242806
0.09258690557027606	0.055532627037314555	0.09074399009982062	0.24466767407263001	0.12234742236353391	0.1314220939023248	0.06561318796911134	0.19708609898498855
0.09258605485790904	0.05577519204675968	0.09075990183519936	0.24539764239757794	0.12235684373602491	0.1315891537845887	0.06513656155775238	0.19639864978418775
0.09329257160016603	0.05533010932936766	0.09087659648018465	0.2455153412958872	0.12236470623990742	0.1313025341060446	0.06525165187757703	0.19606648907086524
0.09258706819734831	0.054704358389017105	0.09054662186490424	0.24620450001655153	0.12234444701760988	0.13144783525927534	0.06524805687592006	0.19691711237937332
0.0934058462277681	0.05346659944815392	0.0903695257429108	0.24565197839125136	0.12237138637492373	0.13128618237216177	0.06552257963529085	0.19792590180753927
0.09316074128673511	0.05337006736462402	0.09075027986358257	0.24605064946850536	0.12238725699539947	0.13148215359348617	0.06514941061595422	0.19764944081171287
0.09304856782274606	0.05491529212888674	0.09072946918881486	0.2457524030488782	0.12234541572033021	0.1313307963888584	0.06520592738704947	0.19667212831443587
0.09412197594230141	0.05362289235957969	0.09057400345716372	0.24547369511189832	0.12235946856391151	0.13137609378573406	0.0651399500366111	0.19733192074279993
0.0951407834596321	0.053991300178447346	0.09043501012464926	0.2438700532765373	0.12238323717628669	0.13128918455973707	0.06534597524354681	0.19754445598116321
0.09498703236753726	0.05436958450222282	0.0908827131107828	0.2429015835746367	0.1223916229966043	0.1314860537458457	0.06539045641949111	0.19759095328287907
0.09571673919500165	0.054681552265314515	0.09056774404691423	0.24397935497409523	0.12238962390422432	0.1314060195820178	0.06516628013049673	0.19609268590193527
0.09255967361198314	0.054096183928452404	0.09033620693997693	0.24569764671581046	0.12237527158135082	0.13154430642610923	0.06559086277099155	0.19779984802532524
0.09302801310623902	0.05377613100207239	0.09057449641623118	0.24593803244294177	0.12237176795567412	0.1315164262208021	0.06560138966538427	0.19719374319065497
0.09256597522003998	0.05406481634663693	0.09053623962046442	0.24635948057144053	0.1223488792892595	0.13133191568351213	0.06520862055366408	0.19758407271498224
0.09350915510240415	0.05494996842149487	0.09041925699330791	0.24504614461682375	0.12237326704353613	0.13144672232182328	0.06547325238800053	0.19678223311260917
0.0944052166058513	0.05466038993750019	0.0904043264117884	0.24454144092567429	0.12234931476512219	0.1315328707822829	0.06566089575702441	0.19644554481475612
0.09316925343634488	0.05595688035628271	0.09091311963910155	0.24516300081899456	0.1223490962113783	0.13120408167049044	0.06525478496961368	0.19598978289779365
0.09268302954733532	0.056395031702466805	0.09069456781484754	0.24510614679847179	0.12238510920374315	0.13148209739115777	0.06547994786596734	0.19577406967601008
0.09255192857393583	0.05519592530876247	0.09051964859867807	0.2465205468894615	0.12236085614763112	0.13124733393264873	0.06575897532623887	0.19584478522264326
0.09294601024077405	0.05416823443857827	0.09097801445677972	0.2463621771948568	0.12235444032957096	0.13153303002749242	0.06565370990920427	0.1960043834027433
0.09253980423398846	0.054084175422138794	0.09074969054209689	0.24734691719815666	0.12238859182189449	0.1313826747713451	0.06513212507503684	0.19637602093534257
0.09332358315754452	0.05406800826226091	0.09092444158636095	0.24687759979669857	0.12237705225892101	0.13140359346272956	0.06507709627919417	0.19594862519629005
0.09400138720960796	0.05393941287335641	0.09097757939090399	0.2460209083262884	0.12236598522107635	0.1312166423932539	0.06552538878704466	0.19595269579846814
0.09447267035112575	0.05416931573896974	0.09045100155670481	0.24561562760314554	0.12237252096582063	0.13139329362484575	0.06562183035124337	0.19590373980814424
0.0941939438207567	0.055080035756494825	0.0905938334467161	0.2453651050262212	0.12237802812799137	0.1313658370932763	0.06509463449076269	0.19592858223778062
0.09399729769003942	0.055264951973549914	0.09032317329008226	0.2448565484005787	0.12234740273319984	0.13145857662550167	0.06526819952125844	0.19648384976578956
0.09567047721779723	0.054493845320012516	0.09068940463474984	0.24396832519912134	0.12238667615922959	0.13158066270985522	0.06514803644436348	0.19606257231487056
0.09380390491787698	0.05393772552287458	0.0903717565386565	0.2449817998738312	0.12238664498497064	0.13151973435669523	0.06577732311189602	0.1972211106931986
0.09334994127654422	0.054798234214415764	0.09032315442446714	0.24524849859523265	0.12237553876425383	0.13151236346122913	0.0650964201117851	0.19729584915207193
0.09416809767394113	0.05534401322916119	0.09055797185071268	0.24512857275123973	0.1223752427377846	0.1313044227628538	0.06529359504892816	0.19582808394537843
0.09314720021074824	0.054136782440592016	0.09100695343898287	0.24592949510099907	0.12238423283621136	0.13124508958261366	0.06551294691123916	0.19663729947861341
0.0939456833960805	0.05353711159277677	0.09076778158013689	0.24612573368176874	0.12234456598902081	0.1314306479136249	0.0657786779010235	0.1960697979455677
0.09587099133686144	0.05457749305993656	0.09031709440837449	0.24384224791833123	0.1223595553858896	0.131343490982689	0.06544980169326665	0.19623932521465082
0.0953917042828661	0.05568162197053769	0.09086429593563353	0.2433592320378744	0.1223516842066863	0.13126623510306432	0.06511506625403629	0.19597016020930114
0.09443324945208363	0.05605790779962727	0.09075064026659786	0.24340211601811007	0.12237308351020251	0.13137414777201648	0.06542019284861367	0.1961886623327483
0.09441749831891727	0.05550900542714987	0.09080687753834632	0.24361170024220125	0.12234631235084414	0.13146986342978073	0.06564988903663788	0.19618885365612235
0.09370682326242419	0.05583851205854677	0.09100828793945875	0.2438660834663715	0.12237359154310354	0.13153912142421786	0.06517636455078832	0.19649121575508882
0.09423504427581304	0.056004376440846076	0.09099554858102096	0.24333094308924122	0.12236855207066558	0.13141221180499976	0.06526671440434614	0.19638660933306695
0.0941115377833539	0.054817374369071734	0.0903063564784087	0.24352465325895634	0.12238770737300407	0.1314897250696723	0.06575088249353535	0.19761176317399742
0.09360032309923477	0.054988835007567655	0.09104232008853504	0.24466986961693413	0.12237212482923293	0.13126212804752788	0.06558966992113224	0.19647472938983518
0.09403893516996265	0.05421154367277252	0.09090485588127141	0.2448858252313882	0.1223616424395212	0.13138013837146398	0.06570278772396232	0.1965142715096575
0.09325690551799065	0.05437947243804449	0.09058935119938599	0.24593224554263346	0.1223471342013274	0.1315772196956701	0.06513809775670436	0.19677957364824333
0.09334087507267935	0.05435595341326864	0.0908376182337651	0.24509338640578218	0.12236372814767171	0.13123320151374554	0.06562307006218551	0.19715216715090178
0.09311703281748024	0.05440142480340743	0.09097117675014227	0.24527042719603995	0.1223620593561894	0.1313053568845178	0.06566637302473359	0.19690614916748905
0.0934371791153923	0.05428256579353424	0.09041082032625504	0.24491605882500156	0.12236700375946988	0.13144213027363313	0.06526612711882165	0.19787811478789194
0.09347776594863928	0.05412902082305791	0.09091489486089929	0.245924192690594	0.12235865947950288	0.1312843631777795	0.06531824131496418	0.1965928617045628
0.09394220514708446	0.054885442838071355	0.09088799694586175	0.24524399343370767	0.12236190415565769	0.13134542680747277	0.06515600400693834	0.19617702666520576
0.0932033322832641	0.05701956248380863	0.09042992144019067	0.24368396087994554	0.1223567730031792	0.1315396337894157	0.06526613417412316	0.19650068194607284
0.09293399139914173	0.05455508843311782	0.0910042086280196	0.24430207909386714	0.12235237503665038	0.13127489249585325	0.06563705754839735	0.1979403073649525
0.09534856957903223	0.05359697624694912	0.09053805601722445	0.24545641390986403	0.12237823656280075	0.13126421169733407	0.06516809191686901	0.19624944406992614
0.0942717765947559	0.05352153444649706	0.0906019628227949	0.24455623957210884	0.12237565209962406	0.1312959453902361	0.06558350467208907	0.19779338440189384
0.09458171013208905	0.0543596444660778	0.09100138525031277	0.2440484876616896	0.12237696683441367	0.13146360672444976	0.06550138026532565	0.19666681866564145
0.09416776576444688	0.05466002420857709	0.09039428141167392	0.24425751479742264	0.12234920030092758	0.1314583598159336	0.06571532107644118	0.19699753262457698
0.09359356280570455	0.055250225030978456	0.09064451570772997	0.24389504382830923	0.12237326746509367	0.1314387217558837	0.06555390784370568	0.19725075556259455
0.09478076138384342	0.0550675990720859	0.09038626414725283	0.24439191630640172	0.12234692255028495	0.13120542985946224	0.06521468500151824	0.1966064216791505
0.09450530381083175	0.05357348805492318	0.09099895098472399	0.24567343376715256	0.12238057359583636	0.13125243269927903	0.06576681066571294	0.19584900642154002
0.0955818588022855	0.05346278843519771	0.09053444726351034	0.24504826331761287	0.12239032817328926	0.1314890743829845	0.06520772210372883	0.1962855175213908
0.09527827883692416	0.05485864374034212	0.09038444781659433	0.24366812920757186	0.12237963472896907	0.131474351610453	0.06518405668232763	0.19677245737681762
0.09499687150606029	0.05408396362281635	0.0904620058174088	0.24460018950800794	0.12234732484785599	0.13126159533414264	0.0650838972469117	0.19716415211679608
0.09578332312580135	0.053503992288039315	0.0910500823237955	0.24323091538654454	0.12235903232208412	0.131539711170146	0.06567184997499254	0.19686109340859642
0.09620866572324197	0.054191182778811575	0.09085159389564954	0.24223649551029047	0.12234827105116237	0.13155664740829168	0.06524044089761892	0.19736670273493323
0.09666760396238658	0.056121054355952604	0.09076253206572238	0.24013155810622908	0.12234611581931149	0.13132753375427375	0.06576566719537125	0.19687793474075266
0.09520873442039476	0.05715270042734262	0.09051870530737341	0.24044289568286087	0.1223707028370837	0.13123769614901282	0.06530078845978635	0.19776777671614523
0.09493049472403063	0.057453168886648406	0.09051255954851463	0.24082636757177506	0.1223677169294681	0.13144307748128942	0.06572877221824715	0.1967378426400264
0.0964363833985028	0.05712919768062795	0.09041768386369456	0.24074435774848468	0.12236386726335267	0.13138102108114447	0.06554193041625694	0.19598555854793573
0.09609210819242724	0.057176532362911994	0.0908464005453837	0.2403977683045604	0.12238875401439969	0.13141667707944427	0.0651859832649026	0.19649577623596992
0.09518513945968392	0.05687018373832421	0.09098726632633544	0.24098920062094553	0.12236444506416737	0.1312849325121799	0.06549222408953542	0.19682660818882802
0.09586132341580778	0.05689210822446944	0.09097092161696338	0.23939144928679246	0.12238756002258742	0.1312621474684254	0.06550231923953131	0.1977321707254226
0.09518880559791301	0.05753804654719155	0.09100288010988392	0.23936829250302064	0.12236585866503467	0.13120442313138375	0.06555505431818963	0.19777663912738258
0.09602828850596434	0.057520833014005845	0.09036011212759679	0.23954210601900208	0.12239020075817042	0.13149413478980046	0.06511401699606598	0.19755030778939392
0.09636174456275004	0.05664251704204812	0.09033474412633746	0.239490939196848	0.1223549781518387	0.13141893351919748	0.06574429717443406	0.19765184622654597
0.09562595097319476	0.058029474954040594	0.09034286903924385	0.23959889785596483	0.1223578897716065	0.13129656988385083	0.06572614628652942	0.19702220123556902
0.09612035489353042	0.05761210788893209	0.09094057123829305	0.23989369100236646	0.12236869621316053	0.13143683366136308	0.06515525441621639	0.19647249068613776
0.09633935362489163	0.05825385859798174	0.09070625538924883	0.23890710622715486	0.12236787897943041	0.13141519567163837	0.06575111057614144	0.1962592409335125
0.09578881485987209	0.0584816807873669	0.09048313362331578	0.2400461910481288	0.1223919162823562	0.1313957347888305	0.06545727700140527	0.19595525160872423
0.09665884422772549	0.05826532545261373	0.0904156979624317	0.23916361935247826	0.12236353303450165	0.13155804358195014	0.06546380804654643	0.19611112834175237
0.09527405112985957	0.05811548484550921	0.09090332487100486	0.23960189320777003	0.12234792228549515	0.1313399542369784	0.06557142533358779	0.1968459440897948
0.09516221587150689	0.05818915985989409	0.0903785168732184	0.2390018274109632	0.12236169148323892	0.13148588861216715	0.0657140831748892	0.19770661671412193
0.09560813352642052	0.05784603006426259	0.09065995005749555	0.2389203661361761	0.12235455316245422	0.1313507748596351	0.06562051723988196	0.19763967495367374
0.09426170760525775	0.05817201572498229	0.09033377410780821	0.24011912524426104	0.12238450941738038	0.13146174121063087	0.06543879386425656	0.19782833282542267
0.09250698248502684	0.05813562019125869	0.09084819064234126	0.241524777739912	0.12238645359470887	0.1315802911145986	0.06577056817467619	0.19724711605747736
0.09360237276531927	0.058410078551630176	0.09097424843330634	0.24072899447192936	0.12236869056109675	0.13153909029107042	0.06530132526214907	0.1970751996634984
0.09376247012374256	0.05778583289105793	0.09068576511763751	0.24119102579158372	0.12236107766835966	0.13132794280946833	0.0655982495114093	0.1972876360867408
0.09457532888861095	0.058911846603138765	0.09044220840879182	0.2405702079973332	0.1223549483334669	0.1312289266948276	0.06566075630527932	0.19625577676855124
0.09471842739103122	0.058471940028332184	0.09094125548458229	0.24051850545398007	0.12237297222786082	0.1313933328777784	0.06531448640926249	0.1962690801271723
0.09434006078417438	0.05709131082454558	0.09099396572934865	0.24200235971896739	0.12237136832550886	0.1314137616015266	0.06555562022080996	0.1962315527951184
0.09347705264496685	0.05806404797764328	0.09049816051102297	0.24235436444831815	0.12236718086973192	0.13154344312907565	0.06531498566955718	0.1963807647496838
0.09351098740276904	0.05880839790685158	0.09085111394845197	0.24109392374043065	0.12237549784037356	0.131341431184744	0.06553700736474494	0.19648164061163403
0.09386032763169129	0.05842718333230382	0.09037643162223205	0.24042928097437044	0.12237364350686313	0.13132442337145178	0.06542583272891668	0.1977828768321706
0.0957103981884304	0.05737073802026846	0.09073413458085647	0.23935824781213655	0.12237795315914178	0.13155618945789269	0.0650998555922985	0.1977924831889749
0.09523479893133902	0.058321779521436024	0.09043036062212084	0.23893740166164917	0.12239193644818198	0.13158794940952312	0.06571830194902017	0.19737747145672946
0.09515653983364551	0.05742655899869224	0.09102496900139218	0.2394486289407748	0.1223615489013963	0.13131635206203496	0.06542375949498594	0.19784164276707783
0.0959930965533365	0.057848192336387855	0.09033166014911079	0.23897524125230246	0.12237244118005826	0.13136214150090636	0.06546622433474511	0.19765100269315242
0.09653071205715033	0.05809844862202457	0.09044611271639454	0.23925988923736502	0.1223865220024357	0.13149013912891366	0.06539788006870301	0.19639029616701298
0.09627594723359052	0.05759928999275535	0.09092571721394016	0.23980863023329885	0.12235428220909078	0.131319738611635	0.06559387568961568	0.19612251881607345
0.09491164350630586	0.058739242235029146	0.0904591313953309	0.23888577160057536	0.1223778539205998	0.13151891209793926	0.06531475059381489	0.19779269465040455
0.09448696495090007	0.058608342147273895	0.09041311515730142	0.2396254482122205	0.12237026158211267	0.1313339706802345	0.0653344439437146	0.19782745332624213
0.09448358399306751	0.05839366563336501	0.09035384192923301	0.23960748685410688	0.12236187344142212	0.13148084286569364	0.06568246626960203	0.19763623901350957
0.09503620165421564	0.05665182297564228	0.09063586755222211	0.24105144854207267	0.12238599949178493	0.13154197680571558	0.06561988202015605	0.19707680095819052
0.09485292010641237	0.05797201792887682	0.09037537499470877	0.23947080422263037	0.12235717136895728	0.13156255046028298	0.06559290357053515	0.19781625734759603
0.09547141166838408	0.05866435542138676	0.09096452824941906	0.23899234970132266	0.12235204403087271	0.1312023857162546	0.06532666251100294	0.19702626270135704
0.09464677639643833	0.05803929090944708	0.0910533490001793	0.2395790412167554	0.12237864216555547	0.13158508413750156	0.06528074250065324	0.19743707367346938
0.0949599732300738	0.05738890790282693	0.09061933175261615	0.23993855719024967	0.12236103909295377	0.13120931434705338	0.06573761225922517	0.19778526422500092
0.09318396930871338	0.05618257315948645	0.0908261663203668	0.2427577524304845	0.1223681957087792	0.13143015351839266	0.06575345064780162	0.1974977389059752
0.09404181749229462	0.05765347756814784	0.0905591171487477	0.24197407628673734	0.12237096937009434	0.1312901934222312	0.06564744016679205	0.1964629085449547
0.09382461813520361	0.0573377564443483	0.09078676462952073	0.24223577114904005	0.12234612711893995	0.13123168782672087	0.06531067816262183	0.19692659653360448
0.09454222241969354	0.05837960269140073	0.0903843908837185	0.24179293236299876	0.12234856893987531	0.13135188926623753	0.06528461516971962	0.19591577826635576
0.09488662519942145	0.057722001621584695	0.09086450991659342	0.24086891286455064	0.12235475877541387	0.1315348414003831	0.06550901700466082	0.1962593332173918
0.09510667878816333	0.05745921905675891	0.09054650070469122	0.24152105912858277	0.12235158912602594	0.13144902015405013	0.06545182168156508	0.1961141113601624
0.09548830649359137	0.05659225888421167	0.09061176462138217	0.24046279158401834	0.12238232143872514	0.13144963967909537	0.06528996416458366	0.19772295313439203
0.09586677910057034	0.05722415823442421	0.09103089718606847	0.24052540932795335	0.12236239068026139	0.1312273021449351	0.06569061564104284	0.19607244768474408
0.09644660051309502	0.05782050701393776	0.09069918444829433	0.23962594663641	0.12234684176789941	0.13148270282490535	0.06528639763365726	0.19629181916180066
