0.038712942255902064	0.1145899160041126	0.12813485402341385	0.045696128094963685	0.08871913812253135	0.20621362190327586	0.07255610277391038	0.013041714712761512	0.2554160136838354	0.03691956842529334
0.04731025710724132	0.11407220050461117	0.09050275536068232	0.047849486152284154	0.09475317126306802	0.19678070534768283	0.07072119873382295	0.02668662941663201	0.2609835083107305	0.05034008780324474
0.06641111345661702	0.10682770090837948	0.15882299530583982	0.03902950488679788	0.09798475117900046	0.16376418736245696	0.0668660334975226	0.015229536795712553	0.24262462877960966	0.04243954782806354
0.057690070829805803	0.0816651461972284	0.12703124370423077	0.04394534545079324	0.09102119502163465	0.18930354268050026	0.07832318885392107	0.021166735468651526	0.27128474850220896	0.0385687832910253
0.04283757173626907	0.10735996414272453	0.15490225933482948	0.04002829972274297	0.08756029594718666	0.15928844984563734	0.07895535045167355	0.027657118351824453	0.245090720002971	0.05631997046414097
0.04600212882807527	0.11546561083628543	0.11977883172106762	0.04924649216682106	0.08465987745987541	0.18124580659602824	0.0664400460501553	0.03342905054415382	0.2630189251615679	0.04071323063597
0.05614582851857593	0.1639159139117092	0.09739603246257592	0.036303309328499886	0.09188938757227003	0.17577556713353903	0.06886222066124771	0.012717109605898919	0.2594743071183128	0.037520323687370544
0.05172489334858375	0.13223991325997247	0.0929466246034951	0.04673452114608724	0.09563172418466662	0.1933197679858794	0.07126313844454196	0.027381282140527013	0.22931784802598298	0.05944028686026338
0.045160733334236966	0.12829126946426186	0.14225568519093545	0.04537969056570081	0.0944353748937236	0.16917205081137465	0.07509553778765618	0.023504576564035665	0.2357413720294707	0.04096370935860412
0.06392553292477424	0.14778241761851518	0.0853364454726512	0.03879493844441998	0.09816418104757105	0.19285933390555088	0.07358645814017663	0.026454793819973538	0.23280809039578776	0.040287808230579564
0.061887823036077504	0.11542920280675281	0.11018807368239081	0.04449247960139532	0.09538691685514589	0.20485956952271173	0.06698962514669193	0.03389672697553775	0.2212320517941406	0.0456375305791556
0.046760766253894095	0.12244690354624113	0.13819208148292014	0.041126474037053135	0.09564008597145135	0.16199658467063252	0.07828073537480573	0.03178607604923156	0.2403841722379586	0.04338612037581169
0.046348217255183635	0.12770159011177398	0.09362231924853831	0.048132471609429135	0.09413794497907618	0.18238289906668412	0.07644134212534807	0.03044023192989595	0.2611456638432844	0.03964731983078621
0.06723154434982018	0.09739293655205691	0.1275057501677893	0.04579196820201742	0.09819313534975614	0.16272505062637968	0.07181888697936045	0.03228836214906525	0.2385511015912271	0.05850126403252754
0.057804025133204026	0.13130719958187004	0.08435481835485133	0.04457804948234061	0.09037272148510166	0.20365761538373528	0.0745086986065756	0.03042408924136354	0.2304468688606493	0.05254591387030859
0.04104059602623629	0.15471999115444335	0.0944893125235719	0.04474626798501733	0.09103956572441782	0.20464022058722864	0.07682718109843013	0.025078935226378204	0.23250655042400792	0.034911379250268354
0.05820958451702097	0.08813497447182661	0.1494525527317837	0.043521186131832326	0.09107112325464797	0.17568807258645028	0.07299646206423377	0.014433369367958776	0.26426913093556564	0.042223543938679886
0.05295761388509773	0.13187141500078617	0.12149339554643881	0.04542026215911411	0.09652799414198904	0.17900361392667827	0.07624178151401367	0.03409244741491045	0.22003635239363778	0.04235512401733396
0.04807906114647546	0.11302917338739608	0.13528075166663658	0.046024086822027535	0.09778210149399746	0.17132107902989707	0.06907613090970287	0.019453812689899555	0.2598435266716002	0.040110276182367205
0.0467712121939725	0.11674170818172389	0.17396796354114968	0.04006606614776358	0.09671341790411522	0.1581305979187685	0.06650892120115566	0.019397538233866307	0.22536944518951224	0.05633312948797247
0.05755663947897742	0.1129015530774714	0.11551636110094396	0.04378880109442867	0.09356961255921573	0.1781594591609022	0.07860951312838348	0.01763584177390415	0.2600165051489518	0.0422457134768212
0.04515254972771899	0.09031701244593517	0.1410086436660397	0.04195477632218338	0.08690908689105986	0.1761905399217679	0.07675917317271001	0.023890576839037864	0.268833207178885	0.04898443383466211
0.06792586634888596	0.10190972179294533	0.11507730149681177	0.04576502700045147	0.09370238073927163	0.2007701758050468	0.06756917069829674	0.03275206916464189	0.22630834253935433	0.048219944414294044
0.06324022116055741	0.14225385634039817	0.1339484416468078	0.04037714004677664	0.09188166917644483	0.16027987934253277	0.07702751145395847	0.02788280383024408	0.21586437905363928	0.04724409794864051
0.0388364051451773	0.14223484624711635	0.10262980621756079	0.03758266840206334	0.09570084126948199	0.18985075175909655	0.07139565610218776	0.021674390702238908	0.25469860785820925	0.04539602629686777
0.05540321166935623	0.133640001205259	0.16436197343789838	0.04318024602767044	0.0891919322627221	0.15209370902478864	0.07014152160897898	0.02885468092511724	0.229225753615304	0.033906970222904995
0.04973647463948372	0.16470317238749366	0.14484749953289253	0.046993323176738634	0.0887228804348433	0.1535475515996509	0.07534823834256418	0.01408453563817648	0.22367137535344822	0.03834494889470835
0.06091741083556174	0.12377994136780908	0.0939583481882657	0.038662235987427136	0.08814056578255698	0.19037791323585446	0.07391217322322144	0.03149954442546554	0.2541316670808991	0.044620199872938734
0.04787962422192246	0.09673028801667148	0.1477911432449101	0.03648865884914587	0.09266472248604285	0.17452561168659572	0.07226274562449914	0.032408561775137346	0.24502260543428644	0.05422603866078854
0.05119571888308559	0.1353241160064075	0.14387177046064997	0.042819687799827366	0.09250064445329562	0.15153653752420898	0.06934761210876975	0.020940855884401102	0.24613081985922391	0.04633223702013016
0.061869541945679375	0.13236293905027124	0.1207981674563283	0.04079351965775631	0.08993594980984115	0.15480907805613195	0.06798224295518071	0.018876319360838514	0.2574588275145719	0.055113414193400545
0.04935037928410538	0.15319969028377614	0.1030217099681627	0.036510202432644606	0.08665135997678632	0.19751982072749075	0.07285477370525098	0.014018880861704941	0.2305389398494886	0.05633424291058963
0.04980459270430203	0.09157349827524475	0.17293563830782804	0.047959716136032934	0.08579148753797376	0.1520167451004315	0.07042116010536677	0.02993793321445759	0.2607278690078535	0.03883135961050911
0.048855479791226036	0.1364892952759787	0.1575780871607686	0.041883871993572255	0.09674424392494457	0.14993307879029932	0.07425098245531317	0.03171531925222325	0.21582344090822703	0.046726200447447096
0.05461065731271052	0.08633289302590683	0.1711994941534951	0.04290723243499237	0.09449916622576363	0.18626121960089392	0.07631640373631103	0.02049000888307405	0.2209884413717661	0.04639448325508641
0.06209575290280411	0.11835426391038406	0.10942579285249124	0.046426761644713176	0.09001019940886108	0.18073528659440813	0.0693696204325813	0.01788819955954382	0.24828436680999116	0.057409755884221876
0.05651140285703928	0.1059790081861296	0.11835579200800235	0.04768631073617175	0.08614113197702769	0.19443672050012384	0.07224133362270213	0.016071585068314687	0.26168078557310737	0.040895929471381334
0.0605937742261871	0.17656038070157265	0.08624960760635599	0.04636676158208929	0.09530817760403909	0.17883427522740755	0.07577376241164455	0.021011455096043283	0.21643908555917019	0.04286271998549025
0.04001157879374136	0.14356703517714436	0.11504346140877283	0.0451223828109011	0.09778319669922746	0.17982176889681162	0.07240415965811381	0.022137246861651347	0.24396175923839508	0.040147410455241055
0.0627821506175823	0.16507265902232038	0.08897572246529922	0.03800809392006248	0.09503056621983474	0.17725589268111827	0.07160008121010708	0.02518519855520575	0.2235671672651604	0.052522468043309345
0.0616727590664705	0.15284110112549198	0.1026492742069191	0.043978182935850166	0.08548919947122526	0.15915939074119584	0.07025004518918931	0.026923653247761914	0.2549734062189131	0.042062987796982754
0.06682836870964108	0.09016305671571762	0.15422919704953855	0.048324958977071536	0.08724059218222693	0.16588230132267826	0.07676543312413803	0.03209483497094533	0.22208762551146768	0.056383631436574974
0.06497911395017326	0.07492655458897628	0.1666977963031646	0.04704560778085983	0.09035750492396856	0.1547253610116114	0.07791036747371123	0.02503041584236948	0.2630382518595854	0.035289026265579906
0.04669285631564392	0.0814166497044012	0.15768845645176943	0.04808426723865226	0.09814919932577967	0.18127583507488743	0.07255083959924423	0.02155210424496891	0.2458200105772846	0.0467697814673684
0.055498312749052925	0.08976105492689651	0.1253016479640121	0.042172914078283004	0.09697458977066765	0.1927963640009679	0.07209662148932931	0.017294864175657926	0.26120046765370614	0.046903163191426546
0.05824629211820734	0.13173965240178673	0.14102612603078366	0.04556789555544891	0.08705103940591734	0.15329000020318556	0.07646801162719123	0.021243653796859732	0.23156769438032965	0.05379963448028985
0.052470649248485296	0.09983725652652022	0.15239132175712167	0.03721419781350285	0.08595615011489631	0.17198930365878845	0.0765990953774498	0.016914624524972333	0.24753097794060336	0.05909642303765972
0.047677892739681704	0.08488269336410714	0.13661656087913746	0.04501237214077134	0.08634587640482233	0.20226368840167208	0.07416238799515515	0.02681824697378528	0.262830796273906	0.03338948482696154
0.05035007084463233	0.07683805274628008	0.1610414571942387	0.039845865250145523	0.08867287030176518	0.18705221789076593	0.07200357921264058	0.02262266302093542	0.24143987113897641	0.06013335239961988
0.058962048324561915	0.14158460462759154	0.09021899272048531	0.046967904897053284	0.09614323328922492	0.16031690100651172	0.0715557904344084	0.020302886006934473	0.267924285964512	0.046023352728716466
0.058929639266302014	0.08089476728982956	0.13743547181026655	0.03973505260468395	0.0960265275204465	0.17691365551004484	0.07510645578762973	0.03028063501573107	0.2547578466429368	0.04991994855212889
0.050423234062493445	0.13684869310392184	0.11830380114266012	0.042020199543112625	0.09725206479090218	0.15278357243785806	0.07311909714660209	0.014110110765063924	0.25839634584195176	0.05674288116543392
0.06783489118181915	0.15659289592385395	0.11829412796696451	0.048467985527483756	0.08808048366508756	0.1568443681203231	0.06981740106260892	0.019649933662155256	0.23889783167583512	0.03552008121386872
0.06514966554629872	0.10443870818416434	0.15685625536657105	0.03622479188777612	0.09491072284766466	0.1677371997486925	0.06921314559032948	0.01595174506798895	0.24925646803476936	0.0402612977257448
0.06770013163043875	0.09885598955611155	0.15548722834636883	0.046669083476708464	0.08995027453636512	0.17779373146359845	0.0673854039886089	0.016340501077173553	0.23547413054145	0.044343525383176374
0.046197254808418894	0.12518339839419068	0.1316103998039075	0.03830932566353326	0.0952360169860138	0.17945215154748076	0.07742487664605535	0.027741045617597507	0.22748238832738904	0.051363142205413166
0.041686116621221285	0.16956833424230217	0.1103322179637539	0.04853419839619913	0.09088785042640597	0.15550397428313353	0.07605680898761497	0.03062320336271715	0.23853176274031823	0.03827553297633367
0.044847930755379364	0.1487950597325212	0.16614621430732124	0.03980552546817987	0.09344518344431675	0.15495676127916705	0.06863030236247095	0.02870357644944753	0.21995746248977388	0.03471198371142216
0.05571273283475134	0.16229636306445624	0.10713664279704116	0.04079518728510438	0.08692260081199249	0.1741833983819892	0.07568079463278071	0.025772572661235657	0.23639504768544328	0.03510465984520557
0.06087950152184351	0.14166585702610848	0.13981220120385085	0.03925831597885823	0.08503514366370526	0.17723271219629907	0.07517986909734789	0.013751723114942951	0.22200428915174042	0.04518038704530333
0.05206030680616026	0.12471257466899949	0.10743807823798918	0.04000844473949619	0.08509942849889243	0.20595246371897166	0.07078634403786833	0.03344209265285436	0.22716409449379604	0.053336172144972056
0.04642875609898387	0.12377906702903982	0.14796805787052697	0.04898935657620195	0.08512262456108594	0.184056086115007	0.07816138150738577	0.01704684563000046	0.22759843519788792	0.040849389413880305
0.05261028094316629	0.14122324362185676	0.11914154884825859	0.04872311539632305	0.08873843056478069	0.15352824604830168	0.0684929877917837	0.033094038094665185	0.2602044854609614	0.03424362322990264
0.06371253607519528	0.1606841018106473	0.09426329384110571	0.04914585705164615	0.09601095066753394	0.16331119680139355	0.06941068694608978	0.025331943299393228	0.2395558976516371	0.03857353585535791
0.06045929583745495	0.10446750388202371	0.1094383750152894	0.044318315036729734	0.08710494453533751	0.2051588626672392	0.0720132217600641	0.01306894386078794	0.25025846062505286	0.0537120767800206
0.0408012114384977	0.07569648574354945	0.1556113231390238	0.045564850818834324	0.09402940342420521	0.19087958916687475	0.06940407386408425	0.033779354679854434	0.25900046450808256	0.03523324321699356
0.06677475063990256	0.09088468437159458	0.15902290947879127	0.0414849420761682	0.08815060790415706	0.17879704456032347	0.07573985056010912	0.0187309641827504	0.2458512458138712	0.03456300041233211
0.06135984251322891	0.10403950707827636	0.12016092224400032	0.04133900509452271	0.09303089586876027	0.1929068921583837	0.06936547177747726	0.018779428362394435	0.26438064405221	0.03463739085074606
0.04717348915950244	0.14593152054239156	0.12861515722076336	0.03769433266304947	0.08836760560111634	0.18673388936026486	0.07730542477726268	0.016825498929639623	0.22887358252230655	0.04247949922370314
0.06327082023651887	0.0786852590408933	0.13141587761505805	0.048240030018388336	0.09572467638875234	0.1959394351449747	0.07440854475258789	0.026638121701992937	0.24946295383873968	0.03621428126209385
0.04167788175919364	0.16277554262914323	0.12342006244505191	0.04473394314271641	0.09396618709245405	0.16074248523166684	0.07035904237322123	0.03286831518406255	0.22906677296497985	0.04038976717751032
0.06707479311089706	0.10866402774639897	0.13071512538746366	0.03623629035314113	0.0976706522174172	0.1844906266175494	0.07766197012594761	0.02228194551656064	0.21908584810641396	0.05611872081821035
0.06642001955035565	0.1420485573387586	0.13356841686541993	0.048354022364478506	0.09193322575610789	0.1606088802185418	0.07504094653048182	0.024130152301243823	0.22429492128402861	0.03360085779058336
0.0430712997993681	0.11879342068109085	0.1242189861223954	0.047300780583577756	0.09820476444187218	0.15270509129902965	0.07346007825360024	0.034443493088003194	0.26157610679999155	0.04622597893107104
0.04182698531707183	0.15570832495628445	0.10425051287323564	0.03800389781445363	0.09207624725970948	0.17064358672882873	0.07236691929883377	0.02635879654996255	0.2663305414115702	0.03243418779004974
0.0656995971478275	0.10517818914175177	0.16873076964291983	0.04026169249473745	0.09695389347966411	0.14954560045953058	0.07741651777246904	0.014286463487549694	0.24125156988921037	0.04067570648433961
0.04141793151926396	0.08526236011890494	0.17083846930719798	0.03586873148925841	0.09729812826276729	0.18835958193009908	0.06887795738976274	0.024298971925293497	0.2510270023230218	0.036750865734430316
0.06085175624711974	0.13773847686604795	0.14144951703252495	0.04113913503229287	0.09629552727317367	0.17411022331871456	0.07702391686547366	0.013190858539129255	0.21832833538167407	0.03987225344384926
0.05076216673338088	0.07509307861572687	0.17247240518523993	0.0421577219620123	0.09181382498337665	0.1518517936915712	0.07035489792885653	0.020153963388878413	0.2710099296631052	0.05433021784785201
0.057627754178018825	0.1230139218698588	0.09551794395377772	0.0477962564975762	0.08506305322763046	0.19430433658671342	0.07523070544070776	0.021044053597962478	0.26286683865984406	0.0375351359879102
0.043880563210329626	0.1489548568291186	0.11203946108001034	0.04160397128319426	0.09794085769800363	0.18695498624586065	0.06757021181649166	0.02322042942793942	0.2310564809215775	0.046778181487474334
0.06487470007796935	0.1344828304411295	0.10493707971121118	0.03663223065229758	0.09283841283322827	0.17718786162880806	0.0715708226380356	0.03319823903245671	0.23007682585544542	0.054200997129418255
0.05603617699106109	0.1125228635143592	0.1414515257088656	0.049266964389327705	0.08688290741320456	0.17433004680246575	0.06909776462707545	0.01474752519633396	0.2533374885750573	0.0423267367822494
0.06257927476800204	0.13389362609160976	0.10467108507303281	0.037478553173654935	0.08597571109972724	0.18157871861758607	0.07592100493716801	0.02157993600469378	0.24346555907228745	0.05285653116223786
0.06565284349214708	0.12408403267232809	0.14826305873264067	0.043689865944066375	0.08863822637468358	0.16973298225231198	0.07284895173442092	0.01592742257622494	0.22394279489597718	0.047219821325199154
0.052816132076631876	0.13143796290653115	0.10902043835363055	0.03890535532733858	0.09670682360373535	0.18879826882099912	0.06872393206253903	0.02689625885177646	0.23464277165716174	0.05205205633965611
0.060181579932283354	0.14967809243255928	0.08446423436249087	0.037298611681543914	0.08877951096697519	0.20514264216976524	0.07324638682772887	0.01786778249666142	0.24445328331538935	0.03888787581460258
0.05804190067927991	0.15056798102962002	0.09007370288252721	0.0482671350651581	0.09803519442699321	0.1532236763478688	0.07794581580958883	0.020152403372406397	0.25226301053743433	0.05142917984912322
0.0640364632726853	0.14299211231527154	0.11257275678409834	0.036395904985423805	0.0932845084424207	0.1651881596053621	0.0681808673653124	0.022971079995714017	0.24777987180400474	0.04659827542970707
0.04270250495524581	0.13531259378371222	0.10436392043822007	0.04687728387444533	0.08708870857173814	0.17399196563083646	0.07586187319473929	0.025045187164628765	0.25737272513859644	0.05138323724783745
0.04752692912236695	0.08961616872098428	0.15407553489187165	0.04280131785999309	0.08765797075899837	0.20420740606286675	0.0724069086430171	0.01568738738419291	0.25301595339023997	0.03300442316546892
0.047680542180343365	0.1586762844681491	0.08574936103554183	0.047341665233323275	0.09461005378788831	0.19655139540922695	0.07552652179136275	0.01952434143065565	0.2217078616112454	0.052631973052263366
0.05672928894904922	0.11048920778420089	0.15046019176250508	0.04435301755910482	0.0955183212967111	0.16837417865502396	0.06800558835379278	0.023190469885685724	0.22828021401672743	0.05459952173719897
0.04432760662446277	0.11248329807094222	0.12050346210018634	0.04498891742726431	0.08593230473843882	0.18683503945107593	0.07651950700261807	0.020172153343204352	0.2538079617769627	0.054429749464844454
0.06712172553686999	0.0957562543068206	0.14429418044425313	0.04493459544097575	0.08550239070153862	0.20614414441800602	0.07380048496140686	0.019341554883863465	0.22320131837271728	0.03990335093354825
0.06458235146958163	0.07625963101073997	0.14666305370578886	0.04187569105202294	0.09633606065058739	0.16149290231257094	0.077854099041455	0.0246941018413043	0.26545192248456867	0.04479018643138027
0.04016274824487067	0.08211866463765041	0.171353650631141	0.04642127770946652	0.09799483733466435	0.2022994001540222	0.0686110980989747	0.030554308969411248	0.21673598343227168	0.043748030787527224
0.04029756019470675	0.1297753390357394	0.15742932275693527	0.039602387067501264	0.09432851170678874	0.14870788510132985	0.0674395868252837	0.027768701263748932	0.258583372749712	0.036067333298254095
0.05415744469927556	0.13010635215783756	0.1143391760216709	0.0432876794611509	0.09652975734789732	0.1919223980695725	0.0704035291973239	0.028878383402751243	0.22980944562102018	0.04056583402149991
0.05794417954009543	0.12240308010737415	0.1404317282860466	0.036540792903031874	0.09571905064932201	0.16727128096902336	0.07212841015457074	0.031053350429250906	0.23041320586068198	0.04609492110060295
0.04653740792782475	0.12828353933622313	0.10111466399911243	0.04776861996879722	0.08849377807465136	0.20014561173121576	0.06665928034795263	0.02003779339930918	0.2563748084868352	0.04458449672807838
0.051022376824609875	0.10930661710889227	0.1292428125398535	0.04150340009554667	0.09555335218063325	0.1794304440752042	0.06908215327655252	0.01867427910312207	0.2464861033687466	0.0596984614268391
0.053697486232539886	0.08645588740101766	0.15816958660350583	0.04681833801528087	0.08963530532178784	0.17135339521731063	0.07860139399191347	0.03036148326386119	0.2327054501620367	0.05220167379074589
0.05490366862140239	0.11380411366469803	0.1188781764676144	0.047944182372853646	0.09390372023233583	0.16906433130232648	0.07606935209996027	0.020633712354919148	0.2705314440037353	0.034267298880154465
0.040058189980663246	0.17158543835785056	0.09820362147504529	0.036047382675387554	0.08498652646493646	0.17104988922157854	0.07504743071495915	0.03199981129032309	0.24674159316536326	0.04428011665389282
0.049752050193018864	0.10011752598656593	0.10984299736662198	0.04246451859406706	0.09180867435328041	0.18064941287143532	0.07618318307731864	0.02948466843803718	0.2650136570289919	0.054683312090662725
0.046325389597854656	0.13278787086041496	0.12033330749333176	0.04760866185735862	0.0868445911705473	0.19689371729151525	0.07603255070355634	0.02396793454483545	0.21746358334555702	0.05174239313502863
0.060817423910732596	0.17440462547387567	0.09278732367698446	0.048731668841709555	0.08495367940975487	0.1741698599904627	0.06921213321024693	0.012771799481549675	0.2483274921637122	0.03382399384097143
0.05975361565534755	0.10370663889352479	0.1202991364259379	0.04190105860997235	0.09542330006311849	0.16319565984739978	0.07000049805393316	0.03308536675918074	0.2534603808049943	0.05917434488659096
0.05105834038615934	0.13836056193587387	0.09823991189703382	0.04179372373949135	0.08626218393380562	0.19010508698317496	0.06707125193126806	0.032566422902302175	0.24873112575263656	0.045811390538254296
0.0607500506166425	0.09491419995945077	0.1077503091057632	0.04079002362267902	0.09541940288116457	0.19355582604843968	0.07380132337742307	0.021166368252087356	0.25354672507841425	0.058305771057935524
0.06626709882802595	0.07761141342167174	0.1320344182536475	0.03940731283771952	0.0927883514163866	0.20207241823987107	0.0755624266523943	0.015211068605906791	0.2525915084248728	0.04645398331950372
0.039602963571095544	0.16491656739425856	0.13050299919286634	0.03743860184189185	0.09185313473814215	0.15552011176287175	0.0688323422221195	0.013908596099666201	0.24843718733219372	0.0489874958448944
0.05901727585665646	0.14120568310083748	0.13326556274383902	0.03829506677976289	0.08573389097179006	0.1844365443746564	0.07659200692173934	0.017951837272915078	0.22968178257637706	0.033820349401426225
0.03985756390017624	0.1521629536731836	0.14865029363931168	0.03932809477569611	0.08785828165363464	0.16421432146893683	0.06890812396828241	0.018066189277266595	0.24313105304321014	0.03782312460030178
0.05377854294981502	0.1344611550104699	0.13240247307060382	0.043589043268021044	0.0980576398241813	0.1509148961615997	0.0780314444524092	0.033100820125784094	0.23804513838543773	0.03761884675167822
0.0652076287439489	0.0855797791309338	0.12106676413475974	0.03631264874545742	0.09531938225455856	0.17230698953176904	0.07796222936062566	0.02807668537070443	0.2636812499323511	0.05448664279489132
0.043804584557250795	0.11680086641519025	0.14233716128967733	0.03865555155340378	0.09606795933820715	0.1667005296891455	0.06833037934467553	0.01677666987544041	0.25208694005737203	0.05843935787963721
0.059300225486997094	0.09885725972908257	0.10015221043467651	0.04751910442096867	0.08471832981574665	0.2030295189308442	0.07086712723047811	0.026254564557968804	0.24991536002105708	0.05938629937218031
0.06505109053829206	0.10521841094393693	0.10650989408845093	0.042671889446513164	0.09076741502329615	0.1989627956386036	0.06649790865112656	0.02647330933355492	0.2463802020070055	0.051467084329220175
0.05043922189348152	0.160221132510541	0.11184310346465474	0.03770160547336515	0.08602149208803421	0.15500422734351688	0.06932603222383034	0.031148687741917605	0.24456105430244263	0.053733442958215985
0.05262375193450509	0.12252905952211424	0.11189143370301355	0.04015946005329553	0.0972818593975895	0.16154858523424415	0.07741046126636171	0.028794661586314427	0.2617513072564974	0.046009420046064356
0.05117067091988932	0.14219842366117655	0.1322028544232836	0.03638324595742222	0.09421142605559756	0.19359855949970625	0.06930214214810858	0.02092528002790403	0.2271961577963355	0.03281123951057634
0.04060679782682704	0.1678899602863204	0.08210130575778861	0.03948914083862525	0.09751675345692065	0.19121135708681594	0.06941483559196486	0.03182245198819178	0.22926651739808723	0.050680879768458274
0.05263869595150163	0.15006427928707444	0.12183555212056933	0.03665104867587064	0.09000566003076697	0.16141341930395284	0.0694537380216044	0.01694081640545246	0.26615292203342056	0.0348438681697867
0.04608291100063561	0.122139540862143	0.1627163907675112	0.040911078992958545	0.09001798457472977	0.1580389966360854	0.069571684642151	0.02789432559868496	0.2441939748242707	0.03843311210082985
0.04027198519580737	0.1499884000867216	0.13524737109761747	0.0402384845901256	0.09149822848126193	0.15604682269013936	0.07714528762487123	0.017307259746733847	0.23501188524661942	0.05724427524010223
0.055098402652776	0.077828710547308	0.14280277002405625	0.046479764118306045	0.09783642583294272	0.17400529466552256	0.07704640299898084	0.024679582934441863	0.2643032037866843	0.039919442438981385
0.06013535504787168	0.1092101434002586	0.11356166252483914	0.046705472351400136	0.0864669989097788	0.20714781740149496	0.07454675356183527	0.013234319854661863	0.25079392675341367	0.03819755019444586
0.04024532652548416	0.152609362268694	0.11746458601413613	0.0430309953158259	0.0977137199322545	0.1910716248992192	0.06779703480088742	0.023654966774414046	0.22625570992149246	0.040156673547592114
0.0673582967457432	0.11253957283782491	0.09771449915640255	0.048244242001480364	0.08579014798700224	0.17865484125386172	0.07135766434315444	0.022324594560653208	0.25745184704580915	0.05856429406806826
0.0667171931128702	0.14844741987627824	0.0879946052327884	0.04866037317679803	0.08655166206969826	0.1638411993745828	0.07533046701289262	0.019228214648472214	0.26041661357053963	0.04281225192507966
0.06014675774041277	0.16727905756556644	0.08439383696068062	0.04512749590423948	0.08991820870563334	0.17056627317140144	0.07292074427825491	0.017345598484362734	0.24672672723515887	0.045575299954289376
0.04990700276849474	0.1723589539933244	0.08440683761591831	0.04763555527191641	0.0875065996691036	0.16397586747195939	0.07421292978477588	0.024376212642117964	0.23725343151881634	0.058366609263573
0.05313950687868142	0.13757030341546816	0.08512435993816288	0.0398167537409288	0.09704619882667492	0.17096941972792407	0.07638122492606646	0.01853651757468841	0.2702550785817709	0.05116063638963395
0.05398085964868135	0.16990155092322645	0.09609044636181885	0.037546036532112394	0.08518056645280106	0.15301280146323754	0.0695461107267933	0.01910772652692215	0.2615320143472068	0.054101887017200076
0.04766247881358472	0.1284926100343753	0.13793497029595542	0.042921230480570616	0.0976079021163117	0.18358648521966198	0.06829376478818117	0.013914903831737047	0.2345681276592736	0.04501752676034848
0.06703750525214199	0.1296706096600057	0.1365112818654287	0.04510704370597269	0.08670991361492586	0.18416673079024762	0.07548142817936895	0.012773698029599115	0.22212362660659518	0.040418162295714155
0.06207847377963617	0.10582832435273248	0.1558844166561619	0.040841982234333926	0.0924886302093625	0.16069858671328474	0.07572604960415215	0.02975666930833358	0.23758254172890497	0.03911432541309755
0.06284434957310482	0.10196263282807042	0.09582426834513409	0.03849890342294965	0.09479555921990446	0.20616783894834984	0.0744969814932824	0.017142591708097427	0.26342506186414416	0.04484181259696274
0.05695131270967423	0.07900433730352172	0.13013246811999762	0.04024314556036545	0.087699177939803	0.20424621831035566	0.07382842798695662	0.03226446718459686	0.24249279258584516	0.05313765229888366
0.06461996104743156	0.10720962369386773	0.1407409118731615	0.04074949865218797	0.09170381253463317	0.17389192361705808	0.06847857922458206	0.022658400902305684	0.24609462300288604	0.04385266545188622
0.06753737057177889	0.15321569281645708	0.08108727541570444	0.042934177916394284	0.08612160910010101	0.1665137094518122	0.0676253125352949	0.027496834401923215	0.2715068991249032	0.03596111866563073
0.04021756130114247	0.13050841899012058	0.12759202652487256	0.04148056412266744	0.0873029054441427	0.19093773697368271	0.0675152570044856	0.03316528282108244	0.2460958673594607	0.035184379458342824
0.06567241915208434	0.14603503507728832	0.10576603571714326	0.04744775761125049	0.09218104385302511	0.16795670568587312	0.07703596270613138	0.020345693667114584	0.22756247276340452	0.04999687376668485
0.042124589522588345	0.09004579837237997	0.16831583815326978	0.041595513214417	0.09017484005058352	0.20069841835579735	0.07521360611757945	0.02526769042939775	0.21755816578965864	0.04900553999432822
0.04053069230759464	0.10709401659985808	0.1194804738747488	0.03808656153746876	0.09464847515667472	0.1963684621468981	0.07228450269534009	0.01912109725672266	0.2675775101132221	0.044808208311471955
0.041514584906939406	0.16815909052594336	0.09660613851864114	0.03664861560851829	0.09730765914473799	0.193130798371526	0.06661625140324079	0.024229141251811845	0.2429395505564077	0.03284816971223349
0.06264628480013185	0.1398657977598522	0.0811372260619142	0.04007123125444883	0.09821014692649405	0.1986649267287962	0.07004699570919082	0.014362259877744796	0.2517290464196002	0.04326608446182685
0.04504582709221836	0.10863951940124293	0.15083154260552475	0.04348522935372904	0.085532466684639	0.17523894802156492	0.07521050887978756	0.030234895785450744	0.2445028918588576	0.04127817031698507
0.04303077928372961	0.11662485115537649	0.13746578775000437	0.04026063040369086	0.09108949165239162	0.1802289031922854	0.07805714069576533	0.01674059519967709	0.25133684837316705	0.045164972293912205
0.06432947219238952	0.09560453177649127	0.11628799488621515	0.04027514620632511	0.09819952147432903	0.18500512098646335	0.07352644379824094	0.02035415159154705	0.25381033599934993	0.052607281088648636
0.053572608026479805	0.1487537045348273	0.08727412641943261	0.04414363236485329	0.08515008056817037	0.18578372687554606	0.07320234628562883	0.02781942759790028	0.23749226351459568	0.056808083812565774
0.05243419061442461	0.1661173730490596	0.11338398028670058	0.0448295900526397	0.08758359068822588	0.18272337099166175	0.07065079974000411	0.03317616735884921	0.21624105017216866	0.03285988704626587
0.0593595007960658	0.08316309916065193	0.1229987275231236	0.04052053678852576	0.08930364766807924	0.19078187572282912	0.07505688633179444	0.030179276836350674	0.24899988094489212	0.05963656822768734
0.0649038439080932	0.12410374900044119	0.11675616363874985	0.039150786201367145	0.08753014055945985	0.19460285449602488	0.0713569953393744	0.01670129337456973	0.24906620912663685	0.035827964355282904
0.05749343027174806	0.1408219817800314	0.11444763008400022	0.0440367971018414	0.09343825333478438	0.1874546624733029	0.06879921251514726	0.030965754565478676	0.22455535088793271	0.037986926985733
0.04732596939245105	0.08686641358955209	0.14627182939143674	0.039620943066518616	0.09399207628389789	0.16833667260348456	0.07466529321213819	0.022166680201243225	0.2612936036750817	0.059460518584195994
0.0433448342613804	0.15912371735591796	0.09101872625232503	0.045634298948240275	0.093532574459801	0.1570302296324582	0.07832436599344571	0.015860571416487612	0.2619003198330093	0.05423036184693451
0.05361347952500841	0.10427883749002093	0.14293075177552764	0.037968970124102754	0.08719217024945726	0.18942857916337977	0.07495477206621787	0.017005570200197814	0.24929072720318868	0.04333614220289885
0.06680841346828376	0.1634448010618305	0.09016381567774645	0.04204769596708839	0.0872087899449693	0.1833524079543448	0.07599602811456099	0.03364586167753468	0.21819086127497145	0.039141324858669654
0.039114356033144414	0.07719209716581961	0.17277044282878623	0.042500809721991675	0.09745107987052438	0.16086324971107424	0.0727966513144081	0.03423701393192562	0.24535743441264463	0.05771686500968115
0.06490985550557204	0.0934960005356298	0.15353295496140307	0.04802718337165007	0.09592204122793624	0.16992285589858896	0.07238156917470634	0.026330411165426365	0.23562810069844775	0.0398490274606394
0.06761175575495768	0.09498411586772751	0.15481269103720513	0.03789144065334613	0.09386535468321185	0.15087310318744512	0.0778176059862693	0.018986837885300742	0.24638061547509532	0.05677647946944122
0.048465838345385995	0.09486491609416405	0.15468868194645938	0.04843068474318195	0.08959892845555809	0.1989686847780181	0.0679268013089554	0.026273064000758836	0.23179546152828961	0.03898693879922864
0.06322223588685458	0.07454638113842149	0.17064234577934986	0.03961974080096898	0.08780461928961565	0.17315416823648094	0.07172207868843203	0.027631069194516425	0.2455438086409108	0.046113552344449214
0.040574788257901735	0.08856286905353263	0.1338913232429677	0.038931699398821906	0.08933333502342662	0.19540330968433	0.06932389435276612	0.03279942965600609	0.2534953654859434	0.057683985844303766
0.06091461160087639	0.07402976737653057	0.1482728251287753	0.04255464221303336	0.09552102039479206	0.185079200820965	0.06958730721738762	0.02460840634475124	0.2517043716053646	0.047727847297523884
0.04785164148870811	0.13050197717398546	0.10951774458864011	0.043347077925069866	0.09079661842125496	0.18740595922921072	0.07147142879112872	0.02111498603933401	0.2591387045157402	0.038853861826927835
0.0655278358093842	0.10565794695633897	0.1454724129289499	0.047153521822979876	0.08922942180788482	0.17840211007418605	0.06954821241516083	0.021087475899790972	0.24332964014210073	0.03459142214322365
0.05831247663812754	0.17239720263753971	0.10789282457388027	0.040335146118220595	0.09035035302651308	0.15965635077856233	0.06980338160612709	0.017196047058962327	0.24353507434874633	0.040521143213320725
0.046530255082836126	0.11352359940360932	0.09072294478536587	0.040627910720545175	0.09335770560200861	0.19863967457215348	0.07376609640220338	0.018688897139434002	0.26840229237026636	0.055740623921577685
0.052550115544208895	0.1695058811068767	0.08668446781926756	0.041460409203404304	0.09646961319231018	0.18616209685567553	0.0714953686807594	0.03178050166211337	0.22040752602944758	0.043484019905936484
0.06777227504816921	0.15535664242020827	0.09004826379050887	0.04440725858948983	0.09783235808294725	0.1599809819397975	0.06858554650315599	0.03074699947732558	0.2274146652653301	0.05785500888306731
0.04789989220956317	0.1280146186588641	0.16419086766482677	0.039891369085474235	0.08756138693314601	0.18176953693603165	0.07872528738567598	0.01850879492923478	0.21912396131277634	0.034314284884407006
0.03940041476277484	0.10624140540149173	0.14838969832756171	0.04806229353320416	0.08600205535742138	0.1736797611083009	0.07286901181813168	0.03350304049349195	0.24331535692665912	0.04853696227096256
0.056444010535541836	0.15289756076322586	0.12549483218836885	0.04776672924200705	0.08463497301957282	0.16589364028754633	0.06817588007134859	0.023404003804207443	0.22867800425762125	0.04661036583055997
0.06485115706460022	0.10084948450689896	0.09073675126566749	0.04544545381996978	0.09351246379247193	0.19572371382897558	0.07177442573083026	0.01906448425177544	0.2654158600524844	0.052626205686325866
0.05819921990727651	0.09439284733633416	0.13394979753316175	0.04730539165647662	0.08507493128738165	0.14889289098435066	0.07408140606794553	0.030967095959427232	0.27023460067634125	0.056901818591304644
0.061572132622680145	0.08310693581416845	0.15413905433815545	0.03838514323594218	0.08618775869581091	0.19131257579761246	0.07204105140358981	0.018407397667083783	0.24383852744822304	0.05100942297673373
0.04538059058645137	0.12872955468948916	0.11729632585884647	0.03851628311531291	0.08487551751590595	0.19108418862612825	0.06902286799704697	0.018426748249030525	0.26766389333600266	0.039004030025785674
0.04350049808916979	0.1244145837688619	0.11933233398776337	0.04520497671667764	0.08879454393554007	0.15548815542924313	0.07495660205824244	0.01992526512034691	0.2684839057299889	0.05989913516416583
0.06409504216841377	0.1269539333786296	0.14085959098349682	0.04618466522611147	0.09227536561471546	0.15177819339926582	0.06679460768501261	0.033610503215466894	0.23396897997194704	0.043479118356940495
0.06533229100830482	0.0910305550461338	0.13340803412825727	0.04342969073230003	0.0885957595555294	0.15814742516205973	0.07860855552002956	0.016139981924433347	0.2675390254822389	0.05776868144071314
0.043283035948485475	0.14663930913629022	0.13989823682576083	0.04345864764083563	0.0884469733253387	0.14904206340579493	0.07231663962171345	0.024029868919771546	0.24011850868476875	0.0527667164912405
0.06664296284848019	0.11103252238250516	0.0902442381014974	0.048445411218754966	0.09273548210214992	0.19408557405083662	0.06664763970676899	0.01615935745332961	0.2572485206072471	0.05675829152843
0.0606678675492874	0.09818927547271104	0.09163666265968215	0.04391607148783583	0.09734229116817739	0.19769846779311015	0.07439966837665124	0.016172162714104904	0.2630716559170686	0.05690587686137124
0.049855247917995754	0.1382111835678222	0.15307426568387644	0.03779425983197581	0.08463276011320779	0.17397629836409928	0.0710776871625164	0.016552886028855546	0.2272721264383869	0.0475532848912639
0.05444527158170198	0.1051063103395594	0.1686001120582355	0.04387945701356831	0.09240769906623478	0.16743005591560242	0.0692820323112737	0.017803205394550464	0.23932969710408525	0.04171615921518823
0.04890665548343788	0.11544580382571361	0.11191446534931183	0.04465546661615461	0.09732748283283407	0.18579499097689645	0.0716805356569043	0.015906817047607658	0.25655640222664133	0.05181137998449829
0.04739136354831532	0.1634011955160362	0.08947123790977676	0.03914727780938313	0.09242820935835758	0.19547962171873354	0.06705418423372467	0.03340562612749151	0.22085420081122895	0.05136708296695233
0.04697848497885714	0.1560623644635229	0.13392891283055575	0.03874768777796639	0.08520476246185227	0.16029446659295804	0.06722498818952627	0.01810939372683007	0.25627478047296925	0.03717415850496193
0.06312523056481294	0.10299831041614128	0.1373099037691095	0.0397855336378413	0.08535898270440019	0.19331177414398465	0.07070356543149922	0.02963185105361442	0.22986170055913652	0.04791314771945994
0.05057094585816782	0.12326500900428733	0.1439011669716598	0.04737895795433321	0.09184184739773427	0.16524055834515894	0.0755445018066562	0.015184551959332923	0.22774310471387832	0.05932935598879117
0.05372610851571823	0.1360559582588594	0.10957141147699886	0.047842490405684994	0.08783696679120692	0.1920512287387739	0.07302077776618271	0.027442394868093814	0.21848509839579855	0.05396756478268262
0.050981645015815896	0.09249438802918987	0.17421650046307552	0.0412538596455392	0.0958729248557888	0.1655394725718694	0.06927794465255074	0.024697655836204938	0.22978452569792784	0.055881083232037755
0.053378511609972264	0.10700556833353449	0.14348824713002725	0.04510680856521157	0.09768027449386785	0.16233539213660644	0.07207353967570956	0.019777959654835184	0.2655370461661765	0.033616652234058866
0.055312484415109	0.17349813347565232	0.09112647681091843	0.03796866912981997	0.09255637439964905	0.15233956022945838	0.07731072878901152	0.03240611324647778	0.23823493418536634	0.049246525318537196
0.06186693403095328	0.1654550684459928	0.10124090469344675	0.039124677607247894	0.09661984616054664	0.15114677494694936	0.07772825081815907	0.015970816387940373	0.2330843368670143	0.057762390041749524
0.06757813543571353	0.14526024458859527	0.13191067813821997	0.048923399321871536	0.091627129405457	0.16002562977080692	0.06642989416075858	0.019911646327991542	0.22777969312323953	0.04055354972734622
