0.349507065034272	0.39810589303171295	0.2523870419340152
0.34941646188611725	0.40093068514359564	0.24965285297028722
0.34852083393473876	0.40111939793156837	0.25035976813369293
0.3497100966484882	0.39915596844264384	0.2511339349088681
0.35102746440519444	0.3992569325347323	0.24971560306007332
0.3502646760562346	0.4011406859886333	0.2485946379551322
0.34846120657336777	0.39814013305646834	0.253398660370164
0.34866021271709985	0.39865927585109234	0.2526805114318079
0.3503695083997195	0.40091973504418993	0.24871075655609076
0.3480217224188714	0.4011653945855058	0.2508128829956229
0.3489347742517553	0.3988172269044571	0.2522479988437877
0.3488365708739849	0.39911499755815516	0.2520484315678601
0.3489825170107849	0.3995391065724224	0.25147837641679277
0.3509613770663034	0.4002662765319366	0.24877234640176007
0.3486580270354085	0.4007076814961247	0.25063429146846694
0.3479722079804496	0.4006959392152418	0.2513318528043087
0.3485033720570693	0.40048425645098895	0.25101237149194183
0.34933007983245773	0.40137955189820373	0.24929036826933865
0.3491996569085896	0.39811710032251535	0.25268324276889514
0.35015190489636505	0.39851077380228866	0.2513373213013464
0.3484117473445382	0.39905528177320154	0.25253297088226034
0.3494772256560355	0.4006564770315017	0.2498662973124629
0.3488544237702234	0.39861633547787856	0.25252924075189814
0.350980592284696	0.3994825836105509	0.2495368241047532
0.35105486177651446	0.39949218217821264	0.24945295604527298
0.3493756084873713	0.39890042103263035	0.2517239704799985
0.35050927496190687	0.4004022872029975	0.24908843783509577
0.34950781965208777	0.3989573838660194	0.251534796481893
0.34951809586685334	0.39791992632484996	0.2525619778082968
0.34872171541607766	0.3980490251206712	0.25322925946325126
0.3494191814525356	0.39944102057542297	0.25113979797204156
0.35010339684079994	0.3981286810687407	0.25176792209045945
0.3486570621743129	0.4007363198285414	0.2506066179971458
0.3505795669674276	0.40037958137318763	0.2490408516593849
0.35026448026804646	0.39956108600079643	0.2501744337311572
0.35087903831600986	0.40079945825206675	0.24832150343192355
0.3509902290067835	0.4015344344898918	0.24747533650332484
0.35008334036257394	0.39937791870865064	0.25053874092877554
0.34823418927929595	0.3981782307470868	0.25358757997361736
0.34927827266360917	0.3983109439582143	0.25241078337817663
0.34961708923657947	0.4004996064479517	0.24988330431546898
0.3494949618058575	0.4003638771950088	0.2501411609991338
0.3493871678501146	0.39891769545371136	0.25169513669617416
0.3508041312589686	0.39894753876459876	0.25024832997643276
0.35038973263042644	0.4011445277779717	0.24846573959160195
0.34875436983038105	0.3985494589464677	0.25269617122315136
0.34813201323558657	0.3989197893625371	0.25294819740187646
0.3496725462464727	0.3990439362238133	0.2512835175297141
0.3496739551273103	0.40016768987262363	0.2501583550000661
0.34967466416042914	0.40096039608642775	0.24936493975314325
0.3490918682072998	0.40089810131219106	0.25001003048050924
0.35030926315850713	0.3989828204205019	0.25070791642099105
0.34922586014455215	0.4001892811272538	0.25058485872819414
0.34836391032588065	0.3978465993323992	0.25378949034172027
0.3492031682284364	0.4009142884985307	0.24988254327303305
0.35101624745501464	0.3991625885062346	0.24982116403875088
0.3499171953826481	0.4004156520847195	0.2496671525326325
0.3496492344813232	0.3990012065900719	0.251349558928605
0.3490299040542504	0.40153145544893637	0.2494386404968134
0.3486058958449458	0.40020972224224	0.25118438191281434
0.35067697725650365	0.39858615229016947	0.25073687045332693
0.3484949747797794	0.40154877056047455	0.24995625465974608
0.35075091766009747	0.3992089034019935	0.2500401789379091
0.350708188885016	0.3996606810023017	0.24963113011268245
0.3494474857814596	0.4013317004820471	0.24922081373649344
0.3486930409397401	0.3992568510511141	0.25205010800914596
0.34958160702261687	0.39868812141726767	0.2517302715601155
0.3504752016004329	0.4005983879292247	0.24892641047034253
0.3494581611152864	0.3980688859273367	0.25247295295737704
0.3489911516531863	0.3982096356037863	0.2527992127430275
0.3488649462128116	0.4013887457007414	0.24974630808644713
0.34837577089070715	0.4012841471825263	0.2503400819267667
0.35086344958083054	0.4004682371264774	0.24866831329269215
0.35051032128494386	0.39990118800395374	0.2495884907111025
0.3485432396117813	0.39974096207918275	0.2517157983090361
0.3489851053534853	0.39946520283401027	0.25154969181250453
0.3483902868568326	0.3986022083029057	0.2530075048402618
0.34966632049588453	0.399786854060697	0.25054682544341866
0.35000587068886757	0.39887004513216723	0.25112408417896526
0.35068919659578346	0.4002736801815867	0.24903712322262997
0.34824637548389553	0.398489885925026	0.25326373859107854
0.34973763093130456	0.39869055903702877	0.2515718100316668
0.3491539264120419	0.4000233152903744	0.2508227582975838
0.34822622407454873	0.3986109466441384	0.25316282928131306
0.349450511495768	0.39917509101820464	0.2513743974860274
0.3507271837980736	0.4000405554777285	0.24923226072419802
0.3502121709938948	0.3987308118771486	0.25105701712895667
0.3505482466012075	0.39883357422386384	0.2506181791749288
0.3486430465869982	0.39837297824571555	0.2529839751672864
0.34935848520600493	0.39911353049047577	0.2515279843035194
0.34978003800495133	0.398801399752685	0.25141856224236375
0.3497128434234483	0.39814444384212555	0.25214271273442623
0.3508452096400504	0.40139503682651634	0.2477597535334334
0.34909773037083225	0.3997364157934493	0.25116585383571854
0.34910413189347	0.401321232712781	0.24957463539374908
0.35015321495908336	0.39975817407656655	0.2500886109643502
0.34909598449134627	0.39934840669868577	0.25155560880996813
0.35018405833642957	0.40047442700907854	0.24934151465449195
0.34908472864443946	0.39900427781433206	0.2519109935412286
0.34842019389905715	0.39917950943755964	0.25240029666338337
0.349466042578725	0.4004590602214768	0.2500748971997983
0.3495847802042924	0.40132673164333404	0.24908848815237367
0.351066938001818	0.3999899231236187	0.2489431388745634
0.3494089314431759	0.39886252779357656	0.2517285407632477
0.34856532901341397	0.40147066770860607	0.24996400327798013
0.35016097148409514	0.401553341657145	0.24828568685875993
0.3484574039310739	0.4005819478719754	0.25096064819695085
0.35022806538986406	0.4009680368268884	0.24880389778324763
0.34805111978066	0.40074199672601246	0.2512068834933276
0.3508217587094808	0.40026957150684045	0.24890866978367887
0.3480401667693872	0.40023285748184867	0.25172697574876424
0.3504709669283133	0.39928148580487904	0.25024754726680776
0.34866326061864217	0.40091375143784735	0.25042298794351053
0.3508490137425166	0.39981037781936773	0.2493406084381158
0.3485192776558824	0.39819845193543696	0.25328227040868073
0.3511996390329761	0.3983682449251422	0.25043211604188187
0.34835065776336166	0.3979659027042299	0.2536834395324086
0.35057878910941953	0.3993681955571933	0.2500530153333873
0.3506920532672889	0.3986279167916804	0.2506800299410308
0.3508775429984864	0.4009088348543905	0.24821362214712323
0.34939088313750455	0.40064391728640525	0.2499651995760903
0.3493489332618939	0.39813169653888336	0.2525193701992228
0.3510481157762333	0.3985030315701351	0.2504488526536317
0.3505847046382236	0.39784485655535984	0.25157043880641666
0.3509479281529541	0.4007153415118009	0.24833673033524514
0.34806481985504745	0.3982079746972967	0.253727205447656
0.3486899022816066	0.4007906653256018	0.2505194323927916
0.3502628695116997	0.39966635665449546	0.25007077383380494
0.3494592847943443	0.4010568732870007	0.24948384191865514
0.3495906665378905	0.40113514689508467	0.24927418656702494
0.3499348100529811	0.4003588341202615	0.24970635582675743
0.34932004424912877	0.4005399929008115	0.2501399628500598
0.3480614475227177	0.39879718547230514	0.25314136700497725
0.3481387225671498	0.39857436339607377	0.25328691403677656
0.3482467450816885	0.39827657532487515	0.25347667959343645
0.3496386871324515	0.40020314213006375	0.25015817073748486
0.3503711567105779	0.39838668411112943	0.25124215917829273
0.3500070016529545	0.3992128448549658	0.2507801534920798
0.3485941542303167	0.39909404807374627	0.25231179769593715
0.34826117172799015	0.40074023009804616	0.2509985981739638
0.34896526751661633	0.39795201060711666	0.2530827218762671
0.34903647925890025	0.3989599317622304	0.2520035889788695
0.35045440867734057	0.4010404167024618	0.24850517462019772
0.3498750776782097	0.4007143118878759	0.24941061043391455
0.34847138679249734	0.4000171733318447	0.25151143987565805
0.3510062903093575	0.3988492246867489	0.2501444850038938
0.3487482155102587	0.39811606336581895	0.25313572112392246
0.3507622060915526	0.40040659392578076	0.2488311999826667
0.34981383018801004	0.40107281620697344	0.24911335360501663
0.34809584465345467	0.39898158870445727	0.25292256664208823
0.35116182475819213	0.40106887660985097	0.247769298631957
0.3483347201198615	0.4002831649459363	0.2513821149342023
0.35100254817513726	0.39791275045421126	0.25108470137065164
0.3488753760204621	0.39950564671668476	0.25161897726285326
0.3496540105487394	0.39839755994920456	0.25194842950205615
0.3482634850483699	0.4010983255781702	0.25063818937346
0.3482859814856888	0.39838649888206756	0.25332751963224376
0.34978832584731306	0.4002698990361934	0.24994177511649363
0.3495925127936039	0.40039226648506065	0.25001522072133553
0.3502007062912716	0.3988923355014352	0.25090695820729336
0.3483921979049333	0.3991767678423135	0.2524310342527534
0.34905908431321997	0.39886861114293054	0.2520723045438496
0.35000011671911624	0.39967132761544083	0.25032855566544304
0.35046119400345677	0.3994025851225829	0.25013622087396037
0.3483472538651178	0.3998752317712471	0.2517775143636352
0.3486671432828644	0.40009967965711063	0.25123317706002507
0.3481119585885354	0.39857108199085634	0.2533169594206084
0.34938522139052697	0.4001576865381752	0.25045709207129796
0.3496022847234865	0.39810861089693705	0.2522891043795765
0.34930759866489236	0.4007543070302833	0.2499380943048244
0.35106350202241254	0.4011090887597897	0.2478274092177979
0.3487745683970162	0.39845557905193285	0.25276985255105106
0.34992399568483373	0.3999358199910988	0.2501401843240676
0.34830881206393427	0.39835290635194176	0.2533382815841241
0.3502902027050155	0.39868180944415876	0.2510279878508259
0.35018122982346733	0.39930500407121655	0.25051376610531617
0.3503527607803522	0.39799937830041754	0.25164786091923036
0.34816776194699345	0.3994011947007396	0.25243104335226707
0.350563417057829	0.4009670615670621	0.24846952137510903
0.3490290745353308	0.4001642918603818	0.2508066336042875
0.3494461320972709	0.3998867770667123	0.25066709083601696
0.35103167590110246	0.39953078940642006	0.24943753469247762
0.35117348188099884	0.4010004908884566	0.24782602723054473
0.35056121301550325	0.398231416376129	0.25120737060836784
0.3485950527012289	0.4012696783373241	0.2501352689614471
0.3502649202154189	0.39841128267169124	0.25132379711289
0.3498107888705692	0.3991533163667204	0.2510358947627105
0.3508233931859027	0.40047257577420364	0.24870403103989377
0.34931109404320626	0.3986911533775335	0.25199775257926027
0.350936331064034	0.40014448066237374	0.24891918827359236
0.3485088810356453	0.4009959682850492	0.2504951506793056
0.3489304139916991	0.39816192446119963	0.2529076615471014
0.3485528751681981	0.39823651565233137	0.25321060917947064
0.35055911591266636	0.39983981216981346	0.24960107191752026
0.34917682196098715	0.4010899596544475	0.24973321838456547
0.34843207880599525	0.40041531424539595	0.25115260694860897
0.3502990638961648	0.40112438222603947	0.24857655387779587
0.34820042129634965	0.39819048183330374	0.2536090968703467
0.3501980791852415	0.39995761227771487	0.24984430853704379
0.34833642668997433	0.40090288161495385	0.25076069169507187
0.35104609396292574	0.400944874248527	0.24800903178854738
0.3499689651838959	0.3984296070483593	0.2516014277677449
0.35085067926245733	0.40069473378789344	0.2484545869496494
0.3483035215124349	0.39966386862462355	0.2520326098629416
0.35009484238397853	0.39866658045512754	0.25123857716089404
0.34934733460055667	0.4013595188690061	0.24929314653043735
0.35027302801175125	0.3981796238750178	0.25154734811323104
0.34930810982559113	0.4001924068591679	0.2504994833152411
0.3489130981556336	0.4001513957583297	0.25093550608603676
0.3507715941353009	0.4007495935120008	0.24847881235269842
0.3492000447663923	0.3980535635347996	0.2527463916988082
0.351122753431184	0.39827759975155896	0.25059964681725716
0.3494685456964258	0.39823094893890265	0.25230050536467163
0.3511612911135073	0.3980617470382919	0.250776961848201
0.3498018981333681	0.40084012936075775	0.24935797250587427
0.3504812878703841	0.39933605703866615	0.25018265509094995
0.3486070936955532	0.40046341303372024	0.25092949327072667
0.34958859192937114	0.3997040545753934	0.25070735349523554
0.34858631537953894	0.39958580839999575	0.25182787622046543
0.3503516751220327	0.3979847234620446	0.2516636014159228
0.34863404536378406	0.3980846841678919	0.2532812704683242
0.3501834338873101	0.4012286168816258	0.24858794923106414
0.3486594535717059	0.3992883370415512	0.252052209386743
0.35041801461912003	0.40098528044151693	0.24859670493936317
0.34850504983822495	0.3995521075111752	0.25194284265059996
0.35010731571447495	0.3981893695271357	0.2517033147583895
0.35081931212061546	0.39974631922726805	0.2494343686521166
0.34912855537088655	0.39953344723935424	0.2513379973897593
0.35021962958123415	0.39814332900396615	0.2516370414147998
0.3480448236839658	0.40091279465421126	0.251042381661823
0.34923591981048263	0.4005924334691393	0.25017164672037817
0.3507630681086875	0.40008244987178776	0.2491544820195248
0.35044551674660673	0.3991728807394707	0.25038160251392266
0.3505092532696478	0.4014510839855759	0.24803966274477646
0.35091784728730424	0.3995078073870997	0.2495743453255962
0.34987883108757545	0.4012842992549601	0.24883686965746457
0.34847581951182727	0.3986446517902879	0.25287952869788494
0.34928603623703286	0.3991218655047236	0.25159209825824363
0.34866144554588085	0.40009046916531055	0.2512480852888087
0.3494875440050695	0.3980720989708394	0.25244035702409123
0.34919506309408754	0.3997429526025159	0.25106198430339666
0.3482971830115465	0.39988063861734835	0.25182217837110527
0.350196219835171	0.4011013324493049	0.2487024477155242
0.350237016683869	0.400986528789023	0.24877645452710812
0.3482633697546828	0.3978130544900076	0.25392357575530966
0.34928870545156837	0.4012949245036908	0.24941637004474093
0.3489423141519482	0.4011021788788942	0.24995550696915772
0.34988069275931677	0.39865601661136624	0.2514632906293171
0.3491583965022481	0.3997394519939525	0.2511021515037995
0.34852826197719855	0.3979491398527416	0.25352259817005995
0.35083569380564217	0.3999233238897996	0.24924098230455832
0.34945574266649704	0.4004760013353868	0.2500682559981163
0.35097783413283656	0.40009251810570934	0.24892964776145418
0.350980587099837	0.4001276507543625	0.24889176214580067
0.34987907874685054	0.3999746571496968	0.25014626410345275
0.35074204259868796	0.40067782046319983	0.24858013693811234
0.3503389665150437	0.40071331326665127	0.24894772021830514
0.35101606745444536	0.3986052691098669	0.2503786634356879
0.35055914593859594	0.39940290324390376	0.2500379508175004
0.3507223780069377	0.40114402761160584	0.2481335943814566
0.3500811842688728	0.4013293833707954	0.24858943236033199
0.3501417850778308	0.39863871570460685	0.2512194992175625
0.3480746240608287	0.39944650949349675	0.2524788664456747
0.34806978110884657	0.40071801185278355	0.25121220703837005
0.3486535171885649	0.4005207310166508	0.2508257517947844
0.35050595048188127	0.3983474368403187	0.25114661267780014
0.35036992945312984	0.3981385021202862	0.2514915684265841
0.3500249877082084	0.4004588589979319	0.2495161532938598
0.3498342904488173	0.39856417081877565	0.25160153873240715
0.35040217266463586	0.399888891544162	0.24970893579120224
0.3484280100604231	0.4015409623389217	0.2500310276006553
0.34860939385846096	0.3995478711789192	0.25184273496261994
0.3491037447805221	0.3978382712734456	0.2530579839460324
0.3493619478803466	0.3986995785864679	0.2519384735331856
0.3492106339938964	0.40030395931410945	0.2504854066919943
0.34853564525673375	0.39865872139118547	0.25280563335208084
0.34916125490207306	0.3989126298966347	0.2519261152012924
0.3487460962475049	0.39788745709202544	0.2533664466604697
0.3482795258067388	0.39892405021302696	0.2527964239802343
0.3480793991860289	0.3981234445351445	0.2537971562788267
0.35022635690574755	0.40003241239212883	0.24974123070212378
0.3492348176424545	0.4014912620071991	0.24927392035034648
0.35084804565867633	0.3981063993041605	0.2510455550371633
0.3488621189941003	0.3980668507162169	0.2530710302896829
0.34794967994462894	0.39815580333696	0.25389451671841123
0.34984790052299447	0.3998832670905393	0.25026883238646636
0.35044471044743974	0.39826655648783804	0.2512887330647224
0.3483035776205988	0.40095054191479906	0.2507458804646023
0.34882843254596807	0.4007597588206304	0.2504118086334016
0.34852211784830245	0.3995810617409443	0.25189682041075334
0.3503030478446027	0.3990987581122644	0.250598194043133
0.3497646824249899	0.3991018007903691	0.2511335167846411
0.3492043628855899	0.4003791416246236	0.25041649548978656
0.35091835099546476	0.40073542816186597	0.24834622084266939
0.34937631791095286	0.400231591305888	0.25039209078315927
0.35093009505748785	0.3994128978503286	0.2496570070921837
0.3505951346323262	0.40042207806697705	0.2489827873006968
0.34915184741930144	0.4014010280141035	0.24944712456659518
0.3495015305500799	0.40117992058309143	0.2493185488668288
0.3491675725955774	0.39883180737471946	0.25200062002970325
0.34999613498696575	0.400136321276425	0.24986754373660935
0.3485445642785361	0.40136783988415414	0.2500875958373099
0.3481847411646178	0.40018386093534386	0.2516313979000385
0.349884556070703	0.40153237975290845	0.24858306417638865
0.3505185649533976	0.39919605790957097	0.2502853771370316
0.34953875781494653	0.39913635085918364	0.25132489132586994
0.34876806036161806	0.40136910813744264	0.24986283150093944
0.34872840570619884	0.39832947120561546	0.25294212308818587
0.3505912162265745	0.40046826257064866	0.24894052120277693
0.34978386256172256	0.39948801158889113	0.2507281258493864
0.35117273792315123	0.3984083917703526	0.2504188703064963
0.34831952091269985	0.39814775220366017	0.2535327268836401
0.34950483200839333	0.40098717148792207	0.24950799650368471
0.3485430954730002	0.40022188787697505	0.2512350166500248
0.3481174712307356	0.39894392516547894	0.25293860360378556
0.34843443297430315	0.39813159963672595	0.25343396738897106
0.35101737863187243	0.40139608573322716	0.24758653563490052
0.3498772999453859	0.3988366142411091	0.2512860858135051
0.3504160730732205	0.4013044000992731	0.24827952682750656
0.3494949456274546	0.3992107488558465	0.251294305516699
0.3508151593244309	0.3993192178485701	0.2498656228269991
0.3497544379024193	0.40038510518890974	0.2498604569086711
0.35116034654539213	0.4012425018324059	0.24759715162220208
0.34911396704669373	0.398214084226286	0.25267194872702037
0.3485523395743902	0.40032363997904113	0.2511240204465688
0.34905018661258674	0.398426691151206	0.2525231222362074
0.34866419504331253	0.4001579165223934	0.25117788843429417
0.35036324088732484	0.4012530586801748	0.24838370043250046
0.3490618063689122	0.39848637926414354	0.25245181436694436
0.3509852948220295	0.40076104001033586	0.24825366516763475
0.34943999184387803	0.3995660593188301	0.250993948837292
0.34990905470411315	0.39799800471726354	0.2520929405786234
0.34995042573487256	0.39955706896488064	0.2504925053002469
0.34873101340580326	0.39921364053240993	0.2520553460617869
0.35005991077609605	0.40102986311218924	0.24891022611171487
0.3492935257218892	0.4012493245499822	0.2494571497281287
0.3493021597951432	0.401416865526182	0.24928097467867494
0.34811651221246215	0.4004701724932607	0.25141331529427724
0.3497290311287157	0.4006584055693083	0.24961256330197612
0.35091386402981567	0.40100750615420383	0.2480786298159806
0.3489977150419801	0.39908665895232365	0.2519156260056964
0.3492225015581823	0.3988847606753324	0.2518927377664854
0.34995334069011774	0.39934811685790517	0.2506985424519772
0.3491089310175511	0.39824787343050694	0.2526431955519421
0.34900185275287154	0.39797953598091945	0.2530186112662091
0.35011417748231216	0.3989319668443787	0.2509538556733092
0.34940079073880564	0.39968044206849196	0.25091876719270256
0.35091882299151883	0.399537953302069	0.24954322370641235
0.350925476970682	0.4008762569250636	0.24819826610425452
0.35071145405079274	0.39823301842823067	0.2510555275209767
0.3499857465689902	0.39899805062406674	0.2510162028069432
0.35046584999212926	0.3997582282995071	0.24977592170836377
0.35022178345979066	0.39934590434387535	0.2504323121963341
0.3486912926664764	0.40052834345498084	0.25078036387854286
0.34985261340843665	0.39962844697249233	0.2505189396190711
0.35087222646614113	0.39786881017214953	0.25125896336170944
0.3510244493102089	0.3985701736418731	0.2504053770479181
0.3498590367038727	0.40110274088568787	0.24903822241043955
0.34855770370619243	0.401259126058879	0.25018317023492875
0.3500865019542503	0.4008645724925973	0.2490489255531525
0.35106548660879855	0.39944167496000976	0.24949283843119177
0.3496796734679203	0.3978429136877291	0.2524774128443507
0.34882466459792927	0.398477037186403	0.25269829821566786
0.35102568598949724	0.39942354303577304	0.24955077097472983
0.3481058850802972	0.4006380449344534	0.2512560699852495
0.3503550740332905	0.3989813066171084	0.25066361934960124
0.3494261323309739	0.39789904846623797	0.2526748192027882
0.34909265591310146	0.3994246418939299	0.25148270219296875
0.34819213547258027	0.4012922405393941	0.25051562398802574
0.3493402261130003	0.40063002529667935	0.25002974859032046
0.34834403783633244	0.40137024653352765	0.25028571563014
0.35021529023059117	0.4003128032180942	0.24947190655131474
0.34984098806998093	0.39849444558562414	0.25166456634439505
0.349385728971934	0.3991297535685384	0.25148451745952766
0.34867856794221275	0.3991223106362557	0.25219912142153167
0.3482737089337696	0.39812775634528297	0.25359853472094757
0.3492199404077025	0.3978659091971696	0.25291415039512805
0.3494519425453733	0.40006375252637455	0.25048430492825224
0.349674227642877	0.4002478485362313	0.25007792382089183
0.35079795352068055	0.3980837141069169	0.2511183323724026
0.3490630520031025	0.40148073232703263	0.24945621566986498
0.3485978650784026	0.3997878077230903	0.2516143271985072
0.3480294388828188	0.39802467818702303	0.2539458829301583
0.34910706777604694	0.3985001844297381	0.25239274779421506
0.34932080485479017	0.39962165406416655	0.25105754108104333
0.3503633258721518	0.40075394153958016	0.24888273258826815
0.351188702393607	0.4006258880963386	0.24818540951005447
0.35099356815341687	0.3984690964479287	0.2505373353986545
0.34952741244545343	0.4015354452925604	0.2489371422619863
0.34879766349579766	0.40006240350052225	0.2511399330036802
0.35047325914880373	0.3996474838819803	0.2498792569692161
0.34807957551549235	0.39929819081523754	0.2526222336692702
0.34838881283975826	0.39862933727664646	0.2529818498835954
0.35046399001488876	0.40047676869349946	0.2490592412916119
0.34809393386789755	0.3995005610497889	0.25240550508231363
0.35026959104555816	0.39943500859248887	0.2502954003619531
0.35110258301910025	0.39951867160252097	0.2493787453783789
0.3501153341854754	0.39917637478135765	0.25070829103316705
0.35079940790465614	0.3992742103076998	0.2499263817876442
0.3507716224475361	0.3999528997247824	0.2492754778276816
0.34910947402090575	0.3978429452217212	0.2530475807573732
0.3489007489932804	0.39802424447086593	0.2530750065358538
0.35114807365374495	0.39832097377846426	0.25053095256779084
0.35099956691497974	0.39836947833966707	0.2506309547453533
0.3495861825703315	0.3981095456057677	0.2523042718239008
0.3510288395863619	0.39993183308521996	0.2490393273284183
0.34863958845815524	0.40043108625107593	0.25092932529076895
0.3494789159138336	0.3997973869937565	0.25072369709240994
0.34817284397019194	0.4011404483376394	0.2506867076921688
0.3495018104271914	0.4003604586120496	0.2501377309607591
0.35082236358251623	0.40024676742385074	0.24893086899363315
0.3484033018955583	0.40050491087755696	0.25109178722688485
0.35033018319878595	0.3993023534361794	0.2503674633650347
0.35089324120435755	0.39878151734609174	0.2503252414495508
0.3497761334835109	0.39914805272047377	0.25107581379601546
0.35021416201974637	0.4004392250997847	0.24934661288046905
0.3510514394697396	0.3998228589708103	0.24912570155945019
0.34955015711758763	0.39820035296131556	0.2522494899210969
0.34865305068251695	0.40044205941303623	0.2509048899044469
0.350791564265583	0.400895725080452	0.24831271065396515
0.34874530601014875	0.39827463087927517	0.2529800631105762
0.35046187851638466	0.3987394214819752	0.2507987000016402
0.34952252698682457	0.3982123286697006	0.252265144343475
0.3483895210625648	0.40056392980057276	0.25104654913686253
0.3497418156700629	0.3990195564563973	0.25123862787353984
0.349119137542793	0.40027478265380645	0.25060607980340066
0.3481327361997876	0.39863947118466847	0.25322779261554407
0.3506723325077008	0.3979859098632321	0.2513417576290672
0.34812872484335133	0.3985894465039459	0.25328182865270293
0.3484250832148954	0.4005891272382707	0.250985789546834
0.34824012023292455	0.39807114944789723	0.2536887303191784
0.35009425182168996	0.40120801203642287	0.24869773614188725
0.3499648938141145	0.39870885870009404	0.25132624748579163
0.34903534061816444	0.3998244324046013	0.2511402269772344
0.34818101414533387	0.40107840235400266	0.2507405835006636
0.35067664595057213	0.40016242631942994	0.24916092772999804
0.348318200034065	0.4005947709491922	0.25108702901674296
0.3508022791924587	0.39911093095245165	0.2500867898550897
0.34928450103564096	0.3980185634480893	0.25269693551626987
0.3486264887907208	0.3984816561570375	0.2528918550522419
0.34962569209190136	0.39835999405855693	0.2520143138495418
0.3495690013342205	0.39863347983477637	0.2517975188310032
0.35022056681043023	0.3995868790168656	0.25019255417270425
0.3492195140930212	0.3984547526963584	0.2523257332106205
0.35057185908956295	0.39839909495802106	0.2510290459524161
0.35038306645456424	0.4011607003126606	0.24845623323277527
0.35093544722224373	0.3986876355305909	0.2503769172471655
0.3506187858993149	0.40146476250378593	0.24791645159689923
0.3510784756862057	0.3979232533071453	0.2509982710066491
0.34943183223633495	0.3989218649138683	0.25164630284979683
0.350747189314156	0.40097043028302826	0.24828238040281586
0.35119852352553516	0.3984799964145749	0.2503214800598901
0.35074755514520367	0.3980696432534934	0.251182801601303
0.34812309241067574	0.40008648690476	0.2517904206845643
0.3480489205693274	0.40007822727666426	0.25187285215400845
0.3481019764419183	0.4011784616230761	0.2507195619350057
0.3481461724868217	0.3991106322577575	0.2527431952554209
0.3497735577024383	0.3983169844271511	0.25190945787041075
0.3489986607214362	0.3979105769842138	0.2530907622943501
0.34954149145869445	0.4011346464934007	0.24932386204790496
0.3492204519797719	0.39866183572938163	0.2521177122908466
0.3506809757650227	0.40052625733727953	0.2487927668976979
0.3510510410483133	0.40058618353893605	0.24836277541275076
0.34912026560173276	0.4004357520029731	0.2504439823952943
0.3486410810875345	0.40042590535756206	0.2509330135549036
0.34900872582814313	0.3979209461750791	0.2530703279967779
0.34856038470230627	0.39913147740871363	0.2523081378889802
0.35098556303652967	0.39889489294944785	0.2501195440140226
0.3492861510673313	0.39868070157118973	0.2520331473614791
0.34853580482425106	0.40123917404582254	0.25022502112992656
0.34834537629780377	0.40086103816807284	0.2507935855341235
0.34843665716690103	0.4001779950335541	0.251385347799545
0.3487044831128521	0.4011912996023935	0.2501042172847545
0.3493421144513535	0.40035353230131965	0.25030435324732697
0.34846159128621135	0.3999082112615461	0.2516301974522427
0.3485045557198389	0.4001866624626148	0.25130878181754646
0.35083209154070166	0.39858615782373585	0.2505817506355626
0.3511962970990473	0.4002973555400923	0.24850634736086047
0.3504915844180922	0.3986954902911294	0.25081292529077853
0.3496585668553607	0.39998682950143843	0.250354603643201
0.3489612341319791	0.3978888282983464	0.25314993756967463
0.3501755317570866	0.397803793209896	0.25202067503301756
0.3484995620869917	0.4000991279395897	0.25140130997341875
0.3496368143182428	0.40064347394399646	0.2497197117377608
0.35050546156078904	0.40148181889764367	0.24801271954156734
0.3491387143239987	0.40052647741165875	0.2503348082643427
0.35083663528338205	0.39898106695548835	0.2501822977611297
0.3493632451505943	0.3983101011368528	0.25232665371255303
0.35116738986622864	0.4012530559165146	0.24757955421725686
0.34845455500580413	0.3979293323756265	0.2536161126185695
0.348993986843436	0.4000835342187633	0.2509224789378008
0.35081145072788816	0.4005165877496314	0.24867196152248056
0.350993546653878	0.40138104064345226	0.2476254127026699
0.34917780644693147	0.39963111657238615	0.2511910769806825
0.34879816116821827	0.3998716516132934	0.25133018721848843
0.3502363559349032	0.39855298123209865	0.2512106628329983
0.35023427658778583	0.3982477224289874	0.25151800098322685
0.3484916717466915	0.39938348752408737	0.2521248407292212
0.34952130809865944	0.399758986189035	0.2507197057123057
0.34903303381877343	0.3994996437306678	0.25146732245055886
0.34936321663321945	0.4002612394723226	0.25037554389445804
0.3509424786627452	0.39869875890467277	0.25035876243258215
0.349566673151813	0.40096278179251355	0.24947054505567356
0.3490117100590601	0.4004738964773469	0.25051439346359305
0.3485534733216345	0.3989718248062794	0.2524747018720862
0.3503759163191376	0.4002648680099564	0.24935921567090608
0.34925172683914296	0.3979646756169165	0.25278359754394064
0.3484473904395058	0.3994196475832824	0.2521329619772119
0.3482793925660013	0.3986757834659972	0.2530448239680016
0.3503400509042479	0.40076815872048077	0.24889179037527145
0.34825448751903787	0.40121637578764746	0.2505291366933148
0.34891735696175	0.4006859011306095	0.2503967419076406
0.34865357803021735	0.3979784589714913	0.25336796299829145
0.350890004429163	0.4004516146091195	0.24865838096171758
0.34955883176847313	0.39999782819576757	0.2504433400357594
0.34813813727931076	0.4014250587949262	0.25043680392576323
0.3506720044927247	0.4003242167861957	0.2490037787210797
0.3486017613333049	0.4010738937882088	0.2503243448784864
0.3496384217580122	0.3988049680724223	0.25155661016956565
0.35104505773873423	0.40098733055710334	0.24796761170416254
0.3500036525824214	0.39931727949441087	0.25067906792316785
0.35066590330663927	0.4012456094239436	0.24808848726941723
0.3489407766300071	0.40135750983604884	0.2497017135339442
0.3492468907122506	0.3995739010948674	0.2511792081928821
0.35101809706611076	0.3988985167786813	0.25008338615520803
0.34825602476637263	0.4002872181822732	0.2514567570513543
0.34846039176007654	0.399153369605187	0.2523862386347365
0.34806660942890444	0.3994961590425795	0.25243723152851616
0.350331286111093	0.40062104961347456	0.24904766427543254
0.3500106681522756	0.39948785792789154	0.25050147391983296
0.3490059230135752	0.3996641566225848	0.2513299203638401
0.34836486932742217	0.4014847347813694	0.2501503958912085
0.3500974726873693	0.4005849906360513	0.24931753667657952
0.34971691672846594	0.39820400643939596	0.2520790768321382
0.3511425641907205	0.40123005682556856	0.24762737898371107
0.3502002529164025	0.39973298824126247	0.2500667588423352
0.35024241983196414	0.4002481444483654	0.2495094357196706
0.3508966370631499	0.39814107226993917	0.250962290666911
0.35074988761471415	0.39872368852255413	0.25052642386273183
0.35045226918809913	0.4008917908197009	0.2486559399922001
0.351064842007193	0.3994288298044203	0.2495063281883868
0.35084666154361466	0.39817444033690375	0.2509788981194817
0.3490187827659942	0.39827459035615426	0.2527066268778517
0.3495327727315365	0.40104915416298886	0.24941807310547476
0.3510970508592495	0.3993642053404665	0.24953874380028407
0.3507920912405446	0.40034591717335977	0.24886199158609576
0.3506677174974647	0.4009565775060209	0.2483757049965145
0.3507273421792384	0.3980941184379642	0.2511785393827975
0.3498167615944324	0.39943336728021966	0.25074987112534797
0.3492020020250054	0.39801262417744365	0.2527853737975511
0.3498423001380985	0.39921047513470104	0.25094722472720055
0.34862773637032274	0.3979094204099871	0.2534628432196902
0.3486371630715721	0.4014458915255375	0.24991694540289047
0.3489206240495677	0.3998810875119192	0.25119828843851316
0.35106169019583844	0.3994985891100953	0.2494397206940664
0.3507562305204656	0.39995547709470447	0.24928829238483002
0.34852712761781535	0.39821603898915664	0.2532568333930281
0.3510066641319522	0.4014423363089948	0.24755099955905313
0.34916546703079365	0.3980059797388593	0.25282855323034714
0.34894636767749987	0.3996756272376709	0.2513780050848294
0.3481818335209356	0.399839245355045	0.2519789211240195
0.34874571020504236	0.4011951768927867	0.25005911290217103
0.34860408299016676	0.40098481552899123	0.2504111014808421
0.35092169280610325	0.40037148642660836	0.24870682076728853
0.3496822965473956	0.4006578830536499	0.24965982039895465
0.3492462632626404	0.39865884518499606	0.2520948915523637
0.3503749635807333	0.4006821543473336	0.2489428820719332
0.35086856897486673	0.4005366544155077	0.2485947766096257
0.3511393557589291	0.4002646456353739	0.24859599860569714
0.3488868470071885	0.39805009536546526	0.2530630576273464
0.3485060376464545	0.3998664477194608	0.25162751463408484
0.3503223957336413	0.400624480809388	0.24905312345697075
0.34839216645488014	0.4013962077532175	0.25021162579190254
0.3490598743201369	0.4013928502857645	0.2495472753940987
0.3506935043128135	0.40142130021420996	0.24788519547297666
0.3490998082579102	0.39942913756161386	0.25147105418047605
0.35035264763464435	0.4010115429389761	0.24863580942637958
0.35033262871957277	0.4007849214166312	0.2488824498637961
0.35044235360393267	0.3989570732669471	0.2506005731291203
0.3494700630192681	0.39849019963291554	0.2520397373478165
0.3500053407114921	0.4007409425221573	0.24925371676635072
0.3493304100803887	0.3981073379167191	0.25256225200289234
0.3496357416872656	0.3989035656089639	0.25146069270377064
0.3489221659024001	0.3988623732213158	0.2522154608762842
0.3504824523700098	0.4014289498578679	0.2480885977721224
0.34818037321038864	0.4005971031732045	0.25122252361640696
0.3481315606830916	0.4006263556348828	0.2512420836820257
0.350662658546687	0.39992852800562395	0.24940881344768914
0.3480623225329409	0.39943676487460145	0.25250091259245777
0.34948753962146734	0.4006678914186973	0.24984456895983545
0.34854928166082955	0.4009220879909974	0.25052863034817324
0.35053194452996883	0.40101180389801094	0.24845625157202034
0.3483241764807711	0.4000048360880991	0.2516709874311299
0.3503459428596719	0.3985505530370411	0.2511035041032871
0.35077592691195275	0.39799445144721013	0.2512296216408372
0.34817756367858654	0.3995451092599702	0.25227732706144335
0.3487874180130453	0.40093958467270524	0.25027299731424957
0.3510856802339333	0.40014677811905186	0.24876754164701498
0.35022797243395687	0.39970417494686683	0.2500678526191764
0.3511521018892918	0.40099950309513405	0.2478483950155742
0.3492616995944245	0.3992924595727589	0.25144584083281674
0.3492729543221565	0.3996543453832549	0.2510727002945887
0.34914589369125315	0.4012571018460239	0.24959700446272304
0.3510777261295155	0.3985670243857611	0.2503552494847235
0.34856725361137175	0.40103204897565503	0.2504006974129733
0.34874224547706556	0.39879772726284	0.25246002726009453
0.3492108689362246	0.3989912433184265	0.251797887745349
0.3485727277294037	0.4006298094737186	0.2507974627968778
0.3503245742279341	0.39825260970714244	0.25142281606492356
0.3487921252717728	0.39964311365081395	0.2515647610774134
0.34948722426350326	0.39954281421356175	0.2509699615229351
0.350006977681223	0.4003873660768249	0.24960565624195222
0.3499895364142496	0.4004874052130978	0.2495230583726527
0.35039853479212163	0.39892438755860127	0.2506770776492772
0.34853345784821976	0.4001277283000746	0.25133881385170576
0.3503474255616702	0.3989170838258478	0.2507354906124821
0.35089306673995824	0.3991122341072581	0.24999469915278377
0.34875117716073106	0.39975040144796703	0.251498421391302
0.35113128283906614	0.4003908422251153	0.2484778749358187
0.34939240813698247	0.40004584273006605	0.2505617491329516
0.350843241970821	0.3982419692622795	0.25091478876689965
0.3487895878614568	0.3981446439126537	0.2530657682258896
0.34947152356872885	0.40123733228225467	0.24929114414901662
0.3480434428308416	0.4014688259270257	0.2504877312421328
0.3481091640350926	0.40059671010680103	0.25129412585810645
0.35057726484087604	0.40061812883354897	0.2488046063255751
0.35005728528457086	0.400859100007262	0.2490836147081672
0.3484817115482497	0.4004467675180701	0.2510715209336803
0.3500046814529369	0.3985609760938624	0.25143434245320084
0.3507434384380606	0.3997009538815388	0.2495556076804007
0.35049556145332544	0.4001299585633264	0.24937447998334827
0.3481575794393895	0.3996286370023324	0.25221378355827817
0.3507861534560337	0.400212599249195	0.24900124729477144
0.34931514754446064	0.3996496402886063	0.2510352121669332
0.3485401701031052	0.4005359832179727	0.2509238466789222
0.3499498936311141	0.4010635950650102	0.24898651130387578
0.34814662848867467	0.3985446270845321	0.25330874442679335
0.3482131377054125	0.39816526423561327	0.2536215980589743
0.3505681921000184	0.39803761810055804	0.25139418979942363
0.3501527205800016	0.39884272831062684	0.2510045511093717
0.34848884999050106	0.399328344984958	0.25218280502454105
0.351149442635583	0.4011191686331897	0.2477313887312274
0.3490329167410811	0.3984229650409028	0.2525441182180162
0.3507645095233709	0.3996871043346051	0.24954838614202413
0.34833566714999387	0.4010978094599611	0.25056652339004515
0.3489044100743667	0.4006650560650695	0.2504305338605639
0.34820051639177624	0.3982364672373925	0.25356301637083134
0.34980959440215875	0.3993160331211723	0.25087437247666905
0.3483674573352384	0.39804901410968535	0.2535835285550764
0.3506752102875211	0.39887027075816717	0.2504545189543119
0.3497073316701759	0.39903142335214525	0.251261244977679
0.34850091402164673	0.3999341248521724	0.251564961126181
0.34971208169063944	0.4009560174920653	0.24933190081729537
0.34917721043994193	0.3985684903479845	0.25225429921207365
0.3494127114658524	0.39886203119599883	0.2517252573381489
0.34825139812909506	0.4008879647961068	0.2508606370747982
0.3507302799066124	0.40137992857321225	0.24788979152017546
0.3481342555518344	0.4013478170723085	0.2505179273758572
0.3503238588425617	0.4010783842827328	0.2485977568747056
0.34820461077066867	0.398791644707055	0.25300374452227636
0.34996061575012816	0.3981751907638785	0.2518641934859935
0.34818163986966233	0.39821044684107465	0.25360791328926313
0.3511742048124956	0.40015895966684323	0.24866683552066127
0.35081297198015166	0.3984875410616488	0.25069948695819966
0.3481287725059153	0.40027583721938476	0.2515953902747
0.34861459018124163	0.4004002622497957	0.2509851475689628
0.3487050075244103	0.4002855877718683	0.2510094047037215
0.3482431897027073	0.39796021597814324	0.2537965943191496
0.35044773866995554	0.40049344574176043	0.24905881558828408
0.3503333080793044	0.40138973923253696	0.2482769526881587
0.34873211082925015	0.40081573205663623	0.2504521571141137
0.3492806068067193	0.40052718858292996	0.25019220461035085
0.3492685025650482	0.40025964851674867	0.25047184891820323
0.34867995860370843	0.3991593731515793	0.2521606682447124
0.3488189798991016	0.40141543222111936	0.24976558787977912
0.3485705732361842	0.40013339059741354	0.25129603616640234
0.34940389173813047	0.398060403275372	0.2525357049864977
0.3485128054593403	0.39878074717075823	0.25270644736990155
0.34924686920587167	0.3994976844043664	0.2512554463897621
0.34809395615747496	0.3995782317079903	0.25232781213453487
0.35031217645388857	0.3991931081578828	0.25049471538822876
0.3511044867356235	0.4007565368343605	0.2481389764300161
0.3499951235739279	0.4009927237412419	0.24901215268483023
0.3511785032843048	0.39871493477055464	0.25010656194514075
0.3485886144271241	0.4003471537416126	0.2510642318312634
0.35057715125987315	0.4009565768469365	0.24846627189319045
