0.18483225420791533	0.05401774323253898	0.27697594606525744	0.03081436929095746	0.055935184965080376	0.10360493157815251	0.16675579413706113	0.12706377652303658
0.15462806293723444	0.04466557922908329	0.23821308567789948	0.033693420455878434	0.04607406177185075	0.09990488029518775	0.21611199636808415	0.16670891326478143
0.18101034215738535	0.07088823191103194	0.22678583170852112	0.14101516851068183	0.052793016314487726	0.09379805257597322	0.0945366193939824	0.13917273742793623
0.18506842928704084	0.04558964063211443	0.2821907397585603	0.058251984739620497	0.05054982459634948	0.10158695415908564	0.11167870739439605	0.1650837194328325
0.19904683506959303	0.04363009708580311	0.21845969862687437	0.079226579250116	0.05864571419106947	0.07511926256923981	0.20190927550795124	0.12396253769935275
0.1663442258975971	0.0709117978860671	0.2348340972285357	0.16181046942342261	0.04533421781816477	0.08723162776926283	0.0726988391922031	0.16083472478474659
0.18359098218409647	0.06698245334060429	0.2677316945448257	0.08505618549936869	0.0687062027280171	0.07914108345623505	0.10221216137361523	0.1465792368732372
0.1961704702732526	0.053410053323067086	0.2202538464908625	0.17842628395528465	0.04642703762850084	0.07117315330522053	0.07683662257991804	0.15730253244389356
0.16589051470625485	0.06756863616860037	0.28651654542528265	0.19147954618519494	0.05067753598084482	0.08464034677417245	0.013363408139491079	0.13986346662015864
0.18889800236811827	0.05656963068872098	0.2609915582904669	0.09647761350610559	0.05942459613258662	0.07235023707969705	0.09009805582027675	0.1751903061140276
0.15773267201723332	0.059692233555721286	0.26207359736820013	0.08084127681491585	0.04708849073448153	0.07761262090283474	0.15435946421574562	0.16059964439086732
0.18623438936745465	0.06639883161516769	0.28416927900099065	0.05308153230138779	0.06260772578233686	0.09549183727756237	0.0964644214653646	0.15555198318973512
0.1909712240065798	0.055527732584417	0.27080593895747174	0.037075522807163766	0.06806719893237409	0.0744688222223287	0.12997265416714185	0.17311090632252282
0.21390928141855642	0.0713337110264941	0.21946850480252153	0.17976253563922776	0.0504645115580315	0.08434007238813182	0.03915980763869026	0.1415615755283464
0.17761358403867866	0.0552099625873792	0.2267643962267281	0.18830676496247079	0.06221794056068737	0.07565002215703487	0.04225479178700822	0.17198253768001254
0.17874960123828257	0.06791335798162679	0.21618517195677	0.2149721130861469	0.04761191461414073	0.09707677113252486	0.04370842168005025	0.1337826483104577
0.16524304264906794	0.0605310799117552	0.22674733085973775	0.10401999153934682	0.06486421014879545	0.08096266799008989	0.1258351078028046	0.1717965690984021
0.1966882163737433	0.06253522328582882	0.2896486039631327	0.06396571758418317	0.06023182018426804	0.07480040345682604	0.08810093823597467	0.16402907691604302
0.16632518073548186	0.04233111975548069	0.2869852849200738	0.15873961314120316	0.060257242852891454	0.07091524771781091	0.04728217901617926	0.16716413186087864
0.16157004141600592	0.07012084030189653	0.217529225378288	0.062286952028785605	0.05252056237857218	0.074207829129404	0.22368517739055724	0.13807937197649028
0.20236167800170024	0.06851118602198422	0.26395316143895986	0.1364314363061716	0.04912172907648858	0.08299851355853731	0.06250950818456344	0.13411278741159446
0.18813920837872544	0.04722129403231287	0.23796784035267388	0.03485787964442094	0.05319813325490684	0.08855308373475798	0.2016807302315209	0.1483818303706809
0.16027140634666698	0.05465718690013978	0.2702035945863862	0.06707729190333038	0.07027985130181531	0.09335301917935677	0.15283944487870596	0.13131820490359836
0.1495892392466634	0.06528944717565689	0.2891644585152866	0.05460319901821817	0.06540751059913211	0.09932704252811395	0.10466953373497681	0.17194956918195184
0.19611318676929157	0.06701714570126027	0.2310570035508358	0.08429862748581997	0.0602580241358759	0.07240378550807328	0.14444148936236775	0.14441073748647523
0.15528957055892556	0.04410637233175199	0.23496371718445375	0.07030861352966286	0.0680888155467681	0.07245063917511904	0.20268138030790755	0.1521108913654109
0.20624754114856209	0.047492835936856825	0.2934893737778369	0.1232407578695078	0.0651576278603917	0.09005926106602993	0.011897698789716929	0.16241490355109758
0.20035584200312356	0.07182433788115843	0.2775241798294395	0.10076666324150192	0.06878621906799955	0.09915246772694063	0.02520618742769673	0.1563841028221395
0.19444306117509863	0.056549784061507596	0.23054215716328313	0.1857104317259865	0.055537150222669154	0.09247924327736279	0.018977313162812537	0.16576085921127942
0.1566431814137021	0.040633639326103296	0.2326507964628975	0.17648052963124167	0.05685602794706364	0.08941945143762536	0.07543156706945152	0.1718848067119147
0.1565031208965506	0.04456619684467919	0.2235627257131398	0.07985462576977666	0.06215381164884501	0.07663553930683109	0.18981001237318934	0.16691396744698805
0.1509647268587408	0.04683144398777564	0.2469475426789959	0.06295274702102274	0.05931827635313354	0.10228155225370011	0.16480452731954479	0.16589918352708627
0.18921115720931214	0.05312848038293948	0.2536998000155549	0.08163426947002214	0.0689661974707435	0.07991744022896112	0.1003653613688951	0.1730772938535714
0.17844586764379367	0.04612402792944233	0.29474044473772765	0.10934184028383463	0.04558610369693529	0.09534183463685408	0.09532887057765577	0.13509101049375632
0.18162129164692592	0.04398209886255543	0.22587110343341688	0.10426634957376416	0.06087162435294684	0.0960708665402022	0.11499043822056591	0.17232622736962244
0.19504005905890004	0.058761501307925776	0.23637747386856706	0.06414509238039892	0.04528471423606341	0.09966790134879858	0.15000142349047996	0.15072183430886607
0.17372547129335164	0.05372765571265957	0.2797040119113637	0.061586059987413205	0.06673586577869697	0.08383323958822034	0.14997741252015515	0.13071028320813924
0.17022628130414713	0.06911404065042603	0.22937987624748388	0.22609179035200924	0.06362239111477111	0.08580271909963516	0.01760682603621011	0.13815607519531706
0.16881208660169092	0.05389635871222069	0.26462401471504393	0.19625499829754156	0.05089849967771114	0.08431268977747447	0.026137188218292765	0.15506416400002435
0.21055889828177698	0.06280916637814526	0.27681145377564176	0.03659098518564767	0.07028307329841839	0.07348737173964809	0.1228212005150474	0.1466378508256742
0.15612722808599896	0.058290389363120934	0.23494978596447824	0.11067299665049464	0.04931217422848319	0.07180564970665124	0.16878834857496766	0.15005342742580488
0.16828035799204583	0.0551035275162967	0.2882203496532346	0.10958554505758948	0.06852799850935261	0.08133299492390705	0.09387942876334161	0.1350697975842319
0.16474178811301798	0.057950195579918526	0.23390443819989912	0.07096173007597964	0.053987452020997	0.10290576221907717	0.1451946362970985	0.17035399749401184
0.16823167197641728	0.06992870643147314	0.277427085359786	0.151409420751289	0.04936070629410613	0.09883144261655465	0.04997445664252277	0.13483650992785076
0.20192842138529604	0.0500585341799772	0.22403266663830707	0.06018366158497203	0.06945659557480655	0.0752711183773084	0.16489168502294882	0.15417731723638364
0.18334539010708198	0.04817989549506922	0.2245513392806877	0.07812232970130079	0.04725649662622809	0.0932966725270292	0.17611025549117226	0.1491376207714305
0.2015466392605049	0.05326110435992536	0.2873248162668651	0.1123343223428607	0.06995016347692096	0.07082995321434742	0.07980103772805117	0.12495196335052408
0.20944073180752787	0.044816867371311256	0.27553484099071845	0.10183570712818646	0.05302829239110364	0.08007822981204918	0.10588620265340515	0.1293791278456978
0.1848662927787832	0.041077722059312885	0.289471861676409	0.14543253164059902	0.0683008502653944	0.08198373575039494	0.013805070359007868	0.1750619354700985
0.14922526687612947	0.04467659683529565	0.2789375448482929	0.05079707540778025	0.06425506643541846	0.07386492992966331	0.16450936259105522	0.17373415707636453
0.15904035789925092	0.07195785469314991	0.27029392895957594	0.1690553792271165	0.048976032750937926	0.07150236450342387	0.06379839986671318	0.14537568209983157
0.15426547112926767	0.06143798134275481	0.22220003438165953	0.17706833940784503	0.07036561027212754	0.08862055761257491	0.06427021395772495	0.16177179189604532
0.20020212849625862	0.06139604655264412	0.2211058592767456	0.07803700826031736	0.06847752160064527	0.08846403382985206	0.15643297456319855	0.12588442742033826
0.1744976484548119	0.04974556394219255	0.2723986654269621	0.10526874087009228	0.055262624925800655	0.07779761771642353	0.13533048593257535	0.12969865273114142
0.20138909858762838	0.06417659009657639	0.2739967945245937	0.14442941645677237	0.06957576612329644	0.07343610391494629	0.04596550932972768	0.12703072096645857
0.17789937386668794	0.0696117818127065	0.29039544970963826	0.08333577849395855	0.04979767168366937	0.10070915715313386	0.06670215652183364	0.1615486307583716
0.18809930635858202	0.04248030441153203	0.24032335861992793	0.09463588276641226	0.05152347615307526	0.07105576994781754	0.18643129813795667	0.12545060360469612
0.1557520961460031	0.04839717742551704	0.28826348729324724	0.07256692263760242	0.06260123740192268	0.08134408220934015	0.14299829359404254	0.14807670329232464
0.18732451891979235	0.04172494865641278	0.26216643082199687	0.12075430256917685	0.048193973016599084	0.07865901823438154	0.08586795784547024	0.17530884993617005
0.1909646838180749	0.05987300096843452	0.2902252105722593	0.0874874251324876	0.0684462659687754	0.09935572909556353	0.06553451411821079	0.13811317032619372
0.14855828617882144	0.05320811104279409	0.24206456573855073	0.09467883657871906	0.04740527857462494	0.08106444764082593	0.1830955743929798	0.1499248998526838
0.1786179915639285	0.06404171837350023	0.2283660601475978	0.11238726521894725	0.050702479662501174	0.10378170750363672	0.1279357737826628	0.13416700374722532
0.2086652747459284	0.05283825893913806	0.28751695025254587	0.13705954958024133	0.06629132021640183	0.0840058746142	0.026997251601203143	0.13662552005034106
0.15376396576101842	0.05539331864328205	0.2761788143503271	0.06896280692288695	0.06098756002234794	0.07966112172879629	0.1689274374717703	0.13612497509957072
0.16976888919895644	0.06645321347867088	0.27605478538016603	0.034147965819618195	0.06449226145438425	0.08435491309664137	0.13225486262255023	0.17247310894901244
0.17779142842232348	0.06570046061799074	0.29436640086196875	0.09808094355109678	0.049564101736449	0.08187223346791359	0.06170295733094071	0.17092147401131674
0.17789208295958164	0.03991719924796884	0.2311290481308789	0.1477386282693609	0.06755305448479546	0.07192345370051763	0.11804623986815048	0.14580029333874586
0.15723349796950764	0.05102526211093107	0.2703799004665461	0.07615341928837828	0.053421545508793716	0.08232109157713996	0.15162661054888565	0.15783867252981737
0.19630197061178084	0.04444287543335801	0.28497185577932777	0.1407086048671017	0.05057206366142636	0.10090586353137143	0.05598061485315026	0.1261161512624834
0.19440062113034212	0.0674845656816229	0.27228846307243215	0.07191094486145999	0.05835658398910096	0.07793393883091501	0.08677278986342002	0.17085209257070658
0.17310216011734425	0.05140915894192502	0.2804961123520091	0.1321277866606242	0.06317206862494193	0.07579745691490841	0.048751432305928225	0.17514382408231868
0.1847659816505896	0.06361493569029178	0.21910103082796564	0.10181354111138415	0.07047102629604317	0.1001567857677604	0.11800768625289453	0.14206901240307052
0.16574259314679934	0.04952618943084641	0.26046463603821557	0.1130056583086063	0.058476578164292886	0.07126459724644896	0.10619039619792434	0.17532935146686596
0.18635106711550908	0.06610434896728981	0.24159147156902855	0.07809220798630909	0.059870361294880686	0.10130057710965061	0.11442264388578546	0.1522673220715465
0.20245904234019674	0.069960082765193	0.2720276130265752	0.07647525831991543	0.06294875503862377	0.07789086953666091	0.07031892586093919	0.16791945311189554
0.15162283337599414	0.05120308670896026	0.24185730727527596	0.058067202185963535	0.06786442834519603	0.08730391546177745	0.16595298367345893	0.17612824297337348
0.20328590821457826	0.0596352882753831	0.26055428813358494	0.08355708185559627	0.05318790334467487	0.08510585727791309	0.11035824568043417	0.14431542721783505
0.18284599654555292	0.04233263124107134	0.2231519240306443	0.050021271826926006	0.051546406886991594	0.10207665139308356	0.17111412448964372	0.1769109935860863
0.20506775183111675	0.05236715848092506	0.25039580982422804	0.04379955060519619	0.05003084765864067	0.08916464287681562	0.14152077888842435	0.16765345983465313
0.15942595852332633	0.0631307042882659	0.2629601601521274	0.07361001576414142	0.050527429020680636	0.08667724342379135	0.1719201772415523	0.13174831158611439
0.1624629977563987	0.06818533059014867	0.2486250772754832	0.04373532282093957	0.06140254511702141	0.09962812636900628	0.1908789859894555	0.12508161408154644
0.20299216143449716	0.06173707306608586	0.2831472596309656	0.05895540886892446	0.0468223318955765	0.09878810002242676	0.10893794994187908	0.1386197151396443
0.16251267328628238	0.06334482827797917	0.2724728176413392	0.04278972069935956	0.06734456572521698	0.08661915593408175	0.1721646181667924	0.1327516202689484
0.17209389135227415	0.04154829871907818	0.2777505560402796	0.045694086186992416	0.05016518759242468	0.10308446647607461	0.1595080128153056	0.1501555008175705
0.15474429350696497	0.0470422008476709	0.27587676009147677	0.06892906025626269	0.05121014095618666	0.07368060726206296	0.18190257421901757	0.14661436286035717
0.16322726044892702	0.052787476809904754	0.22128628716490625	0.14645047028720917	0.05850350650150066	0.07295385648048636	0.1484101037588087	0.13638103854825687
0.17017218468594542	0.054854332147654006	0.22867882145853324	0.08784971988335281	0.05979296131630514	0.08963199373244479	0.15525851445460273	0.15376147232116158
0.1840966619617534	0.049479412087471406	0.22765284353729917	0.07817749427566206	0.05488714526366842	0.09664568919381343	0.170168618558204	0.13889213512212784
0.1525338867871417	0.054603609992526336	0.2770941156018778	0.20207039130157153	0.053457863684288454	0.09030719658916152	0.028204730468503275	0.1417282055749292
0.1645793543509579	0.060560621500707776	0.27361381498213244	0.033451514166646795	0.04719321516775836	0.08496981065573732	0.16265320204684025	0.17297846712921894
0.16073018058159932	0.050248084091789755	0.23470678619825447	0.031796993665425585	0.06603340298657188	0.08455688639404238	0.21450584219641997	0.15742182388589637
0.19095906175542726	0.04045011654314008	0.2944614844437777	0.11353404835830218	0.06451913770672615	0.09041251814516721	0.07535261578717903	0.13031101726028016
0.18799811550157836	0.04058651719933516	0.2701651157488998	0.21248079509790885	0.05188005685456493	0.0746002303439646	0.03010402809028022	0.13218514116346788
0.17635846742994288	0.06867552368032886	0.23081350905020934	0.17852312706082787	0.05134131725650043	0.0785377176855105	0.050310224654999264	0.16544011318168061
0.18628347467298534	0.04297883921613363	0.238623560509676	0.11755576427664585	0.04859936146041566	0.1016049099938797	0.12405664642859898	0.1402974434416646
0.16194352642969284	0.057566258508173665	0.2749438464312252	0.07868202642793351	0.052259064724447926	0.0734525658558978	0.17214424870113432	0.1290084629214945
0.1495175389510342	0.07024262230139426	0.23382039081879372	0.0645447670164228	0.06855183233079204	0.09209761577324872	0.15305879590359897	0.16816643690471508
0.1931445251847359	0.06702547188534239	0.22315983714004453	0.03497902880598304	0.061258860650386535	0.07634104021326316	0.21552466892034966	0.1285665671998945
0.15866608966703652	0.05141862244710303	0.25499509838176226	0.1672070877379539	0.04972365054312827	0.0891116597531493	0.10155062850428007	0.12732716296558644
0.15541846191091432	0.06958745141163145	0.23283966685590674	0.1448188356175574	0.06795276574516718	0.09533370427977444	0.10999123678057501	0.12405787739847324
0.1510814961888065	0.06233949089278308	0.24220480095314884	0.03154098315355684	0.06125746569500577	0.09368197029264866	0.2158300715469582	0.14206372127709177
0.16533512391965594	0.04823511598861632	0.25652287196543355	0.03947780553638866	0.04948388748809415	0.09442681999573214	0.19601411145658726	0.15050426364949174
0.18335461873799666	0.06838877495346979	0.22758319314331066	0.05823863661187653	0.05482583097866116	0.07874261230874827	0.18671731597557692	0.14214901729035972
0.15608184342831144	0.046397563891382804	0.22295585604255858	0.10521160638396537	0.07123943394442268	0.0933719334605394	0.14780740874925416	0.15693435409956538
0.18693278235156208	0.04321021940510268	0.2604756012734375	0.22055005866483876	0.06536362011908245	0.07996188551486325	0.0170196820699125	0.12648615060120055
0.2051840023471348	0.057627111190864624	0.22310738729661883	0.1757429548916491	0.06771630967481469	0.09689173839819522	0.012168739161026232	0.16156175703969616
0.2040489726260847	0.048412241591022975	0.229654075000415	0.10595579043692616	0.045768360241308745	0.07589872642453861	0.13328723924525027	0.1569745944344533
0.1519193743784955	0.06894826267198637	0.24643826311557876	0.10533674743427146	0.05778960628892406	0.08753373961679778	0.1254054525132251	0.15662855398072073
0.15835805072637	0.05005905535138054	0.2631993522332351	0.07259894213299355	0.057568816512680754	0.07579148717704623	0.1643148962344927	0.15810939963180093
0.17900006501767873	0.051276427624348586	0.23102323807550332	0.10177256932600907	0.06588623540064703	0.07648753408101044	0.12127232267336759	0.17328160780143498
0.18242310723784996	0.0655205949603419	0.2320291617442531	0.14141790851902838	0.06711300365192555	0.10015470926342027	0.0670730433931081	0.14426847123007253
0.15241712966530702	0.05107154350223782	0.2927397310021549	0.07882134250386413	0.04827651749533826	0.07955704039307368	0.14247668009783043	0.15464001534019356
0.20104114088039665	0.06665876442653958	0.2244075537684286	0.1061994172628576	0.05441775304061362	0.0832372962719008	0.1039163075840447	0.16012176676521825
0.20349813327737215	0.04231268817579674	0.256924569307035	0.06767458694483133	0.058715664496674605	0.09173586325728987	0.13749096632742042	0.14164752821357957
0.16611928074087817	0.04997778423160382	0.2740574646526398	0.07060140888366292	0.0526676657778776	0.10363085296195916	0.15875743765360611	0.12418810509777217
0.16143925441460222	0.07199250478515154	0.2826303493369714	0.06439553112268939	0.06311718906242478	0.07551310595723046	0.11980244292566147	0.16110962239526852
0.1845721696740739	0.04514072523532503	0.22731604648454856	0.052327570476476654	0.056418061266886685	0.09582339557983435	0.21168243802213094	0.12671959326072363
0.20066217908384637	0.07211085471012774	0.2529698860220626	0.14589156779464849	0.07026635363029898	0.07513227635227135	0.011036370889311586	0.1719305115174326
0.1689080257998314	0.06158419192804336	0.24406801599785632	0.17723976318658377	0.06287692044484045	0.09635917484757847	0.038139950691527355	0.1508239571037387
0.16467171183447848	0.061423628384222856	0.2779769257475746	0.07481441998904229	0.05861469193313454	0.09553503544207986	0.13217638041126548	0.13478720625820168
0.17061848933794316	0.06893661184634603	0.2846140809114779	0.07715711888196937	0.0634905668312109	0.10261810045222351	0.08844051195204314	0.14412451978678575
0.17232615436403834	0.0559721725870575	0.21951662475963107	0.02984558064999525	0.06546223108109595	0.07828200720128746	0.20684459581755016	0.17175063353934403
0.17461469004541535	0.06737574711266302	0.261833358080821	0.037982219561213115	0.05941774053458483	0.0757222908583472	0.1771951088423032	0.1458588449646521
0.15226555459016844	0.059955986126063496	0.2845558956322465	0.08272174580023467	0.051366843550934016	0.07841325928393289	0.15098532770927056	0.13973538730714918
0.16585832779624418	0.05396562163783157	0.266512730483516	0.07113038444940487	0.05885634157943237	0.10219106467550089	0.10901868020072678	0.17246684917734323
0.2023871094968805	0.04782481263797386	0.2353341685684103	0.16173142868089252	0.04820725271142509	0.09601265915769233	0.05970951026293653	0.14879305848378863
0.20236065943839437	0.04700921738074365	0.24211472839245893	0.03934362006536017	0.06834875492257156	0.09067606738662543	0.149787012735631	0.16035993967821463
0.1689811865005233	0.06432596502059695	0.25539895900016574	0.13091799966991968	0.06924396017743496	0.09361019804989082	0.07336119790531437	0.14416053367615395
0.1776978692950861	0.042961387836990286	0.25761238565001	0.16512944304807625	0.0522988198832362	0.10378459226609477	0.028834161747567394	0.1716813402729387
0.20766344886308652	0.05870983354808665	0.26950492622789857	0.04070771249376491	0.04666235661478914	0.092640695597219	0.1517658101371752	0.13234521651797979
0.17968309397276866	0.05613042106055152	0.2720346837274863	0.09885024369605859	0.05352489153709013	0.07563343398576323	0.10816116653243599	0.15598206548784538
0.1868878257710069	0.04205403893606681	0.2524447426797053	0.1454730016411788	0.05230985045449245	0.0928891322653848	0.059356881509802326	0.16858452674236243
0.1988843479978189	0.05597677287502277	0.2679743931981317	0.06341672074984106	0.0697714325976653	0.09598835101131481	0.1211425772389481	0.12684540433125713
0.18095399627504802	0.04343590793340983	0.2566092261303817	0.2060433519451571	0.046831773934091186	0.08712139664792724	0.04317055179962345	0.13583379533436124
0.15525029716929534	0.04354382463326614	0.26510488241411234	0.15544541173745996	0.06796071542632559	0.09170236234186441	0.08914772261660141	0.13184478366107458
0.15188258812569613	0.0570873730464352	0.23734464876608102	0.09326920513432244	0.06520383659385709	0.09243998549243343	0.15642168613599378	0.1463506767051807
0.17056146961343802	0.04882452996836201	0.2909224942181455	0.030807602153820293	0.05044127876943462	0.09304473067909128	0.1789340531383366	0.1364638414593715
0.2054765622399457	0.04189223678915595	0.23091750000496786	0.08535420733326528	0.045473765146000544	0.10010984679577536	0.16216099063814027	0.1286148910527488
0.1564346351509086	0.050132748225346205	0.23392926238736328	0.03319839320327787	0.06054559987340172	0.09470269751027147	0.2102655420055986	0.16079112164383205
0.19256803436169007	0.05406448194088889	0.22577386584993653	0.051514286695129946	0.06972957475448448	0.09086581950174115	0.14440580782317336	0.17107812907295533
0.14982863559973636	0.06856890473772244	0.23332992450891846	0.05719549484314605	0.06778828003466492	0.09927299919687269	0.17201769962200086	0.15199806145693803
0.15791883803390883	0.05022885817268645	0.2364873262355517	0.11713128246145518	0.0458724968675254	0.09887380364897937	0.11822896885874644	0.17525842572114642
0.20027687858497117	0.05131299152243429	0.2410694554305281	0.17592834145015174	0.05263890444368187	0.07868952020454337	0.0536483407961862	0.14643556756750303
0.15757086447180535	0.06186589467792533	0.2563302188673091	0.08061954509533668	0.04542542517655811	0.08209624073603093	0.18641682411084515	0.1296749868641891
0.15613127775844493	0.05939069548830209	0.26990979927269143	0.029455871494402694	0.05742169089402764	0.09826028763242271	0.16233969988826286	0.16709067757144538
0.17691551786418233	0.05960949056707408	0.26803264394868687	0.10262630361156092	0.04555637228697472	0.08140904005294503	0.10775492033180964	0.1580957113367662
0.18831049224034274	0.05184394420558287	0.2894189052944137	0.05077229522961273	0.05710221568684694	0.08251959440819218	0.1427041806574355	0.1373283722775731
0.15281652505417348	0.06505017030186377	0.26748444083776995	0.12479032912433931	0.0701032511027529	0.07731240804231823	0.0933661918391547	0.14907668369762742
0.1807411556979275	0.050854354823521394	0.22924060092390658	0.12909576092207928	0.0650102112313905	0.07258893981971469	0.10301866321140872	0.1694503133700511
0.18966521568608086	0.06348416032370685	0.26751331689762453	0.20107950451494744	0.05241952918995893	0.08737215074020802	0.009830592218150386	0.12863553042932271
0.2130355496918086	0.061368037889026686	0.29094727699554784	0.05805980017974101	0.049296782350898447	0.10344698615828195	0.05419450735772627	0.16965105937696898
0.19103797021710006	0.041056914499888325	0.25832809764958775	0.08580533300061521	0.04833021375853137	0.08936298129045125	0.15294339735899115	0.13313509222483455
0.18762765338103998	0.04732279431594037	0.2648714660213386	0.06073087553988407	0.06465728697687004	0.07621562701658283	0.13996186874730684	0.15861242800103698
0.19839561104782422	0.04024633323202936	0.2808293490555533	0.042466195756439465	0.05466911347084291	0.09478959818260084	0.11239618894683401	0.17620761030787563
0.1865807032544574	0.04077221274411599	0.23483295071422972	0.13699441364490855	0.055894053010849765	0.07885878357467498	0.09329093280927975	0.17277595024748366
0.16577603529820262	0.056204325418225676	0.24215706845769497	0.1184454118456652	0.05226373181021825	0.07869141082595402	0.12061990130119109	0.16584211504284793
0.1564195852065128	0.05647018261324886	0.2629230185066965	0.09317773505712862	0.06294996617531048	0.0718795959576101	0.1393463474134645	0.15683356907002782
0.17527586621236058	0.05873722051447694	0.22454540952894902	0.08277218514217831	0.05479205927861222	0.08634190181251404	0.18269855826117795	0.1348367992497307
0.1781010557693289	0.05911162582624005	0.21714572203231197	0.07222854267939108	0.05660980831850124	0.09661459604983073	0.16591474474429463	0.15427390458010115
0.1783889155052053	0.06315600051618417	0.23971543495937112	0.1041763214201888	0.06041947248006836	0.07152998918643949	0.15268718126255074	0.1299266846699918
0.16287371744352136	0.0693547400918087	0.2956732086741048	0.1765527389041962	0.054602282924789136	0.08945738900406301	0.022061856781835226	0.12942406617568133
0.20705140662883642	0.06778449814022708	0.2178414688979189	0.2004239907592722	0.04826588251116588	0.07705200526961506	0.03590890797701746	0.14567183981594678
0.17683404385465898	0.05505523385075689	0.22991295122898853	0.21344974365543007	0.06330625057914777	0.07427068232961564	0.03279169033004292	0.15437940417135895
0.20967047746112116	0.05682280798464187	0.2403118526633725	0.06570564836258602	0.06935943820714144	0.07264070151029434	0.12217720808455027	0.16331186572629214
0.20336316296148085	0.0606541287324618	0.24657625187425036	0.05704258251049249	0.054003251578153985	0.10267611074207003	0.1453993664097024	0.1302851451913878
0.16856814576050322	0.04201384689873043	0.2471720195896365	0.09214799698804887	0.06607991834571496	0.10383577289282808	0.1345787684278608	0.14560353109667692
0.1735112530297806	0.07229070490975509	0.26513984803400636	0.151617011437462	0.04924388153702271	0.0815349383299685	0.0354232569281248	0.1712391057938797
0.15248200833637768	0.056710011397716434	0.24658623156224577	0.1359803987272783	0.055603069814481584	0.10051939002329068	0.07845744025642844	0.17366144988218085
0.19526064752499878	0.06374409914220078	0.27314530773373313	0.15256774122904232	0.05100796065545904	0.0778132091319775	0.059857988724778696	0.1266030458578096
0.21121138171447204	0.052417576018638126	0.2309871473550011	0.029605250233710592	0.06660625198155884	0.07361955434862616	0.1607623580781496	0.1747904802698433
0.18487014939911306	0.048448908915207506	0.24680803000424048	0.037694269158883284	0.05491696668664234	0.08178825014050807	0.2174960946267338	0.12797733106867118
0.19487457534154384	0.06523310783839882	0.24393344319739224	0.062244509839183185	0.05237909378682845	0.09032708538633857	0.12201932181841549	0.16898886279189923
0.16296042115476708	0.052854406533511256	0.24571290370635096	0.04047092938634422	0.04903802964481241	0.09604319701058328	0.19191871341503022	0.1610013991486003
0.15912191175737533	0.061999881105228416	0.2594246668723208	0.09379985100761831	0.07016163489482974	0.0964205849567285	0.120158162141209	0.13891330726468967
0.1689688448274073	0.04521244525311405	0.2647359984455142	0.07172732655325367	0.06434522240207198	0.09960060143451585	0.1309738460598035	0.15443571502431924
0.15828113076679703	0.057819315623149264	0.2927282737296115	0.049093582501528704	0.0492926024737881	0.08047862987385908	0.15149723384779643	0.16080923118346968
0.15637076817946127	0.06394507137345584	0.267369387077663	0.18397473430663225	0.056663937188266233	0.07140360243510496	0.03272566019180839	0.16754683924760783
0.19482185178427314	0.04108332881549086	0.24039656965085593	0.2209434537868805	0.051414806693329804	0.08435466269332512	0.015092789177315089	0.15189253739852931
0.17328922807619365	0.06440263417568066	0.24310852287911466	0.15517672290419401	0.051755308470882264	0.09367667868390366	0.05777971628996742	0.16081118852006343
0.15996501793411907	0.06222980951087108	0.2455383322232343	0.18899877012409833	0.04812487725304458	0.07946092623051834	0.07015091666631706	0.14553135005779702
0.15464815717123354	0.06546005792089757	0.26648522775271033	0.17800632921127818	0.04619395982426691	0.0743878208622119	0.050838816795756386	0.16397963046164496
0.177843027456681	0.05812606703110146	0.22957033872459132	0.14472834692573303	0.0689303953662843	0.10176223476005763	0.06321710348905155	0.15582248624649947
0.20537498287302042	0.04777867008807388	0.2525926362740323	0.13017081427235677	0.06282439160308587	0.09882268319102763	0.06437485938172514	0.13806096231667783
0.2141463011831819	0.051740495933725816	0.225388470283826	0.12788449524107184	0.06447513187848053	0.07423907034506509	0.07422933019253465	0.16789670494211398
0.18623408242713557	0.04312179691742761	0.2606313427647684	0.06255581137467858	0.07081855513624921	0.09305865204105968	0.10922793628779001	0.17435182305089075
0.19694309126593146	0.04030123843628973	0.22160268827126778	0.04669098910882534	0.04935701907654358	0.10218694129917755	0.1941328941592485	0.1487851383827157
0.15010119771478522	0.04769052362234687	0.2329310718210082	0.14771649354878663	0.051185413653522194	0.0763579094273174	0.14239617759772438	0.1516212126145089
0.17251254037845534	0.04350714291909186	0.2860302088957505	0.095324435816462	0.06282158387863432	0.10382438855384932	0.10850304483142016	0.12747665472633635
0.21262057447341792	0.05479346371855669	0.22247886103673387	0.2054379927298285	0.05830019953892626	0.09353000223198171	0.028397990036914844	0.12444091623364001
0.14871371859339044	0.04063323117938446	0.2840721679081558	0.07257336233390498	0.050031661046624654	0.102639765620508	0.14873241325451372	0.15260368006351763
0.1820730233487058	0.0501599182010138	0.2771554614002857	0.06105594532312558	0.06996528359817611	0.09050412193395871	0.12548575015227223	0.14360049604246186
0.20530023927957775	0.06175263379642461	0.23784638742302644	0.08165456912326362	0.06702729557091335	0.075740835092632	0.10846608828222279	0.16221195143193923
0.1816852028570055	0.04894304486192781	0.21744137400514063	0.09986582896798653	0.06269811253060503	0.09964934074706558	0.13438398720764252	0.1553331088226261
0.18160521775605992	0.05386523242622242	0.2949554274227205	0.06698985646786743	0.06670053916056085	0.08323688673175561	0.09968478939726137	0.15296205063755167
0.20111556774553146	0.04912572642034871	0.23146139315055878	0.2033488870086742	0.0521179214257311	0.09812323931512315	0.015017380204819616	0.1496898847292128
0.16573051191126875	0.06073830347993105	0.2441397142017374	0.18494537636908379	0.07056282906336925	0.09872519046471732	0.042266459098147746	0.13289161541174443
0.16360689297890385	0.06477633521131472	0.24723268809315546	0.18613333841114318	0.060904625482178495	0.09037577849146347	0.040409141978278745	0.14656119935356185
0.16803798718632973	0.0481597484722327	0.28089972013622316	0.10524468384474298	0.062276917382285774	0.09675055106930058	0.08661888297142029	0.15201150893746457
0.20355118252609578	0.04177281032575131	0.28860249348343503	0.06717384220124774	0.04608049946859094	0.07771554555190516	0.11301358539426251	0.16209004104871125
0.15364872626935816	0.053970084312493075	0.2957839425250686	0.18643202476542187	0.04854531644837648	0.08120631824078296	0.022026601732727163	0.15838698570577142
0.17761014764134925	0.058359282592676115	0.23189801953159384	0.09168348758559379	0.0529545316601167	0.09521386645464422	0.16383555296127136	0.1284451115727545
0.20696937402153942	0.05833796658114636	0.26653285157013623	0.0385626798793043	0.04728363712614238	0.08811440672918804	0.15608985471075712	0.13810922938178596
0.2081898790281771	0.042791807017085265	0.2592708241005154	0.1970170119472605	0.05007599300419721	0.09758524906982698	0.014692360942757887	0.1303768748901795
0.1827356413173487	0.07218624815534712	0.22465784963604035	0.09096946975251435	0.04797639441977736	0.07415356311053527	0.17555272107957404	0.13176811252886259
0.18065916792372994	0.047390556214786786	0.22448828592642603	0.08199729497269496	0.06452719599403592	0.09650705173506297	0.17443370701965152	0.12999674021361166
0.19741205797222433	0.04733002494687141	0.223580836881218	0.15473937246238775	0.05742320191652757	0.07231696998835567	0.07062041702781555	0.17657711880459945
0.1503684753952123	0.06993895431584327	0.28404885269117774	0.09794212158009377	0.048117783534174965	0.092732961515596	0.10964576841193989	0.14720508255596182
0.19259016824626035	0.04448561271217122	0.24585121031017737	0.11219995906927337	0.04909967390548778	0.08161048895360529	0.14808660212559613	0.12607628467742826
0.17980974330041494	0.05136539003510851	0.21581842073896262	0.13830499520023112	0.056724377307177914	0.09589043419893192	0.11509929768330197	0.1469873415358707
0.1753146227179259	0.04455149749903496	0.26414351260649344	0.18415207470151876	0.04489941026076173	0.09040616263432072	0.07087602401736487	0.12565669556257938
0.15235833222611578	0.04680407657465059	0.278967742161192	0.07368908768182916	0.057336909410400136	0.10020291481676129	0.13978532095915552	0.1508556161698953
0.19588448429985522	0.057643575309658066	0.2502752010302903	0.07705755801867406	0.047981540221157984	0.10214250936621437	0.11070254713461809	0.15831258461953168
0.17912184928208888	0.05470714917162037	0.23120184029609625	0.058485508123882965	0.058283064009634525	0.08224961347409876	0.16730459641217246	0.1686463792304056
0.17003621803951324	0.0468291529003578	0.2955857550989083	0.039502363733816936	0.05861550415363129	0.07740210842349968	0.17997094889893545	0.13205794875133714
0.1696941811445229	0.04129576810756795	0.25298553345795216	0.07032669039986764	0.053451520164846306	0.09587100826410849	0.18422194487971916	0.1321533535814152
0.17223725140462315	0.06873415100409666	0.2668504086926251	0.07260151738647541	0.06605478423304276	0.08243052719162011	0.13538267133509124	0.13570868875242534
0.16661080133372125	0.06723870953378105	0.2894864086682172	0.14245278582205903	0.05094769615593256	0.07381577948656468	0.0749522894697762	0.13449552952994787
0.18353307974512686	0.05596478255571548	0.28313630901065756	0.09939543944265829	0.0473674435753179	0.07147811834819703	0.13172249877029327	0.12740232855203334
0.17970200647443674	0.05166773867012096	0.23108512562282052	0.0786982172179809	0.06087670882358552	0.07547189058006284	0.19284080752443283	0.12965750508655943
0.15183181888982486	0.0590465930138763	0.2236547970577757	0.17176755217309206	0.06657276743532166	0.08525530444964238	0.08839061335355639	0.15348055362691046
0.2123519765385321	0.051424925102733346	0.2841000726622859	0.15151703835880015	0.0653057942625836	0.07340214270335421	0.020571592433930072	0.1413264579377804
0.15648874804345686	0.07112700818895999	0.2444518443768146	0.12152912214767345	0.04842696740437098	0.07743155723948289	0.12236940699591721	0.1581753456033238
0.1668450975091258	0.06270272115221162	0.2625199905343486	0.0997421861314326	0.06009497588579302	0.1014947471461971	0.11531119809281197	0.13128908354807908
0.15576184084052525	0.06637320073990548	0.2565155980290872	0.05560805446504338	0.07055031276886162	0.09350223045943928	0.15711215334696862	0.14457660935016892
0.20057080457659848	0.06089111889354358	0.2914986531004401	0.07758379239161071	0.04842188789355317	0.09780952663365874	0.06386895585546884	0.1593552606551261
0.18588459911986746	0.05983781184103647	0.25358936835802404	0.15042654172419356	0.04567493985868537	0.07637768218439972	0.058457471621564824	0.16975158529222834
0.20548453185634813	0.06529048101587079	0.24085936703333316	0.035545665995737094	0.059707779759522545	0.07910241406872008	0.18358250637202364	0.13042725389844434
0.15541390847676956	0.051808446027489394	0.25199580544612554	0.1977641232890528	0.0646009354226365	0.09852684953670224	0.01585386024392882	0.16403607155729488
0.16671014949990243	0.07039481908508166	0.2586856464578296	0.0510498592482284	0.05087554409272288	0.07631909949476731	0.15891371444777388	0.1670511676736936
0.19927740526933702	0.04382206526326782	0.23389596369307666	0.16206363617806746	0.04776961379043268	0.10316668959887024	0.06525885531493847	0.14474577089200943
0.16071832093663418	0.04891040882704342	0.28797339496785845	0.13220951162248779	0.05021542237574071	0.07776196156096804	0.10674601974698283	0.13546495996228436
0.15158675148642045	0.0508600703714301	0.2777329305280008	0.1986117801143406	0.059992116885316235	0.0823805854769713	0.0315653704146554	0.14727039472286488
0.19586198108910335	0.04017494551522316	0.24500383302601952	0.17623273204224868	0.0712904266512005	0.0874522541934758	0.04726289799856796	0.13672092948416076
0.1893996294781077	0.043294433781856836	0.2332086314972997	0.15767541619009032	0.04545432126230742	0.09316113426231601	0.104775383402859	0.13303105012516278
0.17761625602712794	0.06278076026553249	0.23383998015422672	0.17142186240633292	0.05482447059480147	0.0814839126035308	0.08821761635349996	0.1298151415949475
0.1706078816229185	0.046780101848436714	0.2479003502394514	0.11776672601895721	0.06498785295902408	0.0864929319163404	0.09230682718824343	0.173157328206628
0.20234567741414355	0.048900385972541496	0.2236564054879659	0.10291911689236775	0.06965454763199296	0.07171778111706682	0.11035323881979975	0.17045284666412153
0.19289861979583417	0.05422828801897382	0.22396644579656355	0.10297716796607286	0.04797870365319391	0.08846886504880029	0.13289321172920965	0.15658869799135156
0.17136710689071352	0.059017659564874037	0.23678307090422226	0.09171656300590633	0.05813931923322979	0.08198680453478482	0.15490683024460258	0.14608264562166637
0.2044790971548248	0.048227213630193486	0.24387362509388943	0.10355353252006846	0.06023180413079546	0.08024930677850253	0.106898746673915	0.15248667401781058
0.1908917357988692	0.06900260329093416	0.22481643572494736	0.10445159501843154	0.0606370190424671	0.09290283177402835	0.1108984722548428	0.14639930709547927
0.17085542771213452	0.0498104951570565	0.2896080115664292	0.0655019337333049	0.06200831048846474	0.09328826646373597	0.12659009874237667	0.14233745613649726
0.15277510845533782	0.06593001408928964	0.21954954826323123	0.06935903541074598	0.06915755040428986	0.09203917932005272	0.17484804113246732	0.1563415229245852
0.2052224771489358	0.06424320684688158	0.25350017180120976	0.12566111199753688	0.06645221500284429	0.09512064152142098	0.04673890198560751	0.14306127369556298
0.17885594606959468	0.054700248502362325	0.23992883589397043	0.18553753832197944	0.05638620599797535	0.1020068015505973	0.03607178191065438	0.14651264175286588
0.18666415233617856	0.04324289043050657	0.25241931583901595	0.1416439644812983	0.06940731813819213	0.08573235187802852	0.05441675039501852	0.1664732565017612
0.2019862081234387	0.061547725239138776	0.25951065745445345	0.1029203098335141	0.06570058389954489	0.08519681390474085	0.08905197777193957	0.13408572377322941
0.1558323561846858	0.061720859680373705	0.29316450804253846	0.06226623145078919	0.056387700691269055	0.08863354044281924	0.11405578360602525	0.167939019901499
0.16036181490259926	0.07238059621624995	0.2551324109103521	0.17956572734492288	0.05883177945937554	0.08195056035340598	0.01794093185021231	0.17383617896288173
0.1652142812823354	0.06696205478484463	0.26793403551775485	0.1393450854702726	0.06841866381141612	0.09054783384944848	0.0582836505573118	0.14329439472661584
0.2070915954053153	0.06352643739992044	0.2214015809536807	0.15035153288195288	0.045843689750491634	0.08351911275676155	0.0707252498830005	0.15754080096887674
