0.01009892397881855	0.0645541223133866	0.0763135501362802	0.15968624816443333	0.2502825566283309	0.2271369420720779	0.10472345015421898	0.04843433259769324	0.042417470435831155	0.01635240351892918
0.011889602759597481	0.07007652634738318	0.13448859679933953	0.12551306245217542	0.11759182490693465	0.18009291619405074	0.13633142095450762	0.05334730647393601	0.044594845843648576	0.12607389726842683
0.020586384436717536	0.04183256088402715	0.12672575971283467	0.1676326050750628	0.036154938570922265	0.15524299742486167	0.09747167997212809	0.038623828099698096	0.07047280645670348	0.24525643936704422
0.013066883799366866	0.025452404981653395	0.09984650346465243	0.11880436378013834	0.09051305837721263	0.166663574728142	0.09420169087799955	0.03163584557743811	0.04158134238077834	0.3182343320326184
0.02462362726085733	0.03777019219518901	0.11354478744216148	0.17369669371572616	0.18631347188846947	0.17289974810033049	0.142660737383377	0.027642774213331125	0.06307858849477671	0.0577693793057812
0.0343335007549526	0.03610139584236252	0.11702151954175033	0.12178067330409009	0.08546138443413	0.12467528753688925	0.09146894044356446	0.0630432749409546	0.031031488173389563	0.2950825350279166
0.030912299520206923	0.025100101410853823	0.09502997546868786	0.20149583976771418	0.05368785227831873	0.2226580365531874	0.12136375974122997	0.04167193385253886	0.05608509399816909	0.15199510740909322
0.014626311423142677	0.03531764127241169	0.0895511372126073	0.1642094758328223	0.2446590646191854	0.1851020654250063	0.08639532383380925	0.053534151271488924	0.05694921274771087	0.06965561636181533
0.02650744155129796	0.025253403055946463	0.08274598981678467	0.19385818819208236	0.0740730416233399	0.20087408101655807	0.1125945950234194	0.05364672951717216	0.07584000473296633	0.15460652547043263
0.019512272167410846	0.04185206432493281	0.16269530614608912	0.1628539372577465	0.14096858560648878	0.2059348274159531	0.07843188133774381	0.06650791323195512	0.08772823639548318	0.033514976116196776
0.008759060271407992	0.040354638800969164	0.12430368363168097	0.13295442011661704	0.10558030668063564	0.22932524899964551	0.12127748529505716	0.04886069556377119	0.024736959796364005	0.1638475008438513
0.014291043013930707	0.028854788191439232	0.11581433771185105	0.1561122067794583	0.19695156244880208	0.1987744956571586	0.14354132024721278	0.05524764877261704	0.04382417534558327	0.046588421831947
0.031076508569864034	0.06134363405328953	0.08833512013312596	0.1352486634907945	0.22099645713444274	0.1464047325535729	0.08795598525900739	0.07545874728359556	0.07574438418839352	0.07743576733391389
0.022917596720347322	0.057797223356372274	0.09890427115851477	0.12390770102909543	0.17295990188948324	0.18801718430118874	0.10693786226218326	0.03946420703305561	0.027781787859303506	0.16131226439045593
0.03391987440576004	0.0674178116991021	0.11392136779949634	0.16189957252810644	0.07923187856841526	0.22342174295512707	0.086695635795281	0.060399878572907906	0.025405803835759355	0.14768643384004448
0.00707288704013341	0.06597114374977744	0.13256523185504665	0.12296515645991303	0.15826513696706695	0.15024518428944122	0.13177828338236663	0.024286861601961945	0.05248307950223619	0.15436703515205658
0.01880455783916489	0.02613189329610617	0.09785991811553572	0.1294974620803917	0.132570868323602	0.25079595304797525	0.10012104191582696	0.02143548397162441	0.07712981725459962	0.14565300415517335
0.006347173464130523	0.02458975538794081	0.1544661229428273	0.14125012345717453	0.02973584412278503	0.1498376688194699	0.11406514044931668	0.07019065359088589	0.031034794641622218	0.2784827231238472
0.010529070126237217	0.05132059057932009	0.10760583845208162	0.13477089740425954	0.16091048085159504	0.13454536983509083	0.1309817928752979	0.06636499200455306	0.08612189214885074	0.11684907572271398
0.021993484502809482	0.04978372859110008	0.14365057471440884	0.1482993489626538	0.04762678542383119	0.21758124092868517	0.13157659171351044	0.0730947691018343	0.07989118159860911	0.08650229446255765
0.02989268971131981	0.06291080795880136	0.1376309288334244	0.14862362648811142	0.07221112199566676	0.1391796820433373	0.09231160338552091	0.05403673779180728	0.03285569422695417	0.2303471075650566
0.009938676543510286	0.05044446478604686	0.0916837724150384	0.11107271622243492	0.04550166128171175	0.1327644267595704	0.10811308102898533	0.07163049578379521	0.04510393358881169	0.3337467715900952
0.030371284963436745	0.02476609938756809	0.0963740808225349	0.20382339200871646	0.0612068342590322	0.20128353620968506	0.0840706507197173	0.02852555894598527	0.05274390360725137	0.21683465907607263
0.03939245565606807	0.03721743913539831	0.08367498188681559	0.19973499668928885	0.022031881822109592	0.1286874806383027	0.14655939393156636	0.05045884698833999	0.04208148243954931	0.2501610408125612
0.02206049229000709	0.03741437895708295	0.12659938405226526	0.11511821769537034	0.01132584785774085	0.23932702097378372	0.14432898731660726	0.06385224283021161	0.05579698396066687	0.1841764440662641
0.03735349288335592	0.04761475421027586	0.12237929904401754	0.1621813097783712	0.03957432042659215	0.1537480034313124	0.1177197376440455	0.03884225881642839	0.06023332333967259	0.2203535004259285
0.01622269167702939	0.02882597878437837	0.1554285733858631	0.20997837302766095	0.09640083350075454	0.1335490458763452	0.08804343088574468	0.0543954514295926	0.06258510627367823	0.15457051515895295
0.03622652885168813	0.06360226299199351	0.13406603105057455	0.1991526170924573	0.09698151970739312	0.18144805575027814	0.1358237165822052	0.04680208605601724	0.05231117384548755	0.0535860080719053
0.008827721021093499	0.0532423467622151	0.16739576033289266	0.14898533143355208	0.14876443309654808	0.1982905259529334	0.07779055463903918	0.051330004674192325	0.07424605482802872	0.07112726725950495
0.017669208707379605	0.02456972469722464	0.12147902170932956	0.11634612098375952	0.1183269775998636	0.11996045189935264	0.0771477429386271	0.024678352289505587	0.05743585664522988	0.3223865425297279
0.01839239712881019	0.05036866681789244	0.12974297808045637	0.18121217512627671	0.04946254682999678	0.24077739656656677	0.11830670669495758	0.04658768121023869	0.05326802171813984	0.11188142982666463
0.039952134924307325	0.031194575394580024	0.1068358213919386	0.15312036405187046	0.22064587398309787	0.15713596523507806	0.12136033927974547	0.03673174226020061	0.0754946432967303	0.057528540182451265
0.03901139911085662	0.04314994965799438	0.10605324230336632	0.1275340395623892	0.01604131722227617	0.22533331722207017	0.10605951989470995	0.07486227603651857	0.09004825869827823	0.17190668029154035
0.022121691995500778	0.05314734611711422	0.12027234925993521	0.15955836517932287	0.012612648007871291	0.214785456767679	0.09255906038028029	0.04147547911117319	0.04530617466769782	0.23816142851342537
0.02588116155530923	0.07580133816945456	0.1133639403130607	0.1429955253785772	0.14320920895189354	0.2002470007782744	0.09293958402127253	0.058623532728532636	0.026102767899552654	0.12083594020407255
0.0300287297224449	0.059580022547483846	0.09903770489360897	0.13867301512943336	0.13019762841345023	0.23799840253591936	0.135415600390073	0.07501328996250713	0.07407235584225007	0.019983250562829152
0.011896496051593403	0.061856175582797414	0.11063724080236535	0.19374834417331288	0.10155580354364975	0.23693660332011918	0.08098844000724917	0.03658963254679469	0.061835063761254076	0.1039562002108641
0.007269642127740991	0.037216321634037694	0.08474401384413899	0.16354066936126982	0.25454722030679877	0.16621229855680814	0.12944359267170064	0.02845348921364582	0.028052925633822542	0.10051982665003661
0.022091302732060822	0.048439648942122646	0.10727798297915432	0.15004802400467387	0.020355214423353973	0.12935182330589304	0.10815039774477819	0.05164237296316686	0.06258074116057577	0.30006249174422045
0.037676354386339726	0.0364261505229745	0.14956520270135307	0.11536809828418552	0.05909245047389106	0.19722391982355789	0.0895880182257936	0.06996115489608515	0.05750320925069815	0.18759544143512136
0.03399636929356949	0.04348087221484942	0.14828145653774757	0.19498153613593108	0.09115110525929711	0.22673032619149303	0.1166541447664388	0.03351581904491545	0.04183103188316395	0.06937733867259412
0.040246899049657	0.02408749052069223	0.08287302925105619	0.12303281881521914	0.1616394048428092	0.21074833876692436	0.13419546522106332	0.05049778551393258	0.048597621073680784	0.12408114694496519
0.03884511352211502	0.04249149055391425	0.13683858772127952	0.1122527735821773	0.024453774360024508	0.25494172741550675	0.10933049411719412	0.041846508920247084	0.027946989978652137	0.21105253982888933
0.015776215292921517	0.04346380793253993	0.10025679753284697	0.17425559983052874	0.16077253079787868	0.1521102952947011	0.08762105592850047	0.04724343648989725	0.026358813417703256	0.19214144748248219
0.031178413013755388	0.054089491694044256	0.14730736513610423	0.16368231091151073	0.044133605871901446	0.23890902951524928	0.1322333895492782	0.041913089240824354	0.02878718588915316	0.1177661191781789
0.037886084634041195	0.034946671757771344	0.14678692899170392	0.14354973484158376	0.12372862718093111	0.15806054534189862	0.10431923080485028	0.027325380350374864	0.049610679119605774	0.1737861169772391
0.0312328141961543	0.041944122531554384	0.13725116190208486	0.13126879726855084	0.17057606710986017	0.2555001842925874	0.12982427869938926	0.02773501148465314	0.0324877711705953	0.042179791344570394
0.021742392522985862	0.058145628039838984	0.09906255246866943	0.11803916654041992	0.17657090795664462	0.1214721443645041	0.08943634380143449	0.03169779014465171	0.08441419023977281	0.19941888392107812
0.019417027995957	0.025789537243131058	0.10298632427926716	0.14064214880156833	0.05329522067679284	0.20708128596685976	0.1196306027878869	0.06634092517541115	0.03993153859830124	0.22488538847482462
0.02035474871055136	0.05523818381383863	0.09959214706892218	0.19026064772201629	0.037369011851724615	0.12404006401098029	0.11644104123298511	0.038678001832690476	0.07361698588396821	0.24440916787232292
0.03491463284062747	0.03049480840951331	0.12681642399967794	0.12937543864150908	0.23660371166597932	0.16663674200420686	0.10549224757853025	0.04963152944922978	0.09034970355465616	0.029684761856069816
0.032874739461784	0.07216821661157474	0.0795001547665135	0.1667492689825307	0.09862351992111953	0.19853537454772674	0.0984496230591732	0.029747790378380726	0.06281983657035449	0.16053147570084236
0.016157354228947235	0.024105794727343366	0.1323986496955192	0.19825052550798056	0.1840588730476287	0.16470247696020596	0.11166921909285216	0.03949307724632004	0.07885156191949325	0.050312467573709635
0.02076799762317834	0.03207514647587034	0.12800570382314216	0.11129810835570754	0.23207607952524129	0.13205908043454484	0.10995541490919568	0.04330912833973828	0.06875668655268952	0.12169665396069199
0.02569031731229615	0.07694586425587784	0.12079850421048602	0.16945898611350518	0.22365574728474052	0.20182792940521738	0.07671298978596224	0.04380521086599791	0.05067655669818302	0.010427894067733756
0.03446179266884926	0.055431235349690106	0.07678337085012912	0.13773422441201572	0.059800682642413026	0.24560648267790308	0.13496832855883775	0.020876624538073568	0.0669544201751584	0.16738283812693
0.011299217055190741	0.023854603439505212	0.15621899768906042	0.11886565944152616	0.04712682928802599	0.15607766569450646	0.1357875511647187	0.03402709052961651	0.04132307891956641	0.2754193067782834
0.017697019014013063	0.03932195664082781	0.1174850868652241	0.19941386498071728	0.0152492706339864	0.20604215239356755	0.08101933881371118	0.06276746745253553	0.0471080187477027	0.21389582445771443
0.014662606956279953	0.027154074617086507	0.10565299332837652	0.14543139899264657	0.11614751957480947	0.24001048380052847	0.09820524506996005	0.021373961675010267	0.050517339158143985	0.18084437682715826
0.019341992388622026	0.06272863475826373	0.10599458997309114	0.12394025176354266	0.11066381231903995	0.15526231095436246	0.11867370876427769	0.07272366697362545	0.08029709528804953	0.15037393681712538
0.03535943091505585	0.02254338986963053	0.0804769172736709	0.13706846384407917	0.16591226402396703	0.21786258537108172	0.07606614831022317	0.05654325779809148	0.030604128666875563	0.17756341392732466
0.01770865466889486	0.023740207893073337	0.08999252526591511	0.1485751260084223	0.1844500219173365	0.12221007489607609	0.11974201604691767	0.029763633395739578	0.03803587499954944	0.22578186490807517
0.028606468043039054	0.0396169473418231	0.12285214725519183	0.19551671991946418	0.012944940132007837	0.24495303670356877	0.1368449898363374	0.039634342255990246	0.02973000727211393	0.14930040124046368
0.037205734345533634	0.037021502345457924	0.14784131373028805	0.12105397942432335	0.10476879067647922	0.23863111824522376	0.12054077987565222	0.0764879839214592	0.045592962070964346	0.07085583536461836
0.038969260605275946	0.06943502227996794	0.133166013620845	0.14517866481505648	0.07825802135255107	0.14775861012184582	0.11400427321587837	0.0533381840105667	0.07703256382606843	0.14285938615194424
0.01815878712552292	0.03652899311381384	0.15393850948751603	0.11280062391902256	0.042381656166819937	0.18252657134587846	0.117755739818851	0.04377436903401528	0.0903422236491035	0.2017925263394565
0.018236946546616922	0.03549879461945639	0.13237690211831507	0.14463950170368298	0.14951741236024765	0.2114503159054505	0.14463318528523472	0.022630340623367468	0.07204139483251717	0.06897520600511114
0.030567449907866417	0.04800110886199588	0.09616048574848672	0.10963357609411627	0.3222121328851607	0.15814099282620117	0.09908946071181697	0.0403560741526918	0.06006773074247099	0.0357709880691931
0.03442320722254984	0.02787193599095203	0.09254931129958917	0.19038614422848552	0.2320590132398257	0.18607099643985855	0.13474632983097118	0.060986523774666214	0.02405586332385677	0.016850674649244987
0.013984032381999467	0.04153836120648243	0.11366501528764231	0.14146622598909808	0.22699727341119152	0.23034500960438675	0.12992702659810831	0.03278616069466182	0.035919780687021924	0.03337111413940742
0.020561350732395275	0.03013625854347185	0.11656522334684738	0.12864437635751602	0.034641659751644	0.14269968515911036	0.08223154235815396	0.07448790671604093	0.06900319281059816	0.30102880422422207
0.014509420798963862	0.03710443178034563	0.12455396316893778	0.21160286699492764	0.14539394984283008	0.23160220235417878	0.08914784090696265	0.0594432043041643	0.03054372827029861	0.05609839157839074
0.030437815229680296	0.07696093286832348	0.0970795557694831	0.17780762496312916	0.2266966202144871	0.2378067360902169	0.0892881148513484	0.028251741512662104	0.02932466543349954	0.006346193067169867
0.02739596080107283	0.066345324934391	0.0945202283782005	0.20444109852955364	0.14288674892635272	0.2196554300273864	0.09158536241171335	0.065078452291291	0.05684745828332851	0.03124393541671007
0.026792182063509404	0.04604253228930432	0.08443411006192957	0.12679196087534622	0.215558297531615	0.2108418387183873	0.098649238275788	0.032279448747266515	0.07558882721755647	0.08302156421929717
0.01095629458360943	0.05037214444907078	0.10381435264472531	0.1685122189591966	0.10245819413000684	0.15478480280246135	0.10821468309206489	0.07158990153254316	0.0358011231109122	0.1934962846954095
0.033181316203166014	0.040144922002683665	0.07874851472685261	0.14467545969270823	0.09085418372468292	0.12471210602515669	0.1385847068626667	0.033285049059439395	0.03949338794331868	0.2763203537593251
0.02308454408120597	0.026919024379925882	0.10234775255170175	0.11776144647346083	0.24467403976605706	0.1402172116836395	0.08317011838367075	0.02201173059068616	0.04382578340571655	0.1959883486839356
0.01956188783084936	0.055685018729736344	0.14146242627169253	0.11978510593544275	0.08238000542520567	0.17393591437225617	0.07492878078319529	0.045977292261089674	0.07943188247647337	0.20685168591405886
0.03609498934563664	0.045533370850024256	0.07585373735326285	0.20946472676170447	0.22783243230226802	0.16651442745183023	0.0951715120999946	0.03815468057197068	0.02820400424663924	0.07717611901666904
0.02983193123941394	0.024376176585352488	0.10842994325209468	0.20955235491609947	0.1944892533813325	0.1375657529129824	0.11986270832302384	0.05836657404762029	0.03859913695886458	0.07892616838321588
0.02589689830175307	0.024765425185403672	0.1613058963196079	0.11308057055268339	0.34584915706772706	0.13583142005972265	0.07913244084557841	0.0651999900529709	0.03512514091390005	0.013813060700652899
0.023216023042251302	0.04152916518231865	0.1399844632146035	0.1385100825651065	0.035985939886137144	0.19372582803946786	0.07973167941497164	0.054362032552962875	0.048575753564553764	0.24437903253762677
0.040522003694572	0.05665977070917052	0.10055879791811416	0.13423024931618985	0.2543402937318547	0.13938107830652546	0.09442897414181944	0.04179869095504792	0.027137374248053	0.11094276697865295
0.02509117113534169	0.02974789522204091	0.08578741209400242	0.20245750727045692	0.09191564885177665	0.1694330042991905	0.12327089044005687	0.07641123141270385	0.08816314449442986	0.10772209478000035
0.018712336543303953	0.03566442733508783	0.15840939770391396	0.18063917868123144	0.12266575038134332	0.16023251572646385	0.11508171589177212	0.04661922613424623	0.0862003912850303	0.075775060317607
0.015167929312844289	0.053027477168039364	0.1124210665528341	0.12167227607409134	0.33112616666127975	0.18168719505615294	0.09756875233866304	0.03327396592746237	0.04627911779118896	0.007776053117443879
0.03253780826307147	0.056147152127348145	0.13579589950318988	0.13041943628182162	0.061145417879837224	0.168366877107002	0.08056308687858571	0.06722725183332431	0.07899213568883223	0.18880493443698743
0.018916116604833527	0.04505361820245564	0.09195641070850748	0.1360186061317693	0.08016192717523216	0.21244737432683652	0.11655925493155547	0.03316427863397209	0.04222414832815441	0.22349826495668348
0.020171700611394533	0.022676781417194647	0.10299015392461716	0.13942095857275974	0.2962285580596528	0.12214363692225276	0.0797650575513633	0.07350282002822525	0.07592739966666301	0.06717293324587684
0.030984580021461094	0.025011276673139307	0.15316271412379295	0.1641505116952166	0.02948705177797084	0.23437312870942095	0.1345525887284058	0.06742072974935745	0.04118487166425075	0.11967254685698424
0.013795443136656912	0.0489119776646424	0.10917663355775262	0.1783190246900655	0.057982873575847575	0.13598238509194857	0.14080479283489566	0.06852300973178015	0.06558225737183013	0.18092160234458055
0.031100968109272722	0.05169068060570907	0.13433943808399038	0.19555870925037716	0.011722607315083636	0.16966297240422584	0.12028092160047692	0.0579837451803275	0.05277471584297957	0.1748852416075572
0.019765956521445457	0.04709244323238012	0.08157815532006929	0.19555918812487877	0.20362349580009784	0.12027549442439707	0.10281286674520716	0.07623167963814023	0.07120782037455727	0.08185289981882679
0.03491306631334548	0.05957868851164333	0.08566384398922414	0.10995754046395308	0.04598838732314661	0.14978931684732402	0.12234543475051396	0.051421422905454164	0.06344627676005565	0.2768960221353396
0.02386370111061674	0.07561628425290542	0.1065006390254356	0.15722276309500627	0.09934340654872216	0.12770357390543827	0.1381635431102562	0.027615966420781554	0.05549347750092047	0.18847664502991734
0.026186145246474307	0.034376078425698536	0.09204140043630703	0.18325785853264365	0.26990501072621986	0.12337427778095365	0.12867934245468882	0.03813348667427253	0.05352862560574356	0.05051777411699808
0.03411953813113627	0.03053631201409783	0.09463308609550929	0.13428254377186233	0.18777772675757778	0.13198148056137468	0.11134316751103958	0.06352804022300126	0.03613568104980934	0.1756624238845917
0.023243842236163714	0.023657103727323034	0.14162092465229142	0.16462970353866013	0.015069660923418216	0.18954875296055035	0.082073791607939	0.027072234434743866	0.05104767278571469	0.2820363131331956
0.029093158580949116	0.02895914122088014	0.1474174126976715	0.16916177171293686	0.1855459941380155	0.14178028057767852	0.09509708933709565	0.04721363488287711	0.03535773058343969	0.12037378626845593
0.037288905915609974	0.024938332679049685	0.1590525727381087	0.166357121745502	0.14672912197895582	0.16430202862665952	0.07883456295343012	0.07236351322696291	0.06516388038621374	0.08496995974950755
0.017815126492026975	0.06482413135705908	0.1546325842195432	0.11262443582375932	0.10960908213241453	0.2133008988122969	0.09706502728528332	0.07646490494978204	0.06503467765207703	0.08862913127575757
0.01716262702525019	0.05169235421987602	0.09912031417119507	0.15357527704051263	0.0610418219690928	0.14360581659813215	0.14738529361855227	0.06912753133777384	0.08142747566166303	0.175861488357952
0.0300397213210888	0.05044346758498394	0.15918337928760018	0.15721050969748362	0.25954919553569616	0.14323536252566682	0.09743037894277211	0.023462143432516874	0.0484854790673509	0.030960362604840655
0.03240192723082734	0.06394164800753871	0.0758801816479723	0.11066243789216382	0.07788665188365637	0.21749568259705332	0.14210099969541531	0.03808397763134163	0.07753574715844344	0.1640107462555878
0.026105636945579283	0.07605859795231694	0.11580051976706607	0.15140315148752476	0.04621238160460345	0.1447592295540566	0.12288898160029202	0.07449241693183012	0.04452251830407978	0.197756565852651
0.025390478907519345	0.07468920303487203	0.12340575092823708	0.1798995897883298	0.17197202004626788	0.14282570137058762	0.09148983239091182	0.05287170329532144	0.029484655796710155	0.10797106444124285
0.018579805698864194	0.06499939434576588	0.16232178471246983	0.1633380244123399	0.04197753891876703	0.25385879523998933	0.10638563043617501	0.033988271491902464	0.07359293696550939	0.08095781777821698
0.011707717481898403	0.038389129238215344	0.13570109021150073	0.13170588176498932	0.11127580223502952	0.13865737109748627	0.13956304747499979	0.052969661942581556	0.06872339820787146	0.17130690034542767
0.02454286091865515	0.025156660249105067	0.11783062900121709	0.18845483672262103	0.06919761138277838	0.2068472485684169	0.08973824273264733	0.07149874479995853	0.02753642758428651	0.179196738040314
0.007170544984135704	0.023104150632805895	0.11782178024585248	0.1775373948245464	0.1027987327454126	0.25597823313047574	0.08384428635242336	0.06404517870685386	0.04442401927460436	0.1232756791028897
0.03767732037604511	0.025315130137885597	0.12851663446965264	0.2044540766709786	0.05417664873748574	0.19649782173482866	0.12957324272035492	0.041065752127115045	0.07372361627920038	0.10899975674645328
0.018865680697330273	0.06361756995384246	0.132345167005709	0.21235278018003953	0.07455310477470352	0.16699502266052885	0.08162181162321247	0.06619898990589645	0.07942483049173149	0.10402504270700597
0.009975076292983623	0.03987989354423827	0.09881971096841324	0.13347457463978973	0.09439212715472799	0.15709774926642547	0.07933631698234464	0.06449263957509555	0.07051948681441701	0.25201242476156444
0.036819049348796484	0.06690242725164207	0.12675197055479104	0.13724908616755482	0.017970931798532028	0.1955363534563106	0.13691810820870504	0.07673715754997953	0.03435148538458718	0.1707634302791012
0.0355298662779296	0.02855735330207955	0.16488657431208398	0.14538661044378592	0.1962341541243564	0.13135869833083624	0.10434060681218578	0.07198313053890461	0.07967102826198524	0.04205197759585269
0.030684597849191184	0.03156487045756025	0.10374109517622661	0.18871086203575418	0.11348971768892227	0.16344208517183337	0.13337309692123012	0.05227610001545856	0.06793371264847889	0.11478386203534457
0.017667245247752913	0.03079183539694648	0.12868958770533256	0.1400632827547011	0.028466020909474435	0.1361973503872116	0.10601954822463658	0.07231589351169491	0.04187538041361571	0.2979138554486338
0.03039675574550911	0.045599296967675736	0.07815182440446827	0.15480445205880866	0.12453739243640331	0.17084609885677743	0.10559499493477587	0.058080417533613864	0.06191198435408933	0.17007678270787846
0.017851558286033145	0.04999172040855109	0.14448802751253845	0.1664649932662393	0.06738463011849871	0.2560825243477089	0.13960517557411678	0.02965370698928857	0.05147874027527951	0.07699892322174566
0.03035110832266938	0.07629912923210297	0.1528443379969342	0.13596298149922942	0.18431817054681365	0.14671759772271475	0.10828673823793128	0.04337561481918227	0.044773370662991654	0.07707095095943042
0.01786096056850414	0.06385515395014629	0.0946691059875433	0.20469344602555795	0.1179993647715935	0.15400248842606412	0.08367809789334527	0.060948425245116435	0.04638729329329388	0.15590566383883514
0.00889552713998247	0.03426011657589732	0.08808408565589226	0.21476068333772058	0.06205622954567235	0.24675373583866367	0.11012114359990405	0.0453454919364464	0.04179219744290953	0.14793078892691136
0.013117724731310385	0.03703101910063622	0.15790642299171392	0.1621755395339913	0.024655934411247887	0.2253991048439959	0.1471213703474657	0.07027166106841506	0.03590836567201504	0.12641285729920865
0.03587024616798623	0.070040930492646	0.14918998088482188	0.21690959436128152	0.10880815219683099	0.18077671930657083	0.08434286431913234	0.03713666277616978	0.03050652335858231	0.08641832613597819
0.03453833732707026	0.03691203567437319	0.14945623184100565	0.2115642619977296	0.017062461415203192	0.25570606608701946	0.09394837296319504	0.049218071366789934	0.0315697978124069	0.12002436351520679
0.035057538188463425	0.050925128488777616	0.11193318316848012	0.16586685606524187	0.19213150357029174	0.14581260943757413	0.08963954212153412	0.07814044098969342	0.0344756110261393	0.09601758694380425
0.03420337132340369	0.041511320735855034	0.10261672755606072	0.19731587190066327	0.20260107546064973	0.1800136190625619	0.12920736376287303	0.060108467888705844	0.02496102653733978	0.027461155771886986
0.03604542797826532	0.06943378773546359	0.15522080993001325	0.13320881701116188	0.17651261188379264	0.18639019341437463	0.13416894789056633	0.02207519782518	0.047036757257960776	0.03990744907322161
0.012929925487527874	0.04351730426574342	0.083541469121964	0.16679203685575883	0.08821814075837314	0.21638037376449631	0.14505100225410533	0.06033462147175759	0.036044980474720004	0.14719014554555354
0.03577808935683004	0.0357712233835666	0.13235929385429468	0.16079467582633827	0.24992734450004694	0.13430970473015708	0.08745561807700343	0.06272190164448627	0.08522415477605363	0.015657993851223087
0.006397120077714466	0.06514600181915897	0.1185146136493479	0.15191523421673842	0.09440552979410904	0.19596305335669945	0.12512855335169107	0.04518598794680016	0.0632525947954439	0.1340913109922967
0.03228498648181627	0.04133705506369982	0.11291242284543765	0.15839128097822128	0.14828411717042292	0.22080163083181342	0.08628324000205989	0.053897704925411835	0.0418720609757621	0.10393550072535479
0.02289974187200189	0.04982352736724047	0.15724341239170284	0.20944468601685	0.04671041543856807	0.1566403584475073	0.1253054266410362	0.042647153755241994	0.06863746292353487	0.12064781514631641
0.033771370642988754	0.037167680742718756	0.13282085109433622	0.1998367903194091	0.041860067044895526	0.18695197313969325	0.11382725746206299	0.039425162294555526	0.02696565818568762	0.1873731890736523
0.031547499226922474	0.059309492032538574	0.08251803150095553	0.13101635449068436	0.07843689515318045	0.22970106554011205	0.11903585546245471	0.03068195916106238	0.04617885708081566	0.19157399035127384
0.02294615569554795	0.04322590312835864	0.1500387376997181	0.19585467121143796	0.05600783299628173	0.18096117441467724	0.10384862473821066	0.0716398484547028	0.0820960330054008	0.09338101865566414
0.012852873783535904	0.06744306956580828	0.08522684255165144	0.12492825269103781	0.0801785302393975	0.2114646578513604	0.10463785170948263	0.06622025564870705	0.040546736280088	0.20650092967893102
0.038428285287442264	0.02974143758245963	0.09053162464860874	0.21555108596686412	0.17918482824812315	0.18540710045640427	0.09898440399042883	0.027364437543810585	0.048673171314626056	0.08613362496123239
0.02766026413177096	0.0709275258983558	0.09592001140454826	0.1791860046305848	0.13474765644208353	0.15024609400920133	0.12810121405994135	0.06299954878643864	0.030550908922498662	0.11966077171457669
0.019352341254343028	0.07069571103192923	0.11656027668321811	0.17282619461634013	0.10928389595113623	0.20821011514294274	0.11831731981982385	0.026690878102241383	0.05016408489380028	0.10789918250422502
0.03947815482095117	0.07573656600602281	0.0981980027007852	0.11218723404916348	0.24163281793895552	0.2232457195928042	0.09807821350776892	0.05034021785498777	0.037699175430492976	0.023403898098067907
0.03471491093573345	0.06118214883563549	0.12360480292949516	0.208865038194046	0.10133047694556424	0.14921379588750444	0.09631588185900072	0.0769774984987337	0.05318742453463158	0.0946080213796552
0.03858575769267537	0.029365356719529306	0.08359809258384482	0.1553568796923685	0.13214486588619728	0.14145593978078147	0.12304167924072984	0.05326732785364652	0.06037244348589099	0.1828116570643359
0.031403957478194744	0.02758590473742628	0.13860867920854092	0.1630224617967045	0.15712454021342723	0.19441249039813077	0.09942512778810737	0.04236126601250754	0.06891879403773866	0.07713677832922204
0.009286962319066464	0.042961714391735184	0.13156845689012733	0.20320369250067108	0.07688113822728644	0.1642087389316848	0.12183968039586432	0.07858015566355232	0.032901554314667736	0.13856790636534436
0.029131817985365765	0.050531174756744256	0.15086303070983956	0.12127475408849164	0.21520865450835908	0.1520197954730375	0.1320519150910818	0.053172701846706645	0.08961941441501012	0.006126741125363641
0.010295315856207701	0.03284509761006617	0.08723105835993082	0.21247857088766048	0.07754911721007056	0.14731407404613878	0.09224086005399232	0.03885032051638241	0.07698808757702573	0.22420749788252503
0.010579689115119792	0.03269558389474139	0.1210010984072734	0.11133203702729069	0.1293087468256227	0.22444515117542996	0.0882591424696761	0.04663968244206544	0.0385830706241406	0.19715579801863994
0.02714108133274845	0.04303264759036722	0.1030788176342231	0.19691947077052452	0.23873239709846422	0.14390662007217495	0.08563816277067372	0.02290449785458548	0.08961864385392318	0.04902766102231515
0.03279934789140787	0.04912488982827995	0.0898717084735663	0.11366779299219054	0.04208760116615986	0.165153981518664	0.14635676025177924	0.05910735088979223	0.02517918017611749	0.27665138681204254
0.04001399569583427	0.052776861196444244	0.09813008475698139	0.16184020155774315	0.011164240626182861	0.22084350556241988	0.1409781828470139	0.07381548456377574	0.08184390127035253	0.11859354192325203
0.02137914968161496	0.04097870703247006	0.07487115599291938	0.1489998936848853	0.06457731990174272	0.2363428728829588	0.0908088629806866	0.023795062659583213	0.03481741503786942	0.2634295601452696
0.03478516736128674	0.0532321412363001	0.1070072769051102	0.1854214351857283	0.02975849823510425	0.17609671454308534	0.10316638117142676	0.07119686069980555	0.07612125935711064	0.16321426530504213
0.033778590914722836	0.022225974450280114	0.15387436908197627	0.17878705031221137	0.1334738518550863	0.1452101593323937	0.14317351121654173	0.045726712876143945	0.08360941255448276	0.06014036740616097
0.012525325380153135	0.025423791528579404	0.1496044249912238	0.1761512988772877	0.0562339618259046	0.23819538388377287	0.1257631803264008	0.022327465601008165	0.07808807305893829	0.11568709452673119
0.02249323769770846	0.05163200621297384	0.09503719423213078	0.15059998719866508	0.07805522366777007	0.23239914789254695	0.07930424270676081	0.026710142124534986	0.08084172148578977	0.18292709678111935
0.038545623233097064	0.06542679799961224	0.14447992099758244	0.20103801385744413	0.012863278756894567	0.20449880607534648	0.12124184578707589	0.045542089490197515	0.023953530178376925	0.1424100936243727
0.03564129518808247	0.055956285032288035	0.15017572914398333	0.17732710714676164	0.1335126250429656	0.2058273931957762	0.07885055793159666	0.05015767971749522	0.07789973999177092	0.0346515876092799
0.009363086264550805	0.0438452974711513	0.15616762313896387	0.1422271414036294	0.05645696879501164	0.16937516108754724	0.13076162613304892	0.07676413746264289	0.07140739903316272	0.1436315592102912
0.014875922838687314	0.03465056266422169	0.10438615346625164	0.14535103164202004	0.2931795128367297	0.14016550958022858	0.10408924925070596	0.060732163884958876	0.0828587843055483	0.019711109530647905
0.012590325225089224	0.03785506450634676	0.1134602531718242	0.18510199782399556	0.0760012923814033	0.23244450666436478	0.08924838727792829	0.06727907133670062	0.07192094397710103	0.11409815763524626
0.015090251380417821	0.060410728650249185	0.13453204283722622	0.16398927190907342	0.05090607243703667	0.21339441985353774	0.0897328363504075	0.0284180234051309	0.05863798845424634	0.1848883647226742
0.026910079529727987	0.07049274001684697	0.09231046362714006	0.18349755098336823	0.12049395766978299	0.12785439106859972	0.13932314405657958	0.05318033993630248	0.07360737285376158	0.1123299602578904
0.03864445127170836	0.03577604975554466	0.08159452213746178	0.21732809810364573	0.1585454510356611	0.189833033798946	0.14108683096847519	0.048209519233659535	0.061917672277571396	0.02706437141732626
0.006749479381651963	0.047343236903667284	0.12385257406496192	0.19273447292642368	0.011007509064335716	0.22024250419670302	0.08324542653532085	0.03705423262523096	0.06186544023621051	0.21590512406549417
0.017251560898499704	0.05244100771880565	0.11860932223403015	0.11477112545176929	0.31425803778546535	0.15118705618572126	0.12826173837067742	0.02387242310577868	0.05375351005153182	0.02559421819772069
0.02092389980510373	0.025892317184828165	0.15843735708221918	0.18770821965136486	0.12072495866341848	0.20026578412855361	0.11649286246608273	0.06873455756634124	0.06976380132825095	0.03105624212383719
0.014361162504721123	0.035550148720248004	0.10778388893767939	0.12689991459477554	0.07238158839270953	0.21359210034129855	0.1438571835159035	0.030243627177715407	0.0625414958218306	0.1927888899931184
0.009601526416369355	0.07081473949713281	0.12374309520494747	0.15154438702079814	0.20477715736942512	0.1906470406436626	0.10840003948219049	0.05070780154992095	0.08001291447213991	0.009751298343413178
0.020383553423955897	0.03280363525025351	0.10750343003289418	0.18976518925535935	0.1461267113955489	0.16059972000808137	0.10408653138650396	0.03155154093085159	0.04875909731565916	0.1584205910008921
0.03342030641923294	0.035558342075853344	0.12079572443102168	0.2150104186480914	0.09494928385690216	0.15779346531017968	0.11496121549424693	0.025440322996690537	0.028527720368529616	0.1735432003992518
0.010302405409223711	0.07251376742670322	0.13463585147686633	0.15451306076127533	0.16204583519666543	0.2115027746357846	0.0761005826942121	0.025870666305002413	0.025617221128593534	0.1268978349656734
0.030681060262556667	0.06744422483868062	0.1353256977710271	0.21213899719637014	0.13941004414444544	0.12671283672993347	0.07880846259169441	0.070812093615121	0.02730774973269727	0.11135883311747392
0.021324963017215523	0.029627374035924137	0.13734040297727282	0.12949100464106567	0.3187833847416769	0.1273697195820284	0.07963300567172805	0.05927954064795006	0.04915482630494449	0.04799577838019393
0.020207645403764907	0.03825553493794221	0.16651193334170367	0.13503442561355475	0.09256254807640088	0.2529887638283413	0.09987225391244292	0.034798574813867444	0.08142290080116946	0.07834541927081248
0.00751865443651141	0.038427456582391536	0.11150296553291367	0.21603069120065255	0.05323623318813045	0.12447634607570277	0.10066667232222287	0.039330067409112615	0.06192601288543549	0.24688490036692673
0.008782808229065811	0.07340646637774471	0.0935797087764022	0.1274202177707625	0.10517595974922789	0.2509578838770318	0.12807338885356712	0.05850504308068122	0.06312234288963282	0.09097618039588401
0.020375411921308054	0.07478023748097865	0.12720189154628192	0.1908807163876278	0.08670992668343676	0.15140273463721535	0.12865651756649588	0.05586450147697288	0.0793904282015818	0.08473763409810094
0.008064294174183056	0.07515987569752844	0.07979340247650801	0.1956237299086182	0.1466754285541335	0.12616245803388904	0.10442295528543086	0.030059626472308004	0.04177180760738156	0.19226642179001938
0.010965574537151912	0.035883192042958575	0.07735879380445929	0.2147006000127835	0.04001736490591512	0.14295445240470533	0.08502419914395626	0.045375208009409654	0.08109262371993266	0.2666279914187278
0.019636953812841473	0.059990206211719736	0.12798129051329687	0.21144341042674236	0.05726104851986228	0.18260948495938675	0.12261133946649982	0.031817889024412224	0.07836582632724384	0.10828255073799464
0.03306178615199293	0.052337471983119346	0.07980841939434269	0.13763579090862052	0.04159595176597736	0.12757366247457197	0.12789466745668523	0.04401074542055125	0.0534735387199735	0.30260796572416526
0.00951397813420389	0.044376538696419075	0.11740310786356696	0.13814573127573276	0.10069929976517292	0.1767526852162089	0.13791136018726521	0.046279442350990595	0.06381168492455006	0.1651061715858897
0.018621243290068548	0.057690654003404354	0.1427530888267753	0.1413246818403503	0.17313080459781627	0.24283371584463814	0.12671430826207097	0.03107243833254042	0.043790476028937174	0.022068588973398542
0.007004026002175312	0.07589275416942307	0.12958402596506197	0.1881373797029332	0.19638188826357975	0.16786831239538152	0.08650329332705584	0.026980143375981563	0.05612091993073442	0.06552725686767343
0.020731096069914398	0.042025369259723895	0.11820209043203156	0.13264954384117397	0.32008987819802015	0.12095078866573925	0.10995815705611132	0.022924381720811196	0.04272566294051793	0.06974303181595636
0.030721972029584266	0.04555502046503048	0.07553210718755894	0.14380349808579063	0.1269608916735552	0.23826007878004268	0.13079143555345304	0.034314185018817694	0.06146495118932142	0.11259586001684566
0.03966490446730063	0.032462737614465026	0.07893485048965515	0.2144373854386208	0.09865676863614702	0.15279870681203575	0.13495470009272906	0.07797163793425974	0.04271771514204636	0.1274005933727405
0.007929725697309833	0.05943941843025174	0.16596890837681885	0.12181899006702784	0.15739668751990799	0.21563221425919898	0.11020418847545481	0.07779197096062147	0.07246489555984062	0.011353000653567938
0.011092167129213445	0.06768981033388269	0.15599745617251828	0.11499142518478932	0.024463326961090187	0.12119248825843429	0.09371665463154635	0.07716402624202484	0.08589403973542242	0.24779860535107823
0.012309771427255131	0.05057787792901304	0.10999324164617066	0.177935685816837	0.17811213173661294	0.24507486917121268	0.08519751468620723	0.03836302940994815	0.054586480664884335	0.04784939751185882
0.02059391326289249	0.058595720220644056	0.13127494806360024	0.13244562809206528	0.19800446833563662	0.13057907648629605	0.0990460911429105	0.03647687823868047	0.03308704643029302	0.1598962297269813
0.02607639493129639	0.06064436750772767	0.14340881515449033	0.19403650976966536	0.16347152702926143	0.136109036141355	0.08720117505233596	0.040122344824231715	0.08025657686781248	0.06867325272182372
0.020111737637644553	0.04474796616987177	0.10777123778089415	0.139081589771824	0.1547728977124665	0.1522233012271136	0.13451709809166218	0.06742332490621483	0.06666422266759042	0.11268662403471796
0.034099775285197004	0.029855298901510577	0.10691431009647079	0.1395890762473578	0.16374280090738785	0.21778124931803283	0.10644412900493583	0.06693656450554789	0.06880655523708863	0.06583024049647077
0.02552158009927627	0.06739215278837955	0.1592625983633934	0.11434388319387179	0.04009451187036307	0.22518662161474023	0.10498079555068371	0.049899157424217896	0.055926907088424994	0.15739179200664916
0.036673837014744554	0.02436571922105306	0.10629570134561578	0.1601109349400995	0.12804468220389031	0.22453015898847872	0.14155272106540648	0.03730193072958507	0.036527729266143366	0.1045965852249831
0.011685592182028692	0.0733587581080147	0.13534692148289623	0.21510085463226125	0.15684700744826227	0.17141995558532994	0.13906284316066542	0.03399371243573575	0.05281839847539155	0.010365956489414255
0.008404298772670613	0.04024482593387311	0.13850874452228434	0.19273007516766633	0.03877736425857474	0.23562263550288437	0.12081952742200228	0.02549668487481778	0.060846119686435156	0.13854972385879138
