0.15574520967041378	0.3816747384515502	0.4625800518780362
0.16651885016728132	0.39161532395209236	0.44186582588062645
0.16442057014090286	0.39107312559740953	0.44450630426168775
0.15715508870343975	0.3804375158681912	0.4624073954283692
0.1648435797841064	0.3775238702402612	0.4576325499756325
0.15676520585435816	0.38747567240461456	0.4557591217410274
0.16831447278183365	0.38187105457540704	0.4498144726427594
0.16443241546701803	0.3904647821680239	0.4451028023649582
0.164912418019675	0.38064007189690785	0.45444751008341727
0.16048374486227082	0.396654222372249	0.4428620327654803
0.15473873223943813	0.38787112824058734	0.45739013951997465
0.16524768644787546	0.3945264358689644	0.44022587768316024
0.15283942682552132	0.38897899979322087	0.4581815733812579
0.15629558690507855	0.40103944981863643	0.44266496327628513
0.163400565621301	0.37583586167376465	0.4607635727049344
0.16735683239804158	0.3914474318371141	0.44119573576484444
0.1588014410776944	0.38151151202244676	0.45968704689985895
0.1647742787898418	0.39151735504972907	0.44370836616042925
0.1545857185769249	0.3948016854955882	0.45061259592748704
0.16756387701608086	0.3772636299944476	0.45517249298947166
0.15810959941501995	0.3984305206813824	0.44345987990359775
0.16415634444266328	0.37950066969727503	0.45634298586006183
0.16039947213947048	0.38565145094857173	0.4539490769119579
0.15957056559164723	0.3921680812063142	0.4482613532020387
0.15947099645298926	0.38071957602545403	0.45980942752155685
0.1674345264688872	0.37857412804787893	0.45399134548323394
0.1668602852288512	0.3917913302092947	0.4413483845618542
0.16515561333021306	0.39335687145295745	0.4414875152168296
0.15693628372606605	0.3797263329931973	0.46333738328073676
0.16518025506215284	0.3788253312696603	0.455994413668187
0.16188249888808134	0.3764965190770476	0.4616209820348712
0.15872771783473688	0.3777961982473938	0.46347608391786943
0.1606643317000743	0.389323260129623	0.45001240817030286
0.1624886879499766	0.39244388729490826	0.4450674247551153
0.16223441676579264	0.37736616694345954	0.46039941629074793
0.16470114422835047	0.39576010714316384	0.4395387486284858
0.16417974967793192	0.38456180490107	0.45125844542099824
0.15508888083415578	0.398895058942084	0.4460160602237604
0.153781774451146	0.38950719789336086	0.45671102765549326
0.16566644910600242	0.39253526427081875	0.44179828662317894
0.1673141901991363	0.3759176668862786	0.45676814291458523
0.16354562020923136	0.38889601055355677	0.447558369237212
0.1596844867066171	0.3907809233589544	0.4495345899344286
0.16121716150035453	0.3759620201905384	0.46282081830910715
0.1608017973230112	0.3908568779930444	0.4483413246839445
0.1623819122934168	0.39978047990276255	0.43783760780382075
0.1615988149915995	0.39565957446352795	0.44274161054487265
0.15539599854662084	0.3992209272396243	0.445383074213755
0.15776099955571685	0.393778403544	0.4484605969002832
0.16094183441758841	0.3776823025726693	0.46137586300974237
0.16643507961722875	0.3861954036631904	0.44736951671958103
0.15591353826256776	0.3934239246679792	0.45066253706945314
0.15841750084387854	0.3870943277043698	0.4544881714517518
0.1570075745287946	0.3894468687903128	0.4535455566808927
0.1572549907545457	0.3817824059938549	0.46096260325159955
0.1590474127325826	0.3784062411850952	0.46254634608232237
0.16200718953484264	0.3778605233090454	0.4601322871561121
0.16079058937574553	0.4024486907391842	0.43676071988507037
0.166463050265734	0.3871043066777702	0.446432643056496
0.1662881401106715	0.3826706801375745	0.45104117975175406
0.16601387627426245	0.3843222046506457	0.44966391907509196
0.16142709759988078	0.3883184848873611	0.4502544175127583
0.15535699196805378	0.3884924497654118	0.45615055826653456
0.15915075834422715	0.3940238887970351	0.44682535285873787
0.15707265791415265	0.38231539485366184	0.4606119472321857
0.163100487405055	0.37999294213416746	0.4569065704607777
0.16005597846904218	0.38419186440191927	0.45575215712903866
0.16090985245937978	0.379563914341849	0.45952623319877134
0.1621640789358803	0.3817273236654024	0.45610859739871745
0.16204376528821313	0.3859113713113159	0.45204486340047106
0.15256619065491456	0.39424276416732185	0.45319104517776365
0.15710055829007247	0.3812608533922407	0.46163858831768695
0.15906436356501574	0.3997217170471413	0.4412139193878431
0.15469443601305521	0.385390505963376	0.4599150580235689
0.16343871099393778	0.37865819774108417	0.4579030912649782
0.15570149726228238	0.38608389019973727	0.45821461253798046
0.15784784493802598	0.37976983904765566	0.46238231601431845
0.1599027616468045	0.3825232733921016	0.4575739649610939
0.1552760425257962	0.3880169591584865	0.4567069983157174
0.15671063012278236	0.3994233234943087	0.4438660463829091
0.15347913879941652	0.39134666203954327	0.4551741991610403
0.15795708835267905	0.40285198527519106	0.43919092637213003
0.16397232934222683	0.3986848484179765	0.43734282223979676
0.1650826637304606	0.3900997796504525	0.44481755661908706
0.15766139225163753	0.3873321464482608	0.4550064613001018
0.15767593550640793	0.3916773678758161	0.4506466966177761
0.15350625910984333	0.3903790143364996	0.4561147265536572
0.1616638375719885	0.3977492382572702	0.4405869241707414
0.15908784173456955	0.38020180053362973	0.4607103577318008
0.1600830664489639	0.38515561487141425	0.454761318679622
0.1592805136784364	0.3862882555919053	0.4544312307296584
0.16842253523555534	0.39250126993126133	0.43907619483318344
0.16797667449253934	0.37767910291035045	0.4543442225971103
0.1582587496208374	0.40286748196313926	0.43887376841602344
0.15625372294864576	0.39204775751221105	0.4516985195391433
0.1551260000082506	0.3846376526570316	0.4602363473347179
0.16741714664299506	0.3841878746962231	0.44839497866078193
0.15316741023189623	0.39760316369976745	0.4492294260683365
0.16084695332227283	0.40230211172512353	0.43685093495260374
0.15300204876138956	0.3895040892525555	0.4574938619860551
0.1663187570601769	0.3773963429482002	0.456284899991623
0.1591051379881399	0.3949642993831338	0.4459305626287264
0.15348617590214036	0.3978698540818301	0.4486439700160296
0.16388135425046485	0.3797441381877522	0.4563745075617831
0.16587692584915104	0.383085880817071	0.451037193333778
0.15512504996392876	0.39648440409425967	0.4483905459418117
0.16313635034625262	0.38767747845671785	0.44918617119702964
0.16536983633893698	0.38525486363809336	0.44937530002296977
0.1590898697051593	0.37801495714898137	0.4628951731458595
0.16087404657415175	0.3858711382835717	0.45325481514227667
0.16413276230281998	0.3965234202654582	0.4393438174317219
0.15740070511786036	0.3923957802763183	0.4502035146058215
0.16348688934478625	0.3932086554127294	0.4433044552424844
0.15672566926332276	0.39433392622606595	0.4489404045106114
0.16186911048630734	0.37698816567164184	0.46114272384205096
0.1664842824702764	0.3928804426606675	0.4406352748690562
0.1535704997639471	0.38639590346409874	0.46003359677195427
0.1573315182908039	0.3823430194635092	0.46032546224568704
0.16572282587843803	0.3942983751883554	0.4399787989332067
0.16700342113500266	0.39227125279664077	0.4407253260683567
0.1545726844662913	0.40102557836238273	0.44440173717132614
0.15503892708644762	0.38643893417320585	0.45852213874034664
0.15977061550449	0.3788526751169456	0.46137670937856456
0.15496957949068785	0.39338448239105706	0.4516459381182552
0.16018567631508318	0.3851548945796619	0.45465942910525503
0.1667365891730659	0.3829019893552557	0.4503614214716785
0.15401743132639759	0.390458099514273	0.45552446915932954
0.1681736192983883	0.3900081366197901	0.4418182440818217
0.15759190223891778	0.3869458782462528	0.4554622195148295
0.16444620170717372	0.3967593256788102	0.43879447261401616
0.15362668352920816	0.39580642644220254	0.4505668900285894
0.16144316953700366	0.37760979119885674	0.4609470392641397
0.16492118748000775	0.39003419137692635	0.44504462114306603
0.15355702813658212	0.39771253061082795	0.44873044125259
0.157432996796259	0.3798465497035534	0.4627204535001877
0.1640738767682785	0.3788918799879783	0.4570342432437433
0.15259531839786883	0.3966216771333252	0.45078300446880615
0.16013364942447872	0.38173572853243165	0.4581306220430898
0.15807633895001844	0.3998233477818292	0.44210031326815247
0.15446907351295525	0.3993680032844869	0.4461629232025579
0.15958613031386515	0.3775111629294729	0.46290270675666206
0.1547490511673748	0.3988183414828911	0.4464326073497342
0.15528787329279162	0.3847141017109108	0.4599980249962977
0.16285889478806437	0.37909886120139097	0.4580422440105448
0.16601842022551133	0.38946391081144793	0.44451766896304085
0.1645901773770756	0.3865149742117617	0.4488948484111629
0.16506351759951013	0.37992832922082603	0.455008153179664
0.15862725409417594	0.3938631298195816	0.4475096160862426
0.15889987643133902	0.3924210266715375	0.44867909689712365
0.16316493447308855	0.3952101613461295	0.44162490418078204
0.15458782339146626	0.38399374859997526	0.4614184280085586
0.15948241405651578	0.37913465183552497	0.4613829341079594
0.15999835873704615	0.38535321378986864	0.4546484274730853
0.16204874799969307	0.38120671948157664	0.4567445325187304
0.15495805827977382	0.38719732101782656	0.45784462070239973
0.16617321286531656	0.3780353272731114	0.4557914598615722
0.16652972463469268	0.3924527243166066	0.44101755104870083
0.1573821364232877	0.39569245543237486	0.44692540814433757
0.15922458715154297	0.3793636135926718	0.46141179925578535
0.16680771706877764	0.3840425151648111	0.44914976776641136
0.16416716022554717	0.38940689970141656	0.4464259400730364
0.15742691423784655	0.39930748921208	0.4432655965500736
0.15940249063467712	0.39888645109550036	0.4417110582698226
0.1656185875637296	0.3976181468604196	0.4367632655758509
0.16533278712503824	0.3817697463945635	0.4528974664803984
0.1585716930757431	0.39430636661417273	0.44712194031008423
0.15902115370324213	0.3933351444753038	0.4476437018214542
0.16736208663872068	0.37795062697007875	0.4546872863912007
0.16482005328504062	0.38827029882474606	0.4469096478902134
0.16120941772996072	0.4010034864374092	0.4377870958326302
0.16235364974116795	0.38934083050658225	0.4483055197522499
0.16709922850722564	0.3793845366977454	0.4535162347950291
0.16534544343205734	0.3897292356139871	0.44492532095395565
0.16432442885085877	0.3989467872568043	0.43672878389233705
0.1546178838750316	0.3846170206006924	0.46076509552427614
0.16049923057101367	0.3843444671310655	0.4551563022979209
0.16261673761353165	0.39693578931379203	0.4404474730726764
0.16048956825851657	0.38703763904072114	0.4524727927007624
0.1588461081939478	0.37854182737134584	0.4626120644347065
0.15773736625710585	0.38930515361949214	0.4529574801234021
0.16567157641703778	0.3897706252679526	0.44455779831500974
0.15507350071755321	0.38690507144335134	0.4580214278390955
0.16402629201153957	0.38363778919401353	0.452335918794447
0.16364703024430222	0.38360427656772705	0.45274869318797084
0.16679768450801263	0.3964013342880821	0.4368009812039054
0.16331377823627416	0.3908571330751589	0.4458290886885671
0.15355782090925876	0.3994483896142287	0.4469937894765127
0.15400921641406576	0.3870416880484613	0.4589490955374731
0.16537214079707524	0.3790877089418998	0.45554015026102507
0.1571191476958151	0.3879729253336589	0.4549079269705262
0.16641362565235077	0.37597468405756945	0.45761169029007986
0.16806982841131363	0.3837065433265963	0.4482236282620902
0.16719761353998	0.3931350890823735	0.43966729737764665
0.15945546149639606	0.39535207201363215	0.4451924664899719
0.1546107242325091	0.3876732299136835	0.4577160458538075
0.1634476404392558	0.3846676430702538	0.45188471649049056
0.15592323089837146	0.3819260895487517	0.462150679552877
0.15711037216821638	0.3973022694107382	0.4455873584210455
0.16387708759541947	0.377165044233111	0.45895786817146966
0.15836927803572906	0.37987070467629214	0.4617600172879789
0.15643902866717496	0.39251329743487356	0.4510476738979516
0.1612081851585726	0.39340033982863226	0.4453914750127953
0.1547244981956113	0.3847476306530906	0.4605278711512983
0.16146812161790486	0.39847818746963193	0.4400536909124634
0.16128200387610386	0.4005991933639901	0.4381188027599061
0.1653463056958244	0.39356562637739334	0.4410880679267824
0.15770537444708418	0.38833716527737894	0.453957460275537
0.1666536657917259	0.38681624431712963	0.4465300898911445
0.16424391668942684	0.3823618175750951	0.4533942657354782
0.15442199274369633	0.3839389614142321	0.4616390458420716
0.16255985391539854	0.39147871412983504	0.44596143195476656
0.16720219014744198	0.37705571289451745	0.4557420969580407
0.1660911626819958	0.37746455463925593	0.45644428267874837
0.16551147982359474	0.38213877642063765	0.45234974375576775
0.15818834421303438	0.3946923594697233	0.44711929631724245
0.15736846022267464	0.38777515937690515	0.4548563804004203
0.166362528778582	0.383661246029189	0.44997622519222913
0.16392713381565355	0.39844450046916047	0.43762836571518615
0.1682606155507021	0.38188265713363595	0.4498567273156621
0.16745102404767873	0.385334032258689	0.4472149436936324
0.1669157938886343	0.3905793683608955	0.4425048377504703
0.15793113454490842	0.4021631948251932	0.4399056706298985
0.1677491100147784	0.38969852242651754	0.4425523675587042
0.15735957933986175	0.39978242472252484	0.44285799593761355
0.16140886683106356	0.37894209227846964	0.4596490408904669
0.1670539622072288	0.38116505293558733	0.451780984857184
0.15599556195458714	0.39626282356917286	0.44774161447624017
0.1586794046963798	0.3829976554386366	0.4583229398649837
0.16000174656319902	0.39533591887488323	0.4446623345619179
0.15324034503888243	0.3832731049071799	0.4634865500539378
0.16746479120158067	0.39355463029810134	0.4389805785003181
0.15396483749421008	0.39906027078801715	0.4469748917177729
0.15971246932853503	0.3799199649955416	0.4603675656759235
0.1526235126510917	0.4006311260761181	0.4467453612727903
0.15546895576827352	0.3814681075481252	0.46306293668360143
0.16155733658238303	0.3944777688776647	0.4439648945399524
0.16460823895782134	0.3957706405630661	0.4396211204791127
0.16011265253768348	0.3835477823414686	0.45633956512084806
0.15344171881158902	0.38912795275021117	0.4574303284382
0.16606590390155238	0.3768465158314373	0.45708758026701046
0.1527929753599756	0.39471195246296176	0.4524950721770628
0.15373947842597346	0.3913076599464597	0.45495286162756693
0.16307863507899412	0.3969229459538294	0.4399984189671767
0.15852335170177073	0.3971080567175672	0.4443685915806621
0.15387334577049094	0.39872304386666046	0.44740361036284876
0.1581148993829607	0.40211882364248863	0.43976627697455084
0.1612716365521601	0.39976095100577663	0.4389674124420634
0.15735409590430452	0.38881993347405225	0.45382597062164337
0.1605579242534751	0.3847372987965275	0.4547047769499975
0.16284337066625099	0.37616513533916895	0.46099149399458017
0.16294735291655987	0.39903485980364106	0.4380177872797992
0.16769795405898053	0.3931358102047402	0.4391662357362794
0.16055776861150672	0.3856945328418152	0.4537476985466782
0.16403223134085881	0.3832624531323398	0.4527053155268015
0.16469284637109466	0.3804597188770551	0.4548474347518504
0.16781507026106524	0.38622177189861595	0.4459631578403189
0.15703238626131327	0.3869808259062516	0.4559867878324353
0.16634111493846027	0.37792940055974544	0.4557294845017944
0.1617424969668504	0.3805806947424166	0.4576768082907331
0.15548760768171566	0.3867219747618429	0.45779041755644156
0.15727480262916513	0.39554786687651794	0.44717733049431707
0.16149167300029033	0.37977171502278406	0.4587366119769257
0.16788414121356135	0.3849382452922674	0.4471776134941714
0.1585850086502727	0.3779243890835486	0.4634906022661789
0.16115064591103495	0.383820906217084	0.4550284478718812
0.15456412820366866	0.38505452293775894	0.4603813488585725
0.1576479929345958	0.3949797722585141	0.4473722348068902
0.16484097342148807	0.3886720335466547	0.44648699303185735
0.15539208778098806	0.3929861081221254	0.4516218040968866
0.15788420298850006	0.38683442251454114	0.45528137449695893
0.15811518434162236	0.4018854426885434	0.4399993729698343
0.15885348090890156	0.40207306278018967	0.4390734563109089
0.15683853803515257	0.3877768625850446	0.4553845993798029
0.16132502985817382	0.38299735318191447	0.4556776169599118
0.15416736751782134	0.38811560527350686	0.4577170272086719
0.16676023681790733	0.3932382364339087	0.44000152674818405
0.16831137208655206	0.38428933873346466	0.4473992891799834
0.16028026051722905	0.38431965514727195	0.45540008433549917
0.15898600627800977	0.39290411236585926	0.44810988135613106
0.1653020131341946	0.396934518831758	0.43776346803404753
0.15725020307271576	0.39730789397229327	0.4454419029549911
0.16628683822375784	0.3929843556426983	0.44072880613354404
0.16385736845803942	0.3981466095755378	0.4379960219664229
0.16006594943029984	0.38165251815207757	0.4582815324176227
0.15399132164075519	0.39833716629428567	0.44767151206495925
0.16382743979520725	0.38068651118880975	0.4554860490159831
0.16822192030628338	0.3757411826268929	0.4560368970668239
0.16201145008532003	0.38768708426951426	0.4503014656451658
0.1589196327853333	0.39812295303364653	0.4429574141810203
0.166965595763579	0.37742086183194695	0.45561354240447416
0.1566946423186554	0.40001384945166674	0.44329150822967794
0.15762181624981367	0.39871204272747135	0.4436661410227151
0.16600185304248571	0.39383659035409957	0.4401615566034148
0.16089175683101586	0.39006471069059745	0.4490435324783868
0.16625601105036236	0.3966687858061102	0.43707520314352755
0.16476160399494238	0.3841443139472508	0.4510940820578069
0.15297287410900617	0.39791034601356895	0.449116779877425
0.1629027581572765	0.39720328203192956	0.43989395981079404
0.1620103699844367	0.3967762864603652	0.4412133435551982
0.15380819813085073	0.40207854522594766	0.4441132566432018
0.16556756796744584	0.3759659486422814	0.45846648339027285
0.1628323985814922	0.38662550846507304	0.45054209295343484
0.16595504804056493	0.37759840825127483	0.45644654370816035
0.16205821101410095	0.39718352702519144	0.4407582619607077
0.15417066072554791	0.4022716653088061	0.44355767396564616
0.15973681885025248	0.39830932444386796	0.44195385670587967
0.1562054107039034	0.39283046041976677	0.45096412887633
0.16094554911318437	0.39704330440111857	0.44201114648569717
0.1575230637977616	0.402776123014902	0.43970081318733645
0.16457600424230118	0.3806772715922906	0.4547467241654084
0.15652918006116207	0.3883702053106493	0.45510061462818874
0.1600130953246256	0.3774561239851191	0.46253078069025544
0.15881726769283205	0.38353251171265296	0.4576502205945151
0.1526807180305782	0.38915495655895194	0.45816432541047
0.15970361890570164	0.37849228824064296	0.46180409285365553
0.1542993249554362	0.3919661310539633	0.45373454399060065
0.1610996668169692	0.39162692447413966	0.44727340870889126
0.16313711619281043	0.3975704061585017	0.43929247764868795
0.1589122432240737	0.39522891861086556	0.44585883816506083
0.16688759481851717	0.39621282272541225	0.4368995824560707
0.15985510535738842	0.39560627651007435	0.44453861813253737
0.16366385482268547	0.3773623608256433	0.45897378435167135
0.15442281032707394	0.3834767583688811	0.4621004313040451
0.15703737891094927	0.3834669151162968	0.459495705972754
0.1624279926459768	0.37968508503934306	0.45788692231468026
0.16136065403135527	0.3923486595343266	0.4462906864343182
0.15512142068711304	0.39333508559435504	0.45154349371853203
0.15644373314180388	0.3945116133371644	0.44904465352103184
0.15846168455612303	0.39732578405817065	0.4442125313857065
0.16678104866738058	0.3867127537999185	0.4465061975327011
0.16078687801004948	0.37576229969380126	0.4634508222961493
0.16053954300625273	0.38368199378620593	0.45577846320754145
0.16213533858281876	0.38799883468215635	0.44986582673502507
0.1667776547804611	0.3843292071269212	0.44889313809261777
0.16301682318634325	0.38713768135345755	0.4498454954601993
0.16187404564589042	0.39622652935707875	0.44189942499703094
0.1678778858962162	0.38389693822326537	0.4482251758805185
0.16571502302808477	0.38673120058572547	0.44755377638618987
0.15347430587498295	0.3979766628205546	0.44854903130446255
0.1655929204490198	0.38771146386170796	0.4466956156892724
0.15759021469880685	0.3955234338585681	0.4468863514426252
0.1532504096600002	0.38604640152917136	0.46070318881082856
0.15841128526897674	0.3820745839157007	0.45951413081532266
0.161473491166505	0.38211722700375794	0.45640928182973717
0.15534076802662372	0.39573376405047006	0.44892546792290633
0.16184873618119486	0.39188681693436705	0.4462644468844382
0.16385610218221697	0.3778076816991759	0.4583362161186072
0.16705434000697741	0.37976120945482594	0.4531844505381968
0.16043957260907285	0.3894465646234698	0.4501138627674574
0.16448835396729722	0.39827315269262903	0.43723849334007386
0.16472552685448058	0.39351809512285885	0.4417563780226607
0.15504271828934751	0.3887381505294591	0.4562191311811935
0.1558409488179674	0.3858036656697021	0.4583553855123306
0.15660520434522318	0.39317732265206556	0.4502174730027114
0.1628322973224931	0.3898263296881929	0.4473413729893141
0.1606153136624181	0.3844751017201964	0.4549095846173856
0.157782759802227	0.39744078528965515	0.444776454908118
0.15905470670620792	0.3919918281497984	0.4489534651439938
0.1578881374016876	0.38894132221304833	0.4531705403852642
0.15855552132993866	0.39504852046695826	0.4463959582031032
0.1660481330640868	0.3960368083222686	0.43791505861364466
0.16609180260359574	0.38275848109323796	0.45114971630316636
0.1582333829912042	0.38109096379104584	0.46067565321775006
0.1578270853058485	0.39062950837265226	0.45154340632149936
0.15362422672177978	0.39999634596384676	0.44637942731437363
0.15282387798016653	0.3841785153981002	0.4629976066217334
0.16479785403052455	0.38354254041083025	0.45165960555864537
0.1568921335808977	0.3971922579303362	0.4459156084887662
0.1593010336193325	0.3805408310021772	0.4601581353784904
0.16274973372224721	0.38804790457640537	0.44920236170134753
0.1633489737930651	0.383483763686039	0.453167262520896
0.16790330162013456	0.38046842440260087	0.4516282739772647
0.1626520640278823	0.38688094934977113	0.45046698662234674
0.16349477491772105	0.37660485085579426	0.45990037422648483
0.15355273189533158	0.38382931825596367	0.4626179498487049
0.16628054720688595	0.3814286643433269	0.4522907884497873
0.15545273767383772	0.39152704906782015	0.4530202132583423
0.1636388495470258	0.38354681136099095	0.45281433909198343
0.16287623726178452	0.3900277467557992	0.4470960159824164
0.15676437712903205	0.39013263285771027	0.4531029900132578
0.16098297726167998	0.38021609020425684	0.4588009325340633
0.16568629337653884	0.39304409761954506	0.4412696090039162
0.15890088078979075	0.39646132424022873	0.4446377949699806
0.16605040500069618	0.3769048038208411	0.45704479117846286
0.1677176904881661	0.3762574831719753	0.4560248263398587
0.15568563121370277	0.3817633101281191	0.46255105865817825
0.16154494063856817	0.3842907345098298	0.45416432485160213
0.1619544260430853	0.3922570344887188	0.445788539468196
0.15337724866748517	0.39146503114804604	0.4551577201844689
0.1568878434837251	0.39697914110732646	0.44613301540894856
0.1667966192133972	0.3927722877739436	0.4404310930126593
0.1650497441810476	0.38012262726474594	0.4548276285542066
0.15594382893890005	0.3844657603096884	0.4595904107514117
0.15866949505324762	0.3830875895660958	0.45824291538065676
0.16732726113987095	0.38869936932796234	0.4439733695321668
0.16729304862707306	0.3848482076027163	0.44785874377021073
0.16451339955185948	0.3970654411286959	0.43842115931944475
0.1608073172069291	0.3906661495845097	0.44852653320856134
0.1590781521200576	0.38820956382809246	0.45271228405185004
0.1643887974712639	0.37937299930780694	0.4562382032209293
0.1572621426164798	0.3872256252200501	0.45551223216347025
0.16734505326847005	0.3885419191430421	0.444113027588488
0.15470884551841071	0.39183482798554053	0.45345632649604883
0.1536844814449094	0.4027030891876471	0.4436124293674436
0.16504102928398062	0.3923685062014626	0.44259046451455697
0.15696511522067774	0.3979499772159567	0.44508490756336566
0.1543952803959561	0.40102878907371753	0.44457593053032646
0.1532362822125654	0.39029942987513544	0.4564642879122992
0.15539073693973499	0.39397533229315723	0.4506339307671079
0.1642531723678965	0.38427677686527884	0.4514700507668248
0.15727566431979834	0.389278593168802	0.45344574251139985
0.16093471590423386	0.3856543627895511	0.4534109213062152
0.1631332943156512	0.39800214791164457	0.43886455777270433
0.16726926287352817	0.3783182700749674	0.4544124670515046
0.15623825458530197	0.3814601728533573	0.46230157256134086
0.15335186173400092	0.3995684366914938	0.4470797015745054
0.1610377954831731	0.40036371837492635	0.43859848614190067
0.16323496616333694	0.39963431877303646	0.43713071506362666
0.16290833414086278	0.39988951627253033	0.437202149586607
0.15300292046346053	0.3839352157825349	0.46306186375400465
0.154676626154159	0.3886631745679011	0.45666019927794
0.1570860136707497	0.3867803760231698	0.45613361030608063
0.16768255840171478	0.39393268580968344	0.4383847557886019
0.15923547770242047	0.37769643454116225	0.4630680877564174
0.15305995117166982	0.3909850826699426	0.4559549661583877
0.16191664698224129	0.38366416725101266	0.45441918576674617
0.16619924762352994	0.3912375067805821	0.44256324559588806
0.15764891255374908	0.39803654394734894	0.4443145434989021
0.15757231922260156	0.3831106790721958	0.45931700170520273
0.1568982711985272	0.398493093480178	0.4446086353212949
0.1549151878076404	0.396806548937332	0.4482782632550277
0.15354276252965735	0.3859179743718356	0.4605392630985071
0.16356255333737973	0.384366565368473	0.4520708812941474
0.1613896810032627	0.4019106746402292	0.4366996443565082
0.15990166248949597	0.39593871594972296	0.4441596215607812
0.15548681998993719	0.3989009205239937	0.4456122594860693
0.15942810370685828	0.397692592977233	0.44287930331590886
0.16420498585271556	0.38238423504143326	0.45341077910585126
0.1579107601300429	0.3843468853707044	0.4577423544992528
0.1529390569013822	0.3853902103747442	0.4616707327238737
0.16188859764400598	0.39177490896430306	0.44633649339169107
0.15858001299503316	0.40168321773064364	0.4397367692743233
0.15332472058149788	0.3910245974311023	0.45565068198739994
0.16242864871302398	0.3964171616371526	0.44115418964982345
0.16526779060746122	0.381994097714931	0.4527381116776079
0.15530317511761013	0.38989939020169473	0.4547974346806952
0.16184731302563038	0.39273508499205767	0.44541760198231206
0.16034160061835526	0.3932551519805498	0.4464032474010951
0.16161359593226582	0.3847076513164837	0.4536787527512506
0.15982342630423416	0.38247985677415874	0.4576967169216072
0.16305707521470414	0.39486573914332335	0.4420771856419726
0.15523193578655253	0.3982749353861744	0.4464931288272732
0.16561637725431957	0.38160473991394706	0.4527788828317335
0.1603917213561468	0.3765653725296092	0.46304290611424415
0.15782207675148952	0.40059537408712037	0.4415825491613902
0.15745634716676724	0.3910636740382844	0.4514799787949485
0.1612446366666362	0.38812265383428085	0.4506327094990831
0.16206366370502634	0.3939250775362916	0.4440112587586822
0.1657458970662295	0.37849880290497184	0.45575530002879877
0.16451176537936218	0.37695660568632416	0.45853162893431376
0.1616059674037355	0.39337093612813756	0.445023096468127
0.15877609940851684	0.39126930440480434	0.449954596186679
0.154201988677279	0.40166661051796804	0.4441314008047531
0.15733346359980538	0.38053289378938976	0.462133642610805
0.1591317770152973	0.3792479857568001	0.46162023722790274
0.1566102184615557	0.38308098843734834	0.46030879310109607
0.1636707441804351	0.39427670669968795	0.44205254911987707
0.15260636398433297	0.3946405643509926	0.4527530716646746
0.15833303476799387	0.40221466061544475	0.43945230461656143
0.16453220479713873	0.3875997492799343	0.44786804592292706
0.1612175641995103	0.38800667495762065	0.4507757608428692
0.16149243905834065	0.3760140253663339	0.4624935355753256
0.1588560730432041	0.38262639865676623	0.4585175283000298
0.15810425661592684	0.3800357397060161	0.46186000367805713
0.16686904599116326	0.3863796291028938	0.44675132490594305
0.1598314700383431	0.3909155502292745	0.44925297973238254
0.16596571356446305	0.3946590765579323	0.43937520987760476
0.16125296123281063	0.39985578782449216	0.4388912509426973
0.15569006293886484	0.3966547277207302	0.44765520934040515
0.1638585929578527	0.3774543429363273	0.4586870641058201
0.1599058179632053	0.3811005810117412	0.4589936010250536
0.15279714680693526	0.38754096766270024	0.45966188553036463
0.1540989865701675	0.39232381816510953	0.45357719526472307
0.15454002729942834	0.4021965367254887	0.44326343597508305
0.16189735840375002	0.3835431453460967	0.4545594962501534
0.16397185042528134	0.39809450186623496	0.4379336477084838
0.1594409562763382	0.3774057409753914	0.4631533027482705
0.16094562997996442	0.38548658558885723	0.4535677844311785
0.16139433419595417	0.38203508507788086	0.4565705807261651
0.16743810173043136	0.38160827681560666	0.4509536214539621
0.15259918418302493	0.3997002169126238	0.44770059890435143
0.1612198362872329	0.40044228924176795	0.43833787447099926
0.1536336052647578	0.4027054689137184	0.44366092582152394
0.16348370742691537	0.37743415327669055	0.4590821392963942
0.154914421950848	0.3844034701340811	0.46068210791507097
0.16028621970872625	0.3880346571044389	0.451679123186835
0.1644368679687646	0.3939648152047895	0.441598316826446
0.161550817609472	0.3933130010853915	0.44513618130513655
0.1605087548419009	0.3795950523113751	0.4598961928467241
0.15988966660615053	0.38170516548643424	0.45840516790741537
0.15429345388734023	0.3839408968204726	0.46176564929218733
0.1605452446041	0.381114635466585	0.45834011992931517
0.15727933336961736	0.3814973749028805	0.4612232917275023
0.15698807741089954	0.3814148146777327	0.4615971079113679
0.16497473584687394	0.3881406115999888	0.44688465255313736
0.15373234559430493	0.3838450124538716	0.46242264195182364
0.1527007005687097	0.399135610978724	0.4481636884525664
0.16726872867764436	0.392122903691714	0.4406083676306418
0.15928343026803388	0.3910582566757118	0.4496583130562545
0.15966831163037404	0.39410657754035844	0.44622511082926763
0.15836064132406535	0.38036539455101265	0.4612739641249221
0.15485301141257501	0.3915344351058427	0.4536125534815824
0.16786700381540434	0.37659951816817666	0.4555334780164191
0.16116053210672676	0.39532537988519073	0.4435140880080826
0.1537644159198726	0.3994047941932317	0.4468307898868958
0.15305619760203182	0.39249271469919916	0.4544510876987692
0.16807156671296564	0.3810924542472174	0.45083597903981715
0.1613839411926407	0.37777760813378464	0.46083845067357476
0.15265426291401912	0.3984516218949137	0.4488941151910673
0.16513050757579534	0.38971803094068225	0.4451514614835225
0.16084442506207786	0.3855535820468696	0.45360199289105263
0.16369089513247162	0.38378182283485535	0.4525272820326732
0.1612694663479577	0.38770285864240966	0.45102767500963276
0.15809916106939095	0.3866155978445322	0.45528524108607693
0.15888366321800662	0.3834300326408845	0.457686304141109
0.16285318215410394	0.3926517653621437	0.4444950524837525
0.1610407924438922	0.3812946609743537	0.45766454658175415
0.15378415958008523	0.3950370619729126	0.45117877844700227
0.16424818165757593	0.3828331892734059	0.45291862906901825
0.1633759930807499	0.38739842837635285	0.44922557854289735
0.15831469008136673	0.3808428064925689	0.4608425034260645
0.15985350078307786	0.3875323493769952	0.452614149839927
0.16845299552429685	0.38940375815342576	0.4421432463222775
0.16603175467622733	0.39445380497745086	0.439514440346322
0.16407043616191253	0.3797299396883795	0.45619962414970816
0.16580620022781228	0.3874192527642792	0.44677454700790864
0.16142604873824715	0.38493607483191755	0.45363787642983544
0.15764393271240035	0.38462705319480317	0.4577290140927966
0.15966824382174538	0.4027736829816143	0.4375580731966405
0.16439355715690904	0.39182088987459573	0.4437855529684953
0.1638558465126586	0.3865936234161075	0.449550530071234
0.16285141849808804	0.3774881592025941	0.459660422299318
0.15949726734294567	0.39976661615278386	0.4407361165042706
0.1659345354376704	0.38636774548789404	0.44769771907443573
0.1582462974377122	0.38656401870069945	0.4551896838615884
0.16709113747573495	0.3926379663225648	0.44027089620170035
0.1680577401336479	0.39044292115473406	0.44149933871161817
0.15808791925048518	0.40232228365665734	0.4395897970928576
0.16017818953853344	0.39654619437088123	0.4432756160905854
0.15596533295485815	0.383629578264471	0.460405088780671
0.16707742544240256	0.39488958667256446	0.4380329878850331
0.1637875892534526	0.3844481771351676	0.4517642336113799
0.15673010112067498	0.3853094590698743	0.45796043980945084
0.16100167563937012	0.38899298261179965	0.45000534174883033
0.16413881417346843	0.3881538032571806	0.4477073825693511
0.1549068116099852	0.3921974868993837	0.4528957014906312
0.16546721729628436	0.37955960180770926	0.4549731808960065
0.16124439268027296	0.3864894271018825	0.45226618021784465
0.16057935693501463	0.3933222197386216	0.4460984233263639
0.16698747061932256	0.37732919721009206	0.4556833321705855
0.1673802777430482	0.38007496792572426	0.45254475433122765
0.15276814940988964	0.3973375479111913	0.44989430267891917
0.166245672451473	0.3942598917906958	0.4394944357578313
0.15731102703559252	0.3906129901841937	0.4520759827802139
0.15757807462305323	0.38900070353125255	0.45342122184569433
0.1675542376626991	0.38311654715112464	0.44932921518617636
0.16372724169695696	0.37748731116931655	0.4587854471337266
0.15320312410064335	0.39430062538877547	0.4524962505105813
0.15883908043627448	0.38272393762268037	0.4584369819410453
0.15689849987242432	0.3997161770822585	0.4433853230453173
0.1610890085104169	0.4001319551068847	0.43877903638269855
0.167338619291889	0.37691664424094273	0.4557447364671684
0.15494418579393077	0.3874527953089804	0.45760301889708893
0.15605295400094096	0.38595810952825704	0.45798893647080213
0.15580678423600747	0.38606892089454725	0.45812429486944545
0.16054605744850567	0.3913724127889252	0.4480815297625692
0.16683478501779686	0.3882059890888363	0.44495922589336695
0.15575300006919057	0.40159954115480206	0.44264745877600753
0.16330739053364784	0.3967433969802294	0.43994921248612284
0.16532472032759032	0.3920437335847604	0.44263154608764943
0.16372628770341024	0.3776507459771721	0.4586229663194178
0.15434446749449818	0.3895710267198504	0.4560845057856515
0.163460136761998	0.39130319961872384	0.4452366636192783
0.1615362759577884	0.3837643848588661	0.4546993391833456
0.16368164849026978	0.3833480974009698	0.4529702541087606
0.16328202064721706	0.39464548973814473	0.44207248961463835
0.16797066379349562	0.38436387136744876	0.44766546483905567
0.1544540339953605	0.3925929186685957	0.4529530473360439
0.15481906704025156	0.39239256447058496	0.4527883684891636
0.15263398713842746	0.39005663785260897	0.4573093750089637
0.16814640450984522	0.38792334487527047	0.44393025061488445
0.16192652359089174	0.3829183647260684	0.45515511168304
0.1571881344423944	0.39820522972675865	0.4446066358308471
0.15950683751367437	0.39842266043916386	0.4420705020471619
0.15735322098072418	0.38975563332203045	0.45289114569724553
0.16322486246322376	0.39861975478866674	0.43815538274810956
0.15363559458408055	0.39996188593744714	0.4464025194784724
0.16843853473884007	0.3854750136561564	0.44608645160500365
0.158584550508842	0.391331904400998	0.45008354509016013
0.1628724607951848	0.3780539058531969	0.4590736333516183
0.1623101174223232	0.38149235676602783	0.4561975258116491
0.15807651840998405	0.3891751467660046	0.45274833482401144
0.1615505736503925	0.37943350507341084	0.4590159212761968
0.1535518006702567	0.38865376666908374	0.45779443266065967
0.15647842588686384	0.39154005538788617	0.4519815187252501
0.16444626181029756	0.3843938086821823	0.45115992950752026
0.15846743182712547	0.3850566071753809	0.4564759609974937
0.16348359058647327	0.3852150731354592	0.4513013362780677
0.158224463340765	0.3939286478476661	0.447846888811569
0.16594084410341903	0.3889613703683399	0.4450977855282412
0.16379477865514958	0.38028375416174437	0.4559214671831062
0.1642005742159222	0.38693470133703284	0.44886472444704506
0.16350156797356896	0.3812804625360443	0.45521796949038684
0.1632032225163746	0.3876425375591651	0.44915423992446046
0.16760909419542747	0.3812599158276799	0.45113098997689277
0.1674673708712267	0.38686432387934117	0.44566830524943224
0.1537834213724774	0.3935654196350224	0.4526511589925003
0.16290489127154595	0.3792697011515624	0.4578254075768918
0.15971932454843635	0.37728463985836447	0.46299603559319935
0.1600016328155745	0.37992049994012334	0.46007786724430233
0.1594877125251702	0.398603726689833	0.44190856078499696
0.15904684667965455	0.39453190394777393	0.44642124937257166
0.15341211352562995	0.38705288292215595	0.4595350035522142
0.16184729494756797	0.39888953915477043	0.43926316589766173
0.1617782367969442	0.39904227655353175	0.43917948664952416
0.16070633612263924	0.3943997896712781	0.4448938742060828
0.1647176417713585	0.38931830594106165	0.44596405228757996
0.16507744842451982	0.39822420663723934	0.43669834493824095
0.16004265303987092	0.3864513148663928	0.4535060320937364
0.16102748366357247	0.3759235785546973	0.46304893778173034
0.1553586607845835	0.3954918899196792	0.44914944929573747
0.1560252282875042	0.40237493497147553	0.44159983674102044
0.16205199008273952	0.3783650221861706	0.45958298773109
0.1539630516630216	0.38522956480520343	0.46080738353177514
0.16655506073848586	0.38865562405103743	0.4447893152104768
0.16127727172283393	0.38347436857563644	0.45524835970152977
0.16723351107880907	0.3798797163634788	0.45288677255771226
0.1593525779596097	0.38818620063113085	0.4524612214092596
0.15297806489625004	0.4027843260247146	0.4442376090790354
0.16088273490951188	0.39120478956157007	0.44791247552891816
0.1638868552737251	0.3975572679206128	0.4385558768056622
0.16191227592404267	0.3851613079179005	0.45292641615805695
0.15721694775516348	0.3931660696001291	0.4496169826447075
0.15648141822655487	0.3982375582820177	0.4452810234914275
0.15785258595976853	0.39976687566818625	0.4423805383720454
0.15581156017016023	0.3812168077866497	0.4629716320431902
0.15649054471515006	0.38314469715379035	0.4603647581310597
0.15271301277209315	0.3934484612170074	0.45383852601089963
0.15884076358953897	0.3817090614755059	0.45945017493495527
0.16139809455046547	0.37718620669876757	0.4614156987507671
0.158782376200901	0.3923495535309153	0.44886807026818387
0.15319916392661376	0.4004975350200102	0.4463033010533762
0.15598364645328466	0.3954479171414135	0.448568436405302
0.15434457158179604	0.38998952611445387	0.4556659023037502
0.15439088754320557	0.3970592960405623	0.4485498164162323
0.15751015829490353	0.39633201160304216	0.44615783010205445
0.1547334357801992	0.39342960419779366	0.45183696002200724
0.15485579112009484	0.40101616235906423	0.44412804652084104
0.15333358967230332	0.3943879301224829	0.4522784802052139
0.16593303537968668	0.3915238186815436	0.44254314593876987
0.15710276765629339	0.40268145260540883	0.4402157797382979
0.1605004199459129	0.3789301077000147	0.46056947235407253
0.1530032090534704	0.3946539101221032	0.45234288082442653
0.1638129441309505	0.3990065969421384	0.43718045892691126
0.15595403089014687	0.3890461085459233	0.45499986056392994
0.16176739045700078	0.3926747642567918	0.4455578452862075
0.1529955004948768	0.39331271744067825	0.45369178206444505
0.15749514141809917	0.3862229834896052	0.4562818750922958
0.15370484221022584	0.383454533350243	0.4628406244395312
0.15509119151734424	0.401231912856048	0.44367689562660784
0.16741639117301982	0.3772644056579364	0.45531920316904384
0.15792533577789644	0.3912228775463369	0.4508517866757668
0.163177153731751	0.3897008902328677	0.4471219560353814
0.1645402570708236	0.3772619073864477	0.4581978355427288
0.16778701505838878	0.38293961259274684	0.4492733723488645
0.1587644963901862	0.3981814711445431	0.4430540324652708
0.1533567982291299	0.3962124402229005	0.45043076154796974
0.15878712757276295	0.38800938627023307	0.45320348615700407
0.15615327083659725	0.3955243842377417	0.44832234492566114
0.16553367904265243	0.38088233442111075	0.4535839865362369
0.1645821368784036	0.3895202280752672	0.4458976350463293
0.16117114982048997	0.37897891298135084	0.45984993719815936
0.16314574608241975	0.3763693395449953	0.4604849143725851
0.1542884997339085	0.39135325478937233	0.4543582454767193
