0.16207711098125144	0.1618286793190237	0.3095446210551248	0.2650446194276105	0.1015049692169894
0.16115637852105574	0.15936004279624558	0.3219602936978267	0.256153658422237	0.10136962656263482
0.16497773811305438	0.15854804972133726	0.3092173068538293	0.2605709517653088	0.10668595354647006
0.15841017939502278	0.15856904716245812	0.31800249160891264	0.25711923192354486	0.10789904991006143
0.16915572751778715	0.15899007016858863	0.3109337369230194	0.2560763864648479	0.10484407892575667
0.16668678809404724	0.1580524472943351	0.3122443622597073	0.25586678947377434	0.10714961287813582
0.15831621213094654	0.16064256106545455	0.3185178517874193	0.2526244647520033	0.10989891026417609
0.16548934675237464	0.16365838297183138	0.3066298320991803	0.25873184533011284	0.10549059284650064
0.16773993128671957	0.1619283769801001	0.30895781324961524	0.2565292222905863	0.1048446561929786
0.1606009663129854	0.16495061596036387	0.30544135678405937	0.2601571652396777	0.10884989570291344
0.1600036231179825	0.15843391903357298	0.31810031534759536	0.26080078212566116	0.10266136037518785
0.1651955024684953	0.16361203458011475	0.3077933268609223	0.2625549320882852	0.10084420400218226
0.15876780041862182	0.1628811703619403	0.3124860084072488	0.25723794603034755	0.10862707478184129
0.1639737296044978	0.15800995214685404	0.32502438340105	0.25602403565624876	0.09696789919134916
0.158103217835291	0.16171221575900352	0.3193209350613444	0.25356546366679544	0.10729816767756548
0.16705453609075305	0.15848270210005666	0.31720826771909494	0.25661651105582617	0.10063798303426905
0.1617792590642052	0.1594107219016771	0.3155755829135619	0.26191845990181595	0.10131597621873964
0.16110088841802297	0.16015932999094107	0.314567997463215	0.2644533760158203	0.09971840811200047
0.16927013350461345	0.16307544376281324	0.3111480863664519	0.25262077471537026	0.10388556165075097
0.16722340903554955	0.157750944458804	0.3081427505499637	0.2591806267024354	0.10770226925324708
0.1605563057101573	0.15917378981907152	0.3128416588587848	0.26172603043268994	0.10570221517929626
0.16111973984423758	0.16539774851695158	0.3095660537097865	0.25425335151565487	0.10966310641336927
0.16689715168809385	0.16460973448224064	0.31398905302809693	0.2517667524454764	0.1027373083560919
0.16813268990759112	0.16200556440503253	0.3085661439083175	0.2532418269405823	0.10805377483847639
0.16430720199142768	0.16168420200120381	0.3106005632853366	0.26357759350467663	0.09983043921735507
0.16292943457018982	0.1598254537725466	0.3048804954114507	0.2642823023970713	0.10808231384874137
0.16952762783246728	0.160097458701993	0.30487334664372195	0.2640318090980862	0.10146975772373137
0.16066109730618072	0.16112820557352975	0.31433202420412154	0.2588420110317315	0.10503666188443633
0.1594890321507645	0.1577519457769067	0.31274352065266736	0.2649743925018149	0.10504110891784632
0.1619778420526578	0.16409218465954556	0.3152267856868544	0.2535124535383993	0.1051907340625427
0.16280641630416434	0.1632112975873045	0.3095255856414808	0.2615148955521277	0.10294180491492252
0.16330915769241292	0.15874756875406393	0.31512009658138573	0.2592480525970878	0.10357512437504948
0.16764567340973058	0.1616801021272261	0.30594622840235675	0.2589156282280491	0.10581236783263726
0.16173557822076068	0.1618613644994978	0.3201041547652226	0.25802968503579293	0.09826921747872583
0.15857238986397681	0.16503491411601234	0.3114573851665535	0.2595065197843382	0.10542879106911895
0.1625965908997048	0.1593745766460659	0.32048159595648784	0.2586600494126511	0.09888718708509012
0.16678733323505265	0.15954314429915858	0.3134444777221256	0.25270549445067597	0.10751955029298703
0.15976218115251986	0.16195129981668643	0.31390652357739973	0.260114889196797	0.10426510625659682
0.1638906745067254	0.16123925201299494	0.3138923405298085	0.2534554982374878	0.10752223471298307
0.16583038001777772	0.16203164249477775	0.3117193743550048	0.2579885863310085	0.102430016801431
0.16887523781500774	0.1579247863076347	0.314615333713915	0.2569277559409143	0.10165688622252805
0.16644810707297372	0.1635617160204086	0.31343392784919594	0.2589741585653393	0.09758209049208227
0.16086302394673563	0.16137010622418488	0.3080804664578865	0.26187171779434576	0.10781468557684704
0.16023632438239802	0.16356805785648534	0.31375738077998544	0.26377547112903177	0.09866276585209927
0.16174228407979543	0.16136917339033896	0.31672042855327087	0.25497289495413533	0.10519521902245915
0.16513360064593516	0.16442761975271955	0.30714436814487456	0.2577244428113063	0.10556996864516421
0.1581350238910282	0.16369386547191817	0.31144496914255687	0.26509306428895413	0.10163307720554236
0.16319129932840504	0.1581412454282086	0.3163284784795522	0.2575905202635036	0.10474845650033038
0.15866734504888508	0.15824170928776635	0.3210749200865426	0.2597529923566411	0.10226303322016467
0.16203137327030967	0.16514980789994244	0.3216691716772081	0.25214001518583534	0.09900963196670422
0.1606120390171024	0.16422970456937197	0.32031032018026484	0.2556698582777979	0.09917807795546266
0.16318151336314268	0.16288910250365413	0.31285466928534356	0.26014817724793265	0.10092653759992676
0.16477359090084664	0.1615058193203479	0.30622232730746185	0.2579726597979044	0.10952560267343896
0.1589310452455126	0.1610974570602892	0.32278255180253057	0.2572996744582583	0.09988927143340913
0.16570702606894155	0.16512985809055414	0.31670818799197936	0.252488647148938	0.09996628069958675
0.1608581727670729	0.1614736460080542	0.31775017392653926	0.25508054274997566	0.10483746454835781
0.1667836284191586	0.15986769254447827	0.30272120421873067	0.26369230610819155	0.10693516870944068
0.16408455098693533	0.16385846053352826	0.3035324958764212	0.2583487544695869	0.11017573813352813
0.15975267322977388	0.15779105055189374	0.3220272946701568	0.26214395666679957	0.09828502488137582
0.1633465411829827	0.1648442030814244	0.31128891232568057	0.25770720026816624	0.10281314314174592
0.16861139656794408	0.1654986428544183	0.305600921477089	0.255339894727482	0.10494914437306646
0.16782381698334448	0.16283058296708544	0.3117062014612557	0.25408095635844263	0.10355844222987157
0.16557349204374355	0.15900529359130078	0.32602131391346895	0.25262224620297324	0.09677765424851334
0.15947270239415673	0.1637034976191206	0.3257323239684372	0.2522368451294482	0.0988546308888371
0.1606495948868683	0.16010010300880387	0.31475063278696297	0.26221940260119925	0.10228026671616543
0.16164012988000137	0.1637848617630353	0.31923751520634475	0.254272453461476	0.10106503968914238
0.1611674318034583	0.16294309642692353	0.31943438313609085	0.2532510295116802	0.10320405912184692
0.16017564603941575	0.16529886116544454	0.3164808959913986	0.26084539774498894	0.09719919905875195
0.1671437853959325	0.1636522332081508	0.3097268338647008	0.2544209278496418	0.10505621968157391
0.15957100789475848	0.16554962227691009	0.3264341667648405	0.2515926366163399	0.09685256644715083
0.16094729181778408	0.16534080005477425	0.31892726948568484	0.25833894010740616	0.0964456985343505
0.16568895791715574	0.16293676608983215	0.31652225493044156	0.25552960477443176	0.09932241628813859
0.16908997528527292	0.16368027929843093	0.30862848614252686	0.2578639916085331	0.10073726766523597
0.15983980944927803	0.16441829653428788	0.3180735542447939	0.25970805424410304	0.09796028552753695
0.16494114954341077	0.16540574371537314	0.3093471246208276	0.25659644849175345	0.10370953362863486
0.16177247491986957	0.15773342861114067	0.3275312055551882	0.2540034987228425	0.09895939219095887
0.15915320766472724	0.15977081011747818	0.32120700973448135	0.259807414560677	0.1000615579226361
0.15844478225685207	0.1626054990401054	0.3200618774641211	0.2581540799497477	0.1007337612891735
0.1638865542248789	0.1601825361647317	0.3091953054094997	0.2650198893204236	0.10171571488046591
0.16102826998430164	0.16222926801393187	0.32057329733980056	0.2545129153691439	0.10165624929282184
0.16527733729800975	0.1580766815666061	0.31214787038028785	0.2582964529314693	0.10620165782362684
0.16241345859717765	0.16325440164144744	0.3136920390747047	0.2564526330618223	0.10418746762484764
0.16812279197936014	0.15963387488335662	0.31735947308532597	0.2543665852829118	0.10051727476904529
0.15884074059546055	0.15852256682928462	0.32842470283656944	0.25443399630673996	0.09977799343194522
0.16022327736680186	0.1593664799317689	0.3276938315401107	0.2523193700082546	0.10039704115306373
0.16560885506564008	0.16330852131001483	0.3150681310884792	0.2527112889060485	0.10330320362981715
0.16441528855969578	0.1643650323875382	0.30815564986533545	0.25959680117776834	0.10346722800966207
0.16357613352983444	0.1625330322009111	0.31606837680411093	0.25685198444934565	0.10097047301579772
0.1653558558636522	0.15988285770496374	0.3025673614312046	0.26128262224963317	0.11091130275054611
0.1628326123976947	0.16226878138177048	0.3204144748499038	0.2551272094908817	0.0993569218797491
0.16630220580581465	0.1610903381436169	0.3145020073798833	0.255992987884059	0.10211246078662592
0.1633287061082758	0.16412375293271825	0.31407226499411056	0.26109287946387855	0.09738239650101663
0.16158336050797167	0.16369749657835375	0.3123036861398349	0.2546048168076387	0.10781063996620083
0.16142614006253395	0.15872188859945677	0.30505856190684955	0.263404782770819	0.11138862666034047
0.16773928447269373	0.15759529456814858	0.31103763599115497	0.2530871406586635	0.11054064430933903
0.16031000741761328	0.16484923396742995	0.3188476548172891	0.25937802298763574	0.09661508081003171
0.16294311024081695	0.16314411082183455	0.319981240035066	0.2526341686186842	0.10129737028359809
0.1641471474756172	0.1577676270321732	0.3188465605779216	0.2615109634899256	0.09772770142436218
0.16058957878824334	0.16540095680810657	0.30937288033943106	0.26069506439730555	0.10394151966691327
0.16149435910306414	0.16065009363830718	0.30965658959739206	0.2579563084713816	0.1102426491898548
0.1640749432076164	0.16003159674819836	0.3242298846255289	0.2525604564886879	0.09910311892996825
0.165839047004966	0.16460226017855506	0.31388646038512424	0.25699911627999505	0.09867311615135944
0.15903764989690655	0.15909342617696254	0.31138057207304287	0.26332844450301124	0.10715990735007652
0.1597933504454518	0.16015284876244967	0.3131480839270584	0.2632380760146621	0.10366764085037784
0.15834366860980625	0.1599533410654583	0.3193338816084441	0.26415641771891113	0.09821269099737998
0.16532704423941078	0.16317845036596293	0.30765235183100587	0.26179329767675336	0.10204885588686691
0.1656037503676854	0.15805188020766936	0.31041121697486745	0.2638119155000071	0.10212123694977047
0.16138195284582774	0.1639248515115066	0.3200091686619041	0.25810951644212143	0.09657451053863988
0.16270271962403848	0.15896262056117738	0.3113541487059785	0.25973731844009	0.10724319266871545
0.1688961618062917	0.15869912210937215	0.31480073405299364	0.2609884727498347	0.0966155092815076
0.16488420875098822	0.16089416531983752	0.31059648587038263	0.2583277848077278	0.10529735525106368
0.16962585400715752	0.1654840915738609	0.3039879172909164	0.2525851666191272	0.1083169705089378
0.15906758271880256	0.15774390709689706	0.3208051808139909	0.2583962867091439	0.10398704266116543
0.16671534635105	0.16072277122297174	0.30940078656169734	0.2640887287098371	0.09907236715444369
0.1590437849983094	0.16512171171651815	0.3095370026576391	0.26489379267421864	0.1014037079533145
0.1622564942825691	0.16530090418855672	0.31465317464022957	0.2581144206028656	0.0996750062857788
0.16134298239355827	0.15779092162888272	0.31456814958588514	0.2649901740156449	0.10130777237602877
0.16801371197892395	0.16266105237766	0.3072873262390106	0.26396078079032853	0.09807712861407673
0.1613243314386982	0.1614221353603068	0.3093394969416901	0.26087240887418933	0.10704162738511536
0.16032047665458662	0.1596267072665506	0.3215582241703214	0.2521090076488337	0.10638558425970741
0.16827577094865664	0.1657086127888695	0.3028341293822896	0.2590922430317623	0.1040892438484217
0.15975875602076584	0.164489829505078	0.3192693716323318	0.25609604040008477	0.10038600244173937
0.16846756465727195	0.1633478779377885	0.30580103037571865	0.2532905560196752	0.10909297100954551
0.16589134808795455	0.1628211661378044	0.31550764108435037	0.2576850653612679	0.09809477932862257
0.1647114292494981	0.1583821784643717	0.3113995009115539	0.259674850953076	0.10583204042150011
0.16544623387856644	0.16103620756866935	0.3177001423764906	0.2519491081654444	0.10386830801082905
0.15968994490826027	0.16145647301664795	0.3207190240594874	0.25355217430405613	0.10458238371154804
0.16862799537038864	0.1630846249558146	0.31204411104188545	0.25630251392332104	0.09994075470859007
0.16287526169927524	0.1646377603629959	0.31456101771126405	0.25640814854863875	0.10151781167782589
0.1603300489592335	0.15892249798547606	0.3278240304952383	0.2540975488000574	0.09882587375999458
0.15848837865222298	0.16100036842520565	0.31303078163827114	0.2634301576531789	0.10405031363112113
0.16323461749410922	0.1636419405587665	0.3166934776178306	0.2518753452180325	0.10455461911126099
0.167722973780064	0.16034453271774057	0.31257974183332904	0.2612608752954324	0.09809187637343382
0.16272043800779362	0.1610272633810453	0.3247828127569631	0.253558895199429	0.09791059065476881
0.15835609102022946	0.15793118674848783	0.3185729774747901	0.25413226555922575	0.11100747919726674
0.15980661763923545	0.15800643516780022	0.3155964537986807	0.2610557837510323	0.10553470964325116
0.15918391288785985	0.1601923478551065	0.3267504926511676	0.2557050831767718	0.098168163429094
0.16043539726306402	0.15867166897410778	0.3163110610930175	0.25848555335608486	0.10609631931372565
0.16572947634729063	0.15766410053579927	0.30773793861853516	0.2586241602632226	0.11024432423515218
0.16005690563965083	0.16542045410115902	0.3162171723589212	0.25661307963012947	0.10169238827013924
0.16640909219646163	0.15846586928280015	0.31196852156676297	0.25540769446311196	0.10774882249086307
0.16020318058170507	0.15933533625527266	0.31843135646102516	0.26504227033717004	0.09698785636482685
0.15907537472002534	0.16100180665763372	0.3149534166817186	0.26119913291966557	0.10377026902095654
0.1667707809329505	0.1640060167350495	0.31120912665549066	0.2589115684928673	0.09910250718364183
0.16878741954393855	0.15859796403324267	0.30923089910738305	0.2525710323512039	0.11081268496423169
0.16518183149653903	0.15987137888595043	0.3228998395495952	0.2518992801311462	0.10014766993676892
0.16825943143190733	0.15892362643611985	0.31965401652177633	0.254703492977715	0.0984594326324813
0.16192382789144233	0.1620260912345221	0.3147847750645012	0.2623096134115376	0.0989556923979966
0.16200958090078438	0.15849619103271673	0.31301161265790145	0.2577468896297913	0.1087357257788059
0.16381660069025755	0.16548071798877292	0.30734909709748104	0.25766249901093863	0.10569108521254968
0.16395535652878443	0.16193075756994507	0.3029057610996129	0.2646687848649806	0.10653933993667677
0.16840551657852632	0.16402010802006264	0.30703956679318933	0.26135065199029295	0.09918415661792858
0.16610975474705483	0.1634023226739932	0.3208104760147614	0.2524466222875524	0.09723082427663793
0.1594498569570964	0.1643418475614691	0.3230314449665852	0.2560451470617188	0.09713170345313026
0.15865878178022924	0.15776793437678235	0.3215891280371329	0.26024570488377197	0.10173845092208329
0.16955405215444208	0.15805107629445445	0.30761464347107254	0.2577735452237343	0.10700668285629644
0.16267603376452894	0.1617548850816098	0.31204664083997835	0.2612569766080217	0.10226546370586095
0.1582494847642144	0.16260860085696693	0.30820497220367093	0.2641779303825752	0.10675901179257227
0.16475166832092733	0.16296676354733902	0.3121555979878514	0.25470915579406567	0.10541681434981638
0.16324099049208968	0.16132894509116164	0.32176764339804115	0.2518245234062979	0.10183789761240943
0.1633338419163847	0.15935634702798882	0.31808455529544233	0.2592277458815488	0.09999750987863519
0.16827953049769334	0.16067143694656255	0.30595191372141006	0.25907466258936523	0.10602245624496862
0.1649367960849669	0.1622993048797071	0.3176106560362694	0.25497637951060675	0.10017686348844963
0.1693543942553249	0.1638868516453192	0.3070243504786816	0.2536582689431168	0.10607613467755736
0.16805262231640972	0.15902060274267493	0.3149898810334453	0.2572824636630894	0.10065443024438044
0.16351488997687508	0.15804031040008135	0.31168677485543717	0.2632957425220689	0.10346228224553738
0.16261786552202764	0.16211330150692893	0.313205101454214	0.2606412197125165	0.10142251180431268
0.16411783065598876	0.16105076615610764	0.3089272130345485	0.25562081972185774	0.11028337043149715
0.16838459058750035	0.16035245860438757	0.31486972712728073	0.25716605185028163	0.09922717183054956
0.1647353822896685	0.1612849816482212	0.31838431421556734	0.2589137542100545	0.09668156763648823
0.1631417439730571	0.16095184959789355	0.31413960954422276	0.2601059022586093	0.10166089462621708
0.16113457704610507	0.16200353435253734	0.31185835747769874	0.2607179331297922	0.10428559799386648
0.16964384618490552	0.16127200021527255	0.30896610817433345	0.2524244850330777	0.10769356039241064
0.16577494635734713	0.1609999831064941	0.3203721501842677	0.2556065070486665	0.0972464133032244
0.16715506023288162	0.16122268120861374	0.31364102351556167	0.2539628820852829	0.10401835295765982
0.16895361716441165	0.1585436825554921	0.3144477298848365	0.2541932038617969	0.10386176653346268
0.16531846417692636	0.16499856602071555	0.3055400257319036	0.26355283668234597	0.10059010738810831
0.15846370147904504	0.16424952052697728	0.3158473453737065	0.26266040591833906	0.09877902670193195
0.15943862700379832	0.16441107717807704	0.31763395205844824	0.2542156765900221	0.10430066716965412
0.1626435274974021	0.16333565604426725	0.31540633366719983	0.25564996196169126	0.10296452082943938
0.15979791047837444	0.1605046929650889	0.3177546995039017	0.2653596345527071	0.09658306249992761
0.1659358114002207	0.1620682343907295	0.31469472328514503	0.25580091416696876	0.10150031675693577
0.16874253441777087	0.15780938212332848	0.3174642677833371	0.25354639388728134	0.10243742178828197
0.15991251623774597	0.16123841293750085	0.31295626092098483	0.2648432972249452	0.10104951267882294
0.16097648886175198	0.16364916055227713	0.31540063496075105	0.2581569712904338	0.10181674433478584
0.16301582391865932	0.16274048743480318	0.3179964404845897	0.2582749246869542	0.09797232347499343
0.16198056619440587	0.15769542336509773	0.3073740269181006	0.26266253632142983	0.11028744720096578
0.16904907588373125	0.15745755347765336	0.31251308755218576	0.25299902645813116	0.10798125662829827
0.165657014060101	0.16207356200420253	0.3169689660556342	0.2564101104320446	0.0988903474480175
0.16182881774823427	0.1581232624147093	0.3211715823672068	0.25681650170687476	0.10205983576297475
0.1654139031679816	0.1632465334047531	0.3140239990323763	0.25873331261994015	0.09858225177494861
0.16010149927296152	0.16135471664973877	0.31904574579887157	0.2594058613275013	0.10009217695092654
0.1613686449342818	0.16304392559783631	0.3223849134976866	0.25297079895336383	0.1002317170168312
0.1592618842634922	0.16275559701698938	0.30624163124725945	0.2639204510598717	0.10782043641238706
0.16867588516005594	0.1615894364839217	0.30928024987838765	0.2622277570207775	0.09822667145685698
0.16088205284137833	0.1619683326753866	0.3076913994388958	0.2585429921896573	0.11091522285468175
0.163645558700507	0.15775046589483552	0.3218868470066132	0.25529069345743166	0.10142643494061247
0.1658320306912377	0.15810639669199586	0.31347631846912266	0.25406111218306887	0.10852414196457473
0.16331903395868164	0.1643231691851849	0.3128728571950847	0.25335535846347224	0.10612958119757637
0.16232669694974736	0.16206584008332475	0.32415369445795345	0.2547320255210095	0.09672174298796478
0.16701857250458427	0.16521334589858422	0.31740017777685436	0.25349039319074057	0.09687751062923639
0.15817718715775878	0.16547870323891478	0.31615328172577206	0.25670501474014984	0.10348581313740433
0.16724264452052173	0.16571858083318652	0.31499367890171526	0.2533805854036258	0.09866451034095046
0.1680966017238271	0.15880778612440385	0.311100668380832	0.2600677138966145	0.10192722987432236
0.1583584765192642	0.16174538148853002	0.31976144108309434	0.25669186920279835	0.10344283170631291
0.16717780105923138	0.15949746674792917	0.3026219056194138	0.2617608697165773	0.1089419568568481
0.16920451627512403	0.1619759675170821	0.30862319879766725	0.25844098416880656	0.10175533324131984
0.1662051590741674	0.1630616911177306	0.3097463121486338	0.2604765845742028	0.10051025308526515
0.1608876992976933	0.16192533698419737	0.3189424857534654	0.2588216056704221	0.09942287229422164
0.16530325886797187	0.15946213562349137	0.312027730037265	0.2544303346655311	0.10877654080574045
0.167287303693956	0.16289983841626016	0.3061173071477818	0.2612929599010733	0.10240259084092854
0.15928356045396386	0.15971468846053105	0.31875547122805925	0.26171271822436926	0.10053356163307633
0.16519959613939508	0.15796206983817962	0.30872084686828444	0.2648700360116641	0.1032474511424766
0.16552855251225984	0.16198872760126937	0.319198078280457	0.25203960707255174	0.10124503453346193
0.16895480368286592	0.16367013236900718	0.3029742926391262	0.26412618538868543	0.10027458592031507
0.1610586121946389	0.1620679624948037	0.30969071888002	0.2644674228378081	0.1027152835927291
0.16473323491841557	0.16547546161668322	0.3047691107193271	0.259360623865117	0.10566156888045694
0.1629072482867364	0.16473342408786273	0.3115339273579542	0.2548926773081699	0.1059327229592766
0.167384117614539	0.16235337659455423	0.3184249155565737	0.252185330291388	0.09965225994294484
0.15867377960415036	0.1615758571363586	0.313863430260623	0.26377157255174677	0.10211536044712104
0.16130787118930934	0.1603740566678682	0.31273452048939426	0.258880110127432	0.106703441525996
0.16850420650293904	0.16100281864848193	0.3161916280130059	0.2523714525570583	0.10192989427851465
0.1636233149378798	0.1611764491821277	0.3075613185487952	0.26016704688556536	0.10747187044563178
0.16318658942542436	0.15845838070020307	0.3138099703691575	0.2547653030048339	0.10977975650038099
0.15931409743264455	0.1593216082893149	0.3206585464354275	0.252135952001317	0.10856979584129585
0.1636885424294144	0.15957041702616054	0.3187771077405537	0.2543572633696793	0.10360666943419189
0.16663983635774313	0.15894332355809157	0.30890397298386907	0.25574605999865624	0.10976680710163977
0.16096265198093926	0.16409357253944998	0.3113708201718334	0.2524688554388696	0.11110409986890755
0.16673032273005162	0.1625688373593849	0.3053276185427996	0.25783381807786215	0.10753940328990153
0.16107244928793352	0.15876367415337728	0.3195730150827189	0.25172673331516765	0.10886412816080247
0.16274138135160013	0.15943770697725268	0.3174574209049441	0.2564681787274748	0.10389531203872812
0.1629752659604727	0.16068309899903763	0.3240441318942028	0.2552031849583646	0.09709431818792211
0.16522857011820613	0.16415145226247563	0.30337304386362274	0.2635789141586119	0.10366801959708336
0.16728744283596111	0.15874963364377398	0.3066708354077852	0.26035376164411483	0.10693832646836458
0.16830358290425143	0.1608589454883535	0.3045218124275027	0.259767994925623	0.10654766425426909
0.16742082758453997	0.16223869306460986	0.31351332166416357	0.25576207985749466	0.10106507782919175
0.15935911107161962	0.1587701445955939	0.31941393514698313	0.2602058219903261	0.10225098719547705
0.16159290387332945	0.15973824960370725	0.3178723572340263	0.25563439531721033	0.1051620939717264
0.16935290187269142	0.1632614146196528	0.3080456078908324	0.2552529001050363	0.10408717551178687
0.15947398094160614	0.16319605555436859	0.316057856105032	0.2578833413316649	0.10338876606732811
0.16463921668578171	0.16420491854802421	0.3189109225562324	0.2550935438738407	0.09715139833612081
0.16461425247235387	0.16242597116838675	0.30548400315273905	0.2649823792182002	0.10249339398831993
0.16472921717053227	0.1606572090007606	0.31432937748079304	0.2586373132090849	0.101646883138829
0.16679263142858047	0.1636872734997019	0.31691998626098306	0.2559335999529154	0.09666650885781895
0.1600247852151105	0.15984186253454033	0.32330678572006005	0.2586211179432475	0.09820544858704144
0.16020101363029554	0.16281139422795676	0.3067271728142608	0.26483418577801576	0.10542623354947087
0.1665317134648664	0.1595815950612765	0.3055336530334995	0.2593061629889909	0.1090468754513665
0.15927359239862754	0.16502098255840386	0.3155072374864529	0.25414418400560507	0.10605400355091046
0.16755229167223085	0.1644152391572067	0.3152272743742861	0.2538236275510599	0.09898156724521623
0.1695830351142142	0.16033472896914763	0.3192821449763508	0.25256335364242566	0.09823673729786148
0.16267814916215792	0.16098851197199465	0.3207945117527121	0.2574172526248466	0.09812157448828851
0.1693833104880281	0.15825123953676357	0.3176152092811052	0.2516045257592272	0.10314571493487572
0.16086762871498342	0.16226641994997723	0.31703693941972966	0.2517159010275544	0.10811311088775508
0.16229729763881426	0.16177775644224038	0.3178998578583242	0.25882713018136455	0.09919795787925645
0.16126211297963527	0.15978495988825137	0.31825748047621916	0.2600848236256611	0.10061062303023294
0.15937348655942363	0.1654684922597142	0.3108027756662212	0.2593966173387905	0.10495862817585026
0.16035043345548178	0.16128656551591344	0.3156749123277225	0.25780415198866474	0.1048839367122174
0.16339014675531677	0.16369851304595176	0.309274441569289	0.2562531543227306	0.10738374430671166
0.16577429182842074	0.16141271214331288	0.31107111378492047	0.25833664217783275	0.10340524006551292
0.16893019017834202	0.1635854910177252	0.30386713482606253	0.25854811586055176	0.1050690681173183
0.15943822331749746	0.16396478290362596	0.3114194318256721	0.2627864941427992	0.10239106781040508
0.16478324842549386	0.16502468112566243	0.3078729143252283	0.2549205249753801	0.10739863114823509
0.1613898804368476	0.16073512363212958	0.3228756402153108	0.25665260250022015	0.09834675321549163
0.167636747794771	0.1621669698430392	0.3043854228348994	0.2614903463468951	0.10432051318039512
0.1598961894736245	0.1620467052671534	0.3095210567870377	0.26505539846757553	0.10348065000460865
0.16631884584841708	0.16355779963438913	0.3116884155269371	0.25578507395041133	0.10264986503984516
0.16300074566657463	0.1640414695834599	0.31084336928345957	0.26284575013209494	0.09926866533441076
0.1655758079320177	0.1604611418405143	0.31386390819756294	0.2541622632835349	0.10593687874636995
0.1663828658359266	0.16142090817700205	0.3151855145597048	0.25261028202088104	0.1044004294064853
0.16303793029666758	0.16474001568913152	0.30963817330261834	0.2563068872220451	0.10627699348953729
0.16035401238541777	0.16387035827481244	0.3041852413843293	0.2609870364966942	0.11060335145874613
0.16761492007334872	0.15920305452622027	0.3033060388091347	0.2593502643205047	0.11052572227079141
0.15946527423384332	0.1652153737045523	0.3088120748854559	0.2586273000152213	0.10787997716092698
0.16397947162673457	0.15910235813569845	0.31005854805751487	0.2565888657892283	0.1102707563908236
0.16376864897130228	0.16475316293431114	0.30609594410207286	0.26125029138974576	0.10413195260256773
0.1606260699837126	0.16494979696645984	0.3242146345879266	0.25185790675014	0.09835159171176072
0.16778564871118523	0.16468865673123317	0.30410004762558596	0.25477136972816583	0.10865427720382953
0.15855913803144217	0.15807668017715631	0.30798529251711465	0.26513502189744304	0.11024386737684362
0.16456631089258428	0.1615463481705711	0.3111174392561864	0.2614693731275881	0.1013005285530699
0.1649904890482443	0.15855464496375582	0.3223060218239761	0.2567411446045873	0.09740769955943628
0.16598732192865354	0.16027704461113873	0.3108482592950338	0.26078709268646716	0.10210028147870658
0.16234118460071428	0.16004201211297112	0.31411411145990314	0.26312323691024714	0.10037945491616412
0.16791584298243392	0.1651603533088457	0.30654842091208756	0.2520993921068394	0.10827599068979316
0.16238986285635856	0.16040772364625744	0.311866527027004	0.26309403962361544	0.10224184684676435
0.16104912592285528	0.16019877921991774	0.3088898611614427	0.26284888996507855	0.10701334373070555
0.16237943315221673	0.16217636521001863	0.31610202785650454	0.25301567187490637	0.10632650190635351
0.1583624285752498	0.1597641127308201	0.3143182863893091	0.2637165545891794	0.10383861771544141
0.16295537987217099	0.16278426909504748	0.31433569311194826	0.25303920449274786	0.1068854534280852
0.16104595286340062	0.160605644889911	0.31942624237611406	0.2519764276314918	0.10694573223908234
0.16589277205214775	0.16148975799728404	0.3101606698339698	0.25185756176784524	0.11059923834875293
0.16415810097658423	0.1635054684379068	0.31919646288753206	0.25493604492623456	0.09820392277174211
0.16508462729266443	0.16049387472678908	0.30774488384539284	0.26313952203543994	0.10353709209971353
0.16853234760092048	0.16267373799986418	0.31922742462724185	0.2529034700185604	0.09666301975341293
0.1693015335080341	0.16248133664381828	0.3065262410903319	0.2539019519675264	0.10778893679028916
0.16183779449545127	0.1640834739611083	0.3050092527876897	0.2584288526386326	0.1106406261171179
0.15948741023429858	0.16550362488055953	0.31842347038484237	0.2547564442419141	0.10182905025838518
0.15873412808877263	0.15792935132874464	0.31402300997784416	0.2640305436786225	0.10528296692601584
0.1648164513702132	0.1603979185478509	0.31656175128738273	0.25740127476829155	0.10082260402626142
0.16490568822462318	0.1640935927947502	0.3055395975047724	0.254812788670329	0.11064833280552502
0.15858086934253474	0.16549594633550346	0.31572117416314116	0.2631007631818987	0.09710124697692177
0.1678424027715561	0.15819764651897725	0.30653486934916685	0.26164910284542253	0.10577597851487705
0.16290060326749836	0.15869089117348406	0.30946188670696034	0.25912697062766715	0.10981964822438989
0.16548921518041898	0.16056034227667487	0.322265607433843	0.2522613919132472	0.09942344319581572
0.16917497706842535	0.1599094626709682	0.31889690099614953	0.2519196953959737	0.10009896386848295
0.16213611448673357	0.16403222375019683	0.31198937162304774	0.25404915963939884	0.10779313050062282
0.16453842191026244	0.16025797012389453	0.3189155166049579	0.2586297616885318	0.0976583296723531
0.16767352745019684	0.16317619887316687	0.31200436386531	0.253848180925376	0.10329772888595017
0.16300081896948287	0.16159201961348674	0.31861237057448233	0.2590752866490858	0.09771950419346206
0.1615175187227372	0.16209062872917418	0.3140432298480762	0.2600376958738542	0.10231092682615797
0.1603074901490446	0.1599295233068978	0.30927205609878994	0.26226460088834863	0.1082263295569188
0.16079515454332022	0.1591689262455876	0.32417377429482686	0.25947821517027797	0.0963839297459872
0.16351204898109215	0.15912420448399905	0.3195133250822794	0.2571599348346375	0.1006904866179917
0.164892972402963	0.1599405841264242	0.3137391806186142	0.26214390742276344	0.0992833554292349
0.16242593089192073	0.16253904772743927	0.3136736089215413	0.2565703159663013	0.10479109649279719
0.1622278084545823	0.15916549092770127	0.3129314572329924	0.26006052782715755	0.1056147155575663
0.1624947192210402	0.1652598892943694	0.3202250550142984	0.25226019500384506	0.09976014146644675
0.1620599451835925	0.16277355160716114	0.31452045349738533	0.2532814105425065	0.1073646391693543
0.16904397756792505	0.16074419039326865	0.3040351680115037	0.262057506031564	0.10411915799573837
0.1655846398851726	0.15834437826200048	0.32329004202935735	0.2524373479378287	0.1003435918856407
0.15890649308971208	0.1624142843510869	0.3165287324293498	0.2521940602739341	0.10995642985591692
0.15917398373065056	0.16414870559599878	0.30985619020515454	0.2575465489042127	0.10927457156398324
0.15957048059589307	0.1627244408798944	0.31217871961953375	0.263827451317759	0.10169890758691957
0.16400154072140194	0.1585924778195475	0.31746407923958553	0.25810540571531204	0.1018364965041528
0.16569274819206198	0.16513764384371038	0.31200261500300464	0.25206637137701965	0.10510062158420319
0.15829810415030104	0.1630507008998294	0.31195456702397306	0.2620891427474738	0.10460748517842249
0.1654715937191943	0.1578323826232854	0.31476497636674083	0.2643710857348942	0.0975599615558851
0.1691099177858447	0.1633024391059443	0.30314933004365197	0.26145210461160684	0.10298620845295196
0.16494437131907955	0.15747843202275366	0.3076206446083117	0.2594345456851326	0.11052200636472229
0.16530609921325418	0.16068735298129957	0.308753119543802	0.25829982183887973	0.10695360642276434
0.16569064978190734	0.1609972285477375	0.30673569548931834	0.25929386885013034	0.10728255733090634
0.16815696788649304	0.1651404430033397	0.3035534027582206	0.258326878867043	0.10482230748490348
0.16127703183220274	0.15944540538800608	0.3137044805051631	0.26162878620167856	0.10394429607294928
0.16160514351880148	0.16354948244568113	0.3150541949106678	0.26166545662053153	0.09812572250431781
0.15892177756998924	0.15893825815865134	0.32751626606686257	0.25194964880527865	0.102674049399218
0.1606102131995918	0.16531717253199682	0.3226661776701148	0.2540116254501764	0.09739481114812001
0.16124434047214714	0.16335956494185738	0.31656982064202344	0.25357056988988014	0.10525570405409171
0.16776221366572852	0.161993399990496	0.31992844712879187	0.2531004797976442	0.09721545941733913
0.16112909256010496	0.16098284223628034	0.31244794433113926	0.2648018136526572	0.10063830721981806
0.16568214265976006	0.16315444429751	0.3052550742371695	0.26347736992792253	0.10243096887763767
0.1598322703234593	0.1645175147251001	0.32066317988464665	0.25419233349811154	0.10079470156868216
0.1596431483583966	0.15847320492623973	0.31654822007816674	0.26217916988995177	0.1031562567472449
0.1641905188917434	0.15883437530104366	0.3081720508087685	0.2597709279243859	0.10903212707405836
0.16908086878624218	0.15905828227508956	0.3079222521408265	0.25477143118834816	0.10916716560949334
0.16241957929125536	0.16136702828055532	0.31949704001162316	0.2532650752553167	0.1034512771612492
0.1587928483470823	0.15930588817644345	0.32457587784591896	0.2603146378537496	0.09701074777680556
0.16450755320758156	0.16069243285530446	0.3114850596395061	0.2581562560322239	0.10515869826538375
0.16816149464542451	0.15995072902614801	0.30827228175420684	0.2580350681416028	0.10558042643261764
0.16680703085005952	0.15769718612046474	0.3189094875634175	0.25297470570413516	0.10361158976192285
0.16348788916752427	0.16166720944385182	0.3093134516446283	0.2631169016238283	0.10241454812016709
0.16420152396007603	0.1598289538257205	0.31177002776661095	0.2639050244251602	0.1002944700224322
0.16353372567935787	0.16269956266370666	0.3195998250870472	0.2531544516366176	0.10101243493327049
0.16842084035696867	0.1656662843352347	0.3061698181059259	0.2533259814412623	0.10641707576060826
0.1629622761176056	0.15915340070560188	0.31941362866944967	0.25436723644578074	0.10410345806156186
0.15978862885084996	0.15861812139026948	0.31956937688011067	0.26350041459465756	0.09852345828411214
0.15964694406821342	0.15929255534147777	0.3155779019685713	0.25550578726630035	0.10997681135543699
0.16614411609529037	0.16125745828755997	0.3128333451691988	0.252122291290132	0.10764278915781872
0.162263921052622	0.16412977797437572	0.32078796667316145	0.2536827386454106	0.09913559565443
0.16023972467755357	0.15956291814472004	0.32347570500155	0.2519040291826897	0.10481762299348646
0.16812549080875122	0.1601545102191934	0.31623771901958764	0.25292378160757406	0.10255849834489353
0.16683423137604603	0.1576050784458273	0.30801823520129956	0.2633429221230752	0.10419953285375169
0.16581436957205592	0.16532684087321076	0.31878761431634595	0.2525220166055283	0.09754915863285889
0.15926577004204043	0.16206341982839562	0.31617666645029463	0.2590200647899973	0.10347407888927188
0.15917636578223865	0.16508293531308887	0.3031642587177799	0.2647419816643013	0.1078344585225911
0.1635494182153329	0.16174347257020247	0.30415095499410516	0.2631974469644559	0.10735870725590334
0.15997817377982235	0.15935273079348813	0.3113925398940807	0.2600847238357311	0.10919183169687749
0.16003117255016835	0.16574496006297004	0.3028974934868921	0.26099263447558363	0.11033373942438568
0.169593350657535	0.15898493042115958	0.31445308589260684	0.25440727129209056	0.10256136173660779
0.16347942431981738	0.16091063349010135	0.31161463182187504	0.25458782707047944	0.10940748329772657
0.160547089755018	0.1620958786805756	0.3247719445269114	0.25237158894370715	0.10021349809378768
0.15973853845542585	0.16064556591934254	0.3187848287915991	0.2521993287022428	0.1086317381313895
0.166397255127344	0.16070295731337075	0.31817682480860415	0.25558302318157167	0.09913993956910924
0.16390021137716765	0.1643086589378827	0.3056602737440358	0.25806710692747203	0.1080637490134416
0.1602077714224706	0.1576535041541025	0.32852355305108827	0.2521570540908547	0.10145811728148374
0.15894265693134427	0.16386959499831094	0.3105754521055891	0.2604014931048686	0.10621080285988692
0.16276148236030075	0.1596015482712835	0.3053770666476122	0.26402905510141766	0.1082308476193857
0.1683463369709624	0.16451118254600378	0.31061258268106984	0.2543297331737201	0.10220016462824373
0.1696464833865861	0.1654037023481995	0.3117306289647531	0.25445224538670663	0.09876693991375446
0.16687962850177618	0.16161769519305635	0.30430257027413665	0.2604474751419448	0.10675263088908579
0.1657455850489352	0.15816872972827006	0.30954373767829546	0.25744946407195546	0.1090924834725436
0.16109390262307943	0.1604518982338384	0.3170879151357314	0.2526709792652151	0.10869530474213544
0.16442771739345535	0.15989914833356428	0.30413378740798797	0.2616422203821832	0.10989712648280897
0.16902949665276185	0.16550127382710647	0.3157123558453403	0.25160488775703865	0.09815198591775251
0.1693797427344511	0.1635012654960265	0.3075731131267062	0.2577525912276041	0.10179328741521187
0.16543804167391418	0.16215649789629755	0.3138090992790567	0.2603091954969115	0.09828716565381987
0.16018745723047456	0.16334390474024924	0.31307463361818927	0.2612989102727403	0.10209509413834644
0.16092605407963373	0.15978045460251922	0.32119080600786476	0.25874104022182953	0.09936164508815257
0.1688528539191337	0.15786441121814979	0.3118495020394559	0.2605164045973126	0.1009168282259478
0.16914142888437467	0.16215449297229104	0.30671412979769636	0.261728385425936	0.1002615629197017
0.1600420438441763	0.16339737459304887	0.3132622784062071	0.25542876620070687	0.10786953695586068
0.16688872950611466	0.15919766366763982	0.3054394215542358	0.25996988207740496	0.10850430319460452
0.1614352501232984	0.1576748175798965	0.3130949839677579	0.2581289532646313	0.10966599506441561
0.16234348486910916	0.16139806581240435	0.3205063610870719	0.253387991310988	0.10236409692042639
0.16932564240505876	0.16261209061588539	0.30542574639255304	0.2544363229791599	0.1082001976073427
0.16711928128299722	0.16421804677135038	0.30829496266868106	0.2528941634664024	0.10747354581056873
0.16943512361862284	0.1642229419498203	0.30558278000486117	0.257126510315974	0.10363264411072148
0.16327234587437983	0.15939052768573286	0.3184037481972162	0.25604664185267495	0.10288673638999597
0.1643682922710427	0.15826122033008824	0.3142898290603457	0.2527823586381226	0.11029829970040059
0.1640591261196805	0.1596340502225261	0.30307200224752134	0.26491813107268725	0.10831669033758462
0.16407974215825832	0.1583982671918155	0.31990778924022983	0.2608381001236888	0.0967761012860073
0.15892895507267144	0.15948076347689746	0.3287380742801578	0.2532372412582873	0.09961496591198588
0.16072040314592684	0.16264092805878408	0.3189124382330707	0.25546918995880846	0.10225704060340976
0.16537995807153785	0.15986572896116735	0.30280056323244026	0.26440981200109803	0.10754393773375624
0.1627070793415	0.15907701357000348	0.31131976884644597	0.2646389034990214	0.10225723474302899
0.16137577610940715	0.16217024109373104	0.31119453135180875	0.26032201215607187	0.10493743928898097
0.15848717505194224	0.1574232113122947	0.31450071669334334	0.26066352136548204	0.10892537557693753
0.16031783094305935	0.1580024756403916	0.3167823563875325	0.25432767987347615	0.1105696571555402
0.16121205799079708	0.1578237263871416	0.3132075201354346	0.2573966237560601	0.1103600717305664
0.16045506914399352	0.16381780787826297	0.32715792078533446	0.25174273026198046	0.0968264719304284
