0.2322081926606721	0.07851360792626982	0.24168470931803765	0.15736572260103793	0.29022776749398227
0.2697043479376536	0.09005355359059647	0.22059333666095024	0.15119074525174686	0.2684580165590526
0.2502683145402287	0.10254761767246262	0.15613421238851924	0.1908658611256201	0.3001839942731691
0.27147071160265734	0.07664229897768239	0.20908641566950456	0.1544684787059717	0.2883320950441837
0.2142229706357611	0.10289610508128715	0.296673216575538	0.1662376598021218	0.21997004790529173
0.2819681409531395	0.07573889487839969	0.20716523256998304	0.15658665636890498	0.2785410752295725
0.2545107616651093	0.08882460937253897	0.2764185592093864	0.16165257966605429	0.21859349008691076
0.29987073841813483	0.07447884497160817	0.20989258244080475	0.1568408200391732	0.2589170141302788
0.3000465076734198	0.08470318557883344	0.21148237233744624	0.1597965276541668	0.24397140675613344
0.2220005422862045	0.09290232382928465	0.2268347782288667	0.19924806176815069	0.25901429388749325
0.23181511305810565	0.09313408695807152	0.23221249385043255	0.19278550091596322	0.25005280521742684
0.23466839387490018	0.08929675965451163	0.2600649351842263	0.18735926548486342	0.22861064580149823
0.2561540635395227	0.07684499586479612	0.23930200229830223	0.1627332303655949	0.2649657079317838
0.23101279136871905	0.09021841277987291	0.2463753158104685	0.1540942350246451	0.2782992450162942
0.2808765334591714	0.08743947342556987	0.22696365186626216	0.1824363979012472	0.22228394334774912
0.21391468466013586	0.08598963257820591	0.20129569142909062	0.20414011965984674	0.2946598716727207
0.2277868240577548	0.07544672725307379	0.2430767000384307	0.15929703568000964	0.2943927129707308
0.30478150248789604	0.08630656947283413	0.20660044056601495	0.16781385719920733	0.23449763027404727
0.23439384402020405	0.08803044243920592	0.29634571888655636	0.1438898423769661	0.23734015227706737
0.22267283463270868	0.08229559483979601	0.20563081229276275	0.19254908568439974	0.29685167255033257
0.3019008000437886	0.07544439450057808	0.1758728758275983	0.15263857516270204	0.2941433544653327
0.26755041636177535	0.10342502716130184	0.16045237989691352	0.1772316041534095	0.2913405724265995
0.2503108693954848	0.07254495514511969	0.26833748931416374	0.15588519590412941	0.2529214902411021
0.3000602896191534	0.09751360229964835	0.1734443221561143	0.19016672223111852	0.23881506369396516
0.23570434600392687	0.0966371948720312	0.22089638321152497	0.20295576899440199	0.24380630691811472
0.2846711668217202	0.10192518362457414	0.17923475844269932	0.18707870965780907	0.24709018145319697
0.22090196013950322	0.08204760268068724	0.2649608655915459	0.15937332004448607	0.2727162515437773
0.26700317627982173	0.102695750952877	0.2589784977015542	0.14613767301572114	0.22518490205002567
0.22305867340819877	0.08580361751413636	0.27605874447648515	0.16444623254060134	0.2506327320605781
0.2937499374635834	0.08389248523156081	0.21698445228482416	0.18004590168149984	0.2253272233385315
0.27610980706085364	0.08477938764117358	0.22863013077917368	0.17056086619187716	0.23991980832692164
0.24732879861750112	0.10066334899201028	0.15011561523523842	0.20088443127640174	0.3010078058788482
0.2965582346039125	0.08102357370248568	0.19809229703020262	0.1747794223880498	0.24954647227534915
0.223067367662255	0.09617249422618807	0.28589281779747955	0.14243863818273086	0.2524286821313463
0.2856770385899665	0.09261603246067109	0.23288961016591223	0.14428052851984288	0.24453679026360703
0.28126407859583524	0.07952243330636001	0.21081870827362742	0.19189401028041847	0.23650076954375857
0.28666497174354627	0.08640087397257827	0.23848144837801064	0.17692694113794244	0.21152576476792206
0.24839420793043868	0.09900480086844113	0.22137147602469748	0.16500854835945103	0.26622096681697144
0.22260807271495311	0.08049593100418105	0.24315250703701097	0.18814412232873415	0.2655993669151205
0.25532980663781574	0.0943345372894537	0.2564212926578539	0.1517686513303147	0.24214571208456173
0.25752770842863293	0.09910071452151493	0.19034010612876567	0.1751074860971981	0.27792398482388814
0.2261446028742654	0.09456185001640753	0.25868369865956975	0.19684870063441665	0.22376114781534046
0.2154932696800314	0.0772996925968722	0.3041574873107728	0.14275421965245605	0.2602953307598673
0.27708365735950913	0.08963747428694537	0.2108988807729584	0.15975263527089134	0.26262735230969547
0.2804474884328248	0.07645495606535999	0.19288684403328965	0.15428116755258214	0.29592954391594317
0.2300847597452584	0.09513265618565568	0.3128403726999038	0.14442094727556726	0.2175212640936146
0.2506818020745726	0.09954725330454815	0.253268994064932	0.15445897829505625	0.24204297226089078
0.23733348277807806	0.0787150284028357	0.2790391006549683	0.1852547457887846	0.21965764237533308
0.2338173363129895	0.07639305737473995	0.24666588274845758	0.15641319027629375	0.286710533287519
0.21998474063530926	0.07557724265056265	0.2929599930976671	0.19019868789794886	0.2212793357185119
0.23329951900965504	0.08095697210949807	0.25236647176452165	0.1577762814843732	0.27560075563195185
0.27085059560961955	0.09624827280707074	0.13415615414629528	0.20366668509265093	0.2950782923443632
0.26364942378589534	0.10364360326101807	0.22017032299998177	0.1856534542026547	0.22688319575044985
0.25637372969708666	0.07768762735334933	0.2712284412853293	0.14815371335071068	0.2465564883135238
0.24402781748613045	0.08436578202545437	0.2589916410768602	0.18748280363845707	0.22513195577309764
0.3046615671667363	0.07762086932157537	0.21853880383617547	0.14338621356824122	0.2557925461072713
0.22794258987722066	0.09747556242529462	0.24342966903333146	0.16503678977458192	0.2661153888895711
0.2921573117155102	0.09240456292078869	0.24681321317462585	0.1494024902667754	0.21922242192229957
0.24167762737918683	0.08572883849317792	0.21505293574453363	0.20302568805930435	0.2545149103237971
0.2238981219575343	0.09853585305769391	0.27355278744827705	0.14680725477390993	0.2572059827625846
0.299691323412989	0.08213928726479147	0.22060719392429734	0.17093906463424144	0.22662313076368046
0.2728755604645954	0.07241074597941025	0.25678956528183283	0.18659850145864182	0.21132562681551945
0.2590155847843296	0.0759878648325542	0.2805938577551535	0.14803372408761198	0.23636896854035044
0.26815060771681243	0.07960187362468157	0.15669110323346516	0.19685500960585214	0.2987014058191884
0.2456032809989414	0.0858208951991564	0.2575576375701757	0.14783489518000065	0.26318329105172555
0.28357104186336446	0.07631177389949247	0.19512322446988598	0.16506968131047284	0.279924278456784
0.2851692215793609	0.09171910882760809	0.20893019712668312	0.1452534682972801	0.2689280041690675
0.268560620172954	0.08618619331889314	0.18933410937319836	0.1574513286947457	0.2984677484402085
0.29519215066060295	0.08505785575019245	0.19504237550163203	0.14770001420788012	0.27700760387969214
0.22409896867948773	0.09341636664558597	0.23151943958919327	0.15238483603418979	0.29858038905154305
0.22849471316222156	0.08127632445839328	0.3117303703590428	0.15492371327246163	0.22357487874788057
0.25741930987910655	0.0761053630284367	0.22753393893776863	0.19784148965033677	0.2410998985043511
0.2525432492648877	0.09191132220295031	0.21297666421722797	0.20159798059728545	0.2409707837176483
0.2704661284476098	0.09393482559393164	0.2047242250417706	0.15368315544620578	0.2771916654704819
0.2464723040382567	0.07746236267337768	0.19084619575169476	0.18996149266131934	0.2952576448753513
0.27846222717157354	0.09509865902969226	0.16269158489332472	0.19107973183412255	0.2726677970712867
0.2322118438514516	0.07589978790562912	0.2895197756024589	0.15834643063288542	0.24402216200757473
0.27432686694221076	0.09979993185005233	0.2644674683748796	0.14880581569623078	0.21259991713662627
0.28846150440404905	0.07874830661722634	0.2413308848012692	0.1473784106518966	0.2440808935255585
0.2932345245470058	0.08287528966963204	0.16762163477262165	0.17744474901437016	0.2788238019963701
0.27344980057434454	0.07808093388846002	0.19185570084062	0.1617819774331342	0.29483158726344094
0.23596295334301215	0.09659267518861646	0.18978839708472242	0.1793410605221436	0.2983149138615051
0.30027613581513063	0.09769287654139008	0.16441374806884737	0.18647294490582333	0.2511442946688083
0.2542371997465459	0.10024197184392851	0.15305382397366446	0.20127309738021648	0.29119390705564435
0.26777457146784145	0.08738203443050972	0.2189088488559631	0.19970242890037385	0.22623211634531162
0.23914272426738703	0.09920122029415544	0.19090935641055748	0.17585986305140588	0.2948868359764939
0.24054976612650403	0.09152643526765707	0.20117843447370531	0.16648323685449076	0.30026212727764257
0.22970412058437686	0.09010745071383558	0.2951486429241759	0.1556935996503704	0.229346186127241
0.22108532806082315	0.08049962885658223	0.25304966506402937	0.15776869352798895	0.28759668449057607
0.22622618485459428	0.08142029274241619	0.22195472786896414	0.17109265365014936	0.2993061408838758
0.2792256197775786	0.08192176853448828	0.14113915391641274	0.2047407387604635	0.2929727190110566
0.2795421114350147	0.0824853880279988	0.1583717959869495	0.19931763442617248	0.2802830701238642
0.24984331846392094	0.09515953513321153	0.20429412599405292	0.16138427211716028	0.2893187482916541
0.24832369081832426	0.10231146232964795	0.2708551804540301	0.15169896527106566	0.22681070112693175
0.29419318315575715	0.08996728995690269	0.21022103120101887	0.1800295050198148	0.22558899066650626
0.23003851262423108	0.08550918240902539	0.2152634440922783	0.17324894921332862	0.29593991166113637
0.25771336755973717	0.09927590982462958	0.21150479924961862	0.1902452459208266	0.24126067744518775
0.2621461175754692	0.07570753915609853	0.2573573622305879	0.17194993327054373	0.23283904776730038
0.22535553124940777	0.09603421532722026	0.2532807667712454	0.16721653289146343	0.2581129537606629
0.22886010226631553	0.08244368962591096	0.1859611918849593	0.2032915314914921	0.29944348473132193
0.25284488232613667	0.0906061214795161	0.21644927080447135	0.19410834874689506	0.24599137664298057
0.276145302302623	0.08865973344528728	0.21013047368884877	0.17327852893051923	0.2517859616327214
0.25300594887042327	0.09956721596738337	0.20357255888574322	0.2031461284060137	0.2407081478704362
0.2574444310473547	0.08110351465707148	0.2551754806014525	0.14533438280484307	0.26094219088927795
0.21475744204738453	0.07362324832653785	0.3102249998323733	0.1619562093566247	0.23943810043707944
0.2138217140412201	0.07463651404559396	0.31665624499799755	0.1681512421150176	0.22673428480017052
0.21768947567541244	0.07437826634358846	0.26565363583666357	0.18232135925382484	0.2599572628905104
0.25226307495753775	0.09365074390433882	0.19248584655549086	0.2014845482770298	0.2601157863056025
0.2998146678820536	0.0918342143055323	0.21529089129325568	0.16094647128748482	0.23211375523167332
0.2770944077702106	0.07871777708552904	0.16992628223251696	0.19374356595386566	0.28051796695787745
0.26660304889322906	0.09620006401601765	0.20994510840321579	0.17694429056194402	0.2503074881255932
0.2515386500505932	0.10276232644081992	0.19778862693027705	0.1939883077590113	0.25392208881929823
0.25220275396466885	0.10347659978372553	0.24508635668869921	0.18388857456689628	0.21534571499600982
0.2779249564362019	0.07582997613154505	0.21790009362003632	0.1681330100021043	0.2602119638101122
0.30097857626773034	0.08412022228345778	0.15149239913360768	0.17181039027071035	0.29159841204449355
0.23695182646658663	0.08575054914441478	0.21966741943856283	0.1941469239384117	0.2634832810120238
0.2963159244175067	0.08831698891090718	0.13252510593054312	0.19887086131838544	0.2839711194226573
0.2890354268338473	0.09156296990573763	0.19971123964630097	0.14529000131808717	0.27440036229602666
0.24312266182364292	0.09894926182670383	0.27761990517220614	0.16964752136465208	0.21066064981279475
0.2784096960828364	0.07649906229819481	0.178799152486388	0.18943827454135662	0.27685381459122393
0.23656910913473453	0.07983913551392773	0.2087691094703087	0.19311498551303805	0.2817076603679908
0.2865793821121945	0.0788167320690383	0.21120032682240095	0.19114110930093217	0.2322624496954338
0.2432902080543526	0.09208347443208278	0.2810708449630523	0.15433676873089214	0.22921870381961992
0.2521950697204437	0.08762672192235241	0.2019511127912391	0.18908207997490534	0.2691450155910592
0.21932944859993245	0.10365837143589933	0.24810063213992012	0.1710747461286585	0.25783680169558937
0.26775588856528876	0.08073188379637555	0.18059303548012792	0.19045338388940558	0.28046580826880196
0.26518726250498775	0.09539837920034691	0.22533468625349098	0.18729869882809652	0.22678097321307755
0.2793923578506385	0.09229098114122485	0.18294930424684996	0.19586452811072996	0.24950282865055648
0.25809280427142467	0.10327012128153516	0.2281562158083726	0.18140596379031204	0.22907489484835525
0.29153466140340223	0.09414598749359566	0.1667587908390003	0.1979912187939877	0.2495693414700138
0.27926733571916007	0.1032063768166766	0.17479818444307887	0.17586395806289978	0.2668641449581844
0.23217104737568445	0.08588251686554528	0.27858503748667085	0.14210219224112355	0.26125920603097563
0.2770135857586764	0.09893357937693711	0.18670912376848564	0.1810324252611756	0.25631128583472496
0.2954207159379169	0.0931530495354933	0.1279018488230464	0.19664456086354207	0.2868798248400011
0.24728199909865822	0.07578286951376946	0.27404348592929856	0.15251521842234517	0.2503764270359284
0.27079741030583115	0.08080890288651638	0.2573975195501679	0.1449470444520605	0.2460491228054238
0.21749719275502052	0.08574802009979592	0.20646907268875855	0.19629640929929107	0.2939893051571337
0.29080641894574993	0.09134484498961222	0.2209287372545072	0.1736116097280969	0.22330838908203346
0.23321276336759167	0.10352089284185931	0.2829518003494425	0.16763506921373175	0.21267947422737452
0.27135965142818275	0.08772953513135906	0.2599363310697822	0.15676842615795725	0.22420605621271847
0.21679481380060128	0.10022464070253502	0.25277270329449675	0.19997670306314833	0.23023113913921842
0.2238868080619042	0.07362462923538207	0.33493992002969153	0.14783236127129057	0.21971628140173138
0.282233349409105	0.09118524211976606	0.20432659813415313	0.1428737685679659	0.2793810417690096
0.2335367668629733	0.08073948847249444	0.24567411735063843	0.16673219598946132	0.2733174313244322
0.2769056742163527	0.07445370735282392	0.20503267808825112	0.15997939508581782	0.2836285452567542
0.2476607524759677	0.09125773831616396	0.1844460963608249	0.1973115384962657	0.27932387435077755
0.2954388324590484	0.07647476411521079	0.24976531242535052	0.1476901554219912	0.2306309355783988
0.289164060702521	0.07271999993535525	0.19302112562077745	0.1977515431506269	0.2473432705907191
0.2480123454586942	0.0907479374563476	0.26159236685694015	0.17361889548138945	0.22602845474662836
0.30226680611558004	0.08946498189397079	0.18706966701503303	0.1500396979978831	0.27115884697753273
0.29355374185020905	0.07901668335551476	0.23362816230234995	0.18048348331576552	0.2133179291761604
0.22048961529355338	0.07567415093217729	0.26001881104911684	0.19602445383873215	0.24779296888642013
0.2685114213156509	0.10231910044214657	0.13610435399687054	0.2012839017691906	0.29178122247614113
0.23469762080843293	0.07792259380733704	0.24924787226095868	0.14967483811771234	0.2884570750055588
0.2604300116415439	0.07839894816803945	0.20980568373646746	0.1566084148635693	0.29475694159037963
0.2696080438192822	0.07336526133975685	0.2533535835648685	0.1715744183156277	0.23209869296046454
0.3001591337424322	0.08613607135217699	0.19378476095157085	0.16139589474845165	0.258524139205368
0.24070173708488035	0.08899493679342906	0.22391037186031446	0.15151875088423927	0.2948742033771366
0.24023468784447227	0.07517494858413376	0.3006352996276014	0.17246802669704595	0.2114870372467464
0.2870233690456833	0.10276331272909935	0.18543772599474795	0.14872089236196379	0.27605469986850534
0.22108891038417178	0.08134340939891935	0.27032451017308895	0.173174099750208	0.2540690702936117
0.26995956341866006	0.10008835525092695	0.13199943683010318	0.19694417942745046	0.3010084650728591
0.290309336430432	0.0839461670294174	0.1763084752783588	0.16490309219102964	0.2845329290707619
0.2422136913235763	0.08477887149015792	0.2868541247252817	0.144711823999758	0.24144148846122582
0.23906022944776642	0.09443696875091517	0.22439463494390693	0.18111646102263035	0.2609917058347809
0.23358597596194627	0.1015819267720852	0.20738466417893378	0.16606820168795905	0.29137923139907546
0.26554815851688374	0.07384176007337168	0.24209381888371118	0.14598086141319516	0.272535401112838
0.29537070316112296	0.07332801867309574	0.16306211636784523	0.18674963768687197	0.2814895241110638
0.24302715705883524	0.09087004710829452	0.1767848231162755	0.19522769531717923	0.2940902773994153
0.2323146322789097	0.0971992238372382	0.21524237381262218	0.15396674827871742	0.30127702179251226
0.29128983435383	0.09342948243042956	0.1880533573122438	0.15212500233257864	0.2751023235709178
0.2532554174370227	0.07744630669681092	0.22359674781798042	0.19497075310868178	0.2507307749395039
0.28127177391407493	0.09916870754021818	0.21706473961602324	0.16201868859867696	0.24047609033100642
0.2136617406035961	0.08537937501252833	0.24260239275651213	0.1874850701729147	0.2708714214544485
0.24163140893407892	0.10339868802486646	0.21039814150703956	0.14911794277584745	0.2954538187581674
0.25130521978415016	0.0744010228482889	0.2716568083577049	0.16657338845319736	0.23606356055665853
0.28016306777992556	0.10216569208567573	0.21811876446403006	0.182182421258491	0.21737005441187734
0.2884871278309103	0.08383496012594512	0.19619754469146475	0.2025436373502393	0.22893673000144027
0.2544295149992451	0.1019828567737499	0.18909737647745903	0.1581543885218174	0.2963358632277283
0.26824386195109085	0.07956161961722225	0.19962596749270434	0.15798361430861096	0.29458493663037133
0.2744024124199087	0.08654328004589115	0.22140679132646665	0.15291468261414595	0.26473283359358724
0.25317584587587205	0.09241051266404453	0.19611632851697205	0.16405730530036922	0.2942400076427419
0.27634883176212366	0.08759712901013961	0.2082242188098624	0.18704518314193613	0.24078463727593796
0.25003114079400846	0.07486283088303236	0.28000335962954376	0.18211972422828623	0.21298294446512894
0.2699444106970048	0.10170475645778	0.17819466912949167	0.1927793578595263	0.25737680585619693
0.23575080366010856	0.0841669953256898	0.24616910684445464	0.1841968114801037	0.24971628268964308
0.27340453556906485	0.07420948866088703	0.2085724969940944	0.2027298485106837	0.24108363026526977
0.2569613807918413	0.07656930754753413	0.26160937856694205	0.1855745928853344	0.2192853402083479
0.2970711770001236	0.07381932640563396	0.18709594305254207	0.14567062401816835	0.2963429295235317
0.27640861436420794	0.0775857422634357	0.18514144888760065	0.1732965121840015	0.2875676823007539
0.23650591550743766	0.07919201883142382	0.251042644375638	0.1940451192226858	0.23921430206281447
0.2931249023681163	0.10156604226990877	0.1789512120707346	0.14239271800203684	0.2839651252892032
0.25753674154630724	0.08158904747796802	0.18166008637557912	0.19491691338510211	0.28429721121504326
0.23674204478142968	0.07803619671788121	0.2640208347052609	0.18363754361158338	0.2375633801838446
0.269254701118465	0.08627830195539722	0.2330288876263629	0.17747436014029547	0.23396374915947915
0.2803932849058449	0.07807979094660174	0.17401978494239412	0.1866130381789023	0.28089410102625667
0.27391302332989276	0.09063326074573061	0.23463568213241842	0.15769252254255578	0.2431255112494021
0.3003342157913586	0.0973061144645468	0.21612269977661855	0.16558514479459194	0.22065182517288381
0.22330706860438865	0.102180554730793	0.2802998004078919	0.16855756393716548	0.22565501231976073
0.2579137621536127	0.08523273996874874	0.2115287913463252	0.14565234318415138	0.29967236334716163
0.2775943467798774	0.08604198571255157	0.22968194491691726	0.16763019942921184	0.23905152316144168
0.2980319805942729	0.08999533893899193	0.22735469035290412	0.1624222725906309	0.2221957175231999
0.27506951015057646	0.08458443543090516	0.21468312787358876	0.1466272255648115	0.2790357009801178
0.29338145301976964	0.08184049538133281	0.20295370669334817	0.14871473258788914	0.27310961231765996
0.22850468066729293	0.0800622235228233	0.25319739131739616	0.17604798893635726	0.26218771555613013
0.21992678132297508	0.07919748139409026	0.29750636622717447	0.15911395946269935	0.24425541159306063
0.28689697942194803	0.09904612698533001	0.2258912001159668	0.15276429448947415	0.23540139898728069
0.22830722543788373	0.07414582764491257	0.3176744453325814	0.14877605153434859	0.23109645005027352
0.23572590949577177	0.08108361149339707	0.2323015615578772	0.19584219050306778	0.2550467269498859
0.2705158965092135	0.07959945356573521	0.21582651001503678	0.15451213833884705	0.2795460015711672
0.28574336478700424	0.07818361407513766	0.1790747643261487	0.1601883995594099	0.29680985725229925
0.2906638760097897	0.0854032018110366	0.1854009582383363	0.18373509206056834	0.2547968718802688
0.28218830831128283	0.08268657271815816	0.15724859407977904	0.19461672932867694	0.28325979556210273
0.23559824340487392	0.09184055037474087	0.2691841172663787	0.18512324263669408	0.21825384631731223
0.2523158597726156	0.0725740960341977	0.2510456992951625	0.14529758203507906	0.2787667628629449
0.2423620380309469	0.09522546749834965	0.24237001793512386	0.1819549944502051	0.23808748208537422
0.23940765042696038	0.07969364167615814	0.22735549164107588	0.180941530569121	0.27260168568668436
0.2335761134071874	0.0867806951320705	0.19975823950808527	0.1833024283887789	0.2965825235638777
0.2841041849668783	0.07965186118041948	0.20192721594822027	0.1588582377729918	0.27545850013149
0.24241504041626716	0.07218296454071552	0.22449578415973864	0.1643147519829706	0.29659145890030786
0.25911026098508094	0.0737029337481411	0.2780645934619706	0.14256165677719942	0.24656055502760768
0.2864024541645682	0.08865279770219	0.21406374986937463	0.18792702723383087	0.22295397103003603
0.26697643944506333	0.09037286629864302	0.22423835027589634	0.16184362309957434	0.2565687208808227
0.22317411562836542	0.07587102267842329	0.26031297768539763	0.18189362100521755	0.25874826300259585
0.23859701000239714	0.0892599636489846	0.18775661835462001	0.20390081223187517	0.28048559576212284
0.2622153015786869	0.0922925696665542	0.1957156552192329	0.18512426888327643	0.2646522046522493
0.26399442067445444	0.08104893560098742	0.17600460782858288	0.20243002238637348	0.27652201350960154
0.22374927753974413	0.08441578540935524	0.253759039227492	0.17449529746635395	0.2635806003570545
0.2593754616809997	0.08561903408778786	0.19386210622527936	0.1919275706027561	0.2692158274031768
0.24704288078997255	0.10199592436814862	0.14985891557156827	0.2014774410387832	0.2996248382315271
0.28393244299943304	0.10280040177804878	0.13421946452169967	0.18663762426576722	0.292410066435051
0.21389552651252683	0.07463187597233562	0.2431966163228071	0.1838066606918159	0.2844693205005143
0.24232544370667497	0.08574506229272849	0.2369727604360415	0.14613459044006785	0.28882214312448695
0.2859760728082078	0.07876516207670552	0.23931880963889818	0.14268324000329766	0.25325671547289047
0.2344167676342655	0.09041238186354521	0.23472312939805356	0.17897786582183045	0.261469855282305
0.2617668534431031	0.07953785883559049	0.21319458358845053	0.17316974957131237	0.2723309545615432
0.27935565326199174	0.09873348785999153	0.1711835151622878	0.15858199163490197	0.2921453520808267
0.27207031043490737	0.07447130641895006	0.22662965061957568	0.20061649830077824	0.2262122342257884
0.2582115836858309	0.10027253807556248	0.25625780507535645	0.16002361458163972	0.2252344585816102
0.27955539764668885	0.08305333868171462	0.19114717635281916	0.1898926978669866	0.2563513894517905
0.21520797151957405	0.0783537877814159	0.2441251527980337	0.1721121671871947	0.29020092071378145
0.28746279274100267	0.0900191086102573	0.19226745395106914	0.19073363331845522	0.23951701137921538
0.21866492036476545	0.09450917681602528	0.26201627932995447	0.19983778991091802	0.2249718335783365
0.23372743587210398	0.09688082213974208	0.19840783241396776	0.17839233810508615	0.2925915714690998
0.26506192376879306	0.09361071220238862	0.15653100700666647	0.204615568714426	0.2801807883077256
0.2841929373083547	0.10308553666873231	0.2069454761772193	0.14983459339113725	0.2559414564545561
0.22706993219676683	0.07307938013910475	0.24704056481856093	0.19997968355591383	0.25283043928965343
0.2666054358346815	0.09380751222387	0.253124575615673	0.17263577856390655	0.2138266977618687
0.25097670997862115	0.08364821488237895	0.24268631074609048	0.15658353022155552	0.2661052341713537
0.21492269803146255	0.07739551429080792	0.2181413147554905	0.19147478482647456	0.2980656880957642
0.26504597371500443	0.08225516719114274	0.2375758241284726	0.182938659775393	0.23218437518998697
0.2640738270121008	0.08115560374713608	0.16278657729982046	0.19465751577881668	0.2973264761621257
0.28583044022013065	0.09042327388175797	0.20762369539209113	0.15361349092392237	0.26250909958209756
0.21344908864342596	0.07406024138725381	0.29749578969407764	0.2005166126567897	0.21447826761845268
0.2305904765542457	0.09906375716383037	0.2950312139370921	0.15657149075721233	0.21874306158761925
0.2328837724934854	0.10024340778377767	0.2844978955340658	0.14224738828810923	0.2401275359005616
0.2917651870821315	0.09850564170983872	0.16907805341661897	0.15169184703115612	0.2889592707602544
0.2920797188100609	0.0939960459074081	0.15452811314544274	0.1785774967342581	0.28081862540282987
0.30087921822576447	0.08682374974910446	0.1839799247613943	0.16968186745235053	0.258635239811386
0.2586736543679725	0.08119524370256673	0.2285060906643746	0.15763470199153468	0.2739903092735512
0.21347385344107117	0.08937643704039111	0.22559387024104205	0.2045798154442845	0.26697602383321095
0.2745240436795118	0.08792097608279477	0.23396921525670988	0.19121358047618825	0.2123721845047951
0.27280611550363604	0.07552513885503113	0.2261541859015553	0.20470386233148768	0.2208106974082896
0.2556829776065909	0.09541030307656793	0.20777630154678287	0.16939620774822603	0.27173421002183207
0.23070961429875878	0.0776131832732172	0.3084188982015073	0.14761720234408965	0.23564110188242682
0.2656389420560037	0.08159311135816713	0.19962598216950883	0.16640779660190616	0.2867341678144139
0.22465823635773957	0.08987476085554247	0.26056407821510746	0.17804555916273757	0.24685736540887268
0.25966086720240883	0.09467340068584124	0.2179566910421295	0.19059701556492095	0.23711202550469923
0.2248245363960876	0.07602669493810356	0.2623817959837224	0.15301610719374573	0.2837508654883405
0.30142829881390254	0.07302851201796512	0.20250721690829102	0.17652617906177992	0.2465097931980611
0.28412941756754506	0.07751990476212425	0.23091580159361755	0.17381453844048855	0.23362033763622433
0.22141175603850538	0.10059757657371748	0.3031078801180868	0.14231777486083114	0.23256501240885893
0.2518482512709461	0.0926903168303148	0.24264498066185422	0.18409784995343392	0.2287186012834507
0.30317140990277003	0.08871424609628832	0.1990918938676344	0.15592977422750534	0.2530926759058016
0.2766481470304708	0.09208484143957994	0.2007594847740589	0.1441769339069018	0.2863305928489882
0.29624573491509965	0.09804055666541393	0.13466341354715333	0.17316618007653478	0.29788411479579807
0.29996718835485414	0.07724967451326203	0.2543112050689712	0.15732517507514993	0.2111467569877623
0.2666484242068071	0.09082659134897997	0.16594383486986	0.17595163750805756	0.30062951206629507
0.29135447337305903	0.08067909773827264	0.1784729378470456	0.20163238025960975	0.24786111078201267
0.26086866254155666	0.09817760224463415	0.19876082699406786	0.18774964337308161	0.25444326484665947
0.27504679551450667	0.09930982997166785	0.20460345276118472	0.17333267274756725	0.24770724900507327
0.2805734145881943	0.08166141882514129	0.26517565110171365	0.15365037261604508	0.21893914286890542
0.26049416102427353	0.10132004556560927	0.16299354677970007	0.18648615642450492	0.288706090205912
0.29345842774732755	0.08074692873840851	0.17763966625809233	0.19162425421627682	0.2565307230398945
0.2815544691160509	0.10056976057434475	0.15071691458605346	0.20292691959930945	0.2642319361242412
0.25017394596756215	0.07327878358946507	0.28255478839096554	0.1763511067622855	0.2176413752897215
0.29108711636731177	0.09988472995004585	0.18201032442670198	0.15947538923790455	0.26754244001803557
0.285855851085694	0.08167844654377787	0.21760503448058924	0.17664663657307272	0.23821403131686586
0.23823991247227777	0.09136766705230116	0.24263501987545252	0.18579049342920026	0.24196690717076802
0.2974091610679269	0.07690017234643698	0.20628648160892948	0.14224528608390008	0.2771588988928063
0.29569559452939076	0.07318330255129055	0.23309006321225542	0.16779036286576265	0.23024067684130037
0.29326803002604696	0.07209277213740437	0.22646664253300555	0.18124925771875125	0.2269232975847916
0.2888434451832742	0.07403939069366741	0.20612942497110356	0.18154058545248708	0.24944715369946743
0.27419148527191817	0.07488759023722086	0.24073690755806343	0.17286199483500633	0.23732202209779096
0.27157811803502213	0.08038288633352908	0.225458806874268	0.2001926555307648	0.22238753322641575
0.27674219095688884	0.10072822327041862	0.2346952551568631	0.15336258281074844	0.23447174780508073
0.21818435344104303	0.08678620244630943	0.21700615372904067	0.1811192636907693	0.29690402669283733
0.29752840105621914	0.09231296911300696	0.1760276737729335	0.15594017467360702	0.27819078138423314
0.24070419497596654	0.08787159579295926	0.2609262951213191	0.17684607076363504	0.23365184334611983
0.28441372971202716	0.09202198112937915	0.21085482640673395	0.17006248146579137	0.2426469812860681
0.28901472836593134	0.09389450412280247	0.1708618042728303	0.17662746716169947	0.2696014960767361
0.25413676440846605	0.08705175953682148	0.24754553934136542	0.14429859485480395	0.2669673418585428
0.2831853817159091	0.07268391925343676	0.25115089932674445	0.17680380392513598	0.21617599577877344
0.23818253179594492	0.10042295041166513	0.17688301039943655	0.20368137298988281	0.28083013440307036
0.2742425687144014	0.07364649867110973	0.2185367336913975	0.19838686353729879	0.23518733538579234
0.2653263243468991	0.08868055211983016	0.20165485575908615	0.19465651703574713	0.24968175073843718
0.28308305209331003	0.0874817180660025	0.24972190106304643	0.15306189590861957	0.2266514328690212
0.27993297528441724	0.07845694793981742	0.24383065964007614	0.1572821593106358	0.24049725782505316
0.24652909258218098	0.09610700172290991	0.1723931937966087	0.193022509213495	0.29194820268480515
0.2901551188947181	0.0880926634774845	0.1568831709524522	0.19797396228591854	0.26689508438942633
0.23725988341519033	0.07317569463600118	0.24043968443113062	0.17650327319843417	0.27262146431924345
0.2507716393161752	0.07827329731065247	0.23963413890661797	0.19129119189095029	0.24002973257560387
0.22525463024449402	0.08955710424829949	0.22686362964363216	0.17335958180063246	0.2849650540629416
0.24622135786658297	0.08337364757180399	0.2681818966488326	0.16159393110360737	0.24062916680917285
0.26779247467530254	0.07488285430773928	0.22495900042356118	0.18269768687904434	0.24966798371435242
0.21744190382809764	0.08540148264841957	0.2209298038096608	0.18435408718674873	0.2918727225270731
0.2974852781165671	0.08994089363013585	0.17997229668491702	0.19543941613087215	0.23716211543750756
0.2407881154292587	0.0863895200595708	0.23664321730568913	0.18798467366709254	0.24819447353838858
0.21822011179394799	0.09725916093482241	0.26667700854116716	0.1718858097266196	0.24595790900344258
0.2190106584464726	0.09063956238557688	0.21599384638169253	0.19234440429494148	0.2820115284913163
0.26535646734553153	0.07850197710281775	0.2060280626981677	0.15778138444524914	0.29233210840823365
0.2559854773909584	0.08369523670331504	0.17131254257434192	0.20116090624266533	0.2878458370887191
0.30431755994687437	0.09646055922159832	0.15588977364890724	0.20123805782996435	0.24209404935265544
0.21464703395484308	0.09489148698031093	0.2840337410647988	0.17041368491625014	0.2360140530837968
0.2935223877039815	0.07826754942767343	0.17839620767981784	0.1562450677564094	0.29356878743211756
0.25793569466479505	0.07989271452533783	0.25470879814092995	0.1678493857980919	0.23961340687084504
0.30200460116724465	0.08560876382685154	0.19795690196441018	0.17928604272126955	0.23514369032022378
0.2739575788543119	0.07239165831106145	0.20214460259676423	0.18706463724457456	0.2644415229932876
0.27074685536051896	0.09678117496470777	0.17292425177440204	0.16346299796025765	0.2960847199401133
0.2814465978035264	0.0956523861485572	0.21127071653224538	0.15652447621287663	0.25510582330279413
0.2534203770861203	0.08212282697808428	0.219953304609335	0.1997299810387072	0.24477351028775296
0.2989812353836805	0.07873876562951075	0.1689355838816216	0.1685289107965017	0.2848155043086852
0.24847505477481566	0.0988620456981953	0.20838648680671773	0.1438246037661849	0.3004518089540862
0.2745376949371796	0.09064038651940455	0.16365942554235768	0.18041510153833182	0.2907473914627261
0.21511826326314165	0.0768667967161917	0.3546326237392783	0.14251210224193978	0.21087021403944833
0.21614436050884311	0.07236295533169054	0.27545564720294713	0.17051498336608964	0.2655220535904294
0.2670067900658636	0.10175921308811217	0.20912485274114767	0.15804088143455766	0.26406826267031863
0.28687039589970126	0.09368384482623547	0.20096670104074474	0.17647256245044876	0.24200649578286948
0.21856771362301408	0.07933141223963766	0.3164679459870011	0.1610466242275187	0.2245863039228282
0.25755319210876104	0.08254240211714266	0.22370033140894563	0.1552285672605267	0.2809755071046237
0.23185491233595762	0.07434978066636921	0.23895811982794657	0.20098504058324662	0.25385214658647975
0.25462224846915293	0.08325631059459214	0.20167603988079633	0.1674365794197966	0.2930088216356618
0.24443660891202568	0.0937666998792095	0.27448949954065355	0.17021212331343027	0.21709506835468073
0.25976916432930125	0.07926398804263764	0.24301119621526196	0.19331549403507206	0.22464015737772686
0.2729496039308717	0.08706520421296475	0.2216134542951769	0.17318081452337752	0.2451909230376089
0.2765433162496902	0.1009789488156924	0.17433139734356912	0.1543161633020065	0.29383017428904146
0.22288196959395215	0.10103680158060127	0.2682299127757388	0.14690829579982517	0.26094302024988236
0.2965522554356069	0.09247681151652763	0.14485352244219804	0.19996958731117828	0.26614782329448883
0.2994690509517693	0.08242372969670919	0.2331490205470902	0.15492877269714916	0.23002942610728186
0.2481972237975284	0.09558595589467443	0.25573874566996	0.1598121880992942	0.2406658865385427
0.25087484727799225	0.08473627831315812	0.2662284289314811	0.16957215396381514	0.22858829151355314
0.2808029865945039	0.08664326717210685	0.19751408393514816	0.14316875695087922	0.29187090534736154
0.2888013633698301	0.07328622319106431	0.21872474172625103	0.15013888389773866	0.26904878781511565
0.27616155561002875	0.10030760428262413	0.12610855373436095	0.2042496107734301	0.29317267559955584
0.27590331947098024	0.10302899108051723	0.2139899231256105	0.18153087095079642	0.22554689537209535
0.2588763798756535	0.09157784315506516	0.19438330445719265	0.17066032527547198	0.2845021472366165
0.2299111418196692	0.09417635004854148	0.25280948358123967	0.1755070834036951	0.2475959411468543
0.25726171288618577	0.09255964457885338	0.24167381604192303	0.19661011744462853	0.21189470904840899
0.3005758555614564	0.09205955861259289	0.1497052456130986	0.18432416088952674	0.27333517932332513
0.299667585973983	0.07436450989769217	0.21208790074333145	0.1473809339929744	0.26649906939201873
0.2460948136329341	0.09165061708141788	0.21455072922980709	0.1993138075153622	0.2483900325404785
0.24234534520279538	0.08736705240328953	0.214466026539881	0.18485180865410084	0.27096976719993304
0.27733290644095443	0.08633168762607786	0.20897246014163962	0.17860809219313828	0.24875485359818955
0.2894812791342294	0.07634043586523948	0.2276571712536427	0.17046671325503865	0.23605440049184953
0.24706533246500548	0.10233525437926597	0.19078865991823932	0.18902005720942014	0.2707906960280688
0.2867114691041818	0.10095656359236209	0.1625246808146836	0.1568219985327749	0.2929852879559973
0.27884160503746697	0.08095347834301418	0.21410321570043728	0.19470809666940886	0.23139360424967242
0.24956508021704804	0.09085597556840293	0.2355059098066873	0.20250095968599444	0.22157207472186705
0.3000916977863765	0.10233905990103796	0.19339614240270875	0.18842308110115266	0.21575001880872385
0.23270397729061024	0.10243860264292809	0.23330784341031735	0.17093529407834912	0.26061428257779495
0.23073708211001254	0.0806678420577184	0.28257529145387567	0.17492619922147543	0.23109358515691772
0.24433381323382844	0.07558905414380376	0.2653409435374305	0.17694101771299325	0.23779517137194384
0.28076532435080154	0.08903114339843338	0.2051345678830046	0.1470723674929993	0.27799659687476097
0.2375612990140234	0.08044385948857778	0.263447684064048	0.15590261624412377	0.26264454118922675
0.25126731134549063	0.0941414106402083	0.2554070343248682	0.1883339113854733	0.21085033230395928
0.29128475867669745	0.09110796167157087	0.1925291393180928	0.1525592705307513	0.2725188698028873
0.22022407889940251	0.08615739465769323	0.26049811516350047	0.16558151096376764	0.26753890031563593
0.23470569394864155	0.08541574254906187	0.199664597488445	0.1944063602593838	0.28580760575446756
0.2655288338164351	0.08299480445579888	0.2645896448653399	0.17327298859324966	0.21361372826917618
0.29833815726085916	0.09421479526733192	0.21963379297993066	0.16340326262681026	0.2244099918650677
0.2959744509841385	0.08063941675104568	0.25293492310824384	0.15593881883864974	0.21451239031792196
0.30279485283070884	0.09710888573999733	0.16546658311170453	0.15177420550489815	0.28285547281269086
0.27245016537983713	0.08673426764948741	0.1492326564798673	0.19587642017286575	0.29570649031794216
0.2999602342157067	0.08651150453598003	0.1832726888330643	0.17800719111745977	0.25224838129778887
0.2982828084946539	0.10367956438591755	0.13812954453155374	0.2004510809091476	0.259457001678727
0.2871929456268934	0.07908628720456012	0.21458135087629787	0.1935439794774365	0.2255954368148118
0.23370777982011676	0.07982103189467507	0.2331105847374573	0.1638843037011221	0.28947629984662854
0.23760994780821051	0.08445281371998226	0.2392733201710169	0.19366369663863847	0.2450002216621516
0.2671662098380081	0.09988808655136638	0.2234869106752253	0.18114350826790093	0.228315284667499
0.3017635295107151	0.09465985232732609	0.1855800458951367	0.16200196489575486	0.25599460737106694
0.298412413356803	0.07571328628513434	0.24778101813555398	0.16355208781117866	0.21454119441132974
0.22671185910141217	0.10012636422060889	0.26072489605827665	0.1796709244625444	0.23276595615715767
0.2669706072824968	0.09872382932418568	0.2610862608740121	0.14655119967375185	0.22666810284555333
0.2624942038544812	0.10009881879052547	0.1973020397918523	0.1962302770557102	0.2438746605074306
0.2709478742219331	0.09085137032699299	0.1654638434923042	0.1716619257434136	0.3010749862153559
0.27995603356005433	0.08343203822557374	0.19715704276933743	0.18998466946310844	0.24947021598192579
0.2590702715250878	0.08575833343068985	0.259781174655638	0.14931728263764957	0.24607293775093447
0.2866557691360627	0.09614573928178391	0.18792385762407887	0.15508487979794686	0.27418975416012736
0.2786974594896236	0.07467933269424143	0.2556141443111994	0.14499018182244383	0.24601888168249147
0.29243922045466264	0.07891122564654258	0.2122314623340712	0.17648407300253305	0.23993401856219027
0.22797727178930433	0.09149961927372761	0.2933808405705265	0.1715131318518842	0.21562913651455717
0.23382882523214726	0.09383685478572809	0.24822926105130133	0.1889662100322521	0.23513884889857092
0.21613346435822367	0.08287010707996895	0.24515431982028424	0.18533478640482026	0.27050732233670266
0.2908670343295275	0.10010219812280269	0.1596635315793632	0.18906347394733866	0.2603037620209677
0.23334060318771682	0.09836003955864961	0.19774409800437853	0.19903914289621857	0.2715161163530362
0.30191592626640307	0.0983555079124353	0.18790273641712407	0.18957787394990763	0.22224795545412962
0.2162626756622021	0.08222661051569961	0.26846942395239165	0.18195414505072954	0.2510871448189768
