0.14104568494135802	0.08561633808400107	0.1285830760660532	0.15433576873571786	0.05640845231328041	0.06772336834777869	0.21035764935072127	0.15592966216108925
0.18872711610992443	0.11297228263070301	0.199888822582583	0.15060355235882517	0.041443337584476755	0.06720902559058328	0.11507422359134635	0.12408163955155777
0.18250966678208858	0.06013571546414967	0.1424230714798906	0.12925576941815453	0.05448112042413597	0.0679023084690013	0.20598607125436807	0.157306276708211
0.16396373665509725	0.1867724351782357	0.1130643137472796	0.1407086004519252	0.0459717806774335	0.07916959433027142	0.14670118565292659	0.12364835330683052
0.1565662755226302	0.1433665941446659	0.10078142795968101	0.13179521137027028	0.041091753874302	0.07120980642781655	0.19938749729369024	0.1558014334069436
0.179862243710812	0.15578532183044783	0.24173827166637496	0.11980265708571271	0.05160951347217617	0.08352196592549993	0.044038046023085045	0.1236419802858911
0.16923195133858313	0.10223184269207128	0.09220556542516378	0.12027164597297513	0.05212469939936733	0.06570998149336524	0.2592576328813028	0.13896668079717103
0.1576850342928365	0.0903976984262396	0.1606812385615795	0.13984820494263792	0.04908981521091062	0.08592782591339865	0.18488541673871878	0.1314847659136782
0.18211015792415416	0.02093943719838398	0.19808705842127466	0.14482135775969238	0.05784107264759465	0.07081079939685622	0.169935172192548	0.15545494445949568
0.1854709754146683	0.14964274536049824	0.22954538395709218	0.14575156047920143	0.04218834063659331	0.06761552430925784	0.023510222333832542	0.15627524750885588
0.18049567206920367	0.19596769070453532	0.12439923601380848	0.13239067833378984	0.05188734988319263	0.08714259917949271	0.10671573315114372	0.12100104066483339
0.14141581991822816	0.1833231772842164	0.0925155483133779	0.12202967496317803	0.04601589377627133	0.08668405231012884	0.17198286543086017	0.15603296800373898
0.1449495062694267	0.12512495810146462	0.10341926977181834	0.12255408914923459	0.0432114623963573	0.06703337191238459	0.25979403402180756	0.13391330837750606
0.16704946574918533	0.1717198742216823	0.21601027603605932	0.15578108474252927	0.04962392123561356	0.07721020408233462	0.04033684693696228	0.12226832699563304
0.17791981817082006	0.17024277311641386	0.21590096641027412	0.13308529042403747	0.042292075764204295	0.06750278834625763	0.050976966844060764	0.14207932092393155
0.16541565548784734	0.17146350292960094	0.21765051970427074	0.14570719617803873	0.05729773798515271	0.08482354857196188	0.04067086399136885	0.11697097515175858
0.1660660633578964	0.13633238102692974	0.1500718015185427	0.13985747478877783	0.04445043505008511	0.0747040716152077	0.13338669025303468	0.1551310823895256
0.16030242890588672	0.05251720471961423	0.14665353155205085	0.14309632324140514	0.056245199927049405	0.08229329945552197	0.2305306602518843	0.12836135194658713
0.14257850987553644	0.14414911646176654	0.05546921984318558	0.13471137443454725	0.042212798766290985	0.08961703163590803	0.24753528526757407	0.14372666371519088
0.18869889598328465	0.193357857896925	0.07176630332137632	0.15356529785912262	0.048790061548310865	0.06626806474781641	0.12327663482537156	0.15427688381779228
0.14157474635564032	0.12205835286853199	0.06559954334789758	0.15402492542476753	0.04850709523947541	0.07067277617725479	0.2749418956682662	0.12262066491816595
0.18537575030664233	0.10591190092920823	0.1405002358602728	0.14444982649803234	0.041241064823305834	0.0887116519499318	0.14673976825195845	0.147069801380648
0.14189656049001076	0.16139962853482853	0.21603836618836064	0.1408935670258449	0.04385115277482776	0.07593742700543138	0.06858698085121423	0.15139631712948154
0.18152432198265228	0.08802208125968078	0.15578868232980228	0.14173229859781863	0.042471707237371814	0.07914169576885978	0.17451330033270018	0.13680591249111398
0.14018805922887845	0.15109575718717252	0.13302924699889768	0.13111426137045504	0.04641352483675967	0.07172647318116777	0.1998907018494554	0.12654197534721323
0.15940163946167998	0.1888921823665542	0.11311884783259135	0.14893797004828913	0.04374875163239923	0.08328900794876412	0.13019816019226865	0.1324134405174531
0.18958032537952813	0.08994045240128172	0.10872343193568419	0.12698852974982697	0.05763821513310673	0.07333223388390953	0.2071828133908437	0.14661399812581874
0.15209690410120924	0.10726681816599451	0.10888508346543446	0.1342152665931401	0.05184222986677359	0.07672669180384292	0.22186370856937931	0.14710329743422565
0.1798476529353762	0.08414438353829956	0.2017662509649886	0.13848978039781265	0.04509044226015137	0.08067282453605677	0.13042412800533126	0.13956453736198335
0.15206337398699638	0.1296590118810013	0.26374999716868597	0.14555094324056586	0.05378552336718459	0.06950244815125015	0.04405700255115677	0.14163169965315875
0.18844404311788215	0.08028747620812138	0.17430913387423405	0.12281720626345648	0.05693917946257229	0.08791347309684147	0.13338666416492678	0.15590282381196519
0.16476216108541555	0.17538843023993364	0.2247056764877926	0.13777293379161232	0.0493989001359877	0.08280953968284403	0.04823844557311323	0.11692391300330071
0.15996927049466553	0.1838830804554542	0.23647324696959227	0.13160232525442564	0.04295071171184815	0.07325370729208183	0.035404144872100196	0.13646351294983194
0.14998058959157246	0.183189769483269	0.13793033174107813	0.12178280666786087	0.041411649076324525	0.07980099368514804	0.16738165351051626	0.11852220624423049
0.16180848427907074	0.1974317543910642	0.06125533745007679	0.12190889147582391	0.05070935724230616	0.07063686031465033	0.21994541496739006	0.11630389987961759
0.17413762132242813	0.11175978490949932	0.13582807388687282	0.1220868431032821	0.05707306986437803	0.07280759454383878	0.20725238242108673	0.11905462994861385
0.15964290809318168	0.10423171767183012	0.13633455496990166	0.1267841078288391	0.040105856178394336	0.07147953154615455	0.22628602023666294	0.13513530347503538
0.14788490481309344	0.021224934183490363	0.22665467519481525	0.13235503698479234	0.05477293897179304	0.08337785295383154	0.18544209632122532	0.14828756057695844
0.15360368735186114	0.0388097605687637	0.23213824352734597	0.12909277376959807	0.040801048853238736	0.08035518090216176	0.20505001970761869	0.12014928531941174
0.16718396787960113	0.12050881711218119	0.2547171622128081	0.1370617211227515	0.057203952929465895	0.08431738911625927	0.05926283631772472	0.11974415330920793
0.1542772622622963	0.13215491711440558	0.2405349494800335	0.12056834483194036	0.04474897025564968	0.08496477459961402	0.10534312504250336	0.11740765641355698
0.14713362235648428	0.08242028732265552	0.2007698434646747	0.1206148715931846	0.05761447029247087	0.08385980175432012	0.15108538115961992	0.15650172205658977
0.1473969072705013	0.053535330971273956	0.21487048202305625	0.13755957593587548	0.04382834835186146	0.08232668061412207	0.2019255925471188	0.11855708228619047
0.18232523405849865	0.07960166519469611	0.10576582609110811	0.13573262474298411	0.050811368968045445	0.07016488591125979	0.2453843436310431	0.13021405140236444
0.17314196793518982	0.05612808430098139	0.2593266353128557	0.13835580742477474	0.04623351808136371	0.08203442934454756	0.09089996387099118	0.15387959372929572
0.16273077032950994	0.08910856699613828	0.0924139704679274	0.14923519901638774	0.05476118371059863	0.08065119485124694	0.22639807498745068	0.14470103964074013
0.13978288797375094	0.19049857289414346	0.05440130283454436	0.14851611061842027	0.04827873103734863	0.07879109346501115	0.21873398665629593	0.12099731452048507
0.17807250877290165	0.1522831263806777	0.09596912782569274	0.14038421599304857	0.04127953741495208	0.08928554902388562	0.14901031768619813	0.15371561690264324
0.14738968311715567	0.17186470867939288	0.07371637532756768	0.11731195071390844	0.05038943006217714	0.07210205331800237	0.22780659423783794	0.13941920454395762
0.18919716057655178	0.17997032251386938	0.20920696758652796	0.12307189639634382	0.04828134480333242	0.07422260578651438	0.0523870814217515	0.1236626209151085
0.18601176118093546	0.14009236786610121	0.09734529250029161	0.13363708177452932	0.04530880193100778	0.08733960845443811	0.18510849276667157	0.12515659352602468
0.14477547795232107	0.1827274560014157	0.169306832830743	0.13084572747689582	0.054206103938360076	0.07555062599614865	0.1253929585543635	0.11719481724975199
0.14420916522267332	0.14932288371765998	0.10453546004082735	0.15251366226154833	0.04412674838782421	0.07057344708283823	0.19929685153927235	0.13542178174735597
0.18198719682175094	0.1257086465090279	0.09757781417177101	0.15075380909749514	0.05132863254943504	0.08450846247223781	0.1824936656499658	0.12564177272831614
0.15142730235292334	0.1942741206936562	0.09161992931476104	0.1495287728292848	0.04662472980509651	0.08002004798269813	0.13391217633579974	0.15259292068578004
0.17757640491665863	0.19486182266053687	0.1480971376183746	0.12670312620613225	0.04111761473603745	0.08574973224338629	0.10558827494551802	0.12030588667335568
0.1795838976743688	0.14025727561096943	0.2564743387274859	0.1180559651395215	0.05542329108363328	0.07989839088397535	0.031121627055247694	0.13918521382479784
0.15917756903036448	0.19832493631262077	0.10356489742910255	0.14310291309891654	0.05324421915096987	0.08378817350501042	0.12587811540140345	0.1329191760716117
0.18733118206190716	0.15971286027474463	0.16521494639115225	0.11863731702326771	0.05769865032635718	0.08055476285447993	0.07732964898408279	0.15352063208400807
0.18713542639745642	0.17656630319365463	0.1518347011067624	0.13979608824449596	0.044128320431759085	0.07362537697742672	0.10540899769828364	0.12150478595016088
0.1780023635775153	0.18557083861078755	0.15907711619244075	0.13500991216533598	0.03885680260286252	0.0858041513476693	0.08144331976501132	0.13623549573837704
0.14722345615506155	0.18359671660901306	0.17101778192282263	0.1265680437571362	0.05087578552073438	0.0733896345321053	0.0915092523302532	0.15581932917287344
0.18589866084103723	0.08416270579471327	0.17156539663865467	0.12516419442322202	0.04816204610636424	0.08037811809998639	0.179106290922693	0.12556258717332897
0.14400541652331422	0.15393335053852156	0.08963677611613194	0.15370631666161602	0.04248776547345008	0.0672198767648375	0.1996426120347573	0.14936788588737115
0.18296820804661307	0.07116766721722226	0.15020466899757884	0.14840813670092323	0.04685589421932691	0.08688809778207791	0.15928132199780143	0.15422600503845607
0.147615585122601	0.1626513956111404	0.19650660718589058	0.15337051540368438	0.0489066590226481	0.06848627856914158	0.08875330064100197	0.1337096584438918
0.18322215834104189	0.1892678765764075	0.1615603299863791	0.1408011852885236	0.03986336236476136	0.07066770714850847	0.09822631281148887	0.11639106748288902
0.17747327472916646	0.04982845936905128	0.20086925784155607	0.12738122780738728	0.03930407406061162	0.0818541115141319	0.17472830772479153	0.14856128695330365
0.15293489234347538	0.12729455367816817	0.22014017938321984	0.13440081680299718	0.05659442961822231	0.07122976535004003	0.12020886606741796	0.11719649675645896
0.18118984266120752	0.09591462836541242	0.15763773098093525	0.14920618280911657	0.04340704109130006	0.08859567962600712	0.16485885037380277	0.11919004409221806
0.1417685543429231	0.20508897545258786	0.16919902496189973	0.14352896501347728	0.04275622426887425	0.06870935668621805	0.09420796283709401	0.13474093643692545
0.1752531590992365	0.02615459016320118	0.23208403049911028	0.15189860033160968	0.045476890275399875	0.0657063550270873	0.1509196664387419	0.15250670816561301
0.15494920874268298	0.09979715019953567	0.11597253031020895	0.12681483988711859	0.05790553142996048	0.0833975673790632	0.21790965778913068	0.1432535142622992
0.169153020668139	0.0813816506563832	0.1571592763411875	0.12549948137487743	0.045611060538218645	0.06890837314903447	0.225566576199013	0.12672056107314647
0.16906966139915816	0.10064498596163579	0.22534271379556953	0.13919812424829967	0.03911862149950464	0.0892079002531744	0.10484369105817956	0.13257430178447804
0.18940261110855344	0.07081440170816226	0.17309022974550814	0.11889783512457816	0.05475043425345957	0.07032959474006376	0.19047080725584398	0.13224408606383045
0.15974827846160633	0.022979504904701298	0.24583200144574296	0.13996089779590276	0.045037906794907684	0.07536803893214411	0.17917466262054083	0.13189870904445375
0.1740417437477053	0.03189716664417276	0.2679381849983281	0.14293698996539222	0.0520266237966827	0.07837782914781068	0.10853491072210528	0.14424655097780267
0.14440583457708242	0.024385856765279837	0.24991460704177376	0.12920190829923706	0.045478430703755734	0.07772286872308835	0.17944272501178163	0.14944776887800093
0.14399860877004578	0.014330403991831858	0.255807510556181	0.15724214744521534	0.04274303457984985	0.07423135550296409	0.18646916947258846	0.12517776968132344
0.17214982061066106	0.13656042239600355	0.16204114591390673	0.1529932384577406	0.04924600380004532	0.08426722204726379	0.09803097009841857	0.14471117667596012
0.18412687629384733	0.18202315355686527	0.18782412229316964	0.12747443815002102	0.040225907149143994	0.06723911748092387	0.06327497599344614	0.14781140908258256
0.16707622623491025	0.1674962998226184	0.20443758724893463	0.13060311760655066	0.05193214378468744	0.07833133761035971	0.051423762900353456	0.1486995247915852
0.1833583117016841	0.18886461575672744	0.20201616505772674	0.12071495679395457	0.04918021880887839	0.06973012021719752	0.05120769676617683	0.13492791489765416
0.1632731705939245	0.1811502837479019	0.22747608807293057	0.14090337207242998	0.0439125704655037	0.07986387871370962	0.046443537607949434	0.11697709872565008
0.15497190113922193	0.17475328979869137	0.1625819015193131	0.14795308798604764	0.0557356154706387	0.06541628441665595	0.1032372965780552	0.13535062309137583
0.18182841580000342	0.06003665413651019	0.12674038178074437	0.14225681539390025	0.04590333053004493	0.09007889001471645	0.21742017642697808	0.13573533591710202
0.16149275515596445	0.07322695509437056	0.2340547113432958	0.13243683005786913	0.04271632650057604	0.0822028370467135	0.15416186977266522	0.11970771502854509
0.17084105073763708	0.051704558935099135	0.2045031350483655	0.11791251090696753	0.05654282233249605	0.0756805738910279	0.17375771734399095	0.1490576308044156
0.17019329740487812	0.20302380984365373	0.16213553676523015	0.1451950132461475	0.03985696271489381	0.0890779165739286	0.0652585548560366	0.12525890859523123
0.158196324703349	0.09396445718241983	0.14322716970679455	0.1328130926001751	0.0502677098644103	0.06985281558929352	0.20963483903639224	0.1420435913171652
0.16655855824020557	0.1456294411322269	0.1567795656125383	0.12269513604969337	0.04191933909890025	0.06974407962109971	0.16561257551901426	0.13106130472632138
0.1855110719059028	0.13238179022463	0.08411508422154468	0.11846376340388977	0.043562894821887285	0.07201419086516322	0.23086618903312012	0.13308501552386187
0.15073407949268874	0.08981205595215706	0.22863365416568726	0.1532273133092041	0.05734205753276228	0.08629991577298149	0.1093817188049859	0.12456920496953293
0.14735295562811912	0.16964933658527498	0.13810722045380938	0.15452380878416808	0.04102672524337013	0.07998515365593606	0.11495734167858193	0.15439745797074006
0.18673477521510945	0.04705067743897423	0.19280410621969069	0.15638794842429365	0.051265398293005734	0.06960883329553172	0.14119185972808515	0.15495640138530906
0.14435832826010891	0.08184037894367127	0.15206196484065124	0.14392941027535894	0.04906035469625082	0.08643119828184186	0.21785673775710163	0.12446162694501507
0.1865456690345083	0.0846530663255477	0.17864614169277504	0.1496104638070044	0.04975579731107499	0.08638408598102545	0.11396690118008418	0.15043787466797964
0.144441531941144	0.09922861150133269	0.2671371426063224	0.12572316930023947	0.04536650291812756	0.07000596591336304	0.1100550938132701	0.13804198200620046
0.17523144550562253	0.1271393054962636	0.1374554961305147	0.1274367264825217	0.04787913510289367	0.07744341622726682	0.18499476170241488	0.12241971335250189
0.1711278751067332	0.19925747868296878	0.05060784917338769	0.15070793903756163	0.04900083193990161	0.08439777746993983	0.17387883585961414	0.12102141272989292
0.16178328952151871	0.17473994189571307	0.18269114257005178	0.15523244886028711	0.05062758386652284	0.07988902533500922	0.0589111201267907	0.13612544782410632
0.16780879183300484	0.10751266999392345	0.20645827967684738	0.1573409770490174	0.04390796477761087	0.0873015132845002	0.08990194601811535	0.13976785736698025
0.15743994911725484	0.014325919686604849	0.16652163768220885	0.1545190290010966	0.056530210462873556	0.08406536468431351	0.22596611087628835	0.1406317784893592
0.1785373231878354	0.14273747855718352	0.2022643523991075	0.14169184556790596	0.04132793362557237	0.0799823350091862	0.07074348935047697	0.14271524230273183
0.1866319467625987	0.12523505767598403	0.21298104506698567	0.14405501521362352	0.05518501769990522	0.08726495950887839	0.059542850487292256	0.12910410758473198
0.16277582733855875	0.029709815438236142	0.23635495416348967	0.1310132323602568	0.05060847290681943	0.07566067834387485	0.18301733834778955	0.1308596811009746
0.1835990232712102	0.024381045818923752	0.1636900337726376	0.1294519477818836	0.05506605538020637	0.0706181625972246	0.25214823078337045	0.12104550059454319
0.16540736078206536	0.03923845801828291	0.1606388135248582	0.12565481482723811	0.05432688511685714	0.08200294274230742	0.23721906176511653	0.13551166322327407
0.14005074811974527	0.04061080525017713	0.2403673969547359	0.13764949449717934	0.05721908026778977	0.0694726581803918	0.1729782607083457	0.1416515560216348
0.1834452412904294	0.11183341604084279	0.17689103118178487	0.1276398357408671	0.05219983556616045	0.07913610946604069	0.11904322331729252	0.14981130739658194
0.14969442996251944	0.1303957637904232	0.1314911697474426	0.14409971890612455	0.044965979920445626	0.09119178755936197	0.1791740477837263	0.12898710232995608
0.16412830374560028	0.0632262777802847	0.20667052811100609	0.14312835733345286	0.058141252717111264	0.08325705811312303	0.15077750302819293	0.13067071917122866
0.1464207710531632	0.19907107379963265	0.06698845921219676	0.12136858609545512	0.04895243894145261	0.08537221302415202	0.19486558582118502	0.13696087205276242
0.18356977481900444	0.06745998306970041	0.12242145789716147	0.1441439159414701	0.04851449944449368	0.07271487026487322	0.20387768143866594	0.15729781712463048
0.15639979058403666	0.04318775285739454	0.16593686486382964	0.1267158317707088	0.0438458463790891	0.07766390656643599	0.2408035145068266	0.14544649247167848
0.17643662559015774	0.1487491021412169	0.060566109416311006	0.1239981155243746	0.04967749975995596	0.0774738561286185	0.2398003928405344	0.12329829859883071
0.18506354704309202	0.1328537029135018	0.06648021795858086	0.13619804043844438	0.04169044598892388	0.0878983941188041	0.2297765554415242	0.12003909609712853
0.1600549236642131	0.12217879699686068	0.08486245231768598	0.1317863024145695	0.044294982393426066	0.06914727159206574	0.2705961139412493	0.1170791566799294
0.15363983056213473	0.11382035973039353	0.1876790120983695	0.11758619040006216	0.04475800156552641	0.08351366650093318	0.14370894355696412	0.15529399558561613
0.17958523533097875	0.1037886781364758	0.10976285465220051	0.14633160413840857	0.04785663518880577	0.08309127256882645	0.1915377137409277	0.1380460062433762
0.14471674059618078	0.07920605670180196	0.15424057176950068	0.14463051307840677	0.053565194790152454	0.06897874725124399	0.23838126137724952	0.11628091443546358
0.1442920525175677	0.11612450082700294	0.19958339726287097	0.12579111491913336	0.046644293883290666	0.07008086858552293	0.1454321267835758	0.1520516452210354
0.180322530223735	0.0798636350179025	0.2421738420804012	0.11983610316012912	0.055859832643958746	0.06781963407503089	0.11243891086325002	0.14168551193559226
0.16319844428556873	0.07489697112373908	0.18746611836821322	0.13019346970176945	0.04008005046048335	0.09039822682916675	0.19561863030486987	0.1181480889261893
0.1489921864675712	0.09266359070746766	0.21463103177575268	0.1534899215180647	0.05460582990003432	0.06853927914371012	0.14678273060827798	0.12029542987912112
0.13972250064390976	0.15806453323251307	0.15067204523469688	0.12014010879713276	0.039615029674314683	0.07721423977164105	0.1896037663752499	0.12496777627054163
0.1534522657065357	0.07143648159576109	0.26931463316592347	0.14969100514536268	0.05233283332790621	0.08949942356355942	0.06555723170885766	0.14871612578609356
0.15544119094589331	0.06858731963265455	0.177067138163436	0.14461309168258665	0.04599641842588012	0.0909920582033431	0.16926838890163667	0.14803439404456936
0.15903730973796068	0.14091764512262928	0.19463273366445005	0.15296678844413153	0.05725803684806499	0.07968450856211097	0.080708831003698	0.13479414661695427
0.16506681450989502	0.18244570532078103	0.09813258400096453	0.15195793736217483	0.03974184288082343	0.07445827081187337	0.13235232485562914	0.15584452025785844
0.15854628830126768	0.20386512619665043	0.09263575336022534	0.14574060126662675	0.04347209490421207	0.08478682869687462	0.12836930074970737	0.14258400652443548
0.1623659722186367	0.11390760079114633	0.15632731372230552	0.1299613224207034	0.051715734090804	0.07091801682560259	0.18313160422662197	0.13167243570417925
0.15555111918880302	0.021233815169276096	0.1409733079957747	0.14912245923509557	0.04790874119602158	0.07385370539516307	0.27048612090160074	0.140870730918265
0.1682705765343281	0.024948069574741744	0.15522731017703242	0.12356463095170146	0.048738458587682554	0.07002684833707061	0.272560993769789	0.13666311206765386
0.16143181713993413	0.1265043315180555	0.10416106944966712	0.15703715345003214	0.05714572339290018	0.0898276905767567	0.1708314556582036	0.13306075881445042
0.17877205984628597	0.07038686409244056	0.156346837527566	0.13925623993438854	0.05094704366022948	0.09103951284026104	0.16477773750150823	0.14847370459731996
0.1419737130094234	0.1966987338026729	0.15293874150033307	0.15718217061650208	0.045254676149315234	0.08067960028132494	0.08519070903525994	0.14008165560516825
0.15692188551782943	0.08847593946057275	0.20331134181052035	0.12664155837716132	0.04658026229112312	0.08058598998336156	0.18035719054026944	0.1171258320191618
0.14588883594961793	0.14724430175052336	0.2594101069229373	0.14379071749582212	0.04291864655431976	0.09057405703608896	0.05062402330218818	0.11954931098850213
0.14092883772363418	0.07903327169857863	0.24937028889957313	0.13822684354691497	0.05430766960722486	0.08102535807480893	0.12185293961676236	0.13525479083250272
0.17730324424408045	0.04105895623484092	0.12983273711028104	0.15206919034951885	0.05452346991094599	0.08594470151201933	0.2272117130652484	0.1320559875730648
0.16006358131261084	0.13470519087755947	0.11904667890454113	0.12663415675212814	0.055959411398593686	0.0782908803666596	0.17911657740020964	0.14618352298769727
0.18821942033326478	0.14772804839314935	0.07114533144213	0.11846718310337738	0.05144543738029331	0.06625041985357905	0.21069462518685034	0.14604953430735557
0.1651118031176582	0.20654733925515617	0.09786124882903326	0.12931012013144855	0.05601288874556497	0.08476953248464551	0.142679143142789	0.1177079242937041
0.14682123123542845	0.14574976216208851	0.13613625127309348	0.12536175590842938	0.056904809378690774	0.091095682440066	0.15459048104813128	0.1433400265540719
0.1638890355778307	0.01670994772520769	0.23981737948642762	0.12808581957519138	0.03953798701799305	0.06792090167015358	0.19724283529103562	0.14679609365616011
0.1646825596003779	0.18407378402522628	0.10468707704539862	0.14286293458093519	0.040390629490054286	0.08643207327129042	0.15986703222752185	0.11700390975919525
0.14526837995834752	0.17411133244810742	0.05825459586662826	0.13334952103667946	0.0458721370467437	0.07783896599491824	0.22382480089701806	0.1414802667515571
0.14458793666531475	0.2003316915947055	0.1643888903765049	0.1329418184330528	0.051307149397151725	0.0903029201267061	0.08691084528668261	0.1292287481198814
0.17014864415842473	0.09104390248214328	0.10212967016014302	0.11979175409376054	0.04071606938421894	0.0799653896521075	0.25394183493169065	0.14226273513751114
0.18626776203950723	0.12208001106133325	0.08826844908794301	0.12055783556223888	0.048252397459434965	0.08331579525271587	0.22400457955024294	0.1272531699865836
0.14432033816237622	0.1493776633187363	0.0866343782865934	0.13118543142287267	0.054449886825990446	0.07902785444486922	0.23291863910842905	0.12208580843013248
0.17138957488936338	0.11410478443221511	0.0507488818885693	0.1453568816540392	0.03906979454358707	0.07986382391547293	0.24270031392651253	0.1567659447502402
0.18272586241883912	0.016110413875876986	0.22216896415955956	0.12010582322289146	0.043927305978710085	0.08357057198589249	0.20839675336068036	0.12299430499754965
0.1769012491266937	0.1239834448009049	0.05445035077935097	0.14976809691851134	0.03929782115751507	0.06884203703690168	0.2629051111235754	0.12385188905654665
0.17333845751569807	0.0895569745659508	0.1670484139941023	0.15267745078105918	0.04770164042916801	0.07503693262093772	0.1781515890443927	0.11648854104869097
0.1866242713823292	0.0933410583295658	0.13121385014822748	0.15062525398309295	0.054981280993687015	0.07992455252455943	0.16876773527867717	0.13452199735986076
0.17853790186000137	0.039306702806086696	0.16868053754003026	0.15306563899395623	0.05154570485274669	0.07765839543748787	0.1864822206886853	0.14472289782100534
0.17072049630812527	0.04307153025459322	0.21149283350255946	0.1439995021115546	0.03992269898599336	0.07766843369976995	0.17607216476560808	0.13705234037179584
0.17645818055957196	0.06523537025298148	0.1889741269941057	0.12623067436641303	0.04982771041978265	0.06989195851426463	0.1807594366596171	0.1426225422332632
0.1416839148985792	0.04140035408169912	0.22669858101512283	0.1340682550323419	0.04629883273504189	0.08818352947736018	0.19807479331599498	0.12359173944385972
0.14797215374427372	0.10869248140190037	0.05487963625076264	0.1558237126073265	0.057533855853936944	0.07644895251773409	0.2704424585255896	0.12820674909847585
0.15699768768492287	0.11747334027519861	0.05064618083576286	0.13714246508511901	0.045848634033747504	0.08893330799805743	0.2692323351577327	0.13372604892945875
0.14988212004571289	0.10507960475935377	0.15063535892604898	0.13239475822629596	0.04871440590592034	0.08408696476005004	0.18830137689820878	0.14090541047840902
0.1588784385230075	0.029185498329842366	0.24861767444891758	0.11875381384162252	0.05787334248710636	0.0766830582475371	0.16663262727651781	0.1433755468454485
0.1791768337976973	0.05533901512093768	0.1355993366434343	0.1279052548356851	0.04962615107263678	0.08639983718549694	0.2122502853601151	0.15370328598399657
0.17850313192541492	0.10921138121508661	0.09160776681281275	0.13168310487851817	0.0489342372484181	0.08001735452267492	0.24193121941095852	0.11811180398611573
0.18805730692697162	0.1007202721925077	0.18491268999709784	0.1261457748638757	0.057938862819751094	0.08064120593265517	0.12566435490706007	0.13591953236008059
0.18428122524717316	0.11733998315597614	0.2440611733356609	0.1283704984624686	0.05213775089825688	0.07613953484097097	0.06453561374037892	0.1331342203191142
0.1405179014638623	0.1850878184088797	0.22826924076768837	0.13474017396289037	0.0389043212163636	0.07801086146987764	0.06055624884719912	0.13391343386323865
0.18568505553703757	0.1710300894309379	0.16355499672265597	0.14393915667012258	0.05533299964744788	0.08128793981355972	0.045056872840591566	0.15411288933764658
0.16017725798567284	0.06230514229613378	0.2646933718927543	0.13491293971193952	0.04606141541516082	0.08351077406584034	0.12658457534380774	0.12175452328869041
0.15454034722854645	0.10304874406850006	0.2343060886744806	0.14627507946612378	0.04063973749085001	0.07140664904338605	0.10303841138865436	0.14674494263945845
0.15898266486640067	0.12984742007459535	0.16711572480047013	0.12214393442491298	0.053895998724826394	0.08251921763133452	0.1466902558807208	0.13880478359673898
0.15437199614882352	0.1065826595947657	0.10210539173180982	0.12122669456736897	0.05308482874326982	0.08481620656532288	0.25566433776648545	0.12214788488215358
0.15495534242775355	0.05677545299015757	0.10514817002387135	0.12187225925091359	0.05799838617071883	0.08952902252339928	0.26029588906924284	0.15342547754394273
0.1728562667587194	0.036793112449812954	0.24404560968046904	0.15361797407153746	0.04682328505167195	0.08653634590757614	0.11885987325826919	0.14046753282194357
0.17083764668185522	0.1739288900835542	0.13279473423596108	0.12152433909061093	0.0534419665927926	0.08842259977981848	0.14262207408615404	0.11642774944925324
0.13971873787938122	0.14530639006584506	0.10420273751398729	0.14470872533562779	0.04095794776898336	0.07279074405551869	0.2100773319591955	0.14223738542146086
0.16931301071605692	0.12513020286875887	0.11988648572906394	0.14972330505018455	0.05665936890186994	0.08435089740698595	0.17268331695502592	0.12225341237205366
0.16466545038187214	0.1297299781881844	0.21179735295655255	0.1468236836637464	0.055307447402268575	0.08020283914437637	0.08099192775025651	0.13048132051274278
0.18005226434148394	0.1162869620411945	0.11238833999655683	0.14572933137344102	0.039753992187704174	0.06627865204552828	0.2115641684050692	0.12794628960902185
0.17641531842838004	0.1552907417670975	0.1267134303040467	0.12192553387533121	0.04001157319599369	0.07612554073599881	0.17546109427440584	0.12805676741874597
0.18533074238775885	0.05984522316642936	0.2088563710486667	0.12481405860613934	0.05817854082821396	0.07547494588943582	0.15060721257674406	0.13689290549661168
0.1546004591484818	0.08696036815190272	0.1209300928481846	0.12862536408156253	0.04766538651335278	0.07222925843122233	0.2387366862372717	0.15025238458802134
0.16996533106752737	0.18360879258601576	0.18788839072979752	0.12305371060918821	0.05773095039697945	0.08759967927542103	0.05260693557315328	0.13754620976191712
0.15083549811669844	0.10577407741500633	0.07391016087300592	0.14247804534155364	0.058033559839098275	0.07014119292403179	0.2629607180313982	0.13586674745920718
0.1679394669135282	0.10815453827774771	0.09875039347466713	0.15463654217154904	0.042367229850688526	0.08675543809785595	0.20776814538271998	0.13362824583124322
0.18519477607692555	0.03263950117221001	0.13001260172794293	0.14971520365389634	0.04310055654015431	0.06665671314826838	0.24713459934288814	0.14554604833771403
0.16096113247796204	0.024732453431328807	0.15339941763379264	0.1341467667733681	0.04220858032020455	0.09106814600134275	0.2519898517152246	0.14149365164677627
0.14281417862624185	0.11048282521986254	0.10037063755055259	0.11787720444195184	0.05102129481313922	0.08773541971191902	0.234014569604364	0.15568387003196868
0.18730367221190602	0.0706628663954653	0.10721429527532825	0.12000818237716517	0.05344291002095411	0.0879069706508606	0.2559498988482799	0.11751120422004038
0.14438569398244572	0.02811186421322845	0.2465385977678281	0.1364396350028369	0.04556734276412917	0.08744979403575547	0.18901961954149404	0.12248745269228191
0.16418636751739102	0.10774784237973903	0.1808205905808527	0.1337521125586764	0.045800051969388134	0.07838911377677368	0.1407545680824361	0.14854935313474268
0.184402857687119	0.17553242571659555	0.15158017245917318	0.12349027816864412	0.04420074178480511	0.07212534296208431	0.09734264907395512	0.1513255321476234
0.1673127536325409	0.10664900072774063	0.10967960195361769	0.1400806275373471	0.05565888477441634	0.07661883964513176	0.2060130047000017	0.13798728702920365
0.1632881953417526	0.13626626935302433	0.08128437231286631	0.13797333334993783	0.04048962405269571	0.0743632713355474	0.2442140347573857	0.12212089949678985
0.18173873888844444	0.04748404683018567	0.19058349357079066	0.1405503425864046	0.057793238557382	0.0813065950582846	0.18468130408934685	0.11586224041916098
0.14842804699078932	0.06582386132816617	0.1817576818614276	0.12988491835589344	0.05459084455690777	0.08202647656612029	0.21715180511309468	0.1203363652276005
0.18458091219041844	0.06858453631814851	0.1273658797756495	0.1562811011058237	0.05283656512525224	0.07318598173097007	0.20021930124337667	0.1369457225103607
0.18990666067222636	0.1424796537493605	0.1305437156376186	0.12570936108971553	0.05341994177855357	0.0694792355853545	0.17082984682750593	0.11763158465966475
0.17576331803890677	0.11077096164333236	0.134997566819453	0.1335930151142618	0.05288979795537885	0.06821116268475547	0.19693757233264392	0.1268366054112676
0.16714737180302275	0.13119951500363797	0.14332181676547315	0.15233067994471106	0.04064781922233342	0.07718491129018756	0.14280934757572886	0.145358538394905
0.1667069134208414	0.10554143874154474	0.11724777835244829	0.15478607334970743	0.04691163508567865	0.07553367099475514	0.21396730047656964	0.11930518957845447
0.17212756332962373	0.10482918374262251	0.1606716778511472	0.1234575462279202	0.051489040145102416	0.08436522615419814	0.1710212718562527	0.13203849069313287
0.17426656003295063	0.07906535083524979	0.0637171873267818	0.15092116519212048	0.045262503943940796	0.08107421605962398	0.26157538043404915	0.14411763617528311
0.17201408185908995	0.18505138641822466	0.14025473504077388	0.15703159519105248	0.05587105268353207	0.0692329938356025	0.09855413326551611	0.12199002170620812
0.15637943474540228	0.08506506379000814	0.12227134279132815	0.12876729541824616	0.055832553780032074	0.07355106885357601	0.25104891189519635	0.1270843287262106
0.15321428924359837	0.16647715961393736	0.17605253300288443	0.14737185854496446	0.051492375154015724	0.08465292043514477	0.06507350468958178	0.15566535931587283
0.14234786890209172	0.020469591416762717	0.22379310837214017	0.12492782413486199	0.0471759623851474	0.07827145557697701	0.21751852390076026	0.14549566531125854
0.1821282542164859	0.017702696737573007	0.1755041665563407	0.15672060350129463	0.05746702006088007	0.08651613522064205	0.1953076159681943	0.12865350773858913
0.15830876755482298	0.06428100245648262	0.15179706405801538	0.1472484012828861	0.049028504457700614	0.08610571718958474	0.1997008755692062	0.14352966743130113
0.1511657288559933	0.09100079959193198	0.190903115404217	0.12247694402435001	0.056059849327401504	0.0659440158601575	0.1773261760908083	0.14512337084514015
0.15432301581773988	0.07711895678376329	0.09095354050861876	0.15381873003604768	0.05134185099041445	0.0761119435192074	0.2598516946143052	0.13648026772990307
0.1681907838876459	0.20095848319924034	0.05791575502679233	0.13193614351642013	0.05786593519056747	0.09063463263323543	0.1589740643219961	0.13352420222410205
0.17044876017666064	0.09511705372903122	0.06599646071520772	0.13819707152089608	0.04848549613010679	0.0855239328253327	0.23887480223887367	0.15735642266389094
0.16484475164926896	0.06619680313975196	0.21538850307505067	0.15095606647310605	0.04760279205498853	0.08348691574937679	0.14773354773128267	0.12379062012717418
0.18957335853674612	0.20485626997661982	0.0738865961156861	0.15106172003435728	0.05606750832879205	0.0867881961651011	0.09008262867249267	0.14768372217020467
0.15567318293245982	0.11676664807901134	0.234592577053076	0.15444687340115335	0.0432191907975913	0.06727189416990825	0.100878781627952	0.1271508519388477
0.1639799558695552	0.06124105753162262	0.12301926615864743	0.14694699885709117	0.05198357805379035	0.08618577925608056	0.23621749696452732	0.1304258673086851
0.1412704884489177	0.14511506816374342	0.0935291775613063	0.12185187623921302	0.04585112393469423	0.07216495084209451	0.22606965639654258	0.154147658413488
0.18664894940902715	0.11373656146561172	0.0855938728975513	0.11966414741531987	0.051194272641929495	0.08045948146735635	0.2063281833365361	0.15637453136666776
0.16511975893478703	0.053911281645627376	0.10043263998931423	0.150197015883904	0.050853059414215945	0.08639131350145637	0.26625377009451656	0.12684116053617825
0.16797542477642263	0.11745205411384767	0.2099354108312714	0.1247507255331537	0.048496105635838394	0.08515559177997989	0.12878773206047617	0.11744695526900993
0.18161905803963518	0.15763529509377844	0.07566460524798424	0.13774100744383883	0.04425144605100553	0.06751470334098811	0.19663874561981504	0.13893513916295436
0.16950037011152647	0.08599483390444176	0.08596464255864342	0.15331891312533552	0.05196044394036968	0.07623440019273192	0.2270161212898117	0.15001027487713933
0.15556999431483726	0.021811556301328236	0.18591858668672678	0.11842237489545573	0.05050073226991157	0.07370558715945924	0.26446484885536015	0.1296063195169208
0.1869068818194234	0.12007117551218865	0.14652118261363442	0.14557868900975532	0.04271843341375971	0.0758616773053835	0.12541284498648833	0.15692911533936643
0.14008414090346852	0.08176709735533404	0.25521508095808715	0.14231293873488746	0.04104195723595486	0.0748620196813615	0.11645676168218358	0.1482600034487227
0.17755015926443984	0.19732717461710264	0.07351292831743883	0.14078281488627725	0.04486656238016651	0.06710670364061279	0.18277112376745513	0.11608253312650674
0.15791784204830323	0.19417361841461303	0.1663971163282001	0.1345199898167249	0.04271001342980474	0.08115660630162397	0.08351900973210549	0.13960580392862437
0.1469034775837784	0.20171287600615334	0.17001673705333248	0.1206349830298247	0.055651627953698365	0.07802819449093175	0.11048116173261889	0.1165709421496619
0.15014005648350648	0.0463962424771517	0.21800596069608338	0.13246679394630811	0.054328245016424484	0.07039520503963703	0.1717688871155195	0.15649860922536912
0.16742292543797682	0.037735170503928536	0.17264315385279722	0.14118426719926974	0.05153921439828679	0.08698778153089272	0.19387100752511283	0.14861647955173507
0.16482900186444957	0.11225945634109835	0.19208940624329973	0.14518681103742354	0.052028180869730226	0.08566667010582626	0.11880806087564949	0.1291324126625226
0.18876869227156134	0.06408067483590087	0.08867471424679581	0.15218215586469339	0.044099245159864534	0.08299416330509404	0.22951762699761646	0.14968272731847332
0.18804684835476157	0.025249443080184522	0.1925840379362751	0.12779381930903516	0.046218777146684265	0.07840358503767539	0.19475048063076783	0.14695300850461593
0.16016090904474667	0.1642349760033957	0.12564896738441436	0.12011242072131621	0.046953379143146956	0.0907396787030563	0.1615032914297513	0.13064637757017228
0.17885541900815208	0.18402993299801526	0.08474286507969404	0.15444376942341356	0.05014681433193259	0.07503320699868893	0.1320706678683243	0.14067732429177898
0.1511857214765102	0.19971667696454337	0.18480749703149937	0.14314367623638172	0.05076365426686513	0.08929335982827895	0.03900923175845081	0.1420801824374702
0.1493904747602622	0.13075208882091927	0.13847876905666454	0.14290884250313463	0.054493800326518904	0.0783444096256517	0.16955781108197965	0.13607380382486892
0.15748203063778732	0.1522513893401511	0.11751578759430575	0.1268528979998082	0.052619835544566715	0.08550093379933565	0.19098313072057083	0.11679399436347424
0.16692017300848597	0.016505140630486526	0.19891261419923162	0.15726350682558873	0.043287576235196065	0.07282729428472473	0.2000440475524421	0.14423964726384403
0.17178467374890288	0.03652570498667902	0.12285638851297678	0.13942579426825766	0.04173288789828204	0.07242148537661826	0.27057373459272305	0.1446793306155601
0.14904119287486717	0.10179844478521793	0.1599597197337054	0.12187519457442876	0.05185695526411083	0.07183433730437308	0.22229009980299427	0.12134405566030233
0.1793492376808558	0.13045581530391856	0.15544815537906043	0.13296096920315542	0.05209501051441193	0.06976847895113505	0.14266049641061918	0.13726183655684338
0.1779114098029172	0.09053202399294347	0.2342934785672347	0.13398075798768985	0.05775322063063995	0.07160584293100149	0.08852585425326949	0.14539741183430363
0.18012576139909667	0.05032046007569849	0.21937197436079203	0.15536195654476093	0.039560359480990764	0.08375323522526862	0.11788173212740785	0.15362452078598443
0.1656849758972242	0.12209162100223961	0.13105961311669442	0.15179595337480936	0.04427149280510692	0.07922923798964188	0.15709607513089008	0.1487710306833933
0.15466232523472234	0.07710979796089862	0.09999551858193895	0.1376941813972698	0.05308331116007621	0.07880712140625329	0.2460183439021807	0.15262940035665987
0.1480814100875989	0.19552722306112458	0.10901497584834248	0.120484812854143	0.05530324414645425	0.08342669923246873	0.17058592684582624	0.11757570792404157
