0.2727858489570158	0.06618486800794067	0.05021904243777553	6.759970470268661E-6	0.05859837629383191	7.079156701700895E-4	0.002042294956682178	0.002391563499253818	0.0059966923678480555	0.5410666378390114
0.272785985572053	0.0661852073786536	0.05021888907714325	6.758828062031208E-6	0.05859742652627404	7.080419802883292E-4	0.0020430801099668022	0.0023914750924331346	0.005996756246695878	0.5410663791884296
0.27278497451407535	0.06618568531514271	0.05021747699050624	6.762759439352117E-6	0.05859601665705565	7.08966726883628E-4	0.0020438209138951974	0.002393039727276086	0.005996652960309379	0.5410666034354162
0.2727843072494791	0.06618391817394023	0.05021836997834366	6.758175640983466E-6	0.05859612892021899	7.099083150011315E-4	0.002044417688556746	0.0023943593417308368	0.0059973163168149796	0.5410645158402732
0.2727839557924275	0.06618296384874753	0.05021776973075764	6.758731522102379E-6	0.058598284953053956	7.107277359986452E-4	0.002043042486914698	0.002393622644069421	0.005997386830910459	0.5410654872455979
0.2727846270234644	0.06618409806801945	0.050217606849856725	6.763231014672577E-6	0.0585972553186283	7.109949139438437E-4	0.0020429507260216057	0.0023939903915294047	0.005997279905677569	0.5410644335718438
0.2727859272336493	0.06618423827666112	0.05021811633602618	6.762186515130164E-6	0.05859590646652343	7.114204018397186E-4	0.0020428343692952267	0.002392166478696181	0.005998006012551765	0.5410646222382418
0.27278392424752473	0.06618307289597018	0.05021855445728296	6.758660492947599E-6	0.0585968917232141	7.114983717061846E-4	0.0020429302896752405	0.0023943652464582382	0.005996843840585672	0.5410651602670895
0.27278373799771505	0.06618275457837813	0.05021763643547764	6.76039159286379E-6	0.058596951074399606	7.117480240972085E-4	0.0020420183356673477	0.0023948216306780706	0.005997519479733898	0.54106605205226
0.27278342001453376	0.06618277981306905	0.050217623749646126	6.762859062120485E-6	0.0585975942090633	7.114080759528518E-4	0.002042563806481587	0.0023947176382054375	0.005997508280181224	0.5410656215538043
0.2727828758108933	0.06618338029394509	0.050217731674273736	6.763010600069341E-6	0.05859689240410418	7.104427513470873E-4	0.002043833419639013	0.002395536129344192	0.005996830262454858	0.5410657142433983
0.2727837240353328	0.06618325676745526	0.05021750483821007	6.758693275640826E-6	0.058597522537639626	7.096352297486369E-4	0.002042178824046767	0.0023946482534984576	0.005997863669679249	0.5410669071511133
0.2727826457336647	0.06618366433644535	0.05021722281635256	6.761690503606643E-6	0.05859782702286723	7.093474970136099E-4	0.002042532063509142	0.0023950953764165644	0.00599889425777296	0.5410660092054542
0.27278310608865286	0.06618438869584738	0.05021595784736091	6.76286641392021E-6	0.05859785477480588	7.086227097505282E-4	0.00204313632377201	0.0023951268095045025	0.005998823109834392	0.5410662207740574
0.27278314240583457	0.06618358074725242	0.05021630093014138	6.763404698253983E-6	0.05859838300532067	7.084961782877763E-4	0.0020439049780552887	0.00239602510754236	0.005998072750894812	0.5410653304919723
0.27278228881597505	0.06618363389760959	0.05021590078320566	6.7588930240114475E-6	0.05859784437277407	7.084761429625025E-4	0.0020442606043148126	0.0023955426075332326	0.005998743850473498	0.5410665500321273
0.27278446042364896	0.06618491674501496	0.0502158419154104	6.759635944472708E-6	0.058596027839228654	7.085508853249128E-4	0.002042945695411788	0.0023961515501707414	0.006000248288639307	0.5410640970212056
0.2727836416322684	0.06618394565007893	0.05021606004637923	6.762328935039363E-6	0.05859542575998659	7.100774104420171E-4	0.0020429716993526914	0.0023979141190158537	0.005999232070823909	0.541063969282717
0.2727837308461809	0.0661839361322925	0.05021785856854079	6.759142890597203E-6	0.05859444423233534	7.096660888661205E-4	0.002042942918688409	0.0023971045008115838	0.005999739106631249	0.5410638184627623
0.27278044964093223	0.06618623690793386	0.05021895256721795	6.759970069339372E-6	0.05859346151495515	7.115399504938474E-4	0.0020442895013643297	0.0023936656939133466	0.00600337662592644	0.5410612676271932
0.2727813290923532	0.06618701383512177	0.050213134446445096	6.758210602142434E-6	0.05859521986734016	7.124069353036666E-4	0.0020487133210227715	0.0023944560126768766	0.00599756646561958	0.5410634018135145
0.27277838799288795	0.06618885498908088	0.05021340887822104	6.758520739127971E-6	0.058593918027274754	7.080281528315246E-4	0.002051066765850179	0.0023941239238207818	0.005999943132654409	0.5410655096166391
0.272781027637972	0.06619618621019664	0.0502089843830833	6.762898230525116E-6	0.058595443653803786	7.156784167555025E-4	0.002050913106497021	0.0023930039848704537	0.00599657833447341	0.541055421374117
0.27278101410927685	0.06619656401457143	0.05020741369938418	6.763024895301006E-6	0.05859548075104619	7.155007582564654E-4	0.002050701128731805	0.002393335907329347	0.005997140724411959	0.5410560858820963
0.2727800624479705	0.06619779586065436	0.05020694858207371	6.76043899532075E-6	0.05859618118197245	7.136352839083454E-4	0.0020490144845462105	0.0023937862106227087	0.005998945142451542	0.5410568703668046
0.2727801149943754	0.06619689156149125	0.050207820463484605	6.7585239841572164E-6	0.05859768964838467	7.141118312704864E-4	0.002049471459274463	0.002392929943378627	0.005999628990800393	0.5410545825835557
0.2727796115277292	0.06619674096106803	0.0502071276062415	6.758174560653196E-6	0.05859506340989969	7.14099656607417E-4	0.0020484978673916687	0.0023935221537358803	0.0060019407832830746	0.5410566378594827
0.27278208916274377	0.06620059936195104	0.05020427723959838	6.760998886815028E-6	0.0585879164780175	7.13159615069639E-4	0.0020494997588760694	0.0023987678768393333	0.006001141400493751	0.5410557881075234
0.27278054352560577	0.0661979939171155	0.050205892087980195	6.7605009601290345E-6	0.05858606511187059	7.185056553596914E-4	0.0020531653473146866	0.0023951138257944926	0.006004458749986133	0.5410515012780126
0.27278234553984754	0.06619959130155224	0.05020553703476564	6.758204542087198E-6	0.05858696678469687	7.133976822443072E-4	0.002053249536143706	0.0023954390195595615	0.006006038880374667	0.5410506760162732
0.2727827818665968	0.06619938059253089	0.0502067809754706	6.761456194451232E-6	0.05858875768456835	7.129135591013441E-4	0.002051427998941882	0.0023956115273240236	0.006004567676751407	0.5410510166625199
0.2727809245138653	0.06619646240407667	0.0502150938967848	6.758652538088605E-6	0.058584075063372314	7.1734891686695E-4	0.0020521326983314325	0.0024017362303345724	0.005999482128937167	0.5410459854948925
0.2727773624251336	0.06619728576548749	0.050214609023547484	6.762828619569228E-6	0.05858309076630592	7.186512275725587E-4	0.002050830034195289	0.0024021451175134934	0.0060007298220838	0.5410485329895405
0.2727778183451475	0.06619700412640334	0.050214542751815555	6.7593107637570204E-6	0.05858306357664195	7.187001583984082E-4	0.002050696535649363	0.002402064372225801	0.006001048312506835	0.5410483025104472
0.2727705376298093	0.06619695769094591	0.05021627891431408	6.761527129112155E-6	0.05859067977429057	7.161986019129096E-4	0.002055904494480537	0.002403261713148891	0.0059968129559851285	0.5410466066979833
0.27277063529704476	0.0661971046549118	0.05021562877218318	6.7605529873310255E-6	0.05859024378065779	7.146235824051633E-4	0.0020555401887743657	0.002403551447248145	0.005998964524125641	0.5410469471996617
0.27275960738325605	0.06620246871812954	0.05021304331405638	6.759166449113452E-6	0.058588674811575675	7.157645371260318E-4	0.0020606872108545754	0.0024004965032217856	0.006004149127290068	0.5410483492280406
0.27276692582054796	0.06619716780857325	0.05021564131562967	6.761903256741197E-6	0.058588638574426595	7.237192943344989E-4	0.0020572161770141123	0.0023941991095248055	0.005996394339335784	0.5410533356573564
0.27276560486492146	0.06619485035488762	0.0502172172793964	6.760662843371956E-6	0.05858878461792573	7.169484954830802E-4	0.0020558341348046044	0.002399709783821924	0.0059972789317145475	0.5410570108742011
0.27276406948784954	0.0661939100982067	0.0502162572152168	6.76352755828169E-6	0.05859038576443226	7.144796072430931E-4	0.0020567740481459013	0.0023999333419082586	0.005999294585319087	0.5410581323241198
0.2727615842055959	0.06619458230135157	0.05021707660039547	6.759295799629861E-6	0.058591258653688486	7.13241219866767E-4	0.0020564718503633395	0.0024009147732944186	0.0059998661563420985	0.5410582449433021
0.2727631665521862	0.06619664625598409	0.05021893709113426	6.758865400788294E-6	0.058588056692248175	7.117678471156158E-4	0.002055249844011231	0.002401122352991128	0.00600203802335697	0.5410562564755713
0.27276091189108903	0.06619729680289513	0.05021809367264771	6.76328903087553E-6	0.058590487787804436	7.118309961104546E-4	0.0020549032239439435	0.0023992688288671238	0.006003927470336942	0.5410565160372742
0.2727624164306712	0.06619637658749773	0.050214989144755647	6.758966258901822E-6	0.05859274825407331	7.08947671973853E-4	0.002054427226760913	0.002398512221169602	0.006006414683664266	0.5410584088131744
0.27276615762628986	0.06619357523979189	0.05021492269776121	6.762046066741134E-6	0.05859142796576335	7.09302024069644E-4	0.0020549732211907618	0.0023987772796515844	0.006007087089630617	0.5410570148097841
0.2727649424255677	0.06618800737939612	0.05021505624957193	6.759705621070533E-6	0.05858803699627896	7.113486154210619E-4	0.0020542471061933965	0.002403256999636408	0.00601492864956607	0.541053415872747
0.27276739310999715	0.06618711743421596	0.05021558737669223	6.759739442460666E-6	0.05858750711291425	7.115595550403891E-4	0.002053816302682962	0.002402295194542922	0.006015039567245695	0.5410529246072258
0.2727658017294338	0.06618884760138305	0.050217188461475326	6.761101308941364E-6	0.058587400502289555	7.08782924042084E-4	0.0020580321258086565	0.002403498070684462	0.006011487455947068	0.5410522000276269
0.2727635766854476	0.06618482525847384	0.05021537524122807	6.760681857703732E-6	0.058588456214057956	7.105005418980848E-4	0.0020558591576625845	0.0024082320811374403	0.0060149703006720096	0.5410514438375644
0.2727656111842607	0.06618338810061629	0.05021487003289914	6.762650339095511E-6	0.05859063146409217	7.10069901214791E-4	0.0020557434030592098	0.0024091503407791953	0.0060138794453111905	0.5410498934774282
0.2727666636476125	0.06618455747033736	0.05021403552518251	6.760811990344506E-6	0.058590805664632414	7.100684013825326E-4	0.002056139521676645	0.002406776631105237	0.006014824057877247	0.541049368268203
0.27276606961499456	0.06618383118789253	0.050213437729978556	6.761230898447157E-6	0.05859171248076815	7.110048895361404E-4	0.0020569263157322187	0.002406013617763339	0.006014908435450786	0.5410493344969851
0.2727639999944683	0.06618486085802248	0.050214593222790295	6.762651214894944E-6	0.058594620935429796	7.116513989081918E-4	0.0020546552257279527	0.002405650440192142	0.006013307324878439	0.5410498979483673
0.2727640816120651	0.06618220436983165	0.050213075035934154	6.759284610871608E-6	0.05859202898921996	7.129545123233799E-4	0.0020573351657254407	0.0024073102752503323	0.006016938257651594	0.5410473124973874
0.2727650829486072	0.06618248988711556	0.050214140019268425	6.759245121612523E-6	0.05859164356273715	7.121260620296388E-4	0.0020585994595370416	0.0024067559918333065	0.0060148019864157964	0.541047600837334
0.27276580019394114	0.06618169667795788	0.05021548299444614	6.7594510315682754E-6	0.058591378927519894	7.108781803208952E-4	0.0020583817463195736	0.002406029054770484	0.006015526990240827	0.5410480657834514
0.2727634666826731	0.06617783122932766	0.05021050684400096	6.759568936434701E-6	0.05858996020054499	7.12916017260326E-4	0.002066134948077808	0.002411047765289054	0.006016484563662439	0.5410448921802271
0.272764252260818	0.06617979836002424	0.05021017658419133	6.763484677027587E-6	0.05859066780481939	7.132107924390368E-4	0.002064583302703954	0.0024115979853333164	0.0060152580851780685	0.5410436913398153
0.27276224795669807	0.06618399336533874	0.050208482566624815	6.7606888591448255E-6	0.05858936318705722	7.125245885296339E-4	0.0020679705460481534	0.002413304992900628	0.006008827968388905	0.5410465241395545
0.27276169581149184	0.06618511829534382	0.050208627646651766	6.758928293812416E-6	0.05858910491530329	7.112473691019E-4	0.002067778815802293	0.002416015586775941	0.006008208697711168	0.5410454439335239
0.2727610879567739	0.06618403847392325	0.05021523074949953	6.757980455560086E-6	0.05858618490528358	7.096780802881147E-4	0.0020657824713396916	0.002420427520266638	0.006007320846956682	0.5410434910152128
0.2727629549720234	0.06618360165525669	0.050216829062594934	6.761098620952644E-6	0.05858603306447745	7.082771828650775E-4	0.002064949400322716	0.0024205890732006685	0.0060069579467328105	0.541043046543905
0.27276055529987175	0.06618211210904185	0.050216702780487996	6.758181564314736E-6	0.0585873427922992	7.093499122388242E-4	0.0020657879998624146	0.002423605017307748	0.006007262939573696	0.5410405229677518
0.2727719916125832	0.06617505284798689	0.05021709673022448	6.7622723858018485E-6	0.058580695488656714	7.224879773857218E-4	0.0020489849367760493	0.002431372585574479	0.006014129562774015	0.5410314259856523
0.27277171086575347	0.06617493951085042	0.05021632200047677	6.759866488376121E-6	0.05858158113280543	7.221917696634272E-4	0.002049014099896329	0.0024321675570700696	0.006013172148314566	0.5410321410486809
0.2727714012464825	0.06617656553314703	0.05021706609060934	6.760798133817469E-6	0.05858143702363509	7.22830845592895E-4	0.0020491180338132603	0.0024318526229058085	0.006012035494393761	0.5410309323112863
0.27277143062221115	0.06617810116881337	0.05021507921410948	6.762731837112179E-6	0.05858134601316308	7.224596719128812E-4	0.0020510539523115184	0.0024337761475981823	0.006011647007845025	0.5410283434701979
0.2727715542418205	0.0661777174649087	0.05021621586602305	6.761546490777204E-6	0.058580198699419606	7.225590892134398E-4	0.002051400559354835	0.002433127286031747	0.006012606503066523	0.5410278587436705
0.27277065019384467	0.06616888945024943	0.05021758748481471	6.758642284457328E-6	0.05857719478591657	7.285219945690063E-4	0.002061383485626747	0.002432875624128847	0.006008345810225121	0.5410277925283402
0.27276972858692927	0.06616702202074967	0.050218780447261135	6.7588388480283035E-6	0.05857799044879695	7.274486013362363E-4	0.0020604200136845746	0.002431808607987959	0.006008645043267577	0.5410313973911384
0.27277213461071625	0.06616757670443078	0.05021891627082395	6.7615548184352114E-6	0.058572082740281486	7.291145035993457E-4	0.0020607911321833816	0.0024322888729603753	0.006014450509335981	0.5410258831008498
0.2727726234948682	0.06616516881687208	0.05021561271500779	6.762497720566585E-6	0.05857108685629864	7.338754799982167E-4	0.002058708682799046	0.0024342833287532284	0.006018755119057181	0.541023123008625
0.272771777970177	0.06616575708400202	0.0502158399662857	6.760661935695245E-6	0.05857174581581863	7.357190621455345E-4	0.002057782360889465	0.0024318989856328133	0.006018810344648129	0.5410239077484649
0.272741340542773	0.06611575706328321	0.0500775315117941	6.761668752686134E-6	0.05853325009484857	9.168577610809137E-4	0.0020516829914884183	0.0025304547069789074	0.006029141918818454	0.5409972217401816
0.2727420791942774	0.06611630367956589	0.05007779747120389	6.759048299664894E-6	0.058531734716720935	9.165528748820984E-4	0.0020508479461157636	0.0025304003828486576	0.006029843018250172	0.5409976816678352
0.272745347336942	0.0661199225356659	0.05009297789528405	6.761552047845898E-6	0.05852013528817837	9.217675885654919E-4	0.002051452342728799	0.0025231210616893096	0.006037400225420125	0.5409811141734778
0.2727379791884196	0.06612664462831107	0.05009480590979121	6.763056561068237E-6	0.05851734118509468	9.357764041558747E-4	0.002045276309186869	0.0025195198645150824	0.006042978371646648	0.5409729150823177
0.27274215505299393	0.06612869277416741	0.05009039327096683	6.763560930475587E-6	0.058517116140554326	9.3306419486687E-4	0.0020440627601965994	0.0025201012563489528	0.006044508045472144	0.5409731429435022
0.27274196144035934	0.06612836236441567	0.05008942820084916	6.76043333766585E-6	0.0585196376218952	9.325889600983878E-4	0.0020422254120211897	0.002521645573189943	0.0060455315300358	0.5409718584637975
0.27274288024010857	0.06612422731341244	0.05008661416268632	6.7597297127713896E-6	0.058516623412289324	9.388919764122122E-4	0.0020476619625536124	0.0025219982073577535	0.006039160910356958	0.5409751820851099
0.2727425407127949	0.06612196097109188	0.05008600604373159	6.759924014554386E-6	0.058515730448432515	9.40598406415652E-4	0.0020491419041141212	0.0025216816987288643	0.006039576885687584	0.5409760030049882
0.2727420517011829	0.06612283601802224	0.050085528393570736	6.760929871535426E-6	0.0585146621279806	9.39872491408561E-4	0.0020498386386907513	0.0025231828212665813	0.006039243257910609	0.5409760236200953
0.27274324762222607	0.06612061280643056	0.05008936084078529	6.757930828840686E-6	0.05851411932151448	9.395312251725269E-4	0.0020499200912373755	0.0025200491154052373	0.006037366108476064	0.5409790349379233
0.272750772575037	0.0661130291588569	0.050096637749584505	6.758504715598246E-6	0.05851777626551622	9.348250489992771E-4	0.0020623956339959754	0.002507806642870314	0.0060254869064577665	0.5409845115139662
0.27274998844381	0.06611149450190026	0.050095880980679734	6.761851808964603E-6	0.058517230794370025	9.363011537784349E-4	0.00206392161002332	0.002507371739139022	0.006025200056853558	0.5409858488676363
0.2727499189341608	0.06611208493945736	0.05009433183578588	6.761976919192336E-6	0.058518925578781106	9.365035624769452E-4	0.0020639141837147795	0.0025072395830479516	0.0060256190203675924	0.5409847003852882
0.27275627011420106	0.06611554976894074	0.05010193021106581	6.76274229560736E-6	0.05852260083681504	9.143056077104972E-4	0.0020541313622377128	0.0025195254836584136	0.006014731274159038	0.5409941925989159
0.2727590190902665	0.06611272055306983	0.05010159533172816	6.762383456107579E-6	0.05852328634575431	9.105619420723826E-4	0.0020572022716118937	0.0025191259721413922	0.006011535093569137	0.5409981910163302
0.2727670540307741	0.06611460349448794	0.050110291691569074	6.7621235672055136E-6	0.05852204637195778	8.964217000932279E-4	0.0020625518519154368	0.0025136870394762423	0.006005075828945647	0.5410015058672131
0.2727671337692417	0.06611492137029787	0.05011024658175664	6.763332062453831E-6	0.05852135444134754	8.9674574647014E-4	0.0020618312367891023	0.0025144434782104486	0.006003789041153312	0.5410027710026706
0.27273258742967055	0.06614418025244818	0.05007076718791653	6.7586079807585575E-6	0.058500463651379106	8.757980795460335E-4	0.002125327244873007	0.0024977080545009467	0.006046409585166529	0.5409999999065181
0.2727292530070005	0.06614432423657028	0.05007083442777528	6.760283072185236E-6	0.058499443387381306	8.764323111619954E-4	0.00212496775177963	0.002499136416952749	0.006046653133868887	0.5410021950444369
0.2727291737025428	0.06614409114534676	0.050069984615686194	6.758258866937372E-6	0.058499283159159615	8.757322092774605E-4	0.0021244558121253504	0.002499248538998633	0.006047369322990798	0.5410039032350051
0.2727276385508795	0.0661444755496157	0.0500690148274239	6.761919988121368E-6	0.058500413006781535	8.767282891420786E-4	0.002125721773405226	0.002498548154250685	0.0060464998648784435	0.5410041980636345
0.2727300856663537	0.06614354876876485	0.05006990395676836	6.760321562437888E-6	0.05849748325947603	8.768767276327305E-4	0.0021226853276869323	0.002500417984458672	0.0060487188105622924	0.5410035191767337
0.27276395179319746	0.06614152975438949	0.05007725260203495	6.763130885059643E-6	0.058508899329927644	8.326766992778761E-4	0.00214228169629245	0.0024673498216457174	0.0060314720008954464	0.5410278231714537
0.2727625788522381	0.0661409345349765	0.05007482256972372	6.76105110139491E-6	0.058511467376464385	8.318168304817936E-4	0.0021417037009461015	0.002467245507239327	0.006033642715828333	0.5410290268610002
0.2727650582783704	0.06614015081125366	0.05007449156481981	6.760571494415779E-6	0.05851240502219999	8.353041604725608E-4	0.0021424650267753143	0.002458115567127925	0.006034795131625692	0.54103045386586
0.272759808506209	0.06614184086857647	0.050077371239968804	6.7586492264459785E-6	0.05850462709044889	8.374586124897387E-4	0.0021459232083724245	0.0024633737643865727	0.006031295559403876	0.5410315425009176
0.27276713305051553	0.06612835992683795	0.050082245699117324	6.762445587518706E-6	0.05849761796203779	8.356466528365164E-4	0.0021519574756072163	0.0024721027637511633	0.006027159385713007	0.5410310146379957
0.2727670799308701	0.06612527681647506	0.05008159784932335	6.762240148353027E-6	0.058499069152738996	8.336036629983529E-4	0.002153925806289411	0.0024738521509701794	0.006026928102106241	0.5410319042880797
0.2727679181913228	0.06612183473047833	0.05008439267682666	6.761919449246867E-6	0.05849717287525002	8.345462837170831E-4	0.002151408130242685	0.0024742665146482573	0.006030997334795382	0.5410307013432692
0.2727652809015307	0.06612086909209096	0.050085747808088034	6.758238051587928E-6	0.05849746932875258	8.357005493119934E-4	0.002148873358784456	0.0024757563340283145	0.006031737996959427	0.5410318063924018
0.2727661027017597	0.06612306789818859	0.05006814499981482	6.762215295455509E-6	0.0585042168363072	8.25542890965647E-4	0.0021543103943463954	0.002476240794021048	0.006033221806064054	0.5410423894632368
0.2727714260049364	0.06612683693936738	0.050065878179722176	6.761950831851715E-6	0.05851479569109011	8.246976378276649E-4	0.0021421182223656243	0.0024711797324019624	0.006023628139955869	0.5410526775015007
0.27277332280334243	0.0661257379894706	0.05006615784173131	6.762937372492561E-6	0.058513963414751693	8.257092474424493E-4	0.002142441678998755	0.002469541713954984	0.006023919894442217	0.5410524424784928
0.2727724693839246	0.06612182646179085	0.050062522976616036	6.758579431734302E-6	0.05851129029447344	8.288009961141818E-4	0.0021396400231601526	0.002471199484517475	0.006032951485435908	0.5410525403145354
0.272772192622896	0.06612126724402317	0.05006571097548786	6.762765085474576E-6	0.05851370062465993	8.260812301039422E-4	0.0021300817885649137	0.0024740917088370146	0.0060294612262403735	0.5410606498141012
0.2727627538914866	0.06613535732832332	0.050068977458710494	6.760132645042272E-6	0.05851696958770814	8.119468275376435E-4	0.0021538279264962518	0.0024906677911685077	0.006023142316915295	0.5410295967390085
0.27276381169339636	0.0661299242876547	0.05007285818945246	6.758327501354966E-6	0.05851439312091421	8.099216956178601E-4	0.0021531855763868013	0.0024912489368035806	0.006029561226723518	0.5410283369455489
0.27276255251610587	0.06613426121361873	0.05007144783192648	6.757786298119961E-6	0.05852846002552704	8.079754884386531E-4	0.0021550426616868817	0.0024944218616582553	0.006020761697242957	0.5410183189174969
0.2727646474295523	0.066133822665891	0.0500722832785738	6.761618224312982E-6	0.05852996253244215	8.057711313866484E-4	0.002152597355765909	0.0024920934369326714	0.0060228546892515805	0.5410192058619794
0.27276456756885586	0.06613408990337548	0.05007187161643427	6.762403038790277E-6	0.0585296167033382	8.062968238103374E-4	0.002153257899236552	0.002492011155006635	0.006022518737754418	0.5410190071891492
0.27276570644031384	0.06613031121924548	0.05007303256716597	6.760893344642804E-6	0.058524921337210226	8.073491277710843E-4	0.002152443697007428	0.002484585365127856	0.006029422614043586	0.5410254667387697
0.2727657102254122	0.06612950694724493	0.050072368893307934	6.760874870240241E-6	0.0585244294835185	8.086933882383018E-4	0.002154645752672907	0.0024815231231522794	0.006029966535020137	0.5410263947765623
0.2727658625502391	0.06612813393074268	0.05007217554580634	6.763039196014398E-6	0.058524213850034326	8.087440008408692E-4	0.0021538056277612544	0.002483939471673288	0.006029692269060319	0.5410266697146456
0.2727591066933227	0.06613226777861274	0.0500783587890896	6.7631732781764375E-6	0.05851874393254687	8.055145299456362E-4	0.0021582363489597023	0.0024872034324826126	0.006030996010230383	0.5410228093115313
0.272761344108849	0.06612140952006532	0.05007921037833067	6.760074718462072E-6	0.0585235475327791	7.996563654007333E-4	0.00215939843330315	0.0024917456076992417	0.0060302492415287845	0.5410266787373252
0.27275821325712585	0.06611932525488601	0.050077881079378384	6.7589478924129365E-6	0.05852935735647657	7.97321887929317E-4	0.002160545994897109	0.0024920227354571084	0.006032342907972318	0.5410262305779847
0.2727597243173824	0.06611853758453948	0.05007797252575259	6.759006563508696E-6	0.0585258510172912	7.987078637922279E-4	0.0021643318641432208	0.0024916815574858725	0.006031623897839469	0.5410248103652099
0.27275877195282383	0.06612006645142117	0.050076559894638044	6.76330540373693E-6	0.05852497798304255	7.969393818408749E-4	0.002166248289142733	0.0024933917992724514	0.0060299262408504	0.541026354701564
0.2727573053605671	0.06612077326159421	0.0500773152096931	6.762718188196848E-6	0.05852564144661521	7.968343900315866E-4	0.0021648179288288605	0.0024932471018165453	0.0060306962149370424	0.5410266063677278
0.2727575664507516	0.06612052728589095	0.050076417705496826	6.759996328445372E-6	0.058525562003324885	7.975056694629334E-4	0.002164467012510801	0.002494235800144115	0.006030802507874328	0.5410261555682149
0.27275673801206957	0.06611936307542984	0.050074861537351925	6.758489927330413E-6	0.058525033343471006	7.981842310037929E-4	0.002166121001866722	0.0024944174806627445	0.006031360878734057	0.5410271619494827
0.27275025357700594	0.06611640693011926	0.05007965771047233	6.757778994892494E-6	0.05852343574027634	8.004369985555593E-4	0.0021680028087129044	0.0024995583555267042	0.006029676251031402	0.5410258138493045
0.2727533181049783	0.06612280339982099	0.05007740678996746	6.7580862225108396E-6	0.05851796455000585	7.97963246721281E-4	0.002170984572030188	0.0024974545287520383	0.0060232362930417865	0.5410321104284593
0.27275521480078363	0.06612139156887913	0.05007609008730145	6.758287816002739E-6	0.0585175758216797	7.975129295238609E-4	0.0021738538686159603	0.0024967470835656896	0.006022248678424408	0.5410326068734099
0.27275503671207835	0.06611930900692287	0.05007693080773282	6.758160694883553E-6	0.058517122291977273	7.998080532763269E-4	0.0021727455621651653	0.0024959599853333903	0.006024400054340379	0.5410319293654783
0.2727546507106624	0.06611723428331229	0.050079062373206834	6.761377120662049E-6	0.05851699416608725	7.999862553760978E-4	0.0021725042315462323	0.002496997199154763	0.0060234197020049285	0.5410323897015282
0.2727549209410819	0.06611855339335142	0.050078569822665786	6.760532878943848E-6	0.058517035777957874	7.990949899055882E-4	0.002171757561936133	0.0024969494259210606	0.006023035768540089	0.541033321785761
0.27275421420345713	0.06611788721422227	0.050079379984274364	6.760245668757658E-6	0.058511917127219294	8.01787980896751E-4	0.0021745487174875955	0.0025011362962879813	0.00602028162329582	0.5410320866071898
0.2727546428848454	0.06611791367266541	0.05008027171768134	6.758961416747367E-6	0.058512333621946494	8.016917623654279E-4	0.002174095479453922	0.0025005134267097467	0.006019710900564398	0.5410320675723509
0.272754678324438	0.06611805715958559	0.050080302609236564	6.7582903306301345E-6	0.05851575076553165	8.005715144564635E-4	0.002174785384861211	0.002497787371752616	0.00602005184739271	0.5410312567324145
0.27275598267454193	0.06611769954307414	0.05007921670612822	6.759624027866118E-6	0.05851738658053397	8.002802845712836E-4	0.002173602803663563	0.0024985499770519976	0.0060198501998691145	0.5410306716065376
0.27275506610408157	0.06611638233117294	0.05007672218097088	6.762024866296956E-6	0.058517560835048735	8.007388571484031E-4	0.0021756631002165655	0.0024991809561418776	0.006021864311697628	0.5410300592986549
0.27275736675495243	0.06610410200980511	0.0500778601972272	6.759360835481565E-6	0.05851291368921477	8.068651336246985E-4	0.0021727978424942035	0.002514500562844371	0.006020676462376848	0.5410261579866246
0.27275099797025326	0.0661079989315459	0.05008178014833642	6.760418886170294E-6	0.05851538896782117	8.117615368174458E-4	0.0021800068826086927	0.002512963019210959	0.006014677488209566	0.5410176646363102
0.27274924395607053	0.06611206031172139	0.05007902324114849	6.761678894254275E-6	0.05851625487118392	8.163649519373206E-4	0.002178512402910615	0.0025132538494508777	0.006011908169297975	0.5410166165673843
0.272749830121865	0.06611282685732447	0.05007771017922174	6.75928286932026E-6	0.05851563982668896	8.161844440269378E-4	0.0021792589794314143	0.002512537917716509	0.006011955858571366	0.541017296532284
0.27275038859603057	0.06611196737782073	0.050077386220378536	6.763554503588787E-6	0.058515278717965746	8.149510091348122E-4	0.002180727291552942	0.002512574265691875	0.006011557176133331	0.5410184057907876
0.27274947450023324	0.06611050439955225	0.05008238995976326	6.761171522137732E-6	0.05851569068406014	8.143481765165023E-4	0.0021785982676920806	0.002513265295610065	0.006013198778999765	0.5410157687660504
0.2727483290577147	0.0661130563185245	0.05008311440496274	6.762942952792672E-6	0.05851732558806528	8.103868455830443E-4	0.0021786995148999344	0.0025126520955882914	0.0060115777001568255	0.5410180955315517
0.2727479068535874	0.06610649943868885	0.05008457225147861	6.763052068925468E-6	0.058510964784941645	8.077783816023698E-4	0.0021827856392569595	0.0025141487467942036	0.006014459223246629	0.5410241216283342
0.2727447493548374	0.0661039237844276	0.0500827272423085	6.7596585257984065E-6	0.05850577331404036	8.062291029601182E-4	0.002185297773788772	0.0025160847065337916	0.006018526472040056	0.5410299285905373
0.2727464365026152	0.06610236519057447	0.05008396016719182	6.761225779153279E-6	0.05850540510619833	8.051659712397519E-4	0.0021847804240086866	0.0025162952553657025	0.006017187735116822	0.5410316424219098
0.27274641977912295	0.06610145003173404	0.05008264968908868	6.763209744672927E-6	0.05850853498158908	8.062560130261548E-4	0.002183868127364083	0.002515239231850111	0.0060175425193017135	0.5410312764171782
0.27274566191024097	0.06610233117558936	0.05008226069336465	6.760314715650861E-6	0.058509701073270595	8.056002267151502E-4	0.0021828338923943896	0.002516449270705254	0.0060184152197909485	0.5410299862232127
0.2727465209680078	0.06610343302512404	0.050081444970241945	6.760332414437742E-6	0.058512386903344885	8.049334645950784E-4	0.002180470660155656	0.0025143154310818955	0.006018926865972565	0.5410308073790615
0.27274656973232586	0.06610331991877155	0.050081653632634594	6.76348204114996E-6	0.05851190673988318	8.059717454529797E-4	0.002180068718601949	0.0025150198224766357	0.00601830793828248	0.5410304182695294
0.27274623071031984	0.06610296244910982	0.050081187914032085	6.758532098929959E-6	0.058513863680229566	8.076322082493786E-4	0.0021823533009808632	0.0025108364357485785	0.006017049573294228	0.5410311251959364
0.27274761077318477	0.0661032615399458	0.05008054701560838	6.760259013735559E-6	0.05851208684768812	8.076270469285635E-4	0.002183310653746842	0.0025117621583631844	0.006016294928043217	0.5410307387774772
0.2727482344338521	0.0661044828206516	0.050076896622439304	6.760305129707711E-6	0.058515876318746204	8.0756562695318E-4	0.0021830822084122764	0.0025087533423641395	0.006017779355178721	0.5410305689662723
0.27274861996812755	0.06610418545812172	0.050074286145965013	6.758316512131546E-6	0.058516607281427796	8.076677497876467E-4	0.0021850016515403553	0.002508449755764322	0.006016630492928068	0.5410317931798252
0.2727543032369533	0.06610417478543265	0.050078706912318215	6.761579338585011E-6	0.05851063440653781	8.047999059892369E-4	0.002182227216498564	0.002503296127407073	0.006019083121682145	0.5410360127078423
0.27275880988958945	0.06610228653199175	0.05007851062206456	6.758409780163732E-6	0.05850940394794496	8.031409142343071E-4	0.0021816154468558696	0.002508049099287077	0.006017262176990959	0.5410341629612606
0.27275793705459916	0.06610165381166677	0.05007336812060355	6.760152666526742E-6	0.058512388367297205	8.043577491047421E-4	0.0021825109171148965	0.0025067621333096785	0.006017688969096477	0.5410365727245406
0.2727592727757459	0.066103850306513	0.05007284786063258	6.762082133196512E-6	0.0585155517089975	8.043593648324049E-4	0.002177359803279655	0.0025077016417129477	0.006018210624701897	0.5410340838314507
0.2727581591989538	0.06610372158014106	0.05007283670111788	6.762434657942018E-6	0.05851616696066281	8.047656167222278E-4	0.0021777481826516093	0.002508105260750501	0.006017878859454859	0.5410338552048871
0.2727598128618532	0.06610251074255176	0.05006547255871471	6.758649999868971E-6	0.058521474494091244	8.077954493644207E-4	0.0021812890023244352	0.0025094782524129056	0.0060137700001870326	0.5410316379885002
0.27275992056336285	0.06610501005966697	0.05006471340606769	6.759768419267731E-6	0.058521717432465245	8.058947809046202E-4	0.0021817267471776203	0.0025089919830303398	0.006014537884829113	0.5410307273740761
0.27275995003326825	0.06610462049566802	0.05006204578242303	6.761673527880263E-6	0.058521544417825436	8.059045679441185E-4	0.0021838821006389814	0.002507975558003042	0.0060168452719693705	0.5410304700987317
0.27275732127928604	0.06610424857690028	0.05006312433439716	6.7585615856485814E-6	0.05852330288394958	8.101943210343104E-4	0.0021820819633441013	0.0025081721542333096	0.006015959528754541	0.5410288363965148
0.2727581583044535	0.06610310769481485	0.05006548103911147	6.7605709997559105E-6	0.05852335958985871	8.103015651689943E-4	0.002187691147999382	0.0025065592649872737	0.006011185294448287	0.5410273955281575
0.27275924782714916	0.06610464372083018	0.05006299809177553	6.762229650042473E-6	0.058522410742920014	8.063312683102564E-4	0.0021885743162301102	0.0025109293633175517	0.006012838216416766	0.5410252642234001
0.2727532801321166	0.06610643059498238	0.050063043086721506	6.763162408857104E-6	0.058524421360057116	8.077129424542973E-4	0.002188486802857048	0.0025072245081196043	0.006015218788890567	0.5410274186213918
0.27275570046065895	0.06610402868506426	0.05006663274540385	6.761353746262411E-6	0.058520488977515515	8.08622224870284E-4	0.002188404330632873	0.0025079691250099873	0.0060146561103632395	0.5410267359867345
0.2727582169950871	0.06610026193866896	0.05006374529817513	6.763568685966281E-6	0.05851768859802846	8.116515141174535E-4	0.0021929740555641647	0.002508781270759694	0.006014239793761214	0.5410256769671516
0.272757069536358	0.06610005921502103	0.050062932152134976	6.7608718588435535E-6	0.05851801453534079	8.141372798081969E-4	0.002191988989762181	0.0025093903730105394	0.006015287983214809	0.5410243590634903
0.27262935016494966	0.0660939604433397	0.05005073326451176	6.759473473033628E-6	0.058514183334999845	8.661714423009864E-4	0.0022437750664958817	0.0024838566801917844	0.006066934939152849	0.5410442751905843
0.2726250079961033	0.06609611745574814	0.050046807293605736	6.762385818023797E-6	0.058514112028836135	8.699044136657591E-4	0.0022447866481470347	0.002491422886452488	0.006062312580809415	0.5410427663108137
0.27262470833566427	0.06609474764358758	0.050041816617987074	6.760936629116032E-6	0.058520712737196674	8.910145478778636E-4	0.0022369311660710017	0.0024941045663655764	0.006071602116298938	0.5410176013323217
0.27263465509016827	0.06608277974778883	0.05005985975052635	6.760376881631558E-6	0.058562119034977114	8.49079483423526E-4	0.002193734617447596	0.0024652350477588902	0.0061120823438030325	0.5410336945072245
0.27263324297131974	0.06608389052752449	0.05006731951001707	6.761547004949242E-6	0.05856192516307658	8.49212182552142E-4	0.0021860960036011873	0.002463310760693768	0.006109064478323364	0.5410391768558864
0.27263403979711026	0.06608408575335026	0.050065871861722934	6.763017539837546E-6	0.05856324204575624	8.494661636136297E-4	0.002187446444313332	0.0024646310162536184	0.006105526716815135	0.5410389271835245
0.27263417137178775	0.0660840624959769	0.050067900465986984	6.760458733517938E-6	0.058562688008521324	8.492408743636937E-4	0.0021865312851283986	0.0024640903223763916	0.0061052930047918175	0.541039261712333
0.2726333922044164	0.06608330505379287	0.050068588423255594	6.763479322213772E-6	0.05856261908171215	8.493664040411519E-4	0.002186519764257683	0.00246530232128378	0.0061047037909380125	0.5410394394769799
0.27259905926913625	0.06607618468915884	0.0500661436180356	6.762828519787933E-6	0.058569458297432375	8.451690609228429E-4	0.00221329160661278	0.0024600915013684582	0.006103620139343721	0.5410602189894691
0.27259646493187367	0.06608100992706238	0.050063066436865686	6.7596094070199175E-6	0.058571032671438726	8.45915370841957E-4	0.0022130630103602694	0.0024595141888025113	0.0061054501697548474	0.5410577236835928
0.2725950951691259	0.06608053098533007	0.05006367272875333	6.75892838224168E-6	0.05857071445285068	8.465711143190585E-4	0.0022094821593345165	0.002461036909265815	0.006107919415301505	0.5410582181373367
0.2725969596989354	0.06609112182319883	0.050067737435028556	6.761774353075678E-6	0.0585855703125731	8.381874782047716E-4	0.002204710257159709	0.0024728743519621538	0.006095920200673038	0.5410401566679113
0.2725896851799024	0.06609702604094335	0.05006264319335271	6.76253027316609E-6	0.05858634184974578	8.427983354323126E-4	0.002200304746364859	0.0024761998457784595	0.006096318893445557	0.5410419193847612
0.27258994022573285	0.06609652172341632	0.050065090636549014	6.761992982606824E-6	0.05858374222499828	8.426181550165168E-4	0.002202369058381448	0.0024766720185551705	0.006097093451804869	0.5410391905125626
0.27259218738125696	0.06609910565226201	0.05006944661365943	6.760269296357535E-6	0.058580555230051276	8.441922469725471E-4	0.0022033781102554773	0.00247401961891619	0.006093771419326627	0.5410365834580029
0.2725914790917574	0.06609834892471973	0.05007002027225477	6.76228442335336E-6	0.05858139196452304	8.441406443960436E-4	0.002203062393562119	0.0024764063104694284	0.006096749007409294	0.5410316391064846
0.2725922967956734	0.06609488053461818	0.05007036923374163	6.760660599861024E-6	0.058583439009569444	8.429297389666579E-4	0.002203077121732483	0.002478387908295049	0.006094207358779288	0.5410336516380237
0.2725939217929651	0.06609395577306695	0.05006965861004947	6.758269939968753E-6	0.05858199556259835	8.41772700518037E-4	0.0022029386987956895	0.0024806829995507734	0.0060942587233131645	0.5410340568692023
0.27259229353043685	0.06612784216639106	0.05009356187004717	6.761182241063479E-6	0.058549699524251264	8.357103187669607E-4	0.0022071539268293944	0.002483758638731945	0.006068589715997677	0.5410346291263063
0.27259261828917797	0.0661262267796832	0.05009257848540516	6.763475506862959E-6	0.05855088410418026	8.363577387027615E-4	0.002208724867796094	0.002482330174033945	0.0060690187529296585	0.5410344973325839
0.27259291046861284	0.0661260592109228	0.0500928815777266	6.757990526504165E-6	0.058550808384954425	8.35884490329189E-4	0.0022083096760027038	0.0024834899827918117	0.006069247176157103	0.5410336510419759
0.2726220186630361	0.06613583908920764	0.05016531115875335	6.761055363346813E-6	0.05848937902795455	8.169104972012425E-4	0.0022340395671512914	0.0024621877014872895	0.006035967296469574	0.5410315859433753
0.2726210950408566	0.06613502880550763	0.0501652963566821	6.758707783161011E-6	0.058489587628755654	8.160937664400264E-4	0.0022342516573123222	0.002463131704418267	0.00603698835872879	0.5410317679735153
0.2726222550517202	0.06612174801965628	0.05016218291989058	6.7587163027765795E-6	0.058488914584078455	8.224478926870671E-4	0.0022380628372527106	0.0024766528728516063	0.0060419498991872295	0.5410190272063727
0.27262037305456277	0.06612031314850725	0.05016211018437566	6.760464822966328E-6	0.05848937340655218	8.209405340796755E-4	0.0022386703071324704	0.0024776861767691755	0.006042744827959093	0.5410210278952385
0.27262081787434866	0.06611890868709817	0.05016203637023477	6.759453611240862E-6	0.0584896029698946	8.210275797006089E-4	0.002239261909309384	0.002477538959011358	0.006042998953648668	0.5410210472431424
0.2726124036798577	0.06611560290082313	0.05016809736303925	6.762117172751103E-6	0.05849727506580527	8.207256083738318E-4	0.0022438897529594853	0.0024733097662473086	0.006039265885935827	0.5410226678597854
