0.2208149663889382	0.14666799273366943	0.034274445487628605	6.105233794337361E-6	0.01956398303687655	0.03741746480842749	0.024395576161531027	0.017275085688234923	0.011080490529264145	0.48850388993163524
0.22081469326230568	0.14666581806962198	0.03427694418155028	6.102764079238265E-6	0.01956411139155949	0.03741612422032137	0.024396021764859624	0.017274265282225948	0.011082217175633582	0.48850370188784253
0.22081447577988017	0.14666628915732052	0.03427732085904289	6.103618452060755E-6	0.019565460469175802	0.037415253594139775	0.024396115732716037	0.017274441366555232	0.011082263540701465	0.4885022758820159
0.22081482572955796	0.1466660460420568	0.0342766300053778	6.104553614813546E-6	0.019565155078841753	0.03741583291651639	0.024396662194720156	0.01727410503202123	0.01108148152457962	0.4885031569227133
0.22081246709971908	0.1466665256329466	0.03427757410503905	6.103995724565658E-6	0.019564307276005846	0.037416620356717	0.024395577360919046	0.01727535258898366	0.011082664754167568	0.4885028068297774
0.22081257064313653	0.14666551190988136	0.034276208022107665	6.104413820498533E-6	0.019564511659745668	0.03741548210168878	0.024396659986650207	0.017276847647548124	0.011084350368793058	0.48850175324662803
0.22081231934951287	0.14666584669188792	0.034276271676731154	6.103843850538415E-6	0.01956421610450272	0.03741468247177593	0.02439596439622603	0.017277347780542227	0.011085181895018087	0.48850206578995226
0.22081155686805853	0.14666576745057064	0.03427548593122287	6.1056045663338E-6	0.01956382426769533	0.0374151278183492	0.024396493882259715	0.017277928366958642	0.011085261392468487	0.48850244841784995
0.22080903626442439	0.14666439384615093	0.034274436743869915	6.1023290106460015E-6	0.019567111061494127	0.03741453416087119	0.0243978289828459	0.017278700087237392	0.011086727828535897	0.48850112869555945
0.22081286270816125	0.1466628514421053	0.034274916489322585	6.105050638430254E-6	0.019564805139487593	0.03740949864462319	0.024399429142975396	0.017278796293078172	0.0110892838203515	0.48850145126925637
0.2208134797472216	0.146662439570567	0.0342759161978564	6.104657210889708E-6	0.019564160385490012	0.03740951683309178	0.02440029497387651	0.017279000469162434	0.011089825331610556	0.48849926183391257
0.22081393609573513	0.14666364974805818	0.03427464650909903	6.103177302735352E-6	0.019567121384249875	0.037410074096621684	0.024397753012579126	0.01727955616314096	0.011089817465348414	0.4884973423478647
0.2208126114100699	0.1466626642838646	0.03427539040923573	6.103093020251582E-6	0.01956865917236643	0.0374104462165661	0.02439625819035922	0.01727985301320238	0.011091166572890568	0.4884968476384246
0.22081379424274303	0.14666424997993638	0.034275659956013116	6.102344202701948E-6	0.01956627656943674	0.03741153183664496	0.024398007574419345	0.017277307286633528	0.011090547433665193	0.48849652277630484
0.22080940935444635	0.14666505992184514	0.034276464832050366	6.102848155595253E-6	0.01956705931210355	0.037413388404502965	0.024398177013608482	0.017277475877116824	0.011090033809896996	0.48849682862627347
0.22080451119016464	0.1466675862920035	0.03427736755444896	6.1050368527632015E-6	0.019565614277977775	0.037415513379028736	0.024396229504524913	0.01728065338313503	0.011091848043656358	0.48849457133820706
0.22080363171069065	0.14666632793795853	0.03428075207732281	6.104565305725673E-6	0.019564450973471106	0.03741644208127348	0.024395798878633454	0.01727940895468774	0.011095812625604079	0.48849127019505223
0.22080387703529386	0.14666543991782166	0.0342793501686995	6.10517955748624E-6	0.01956559430963685	0.03741589659913877	0.02439717585836916	0.017279963057700562	0.011095689265339284	0.4884909086084427
0.220803452519822	0.14666339628614233	0.03428336641072974	6.10317366898927E-6	0.019566793956914977	0.03741390854436921	0.024398076842214553	0.017277567604761873	0.011097276407545806	0.4884900582538304
0.2208043999110191	0.14666347290091447	0.034286615140753776	6.105702097164434E-6	0.01956728048602517	0.03741412830389462	0.024399101514764224	0.01728037863618638	0.011091941492670038	0.4884865759116749
0.22080104562620617	0.14666331590337373	0.03428741934068244	6.105127584157821E-6	0.019565523682915836	0.03741470661814028	0.024397739984419214	0.017280451325489027	0.011092762701932338	0.48849092968925667
0.22080059955780887	0.14666376056500635	0.03428847190773819	6.1029290915476375E-6	0.01956594647464037	0.03741396014602889	0.024396369787686292	0.017281404063479014	0.011091975859720049	0.48849140870880026
0.22080078019791982	0.14666138120876307	0.034289588996213136	6.10243239150543E-6	0.01956883946572742	0.037416458309381936	0.024399130064280322	0.01727783681937152	0.011090527334970887	0.4884893551709803
0.2208013392594063	0.14666056963473248	0.03428906666488295	6.103630246848124E-6	0.01956916110666708	0.037416000710448385	0.024398643761638625	0.017278111934586463	0.011091866396209973	0.48848913690118073
0.22080621701077507	0.1466605467339403	0.034279265735361775	6.103168477267218E-6	0.01956722609610477	0.03741122773510537	0.024405143105469526	0.01727983054445996	0.011096758354932915	0.48848768151537286
0.22081225608458344	0.14665758163058729	0.03427603555554981	6.103614637056887E-6	0.019570120984567826	0.03741199119187598	0.024405775832199342	0.017282070679499065	0.011092802721276315	0.4884852617052237
0.22080687041377248	0.1466573761637739	0.034287511990658076	6.103207793928256E-6	0.019573153963053397	0.037408016691106175	0.024410350588870658	0.017281314511022924	0.011082099086468858	0.48848720338347934
0.22080534885819073	0.1466578077657078	0.03428641036948006	6.104151621763587E-6	0.019577177055842554	0.0374011425773986	0.0244126992721949	0.017280351871438906	0.011083918044748287	0.4884890400333762
0.220805573167564	0.1466605050702381	0.034286919586119055	6.105489742502801E-6	0.019577903853912615	0.037399984945695866	0.02440925110498643	0.017281063181011483	0.011085179660018596	0.4884875139407111
0.2208022858176647	0.14666136974284033	0.034287704431449226	6.102509557542879E-6	0.01957811440643535	0.037400172708735094	0.02440837402628966	0.01727975923999328	0.011086034354451144	0.48849008276258343
0.22080063620767015	0.14666248646228242	0.03428853341293285	6.104399841042052E-6	0.019579382597744152	0.037399544214580416	0.024406999767183926	0.017279946017136796	0.01108403301774867	0.48849233390287944
0.2208000299497378	0.14666246722651338	0.03428979465551958	6.102614389422167E-6	0.019579977042875604	0.03739596531583973	0.024412302214738058	0.017278805300348157	0.011084167700006406	0.4884903879800317
0.22079991075284844	0.14666230129361585	0.03428858918917961	6.1044518986225205E-6	0.019579440705576462	0.03739798603004858	0.024411888204376397	0.017279571898591736	0.011083415856989784	0.48849079161687425
0.22079964795530238	0.1466620534972876	0.03428890428040353	6.103704170520863E-6	0.019579652322810268	0.037397788406490454	0.02441208862014542	0.017279162209953805	0.011083360128097769	0.48849123887533813
0.22079978791331917	0.14666172616666662	0.03428939151436007	6.102223918391658E-6	0.01958021379015125	0.037396771742366636	0.02441270627275742	0.017278420873014358	0.011083357194797874	0.488491522308648
0.22079941349457877	0.146661243021377	0.0342904178753541	6.1031319777554716E-6	0.019579907734742732	0.03739696820219569	0.024412995071116897	0.01727921010757079	0.011080894429941299	0.48849284693114475
0.2207998783259204	0.14666159414871774	0.03428955174457611	6.10384943282305E-6	0.01957998532188142	0.03739783733543611	0.02441168274884631	0.017279577642023272	0.011080700161052712	0.4884930887221129
0.22079919802653528	0.14666197762522903	0.034288758675373496	6.103137808285974E-6	0.019580838405293996	0.03739865175025235	0.024411802608549776	0.017278616241152026	0.011080535756983659	0.48849351777282185
0.22080124010395058	0.14666551258645122	0.03428798181684842	6.1056277712440155E-6	0.019577423368669092	0.0373955435588046	0.02441009742575334	0.017280573056826315	0.011084974046518203	0.48849054840840683
0.22080241367573308	0.1466634993738389	0.03428511233160557	6.103251747199834E-6	0.019578800785593167	0.037394983717847094	0.024411313324627634	0.017278840885083177	0.011086719242570417	0.4884922134113535
0.22080207590361745	0.1466596266959046	0.034288755744665264	6.103558716497037E-6	0.019583004156182388	0.03739870696876456	0.02440596714083018	0.01727780636551729	0.011085394040393437	0.48849255942540815
0.22080244706038937	0.14666014079937414	0.03429014645331524	6.102602511284805E-6	0.019582866922506922	0.03739790287141152	0.024404554324688743	0.017278938410457884	0.01108503922575678	0.48849186132958783
0.22080207073735192	0.14666310556093207	0.034289395093269115	6.104057081637859E-6	0.019582554743223568	0.037396230910690845	0.024405748221172113	0.017279253758399074	0.011084319795475847	0.4884912171224036
0.2207950409155034	0.14665724666421642	0.03428931603434293	6.105077643328571E-6	0.01958083678004291	0.03740022867157994	0.024408568729593558	0.017286420247628886	0.01108755934860245	0.488488677530846
0.22079489152266646	0.1466576610713321	0.03428950118684071	6.102543930838755E-6	0.019580882420917642	0.03739979180886484	0.02440801267706763	0.01728653049655343	0.011088461907688363	0.4884881643641378
0.22079591609419186	0.14665677372495106	0.03428736035013079	6.105782082141409E-6	0.019582484692477378	0.03740248962775043	0.024405551545056012	0.017287499491613526	0.011089438887449718	0.4884863798042969
0.2207929308740583	0.14665695341211135	0.034289285823671994	6.102953396355804E-6	0.019582991945125652	0.037404028109358556	0.02440390328201708	0.017286024118575702	0.011090706163130917	0.4884870733185539
0.22079444615674376	0.146657838897313	0.03428866833034798	6.103271204885297E-6	0.019582640323932685	0.03740480814819376	0.024403797424629142	0.017285619082343953	0.011090735051310516	0.4884853433139801
0.22079619090408376	0.14665529538946237	0.03428790590007458	6.102565447321795E-6	0.01958435030375974	0.037403101541086364	0.024404549181444787	0.017287003944541718	0.011091215305589625	0.4884842849645095
0.22079580281631161	0.1466576633647176	0.03428761093492287	6.102113919895236E-6	0.019581608908556494	0.037402473266803085	0.024403304463013323	0.01728758511142492	0.01109263174651777	0.4884852172738123
0.22079075786621172	0.14665899303057375	0.03428843448902452	6.105555786173333E-6	0.019580613746806863	0.03741071989917401	0.02440593519899889	0.01728867747750229	0.011093948792960814	0.4884758139429608
0.2207942507216039	0.146661646422953	0.03428071997808767	6.105878687281963E-6	0.01958325029255127	0.03741370135429563	0.024404229701896304	0.017287634066398258	0.011097600252893663	0.4884708613306328
0.22079638886262845	0.14666174787974112	0.03427971157901799	6.1021974536584755E-6	0.019584136001505575	0.037414866626192894	0.024402734014368183	0.01728495791899097	0.011098187053814365	0.4884711678662866
0.22079955822414765	0.1466605176432887	0.03427912747926619	6.103557893086253E-6	0.019584528712767266	0.037415475360192865	0.024401633951517468	0.01728404069687052	0.011099601319409166	0.4884694130546469
0.22079927659370016	0.1466594647356101	0.0342793744638598	6.105563985572826E-6	0.019584613106310392	0.03741586622352393	0.024401591283272475	0.017283950522017297	0.011099255551717646	0.48847050195600245
0.22079966594656436	0.1466611824966456	0.03427965556694247	6.104573049517392E-6	0.01958365704235071	0.03741346829393501	0.02440233696402197	0.01728423299364097	0.01109957696224044	0.4884701191606089
0.22080216340129277	0.14665966036996433	0.034274746355940994	6.103555137720873E-6	0.01957821644561493	0.03741711579116945	0.02440028279708921	0.01729091381851261	0.011103751206997955	0.48846704625827986
0.22080220394550387	0.1466603935161841	0.03427571386460178	6.1053975131952765E-6	0.01957875556723894	0.03741707070140614	0.024399592958182573	0.017290567707582263	0.011102429247931436	0.48846716709385546
0.2208032338264294	0.14666080474973037	0.03427529900281695	6.102209692174232E-6	0.019578195964242706	0.03741477649564674	0.02440120018388399	0.017290734700241103	0.011104183483362798	0.48846546938395363
0.2208019957198728	0.14666304214616438	0.034276180805443424	6.1030318451171794E-6	0.019575729540947467	0.03741691132065074	0.02440102894004033	0.017294743927889267	0.011102157922744715	0.4884621066444016
0.22080162560597447	0.1466653644611689	0.03427907902333392	6.104002783904883E-6	0.01957383803090322	0.03741652494097984	0.024404815280028205	0.017292811700351587	0.011097964288860021	0.48846187266561575
0.22079802495128717	0.14666154182049912	0.03429108566507731	6.105062589856214E-6	0.019584228186052696	0.03741154202800749	0.02439753205391286	0.017295611841177075	0.01109330529171916	0.488461023099677
0.22079725983681686	0.14666229384905108	0.034290548154321615	6.102127427742854E-6	0.019584447008408362	0.03741287943138291	0.02439714986507395	0.017295222572888236	0.01109336834076012	0.488460728813869
0.22079954575519312	0.1466594682633373	0.03428836589236273	6.1033841395191635E-6	0.019581928496600995	0.03741201943270331	0.024399519103695214	0.01729640836558198	0.011091920783008566	0.4884647205233771
0.22080062472320724	0.1466575911050986	0.034287488559354054	6.104330525169566E-6	0.0195814115480063	0.037412906272867544	0.02439967143327	0.01729603712656945	0.01109215356021434	0.4884660113408872
0.22080788640963803	0.14665183725609637	0.0342924740215126	6.105613314669189E-6	0.019587313404152415	0.037401441087246454	0.02440296078937794	0.017301004809611706	0.011091586813070264	0.48845738979597936
0.2208077489934906	0.14665123252198475	0.03429303955421405	6.102756207229665E-6	0.019587346695267308	0.03740250178624517	0.02440298864664868	0.017298829684698966	0.011092368437423436	0.48845784092381966
0.2208067258340098	0.14665217926136143	0.03429455972780339	6.102982022818115E-6	0.019588042129993974	0.03740284043417347	0.024401719653740536	0.01730100308445172	0.011091757761855253	0.4884550691305875
0.22080576524774903	0.14665189996445654	0.034294718485682454	6.1036543603926185E-6	0.01958809369247408	0.03740492566344379	0.024400512083838297	0.017301488247857474	0.01109089299724525	0.48845559996289245
0.220805689087697	0.14665126675248347	0.03429388441594432	6.1026703603583865E-6	0.01958851085123023	0.03740595849006233	0.02439988386906894	0.01730145588564405	0.01109139417204913	0.48845585380546
0.22079655201286857	0.1466597587917993	0.034290043836083875	6.104035841683619E-6	0.019589560842083714	0.037414990146286506	0.024406512546541123	0.017303271316241153	0.011090020136955508	0.4884431863352984
0.22079705218144952	0.14665970031644476	0.03429033305047986	6.104494288436402E-6	0.019592363278948824	0.03741512925242664	0.02440357983599352	0.017303088211720247	0.0110884090877542	0.4884442402904938
0.22079830892283395	0.1466623371854994	0.03428939826565405	6.103609001661958E-6	0.01959277664842224	0.03741412892644215	0.02440306342343855	0.017304537285295962	0.011086784092940366	0.4884425616404715
0.2207969809818358	0.14666251323735796	0.03428943588317325	6.103768259352327E-6	0.019592725687825593	0.03741404126497526	0.024403195085238985	0.017303542380827444	0.011084729101533713	0.4884467326089724
0.22079719320807528	0.1466623707390397	0.03428959578339881	6.103144220989676E-6	0.019592616349770622	0.03741415750238626	0.02440296526923441	0.017303718877874366	0.011084448965056656	0.48844683016094276
0.22079714503231979	0.14666331806975752	0.03428960156096013	6.104643652624087E-6	0.019592324540286213	0.03741381565462157	0.024403449290048576	0.01730416238655602	0.011084434613303232	0.4884456442084941
0.22079763692811888	0.1466633915159812	0.034290584677528865	6.104661031999803E-6	0.019590552249838813	0.03741457528544033	0.024403841904429915	0.017303785701991217	0.01108485507976692	0.4884446719958715
0.2208004613297048	0.14666514832471989	0.034288293600782865	6.104813854101998E-6	0.019592120405497793	0.0374102537413767	0.024400754418247156	0.017302614121153484	0.0110890468713227	0.4884452023733403
0.22079996351041492	0.14665863998873033	0.034290065395532046	6.103141951832591E-6	0.01959074220408956	0.03741354301912325	0.024395500537424397	0.017297482725934427	0.011090387118668263	0.48845757235813086
0.22079963963631524	0.14665918431274716	0.03429002471517796	6.102979251479401E-6	0.019589455760261984	0.037413653304326985	0.024395937459693276	0.01729698636612291	0.011090903455106951	0.4884581120109958
0.22080036502985517	0.14665661836127902	0.03428858664664984	6.105068821371518E-6	0.019588729130602542	0.037414829462448826	0.024396724435181746	0.017299565415325985	0.011091152267824547	0.4884573241820107
0.2207996298287622	0.14665719283340195	0.0342874194345299	6.102758264681096E-6	0.01958942835550273	0.03741462591505347	0.024397136682708723	0.017299191963861954	0.011091793521616516	0.48845747870629763
0.22079996298847604	0.14665634971660224	0.03428638971810119	6.103207128724253E-6	0.019589617894612235	0.03741539684417011	0.024396716541107297	0.0172992571226306	0.011092859676551395	0.48845734629062
0.22079795334217553	0.146654012565502	0.03428741146326207	6.104249213226276E-6	0.01958988011300493	0.03741564447144492	0.02439812149354033	0.017298594116419028	0.011094100653780775	0.48845817753165705
0.22079852431545582	0.1466534810560043	0.034285859082945944	6.104395287351294E-6	0.01959081973501195	0.03741741388475418	0.024397428719403078	0.017298539841846802	0.011094299371151556	0.4884575295981388
0.22079804280640694	0.1466596317493285	0.03429111086857618	6.104194761005766E-6	0.019584454982466873	0.03741249823095516	0.024401580194415406	0.017296417645584747	0.01109136167890698	0.488458797648598
0.2208001092843252	0.14665924147078707	0.03429038918050624	6.102141574745867E-6	0.01958508488858994	0.03741138262035369	0.024401368606622592	0.017296100853678192	0.011091441697912763	0.4884587792556494
0.22079906038760855	0.1466613979519055	0.03429016168240544	6.10324162898801E-6	0.019585337613282974	0.0374121999429826	0.02440060353797889	0.0172955271199655	0.011089627790400375	0.488459980731841
0.22079912678730929	0.14666125395946694	0.03429042595617232	6.105817196636054E-6	0.01958590903972421	0.037411639393819335	0.024400376651718875	0.017294845562179945	0.011089816974689276	0.48846049985772305
0.22079931932492464	0.14666056295863228	0.03428649860244763	6.102563529453153E-6	0.01958326121804181	0.037407545510158305	0.024403880605494754	0.01730209733199585	0.011091301370326129	0.48845943051444907
0.22079775458182266	0.14665967035247238	0.034291730055741765	6.104621195893167E-6	0.0195763746637949	0.03740379845082224	0.02441104938870696	0.017301630289724465	0.011091108794000618	0.4884607788017179
0.22079802196608161	0.14666080183951644	0.03429059004432321	6.104428739397982E-6	0.019577067457759653	0.03740446010236091	0.02441120842994325	0.01730110783346185	0.011090628250607262	0.4884600096472063
0.22079774962623577	0.1466595108476335	0.0342891138783505	6.104230781053821E-6	0.019577554577231635	0.03740555123933821	0.024413336987930023	0.01730000398159444	0.01109095917058521	0.4884601154603195
0.22079481591849037	0.14666469914855648	0.03428764908961218	6.103362737389095E-6	0.019567324399428	0.037415125793267875	0.024412719561100582	0.01730353092761666	0.01108543709061699	0.4884625947085733
0.22079322623883163	0.14666080831292166	0.03428351098735673	6.103347071462206E-6	0.01956462292413741	0.03740540881663364	0.024405858574218633	0.017317485253570977	0.011098014545218096	0.48846496100003955
0.220793575050176	0.14666172598963348	0.03428238727020995	6.102543810518335E-6	0.01956605987300243	0.037405412665724044	0.024404544766258154	0.01731853592076414	0.011097568613840716	0.4884640873065804
0.22079353274287733	0.14666073372639554	0.034281691336980766	6.1040100216291915E-6	0.0195661299745422	0.03740688462272394	0.024404716304236518	0.017318924859466525	0.011097536728129603	0.4884637456946258
0.22079279299815613	0.1466609223764328	0.03428223664589518	6.1049524984063686E-6	0.019565565432053247	0.03740688245174531	0.024404194760878004	0.017319531358860857	0.011097987652589444	0.48846378137089036
0.22079299757115867	0.14666106051681346	0.034283159647361824	6.105599815481311E-6	0.019564767742916794	0.037406778717829256	0.024403594241271143	0.017319906554883316	0.011098099098231576	0.4884635303097183
0.22079331569433558	0.14666159537858825	0.034282989873102104	6.102513813430188E-6	0.019563847864776426	0.03740511615436293	0.02440605352780384	0.017320855154387693	0.011097722774951232	0.4884624010638783
0.22079296668048654	0.1466621004015795	0.03428291047293468	6.105668466191427E-6	0.019564814805077588	0.037406283537760515	0.024405431801481275	0.017319763664254847	0.01109902274954283	0.4884606002184158
0.2207978300265696	0.1466603129010892	0.034280877130384774	6.102590083989501E-6	0.019566797511736678	0.037405945959027395	0.02439936878106344	0.017322401033532067	0.011097243062804074	0.48846312100370864
0.22079811044769643	0.146660172588603	0.034280964038687176	6.103899159906612E-6	0.0195683764470182	0.0374057181848475	0.024399856404193884	0.017321546362403295	0.01109726616255964	0.4884618854648308
0.22079776711951793	0.1466599899068433	0.03428184305358578	6.104741250109735E-6	0.01957056558744827	0.03740397243144171	0.024400086461780074	0.01732034387708506	0.011098483146293428	0.48846084367475406
0.2207960039374936	0.14665991130981684	0.03428091037324878	6.104215094268617E-6	0.019570776042392532	0.0374052406262332	0.024401554212091184	0.017321221343209514	0.011098278120814709	0.4884599998196052
0.22079570758189088	0.14666054074020704	0.03428120483321208	6.104675900273082E-6	0.01957048910164398	0.03740582142702904	0.024401473978040697	0.017320722588924684	0.01109825868594623	0.48845967638720494
0.22079446675825376	0.1466589796014729	0.0342806138052755	6.10304910282633E-6	0.019568979410730228	0.03740826340078607	0.02440076930712319	0.017323527928979718	0.01109791489198815	0.4884603818462875
0.22079096618539107	0.14665488890733114	0.034287301685325206	6.102675004573954E-6	0.01957054982495461	0.03740419364500869	0.02439799086705728	0.017329018591706782	0.011099400982042346	0.48845958663617817
0.22079143476438384	0.1466557506913928	0.03428688363666328	6.102647923680871E-6	0.019572018713949715	0.037403072067880114	0.024397800347153123	0.017329684522219863	0.011097913898796677	0.4884593387096368
0.22079189270436989	0.1466549426340412	0.03428679697011405	6.102941031801978E-6	0.019572240753131867	0.0374049804197029	0.024397832085122098	0.01732909022996383	0.011097920038223588	0.4884582012242986
0.22079345361568387	0.1466505932595833	0.03428967968712769	6.103594841946891E-6	0.01956889593784643	0.03740769276564622	0.02439925502751232	0.01732742849104825	0.011101647927058783	0.488455249693651
0.22079429948088466	0.14665148924770172	0.03428901579369266	6.104076628279942E-6	0.019568816279141754	0.03740807068992964	0.02439927312146084	0.017326509805241253	0.011100186990283381	0.4884562345150355
0.22079502753469615	0.14665210125258282	0.034288204903822325	6.104343796234368E-6	0.019569359445837944	0.03740782533718795	0.02439949052443792	0.01732518735587507	0.011100325674960443	0.48845637362680294
0.22079231716963577	0.14665406549793975	0.034289515757143854	6.1058232387750655E-6	0.01956441354559675	0.037412627729083645	0.024398385898682	0.017321253663983266	0.011099237444499657	0.4884620774701963
0.220792864320144	0.1466529650115308	0.034289496691552915	6.102834749555086E-6	0.01956468331045773	0.03741213489304605	0.024398306029793662	0.017321089547076368	0.011099671741005193	0.4884626856206435
0.22079261554714574	0.14665252172084825	0.03428866926874288	6.103859164899306E-6	0.019565261497901165	0.037410960180878375	0.024399502686051677	0.017322227023910133	0.01109958988816602	0.4884625483271907
0.2207936063996485	0.14665155104103164	0.034289812709345016	6.105296464151144E-6	0.019565798243155977	0.03741038141855067	0.02439886696712054	0.01732250725955893	0.011098612556271259	0.48846275810885315
0.22079088408366862	0.14665298135754753	0.03428883435869336	6.103552786504429E-6	0.019566356190630796	0.037412540351779405	0.024396386317150298	0.017321940701132285	0.011100886298465978	0.488463086788145
0.22079141248887535	0.14665254388043078	0.034289740375654576	6.104856925953639E-6	0.01956612914157213	0.03741203413885198	0.024395768546481844	0.01732193531683461	0.01110113756033658	0.48846319369403607
0.22079115195179133	0.14665294373651533	0.034289778421202774	6.105746708437443E-6	0.019568707228420038	0.03740947871616544	0.024397726789678137	0.017320319227995443	0.011100560849882896	0.48846322733164
0.2207888194868965	0.14665054314745246	0.034287772933034574	6.105059525099432E-6	0.01956745649598486	0.037409213299224545	0.02440221171829722	0.017322657445420983	0.011101652484880362	0.48846356792928325
0.22078983295739552	0.14665114528622952	0.03428891559247026	6.102298812801776E-6	0.019565228752196254	0.03740956954825052	0.024401413327525268	0.0173224583156229	0.011104397389246137	0.48846093653225064
0.22079030125615282	0.14664916750737444	0.03428212160649058	6.104147131313908E-6	0.019571369413567657	0.03741216659520319	0.02439653739039352	0.01731975069393754	0.011108787353421704	0.48846369403632706
0.22079051757807666	0.14664929770754775	0.03428056914251508	6.103995716419397E-6	0.01957138709960006	0.037412005498909454	0.024397615893188604	0.017319371734633673	0.011109143410755182	0.48846398793905693
0.22079079648566033	0.14665051444595276	0.03428058919070283	6.1029653466715406E-6	0.019570710313221065	0.037412088904254695	0.024397283031355202	0.017318987903985367	0.011109888055116021	0.4884630387044049
0.22079193315117815	0.14664977789258787	0.034280140894408645	6.102253888584652E-6	0.01957073497768795	0.03741130406720762	0.024396146570046642	0.017318320579591165	0.011109708796619391	0.48846583081678374
0.22079214009238296	0.14664858219846194	0.03427958934012261	6.102971168528426E-6	0.01957074781742789	0.03741099034100416	0.024396568182774928	0.01731833943638579	0.011110458780970986	0.48846648083930005
0.2207930837443935	0.1466492896798138	0.03427934595209066	6.10472668531592E-6	0.01957110294154503	0.037410350032507964	0.024397038266426627	0.01731831470812807	0.011109116510325659	0.4884662534380832
0.2207952759818875	0.14664951892017214	0.03427503985969994	6.105718898863355E-6	0.019570582654006283	0.037410358112913586	0.024399143879511934	0.017320633805759142	0.011107283118515138	0.4884660579486352
0.22079342063395913	0.14664971584358488	0.0342763021457744	6.104219387154108E-6	0.019570956376409154	0.037410124646350754	0.024400639562878856	0.017319885070493216	0.01110771168794053	0.48846513981322176
0.22079238580444688	0.14664545081800315	0.03427506883368149	6.104888430544242E-6	0.01957279765009219	0.037413747048758314	0.02439828779193169	0.01731620634069793	0.011110002009309408	0.4884699488146482
0.2207804509194966	0.146650869394789	0.034303358298997666	6.105532646419332E-6	0.019564194733960732	0.03741413445843171	0.02441566980072496	0.017304332237509754	0.011106008351097194	0.48845487627234585
0.22078185502941186	0.1466510058634557	0.03430187844083535	6.104165061332489E-6	0.01956411792485291	0.037414587884816275	0.024415099443455754	0.017304894434370735	0.011105715750571399	0.4884547410631685
0.22078150505957397	0.14665147846799687	0.0343017972912059	6.105806228520749E-6	0.019564194605264915	0.037413802576478944	0.024414910558349087	0.017305251328614685	0.011106218495986073	0.4884547358103009
0.22079181719997024	0.14662575143297496	0.034338216722991255	6.10474506350378E-6	0.01959267285142001	0.037389481369226	0.024453440340442126	0.017253270052493094	0.011125780422532497	0.4884234648628862
0.22079154073982715	0.14662710021331446	0.03433786780318096	6.1035314198598645E-6	0.019592348287512926	0.03738941375060649	0.02445240481221539	0.017252820595580365	0.011125756560644032	0.4884246437056982
0.22079120251581186	0.14662719246475597	0.034337906729716636	6.104143818644325E-6	0.01959296623191946	0.03738944351413727	0.024451724518286394	0.0172534440146367	0.011125281182195149	0.4884247346847217
0.22079106484519995	0.14662717028562536	0.03433563268112573	6.102503217947364E-6	0.019593618821757183	0.03739004871199737	0.024450516396757258	0.017254056607715174	0.01112644741914906	0.4884253417274548
0.220791165633128	0.1466264816428723	0.0343353177204891	6.102934390392334E-6	0.019593256772990175	0.037389951290815335	0.024450599040431467	0.017254482709001637	0.01112735253645987	0.4884252897194215
0.22078848260885908	0.14662423168081978	0.034336107581262806	6.104895948294553E-6	0.019592116899044637	0.03739220563481237	0.024449896557048156	0.017256279929079146	0.011128084646849196	0.48842648956627627
0.22078926308208613	0.14662432887171062	0.0343358008664134	6.104912740778623E-6	0.019591793376836072	0.03739055009473559	0.024450858463475847	0.01725674835750142	0.011129231942720821	0.48842532003177913
0.22079153633352644	0.1466237896569227	0.03433348863007292	6.104247684282638E-6	0.01958891436631864	0.03739337423814672	0.024451096314487122	0.017256804148436347	0.011127258179154179	0.48842763388525046
0.22079158456050152	0.14662333146274428	0.034333119588641256	6.1026780041467665E-6	0.019588823855359053	0.03739413313773217	0.024451467660108736	0.01725566184784187	0.011127441760575021	0.4884283334484918
0.22079165388667357	0.1466232640292667	0.03433221870926012	6.103518438230204E-6	0.019588711724938562	0.03739353287496061	0.02445140201924914	0.017256644601263638	0.011127437330803791	0.4884290313051454
0.22079276291487498	0.14662557048112063	0.03433247132810395	6.1035923656638236E-6	0.01958982648218016	0.037393336535761615	0.024450947386627925	0.01725349261808927	0.011126797490012927	0.48842869117086263
0.2207927553146851	0.14662462592495765	0.03433170124619865	6.104677908860823E-6	0.019589371851460244	0.037395955597798194	0.0244497388873076	0.017257202458525037	0.011127711473585808	0.48842483256757263
0.220793492570253	0.14662435315438963	0.034332068252473355	6.102111330549831E-6	0.019588962085216335	0.03739624510735097	0.024449093564118077	0.017256744581000072	0.011127088735436344	0.4884258498384314
0.22079164116961833	0.14662237292260658	0.03433528063488897	6.104638239620708E-6	0.01958701432942217	0.037396076081533294	0.024448516380600263	0.017257444468248326	0.011127057823049916	0.48842849155179235
0.22079199024174323	0.1466208839715567	0.034337054771206535	6.1044306578911245E-6	0.019587870740845906	0.037395427138779525	0.024447810243722404	0.017257383995549005	0.011126914454427358	0.4884285600115112
0.22079804544951728	0.1466160720045648	0.03433658806433468	6.10335591211264E-6	0.01959650630970998	0.03739288175914328	0.02444332188130771	0.017259542108329126	0.011119276034746703	0.4884316630324341
0.22079921844885902	0.14661461957283112	0.034337071570713085	6.103464885873211E-6	0.019598250255414965	0.037393258443192176	0.024441122862130613	0.017258063474120858	0.011120016802876137	0.48843227510497583
0.22079692378794535	0.14661613484610694	0.03433670586713444	6.102843487967857E-6	0.01959806900331386	0.03739193018538976	0.024440967489980786	0.017258922443019284	0.011121776611807271	0.48843246692181425
0.22079851900844433	0.14661692382086822	0.0343352302218389	6.105706411324574E-6	0.01959936112848426	0.03738968682006512	0.024441941868321965	0.017260512642049836	0.011116753512499633	0.4884349652710162
0.22079836666522373	0.14662078369945972	0.034335437481183825	6.104088064701196E-6	0.019600346995839873	0.03738904999377772	0.024441110438497615	0.01726260778329712	0.01111229250734884	0.48843390034730677
0.22079862303731884	0.1466203208640557	0.03433489151422653	6.104397957534813E-6	0.01960021987519639	0.037389583404145	0.024440366160443205	0.017263400141707158	0.011112819244129893	0.4884336713608196
0.22079944900515835	0.14662076357444226	0.03433487359740732	6.102356705076084E-6	0.019600140554400708	0.037389609410256125	0.02444092412007552	0.01726289631711754	0.011112671005944944	0.48843257005849194
0.22079866728708036	0.14662334571048913	0.0343337535727678	6.103646716631994E-6	0.01960309528411465	0.03738926730619346	0.0244381399510486	0.01726209957775525	0.011112668561099062	0.4884328591027348
0.22079437394656426	0.14663271056021174	0.03433543361137399	6.102670195753945E-6	0.019596945358081305	0.03739378542803694	0.024439255724981	0.017259857699595232	0.011107566135674027	0.4884339688652855
0.2207941087499329	0.14663245582389123	0.034335520641440465	6.1021519993514906E-6	0.019598565615017036	0.03739711220624051	0.024438477637774902	0.017261708819936675	0.011104769011439447	0.4884311793423274
0.2207937003530781	0.14661750790103237	0.034340723823344896	6.102231750335085E-6	0.019585222612506253	0.037415156813656245	0.024398637116192473	0.017276056507379067	0.01110936116764337	0.48845753147341675
0.22079203086633747	0.14661692405356913	0.03434165217022357	6.1046034137424154E-6	0.019586019547709166	0.03741570911081574	0.024398116738218845	0.017276131164520758	0.011109836757898048	0.48845747498729325
0.22079043024660722	0.14661559009204234	0.03434119906916304	6.1049584713784855E-6	0.019586660529869487	0.037415874310927244	0.024399501055015996	0.0172768202259182	0.011109544487010861	0.48845827502497413
0.2207922380068762	0.1466124255439608	0.034343791415836475	6.102820867937009E-6	0.01958367613205443	0.037416489706173034	0.024399440799791103	0.017273375979390743	0.011110261025672682	0.4884621985693763
0.22079768892725823	0.1466263931785472	0.034337920855192994	6.10293530274586E-6	0.01958334787575211	0.03741308670154882	0.024398372689033374	0.01727897697826121	0.01110205752952051	0.4884560523295826
0.22079976252582179	0.1466266797173863	0.0343397890590043	6.1023650222841175E-6	0.01958335547904004	0.037412603123475094	0.024399972609066997	0.01727316203942099	0.011100989241343714	0.48845758384041826
0.22080784698173642	0.1466315731205753	0.034343287009562115	6.104260093869884E-6	0.019574494860640154	0.037413219529526615	0.024403170073013458	0.017268942765793646	0.011091541844712893	0.48845981955434536
0.2208067778389424	0.14663073296833629	0.03434399864585731	6.105714047882627E-6	0.019576380489599615	0.03741262315308708	0.024402619700260073	0.017270162163301087	0.011089461823823976	0.4884611375027441
0.22080812482689263	0.1466307089142396	0.03434216954590481	6.105073517323478E-6	0.01957574549873263	0.0374140353582936	0.0244006312240808	0.01727065256810842	0.011090652641424656	0.4884611743488053
0.22080967500087745	0.14662946644219835	0.034340590573234075	6.105010675119815E-6	0.019577164000141756	0.03741567484139771	0.024400136976504436	0.017271084187483424	0.011087966079440029	0.48846213688804746
0.2208100275416376	0.1466317438131722	0.034339179443923534	6.10566018545422E-6	0.019574272460989486	0.03741567884088369	0.02440080221836624	0.01726653348559959	0.01109224243559205	0.48846341409965
0.2208097792920945	0.14663149683460755	0.03433915521714263	6.103047570177322E-6	0.019574203092681722	0.03741616371419586	0.02440085366978255	0.01726659122047232	0.011092010491563858	0.48846364341988857
0.22081292347189801	0.1466391939241491	0.034337435565991004	6.104639820148083E-6	0.019575909379136364	0.03741562339266738	0.02440827411549587	0.017259658620559046	0.011087538420923415	0.4884573384693595
0.22081185963766334	0.14663898286622198	0.03433834886414966	6.104155757857832E-6	0.01957753283327804	0.03741499321480697	0.02440820694425365	0.017260852396185633	0.011085433188924396	0.48845768589875826
0.2208140398883242	0.1466386152837571	0.03433565540641077	6.1045276582433194E-6	0.019577573436353843	0.03741586866946707	0.024405508577807836	0.017259204342218656	0.011085763086132946	0.4884616667818691
0.22081224001722793	0.14663928521120606	0.034335994383275004	6.104011408950005E-6	0.019576974605319958	0.037415232195553524	0.024407096937765188	0.017261364888830316	0.011081799593864322	0.48846390815554863
0.22081364050086438	0.14663886376379537	0.03433519782014707	6.1053293332058445E-6	0.019576502382041477	0.03741509332653835	0.02440793301895494	0.01726152106537622	0.011080891028759324	0.48846425176418945
0.22081364792810532	0.14663858381840886	0.034332592166636075	6.1024872783227435E-6	0.019580092113854933	0.03741060529326895	0.02440813109621666	0.01726232524085218	0.011081954126122187	0.48846596572925627
0.2208107910363007	0.14664009419174998	0.034334232134790574	6.103284082334404E-6	0.019580095078601686	0.03740943235714449	0.024409972556736673	0.017261936438617134	0.011082956548066417	0.4884643863739098
0.22080803918174075	0.14663107674007708	0.03433560898738394	6.102452593928498E-6	0.0195819136110445	0.03741114270959413	0.02441285754918507	0.017262337157934224	0.0110849828808198	0.4884659387296264
0.220808298845677	0.14663128726736513	0.03433577933714532	6.103277068986168E-6	0.01958200326439656	0.037411629281491124	0.024412066447729155	0.017262865371559757	0.011084246796622288	0.4884657201109446
0.22080782895983558	0.14663069147821167	0.034335813816246605	6.103096250806295E-6	0.01958328929271548	0.037410256410752324	0.024413676131731232	0.01726217169962438	0.011084014791055682	0.488466154323576
0.22080710221280855	0.14662687435985824	0.03433682761646631	6.102326796916802E-6	0.019583673289309392	0.03741310281412642	0.024415419737709373	0.017261570483337582	0.011084472726842626	0.48846485443274446
0.22080472083535624	0.14662710655424926	0.034339742042661006	6.104810943111105E-6	0.019584035759873955	0.03741198839210216	0.024415132585581922	0.017262309232587772	0.011085675069917936	0.48846318471672645
0.22080386363342314	0.14662365535601093	0.03433916939864927	6.10225255991137E-6	0.01958347789637198	0.0374064110060416	0.024418933365714615	0.017269575422419206	0.0110811228162645	0.48846768885254477
0.22080322923475704	0.14662442065793066	0.03433837627122503	6.102639056010384E-6	0.019583922928617548	0.03740616483365515	0.024418695946007166	0.01727094805042846	0.011080787576797785	0.48846735186152496
0.22078885331422346	0.14663607394511685	0.034341895387522095	6.1058053033302695E-6	0.019595405225523596	0.037392264885764845	0.024408830442892396	0.0172694259266878	0.01109113420192806	0.48847001086503744
0.2207883209286582	0.14663718803733086	0.034342298459001705	6.102775707297892E-6	0.019593458363894853	0.0373916443650807	0.02440964204803915	0.017270241112675305	0.011090054163111443	0.4884710497465003
0.22080783070200255	0.14660450794426744	0.03433500959963019	6.105504130951567E-6	0.019589419633244134	0.037389075872616334	0.02440751720239541	0.017255960614490737	0.011124455320908028	0.4884801176063141
0.22080691557449783	0.14660514816790293	0.03433626261729193	6.105683682575136E-6	0.01959354135719983	0.03738741191312232	0.024408687424248524	0.01725552451993985	0.011121143747371151	0.4884792589947428
0.22080735499150378	0.14660509709663766	0.03433705472904547	6.1058611565550924E-6	0.019593557516010954	0.03738765096915157	0.024408304853610854	0.017255212317787982	0.011120940249928046	0.48847872141516696
0.22081069150307725	0.14660543049873534	0.03433978516735699	6.105778995874056E-6	0.019603369053553713	0.037376825097620636	0.02440883721230412	0.017256536755259594	0.011118392712430258	0.4884740262206661
0.22081013433006574	0.14660562393687476	0.03433985028102124	6.105181657473091E-6	0.01960372159056059	0.03737757961588217	0.02440808104309214	0.017256478251503088	0.011118443799134056	0.4884739819702086
0.22081076863508642	0.14660557891208068	0.0343398523529012	6.10440175811966E-6	0.01960344484255694	0.03737689234394241	0.02440885168109168	0.01725608021052573	0.011118970960044591	0.48847345566001205
0.22081459918775842	0.14660443418101193	0.034338741611640924	6.10555934962842E-6	0.019603120364241444	0.03737778966842338	0.02440836560248509	0.017255321881706434	0.011116160526122326	0.48847536141726033
0.22081124903360133	0.14660664044470326	0.03433932787934431	6.103114211356009E-6	0.01960272703573536	0.037374653547440226	0.02440884688300239	0.017255826648288106	0.0111200313076137	0.4884745941060598
0.22080974530917433	0.14660615321178355	0.03434017564956694	6.105527482466733E-6	0.019603318704877373	0.0373750269313597	0.024408803214579763	0.017256003327121516	0.01111988239122863	0.4884747857328255
0.22081043750354518	0.14660595763901607	0.03433997960776883	6.1034608127980006E-6	0.01960378057671197	0.03737439201466487	0.02440781580784293	0.017256565508027885	0.011119817796024042	0.48847515008558523
