0.35003514298775223	0.40035730685130483	0.24960755016094308
0.35026010469106683	0.4001408571999856	0.24959903810894768
0.35006263227122836	0.4002309976138666	0.24970637011490515
0.35005103058765785	0.40028152283482443	0.2496674465775178
0.3500179685872545	0.40017004914734833	0.24981198226539728
0.3504164358785897	0.39977280681377886	0.24981075730763153
0.3503759025083881	0.3999319780343417	0.24969211945727027
0.35034755085292374	0.39995032826287524	0.24970212088420113
0.35007586858613843	0.40011578907903866	0.24980834233482296
0.35019786663265906	0.400146377032567	0.24965575633477405
0.35024302011270675	0.4000102764338165	0.24974670345347688
0.35008753343599963	0.40016719932182676	0.24974526724217372
0.35039799635060925	0.3998596096254987	0.24974239402389214
0.350153060341378	0.40007822425544864	0.2497687154031735
0.3501945473940024	0.4001946689461859	0.24961078365981182
0.35025235043036607	0.39992483788570443	0.2498228116839296
0.3500191658105183	0.40024469400883034	0.2497361401806515
0.35014656594621907	0.4001586904992229	0.24969474355455806
0.35009557378565853	0.4003042752861064	0.24960015092823518
0.3504594830234332	0.39988797611144505	0.24965254086512184
0.35039288685382924	0.4000095254793657	0.24959758766680518
0.3503142707608048	0.3999333627076991	0.24975236653149624
0.3500267389189293	0.4002401340653792	0.24973312701569153
0.35043141114662013	0.3999506335502073	0.24961795530317266
0.35043756885617494	0.3998053169300436	0.24975711421378152
0.3505040850712366	0.3997773721884251	0.24971854274033845
0.3501996248644129	0.4000028466938524	0.2497975284417348
0.35039416337610685	0.40000887362405735	0.24959696299983597
0.35007725884965285	0.40035048536028506	0.24957225579006218
0.3501680807803026	0.40026589168581755	0.24956602753387996
0.35017390711748086	0.40018597087025226	0.24964012201226699
0.35013332711151995	0.40021653130333246	0.2496501415851477
0.3500758653974281	0.4003362988261686	0.24958783577640337
0.3502758512644487	0.3999986966622876	0.2497254520732638
0.35034348732730985	0.4000497676252022	0.24960674504748803
0.35014451038888617	0.4002479994858307	0.24960749012528327
0.3502338439575127	0.40006728350968673	0.2496988725328006
0.3505052065627581	0.3998615457808727	0.24963324765636935
0.3502580023015704	0.4000898222248618	0.24965217547356794
0.35024413765297135	0.4001677487095237	0.24958811363750508
0.35038066506707294	0.3998064840430928	0.24981285088983435
0.3503508092422627	0.3999345527026992	0.24971463805503827
0.3503994773942248	0.39982184201213544	0.2497786805936399
0.35021536850139656	0.4001280598408946	0.24965657165770896
0.3501559083330772	0.4001174763106341	0.24972661535628882
0.35047974325854897	0.39992662037921894	0.2495936363622322
0.35001022809737153	0.4002823513273893	0.24970742057523926
0.35013138855504145	0.40006073756653926	0.24980787387841938
0.35025196593236985	0.4000759496693654	0.24967208439826488
0.35013754686470056	0.4001248847666172	0.2497375683686824
0.35033468887620306	0.4000110443805924	0.24965426674320468
0.3503288339218613	0.399880480803648	0.24979068527449083
0.35005086412910214	0.4001538928528835	0.24979524301801453
0.3503102759490741	0.39999260960382893	0.24969711444709705
0.350026503842721	0.40021484697787385	0.24975864917940527
0.35027045400057816	0.4000023333791808	0.24972721262024117
0.35042499958861517	0.39999284927165585	0.2495821511397291
0.3500654233456508	0.4001675427125476	0.24976703394180172
0.35037528894658077	0.39995137391675306	0.24967333713666626
0.3502972271517473	0.4000228799064902	0.24967989294176257
0.3502637581113899	0.4000880933994016	0.24964814848920863
0.35014828641353735	0.40023595658604516	0.24961575700041755
0.3503358350284765	0.3999174911907599	0.24974667378076373
0.35002092403540597	0.40023576339379074	0.24974331257080346
0.3502346815049336	0.4001316664697323	0.24963365202533422
0.3500892530284162	0.4000934976337016	0.2498172493378823
0.35044841200820553	0.3998682200248176	0.249683367966977
0.3504484024403196	0.39986878557590233	0.24968281198377817
0.35045873670495126	0.39996910783256756	0.2495721554624813
0.350145042830774	0.40017114407276533	0.24968381309646073
0.3503503594407217	0.4000234695333724	0.249626171025906
0.35001248637133325	0.4002979646621577	0.24968954896650913
0.3500589643453456	0.400312250382701	0.24962878527195345
0.3504358807016938	0.39978309135747925	0.24978102794082702
0.3504078270075412	0.40000056700490283	0.2495916059875561
0.35035891124235025	0.39992682592826345	0.2497142628293864
0.35044888125321344	0.39986729064335025	0.24968382810343642
0.3503348798226569	0.39984508691498777	0.24982003326235547
0.35002270755088694	0.40024737629171026	0.24972991615740295
0.35006355322287935	0.4002748784333099	0.24966156834381087
0.3502930830906154	0.40000193743852136	0.2497049794708633
0.35004714479174626	0.40030446352635923	0.24964839168189462
0.3500554262932931	0.40013516714492164	0.24980940656178535
0.35035048642239336	0.4000741684491227	0.2495753451284841
0.35027616634081693	0.40013941515442286	0.24958441850476026
0.35002795549022514	0.4001802143481926	0.2497918301615823
0.35039799366132635	0.399854543869601	0.24974746246907276
0.35029987724501627	0.4000709600322109	0.24962916272277297
0.35013222313350223	0.40021779525405976	0.24964998161243812
0.35036025247293207	0.39981894369427995	0.2498208038327881
0.3503462038120653	0.4000826881357735	0.24957110805216126
0.35007043606165006	0.4001662062102751	0.249763357728075
0.3501954514914976	0.4001671425188572	0.2496374059896453
0.3503843023205937	0.3999250556735944	0.24969064200581206
0.3504395975544345	0.39980834265597853	0.2497520597895871
0.35022574130007345	0.3999729929325899	0.24980126576733674
0.35050920153101833	0.39979915438801067	0.2496916440809711
0.3500547739120539	0.4003668957561113	0.24957833033183494
0.35003711033947066	0.40017601525196456	0.2497868744085649
0.3504317299297961	0.3998115561391483	0.24975671393105567
0.3500064388273773	0.40033068687922735	0.24966287429339545
0.3501204751857874	0.4002265368899412	0.24965298792427149
0.3504459943346637	0.3999442699481275	0.2496097357172089
0.35005881824898183	0.40024090574527715	0.2497002760057411
0.3501184186297039	0.4000896874909929	0.24979189387930334
0.35028218223553265	0.4001078365505254	0.2496099812139421
0.350115459816093	0.400150335754114	0.2497342044297931
0.35050556693498186	0.3998585001871542	0.249635932877864
0.3500538277744454	0.4002613419554316	0.24968483027012317
0.35010851085485634	0.4001676893657845	0.2497237997793592
0.3502963088339056	0.3998889313727206	0.2498147597933739
0.35019549407087347	0.40008112772319665	0.24972337820593
0.3503289340002457	0.400106856040378	0.24956420995937645
0.35006974787829404	0.40013421098543306	0.24979604113627302
0.3501475508651629	0.4000949708860474	0.24975747824878974
0.35008197581583195	0.40022298208871687	0.24969504209545126
0.3504978579920818	0.39993442289340825	0.24956771911451012
0.35031145755538573	0.39996932707745037	0.24971921536716402
0.35007186058172185	0.40017237258926536	0.2497557668290129
0.3501724617501986	0.40000518896981585	0.24982234927998567
0.35024450047850764	0.4001692796934967	0.24958621982799573
0.3503807526358194	0.3998201467136451	0.24979910065053562
0.35018564566436927	0.40005102879661264	0.24976332553901817
0.3500991195789008	0.40014029991194633	0.249760580509153
0.35022668088255515	0.39996321591133155	0.24981010320611347
0.3503138580607327	0.4000480549305754	0.24963808700869206
0.35041241101870557	0.39986880146724896	0.24971878751404555
0.3503951968611279	0.39994279168140445	0.24966201145746775
0.35036162783016117	0.3998125473760622	0.24982582479377674
0.3501540506075255	0.400189016010723	0.2496569333817516
0.35026226167634333	0.39992974810489024	0.24980799021876654
0.3503853496292184	0.39999108632929753	0.24962356404148417
0.3501005890145686	0.40008241612616824	0.24981699485926326
0.35032210497083205	0.39986690313999207	0.24981099188917602
0.35051010946313865	0.39987578878118163	0.24961410175567977
0.35033078150155433	0.3999734380555714	0.24969578044287438
0.35025464404093554	0.39992830906734755	0.24981704689171697
0.35026270628838946	0.4001340048365494	0.24960328887506128
0.350174653744159	0.40016953332668487	0.24965581292915623
0.35022447804400597	0.39996805541655867	0.24980746653943542
0.3501977571688289	0.400072320322702	0.24972992250846918
0.3503577957804588	0.3999772738488796	0.2496649303706617
0.3502229887623807	0.4000625200406695	0.24971449119694986
0.350401656915652	0.39996763609197505	0.24963070699237305
0.3502283245468782	0.4001939825258821	0.2495776929272398
0.3502482515773713	0.40010481529091224	0.24964693313171654
0.3502305493190501	0.40005875396913504	0.24971069671181495
0.3500909169677469	0.40025047009415754	0.2496586129380956
0.350384113811007	0.40004562134382227	0.24957026484517086
0.35038401819153675	0.3999089569025491	0.2497070249059143
0.3504214605255235	0.39992813442533437	0.2496504050491422
0.35033831310602603	0.39998026201253756	0.2496814248814365
0.3501302438674738	0.40017185057887855	0.24969790555364776
0.3500963917704899	0.4002605716046868	0.2496430366248234
0.35003440060609986	0.4001834625600151	0.24978213683388517
0.35039220718732333	0.3998731075951788	0.24973468521749798
0.35038225885004143	0.3999573108655148	0.24966043028444387
0.3504386637407353	0.3997825153341995	0.24977882092506526
0.350252688810143	0.4000545575345139	0.2496927536553432
0.3501659635595707	0.4000229705969294	0.24981106584350005
0.35034385522718064	0.4000894879711901	0.24956665680162937
0.35026485201145835	0.4001529109720819	0.24958223701645987
0.35049411593713187	0.3999130168552822	0.24959286720758606
0.35036779081399766	0.39989586272895683	0.24973634645704562
0.35036144908616645	0.3999075015745027	0.2497310493393309
0.3501863710710006	0.40000924961197937	0.24980437931702015
0.35050713716619475	0.3997621846968913	0.24973067813691407
0.3503175315823161	0.40004445274224987	0.24963801567543414
0.3504045466482051	0.39987644808651773	0.24971900526527727
0.3501233297980273	0.40008858621020316	0.24978808399176966
0.35023295655995434	0.4001303376464776	0.24963670579356817
0.3500706409790174	0.4001347123390081	0.24979464668197457
0.3501963044132227	0.40002715252339305	0.24977654306338437
0.35012386677362795	0.4002617307803874	0.24961440244598476
0.35001637779558614	0.40026313765422367	0.24972048455019033
0.3503811815579241	0.4000152884399943	0.24960353000208177
0.35017161654705503	0.40009576032412325	0.24973262312882186
0.35006133584798127	0.4002438379552667	0.2496948261967522
0.35027020745062526	0.4001076621061975	0.24962213044317733
0.3500584536778286	0.4001832844494324	0.24975826187273914
0.35026359285756864	0.39995718315170903	0.24977922399072244
0.3503343375169068	0.4000973981980026	0.24956826428509066
0.3504041037456644	0.3997865352591736	0.24980936099516204
0.35034990123222787	0.39991514119046645	0.24973495757730582
0.35031311818749333	0.40004071614105696	0.24964616567144984
0.35029545781136845	0.3999016272414585	0.24980291494717316
0.3501195318604709	0.40024045651241413	0.24964001162711505
0.35039155854872805	0.3998430129100511	0.2497654285412209
0.35044487838956906	0.39977109107997477	0.24978403053045625
0.350443730273112	0.39981347786812305	0.24974279185876508
0.3504837109162601	0.39978469995393706	0.24973158912980292
0.35028418446796944	0.3999919408733627	0.24972387465866797
0.35008481467064123	0.40009210515650007	0.2498230801728588
0.35049413826371006	0.39991410097691615	0.24959176075937392
0.35012662529333205	0.4001116118449259	0.24976176286174215
0.35025805289034306	0.4001608460453072	0.24958110106434986
0.3503724056320047	0.4000533454665893	0.24957424890140603
0.35042073466276613	0.39978623420500564	0.24979303113222834
0.3500136247667481	0.4002940846366354	0.24969229059661663
0.35013423571650903	0.4000778343915532	0.24978792989193788
0.3502946583904026	0.39993696741704576	0.2497683741925518
0.3502544625192681	0.4000365155362283	0.24970902194450367
0.35031000778893623	0.3999236874922805	0.24976630471878336
0.35038529718471256	0.3998373875090935	0.24977731530619404
0.35039432192008424	0.39998494426465836	0.24962073381525746
0.35050333374076836	0.3997797592017608	0.24971690705747096
0.3501033162286421	0.40027465131389217	0.24962203245746578
0.350348306398407	0.3999722969128298	0.2496793966887633
0.3501908014351013	0.40010266938130096	0.24970652918359793
0.3505004570124764	0.39982194023531975	0.24967760275220396
0.35050927196943144	0.3998717844438248	0.24961894358674386
0.3501804485454939	0.4000499739275142	0.24976957752699203
0.3502175474554902	0.4001138532154141	0.24966859932909577
0.35016089462031236	0.40022767772034995	0.24961142765933778
0.35040110460273066	0.3999494595508888	0.24964943584638064
0.35047555394250585	0.39983125616256315	0.2496931898949311
0.3501026404173404	0.4000762443185598	0.24982111526409995
0.3501923388017693	0.4000876696625983	0.2497199915356325
0.350250793448515	0.4001326858875848	0.24961652066390028
0.35040916456654175	0.39987529353803464	0.2497155418954237
0.3502273880807355	0.4002061627167296	0.24956644920253498
0.35025546350734016	0.4000889956813468	0.24965554081131316
0.3502926074303272	0.4001435013567011	0.2495638912129718
0.3500181921712249	0.40020530995889425	0.24977649786988093
0.35006715333296384	0.4003187495520105	0.24961409711502575
0.3502149022675828	0.4000493870540142	0.24973571067840308
0.35002542922671787	0.40020435024223866	0.2497702205310436
0.350167884167157	0.40004128190747806	0.24979083392536505
0.35005216133831046	0.4003147980368967	0.24963304062479297
0.35039671550386103	0.39986097786412966	0.24974230663200936
0.3504194041895982	0.3998508044038461	0.24972979140655577
0.35005855618763004	0.40015423913701187	0.24978720467535817
0.35018749666572496	0.400011788077701	0.24980071525657416
0.3503381943489341	0.39987572471090393	0.2497860809401621
0.35049246294498926	0.399788243702003	0.24971929335300785
0.35033429761169343	0.40005822349159326	0.24960747889671347
0.3502979918837459	0.39993975083234434	0.2497622572839099
0.3501913596519681	0.40000612351013404	0.249802516837898
0.35010941797733836	0.40018942039091343	0.24970116163174838
0.350071520072445	0.40022429647196345	0.24970418345559164
0.35018350028109513	0.4001301759584449	0.2496863237604601
0.35003843946869634	0.4002169905400951	0.2497445699912087
0.35043185912652686	0.39981683360373665	0.2497513072697366
0.35043679404390776	0.39993094462372636	0.24963226133236593
0.35020386102983925	0.4000110888628189	0.24978505010734192
0.3503695747308338	0.3998259552501755	0.24980447001899078
0.35014850047550033	0.4002597991066155	0.24959170041788428
0.35047647723236797	0.39984485787514623	0.2496786648924859
0.35026143033214907	0.400161697351761	0.24957687231609005
0.35027814758280773	0.3999488364820306	0.24977301593516177
0.3501578965834141	0.40008351859795577	0.24975858481863025
0.3503742710742374	0.399992391928963	0.2496333369967997
0.350037996256391	0.40035692381940213	0.24960507992420702
0.3503234825632383	0.3999571904331371	0.2497193270036247
0.35015135780261203	0.40015620856436446	0.24969243363302362
0.35031716888132564	0.40010227782828733	0.24958055329038714
0.35016015659558425	0.40002756424240354	0.2498122791620123
0.3503266280681717	0.400105883548246	0.2495674883835824
0.3501880345285069	0.40002235038822886	0.2497896150832644
0.35028849935329626	0.400132860875851	0.24957863977085287
0.35045945637667564	0.3998758644147473	0.24966467920857718
0.3503508034927128	0.3999084862122976	0.24974071029498973
0.35015876755535913	0.40015956970052957	0.24968166274411138
0.3503409687843871	0.40005287431046577	0.24960615690514726
0.35040393472374326	0.39999272364793936	0.2496033416283175
0.35030009565949427	0.3998767922742528	0.24982311206625307
0.35033613244156625	0.4000361069039057	0.2496277606545282
0.3503688628107607	0.40004433855356536	0.24958679863567404
0.35012637271286295	0.40030573675618747	0.24956789053094974
0.3504967498106162	0.399828698853937	0.24967455133544691
0.3501826274038282	0.40004561601361366	0.24977175658255824
0.35017546521025245	0.40001357791353825	0.2498109568762094
0.35032658994212457	0.40005131219461265	0.2496220978632629
0.35018402696277134	0.4000211205774093	0.24979485245981947
0.35038231998899144	0.3999603799572905	0.2496573000537182
0.35040940443340207	0.40000343337151995	0.2495871621950781
0.35042309729295656	0.39991190688213696	0.24966499582490662
0.3500318062041079	0.40014690393095625	0.24982128986493596
0.3501160408291474	0.4002202872019258	0.24966367196892691
0.3503395458477869	0.399878788132362	0.24978166601985113
0.35020857441922854	0.4000698922965096	0.249721533284262
0.3502934120993805	0.39989480671130073	0.2498117811893189
0.35011433621568583	0.40023179235108275	0.24965387143323153
0.35005930826290094	0.4002759801436345	0.24966471159346468
0.35005333124417737	0.40025749588857773	0.249689172867245
0.35005145732937704	0.400168605516949	0.24977993715367408
0.3501998978541812	0.4001503268355875	0.2496497753102314
0.3503599213615808	0.39999708238605824	0.24964299625236114
0.35040934453991956	0.3998120876052433	0.24977856785483726
0.3503127134686417	0.40012329160161675	0.24956399492974168
0.3501909775942891	0.400110463274589	0.249698559131122
0.3500556962581771	0.40020844538102984	0.24973585836079312
0.35011072503000584	0.4001328533199146	0.24975642165007966
0.3504707662679969	0.39989618246239067	0.2496330512696125
0.3500550998926018	0.40012475698714356	0.24982014312025477
0.35043650017419803	0.39994759825052695	0.24961590157527513
0.35010655938418095	0.40029273231830426	0.2496007082975149
0.3502870529869494	0.40013775610059776	0.24957519091245292
0.35027591292158466	0.4001601364091496	0.24956395066926584
0.35008451707428484	0.4002098000454341	0.24970568288028117
0.35041915167998716	0.39977678940592243	0.24980405891409055
0.35027166299997603	0.4000006829137863	0.24972765408623773
0.3501953355887822	0.4001489091714463	0.24965575523977168
0.35038739745808367	0.3999652868135698	0.24964731572834664
0.3503715605533292	0.4000613309588569	0.2495671084878141
0.3500585017655049	0.4001247755732264	0.2498167226612688
0.3501539768078238	0.4001662235892915	0.24967979960288486
0.35001903446555027	0.4002741712163006	0.24970679431814924
0.3501162593414766	0.4000663951455034	0.2498173455130201
0.35036725826684634	0.399914143010655	0.24971859872249885
0.3502914609128315	0.4000546573417664	0.2496538817454023
0.35044928150492877	0.39987233751082957	0.24967838098424178
0.3502458556973913	0.40002585401043816	0.24972829029217064
0.35016861567448077	0.40006051194297293	0.24977087238254642
0.35019916297973297	0.4001430557571514	0.24965778126311572
0.35027556134972704	0.4001161560320722	0.24960828261820095
0.35010261634455325	0.4000717903950075	0.24982559326043938
0.3500558883800815	0.4003028790091888	0.24964123261072985
0.35027437630903835	0.39990666339882347	0.24981896029213826
0.35031408391043956	0.39999258292730816	0.2496933331622524
0.35023316909373364	0.4001467297731078	0.2496201011331587
0.3501374899167767	0.4000435989898315	0.24981891109339197
0.3502582555739407	0.40004108102054364	0.24970066340551578
0.35023431092781854	0.3999619661584675	0.24980372291371408
0.3505016013950954	0.39983639958517925	0.24966199901972547
0.3501121162937022	0.400170228734873	0.24971765497142495
0.35039853200321763	0.3999753867432506	0.24962608125353186
0.35032864873425823	0.4000409805302735	0.24963037073546834
0.3502651247384635	0.39996031111916586	0.24977456414237076
0.350152591665668	0.40024451203162437	0.24960289630270782
0.3501744656999563	0.40005700096340624	0.2497685333366376
0.3503484467444888	0.40004984888684214	0.24960170436866919
0.3502864380654702	0.39999931915748616	0.24971424277704374
0.35015540022223063	0.40009564360002525	0.24974895617774429
0.3503653060822476	0.40004904400971397	0.24958564990803855
0.35016387460678866	0.40011508851578764	0.2497210368774238
0.35037237316618197	0.4000607320748459	0.24956689475897226
0.35006500827466136	0.40022101836064383	0.2497139733646949
0.3503989452568956	0.3998296177666175	0.249771436976487
0.3504377934145871	0.3999541252653296	0.24960808132008344
0.3503888028000032	0.39988910126102234	0.24972209593897465
0.3500849066769136	0.40024933778697713	0.24966575553610942
0.35017275922298413	0.4000283597617056	0.24979888101531042
0.3501597172581807	0.4002294680907862	0.24961081465103324
0.3502911485754834	0.3999633343033753	0.24974551712114146
0.35038487655553846	0.3998943615673822	0.2497207618770795
0.35024248929510604	0.3999718036364596	0.24978570706843445
0.3502217827354782	0.40014160558670564	0.24963661167781626
0.3503999989401465	0.39981856774454094	0.24978143331531266
0.35013220252591326	0.4001638911730504	0.24970390630103645
0.35006505598557996	0.40011080246408026	0.24982414155033988
0.3504046844395986	0.3998195095403186	0.24977580602008292
0.35041134526230483	0.39992562399806697	0.24966303073962834
0.3501369673811425	0.4001749100718045	0.24968812254705303
0.35011978914004516	0.40023361942630425	0.24964659143365067
0.35010254028200566	0.4001555393163222	0.24974192040167223
0.3500117381216814	0.4002655140526557	0.249722747825663
0.35007900124881586	0.4002046474842047	0.24971635126697958
0.3501965520612808	0.40006531005634555	0.24973813788237376
0.3500876155884899	0.40022613722139766	0.24968624719011262
0.3503312250627459	0.40001139447938905	0.24965738045786517
0.35022149439194283	0.4000896843007342	0.24968882130732306
0.35050956625196805	0.3997973291146819	0.24969310463335015
0.35005347516534735	0.40024243074541677	0.249704094089236
0.35037052300226007	0.39986716891853363	0.2497623080792064
0.35047632112978394	0.3998246507815292	0.24969902808868702
0.35033541741611507	0.3998598768119612	0.24980470577192376
0.35037409755114723	0.39991707933066534	0.24970882311818757
0.35038919290538817	0.3999022754204961	0.24970853167411583
0.35005043150980686	0.4002379124564417	0.24971165603375156
0.35047852792526674	0.39989569333163555	0.2496257787430978
0.35032621757173443	0.3998619642992695	0.24981181812899617
0.3501663410318179	0.40012319760678616	0.24971046136139602
0.35024347430216496	0.40008681997810003	0.2496697057197351
0.35047788587316875	0.399876736211186	0.24964537791564534
0.3501274273857403	0.4000489854813848	0.24982358713287503
0.3501847630812501	0.4001047248189799	0.24971051209977008
0.35024470014053644	0.39998856903302066	0.24976673082644305
0.3504049927791598	0.40001590224164424	0.24957910497919605
0.35042612619903263	0.39989906411062315	0.24967480969034433
0.35029554333145085	0.3999584107544383	0.24974604591411098
0.350024561152801	0.4002547953993836	0.24972064344781553
0.3500817459505409	0.400115782188757	0.2498024718607022
0.3501950473101922	0.4000196712801438	0.24978528140966416
0.35021988181052244	0.39997369530833343	0.2498064228811442
0.3503071154125105	0.399958151117901	0.24973473346958863
0.35013417353140863	0.40017877348286424	0.2496870529857273
0.35034242439075547	0.39999741152974927	0.24966016407949537
0.3504622596205365	0.3997553134014505	0.24978242697801312
0.35037311358243994	0.39981328332875976	0.2498136030888004
0.35009379637940435	0.4001380754107662	0.24976812820982955
0.3502889905389809	0.4001222369067595	0.2495887725542597
0.3500180577600178	0.4002150455679139	0.24976689667206842
0.3500460371182839	0.4003013830720822	0.249652579809634
0.35011302220954765	0.4002177739348286	0.24966920385562386
0.3502005150404631	0.4002038032348816	0.24959568172465546
0.35005210896769307	0.4002442149781753	0.24970367605413174
0.35011320258986	0.4001254658452724	0.24976133156486768
0.35008388996517914	0.4001915788319125	0.24972453120290847
0.3503128523097401	0.3999845718617684	0.24970257582849165
0.3500856271932226	0.40034145789376907	0.24957291491300843
0.350012596184799	0.4002299629409791	0.24975744087422197
0.3504565460642591	0.3999154547634035	0.2496279991723375
0.35031520877732275	0.3999295482479932	0.24975524297468416
0.35040375269100654	0.3998175229579628	0.24977872435103074
0.3502980963618815	0.3999194171344728	0.2497824865036458
0.3503734829203668	0.3998013430328762	0.2498251740467571
0.35006045404280245	0.400127563227639	0.24981198272955868
0.3500397506552197	0.400194825631249	0.24976542371353144
0.3504324683158436	0.3998966680581352	0.24967086362602134
0.3501878488841734	0.40002007065139855	0.24979208046442813
0.3502741938116075	0.3999513512827443	0.24977445490564837
0.35047658636309675	0.3999571677304271	0.24956624590647625
0.35007678882761273	0.40011682559012024	0.24980638558226717
0.35047432790073557	0.3998028977224642	0.24972277437680035
0.35033364542224715	0.4000746606194809	0.24959169395827208
0.35008582099823643	0.4001520496031994	0.24976212939856432
0.3502725967143837	0.399906064451587	0.24982133883402943
0.3503976755886707	0.39993779851440214	0.2496645258969273
0.35031966860412705	0.3999479661034076	0.24973236529246545
0.3502492248968163	0.3999807011602113	0.24977007394297251
0.3504698317238494	0.3998816958388879	0.24964847243726285
0.3501042138100335	0.4001029895836942	0.2497927966062724
0.3504761048300013	0.3998013304693979	0.24972256470060086
0.35016767495897494	0.40016578664305535	0.24966653839796982
0.35024139032776824	0.40010836984709364	0.2496502398251382
0.35014624398799543	0.40020354832519306	0.2496502076868116
0.3503630167490308	0.3999317101247857	0.24970527312618362
0.3504157856324659	0.39995444172976696	0.24962977263776726
0.3501116060037345	0.4000764560837884	0.24981193791247724
0.3503365280475986	0.39986562499763856	0.24979784695476295
0.3500401582155792	0.40035087197515373	0.2496089698092672
0.35033555111285475	0.3998529589090868	0.24981148997805852
0.35008109314833313	0.4001651456781745	0.2497537611734925
0.3500355791333694	0.4003025989150061	0.24966182195162456
0.3503399556414544	0.4000774755162125	0.2495825688423332
0.3502699588766433	0.40000565088410683	0.24972439023924997
0.3503774056567251	0.39986378934244915	0.2497588050008259
0.3502543485687128	0.4000034127583955	0.2497422386728918
0.35007082878788437	0.4001625723531467	0.24976659885896907
0.3504197515327643	0.3999959812608188	0.24958426720641697
0.3500346274440032	0.4003464805589405	0.24961889199705642
0.35026952819401175	0.4000288032898277	0.24970166851616063
0.3503161277459477	0.39991871494696635	0.24976515730708604
0.350213116499687	0.4000521239235059	0.24973475957680719
0.3501820970339431	0.40004157812451335	0.2497763248415437
0.35025488389772597	0.4000756625126852	0.2496694535895889
0.3502710549691165	0.4001553483976235	0.24957359663326018
0.35040392130025516	0.40001953399830376	0.2495765447014412
0.35047163252819913	0.3999302783771527	0.24959808909464826
0.3502275573779337	0.40015442056611483	0.24961802205595157
0.35001239589358163	0.4003174562322702	0.2496701478741483
0.3504114046895169	0.3998129018123502	0.24977569349813294
0.35008317276180306	0.400118641194107	0.24979818604409007
0.3503580981199883	0.39999850750917987	0.24964339437083194
0.3503119529294834	0.4001112033483962	0.24957684372212047
0.35022076046750045	0.40007973424692445	0.24969950528557516
0.3502727191184614	0.4000476003557299	0.2496796805258088
0.3504965804862496	0.39989270649146114	0.24961071302228938
0.35047246199891424	0.3997753417606434	0.24975219624044248
0.3502112120505052	0.4002154657761664	0.2495733221733285
0.3504381887990544	0.3997767775346972	0.2497850336662485
0.35034954453511513	0.39988081016354204	0.24976964530134294
0.3502896835723668	0.4001165106000251	0.24959380582760823
0.3501210199641167	0.40026657171080315	0.24961240832508022
0.35026659859740417	0.40009035329083376	0.24964304811176213
0.35043156295589406	0.3998752632739116	0.24969317377019443
0.3501641582564709	0.4000858507164825	0.24974999102704676
0.3503617966989264	0.399878100258855	0.24976010304221866
0.35028688953466514	0.3999185095988514	0.2497946008664836
0.3500583627005697	0.40031150625246614	0.24963013104696424
0.35000754185764715	0.4002253110679429	0.24976714707441
0.3504185850711649	0.3998898063135712	0.24969160861526402
0.3501200649306042	0.4002261288704626	0.24965380619893326
0.3500945943601154	0.4002432890467029	0.24966211659318177
0.35027306490011756	0.3999874999798328	0.24973943512004976
0.3504119374604336	0.3998934903418864	0.24969457219768007
0.35040040984540427	0.399911780618016	0.24968780953657982
0.35046879174813783	0.3997716549096645	0.2497595533421978
0.3501710785487677	0.40001837148764585	0.24981054996358654
0.35049614240830435	0.3998332094995977	0.24967064809209805
0.3500505412131391	0.40036674924770516	0.24958270953915584
0.3502214913514366	0.39997027303533617	0.24980823561322732
0.3501962634021606	0.4000410891999056	0.2497626473979339
0.3502766552989946	0.4001477160946359	0.24957562860636961
0.35044978023500445	0.39988922685192396	0.24966099291307173
0.35014101321085445	0.4000937776824972	0.24976520910664846
0.35023720167228195	0.40013326045027575	0.24962953787744238
0.3503568126271475	0.40002346148182033	0.24961972589103223
0.35034052142506333	0.3999781251661673	0.24968135340876946
0.35043931035284365	0.3997866136689354	0.24977407597822104
0.3503235587200113	0.40006844598618974	0.24960799529379904
0.35034315220214174	0.39985151157335097	0.24980533622450743
0.3504513258461213	0.3999708436515475	0.24957783050233132
0.35006258787483285	0.4002249237662198	0.24971248835894744
0.3501015697272952	0.40017298510578636	0.2497254451669185
0.35048467050190674	0.39986082278673823	0.24965450671135517
0.3502551560664981	0.3999472948287113	0.24979754910479074
0.3501809826937806	0.40015029550012227	0.24966872180609723
0.3503057624834131	0.4001280390515978	0.24956619846498923
0.35004822295700555	0.40020955064337616	0.2497422263996184
0.35023818501756215	0.4001595940630418	0.24960222091939618
0.35006854523533293	0.40025319043119273	0.2496782643334745
0.35004381349577085	0.40029606517534355	0.2496601213288857
0.3503311012285683	0.39991136334984767	0.24975753542158413
0.3504253826709435	0.3998901803050141	0.24968443702404253
0.35049364073806766	0.3998455550373164	0.24966080422461606
0.3503514302639148	0.4000609895437096	0.24958758019237573
0.3504117221108845	0.39977930136479567	0.24980897652431988
0.350418145040218	0.3998454818718744	0.2497363730879077
0.350077974039327	0.4000964623790999	0.2498255635815732
0.3500630545374477	0.40011204277239076	0.2498249026901617
0.3504405587767243	0.3999728498270482	0.24958659139622755
0.35049568209529913	0.39981204304823204	0.24969227485646894
0.3504278319790479	0.3997915827930726	0.24978058522787955
0.3502393921532451	0.39993721674632376	0.24982339110043122
0.35015691760262624	0.40015219488244	0.24969088751493385
0.3502307369988379	0.40013553947627867	0.24963372352488356
0.3502750466609521	0.40014935573770805	0.24957559760133996
0.3500965798242956	0.4002555457601908	0.24964787441551373
0.3500761039205743	0.40028839107280645	0.24963550500661938
0.35023698077300497	0.40001957912147135	0.2497434401055238
0.350090793727351	0.4001324341498272	0.2497767721228219
0.35047448775773343	0.3999516357413827	0.24957387650088392
0.3501846715029607	0.40002455451863494	0.2497907739784045
0.3504573962176196	0.3999558481496794	0.24958675563270108
0.3504763549663389	0.3997916155771042	0.24973202945655706
0.35048051636735683	0.3998397455633409	0.2496797380693024
0.3503006526490362	0.40009743698962075	0.24960191036134316
0.35018114726501365	0.4001092647432682	0.24970958799171827
0.35044358333932235	0.39984995351268204	0.24970646314799566
0.35030234528796417	0.39994529642141374	0.2497523582906222
0.35036659416815674	0.40006763472005286	0.24956577111179054
0.3503370605288484	0.39990178047573255	0.2497611589954192
0.35034217036172427	0.39993029980302525	0.24972752983525054
0.3501796089810102	0.4002057311963584	0.2496146598226315
0.35026386893683115	0.4001130103049152	0.24962312075825377
0.3502726573910847	0.39990852450681885	0.24981881810209655
0.35040432992599624	0.3998157687697408	0.24977990130426309
0.35025880022213923	0.39993971616393914	0.24980148361392174
0.35015770138912067	0.40021918516711313	0.2496231134437663
0.35006986930639844	0.400364118789417	0.24956601190418465
0.3504389755594753	0.3998027311847006	0.24975829325582424
0.35022538567190475	0.4001513533384292	0.24962326098966617
0.3501018166363266	0.40015844303680487	0.24973974032686863
0.3500337180981039	0.40026526479108815	0.24970101711080808
0.350434210520362	0.39977423398658735	0.24979155549305074
0.3503904934844073	0.39979092404383076	0.24981858247176197
0.35049285585941964	0.39981620030230236	0.24969094383827814
0.35026697844737764	0.40013760681941346	0.249595414733209
0.3504621906572301	0.39984718470059777	0.2496906246421722
0.3501176518046085	0.4001617090807273	0.2497206391146643
0.35004794683257756	0.40030373136905	0.24964832179837254
0.3503057273598429	0.4000435649020601	0.2496507077380971
0.3500707101294027	0.4002405146099936	0.2496887752606038
0.35024405877757814	0.4000134293021542	0.2497425119202677
0.3503550243896819	0.4000129879547303	0.24963198765558786
0.35017146947984623	0.40004764988619834	0.2497808806339555
0.35032010184151746	0.3999431446811829	0.24973675347729973
0.350193787006179	0.4002037704533586	0.24960244254046257
0.3500607508084601	0.4003266624884136	0.24961258670312642
0.35017327358361905	0.4000574461851928	0.24976928023118827
0.35035471689675096	0.39993715783302747	0.24970812527022165
0.3504727117900614	0.39993716892972064	0.24959011928021807
0.3500552246107644	0.40030077263476327	0.2496440027544724
0.35047078738701143	0.3999053434873545	0.2496238691256342
0.35035678964688155	0.39996911100932864	0.2496740993437899
0.350349842571357	0.400044347522306	0.24960580990633707
0.35024127427645796	0.39995282248302444	0.24980590324051777
0.3504412142933712	0.3997706293551484	0.24978815635148052
0.3504847815734104	0.39980820378887316	0.24970701463771658
0.35001267871452885	0.4003191410255337	0.24966818025993756
0.3500781850668884	0.40012908780405815	0.2497927271290535
0.3500748287266444	0.40035156316381393	0.24957360810954182
0.35017923431220854	0.40017356012511257	0.249647205562679
0.35043566614940214	0.3997793362944246	0.2497849975561734
0.350424034208021	0.39993846378661974	0.2496375020053594
0.35010699332638107	0.4002376273508946	0.24965537932272447
0.35006522637787124	0.4003115123436498	0.24962326127847906
0.35035816935215125	0.4000019225682869	0.249639908079562
0.3503867799994577	0.3999211780443426	0.24969204195619982
0.3504362526859798	0.39991523871224427	0.24964850860177604
0.3501317484292237	0.40007531207061675	0.24979293950015968
0.35005161722385153	0.4001776071313952	0.24977077564475336
0.35010060234617096	0.4001252731177317	0.24977412453609743
0.35002551687501415	0.40025660081754266	0.24971788230744327
0.3500556088588006	0.40017962848348926	0.24976476265771028
0.35029400548999257	0.3998965644285827	0.24980943008142487
0.35043848334798694	0.3999598986543037	0.24960161799770944
0.35029873214195145	0.4000978300767566	0.24960343778129207
0.3502792751536925	0.39994267740858375	0.24977804743772383
0.35038662569850126	0.39979494400164817	0.2498184302998507
0.35047823119319	0.3998179607950506	0.2497038080117595
0.3503365471988765	0.3999367323045223	0.24972672049660122
0.3502829978004837	0.39997431443225073	0.24974268776726566
0.3501817333946383	0.40006546723405506	0.24975279937130673
0.35042396188287384	0.39981602239525826	0.24976001572186798
0.35012959834583623	0.40023372751733033	0.24963667413683355
0.3504769866857006	0.3998440167366375	0.24967899657766202
0.3503467292566267	0.39997337914611875	0.24967989159725468
0.3502347225833115	0.40017830190926507	0.24958697550742354
0.35045126697865125	0.3998668505332946	0.24968188248805423
0.350225141998738	0.4001146051416949	0.24966025285956725
0.3503423739649124	0.39989087078484187	0.24976675525024583
0.35044666232692534	0.39976274447086924	0.24979059320220556
0.350189027970796	0.4000646430612906	0.2497463289679135
0.3501603805483709	0.40003700139316345	0.24980261805846574
0.35033035524902334	0.40008429013242763	0.2495853546185491
0.3502971007503489	0.4001352847622364	0.24956761448741477
0.3504452405889258	0.39989952756856667	0.24965523184250765
0.3502315584630084	0.40017938452737695	0.24958905700961478
0.3504885809201331	0.39984341661120215	0.24966800246866488
0.3503458307701954	0.39994909743454604	0.2497050717952587
0.3503339904129552	0.39992408521250034	0.24974192437454457
0.35020564073860955	0.4000054449639344	0.24978891429745614
0.3503612891538986	0.40001899616566483	0.2496197146804367
0.35044371110035843	0.3997613892560275	0.24979489964361418
0.350055807324664	0.4003250080279035	0.2496191846474326
0.35025984232230734	0.40009851376314876	0.24964164391454402
0.3504648138081299	0.399946089152281	0.24958909703958926
0.3501129284995821	0.4000938273378662	0.24979324416255186
0.3504225166152028	0.39995803477743896	0.24961944860735835
0.3504423931720958	0.39999295455978123	0.24956465226812305
0.35036035262767035	0.399905265749077	0.24973438162325282
0.35015499955683976	0.4002393630734794	0.24960563736968094
0.3500239671734466	0.40018089794312295	0.24979513488343058
0.3502266784546279	0.4001751265940167	0.2495981949513555
0.350394778436533	0.39978595270328277	0.24981926886018435
0.35047165452788664	0.3998213219068	0.24970702356531346
0.350455279119007	0.39979102117532384	0.24975369970566932
0.35050611534875564	0.39982248796301034	0.24967139668823413
0.35018550307197766	0.40012499062714785	0.2496895063008746
0.3503115855728872	0.39986435524899516	0.24982405917811767
0.3501293593812449	0.4001964471282247	0.24967419349053052
0.35000508712003786	0.40036237835587274	0.24963253452408946
0.35035217100655375	0.3998268647506379	0.24982096424280847
0.35030913159061666	0.4000102668135971	0.24968060159578634
0.35045587125424116	0.3998998793839148	0.2496442493618441
0.35021238071641103	0.4001374722338485	0.2496501470497406
0.35045494636769625	0.3999015350618955	0.24964351857040834
0.3500888523839966	0.4001375026294899	0.24977364498651358
0.3502106113671133	0.4000435152096279	0.24974587342325894
0.35034245698834454	0.39988942375248065	0.24976811925917486
0.35020107317672905	0.4001926172081971	0.24960630961507396
0.3501748581958064	0.4001953805642919	0.24962976123990183
0.350319370513682	0.4000075006826438	0.24967312880367434
0.3503530021235789	0.39998854687887786	0.24965845099754336
0.3504163068573679	0.3999230620002796	0.24966063114235257
0.3502415821944385	0.4000531409991102	0.24970527680645138
0.35012307271310317	0.40008737155124285	0.24978955573565412
0.35043137329700075	0.3999318057297687	0.24963682097323064
0.35050381179987367	0.39987706728072714	0.2496191209193993
0.3502779047861883	0.3999432228468085	0.24977887236700325
0.35017086758633276	0.40025519661503134	0.24957393579863602
0.3503992580503443	0.39995219710556484	0.249648544844091
0.35047985427525596	0.3998301120399664	0.24969003368477774
0.35032857970148223	0.3998513812860736	0.24982003901244423
0.35009713874069487	0.40020958916289684	0.24969327209640846
0.35023441214343143	0.40019386006578367	0.24957172779078501
0.35005033446324096	0.4002062996570481	0.24974336587971102
0.35047023484940654	0.3999060404244083	0.24962372472618527
0.3503051725952367	0.40001421264913306	0.24968061475563036
0.35034631333066596	0.4000680270681999	0.2495856596011343
0.35016318271582864	0.40006084506326633	0.24977597222090517
0.35045613326694847	0.39985404254110385	0.2496898241919478
0.35050331363959064	0.399926111029358	0.24957057533105148
0.35042185769143464	0.39998143923818213	0.24959670307038334
0.3504006821810784	0.3998734973301	0.24972582048882175
0.35032011085810294	0.4000734798508763	0.24960640929102085
0.3504825218678346	0.3998947342840483	0.24962274384811722
0.35017077613501024	0.40024623513509017	0.24958298872989967
0.35024606388083096	0.40004807773992185	0.24970585837924728
0.3504560537261077	0.39990295733947234	0.24964098893442008
0.3502916136128985	0.3999686719265406	0.24973971446056098
0.35040356720302684	0.3999206100609314	0.24967582273604183
0.35017185670122963	0.40020483961447834	0.2496233036842921
0.3500195421801438	0.40027655811337204	0.2497038997064842
0.35042244139986256	0.399937917851488	0.24963964074864953
0.35022720752602265	0.40002505390525	0.24974773856872748
0.3500454009171136	0.4002794923362989	0.2496751067465876
0.3502531535558504	0.400141757339366	0.24960508910478368
0.35048640003256093	0.3998193010355102	0.24969429893192896
0.3502400948961497	0.40006957496935247	0.24969033013449787
