0.12640778669515546	0.40133612431439397	0.4722560889904507
0.12932710467794883	0.40138390603324064	0.46928898928881063
0.12238139690123734	0.40153313217076425	0.4760854709279985
0.1267824099283676	0.39898716622258745	0.47423042384904507
0.13644211188408412	0.3954657311266141	0.4680921569893019
0.1446320058287936	0.38329358976388195	0.4720744044073246
0.15370791401384232	0.38534310973895813	0.46094897624719966
0.13918180914957143	0.391498054530891	0.46932013631953773
0.14715537473513618	0.3854811263749503	0.46736349888991363
0.13511216721409433	0.3932271958703592	0.4716606369155466
0.13866143196342098	0.396165768531331	0.46517279950524815
0.14712166822294812	0.38370314181534504	0.469175189961707
0.1379579104166786	0.3918674913957823	0.4701745981875392
0.12363287448398225	0.4000763575333974	0.4762907679826205
0.13970262439657172	0.4002203606376018	0.46007701496582654
0.15428086643390077	0.3866924638792301	0.4590266696868692
0.14354677880134417	0.38314599315054004	0.47330722804811587
0.13516473424823378	0.3873377736619675	0.47749749208979886
0.14125099499120847	0.3945140491632544	0.46423495584553726
0.13841785521909658	0.389125123128251	0.4724570216526526
0.15065230524504974	0.38565832177946996	0.4636893729754804
0.15724956621030728	0.3844252630127587	0.45832517077693413
0.14783277345922674	0.38415181310859836	0.468015413432175
0.1345311040467576	0.3884920223531878	0.4769768736000547
0.14357863527369108	0.38232765579630623	0.4740937089300028
0.1356725358463647	0.38991432161880357	0.47441314253483186
0.14614726242152548	0.3932908476778748	0.46056188990059976
0.14215102495942447	0.3864450111867255	0.4714039638538502
0.13120655321187985	0.39839950074828473	0.47039394603983553
0.15303474007133372	0.38694058094449096	0.46002467898417543
0.14074626222271447	0.39066802469151096	0.4685857130857747
0.14746312873445427	0.3951143391316422	0.4574225321339037
0.13366337972057263	0.40015444353444724	0.46618217674498025
0.154894232167466	0.38529464036175876	0.45981112747077535
0.14603573247195395	0.38264419807713906	0.4713200694509071
0.13927688495122598	0.3887905675321984	0.47193254751657576
0.12957662071801263	0.3948020254553765	0.47562135382661097
0.1457361976497379	0.3949535886779034	0.45931021367235886
0.13143557556659363	0.39866273544771497	0.4699016889856915
0.15093421007400037	0.391823293735723	0.45724249619027674
0.12347345137169485	0.39760054902429975	0.4789259996040055
0.1379957081321822	0.3895395678280496	0.47246472403976825
0.13023133655740426	0.39735304498362073	0.4724156184589752
0.13540477308117221	0.3967009949068032	0.46789423201202474
0.1332432855543175	0.39638300044617686	0.4703737139995058
0.13845728196471685	0.3904680032324362	0.4710747148028471
0.13296784286618413	0.3943254818651726	0.4727066752686434
0.12420374663786504	0.3988259864455026	0.47697026691663247
0.13852150140387587	0.38764782294933064	0.4738306756467936
0.14381283390899213	0.3826506147737778	0.47353655131723016
0.14097534639920373	0.39094421577819716	0.4680804378225992
0.15198999850765094	0.38401939689173314	0.46399060460061603
0.14648850644254469	0.3916053346255756	0.4619061589318798
0.147710369144062	0.38690116195403534	0.4653884689019028
0.1448845648329172	0.38389381575454384	0.47122161941253904
0.15059336711082627	0.39193782339703864	0.4574688094921352
0.13478096028375766	0.39170556770552345	0.473513472010719
0.14175787884467353	0.384199532715711	0.47404258843961555
0.15498091422341348	0.38485129560566805	0.4601677901709186
0.14110489554516709	0.3862076611442568	0.4726874433105762
0.13965688870552456	0.3873774630722996	0.47296564822217596
0.13995980213429426	0.40055682351814487	0.4594833743475609
0.13412950962684306	0.3891550655959183	0.47671542477723877
0.14288202921546372	0.38588198469740276	0.4712359860871336
0.14156422175809374	0.38840478268483436	0.47003099555707206
0.13918842672863324	0.38682808628621146	0.4739834869851554
0.12065431384083775	0.3993167002182286	0.4800289859409338
0.13470616086371573	0.39556471815385075	0.4697291209824337
0.14799816652518205	0.38596934583143466	0.46603248764338345
0.13044319147232947	0.3932086022947665	0.4763482062329042
0.14016536061824608	0.39119034119941637	0.46864429818233766
0.14362695403065062	0.38262394513796416	0.47374910083138533
0.14735097975225742	0.383428143360744	0.4692208768869987
0.1449558929039983	0.3934548297243577	0.4615892773716441
0.11976247461388503	0.40037184347595084	0.4798656819101642
0.12994832242204296	0.3933559928750824	0.47669568470287477
0.1460372808691969	0.39572621348374093	0.4582365056470623
0.12465481834268305	0.40139391836361815	0.47395126329369897
0.14140627278055815	0.3940261494631633	0.4645675777562787
0.14000054189757777	0.3898267599262728	0.47017269817614954
0.1444592661590489	0.3965997009371352	0.45894103290381605
0.14098830087750386	0.3959222603093705	0.46308943881312575
0.1417082701269309	0.3931939476951112	0.46509778217795805
0.1397179629047381	0.38416459835397615	0.47611743874128587
0.13426749393907833	0.38596112218701994	0.47977138387390184
0.14235700247037741	0.3841370650622757	0.47350593246734707
0.13824332604272527	0.38539390777229465	0.4763627661849802
0.12619677669604995	0.3975339885421242	0.4762692347618259
0.1328807907635941	0.38881519281413046	0.4783040164222756
0.1380027756395371	0.4007910431358437	0.46120618122461937
0.1500297749394627	0.39244763525436166	0.4575225898061757
0.14831285591569676	0.39305450944099385	0.4586326346433095
0.14814553694888344	0.38262542677560785	0.4692290362755088
0.13963804763817306	0.38450595651536496	0.4758559958464621
0.146926210246203	0.3930143374000683	0.4600594523537288
0.14863715499392527	0.38952323212534723	0.4618396128807276
0.1515542767850855	0.3845398701839809	0.4639058530309337
0.12528351495229054	0.3956487889282981	0.4790676961194116
0.14573114307477508	0.39466925736381664	0.4595995995614084
0.14643654833220754	0.3839094255129939	0.4696540261547987
0.14561291907818014	0.39510517107948084	0.4592819098423392
0.14398891097664057	0.3860817318059037	0.4699293572174558
0.1470249697524567	0.3906855798321158	0.46228945041542757
0.1499875059712515	0.3887402695491665	0.4612722244795821
0.13432526906612716	0.3941554678214004	0.4715192631124726
0.15241816146521533	0.38395915994057683	0.4636226785942079
0.14125305782535696	0.3978268915916232	0.46092005058301994
0.14708350917263124	0.3938066476158968	0.4591098432114721
0.15384829213727913	0.3849191793062972	0.46123252855642377
0.1445045651344427	0.3859271962553065	0.4695682386102509
0.14927772328830508	0.39181395886280174	0.4589083178488933
0.13925956044177357	0.3896710747652779	0.4710693647929486
0.13742152075119873	0.38461734994019103	0.47796112930861034
0.1551925399397675	0.38344210301024667	0.461365357049986
0.15802914613537433	0.3829617422644011	0.4590091116002247
0.1498750076830448	0.3921450226462928	0.45797996967066257
0.12819340196729181	0.3986311591751279	0.4731754388575804
0.12732978534358902	0.39907606953658464	0.47359414511982645
0.12470065512702186	0.3976548788343921	0.47764446603858624
0.12899018899299763	0.3954917917010586	0.4755180193059439
0.12554824368863465	0.3953351458699401	0.47911661044142534
0.13904043902543797	0.39639353669696176	0.46456602427760035
0.14418561107031463	0.3925554150194883	0.4632589739101971
0.13502984909044735	0.3968860269807037	0.46808412392884907
0.14035169598445207	0.3877202062253961	0.471928097790152
0.13792386525132005	0.3886237949942127	0.47345233975446743
0.12592839023323743	0.396807685253554	0.4772639245132087
0.13979175851199666	0.38859606717378015	0.47161217431422336
0.14574757948848607	0.3835794373358018	0.47067298317571227
0.13644355258854035	0.38558001765468214	0.4779764297567776
0.14092988953948232	0.3934946290583208	0.465575481402197
0.1351749929207446	0.39804119558982676	0.4667838114894287
0.14754385739280157	0.39363985187555406	0.4588162907316445
0.14953975027587824	0.3846991458982357	0.4657611038258862
0.14305055235405012	0.38639259749171545	0.47055685015423454
0.1366003162242094	0.3879276355337428	0.4754720482420479
0.136135571297023	0.3874057008096966	0.4764587278932805
0.13048025246549433	0.39106917166638966	0.4784505758681161
0.1453108631324061	0.39396964844692217	0.4607194884206719
0.1386922853202997	0.3948170767572543	0.4664906379224461
0.13482194504658188	0.3980578418561585	0.4671202130972597
0.1507219499434822	0.38959442956839785	0.45968362048812006
0.1385952017434581	0.3962286156891177	0.4651761825674243
0.12163655085227351	0.3993588791311957	0.4790045700165309
0.13716152840335566	0.38379707141507935	0.4790414001815651
0.13191082593722833	0.3965584493203404	0.4715307247424314
0.1328193317111302	0.3929317995729365	0.4742488687159334
0.12486851095462653	0.4010449502377249	0.47408653880764867
0.137016431320619	0.3843384503568986	0.47864511832248247
0.13922720527201626	0.3885006628217165	0.4722721319062673
0.1530827228298271	0.38546517365535626	0.4614521035148167
0.139697372884621	0.38907024839645665	0.4712323787189225
0.13340406517028558	0.39286020459815646	0.47373573023155807
0.14280555688785607	0.39457468030865117	0.46261976280349293
0.13779790613272325	0.38571023238690383	0.47649186148037304
0.1397421773973656	0.38463287618614955	0.475624946416485
0.14959827717218843	0.3845120392448197	0.465889683582992
0.1406663794220171	0.3930420049860924	0.46629161559189064
0.1352924065527268	0.3901352320690797	0.47457236137819364
0.13651380282292894	0.3976457013850899	0.4658404957919813
0.14478603524974348	0.38377466437796526	0.4714393003722914
0.13788273188594768	0.39101540237503873	0.4711018657390137
0.13685904150107916	0.38514272324872667	0.4779982352501943
0.14118898816112355	0.3828682564108885	0.47594275542798803
0.14411143316954164	0.3878089591361528	0.4680796076943057
0.132075143311994	0.38853169080053096	0.47939316588747516
0.13009488076080467	0.3955518710809438	0.47435324815825164
0.12694542855800472	0.396781541383438	0.47627303005855737
0.1454259418837657	0.3909943942566082	0.46357966385962623
0.15035024563220734	0.38976958525449024	0.45988016911330254
0.13427486259548221	0.39872450016767635	0.4670006372368416
0.1367527112229381	0.3881279666189351	0.4751193221581269
0.1266524773805907	0.39452327482298444	0.47882424779642496
0.136318213451835	0.39787790638317394	0.4658038801649912
0.12914966386218796	0.4014958836258322	0.46935445251198
0.13582853063145944	0.3975928830428811	0.4665785863256596
0.1291894625472266	0.3920125646878795	0.478797972764894
0.14484298486571118	0.39326750907480296	0.461889506059486
0.12685512822454487	0.4010466774757053	0.4720981942997499
0.1378214263762208	0.3895039243589607	0.4726746492648186
0.13530188884844602	0.40024832980165004	0.4644497813499041
0.14014716152233425	0.40056295198150904	0.4592898864961568
0.14120208806510956	0.3956099652441867	0.4631879466907039
0.14061287962974078	0.39139656394711553	0.4679905564231438
0.13103035804146382	0.40016824470766527	0.46880139725087105
0.13336724242812178	0.39484392903096893	0.47178882854090937
0.13253808878759782	0.4012938401396683	0.466168071072734
0.14102060818605175	0.39036844920415215	0.46861094260979624
0.1371449443487912	0.3862429300802737	0.4766121255709352
0.12587062810366167	0.3952804379781204	0.478848933918218
0.12940563507131939	0.4004639575291238	0.4701304073995569
0.1515534746342308	0.3827861112673549	0.4656604140984144
0.1431385441907905	0.38230099940458095	0.4745604564046287
0.14432410453814537	0.3876365348399773	0.46803936062187745
0.12505852017374147	0.4004113523401147	0.474530127486144
0.13732048221088472	0.3839079683139312	0.47877154947518424
0.12841181200610202	0.3990590761094621	0.472529111884436
0.1261521334950432	0.4003685335424314	0.47347933296252553
0.1380125078722977	0.39467037613552053	0.46731711599218184
0.1358182729372271	0.3915867085443747	0.47259501851839836
0.13879937785069707	0.38867675108967714	0.4725238710596259
0.14697436075139791	0.38627420981083543	0.4667514294377668
0.14440516700794165	0.3867896389502867	0.4688051940417718
0.1305386006975296	0.3999135612897533	0.46954783801271727
0.1492165948462263	0.3914236917866156	0.4593597133671582
0.14011499185976095	0.393002485845401	0.4668825222948382
0.14574303916262976	0.39541313743207473	0.4588438234052956
0.1373246992957452	0.38857033196701796	0.474104968737237
0.13358122143171536	0.4012313895125553	0.46518738905572943
0.14012932092623848	0.4014888105311142	0.4583818685426475
0.14569227901715393	0.3895292757500549	0.4647784452327913
0.13531109876771222	0.3935448918297137	0.47114400940257417
0.14523270997036847	0.39366867076988377	0.4610986192597479
0.14007981983676432	0.39766417974855134	0.4622560004146845
0.14444781109371405	0.39293605822375327	0.4626161306825328
0.13398817276771685	0.38981482868316497	0.4761969985491183
0.14362451185911757	0.39406681329553345	0.4623086748453491
0.14367077832357944	0.39105067575872665	0.465278545917694
0.1258814919165424	0.3971646151780503	0.4769538929054074
0.13971690526837946	0.3839136316102883	0.4763694631213324
0.14036986860922313	0.39891874883280515	0.46071138255797184
0.12013733320158898	0.39991249138014084	0.47995017541827023
0.14964999560298148	0.3930239376844321	0.4573260667125865
0.14216850513097695	0.38346579645986023	0.47436569840916293
0.13685891071490025	0.38565171470036647	0.47748937458473345
0.12085355251825175	0.3990921818177847	0.48005426566396364
0.14221977011692483	0.3844263445747034	0.47335388530837186
0.13637308281171823	0.4005858340704555	0.4630410831178264
0.1393117599459449	0.3891790173984153	0.4715092226556399
0.13944793310430703	0.3968008323802734	0.46375123451541966
0.14079880360656874	0.3974250657544691	0.4617761306389622
0.12372948085477886	0.3986713218446651	0.47759919730055617
0.12629738707500646	0.3996043033534803	0.47409830957151333
0.1401947571592351	0.3994930805577638	0.46031216228300126
0.14463267570142857	0.3951048231697776	0.46026250112879397
0.13997039087209495	0.3848402057787462	0.47518940334915893
0.14814210819833007	0.39471244651778903	0.457145445283881
0.12055780664451182	0.4011364315188234	0.47830576183666484
0.14474694625939652	0.382466965120271	0.47278608862033256
0.1408298189593437	0.40157950026371636	0.45759068077694004
0.1395987908306098	0.40144244600440804	0.4589587631649823
0.13798954781593226	0.3972287634407583	0.4647816887433096
0.13108396283349613	0.4012468350645053	0.4676692021019987
0.14656358849734397	0.39157739801550945	0.4618590134871467
0.13348599085586338	0.3948380265577809	0.47167598258635585
0.14603701541969955	0.38260039337630464	0.471362591203996
0.14331702944028427	0.39588224439397834	0.46080072616573753
0.14273368847528917	0.38876333598196666	0.4685029755427443
0.1393947734873869	0.3838086177842842	0.47679660872832896
0.13479056313608723	0.3987411550539071	0.46646828181000577
0.13044790459729447	0.40042260763877335	0.4691294877639324
0.14256539108040417	0.3860995229948178	0.47133508592477813
0.14019809000525793	0.39866994088529817	0.461131969109444
0.13068546142004028	0.3992599921155437	0.47005454646441613
0.14896692115211835	0.38618622836219707	0.46484685048568475
0.12259877236650979	0.39965537904596193	0.4777458485875284
0.14532159723664803	0.39455035257970644	0.46012805018364566
0.14632150097584523	0.3878625470792234	0.46581595194493153
0.1417172769741084	0.3863651308503818	0.4719175921755099
0.1368461030561435	0.38582061554772845	0.4773332813961282
0.13795503470626463	0.38436444133318315	0.4776805239605524
0.14286632074641434	0.39102933290222863	0.4661043463513571
0.12530958312299617	0.3977506236801851	0.4769397931968189
0.1372434425535052	0.38971724055901974	0.4730393168874752
0.14845254960717957	0.3828102274436974	0.4687372229491231
0.13002116392923388	0.4011068279781414	0.46887200809262486
0.13780536385692352	0.39282065203182914	0.4693739841112474
0.12254356399372168	0.3990402560786983	0.4784161799275801
0.13401414000828538	0.39820587577037614	0.46777998422133854
0.1515304265660153	0.38595702901070444	0.4625125444232804
0.1414214411280949	0.3983996677931576	0.46017889107874754
0.12466025986772428	0.399981830076832	0.4753579100554438
0.1438727780162647	0.3933054261369149	0.4628217958468206
0.14736740303502646	0.38792729107669355	0.46470530588828013
0.1502328146183753	0.38382702444475775	0.4659401609368671
0.12715971958370564	0.3981208165579211	0.47471946385837344
0.13060047866924618	0.3956178574489266	0.47378166388182735
0.14390668075440477	0.38782114892845954	0.46827217031713586
0.13385700634238107	0.3916594344928103	0.4744835591648088
0.13277559141373446	0.39417534244245306	0.4730490661438126
0.13772535073915587	0.39649357421556	0.4657810750452843
0.14989873764247785	0.3865357428093784	0.46356551954814385
0.15025929975223595	0.38925349277696664	0.4604872074707975
0.13936184986348532	0.39694916820057974	0.463688981935935
0.1539806424096784	0.38668724866695664	0.45933210892336507
0.14428543269889776	0.39152881645161025	0.4641857508494921
0.15475437472933673	0.387736057008507	0.4575095682621564
0.1537939273699632	0.38502928060297203	0.46117679202706485
0.13268503261892567	0.39717577795109377	0.4701391894299807
0.1409646313448181	0.39441746499430136	0.4646179036608806
0.14277278176969146	0.3945467471025665	0.46268047112774213
0.14049249675402753	0.38617244799162537	0.47333505525434727
0.1236137398886919	0.39983098527599104	0.4765552748353171
0.14820392580583558	0.38549650186762136	0.4662995723265432
0.14764316623214913	0.3822894705634078	0.4700673632044432
0.12161516095500413	0.39845250339637667	0.4799323356486193
0.13840327552455267	0.39745062404772624	0.4641461004277212
0.15169405586649765	0.38351052362941473	0.46479542050408773
0.13476819362581402	0.39848804198386373	0.4667437643903224
0.12543757176968745	0.3954443619591586	0.47911806627115405
0.152952342682111	0.38529231486312937	0.46175534245475974
0.13230932383014213	0.3978001619088481	0.4698905142610099
0.13592618192279238	0.3914446001651964	0.47262921791201135
0.146207993524617	0.3841590827106177	0.4696329237647654
0.15640295984388253	0.38575429255024474	0.45784274760587285
0.14499409296618454	0.3863249270979921	0.46868097993582347
0.1368162734476946	0.4012669193029149	0.46191680724939055
0.14099692463600488	0.39903533642678246	0.45996773893721277
0.12740548543933175	0.3966955625522969	0.4758989520083715
0.13137343873619173	0.3960439799272303	0.47258258133657804
0.12736619757805073	0.4011390646157994	0.47149473780615
0.1264575517191448	0.3980027107472458	0.4755397375336095
0.14725294928675647	0.38923321247244197	0.4635138382408017
0.13365603999076942	0.4004194290200202	0.4659245309892105
0.13278473102236094	0.39011156292686594	0.47710370605077324
0.15422253529271207	0.38581619639418	0.459961268313108
0.1387592826899102	0.38827678748759054	0.47296392982249935
0.13320100420671432	0.3875027494946322	0.47929624629865364
0.13422397526464822	0.40142680271833825	0.4643492220170137
0.1398268616709425	0.388110643866273	0.47206249446278464
0.1352942326109891	0.3981731599985294	0.46653260739048164
0.1536584175464458	0.3865732445992736	0.45976833785428073
0.1496828623633228	0.38695946316857743	0.46335767446809994
0.1407828525489736	0.39247330661486324	0.46674384083616327
0.12443782503335543	0.3973527869322916	0.4782093880343531
0.13480691827676572	0.39612619147087397	0.4690668902523604
0.1290642467981536	0.3956719834718844	0.4752637697299621
0.13263925374101532	0.3972308568766519	0.4701298893823329
0.13734612109308966	0.3868641805775935	0.475789698329317
0.14395770738620958	0.3975070223507623	0.4585352702630282
0.13633879915244912	0.3975419759431801	0.46611922490437097
0.14467482264866482	0.3914208277721396	0.4639043495791957
0.1388618089589802	0.39193728306850956	0.46920090797251035
0.14946324885043538	0.3824989402861872	0.4680378108633775
0.15382275935372014	0.3887862608786774	0.45739097976760257
0.13037168005622596	0.39236010862896625	0.4772682113148079
0.13858590187258646	0.4010850548453112	0.46032904328210245
0.12881446051577097	0.39797898118960406	0.4732065582946251
0.14404420139187346	0.3969194063733916	0.459036392234735
0.12251362949918268	0.3986211762521416	0.4788651942486759
0.13726519999676695	0.39391220799515436	0.46882259200807874
0.1289260380947066	0.40001183663302897	0.47106212527226454
0.1258957253735923	0.4006210735663731	0.4734832010600347
0.13757469624295904	0.3934250135075276	0.4690002902495135
0.12882831145653306	0.3925071673040921	0.478664521239375
0.1396396475041473	0.3966619406650288	0.463698411830824
0.14900333710641234	0.3841167822172734	0.46687988067631436
0.14527797022715194	0.39328720121133465	0.4614348285615135
0.13702799869716395	0.3878030947401366	0.4751689065626996
0.15437951765016095	0.38451351311426496	0.46110696923557426
0.13222704317343426	0.3941418738245382	0.4736310830020277
0.15028278539386547	0.38724176476245237	0.4624754498436823
0.14393076424666362	0.3853855227348362	0.4706837130185003
0.12979324148389726	0.3983375811064411	0.47186917740966183
0.14670987401246133	0.39447188387634385	0.45881824211119493
0.13618015663052757	0.39602200753244615	0.4677978358370264
0.13347279506871357	0.40151784510229116	0.4650093598289954
0.13410241697034445	0.3877190853839871	0.4781784976456686
0.13487775797243357	0.3969283666127046	0.468193875414862
0.13126471309689358	0.39123153976135966	0.4775037471417469
0.14820748090475172	0.38358985965373255	0.4682026594415159
0.13532441607302076	0.3882541871962335	0.47642139673074585
0.12952617532987817	0.3985246917358937	0.47194913293422824
0.15702461506256138	0.3843051447834265	0.45867024015401225
0.13361496461798805	0.39213953116724737	0.4742455042147647
0.13340738140815084	0.3883238144805598	0.47826880411128947
0.1478182138868703	0.3827826148083335	0.46939917130479636
0.13070457978344657	0.3991187204264751	0.4701766997900784
0.13957543624023752	0.38923250201921183	0.4711920617405507
0.15343200812261842	0.385425925634969	0.4611420662424126
0.12582091215584573	0.3946384867129273	0.47954060113122715
0.14859110958368288	0.39274933005456114	0.45865956036175615
0.1463870474035731	0.39376590190361505	0.45984705069281195
0.12151308415005885	0.4006641298387772	0.4778227860111641
0.14694823311063643	0.3847241757741478	0.4683275911152158
0.13305558941619336	0.39309301617275494	0.47385139441105184
0.14603869270794417	0.3913003453071905	0.4626609619848655
0.15882315636274377	0.38313574930670014	0.4580410943305562
0.13700276057843291	0.38458961313399753	0.4784076262875697
0.1426393060526724	0.39853388960702646	0.4588268043403012
0.1514711156964193	0.3857731954535584	0.4627556888500224
0.14249020175932697	0.3906984529883043	0.4668113452523689
0.1288936171753699	0.4011069490311456	0.46999943379348463
0.1312606475112968	0.3981117862926746	0.47062756619602875
0.13639133778790097	0.39820469413942566	0.4654039680726735
0.15732109338313996	0.3846697814738729	0.4580091251429873
0.13813405114922261	0.3944920706319318	0.4673738782188457
0.1468149256816657	0.38293245112164626	0.47025262319668815
0.14780752223871796	0.3836386650224929	0.46855381273878927
0.14934907596774072	0.39184237918832276	0.4588085448439366
0.1368679780549702	0.38911852616349873	0.47401349578153124
0.11934712446242016	0.401386912143166	0.4792659633944139
0.13491056760318237	0.3967046070287952	0.46838482536802256
0.13962146585452098	0.3874098356902219	0.47296869845525724
0.14167507475203972	0.39518732928378053	0.4631375959641798
0.14331273701967234	0.38303727222774747	0.4736499907525803
0.13539927555227219	0.3917201441261596	0.4728805803215683
0.14970983561923812	0.3895554022133878	0.4607347621673742
0.13419715490110798	0.39319802868181797	0.47260481641707414
0.12934699727686144	0.39957266535117025	0.4710803373719684
0.15761265976588862	0.38368339023671394	0.45870394999739755
0.14238349170102177	0.39506238565839713	0.4625541226405812
0.15373984828580406	0.38417049060513686	0.4620896611090592
0.14756841393682552	0.3830471111160696	0.469384474947105
0.13235645769853438	0.39884291524968424	0.4688006270517815
0.1396238297273712	0.3973441042931597	0.4630320659794692
0.13420507732123993	0.3970291964701887	0.4687657262085715
0.15183365293217901	0.38387789186770893	0.4642884552001122
0.12597614841237165	0.3987620213136197	0.4752618302740087
0.1281854966277316	0.39740300133521794	0.4744115020370505
0.14444659651654357	0.38580294221993067	0.46975046126352593
0.148161149110086	0.38536363957126946	0.46647521131864467
0.14112484026967181	0.39790722452103083	0.46096793520929746
0.13491651848349198	0.39211473978553735	0.4729687417309708
0.1320908851831215	0.3914694588203038	0.4764396559965748
0.1276097727199909	0.39914614110344504	0.47324408617656416
0.13850966271719506	0.4016367620716263	0.4598535752111788
0.1262094872302965	0.40080699934497893	0.47298351342472467
0.13564158450753103	0.39622770596164425	0.4681307095308248
0.1275234569038815	0.400615399016921	0.47186114407919766
0.1463235141123785	0.39441008616333	0.4592663997242916
0.12191593523708733	0.3995990894883691	0.47848497527454376
0.14263353975652404	0.39852300765872883	0.45884345258474724
0.13371516110395282	0.39370878013967436	0.472576058756373
0.11949644639311052	0.4008514575677871	0.4796520960391025
0.141178613492645	0.39803171034900836	0.46078967615834676
0.1440154329005786	0.38293810573464504	0.4730464613647765
0.14260858407486116	0.39125974688520454	0.46613166903993447
0.13466688502816454	0.38801280479195543	0.4773203101798802
0.1343550321671262	0.3865633912091565	0.4790815766237174
0.12855994754059608	0.39733137374093297	0.47410867871847107
0.1545772053199926	0.3838664257599403	0.46155636892006724
0.1427683352312219	0.3915145809196875	0.4657170838490907
0.1511223549094317	0.3822758523198278	0.4666017927707406
0.13173662082714022	0.4002220662520725	0.4680413129207874
0.13794715388766363	0.4012958419589927	0.46075700415334375
0.1396065331793008	0.39959064496762975	0.46080282185306964
0.1485977592343159	0.3923272607724543	0.45907497999322994
0.14406987099415014	0.3914990131354592	0.46443111587039076
0.1422420423387767	0.3947788825860599	0.4629790750751635
0.1286069771288914	0.39861155862823533	0.4727814642428734
0.135097249715666	0.38888118156677864	0.4760215687175554
0.1433600692181184	0.3937741284161869	0.46286580236569486
0.12942645050593277	0.3994111644930412	0.47116238500102614
0.1338150494035038	0.3951014679804464	0.47108348261604993
0.13962891200680183	0.3910308349493057	0.4693402530438926
0.15121296650181937	0.38939476605656587	0.4593922674416149
0.15083883834342687	0.3851407933170823	0.4640203683394909
0.140576014220885	0.38721567993919614	0.4722083058399189
0.1417941405637207	0.3900341109000447	0.4681717485362347
0.12756643175919058	0.3976901209393594	0.4747434473014501
0.157665449981475	0.38502897888714993	0.4573055711313752
0.1513323812045746	0.3883594034793469	0.4603082153160787
0.14105930017721885	0.39968260653622445	0.4592580932865568
0.1369946913240721	0.39282606106990814	0.47017924760601987
0.1320233652867882	0.39487076868227877	0.47310586603093313
0.12780460660633935	0.3962299748060012	0.4759654185876596
0.1443527591091133	0.3888381628446099	0.4668090780462769
0.15700333161829472	0.38394556739967756	0.45905110098202784
0.13662876536251678	0.38426374601739594	0.47910748862008734
0.13673692018053013	0.3979180128752121	0.46534506694425787
0.12439655198967195	0.39706627482107815	0.47853717318925004
0.14992656229363555	0.39136376493072256	0.458709672775642
0.14368508354996498	0.396025859639066	0.46028905681096915
0.13920379841968092	0.3858772001285973	0.47491900145172194
0.14945873254431757	0.38956481191007875	0.46097645554560385
0.14314019794405275	0.3984856528526337	0.45837414920331365
0.14743331841172008	0.38445243583881256	0.4681142457494675
0.1446793589963096	0.38325919555620963	0.47206144544748085
0.1478032668071439	0.39063264181508145	0.46156409137777477
0.14981011862121146	0.38355285059344957	0.46663703078533914
0.1240197603315164	0.3993135718825146	0.4766666677859691
0.12646002883121268	0.3981780324220861	0.4753619387467013
0.1460491547419766	0.38452907908832856	0.469421766169695
0.1282198316459383	0.39600223760453457	0.47577793074952723
0.12554466194953864	0.39941280228785336	0.47504253576260813
0.13878919166062895	0.4016002376365305	0.45961057070284067
0.1212787241618552	0.40028385512240205	0.4784374207157429
0.12343082653599208	0.3978252049560976	0.47874396850791046
0.13486944883906607	0.39711697243242905	0.468013578728505
0.14708674939139338	0.38298062275239475	0.469932627856212
0.1543018588035151	0.3849832668464497	0.46071487435003533
0.15582313218232807	0.38344478046465025	0.4607320873530218
0.13795397099244688	0.3855013919379252	0.4765446370696281
0.14057937448364013	0.3845819643556335	0.4748386611607265
0.12427933156260204	0.40152274355136536	0.47419792488603274
0.13403337637506063	0.4000264017939956	0.46594022183094386
0.1338351308302261	0.3925971818392192	0.47356768733055477
0.1440286595233449	0.3872965528427616	0.46867478763389364
0.12742614925642307	0.3934842552490061	0.479089595494571
0.14522398387637775	0.3975751015323825	0.4572009145912399
0.1513546831122023	0.3869493783536045	0.46169593853419333
0.15509198986313244	0.3868097745014382	0.4580982356354295
0.13949007049376966	0.39251128611284475	0.4679986433933857
0.15023780515853924	0.3848159550267628	0.46494623981469807
0.14493649938557865	0.38274089547565393	0.4723226051387675
0.14129616265975659	0.3844688946149627	0.47423494272528083
0.13433155013527742	0.3924022244931439	0.4732662253715788
0.14288244020384178	0.3970095436447427	0.4601080161514156
0.14365723436075017	0.38532532709076966	0.4710174385484803
0.12646767926597763	0.39442465544647515	0.47910766528754734
0.1381152378158057	0.38759043189995174	0.47429433028424267
0.1585599583319608	0.3835123112121278	0.4579277304559115
0.15742976178602047	0.3846146840529762	0.4579555541610034
0.15574403704408296	0.3826930185290636	0.4615629444268535
0.14930820036729958	0.38891366063209365	0.4617781390006069
0.135702822231651	0.3991532120724907	0.4651439656958584
0.14148665080303224	0.39077899382612774	0.4677343553708402
0.14055124499033964	0.38903783503340733	0.4704109199762532
0.14458272492108654	0.3873167075130605	0.46810056756585305
0.135907952765226	0.3987863814778225	0.46530566575695154
0.14587879958556885	0.3906572811884238	0.46346391922600744
0.1348966777500169	0.3981619875285004	0.46694133472148275
0.1369471229623621	0.3952134217373975	0.4678394553002405
0.14211252651879663	0.38938262270808766	0.4685048507731158
0.13953316765027557	0.3851292606909801	0.47533757165874446
0.14491729955849397	0.39473029655148484	0.4603524038900213
0.15017444468433022	0.3864855408374664	0.4633400144782035
0.15051970523346497	0.39130645076063686	0.45817384400589833
0.12463025965165014	0.39798115135842693	0.477388588989923
0.14645819222671042	0.388636897156579	0.4649049106167107
0.13179776690233846	0.3983857949962343	0.46981643810142737
0.15042765565276228	0.3854205137094955	0.4641518306377424
0.1281628541150377	0.4013633256603343	0.4704738202246282
0.13790128925009343	0.3924601745385887	0.46963853621131796
0.15179102323859742	0.3837485752993306	0.4644604014620721
0.12155334575451404	0.401138938519615	0.47730771572587105
0.1498511514864974	0.3853647540853411	0.4647840944281616
0.15166865809207597	0.38983562257665977	0.45849571933126443
0.14398044781696107	0.3945335087174774	0.46148604346556166
0.14821132946166637	0.3874677326433406	0.4643209378949931
0.13444529354947238	0.3888947788970946	0.4766599275534331
0.14931538475567852	0.3879117561723048	0.4627728590720168
0.12713716399621283	0.39803825687303834	0.47482457913074894
0.14050441716781345	0.3834895017650374	0.47600608106714926
0.13729701084034673	0.3962257163888945	0.46647727277075884
0.14799643315757838	0.38603329031885364	0.4659702765235681
0.15247856983225266	0.3861041839762178	0.4614172461915297
0.15037187954842496	0.38542394025989063	0.4642041801916845
0.12969109245476446	0.3966427070435265	0.47366620050170916
0.1544942792330509	0.38682585162785027	0.458679869139099
0.14662234505672722	0.39110936075938635	0.46226829418388654
0.13223774960755247	0.3897511641194382	0.47801108627300937
0.147600861696026	0.3877098701953677	0.46468926810860645
0.13935679869797912	0.39905786033809965	0.4615853409639214
0.1278532037137277	0.3936254430055295	0.47852135328074297
0.1254501518934079	0.3993506861855181	0.47519916192107414
0.14093775498152156	0.38397631230849166	0.4750859327099869
0.1338132437221883	0.3976337380349241	0.46855301824288775
0.14525359795565201	0.3851870799753733	0.46955932206897477
0.132054532917128	0.3881669860244489	0.47977848105842325
0.14862365652534992	0.38881154207573865	0.46256480139891154
0.13299608352529713	0.3887786514401989	0.4782252650345041
0.14186029225937086	0.3904478851871864	0.4676918225534428
0.13452176547108738	0.39048072783717497	0.4749975066917378
0.1319341825887386	0.3904039075322704	0.47766190987899115
0.1307940637874635	0.40015523370161277	0.46905070251092384
0.13807932094645986	0.38696907528037433	0.4749516037731659
0.14406966782007863	0.3847428513874187	0.47118748079250283
0.13921448195515293	0.38262698566361775	0.47815853238122946
0.12189445720680336	0.4000548548713042	0.47805068792189254
0.1433533950613567	0.3915892972210709	0.46505730771757253
0.12791650701009974	0.39268913545711026	0.47939435753279014
0.13658530707367036	0.3962091162761803	0.46720557665014945
0.14900372791660044	0.3865635253957742	0.46443274668762546
0.12278856154974588	0.40045266678777824	0.47675877166247593
0.14220974974045703	0.3986658169305847	0.45912443332895836
0.12336147150477958	0.3993678681413152	0.4772706603539053
0.14314877167162463	0.38481601285288425	0.4720352154754912
0.144353846072444	0.3881249665627848	0.4675211873647714
0.1452908526410859	0.38886623526335307	0.46584291209556117
0.12316155224576042	0.4007304750395754	0.4761079727146643
0.1382325364080927	0.38366872563618065	0.47809873795572677
0.13237010278987893	0.395268777464685	0.47236111974543626
0.12999073290408306	0.39805966222581896	0.47194960487009807
0.15200555595724752	0.3887644324643252	0.4592300115784274
0.15113539518649544	0.3881211111492096	0.4607434936642951
0.14522035025348956	0.38933638073884735	0.4654432690076632
0.12364571365423252	0.4005018911206659	0.47585239522510164
0.13636622991002573	0.39423146944105814	0.4694023006489162
0.15857545182322252	0.38424249840923685	0.45718204976754073
0.13955071933668012	0.387016143346874	0.473433137316446
0.12765241267340763	0.3952867443318733	0.47706084299471924
0.14415150542588712	0.39626237674001463	0.45958611783409836
0.14538330596214133	0.39166121645500157	0.4629554775828572
0.14124012103848613	0.3861811490879011	0.47257872987361293
0.13990787464165644	0.3828145152133749	0.47727761014496883
0.14174928270527754	0.39295901626812085	0.4652917010266017
0.13887890743730527	0.39792752141925464	0.46319357114344023
0.13785691358225186	0.3857388674255072	0.476404218992241
0.13871495831802433	0.4005857578568949	0.46069928382508085
0.1417096963901267	0.38975987623920716	0.4685304273706662
0.14569056326114116	0.39115930887791234	0.4631501278609466
0.14114400608641745	0.3839161503368905	0.47493984357669217
0.13548516188929244	0.3852771136117325	0.47923772449897517
0.13191144192351947	0.38839338906113635	0.4796951690153443
0.1368197573417539	0.3933673894103317	0.46981285324791455
0.15116794737568912	0.38345451748819437	0.4653775351361166
0.12845787545119036	0.3919071783207509	0.4796349462280589
0.13584594799136954	0.39848487614383127	0.4656691758647993
0.14106065877484156	0.3957249622755243	0.46321437894963424
0.12382552785544798	0.397063902589574	0.4791105695549781
0.13903296392919492	0.3838221567411922	0.477144879329613
0.13333678313054897	0.39424409404665833	0.47241912282279286
0.12885970967113292	0.3954136048393172	0.47572668548955
0.13003559435855866	0.39344467096451197	0.47651973467692954
0.1422817819088255	0.3868337615286171	0.4708844565625575
0.12316896972869368	0.4001520435311791	0.4766789867401273
0.14383682515125765	0.39174850113813464	0.46441467371060785
0.12932981945366512	0.39492084487817647	0.4757493356681585
0.14159477457316907	0.3917676448207531	0.46663758060607796
0.1322434610686543	0.3966193649035915	0.47113717402775435
0.1260223090344359	0.3962644366342074	0.4777132543313568
0.1424706224556583	0.3861048766658879	0.47142450087845394
0.15274944274410335	0.38418729721497824	0.4630632600409186
0.12981684686577888	0.3907617886486703	0.47942136448555095
0.1343823416968183	0.39628573681435186	0.46933192148882996
0.13967050481782928	0.39364954883234804	0.4666799463498228
0.14412877872107194	0.3867562681938578	0.4691149530850704
0.15046855250505542	0.38659217861069395	0.46293926888425074
0.1311495694379438	0.39942785527074864	0.46942257529130765
0.13460217488039128	0.3891331798455038	0.47626464527410506
0.12883954202733647	0.395256094332939	0.47590436363972466
0.14930043782125066	0.392143330778331	0.45855623140041846
0.13620442047965026	0.38592177254446974	0.4778738069758801
0.13158019758703587	0.3994118316938214	0.4690079707191429
0.1265462979332176	0.39833958740447495	0.4751141146623076
0.12559817861925626	0.4007048312918582	0.47369699008888566
0.13608546580224654	0.38443313925379896	0.4794813949439546
0.14912319217049647	0.38502479768783726	0.46585201014166644
0.1449560542067635	0.3907640878190346	0.46427985797420207
0.14621672166791594	0.38316045140567223	0.47062282692641194
0.1427122673983113	0.3879766442279904	0.4693110883736984
0.1436978382153179	0.39549762520954973	0.4608045365751325
0.1406173175825528	0.38271815561176253	0.4766645268056848
0.14875340319192565	0.3880416681760472	0.4632049286320273
0.12104270337518735	0.39971467989958664	0.47924261672522606
0.13322937453599307	0.39670034937006343	0.4700702760939436
0.13520336974897748	0.3887000398017359	0.47609659044928676
0.1397481536453089	0.39613107887181087	0.46412076748288034
0.13636978946170586	0.3990093941922802	0.46462081634601404
0.14681095693433938	0.3925736170018649	0.46061542606379585
0.14999481880626242	0.39074862287839773	0.45925655831533996
0.12968419482480603	0.3910215055466397	0.4792942996285544
0.15127195670748125	0.3824076149344119	0.46632042835810694
0.1214176538656648	0.3998591929282428	0.4787231532060925
0.12546225254304688	0.3948094341646729	0.4797283132922803
0.14476323070872427	0.38831659163765336	0.4669201776536225
0.1418743438103658	0.38575671558364477	0.47236894060598955
0.13596500823797003	0.3973619017999913	0.46667308996203877
0.15178409793926181	0.3875614313364242	0.4606544707243141
0.12496952905821235	0.3958747720521033	0.47915569888968446
0.14776046910733515	0.39116976372860846	0.4610697671640565
0.1384532997710218	0.39289995952936585	0.46864674069961243
0.13674109294093179	0.38888468345499216	0.4743742236040762
0.13854440558305883	0.3886122873943348	0.4728433070226066
0.1348086468931873	0.3996065799861541	0.4655847731206587
0.13736025448083905	0.3888868159578409	0.4737529295613202
0.12551865370079446	0.39944164751479444	0.4750396987844112
0.13716765911840456	0.4003880836024031	0.46244425727919247
0.1358008255847381	0.38688773584853925	0.47731143856672276
0.1453386551085601	0.3950977973938893	0.4595635474975508
0.14717751381516597	0.38593156429685055	0.4668909218879836
0.14810226013772188	0.3937760713353802	0.45812166852689806
0.14135934989420543	0.3895556313174585	0.4690850187883362
0.14089261521808777	0.3974290644620583	0.461678320319854
0.1405411726882349	0.39149880908791423	0.46796001822385097
0.12503953825046663	0.39498279650700807	0.4799776652425254
0.12085302094073072	0.40089877973014615	0.4782481993291232
0.12777315270678574	0.39582729267798034	0.4763995546152341
0.14548512631043303	0.3844823033145837	0.47003257037498336
0.13662257620893042	0.3959596256422333	0.46741779814883644
0.13538736629447495	0.3878703758469228	0.47674225785860236
0.156134441548002	0.3833225550756575	0.46054300337634063
0.13281339617316196	0.3993715593645272	0.46781504446231104
0.1495113816331126	0.38404781443581265	0.4664408039310749
0.14675323688684952	0.3898992844915645	0.4633474786215861
0.14239067915979453	0.3903273896189185	0.4672819312212871
0.1385335118787055	0.3981750128979645	0.46329147522333014
0.15158814652664376	0.3829699052382618	0.46544194823509455
0.13449049702411736	0.3995808291316734	0.46592867384420933
0.1433448926188496	0.3882534254260868	0.4684016819550637
0.13963281070723144	0.4016352370841748	0.4587319522085939
