0.37334087985133757	0.37588361044594626	0.2507755097027163
0.3732431501728402	0.37587752546626096	0.25087932436089894
0.3732854515336397	0.3758040982445841	0.2509104502217764
0.3732441332965891	0.37581473297467194	0.250941133728739
0.3733238565272013	0.37587541213884484	0.250800731333954
0.3732596375474336	0.3759617089692072	0.2507786534833593
0.3731960804917729	0.3759839628373988	0.2508199566708284
0.37315496588975333	0.37596730228788655	0.2508777318223603
0.3732499732885884	0.3758489688132655	0.2509010578981462
0.3732142539829483	0.37599571373647456	0.2507900322805773
0.37331466960120024	0.37585031308180206	0.2508350173169978
0.37323289636415785	0.37583038542865305	0.2509367182071892
0.37316458996425	0.37595161342630967	0.25088379660944043
0.3732536706378113	0.37593464575933905	0.2508116836028498
0.3732129495067944	0.37592222805543984	0.2508648224377658
0.3733324644115678	0.3757873389732592	0.25088019661517313
0.3732047738217661	0.37588045331562103	0.250914772862613
0.3731369921059786	0.37599918603555077	0.25086382185847067
0.3731876497438652	0.3758747870538496	0.25093756320228533
0.3731481043110482	0.3759579176622839	0.250893978026668
0.37327101254169515	0.3758937226571003	0.25083526480120466
0.37334125483227293	0.37583896182130216	0.2508197833464251
0.3732457078488939	0.3759232435447209	0.2508310486063854
0.3732772357950507	0.37582862939370676	0.2508941348112426
0.3732238148256365	0.3759962714587252	0.2507799137156384
0.37322664343644607	0.3759924490730921	0.25078090749046195
0.37320484891769556	0.37588191388019454	0.25091323720211
0.3732313694208107	0.37588343839654315	0.2508851921826463
0.3731058321464882	0.37599956873939455	0.2508945991141174
0.3733129920958895	0.37590863450119777	0.25077837340291287
0.3732921236087737	0.3757894243023038	0.2509184520889226
0.37318952573272657	0.37598206954795416	0.2508284047193194
0.37329906727562	0.3759029232102191	0.250798009514161
0.3732854550596547	0.3759387560506154	0.25077578888973007
0.37316092439464904	0.3759343400750366	0.2509047355303144
0.37317563930120073	0.37603845090457644	0.25078590979422294
0.3732187863008701	0.3759257379150585	0.2508554757840715
0.3732329817957128	0.3759850720176358	0.2507819461866515
0.37320348640078493	0.3759218066195564	0.2508747069796588
0.3732600984130164	0.3759642676489706	0.25077563393801316
0.37312776327455016	0.37604089256166695	0.250831344163783
0.37311265145294353	0.375939147814062	0.25094820073299456
0.3732439699731702	0.3759772974493873	0.2507787325774426
0.3732038426576893	0.3759405021225138	0.250855655219797
0.3733053898282589	0.37589650835168686	0.25079810182005435
0.3732140828404576	0.37594026461235286	0.2508456525471896
0.37312677819822526	0.3760256923617898	0.250847529439985
0.3733185003140118	0.3757889806455609	0.2508925190404274
0.37314552393459094	0.3760007171428178	0.2508537589225914
0.3732577090092043	0.3759158327584158	0.25082645823238003
0.37330825459211375	0.37580960255960294	0.2508821428482834
0.37330303685695176	0.3759106903050911	0.25078627283795724
0.3733442307076894	0.3758455268786546	0.2508102424136561
0.3732522686717191	0.3758867620773859	0.25086096925089507
0.37319270818712963	0.3760335839539194	0.2507737078589511
0.37318933184137565	0.3759694241007936	0.2508412440578309
0.3733058703769693	0.37584593697301677	0.25084819265001407
0.37317472719592754	0.375903833139259	0.25092143966481356
0.37315477263548213	0.3759638366884559	0.2508813906760621
0.37317931152036987	0.37587077940485814	0.2509499090747721
0.37317614698665563	0.3758823668830083	0.2509414861303362
0.37322491987109746	0.3758343853592306	0.250940694769672
0.3732451699058985	0.37594892541704	0.25080590467706165
0.3733144413982631	0.3758036984770464	0.2508818601246906
0.3732045907190448	0.37590802948483476	0.2508873797961205
0.3732151048815012	0.37601567219897547	0.2507692229195234
0.3732255403861575	0.37597821209696963	0.2507962475168729
0.37322680158190774	0.37583762955361727	0.2509355688644751
0.373263953261519	0.37582763142314063	0.25090841531534047
0.37319209061720193	0.37589435810383226	0.2509135512789659
0.37329509758951307	0.3758540886915525	0.25085081371893453
0.37324666441866694	0.37582653447414527	0.25092680110718796
0.37334553781578717	0.3758222562964391	0.2508322058877738
0.37311095933182564	0.3759988272926969	0.25089021337547757
0.3731675613148353	0.3759697974979023	0.2508626411872625
0.37313542416864853	0.3760179028681861	0.2508466729631655
0.3731595795066609	0.3759445617409875	0.25089585875235176
0.3731176196903263	0.37598026271419227	0.25090211759548153
0.3732515887644554	0.37586192150093045	0.25088648973461425
0.37330476662967776	0.3758303994622408	0.25086483390808156
0.37324545576608487	0.3758748402649353	0.25087970396897996
0.37322472001338675	0.37595382975538205	0.25082145023123126
0.3731668025403964	0.3760320609123854	0.25080113654721836
0.3731508647333118	0.37597893838633706	0.25087019688035117
0.3733188474192735	0.3758727412216031	0.2508084113591235
0.37327780030706187	0.37590194578116465	0.2508202539117736
0.3732373496234105	0.3758069815572329	0.2509556688193567
0.37314379014854715	0.3760138585027258	0.25084235134872723
0.37315066068955416	0.37591022826318876	0.2509391110472572
0.37329831636421246	0.375893563360129	0.25080812027565863
0.3732182808061022	0.37591940112115446	0.25086231807274345
0.3731524736448543	0.3759331702160086	0.2509143561391372
0.3732244042776539	0.37596647299029784	0.25080912273204836
0.3731379394734428	0.37597007496111196	0.2508919855654453
0.37326983884931975	0.37586900149995317	0.2508611596507272
0.3732638684494721	0.37586597036549385	0.2508701611850342
0.37323350087768914	0.3759582276355014	0.25080827148680956
0.37324540139536466	0.3758987943100238	0.25085580429461163
0.3732126826801482	0.37590462079274933	0.2508826965271026
0.3731738020433886	0.37603432229023503	0.2507918756663764
0.3732217373018389	0.3759366216434242	0.25084164105473705
0.3733318996517408	0.3757891975457671	0.25087890280249214
0.3732975114886765	0.3758088479024104	0.2508936406089131
0.3732172281658165	0.37590817754293765	0.25087459429124603
0.37327273360709895	0.37580010955567467	0.2509271568372265
0.373118444779953	0.37602014901198183	0.2508614062080653
0.37329083335133223	0.37593191415169463	0.25077725249697325
0.37318939619287855	0.3759173662694213	0.2508932375377002
0.37316470499833027	0.37588025611034664	0.25095503889132326
0.3732516869358147	0.3758793167222946	0.2508689963418908
0.3732014193889571	0.3759943951424395	0.2508041854686035
0.37310939278512845	0.37603356976216096	0.2508570374527107
0.37318185394962733	0.37597951898515913	0.25083862706521365
0.37314321688394214	0.3759100597471847	0.2509467233688732
0.37326116861635383	0.3759268862082469	0.2508119451753994
0.37328810486638064	0.37590510846354847	0.250806786670071
0.3732100404059408	0.37595002718374776	0.25083993241031155
0.37328609387317846	0.3758452218714869	0.25086868425533476
0.3733079672200059	0.3757840206699657	0.25090801211002856
0.37323712865207853	0.3759652318367506	0.25079763951117096
0.3732172230036787	0.37584948242245264	0.2509332945738688
0.373177077820889	0.3760022346809827	0.25082068749812836
0.37326653371361973	0.3759408280308067	0.25079263825557363
0.37317700109841784	0.37602217098086677	0.2508008279207155
0.3732090141196116	0.37592146651177716	0.2508695193686113
0.3732453128346265	0.37583415870904346	0.25092052845633017
0.3732417580201074	0.3758099532001008	0.2509482887797919
0.3731455169468155	0.37590841757467186	0.2509460654785127
0.37317897180557263	0.3759216029363554	0.2508994252580721
0.3732625091482031	0.37582644550697364	0.2509110453448234
0.3731681790299021	0.37589369324920185	0.25093812772089613
0.3731294210244892	0.3759134173803497	0.2509571615951611
0.37310524103881165	0.37600479602131864	0.25088996293986976
0.3732681358630555	0.37583312631080595	0.25089873782613864
0.37311861057582624	0.3759990229517177	0.25088236647245615
0.3732241770205351	0.37589456302606156	0.2508812599534034
0.37327400935406563	0.3758863126518344	0.25083967799410006
0.373160692193134	0.37603906130851733	0.25080024649834876
0.3731782516874185	0.37600030337460233	0.25082144493797925
0.3731518007277069	0.3759937309603782	0.25085446831191505
0.3732270856166418	0.37588189722583937	0.25089101715751894
0.37330764268173866	0.3758223353291728	0.25087002198908864
0.37316435286932464	0.3760328615555246	0.2508027855751508
0.3731436448909115	0.375916405059943	0.2509399500491456
0.37325624991666323	0.37583346842944365	0.25091028165389323
0.37314803247208606	0.3760429363043235	0.25080903122359055
0.3732429176600491	0.37586675510891376	0.25089032723103727
0.3731890533013028	0.3758777584322008	0.2509331882664966
0.3732184277248814	0.3758909795020999	0.25089059277301884
0.3731867064417818	0.37588820328512185	0.25092509027309645
0.3731547563868842	0.37604446272052683	0.25080078089258906
0.37320188120521114	0.37597273712784673	0.2508253816669422
0.37319483404431325	0.37602737988130325	0.25077778607438356
0.3733020504415522	0.37589295301429415	0.2508049965441538
0.37321650784931215	0.3759959771615252	0.25078751498916274
0.37325035197514966	0.37594852293748465	0.25080112508736574
0.3731373175839436	0.3759956760947173	0.25086700632133924
0.3733319090326751	0.37589228750051873	0.25077580346680634
0.3732550249897084	0.375946473674838	0.25079850133545367
0.37326433117164115	0.37594349581558967	0.2507921730127693
0.37323047830871026	0.37586547140895016	0.2509040502823397
0.3731317698949483	0.37591430623395106	0.25095392387110077
0.37333499547984467	0.37586091044332226	0.25080409407683324
0.3733235276990621	0.37587686789441543	0.2507996044065226
0.37319586219316614	0.3758561914375449	0.25094794636928913
0.37312660321689484	0.37593815143009335	0.25093524535301187
0.3731923510833709	0.3759399996909017	0.25086764922572746
0.3733325466935298	0.3758073521378898	0.2508601011685805
0.3731458662111875	0.37603945166259967	0.25081468212621294
0.37319447485319457	0.3759248693364824	0.25088065581032315
0.373162987865175	0.37596578564827693	0.25087122648654814
0.3732160181889943	0.3759007205428875	0.25088326126811833
0.3732436754004968	0.37597156255225805	0.2507847620472453
0.3733277274993054	0.3758384504408886	0.2508338220598061
0.3733323320195398	0.37579597266373893	0.2508716953167214
0.3732025096450091	0.37600473437180604	0.25079275598318496
0.3732563894144886	0.3757898062303142	0.2509538043551973
0.37333866663532705	0.37578296950176204	0.250878363862911
0.3733127764779132	0.37589724816004594	0.25078997536204095
0.37322163638606576	0.3758566426649672	0.25092172094896714
0.3731656975862089	0.37590801158856557	0.25092629082522566
0.3732314195351833	0.3758311634524888	0.250937417012328
0.3733155873776113	0.3758163473124259	0.2508680653099629
0.3733296863049843	0.3758509947281333	0.2508193189668825
0.3732506107221694	0.37586399648323415	0.25088539279459654
0.37312364314446067	0.3759478196596159	0.25092853719592356
0.37316490170120287	0.3758948795698021	0.2509402187289951
0.3732953057679698	0.3758753337839489	0.25082936044808146
0.37316632129187977	0.3759764890549071	0.25085718965321324
0.3731159234869752	0.3759551514893082	0.2509289250237167
0.3731993276961922	0.3759697203561799	0.25083095194762806
0.3731076346393678	0.37593756469255435	0.25095480066807796
0.3732950775194671	0.37593466979396767	0.2507702526865654
0.37323429493152094	0.37597632556012645	0.2507893795083527
0.3732906334657456	0.3758957772582614	0.2508135892759931
0.3731024379978737	0.3759855957545824	0.250911966247544
0.3732099123356629	0.3760063954089895	0.2507836922553477
0.3731682505883429	0.37588635011186766	0.25094539929978954
0.37324083341417025	0.3758687132788395	0.25089045330699045
0.37313721125695476	0.3760080213172536	0.25085476742579177
0.3731271627059509	0.37600551855045183	0.25086731874359736
0.3732782750827521	0.37584500300126156	0.2508767219159865
0.37323381454469173	0.3758476701618018	0.2509185152935065
0.37321833693448975	0.37593284183527326	0.2508488212302371
0.37322081982035366	0.37590626531929006	0.2508729148603564
0.37327595957951987	0.37584936100790417	0.2508746794125761
0.3731498951690991	0.37594102749965946	0.25090907733124157
0.3732417163560777	0.37584691749681526	0.2509113661471071
0.37327532863952795	0.37580759089425564	0.25091708046621647
0.37313494492918253	0.3759356741154155	0.250929380955402
0.37310998060497647	0.37601217865116293	0.2508778407438607
0.37310335332546507	0.3760281469767465	0.25086849969778846
0.37330993599307655	0.37585504189327057	0.250835022113653
0.37333627673335384	0.3758108573917447	0.2508528658749016
0.3732934825189272	0.37578711289161937	0.25091940458945355
0.37319316542978365	0.37593083186486	0.2508760027053564
0.3731760249037909	0.3760341212709734	0.2507898538252358
0.3732502727402688	0.37592030968879686	0.2508294175709345
0.37312773483152845	0.37592685190880565	0.250945413259666
0.37330005095002083	0.3758306188645592	0.25086933018542
0.3732779909196765	0.3759528565118021	0.25076915256852145
0.3731581989571866	0.3760208987202232	0.25082090232259024
0.3732193585199218	0.37591976368253566	0.25086087779754274
0.37332294015915046	0.3757880821161047	0.25088897772474494
0.373278061488606	0.3758222770749259	0.25089966143646825
0.37332784225753024	0.37587643768560675	0.2507957200568631
0.3733207878191105	0.37585651995342445	0.25082269222746517
0.37317840174242606	0.3759328001524135	0.25088879810516057
0.37325212070291897	0.3757961408968806	0.2509517384002005
0.37326578595948623	0.3758454588438362	0.25088875519667764
0.3731567055685974	0.37595812865261435	0.25088516577878833
0.3732269611222198	0.37600278959849076	0.25077024927928954
0.3732501444850253	0.375890905942957	0.2508589495720178
0.3731972999533151	0.3759596867512976	0.2508430132953874
0.3733433238312198	0.3757867243570358	0.2508699518117445
0.3731494773574754	0.37601063603469814	0.2508398866078266
0.3731932862866775	0.37595873118392803	0.2508479825293946
0.37329794447692444	0.3758804726598412	0.25082158286323447
0.37330475193559187	0.3759128465433788	0.2507824015210294
0.37327168839543656	0.37583937744965734	0.25088893415490615
0.37333867262163956	0.3758641081204752	0.2507972192578854
0.373142710856476	0.3759484982074183	0.2509087909361058
0.37311815555824657	0.37597633325762286	0.2509055111841307
0.37316141000902203	0.3759459984230979	0.25089259156788013
0.3731703915788463	0.3759009767561712	0.2509286316649826
0.37312683423941717	0.3759431910007907	0.25092997475979223
0.37322669935835284	0.37593495311022335	0.2508383475314239
0.37318221739098495	0.375909009835288	0.25090877277372714
0.37314243427249766	0.37603915740198035	0.2508184083255221
0.3731645317892684	0.3759897849932225	0.2508456832175092
0.37326995307497923	0.3758040256621108	0.2509260212629101
0.3731734851495103	0.3759481203917697	0.25087839445872007
0.3732111267010025	0.3758979442513853	0.25089092904761234
0.37322446671368853	0.3759199594789101	0.2508555738074014
0.37320977563495744	0.37600607420635096	0.2507841501586917
0.3731759310272298	0.3760367409521832	0.2507873280205871
0.3732250772183378	0.37585454075912905	0.2509203820225332
0.3731859202906042	0.37599698474088294	0.2508170949685129
0.3732541767415758	0.3759196942059836	0.2508261290524407
0.3732519097962178	0.37597786069767186	0.2507702295061105
0.3732053992891365	0.37584555225143756	0.25094904845942606
0.3731527955026942	0.375906941085549	0.2509402634117569
0.37316100151546966	0.3759572760041046	0.25088172248042584
0.3731249543036329	0.37598777909907655	0.25088726659729066
0.3732682404331271	0.3759445349083715	0.25078722465850145
0.373183956507956	0.3759079173073625	0.2509081261846816
0.3732523918783603	0.3759688326153481	0.25077877550629174
0.3732866526989267	0.37584844823681846	0.250864899064255
0.37319596394152044	0.3759874036565157	0.25081663240196406
0.37316051955179835	0.3759992338087556	0.25084024663944615
0.3733363917731218	0.3758250945484106	0.25083851367846766
0.3732547955100091	0.3759656471815104	0.2507795573084806
0.37324023257759953	0.37588511555487064	0.25087465186753
0.3732111181098334	0.375838170711029	0.2509507111791377
0.3733437149002963	0.37586843792279645	0.2507878471769074
0.3732679009259765	0.37594570856821685	0.2507863905058068
0.3731487598039315	0.3759744611911218	0.25087677900494676
0.37326475893301014	0.37579769426457904	0.2509375468024109
0.3732699748069613	0.37595793231763264	0.25077209287540625
0.3732603310620113	0.3759315333418578	0.250808135596131
0.3732768712330813	0.37592294417754235	0.2508001845893765
0.3731116021357249	0.3759338316846684	0.2509545661796068
0.37327192725906366	0.3759077161993966	0.25082035654153984
0.3732429990578918	0.3758209115129657	0.25093608942914253
0.3733427564475995	0.3758595593174484	0.2507976842349522
0.3732845787184909	0.3758286590368223	0.2508867622446869
0.3732176001459234	0.37586074973555567	0.250921650118521
0.37323857393661153	0.3758842837240857	0.2508771423393029
0.37325540639693283	0.3759153176524761	0.25082927595059124
0.3733025181712083	0.3758032618107775	0.25089422001801426
0.3732153293027632	0.37584395935661474	0.2509407113406222
0.3731930118644638	0.3758795281381097	0.2509274599974266
0.3733201604335258	0.375798390146768	0.25088144941970625
0.3732660218436606	0.375867699977795	0.2508662781785445
0.37313731041374726	0.37600676054305543	0.2508559290431974
0.37324847369272823	0.37592483918202	0.2508266871252519
0.37328320303728363	0.3758632208375805	0.250853576125136
0.3733450388193811	0.375868636185858	0.25078632499476106
0.3731508143643781	0.37591547191521424	0.2509337137204078
0.373165845615795	0.37602269623876805	0.25081145814543704
0.37321420396995886	0.3759070535921284	0.2508787424379129
0.37325887100345945	0.37585680476501865	0.250884324231522
0.3733412006677512	0.3758833889386155	0.2507754103936334
0.37314010365228334	0.3760164863940911	0.2508434099536257
0.373205197064264	0.37587956199784367	0.2509152409378924
0.3732645109079164	0.37585216671268884	0.25088332237939487
0.3732469641547026	0.3758238024780713	0.25092923336722617
0.3732283813283439	0.3758203846473335	0.2509512340243227
0.373119073942249	0.3760330820353905	0.2508478440223606
0.3731828616184843	0.37594116414993506	0.25087597423158076
0.37314713705635805	0.3760322607071619	0.25082060223648023
0.3732579752645247	0.3758742201026635	0.2508678046328119
0.37324461242999285	0.3757982371499479	0.2509571504200594
0.3732293793746684	0.375967354639264	0.2508032659860677
0.3732142160871562	0.37593271223509206	0.2508530716777518
0.373227423707498	0.3758984848934959	0.2508740913990062
0.3732602964622403	0.3758413887381203	0.25089831479963953
0.37326505746959293	0.3759339562708067	0.25080098625960046
0.37311517085202794	0.37596698619340957	0.2509178429545626
0.3731523837721997	0.37597562489645775	0.25087199133134264
0.37328867619174877	0.37593723233140464	0.2507740914768467
0.37319489099991493	0.3760030274334557	0.25080208156662953
0.37317120680844784	0.3758965161058183	0.25093227708573396
0.3732343044216639	0.37588674256021515	0.250878953018121
0.3731875457362934	0.3760128538657906	0.2507996003979161
0.3732487619037017	0.3758053925207484	0.25094584557555
0.3732257705101928	0.3759634920526643	0.250810737437143
0.3732779522985109	0.37586276806842933	0.2508592796330599
0.3732940333502006	0.3759159407918903	0.25079002585790927
0.373211566205127	0.37593551337728204	0.25085292041759105
0.37324461281435384	0.3759056420712923	0.250849745114354
0.37310423437483725	0.37598582169250494	0.2509099439326579
0.3732797892548671	0.37593132250909245	0.25078888823604056
0.3731682317537535	0.3760174010638822	0.2508143671823644
0.37329983810305056	0.37589785162910655	0.250802310267843
0.3732904516167063	0.3758543554877354	0.25085519289555847
0.3731447171367631	0.37592764796000855	0.25092763490322845
0.37323088197787607	0.37582393172928097	0.250945186292843
0.3732462249554226	0.3758472440725652	0.2509065309720123
0.373278118977259	0.37587577552014984	0.25084610550259134
0.37319121830695273	0.3758651750258959	0.25094360666715143
0.3731710797228176	0.37593388165386943	0.2508950386233131
0.37324306502469606	0.37594851719078914	0.2508084177845149
0.3732231151264883	0.37597798241072866	0.25079890246278314
0.3731265495173867	0.37598064282317184	0.25089280765944155
0.37314473217249006	0.37593108324374536	0.25092418458376464
0.3733276546870911	0.37579466225765135	0.25087768305525765
0.37321118422806376	0.3759456679485001	0.25084314782343625
0.3732106211680135	0.3759402900041942	0.2508490888277924
0.373220876824657	0.37596048464033105	0.2508186385350121
0.373164044270923	0.3758866073022728	0.2509493484268043
0.37328589259262485	0.37588266014647664	0.2508314472608986
0.3732502202802257	0.37584318625122837	0.2509065934685461
0.37329573672974253	0.37582558532292276	0.25087867794733476
0.37327534624843467	0.37580331570497766	0.2509213380465878
0.373179168398066	0.37595955834891226	0.2508612732530218
0.3731494521250888	0.3760321113269489	0.2508184365479623
0.3731526708951654	0.37592484673806575	0.25092248236676895
0.37322772781194774	0.37587181303450745	0.2509004591535449
0.3732905173778562	0.37578833651271	0.25092114610943395
0.37321464886986305	0.3759479649236137	0.2508373862065234
0.3731890777394925	0.3760405274447476	0.25077039481576
0.37321251975573205	0.37583143134458685	0.25095604889968115
0.37311150935396287	0.3759867780943807	0.2509017125516565
0.3732601469286773	0.37578491712449136	0.2509549359468314
0.3731428414433713	0.3759055635742471	0.25095159498238173
0.37329998015474075	0.37591332852356685	0.2507866913216925
0.37311035290437256	0.37603088388928163	0.2508587632063459
0.3732456060900769	0.37598316616654137	0.2507712277433819
0.37313121347084943	0.37601222707849824	0.25085655945065244
0.3731196262227496	0.3760030447111983	0.2508773290660522
0.373171621665298	0.37602790582470086	0.25080047251000126
0.3732405865083297	0.3758567252867089	0.25090268820496153
0.37324960827318304	0.3759461859351215	0.2508042057916955
0.37321418900353504	0.37585729592436434	0.25092851507210073
0.37316059221197684	0.37592329770836974	0.2509161100796535
0.3731046475893891	0.37601269005139704	0.25088266235921397
0.3731785379191564	0.3759870811604544	0.25083438092038934
0.3731908798138703	0.3759473531151778	0.2508617670709521
0.37317881623845517	0.37591143885560363	0.25090974490594137
0.3732315278229312	0.37583131467854247	0.2509371574985264
0.3731109029452242	0.3759445244164376	0.25094457263833836
0.3731842217975915	0.3759486614174541	0.25086711678495455
0.3731716769657626	0.37598174694578385	0.2508465760884537
0.3732248984751635	0.37587058976897514	0.2509045117558615
0.3731848901272815	0.37586648042309106	0.25094862944962754
0.3732464246386261	0.37596003443489445	0.25079354092647954
0.37324260862587766	0.3758875435217104	0.25086984785241206
0.37319485888256587	0.3759013504048925	0.25090379071254176
0.37333087703264684	0.3758514714391642	0.2508176515281891
0.37321849535269197	0.37589476677277794	0.2508867378745302
0.37315466350134485	0.37596225938333394	0.2508830771153214
0.37320859931654743	0.375895322447585	0.2508960782358677
0.3732478395165013	0.37587557986302544	0.25087658062047336
0.3732091003439079	0.37601884752908027	0.2507720521270119
0.37329646585978943	0.3757901836928228	0.25091335044738783
0.37329230651769	0.37580414240027216	0.250903551082038
0.37320103625125134	0.375910387376992	0.2508885763717568
0.3733231617741616	0.37582939503559637	0.25084744319024216
0.3732316337189059	0.37587272515297954	0.2508956411281147
0.3732321339978638	0.37597035327725475	0.2507975127248816
0.37323658770519774	0.375907765369258	0.2508556469255444
0.37321136933525706	0.37590698683689244	0.2508816438278506
0.3731155974992653	0.376014121773705	0.25087028072702977
0.37314334398286075	0.3759779681099725	0.25087868790716683
0.3732408740886838	0.37589620470639007	0.25086292120492626
0.37310811306639485	0.3759596347218194	0.25093225221178583
0.37319728612654723	0.37585448198017746	0.2509482318932754
0.3731178008791991	0.37593097857791313	0.2509512205428879
0.3732656119102268	0.3758494391868223	0.25088494890295104
0.3731412927354433	0.3759657229290352	0.2508929843355216
0.3732232767114643	0.3759030669407116	0.2508736563478241
0.3731740469628427	0.3759858612228158	0.25084009181434164
0.3732867639204324	0.37582585623007125	0.2508873798494964
0.373240538318231	0.3759833014761417	0.25077616020562743
0.37318105576000093	0.3759207487270182	0.250898195512981
0.3732172848433124	0.37598367273114935	0.25079904242553835
0.3732577196379754	0.375806579824829	0.2509357005371957
0.37332309549810416	0.37579614864836286	0.2508807558535331
0.37331294197392084	0.375817203134816	0.2508698548912633
0.3733099099113112	0.3758076825343805	0.25088240755430835
0.37318229771370126	0.376033371337953	0.25078433094834585
0.3732618931998384	0.375799986344764	0.2509381204553977
0.3732549077155709	0.37591128284294584	0.25083380944148337
0.3731777442526083	0.3760172534086012	0.2508050023387906
0.37325906124838226	0.3758012764849641	0.2509396622666537
0.3732182793637383	0.3758346440140139	0.2509470766222479
0.3733081879610352	0.3758757925690772	0.25081601946988763
0.37330312667270243	0.37582968588492116	0.2508671874423765
0.3731826731309992	0.37589786105528267	0.25091946581371827
0.3731171009310421	0.375964063379304	0.250918835689654
0.3732510644082234	0.37591352537877093	0.25083541021300576
0.3731085702835339	0.37604188032550284	0.2508495493909634
0.37330354630451756	0.3759227189259782	0.25077373476950426
0.3731265561165874	0.3760328686915052	0.25084057519190756
0.3732669576693797	0.375857949820959	0.2508750925096614
0.3732776515808822	0.37589910722075176	0.2508232411983661
0.373270804498641	0.3759384306115815	0.2507907648897777
0.3731290128216327	0.3759418661845328	0.2509291209938346
0.37319470557661194	0.3759458077933122	0.25085948663007596
0.3732751014591663	0.37582976232587745	0.2508951362149563
0.37318333481266425	0.3759327007007178	0.25088396448661804
0.3732581628031722	0.3759696385391227	0.2507721986577052
0.37329508164222297	0.3758443808926088	0.25086053746516834
0.3731802954386659	0.3758901343056614	0.2509295702556728
0.3731379921906909	0.3759633955602166	0.2508986122490926
0.3731093928473117	0.37599100711489436	0.25089960003779405
0.3732033860345948	0.3759405702981452	0.2508560436672601
0.37329743916857816	0.37578325481840086	0.2509193060130211
0.3733037980585442	0.3758205394259145	0.2508756625155415
0.37326710379041517	0.37594957828112996	0.250783317928455
0.37329967124697233	0.37579698986244414	0.2509033388905837
0.37321733125909523	0.37598568077774913	0.2507969879631557
0.37310403691628524	0.3759631973250544	0.2509327657586604
0.3733216307257954	0.37581511811778323	0.2508632511564215
0.3732403559332527	0.37582457767335364	0.2509350663933938
0.3731240505506557	0.3759414630883414	0.250934486361003
0.3732686349362258	0.3758026229771403	0.25092874208663407
0.37332035771586336	0.37586244303869626	0.25081719924544044
0.3733018716092819	0.3758874728267988	0.25081065556391946
0.3732629062423432	0.37592024142480673	0.25081685233285017
0.37325159044128264	0.37579200940667945	0.250956400152038
0.373227280267958	0.3759458668965703	0.2508268528354718
0.37328337640892445	0.375830256250519	0.2508863673405566
0.37321172996643104	0.3759805004677932	0.2508077695657759
0.37332450735956313	0.3758967540543676	0.25077873858606936
0.3731873150076409	0.3759901887055446	0.2508224962868146
0.37332305431225615	0.3758328686642102	0.25084407702353384
0.3732173853944886	0.37598821240339886	0.25079440220211263
0.3732880943471111	0.37581029001045446	0.2509016156424346
0.3732912352889017	0.37583073539985595	0.2508780293112425
0.3732599116096875	0.3757955621886952	0.25094452620161745
0.3731307639611734	0.3759637598380947	0.250905476200732
0.3732502733393522	0.37582399582799986	0.2509257308326481
0.37315358057560044	0.3759338869588228	0.2509125324655769
0.3733297630348189	0.37579032517789085	0.2508799117872904
0.37317654595107647	0.3759988777032096	0.25082457634571403
0.37317670128097646	0.37599650014534974	0.2508267985736739
0.3731437415469283	0.37600167174810434	0.2508545867049674
0.3731897937611157	0.3759929882025151	0.2508172180363693
0.37320653766882267	0.37588047381698175	0.25091298851419563
0.37321348041282637	0.375884148472088	0.25090237111508573
0.37312298808115607	0.37604463143241157	0.25083238048643247
0.3731756816952167	0.3759755900105892	0.2508487282941942
0.37315981518774427	0.3759158486860953	0.25092433612616055
0.37329337218313746	0.3757863394351145	0.2509202883817481
0.3731682019666934	0.3759716251849588	0.25086017284834783
0.37310364274244984	0.37595176001134567	0.25094459724620466
0.3731401766506778	0.37596285096206145	0.2508969723872609
0.37320173410279384	0.3759584167766413	0.2508398491205649
0.3732623782816019	0.37584305347139796	0.2508945682470002
0.3731491781291776	0.375958345264995	0.2508924766058275
0.3732151909449626	0.375862099672991	0.2509227093820465
0.37333936230520604	0.3757848599671812	0.2508757777276129
0.3731010224382236	0.37600637733530723	0.2508926002264693
0.373228709005277	0.37597919179156614	0.250792099203157
0.3731246860074274	0.37600281990174855	0.2508724940908242
0.37317989388753287	0.37586232962290106	0.2509577764895662
0.3731616398753088	0.3758913343774709	0.2509470257472204
0.37314984083587527	0.3759868630610299	0.25086329610309493
0.3732026253036803	0.3759016206641149	0.2508957540322049
0.37319730785542016	0.37598713150605356	0.2508155606385264
0.3732716985292829	0.37591805502739173	0.25081024644332545
0.37318827013697653	0.3760131921988785	0.2507985376641451
0.3732116482255769	0.37592071102392144	0.2508676407505018
0.3731458576568857	0.3759220061587493	0.25093213618436516
0.3731518833947862	0.37592844047764673	0.25091967612756716
0.3731631084485566	0.37596419832038974	0.25087269323105377
0.37317830220437626	0.37599822520598647	0.2508234725896374
0.3732816303285835	0.3757954229281558	0.25092294674326077
0.37333648977199796	0.37587866384179164	0.2507848463862105
0.37332161657074964	0.3759016842304169	0.2507766991988335
0.37321473108042813	0.3759650843381727	0.25082018458139926
0.37326229721768756	0.3759507537842155	0.250786948998097
0.3731859841571822	0.3759326449032403	0.2508813709395777
0.373137472224404	0.3760024043534044	0.2508601234221917
0.3731867189712398	0.37594069942442204	0.25087258160433823
0.3732176483432502	0.37596373787562404	0.25081861378112585
0.37322397040484895	0.3759481572719587	0.2508278723231925
0.3731933657247719	0.37592065980217565	0.2508859744730525
0.3732230736773584	0.3759413923587777	0.250835533963864
0.37317027716039686	0.37602215207573414	0.25080757076386917
0.37332193117450846	0.3759023956267595	0.2507756731987322
0.3731582161930546	0.376001976683336	0.25083980712360954
0.37323490792278363	0.3759513978817253	0.25081369419549115
0.3731151922890411	0.3760407020673869	0.25084410564357207
0.37316149100000406	0.3758850621157216	0.25095344688427446
0.3731302735626199	0.37594237519917756	0.25092735123820264
0.37329933029519863	0.3758394988289533	0.25086117087584814
0.3731430907291081	0.3760123682763467	0.2508445409945453
0.37324580689903	0.37596483848084317	0.25078935462012697
0.37314955865640115	0.3760025682908034	0.25084787305279554
0.37323891254497044	0.3759598074726319	0.25080127998239776
0.3732468952059151	0.3758858380697677	0.2508672667243173
0.3732165533526815	0.37600056634808515	0.25078288029923346
0.37318884156584325	0.37599830168382065	0.2508128567503362
0.3732514586040122	0.37585540726837574	0.2508931341276121
0.37325932990655586	0.3759042215310483	0.25083644856239595
0.37334546293194776	0.3758755363972381	0.25077900067081427
0.3731050498245644	0.37598733244829907	0.2509076177271366
0.3732442550953791	0.37595132948507803	0.250804415419543
0.3732593160222682	0.3759578774866389	0.2507828064910931
0.37319305244430656	0.3759202649758532	0.25088668257984037
0.3732475597227574	0.3759508130717164	0.2508016272055263
0.3733220546475608	0.3758745309763652	0.2508034143760741
0.3732537346157804	0.37591935307312646	0.2508269123110932
0.3731600699853058	0.375936835267752	0.2509030947469423
0.3733066182082682	0.37591291973414576	0.2507804620575862
0.3732503210475716	0.3758079881633572	0.2509416907890713
0.3732032256929388	0.37597387598588683	0.2508228983211745
0.37328139926432313	0.37591355658620096	0.250805044149476
0.3732659268237335	0.37583751463542	0.2508965585408467
0.37324589286014964	0.375859820699193	0.2508942864406575
0.3733223357951386	0.37580789731147524	0.2508697668933862
0.3732903739933144	0.3759298580529591	0.25077976795372664
0.3733198698152742	0.3759082685060696	0.2507718616786563
0.37332071602494693	0.37590316571278426	0.250776118262269
0.37325603910082694	0.37581338676315645	0.2509305741360167
0.37322362268719733	0.3758211772811193	0.2509552000316835
0.37324493971237177	0.3759472835400253	0.250807776747603
0.3731949392020741	0.375977460312603	0.25082760048532304
0.3732135764425547	0.37583886987716625	0.2509475536802792
0.37322412078807754	0.37588518066004084	0.25089069855188173
0.37318817364117374	0.3759673254161663	0.2508445009426601
0.37320920293366183	0.37597640397752913	0.25081439308880915
0.3733196248196883	0.375787630693559	0.2508927444867528
0.3731864599988646	0.3760059599559657	0.2508075800451698
0.3732748849288124	0.3759328729156039	0.2507922421555838
0.3731337313844758	0.37593062152085127	0.250935647094673
0.3731526249660947	0.37597444966465526	0.25087292536925015
0.3732980305683246	0.37588945196887125	0.25081251746280425
0.37331242733585446	0.37583671253910245	0.2508508601250432
0.3732605571492972	0.3758497971040376	0.2508896457466654
0.3731472236082116	0.37591647781764204	0.2509362985741464
0.37325702346046746	0.3758806880697889	0.25086228846974373
0.37332554303085613	0.37584730521494036	0.2508271517542036
0.37310144346051954	0.37601294301971294	0.2508856135197676
0.37319915449116564	0.3759787092143995	0.25082213629443495
0.37327694970129593	0.3758600017399164	0.2508630485587878
0.3732146313622365	0.37596349569398774	0.2508218729437759
0.37331590791826447	0.3758664922645108	0.25081759981722485
0.3732605136412385	0.37579794345731277	0.25094154290144877
0.3731943790270944	0.3759773827951071	0.25082823817779853
0.3733072840075066	0.37588105462179816	0.2508116613706953
0.37322118378014135	0.3760065260582775	0.2507722901615812
0.3731812221712403	0.37597809910974106	0.25084067871901883
0.37321718980755914	0.37587305756892	0.25090975262352094
0.3732927097960571	0.3758354354977773	0.2508718547061657
0.3731497761811136	0.37599436673678405	0.25085585708210245
0.3731592122855937	0.37591835975159044	0.250922427962816
0.37323446919364267	0.37590779833956245	0.250857732466795
0.3731820659226225	0.3759652291619965	0.25085270491538114
0.3732824981369909	0.37585671187676917	0.25086078998624006
0.3733011317660163	0.3758248405483666	0.2508740276856172
0.37319121308041625	0.37595388429944243	0.25085490262014143
0.3731740181243189	0.37589298094075757	0.25093300093492366
0.3732899177409266	0.37586648282056123	0.25084359943851225
0.3732143449875303	0.37601646580777026	0.2507691892046996
0.37323552625462275	0.37594081789106615	0.25082365585431127
0.3733230934785555	0.3758349677012896	0.250841938820155
0.37314974829567493	0.375978498845012	0.2508717528593132
0.37325710809921714	0.3757931955226137	0.2509496963781693
0.3733450407108483	0.3757880895329565	0.2508668697561953
0.37315458139859603	0.37591463351360843	0.25093078508779565
0.3732490404079328	0.3759231049069655	0.2508278546851018
0.3731528253704435	0.37589440642105487	0.25095276820850176
0.37330552915614656	0.37586041406713955	0.250834056776714
0.37330019377396795	0.3758251423593446	0.25087466386668755
0.3732619392034365	0.3758690741169941	0.2508689866795695
0.37332252686296574	0.3758173612186484	0.250860111918386
0.37332064972260964	0.37588641297370423	0.25079293730368624
0.37330649698516094	0.3758908964631914	0.2508026065516477
0.3731572050543809	0.37598331042856936	0.25085948451704987
0.3732935719624113	0.3758086808651282	0.2508977471724606
0.37318957994308455	0.37598063768898266	0.2508297823679329
0.3731629424110994	0.37589025057357683	0.2509468070153239
0.37318927476326014	0.3758790288067468	0.25093169642999325
0.3732390696686588	0.3759600999733267	0.2508008303580146
0.37319671453935216	0.37598197846055026	0.2508213070000977
0.37317547628462355	0.37596529073686935	0.2508592329785072
0.37324820082104754	0.3759264880681672	0.2508253111107853
0.3731650119487956	0.3758770152160523	0.2509579728351522
0.3731161286043128	0.3759751663856606	0.2509087050100267
0.3732097623562677	0.37591472356490735	0.2508755140788251
0.3732803842254066	0.37578486521614124	0.25093475055845227
0.37316150532945036	0.3759722501719303	0.2508662444986195
0.3731520106969265	0.3758991880033902	0.2509488012996834
0.3732566169451823	0.37593058350794667	0.2508127995468711
0.3733120219120815	0.3758633187770634	0.2508246593108552
0.3731705801844501	0.37598466952420107	0.25084475029134895
0.37319271016208394	0.37584968101842703	0.25095760881948914
0.37323124992326506	0.37599037007853975	0.2507783799981953
0.3731784271329297	0.37599374680408715	0.25082782606298326
0.3732449668187044	0.3758762541802393	0.25087877900105643
0.37327568119571974	0.37591776607449073	0.25080655272978963
0.373210548984516	0.3758654751407744	0.2509239758747097
0.3731532712849548	0.3758896703696248	0.2509570583454205
0.37322131517396184	0.37594120341589654	0.2508374814101417
0.373300048344827	0.375901779036484	0.25079817261868914
0.3733158616915669	0.3758482523745947	0.25083588593383854
0.3733258296272012	0.37580314700412853	0.25087102336867034
0.37320284374367485	0.3758577559113041	0.25093940034502116
0.3732336474381486	0.37581138880403164	0.2509549637578199
0.3732888721511896	0.3759236390832609	0.2507874887655496
0.3732114696296835	0.37594147961262064	0.2508470507576959
0.37324616825186385	0.375880929916071	0.25087290183206523
0.3732530647979924	0.3757984155938082	0.2509485196081994
0.37312199637859134	0.3759805526873874	0.2508974509340214
0.3732248598755684	0.37586609940575816	0.25090904071867354
0.3733154036032158	0.3758574140518453	0.25082718234493895
0.3731545378663677	0.3759026365059784	0.250942825627654
0.37316862336082757	0.3759133477830394	0.2509180288561331
0.37311402491624845	0.37593840788354826	0.2509475672002034
0.3731635962376529	0.3759178326144271	0.25091857114792016
0.3731484379101281	0.3759538787192777	0.25089768337059426
0.37324556832580746	0.37593127656433833	0.2508231551098543
0.373264667156906	0.37585126983989736	0.25088406300319677
0.3731335487255199	0.37599079422710696	0.25087565704737325
0.37315206418139724	0.3759370482771953	0.25091088754140756
0.3732462181030493	0.37593861357999353	0.25081516831695727
0.37315338507148793	0.37601885214886266	0.2508277627796495
0.37324712822447903	0.37585983962653435	0.2508930321489867
0.3732157154372924	0.37596682992651265	0.2508174546361951
0.3731492577999571	0.3760284220491827	0.25082232015086037
0.3732970559896231	0.37590252043027966	0.25080042358009735
0.3731400294864416	0.37597404446177896	0.25088592605177956
0.3732569010257105	0.3758968024231325	0.2508462965511571
0.3732907221032669	0.3758262328541183	0.2508830450426149
0.373139547559595	0.3760337106213248	0.25082674181908027
0.3731636991239538	0.3760439476493125	0.2507923532267339
0.3731396903302115	0.37602354931162135	0.25083676035816727
0.37310435871973685	0.37601000513547295	0.2508856361447903
0.3733449130869094	0.37580409689024685	0.25085099002284383
0.3732106684546763	0.3759825686687797	0.25080676287654413
0.3732478032199903	0.37597069023563023	0.2507815065443796
0.3731758182449721	0.3759153583749013	0.2509088233801267
0.373271479695609	0.3758214159723799	0.25090710433201124
0.3732033494379626	0.3759427074896047	0.2508539430724328
0.3732871562133289	0.3758316420725466	0.2508812017141246
0.3731898315997726	0.3760098241360208	0.2508003442642067
0.3731967457502153	0.3759652334993384	0.2508380207504465
0.37324108982424936	0.37585626747591105	0.2509026426998397
0.37322876448204345	0.37598663017157097	0.2507846053463857
0.37325571383279826	0.3759030205490313	0.25084126561817055
0.3733299380553747	0.3758023400289595	0.2508677219156659
0.37324443320372724	0.3759322314569489	0.250823335339324
0.3731026223902858	0.375946398334822	0.2509509792748923
0.3732444423234811	0.3758038079858411	0.2509517496906779
