0.14645532641433695	0.057354636271418034	0.10136942370011198	0.04349543656804126	0.046377952391524944	0.1477449626221883	0.06362922942582835	0.023690241475938498	0.27019675206899063	0.09968603906162095
0.12757051488933166	0.09256378600129139	0.10787825593353799	0.0449340118737467	0.05880940623982145	0.1572321651026346	0.05841614796917215	0.04091528918589881	0.2517460646935807	0.059934358110984465
0.11497923639907985	0.08976619583830979	0.11587962411856936	0.041865469586824765	0.05027235944052797	0.15312744314991658	0.05897396955317187	0.032345128266781126	0.2634247467465112	0.07936582690030744
0.16787400935217034	0.053867758327463	0.10241025174372734	0.047004409108292726	0.044764647714540654	0.14795667923006603	0.05814124961083125	0.02804240581180821	0.258383817770628	0.09155477133047227
0.11927211593932988	0.07890011280650595	0.1113132644256281	0.042402369468245424	0.06389904546734472	0.15588036377959885	0.059275829118978565	0.0367632239204705	0.2700730219607405	0.06222065311315747
0.17015757744799503	0.042070016341345245	0.11335619120123991	0.04410693715551513	0.04907425085798456	0.15106599010763927	0.06263236937031957	0.02825286020693321	0.2514353879472273	0.08784841936380065
0.11820061755387015	0.08410652856708534	0.10503146660246934	0.04217277051642321	0.06563095879302555	0.15785884834653482	0.06029495879621218	0.03888743699702483	0.2609544470731053	0.0668619667542492
0.12236891530174915	0.07969671718321106	0.11846613074625871	0.04551661659617844	0.050113066358823705	0.1592865443752577	0.061602485503621074	0.0278959156117473	0.2717365940390718	0.06331701428408104
0.10174475855171318	0.10158599304548646	0.1095473577719286	0.044067148193775815	0.06705563659493685	0.14687284035926057	0.06294578890068976	0.0340065838225367	0.2503611124612554	0.0818127802984166
0.11854476754648231	0.11015473854678356	0.10561341557473902	0.04450856149621098	0.059092779575978215	0.15328723867502347	0.06401262004461111	0.027061459193954376	0.2588412863958959	0.05888313295032099
0.1478796193911822	0.07470817136084083	0.10885966706747705	0.04511915837876104	0.04831380753419036	0.16076027648416552	0.060282506856244644	0.02629910977685221	0.26741876341578574	0.06035891973450031
0.1372826471033912	0.1034196558448017	0.10081265277974742	0.0440784776487559	0.04675318577054909	0.14759051524873545	0.059595699474405205	0.03756626160775655	0.25969795544285307	0.06320294907900428
0.09497411606453461	0.0745438037561704	0.11018921029440842	0.04585278852016292	0.06418820363107951	0.16404950011285988	0.06380222344064267	0.033107638045315496	0.2611766629836442	0.08811585315118185
0.11600915633054154	0.05628389172531311	0.12050788614300857	0.045698551797197486	0.064401120133775	0.14908307732409695	0.06072144811946255	0.02618458219566301	0.26630377529700994	0.09480651093393176
0.09762322501454007	0.10113264987481847	0.11614180085778375	0.04279275208343939	0.05820877255854292	0.15804426550765227	0.05804995010893784	0.028190869928871085	0.2751958716336365	0.06461984243177761
0.15810459114699452	0.05855575454822288	0.11147514723739894	0.04327443499432339	0.05637470177769349	0.14735418334658273	0.06100768279658924	0.03485781177040896	0.2545066268971332	0.07448906548465252
0.15044369035913652	0.06104726851453007	0.11740338237781398	0.04450779883878945	0.05692585672516247	0.15763717581852477	0.06201888134275411	0.022478092194822774	0.25451576483273897	0.0730220889957268
0.14850030862011163	0.051335016678533116	0.11869092280695405	0.042546500214533156	0.05488059737000439	0.16054269437838875	0.06298356032885959	0.03883031491920371	0.253614085286832	0.06807599939657946
0.1631087347221159	0.04290935184870379	0.118787515487346	0.046787169717905454	0.05164181035437993	0.15462728802574927	0.06019641730857692	0.0403380497885719	0.2517885634936353	0.06981509925301538
0.1372912200502998	0.053056980674196424	0.10362740529400252	0.04360556201300346	0.06438918258061616	0.1482760687687185	0.06281856606809909	0.03164487512162391	0.26268187577089824	0.0926082636585418
0.11641630149635035	0.10280111499156919	0.10147882255229218	0.043059337266444994	0.05388271266405975	0.15327036339138858	0.05824842686322931	0.035637760800636076	0.27171471981041884	0.06349044016361069
0.10884135723973247	0.10198627040824686	0.10203918262969264	0.043925809757118676	0.06315161821259074	0.15264153249678036	0.06440151134654629	0.040612455329571855	0.26278180443198	0.05961845814774
0.11786695543160244	0.09563526417805601	0.10210562743025994	0.04357686552699536	0.05086809722875558	0.15777513071722588	0.0625694591351201	0.02381660383187116	0.26628733517850267	0.07949866134161081
0.08436891387703205	0.09029501742148147	0.10964704652296284	0.04551216065599459	0.051016180646925015	0.15541175909531119	0.05989139734542624	0.03417944207690009	0.2739425385502321	0.09573554380773437
0.10033295535364468	0.10554816572562736	0.11809105013953518	0.04177042751743399	0.04686652989328955	0.14927214588233734	0.0594552775896984	0.026647832880473066	0.2528178010008905	0.09919781401706987
0.13042277299425936	0.0640995732827429	0.11416689481877257	0.04533030909248637	0.054288052543837756	0.15404017312243745	0.0579548036706501	0.03600806898420303	0.25049122205475965	0.09319812943585067
0.15976265873637652	0.041993481355485855	0.10516256020832257	0.04711550947585382	0.06596222222775314	0.1565322275557374	0.06033960395125706	0.025870980156209672	0.25618018900423783	0.08108056732876599
0.0980599010739221	0.11957603759931416	0.11196758967223483	0.04362880359234518	0.050475963549421465	0.15273653777231716	0.0622531933735294	0.03484572334602698	0.26056395539779026	0.0658922946230984
0.08430788542548376	0.11989658305246467	0.10054919768254049	0.04588386992031332	0.05777579878427036	0.15312830340644615	0.058816724902107556	0.03239440301804526	0.27150051094241534	0.07574672286591305
0.11140140318370421	0.09918399499611556	0.11575339203061467	0.042137540133921396	0.04660581411280062	0.15271230429783994	0.06431932470870191	0.03247488296052274	0.257687531905389	0.07772381167038986
0.13801874000349523	0.1130629116876782	0.10166635397028304	0.04351836263084111	0.04817109935447581	0.15051878857532475	0.06289538340476786	0.02189863635676724	0.26104848550611265	0.05920123851025394
0.10945337730084656	0.10616350118960581	0.11024650455614628	0.04472529668476126	0.06458892200123761	0.15614177710395538	0.05964519731259924	0.029228183738986252	0.26580853625602086	0.0539987038558407
0.09849888375414245	0.11402794690993173	0.10336320406356451	0.043098592026634505	0.05355671627402981	0.14963604484492093	0.06393370390470907	0.03315348890370423	0.26823860721376835	0.0724928121045944
0.08733159873698712	0.11656071842697953	0.10040133857474426	0.046520009863580354	0.06859102683472496	0.1550236601940202	0.06416496291430292	0.03772619686247909	0.26449259917136614	0.05918788842081538
0.08383022369902406	0.09519948019216701	0.11643367038856675	0.043428007492200126	0.0530134082412629	0.1629074325436294	0.061631587635185815	0.02609193745940401	0.266761345447581	0.09070290690097885
0.08326268072852813	0.11753465281501829	0.10351469089997187	0.04605115565396436	0.04424043513879572	0.16396314051712307	0.06290323907987949	0.039551320544595925	0.26450388332978075	0.07447480129234237
0.1319281069856727	0.10352550161594462	0.1060586431407121	0.04654279299299658	0.048992281166474624	0.15449533772371843	0.058093115365169555	0.024349039397580485	0.2650059591621724	0.06100922244955842
0.15399779313544082	0.08503126647097183	0.10782065726219835	0.04525890601307263	0.04247325466210288	0.15701617121394218	0.0629264417935387	0.03851720958717334	0.25222046006767884	0.0547378397938803
0.12185480151155367	0.05838652108615255	0.11644102030662112	0.044378766213775164	0.061637075116971723	0.16211086824302479	0.060351674757679705	0.03727688033620441	0.27222755909367186	0.06533483333434496
0.1438118690237034	0.06845797663239209	0.11149995542209147	0.0467903824953482	0.060381026786769265	0.1536848722632494	0.06005992538379201	0.03166515365535637	0.26278346432732397	0.060865374009973716
0.13334552180876547	0.08193721802270576	0.10565200985757447	0.04453404265686402	0.054545607391470644	0.158503819964499	0.05819353663034549	0.03720001173515573	0.2519075653473839	0.07418066658523548
0.09279995272295173	0.10774217529656932	0.10240450083810779	0.04468239446250817	0.044955557733185506	0.14728883822995187	0.0639494216507531	0.031349977750023295	0.27438481220778316	0.090442369108166
0.10845638272158815	0.08380623092804335	0.1063710662980153	0.046329790915247	0.061731764135122824	0.15408044852782452	0.0603490832956515	0.024291514216440796	0.2534047177527058	0.10117900120936071
0.11017243152756394	0.07376627611940728	0.1190930317456642	0.04687969431137057	0.06135857943364349	0.15481293981642408	0.05844568390496033	0.02516111240471644	0.2697721836990044	0.08053806703724521
0.12028710858636074	0.10122191355793356	0.10414260188992767	0.04353962640301539	0.04643992095865903	0.14683783360954766	0.06375933981289583	0.039786005920885985	0.2595480305040279	0.0744376187567461
0.10376412779447595	0.09336131728192278	0.11981936660276382	0.04433846331320731	0.05631077203934171	0.15877473646607984	0.05897560947362831	0.027729841399122185	0.27323102596217597	0.06369473966728206
0.08559427031740496	0.11179606340747503	0.1098051368193059	0.044346189367187434	0.06024881520370096	0.1548930091098661	0.058833364912474685	0.026171608124299	0.26679887503980587	0.08151266769848
0.11364826876349444	0.0737510463963567	0.11041959781132696	0.04702483949020965	0.052997220948720156	0.16171277796462424	0.058105837326348546	0.037979342942636725	0.26237297964578654	0.08198808871049598
0.0956756448860959	0.0909583839767265	0.11542767636756304	0.04652729246131656	0.05333908665249893	0.1504567177547074	0.06392715470343141	0.03422383408871195	0.25290890917207937	0.09655529993686891
0.08698601640312675	0.1245140408564784	0.10693364381693786	0.04205337692934691	0.05797722507815156	0.16397833580400153	0.059313031976068076	0.029337138994009568	0.2639897400975909	0.06491745004428842
0.0993433195183827	0.10592435119936525	0.11828634064295394	0.04245925093181239	0.04834178396785604	0.14800733357262708	0.06002801786448128	0.03901849230851782	0.2753573659669364	0.06323374402706708
0.10724628553555686	0.08255402809027057	0.11224885673024101	0.04172284953636358	0.06644699391065326	0.15265067507766597	0.05859575135554077	0.02882126973793725	0.257304854051383	0.0924084359743877
0.12943466887983948	0.07526632567616656	0.1172858363343631	0.04341427842421974	0.05187445300157332	0.1534915170670071	0.05875152414595522	0.025280754479338044	0.25753457728142465	0.08766606471011273
0.14036848940204721	0.0570903568909047	0.10463864124293387	0.04345369496265858	0.0548257810577054	0.14822062249427087	0.06257016997467607	0.03619089202106848	0.2517003979297968	0.10094095402393795
0.14535194921196312	0.052112735575489996	0.102185802590913	0.04703631106351745	0.04920439877635928	0.15221345277900772	0.06418092439392703	0.02704311364016973	0.2606885419235596	0.09998277004509296
0.1212104496967882	0.1060520369422251	0.10915487104319191	0.04294787140867551	0.045682830372122465	0.14973622858315247	0.05962012671031346	0.02716618962468978	0.2541178229453864	0.08431157267345465
0.12455353962318251	0.07499042817798413	0.10117333933493972	0.04641305749919588	0.06938277084930503	0.15530762103570409	0.06165857549509682	0.027743532731047682	0.25467057769365015	0.08410655755989396
0.10078718080027906	0.052443890500967115	0.12077454501159435	0.04330086657448085	0.062408617793536	0.15822756018228662	0.06017365882650666	0.03513909876709723	0.27418258068802703	0.09256200085522504
0.1113900101905701	0.07760669013167883	0.11893138380969882	0.046809833402220606	0.05697105915457928	0.14928602182969075	0.06434863326580692	0.02316106415407103	0.2617851063737891	0.08971019768789452
0.11491220413638584	0.10098061343218306	0.11092577980471005	0.04211354048631347	0.06611408028257756	0.15768992881003366	0.06071295063183302	0.021688851567937664	0.25287899452885254	0.07198305631917298
0.10510404995850701	0.09194189838273505	0.12103531783479078	0.042593237281031794	0.0644696100618577	0.1523437976081857	0.061869079679385	0.03805293286558738	0.25801812789908257	0.06457194842883694
0.15916417945083794	0.04692692436552818	0.11691601423405798	0.04264362315715479	0.04623738763562521	0.1524352980759406	0.06369859132938885	0.030639442996553093	0.2638131579074173	0.07752538084749597
0.12228263950177196	0.06115726491476271	0.10383106098878961	0.0439799896605873	0.0582623182402828	0.15145790899671602	0.060462316244363004	0.030992697082309964	0.2751281757000412	0.09244562867037534
0.08691146775107568	0.12009251884755895	0.10180390591796722	0.04342497318791087	0.06164699415330604	0.15430249152874104	0.058387751538151116	0.02473585819376259	0.25304093105795294	0.09565310782357352
0.10659492658081267	0.05696288473026061	0.10499506605143887	0.04626939572653444	0.059069366371673336	0.1625920522749761	0.06083638039424907	0.04037840482993196	0.27545601176234785	0.08684551127777494
0.14113343923537033	0.09407874636475501	0.10084604581944652	0.047112542591598174	0.04508611086984479	0.1609145180971365	0.058285798657735005	0.034920561019028185	0.2542339203580713	0.06338831698701414
0.1081265137057666	0.06681680043427436	0.1189461640411234	0.04434231091602442	0.04603690934615934	0.1509293804712939	0.06299316110069943	0.035445113161074765	0.26973493017687455	0.09662871664670918
0.10227941328178572	0.12071753960202791	0.11143403421592926	0.042148412713905695	0.046918416101692326	0.14751995918691574	0.05999695031064212	0.02518262642612347	0.25812973348864987	0.08567291467232784
0.10179725490334214	0.06653862176010353	0.11167233278386289	0.04526960954631966	0.06031310990299271	0.15541018458485717	0.06323910547642986	0.03914421041477435	0.25581968670057426	0.1007958839267434
0.11285706691581703	0.1153143181312901	0.10916732169869404	0.04357059623610882	0.06672368227965772	0.14765329962846824	0.059708495195037896	0.02918837283711316	0.25371578489389485	0.06210106218391808
0.14057640949166106	0.08250032029839648	0.10848914810582018	0.04466933602337252	0.04890346754531746	0.1526060894420349	0.05792214067107608	0.03331106419436761	0.2572599769519791	0.07376204727597449
0.12131939960170406	0.07928406610992209	0.11840847900392282	0.04641631156079001	0.04595283130079757	0.14761905289546	0.06335226852047504	0.035341785630899375	0.26686550514869595	0.07544030022733306
0.0888250499741199	0.11640522421140574	0.1060117164426413	0.045823564114138106	0.05632494621384689	0.1632439797529982	0.06259655675883177	0.03455140546637454	0.26994601974807914	0.056271537317564346
0.0939032814829561	0.09611458690455094	0.10414359674392897	0.04269681928315824	0.05873251257753955	0.15917458310157706	0.05944229396303482	0.028225958093689704	0.26751765481493656	0.09004871303462808
0.11497626396181623	0.07853604931685393	0.11925090671737944	0.04422866098005383	0.06284614159983357	0.16376468720257065	0.06116526458469711	0.03707525513248952	0.26167976762192463	0.056477002882381014
0.11844170014291835	0.07013601652860033	0.11543371797931244	0.04373802229796576	0.05934175823745987	0.164415493699878	0.0584650801140242	0.02308102466083424	0.25658153419841095	0.09036565214059579
0.11355400309146717	0.1151302120223646	0.11496581102034974	0.04493500510313599	0.05005204964343266	0.15622928541275202	0.06416848626107292	0.034176363251185005	0.2499928886920536	0.05679589550218622
0.11777628869965305	0.0929922293183674	0.11052838683351492	0.047183087722192145	0.05077312241443847	0.15773229245467096	0.06315307759972705	0.02226842779898601	0.2731519860342604	0.06444110112418952
0.12646877111799804	0.06523849917378813	0.11088108440900571	0.0432895207684554	0.04421254871932899	0.16341720235516186	0.06416952292436434	0.02821840700248121	0.2747226174930748	0.07938182603634142
0.10198757782336226	0.07344289447355734	0.10392388088339409	0.04650589108326978	0.06736665162159794	0.15523355706267922	0.05845228585593507	0.030844309520404928	0.2686506955307375	0.09359225614506177
0.12324980853936543	0.10822329071252482	0.10253398458244142	0.043734204856805625	0.058035581880715024	0.1491750122145306	0.061070278181964706	0.03650872758301883	0.2632003487349313	0.05426876271370211
0.17182942039906782	0.053794039613798576	0.10553699333708841	0.04366052415440719	0.06662927410034376	0.14706879858399377	0.06105304971853954	0.02170192671247062	0.2563271118477823	0.0723988615325079
0.09638353215323815	0.10970476500907417	0.11420509901186032	0.04679862337686019	0.06764332757328645	0.1498466775435472	0.05932012116505085	0.02899476699159448	0.26443879721706526	0.06266428995842291
0.08812326094246702	0.08972476748143925	0.11972827634432086	0.0438085164304761	0.06464963075004691	0.1626284535990566	0.060929358444100024	0.025859819393050903	0.2676354625922097	0.0769124540228326
0.17262264601497102	0.06251425029442312	0.10564862519808399	0.04708901513932442	0.04343128795293282	0.15422947624695482	0.05882529015354949	0.033308064092413506	0.26353936315784676	0.05879198174949993
0.1555583165527728	0.043589708007282985	0.10607465471079038	0.04318798649464173	0.04780246505527684	0.15432262130682442	0.06196409773822673	0.03296244335088802	0.2704592884887414	0.08407841829455459
0.14016396801484798	0.062206575035566924	0.1064026167969075	0.0429743595330202	0.04554495758987588	0.15385658508964262	0.062204758817007585	0.028101297271498002	0.26480205060182277	0.0937428312498104
0.12716693949280825	0.052906462993535804	0.10135290770491837	0.0467796194656187	0.061190871359930336	0.14757361038315223	0.06411826108604865	0.039854862818845344	0.26002349071947634	0.0990329739756659
0.13129382639558942	0.07184491448162018	0.1054105583385594	0.045648006100713866	0.043303113480478446	0.14875288519233748	0.06306189404701686	0.0386873679139483	0.25964497967764566	0.09235245437209033
0.0953685946133112	0.10167210799529239	0.10257053688608088	0.0447139481811903	0.057541119822748246	0.16352448012461251	0.06269864333887881	0.039915328868656015	0.2523862757162162	0.0796089644530134
0.1709845597458801	0.05851566573779382	0.12077649449579095	0.0471770916658978	0.056122174884735865	0.14960972869699363	0.06376690317068825	0.023248415878508427	0.2543752035416247	0.05542376218208639
0.10847928053332147	0.06018410763004999	0.1126121165455701	0.04601228408349607	0.05893950616138892	0.16223711859195736	0.05800441833284459	0.029462989090656255	0.27495204062201584	0.08911613840869939
0.12803955145893178	0.05258057247674288	0.11877498522231546	0.04590924484090541	0.04839787199399848	0.1633657174363263	0.06433250792839756	0.03418761885739101	0.2693055263615688	0.0751064034234222
0.14890360151064866	0.044909887525484714	0.10373154085420104	0.04565429351874194	0.05712595735867139	0.15981939019059188	0.06360197298755396	0.02716443467019293	0.2715813345125211	0.07750758687139234
0.15036426254699958	0.07220197312137358	0.1064961616343859	0.04610038228289118	0.06142150192472835	0.16101766900718809	0.058500571215700986	0.03503893438094871	0.255379198496956	0.053479345388827496
0.13073620979109446	0.07823060553250542	0.11865156577792335	0.04497929843906779	0.056212921670110334	0.1513600934032021	0.06142950216646357	0.023954021438988546	0.2687888599342888	0.0656569218463555
0.1063155783713406	0.1268371658786565	0.10202306974329943	0.044013983230358086	0.043185927289639964	0.15856895648147518	0.06050182354229239	0.027327726914005618	0.25392543418145913	0.07730033436747302
0.1191568758663242	0.11554151201973302	0.10442163947073924	0.043555311342120456	0.060251630975575766	0.1479842643691866	0.059951757294936875	0.03757378159603021	0.25018399009763026	0.06137923696772331
0.09510925257711463	0.08261876629507617	0.10423165449269738	0.045484630082091804	0.05702502112035923	0.1634704151598929	0.06453377332822859	0.025448080853755356	0.26861697215592223	0.09346143393486166
0.1433308470242286	0.06418238403487793	0.10117899051138117	0.04501018833926256	0.05355048142446078	0.1630936140846045	0.059495350875881634	0.028354628857007	0.26166984064059845	0.08013367420769726
0.16926717493504892	0.04293539441182104	0.11127943902956644	0.04175981571597463	0.052152861981084556	0.15448163438722518	0.06255959955060393	0.03438920033269541	0.2572534100873448	0.07392146956863493
0.11948417990320662	0.09940589806586751	0.10815487417210035	0.04597294081036312	0.04768963581818226	0.14991074523500106	0.0602488492045001	0.029134777710316334	0.25033683785916033	0.0896612612213022
0.12815584046937245	0.08637466582483924	0.114812621367721	0.04332904852021054	0.044244640562670405	0.15911908249951084	0.0633005248107259	0.034521220961216015	0.2714549199867557	0.05468743499697782
0.1144562608619782	0.09290838949658071	0.11588755357516455	0.0426536925517211	0.0561838496815424	0.16080031254341967	0.058634905418854716	0.03533609731740667	0.2565411996892182	0.06659773886411373
0.0947107669262678	0.09442710590255858	0.11997029949065367	0.0471935614591853	0.05710789095448251	0.1473382158485598	0.05973611002706813	0.03323474503094727	0.26431306375312563	0.08196824060715119
0.121907518982766	0.07703754867411719	0.10841853040318378	0.04523125748920554	0.04901392600859195	0.15957017193234851	0.058486297910804126	0.036968773109982214	0.25072201558933294	0.09264395989966774
0.16428455356473487	0.04237269358509733	0.12033934554225129	0.04441192349906257	0.05537091548376367	0.1577773216969754	0.05985911164863177	0.02605769126400062	0.264846923676017	0.06467952003946545
0.15300980546315002	0.05260081304402073	0.10439442904001824	0.04351232959188708	0.05459084215489121	0.155122884666966	0.06304812024201345	0.03617573603413682	0.2571287193468519	0.08041632041606442
0.12168742717407881	0.08983702519931938	0.11165449559773538	0.045652274074963764	0.04350909870957034	0.1614422236084124	0.06287232316454298	0.03099433936941233	0.2630867612365913	0.06926403186537325
0.09618779917614964	0.10592360832047718	0.12009773172923466	0.04693700739960741	0.045975309867827906	0.15892559139796109	0.06163944587698388	0.038485566926929914	0.2544397973655626	0.07138814193926571
0.10730174462935056	0.10059892965099267	0.11243667835560572	0.04255187852696944	0.049919245499458906	0.16069025254130048	0.06451967539586786	0.02345612874808925	0.2647964354485533	0.07372903120381173
0.12770035103214747	0.06348647832907806	0.10656839045224667	0.042037321914134444	0.0475005100904271	0.1603836169557607	0.05804340099052471	0.03777680254931717	0.2636676771024865	0.09283545058387707
0.08807732498306277	0.08623715109341738	0.12075764731693818	0.04307766960709184	0.06917474267629878	0.15114851791398037	0.05988990888312325	0.03943155403161464	0.2613229111312893	0.08088257236318344
0.11963511412199851	0.09150307398211287	0.10617721373605166	0.042994299032331866	0.05178439186186902	0.1574066643404394	0.060738695352061084	0.040761468930213894	0.2518306887265316	0.07716838991639002
0.15377165718982688	0.04321152376623781	0.12040120802268509	0.043141595722491266	0.06639277227248323	0.15382815775999698	0.06450303304100524	0.028154364208051022	0.25540912807510024	0.0711865599421221
0.11817176383589473	0.05519616668271604	0.11518724435095445	0.04471182581047661	0.05419473962779074	0.16411028994111654	0.06304536369999401	0.028929550340979604	0.25680674257527225	0.09964631313480493
0.12204851385235009	0.1132835650504072	0.10051547074073075	0.04422615443906558	0.05372407877213485	0.15371609442238948	0.06398997993875591	0.024129824370555136	0.25144266354503686	0.07292365486857408
0.14374708173313513	0.06928929381788893	0.1021340460572013	0.045560776137218754	0.04388189019767479	0.16065162760831286	0.061495916086180276	0.040784312187509685	0.25733202411867473	0.07512303205620344
0.1375868334387318	0.05147872948587957	0.10207769780672012	0.04547427215900506	0.05347251120367499	0.16397365738840142	0.05991368587220452	0.0358678803517319	0.26212270620295397	0.0880320260906966
0.1405440437990899	0.08077800221362322	0.10223251066722042	0.04621566476368215	0.04851913520668178	0.15305252096905925	0.058544338146321095	0.03519241144281908	0.26642263015764184	0.06849874263386116
0.10713478223967098	0.10057106644771073	0.11752099614189807	0.04583268385843448	0.048740231695633275	0.15150788827549846	0.05974679271982154	0.038688554390770936	0.26418757228215567	0.06606943194840575
0.10358822371558889	0.11275913913411928	0.11813057809605865	0.04195899455710536	0.060035716457614664	0.15424213408087836	0.06395450927144046	0.02914471190109065	0.2531659821809745	0.06302001060512905
0.12330277108696486	0.06585063605805075	0.117343106609896	0.04706195367142353	0.06243080365389329	0.1555108215217859	0.05933524175701155	0.039225735316696236	0.2534200984294791	0.07651883189479863
0.12459525440419769	0.056557311205109914	0.111445238220713	0.04489844479655252	0.05597450109454405	0.1604448109751741	0.05954546262052813	0.0359847762133708	0.25886715231939483	0.0916870481504149
0.08325306101359592	0.09413933483679227	0.10761247477742766	0.04562438519726851	0.06326554715681827	0.159692992160826	0.0644525803262321	0.040424151014722555	0.2696706444422141	0.07186482907410253
0.1201252492586786	0.10327257231788775	0.12077124614151691	0.04244601349442582	0.04334537338499764	0.15824130744555626	0.061061417868881356	0.023290612133738967	0.2607538378802182	0.0666923700740984
0.11317205431101321	0.07268552714469184	0.11224436265751411	0.04377810708517983	0.06958612115576568	0.157479004102002	0.061314471706568785	0.03860895150962427	0.2522019638145345	0.07892943651310569
0.10225332653846617	0.08947218778200353	0.11938367233153602	0.04425136182784713	0.05496893394340545	0.1503214856007118	0.06365807823543304	0.03937103027229723	0.2694443247436706	0.06687559872462899
0.09682233040814028	0.07735202362648474	0.120168789383752	0.04469158381602001	0.05712539147849556	0.16292531613173675	0.060027001992098025	0.031249914104327536	0.250181425222547	0.09945622383639803
0.15273599176636415	0.0621432137254574	0.10778004510225184	0.04350999183669046	0.059032932180257285	0.1574817742764364	0.06153881156579168	0.0378503280563861	0.2578878043768415	0.06003910711352313
0.11992132630823557	0.09569079624225948	0.1089853418242297	0.045171673138423026	0.056988593078250986	0.16109268827419698	0.062199993830780606	0.03570972370160272	0.25022588877357155	0.06401397482844923
0.10853366644867335	0.08870457925802269	0.11998059463294694	0.04688002038550216	0.04667913943952779	0.1628306445097662	0.058553288660694	0.03265279753551417	0.262112418972223	0.07307285015712961
0.11187035024437045	0.0868211849166224	0.10633322189190243	0.045845567105800136	0.06304957499670114	0.15726018066105932	0.06174664300662364	0.02184661502925203	0.27132695918220956	0.07389970296545886
0.1150777277392935	0.0915345176582886	0.11529736973030003	0.044379410837812036	0.042595177876688886	0.15217432055881125	0.058373467989322664	0.04001114976893441	0.2654616476050464	0.07509521023550211
0.11146650717655313	0.07010706300995986	0.11557443240110132	0.04446707912239313	0.06829267619162953	0.1516317468423048	0.05802369483138301	0.027838891802593774	0.27082609068112806	0.08177181794095337
0.14485097935414498	0.07659700581212361	0.11320500263568181	0.04572259364405833	0.05031891103730849	0.1565465349262258	0.05917885275152388	0.025752341354020894	0.25136192870888735	0.07646584977602473
0.108602866885269	0.10841523817983248	0.10998841189755905	0.042154482680149034	0.05661299062568352	0.15629462958926485	0.060068739153808136	0.03432076669389292	0.25802533015868195	0.065516544135859
0.11497976573328403	0.09664198883305698	0.11262089558433011	0.046775951807062	0.05840938685527623	0.15613886511257896	0.06346383109788095	0.03481635556535216	0.25621667439748785	0.05993628501369066
0.1404265791867087	0.09590142416618896	0.10131974979081339	0.04173429260137995	0.044447251350116346	0.15393793129862965	0.06004052530511099	0.03654915922907277	0.25415767184228805	0.07148541522969107
0.10791655004864861	0.09377608743091277	0.10988703582531982	0.04529285561141364	0.06325417381164347	0.15000831730406292	0.05911413741235306	0.0308578976933805	0.27575339915274266	0.06413954570952249
0.08880800544220836	0.07439252377374234	0.1187473664935008	0.04444958995652548	0.04297032758822706	0.1632988275779542	0.0636094367865954	0.03288890945208367	0.2746846917647818	0.09615032116438087
0.12158054507326183	0.0826880329645438	0.11062795896306131	0.04612785363266589	0.04205092208968861	0.16100425153952205	0.06453223561283747	0.036208196886791735	0.2550505054675534	0.08012949777007378
0.08583664899558227	0.11057601832147544	0.11556503775504509	0.04175419504671988	0.04433657765287886	0.15336695830459723	0.05916120651207013	0.03842840765948817	0.2566871454519025	0.09428780430024036
0.13645307358404873	0.0519626383545345	0.11853367717538577	0.04576058043075062	0.05941661796023611	0.1597670852514539	0.06021544973005141	0.04062549242647332	0.2721209458490507	0.05514443923801481
0.09030766144452385	0.09913007866869783	0.12056992606990628	0.04710434554014726	0.052445039723112354	0.1568590461265707	0.0605083089958584	0.022828722412630037	0.27432327940654255	0.07592359161201072
0.0840798733776154	0.09162747282804011	0.11475064628089698	0.04409501309501212	0.06935230069180648	0.15276908782291526	0.05966221980625285	0.03472329056869633	0.26270916861981924	0.08623092690894514
0.1340724458988872	0.08301424803991139	0.11108714891375072	0.04474849321224766	0.04740998632543496	0.15605480350191064	0.0637205996348102	0.023705098217591855	0.2627804237377299	0.07340675251772537
0.10906120383037438	0.09744439443458353	0.10304791908441996	0.0472102654405515	0.04592476227596659	0.14807961613519954	0.05815604431386613	0.024429820150006	0.2695690419059243	0.09707693242910803
0.10709671553125572	0.09807704169842732	0.1037073197521055	0.04701266416901182	0.06440861505667153	0.16047898413758982	0.05866518938185587	0.028338637841333544	0.27281329031218016	0.05940154211956867
0.11107306800500256	0.1233422400853981	0.11849577727637212	0.045157783114690896	0.05458530299419832	0.14740970102699905	0.057938342400499866	0.029501982507671942	0.2565397164378475	0.05595608615131953
0.08262925916987351	0.08803826348485172	0.11952086756662815	0.04240331564004591	0.06815716688487819	0.16370444806470089	0.0618773860451592	0.0336514452941494	0.26751650011076056	0.07250134773895242
0.12751804075001202	0.09564546564955638	0.11237417467619287	0.045281080374742856	0.06489853279281929	0.15689666629684496	0.06027799436375224	0.023628275444219138	0.2521973941180259	0.061282375533834324
0.1536719314228655	0.06436810315913909	0.11037562545706887	0.04178151915206123	0.06243403216825028	0.1588446585449227	0.062172053850542135	0.03053126441762259	0.257578765133407	0.05824204669412049
0.16102647064812142	0.07732291165752316	0.1028909680117504	0.04169433778749941	0.048274890669115264	0.14689617037729288	0.0633759410925293	0.02720069173895079	0.26950876012503255	0.061808857892184696
0.15509856553749635	0.09798126956837251	0.10702131661276781	0.04620906401425912	0.044735029089052865	0.14831856971469448	0.06000776612807476	0.03284199032742728	0.2534768789943955	0.05430955001345919
0.13808322203784795	0.04469551739285736	0.11168636228846647	0.045676358198323136	0.050235319377184215	0.15306330897388493	0.0615847376219922	0.03958166656806745	0.25478715236420607	0.10060635517717009
0.1300735737994303	0.09913774299942643	0.1074262048891187	0.04659686555147035	0.043730898503606015	0.15335672915663173	0.059184703240423214	0.037416267988809856	0.25879752990557336	0.06427948396550998
0.10789104496677954	0.06062468868916305	0.11604688209912355	0.044399395447260674	0.06733240053403003	0.16167284904489443	0.0605799981841592	0.03981778013272324	0.2564907126451607	0.0851442482567055
0.11135578425156792	0.07696761926209245	0.11947403905701796	0.04160244862697562	0.06879886814363222	0.15680061732385459	0.06104375595799564	0.030865751471506123	0.25079160711133963	0.08229950879401778
0.14971739422905317	0.07609540634479975	0.1144931255166464	0.04247491636658575	0.046388169770322445	0.16133883850755742	0.06067154557054097	0.02546596212563773	0.25821489371936146	0.0651397478494948
0.12970140013839943	0.04415638205194408	0.11225181566537773	0.046389863644879334	0.0664011422340196	0.15790323362854447	0.0631130706199731	0.023839423060726797	0.2642207354180869	0.09202293353804847
0.15665690132777213	0.06414308702715336	0.10697373857279184	0.043803848211328246	0.05863037473791371	0.15630772174228694	0.058822027781097665	0.03407805955506078	0.25601470775982	0.06456953328477526
0.09532736385619045	0.07633026257826213	0.12015445478045517	0.04695076327444469	0.05164996013777592	0.1533458731543923	0.06336416850942303	0.036909729354925855	0.2757644345074196	0.08020298984671084
0.15318099274309172	0.0455000929762248	0.10726648743774363	0.0435122839221045	0.06268172118710585	0.15857760165579693	0.06129764067050621	0.030715651942593125	0.2553180633469601	0.08194946411787306
0.10188627627613688	0.11200341403018771	0.12059266892901777	0.04595533799515433	0.049406026996284755	0.14834519638888582	0.06030551834591276	0.024721218940175274	0.2572475537022568	0.07953678839598785
0.1514526409005428	0.08261697195248137	0.11119753999734888	0.04587065188318143	0.055718337314517065	0.1506491208467173	0.06392503640889574	0.032556276039842486	0.25188549010134037	0.054127934555132456
0.13910688118824416	0.0853522236680574	0.11601673903014166	0.04185358353654952	0.04683893633686125	0.1545612071494777	0.06337773744550809	0.02710785066072302	0.2501087566606399	0.07567608432379722
0.08689210962717135	0.12076256450699571	0.11575002066282664	0.043774798604527765	0.06690464102967739	0.14802768016492332	0.05908366501747773	0.024053144113842267	0.2595945365533033	0.07515683971925453
0.08916899173197064	0.11864795369357059	0.10031780148524655	0.042783518800346296	0.062356379649084394	0.16389130838984745	0.06123335575116392	0.03997194994692487	0.26324412046211865	0.058384620089726634
0.11513139065030317	0.07161935327610103	0.11956214871272114	0.04599808382906907	0.06874416061730135	0.15388557105429118	0.06113312875420362	0.03623143322651301	0.2517537517558989	0.07594097812359743
0.09045110150089	0.0925954380070879	0.10985476340344703	0.0459534536448866	0.050929516844904966	0.162786775615204	0.0639432569062103	0.022078617428645114	0.270690538717489	0.0907165379312351
0.1418008034930867	0.04315318643811584	0.11281833644116125	0.045348085314822754	0.05266959355553247	0.15646779520790688	0.0645256550339301	0.025068910115693926	0.25876738233138885	0.09938025206836115
0.12313091568427412	0.09467417319414635	0.10860119600178197	0.044306291381995745	0.05206091759394605	0.15352999222921576	0.06418808151393442	0.02584615813977728	0.27395491504391106	0.059707359217017114
0.14358685632548943	0.05836388150026782	0.1176992814717977	0.043626942352371884	0.048470013053863906	0.16394508157976492	0.05944011861344324	0.028891089882482124	0.26091675075544335	0.07505998446507553
0.12490883433917746	0.05698739235339011	0.12039045851119237	0.04437387163123198	0.056250655996211665	0.16390885199336025	0.059759776020187935	0.02561296517486686	0.26303577877222273	0.08477141520815856
0.0916131825388314	0.11681431444564114	0.11199018869576634	0.04689232949111376	0.056412962613241774	0.1510975655551878	0.06174387434471218	0.030697665852063682	0.2727586955564104	0.059979220907031484
0.09256471486273003	0.11473222217160434	0.10548209357428166	0.04395345195022238	0.06619100223262848	0.15056989173466573	0.0645062565965227	0.03397575458351555	0.2524506941045107	0.07557391818931836
0.11500787879002866	0.0881666081343583	0.10256881719116828	0.04641150467724856	0.061640088284239995	0.15403092230266904	0.06343045227776539	0.04037878117036981	0.271345999211475	0.05701894796067689
0.09059716483538291	0.11211056193643813	0.10766962771002903	0.043660148354911235	0.05101859503809435	0.1568736385309005	0.06441853583155138	0.02976137875231176	0.27565404603169313	0.0682363029786875
0.11185403195622376	0.051630329647068145	0.12006427693821385	0.04716553452584194	0.05754327973463915	0.15780788262668144	0.06302561451544786	0.0383226787411317	0.25948670947248487	0.0930996618422672
0.1574571276123149	0.06728219342275503	0.11230497287524836	0.04264721909466096	0.05479724528705687	0.14988259752693983	0.06320088725525658	0.02393378288550406	0.2744210994436769	0.05407287459658637
0.1580701460555895	0.06619751184138999	0.10235768862418787	0.04561572935174757	0.05611984190717062	0.15222048151844564	0.0637722772347057	0.02356361087594279	0.2701944685242438	0.061888244066576385
0.1636673345165419	0.04774884332948452	0.10718084796459564	0.04634319363466282	0.0527169140766583	0.1557519937088749	0.05843119683764802	0.03779824010413399	0.2572857902976023	0.07307564552979753
0.09644687513688197	0.08985060430715003	0.10589838093500856	0.0470827230642971	0.060913377587425266	0.14828514149462893	0.0625602047802734	0.03351380033892275	0.2757829554347638	0.07966593692064819
0.11203838596478378	0.08645971926341699	0.1099806184469897	0.04299561953213219	0.06111635813391841	0.15429033772907774	0.05914487538558206	0.027279255594245752	0.2606349756871947	0.08605985426265865
0.14819076670718728	0.04307345606373092	0.10197928309811681	0.044998224210035714	0.05253065410770933	0.16153253690571098	0.058672362965190496	0.03683417493382349	0.27275370805034954	0.07943483295814538
0.15094557979687634	0.06823764614193809	0.1097783232218777	0.0423044790165416	0.04446781683515061	0.15760286542938756	0.06366866063805295	0.034894117096700206	0.2506015236970908	0.07749898812638399
0.17088997827512073	0.050291441460190114	0.10471727321890908	0.044268584994446365	0.05267887560690317	0.1578002477394759	0.06400419166060771	0.03576598064059239	0.25239611992779304	0.0671873064759613
0.1714032680464809	0.04585955000326074	0.11845242478068363	0.04164786753265866	0.0693204769540113	0.15150124169414683	0.05844129349420775	0.022272245927245207	0.25126094030760054	0.0698406912597043
0.17399121680505528	0.04847462730835617	0.11504194737101126	0.0429013580458944	0.05095844932005882	0.15633633824832513	0.05812520430562025	0.038996267343841484	0.2575234113543987	0.057651179897438364
0.13036488464299603	0.10807977230172966	0.11245388329364187	0.04297822172834833	0.044635856203093786	0.14917999675442545	0.06427291440667654	0.023377745629141758	0.2546575244854385	0.06999920055450798
0.1407768427780064	0.0768214646760937	0.11976666968798992	0.046290360601558264	0.05005295370478705	0.1483195264711361	0.05903051485441681	0.021785026095316004	0.2698794957137948	0.06727714541690089
0.12860180299511217	0.0677380978800089	0.11435315871691312	0.04203057568307939	0.06808770993684968	0.15967933676632834	0.059710795410482194	0.02611753546137978	0.2579573512329679	0.07572363591687842
0.11633655810616778	0.08266672941064046	0.1102562098721842	0.046105624482806716	0.06931958331980947	0.14803977931561238	0.06283405985635626	0.028764502568038544	0.2635361838874619	0.07214076918092216
0.1574841651194258	0.07156317921545025	0.11731052283073119	0.045468586862752555	0.04540443456548584	0.14854287550055875	0.0609009118160244	0.022797838372049073	0.26690113893806505	0.06362634677945704
0.08736166789207889	0.08332809738451463	0.1212810157109342	0.041929072554186854	0.0549533776955037	0.14810580613422658	0.06420772097340424	0.03348123180196563	0.2706557213102958	0.09469628854288936
0.09181821369275558	0.115895816751692	0.10670149886751092	0.045730843150206785	0.04902517554089068	0.16120867017183788	0.05981231878928978	0.02916185705509325	0.25984449527723535	0.08080111070348775
0.10678580201260636	0.11190489794800412	0.10541749084549992	0.041580172895900755	0.06542746695363334	0.1569232968816128	0.061827187058538964	0.03117140636192124	0.25838887398036126	0.060573405061921215
0.13463987491346285	0.09871332393748954	0.11360700865899616	0.04471274444875915	0.043701300760372805	0.15920967302878106	0.06126832518492104	0.022463699592963488	0.2568136230017777	0.06487042647247615
0.1198373763001101	0.07075851409926026	0.10439404950737446	0.04286094663230705	0.05385143777967594	0.163790266067015	0.06121447959221065	0.02800959111592277	0.25455459130883656	0.10072874759728719
