0.3114562209817806	0.3437346739084279	0.3448091051097916
0.3046051189972696	0.34630057553789745	0.34909430546483305
0.32116376591103485	0.3437613549775894	0.33507487911137585
0.3111610743452573	0.3412080412709679	0.34763088438377493
0.3147989343551	0.3542445949661311	0.33095647067876904
0.3225113750041855	0.3444305443172989	0.3330580806785157
0.3070538188087538	0.3462659496448129	0.3466802315464334
0.3160259022939396	0.3395045360050644	0.3444695617009961
0.3158873255206455	0.3431323161774548	0.34098035830189977
0.3074414430478908	0.3542449406290567	0.3383136163230526
0.3051509597979364	0.35037680888806083	0.3444722313140029
0.31124205573778174	0.347085161364339	0.34167278289787933
0.3089496329884958	0.33970460860895335	0.35134575840255095
0.3034684175708774	0.3509906057544769	0.34554097667464584
0.3110106146773491	0.34765916743410125	0.34133021788854984
0.31320596992556937	0.3413814007460013	0.3454126293284294
0.3052249387071933	0.3476249212613797	0.3471501400314271
0.30849270860958267	0.34416135042134677	0.34734594096907073
0.3122561289637172	0.34226833434625514	0.3454755366900278
0.31523492456766644	0.34935739038431174	0.3354076850480219
0.3100536593476927	0.3449950303501828	0.3449513103021246
0.3154496985417006	0.342623023620544	0.34192727783775556
0.30272233355523515	0.35424368432057907	0.3430339821241859
0.3172758324067124	0.3450361452749736	0.3376880223183141
0.31587433241308116	0.3404076315969654	0.34371803598995354
0.30595824992502063	0.3519953793534194	0.34204637072156
0.31091187528494535	0.3448257042743727	0.34426242044068206
0.31584142583002206	0.34146809645663423	0.3426904777133439
0.3227074760689074	0.34361474094311767	0.33367778298797507
0.3044162398558147	0.34714208907207816	0.3484416710721073
0.3191158080379374	0.34980482523801903	0.3310793667240437
0.3151151792755593	0.3393529973346202	0.3455318233898206
0.3069595718042983	0.3522458775416053	0.34079455065409653
0.30300691993273055	0.3543146101487554	0.34267846991851414
0.3144399274269772	0.34418775145049296	0.34137232112252996
0.3127129790887155	0.3542676207746641	0.33301940013662057
0.3061962890765871	0.34507399516712184	0.3487297157562912
0.31313246034528625	0.3528928377844631	0.33397470187025075
0.317718900454023	0.34048427166604717	0.34179682787992993
0.3062254227161955	0.3550195945837673	0.33875498270003734
0.30703516624087474	0.3493609673306993	0.343603866428426
0.3190841804417548	0.3494883910257398	0.33142742853250556
0.30633378808476064	0.35021265324149237	0.34345355867374716
0.30674027405676507	0.3483164486196848	0.34494327732355023
0.3071331805150835	0.344840481409847	0.3480263380750696
0.30292615550879665	0.34659668760201545	0.350477156889188
0.30993090180488325	0.341001845581708	0.3490672526134089
0.30609510698490866	0.3510384239488128	0.34286646906627866
0.31716442303608705	0.3404377517776965	0.3423978251862166
0.311987185057826	0.34076454916832094	0.34724826577385315
0.3165693837514204	0.3485498669209727	0.334880749327607
0.3084997782267105	0.34131271313489625	0.35018750863839343
0.3047232412202891	0.3466197706877838	0.3486569880919272
0.31424121373344566	0.3437967891471199	0.3419619971194345
0.30210434737977665	0.3514518571874192	0.34644379543280424
0.3164538668716207	0.3479401417451664	0.335605991383213
0.3095242063741867	0.3436445675313694	0.346831226094444
0.3206172820651216	0.3391836671124155	0.34019905082246304
0.31234383772189755	0.34829046002066694	0.3393657022574356
0.3188488133322865	0.34459460715295026	0.33655657951476337
0.31485166016627014	0.3476705752644806	0.3374777645692494
0.31997432497026673	0.339361666353803	0.3406640086759304
0.31788384003781206	0.34810184177774883	0.3340143181844392
0.30859566848233283	0.3427006036450131	0.34870372787265425
0.3126891441663705	0.353469624990215	0.33384123084341466
0.30847249042623814	0.3465088854960087	0.34501862407775324
0.30865647368306903	0.3442138483832151	0.34712967793371596
0.307728168382689	0.34995792949688986	0.34231390212042123
0.3140722517295824	0.34348223817662676	0.34244551009379093
0.31884884418239584	0.3393369913798452	0.3418141644377591
0.32092392239241974	0.34359042613698226	0.3354856514705981
0.3142098941034976	0.3419327198944557	0.34385738600204685
0.3106097402053817	0.3485963957583038	0.3407938640363146
0.3188612880036196	0.34170121331067155	0.3394374986857089
0.31279510244909076	0.34657849268479496	0.34062640486611434
0.311698711192423	0.35044643457345015	0.3378548542341269
0.3130051825332428	0.35260561736518253	0.3343892001015748
0.31336137651042517	0.3429452050757513	0.3436934184138236
0.32010630507232346	0.34849965905195035	0.3313940358757263
0.31792018075469064	0.34971523389244247	0.33236458535286706
0.30959709182764394	0.3464366458580205	0.34396626231433564
0.310052729095722	0.34932523869088905	0.34062203221338905
0.3106246945963269	0.3490339322381027	0.3403413731655705
0.30975325634442996	0.3531212298961574	0.33712551375941274
0.3117764513288892	0.34073311604014744	0.34749043263096346
0.3141007299153396	0.35010245381947874	0.3357968162651818
0.3075426561305256	0.34146687287742034	0.35099047099205416
0.30169171548551754	0.34554669533445764	0.3527615891800249
0.3136159195518483	0.3514951645653224	0.3348889158828294
0.3072574284847487	0.34481449719317825	0.3479280743220732
0.3069477085578883	0.3422475037849792	0.35080478765713263
0.3206254466820495	0.337831477789236	0.34154307552871466
0.3029086050574365	0.3487891795462973	0.34830221539626627
0.3054921478620466	0.3439312434809811	0.3505766086569725
0.32008187635246443	0.3385921487342134	0.3413259749133223
0.318958761132547	0.3496706631653468	0.3313705757021064
0.3205208197456598	0.3384319126145536	0.3410472676397867
0.3159425064248359	0.3492833472216384	0.3347741463535258
0.3171120873195462	0.3384796107212679	0.344408301959186
0.30767854499418407	0.3397208157889879	0.35260063921682816
0.3129828985798065	0.3535998453943036	0.33341725602589
0.3148326089975473	0.34955671318068054	0.3356106778217723
0.31592448724532524	0.35045526938604044	0.33362024336863444
0.304312980201209	0.3528036013222022	0.34288341847658893
0.3128257062263457	0.3466932031769869	0.3404810905966676
0.31078403957963785	0.34411845318774104	0.3450975072326212
0.3065291924694716	0.34750363984823646	0.34596716768229213
0.3072937846005188	0.3482514242693701	0.3444547911301112
0.30720425856765143	0.34568576031767456	0.34710998111467406
0.3133497244873962	0.3452897530452262	0.3413605224673777
0.3082571755635079	0.3490181993863435	0.3427246250501487
0.31848351947734665	0.3506144251533639	0.33090205536928957
0.3099354309948248	0.3533516260851484	0.3367129429200269
0.30890505199175555	0.34567145061256804	0.3454234973956765
0.32292484734154636	0.3459765628340537	0.33109858982440005
0.3162486490966485	0.3505214012237409	0.33322994967961067
0.32137987182839073	0.3450896880540208	0.3335304401175886
0.30958128227417886	0.3408228188224323	0.34959589890338894
0.3111142132484581	0.3410450283800667	0.34784075837147527
0.3159603941487186	0.3492207636695082	0.33481884218177327
0.3221065830701277	0.34753821154170167	0.33035520538817076
0.3173546958455996	0.3508390726656322	0.3318062314887683
0.3151224080567935	0.3523069491713571	0.33257064277184956
0.31716194633419537	0.3389732463804539	0.34386480728535085
0.3141382987481048	0.34519401692343593	0.3406676843284594
0.32159482261641703	0.34225543738822584	0.3361497399953572
0.3198033123588426	0.34074863593913485	0.3394480517020227
0.3171113526729994	0.3496849436709875	0.3332037036560132
0.30226657805743623	0.3470460691189684	0.3506873528235955
0.3212254418650775	0.3484038712408921	0.3303706868940305
0.3025940624226966	0.3497673645463071	0.3476385730309965
0.320275580762176	0.34060734655758884	0.3391170726802353
0.3155071276032772	0.3491336291775452	0.33535924321917765
0.3082489821832887	0.3406525275036927	0.35109849031301876
0.30365394201514345	0.3439618369007938	0.35238422108406287
0.32074603497068416	0.33795737818707183	0.3412965868422441
0.3108689321427188	0.3416748602550937	0.34745620760218765
0.30889418832928134	0.3492502499590972	0.34185556171162157
0.32196568626281796	0.346759917020545	0.33127439671663717
0.30260747146071965	0.3548118938645355	0.342580634674745
0.31207417546928484	0.3420401219672221	0.34588570256349316
0.3147592422345015	0.35126508001174284	0.33397567775375575
0.31285047245899267	0.3444797115487055	0.34266981599230195
0.3181835400907106	0.35080447243370494	0.33101198747558463
0.31524647547829016	0.3438467070680439	0.3409068174536661
0.3170062952298629	0.34224999731029265	0.34074370745984456
0.3162975295259943	0.3510172439064354	0.3326852265675704
0.3228164946433864	0.3407604276569056	0.3364230776997081
0.31527276191692327	0.3466299199439835	0.33809731813909333
0.3197155175939919	0.33929955944224727	0.34098492296376093
0.3170603752158796	0.3438659763163513	0.3390736484677693
0.3100539487696896	0.3395204030156781	0.35042564821463246
0.3171872388772593	0.3524033386880019	0.3304094224347389
0.30324316841282956	0.3535382191822751	0.3432186124048955
0.30866318624823125	0.34948242062553914	0.3418543931262297
0.3060833263774195	0.3473735476536953	0.3465431259688853
0.3091618380755551	0.33879710406049807	0.35204105786394696
0.30759927839814166	0.34513844630502805	0.3472622752968304
0.31725073868634923	0.3510581911798826	0.3316910701337683
0.3039972098723595	0.34617355065646144	0.34982923947117917
0.3116229567459103	0.3470673283423803	0.34130971491170947
0.3123613917573399	0.35488013424014586	0.33275847400251435
0.30588166577003917	0.35322483038551306	0.3408935038444479
0.31079965966458367	0.33817592825156373	0.35102441208385265
0.31973819263171877	0.34324217402556145	0.3370196333427199
0.3177821297915013	0.3444359395290932	0.33778193067940565
0.3075443848775921	0.34320093784963757	0.34925467727277043
0.3179225165883879	0.35004832753618487	0.3320291558754273
0.32276879273349957	0.346425286620975	0.33080592064552555
0.31169883071071025	0.34653591737792266	0.3417652519113672
0.30981773893674547	0.3494477747158539	0.3407344863474007
0.31279786109258706	0.3508193988671543	0.33638274004025875
0.31320089492995223	0.34857574950234754	0.33822335556770033
0.31318033889797986	0.3545708055597332	0.33224885554228706
0.314957258397517	0.3492111093976221	0.335831632204861
0.3059396014965858	0.3511053045503443	0.34295509395307006
0.31931319994553214	0.3478906342732545	0.3327961657812134
0.31930094681790516	0.34206899338817326	0.3386300597939217
0.30995380401208295	0.3411406475842428	0.34890554840367444
0.316976193629358	0.3483938883283625	0.3346299180422796
0.31336888604693297	0.3431063285017566	0.34352478545131054
0.31377714267798873	0.35200522660401495	0.33421763071799643
0.3109452380079018	0.3486491488412025	0.3404056131508958
0.3117737820011433	0.3383324306524519	0.3498937873464049
0.3187285009778398	0.3466025693580329	0.3346689296641274
0.3097836957429184	0.3511298624945426	0.3390864417625391
0.3141928486868198	0.33955124576125034	0.34625590555193
0.3188101458055339	0.34053551062053217	0.34065434357393404
0.31749705246464216	0.3478889241770787	0.33461402335827933
0.30581780704338124	0.35145748900217866	0.34272470395444016
0.3218009365736606	0.347925173257867	0.33027389016847253
0.31200628088718846	0.3440176930576043	0.3439760260552074
0.30653407324283594	0.34551767498453373	0.34794825177263045
0.30497910711612786	0.35051612491542905	0.3445047679684432
0.30775217121649573	0.35299337767488714	0.33925445110861724
0.319691386188898	0.34211796301747033	0.3381906507936318
0.3046176799691304	0.35514643951047736	0.34023588052039233
0.3185513269407716	0.34297296627064944	0.3384757067885791
0.3033732077794783	0.347649697126385	0.3489770950941369
0.31882583935429765	0.3482591458649643	0.33291501478073815
0.3121159136725674	0.35321014825669983	0.33467393807073287
0.30736574398823	0.34997828730562464	0.3426559687061455
0.30665977664640115	0.3497699314553817	0.34357029189821725
0.319880610161506	0.3469587883340763	0.33316060150441784
0.3071834239293896	0.3509247953355569	0.3418917807350536
0.3216672761804254	0.3382897590667914	0.34004296475278334
0.3041322651491408	0.34842828653417407	0.3474394483166852
0.31923922441162533	0.34117762685606423	0.33958314873231055
0.3138414045687128	0.3403811408411922	0.3457774545900951
0.30642934425405666	0.35317887507105405	0.3403917806748894
0.3206677794620474	0.3416107064667653	0.33772151407118745
0.314344736601392	0.33969693839490905	0.345958325003699
0.3015535113606813	0.3499731589619424	0.3484733296773764
0.31243807141362423	0.341052295050507	0.3465096335358689
0.32158202528348034	0.3432591606326477	0.33515881408387205
0.3116520614775531	0.3520065256793965	0.3363414128430505
0.30652105246657096	0.3525065162770504	0.34097243125637877
0.3189731141592026	0.3503528287745709	0.3306740570662266
0.31629147291008053	0.35259325985887974	0.3311152672310398
0.3028065560214666	0.3493489384149292	0.3478445055636043
0.31637408810568757	0.33869766268809365	0.34492824920621895
0.3134991245291434	0.35477385411167434	0.33172702135918236
0.3083358609813381	0.33895938397124076	0.35270475504742127
0.3042067831159264	0.34586312898117927	0.3499300879028944
0.31787692591087396	0.34574143813082897	0.3363816359582972
0.305221747774686	0.34477389947833403	0.35000435274698005
0.31564529468816327	0.34597138832327434	0.3383833169885625
0.3069057967917375	0.3486889075552962	0.3444052956529664
0.3064525322831304	0.34644436461416556	0.34710310310270415
0.3141081602526805	0.34016771839410526	0.34572412135321434
0.3106279846835193	0.3454759745402617	0.3438960407762191
0.3204609665258536	0.3400837552604138	0.3394552782137327
0.31608741959881576	0.33943924083726346	0.3444733395639209
0.30447651969052003	0.3553089272181705	0.34021455309130955
0.30600058624084936	0.346690316270181	0.34730909748896976
0.3186979677259206	0.33779038106682807	0.34351165120725147
0.31094265412006306	0.3426264565629625	0.3464308893169745
0.3223087051579996	0.34526443878338225	0.33242685605861827
0.3060117819731132	0.35040549003829147	0.34358272798859546
0.3216165478136413	0.345710959471795	0.3326724927145639
0.32205633029748576	0.34444944584095555	0.3334942238615588
0.3161809222557566	0.35313600751656093	0.33068307022768256
0.31418497724269323	0.34332243815689073	0.3424925846004162
0.3036789501397009	0.3519313187918573	0.3443897310684419
0.3214531863227997	0.3422333191228115	0.33631349455438897
0.31524437385313864	0.3529238179655379	0.3318318081813236
0.30835627761881196	0.3532860554508354	0.3383576669303527
0.3079023021465601	0.34328320142958085	0.3488144964238592
0.31774213489200137	0.33986620450044264	0.3423916606075561
0.30812595161963746	0.3516614753744088	0.34021257300595387
0.3058710150189431	0.3518133398148233	0.34231564516623375
0.3052571640951478	0.34256093414295485	0.3521819017618974
0.30804533848422616	0.3552985597788397	0.3366561017369342
0.307615313572313	0.3410838653165137	0.35130082111117344
0.3067769606000849	0.34975484640084864	0.34346819299906656
0.3027231441811426	0.35082211100753874	0.34645474481131877
0.3161198418910434	0.34133918327063273	0.34254097483832396
0.3124730343664537	0.34692920163999436	0.3405977639935521
0.3169369780507874	0.34577085846245076	0.33729216348676194
0.3092991203487128	0.34520234787136916	0.3454985317799181
0.31507265484911723	0.3410388304084358	0.3438885147424471
0.3213327499400064	0.3441041829050459	0.3345630671549478
0.3085273690702747	0.3463066680078189	0.3451659629219065
0.31050333744184033	0.3435274172410105	0.3459692453171493
0.31521787406074364	0.34351193461169166	0.3412701913275648
0.3230350213184736	0.3421057968355001	0.3348591818460265
0.3134571279875229	0.35212144140735074	0.33442143060512647
0.3115260892457793	0.3503186921012955	0.3381552186529253
0.31546028945659027	0.3465913290381173	0.33794838150529255
0.3180382552591823	0.3482397868849399	0.33372195785587794
0.3140036645893699	0.3414796858564981	0.3445166495541321
0.3221205884169775	0.33976639657849406	0.33811301500452856
0.3063974037427291	0.34595231241255775	0.34765028384471325
0.3156522105780561	0.3429193072771755	0.34142848214476845
0.3026588130041623	0.3506122124479077	0.34672897454793006
0.3135063157949922	0.3414786473509353	0.3450150368540726
0.30983276315289254	0.3479673794641268	0.34219985738298075
0.308061726375226	0.35426050398134357	0.33767776964343055
0.3125544528638093	0.34984522623744674	0.33760032089874403
0.312496765437025	0.3433589302228437	0.34414430434013144
0.3035455055188731	0.35491392319913456	0.34154057128199244
0.322651050362522	0.3407509689564273	0.3365979806810508
0.3153554090915066	0.3533399849128454	0.3313046059956481
0.32240482920192004	0.3432879190440866	0.33430725175399345
0.30458009978020595	0.3441081785424384	0.35131172167735575
0.31085242190656676	0.33974404811395875	0.34940352997947466
0.31401621882339653	0.34442080141482634	0.34156297976177724
0.30672028339862223	0.3484880126078398	0.3447917039935381
0.30888441779643905	0.34456484628475204	0.346550735918809
0.31017332503427136	0.3472460044679472	0.34258067049778157
0.31235027345741984	0.34084084759716515	0.34680887894541507
0.31709890649429556	0.3472030498967976	0.335698043608907
0.31327774308394934	0.35512044036939017	0.3316018165466606
0.3054488366528876	0.3452289090710631	0.34932225427604946
0.3090011598099079	0.34396704940354444	0.3470317907865478
0.3099411152379561	0.3487100063185257	0.3413488784435183
0.31425235001087265	0.35213537894747127	0.33361227104165625
0.31711770245356724	0.35212550727340297	0.3307567902730299
0.31073198158113136	0.3412313374013156	0.34803668101755314
0.3149743535450147	0.34159815169066327	0.34342749476432216
0.30622021658371135	0.3517156540364194	0.3420641293798693
0.31382681181466054	0.34963401198055544	0.3365391762047842
0.3154973451881254	0.33991444484976696	0.34458820996210776
0.3076703042949781	0.34791084654194726	0.34441884916307475
0.3052742720209244	0.34628072486520267	0.3484450031138731
0.31443935355865804	0.34567387135950495	0.3398867750818371
0.3033452468111822	0.3535766755334789	0.3430780776553391
0.3130600492498678	0.3547168756743739	0.3322230750757584
0.30962665199540534	0.3443523678908801	0.3460209801137147
0.30699341294281485	0.3408143911171922	0.3521921959399931
0.31409442018478856	0.35387998733114534	0.3320255924840662
0.3099809329937691	0.33906250148200606	0.35095656552422494
0.3190633118473738	0.35004735260188213	0.3308893355507442
0.3167073108940572	0.3523472216703245	0.3309454674356184
0.30897656162866793	0.3539833728530029	0.3370400655183293
0.3029615435295603	0.34955990347274046	0.34747855299769936
0.3049843328208335	0.3545187168780636	0.34049695030110305
0.31434077503896796	0.3551724952457185	0.33048672971531373
0.3031776759423488	0.34515431411136777	0.35166800994628356
0.3087757840476239	0.34786839206652215	0.34335582388585406
0.3106942570230565	0.3501743442152898	0.3391313987616538
0.3078866139730692	0.3466810778351708	0.3454323081917601
0.31529710951618517	0.3525957789888282	0.33210711149498673
0.3114939811437028	0.35155078723070454	0.33695523162559277
0.30537974896419223	0.3512599660380112	0.34336028499779664
0.3060563940615743	0.35038210240550893	0.34356150353291687
0.3112278136073933	0.34995051758522255	0.33882166880738424
0.30216582423754323	0.35212202287345085	0.345712152889006
0.31862089155797796	0.34338913934575505	0.3379899690962671
0.30833486866687476	0.353295539797331	0.3383695915357943
0.3221561052065107	0.34463395806124175	0.33320993673224764
0.3079274365241385	0.3435569496975323	0.3485156137783293
0.3127184426313761	0.34124054773014323	0.3460410096384808
0.31089276581649555	0.33808829689684067	0.3510189372866639
0.3216700485911149	0.3381030808490863	0.3402268705597989
0.3160990397052558	0.34257384018336035	0.34132712011138394
0.3230277803653031	0.3383700788091431	0.33860214082555395
0.3159218133995318	0.3434634767628527	0.3406147098376156
0.31518467079266504	0.3442159359330365	0.3405993932742985
0.30963717908388105	0.33925491065537067	0.3511079102607484
0.30311585929105317	0.35215533747973593	0.344728803229211
0.31899329003993143	0.3385834398500838	0.34242327010998486
0.31420910517904066	0.3524893570236094	0.33330153779735006
0.3168925026649649	0.3381275711122928	0.34497992622274243
0.31130593606893453	0.34404199221368886	0.34465207171737666
0.31235090136071164	0.35347269485457294	0.3341764037847155
0.3173795868027441	0.34509093794666457	0.33752947525059146
0.315838934789311	0.34932467101156933	0.3348363941991197
0.310259150777057	0.34764120875460175	0.34209964046834135
0.3122303112649309	0.3543738739683429	0.33339581476672636
0.31078318272416755	0.3413127117940561	0.34790410548177647
0.3023665482948222	0.3542361390475845	0.34339731265759343
0.30372250701751485	0.35030112333280045	0.3459763696496848
0.31010575961668974	0.34546539695451906	0.3444288434287914
0.30351980818757185	0.34902173799975394	0.3474584538126743
0.31335788232396955	0.35239063004802623	0.33425148762800433
0.3218581395218785	0.3450106796944396	0.33313118078368203
0.31129462750222464	0.3490600312418325	0.339645341255943
0.30970353569721515	0.3406227787732199	0.34967368552956507
0.3083476809867447	0.35503136170040495	0.3366209573128505
0.3110933361767515	0.3495900331928557	0.33931663063039297
0.30438998086996505	0.34503417600577435	0.3505758431242607
0.3218179155392802	0.34255499900934694	0.335627085451373
0.3077307407866808	0.3407083424699085	0.35156091674341083
0.30326142456327204	0.3513016014719276	0.3454369739648005
0.3069988888720756	0.34457462750411294	0.3484264836238116
0.31795228031472983	0.351400627604174	0.33064709208109627
0.3048671007277824	0.34522397223921886	0.34990892703299886
0.3040790161351515	0.347215346815748	0.3487056370491007
0.3129833545975699	0.342959347498299	0.3440572979041313
0.31200191671037275	0.34795061372118524	0.3400474695684421
0.3226756078824106	0.3378302891939697	0.3394941029236198
0.3203437731573638	0.3476603060848946	0.3319959207577417
0.31783925800385243	0.3412138812723498	0.34094686072379793
0.3096241913690575	0.3388822750630737	0.3514935335678689
0.3060491691494648	0.35058748729304967	0.3433633435574856
0.3050689650112346	0.3470869841996178	0.34784405078914776
0.305248500815286	0.3530157698686022	0.34173572931611196
0.30961682343998886	0.34971782017847475	0.3406653563815365
0.31067076731643833	0.34286015699575695	0.34646907568780483
0.31370293144076555	0.34724654426480134	0.3390505242944332
0.3066561685305496	0.3412919352082142	0.3520518962612363
0.3056761124207341	0.3504230666328256	0.3439008209464404
0.3115938991690227	0.34795181670879904	0.34045428412217843
0.3198426681487738	0.3396487703070792	0.3405085615441471
0.3099335996557522	0.35506079893405673	0.3350056014101912
0.31056463993538386	0.3521930619362714	0.33724229812834483
0.3168483758367045	0.35061655851927637	0.33253506564401925
0.3141517113263796	0.34929925585571253	0.336549032817908
0.3141979969460503	0.34731024801584554	0.33849175503810436
0.30994192804983534	0.34518003663448577	0.344878035315679
0.31402007672527565	0.3500579448442527	0.3359219784304718
0.30615030241657154	0.35073101583696853	0.34311868174646004
0.31579246450005144	0.3380988382259486	0.34610869727400007
0.3180307514658527	0.34488262168252315	0.33708662685162427
0.3200679389744887	0.34847228142656095	0.3314597795989504
0.31930351069281115	0.34942633049620214	0.3312701588109868
0.3136282128116009	0.34644169084162796	0.3399300963467712
0.3194183670477072	0.33789845021557996	0.34268318273671294
0.31536430252801523	0.3512317342181263	0.33340396325385857
0.3112121662142441	0.35140334644350624	0.3373844873422498
0.3063869479901254	0.34431867310185926	0.3492943789080155
0.3112926935575814	0.33990718935956465	0.3488001170828541
0.30322634384281216	0.34528036160829007	0.3514932945488979
0.3021362352832406	0.3471690833437879	0.3506946813729716
0.3022766543563254	0.35300731278089076	0.34471603286278396
0.31799472216789687	0.3456029110361695	0.3364023667959337
0.3120283297985282	0.3457163626625441	0.34225530753892786
0.30746473415564635	0.35057134199563	0.3419639238487238
0.3118976864345559	0.35415951749348673	0.3339427960719575
0.32237543155373627	0.3400778439709792	0.3375467244752847
0.3107256920566912	0.34245481641289716	0.34681949153041175
0.3091989678923101	0.34512004342824204	0.34568098867944796
0.3175722425663455	0.34414217540647357	0.33828558202718106
0.31420260635523656	0.34319907997574745	0.34259831366901605
0.3229287876262039	0.34209996267584253	0.3349712496979536
0.31220226756458846	0.33793407321862673	0.3498636592167849
0.31345305858849204	0.34974111846284606	0.336805822948662
0.3156914078038743	0.34289154717815973	0.3414170450179661
0.3039386644387267	0.35157827219906995	0.34448306336220347
0.3168589954335063	0.3529480922287323	0.3301929123377615
0.3096127264702104	0.34172732108166454	0.3486599524481252
0.3130283299788208	0.3460119211439232	0.34095974887725605
0.3104619032607883	0.35096804101906465	0.3385700557201472
0.3051038802814373	0.350634350694229	0.3442617690243338
0.3164448942423559	0.3409933129959129	0.3425617927617313
0.305630854350141	0.3456815465184931	0.34868759913136604
0.31322042906836345	0.3541335197507138	0.33264605118092283
0.3162921091039684	0.35198706318154366	0.3317208277144881
0.3057142984671661	0.3515045284041047	0.34278117312872936
0.3087177698822341	0.3539058595250144	0.33737637059275166
0.3185229520019443	0.35027278616026897	0.33120426183778684
0.31062875791786326	0.352828662992399	0.33654257908973784
0.31775183009467367	0.339455940957688	0.34279222894763844
0.3204352098594192	0.34469771687335177	0.33486707326722914
0.3159998689972916	0.35313757058652273	0.3308625604161858
0.31784181414931745	0.3454395450532243	0.3367186407974584
0.3200344221923444	0.3401966792219864	0.33976889858566933
0.312543495959764	0.3481347264362828	0.3393217776039533
0.3167879304302692	0.340541614765604	0.3426704548041269
0.30800311780386935	0.35262544113507616	0.3393714410610546
0.30975745550475703	0.34576176151676263	0.34448078297848045
0.31642361219501963	0.35026980287177795	0.33330658493320253
0.3048878941803368	0.3465281226843471	0.3485839831353163
0.31740983929680394	0.34791690741412856	0.3346732532890676
0.30664675264237784	0.34525185344570225	0.34810139391192
0.30892829127289545	0.3536043559846179	0.33746735274248674
0.3092200070437397	0.3513984532371025	0.3393815397191579
0.30555470466944584	0.3492247050026392	0.3452205903279151
0.32258006560663793	0.3410765384274302	0.336343395965932
0.3120531708589309	0.3424405839732954	0.3455062451677738
0.3170254914332674	0.35032012059069517	0.33265438797603747
0.31779577391009944	0.34115247546428457	0.3410517506256161
0.32172104464994483	0.3381789651525697	0.3400999901974856
0.31363988176644075	0.3456245929693948	0.34073552526416456
0.3204682826399841	0.3480055086715835	0.3315262086884325
0.32007401393690266	0.3488430442441897	0.33108294181890774
0.3095674676769722	0.3379868936706859	0.352445638652342
0.3076948853901489	0.3486154307839905	0.3436896838258607
0.3066232028296135	0.3512722754419686	0.34210452172841804
0.3171950723990222	0.34761989674987404	0.33518503085110385
0.30740371447318393	0.3465062882327884	0.3460899972940278
0.3086866590318201	0.3479873765700414	0.34332596439813867
0.30629310811085697	0.35443371639337895	0.3392731754957642
0.31355355241477817	0.33839210487947885	0.3480543427057431
0.3194995527772165	0.3451423935056784	0.33535805371710525
0.308130544711082	0.3439582969095949	0.34791115837932324
0.31505099130114783	0.3453980594285958	0.3395509492702564
0.32277780055096406	0.3462641964647597	0.3309580029842764
0.3089736252883529	0.3407279145783924	0.3502984601332548
0.31488173621115484	0.3423935482591898	0.3427247155296555
0.3035836449058949	0.34736963762716305	0.3490467174669422
0.30842810618376443	0.344795844127993	0.34677604968824266
0.3073027185729387	0.34264776918780493	0.35004951223925646
0.31513955978273017	0.3536032111941217	0.33125722902314825
0.31194427230785204	0.3404270368621887	0.34762869082995934
0.3138319675327687	0.33999649794963505	0.34617153451759636
0.32157601412150283	0.3385945910596375	0.33982939481885976
0.31985107328459483	0.34425729519299175	0.3358916315224135
0.31319068499012337	0.3431910567544628	0.3436182582554139
0.3083860777896318	0.3419569679930635	0.3496569542173048
0.3041796876302824	0.3540614101179291	0.3417589022517886
0.3145230729287002	0.3487822738299494	0.3366946532413505
0.3043398954958643	0.35034462292427304	0.34531548157986275
0.306241763958784	0.34693225611861844	0.34682597992259767
0.306557014782834	0.34820916192332024	0.3452338232938459
0.31971690627997384	0.33849935846549717	0.3417837352545291
0.30467005103580685	0.34287670330061487	0.3524532456635784
0.3141302158733962	0.34194961400264556	0.3439201701239584
0.3077641084374173	0.340861355473242	0.3513745360893408
0.31983033189447985	0.3426762325932347	0.33749343551228556
0.3190439050173205	0.34476948148739894	0.3361866134952807
0.3102088900871364	0.35112178977720343	0.33866932013566026
0.32066873887532343	0.3460516660319656	0.3332795950927111
0.3091083533121112	0.3392681282647941	0.35162351842309486
0.31004685774243496	0.34917315391692627	0.3407799883406389
0.31785011966877436	0.3440830401015892	0.33806684022963657
0.31148898011530335	0.3428725464384891	0.3456384734462077
0.3100594936762293	0.3509597970095752	0.33898070931419555
0.30961527363312535	0.34231350807181515	0.3480712182950596
0.30903485401201375	0.35050004483395586	0.3404651011540305
0.31733740355221746	0.33886212283039296	0.3438004736173897
0.31252056500251185	0.3538842799256965	0.3335951550717918
0.3151605219190692	0.3388500155144275	0.3459894625665035
0.31250645330927035	0.3485633179843305	0.33893022870639933
0.3106497111298545	0.3532429293284402	0.3361073595417054
0.3201388819029657	0.3462957575396677	0.33356536055736674
0.3088060203605168	0.3481698096097287	0.3430241700297546
0.30649479590497686	0.35495610170416814	0.3385491023908551
0.30455184219546977	0.3483299888295603	0.34711816897497005
0.3061641285457006	0.34573115699037726	0.34810471446392227
0.3224322674875669	0.34528430610885436	0.33228342640357883
0.3099748159563826	0.3417077017761339	0.3483174822674836
0.31320595737386275	0.3544970095337421	0.3322970330923953
0.3078176470728131	0.3469098106761676	0.34527254225101944
0.3143670865494436	0.34797636654561387	0.3376565469049426
0.313950473828986	0.35522398003974776	0.3308255461312664
0.3092703454703928	0.3496800000071455	0.34104965452246183
0.30824319434240377	0.3465686671302727	0.34518813852732366
0.32062638798071935	0.33862193978149363	0.3407516722377872
0.3177062915686014	0.34970531043051317	0.3325883980008856
0.30221229437871566	0.3454231182323051	0.35236458738897936
0.3064282071611998	0.34721236930111044	0.34635942353768995
0.3229139068476693	0.337866756260061	0.3392193368922698
0.31685231014479126	0.35220958198252494	0.3309381078726839
0.31616562896124967	0.34570375850445284	0.3381306125342976
0.3147463671671455	0.34690378633644114	0.3383498464964135
0.31535877342328483	0.3440380481023856	0.3406031784743297
0.32042401434783696	0.34346908914826385	0.33610689650389936
0.3040370488932223	0.35362092387753274	0.34234202722924506
0.316825275639932	0.3439964739264865	0.3391782504335816
0.306150824455228	0.34488677751218927	0.34896239803258283
0.3147026055017506	0.35474890903860307	0.33054848545964644
0.31877559660667876	0.3449550171344972	0.33626938625882413
0.3086122841826763	0.3497688075170913	0.34161890830023256
0.30891489721613274	0.3511064474689922	0.33997865531487514
0.3099036799227187	0.3545965240906003	0.3354997959866811
0.3038159981659976	0.34585403468709613	0.35032996714690645
0.32268331627436053	0.340261425694022	0.3370552580316176
0.30816409994467425	0.34647658945221826	0.3453593106031076
0.30945043080627854	0.3430773831383624	0.3474721860553591
0.3016211694211454	0.35434961628810663	0.34402921429074806
0.3130697877572401	0.3499742337980677	0.33695597844469233
0.3093432329818461	0.35469058240279017	0.33596618461536387
0.30554443361365824	0.35164947202850266	0.3428060943578392
0.31252440470858883	0.348547250321628	0.3389283449697833
0.3085681517045407	0.3421945680586064	0.349237280236853
0.304479840054182	0.3550755577666005	0.3404446021792176
0.30656287282539624	0.342451938111313	0.35098518906329085
0.312167607685513	0.3538356843983909	0.3339967079160962
0.3166494128827763	0.34205629696186424	0.34129429015535956
0.30319640118540603	0.3506207472317264	0.34618285158286766
0.31581190745071963	0.34410871482598393	0.34007937772329655
0.31996156886373606	0.3417934275941819	0.33824500354208215
0.3152400785552462	0.3523274386785929	0.332432482766161
0.31561140781480934	0.3436163162428823	0.34077227594230847
0.31366218138748425	0.34710174398920873	0.3392360746233071
0.30324936161680405	0.34400938261849867	0.35274125576469745
0.30715308633769717	0.3518447229491506	0.3410021907131524
0.30758483460395325	0.340313319989524	0.35210184540652284
0.3149899246642441	0.34123454534005815	0.3437755299956979
0.31273317997956834	0.3381565199824408	0.349110300037991
0.31202693042284	0.33854045768746766	0.34943261188969243
0.31513248800795024	0.3454781855662359	0.33938932642581404
0.31324235916237275	0.35525567725292106	0.3315019635847063
0.30455244191617586	0.3507992609150167	0.34464829716880757
0.3122104851276113	0.3428981588627983	0.34489135600959053
0.3168920003898639	0.34297124263105083	0.34013675697908535
0.31845900596376886	0.344309263522186	0.33723173051404526
0.31055273811704825	0.34711769425685546	0.3423295676260964
0.3078960411068586	0.3549180459382656	0.33718591295487593
0.311424495645403	0.3397575294993503	0.3488179748552468
0.302195507443682	0.3548128466573259	0.3429916458989923
0.3121986946737777	0.34413793296502093	0.3436633723612015
0.3087187730513885	0.34288442679291764	0.34839680015569396
0.3169830069923763	0.3399464646759848	0.343070528331639
0.3060174508219863	0.34886714000424507	0.34511540917376876
0.3126174844836058	0.34838526175140494	0.33899725376498935
0.3169203797129765	0.3510273123980276	0.33205230788899603
0.3179296958201058	0.3425738291959894	0.33949647498390495
0.311236079050562	0.3460192320046763	0.3427446889447618
0.3065269192886139	0.35176434795254047	0.3417087327588457
0.30420524844782987	0.34379427148815955	0.3520004800640107
0.31144063644299097	0.35499498447946864	0.3335643790775405
0.30432520359847837	0.34830263528411276	0.347372161117409
0.31994043469997874	0.3437499124939664	0.3363096528060549
0.3206070640862115	0.33816453242196154	0.3412284034918271
0.3089868341262608	0.3517653622057999	0.33924780366793944
0.31659638883408087	0.3453706344624615	0.3380329767034577
0.31294609424634395	0.3391385886431254	0.34791531711053075
0.31431936130427807	0.3431917427724113	0.3424888959233107
0.3142729889274159	0.34948640209901194	0.3362406089735723
0.31634387690807764	0.3385409996167356	0.34511512347518686
0.30813015911735797	0.3453134868531466	0.34655635402949553
0.305559954438963	0.34295550290460913	0.35148454265642803
0.31533813674783095	0.3465856488863612	0.338076214365808
0.31731068797633305	0.3509560385896826	0.33173327343398445
0.31265985438227684	0.33968665303271006	0.34765349258501327
0.3165665379939652	0.35207959066970534	0.33135387133632954
0.31155384062756614	0.3519283388458458	0.3365178205265882
0.31066181471180004	0.34200948725968133	0.34732869802851873
0.3102169933610078	0.35487784523786625	0.3349051614011261
0.3126048004708104	0.3432042498247478	0.3441909497044419
0.30894183394508323	0.3500841358661341	0.34097403018878275
0.30202609523895135	0.35314059542502824	0.3448333093360205
0.3152161332308789	0.3501311434151131	0.33465272335400814
0.3040283446648654	0.3462815487725336	0.34969010656260113
0.31994753059075937	0.34151745724732047	0.3385350121619203
0.3099565427109367	0.3466621008608229	0.3433813564282405
0.3150131081831424	0.349966834820719	0.33502005699613874
0.3157015528028986	0.3480101767277589	0.3362882704693426
0.3130504562807867	0.3525891742640295	0.3343603694551839
0.3124225032480347	0.3386493383067747	0.3489281584451907
0.30257411804260426	0.3484146901405167	0.3490111918168792
0.31308832302324224	0.34330205105748135	0.3436096259192765
0.3086435613031241	0.34960211982034267	0.34175431887653335
0.3088242989113378	0.34153826502899837	0.34963743605966396
0.3037859773277099	0.3495802968045003	0.34663372586778984
0.3205773285418559	0.33969449555791276	0.33972817590023147
0.30964259779251363	0.3434062658698286	0.3469511363376579
0.307060874143407	0.3415695528856396	0.3513695729709535
0.31777054176989855	0.34451003880672276	0.3377194194233788
0.3155492810501055	0.35382604473576534	0.3306246742141293
0.3132911609269374	0.35380617479211446	0.3329026642809483
0.30575659743361894	0.3497578087585756	0.34448559380780563
0.3039957809699704	0.34580684259101685	0.3501973764390129
0.31066607227349724	0.3427727900654246	0.3465611376610782
0.3199960523612669	0.34524393698371303	0.3347600106550202
0.3072155495837554	0.3471500611685935	0.3456343892476512
0.31342603836408	0.3522082015278111	0.334365760108109
0.3088414706422301	0.34752060565649545	0.34363792370127455
0.3178119667817133	0.34760036934499655	0.3345876638732902
0.3125507655907658	0.3430681446893393	0.344381089719895
0.32276068421496107	0.34087113181020884	0.3363681839748302
0.3075107377732108	0.35000519522098444	0.34248406700580486
0.3017419854135451	0.34755051982812607	0.35070749475832896
0.31825789955772665	0.340684128010303	0.34105797243197045
0.3091342311445291	0.3529728292794333	0.3378929395760377
0.32019687235733335	0.34836551178149183	0.33143761586117493
0.3193068374024638	0.34074466754721694	0.3399484950503194
0.3145717467816145	0.3446912789565145	0.3407369742618711
0.3131697911366922	0.3470975672061203	0.33973264165718764
0.3205741439248977	0.344655198770073	0.3347706573050294
0.3094634018787428	0.35011436094263587	0.3404222371786214
0.32136795005806756	0.3431272816317164	0.33550476831021614
0.31453082677156396	0.3498406817464742	0.33562849148196194
0.3059444954436703	0.34453677840712055	0.34951872614920926
0.30314294346552534	0.34867040998569865	0.3481866465487761
0.30653670473011424	0.3406606904417694	0.3528026048281165
0.3121210037431619	0.3537366862461127	0.33414231001072553
0.3152235425518104	0.3438381853212824	0.34093827212690725
0.30664987471954375	0.3488604140916486	0.3444897111888078
0.32057064738868823	0.3392534839884961	0.3401758686228158
0.31746856309625343	0.3431130143636692	0.3394184225400775
0.32058110742570783	0.3433542960240815	0.33606459655021076
0.3068710424961378	0.35182309704052045	0.3413058604633419
0.30999449051158556	0.34064212052107185	0.3493633889673427
0.316268690172992	0.33975403546442773	0.34397727436258035
0.3111574106222221	0.34047994115314595	0.3483626482246321
0.321316759195478	0.3483215444044618	0.3303616964000603
0.31149182787523666	0.33891309972517275	0.3495950723995907
0.3037449400243931	0.3470394251771344	0.3492156347984726
0.3220543377534269	0.3461013928391288	0.3318442694074445
0.3019485756759467	0.34559081719660506	0.35246060712744837
0.31050420058111966	0.34831584118253095	0.34117995823634945
0.3032033447149856	0.34856700685355696	0.34822964843145754
0.3207238906262527	0.3398068745076295	0.3394692348661179
0.30990367683227427	0.3394467005690658	0.3506496225986601
0.3186558776020962	0.3419523813049216	0.3393917410929823
0.3216654584987481	0.3433335586769907	0.3350009828242613
0.3053046740238287	0.34780479005352644	0.34689053592264496
0.31955256804462595	0.33784970725580965	0.3425977246995645
0.3198435479428297	0.3434419598600134	0.336714492197157
0.32258285477259574	0.3453908182303267	0.3320263269970777
0.308649309766599	0.34332395804983484	0.3480267321835663
0.31920195548179525	0.34385782027232564	0.3369402242458792
0.32155870511961826	0.3483044608822621	0.33013683399811977
0.3087688832659522	0.3488304074803865	0.3424007092536614
0.3072927736724997	0.35389900466874996	0.33880822165875046
0.3117155508050065	0.34016947735798797	0.3481149718370056
0.3096233232510874	0.3388334741776398	0.3515432025712729
0.30755904991531524	0.3444412499097846	0.3479997001749003
0.3096260638581211	0.34565076582664617	0.34472317031523286
0.31189649261830193	0.3411384855915575	0.34696502179014066
0.3031386659885465	0.34488610217279536	0.35197523183865825
0.3124245591816838	0.34087830307481387	0.3466971377435024
0.3125579960261002	0.3498577101371629	0.33758429383673705
