0.1609508334163514	0.08665505143039486	0.23303065001235543	0.36082793979587036	0.15853552534502774
0.22732579340251693	0.14367062374833922	0.1737437651965122	0.21650422794099317	0.23875558971163824
0.15262973578651384	0.34899155143604044	0.22802291745865014	0.1287309815530478	0.14162481376574762
0.1873911352587146	0.11407944152515292	0.23394082167293312	0.2823084374533596	0.18228016408983955
0.14579340966594273	0.22418723941130259	0.21727835170855261	0.22899668838257609	0.18374431083162585
0.13897610470068542	0.23303827540207325	0.2897518935482859	0.1309071648272761	0.20732656152167916
0.21306523374735362	0.2416040997917778	0.3031152950447415	0.09241944052041644	0.14979593089571044
0.2264607376412504	0.2115313743370055	0.17484776346790223	0.1981617870434138	0.1889983375104278
0.1503436606538514	0.347727671610759	0.29488597448786835	0.06144685248476439	0.14559584076275667
0.1972528505141723	0.2893516118731476	0.3222498839548183	0.059538476849418154	0.13160717680844344
0.19157297870751624	0.37914108667132285	0.1980090233236213	0.07146865140829448	0.1598082598892449
0.2403796363600943	0.12864959467385095	0.3122163148773061	0.11367631094099197	0.20507814314775644
0.18974159203660004	0.22235347584603143	0.2840565402077258	0.05670226464941039	0.2471461272602321
0.13246403255917688	0.12697576144553951	0.25228801863813183	0.2875428230666993	0.2007293642904523
0.17052380334231956	0.34922316664177433	0.2679299152667844	0.07455266611963987	0.13777044862948165
0.19508134237933147	0.1940587459041962	0.22573103884532494	0.24147799652003618	0.143650876351111
0.15399773852225584	0.37347345637405693	0.22862293608494966	0.0781617632861806	0.16574410573255677
0.2229659920638931	0.22752373480375043	0.23910062082782857	0.0720195766264804	0.23839007567804732
0.21157237226428505	0.3473360110796407	0.19416234202268914	0.07443705763423522	0.17249221699914968
0.14194344018394184	0.1642509093833041	0.17723834126060833	0.2924790685245129	0.22408824064763266
0.2050769092374337	0.06332760991642719	0.24226178099028262	0.257716870959463	0.2316168288963933
0.19546170474230945	0.3114769629386532	0.17333540099325373	0.14872125769277697	0.17100467363300642
0.1805915718479915	0.376550431401531	0.17419783543977563	0.12011962349471668	0.14854053781598497
0.24090180510579362	0.10687563452563277	0.2416304073427123	0.20452408149769735	0.20606807152816373
0.2186250586698133	0.1163672613245175	0.2215394462703622	0.28036034436584734	0.1631078893694594
0.24441604132043404	0.10650660409712871	0.28301267292731647	0.12577185128844454	0.24029283036667604
0.16268751467067222	0.159798109106431	0.24449309764678095	0.24845678213991446	0.18456449643620115
0.14610939969048808	0.20509056447302093	0.22119628144542025	0.19691607082962156	0.23068768356144895
0.16216700425712532	0.07653913222607177	0.28877885817729154	0.33221232460782757	0.14030268073168356
0.15929638783748418	0.3119217571907068	0.1983051800745609	0.15417016557184776	0.17630650932540018
0.13672056825751575	0.13495078404419658	0.30416651298132974	0.17614484084206464	0.24801729387489313
0.24954251698295665	0.22180887759068157	0.17528846118291075	0.1815972173313076	0.17176292691214318
0.16309581516848032	0.3235553035080694	0.21788621089996574	0.1206710401375589	0.17479163028592545
0.138996993021892	0.17026605989642096	0.3318835861944633	0.15158623579993571	0.20726712508728787
0.13096520865850583	0.08782044018407902	0.2885753043237874	0.35182353357140667	0.14081551326222086
0.18166069253527095	0.23560313811097244	0.26457905572977686	0.1363616508662044	0.18179546275777517
0.13910952926531303	0.19055995180248497	0.24503559543606948	0.23593364073028184	0.18936128276585049
0.1528172423019132	0.16346339332049153	0.25456176863539387	0.2153881460168325	0.2137694497253687
0.18419405940436942	0.16188373267477185	0.3117106012156316	0.19577728322884508	0.14643432347638186
0.20469421960010956	0.05775189961852298	0.21762292298497105	0.3696630599507584	0.15026789784563785
0.15229617740360174	0.06260041969327992	0.2241462857874816	0.383851394871489	0.1771057222441475
0.19944133830432145	0.2161636847750022	0.32900238152583167	0.12158343889762126	0.13380915649722322
0.22643219849896715	0.09287952056201779	0.17360221304014858	0.2868720324409031	0.22021403545796314
0.19707503141291074	0.09061937215049785	0.2351829947983682	0.2565630643022575	0.22055953733596548
0.13918722738595973	0.1536529995952053	0.28271404342108125	0.21460185429833387	0.20984387529941967
0.19347375631088282	0.1382125939463022	0.19855473906137736	0.3356263735686727	0.13413253711276468
0.18523970698716172	0.11062544529976231	0.25052397067880006	0.22575378235597388	0.2278570946783018
0.17926239913305064	0.15314720288527797	0.21560504585980944	0.2254569128804261	0.22652843924143562
0.20911035585895707	0.31903987771083175	0.17384397059911244	0.14032844558294075	0.1576773502481577
0.15297494467002126	0.2826684424206431	0.1853691041202007	0.21253529890126793	0.1664522098878668
0.15584315732283477	0.16635770830474644	0.17894042162062213	0.3397359460599281	0.15912276669186842
0.20517333160626197	0.07942662722219658	0.32994989104273575	0.19934927299339655	0.18610087713540893
0.14321730698983953	0.32763220392851833	0.20742369025563906	0.1410548374459277	0.1806719613800752
0.22594356364173718	0.29984142730289975	0.22698241022285107	0.061143413883135656	0.18608918494937615
0.22741984908655283	0.1190210524409353	0.27434156379680213	0.1900617793236645	0.189155755352045
0.17908131709599445	0.14324595316700692	0.22632496732983975	0.27692026378302415	0.17442749862413456
0.16361782764307992	0.25334983358358687	0.3037771172687368	0.13240440305426704	0.14685081845032916
0.19529667122138347	0.19788705503728435	0.22829650344631486	0.19717846103651235	0.18134130925850478
0.1999093286498045	0.10594578389932763	0.18152018938188708	0.3375988457391733	0.1750258523298073
0.15920098417718212	0.24412534286761922	0.2920223881633852	0.15026041151466957	0.15439087327714363
0.232357547133002	0.13398901849084696	0.20696825626581428	0.2709783909382082	0.15570678717212838
0.22400462665639875	0.13733418724280091	0.28352712999823526	0.14883566501878154	0.2062983910837833
0.14321448021166674	0.34190131772818255	0.28897512382143076	0.06743858667743108	0.15847049156128862
0.21749501395819767	0.13943937719366792	0.18621527048526884	0.31319139040719596	0.14365894795566936
0.16480017481751838	0.20561908971695989	0.2871371218060706	0.1582923318937436	0.18415128176570736
0.1771345569811808	0.2258176136726312	0.17500735078961668	0.2591690455462068	0.1628714330103643
0.1512620911218272	0.21046567389972398	0.2670829414906201	0.17850007421436095	0.19268921927346758
0.17106874726895713	0.24436421852165371	0.26730933062095996	0.0704536682266998	0.24680403536172918
0.19063479825339621	0.07821274002998228	0.17723791412886022	0.4049452561456969	0.14896929144206417
0.1452451893294095	0.10260047202850446	0.31059230088245005	0.27233368191344176	0.16922835584619406
0.13610775697699312	0.2686972585585014	0.24247204207080197	0.16405684004931298	0.18866610234439032
0.21101192532230628	0.21975168656301997	0.29022031279655847	0.0907997144715172	0.18821636084659785
0.2212288596516634	0.1733927904217322	0.24659859076669935	0.1619723560045775	0.19680740315532735
0.23458428749621824	0.2701542759950729	0.20278120883985923	0.07136867653120932	0.22111155113764003
0.20234071000387224	0.1570762114460897	0.32299678137689203	0.14586873871510636	0.1717175584580395
0.15354417774318913	0.12249232197015766	0.24690204534728022	0.3315634696887125	0.14549798525066038
0.14659995534640052	0.18969918740288846	0.20843056486853437	0.2333697056040626	0.22190058677811383
0.2390184392740054	0.18952993202860002	0.22926373664376234	0.19062233161066341	0.15156556044296854
0.15215576577466977	0.08435015751644696	0.31981519714628903	0.2217785790826056	0.22190030047998843
0.14495196079628214	0.3234036160166083	0.21471120747584846	0.08271459985503395	0.234218615856227
0.20949336401533913	0.29200454797204745	0.21596545091847758	0.07382125268102616	0.20871538441310947
0.21218164187124017	0.21287665773279238	0.2573934155722314	0.18461337828555996	0.13293490653817588
0.14361719915611232	0.26198100764418303	0.2624314060816234	0.14839298428337513	0.18357740283470597
0.21640905215993908	0.1653981583106871	0.233657570454673	0.18129623100354772	0.20323898807115287
0.2492707698217363	0.12458978561737555	0.2761749574206261	0.15594770345574815	0.1940167836845137
0.22713310361054576	0.08439111373818582	0.27626880108092744	0.18931399612644229	0.22289298544389846
0.19655825076998057	0.25404267039022654	0.3096408645269139	0.07802037086417335	0.16173784344870543
0.21169018196252445	0.07529243838452031	0.19571870048517231	0.33281622155306956	0.18448245761471313
0.14261414799775923	0.22791386894593085	0.19030044513879674	0.2196918679354875	0.21947966998202553
0.23504918965198074	0.09028961778116083	0.2017770488907938	0.28090014202634606	0.19198400164971832
0.18130417133364823	0.29017829631156333	0.20346960500251776	0.158128976911666	0.16691895044060442
0.20791666041988094	0.2949165821539817	0.2207181585799922	0.0775740399902972	0.1988745588558478
0.158872626242192	0.12975536030379003	0.17434266624193737	0.2954871257920425	0.24154222142003787
0.13481549289463846	0.18432110298978333	0.2807349017218743	0.1789584210911509	0.22117008130255286
0.1589655746839879	0.10398293346064812	0.2603591799154808	0.28498795840515145	0.19170435353473156
0.13561266906456615	0.18772993874375904	0.21151641094959123	0.2998662999480589	0.1652746812940245
0.22354111765181323	0.26500507101969684	0.17401370702867347	0.13228392620278062	0.20515617809703562
0.13742417427731954	0.18958932132042483	0.22650491556712815	0.2726634479799431	0.17381814085518424
0.13304049499411777	0.31344973408384025	0.1968101167273774	0.20104581694204549	0.15565383725261892
0.18818245596300814	0.2940898006547535	0.24208422501125865	0.0930766764009881	0.1825668419699914
0.22670704451954415	0.09556987597605379	0.2570453376602973	0.24251602820601426	0.17816171363809025
0.17189768694340185	0.24048122637255626	0.1935065105148587	0.2344296006831088	0.15968497548607422
0.14929428128355757	0.07447835356653515	0.27152557614308437	0.2705408229658811	0.2341609660409416
0.13299845479716738	0.10149324327386566	0.23556085181539735	0.3441828827179649	0.18576456739560454
0.161956758952934	0.09870512837734442	0.2673386033845093	0.29037260840996215	0.18162690087524996
0.13275315672920499	0.0826846671478365	0.21419308360084685	0.3958518444773349	0.17451724804477653
0.16065809293481262	0.14313524070652767	0.3164617240004425	0.20542094414107517	0.17432399821714184
0.23754722227197367	0.22271633067140292	0.3052299272506882	0.08896841675024852	0.14553810305568646
0.16875122190565603	0.24728661185894746	0.26135366464475757	0.17687156031458984	0.14573694127604894
0.1427557841828105	0.1286867889209073	0.2690137727437147	0.21808751011608912	0.24145614403647825
0.2334981880162973	0.1806660649138089	0.3239228249923699	0.11968527345208238	0.14222764862544127
0.21870580197076334	0.09073150955939827	0.23126764660562532	0.21983870794639077	0.2394563339178221
0.22143383425656143	0.13730313931849497	0.28606704249933346	0.19778900897980603	0.15740697494580386
0.15018754699187167	0.08414821598159376	0.18361865081924053	0.4158819991155781	0.16616358709171575
0.23726456853524133	0.3441359963858209	0.18515528064490355	0.09313001440363186	0.14031414003040213
0.13779338419046133	0.08767190872169968	0.30612156323898176	0.2863767525566212	0.1820363912922358
0.1970039657702145	0.11840144432626129	0.265584595909277	0.28824359553980305	0.1307663984544439
0.22137157032605176	0.19349287026399167	0.20199551204905247	0.22498915719249174	0.1581508901684121
0.15169254360713783	0.3056216931325798	0.325649449480932	0.06895224983663617	0.14808406394271395
0.14172532071744878	0.23017574846433328	0.31605861794207574	0.12576797875608214	0.18627233412005986
0.15893981113318212	0.1618289694814143	0.20873725726424563	0.3055136625079083	0.16498029961324945
0.15397905107237336	0.12894323477140532	0.27750782487475756	0.2300582731275033	0.20951161615396027
0.2368497510303291	0.09951904793761548	0.24886845391593562	0.2606461894560789	0.15411655766004062
0.16844993935297023	0.07361711162561094	0.2633201740297152	0.2656784286790319	0.22893434631267157
0.19932904531823487	0.2660908268979293	0.2212715163225603	0.12825564634113207	0.18505296512014324
0.24401121283584354	0.08796198354098259	0.2914068642067317	0.17952752840321132	0.1970924110132306
0.22769560217420895	0.24746474982625188	0.2954949224031153	0.0641200505233206	0.165224675073103
0.21784274473483625	0.13860354038186978	0.1826163113308221	0.3001320741851091	0.16080532936736244
0.17755787815588134	0.2092905028103138	0.20917936317439662	0.20388961466406363	0.20008264119534439
0.1853523038108321	0.08479963654552496	0.2660198798277724	0.23521498268273838	0.228613197133132
0.14639036692929047	0.1889070804234593	0.18216138685973743	0.3389405268429745	0.14360063894453812
0.18666521075742087	0.19746596469160965	0.2730992704562756	0.20737817431696395	0.13539137977772975
0.20379056060449938	0.2954235166716343	0.17250357551640663	0.13932837142445328	0.18895397578300616
0.20051707113720366	0.28323107326144414	0.17272445321865937	0.15611290917292753	0.18741449320976508
0.15130928285901926	0.16033095443928913	0.21375072358295805	0.296757665816533	0.17785137330220038
0.24481831082772387	0.2792272662901358	0.1731572469965279	0.1682497665434949	0.13454740934211729
0.2505222872715337	0.11318562600602194	0.24731958352944378	0.24545759411638335	0.14351490907661693
0.18609101821479246	0.20743782965075316	0.3022255030384326	0.16030640823359188	0.14393924086242965
0.1922147201431464	0.18875364355587507	0.2831736103689965	0.12243066204714813	0.21342736388483372
0.18299332010238456	0.22442780988869374	0.24309706592897148	0.11373916216965761	0.23574264191029237
0.18349333895521425	0.35253394717765507	0.25270445093327726	0.0795782022403007	0.13169006069355255
0.16213643067485456	0.22221870610424926	0.2782516038962436	0.1403178286412456	0.19707543068340677
0.1621176899489814	0.16223440758024418	0.2150485895640053	0.3055999875981201	0.1549993253086488
0.1346801519040814	0.10670410389623453	0.26589054197433226	0.3339810702737631	0.15874413195158846
0.1786803313990053	0.3495870961200311	0.200734138127024	0.12565113967061647	0.14534729468332291
0.23402481363862737	0.1576559625183828	0.3048405859270692	0.13758669139797033	0.16589194651795006
0.20314494064884153	0.2799862615378782	0.26627634743955875	0.10738095652334123	0.14321149385038004
0.23390163389638569	0.30819470350406597	0.22875598947994674	0.09548140927569536	0.13366626384390606
0.21557813646202276	0.25441644546962766	0.22948133127364326	0.06416597599570484	0.2363581107990013
0.14805509760233232	0.16348241147563364	0.32794154676194337	0.14234132972551466	0.21817961443457584
0.20467101428826645	0.18962075679741483	0.19773122490946743	0.15914061353446418	0.24883639047038686
0.13929638856063276	0.09338853174480839	0.21525651816726613	0.32072104382438377	0.23133751770290872
0.17705164367779266	0.17545189329510857	0.267079031501066	0.18692635018762555	0.19349108133840703
0.17178510824742163	0.31778277696267954	0.19697745065182615	0.07828418313693536	0.23517048100113713
0.21750244581078546	0.11754734324542844	0.3288911350098348	0.18340868646994654	0.1526503894640045
0.23229152267080377	0.09820488424232905	0.1779244906591197	0.3176464744134888	0.17393262801425843
0.17434391755322354	0.12052712998743595	0.25105342683444165	0.30541667909396886	0.14865884653092976
0.24190179647188678	0.16868182462018927	0.18573344419210308	0.21001646148567316	0.19366647323014746
0.21514385798363939	0.26327967228041366	0.24139948367786146	0.055462680673788706	0.22471430538429654
0.1750515156976254	0.21689079754772844	0.3300101378766298	0.10800198227024532	0.17004556660777084
0.1565770038408651	0.33255618915734403	0.25724372979596705	0.10310302686879787	0.15052005033702576
0.17449368406527793	0.14894725985961765	0.2860021577080664	0.16922140946969227	0.2213354888973455
0.2297270244405191	0.2464986439559745	0.1911037362331458	0.15360560548877875	0.1790649898815816
0.2096165690107663	0.2796915335417953	0.21321580624897113	0.08020315691368755	0.21727293428477948
0.15566101214234773	0.09997620372992715	0.31530852636777135	0.21158916776482273	0.21746508999513084
0.20300844542938892	0.31738986621281107	0.17646891017808608	0.13075490028045714	0.17237787789925652
0.1726665827806832	0.09317844503606477	0.2719442523384782	0.25053768692201545	0.21167303292275824
0.15658154974225733	0.29151690874401504	0.19110075253303807	0.13935573570956045	0.22144505327112893
0.16312259464319467	0.17159476300701754	0.2372955837211323	0.2791009067711213	0.14888615185753395
0.18631042673396594	0.30950260291202397	0.2088102712648629	0.07816891521345756	0.21720778387568934
0.14409558070604647	0.16534718177670477	0.28350318118034595	0.2555556287271169	0.15149842760978574
0.19470490733519974	0.25344083504897646	0.22163571805200863	0.14635767671623798	0.18386086284757697
0.14562800050003433	0.16840246467910808	0.21410355587143687	0.24865885151181993	0.2232071274376006
0.137981999373859	0.26132758787405813	0.1999328068433063	0.2504641350985607	0.1502934708102157
0.1898593999270155	0.07307405930146754	0.26226339673067883	0.2511629914049668	0.2236401526358711
0.17052842890865294	0.07775095647368985	0.2571862351369028	0.3503726113304815	0.14416176815027273
0.13031731339897792	0.12337901502996203	0.22251551097686423	0.356603190488353	0.16718497010584266
0.17689608095752052	0.16470861812670323	0.32419825173749417	0.16411954754718716	0.17007750163109472
0.16354581133664753	0.28700944102809406	0.2557287694894249	0.15422746848742522	0.1394885096584081
0.15026057547013097	0.2182662295293335	0.24689386480300668	0.1679642417681844	0.2166150884293443
0.18484273653844802	0.09321943212261989	0.1736977020942334	0.3352364478519477	0.21300368139275078
0.19030746337425716	0.146730628839187	0.253566163675347	0.17764101600755225	0.23175472810365638
0.13296652563274464	0.2550297357165805	0.21463703173429605	0.2527715022444029	0.14459520467197567
0.19933835321744595	0.06665084123780463	0.3288772436785208	0.2716324899176066	0.13350107194862187
0.14793082736530525	0.1869756968834814	0.22045675469246218	0.27191369921809927	0.17272302184065177
0.1463004299815665	0.2244707037055671	0.18739755627680366	0.23928871856715278	0.20254259146890977
0.24365535645584263	0.13006775910832075	0.23113177221522413	0.2394637858841661	0.1556813263364461
0.14228166795008235	0.12530690463941477	0.3227904822673132	0.24012829426392468	0.16949265087926477
0.1823312605667132	0.19490197110667518	0.21008464441566296	0.2166349961637738	0.19604712774717462
0.24672136137053433	0.0623906212072331	0.3110840225254925	0.1970148469276325	0.18278914796910734
0.2226814989041351	0.2008820515462626	0.20609173828245947	0.17846007509344752	0.19188463617369503
0.16332409906480225	0.3287975626440247	0.19562019713198808	0.0795938229400451	0.23266431821913958
0.17043066124952685	0.20301719966196988	0.2256380511379738	0.2300125615677329	0.17090152638279638
0.2050904883262968	0.09632098819653637	0.23955653295910756	0.24119142282511347	0.21784056769294555
0.16089648418612906	0.1626002725605849	0.31287322392530614	0.2338363454948389	0.12979367383314083
0.16490865633462182	0.10949274447903048	0.24197143755454548	0.3055905491755963	0.17803661245620578
0.22621332193749352	0.26932861046199597	0.20070509205293754	0.14164115470455663	0.1621118208430161
0.2491430964682711	0.1462066553141107	0.28237434483101687	0.1446064632722418	0.17766944011435928
0.13471835081609546	0.08316191703075239	0.2734637384553617	0.3702197024873689	0.13843629121042134
0.21686305089097135	0.11988099871356987	0.22474423384996128	0.19984017017110764	0.23867154637438961
0.18583099647522935	0.2932514465176902	0.3044977958669678	0.07219103514354178	0.14422872599657074
0.22340079440096416	0.15778510416475336	0.3159135247289323	0.13735319112834293	0.16554738557700704
0.2000479882650134	0.06313538147887232	0.19992961210818533	0.39156732744284184	0.14531969070508693
0.1552409917690661	0.21870200935773715	0.32893831894460457	0.15916261916138041	0.1379560607672116
0.20432736613691807	0.18192392362929297	0.20835705022847217	0.22599908553043876	0.1793925744748778
0.15907358860416723	0.06573830207630876	0.19066660640921768	0.3763433797540792	0.2081781231562269
0.13081005240966267	0.32517752311674164	0.1750773677463177	0.23408161129932006	0.1348534454279577
0.15830589907238005	0.17733526265254906	0.20662045978807492	0.30105593598170627	0.1566824425052895
0.17246149223834698	0.13908872038890355	0.3311104937258817	0.1103174870191547	0.24702180662771284
0.17205305933832568	0.07791631079141723	0.24933590106176529	0.325636191622357	0.17505853718613454
0.14092986433473362	0.3004376004410616	0.23341164785921859	0.1718752222629629	0.15334566510202313
0.24479776711517137	0.19160327045895212	0.20863269084329097	0.1666712604898118	0.18829501109277347
0.14405946905833278	0.3238890633587431	0.21859955137358417	0.13529945497947385	0.1781524612298659
0.20203930718675797	0.19698410411777686	0.29348486739943314	0.08053079999844467	0.22696092129758716
0.20888459069269863	0.2893171123376056	0.19230027286896287	0.07909264224008168	0.23040538186065102
0.146423505341514	0.29645733447403205	0.24693867163434646	0.12017029388445397	0.19001019466565333
0.20262710962110894	0.17901656537447672	0.3161080870315671	0.06444166454274841	0.23780657343009853
0.1599144996979873	0.2839936140846441	0.1768118931683621	0.20467714610801735	0.174602846940989
0.13134341539769753	0.1776004850628258	0.18732665076709176	0.2959968353287484	0.20773261344363636
0.15055267344793993	0.13512016065644375	0.23874468508043437	0.33536257061897257	0.1402199101962092
0.14697198247791818	0.14601380169235884	0.1898111751277905	0.32735324593055704	0.18984979477137534
0.18217707258112267	0.1108293408688292	0.23607118319667822	0.321356398599792	0.1495660047535777
0.15344396330689092	0.23619859841604535	0.1928601021522025	0.22468148703168792	0.19281584909317312
0.155873535547832	0.12007152509086574	0.31932343584064643	0.23363154001872177	0.1710999635019338
0.22397202250649403	0.07747375067038101	0.2564288601518751	0.2764891609066751	0.16563620576457455
0.24500947266202977	0.0990313110456115	0.2596973780391453	0.18087250963071386	0.21538932862249938
0.18259838255064764	0.33058215467679514	0.20242546734872535	0.06441955086422269	0.21997444455960896
0.18668296082219896	0.22717715817164733	0.24472076511330138	0.1388962519884006	0.2025228639044515
0.1755324029530268	0.2097190179621325	0.22219476639681232	0.14959014535612775	0.24296366733190045
0.19559896763817666	0.3207414112884528	0.23962691516853252	0.055593891061422485	0.18843881484341535
0.22520733080207814	0.2422379508815617	0.27069743928884266	0.0591606261772048	0.20269665285031246
0.20596748278277477	0.21817427142198736	0.1948223513995168	0.16753026258281603	0.21350563181290477
0.1359134956075378	0.0858589210395355	0.24258277542803774	0.3818498398341204	0.15379496809076837
0.1725018122869268	0.16980423229750286	0.18986287413770597	0.22490941791475552	0.24292166336310866
0.15163760628176653	0.22424828563208737	0.20235742737860504	0.24212409122650264	0.1796325894810382
0.1353904139076437	0.25200592883611966	0.20819353450709624	0.22191818204678354	0.1824919407023567
0.1641008955373116	0.2880310439909904	0.20919190114007052	0.20919960012944303	0.12947655920218426
0.18179746506460434	0.2006634029388564	0.22651654169378194	0.18150984001009024	0.20951275029266686
0.24392508246629002	0.11481082363722805	0.2988313482419239	0.1799533556897318	0.16247938996482597
0.1635973046433056	0.35134362443630085	0.3013349317373124	0.05050635466236711	0.13321778452071387
0.14635024161159124	0.1954679429866999	0.21082958226226736	0.2975111550465934	0.1498410780928479
0.2013001067277556	0.3084228254070921	0.2380457659852999	0.10543851208661585	0.14679278979323632
0.1309106263798689	0.1108762080001089	0.2045687147552194	0.3915161112114791	0.1621283396533235
0.13995696469048668	0.29806984884209453	0.2798021071868514	0.09372771124609869	0.1884433680344685
0.22841889845466126	0.18434174404345127	0.17695735506410382	0.2586362988401376	0.15164570359764584
0.1837660307934214	0.2758656693864391	0.2392198647172578	0.08524988367486871	0.21589855142801273
0.15382685262054785	0.3319063805390842	0.22581811611401276	0.09446230217940127	0.19398634854695374
0.1651920797889373	0.218525807535508	0.2948936409438391	0.1678699976023958	0.15351847412931968
0.15776023923301274	0.30065783163559834	0.17833743038782865	0.22247161517220992	0.1407728835713502
0.17508305796609608	0.08620932478777198	0.2709918108467889	0.2270140343970547	0.24070177200228815
0.1525054133550452	0.36354514143937444	0.18747429451758468	0.12556557196106383	0.17090957872693166
0.23560735398691113	0.3046197163406038	0.25158734301022373	0.0614784929234852	0.14670709373877588
0.2089157407085307	0.08904290980817006	0.25548242266301785	0.24989279823992858	0.1966661285803526
0.13734307574280474	0.08474778766651729	0.21588822751037412	0.3517934561749123	0.21022745290539138
0.21924293835307188	0.3542728831877005	0.19794018376646336	0.0927130864679441	0.1358309082248199
0.18309947750663166	0.31662562470889577	0.20474068102801835	0.14315371034717256	0.15238050640928147
0.13189945145653237	0.3293840840810049	0.31133885871345673	0.05766332039350258	0.16971428535550326
0.14539922940780553	0.15178539747349515	0.17977746193002214	0.32780771678700504	0.19523019440167194
0.15003053020461843	0.1597534215814329	0.221963183699231	0.25044950129917376	0.21780336321554372
0.2105685856180462	0.336884693944725	0.2307788950432999	0.07966993845088889	0.14209788694303987
0.14521551212658687	0.18956390102178255	0.21834655877598472	0.28294995087168545	0.16392407720396024
0.17218616961698366	0.06541360133168092	0.2198828609977663	0.35784280359444376	0.18467456445912517
0.22570363747291597	0.06088811743562894	0.21000503105372606	0.27108106726645936	0.23232214677126944
0.21835968327957755	0.12433208057688017	0.2792172836602119	0.194795133131532	0.18329581935179814
0.225236440940063	0.11744747861379758	0.3301045576739674	0.1634195132420823	0.1637920095300895
0.24574025396641125	0.16419706703389741	0.24591917537087693	0.15850469932255823	0.18563880430625593
0.21350936292323416	0.14502985429465864	0.21312766709140135	0.1869672051956435	0.24136591049506212
0.19628733263416667	0.18711558387243235	0.2287903031268388	0.24741221361830595	0.140394566748256
0.1482145218697962	0.18760961268368778	0.1753728676535182	0.33312051743133764	0.15568248036166005
0.16787564180286685	0.14125269076271713	0.2578857296393413	0.24044590638127109	0.19254003141380344
0.19566314862804415	0.13605833679427423	0.2212938799553628	0.3166616032384338	0.13032303138388482
0.1880333685156761	0.10183476074696142	0.2683889838979018	0.31076684434943264	0.1309760424900279
0.15155718749255948	0.1789832736044852	0.18558590565100616	0.2515152606870453	0.2323583725649037
0.1868204020722718	0.24511296290171797	0.2639772003162836	0.07414269237701523	0.2299467423327112
0.24215307256570687	0.17407067515637134	0.2410258994371143	0.18402613585294547	0.1587242169878618
0.20238447908880255	0.10559935747159686	0.25923986021541845	0.2805419417954689	0.152234361428713
0.23916430503662228	0.15743051536944813	0.2692021288777002	0.1053326709233085	0.2288703797929207
0.17764817469968036	0.18445940738980468	0.27976635885914714	0.21129780260012163	0.146828256451246
0.168993530827798	0.35365287620370056	0.2062555865856245	0.13717026667591548	0.13392773970696126
0.1863070637917746	0.2905019091701591	0.271894469258008	0.05435033782810575	0.19694621995195233
0.1955669389024493	0.10422319263858275	0.20255445568417033	0.2845869745461035	0.21306843822869395
0.13242237768521725	0.13617519402470524	0.21144466678859375	0.2979527770421378	0.2220049844593458
0.14068524005042882	0.17570234647707583	0.17603920191818187	0.30402423760027764	0.2035489739540357
0.20002782146180498	0.0767211192853737	0.23471958916025495	0.28504829768044665	0.2034831724121195
0.13790532603915634	0.39033066957832463	0.21495403800003818	0.07966700933319651	0.17714295704928415
0.2059417276730084	0.19144807695935423	0.21216419209057966	0.22742457696075516	0.16302142631630234
0.24116917672159535	0.15969389134889675	0.29984188506240506	0.10467783602007594	0.19461721084702666
0.14092419994099079	0.29872704451819937	0.250171643399724	0.165741280620226	0.1444358315208597
0.13432511288253246	0.15660927702339644	0.27089161632064085	0.22684394133534186	0.21133005243808822
0.19053362882490377	0.10002811122027244	0.18078927564684857	0.281318605095352	0.247330379212623
0.22265723204126436	0.06457539172032628	0.2551829615257124	0.32360515093766384	0.13397926377503294
0.13116334747535138	0.16259509501455022	0.18281796154877228	0.2911173234909613	0.23230627247036464
0.21398444652481452	0.29652627835456463	0.19702570206660752	0.10115620581772294	0.19130736723629013
0.23949172407793967	0.13985564617585586	0.32508566300648045	0.10537927277994488	0.19018769395977891
0.1596603969731669	0.07397706073493124	0.2100114340532509	0.3168679863625235	0.23948312187612725
0.22367285451914315	0.170452643000464	0.1884643096612308	0.24238822119054096	0.17502197162862085
0.24457916669209165	0.057389133500928835	0.18574595399699997	0.2663381195206869	0.24594762628929237
0.22300154199433822	0.08231965168568645	0.25382984182134777	0.3062351215425343	0.13461384295609302
0.1745697392015296	0.3270201442447425	0.2363109964529704	0.09930997982242769	0.1627891402783296
0.1571141290444323	0.23625773977623726	0.212009089170007	0.16380030737827667	0.23081873463104657
0.23713510599843987	0.08311950643939947	0.2270851086982686	0.20385695233107023	0.24880332653282156
0.15135432431461482	0.07247140268976876	0.27274627027163373	0.3002559396719865	0.20317206305199598
0.18022454609599864	0.2723285807070862	0.25638378908600185	0.13287591255982995	0.15818717155108314
0.2112884259870459	0.2653639943598677	0.23989837448696588	0.07504960219550287	0.20839960297061746
0.2278196108232176	0.17061775859230485	0.18571432690661865	0.1983629256160012	0.21748537806185744
0.16636399600651813	0.2950208266610063	0.17408570402007315	0.13415388867954858	0.23037558463285362
0.18813194690786875	0.22506467886631557	0.2160923996927211	0.13789354932340003	0.23281742520969434
0.2439489686515511	0.12994587302839625	0.1733068770558843	0.31706490991045616	0.13573337135371194
0.17439439826048467	0.0866600323750315	0.20116315541374613	0.3605144545171779	0.1772679594335596
0.13791845576423012	0.34183939169650757	0.2013476588838053	0.09898361980666195	0.21991087384879487
0.13089473555852169	0.3134824616463877	0.2421672588984433	0.07149681855409651	0.2419587253425506
0.24080428502892073	0.2815451980008644	0.21583076694826092	0.12899294715921195	0.13282680286274176
0.2265902427361069	0.2112536303803368	0.240100906961768	0.16689480027874276	0.1551604196430453
0.16317309898298965	0.28794053614374265	0.2360620735929943	0.0962165721022102	0.21660771917806299
0.2197877246857428	0.10439207288140517	0.20265705382685517	0.2919266285510186	0.18123652005497798
0.1882472288544875	0.32343577671868334	0.22752834875049222	0.054038288925661954	0.20675035675067482
0.23533077083177592	0.23574738470039266	0.23524384263712872	0.0653948774111626	0.22828312441953985
0.24509433726543522	0.2235176245298635	0.2606575131225265	0.08292498362688484	0.18780554145528966
0.1895786486791055	0.07568099091211565	0.21567857522844586	0.36486063763493576	0.154201147545397
0.18999057018001708	0.07109980386048603	0.18011968772959455	0.37724719471917234	0.18154274351072974
0.17149008414632633	0.1413799335558737	0.24682594228904314	0.3059736751185397	0.13433036489021696
0.21744572909758586	0.23391648442300103	0.3092473619964483	0.10178351281570919	0.13760691166725542
0.23603317376319244	0.115350621740047	0.3314347891310767	0.11928693440250028	0.19789448096318335
0.2465424947298879	0.1432007997819745	0.3198572200722467	0.07984730258835752	0.21055218282753313
0.14228369515153827	0.2797547557546576	0.21777183904636824	0.20050485800331028	0.15968485204412547
0.15088714048371094	0.28954794127403427	0.3263337735569097	0.10111759148820623	0.13211355319713863
0.16497657779364486	0.0784727760854976	0.26831331084381377	0.33690453914638996	0.15133279613065362
0.18505129243480797	0.3292450520300966	0.22910013800092854	0.1262860126342619	0.13031750489990482
0.19964097689487778	0.060003978912095524	0.25737958132805355	0.3182864180717213	0.16468904479325158
0.21454629300169847	0.3319606085556915	0.22891285501446418	0.09231992262695027	0.13226032080119537
0.19822895818355057	0.3087352617218062	0.20647256448943646	0.11840287839125196	0.16816033721395462
0.1984344152607363	0.13652080574256775	0.297682334036647	0.2265501915396464	0.14081225342040232
0.17352339722934432	0.19712850465879458	0.3178877331769345	0.12400930256472398	0.18745106237020248
0.19710641694179776	0.12407154654314506	0.2828112501593916	0.1977906408086518	0.19822014554701353
0.22292586214057392	0.24144352835304433	0.23657151079438432	0.1030672272235068	0.19599187148849043
0.17907212752636617	0.2132077270717469	0.3247752162292252	0.15026341219698372	0.13268151697567776
0.1353596575930881	0.17787618656830168	0.2909641811342905	0.25515373279654463	0.14064624190777486
0.20710101606134984	0.14739975710485811	0.17890799647798514	0.23321689282460356	0.23337433753120315
0.208657430815642	0.3003898963660321	0.19888879110316357	0.13990457161144687	0.15215931010371522
0.1785951255558371	0.3400086996986148	0.24025979851820456	0.08532887832292835	0.15580749790441503
0.13049808922393982	0.18036048356414616	0.1908141744330275	0.25239564595278574	0.2459316068261006
0.21612945418398516	0.09662252778470821	0.295710816940803	0.1632109333438191	0.2283262677466843
0.1989566066972765	0.2863953981507694	0.21413838408470795	0.12216538436555435	0.1783442267016916
0.24010496606502013	0.13327627648092727	0.24586856665919402	0.17003219450151802	0.2107179962933403
0.18695269551934626	0.14972753754577017	0.2798974992399749	0.2262985732465071	0.15712369444840138
0.14378642922271087	0.2003762218221667	0.17811348053664403	0.27816812047643197	0.19955574794204625
0.176654516111813	0.38672500757279166	0.17660674800333495	0.06468357628865892	0.1953301520234013
0.23556249488245118	0.21882423738589002	0.23713770616685	0.1227642853718174	0.18571127619299113
0.18299070937821516	0.23151179598580626	0.2840293040735449	0.11641562246389783	0.18505256809853565
0.13030078599458894	0.05706820593231632	0.22373461818812848	0.3488290782037715	0.24006731168119455
0.19724612215431456	0.12650340155861817	0.25965259702671584	0.23548674994912044	0.18111112931123075
0.18323353202427453	0.25850341781360575	0.24358409480423804	0.17703584954369922	0.1376431058141822
0.1928243492402343	0.23901543065042294	0.30960413287905286	0.05327444707880419	0.20528164015148548
0.1849106765475687	0.15663947238704662	0.2729541763582911	0.14764306819587947	0.23785260651121384
0.25045979266449186	0.07515335085255503	0.18588965419069284	0.33616941538058964	0.15232778691167037
0.2246321337341438	0.24118473674053348	0.27265689064977205	0.09330527311844417	0.16822096575710627
0.17610223040958695	0.1979571089703272	0.2143762575027377	0.19924616427756608	0.21231823883978185
0.13797204304352828	0.30445206882454473	0.2586423818471698	0.15571992099048704	0.14321358529426997
0.19266722883451423	0.2315347608778322	0.22737693292897482	0.20032631343939417	0.1480947639192844
0.2331666426114507	0.3174859544586939	0.21436177686879826	0.05474732217062253	0.18023830389043444
0.14302527287247346	0.15094057429015606	0.2931671158652976	0.26254970887989537	0.15031732809217735
0.14193604627112635	0.16339651847266048	0.23983626759809815	0.27813737884460954	0.1766937888135053
0.19693102869671497	0.19418786943552332	0.3026413267913874	0.15413840196471104	0.15210137311166305
0.14617265864904178	0.07617907536036805	0.22003492550253023	0.38354276744146937	0.17407057304659038
0.1749298044898921	0.2374536987929699	0.2133124550095646	0.1587681729875187	0.2155358687200545
0.18924986040998867	0.26429194958099084	0.3067111880285411	0.08693850373991027	0.15280849824056889
0.16967117864584197	0.05981053424726174	0.2604946280182624	0.27224132521214767	0.237782333876486
0.13172144944211053	0.2096327706759455	0.28718303845707643	0.21335724214387755	0.15810549928098983
0.1415935280482071	0.3424010437484043	0.1851510121581444	0.1447758505020295	0.18607856554321456
0.2467144831809634	0.2971098910937852	0.18325380140486605	0.10257815064293621	0.17034367367744885
0.21456704291807394	0.2407537108455512	0.22348381010727222	0.17181910078412438	0.14937633534497807
0.19403122522904126	0.358453672051451	0.19241374281051338	0.07079358447358888	0.18430777543540522
0.20382733260614916	0.0709793542877584	0.17495396033856056	0.37940203339019507	0.17083731937733654
0.23045885859433624	0.11920768709917215	0.2550379427781618	0.20663153036436094	0.18866398116396868
0.2064252954458954	0.23684781839728272	0.19747563460398354	0.1643929789502639	0.1948582726025742
0.21035441885095169	0.22940077316078175	0.24939456382569075	0.13096643622253312	0.17988380794004244
0.22500488079198064	0.15885930576562793	0.22242900739593124	0.1590006208295679	0.23470618521689207
0.2082484940469905	0.2581290884828251	0.2035010126082637	0.12592872419808893	0.2041926806638315
0.20552344174794898	0.16731924739755488	0.21768755768458836	0.26700128709923304	0.14246846607067454
0.2340169014597315	0.22581863483957865	0.22040878937058553	0.12624028627723427	0.1935153880528698
0.13985611869870726	0.16183104509732532	0.21217744099383679	0.34412352952407216	0.14201186568605828
0.24801213788166276	0.11202854822790628	0.25030638803444805	0.231773837610236	0.15787908824574665
0.21092353006898162	0.12427530474239953	0.26318407437081487	0.25500575932480773	0.14661133149299596
0.1672679415914068	0.2058055838545451	0.20710150084454854	0.2749939738576348	0.1448309998518646
0.14442015126362456	0.2874437433980527	0.24414336693428337	0.15628583270326435	0.16770690570077482
0.14785257562376858	0.10866416384649928	0.3213727234271307	0.18473663217290154	0.23737390492969973
0.15034669458481598	0.07168553806105862	0.3159105116051085	0.3245076501490804	0.1375496055999363
0.13247133488757637	0.0936741496300013	0.1967300602389732	0.35341035434054713	0.2237141009029019
0.17569737005603375	0.11166680780167998	0.17729656551448675	0.3226224908750791	0.21271676575272017
0.1746531237917816	0.2254008198105304	0.25883352373058705	0.2020910628075604	0.13902146985954036
0.14953002686109917	0.33204267357422423	0.2515216138781007	0.10796464113556734	0.1589410445510084
0.1634412927594878	0.20050687316126453	0.1846525664221636	0.2090040034557015	0.24239526420138238
0.1618142713512858	0.15165132718400717	0.30574313324548774	0.21450349007707895	0.16628777814214019
0.24516284456830725	0.2061001420349366	0.18173863385076794	0.1783794099454988	0.18861896960048916
0.2151513546006519	0.13298606719499145	0.24096448766115433	0.17015642211352772	0.24074166842967437
0.23077541171086396	0.13978774276270278	0.3135970157518428	0.14703906768897748	0.16880076208561273
0.23088256316398198	0.2050908086740198	0.2609575601636281	0.1278239205518788	0.1752451474464911
0.16954674907131287	0.09370027047950333	0.2828484412612488	0.2743835260329506	0.1795210131549842
0.190672326659023	0.14384679389950683	0.28804768947935305	0.23743287765777	0.14000031230434692
0.1990325320722547	0.17140996820587143	0.2065284232277302	0.18705180250379835	0.23597727399034507
0.16546937632718678	0.18856051321292186	0.20349814631659124	0.2459223569480386	0.1965496071952613
0.147340737266991	0.0702690128926346	0.22812901564144106	0.38927829638114936	0.16498293781778378
0.20758597086683392	0.09517323371367871	0.1994597799921679	0.3620023859119099	0.13577862951540937
0.16155299024271774	0.2864655631515912	0.2115686089907838	0.11455396729853472	0.2258588703163723
0.2363634724585585	0.1722668756552771	0.2501912120897039	0.1828417486525624	0.15833669114389792
0.16658746538215802	0.2597464222120524	0.18117942080059135	0.1551884069561997	0.2372982846489983
