0.16421229154616507	0.16651963215005355	0.6692680763037815
0.16532236251066862	0.1654866185305907	0.6691910189587409
0.16848550907299284	0.16338543986241763	0.6681290510645896
0.1660926061986207	0.1655665230918534	0.668340870709526
0.166507420470136	0.16341822180435284	0.6700743577255113
0.16953071709863804	0.16341604855142944	0.6670532343499326
0.16442307895009245	0.16615881108046693	0.6694181099694407
0.16865675818570697	0.16597479639877744	0.6653684454155157
0.1687575647057753	0.16307919211511468	0.6681632431791101
0.1666496658422415	0.16512552707455466	0.668224807083204
0.16453711379982117	0.163084563749906	0.672378322450273
0.16553816830161294	0.16493047712048806	0.6695313545778991
0.16624140266391726	0.1633407807069227	0.6704178166291601
0.16577886460544855	0.16729241123850563	0.666928724156046
0.1692611286919458	0.1669736991272079	0.6637651721808464
0.16613070421221426	0.16461476354420726	0.6692545322435786
0.16498147063379878	0.16372542070593585	0.6712931086602655
0.17004495403869452	0.16470361965300728	0.6652514263082983
0.1693122588967888	0.16591096613103368	0.6647767749721776
0.16534816870502556	0.1648746910604062	0.6697771402345684
0.16846820978685095	0.16691384785561278	0.6646179423575365
0.1665794711208284	0.16662799991509156	0.6667925289640801
0.16654650990448921	0.16420067057717197	0.6692528195183389
0.16631112171009121	0.16524463790537247	0.6684442403845364
0.16464383148160427	0.1656521648629043	0.6697040036554915
0.16375048474504453	0.16575842260285872	0.6704910926520968
0.16584237154429027	0.1668933877766811	0.6672642406790287
0.165886611583709	0.16687169480771996	0.6672416936085712
0.16471400969959932	0.1655507837767456	0.6697352065236553
0.1675504298683364	0.16562988174142906	0.6668196883902346
0.16582839514709785	0.1638608782301152	0.670310726622787
0.167295642148653	0.16382511146960316	0.6688792463817439
0.16777856685100054	0.16646959295263442	0.6657518401963651
0.16783949738820475	0.1642565040638317	0.6679039985479636
0.169468336244461	0.1632866284181987	0.6672450353373405
0.1642847975473561	0.16402899185532308	0.6716862105973209
0.16791654496873296	0.16360781736789598	0.6684756376633711
0.16944977099256908	0.16666421080939164	0.6638860181980395
0.16848583151191932	0.16652982308094239	0.6649843454071385
0.17071059010827122	0.1660423750425819	0.663247034849147
0.1691745444409642	0.16692979125706553	0.6638956643019704
0.1664349894262353	0.16582051424623862	0.6677444963275263
0.16667842536147465	0.16694842470973487	0.6663731499287906
0.1643680933693201	0.1643697051385894	0.6712622014920906
0.1697311464202066	0.16683992710362028	0.6634289264761732
0.16575639190725	0.16323591373147667	0.6710076943612735
0.16757095682586043	0.16449125346513557	0.6679377897090041
0.16365877824071384	0.16532112340266097	0.6710200983566252
0.16371671261069543	0.16600278738049018	0.6702805000088146
0.16554795998844352	0.1668182834255226	0.667633756586034
0.16891840987229123	0.16602411128758413	0.6650574788401248
0.16371204988524243	0.16559571635955478	0.6706922337552028
0.1681214460343371	0.1670128036882846	0.6648657502773785
0.1634802285333798	0.16589181572251602	0.6706279557441043
0.16646291189594953	0.1642168379759889	0.6693202501280617
0.1707060923305887	0.1633180170926905	0.6659758905767209
0.17002551655559645	0.16498520199595973	0.6649892814484439
0.16937049744846627	0.1651850818263485	0.6654444207251853
0.16352404053454767	0.16674374771971295	0.6697322117457395
0.16502077829477574	0.16301438144597202	0.6719648402592524
0.16405974774985	0.1637814427513688	0.6721588094987814
0.16664026537300833	0.1630506265455776	0.6703091080814142
0.16930369183409674	0.16532869606827288	0.6653676120976304
0.16886286305591225	0.16718661618957098	0.6639505207545169
0.1693739334211425	0.1647355381129902	0.6658905284658674
0.16641498191607149	0.16574374772524178	0.6678412703586869
0.16776388576884524	0.16564987990474522	0.6665862343264097
0.17049199906603824	0.16533609979048935	0.6641719011434726
0.16687954034717295	0.16288732239938042	0.6702331372534467
0.16609019094175564	0.16479075003431132	0.6691190590239332
0.16917321851276917	0.16443934946770256	0.6663874320195284
0.16815762758051164	0.1655684386793085	0.66627393374018
0.16814269105014257	0.16391272655746897	0.6679445823923886
0.16822806611150282	0.16337656917738796	0.6683953647111094
0.1634078621241527	0.1661618667853974	0.6704302710904501
0.16582426443014642	0.16481136408416014	0.6693643714856936
0.17016579490912326	0.1639475610141305	0.6658866440767464
0.16457219897853564	0.16554398805725892	0.6698838129642055
0.17081116286978412	0.16300108759596377	0.6661877495342522
0.16983341727672477	0.1639538043810667	0.6662127783422087
0.1692932858411845	0.1668978710725248	0.6638088430862907
0.16534228060193967	0.16355115068967574	0.6711065687083847
0.1662769434923147	0.16568118519807712	0.6680418713096083
0.16544898287832827	0.16572572036196354	0.6688252967597084
0.16545691359644432	0.16305652788989047	0.6714865585136653
0.1660728578590995	0.1672883725071188	0.6666387696337819
0.16678796001336657	0.16556818813627855	0.667643851850355
0.1654030782707659	0.16728406325931455	0.6673128584699197
0.1678306572786733	0.16353427834392245	0.6686350643774044
0.16861359061146364	0.16378781797544917	0.6675985914130873
0.16925722944130273	0.16580431851431177	0.6649384520443857
0.1648769656820303	0.16700194866447443	0.6681210856534954
0.16850906707315644	0.16720863122989704	0.6642823016969466
0.16850811226826273	0.16675456528338128	0.6647373224483561
0.16676528532388707	0.16417002934223957	0.6690646853338735
0.1678205128956619	0.16360230880636145	0.6685771782979768
0.17005597246276188	0.16343407978554467	0.6665099477516936
0.16598528085330347	0.16619483610923996	0.6678198830374567
0.16437126684786368	0.16591079124832853	0.669717941903808
0.16767133764124934	0.16292901647839045	0.6693996458803603
0.16796425079479543	0.1651048840410565	0.6669308651641481
0.16690272425571961	0.1636277423811135	0.669469533363167
0.1698257719664728	0.16649225798198244	0.6636819700515448
0.16645281806447818	0.16665458679841483	0.6668925951371071
0.16742055773636916	0.16571196116133896	0.6668674811022921
0.16789404805901686	0.1642901809416817	0.6678157709993016
0.17086891325909462	0.163257100040964	0.6658739866999415
0.16586716490111628	0.16675934053683583	0.667373494562048
0.17012071985744373	0.16375582197911742	0.666123458163439
0.1672780766369738	0.1637887374273007	0.6689331859357256
0.1649317302128655	0.1653682269686368	0.6697000428184978
0.16893630337279691	0.1643149537641644	0.6667487428630388
0.16873643227558496	0.16587147201487834	0.6653920957095368
0.16678023818506904	0.16642167358533583	0.6667980882295952
0.16620343026754444	0.16371698653088632	0.6700795832015694
0.1661794375616482	0.16546836131850462	0.6683522011198473
0.16583338671510653	0.16711092809018097	0.6670556851947126
0.16986504869756192	0.16604069021992893	0.6640942610825092
0.16783297874351885	0.16716525714952657	0.6650017641069548
0.16535389530330094	0.16605855537385428	0.6685875493228449
0.16449098408692173	0.16376039197199185	0.6717486239410866
0.16402319664812492	0.1654246014610668	0.6705522018908084
0.16381875233576798	0.16656056197806812	0.669620685686164
0.16853181751488716	0.16577957223504236	0.6656886102500705
0.16494760773510725	0.16722867619483933	0.6678237160700535
0.16939807491358932	0.16299505127037314	0.6676068738160377
0.16958432503184634	0.16690379119342746	0.6635118837747263
0.16431482533928699	0.16664993262223043	0.6690352420384826
0.1688934092901744	0.16449234865618723	0.6666142420536385
0.16664379091050524	0.16617813130079917	0.6671780777886958
0.16548013623372526	0.16497588784230155	0.6695439759239733
0.1704249297661432	0.1630176183950024	0.6665574518388545
0.1687520360750326	0.16454023293340533	0.6667077309915621
0.16844437216000066	0.1628814548576665	0.6686741729823329
0.16588123539806138	0.1643466675281849	0.6697720970737538
0.1671939806798559	0.1648189410419108	0.6679870782782333
0.16928443674312024	0.16511937991008308	0.6655961833467967
0.16983296998173358	0.1662318939719878	0.6639351360462789
0.1657871927150591	0.16421954105820133	0.6699932662267396
0.16666619631706123	0.16674577824148068	0.6665880254414582
0.16761844309544488	0.16550757006072775	0.6668739868438276
0.1665354334191405	0.1634767142717119	0.6699878523091477
0.17028587174913323	0.16480243979721487	0.6649116884536521
0.16941860592564756	0.16536720630247395	0.6652141877718787
0.1664649316803083	0.1672393932583145	0.6662956750613773
0.16873899513783958	0.16386790902862178	0.6673930958335388
0.16378272326972934	0.16377161656775022	0.6724456601625205
0.166712641557687	0.16718511834818944	0.6661022400941237
0.1651955680085897	0.1669717234312449	0.6678327085601655
0.16817181829460837	0.16357484631198235	0.6682533353934095
0.1643194962586925	0.16717521649909195	0.6685052872422157
0.1669840006232976	0.16541079182854634	0.6676052075481562
0.16532118493702433	0.164029887149722	0.6706489279132537
0.1652560363235127	0.16614830691557841	0.6685956567609089
0.17065543409987272	0.1660541806211644	0.663290385278963
0.16605792832628807	0.1647698088169029	0.6691722628568091
0.16704233466374638	0.16627950898724653	0.6666781563490072
0.16334604653196635	0.16561155469434677	0.671042398773687
0.16770049491668884	0.1663863646731843	0.665913140410127
0.16812146600596145	0.16589061540102862	0.66598791859301
0.16601990306574546	0.16541019572967636	0.6685699012045783
0.16372440700147683	0.16471543554730306	0.6715601574512202
0.16846541635029472	0.166448953609266	0.6650856300404395
0.16341223359580795	0.16504037209548655	0.6715473943087056
0.16512483516819168	0.16694887365620797	0.6679262911756005
0.1676892624588477	0.16523216814090527	0.6670785694002472
0.16700315161952736	0.1655726454606568	0.6674242029198159
0.16360124615890118	0.16463732631866618	0.6717614275224327
0.16508085971629566	0.16300057767672252	0.6719185626069819
0.1660545880630587	0.16383136008885885	0.6701140518480826
0.16355836470643523	0.16685838691329896	0.669583248380266
0.16589996265647078	0.16640875340900457	0.6676912839345248
0.1673863166504837	0.16343764765703592	0.6691760356924805
0.1707528167527636	0.16391226153343913	0.6653349217137974
0.1654684812811823	0.16645732672729513	0.6680741919915227
0.17056320935171393	0.1646806741880768	0.6647561164602094
0.16675744209096477	0.16496598323439826	0.6682765746746371
0.17037705010110232	0.16469786510771375	0.6649250847911841
0.16794160027809893	0.16640544884795894	0.6656529508739423
0.17033807491614328	0.16335100287004028	0.6663109222138165
0.17003227302072513	0.16472953250807418	0.6652381944712009
0.16855497197807032	0.1642111617100898	0.66723386631184
0.16433724386421317	0.1641926217040745	0.6714701344317124
0.16784458826625703	0.1648339907998086	0.6673214209339344
0.16656081982685117	0.16699217806053093	0.6664470021126181
0.16436120534561466	0.165036514552672	0.6706022801017135
0.16917492200469575	0.16719532569065293	0.6636297523046515
0.16726971963421558	0.16615676668616358	0.666573513679621
0.16401154853601016	0.1635809065070645	0.6724075449569253
0.1643325668886924	0.1657911435044919	0.6698762896068158
0.16903487280495302	0.16563420373160703	0.66533092346344
0.16463440324825773	0.16518523871950244	0.67018035803224
0.16435024489947597	0.16640016211515818	0.6692495929853659
0.16751480377979386	0.1665893535434945	0.6658958426767118
0.1708314909189065	0.16467907321600855	0.664489435865085
0.16346681056273077	0.16573874325488408	0.6707944461823853
0.1704756571982997	0.16319474751736626	0.6663295952843342
0.16700222797769057	0.16359865582982155	0.669399116192488
0.16636042590158562	0.16399709755525232	0.6696424765431621
0.1674412715036485	0.1648656680998623	0.6676930603964892
0.16944514819558962	0.16580633358878755	0.664748518215623
0.17087569751960607	0.16537580012058783	0.6637485023598062
0.16705613764447544	0.16414799399065422	0.6687958683648705
0.16704727192795743	0.1635264777946414	0.6694262502774013
0.1687135585652415	0.16370575865485631	0.6675806827799022
0.1685066587004316	0.16703334747022255	0.664459993829346
0.16891196502560046	0.16406200159132425	0.6670260333830754
0.1659559236921429	0.16342480515277139	0.6706192711550858
0.1707857086881542	0.1644176178872293	0.6647966734246167
0.17085484566427434	0.16584742757961057	0.6632977267561153
0.16616748033654405	0.1643912562295815	0.6694412634338746
0.1646818035551871	0.16480517638306735	0.6705130200617456
0.16462936391649277	0.16438836015675806	0.6709822759267493
0.164169312569792	0.165799704596647	0.6700309828335611
0.16664993230013586	0.16521884786505486	0.6681312198348094
0.16635270809737168	0.163389456086017	0.6702578358166115
0.16447935895567922	0.1646782911416783	0.6708423499026426
0.16638260233716465	0.16646618101415916	0.6671512166486764
0.16481356049589033	0.16682179149888765	0.6683646480052221
0.16858712070144405	0.16582772153316286	0.6655851577653933
0.17041712159153827	0.16339762849648912	0.6661852499119727
0.16953483341900388	0.16351228812274682	0.6669528784582495
0.16355083778977159	0.16438865278494585	0.6720605094252827
0.1658338213789635	0.16445331925197726	0.6697128593690593
0.16988046139054191	0.16340698482910565	0.6667125537803525
0.1652167381048441	0.16371188886988913	0.6710713730252669
0.1694900886973058	0.16623852455426175	0.6642713867484326
0.1683569077143531	0.1661805115692796	0.6654625807163674
0.17003738821850928	0.16369481705248679	0.6662677947290041
0.16712878810798487	0.1642474721941558	0.6686237396978594
0.16979692181604986	0.16475742754219053	0.6654456506417598
0.16711989745216477	0.16571732990586738	0.667162772641968
0.16897451168627325	0.16711521131787765	0.6639102769958491
0.17057404446629498	0.16470581245616195	0.6647201430775431
0.16923991225600712	0.16297227954925153	0.6677878081947415
0.168648303987531	0.16726412458960488	0.6640875714228642
0.1651822554969931	0.165866736203137	0.66895100829987
0.16800184520993144	0.16383961258942198	0.6681585422006466
0.16827897726607832	0.16558846371344105	0.6661325590204807
0.1671448781511674	0.16707137285322513	0.6657837489956075
0.16990599630984796	0.1667426471422853	0.6633513565478668
0.16562595828066462	0.167309876804277	0.6670641649150585
0.16879936244149646	0.16594897337675232	0.6652516641817513
0.1638680553272822	0.16731157117125325	0.6688203735014646
0.1654848066038721	0.16594240220069106	0.668572791195437
0.1687123470730022	0.16495516283919878	0.6663324900877992
0.16464750945268994	0.16364849171717122	0.671703998830139
0.16744646020531406	0.16628655605736092	0.6662669837373252
0.16342984634213184	0.1671561544506739	0.6694139992071944
0.16795539238030827	0.16295893164400882	0.669085675975683
0.16461579599918216	0.16525479127937476	0.6701294127214432
0.17052834340214942	0.165196648213233	0.6642750083846177
0.16568786620415885	0.16502090981978024	0.669291223976061
0.167807143482513	0.16705511732469328	0.6651377391927938
0.16599052487627974	0.16288286350401168	0.6711266116197087
0.16984336293947466	0.16535068993993512	0.6648059471205904
0.1664276599963923	0.16378531028245982	0.6697870297211479
0.1700448526042324	0.16291263619885782	0.6670425111969098
0.16585561348075994	0.16318435616808508	0.6709600303511551
0.16500206317640884	0.16324042509491216	0.6717575117286791
0.16593716764279082	0.162972493356087	0.6710903390011224
0.16421291680148142	0.1649364606635338	0.6708506225349848
0.16458242369811532	0.16368065382303715	0.6717369224788476
0.16506324391910793	0.16431468351127665	0.6706220725696155
0.16739531333522317	0.16707152065978842	0.6655331660049886
0.16946292230488125	0.16326385825069448	0.6672732194444244
0.16384128276881393	0.1651644570481185	0.6709942601830676
0.1646284233708302	0.16355242839170245	0.6718191482374675
0.16850621704565458	0.16495195194140805	0.6665418310129374
0.169785109804703	0.1655173882848587	0.6646975019104384
0.16441755205933511	0.16393156161667716	0.6716508863239878
0.16494785010449767	0.16715268104658	0.6678994688489225
0.1685144520320507	0.16400314277902503	0.6674824051889244
0.1695600810587885	0.1628610725060392	0.6675788464351724
0.1679014378884447	0.16380014407761134	0.6682984180339442
0.16537699318460036	0.16729403972065904	0.6673289670947407
0.17080445053788848	0.16450295488641253	0.6646925945756992
0.16975627847414707	0.1665904502258285	0.6636532713000246
0.16626048441615138	0.16294090573587233	0.6707986098479763
0.165332951304692	0.16393037141157807	0.67073667728373
0.16729825112817	0.1648089360512861	0.667892812820544
0.1637619725925668	0.1652854972805626	0.6709525301268707
0.1636867651587241	0.16570537473258085	0.6706078601086951
0.1660106588618342	0.1630505999464612	0.6709387411917047
0.16540862919104676	0.16353939140039753	0.6710519794085559
0.1678755335827397	0.16310826025592323	0.6690162061613372
0.16391860818538434	0.16578903108439458	0.6702923607302211
0.16755573564323722	0.16346856410119504	0.6689757002555679
0.1658255364992114	0.16629063662392352	0.6678838268768652
0.1685988769931644	0.16456553170433957	0.6668355913024961
0.16559318330110032	0.16659926891936788	0.667807547779532
0.16363963800321177	0.16489940367932304	0.6714609583174653
0.16769124451181955	0.1673073137560366	0.6650014417321439
0.16763937624569245	0.1641843109262348	0.6681763128280729
0.16470959772407892	0.16451127351870648	0.6707791287572147
0.16935605009305338	0.16410720045662602	0.6665367494503207
0.1663894878289412	0.16606093994746843	0.6675495722235905
0.16805047524150674	0.16463621818900726	0.6673133065694862
0.16659704695392824	0.1642686360448004	0.6691343170012716
0.1701141206562395	0.16354008386745178	0.6663457954763088
0.17067458696900822	0.165837042671137	0.6634883703598549
0.17081577826227112	0.16449910493543485	0.664685116802294
0.16787242212505743	0.16306756067942835	0.6690600171955143
0.16739996050892453	0.16460008787010807	0.6679999516209676
0.16712847258067018	0.16640349703398932	0.6664680303853406
0.16461126183064767	0.16336010504494994	0.6720286331244025
0.16836591447343358	0.1652489937838495	0.666385091742717
0.16857131332656022	0.16420407415868898	0.667224612514751
0.16924622868679817	0.16655205154957708	0.6642017197636249
0.16903605857754828	0.16288001698562843	0.6680839244368234
0.16665297520798514	0.16414516971856716	0.6692018550734478
0.1683614939523471	0.16728568479882366	0.6643528212488293
0.17085877766368335	0.16375058975488743	0.6653906325814294
0.165920440364913	0.16294187537879762	0.6711376842562895
0.16774069757756616	0.16398051552890608	0.6682787868935279
0.1678404440310317	0.1673085026040988	0.6648510533648696
0.1659255936123443	0.16396965028936936	0.6701047560982865
0.16944072935567944	0.1641708238947807	0.66638844674954
0.16803281617989085	0.16487735476132326	0.667089829058786
0.16957773171428187	0.16710185899671243	0.6633204092890058
0.16506152563662646	0.16389812960772873	0.6710403447556449
0.1684082553234252	0.16705227078456697	0.6645394738920078
0.168494700950035	0.1637370169793918	0.6677682820705733
0.16923872965346742	0.1642176310464607	0.6665436393000719
0.1688085651685955	0.16345724797396255	0.667734186857442
0.16851302588348482	0.163339508094231	0.6681474660222844
0.1688635252074729	0.16685174393930696	0.6642847308532203
0.1670489188721791	0.16700791313167618	0.6659431679961448
0.16808191131974898	0.16688968408180205	0.6650284045984491
0.1661797333140904	0.1672245942944169	0.6665956723914928
0.1678850533655541	0.16306672473209874	0.6690482219023473
0.1637516677636968	0.16493762495086745	0.6713107072854358
0.16723372491572414	0.16497749327567346	0.6677887818086026
0.16792511561868464	0.1647550917562603	0.6673197926250551
0.16434154794642078	0.16342148079607538	0.672236971257504
0.16859798248110103	0.16342487863871918	0.6679771388801798
0.1673283142760624	0.1664974387644715	0.6661742469594663
0.16366144475317485	0.16511030121026327	0.6712282540365619
0.16498981330669038	0.1656957690316775	0.6693144176616321
0.1648076836383016	0.16587539225691061	0.6693169241047878
0.16859379489066145	0.16600893487505838	0.6653972702342803
0.16915953700052683	0.16699395033466874	0.6638465126648045
0.16690228195515067	0.16569307147166057	0.6674046465731889
0.16806085090130363	0.16286311936544595	0.6690760297332505
0.16944696603002946	0.16489680629864448	0.6656562276713263
0.16863917916716956	0.16593812559013355	0.6654226952426969
0.16896744787734327	0.16620698420984123	0.6648255679128157
0.16367540997517344	0.16606669173853242	0.6702578982862943
0.1661024042633767	0.16457331813636888	0.6693242776002546
0.16518029166023845	0.16529217271454588	0.6695275356252158
0.17011796076618085	0.16480193847109303	0.6650801007627263
0.16606142981226768	0.16707198721587854	0.6668665829718539
0.1647010256684929	0.1666987674538742	0.668600206877633
0.16711329256376414	0.1651425365501125	0.6677441708861235
0.16955859578318838	0.1632068931051608	0.6672345111116509
0.16715244758692055	0.16342969445506283	0.6694178579580168
0.16798778882184545	0.16324695492918273	0.6687652562489719
0.16691903481474332	0.1663825523992305	0.6666984127860263
0.16365844918670536	0.165104735574662	0.6712368152386328
0.1650455779701256	0.16393330801951114	0.6710211140103634
0.17006824996548725	0.16607086707252255	0.6638608829619903
0.1638396405876394	0.16688751146049519	0.6692728479518655
0.16823039197781586	0.16396584802431363	0.6678037599978707
0.16935261992182726	0.16418711682282006	0.6664602632553527
0.16738160128653165	0.16561883670231742	0.6669995620111511
0.1697173615371177	0.16548955211286193	0.6647930863500205
0.16447058997259326	0.16548389956722218	0.6700455104601847
0.16449318665796342	0.16707643772704456	0.6684303756149921
0.1662071116096869	0.16685655337710067	0.6669363350132125
0.17013234266196747	0.1637540565657274	0.6661136007723052
0.16931889105162196	0.16634912675349556	0.6643319821948825
0.17028632034903474	0.16446232812342323	0.6652513515275422
0.16423119625239158	0.16513904589343203	0.6706297578541766
0.16770648153288545	0.16602907428346295	0.6662644441836517
0.16566115978961046	0.16560433113279835	0.6687345090775914
0.16691245329755355	0.1636975026046864	0.6693900440977602
0.16357098794267277	0.16614406578280214	0.6702849462745253
0.16806071270681183	0.16592564607955296	0.6660136412136353
0.16502494512074722	0.16309297093700637	0.6718820839422466
0.1674623768062929	0.16417654835223877	0.6683610748414684
0.16511996481976637	0.16726696655351064	0.6676130686267232
0.1656144966425887	0.1663411478139225	0.668044355543489
0.16568588124539751	0.1636037300883213	0.6707103886662813
0.1663494447394376	0.16446012568538432	0.6691904295751782
0.16700154346125778	0.1657302555603349	0.6672682009784074
0.1686141442366242	0.16400498709207223	0.6673808686713036
0.16388827657237265	0.16501026352817205	0.6711014598994554
0.1700953585160545	0.16507942822915245	0.6648252132547932
0.16575307482150084	0.16685898421391943	0.6673879409645799
0.16369990763163433	0.16600695913809355	0.6702931332302722
0.16596847964720685	0.16605380595641372	0.6679777143963797
0.16873766217795422	0.16466188523104563	0.6666004525910003
0.16540040010038326	0.1643280203993321	0.6702715795002847
0.16968630709479832	0.1653621083599296	0.6649515845452723
0.16417840888901214	0.1653567296029841	0.6704648615080039
0.1696570241402674	0.16568136704407435	0.6646616088156583
0.16985955938172118	0.16360461259505632	0.6665358280232226
0.16400254047507634	0.1640811617354621	0.6719162977894617
0.1686712442818885	0.1651980381788699	0.6661307175392417
0.1690002002128736	0.1642722848388921	0.6667275149482343
0.17022774416745665	0.16454548425393117	0.6652267715786122
0.16996189321925476	0.16322101606014353	0.6668170907206019
0.16364207771548117	0.1670412431414724	0.6693166791430465
0.17011412894607242	0.16344069187530286	0.6664451791786248
0.16917598584878013	0.1632039819203909	0.6676200322308291
0.1689094635043571	0.16464095665238568	0.6664495798432574
0.1659637096108298	0.16646281970271626	0.667573470686454
0.16554457568364758	0.16400045542377925	0.6704549688925733
0.16739798894487018	0.16640480991496565	0.6661972011401642
0.16520598244211865	0.16669239018942344	0.668101627368458
0.1655322539875811	0.1633623413360631	0.671105404676356
0.16829311192278879	0.164680739348749	0.6670261487284623
0.16621937428776534	0.16470312893687122	0.6690774967753637
0.16817748576019018	0.1663956485926934	0.6654268656471165
0.1673402371019007	0.16666972989282836	0.665990033005271
0.16863335021268355	0.1668627566351801	0.6645038931521364
0.16364675577113125	0.16535467399211418	0.6709985702367547
0.1673061634572537	0.16708724948961567	0.6656065870531308
0.16877576135879518	0.16468634030222146	0.6665378983389834
0.16408187743459438	0.165581942779848	0.6703361797855577
0.16701791562624344	0.16727240870921695	0.6657096756645398
0.16916032724278848	0.1657834347610581	0.6650562379961535
0.16937143706766902	0.16540032905723118	0.6652282338750999
0.16658598204965236	0.1640071577289735	0.6694068602213742
0.16791545240075256	0.1669146625496819	0.6651698850495656
0.16349243268905883	0.16715498890335745	0.6693525784075838
0.17047548907734114	0.1649247027799684	0.6645998081426905
0.16409966363462755	0.16520592698439823	0.6706944093809744
0.16642047191891582	0.16685093609452076	0.6667285919865635
0.17089117639123586	0.16418417412811556	0.6649246494806487
0.16475737903534704	0.16396208406480298	0.67128053689985
0.16849500397870726	0.1633518376602004	0.6681531583610925
0.1664019240117653	0.16315521357961743	0.6704428624086174
0.16882724770199473	0.16360813804852112	0.6675646142494842
0.1662329670650367	0.16399128541545566	0.6697757475195077
0.17047760187920663	0.16311244276627446	0.6664099553545191
0.1659569440682739	0.16510474422409016	0.6689383117076362
0.1640172456356776	0.16384930029713474	0.6721334540671877
0.16709040746719295	0.16702735471052038	0.6658822378222868
0.1660436684171778	0.16350712028535702	0.6704492112974654
0.16904744288829696	0.1652449263357545	0.6657076307759486
0.1700639899138858	0.16412770071225052	0.6658083093738638
0.16529589344258652	0.16726829947298072	0.6674358070844328
0.16711684008579888	0.16322089999731815	0.6696622599168831
0.16621157298078104	0.16505671452717496	0.6687317124920441
0.164440702655334	0.1665939081472957	0.6689653891973704
0.1674883011246941	0.16404313687624777	0.6684685619990582
0.16568223268088017	0.16397745136731184	0.6703403159518082
0.1666059717738541	0.16428085556390168	0.6691131726622443
0.16621002026857298	0.16485404088842376	0.6689359388430034
0.16804299818105536	0.16332134836049092	0.6686356534584539
0.16859496404279176	0.16530322658514113	0.6661018093720672
0.16602849263178043	0.16500462935579985	0.6689668780124198
0.16351567374359416	0.16573374345342073	0.6707505828029852
0.1653432585320853	0.16358749376012688	0.671069247707788
0.168648791669912	0.16648077500985078	0.6648704333202373
0.16545883915892795	0.1666444495167841	0.6678967113242881
0.1651431373136404	0.1650709921907387	0.669785870495621
0.16829459996933258	0.16729028503062024	0.6644151150000472
0.16912031312373574	0.16414425667439986	0.6667354302018645
0.16789566759953278	0.16455174315314575	0.6675525892473215
0.16567639187141203	0.16717300347721836	0.6671506046513698
0.1669509014244535	0.16647581317710303	0.6665732853984436
0.16428106144438215	0.16572165007883577	0.6699972884767822
0.1648293412120792	0.1630570807937166	0.6721135779942043
0.1634040564718211	0.16598792410556545	0.6706080194226136
0.16584004919337708	0.16729406862413573	0.6668658821824873
0.16681010954544104	0.16587997895949408	0.667309911495065
0.1638558997615045	0.16472899941534852	0.671415100823147
0.1691471297303697	0.1671197033307219	0.6637331669389085
0.16849589652305003	0.1631536634482016	0.6683504400287485
0.1695442524788186	0.16553857688695217	0.6649171706342293
0.16949731239885824	0.16419887882780382	0.6663038087733381
0.16357155687798466	0.16687427749534087	0.6695541656266746
0.1651540574874209	0.1632591413417355	0.6715868011708437
0.16596953470671766	0.1650754592759119	0.6689550060173706
0.1684297059567496	0.16684621921799173	0.6647240748252587
0.1676040986637095	0.162875280477351	0.6695206208589397
0.17040915564447387	0.1643611281705737	0.6652297161849525
0.1653752404921111	0.1663744014891565	0.6682503580187326
0.16535353793803909	0.16518894085384644	0.6694575212081146
0.16489292578941106	0.16319455377517617	0.6719125204354128
0.16848238521947206	0.16685389795816918	0.6646637168223589
0.16798095752016984	0.16547928504794857	0.6665397574318817
0.1641371052221992	0.16633597703965253	0.6695269177381484
0.16590215298162908	0.16730206537602826	0.6667957816423428
0.1651809161684673	0.16669641306276656	0.6681226707687663
0.16660885834710776	0.16542731896999133	0.667963822682901
0.1690926037403	0.16448646234124253	0.6664209339184576
0.167640195611305	0.1661911550452965	0.6661686493433986
0.16538566607449176	0.1672054275791306	0.6674089063463777
0.1692565623249346	0.16583599597021448	0.664907441704851
0.16699872842405764	0.16691319275980293	0.6660880788161395
0.16696655219990023	0.1664734146088397	0.6665600331912602
0.1658782673018531	0.16427580755884708	0.6698459251393
0.16570818208350213	0.1638643595083972	0.6704274584081008
0.16802770319103838	0.16635243961314577	0.665619857195816
0.16421520713515614	0.16481049812948212	0.6709742947353619
0.16752892021425464	0.1648133395726888	0.6676577402130568
0.16411257329316403	0.16569924469439232	0.6701881820124438
0.1693518665527335	0.16303244834041403	0.6676156851068525
0.16990552228289468	0.16540844392796256	0.6646860337891429
0.16547959545491772	0.16650186818823132	0.668018536356851
0.16484478997623303	0.16678882872768597	0.6683663812960812
0.16473636917790396	0.16391149241150746	0.6713521384105887
0.16374073150026736	0.16545264657962105	0.6708066219201116
0.16895189072854322	0.1658107427046449	0.665237366566812
0.16456475951497995	0.1661029824646415	0.6693322580203787
0.164538818603779	0.16307035462970454	0.6723908267665166
0.1661495265251149	0.16529204981806678	0.6685584236568185
0.16813510233620066	0.1666684055321161	0.6651964921316833
0.16857538450829707	0.16451368147849102	0.666910934013212
0.16919016976784004	0.163887279947302	0.6669225502848581
0.17009825968700565	0.1655582533502804	0.6643434869627141
0.16697108007127867	0.16672579738165577	0.6663031225470657
0.16468250142520696	0.1643941870997337	0.6709233114750595
0.16697780438508197	0.16538615653369398	0.6676360390812242
0.16966617291577865	0.16407457275280596	0.6662592543314155
0.16517418661810235	0.16704680338598804	0.6677790099959098
0.16944514511252953	0.1660760655857454	0.6644787893017252
0.16568077262055925	0.1639963722972811	0.6703228550821598
0.16462315484453893	0.1653970011361635	0.6699798440192977
0.16794209646282504	0.1669383772921771	0.665119526244998
0.16975933320890518	0.1658064382226307	0.6644342285684642
0.16497408214996082	0.16600599257099358	0.6690199252790457
0.16409815802872613	0.1656306262684511	0.6702712157028229
0.1704293690187501	0.16373449313357402	0.665836137847676
0.1685276877210569	0.16590701081452852	0.6655653014644147
0.17028215873393385	0.16587681769021484	0.6638410235758514
0.16385190291961937	0.16389526557685805	0.6722528315035228
0.16904047896539998	0.16319582202721533	0.6677636990073847
0.16848219630275146	0.1665122854553273	0.6650055182419213
0.16982693746608585	0.16394537731091044	0.6662276852230038
0.16734416116222622	0.1632407809139834	0.6694150579237905
0.16382875154491383	0.16559883370808665	0.6705724147469996
0.16872006875996426	0.16419263500633363	0.6670872962337022
0.1699739615172216	0.16355115154738004	0.6664748869353985
0.16719054339201353	0.16637733462989376	0.6664321219780929
0.16996296682772466	0.16621933307487666	0.6638177000973988
0.1688891538768467	0.16636293232019866	0.6647479138029548
0.1653356594122602	0.16583140293725573	0.6688329376504842
0.16836127103157608	0.16464949419158076	0.6669892347768434
0.168265815271278	0.16518201694284218	0.6665521677858799
0.17031955067170346	0.16566671545179695	0.6640137338764998
0.16905935991960852	0.1650815352402612	0.6658591048401303
0.16532832294902094	0.16601970710314778	0.6686519699478314
0.16677041685388502	0.16407145614400725	0.6691581270021079
0.16733369077995625	0.16603393504443364	0.6666323741756102
0.1640341560222516	0.1670164285674873	0.6689494154102612
0.16426589614032067	0.1661979840861344	0.669536119773545
0.16549745402014876	0.16497734717781248	0.6695251988020389
0.16676691161447987	0.16406194189271128	0.669171146492809
0.16927526442986568	0.16323620490207755	0.6674885306680569
0.16792438801801485	0.16334920059272445	0.6687264113892608
0.1697911261563692	0.16360378917578566	0.6666050846678453
0.16530014128695633	0.16338780210922332	0.6713120566038204
0.16985586416416676	0.165110893115361	0.6650332427204724
0.16954788102813276	0.16632953280338125	0.6641225861684862
0.1670260689841222	0.16327557284099706	0.6696983581748809
0.16550086712212028	0.16386163431010997	0.6706374985677699
0.16989903809117426	0.1662190761422282	0.6638818857665976
0.16918695688091034	0.16557962068720655	0.6652334224318832
0.16847138843178808	0.1668293090837202	0.6646993024844918
0.16582825070571347	0.16541981005625767	0.668751939238029
0.16930547923310138	0.16596292530476497	0.6647315954621338
0.16333019156104073	0.16525056771731808	0.6714192407216413
0.16866522910343199	0.16402095642317083	0.6673138144733973
0.17036454872003595	0.1636195082794962	0.666015943000468
0.17082275550198567	0.16551539621975225	0.6636618482782621
0.16965650370485286	0.16559853168903432	0.664744964606113
0.1663899559291873	0.16554186885934152	0.6680681752114713
0.16502480917190035	0.16517864191452444	0.6697965489135753
0.17024718226898977	0.16442549536592396	0.6653273223650864
0.16610180155231835	0.16614646319318083	0.6677517352545008
0.1636668437553611	0.16576994220901847	0.6705632140356206
0.16688219954037348	0.16643814223158715	0.6666796582280394
0.16792683159993582	0.16466804498534204	0.6674051234147222
0.169415644908491	0.1640841460461102	0.6665002090453989
0.16640725288445188	0.16486940628346403	0.6687233408320842
0.1636860175033205	0.1662063752258028	0.6701076072708767
0.1676189392967114	0.1664119129078596	0.6659691477954292
0.16928682319905347	0.16638318152217732	0.6643299952787693
0.17003187690833232	0.16418490325448326	0.6657832198371845
0.16892830409704723	0.1665754780278452	0.6644962178751077
0.16843112496052548	0.16517974949259356	0.666389125546881
0.16944745242273201	0.16650376558416152	0.6640487819931066
0.16998987951509992	0.16468562442693263	0.6653244960579676
0.16928730131631398	0.16607378057750333	0.6646389181061828
0.16388295129348357	0.16477796637496545	0.671339082331551
0.16380730936878388	0.16527464703112793	0.6709180436000883
0.16916420603220322	0.16688804171662125	0.6639477522511756
0.16832105163231986	0.16480230700275406	0.6668766413649262
0.16499332494463004	0.1655530984926619	0.6694535765627082
0.16686281716556423	0.16542584411743788	0.6677113387169981
0.16462269586660971	0.1658613988104638	0.6695159053229266
0.1684315263401217	0.16402259908165073	0.6675458745782277
0.16672026646683596	0.16346159920584208	0.6698181343273221
0.16763647205864143	0.16391847776394883	0.6684450501774098
0.16358793480040063	0.1661602131786037	0.6702518520209958
0.1644907450639104	0.16466914692698711	0.6708401080091027
0.1687201891578908	0.16332938659258545	0.6679504242495239
0.1671264290521544	0.1629693510981651	0.6699042198496805
0.1682164511967265	0.1657196371189183	0.6660639116843553
0.16584211623579503	0.16634269330082035	0.6678151904633847
0.16394403405565233	0.1646399942808665	0.6714159716634813
0.16433192583551406	0.1642757509669651	0.671392323197521
0.16503372565222924	0.16518417520710116	0.6697820991406698
0.16913782153615164	0.16453438566399517	0.6663277927998533
0.16553084036128124	0.16479763675649012	0.6696715228822288
0.17043090271899905	0.1632802358896645	0.6662888613913366
0.16433734750664464	0.1652600716792021	0.6704025808141534
0.16918983442918156	0.162884635208771	0.6679255303620476
0.16613642406297768	0.1642765694051102	0.6695870065319123
0.16788754916214677	0.16719266881141107	0.6649197820264423
0.16509057055820037	0.16436618488657373	0.670543244555226
0.16954764448489212	0.16439520373211186	0.6660571517829961
0.16923344330592244	0.1646823353514968	0.6660842213425808
0.16665678440145526	0.16431820547898596	0.669025010119559
0.16691069713805975	0.16685233502422198	0.6662369678377184
0.16467559337108734	0.16568388654186028	0.6696405200870525
0.16639073825305478	0.1659338436892317	0.6676754180577136
0.1659635729792316	0.16524362372297008	0.6687928032977984
0.16765739065082552	0.16641353435596523	0.6659290749932094
0.16486763598202092	0.16415719002957677	0.6709751739884025
0.16378559039763294	0.1667177328270169	0.6694966767753503
0.16909447928983223	0.1645634706072221	0.6663420501029458
0.16496305321280308	0.16380377451829292	0.6712331722689042
0.16863220008483742	0.16430544882362302	0.6670623510915397
0.16479564088917326	0.1640698711972291	0.6711344879135979
0.16380051041950724	0.1659402072898783	0.6702592822906146
0.16496291604700386	0.16505843820341376	0.6699786457495824
0.16543456188244857	0.16427898826684253	0.6702864498507091
0.1655017573633565	0.166393592915721	0.6681046497209226
0.1636983439321935	0.16495520017358012	0.6713464558942265
0.16602780291742544	0.1632577107861348	0.6707144862964398
0.16941168698681347	0.16300897615159377	0.6675793368615928
0.16512047041755937	0.16335673312666266	0.6715227964557781
0.16663680205933698	0.16394667328224183	0.6694165246584214
0.16562568042176767	0.1651803501120807	0.6691939694661517
0.1644101350842095	0.16412019825249383	0.6714696666632968
0.17070674729759164	0.1654917300366194	0.663801522665789
0.16959649223592463	0.16590056878256057	0.6645029389815149
0.16524861477097794	0.16442742932111445	0.6703239559079077
0.16887985698531544	0.16378617701604342	0.6673339659986413
0.17020621915672834	0.166366444426447	0.6634273364168248
0.1641735742063637	0.16480074814242818	0.6710256776512082
0.16961791844168517	0.16721012495044363	0.6631719566078713
0.1692177912768294	0.16635231093283995	0.6644298977903308
0.16945923066558732	0.16606661306533038	0.6644741562690825
0.1662951313625235	0.16373829549097849	0.6699665731464981
0.16965069426983784	0.16319507088977886	0.6671542348403834
0.16681647348266104	0.16513110889367663	0.6680524176236624
0.16730487948303543	0.16551317155663825	0.6671819489603263
0.16824293985523409	0.16504441308977158	0.6667126470549944
0.1639838135992589	0.16630358163550446	0.6697126047652368
0.16915198858442398	0.16314041376403343	0.6677075976515428
0.16836289939514143	0.1634837765425628	0.6681533240622959
0.1680310542902498	0.1667541130723686	0.6652148326373817
0.16407582821675573	0.16560245400618812	0.6703217177770563
0.16373910819897988	0.16529123335188045	0.6709696584491398
0.16803922542597263	0.1662867826860232	0.6656739918880042
0.16979379295628913	0.16614556044209733	0.6640606466016137
0.16861373130015983	0.16352459500889716	0.6678616736909431
0.16969922199014326	0.1631245977980788	0.667176180211778
0.16476650817960373	0.16667213138406073	0.6685613604363356
0.16670285442005883	0.16313174664958813	0.6701653989303531
0.16879556983005112	0.16686161315279688	0.6643428170171521
0.16469600025135378	0.1653367004690705	0.6699672992795759
0.16795417839035187	0.16355344979229675	0.6684923718173514
0.1696660896075105	0.1636324682958552	0.6667014420966344
0.16516477718270653	0.16422325906470792	0.6706119637525856
0.16361463364875956	0.1640876103174697	0.6722977560337708
0.1697450680022845	0.16334558799048376	0.6669093440072319
0.16739000074616273	0.16428942119859707	0.6683205780552404
0.163955514285628	0.1636592635379966	0.6723852221763755
0.16465553209404812	0.1665811933646994	0.6687632745412526
0.16692826425155527	0.16534580840653906	0.6677259273419058
0.16932448014414794	0.16508439332248234	0.6655911265333698
0.17078321712183933	0.16565861902619966	0.6635581638519611
0.16649035403676465	0.16727785733536268	0.6662317886278728
0.1666254661490967	0.16666968004949428	0.6667048538014091
0.17083966551294488	0.16347421344959534	0.6656861210374599
0.16889790778380517	0.16582851875665977	0.6652735734595352
0.16784723480534047	0.16327006902667257	0.668882696167987
0.16994191032022676	0.16296041489721397	0.6670976747825594
0.17055236075144484	0.16492896872901375	0.6645186705195416
