0.3403776378734926	0.3991296260969588	0.26049273602954875
0.3387707343364296	0.3988284082806295	0.262400857382941
0.33857172906797006	0.4024120048149223	0.2590162661171077
0.33754727175301436	0.40305767019227007	0.25939505805471563
0.33828591476228065	0.40203557584163957	0.2596785093960799
0.3394239623356314	0.39913886004543797	0.26143717761893076
0.33920125840895926	0.39983163816664796	0.2609671034243929
0.33622816262473854	0.4018484646425809	0.2619233727326807
0.33727777298304074	0.4012912558179047	0.2614309711990547
0.3385896508086879	0.39943271015719667	0.26197763903411553
0.33765359233363357	0.4008321912838862	0.2615142163824804
0.3376533603000954	0.4015784433568099	0.2607681963430947
0.3406252985230646	0.39915165943854614	0.26022304203838936
0.33829774486403613	0.40223132612341106	0.2594709290125529
0.3361630943909259	0.4029601887264097	0.26087671688266445
0.3381032502111293	0.40068854239501256	0.2612082073938582
0.33668787442695347	0.40113482879356405	0.26217729677948254
0.3397198529870537	0.39893446440544295	0.26134568260750346
0.34040666357802546	0.3992279854227428	0.26036535099923186
0.33761985033816866	0.4020922381917942	0.26028791147003727
0.33949877736897505	0.3991125134295853	0.26138870920143975
0.33707349426024463	0.4032846114781476	0.2596418942616079
0.33752862313143445	0.40128082235082463	0.261190554517741
0.3397423561167194	0.3995283408754714	0.26072930300780933
0.3394833243727512	0.40149004448811143	0.2590266311391375
0.33849241504532246	0.40214068269602965	0.259366902258648
0.3387501246186871	0.4018502040819768	0.2593996712993362
0.33848074342180673	0.40253141306133855	0.25898784351685483
0.33737551826873685	0.40076546213250974	0.2618590195987536
0.3384357638263838	0.4025117166351687	0.25905251953844755
0.3380776129296361	0.40179223066184766	0.26013015640851633
0.3391775139929433	0.40163845354361316	0.25918403246344357
0.33839602069359576	0.3991279000432284	0.26247607926317595
0.3408459931852409	0.3991282043601072	0.260025802454652
0.3361588410828624	0.40217136065911896	0.26166979825801867
0.3396961257078708	0.39968359759362243	0.2606202766985069
0.3385552120455339	0.40233582870612655	0.25910895924833965
0.3384086541108781	0.40220695749469104	0.259384388394431
0.33654010506403037	0.4027061863661788	0.26075370856979097
0.3375648184216874	0.40107092465616323	0.2613642569221495
0.3379652617120532	0.40273920077664216	0.25929553751130474
0.33797345660141254	0.40097318841729823	0.26105335498128934
0.33592221891992213	0.4028622310811366	0.26121554999894137
0.3374342288353013	0.4002302473991058	0.26233552376559305
0.33900095590761786	0.40202109658523694	0.2589779475071453
0.3383352935565411	0.400357695548116	0.26130701089534303
0.3386484095736224	0.4016088973364838	0.2597426930898939
0.3385126370483013	0.4019410905256806	0.2595462724260182
0.3387629151040926	0.39972908182499256	0.26150800307091493
0.33928783571226706	0.40081688858121645	0.25989527570651655
0.33748423405391925	0.40267639587615334	0.2598393700699275
0.33650863198711867	0.4023562427192258	0.2611351252936556
0.34031481767178917	0.39951525699772017	0.26016992533049077
0.3383467168118003	0.4007177208804644	0.26093556230773535
0.3402351539389079	0.39962816009870167	0.26013668596239053
0.3390010861639822	0.40114954786466295	0.25984936597135494
0.3384022504201779	0.4020326872949872	0.259565062284835
0.3365647002184959	0.40092834731979826	0.26250695246170597
0.3399970936676563	0.40014926006942464	0.2598536462629192
0.3373459428585022	0.4025979969548622	0.2600560601866357
0.33720368457046057	0.40038645275780504	0.2624098626717345
0.3370781049513048	0.40301279009144786	0.25990910495724745
0.33968553539218677	0.39975330975933243	0.2605611548484809
0.338923049522565	0.40100675507356187	0.2600701954038732
0.3375752214011505	0.40123469043404686	0.26119008816480277
0.3399521003603786	0.39937651999952767	0.26067137964009385
0.34009903982286366	0.3996359394698952	0.2602650207072413
0.33567215808841616	0.40249311383112946	0.2618347280804545
0.33778693890998657	0.4015481119740578	0.2606649491159557
0.3376588467508536	0.40206034217608677	0.26028081107305967
0.3382349508738346	0.40023020761667827	0.2615348415094873
0.33625699339102233	0.4024556415927032	0.2612873650162746
0.3380309246938751	0.4024898652249682	0.2594792100811569
0.33985069327290074	0.3987104598267061	0.26143884690039326
0.3385019884996451	0.40023687484292986	0.2612611366574252
0.33655039694807865	0.40176196924766483	0.26168763380425664
0.33932753505795693	0.4005922592171939	0.2600802057248493
0.3398857078692859	0.39914800743099244	0.2609662846997217
0.339581616231154	0.39983461942428244	0.26058376434456365
0.3374702158844359	0.4011773078243125	0.2613524762912517
0.33912880656655386	0.4003350486658018	0.2605361447676445
0.3381467563527749	0.40135623934592063	0.26049700430130457
0.33989547455089764	0.3995798111376252	0.2605247143114773
0.33911045259470396	0.398918844675498	0.26197070272979817
0.33897415149156024	0.40006496824306376	0.2609608802653761
0.33761115535770075	0.400923639985021	0.2614652046572783
0.3385290278471392	0.40164148337765526	0.2598294887752057
0.33623734014651174	0.40312521123109196	0.26063744862239646
0.3370990872916366	0.4022860051895255	0.260614907518838
0.3396938106237827	0.40033168371576444	0.25997450566045294
0.33871660252398045	0.40020508578146485	0.2610783116945548
0.33865898872614636	0.4002145341273041	0.26112647714654963
0.3358588818125825	0.4022712618185929	0.26186985636882465
0.3393575656459769	0.4010213799495673	0.2596210544044558
0.3390674609987408	0.39929092893370366	0.26164161006755565
0.34025751523802505	0.39898914548735565	0.2607533392746194
0.3397029038405632	0.39946705568863117	0.2608300404708058
0.34023989579711006	0.39889593670878776	0.26086416749410235
0.3381247415950766	0.400521828981487	0.2613534294234365
0.33942197349874004	0.399679755681264	0.26089827081999606
0.3383885181148691	0.3993916853387807	0.2622197965463503
0.3384471906985769	0.40076832664334394	0.26078448265807924
0.33590822923217395	0.4028515444109226	0.2612402263569036
0.3397995790563539	0.4010130705289681	0.2591873504146781
0.3382334303440011	0.40179250816261985	0.25997406149337915
0.33635785248160777	0.4013488455938007	0.26229330192459166
0.33863804945947307	0.4000117927285045	0.26135015781202253
0.33985008237678527	0.3996402649806241	0.26050965264259074
0.338307270379463	0.40084220307492746	0.26085052654560964
0.3382409308706354	0.40072334892237127	0.26103572020699345
0.3356666050717808	0.4025808357045453	0.261752559223674
0.3358809508494608	0.40263799038528436	0.26148105876525496
0.33987100880741244	0.3985260071954614	0.26160298399712634
0.33913841073565554	0.40070490963338323	0.2601566796309614
0.33703070984467304	0.401905024978172	0.2610642651771551
0.33584319222965153	0.40304953188034853	0.26110727589000005
0.3399297155154357	0.3988682352588346	0.2612020492257298
0.3383854988097804	0.39910016102127444	0.26251434016894526
0.33948196941837083	0.4006986534867253	0.259819377094904
0.33733097233641784	0.4009382199990481	0.26173080766453416
0.3395976574988244	0.40136492145810243	0.25903742104307326
0.33822911201189015	0.40018196939986017	0.26158891858824984
0.3384562806139432	0.40105829783342306	0.2604854215526339
0.34075935329150747	0.39897558175214715	0.2602650649563455
0.3391838824649867	0.401803696939483	0.2590124205955304
0.34072736877086907	0.3986294667990734	0.26064316443005764
0.33986928908919917	0.3991484742893149	0.26098223662148606
0.3393463146556314	0.39966974210725575	0.26098394323711294
0.337592777617803	0.402789423006463	0.25961779937573415
0.3380694552743715	0.4028036735423251	0.2591268711833035
0.3384721958435316	0.4015021533585148	0.2600256507979537
0.3374249543888744	0.4025817248663247	0.25999332074480097
0.3383351357897373	0.4022092483727471	0.25945561583751575
0.34023212186932816	0.39900969127157093	0.260758186859101
0.3374559841115173	0.4016021641521242	0.26094185173635864
0.33856203653371664	0.39918312343729145	0.262254840028992
0.3399185720793532	0.3985331400976475	0.26154828782299944
0.3356115716283262	0.4028735427273009	0.261514885644373
0.3397390169279026	0.3986953257435	0.2615656573285976
0.33688174281648	0.40151425336739116	0.26160400381612897
0.3382444680501685	0.40182428400378484	0.2599312479460468
0.3384868083910436	0.4006351698820527	0.2608780217269038
0.3397200423995418	0.4012675482338912	0.2590124093665671
0.3376650961376137	0.40147282781687976	0.26086207604550665
0.34035831218519547	0.39936720496847555	0.26027448284632904
0.34068355708287457	0.39942504289677405	0.2598914000203515
0.33737194288957184	0.40236913409967534	0.26025892301075293
0.3374486012950762	0.40303403613638006	0.25951736256854385
0.335830560807043	0.40260044675856965	0.26156899243438747
0.3364022674338306	0.4025454361616797	0.2610522964044898
0.3364261735922696	0.40109650701683647	0.262477319390894
0.33609962411893435	0.40265581042945275	0.261244565451613
0.33747379768817914	0.40216168799088947	0.2603645143209315
0.3385538204710213	0.4013026639262996	0.26014351560267923
0.33891234536568904	0.40034128261568747	0.2607463720186236
0.3376771269260623	0.3999047957927545	0.26241807728118327
0.3361611291456017	0.4016843179684494	0.262154552885949
0.3384677022767076	0.4018464617717972	0.2596858359514953
0.33831943165221606	0.40118128560088795	0.2604992827468961
0.33793883621349385	0.4010820763848839	0.26097908740162234
0.3374060413585937	0.4006327295245549	0.2619612291168515
0.3402214875628078	0.39851568082063804	0.2612628316165543
0.3361990250491555	0.4019268561811111	0.26187411876973343
0.3373414813994898	0.40205240995035674	0.2606061086501536
0.3399332664181353	0.3990403325148141	0.2610264010670507
0.3380414057151167	0.40211660437769803	0.2598419899071854
0.33940263498538314	0.3995273618131578	0.2610700032014592
0.33775982113719805	0.40326244373398545	0.2589777351288166
0.3388445996622205	0.39945666016403847	0.2616987401737412
0.3361239561449376	0.40188972696296704	0.26198631689209545
0.3363137872142811	0.4030120400741498	0.2606741727115691
0.33695015858846145	0.40079974011031766	0.26225010130122095
0.3378623747394954	0.4026947751344073	0.25944285012609747
0.3402679634750603	0.3993715555784684	0.26036048094647146
0.3393664387401609	0.4012474310344897	0.2593861302253495
0.3388952028162934	0.40059168105901155	0.2605131161246952
0.33616226609784927	0.40280330695677385	0.26103442694537704
0.3384036241353164	0.4023278844885352	0.25926849137614855
0.3393702979300206	0.3993127485098905	0.261316953560089
0.33740143792064736	0.4020365069293711	0.26056205514998165
0.3377431355988113	0.40072324070074383	0.261533623700445
0.34002550642959384	0.4001796005998036	0.25979489297060265
0.3401784041152083	0.39917174010416007	0.2606498557806317
0.3393550484962655	0.4012429397101391	0.25940201179359546
0.33760668490232454	0.400043068443137	0.26235024665453854
0.3380638339354583	0.4022402549996205	0.2596959110649213
0.33579046006016516	0.401957304129251	0.26225223581058393
0.3361445228678806	0.40182067482362177	0.26203480230849774
0.3365314552211111	0.4023371495308299	0.26113139524805906
0.33916967091084677	0.3994264325027693	0.26140389658638397
0.33851753304980525	0.400451904614316	0.26103056233587885
0.33855958690240245	0.39929415388687556	0.2621462592107221
0.3373479231414448	0.4011027705046427	0.2615493063539126
0.33682423343407963	0.4019539790496309	0.2612217875162896
0.3380309208094696	0.40229459913260257	0.2596744800579279
0.33727749643515714	0.4014638563063029	0.2612586472585401
0.33767607576032327	0.40185625585383333	0.26046766838584356
0.3403919461007946	0.3995224573624239	0.26008559653678154
0.3389758112659436	0.39876591423054814	0.26225827450350836
0.3374040056716605	0.40023192369432625	0.26236407063401335
0.3380913205104631	0.40041084348857003	0.261497836000967
0.33740078485238933	0.4023950407032276	0.26020417444438315
0.33811662588933417	0.40244479917303183	0.2594385749376341
0.33949895969564103	0.39875303004196094	0.2617480102623982
0.3366270410520663	0.4022102854305114	0.26116267351742234
0.33721761811655654	0.4032206720181496	0.2595617098652939
0.3401550815230906	0.3994591438968203	0.2603857745800892
0.3369369172250175	0.40214407673663877	0.26091900603834384
0.33773770284022847	0.4030306920950155	0.2592316050647561
0.3407414981859785	0.40015414597961196	0.2591043558344096
0.3389899302627144	0.39892396206126285	0.26208610767602286
0.33715131783384905	0.4030489771427875	0.2597997050233636
0.33996822390770265	0.4000153164976144	0.26001645959468306
0.3364690039237235	0.40285642540148936	0.2606745706747873
0.338359084760866	0.40127030615315507	0.26037060908597903
0.3394343217901328	0.3985612517824356	0.2620044264274317
0.3383819583452987	0.40205288778719694	0.25956515386750445
0.34077798204305015	0.39971344607002524	0.2595085718869247
0.33701723224396807	0.4025304920696151	0.26045227568641693
0.33694912082402095	0.40311593511661037	0.2599349440593688
0.3376042154387685	0.4020417252409923	0.2603540593202393
0.33701270309431824	0.4008425112284234	0.2621447856772585
0.336485803278201	0.40243475108308835	0.26107944563871077
0.33984854423947813	0.4003213796625287	0.2598300760979933
0.34078747372603974	0.3990781823197056	0.2601343439542547
0.3384375139045451	0.4008969282146795	0.2606655578807756
0.3397147820670602	0.40073331946230817	0.25955189847063176
0.3373485814290245	0.4007550329967242	0.2618963855742514
0.33794247898456226	0.39990707153843996	0.26215044947699784
0.3378198400430319	0.40154309572489716	0.26063706423207106
0.33915950059703037	0.39884829347807554	0.26199220592489414
0.337341353413946	0.40282786556471634	0.2598307810213378
0.3363336429800582	0.40255346625938954	0.2611128907605524
0.3362761139872465	0.40227646321345023	0.2614474227993034
0.3391928026675793	0.40057590447410996	0.26023129285831087
0.3361823844001239	0.4025225789738973	0.26129503662597897
0.3361551802569431	0.4023656690222355	0.26147915072082156
0.3387578243909921	0.3995827056310829	0.2616594699779251
0.34086228710151745	0.39907934870476675	0.26005836419371586
0.3398802086027447	0.40109206370412703	0.2590277276931284
0.34016369750326364	0.4008334412407401	0.25900286125599636
0.3386199572990989	0.4024034382813019	0.25897660441959935
0.3403730657041449	0.3995423000064176	0.2600846342894376
0.33701159236761824	0.4010738749040701	0.2619145327283118
0.33687334313999495	0.40132094276646696	0.2618057140935382
0.34073704707406166	0.3988808923403547	0.2603820605855838
0.33662318522141016	0.4015078715584916	0.26186894322009835
0.33704283455339396	0.4024663961086675	0.2604907693379387
0.33818539301319384	0.401667367856571	0.2601472391302353
0.3391925693424712	0.39880577712651993	0.2620016535310089
0.33881797233718464	0.40055452318139145	0.260627504481424
0.3371162531128145	0.401346592793693	0.2615371540934926
0.33665543754689115	0.40165276589473087	0.26169179655837815
0.3399332470790885	0.39909480575416884	0.26097194716674277
0.337130411571023	0.40082939134240414	0.26204019708657295
0.33738010989740075	0.40297896024176066	0.25964092986083864
0.34002920235623435	0.39996868547772046	0.2600021121660453
0.3374979547454111	0.40048941564461477	0.26201262960997423
0.3390782420020142	0.3997058644928762	0.26121589350510965
0.33910830772247263	0.40009427906251716	0.2607974132150103
0.33923234787715784	0.4014515853263459	0.2593160667964964
0.3388296115492195	0.39964287911081964	0.26152750933996094
0.34020280797681585	0.3985974485007711	0.26119974352241315
0.3367147662962464	0.40250293853591207	0.26078229516784157
0.3386631318102938	0.39942032943130545	0.2619165387584009
0.34053072596768097	0.39948339003683714	0.25998588399548206
0.33690605742009205	0.4025758037981879	0.26051813878172014
0.3358604334096588	0.4023703114468754	0.26176925514346594
0.33704232543889673	0.40233401356848936	0.260623660992614
0.3404292313222351	0.3999964789947502	0.25957428968301477
0.33656150850109634	0.4020052434356973	0.26143324806320645
0.33724606092265513	0.40111834488950887	0.2616355941878361
0.33943983067711697	0.401521852067548	0.25903831725533516
0.33751785879684915	0.40266952473243883	0.25981261647071213
0.33856719005323915	0.4014710800270181	0.25996172991974287
0.33928545265717697	0.39913348609821775	0.2615810612446054
0.3397472740636119	0.40035391645723595	0.2598988094791523
0.3365289621502513	0.4023735585359055	0.2610974793138433
0.336669629769919	0.40202514209732093	0.2613052281327602
0.3399956318163797	0.398640571726848	0.2613637964567724
0.3399925013829798	0.39856366931939397	0.26144382929762633
0.3394089578784964	0.4010102700222509	0.2595807720992528
0.3386271931404711	0.39970213695514134	0.2616706699043877
0.33877026843169905	0.40047201319359577	0.2607577183747053
0.33783251806836007	0.40312658202897844	0.25904089990266155
0.3356719024390681	0.4023198675601953	0.26200823000073675
0.33901215106338445	0.4010143926941008	0.25997345624251494
0.33900091946480726	0.39968350603374286	0.26131557450144993
0.3376952873329827	0.400603992495433	0.26170072017158447
0.33965304957879566	0.39967716016876514	0.2606697902524393
0.33709482107035466	0.400889668638828	0.2620155102908174
0.3374127291883844	0.40140067341856345	0.2611865973930523
0.33741133903659043	0.40071720583339904	0.26187145513001064
0.33757445284538423	0.40091438925011785	0.261511157904498
0.33708265131374926	0.40212158608583815	0.2607957626004127
0.33789139438045734	0.400219962727136	0.26188864289240676
0.33744054508277826	0.4031761246514066	0.2593833302658153
0.3376396846386712	0.4025498904311303	0.25981042493019857
0.3377089407128191	0.40212708864093777	0.26016397064624325
0.3374845035647995	0.40163221580517194	0.26088328063002864
0.3383042529373739	0.39972048819070816	0.2619752588719181
0.33570469714723705	0.40245261931605214	0.2618426835367109
0.34000010765282546	0.40065693317293194	0.2593429591742427
0.33842786367728517	0.40148720717767017	0.2600849291450448
0.3390402747580061	0.3999092738259841	0.2610504514160099
0.3357127857798902	0.4018618203339852	0.26242539388612474
0.3372439689463914	0.4016716177555923	0.2610844132980164
0.3400651161917701	0.3998436603234748	0.2600912234847552
0.3387207440186957	0.39987872098847077	0.2614005349928337
0.3356467900048493	0.40222784477636586	0.26212536521878493
0.3379085920800664	0.40118977968870007	0.26090162823123364
0.3385963490966019	0.40236906901095915	0.2590345818924391
0.3397115961690244	0.40105939031666626	0.25922901351430944
0.3362414267718159	0.4017456694969727	0.26201290373121155
0.3374349660075373	0.4023021207612372	0.2602629132312255
0.3384642071185785	0.3993179308376702	0.2622178620437514
0.33739417447463593	0.40076113191714524	0.26184469360821894
0.3400525741241695	0.40039482367419743	0.2595526022016332
0.3366256413793498	0.40274135481022666	0.26063300381042365
0.3375982906169208	0.40316263526611495	0.25923907411696434
0.33846942363188204	0.40115893962747434	0.26037163674064373
0.33629574389040784	0.4022849109218624	0.2614193451877298
0.33903840442613636	0.3991721919738915	0.26178940359997227
0.33983618081434536	0.39953454756042245	0.2606292716252323
0.3387390842640608	0.4006576329597244	0.2606032827762149
0.33856606217931995	0.4024590695098317	0.2589748683108484
0.3374970124744704	0.40088681657510383	0.26161617095042594
0.3359483857102763	0.4026874353330697	0.2613641789566541
0.3361743930394512	0.4018791857366436	0.2619464212239053
0.3364707600379476	0.403070021078055	0.26045921888399753
0.34008348293861834	0.39854683876276026	0.2613696782986215
0.3366090920011575	0.4020568660102883	0.2613340419885543
0.3401345486827263	0.39961920440172566	0.2602462469155481
0.33865271060076996	0.40234494036932056	0.2590023490299096
0.3383491620518069	0.40006494274902227	0.2615858951991709
0.33652818828566244	0.4014633160162099	0.2620084956981278
0.3369303926943742	0.4013606235075026	0.26170898379812335
0.3371350506606414	0.4004808273321472	0.2623841220072115
0.3388936339792031	0.400793367270634	0.260312998750163
0.33720316856055765	0.40255820732218384	0.2602386241172586
0.3404220591507216	0.39977996747462946	0.25979797337464905
0.33952788750918234	0.3989805490747578	0.26149156341605995
0.33884379000969533	0.39879631205082067	0.2623598979394841
0.33963224913876244	0.3993807766875066	0.26098697417373107
0.3382637446265536	0.4017809833116063	0.2599552720618402
0.33802043620440325	0.40150166042508173	0.26047790337051513
0.33938900389847926	0.40136861633600285	0.259242379765518
0.33780695220815204	0.401932036088527	0.260261011703321
0.33637383689057637	0.40181392579802344	0.2618122373114003
0.33675835164283363	0.4017486567046612	0.26149299165250534
0.3374077440551822	0.40144954389135734	0.2611427120534605
0.3368951392842796	0.4025328585421266	0.2605720021735939
0.33582707084562124	0.40325230396929457	0.26092062518508424
0.33765777465507185	0.4011182848573616	0.26122394048756664
0.33736433178086944	0.40122711196514027	0.2614085562539904
0.3373891305960137	0.4000979704893878	0.2625128989145986
0.33619960742138133	0.40209580603855644	0.26170458654006235
0.3361651821260971	0.4017102925920892	0.26212452528181385
0.3375614083878198	0.40273545649997844	0.2597031351122019
0.3395641519896377	0.4006023242310487	0.25983352377931374
0.3369835362326882	0.40228637321147337	0.2607300905558385
0.33763989237439107	0.4013299280834612	0.26103017954214786
0.3376749163276245	0.4019690813456425	0.26035600232673306
0.33660889587333076	0.4017742045120277	0.2616168996146416
0.3373572483326087	0.40041109036742883	0.26223166129996256
0.33750392909285726	0.40322226455556737	0.2592738063515755
0.33799180650381555	0.4015794532683299	0.26042874022785467
0.33844528268630264	0.4013778181711386	0.26017689914255887
0.3370762323197546	0.4013361992046719	0.26158756847557363
0.34027388129777136	0.3992268597879592	0.26049925891426956
0.33562693282064154	0.4026205396241075	0.26175252755525114
0.33892479918023505	0.39861025043916526	0.2624649503805998
0.3403788690157644	0.39859935621501463	0.26102177476922106
0.3389631637748146	0.4013544648901215	0.259682371335064
0.34019489430033867	0.40082057423910583	0.25898453146055567
0.3377383488529625	0.4028717059000175	0.25938994524702014
0.33582258493933403	0.4026081519569007	0.2615692631037654
0.33908890822384974	0.40002117868942505	0.26088991308672527
0.3395675137695645	0.398867665310733	0.2615648209197027
0.33860306785059346	0.3997642472816975	0.26163268486770913
0.34081329617417994	0.39855772178106474	0.26062898204475543
0.33673729720121026	0.4016427940771032	0.26161990872168667
0.34024994362029115	0.4000247294760063	0.25972532690370265
0.33935131890286707	0.40107899780623524	0.2595696832908978
0.3375054207310555	0.4001917708649999	0.26230280840394465
0.3388365462472555	0.40115941649974507	0.2600040372529995
0.3371471818963158	0.40239147388244584	0.26046134422123846
0.33881805675606425	0.40082615001555105	0.26035579322838476
0.33653289220800486	0.4027983005240209	0.26066880726797437
0.3369986824658232	0.4012859732069808	0.2617153443271961
0.33717686193056845	0.4031786283037869	0.25964450976564474
0.33655370995373907	0.402968246518025	0.26047804352823606
0.3397084639992995	0.3997460450192026	0.26054549098149804
0.3384507426645198	0.40067680501412767	0.26087245232135264
0.3356515642988761	0.4020496289179145	0.2622988067832095
0.33787050226661197	0.4025410582941594	0.2595884394392287
0.3358268435974025	0.40256580264325087	0.26160735375934674
0.33722392180996813	0.4011165523049301	0.2616595258851019
0.33942761686333206	0.4006721744373621	0.25990020869930597
0.3375275173431638	0.40292368439632664	0.2595487982605097
0.3405406116445025	0.4000357303372002	0.2594236580182974
0.3400507897634275	0.40090330207926134	0.2590459081573112
0.33696964216870495	0.4021699924012354	0.26086036543005975
0.33854591018750757	0.3994199395342037	0.2620341502782889
0.3377867165815411	0.3996982683438493	0.2625150150746097
0.3408456084651434	0.3986613682826628	0.2604930232521939
0.3365708864772993	0.4025907459383621	0.2608383675843387
0.33734249411897066	0.40054969899192144	0.262107806889108
0.33900406526871896	0.40070216181757345	0.2602937729137077
0.3397587026655467	0.39861475951515324	0.2616265378193001
0.33800439509866764	0.4015704926067847	0.2604251122945478
0.34025870836174443	0.3986887573070009	0.26105253433125486
0.33789427293353935	0.4010422275534345	0.26106349951302626
0.3387845940382648	0.39868879153780584	0.2625266144239295
0.3364433159215015	0.4030424612391964	0.26051422283930215
0.33834486316388035	0.4023303513421833	0.25932478549393645
0.3366287860231917	0.40123945095385455	0.2621317630229538
0.3408043443050476	0.39992017713721284	0.2592754785577397
0.3382961358230381	0.39986982467611343	0.26183403950084866
0.33927458481647593	0.39857027746914553	0.26215513771437865
0.33817472474750326	0.4012461489272153	0.2605791263252816
0.33718180068196313	0.40056872664733356	0.2622494726707034
0.3368342058366759	0.4026467051251079	0.2605190890382163
0.33855364244677666	0.39938587716661156	0.2620604803866119
0.33743974999144927	0.4025680054157804	0.2599922445927704
0.3379206199087884	0.40245623876716996	0.2596231413240417
0.33839862648528474	0.4016286811029974	0.25997269241171794
0.33861097755470365	0.4008200421233658	0.26056898032193065
0.3394623654920087	0.4001592368470108	0.26037839766098064
0.3396742818366894	0.39911962422066305	0.26120609394264765
0.3362884787250136	0.40190566333618005	0.2618058579388064
0.33891774818731407	0.4012870254191675	0.2597952263935186
0.3394725564823473	0.39997270946178415	0.26055473405586865
0.33788063460189166	0.402818482386877	0.25930088301123144
0.3381447876719591	0.4025636648814078	0.25929154744663324
0.3365792742654609	0.40088115121351053	0.2625395745210287
0.3386273240309155	0.4002982094103966	0.26107446655868805
0.3389394587936282	0.40036402299055196	0.26069651821581996
0.33978610204309706	0.40021867375717657	0.2599952241997264
0.3396803305804628	0.39986589439732434	0.26045377502221295
0.337568504005584	0.4002739168606246	0.26215757913379156
0.33681575278938897	0.402349347298553	0.2608348999120581
0.33617061317429664	0.4024544935390826	0.2613748932866209
0.337308108004023	0.40258479241999395	0.26010709957598316
0.3376537488548176	0.4022476301048684	0.2600986210403141
0.3405672399467996	0.39889307832611226	0.26053968172708825
0.3405036861179111	0.40041025214095466	0.25908606174113435
0.34023860029227593	0.4004241106594284	0.2593372890482958
0.33778089413792933	0.4004104909144283	0.26180861494764246
0.33728626690894115	0.40282295636275295	0.259890776728306
0.33568277951781983	0.4028168214502059	0.2615003990319743
0.34009251911822924	0.39916180206335794	0.260745678818413
0.33654753400402293	0.40279821071992805	0.26065425527604913
0.33729347167026175	0.40300822298301847	0.2596983053467199
0.33893557445507905	0.40022904503643025	0.26083538050849087
0.3374708946289127	0.4017345806427065	0.2607945247283809
0.33924688934528346	0.40151885578184193	0.2592342548728747
0.33721975295424683	0.40236277333897885	0.2604174737067744
0.33631158504323666	0.40121375436075213	0.26247466059601127
0.3370176838788383	0.40286617610792685	0.2601161400132349
0.338170883989473	0.39979800411442856	0.26203111189609857
0.33737526007906454	0.40155384307850067	0.2610708968424349
0.3372951991892855	0.4013256626092152	0.2613791382014994
0.3373505976534974	0.4032479620921125	0.25940144025439027
0.3389392882336412	0.400439011885263	0.26062169988109585
0.3386759126178303	0.39921264319677546	0.26211144418539434
0.3384795252207562	0.39963955286462205	0.26188092191462187
0.3387521746601919	0.3998965992115173	0.26135122612829087
0.3387623899885698	0.40097339327122433	0.26026421674020606
0.33640292720389475	0.4031770284738555	0.26042004432224986
0.33786005778253064	0.4025044394983708	0.2596355027190987
0.3397244565921763	0.39879016132383366	0.26148538208399014
0.3362278917681093	0.40193668051223597	0.26183542771965485
0.3399599402134418	0.4005739944430947	0.2594660653434636
0.33914118678775634	0.4008258631785369	0.26003295003370686
0.33996489942198993	0.3991699302951779	0.2608651702828323
0.33708248079387204	0.4024251562736528	0.2604923629324753
0.3356866884335052	0.4025692047344536	0.2617441068320413
0.33723512629132907	0.4006793596432387	0.26208551406543235
0.34072550047083583	0.3994993876714892	0.2597751118576751
0.34072481527467646	0.39856596907856834	0.26070921564675525
0.33833811273749204	0.40001212813475295	0.2616497591277551
0.3377793289824112	0.40163763372079664	0.2605830372967922
0.34050632207851816	0.39872332487541806	0.2607703530460639
0.3407481401855577	0.39921431842801625	0.2600375413864261
0.34017721969828146	0.4004321423635847	0.259390637938134
0.33699709539996947	0.4028080684720763	0.26019483612795435
0.3397999620129097	0.3989379034483362	0.26126213453875424
0.3395907974270874	0.39890887930478547	0.2615003232681272
0.33812589109999863	0.3997163831666021	0.26215772573339935
0.3389229567531461	0.3990870542483986	0.2619899889984554
0.3382958355913096	0.40117942630784664	0.26052473810084387
0.336602910338191	0.40261615909930637	0.2607809305625028
0.33924472867692435	0.39983684825491245	0.2609184230681633
0.3386912938927822	0.3993382614907513	0.2619704446164666
0.33853246798607683	0.40122655735531754	0.2602409746586057
0.33821198985999307	0.40081949117508964	0.2609685189649174
0.3373513024791662	0.402923656976122	0.25972504054471196
0.339535045932148	0.39949222415214813	0.2609727299157039
0.3391751540906544	0.4017955680222278	0.25902927788711794
0.3386687632412811	0.400413924301031	0.260917312457688
0.34029337268771126	0.3986641073662519	0.2610425199460369
0.3384837447047009	0.402473677813599	0.2590425774817002
0.3393729783049504	0.40128037548662143	0.2593466462084283
0.33779956349489376	0.4000350040429159	0.2621654324621904
0.3392574099057444	0.4001037368348989	0.26063885325935676
0.3404763255484751	0.400521024734493	0.25900264971703196
0.3391818542959529	0.3997066524743769	0.2611114932296703
0.338654772799819	0.3992569775312058	0.26208824966897526
0.3370525646893257	0.40276555672337844	0.26018187858729597
0.33729856061995805	0.40059150211550365	0.26210993726453835
0.33808188180673227	0.4016231392427062	0.26029497895056164
0.3392990583551128	0.39976682786367956	0.2609341137812078
0.33855465996953216	0.3992856099319321	0.26215973009853594
0.3382065332881319	0.399348705740715	0.2624447609711532
0.33987897627107394	0.3991654986429468	0.26095552508597936
0.3386647204532549	0.4017592231778097	0.25957605636893555
0.3370433936874948	0.40223932365478077	0.26071728265772454
0.3391272416953084	0.39885732577567423	0.2620154325290175
0.33800573420069857	0.40262806485295277	0.25936620094634877
0.33635306316387675	0.4016483345135097	0.26199860232261374
0.34036802023672386	0.39859110214984883	0.2610408776134274
0.3367981075266375	0.40131073540298834	0.2618911570703743
0.33610147754799086	0.40159302461619856	0.26230549783581064
0.3369502389442999	0.4023858458402768	0.26066391521542337
0.3399525334608347	0.3994273091114909	0.2606201574276745
0.33885003982678036	0.4017057412309638	0.259444218942256
0.33906528333415753	0.4005570206066925	0.26037769605915007
0.34029327246945246	0.4001021189299771	0.25960460860057055
0.3395286060363367	0.39933887820689645	0.26113251575676694
0.3393088392698698	0.4011028939450222	0.25958826678510816
0.33827309272673795	0.4007786670192583	0.26094824025400387
0.3390469408504713	0.4010090602644097	0.2599439988851191
0.33812159615728715	0.4025988303939252	0.25927957344878777
0.33710676866890293	0.4020628342421411	0.26083039708895606
0.3407256455372985	0.40014320567703127	0.25913114878567034
0.3366002629369847	0.40301847675749564	0.2603812603055198
0.33977348576731026	0.39956764826345414	0.2606588659692357
0.338013727919958	0.40134745776904013	0.26063881431100194
0.3363895451193777	0.40287895357679887	0.2607315013038236
0.3370855917289825	0.40134472440986313	0.2615696838611544
0.33588933774241725	0.4022112270191807	0.2618994352384021
0.33713736975235037	0.40157717340441973	0.26128545684323
0.33926749292138286	0.3992714923503117	0.2614610147283056
0.3366648965944735	0.40152349513147007	0.26181160827405653
0.33617125914480717	0.40181942917976976	0.2620093116754232
0.3368432379218456	0.4019623398231287	0.26119442225502576
0.3377481981927422	0.3999047709915857	0.2623470308156722
0.3404200354853978	0.399087450793864	0.2604925137207383
0.33819395104470606	0.4016322836700555	0.2601737652852386
0.3372995771246789	0.4019860114947729	0.2607144113805483
0.3403298103340898	0.398824960668292	0.2608452289976183
0.33863141074995573	0.3999460140185648	0.2614225752314796
0.3400530079253316	0.39862952206001045	0.26131747001465805
0.339717295014855	0.3986228264994862	0.26165987848565897
0.3377285277532655	0.4027343491693491	0.2595371230773855
0.33718022745615	0.4012028377645035	0.26161693477934655
0.33831387131750984	0.4011513591351171	0.2605347695473732
0.3398536815841263	0.39938257993494547	0.2607637384809284
0.33961309002856777	0.398733030440372	0.26165387953106034
0.33834693101199237	0.4026330710081212	0.25901999797988656
0.33672901247100806	0.40162702105741316	0.26164396647157895
0.33687115368382714	0.4008977147553945	0.2622311315607785
0.33844414175840415	0.40093630846418116	0.2606195497774148
0.338011077577432	0.40198078458116526	0.2600081378414028
0.33955882527556136	0.3994387786912585	0.2610023960331802
0.33914087281233074	0.4014206538905801	0.25943847329708924
0.335860584387472	0.4017363764594685	0.2624030391530595
0.3373669541406368	0.4018886701570237	0.26074437570233966
0.33731342590732943	0.4027389447233436	0.2599476293693271
0.339431435292954	0.40064174958453486	0.25992681512251126
0.3380355150843712	0.3998378058281338	0.2621266790874951
0.3388621635242161	0.4010148427726769	0.2601229937031071
0.33849591529150486	0.4008298307271507	0.26067425398134453
0.3384262506227988	0.40134970836537187	0.2602240410118295
0.33848447310276775	0.40247685619897966	0.2590386706982527
0.3379450778000881	0.4012167995000905	0.26083812269982154
0.3391543709639888	0.3998234612048304	0.2610221678311808
0.33972390080715464	0.4013002750977787	0.2589758240950668
0.33829176365328056	0.4020184944847557	0.2596897418619639
0.3401162072653033	0.39886913709942456	0.26101465563527226
0.3378806181720842	0.40216090196780596	0.25995847986010995
0.33967388252007025	0.4007095494096572	0.25961656807027267
0.33806537856492724	0.402107185391802	0.25982743604327085
0.3401904630242169	0.3995136302993699	0.2602959066764133
0.33704455401396993	0.40252662496748515	0.26042882101854503
0.33778261808605214	0.40170897235275294	0.26050840956119503
0.338094801425137	0.39945575976606906	0.2624494388087941
0.33839646705824067	0.40022869725714194	0.2613748356846175
0.33918170279647214	0.40018673455900705	0.2606315626445209
0.33740348278513854	0.4029192927628117	0.2596772244520499
0.3396897254283869	0.4003498380090646	0.25996043656254864
0.33650023073253565	0.40295096569498373	0.2605488035724807
0.33974279585511746	0.3997623016596987	0.2604949024851839
0.33892288120113573	0.40123673099381796	0.2598403878050464
0.3379498757979857	0.40026330972162893	0.2617868144803855
0.3400354754995839	0.4002402660267094	0.2597242584737068
0.33676378699417725	0.4011218228337308	0.26211439017209204
0.3364388459539912	0.4029954642120041	0.26056568983400474
0.33682767946381637	0.40221866404157963	0.2609536564946041
0.3358602717186724	0.4027167967314451	0.26142293154988255
0.33721748576413335	0.40119772693815253	0.26158478729771417
0.3401772126303131	0.3987818216307417	0.2610409657389453
0.3406966678296629	0.39985280771725495	0.2594505244530822
0.3365071728378967	0.4028552644882226	0.2606375626738808
0.3366071007485535	0.4018983140907724	0.26149458516067425
0.33930863029619884	0.3989005015915866	0.26179086811221475
0.33927132440843166	0.4006411192557067	0.2600875563358617
0.33675638741087416	0.4021011720845922	0.26114244050453383
0.3365235851681195	0.40306549584120366	0.26041091899067703
0.33924079000872964	0.4008613912255196	0.25989781876575085
0.33922860599424587	0.4016059133881714	0.2591654806175828
0.33590073476536436	0.4020509732459128	0.2620482919887229
0.33793923072484733	0.40305524033322143	0.25900552894193135
0.3363452259676069	0.40317956952668593	0.26047520450570727
0.33973097783885287	0.4010416041373659	0.25922741802378135
0.3380656153219136	0.3997773229793764	0.2621570616987101
0.33654819346404435	0.40115298359330465	0.2622988229426511
0.33745516114895924	0.40093675540240026	0.26160808344864067
0.3400321041721832	0.39941012717392166	0.2605577686538953
0.3369852158922406	0.4017896437357463	0.26122514037201316
0.33833754221866025	0.40163385448242506	0.2600286032989148
0.3383699470528468	0.39978219921650016	0.2618478537306531
0.3386216695575523	0.4007482232593943	0.26063010718305346
0.33944449085109757	0.3986894606556156	0.2618660484932869
0.33655431902469335	0.40284233754075954	0.2606033434345472
0.3359583091255956	0.4031876022131348	0.2608540886612697
0.3402438337972111	0.3997948679456317	0.2599612982571573
0.3372315034930192	0.4026895800788697	0.2600789164281112
0.33710612403441326	0.4005216338603669	0.26237224210522003
0.3376682076920687	0.4001692299301112	0.26216256237782026
0.3401145830258856	0.3997077398513561	0.2601776771227584
0.3397520698530498	0.3986042750222041	0.26164365512474624
0.33821143284913924	0.4013173950089144	0.2604711721419464
0.33586001421167067	0.4027316555073837	0.2614083302809458
0.3367606947992277	0.4032636215663061	0.2599756836344663
0.3384666496851598	0.4004533659155308	0.26107998439930946
0.3401703429679645	0.4002126828731448	0.2596169741588908
0.33933133043455554	0.4012656602219271	0.2594030093435174
0.34014954452691215	0.3997129152105259	0.2601375402625621
0.33907202307832096	0.4009000877966501	0.2600278891250291
0.3374898727623504	0.4011538763743329	0.2613562508633168
0.3374833817143755	0.4025712943357236	0.2599453239499011
0.33687835851267717	0.40085454254438413	0.26226709894293887
0.33882815359504026	0.400670807853035	0.26050103855192486
0.3372275596238377	0.4010649097801539	0.2617075305960085
0.3358998006527967	0.40227659373641667	0.26182360561078677
0.3380805724238884	0.4008477145274091	0.2610717130487027
0.33823326977245377	0.4013952394242064	0.26037149080334
0.33692995354118266	0.4021752320908113	0.2608948143680062
0.338472683299055	0.40170819826294046	0.25981911843800465
0.33848521824427336	0.4005789962867074	0.26093578546901935
0.3391742920832521	0.4012852809959591	0.2595404269207889
0.340116415162222	0.40044598389433195	0.25943760094344614
0.3378302804178206	0.40307821419007034	0.2590915053921091
0.3382179205144794	0.40104154211186144	0.2607405373736592
0.34025558422435775	0.3985269595918634	0.2612174561837789
0.33872072971769435	0.4018233831588445	0.25945588712346124
0.3380847853086557	0.4018554436824392	0.2600597710089052
0.3382611786100443	0.3993668358909837	0.2623719854989721
0.34019738262690313	0.4007521319448587	0.2590504854282383
0.34048384375481067	0.39879131334374435	0.26072484290144515
0.33922837838656056	0.39922500318692133	0.2615466184265183
0.33788077702961644	0.40180011467348387	0.2603191082968998
0.33761594822569146	0.4018484923654322	0.26053555940887646
0.3387139439504198	0.39961225341834544	0.26167380263123485
0.3381436927287093	0.4002234472479228	0.26163286002336805
0.34009538272298795	0.39952211629911627	0.26038250097789595
0.33907729685350685	0.4015823813508175	0.2593403217956758
0.3376807971230161	0.40267135082320926	0.2596478520537748
0.33671178279569525	0.40144967397687636	0.26183854322742844
0.3356623398772422	0.4023867911265657	0.26195086899619213
0.33559455551952116	0.40252351872250214	0.2618819257579768
0.3388604207259933	0.4021146767547414	0.2590249025192654
0.3384725434461404	0.39987039935600355	0.26165705719785615
0.3362995436361011	0.4030569880318266	0.2606434683320724
0.34005047997138327	0.40005365063824183	0.259895869390375
0.3395523355012515	0.4005773592847034	0.2598703052140452
0.3382381884850604	0.40082451688338167	0.260937294631558
0.3392577848791202	0.3998930830880869	0.2608491320327929
0.3400049757173768	0.4002903491453041	0.2597046751373192
0.33716567346266463	0.4007602865244688	0.26207404001286666
0.3393400778461484	0.40148204615032046	0.2591778760035313
0.33780767791936395	0.40301885227672474	0.25917346980391137
0.33619228874375234	0.40165279665222614	0.2621549146040216
0.33785095281192723	0.40186961965649626	0.2602794275315766
