0.045886192127247025	0.01891151782651125	0.13556044834306924	0.18885297171795123	0.10443193403078661	0.19498705322484755	0.1073827110382281	0.0437611105582912	0.019540333058117185	0.1406857280749506
0.036719784948109846	0.014008119371305139	0.15891432536568156	0.11451156187759585	0.06119876437054502	0.24781376698508917	0.11501529151789613	0.052054445902538014	0.02735205501928381	0.17241188464195545
0.05517671658206624	0.033065319896284945	0.12127747663870792	0.10241110508749743	0.08433282909216752	0.2350751545559271	0.12911745166964722	0.06469546164567191	0.01891799192998027	0.15593049290204944
0.03286870341557807	0.017602920570362723	0.1195875829774945	0.08023580774630706	0.1154314404810943	0.2227563262694015	0.16058381239865224	0.06114576375435041	0.03921989713258747	0.15056774525417177
0.0590048035960371	0.02674989888899444	0.13324799721906477	0.11426486963532204	0.07564514261397695	0.2522334268256511	0.12027066299815635	0.051198976189391954	0.018578200647417747	0.14880602138598753
0.046853479300220734	0.027157077122770712	0.16401008493019242	0.11338638649033851	0.06222684642159195	0.19466081632590287	0.10390917173211123	0.07448571517247803	0.044777055053571484	0.1685333674508221
0.028487354394521824	0.027266526541757402	0.13810777049313083	0.11929840294230355	0.08397587366081943	0.23970861190647602	0.13804036688842908	0.04845345043534924	0.026282242416045168	0.1503794003211675
0.04968770944068196	0.026933490012311642	0.13689268618678335	0.14239729818352964	0.05919367681545004	0.23470150957918007	0.11888273017141424	0.03858887473114789	0.04028044153005844	0.15244158334944274
0.03518694125065673	0.035903163107061944	0.13226691102180752	0.0915799860175231	0.08826264948116247	0.2153672558171502	0.14429440950571798	0.060420141946037655	0.03066636936354522	0.16605217248933724
0.07775215483732924	0.024064673110454904	0.15576614643987158	0.09586524043355969	0.07853275862741349	0.21364230553796457	0.11534504651424156	0.042243414024927275	0.02901417520769474	0.16777408526654297
0.073725382445892	0.028411981383255597	0.12580077189081948	0.10873905917461044	0.07576376849731692	0.20187824272714372	0.14433072709656425	0.034491647109547593	0.03651175649582794	0.17034666317902208
0.032882137767396846	0.02097438154624752	0.13823603400359358	0.1632568910011749	0.09773826108762806	0.21070355906403665	0.1385332266926198	0.035271802901417765	0.02550760542458351	0.13689610051130138
0.06392049908951841	0.026414549846155613	0.11487133324730704	0.09784269267392767	0.10884711599408306	0.1814354950667742	0.1266668176763799	0.049206855401108224	0.046644844053135806	0.18414979695161
0.059822076718519086	0.013757582548594272	0.11977886803434569	0.1689363715645265	0.05759006593212823	0.18110931346441517	0.13252896755368188	0.04533354242016756	0.03429107592342738	0.18685213584019425
0.02888114151151029	0.02266969845036805	0.13839181979333834	0.16337055176241877	0.06995281184371208	0.18634657372411478	0.11339712124884582	0.06726822572990704	0.04798158388563512	0.1617404720501498
0.03909365707347967	0.03095727127071822	0.12696610859524288	0.10464990402063747	0.09624397744646969	0.2495506697694348	0.12822313848149225	0.03125883126050742	0.03949517483357529	0.15356126724844227
0.04265279233303515	0.012913154769852803	0.14380235939201005	0.12178031280059934	0.11776686760072266	0.19391903156568693	0.12225742160693322	0.03795005296014567	0.03721559884935294	0.16974240812166125
0.059565505578018915	0.016209300831920154	0.1511094542619595	0.11622194443003932	0.10071746860569593	0.2347093484736945	0.11227931353088377	0.040780688892462925	0.022145372959957138	0.1462616024353678
0.0313973522666795	0.021050257024072733	0.1398125544680604	0.1233044176774192	0.07863948969119264	0.24933686772082853	0.09143178203372988	0.04224506242589872	0.033733323995589884	0.1890488926965285
0.03924028290056884	0.020620523831458668	0.12170543186616943	0.12756906571376012	0.11362555665393367	0.1855075881324233	0.15883895737453613	0.04640942058994917	0.04648367278888183	0.13999950014831886
0.0498437611576116	0.022639956651000395	0.11419109146817394	0.10760071357071449	0.07923383846400432	0.2549559471215141	0.15439233387438284	0.0380334153351829	0.023990243374869574	0.15511869898254588
0.0774343203061814	0.012731207244058032	0.1412338080974008	0.13213093085788702	0.0754918181999994	0.20742634016219258	0.12079436368569615	0.02838221811937744	0.021270520155582937	0.1831044731716242
0.04749439665276964	0.022698516372074887	0.1223219274237398	0.18093036168470517	0.05924515436785185	0.21787230818361164	0.09627456120872116	0.04041244949826516	0.04711022050083182	0.16564010410742885
0.030932254790271174	0.017299527967619882	0.1468377227715196	0.1032265023389861	0.11116033645134701	0.2313176155380814	0.10508499963717287	0.0514998835674725	0.051050356450028776	0.15159080048750068
0.04517827514423045	0.03046141365764142	0.1258871585344029	0.11902632259070492	0.061373768665306035	0.20328999829789907	0.1438399019661178	0.054365989136884035	0.02251763024886684	0.19405954175794654
0.06185842499549409	0.031078798341504746	0.12185152739550462	0.11384524246487532	0.079060658159127	0.1862373442553592	0.14243925304463484	0.04165480432558514	0.044267238506031016	0.17770670851188403
0.055591702270951365	0.03270266508081385	0.11707956169079736	0.10780346138562633	0.11184993632928215	0.194879733349963	0.156050571003286	0.04477743165646209	0.03190697833897439	0.1473579588938434
0.043753471400362835	0.027235989482848236	0.16683489719912137	0.09585330738171036	0.0580300581597014	0.2512331197780064	0.09773003314218323	0.06263749019582376	0.020936964362843535	0.17575466889739882
0.05712370109227616	0.019670596895107126	0.14355348209243524	0.07947158873709749	0.11080597822951294	0.2575670504227698	0.11444741318875365	0.04793535637993577	0.03842632592769062	0.13099850703442123
0.07042265162296658	0.022453903859797467	0.1221412388646712	0.08340379084164781	0.11566788997002721	0.18437498891804716	0.12772886324198354	0.0711187781799495	0.028413721345113982	0.17427417315579558
0.04196459460318802	0.02994885822184415	0.11896800624861906	0.17717463114512766	0.09955930037622504	0.18245750075579897	0.1131778304493458	0.048991228418544634	0.0364636689623319	0.15129438081897478
0.06838438164340509	0.030066420795989326	0.15681278565975065	0.09518991378500918	0.07395849067070065	0.1999296280389195	0.10646755808063048	0.04050401336602426	0.0489751858159241	0.17971162214364672
0.030295565235519933	0.02933251291354705	0.16006074916600938	0.14559898706165886	0.08456552040404487	0.18792205756535224	0.13331355891653499	0.07465781974928623	0.02202801210838405	0.13222521687966238
0.030691794496249356	0.014157350058867105	0.11588629524596691	0.1604018131145464	0.09501836353047494	0.19401373657676674	0.12649426034395378	0.05437989879589866	0.022762612905464497	0.18619387493181164
0.03685996242906085	0.033566436711221365	0.12403504224479482	0.1050760304448835	0.11915916049854651	0.21924338154489154	0.13453743973215224	0.042115858548658715	0.030076399087479916	0.15533028875831056
0.06382479803319632	0.030380445622675334	0.13223658758689893	0.08087874668102615	0.1004212598925455	0.20163392277176212	0.12055779530249555	0.06113941232772954	0.04297692645599188	0.1659501053256786
0.04285493040210049	0.02624380650806836	0.14953748028299857	0.10334247720041743	0.11418552070003653	0.18653018766417978	0.14548744080710857	0.03256777229554543	0.04237826888379232	0.15687211525575256
0.030018748474694865	0.01932923703477507	0.11883328686018602	0.09571098134726866	0.0902918561001098	0.25645277780193354	0.1207251030900902	0.06228477724292483	0.023153899930969446	0.1831993321170476
0.05921638168987841	0.034553194804290366	0.15638989725886515	0.09395925346024339	0.11395079102243091	0.1836817232400846	0.14866282333430228	0.038000221090816515	0.037690992827413776	0.1338947212716746
0.04975736544495363	0.03529313621375031	0.13610132596152513	0.08980857388929027	0.10898779437528007	0.2135746004538352	0.0956195761306467	0.055377899047739855	0.044783068960681925	0.1706966595222969
0.03634822120955854	0.012205434240054158	0.1680726910732632	0.10423580177339678	0.06929559462292252	0.2372341413917945	0.12015613764465514	0.032903819568178894	0.037553710185841624	0.18199444829033473
0.04586035600170163	0.03133163475803852	0.12609305797244189	0.08903932698115764	0.0997877084556496	0.23701788173822508	0.12199784901950823	0.04522654386384166	0.02186133703559244	0.18178430417384323
0.057267632487820616	0.02455200129958693	0.16316239015183165	0.18112567175858368	0.09055547580389917	0.1867629868670787	0.09416376676172425	0.039735780840535175	0.018720257588672684	0.1439540364402671
0.03240827127445045	0.025152119257322775	0.12607487432997935	0.18028963406405582	0.0813487543765102	0.18314926988942187	0.12746916012851137	0.05130147859095737	0.03166240101922635	0.16114403706956448
0.051565522316538916	0.023787619874830163	0.14097694842986808	0.15320309986930153	0.06763187033318166	0.19404061476597373	0.10255072357521136	0.054317343042038675	0.04094892161906442	0.1709773361739914
0.051396748903616604	0.020834726239229898	0.11412326336064424	0.15981376270989586	0.11965229072805762	0.2194165548903549	0.10522939787076489	0.04030624595489528	0.018420274652085802	0.15080673469045489
0.04661573871620589	0.017665919467401384	0.143992644662936	0.1471080923418644	0.06810283449883706	0.20120606659997103	0.1610941055319139	0.026842830771349246	0.03281636365409589	0.1545554037554252
0.07278477359680612	0.015934400727807427	0.16620913890677957	0.08960162520789351	0.08314513135793943	0.24895773759819756	0.09942412866062318	0.04951596025020727	0.025689835557284962	0.14873726813646093
0.05773300068591459	0.02985454063993713	0.1195137857991376	0.09872574305624823	0.09957658972695306	0.181945686187085	0.14724336052842393	0.03251167301967141	0.05148367039603828	0.18141194996059076
0.05286601147439217	0.01283452632854977	0.13463715375096147	0.13428843685766512	0.06678519899361872	0.23391739498510444	0.12621626865140864	0.07198854704598534	0.03449070598586193	0.1319757559264524
0.030384186280169326	0.010915330394472858	0.14845074443797227	0.10140403773902551	0.10914761552085184	0.24914975879853213	0.09077637492410782	0.05478969494671852	0.03237226045706193	0.17260999650108785
0.07260155391458453	0.03421573418336339	0.1146730216044779	0.12328101492265456	0.08899407214783854	0.18391648968827334	0.09508915065234713	0.06758685436088074	0.02639493745814002	0.19324717106743983
0.06442440005922573	0.02598988050138587	0.16551207448618507	0.16690962048524263	0.06394275903357668	0.2283213123584245	0.09071619406860584	0.02987941936965982	0.022648530089589683	0.14165580954810414
0.07816769466167807	0.01784221694962536	0.12807881957580083	0.09201942080610102	0.1129534549190389	0.1881032180692957	0.12738557230629546	0.026493241150127897	0.03547215123015167	0.19348421033188504
0.05069087002775976	0.027026307595097637	0.15281779398033535	0.08190708011885588	0.08115838301026124	0.23270577942598142	0.12827089004115846	0.04042659015366824	0.018216660961027337	0.18677964468585467
0.05620120109088879	0.02578221913590288	0.16056098905805904	0.0926988377395093	0.07834338437118751	0.2111670702816147	0.12330133629597506	0.06707610409874959	0.05150551024770244	0.1333633476804107
0.0781902761001636	0.03128054099941305	0.13110995583001064	0.08800970313129858	0.1145988279638033	0.18738425595291736	0.1208373788216179	0.059911655862821496	0.02686174114345151	0.16181566419450255
0.04398734069472224	0.012556713776023146	0.12497002501420638	0.19781616120298245	0.06807281223417226	0.1897929282183498	0.14425015131574545	0.04588469429116809	0.03635342099263575	0.13631575225999445
0.06552389606838142	0.015292291624198567	0.14344489944545447	0.1350714213575612	0.11886176615277667	0.20278224746744422	0.09982067160919389	0.03254558333223656	0.03912961012654994	0.14752761281620302
0.027709214742244387	0.017683862256082414	0.16024400699938107	0.10462175349352974	0.09202055712428954	0.23485875128185324	0.1324248519880959	0.036387632490036056	0.028696249876662375	0.1653531197478253
0.06582190777499966	0.013469654069656958	0.11538137591637793	0.12765104844472233	0.08377379086665207	0.21824461248341073	0.10626059934352955	0.07262471042692831	0.02207582199419869	0.17469647867952376
0.07538839641511336	0.020124636614961097	0.13032096747334054	0.13040235246490395	0.0872680916274183	0.18727920409087245	0.11062126860660532	0.06278335890842544	0.02580579277578174	0.17000593102257777
0.04304350524155903	0.019532459424223936	0.16391292149385783	0.12933283677828733	0.06955631530615058	0.227330699801087	0.10535067661768019	0.03783100986343492	0.027818159251875557	0.17629141622184363
0.06512096667812806	0.03155331459501075	0.13485174992844448	0.08720967436127208	0.07015248156135415	0.2525585951718142	0.09096108338051748	0.04285869292793199	0.03437098443752809	0.19036245695799864
0.08032143772220328	0.02240035377992808	0.12448736715932948	0.10068780626063387	0.061247635923322004	0.23687773912754584	0.1606222596554716	0.04660590506421156	0.019410753315957832	0.14733874199139638
0.059067626745122094	0.03319150236240963	0.12625629282811704	0.11523328065728883	0.09308492473294723	0.2170433790460362	0.10320421369610093	0.07097253043673135	0.04604474551129305	0.1359015039839536
0.07806435644518517	0.03042626015919886	0.11438775640057901	0.14068036285842664	0.09880116184327484	0.1895580960925956	0.0929899449705956	0.06924300729899194	0.022998589265706026	0.16285046466544628
0.07302250751914317	0.020514199577561773	0.15648706751659888	0.12762013005819514	0.05998428151278517	0.19814150638918548	0.11234228478958225	0.05720176315615402	0.01869691704598618	0.17598934243480785
0.0342833924464051	0.016869898079755724	0.16308589476845034	0.14140944693378446	0.11754983349064207	0.2069409926147108	0.10493054010077289	0.041674180637155	0.034386204162189765	0.1388696167661338
0.057865659971560866	0.03262598355604844	0.14674356618412943	0.13604358202333233	0.06418979976278028	0.20698222491119575	0.1106393830749189	0.06588309183904514	0.04885432212633	0.13017238655065888
0.0714611885501534	0.03451313067246324	0.12532577929320166	0.12330376889643818	0.06268611882370445	0.21737572056383375	0.14496011629331837	0.05859685154662966	0.017810072740323174	0.14396725261993412
0.0753211146893152	0.01706758222440405	0.11670671624662449	0.1186191253536745	0.08702580627557356	0.2348759826051776	0.12576836898668822	0.029843951247762818	0.03448178986842336	0.16028956250235618
0.03974633267868004	0.020054511717324627	0.12944653935786213	0.13020044446266793	0.10265773166697742	0.23698575670301125	0.09968525107777555	0.036384886933930966	0.024265314368762073	0.18057323103300804
0.07869811314559993	0.022056384942966897	0.12345147549133777	0.09408571093671114	0.08281951759592507	0.2116132016755528	0.1407274734311048	0.06651298049203196	0.01783510373098421	0.16220003855778536
0.06561113486172075	0.019826299658188606	0.13436240218963388	0.12381724802796697	0.10223352002059673	0.21048882388435525	0.10881536674297496	0.04697239543023817	0.0447293620719583	0.14314344711236637
0.046603691018682294	0.026922957103548126	0.1344567606255357	0.08179570132534918	0.10379485514128255	0.2520803320726507	0.1034798404813984	0.0486587234727208	0.024193116274438084	0.17801402248439419
0.03278236898764543	0.03154577260000624	0.1203891305664316	0.18162403943201783	0.10837441537179322	0.18377977826726521	0.10287428166633196	0.0715220172289747	0.029545961285932065	0.13756223459360176
0.030485593381890816	0.02884464167665006	0.1277020090575553	0.1558439243013016	0.10752023326728523	0.2336855012351291	0.10769187985503827	0.03314214885489293	0.018271005158005213	0.15681306321225152
0.040490361901818664	0.024625075781978784	0.16738294236373036	0.10239826532181363	0.11619138359768293	0.2528216395716893	0.10292953108477652	0.02789018218061308	0.0248243705427717	0.140446247653125
0.0405246962593918	0.03446823010363839	0.1558679430342116	0.12473637952257063	0.07072719999801463	0.19476641473811068	0.15014833075204825	0.042247118772682675	0.025095940694582472	0.1614177461247489
0.06795788758002885	0.030220455488551387	0.15169439693594694	0.10308580144431796	0.058531803304877714	0.18363427911374014	0.14851015205511647	0.06082255795784146	0.030396979272663563	0.16514568684691555
0.038210440868472445	0.01889023502096923	0.14738288440061614	0.1174188661496832	0.11168147808535889	0.18782183881040707	0.14872296260262974	0.033706554474978334	0.047512475432051005	0.14865226415483396
0.07167909174253889	0.014602976655187117	0.11973316578690936	0.18756681652964363	0.06827932698483892	0.1919028042005234	0.13000558340815402	0.03079401804366351	0.043310823493418416	0.1421253931551227
0.05357981352993263	0.025877949862845223	0.12747880227591032	0.0858887888475213	0.09238702171838023	0.2084915107198373	0.13842491092311793	0.02755146820542917	0.050010021410290886	0.19030971250673503
0.05206150086534114	0.011715899334105231	0.14058371187440483	0.14222575722867353	0.09781434063075022	0.19860008388311873	0.13434753509266523	0.03480305428141621	0.02108850707142934	0.1667596097380955
0.032347637744827976	0.013589263753209804	0.11393116251449953	0.10201846808349437	0.09287410725159984	0.2547719848187445	0.15751468611580133	0.06153874955118102	0.03489394381805497	0.1365199963485867
0.03747120924860532	0.0330822831627063	0.11798454005071617	0.1025978162022457	0.08849459813765899	0.23205613095273736	0.09438863393699337	0.0697773113864339	0.03993191824572662	0.18421555867617628
0.02875856251778315	0.022936653155759823	0.13395463186253637	0.13327751722477854	0.08733130707034041	0.2021710980450735	0.13444619324129486	0.07441554376535453	0.03406710272705456	0.14864139039002425
0.07651282275600636	0.020199706975294274	0.13780463778302351	0.11885912136104783	0.08416811148301112	0.18594432123100674	0.12094617607943889	0.07101446932132867	0.025777790441329468	0.15877284256851318
0.05381774707424505	0.010428576602855164	0.1437711062406355	0.14338222416340804	0.09108978303982547	0.1910219253119243	0.1469942895546023	0.04003217027897763	0.03734083639944066	0.14212134133408594
0.031189258777140225	0.031113085244434777	0.1592886287070281	0.1208863668318714	0.06724668094494063	0.22452928737237243	0.09324408632951545	0.060080608783749934	0.022061648089343064	0.19036034891960402
0.07411116804558962	0.021082027710647502	0.14720320418325616	0.14279795016827385	0.08176637106088729	0.19128511708572032	0.10076514000971055	0.04972230787777905	0.03293610519562734	0.15833060866250828
0.07559879845504301	0.012033366101867171	0.16129812569489532	0.08970169848720161	0.09552248625048257	0.2128744231822076	0.10926189327672453	0.06712060363145878	0.017459032082345033	0.15912957283777435
0.032838835801204044	0.033352756994745714	0.11819000766651583	0.08232942822531827	0.09670964612210797	0.21070160573225227	0.13636405721233363	0.06701211800587976	0.029575829100898274	0.19292571513874418
0.03650589549353479	0.021046548052682176	0.14189104582801818	0.10914920314425053	0.09004671797039963	0.23233496542524695	0.11389556989585506	0.042680544970238904	0.02623096985968587	0.18621853936008792
0.03625746866924723	0.023471114133429005	0.12142769837217168	0.19164498904566782	0.07603674900344683	0.21283638411172687	0.11226181528084614	0.04971405146198992	0.0339562394006991	0.14239349052077538
0.03957703097081248	0.033689545566007964	0.14753534467924553	0.16092268335603604	0.059776924919316965	0.20208736717697828	0.10706166584242609	0.04769990973499097	0.03653582798081456	0.16511369977337112
0.03838506028968401	0.03132797280607601	0.11846059103003462	0.12433732072200476	0.11530238697489906	0.20677441261005242	0.10868822226269456	0.048210745780143345	0.04592902078774602	0.1625842667366652
0.05388751160667829	0.019152150010186483	0.14046804068191568	0.1499795593599069	0.06496438093998044	0.20031550189928746	0.1208081964812521	0.054877687313757334	0.04988707868222281	0.14565989302481253
0.052677119830012	0.011995525409681379	0.14277338696323988	0.14982067130436166	0.06203176864772687	0.24748082494715867	0.09487140432090022	0.06127924264397186	0.029853305344209144	0.14721675058873826
0.0325396602295691	0.03098566846541169	0.13748357662509408	0.1516164871271758	0.10701007643481303	0.18183358388793197	0.1163585204967088	0.032970897949020334	0.041455195347275244	0.16774633343700002
0.029647850495220826	0.013205677024107368	0.14390180820253345	0.09640952488329957	0.08871546935103386	0.2581739802835349	0.12143876590588484	0.057475637324229625	0.030427291251036895	0.16060399527911867
0.05041048871675455	0.01287639654129781	0.14671139934085742	0.1826519142738605	0.10803835129014168	0.19329454346377187	0.0982838958274728	0.042074864678735016	0.028118915762233396	0.1375392301048749
0.04540447399007867	0.019875069202455353	0.14241539420540056	0.1676086142060798	0.05797462674580112	0.19688330407593707	0.10575894626665493	0.036561516338920866	0.04936988970858213	0.17814816526008942
0.06443579676971894	0.030899800504283773	0.13728816342856626	0.08875709243139808	0.10965906276539138	0.19135998587230246	0.11414559978371187	0.0720915691366636	0.029836879741430747	0.1615260495665329
0.07015693597753539	0.025491548905816536	0.1579249095622539	0.1192625738605993	0.08957734498528058	0.19242258305751364	0.13903442544617564	0.031805982360141524	0.034735249747379446	0.13958844609730392
0.049737054028190494	0.016108357162801915	0.16808010282168062	0.12328809188630718	0.08633053300972518	0.2549990361818451	0.09817226203510183	0.03377630996510876	0.026143417074786637	0.14336483583445236
0.05095535274175149	0.0231355984168274	0.1430801364863222	0.0922538032034297	0.10825166497688478	0.2265491699431757	0.09352849648393871	0.044025837601055016	0.03452306115152369	0.1836968789950913
0.08058910058935272	0.016379518041942154	0.12750053637179437	0.11850168963308486	0.10179671415841407	0.2367740255009349	0.09477644048604988	0.06069332105769514	0.02338207088711576	0.13960658327361608
0.03595903583087798	0.031943286582860234	0.12267555680280492	0.12639258991534796	0.10825258158267537	0.22417905790180048	0.13080958310691548	0.04170226841144208	0.021962603300384867	0.1561234365648906
0.05774235748066713	0.02036387827859333	0.1291380570902998	0.08368062615079411	0.08049640309118078	0.22062018757059698	0.1519165659852897	0.04556535653659302	0.01735248611267319	0.19312408170331202
0.03948234928029893	0.02311527338509016	0.13026184422154144	0.1550059405404221	0.09884453781750344	0.21029381943225067	0.1545690254170244	0.032155664734056885	0.024324150858110502	0.13194739431370148
0.04767645859364203	0.026222900375884414	0.14704627056318714	0.0887803916341794	0.08491845844055798	0.23406197564313863	0.15228145623265202	0.044880343722589255	0.0278077755861168	0.1463239692080523
0.029740056084429214	0.018680771158735357	0.11955419109928596	0.1797041485366596	0.08660061474455549	0.20140172344103274	0.12551182552072743	0.06963706953508651	0.01910816886655335	0.15006143101293434
0.06575566380437724	0.02370169999893869	0.14614585230335173	0.08157703297332577	0.060541173698644264	0.20793531745048488	0.15147297439489993	0.060233886267653594	0.023137661497376477	0.17949873761094742
0.06301575757821615	0.02863526479123603	0.13448161291770488	0.13000313139537711	0.06889730865764375	0.20165892243030892	0.1465764105394046	0.04074506061693445	0.03295663662906448	0.15302989444410958
0.029849118160854046	0.02319206743223061	0.15969350308402855	0.14700649129727464	0.07577782338923875	0.18629832479634056	0.124285725641816	0.06567208173738676	0.051265795090929565	0.13695906936990054
0.04116400148846821	0.017765376843689284	0.1178510228419566	0.15051058752874058	0.10421040285942425	0.24323220722946615	0.09746273189637486	0.04465542424995878	0.04193277367150562	0.1412154713904157
0.07997664769924645	0.01608820658828028	0.1148379969736502	0.1015404109644914	0.0755400892740134	0.20194683458729318	0.11910572026075664	0.053741143476025995	0.05028500749724896	0.18693794267899347
0.04333711050839941	0.03510805460393286	0.1363276815017847	0.12003237014536061	0.0643492447432292	0.19072405856734342	0.12935917943862027	0.039710947269392304	0.04624276720734429	0.19480858601459294
0.046268217137902544	0.021176684257664627	0.16329149997129838	0.18971899721452756	0.08533930198064996	0.20458794053436713	0.09361022725696001	0.03963422578100224	0.021928864663762593	0.13444404120186504
0.03770281991632918	0.029493268455923385	0.11854124946116865	0.08375939254905956	0.08539840872968416	0.22339410400567705	0.15074852977043	0.061224314913527936	0.017927627366989954	0.19181028483121015
0.07606694283064937	0.02519914014541251	0.13508791461064834	0.12978346440954514	0.08552008529840008	0.2179187409952031	0.12324260547659091	0.038043986338913344	0.02769554929740224	0.14144157059723492
0.06879612713646036	0.02718313577052074	0.16166031017663715	0.09159261635537849	0.07365027289136629	0.20557960813180037	0.15290573944564242	0.05938084675454353	0.019365677951377017	0.13988566538627362
0.054985328035271966	0.028867984480674277	0.1547307915863408	0.1384785684171311	0.11005408692853118	0.19137971433387996	0.11920700485727373	0.03104111025836416	0.023011134454698254	0.14824427664783463
0.07249676492938195	0.02196243213873414	0.14657536348070452	0.11204902322321554	0.07007640243196846	0.18598348846131885	0.1196880405054316	0.04475828305483005	0.04406194750049375	0.18234825427392115
0.042935516531846005	0.01978442447314578	0.1393010967864591	0.09381911976987463	0.10333662732556634	0.23813507582943144	0.10708296351245897	0.0314630765621883	0.04111519945175062	0.18302689975727884
0.036890629712859294	0.02845595408696998	0.1632220181428625	0.08411930273383263	0.10598216273041212	0.1852148929370806	0.13840956053987857	0.04579012676170864	0.035099551360276815	0.17681580099411887
0.03570606243661491	0.01669360318663171	0.1154114673796954	0.10960967234915153	0.10743621536686825	0.2340130426754511	0.10584042029515911	0.048515231510860554	0.04535616811394825	0.18141811668561925
0.04331139921017571	0.02781502968726471	0.15327216713810438	0.10841867780616694	0.06211731053696885	0.2472939553705628	0.11433916739563643	0.03611237856178702	0.04814728865544849	0.15917262563788467
0.04147546520768677	0.014750112519019642	0.1576244143349565	0.14173770661179713	0.09545195584820973	0.20611374683210426	0.12010186174170051	0.06042466214707111	0.02952975077777832	0.13279032397967605
0.05175456161187214	0.03250874352941446	0.15155440401083428	0.08247664348614517	0.087636540306036	0.18573516908320764	0.13659346261217076	0.032964306593613935	0.05091799472037135	0.18785817404633426
0.030350909424183573	0.03570605724703575	0.12499066882871376	0.12138612635541597	0.09239050079815422	0.2578379364354483	0.10289067666941293	0.03132745165182935	0.02467082223261731	0.17844885035718888
0.06237017273482294	0.032508751825080257	0.14799642056404558	0.1315765897938191	0.0792366709607971	0.2289933593293907	0.09960311989541375	0.04968030457296968	0.03363255500729022	0.13440205531637062
0.04493421925561086	0.02223053032421564	0.1572081695138494	0.09912546209476353	0.11823554263253933	0.2195805994678671	0.11972032384318784	0.03810371873990876	0.04666849232987947	0.1341929417981781
0.05013530938422607	0.02771474510315121	0.1585030574291463	0.11172733656357989	0.05775693233868134	0.2558353521151175	0.1343743776919691	0.04428140116697899	0.02455459650771112	0.1351168916994385
0.05478713795066077	0.017630701914916752	0.11847416105192482	0.08417516910058326	0.11956849551626952	0.2289888247836025	0.12163874153888411	0.049893222970436184	0.03399578632860932	0.17084775884411274
0.05839286688717525	0.016247468253881084	0.1238617969249895	0.12322393111017677	0.06562437551492589	0.18670004135435664	0.1493840086729567	0.07223481706267224	0.03266531206546355	0.17166538215340232
0.039876484705926786	0.0165697741340603	0.12672300558923946	0.13446287652958494	0.06907657396954468	0.22744110127099082	0.15571240091832114	0.051842985274717875	0.03569986409965441	0.14259493350795963
0.032300839591272154	0.027037272227831435	0.16241450417442316	0.11714070818702643	0.07496068379021492	0.2332163175969552	0.13995477545443719	0.03809926635701215	0.038909671843362005	0.13596596077746534
0.0335561103206066	0.023388975562843042	0.14890136145086166	0.09206215797602359	0.10252411897800294	0.25213642074562925	0.12429321584980828	0.05317337024392814	0.0200893826845472	0.1498748861877493
0.07156010827312896	0.024597780634260616	0.14515189322575606	0.10052045802645557	0.07756979732055702	0.24653538953743448	0.1147793270402412	0.06015926512516223	0.019564064891767888	0.13956191592523592
0.04607806085686298	0.0339235231132321	0.12440272014846401	0.19435417903709679	0.0747843090909661	0.18396506569872528	0.10245474644846694	0.0566682870724965	0.04535659360804537	0.1380125149256439
0.05666018674426936	0.020418188754535244	0.16734473990592164	0.09811206886531407	0.06347447852468692	0.18478551859572231	0.13018384808933253	0.05462279486452502	0.03743552396932574	0.1869626516863671
0.029621144770732646	0.025062678714451253	0.14891063623186399	0.1547790187441047	0.0788405864062075	0.21650321723682026	0.10353119454889809	0.03292190969308384	0.023860938424794018	0.18596867522904376
0.05902260088869315	0.017732325504053	0.14807720429616106	0.13204604657702715	0.07996219544325397	0.20108132353230923	0.0911286141657647	0.06399810790370666	0.04430198563188075	0.1626495960571503
0.02885088770927957	0.021121213132575742	0.15410809675888185	0.08077261283128725	0.0775774805437153	0.25192060700853147	0.14330210228842558	0.06475983807883726	0.04126153392482687	0.13632562772363915
0.07004841681637552	0.017567937272579645	0.12951318771471795	0.0794478264231468	0.10832375158227081	0.2520549565015819	0.10353934232366814	0.06349670634675682	0.03048961785827299	0.1455182571606294
0.07710294556038598	0.020250149002652	0.15535615910639006	0.09625103120806597	0.09001664907656746	0.22105854886114185	0.09309822749224009	0.04960388597390332	0.028151544884856758	0.1691108588337965
0.030733319675574883	0.02469831742859524	0.13355157550442986	0.18363771930288267	0.11473744886778317	0.19066246383312963	0.10042783524832793	0.056409370226284235	0.03532672206843726	0.12981522784455513
0.061019109564166674	0.017909347172671855	0.14139265747055707	0.1348023442231743	0.08215659556252977	0.23439822832734258	0.0961249991477006	0.05260155023416305	0.03893520731489746	0.1406599609827966
0.033354267137327906	0.03463685957275546	0.1572463788090146	0.10837553261023217	0.10824187029304454	0.21263011987740615	0.12041369870225309	0.03807410659217318	0.024569979083474858	0.16245718732231806
0.04081247858653676	0.014954930522791496	0.15448176459177948	0.09658431594680761	0.08084443190716796	0.2563240803369986	0.0908601946526765	0.06192248258039751	0.045778069424203316	0.15743725145064075
0.028985435449256053	0.023601608187328926	0.16333872998616888	0.15926754170520885	0.09657246792325008	0.21151006274563722	0.0926779650161364	0.043377859400531904	0.01798260036993718	0.1626857292165446
0.06377603282616416	0.024485993204113488	0.13863285769119618	0.12014584959929167	0.1110326134579073	0.19008008862052628	0.10806342380433522	0.039705160675346025	0.03382443007404305	0.1702535500470766
0.07381822304818887	0.03587318021644789	0.13989895559908344	0.08566797589657943	0.06328587410828744	0.25537734276937	0.15450707647980133	0.03645349231544942	0.017329671087882484	0.13778820847890963
0.06089952528212375	0.028970895928851964	0.11418597654990384	0.13401946882606827	0.058665313443815495	0.22940000638610025	0.14024474388081984	0.06678057941625684	0.025482206190902884	0.14135128409515685
0.06588114222519253	0.0166910352053503	0.12797895293166534	0.10133481319158398	0.09092712267389925	0.19992513333200973	0.13643687958675588	0.036614263411783005	0.050659759062858634	0.1735508983789013
0.0587516198574754	0.035833680354208836	0.13017523326497835	0.12855648548011991	0.11142797286881785	0.19660382664133175	0.09029893546421863	0.06867821196170032	0.03597111680125721	0.14370291730589174
0.07904441860298445	0.013928547079790993	0.12337021989269455	0.14286073658327308	0.06098838845961244	0.2014627354957137	0.1399659541465152	0.035362243864064974	0.04052228701494532	0.1624944688604053
0.06836586972325412	0.013406041363683632	0.11656984122540091	0.17282899868543045	0.06297848422108869	0.19453307298147504	0.14701283945624735	0.03692019377777808	0.02928075641713318	0.15810390214850845
0.07656413591069626	0.025020146903881185	0.13871269134179554	0.1174515475404754	0.09772482825717883	0.2094650900022878	0.10408350987385258	0.06932525452131771	0.021231046761798628	0.140421748886716
0.04540715389187026	0.02754274079297664	0.16616765800717115	0.14310440814828096	0.08846540837445378	0.20415635866848778	0.10841237094342511	0.030069282705304554	0.02773591244186617	0.1589387060261636
0.06070546433225632	0.017168238580646186	0.16803464136102203	0.09302084686147352	0.07037623235460841	0.1845233667361288	0.12554354715415017	0.04566169818495733	0.039479841856942324	0.1954861225778149
0.039610339294752744	0.014158431750179584	0.12995701516418318	0.09650455231920513	0.1032443852959984	0.20116210268651427	0.14854307201717493	0.05553982505750933	0.02060238392971661	0.1906778924847658
0.07095795442097794	0.01520265059569792	0.14917836781438643	0.08534908367490418	0.07559586238302861	0.25801212220894093	0.11306429130760441	0.03912884086946644	0.02024392764656778	0.1732668990784253
0.07575252690246542	0.01244964810799068	0.13714330482054604	0.11721721249358552	0.07585977841595426	0.21078683438834106	0.12263276759653925	0.036190140359392026	0.025439688053241302	0.18652809886194444
0.03186548014084768	0.03294531932665175	0.14349687618054385	0.17041527370370307	0.10378953923665502	0.19371042040641862	0.10305873935149869	0.06449285463561075	0.02405449158992505	0.1321710054281455
0.054889661451995635	0.029589145012334686	0.1668741481770864	0.0819679331462351	0.06669243800773009	0.25582365022653764	0.11930621729015707	0.03583436788071542	0.047803109580248124	0.14121932922695987
0.05273560969728644	0.02306452151349249	0.15882376248283914	0.1254462494554308	0.08054035374231022	0.1823547987962791	0.11492863175253556	0.03438683181787566	0.03432439280299476	0.19339484793895576
0.03592185323590977	0.019480162606145837	0.14372822000677837	0.1748684096002385	0.1074324322311278	0.1914767540669427	0.09663513918859981	0.04031760899934775	0.05020340407327344	0.13993601599163596
0.03936874825762976	0.01563446065101072	0.1518205920949289	0.0982456517243931	0.07169100368385953	0.24043389778640234	0.12491315780778409	0.02763688987788608	0.046780655301728424	0.18347494281437704
0.04659016056448563	0.0121371560358573	0.12947759462375955	0.1850913291469401	0.060627734552190046	0.21251948929205022	0.11498272526862652	0.03131790987070909	0.018625666346149206	0.1886302342992323
0.07228208968081737	0.023699882612849124	0.12668356379846957	0.102013242730081	0.06309889445405656	0.23810685189896763	0.11814230862321484	0.04981466336908287	0.036534606091381025	0.16962389674108003
0.05321809466866499	0.016838181333599322	0.1417023180529116	0.09976032084998498	0.08017720206224727	0.22836953728136117	0.15070637030630543	0.029635818335944156	0.045260843298778775	0.1543313138102023
0.08113762283112175	0.017551758716842586	0.1342440114954942	0.09361092781323634	0.0667147103340793	0.21623892361807595	0.10287542161017488	0.06547726786485435	0.045307267051296736	0.1768420886648239
0.05136719249378008	0.012125560922707612	0.15081364115313128	0.17527065241817738	0.10562846405964367	0.19854648948729176	0.11370396491593514	0.04197835640450509	0.018566619922055702	0.13199905822277225
0.08030078405908618	0.022244688665818593	0.11617685837541922	0.10753725212254732	0.10716959690789354	0.21626332467085344	0.09230461729392214	0.05094177831269757	0.040323181826908486	0.16673791776485347
0.03702812951466192	0.01667365983878495	0.14735720453131498	0.13820355798606224	0.11556272108130183	0.1846686719734997	0.13780739568038697	0.04278150089135797	0.038543096838977484	0.14137406166365202
0.05667487094924234	0.017711453233679092	0.14459277009687915	0.10291013808500758	0.07750567620135217	0.2257634761443817	0.10972905457065389	0.05961566785400683	0.0346234786478266	0.17087341421697066
0.04502797730379501	0.020024226831967237	0.16368506649423248	0.12902958453321395	0.08114876040664715	0.1885587954020645	0.11786992410789095	0.059855236751235746	0.03265154751461734	0.16214888065433566
0.049349075497947856	0.02610513821859646	0.14668193799622115	0.08254908636314032	0.10800504394537128	0.18678178224037428	0.13885649496237	0.04197246765642103	0.04097076627225043	0.17872820684730722
0.04401156968651301	0.025808000643788645	0.12971166342126395	0.17242503423426098	0.07916264375851975	0.23085152333174547	0.0964194509006982	0.044346920583919286	0.0474775280772406	0.1297856653620501
0.04888110126892488	0.012777280718587539	0.11953381319577511	0.11613252030482393	0.11292276397021245	0.19311264115172766	0.1502740556129416	0.032546767592045875	0.0365789018873386	0.17724015429762235
0.04658933133244353	0.025265574876467495	0.16083419070209332	0.11371879337154946	0.10036289745515449	0.1847587881906242	0.13441206387509996	0.039371912645830114	0.04609359652187239	0.14859285102886502
0.0378816942266458	0.019704039924369157	0.11788008010278307	0.15806982702842082	0.08668233783107479	0.2072806892126628	0.14549217709866574	0.05140762704535524	0.036677167547309236	0.1389243599827134
0.04323595348709211	0.022281600504053978	0.12260751934531573	0.15493804336318273	0.10335888715118981	0.24502905910062467	0.0900475714720626	0.07000496703766204	0.018200699799450437	0.13029569873936586
0.037364684711951715	0.02825946443856582	0.1568932615635675	0.13629422930692944	0.08323167351645548	0.19260948133182237	0.10539038446318309	0.07232904716481287	0.018776792778705642	0.16885098072400606
0.05901020941412413	0.029199828085906307	0.13051012247490745	0.1349211023502695	0.0680605040935881	0.19402900506232418	0.1620760679765948	0.054161475105236875	0.0209213569058124	0.14711032853123623
0.04787690359261504	0.034842311414154586	0.12477150365890877	0.18794468390708524	0.09836645517813769	0.19030113021653272	0.09051487973844972	0.06608088205329783	0.017801980197305042	0.1414992700435134
0.05218095123169442	0.023044530957427492	0.16339543099853024	0.1493304639169094	0.0777930845468698	0.1845272467667432	0.14240911565438122	0.029206987816372085	0.047903303769236134	0.13020888434183595
0.04453660545945573	0.01166203488017245	0.15700443480898446	0.15293021318285724	0.09370789989818797	0.1912955786469261	0.1037681762957327	0.04218161250627249	0.037417443983071605	0.1654960003383393
0.04068548821547248	0.035488621374765286	0.14897993696275819	0.1039236326677639	0.0955211506932812	0.21452334044313426	0.10341925556367047	0.04881330330657496	0.04652980172069071	0.1621154690518885
0.07040062338588488	0.011623562407361968	0.1218156658470495	0.1083084872058352	0.11116368098909396	0.19418394350307577	0.1324781626386016	0.05283625141691922	0.02412826305074353	0.1730613595554343
0.04722641320662049	0.02653034620470092	0.1330661268397063	0.15718502727718317	0.10955297372271378	0.18990372930560379	0.10877550960251557	0.03037120918107089	0.04683367617649099	0.1505549884833941
0.0444606316424226	0.023425644211213376	0.12662194007357022	0.14257509952669498	0.09063442333200296	0.18703959540412646	0.13285338425470766	0.043141349173237156	0.041127425204957	0.16812050717706756
0.06546496720839469	0.025976451680679677	0.15563812388796838	0.1067582464430036	0.09840604912497136	0.18300971374242497	0.10890732431054394	0.04539066582079555	0.030349375341874305	0.1800990824393435
0.051929015982763976	0.03237039308019796	0.13600881687337368	0.15875809690104567	0.09853028781921597	0.23370392322488542	0.09107591650641753	0.04972682505015815	0.01790164976360209	0.12999507479833955
0.04376135642924099	0.03197138105789096	0.15542900871018656	0.1225488625604971	0.06897158765432318	0.19349459116760886	0.12130963925891204	0.04719425139499463	0.026657583082187603	0.18866173868415806
0.0681861677495177	0.03479696936848255	0.12764725805394384	0.11462458424028064	0.10231948404630016	0.20266317564074854	0.10610518437957049	0.05513910208036401	0.04765738482512165	0.14086068961567041
