0.13314841438945052	0.09271447428799968	0.05703060438277449	0.02951410065237213	0.14611298336634396	0.11915754693713759	0.03466140187286644	0.007191479628212108	0.3022402130571523	0.07822878142569067
0.13051710470674083	0.15448719816635095	0.07436129813576578	0.02724101082566377	0.0833481583301624	0.2004261698722168	0.03512393174555607	0.00636018011762253	0.2212076519643154	0.06692729613560539
0.0781124534745235	0.1799636690434537	0.06979599599627216	0.029254533427016338	0.1142331698614719	0.1867108312312985	0.041449774711129164	0.0066568920436658185	0.22792584043339448	0.06589683977777439
0.12043532876531968	0.11152007317236683	0.07351181621085873	0.029420623637123125	0.15582496364007825	0.08425662314468171	0.04575253247196914	0.015585023709573972	0.2978527409961202	0.0658402742519083
0.11673905801502989	0.17640861403659264	0.06329738133747412	0.02668455604141741	0.15580858999729785	0.11955435089137284	0.04237876033695139	0.015534595618759195	0.22182483140604345	0.06176926231906116
0.0963898512169651	0.11501992728046698	0.06800449457826163	0.02759207324846162	0.15900511022752212	0.17651732877650522	0.046961733255006244	0.01795880312272323	0.22264875807806495	0.06990192021602287
0.10649801672377554	0.15077757991275081	0.06629695611394171	0.027168429581995127	0.08587834017609772	0.15636726432034503	0.03867692350386987	0.011400369855423614	0.29055573539322516	0.06638038441857537
0.10202577048226329	0.09118944199891862	0.06304500496647131	0.025196137145633346	0.16382809490743847	0.12344227939788678	0.04247292741297575	0.013465262790669216	0.29897647749218803	0.0763586034055551
0.07634137571000887	0.09767306387700278	0.0740337529083768	0.0273319433071528	0.14935886425851605	0.1792421327991418	0.04508709614381599	0.01247261260486704	0.27808393282663013	0.06037522556448768
0.08969710115605814	0.08471016535840412	0.0746233240096741	0.025978059012618557	0.09417728198747644	0.20313169227495487	0.041131627430780984	0.006246292050340843	0.31183668145686116	0.06846777526283074
0.07436574095123041	0.13580938872959064	0.0712427269428399	0.02705370233154404	0.09805308818593399	0.1908599053448521	0.04192787128454313	0.006549505864375971	0.27206984677310053	0.08206822359198924
0.12765042517856634	0.09055121953629898	0.07514586602893217	0.02743703441190054	0.162406635933551	0.08858485854353021	0.047111677927914895	0.011975449808688476	0.30276234345770314	0.06637448917291419
0.07755796473280713	0.15217990937890047	0.07467859745044812	0.026335376419128365	0.15408709845124585	0.13936092163151034	0.04517429164176659	0.011460660165201031	0.23705156649192344	0.08211361363706869
0.04354856882720498	0.1620642072269725	0.0588627023205957	0.030845167246874833	0.14138841476383515	0.19994199410607538	0.04011046775797084	0.014022952341154804	0.23671343891534768	0.07250208649396805
0.05168648607455557	0.09703813663288566	0.0639240749255148	0.03229688516066656	0.1292588542645044	0.20488899139645528	0.049680007712043804	0.007844061998368151	0.28380918879958483	0.07957331303542095
0.08883342892175301	0.13148771773522067	0.055796023872381466	0.024530491211517083	0.12089050240699288	0.13368760389906809	0.0385171441708199	0.01680636359654511	0.3150150778619776	0.07443564632372415
0.1305912532747693	0.07361563406005263	0.07236867592029786	0.025320248373532833	0.13581575320302514	0.178942478812259	0.036922075060664084	0.006902677591432926	0.258780593585093	0.08074061011887318
0.0661794441020095	0.1386046907683754	0.061202866274066875	0.02878781112465713	0.11278436082305078	0.19649453269113054	0.036007594235446194	0.01578622747308782	0.2635511329164599	0.08060133959171586
0.10633229916636248	0.07372824953632443	0.06358147451824434	0.027718979971932872	0.13577467084506717	0.20494679532150728	0.040025957685480625	0.012506301396701572	0.2587370981246444	0.0766481734337348
0.11231018360668904	0.1063375602834682	0.0732655391212188	0.026438067436762955	0.11785522189157416	0.14753484537447928	0.03453845039367878	0.017868977919602805	0.3021380692503933	0.061713084722132605
0.10885316296200698	0.10416397775367842	0.0744270618360418	0.025659954265734072	0.13971057816822532	0.18137680982093296	0.037547886300551836	0.017997775337213556	0.24511407058790713	0.06514872296770785
0.10918081058135384	0.14851984103440571	0.05761891622681291	0.02826751917414279	0.09399744526368675	0.1555852279783933	0.04045472872660174	0.01838676369878249	0.2854424718203929	0.06254627549542753
0.08748868236963822	0.1470195669344098	0.06591521563208352	0.033616255565958375	0.15179734267238587	0.13454337315119969	0.049155789102975835	0.011175600912586944	0.25392298869664	0.06536518496212175
0.052641050983939355	0.19752948578648408	0.07506500343957533	0.024488742142543096	0.14600933443960046	0.08829963441239873	0.04373466842736662	0.014072858949530087	0.2781903706309001	0.07996885078766218
0.08421156287777752	0.1688911515098647	0.06045813385153949	0.027257656535736904	0.1519720736571774	0.10771344353968057	0.040371863624041285	0.0156835215628265	0.2718685170428406	0.07157207579851499
0.08164951831778308	0.1265981936863398	0.06723041421749837	0.028304901348488717	0.129260006221944	0.14252196058163347	0.0488592267146574	0.009061850852362038	0.2864072051485437	0.08010672291074941
0.055509377757590815	0.15288924411671612	0.0644782783375315	0.03019673197569149	0.14576662055929696	0.11992487313640213	0.03353993469331214	0.018749283555466914	0.32034975813734007	0.05859589773065191
0.06578377280322889	0.16695531265922825	0.06313870575815379	0.026881746849184693	0.12547737771677941	0.15301169327833047	0.03670321282372459	0.01893371545695058	0.2625927321868687	0.0805217304675506
0.13100720869724117	0.1644440792424866	0.07297067141942185	0.0326112787973306	0.10118950556211821	0.14411555062047884	0.04432788294541977	0.008685971383922339	0.2384880140629118	0.06215983726866867
0.12634524060184246	0.08692312388398339	0.07412753500705264	0.02787534832700811	0.15253592146557665	0.09127129551623764	0.0478002187565574	0.010179975095697166	0.3172264231057868	0.06571491824025763
0.07742255860363245	0.07451195577325101	0.06906232304546561	0.02566861771642738	0.10523015704216208	0.20442014527425073	0.047424769007800585	0.010841061273962435	0.3048433804658911	0.08057503179715664
0.06914259936558	0.13704335666302242	0.062195238949775675	0.03342458668983998	0.09915207703113059	0.19905073220559927	0.045523015239932754	0.0067506896349318335	0.26895200849472495	0.07876569572546252
0.1237490168280455	0.07852858864747743	0.06950766898704638	0.026755669244466707	0.14475150897437616	0.13563935795311194	0.05013158843091038	0.011176144065203217	0.30068623973824166	0.0590742171311205
0.09190595592281789	0.16754430349590685	0.05678176079407069	0.026396567577027047	0.12959844727477843	0.11493254518342666	0.043401710376179674	0.007591267455638193	0.29070141099662616	0.07114603092352836
0.11114542608125344	0.1471582090842971	0.07134066620831941	0.03019374764352996	0.10675223892386997	0.1481477600023124	0.04546102581962379	0.018530571399926865	0.24663988802399361	0.0746304668128734
0.06400519493968056	0.16417814222882737	0.06561573392368367	0.026813800952680836	0.1112918181283429	0.2036915502923921	0.04275843162076247	0.0070334807230706675	0.2361729750335887	0.07843887215697067
0.059451842708390504	0.11319241929067961	0.06397623183564013	0.030455872603171785	0.09402081164953933	0.19594181068393374	0.04947168709744003	0.010096060562898107	0.31924506408481823	0.06414819948348849
0.08175224134222192	0.163943018155721	0.07493605193894007	0.02606516615504846	0.12828514938973923	0.11562850164555716	0.047559165247424616	0.01843471954864344	0.2767718136924443	0.06662417288425981
0.11861775369354495	0.15117515393424913	0.06039322231335065	0.026128534540066528	0.1556603022982505	0.1047415625502894	0.036493495714920485	0.008318155706064409	0.2800851350877571	0.058386684161506726
0.07246030786034872	0.16898651805803933	0.06498790616978897	0.03004499108836388	0.15039891099314573	0.10942775487268065	0.04755538450100455	0.016639426070937186	0.2621574850204895	0.07734131536520142
0.09648081966404622	0.12972635360958898	0.06412884189523291	0.03287077897559154	0.16201544414384655	0.16887377425915184	0.03591081245321574	0.009545028745152895	0.2317041273719555	0.06874401888221773
0.06254857343201863	0.1566579679963278	0.06687841916200693	0.03271551373311854	0.09918534964457945	0.17481238841151908	0.047851461722513804	0.018621019998663627	0.26708235025717386	0.07364695564207828
0.1079324687379291	0.19105417929381013	0.05971310062005677	0.029290879350112528	0.11146146016695307	0.14464768458246446	0.038245657561379355	0.01293312887230072	0.22312976106522903	0.08159167974976475
0.05004680371110264	0.16906444395836406	0.06549960759012871	0.03311886988154418	0.13051324034187675	0.11025502081995298	0.044301303447268923	0.008805111866887441	0.30918258417214783	0.07921301421072643
0.08888948928783882	0.18760976220855835	0.0714888638046337	0.02678638773171796	0.08897825358844824	0.15381620777112687	0.04752178589931213	0.01408567947340833	0.2423303984276095	0.07849317180734597
0.13142528359482844	0.13872546264374885	0.06111561103785207	0.031304639729267614	0.09444959063629396	0.14264517813323677	0.048130616560926896	0.015647085463779478	0.2757312227499613	0.06082530945010454
0.1124986196510725	0.12537367420588483	0.0643268309868909	0.0296289031575403	0.1490815981937564	0.10667379093117928	0.04991498557674497	0.015591880110043657	0.28725074157487024	0.05965897561201687
0.06764084603991341	0.10899944340764464	0.06123218502807597	0.031198102754403295	0.16048631981772438	0.16251132860847806	0.03852807979685634	0.015246245428155225	0.283177886570723	0.07097956254802569
0.06731471107210915	0.11619413769154001	0.0667841646937837	0.028979255359812522	0.12161440746952903	0.16225197608688813	0.04855383363734127	0.009058025340143883	0.3188693436535546	0.06038014499529764
0.0698012304899314	0.1284100569151382	0.0629729958844083	0.033441398393336916	0.12866159553359735	0.1554056184948425	0.04008272053308529	0.005988020869485147	0.30760391100519097	0.06763245188098391
0.10178330735870418	0.15811582823893786	0.06729510650847495	0.03277295003871403	0.13457963891807723	0.13281536118135584	0.03417604017035557	0.011774698587306967	0.2610611980165497	0.06562587098152363
0.06587091368957507	0.13061777856238932	0.0670258113685489	0.02889407245902277	0.1488929306287427	0.1519044443540688	0.033580005075079175	0.013085089382377832	0.28898104866521723	0.07114790581497814
0.1056695988158501	0.14868914417567342	0.05631493454593861	0.02945774954808837	0.13929021865743935	0.09505758700070117	0.037160257731731344	0.010841240217534714	0.31498590544907407	0.06253336385796876
0.1096537646653797	0.09407449360182152	0.06694134308471321	0.03166658986363634	0.13359014698500643	0.19631885195264642	0.03880639490197354	0.009132377210338022	0.25411875624744357	0.06569728148704124
0.08895257933423065	0.118809961350216	0.06472375160066332	0.029711255049873583	0.1644888981805917	0.1298023015161129	0.04495585290845842	0.013508882022442117	0.2673602192752816	0.07768629876212968
0.08592162414026318	0.1742839835305949	0.07257451345222621	0.026968684429619555	0.11843811243496888	0.14983176875695497	0.04782549782995814	0.009061203081525526	0.24612440515533374	0.06897020718855487
0.05412967359925226	0.18980658689990193	0.07171826227478367	0.027886506743252326	0.11993706592927474	0.1138129899148594	0.04457683097496918	0.012866539905230012	0.2899977908399885	0.07526775291848796
0.06625750747737039	0.17245033581486774	0.06378538851948319	0.027433260014532668	0.11785643782771393	0.1644522476846152	0.04861813044784499	0.013820782191598338	0.24666141692497295	0.07866449309700055
0.10396925888650889	0.1858560320551088	0.057506132907735256	0.03227858003071324	0.09473590232739995	0.18195749724690113	0.042102503952775906	0.012267298421775097	0.22579618020969683	0.06353061396138478
0.10051369897664587	0.14748278764589623	0.05562178586065715	0.02934226649415002	0.10081902136983645	0.14348384371358197	0.047460275539789126	0.006431062834331619	0.28742602968682124	0.08141922787829028
0.10071747598185964	0.10456138927082481	0.0665598870575845	0.02968244183185953	0.1449721893911213	0.19658211265295067	0.03488969519285548	0.009425825150938927	0.2518030034591074	0.06080598001089768
0.11036647617835821	0.09402879552458736	0.05975111602117013	0.03229810464351156	0.16267999725592175	0.1261769617037509	0.04788659218082851	0.007168826175472057	0.2955616776543373	0.06408145266206217
0.0917729133690908	0.11384190684170035	0.05620761735987388	0.03273051307462087	0.12129766518893004	0.16051603977565437	0.04804945053725073	0.0140023119772823	0.27989931869444745	0.08168226318114918
0.11874775244737748	0.12208396512543461	0.05739234564888091	0.028723020887972003	0.13916369026249503	0.10987919988606393	0.04952847034818147	0.01717246119104794	0.2819385223855192	0.07537057181702735
0.08432767197634317	0.17272114568927907	0.07394235202330336	0.03219894246947089	0.09098865255642943	0.13733738565230671	0.04120636486652128	0.017447008832089064	0.28047155404243435	0.06935892189182263
0.07758839904804711	0.17582208485685397	0.06108290412610661	0.028285533776088237	0.1048070523628013	0.10021946878042824	0.04125380894981731	0.010242001604791717	0.3199891325526994	0.08070961394236609
0.09405118876221763	0.14667845846240257	0.05728052031934457	0.027161030078805673	0.12657777787337898	0.15084962061929894	0.03577461093717245	0.00757110104213693	0.27950612809415	0.07454956381109219
0.06273443281753893	0.19016734299090168	0.07322101162217962	0.024828988961792586	0.12814130444882688	0.14279479356662295	0.04970393491903513	0.0148001889287393	0.2461966915866477	0.06741131015771518
0.07505573577629332	0.18711615927366243	0.07443593297304335	0.02905262652915251	0.08396414720896786	0.1246374787363481	0.04898577810472332	0.014544832507747699	0.2863918819855646	0.07581542690449684
0.06760232484040221	0.16796516081294222	0.0674447367656848	0.031233936264106824	0.08721774571029167	0.14646219597183846	0.046855893683197695	0.013316395036476955	0.2906712794701436	0.08123033144491557
0.09377208621829142	0.11399313014044495	0.067750806753525	0.02925825565618108	0.10834173645773816	0.19790907408700886	0.043484158943254664	0.01822311719268284	0.24689495934089378	0.08037267520997916
0.04310834260358009	0.16324465540194247	0.06756156944331373	0.031612125566707824	0.08887761848295304	0.19159477634287164	0.03824117569122704	0.011148962133476867	0.29347370542794493	0.0711370689059824
0.09399730747443263	0.16817140767561306	0.057519964345629795	0.03038264554774639	0.11834147620439982	0.15078572226466663	0.046305907597078415	0.0067783729857036346	0.2526521785359001	0.07506501736882945
0.11527702060052769	0.1365632105834093	0.07019183831572981	0.027648063568508574	0.08528973996235717	0.12924638612972547	0.041890204388441335	0.014430283312816414	0.30624041036927385	0.0732228427692103
0.10278445335923832	0.12996555078353145	0.059377660502577534	0.03243786020036045	0.11292939432723115	0.15347322143905062	0.03541302227065227	0.007667423186764014	0.2971480128365513	0.06880340109404279
0.05447158757531521	0.15419707309941966	0.06560327976964202	0.027641243096668627	0.12261665724182565	0.16294461882405786	0.04717637987656356	0.012852269176411746	0.27333402489109465	0.07916286644900102
0.05402201355663096	0.15590816204514316	0.07424001134729107	0.029324056477838964	0.13248709937274292	0.1809461799125684	0.036535060601666544	0.015202466435794912	0.24474058726100595	0.0765943629893171
0.10856799078385554	0.14008610878221395	0.05665393135013451	0.03324790642410015	0.14473486567484253	0.1528008570563896	0.04552780162727115	0.009771224998920622	0.23208343464173103	0.07652587866054085
0.1083595158497804	0.10970761979996427	0.055194178231151095	0.027664738368248634	0.09225402127612564	0.177439106436879	0.04346731556797959	0.017063785932436334	0.29821343082192653	0.07063628771550849
0.09256232504333166	0.17218654517226664	0.07248532141053174	0.03229929496081378	0.1525733874812358	0.10608531440617876	0.04000562154096783	0.011723382602966417	0.253504503317504	0.06657430406420331
0.04602273476098483	0.1800081285486333	0.07139552284213958	0.03357335499983888	0.13170758450393397	0.1686053265700097	0.034480842857829916	0.010936588381485826	0.2603238687378169	0.06294604779732715
0.12007053425711683	0.1234934469312392	0.06785526544254947	0.032206128981819945	0.11032049884089398	0.1760357765883983	0.04402776783956389	0.014134102386405153	0.2346100912856804	0.0772463874463328
0.053549049066760605	0.18033622837113303	0.07132520197947674	0.032601728880334135	0.10733720938722381	0.12902506955236923	0.048723899104340974	0.009072989957149113	0.30311117925691916	0.06491744444429316
0.05841503483001945	0.1132909891634068	0.06665382702507186	0.030348762857280664	0.16499108306360374	0.13192244709955597	0.04850250925139924	0.013544704939138646	0.2948839056370615	0.07744673613346209
0.043808464073990964	0.1567938279275895	0.07192935924202369	0.03328041148614691	0.12699948068472955	0.1372738273246466	0.04091450965649513	0.01867269357764796	0.2884832861423149	0.08184413988441479
0.0601622576922662	0.1759804406008945	0.0719170398582168	0.024657463897581736	0.11700796517444115	0.12961595329454143	0.03780088315707576	0.008717093530758599	0.3075616509183723	0.06657925187585154
0.11194961729833094	0.15705931037814574	0.055034663475735435	0.03297515691005734	0.08547955972440952	0.10972979644859335	0.04865884251083316	0.015576216331741471	0.3142321598160788	0.06930467710607416
0.10187027757048117	0.13502639380096454	0.07250059971193315	0.029167258724123027	0.13670692338299004	0.10476653784808461	0.03912198847671866	0.009524711135652467	0.3010906414850436	0.07022466786400869
0.07092944992958938	0.13311941163441526	0.06126266802535579	0.030752603691629354	0.11511282646813098	0.15428755880759226	0.03693927246799293	0.010943732709893433	0.3179410320529454	0.06871144421245517
0.04418139769043471	0.15417889579888447	0.06455604640524412	0.028873148124770653	0.1065818749153525	0.1849377616628703	0.04460904112386232	0.008418479769171372	0.30418657922959547	0.05947677527981415
0.08276492636459508	0.1729543098344979	0.06497427501960878	0.03195964323229904	0.16487705783487827	0.10345094316889021	0.0336196038568744	0.010877252569796797	0.25451391468204126	0.08000807343651822
0.044373900734191604	0.1846238772497477	0.07197286730778797	0.02731500284856797	0.14234100264455762	0.11315743670924257	0.044328963640844155	0.00836586053022409	0.3008438280737974	0.06267726026103901
0.04729819295336275	0.1619061043240169	0.07119029589752965	0.031897965233495	0.16375821022158285	0.09214369593268386	0.03848404535900976	0.016936754126803802	0.31440226172989716	0.06198247422161829
0.058235370655626034	0.19064366896308335	0.058116492287242916	0.02696650809883709	0.16453218935854497	0.10283407272285999	0.04586499403785746	0.015089736119373032	0.2703303394913385	0.06738662826523664
0.063551664549278	0.19615160329683856	0.07209437794880538	0.031019366124150363	0.12242107704163162	0.11748396796183198	0.034756960854484445	0.01385443793438905	0.2733198272461378	0.0753467170424528
0.06383385959045276	0.19228893584638046	0.06791576589668755	0.026580320162311794	0.1344700864747405	0.09518589846372044	0.036628510280783164	0.015307457727763443	0.2939311832122166	0.07385798234494326
0.103531832975588	0.1787151405920439	0.0587537743244098	0.025031984058685036	0.1532266312224247	0.09483397068624068	0.04937815927197464	0.014654490370653486	0.2573331053367698	0.06454091116120987
0.09904527269296551	0.11957409573832697	0.06665335396329754	0.032175862984024736	0.1362196354284024	0.16152625751400113	0.04671151481274411	0.01698107961970073	0.23962767846513072	0.08148524878140612
0.11381506101741759	0.10823935224208305	0.07475185368085506	0.03143250672781764	0.11141524774141129	0.15083252474757136	0.04031059689571235	0.007360788127227083	0.29007191482426753	0.07177015399563698
0.12278894675748034	0.17808718217941116	0.07110361866108819	0.025498821512782086	0.09720929045630662	0.1528496397533085	0.04028288633093713	0.013718938594193653	0.2217068414083455	0.07675383434614666
0.13249557362055506	0.12166290824920861	0.06566543288023316	0.030082621642859977	0.09060054832601763	0.18631316703655648	0.03961877797145164	0.016058103757669626	0.2391148864414276	0.07838798007402013
0.12241813923438186	0.1453018551581122	0.07282835429355772	0.031301291954037413	0.15152432405870397	0.13591572644343727	0.03955461240044197	0.010759036667741848	0.22563612821659917	0.06476053157298645
0.07057385517994272	0.08792085608516752	0.07522262470031182	0.02769939782590114	0.16465020985767537	0.13281166838748734	0.049030944736487295	0.009628591426677102	0.31710154392384254	0.0653603078765072
0.07366502721588841	0.14134975217496296	0.058005137719371345	0.028794082613565114	0.12684992854338117	0.14879787004756537	0.046755693783041494	0.018820058255073227	0.29375873095802146	0.06320371868912936
0.12188067443436212	0.08694131170603615	0.06368696184980482	0.025147528634355	0.16236778956822787	0.10987040482627841	0.047685116771629434	0.008164223134032755	0.3040272196678009	0.07022876940747255
0.129358239389911	0.13101833904488885	0.07244285357078395	0.03374191630674514	0.10358824625683324	0.10339724312578269	0.0408292302430668	0.008266329579746226	0.30347734532986814	0.07388025715237391
0.09614114610420361	0.14187847707234363	0.06496407758061329	0.024596308026509375	0.14285247636915896	0.10936655882676123	0.046238820870028514	0.00765690456915416	0.2864077499914301	0.07989748058979704
0.11437632937000383	0.17653592453831551	0.07153244859519074	0.02933861780182702	0.08484941119845356	0.1471861732038393	0.03365159555022951	0.011425435939100795	0.25221172159458566	0.07889234220845391
0.11922929820574316	0.1659963878706785	0.06482670889296085	0.025318329872364875	0.09495753498503808	0.17579078192014147	0.034074450462322325	0.010915314416150929	0.2470546246684327	0.06183656870616699
0.1190608483715575	0.08913804082917037	0.060336457001234085	0.028780263893947847	0.1116983840070221	0.1837066855452651	0.03454610619057534	0.009616957341551921	0.2964864764812485	0.0666297803384272
0.06107227392905334	0.1761098703390258	0.07204276881000928	0.027176858175264135	0.12665234327818659	0.17006510405004746	0.04368704331453252	0.010004915351536844	0.23322389146240335	0.07996493128994067
0.10032832698912839	0.12747784342034557	0.0743415777800507	0.02687234977852046	0.13626355987888006	0.15277672997896075	0.043918511873120625	0.009594776894758905	0.2594843210967643	0.0689420023094702
0.13317342696243978	0.16908854174587296	0.0627627428550249	0.032313735411397135	0.12006115824416949	0.12075190880504993	0.03869843162295567	0.007159203879523041	0.24107796941368054	0.07491288105988653
0.07725410990033085	0.14031715443115994	0.060458294497257856	0.026021032020047505	0.14631719575636631	0.13534500281912937	0.04528680429083702	0.013865629230164891	0.28723220431526353	0.0679025727394427
0.09244215508441915	0.11146624813912082	0.059778229897191726	0.032396657398928996	0.10596945337815089	0.1622034369894143	0.03440607520411715	0.0188272844808499	0.3031766018799023	0.07933385754790472
0.07694722542911997	0.10896868104712798	0.06468980177467529	0.025062287803321925	0.1604526552098285	0.13037398442704062	0.03453171742527812	0.00870589379874298	0.313971052539471	0.07629670054539352
0.07172637467077432	0.10421393667230866	0.05823607398495905	0.030880978618014726	0.16340473060880362	0.1825188070725595	0.0404592043759008	0.008476532735878256	0.26101547007167286	0.07906789118912819
0.08262005260288577	0.11949926627689451	0.06845388266844343	0.030776585556997152	0.0851861290673504	0.1901018959206769	0.040567537040179034	0.008946858428088497	0.31363150760662717	0.06021628483185711
0.08335340458509602	0.15071823307103668	0.0588272567382498	0.03252694034056308	0.13227219751602234	0.09690480454116866	0.04747141945193569	0.011836599280264815	0.31250416753985544	0.0735849769358074
0.07324848083633544	0.1856890574152103	0.06049651908625189	0.027279955208845866	0.10473784995271487	0.17542314398620862	0.045156588772837604	0.011772967181107569	0.24332953795468693	0.07286589960580087
0.09980280229021646	0.19462075901570902	0.07156382980647749	0.032890527594104005	0.08842614656756913	0.11823500829337054	0.040443912440223384	0.017500862519332014	0.2735488207250173	0.06296733074798057
0.12753529935503422	0.13083118578007175	0.06471649190034688	0.024528556010700156	0.11516681075693394	0.12331796719368299	0.04517253728182828	0.01869690332577359	0.2796741880443385	0.07036006035128957
0.046364949387532155	0.18239996792559304	0.07333024343310099	0.026294957366742783	0.1250294824789035	0.1377832315194191	0.04912995246382063	0.015910860838131063	0.2759358306868171	0.06782052389993964
0.06662423238981044	0.1849332653186296	0.06085893802966674	0.02653955753785736	0.10174671429758038	0.1971263337722079	0.04412403413864988	0.017423483775849694	0.22531084760764736	0.07531259313210062
0.0678271652577126	0.1836297962004438	0.057243558061119006	0.027319273527845772	0.11395953709557097	0.1980173530962485	0.03446185566005672	0.005899051568050026	0.25008620616173394	0.06155620337121859
0.055725411249549925	0.17988425765791413	0.05712332200852212	0.027627399755967313	0.15724136022608826	0.178767617080424	0.0432327766487741	0.007349405597120495	0.2223902747943799	0.07065817498125977
0.13155554418047333	0.07500216363303547	0.058636165058922225	0.02967072413363879	0.13118107655097788	0.1606681951543799	0.039998136476076786	0.012727010846446382	0.2843101831073341	0.0762508008587151
0.12049235520839174	0.14745826387430463	0.06992304277565625	0.03090341969379705	0.08390984862652232	0.15621286544126267	0.041186726134344674	0.009328022598840219	0.2668038519557276	0.0737816036911528
0.11382280937048506	0.11810777982542638	0.06601793049777942	0.030336999700195835	0.16481908287415803	0.09096004766842386	0.041765673455017374	0.01766084704109243	0.2894464481377103	0.06706238142971122
0.08758772016286705	0.19166339558626289	0.05755001120205447	0.032623287583650365	0.09527168044795965	0.10379738896421743	0.04132791907200731	0.011524111461009345	0.3144231126964213	0.06423137282355013
0.05870468715070634	0.19779095329403257	0.06713714910988369	0.02906929032690818	0.11051277796063319	0.1473529514282556	0.043012447847101586	0.015722126991515692	0.2703094772000971	0.06038813869086604
0.05686001741523504	0.1663509754691393	0.05992535147934261	0.027138069632790585	0.08931197973758576	0.17374337321131392	0.044409419405109646	0.014236877626346414	0.3047955609521227	0.0632283750710141
0.13206592815462825	0.07187435823961172	0.06840149766841072	0.025680899038294708	0.1520417523643341	0.15100817861076687	0.04694582351477085	0.017593778287982795	0.27651474401383425	0.057873040107365645
0.05841478152132679	0.1792264793081892	0.06294823256178761	0.026791919922632315	0.10827909968894427	0.20110013231603635	0.04282168609052669	0.01828352732330822	0.23890332023900768	0.06323082102824085
0.09492788490013991	0.14955527405039903	0.07134239963867155	0.03267553962443445	0.14307860188124824	0.11171013263267121	0.03748992705321695	0.014622558807135547	0.2813509113415422	0.06324677007054082
0.058656068777456716	0.1975822302917607	0.0670135319919778	0.025208198312004063	0.15552250191702297	0.14676532797415764	0.038715598565485336	0.008255690331507498	0.2284105031445352	0.07387034869409212
0.11010954828485152	0.18451169523046215	0.05740089819464126	0.03116279083341976	0.10136367314689229	0.16629747864141414	0.05015016050548573	0.01334785739616609	0.222389899953298	0.06326599781336904
0.08689449961012291	0.1350551953856722	0.06432341822629856	0.029865404793677816	0.09782090591887312	0.13849779789737982	0.04044273211054237	0.015083953440940517	0.3149261201453771	0.07708997247111564
0.13297741200417856	0.1631793932912656	0.0561077558495441	0.024558483878342377	0.0875852769444714	0.1705260209421896	0.04432448596739681	0.014475915487210597	0.24783699376132579	0.05842826187407499
0.04369869790648129	0.18624747769048003	0.06311105732515526	0.030750017645130037	0.13671056348208893	0.14209503494476702	0.036023847879662424	0.01203088627682089	0.279281446400646	0.07005097044876808
0.09393219597373167	0.19120176754715384	0.06860011004381336	0.02698062735120589	0.12498715405118797	0.11551559372693729	0.04222337637171095	0.006819066289275186	0.2544830495423846	0.07525705910259921
0.10800877747125061	0.12916884211310786	0.057635918638271784	0.029112473451162413	0.14806392919382944	0.09385344343953102	0.03463909846861127	0.015706394089012282	0.3112006171223633	0.07261050601285995
0.043735166965950104	0.14311207548989374	0.06550654027011496	0.028249414667729428	0.157266656030812	0.16782668533893963	0.046668295991130336	0.008812602814456227	0.2728891177431077	0.06593344468786591
0.10601313689803861	0.18195067207581464	0.058104101726661	0.030070354933814214	0.08500773869509719	0.14718588050150572	0.03802593630914436	0.016043010727333065	0.2774266625104284	0.06017250562216274
0.10566059844590209	0.0809605521841105	0.06241943324165004	0.03368353134930849	0.14273127443828526	0.19759736582281867	0.04870205433208803	0.0076323534868371345	0.245453837683558	0.07515899901544172
0.10877181972738519	0.09166374337832607	0.05835220772031189	0.030563472124850194	0.14357359789128077	0.17786763036331554	0.03403896912289228	0.015814915489361744	0.2578310913203863	0.08152255286188995
0.12376024343173857	0.10365018547857215	0.061187220040196444	0.031515409459551405	0.11084687588267575	0.19867923107187035	0.04217129649360157	0.014583391952251348	0.24896091816007943	0.06464522802946289
0.07872746727346212	0.14465405188979538	0.06185819710322244	0.03235984622945416	0.15396194660617088	0.17339944548394115	0.04849803912774048	0.018680546680947027	0.22676214768307373	0.06109831192219264
0.09946814694725925	0.13995326758088575	0.06029723053981261	0.02863351859575107	0.1541549782176501	0.16704522998796695	0.04157779124843172	0.010036138636128802	0.23512323569228077	0.06371046255383293
0.05858848946494717	0.1760469841398331	0.05903965296064776	0.028019736245158855	0.13149153345904988	0.19049228227288237	0.035953118642459675	0.00683741126709464	0.23506710651161206	0.07846368503631446
0.07795049856590919	0.1873525163428097	0.06709181775194861	0.03377018512048542	0.15231679604992898	0.11215881992367646	0.03670317961568734	0.013060473775928949	0.2468750294249718	0.0727206834286535
0.0852520323440324	0.14921152371141957	0.0708342049971518	0.03222934478147346	0.15659778790508438	0.16012512769380335	0.042965421543070294	0.008175902513217426	0.22115707643535187	0.07345157807539535
0.10041343433774289	0.14398238207242384	0.07243843477031411	0.032336017926196156	0.14567579347089032	0.1547496822957481	0.03741229441355798	0.011236454386965064	0.23294779697371448	0.06880770935244701
0.13371682731218398	0.08468964770537703	0.05551227527325466	0.02452999068108444	0.13030865506906913	0.17719008302086853	0.04568367978792714	0.015618384891651516	0.2728633643173727	0.05988709194121089
0.1125895310905356	0.10398788945208552	0.06197602642936469	0.028890772778319584	0.1284863131499646	0.1318618201990508	0.04489406017390538	0.006865697398026477	0.30016906666079657	0.0802788226679507
0.10136922668582016	0.14773711241946053	0.05770351566804398	0.02795616963978101	0.10642270948088042	0.13502945793649004	0.035136322584373714	0.015197879959265803	0.30852673453382684	0.06492087109205742
0.08901364755581702	0.10961826907230379	0.0720263673387701	0.030950826369964532	0.14708144635447867	0.11715472197925082	0.04796908329074815	0.01296188142278075	0.3147546530553022	0.05846910356058389
0.06303761644916414	0.11480275554455355	0.05632867200560742	0.0264740027508948	0.09206602214415044	0.20546726422063505	0.038243643098533196	0.011543350641982156	0.32006974721735443	0.07196692592712486
0.07989128132185971	0.18799417662936946	0.06129304608536246	0.03226781303525768	0.09034243598898656	0.19137595678906202	0.037948571046411333	0.018323036975035636	0.23420378484192267	0.06635989728673233
0.12793380959838874	0.10748783518444892	0.07121230837148182	0.028555010608123627	0.11188455628158332	0.11808204221009229	0.0483478857296855	0.01611826744592426	0.3024833443801626	0.06789494019010885
0.09099197696268597	0.1543229879669015	0.07342319997004701	0.029781880707207137	0.11285310974436936	0.11575700345055916	0.0389001797058615	0.005953690693782571	0.3055505260801324	0.07246544471845331
0.048202627897933996	0.1445922888557017	0.05656846675181239	0.028664074056787683	0.1134538979186334	0.19196924238991298	0.04500522944536382	0.01054405145945636	0.30308963352607865	0.05791048769831904
0.07213036770481426	0.09965264053083436	0.06885383278658667	0.02493595217179813	0.14869098737121775	0.15103616143130658	0.050368527717073786	0.014708747447583118	0.2923604064227181	0.07726237641606723
0.11778877477847326	0.07265005791850768	0.07237756320881579	0.026976747240138932	0.10534774915417162	0.1867833537377493	0.03385666087152524	0.014904595094250406	0.31141148988650913	0.057903008109858586
0.10418518117629448	0.1546984606558437	0.06721095741559996	0.02663854354595875	0.1099702976376298	0.16954905339279477	0.03810142378083432	0.009110276431631509	0.25671279679716946	0.06382300916624321
0.07187831050028518	0.18214196291225798	0.058555912673961395	0.024768229228228106	0.1258240002410906	0.13693579709501813	0.0452730078501327	0.007717316853382922	0.2668455366109176	0.08005992603472536
0.12038673614008892	0.10288079154312939	0.07112809935400688	0.029991797533238718	0.13621980479052898	0.20001499755516056	0.04278063178535546	0.007076417364187432	0.23037945926906284	0.05914126466524078
0.12039375816526193	0.12879150024560934	0.07107726559953081	0.02452894328301944	0.15649208372293658	0.112541409392214	0.04065725639380422	0.017243622219977786	0.24873030737593999	0.07954385360170585
0.0631414626554208	0.10640375617518064	0.0728687815626709	0.02696229387071243	0.10022002084263719	0.20019119466306406	0.0357427096230441	0.01207878897627676	0.3133239985545992	0.06906699307639391
0.1265134452784868	0.10405458338347881	0.07480699954004216	0.024592495090866764	0.13369373568829704	0.12647755136913338	0.038087046556311135	0.018945406632668624	0.27567367093163525	0.07715506552907991
0.09688167142896267	0.16681446104274317	0.07346777644666691	0.028023971429749897	0.08743480738486534	0.18307433748276414	0.04881366848676644	0.016117701112788416	0.23453097971523607	0.06484062546945693
0.11884722877857393	0.163070588026147	0.0687650056980208	0.029218596962181834	0.12679706066062693	0.12451199884455691	0.03660711924295433	0.013927551819850184	0.2540832761274314	0.0641715738396566
0.12281013254200303	0.10828183547263902	0.06779508282228897	0.025544098190000267	0.11806051578836124	0.14642272993612027	0.037991772284226975	0.016764546384054682	0.274902072646847	0.08142721393345849
0.07240910502692632	0.12489340615477318	0.06231477892217018	0.02576234651985465	0.1644622958061132	0.18695142454626915	0.04495465651645734	0.014346711419109648	0.23787265340056468	0.06603262168776164
0.1017267176676549	0.0914030567336125	0.0572861607891864	0.029490042060936195	0.1562990216243591	0.19065804683583049	0.050367136015563675	0.011602575273234716	0.24010638502308623	0.07106085797653576
0.08262663809352089	0.11936602113033136	0.07354254315672717	0.033419754262678805	0.15201585665787004	0.1396374520734352	0.04917627563979979	0.0100207857189092	0.2602494113446649	0.07994526192206264
0.060132363748115224	0.1542131988653273	0.06804834490483412	0.031536435143434224	0.09752697014250432	0.201639073032113	0.04463386651618175	0.006906670272429541	0.25729571039567883	0.0780673669793817
0.05923594749612543	0.17543200857241786	0.05518765741672661	0.03061657992734987	0.1588409215629152	0.08607462223690776	0.04908435125909966	0.012173668397617451	0.3109774520976494	0.06237679103319076
0.10562158231513326	0.14523026633557012	0.07463483975806123	0.03157988216028371	0.10881931399445688	0.11280055246731777	0.04492967697551971	0.008702359887748229	0.3100573836846893	0.05762414242121973
0.10654471323973222	0.09862659798725448	0.06617311296774477	0.02844762941490346	0.14052647150664596	0.1958650808342809	0.04051201912320143	0.006722162507745724	0.255967001148818	0.060615211269672994
0.11815769882661646	0.10763469869715628	0.07156743311332299	0.03032195515078591	0.09020537120562824	0.20239921089901913	0.0357583999838363	0.012186174686282247	0.26973661731565496	0.062032440121697376
0.09619125615374778	0.08063263438576862	0.061406960262118115	0.031676943159866314	0.08373341743483026	0.2049775885017791	0.04693262303195901	0.015508431386540025	0.31015917911161417	0.06878096657177654
0.11409163097412738	0.16091063029743802	0.06988573867285913	0.028426792118316488	0.0922603186498179	0.19308043329033392	0.046499258168638556	0.007094175383360393	0.22100227165860187	0.06674875078650629
0.10434295277867058	0.11733095256450585	0.07329208185416386	0.024861038718865622	0.15873856865148622	0.16420374191250325	0.04612752533646789	0.008569331851803058	0.2394007268280542	0.06313307950347943
0.09621293352957301	0.15784052228678797	0.06269734260320156	0.033704423056051536	0.10545262798225055	0.12341038364334808	0.04110791734054171	0.009115067802782165	0.2977393534969494	0.07271942825851396
0.061221651568514446	0.11693394220458976	0.05549908105591021	0.02603176942933884	0.14139527993331252	0.1811058121514192	0.04295495595536448	0.00745322632518966	0.29515200186599966	0.07225227951036123
0.13161129117897996	0.09651109839706537	0.06366124511443667	0.02731461733086303	0.10124920759529069	0.20612733657862875	0.04185725692527589	0.017189947496877453	0.23733713052189487	0.07714086886068719
0.11183659007102184	0.0691006618964526	0.07386125358914235	0.026061074785573707	0.1627519930075083	0.2004920250600712	0.035309757451273516	0.018738904068929987	0.23321169515186513	0.06863604491816133
0.07077635027919854	0.11525342536550759	0.06902004739153927	0.03368141528251287	0.1588757606520959	0.17216304301356833	0.04188520652431928	0.00673850325512329	0.261614837768536	0.06999141046759892
0.11231131275694406	0.07953039523579844	0.05819267824458012	0.030714496032429095	0.16435019430828274	0.11739259610556924	0.04182347986559316	0.00871199309959303	0.3202455700790458	0.06672728427216425
0.06855919207167258	0.19410375051329104	0.06713156941630513	0.031601805496586075	0.11554862212892836	0.15689797679648138	0.050178913640211716	0.007662685071830377	0.2482858186194189	0.060029666245274435
0.09616446427277624	0.1019362781017558	0.0729672722889117	0.030168314736111437	0.12666057395225117	0.18908210919842083	0.03691028442389721	0.012417773806211202	0.26168422368411354	0.07200870553555082
0.10587906092939539	0.1912009598610383	0.07070376728418544	0.029524839309298903	0.1263865788789875	0.11965835759684533	0.049248378616072626	0.010167960314512656	0.2295493629602055	0.0676807342494583
0.1293513656948672	0.1069020444542303	0.07078704387038232	0.024948773302760435	0.11064635027373765	0.15699484776731343	0.04245272921869202	0.01611227776247197	0.27229485661239805	0.06950971104314654
0.11814514863622791	0.08062780426899457	0.06797594675565014	0.026384767324988553	0.16523165290527989	0.09857245505672099	0.04809402572113532	0.007827822159957032	0.3051564383632992	0.0819839388077463
0.08458823370674269	0.18281796505232767	0.05503699491453642	0.02495076693948879	0.09449011963066882	0.13799990410310187	0.04671557946351692	0.00782308934284684	0.3077022100695206	0.05787513677724939
0.11319599040445649	0.10902570000801647	0.07386014455507475	0.028415967527219574	0.13356161779235604	0.0934689685122593	0.04098124111037552	0.006901093265173616	0.3189045209594367	0.08168475586563144
0.06039652990524447	0.15933332541256134	0.06816887158610024	0.0244694513833678	0.13622556293284555	0.1659699501131589	0.04997381104662279	0.01742224096183652	0.23951194457060793	0.07852831208765443
0.045396866268307114	0.16119697624624246	0.06863624267142154	0.03324032918628407	0.1197832453758826	0.15373084750151925	0.035696370471362246	0.011087291191474807	0.3029133614859211	0.06831846960158483
