0.10747260649398105	0.10873230354882699	0.061427375677574364	0.16649734911016045	0.0637753177901169	0.18777361737128834	0.09267492011585621	0.05898694825031974	0.03200219532037808	0.12065736632149784
0.10640159578645657	0.02308109856752512	0.09525697144670811	0.10584104384826942	0.0894456359027051	0.17863725701685615	0.09979661097452863	0.06535436437513432	0.06127487924965533	0.1749105428321612
0.11979637922191921	0.15311239570367877	0.11255065119123549	0.07478069874232124	0.07957485544331906	0.13311905022201756	0.08921959613797703	0.06372906516806748	0.04552932982389582	0.12858797834556826
0.16862814689092637	0.0709730106129334	0.13083286526860477	0.057319749910975194	0.06084361318490981	0.18734012236183106	0.11053892183770185	0.05930653247825001	0.0389480469561091	0.11526899049775832
0.12005796257587638	0.21865400579436206	0.040842902877909884	0.030287940572096106	0.06827370679341178	0.16717657988241347	0.08027569608743652	0.054050087121533266	0.05076859838403175	0.1696125199109287
0.08823829345402709	0.1532941495232122	0.11228208273698767	0.08573137051883752	0.06124612287593259	0.1441867555858298	0.08891540202005146	0.04707492947306093	0.051832264795103444	0.16719862901695728
0.019318255616989632	0.1409154703674323	0.04871663911257386	0.22021661849188504	0.07928551552169391	0.14085987735571878	0.11147480115441419	0.055592602757532715	0.04452074829275011	0.13909947132900952
0.04321681426327905	0.05568102880594107	0.19812038158501694	0.13584071648809054	0.08220785911203522	0.16840918764316615	0.09960616507049767	0.043727482161588435	0.041503799585561066	0.13168656528482386
0.06068503400661575	0.047996940820229546	0.042617064130305034	0.1810042112530919	0.07932391180014389	0.22112041180309078	0.09303790424832638	0.048834147519468775	0.04829664463211236	0.17708372978661552
0.019382504170551637	0.11872839720126295	0.08724927042164331	0.14569051685865897	0.059488097142019386	0.22412162270453007	0.06987186038579338	0.06619361812207109	0.04569352855782561	0.16358058443564366
0.14423543219826185	0.06850778069903703	0.12209164162487562	0.10748921814139331	0.06059641182214133	0.1990103253369458	0.08491765049299084	0.0604597335020022	0.03150595725236835	0.12118584892998355
0.09299861477827044	0.105015862392003	0.16752264206312162	0.060308354257894464	0.08515279588390012	0.15141795857932044	0.07635539677458943	0.05213873649479757	0.03169678067509728	0.1773928581010056
0.12560222496454873	0.13059623015096053	0.08193855973687247	0.031179518825278252	0.08788343123809692	0.19398819597597314	0.10364016411537257	0.04268370198535858	0.03127678800861228	0.17121118499892646
0.027440391975989034	0.046244627861218426	0.1527837585937046	0.11431204464170476	0.08654606969760414	0.19303882113351697	0.1080604214801918	0.06025482665385405	0.03641047297403931	0.17490856498817692
0.12075989126439267	0.2010136066869651	0.1314577466413261	0.07559639271460764	0.05742260603308468	0.1345477792185797	0.06874526727010179	0.057403620683553515	0.03173164886754021	0.12132144061984855
0.10631844917771603	0.15255547306890652	0.051907147200233386	0.12882849663283097	0.06163563727915902	0.16601462674149708	0.11092708467459073	0.062554602845386	0.03384375346310557	0.12541472891657457
0.054360369574063844	0.033274985278389624	0.1859033290363334	0.08352368147006242	0.06968864308382836	0.21080264182361766	0.07093274829245172	0.06694663817328025	0.06034437660421993	0.16422258666375278
0.0550236383980796	0.16047419227225487	0.09899476121695017	0.1263100832330301	0.06661271320491294	0.16222210700730796	0.09734785760795286	0.0640222706124044	0.04663325575272588	0.12235912069438121
0.14489175663019105	0.06592694715782774	0.13487737865724686	0.0899705283158919	0.06518080853560779	0.22550095886498367	0.07216279316420135	0.05951748588165744	0.032550579519937534	0.1094207632724546
0.21422741639631027	0.025584916697564936	0.09636521924770072	0.12255314870178823	0.06292213691636445	0.13975352656544204	0.07118882273912958	0.057942887293387826	0.04968795911376973	0.15977396632854207
0.021251239242600486	0.044230727974979595	0.06938183649015209	0.21749056792809823	0.07153917455128686	0.2054747581768535	0.08690257328839095	0.060646661261729434	0.04820886269170407	0.1748735983942048
0.1913354796346033	0.035001580493898024	0.03747303017141103	0.18214424643855948	0.0787984506359144	0.14966065537002018	0.10463972501918269	0.05088004136634721	0.06094738588325974	0.10911940498680378
0.09446061837869034	0.11943692624626644	0.09607301759588671	0.05928095976908333	0.0787127368972477	0.19430397351391288	0.0965818705950798	0.05362537271905346	0.04605452316908251	0.16147000111569682
0.03115984969806486	0.13234175875403972	0.03155416571114003	0.19681550981667154	0.08762718178616884	0.19775857195737712	0.07258198694611456	0.051124411714605765	0.03547716602764332	0.1635593975881743
0.060125149860755886	0.061625663916693225	0.1464696416863	0.13524527370373463	0.07201627356239992	0.20411530314090343	0.06661654514769959	0.051234087517946024	0.033611572734582	0.16894048872898537
0.05454727897346639	0.09901927802077726	0.17819100405527638	0.08476889199893069	0.07795486344426983	0.22046610625663982	0.07870624277016908	0.04665649182048781	0.03952088400905984	0.12016895865092289
0.028992277444114187	0.1745920535322408	0.09576094867385435	0.08298453432910696	0.08758394891284797	0.21686368703884362	0.0901079907071086	0.053297006928097725	0.05366592838338977	0.116151624050396
0.12279745786185417	0.08792874457502381	0.05904277409161357	0.16715115151328777	0.0878738764761443	0.1609606628439136	0.09610177440865844	0.044899490023567246	0.028845626075323788	0.1443984421306132
0.14386420602349811	0.17634178963451264	0.025104974881499043	0.09441911064496332	0.06713283635127776	0.19884325150672194	0.07549090258366534	0.04664344689452024	0.059353283867193324	0.11280619761214816
0.17454436331898493	0.0700127721157068	0.03157275906858262	0.15395496530814498	0.07813221811483453	0.14326270483503534	0.09402809644320774	0.04338572376720976	0.061261601166136104	0.1498447958621571
0.04110335261060716	0.026400178459232287	0.17560318072492978	0.1654452561687801	0.08270680209645559	0.1975761828217129	0.1073425726127652	0.054447085472744024	0.028627687116695902	0.12074770191607698
0.17761042342613217	0.07351439012878891	0.054125269482251936	0.13231850417350857	0.08119289539780591	0.1633060568199548	0.11004989894112321	0.04224848633736091	0.03384642062969115	0.13178765466338227
0.06982829436620644	0.11246477720812502	0.07317959110293158	0.16259508037973128	0.08629308902732183	0.1585685736165437	0.0927391811476152	0.05757897657397692	0.05855967228096931	0.1281927642965787
0.1001282261350419	0.05497042437872665	0.2009188316234255	0.04675216295644517	0.08680949295326569	0.1623496724065161	0.11230021877967286	0.06474932987370337	0.04664620180831753	0.12437543908488513
0.1312218915522222	0.1028068704100094	0.11080751577710203	0.12137845190911392	0.08348578767504337	0.14480321954866582	0.07727048182885778	0.05846672151689979	0.056328336140865465	0.11343072364122013
0.032714760820831704	0.23939578540709694	0.07097612925582691	0.08383376797876821	0.07029640686683042	0.16036739826845955	0.095392296498984	0.044779786440912274	0.05048913574263414	0.1517545327196559
0.1462205753644536	0.040642739650401896	0.12737606043419133	0.14426406924839286	0.06767238975406689	0.18373553639396448	0.07953907675285798	0.057861625622953494	0.03399860920778089	0.11868931757093651
0.09553760844625074	0.057987702541618925	0.2023991409391959	0.0965049262417922	0.062267105536314704	0.1790820921485784	0.09298954137778638	0.05495435145702653	0.04973346006577162	0.10854407124566454
0.057019363740450274	0.16958269541231413	0.18865579875794675	0.03473632232990484	0.07548624163253174	0.15704863514891038	0.0789376309167533	0.06867247345126778	0.04350696485435523	0.12635387375556548
0.16724641558200481	0.046285352616219445	0.09854045075531033	0.1507451783809745	0.05770428946089197	0.1677600584499363	0.06836090704211707	0.047401948148295694	0.05176466779534718	0.14419073176890257
0.05957191841770441	0.08262221256345226	0.1848744819949535	0.10035976559435908	0.07755648948489044	0.18115862111181058	0.09361167159969105	0.05102756981394714	0.05043590554508026	0.11878136387411128
0.017026463452742266	0.05502804604979648	0.08060530274132144	0.1814585792590674	0.08093839817907489	0.22012959437923568	0.09654408132155848	0.050907920473042184	0.04759862193043562	0.1697629922137256
0.06411256408303445	0.04165822445672305	0.15973437213901584	0.14187301370740088	0.08560289716223243	0.17343023093408405	0.10973242153077359	0.06065624832680295	0.047527438174537195	0.11567258948539555
0.0632504457077066	0.022969330111964226	0.21353620802976078	0.09743376198171241	0.08215609516531713	0.20098402044619385	0.06806168698448213	0.06675013901243859	0.03569589139574213	0.14916242116468215
0.04924166185724037	0.15065569542182908	0.17441713749789622	0.11068347764234523	0.05954788697405405	0.13084044603926992	0.11197679444509062	0.05619782336260012	0.04320568322303162	0.11323339353664276
0.02334435202249663	0.18578576705249675	0.06041368531572434	0.1615031994003178	0.07585923892988204	0.16287998771844162	0.08944718998481269	0.048601047089473964	0.04902656123939582	0.1431389712469584
0.1911687497986166	0.11486890225149322	0.03541139106161936	0.07277469022205009	0.0718014730357395	0.16301931968495612	0.08840103674689573	0.0452960244089569	0.05379418577650036	0.16346422701317198
0.16142271779120979	0.02919426930978744	0.06052710797323123	0.1453405156557402	0.06076689144218994	0.17451241511613522	0.10435566044160845	0.05135362030401319	0.03423670115596726	0.1782901008101172
0.099834507526406	0.13420484187278092	0.01211489326615603	0.13991460375627635	0.06654233884663491	0.22464051346187042	0.07216902155021583	0.05077549029851859	0.04833592452562387	0.151467864895517
0.151211297956288	0.08871748629177038	0.09394784487466705	0.09556281170154454	0.06709742235247013	0.1886660989011626	0.07810598263107627	0.04825443396870264	0.04239061558508854	0.14604600573722978
0.04805701640144727	0.11723172709350388	0.0889585653373424	0.23390025233052308	0.05892465095582791	0.13784803519735891	0.0763624659017758	0.06696111588755631	0.05298606417902654	0.11877010671563792
0.030392763782778498	0.2332453598298786	0.0941662824400379	0.12198362155691211	0.07644711015676858	0.14729469816019733	0.0707488754061886	0.06634242528674777	0.03266784473511444	0.12671101864537612
0.10780904400743095	0.20111411674354296	0.01609272874835166	0.09570683440739922	0.0873418003153282	0.1343804175168713	0.10706539473025628	0.0522098260919831	0.05255253274750506	0.1457273046913312
0.18735725795076946	0.04218479620715041	0.07422331913534684	0.21702652318100135	0.06594406331591851	0.12909718537773862	0.07773765059615906	0.0568865018254288	0.037344168895576194	0.11219853351491059
0.14748923047320875	0.19090399969864275	0.010855120841066185	0.07710152967725342	0.08430883957872938	0.1477611036109	0.10478215052338351	0.05647744734226048	0.03336920433990259	0.14695137391465282
0.10519559012900677	0.11365501278889543	0.10346230314985556	0.10664901476367267	0.06539447256368727	0.17127654989779276	0.06870511405462146	0.06673209041980377	0.05243288972861398	0.14649696250405025
0.10641214127588447	0.2177048915328558	0.03581227499047582	0.0672586686043388	0.08331979342176415	0.17231206044545624	0.06846983398299855	0.0685391436589125	0.0331661023589208	0.14700508972839277
0.1473190662506235	0.04889456379063314	0.045888168525296834	0.2188430618948719	0.06365070316359664	0.18668366842602818	0.09192082002176348	0.04807850325442436	0.03880102777026759	0.1099204169024943
0.024628057149829657	0.18988320937016767	0.020240828103835276	0.17743392517355305	0.057055779072492284	0.20588099601397658	0.09270141773161224	0.060202759185774474	0.053018965197293065	0.11895406300146559
0.021511547110965062	0.05923558769651727	0.07986603021631555	0.2311978360396003	0.060672712410758396	0.22501006472133728	0.07798716410661952	0.048259928185032434	0.03819406198327545	0.15806506752957877
0.0692924561920405	0.07329639863510566	0.14702747490251958	0.03733762172846859	0.08965718522480227	0.22778501393838052	0.08107830214927612	0.04450814932648684	0.05788415581150571	0.1721332420914142
0.02276319607325679	0.1661313231473761	0.12238958900730762	0.0932124125633047	0.08099287409158319	0.1639757096942119	0.10500149814759366	0.055188082559012565	0.04159752618051258	0.14874778853584092
0.057890597776286676	0.06400612078302745	0.1286250455155301	0.1591189731804692	0.06749705187568003	0.21711415777272003	0.09430010547047975	0.05232433200213626	0.036728541349081975	0.12239507427458851
0.14840824497746483	0.0896470443123671	0.10938463451363958	0.11642484041857304	0.060126176346608856	0.1406572195035864	0.09705545273937846	0.050207583024740494	0.04422131584430936	0.14386748831933177
0.1651020113794467	0.2093233255398046	0.046498547568173745	0.04444076914501795	0.07893822616886517	0.1422351954416729	0.11109912638366894	0.05401588314565138	0.03307298997554685	0.1152739252521517
0.060776306205523066	0.14344448370859375	0.04497980653291938	0.16725417091414024	0.06496995681164569	0.1657984473798686	0.09297806509842738	0.05983792985063262	0.04023164058299858	0.15972919291525073
0.04932071336667666	0.06052938664108036	0.17338755452228047	0.040084438401173025	0.08702253861556548	0.22633504590286246	0.10306590957819041	0.061846654853461615	0.029660471340477335	0.1687472867782322
0.20059428419745795	0.1554951496592064	0.13517204883938605	0.030374793294001112	0.06566569632079511	0.12920242962422473	0.07136454093114313	0.051498821926204315	0.045991941265456415	0.11464029394212463
0.13537875577674252	0.03356975550127152	0.09428683611722802	0.11642663074491928	0.057466946412878306	0.21646946761427663	0.09644978758711213	0.05260964194871699	0.04846792529492726	0.14887425300192728
0.03739538468558157	0.03296544224459688	0.20418777408553498	0.1354820204666314	0.0787722577773218	0.202385985275773	0.09306022908784992	0.04704796972406367	0.04728100304694581	0.12142193360570099
0.11109450501214069	0.05475473650172691	0.037448498205341144	0.15330636800815323	0.06389343628223815	0.22356970990870384	0.06837802258962092	0.06595268069407999	0.04323759574503058	0.17836444705296445
0.072850184136207	0.03149997570670876	0.1585243822411031	0.17931291008577654	0.06701680598830395	0.17444844055018013	0.09652813356909833	0.05900085323375071	0.03683153632721038	0.12398677816166107
0.07217806189550836	0.05503986347017501	0.1147248966636249	0.1295433743090857	0.07219072448184291	0.1823588278125498	0.09537691665434826	0.058374002402458824	0.05502597109437105	0.1651873612160351
0.047508107172909375	0.09490822564682734	0.11685185075361249	0.11082380193101558	0.06440036024815399	0.19024907171827887	0.08803326128537195	0.061992861145299526	0.05060103772781693	0.17463142237071394
0.09717896489283259	0.062314026690884615	0.0868264607291252	0.20678276386818248	0.061050543410155235	0.13555681512414905	0.08159433602621996	0.04343742178989058	0.05989540725314385	0.1653632602154164
0.023527649058223174	0.0352826383580941	0.058842695654260604	0.23452134228475147	0.0866316770798679	0.17597354953471717	0.10306384263102172	0.06715913734051462	0.043640587002815194	0.1713568810557341
0.14006935622161273	0.048955464040181654	0.1408557853984972	0.06511312801745836	0.08281892942872039	0.18417700002592807	0.10580784352108015	0.06298224815148756	0.05245036161883607	0.11676988357619768
0.03081546157799242	0.17341365317350477	0.15001081591286203	0.08674661884411453	0.05913258766883674	0.1420011073636164	0.1091462463932051	0.04536174306927941	0.043710602967862625	0.15966116302872602
0.15128273697628125	0.10065633664673909	0.11134036015089266	0.05591652724303669	0.05914581129127022	0.21103496947844405	0.07611101404060966	0.056849900364686276	0.054520056428672324	0.12314228737936767
0.0479829285682561	0.10008639644657899	0.022837489716597575	0.23855891167652504	0.057096961059146974	0.15947872706710156	0.10110206993415034	0.05418191111548421	0.04315937921881184	0.17551522519734736
0.09449642408864693	0.15325831819002045	0.04774957981822081	0.1218837611841203	0.08896016433121845	0.18986576053322357	0.07864011945193324	0.06275263102718785	0.030623073602633277	0.1317701677727951
0.07386441614296516	0.02948588862425841	0.21044335514288598	0.10910142726284161	0.057703574318834744	0.1790274886210152	0.10944167095385209	0.04550349688740912	0.03633413420183544	0.14909454784410223
0.14687388342022115	0.07131525576413178	0.03373159525764542	0.23253640283945937	0.08022960282526898	0.13873577828080305	0.09319100106125566	0.04323730735196779	0.04280209247049853	0.11734708072874814
0.04389378837390877	0.19340449241213942	0.12051335354668706	0.0860820614638582	0.0739799319706725	0.14090525193589915	0.09576970670467426	0.06720712647347621	0.060106589015594805	0.11813769810308968
0.03871940463987785	0.12527676341005928	0.06597298580166877	0.14227417692549654	0.0870282868860527	0.21954919245370907	0.07920186908876758	0.06773829764252519	0.05145800410779511	0.12278101904404791
0.07746955839138259	0.1714306851366348	0.1555823375951788	0.05272851684605616	0.06152258242561226	0.12580355009343105	0.08288448574012829	0.06795790715943655	0.037673564975464785	0.1669468116366747
0.014989189121221089	0.07871470274969472	0.162353406134847	0.18157302801383737	0.06399307583851341	0.22304147507672265	0.08228776856088622	0.05471946292220693	0.029166393049421105	0.1091614985326496
0.028007259853749397	0.20461517080128455	0.07792043313373526	0.05965212378249238	0.07471670918487862	0.20170415097844369	0.0998939552409606	0.05781246402899329	0.06086874550944471	0.1348089874860175
0.2017838023349665	0.04865943422313201	0.04447983772186194	0.051633879486944444	0.06173639951499057	0.19745963819433326	0.11061086400879332	0.05546524167694758	0.05521400701441722	0.172956895823613
0.08523696911968447	0.08019588569424477	0.17896408550611026	0.10589816622299933	0.07062090764905404	0.1296150324176897	0.09757529003154938	0.052656617771428	0.0415762189859471	0.1576608266012929
0.0727680304328938	0.05112299502876457	0.20809512670589075	0.040624594913655714	0.08334271014747227	0.22430066821670708	0.0849711672671741	0.058710903533063165	0.04690458516443088	0.12915921858994764
0.1758232336837396	0.0541089922770668	0.11623830308827715	0.07467550502787086	0.06961191664566119	0.16425328278590878	0.09063558946711528	0.048562139419675354	0.06037385519613376	0.14571718240855117
0.11720822576288319	0.16828032785008945	0.0458289875113091	0.13320474944547617	0.07717869247165862	0.14575765054156864	0.06973279588986803	0.06237639218982863	0.04754660682555723	0.13288557151176086
0.12567915880935293	0.10636126560993772	0.09045940284332026	0.1637375751401644	0.06181397278391468	0.13151520222974128	0.07238655737113184	0.06487372688750052	0.03879013204816075	0.14438300627677553
0.0393161817281576	0.21378218214265565	0.1271116541049561	0.06962744324327418	0.0630141890800255	0.19498686403436294	0.0672374312076893	0.048016250788183376	0.045147834243966886	0.13175996942672852
0.13190857283917745	0.23881576508621466	0.02795265716766311	0.06984399918483696	0.06780311611787106	0.14926481272057182	0.09299841973073668	0.04458453511366374	0.030037551752548533	0.14679057028671588
0.11659360539953174	0.17469944080912925	0.033447913068459664	0.06992072426635393	0.07547398708276984	0.21396459644995414	0.0768658096356321	0.05221435661623391	0.054930869179120594	0.1318886974928148
0.05006946454792608	0.2286101953194733	0.02962776405222331	0.08218290562377956	0.08963068797763764	0.2086784525949978	0.090768677203359	0.059110398466302824	0.04680389468436153	0.11451755952993899
0.03290113615800282	0.19461240103758495	0.1194966946361387	0.07238386657880878	0.0849325351910423	0.17088441717742872	0.07352882272872865	0.06888762604057577	0.049148980286447534	0.1332235201652418
0.05316540899490058	0.23769386460344644	0.030431718500146213	0.13309926486446255	0.06763878647334655	0.1393531694172105	0.10799841929784082	0.06226982778205026	0.033365655371932826	0.13498388469466324
0.17248584321829197	0.09342900597987051	0.12245256026327328	0.054292235802183515	0.06261836590527109	0.20049833354061902	0.07798378189882135	0.04742029113000462	0.03783040930088456	0.13098917296077991
0.10190403580563845	0.20807061169079166	0.14373402731060264	0.04704063325754791	0.06621855412668529	0.13873618925056047	0.09812258515800434	0.04276915817466616	0.035917931251397875	0.11748627397410513
0.06323338316767961	0.06429546517683685	0.21078018192918935	0.07557758489778413	0.08837287490306674	0.16420403244946846	0.07430962799443322	0.06971744463910226	0.04426345108340993	0.1452459537590295
0.01668324974067048	0.24048718272049446	0.017051216515225426	0.11464963236389754	0.0763546080540965	0.2183512552771476	0.09316175137194233	0.05510978315379197	0.05142672191467845	0.11672459888805525
0.071009043850474	0.16982551333481496	0.1754128733757636	0.06663806783970433	0.057275611267368486	0.18643037901269566	0.07893568510794083	0.05369912140773774	0.032237694970300046	0.10853600983320028
0.11069920476089866	0.16793887209286773	0.08257944587299594	0.041687595313184854	0.07522194257990038	0.19970644216132993	0.07234540264691997	0.06975510141649971	0.03237184846099814	0.14769414469440456
0.0537868211493859	0.07103681844849917	0.0709247514439743	0.22122097672165308	0.06114403614316551	0.1457910919784868	0.10583444599351605	0.05238465180204054	0.05383874259303833	0.16403766372624035
0.1554284465586782	0.025261260290324605	0.1311228714344313	0.04375016063198376	0.06683452289502313	0.19966286212083284	0.10473791698263184	0.05059638281481363	0.05051775446384012	0.17208782180744042
0.13379776058505188	0.03243041207732819	0.12001840728320752	0.1352714196286412	0.08630032954655081	0.20250521940321187	0.10560660005786776	0.042493806800549885	0.03118821369432316	0.11038783092326761
0.1575905029957489	0.10509652785639577	0.03392386246525528	0.17069348385428793	0.06483495543015028	0.13650689224541676	0.0780866685676544	0.059903261755157734	0.035366900567986526	0.15799694426194635
0.08416823835908198	0.07824383627658169	0.09797864797111132	0.16653773867059787	0.06251898061938435	0.18234155015097941	0.07045407298078005	0.05692378216954423	0.060463882326308886	0.14036927047563022
0.017328670452320782	0.11535370614297294	0.1733512280100725	0.11772748234917968	0.07716830427981308	0.18369211461127266	0.07062163229881453	0.06348488890001441	0.03498916230159854	0.14628281065394094
0.10294828995271404	0.032286680415313254	0.1648318451820231	0.07525664072428688	0.06946507053481006	0.21804353791436779	0.07417489870849867	0.06539418686423236	0.028416666581116426	0.16918218312263736
0.1572801956641658	0.05293496314786295	0.17322018529729072	0.0569257490309474	0.07662460228204049	0.17077859087501102	0.07110532633574917	0.06523343966338047	0.05170664188755844	0.12419030581599344
0.017841962571892647	0.14799651911340983	0.06067850433039418	0.222945197208921	0.07575568967562146	0.19465883876665227	0.08968596363359317	0.04538658747319792	0.028631917359253134	0.11641881986706447
0.06685884353998411	0.06363249515911158	0.13363173600769446	0.09593211797175757	0.07476975545606929	0.21949407783998598	0.07980902918095714	0.04401057952266352	0.05385279318585176	0.16800857213592452
0.08495009903862347	0.03590896918283261	0.18953458635237586	0.10359248164454515	0.07086395721069755	0.22212624581034068	0.09199831410880832	0.05714855149764453	0.031197013486248426	0.11267978166788334
0.17176020392934216	0.10141727077099391	0.11037538082415302	0.0927608159926967	0.06823120050381976	0.1357963001975023	0.09328472312796109	0.04785834314753357	0.028738988473898594	0.14977677303209877
0.05371653611954455	0.08209039644799879	0.09440251918321924	0.176171794607015	0.07273476904196607	0.1998337280076506	0.10000419099524792	0.0665104543557167	0.03549291921514165	0.11904269202649949
0.12161706155983337	0.08498171594370119	0.16753563305180608	0.031204804369055913	0.060130321926049723	0.1750151412048469	0.1004826435639998	0.04543227610070355	0.04830412643710824	0.16529627584289516
0.01802136727414963	0.17649815176609102	0.08716536900722306	0.12966008803088386	0.05914129807507642	0.19646538641743144	0.06992869110592537	0.06199358313678288	0.04201994685948178	0.15910611832695457
0.03374296049066816	0.14761660412253397	0.051828521450515405	0.16987737688006588	0.07780108869559291	0.16288033874175728	0.10605317364856802	0.053468590795085744	0.055871515290104895	0.14085982988510773
0.19910794735076512	0.06411455632911656	0.13394107589326823	0.057562389326669884	0.0635714888673621	0.15905454493500895	0.10524254384200504	0.046614767281358556	0.056256632887409	0.11453405328703639
0.16285230077924698	0.10359769949396684	0.050600931843147776	0.09453990770933844	0.06110738471776972	0.2118216235517439	0.09126674015675344	0.0646615831838746	0.037247897815151684	0.12230393074900654
0.02178241833004524	0.09677271503089173	0.21065415937031845	0.11307880302627676	0.06262165772695705	0.17883547812079514	0.09550104705528141	0.04547709960452326	0.056468088086564304	0.1188085336483467
0.0677983867020964	0.031420683272630354	0.10483833575755244	0.21033376210769544	0.08872861215537484	0.18912571863624866	0.06789076780892156	0.06312820905402972	0.04028246777563401	0.13645305672981659
0.047880120617498995	0.19406714494899524	0.03407091658411952	0.08545011448248883	0.08459726163308484	0.1736587733972711	0.11182614972839722	0.06752695744108422	0.03938397028639314	0.1615385908806669
0.2105241912193479	0.04636011865906463	0.04787310686682414	0.20256629675831556	0.07615036324881644	0.1457841765806019	0.07856990828942953	0.05353300268747233	0.029728198323993288	0.1089106373661341
0.18078480486300347	0.0642525554969495	0.16522010472426507	0.06299076675701067	0.08296688125308749	0.13522450762112062	0.0892169952712851	0.06000637762298518	0.04399721634415645	0.11533979004613633
0.03242117593659291	0.16983990829042972	0.1059092939628128	0.16291823564059305	0.05826440233853973	0.1463218075291762	0.06642056129836693	0.04841037824786101	0.055914032517797696	0.15358020423783
0.07205486793305503	0.13008450201557178	0.03252007984300544	0.12286506128171756	0.08886362167117341	0.19811544006305015	0.07344590881296505	0.06685101943424865	0.05960037917574867	0.15559911976946422
0.09483817967974445	0.1720224903580072	0.17668103669433352	0.03888193151641278	0.0842401112080702	0.15004520996606452	0.0740017388236224	0.04722166805656261	0.040968436237473566	0.12109919745970871
0.13978261135793943	0.05312657692967762	0.2147568270257083	0.08573009516786713	0.05784182793775576	0.1352832958444083	0.07780427081580989	0.04851416221683588	0.03445460013420773	0.15270573256978984
0.05801336623908692	0.16614887501335	0.14202391057444053	0.03226852027879759	0.08479157308399768	0.2275574475021277	0.08965150292512625	0.05688760159871574	0.03144522652495907	0.11121197625939853
0.1862308805175819	0.16261031269667256	0.07334071399159782	0.06009770554900756	0.07126225367970507	0.1435267329788969	0.08957198475240695	0.0653926127191568	0.03425397562250192	0.1137128274924724
0.12168246692661365	0.1444725428187723	0.08234985678452177	0.051356074697825646	0.08015084770365555	0.20682583812973196	0.11203123905964038	0.046592326226134725	0.04655004261584746	0.10798876503725649
0.21920648609575633	0.15590858591762072	0.023254537106351267	0.030006243307771893	0.06988701238793549	0.137123974605244	0.11177528067980855	0.05721197281919058	0.04677520958613446	0.1488506974941865
0.08697555003355242	0.20030693435225516	0.07683732283203704	0.03399241414315127	0.06177329146630871	0.2252592918064456	0.0722989346059884	0.06444697563023565	0.05429653046567083	0.12381275466435489
0.027543485276522575	0.08952636531607881	0.16639028777654566	0.12588830912109397	0.0643404726733999	0.21919592630636908	0.08297218193769933	0.048254928210272593	0.049768956020624235	0.12611908736139388
0.14318069811958162	0.16280498063045623	0.03025729548780999	0.052460123320047465	0.08334624133866292	0.1821492201340243	0.10750334331711507	0.05906488360469224	0.04000328426195236	0.13922992978565768
0.1530438483612926	0.19303150631136945	0.06062022755944334	0.03696157602672984	0.07866142929427651	0.1726282570786414	0.08373203113242397	0.06759893687582999	0.030539995500291642	0.12318219185970114
0.049231363044562035	0.11362044229473682	0.05720094016565961	0.14886251434535888	0.08541415386359785	0.16901219014216656	0.11199375048646061	0.0609037361474541	0.04204138896821029	0.16171952054179328
0.1493192494738545	0.07558200329389272	0.026917619641823542	0.18887669676376562	0.08268929520725807	0.15181974144499832	0.06790448268813677	0.045323947989673825	0.04439742740788784	0.16716953608870866
0.038609986923047096	0.15209260920459478	0.04829219141266775	0.14060430136231966	0.08154053325920135	0.2062757406178792	0.10065902559257311	0.049928006874323236	0.050653299199120344	0.13134430555427345
0.13883001575308268	0.22403634472968825	0.020464368600129845	0.03226414009750117	0.06358156159463153	0.20725110691927298	0.0675241151665989	0.04709880024718431	0.02998541083080232	0.16896413606110786
0.15507239333933265	0.09433728520177478	0.17804912959629204	0.051278116518637326	0.05911363391719367	0.13170647009182646	0.08169847994075496	0.05700682179370477	0.030432618382070675	0.1613050512184125
0.053247609957662076	0.20673484406515408	0.06587624154642704	0.06806850529372799	0.08156377432063983	0.18932076608732307	0.06950764172217853	0.04371333482301667	0.0606502392305	0.16131704295337063
0.04006254084687588	0.1301504287145011	0.05447280077939848	0.24742471524014215	0.06033252968484616	0.14957726158178236	0.10090904937869528	0.04433086929355666	0.05309706250802612	0.11964274197217586
0.19756674581744682	0.12463920790385188	0.02248146941438288	0.03726622725802224	0.05713325340755904	0.22857161825158262	0.11120636690650841	0.06380118638642336	0.04061102669070564	0.11672289796351701
0.1257779130789412	0.12883927962843145	0.1517315603372821	0.0561840872771606	0.07032122009743438	0.14353476963541398	0.08020367980990552	0.06463218784979961	0.04481826750289769	0.13395703478273335
0.14495595801877031	0.03446191768820919	0.18612091891865323	0.09149906588497216	0.05857418662298606	0.1491212019252357	0.07871455558309262	0.06923563724023295	0.03626177208930419	0.15105478602854347
0.04517612342152568	0.06074167866027921	0.1442662233757801	0.2105115606445343	0.08774733293226036	0.16793633933875096	0.07156387169447043	0.05439777709464875	0.035802092494936766	0.12185700034281347
0.05597082105596795	0.057094765276930234	0.11566384799602202	0.25079498127931327	0.06688473133779332	0.12693453566693685	0.08763199551714528	0.06528478361927313	0.03592171085854598	0.13781782739207193
0.127061352992863	0.14967248824182416	0.07755200163318543	0.07773690870750533	0.08778997196804388	0.1825607221315149	0.0810830137866608	0.043478578176787165	0.05736335561566351	0.11570160674595173
0.09863676450731168	0.06445605175728447	0.11344174832612966	0.1658750734036823	0.05857253361337716	0.13931586390764902	0.09262852386560566	0.05825551212682751	0.046660227438206005	0.16215770105392646
0.1319920212096128	0.08718006350730259	0.03349404160184315	0.14131995299683583	0.0751984128991153	0.1916632273715339	0.09784415846268191	0.06625983710124894	0.05408978619437162	0.12095849865545387
0.08209706946356313	0.09733442258483356	0.09459770128783888	0.15063990278897413	0.060577617735133094	0.14419508343974358	0.11269280506137277	0.05030374197454952	0.053126031706503	0.1544356239574883
0.10422980559244802	0.13421715860082745	0.03465392382835157	0.14278733092324658	0.06754999227564293	0.1696419084364486	0.08789528895067261	0.057443745840246946	0.04399901363665632	0.1575818319154589
0.028542478126617088	0.06702940910453561	0.11569210059279955	0.23116167282205524	0.07244201514239926	0.15365395097421686	0.10029616755460781	0.0643065484432075	0.04299274441533376	0.12388291282422734
0.037054460896400895	0.055098834066840685	0.08947851025879425	0.21755449024364848	0.07953648192042755	0.2180743336861617	0.09790127043984272	0.04582101093718644	0.048041781131110024	0.11143882641958727
0.11630590739816125	0.15338312611479313	0.14569399083534257	0.067766212983498	0.06891180658703362	0.13808234897610683	0.08305032619655187	0.057488035217795504	0.03736627299413944	0.1319519726965777
0.11443099690015705	0.08548580225857982	0.028824446027660752	0.19867433579906701	0.07935725432875573	0.16902134433188765	0.06658901555560257	0.05218300480121647	0.04492820677560781	0.16050559322146504
0.10981515999058979	0.04341862973607382	0.1644801296991461	0.07745873777099752	0.059556985296385735	0.19481336669549298	0.0932721773515449	0.0566086482118172	0.04362716470170137	0.15694900054625052
0.05695394424196423	0.07911068674846711	0.05692492939669202	0.23337549172471855	0.07612902798493576	0.18551238643151702	0.06778148459371502	0.0694092482229635	0.04509759287562617	0.12970520777940056
0.07277407029695758	0.21380929817869987	0.08731516487224364	0.1159269830769943	0.06469068069887593	0.15183645839822452	0.06833876495166437	0.04522298386574371	0.05401523423059118	0.1260703614300049
0.13615506305305664	0.022993715913416757	0.03483482420461401	0.24030184286004852	0.08375477540599313	0.19481243836905	0.09177912595820026	0.0512484089069796	0.029861785824722153	0.11425801950391887
0.14618902675779963	0.02536851330978694	0.15643482232955108	0.07567577283021487	0.07396457589014925	0.1979976629394019	0.09676898439633809	0.04655230959044384	0.05544176907478101	0.12560656288153324
0.04487490797203862	0.13425260244406478	0.06523226166343232	0.2578915603586886	0.058891523256795315	0.14756515825255506	0.07229756473502205	0.06502473132441283	0.03048014820628621	0.1234895417867041
0.11361886689665607	0.11167678354086535	0.031902989735319284	0.17478715675050183	0.065137882730088	0.14729853523396697	0.07324140445529362	0.06715365481310664	0.05186548626332676	0.16331723958087538
0.14450854425728332	0.11967191041339738	0.015493351310602574	0.19057498268625223	0.07848880343864667	0.1314637342487859	0.069779882648872	0.05993704364656337	0.028428463909496146	0.16165328344010027
0.029914968229848363	0.13570655999358106	0.01932449906861715	0.244311758970419	0.05958358893383175	0.20591142028147924	0.08390214784954142	0.049246500665687386	0.04624919370727067	0.12584936229972396
0.04049706542475506	0.20264554300003645	0.17331632734567376	0.06436909044827961	0.08682367388428357	0.13881960775649874	0.06804777705919464	0.061378705502654146	0.04464987337389987	0.11945233620472415
0.03524021043039498	0.19945660037699744	0.06471039682833571	0.12118468903267468	0.07563885265309679	0.19082876487662015	0.0816793830686741	0.0456402344190957	0.03221642447548785	0.15340444383862262
0.06654628224922585	0.19177547597195393	0.05098456335116887	0.0891901057906244	0.07637926679549116	0.1798477529106989	0.08861012867264594	0.061179757637122224	0.038934960104632266	0.15655170651643643
0.08400130764971377	0.18732229946354373	0.0529829502126159	0.1229566991264479	0.07205599378879132	0.1411749759901301	0.08443380712049574	0.05905549693691284	0.03220098610740561	0.16381548360394307
0.16644646400087196	0.03127706354605719	0.0742325947972669	0.057438289091434114	0.08429297618794743	0.2257340177427522	0.08662373236983809	0.05592786448352873	0.04264125443988499	0.17538574334041823
0.06742520766042776	0.15173761488396412	0.1700145026069334	0.05601439111859931	0.06605709785376286	0.17773123857865208	0.07612230738250608	0.0677013457058242	0.04644411418025775	0.1207521800290725
0.09162476446463788	0.042388259373432234	0.1770875168213359	0.08589018643584109	0.07792012847744156	0.21376030453684608	0.08370043136144216	0.046043675957549844	0.03316283999553078	0.14842189257594238
0.11106675788346798	0.04907187149872464	0.13830922341444826	0.13869970564900058	0.08231900489027964	0.12547780724320337	0.09363645637814823	0.06841970103734422	0.04578086614979434	0.14721860585558869
0.1841787506272574	0.054641472037694004	0.13786953747618458	0.06299630730739006	0.060441713203885854	0.1586909749061436	0.08256349449594358	0.05705211772582592	0.05147029017053181	0.15009534204914304
0.10640939403032712	0.11875471924504055	0.05041288472521385	0.09736265428734332	0.07711926046776069	0.20754942201161672	0.09044342638020937	0.048518856704448776	0.05015348764390508	0.15327589450413445
0.07745720154154495	0.07620036508910237	0.09192148553554702	0.1407252797795748	0.06844535113664825	0.1944378551282428	0.09367316890978102	0.056930249591995476	0.0352016909526575	0.16500735233490577
0.05189841750714669	0.13981515666313468	0.12771416055041435	0.11250333233400783	0.06791175624603936	0.19848455612110544	0.08599112514911066	0.046048111915342166	0.04385826844110943	0.12577511507258937
0.19205508168538782	0.11006884990368256	0.043733343987636134	0.07855079019420817	0.07382081441720975	0.1614145837641691	0.08110464511354401	0.05113517042169223	0.053911803406750544	0.15420491710571954
0.09820089392175284	0.12332672919934817	0.024822559761006197	0.12353854403733457	0.08780889231021806	0.21830423742934135	0.09469238973275877	0.06353088364330342	0.03981706197460928	0.12595780799032727
0.03044746927139183	0.0318242984351705	0.20075249431088865	0.15251799910859723	0.06029349586118821	0.22344183817195518	0.07588351624659768	0.06278149292631201	0.049209389212897636	0.11284800645500113
0.14690477883295983	0.051006029635307655	0.0541384601331495	0.22383351433222012	0.08449886208757282	0.13988167315038458	0.08001157234730952	0.06365675667058492	0.04700022745626048	0.1090681253542505
0.1019623616814193	0.026543254613291017	0.11706056272321264	0.235318677013942	0.057373275991967634	0.17546961480271905	0.0685259135470675	0.05517329664929989	0.04447559018963537	0.11809745278744557
0.09472036478930854	0.11320203402637727	0.08619400440147673	0.11488774515944492	0.07113532228915838	0.21728885315256963	0.08671349754978654	0.06569004726097619	0.0370769493345315	0.11309118203637028
0.06369316306578643	0.09243492690784799	0.12594487588204922	0.09231806237307283	0.0825638351746773	0.2034057991270628	0.11116953457762015	0.0656973409891907	0.04078608332597528	0.12198637857671729
0.11490318572414489	0.08629883662507155	0.057072186349983005	0.14395329440068594	0.08082396177014778	0.2056277169019139	0.08825430553917299	0.05103606881506001	0.03277354198984919	0.13925690188397066
0.11797329200714167	0.12621827782719758	0.0892835514064058	0.04888497695404978	0.08980961090283208	0.20080096852062773	0.10089737470195173	0.04518490727242153	0.0543229675590951	0.12662407284827695
0.168323403361909	0.037834543237281665	0.21211602105471733	0.07198844570622055	0.07198926158786464	0.1463352130428212	0.08296277137031301	0.06485774916554547	0.030250418149821545	0.11334217332350549
0.21339834114256595	0.04358389389328532	0.10157301926285778	0.09341234724196547	0.06192419923562459	0.21783855584104084	0.0679828064318653	0.044632546356971836	0.042924003844765704	0.11273028674905707
0.1558657002980429	0.023120865548764274	0.10265856606824011	0.12838584453195037	0.07394354188692512	0.15874843791235754	0.0974206343399656	0.0536009875725327	0.04971405780648686	0.1565413640347344
0.028583374014305926	0.058391651102412276	0.0957349709198497	0.20075706073192723	0.07929976544205204	0.18160262683735048	0.08046593399056816	0.06555993925593329	0.05730974055593365	0.15229493714966727
0.08986512901487269	0.12453442784096933	0.06438272785950555	0.08472048420993443	0.05696570584130291	0.22049084364449203	0.09921241045538863	0.06120465146350085	0.03021121151093306	0.16841240815910047
0.20047558178826233	0.1310393511089212	0.03003045098013289	0.056814953950453204	0.06187254290542078	0.195189888638634	0.0973703452387596	0.04243827661246461	0.03978663983772793	0.1449819689392233
0.21751564941243795	0.04504869984287456	0.031028444306227643	0.11396100496484941	0.06736792041592653	0.1935817999456612	0.09193974931229361	0.05084970064270686	0.055865762913457566	0.1328412682435646
0.05699408948621158	0.06218818757326848	0.11891623600444734	0.2473743491391749	0.07781298853268231	0.1539300850278791	0.07428303901943996	0.046676730381247346	0.05044187053233725	0.11138242430331172
