0.384266850520259	0.35910664580539536	0.25662650367434575
0.38439912408497595	0.3590360784134879	0.25656479750153627
0.38433315805372903	0.35904902733876193	0.25661781460750915
0.3843932815920019	0.3590032820676011	0.25660343634039706
0.3844182560216388	0.35900273661650495	0.2565790073618563
0.3842671933532227	0.3590954567095807	0.2566373499371967
0.3843458742596805	0.3591035740598163	0.25655055168050334
0.3843389402106432	0.3590266121738456	0.2566344476155113
0.3843909289837872	0.3590156395527801	0.25659343146343283
0.38439168379165245	0.35898682655002834	0.2566214896583193
0.3843496703396899	0.35907921600809756	0.2565711136522127
0.38427392823689527	0.3591052648555193	0.25662080690758554
0.38439934882350807	0.35899854743244686	0.25660210374404513
0.38437374380253114	0.3590763621114334	0.25654989408603557
0.3844040487521722	0.3589970320318533	0.2565989192159746
0.38435589229809497	0.3590430508326303	0.25660105686927487
0.3844910936829203	0.3589816673877805	0.25652723892929935
0.3844666870895166	0.35896808525414325	0.25656522765634027
0.38437294800505495	0.3591072512352385	0.25651980075970665
0.3843298695621433	0.3590503881358005	0.25661974230205636
0.3844468572222322	0.35896601458149596	0.25658712819627194
0.3843278058352343	0.3590498206735051	0.2566223734912607
0.38447131780469845	0.35898017430000173	0.2565485078952999
0.38448169858631875	0.35899412944780457	0.25652417196587673
0.3843621541160917	0.3591011263991273	0.25653671948478113
0.38433481277379666	0.35904389886995586	0.2566212883562476
0.38442967159601454	0.3589690577511837	0.2566012706528018
0.3844585261691177	0.35898342561618024	0.2565580482147022
0.3843466906695834	0.3590503221459483	0.25660298718446845
0.3843892713528321	0.3589966438962673	0.2566140847509007
0.38448576941102386	0.3589965654581453	0.25651766513083096
0.3844213137163445	0.3590372082862716	0.25654147799738397
0.38431361326676816	0.35909191446993105	0.2565944722633009
0.3843779255896865	0.3590187055116947	0.25660336889861896
0.3843554337589009	0.3590153016687894	0.2566292645723097
0.38445854286231335	0.3590151573998552	0.2565262997378316
0.384475305407044	0.3589600661248064	0.25656462846814965
0.3843106281695038	0.359075692983112	0.2566136788473844
0.3844802393880748	0.3589617635192732	0.2565579970926521
0.38438589883224183	0.3590705300305541	0.25654357113720416
0.38446033126144114	0.3589859438270085	0.2565537249115505
0.38434965178186786	0.35907254844287	0.25657779977526224
0.3843984583443262	0.35897804192217325	0.25662349973350074
0.3843165212022828	0.3590843517925498	0.2565991270051674
0.3844890712886111	0.358968606793875	0.256542321917514
0.38444015339715504	0.3589975104747869	0.2565623361280581
0.38449240034056864	0.3589814653140396	0.25652613434539184
0.3843869623153248	0.3589904809934341	0.25662255669124123
0.38441763214452046	0.35901299143328697	0.2565693764221927
0.38428163335987375	0.359106766424377	0.25661160021574936
0.3843516193205596	0.3591067683292104	0.25654161235023004
0.3843847485706343	0.35900363678788205	0.25661161464148374
0.3843584677077917	0.35905547377395547	0.25658605851825295
0.38432110154099625	0.3590586478187237	0.25662025064028016
0.38443969868920086	0.35901028413617186	0.2565500171746274
0.384385358036228	0.3590919683113821	0.25652267365239
0.38437330294860766	0.3590237614681241	0.2566029355832684
0.3844298278072578	0.35898580651012096	0.25658436568262133
0.3843795503202137	0.3590109605649652	0.2566094891148213
0.38437886584558006	0.35904183416737	0.25657929998705004
0.384407574830367	0.35902797606603326	0.25656444910359977
0.38436548481657984	0.3590878237254465	0.25654669145797376
0.38438069869923247	0.3590278548517346	0.25659144644903303
0.384418281147937	0.3589841096965846	0.25659760915547847
0.38438365875229197	0.35901823364387103	0.25659810760383717
0.38430346825638445	0.35907678343852334	0.2566197483050924
0.38436402753816296	0.35902514583857903	0.25661082662325807
0.3844257043327556	0.3590157562758838	0.25655853939136075
0.38433143481131293	0.3590374829169932	0.25663108227169396
0.38440317086648856	0.35901980781769843	0.2565770213158131
0.3844417582638482	0.35900375199913875	0.2565544897370132
0.38430085104758727	0.3590680280085958	0.25663112094381707
0.38442569072777666	0.35903943903960744	0.256534870232616
0.38438141797640707	0.35906921016348703	0.256549371860106
0.38436801018575584	0.3590988990242745	0.2565330907899698
0.3844343879470998	0.35904516805398057	0.25652044399891977
0.38433836413327727	0.3591176827434059	0.25654395312331696
0.3844908671146262	0.3589593669596351	0.25654976592573875
0.384403907067508	0.35904935656768183	0.2565467363648103
0.38440228471063903	0.3590394703596851	0.256558244929676
0.3844175429359645	0.35900927717383735	0.2565731798901983
0.3843429371937575	0.3591103848777649	0.25654667792847763
0.3845084934266649	0.3589667376097128	0.2565247689636224
0.38430552431172127	0.3590880096972026	0.25660646599107617
0.384391489312149	0.35900549868079984	0.25660301200705127
0.3844220774983371	0.35901705701360187	0.2565608654880611
0.38435607141616224	0.3590319926179991	0.25661193596583876
0.38436176126811555	0.35900428601322876	0.25663395271865574
0.3842747261316769	0.3591069076297818	0.2566183662385414
0.38428026826077694	0.35909686722087747	0.2566228645183457
0.38432669425160937	0.3590983044993949	0.2565750012489959
0.3844172954181697	0.3590532704839423	0.25652943409788803
0.38432683022491637	0.3591075273573135	0.25656564241777025
0.3844079966520835	0.3589948573960343	0.2565971459518823
0.3843189715853826	0.3590860547082356	0.25659497370638196
0.3843293135506215	0.3590825326813078	0.2565881537680708
0.38431374633529736	0.35908417644259927	0.2566020772221035
0.3843692308987293	0.35907773345279265	0.25655303564847814
0.3844120335906169	0.35905116627366296	0.25653680013572033
0.38438359750871653	0.35903571228271425	0.25658069020856933
0.38433236993594333	0.35910816110469107	0.2565594689593657
0.3844578185059599	0.35897352579262876	0.25656865570141146
0.3843981986998349	0.3590037637908453	0.25659803750932
0.38435357606141146	0.3590218672420989	0.25662455669648976
0.3843743842235326	0.3590024184807001	0.25662319729576744
0.3843831596680153	0.3590788368154566	0.2565380035165282
0.3844255838485056	0.359046894296226	0.25652752185526845
0.38439355630715294	0.3590834211305813	0.2565230225622659
0.3842950965124984	0.3591124798063644	0.2565924236811373
0.3842852788807897	0.3591152327857983	0.25659948833341206
0.38438709657126546	0.35900672929719674	0.2566061741315379
0.38448944482538333	0.3589870667576777	0.25652348841693906
0.38439221320974704	0.35898474064386804	0.256623046146385
0.38445114346308706	0.3589770996300478	0.25657175690686523
0.38441711658340744	0.3590068742467653	0.25657600916982737
0.38437160514811375	0.3590996634078396	0.25652873144404675
0.3842699321474834	0.35911680067652735	0.25661326717598937
0.3844089271491882	0.35898613653850575	0.2566049363123062
0.3843770644907092	0.3590543762064712	0.25656855930281974
0.3843526598274431	0.3591039246931618	0.2565434154793952
0.384499673537929	0.35896592549232575	0.2565344009697454
0.3844568825404616	0.35897040551687276	0.25657271194266573
0.38438651919191097	0.35902596830620886	0.2565875125018803
0.3843796998874084	0.3590064648350356	0.2566138352775561
0.38437439088895925	0.3590188020843799	0.25660680702666094
0.38441496914703244	0.3589997713857767	0.2565852594671909
0.3843176980668252	0.3590711477688905	0.2566111541642844
0.3843629800074008	0.35903773238280423	0.256599287609795
0.38432596711533606	0.35908440072217696	0.25658963216248704
0.38434448601400006	0.3590544863723727	0.25660102761362735
0.3844551923637957	0.3590026783527525	0.2565421292834519
0.3844894331456399	0.3589791679274882	0.25653139892687205
0.38446731551084995	0.35896278502783996	0.2565698994613102
0.3842749636935706	0.35910754874044204	0.25661748756598746
0.38448032785607594	0.358974824525479	0.25654484761844515
0.3843892610786451	0.3590583833114501	0.2565523556099049
0.38429755956544615	0.3591135252536888	0.25658891518086513
0.3844757710700797	0.35895933879941394	0.2565648901305065
0.38437219985052057	0.3590531473206711	0.2565746528288084
0.3844912586279755	0.3589596495517204	0.25654909182030416
0.38437120998537183	0.3590762297652631	0.2565525602493651
0.38440973649972787	0.35896148079572154	0.2566287827045507
0.384401195678608	0.35898494478208615	0.25661385953930593
0.38437584044237433	0.35901683364700987	0.25660732591061586
0.38433632975739196	0.35905424036872374	0.2566094298738844
0.38436952893444964	0.3590882111079737	0.25654225995757685
0.3844004643346409	0.35901195340287695	0.25658758226248224
0.38438374664949715	0.35903977794246933	0.25657647540803363
0.38441778674769406	0.3590297952774059	0.25655241797490014
0.3844235926845132	0.3590251364484955	0.2565512708669914
0.38431474910982116	0.3591071932925985	0.25657805759758046
0.38432442064407907	0.359096426552962	0.25657915280295907
0.38438411474887474	0.3590250640752777	0.2565908211758477
0.3844282088162725	0.3589952372784593	0.25657655390526835
0.38447274565167616	0.35896257221638406	0.25656468213193984
0.384307629175235	0.3591038124708177	0.25658855835394745
0.3843418600196338	0.35904721859799427	0.25661092138237207
0.3844545920073448	0.35901138847180264	0.2565340195208527
0.3844545478354829	0.3589798743027666	0.2565655778617506
0.38434870955891076	0.35908423373281356	0.25656705670827584
0.38436411493339917	0.35905963705761745	0.2565762480089835
0.3842777806117027	0.35910490500691633	0.25661731438138113
0.38433960126314165	0.35909273901144956	0.2565676597254089
0.3844116053379926	0.35898206723232184	0.25660632742968564
0.38444510873896753	0.35898630841617984	0.25656858284485273
0.38434615781044634	0.3590288691890815	0.25662497300047227
0.3844903348023568	0.3589905503810679	0.2565191148165754
0.3843311999157558	0.3590923529983144	0.2565764470859299
0.384446254802128	0.35900879421956017	0.25654495097831187
0.38427327495136926	0.3591169481062374	0.25660977694239345
0.3843992930286413	0.3590773907228342	0.2565233162485247
0.3843122171485556	0.35911065062752795	0.25657713222391654
0.3843338954059768	0.35904251159765704	0.2566235929963663
0.38433685307944043	0.35908922021220135	0.2565739267083583
0.38448533488058145	0.3589774968263154	0.2565371682931032
0.3844685315138385	0.3589634839822987	0.2565679845038629
0.3843869918874431	0.35898795930491767	0.25662504880763937
0.38440932492437924	0.35907147225154623	0.25651920282407464
0.38443622449608195	0.3589773073052232	0.256586468198695
0.38444800156686393	0.35896951778377023	0.25658248064936595
0.3843680900958082	0.35906367201541317	0.2565682378887788
0.3843677987037816	0.35900274967305557	0.256629451623163
0.3844303623938528	0.3589763409758109	0.2565932966303364
0.38443132210822195	0.3590095067262675	0.25655917116551064
0.38428910310542286	0.359093846115865	0.2566170507787123
0.3844122912040254	0.3590628918238661	0.2565248169721086
0.3843393118075438	0.35910797036023345	0.2565527178322228
0.3843664535839899	0.35903545661542474	0.25659808980058546
0.384479430509816	0.3589615887952622	0.25655898069492195
0.3844482632801894	0.35897378322696955	0.2565779534928412
0.3843033488129919	0.3590590446618843	0.2566376065251239
0.38445132321876835	0.35901374861146634	0.2565349281697654
0.3843750273257544	0.3590515339097419	0.2565734387645038
0.3843961496394515	0.3590606028238954	0.25654324753665314
0.3843971104317022	0.358973935326517	0.2566289542417809
0.3844329224398655	0.35896187749774516	0.2566052000623894
0.3844673924061075	0.35896242134624523	0.2565701862476474
0.3843482929465646	0.35903729761708847	0.25661440943634706
0.38437782395803205	0.35904138372779526	0.25658079231417286
0.38435288188611877	0.35902815426964485	0.2566189638442365
0.38446174732255556	0.3589648666465152	0.25657338603092933
0.3842934744709662	0.3590932464608968	0.25661327906813713
0.3844178880562928	0.358981846102915	0.2566002658407924
0.3843635804790157	0.35904982279788344	0.256586596723101
0.38447082317504994	0.3589675375004705	0.2565616393244797
0.3843629572305026	0.35905699457328993	0.25658004819620756
0.384303923147545	0.3591146940126714	0.2565813828397837
0.3843462249734082	0.35909281748036775	0.25656095754622416
0.384462927502807	0.35898917621124876	0.25654789628594443
0.38443926256857747	0.3589793591859172	0.25658137824550536
0.3843431875035898	0.35909982988858213	0.25655698260782817
0.38441474942868886	0.3590577969439694	0.25652745362734186
0.3844265651727026	0.359023113994518	0.25655032083277957
0.38445040509492684	0.3590018541611805	0.25654774074389275
0.3844460166007382	0.3589745381922857	0.2565794452069763
0.384416449672505	0.35903744831437534	0.2565461020131197
0.38435805904432385	0.3590199284832177	0.2566220124724586
0.384330899979505	0.3590476836841616	0.2566214163363335
0.38443972171370255	0.3590110341701411	0.2565492441161565
0.38436844088038946	0.3590787332653491	0.25655282585426153
0.38439111532630715	0.3590455504101961	0.25656333426349687
0.3843717721735924	0.3590371990784035	0.2565910287480042
0.38440397490171674	0.3590293788598741	0.25656664623840925
0.3844110224490693	0.3590611763546131	0.2565278011963178
0.3844276047311394	0.35900672719889737	0.2565656680699633
0.3844406520363559	0.35902546461487195	0.25653388334877225
0.38432396998116947	0.3590579974393081	0.2566180325795226
0.38436249275554274	0.3590584198190231	0.2565790874254342
0.38433662475638486	0.3590698454969283	0.256593529746687
0.38427452939369905	0.35910844590644064	0.25661702469986036
0.38437613764371936	0.3590023637270868	0.2566214986291939
0.38440897090741794	0.358983709896625	0.25660731919595714
0.38434157945409925	0.35903255199668116	0.2566258685492197
0.3842934722142658	0.3590907108199341	0.2566158169658002
0.38436733413342705	0.35900757690231416	0.2566250889642589
0.38443308495119444	0.3589660123832503	0.25660090266555535
0.3844288351353299	0.35899149578811623	0.25657966907655405
0.3844042053145916	0.3590742458266588	0.2565215488587498
0.38446922348001633	0.35897813645398513	0.25655264006599865
0.38426408835025394	0.3591124901831899	0.25662342146655626
0.38439559043106053	0.3589750471721401	0.2566293623967994
0.3843966981182665	0.35902546227826176	0.25657783960347186
0.38440049374655666	0.35906095461799775	0.2565385516354457
0.38446009164547645	0.35900243261975506	0.2565374757347686
0.38428648678630256	0.35908555240349044	0.2566279608102071
0.3844413142683972	0.35902714298863986	0.256531542742963
0.3843093540479734	0.3590524343263797	0.25663821162564704
0.3844944881585708	0.3589745581921661	0.2565309536492632
0.3843300151220821	0.359093644471925	0.25657634040599303
0.3844901151811403	0.3589675203459785	0.25654236447288137
0.3844232095202585	0.3590569131668777	0.25651987731286396
0.38440303619261423	0.35901587409084956	0.25658108971653637
0.38432405808083847	0.35908973644237663	0.256586205476785
0.3843042401755754	0.359092181216803	0.25660357860762173
0.3843373690164886	0.35911407592977596	0.2565485550537355
0.38438964837322726	0.3589999959504516	0.25661035567632123
0.38438137370776715	0.359026231571599	0.2565923947206339
0.3844528758694627	0.35901899378498975	0.25652813034554767
0.3843811847416673	0.3589851672788418	0.256633647979491
0.38439126040581784	0.3590895364158447	0.25651920317833754
0.3844306634756758	0.3590329052049308	0.2565364313193935
0.384329153965794	0.35909110555650187	0.25657974047770427
0.3843026833266187	0.3591012860422079	0.2565960306311735
0.38436924567811065	0.3591010748814296	0.25652967944045985
0.3844456211411727	0.3590250616695734	0.25652931718925404
0.3843029671822893	0.35908903896074396	0.25660799385696687
0.38434662197749647	0.3590800421333998	0.25657333588910386
0.3844328856486071	0.35899045476950786	0.2565766595818852
0.3843095940664849	0.35905278708917077	0.25663761884434444
0.3843706219352051	0.35905327226022404	0.25657610580457096
0.38439934263685893	0.3589952734781885	0.2566053838849527
0.3844221385310267	0.3589841518986332	0.2565937095703402
0.38427442015807556	0.3590986968824073	0.2566268829595173
0.3844055375782497	0.3590653826229372	0.2565290797988133
0.38442536660416954	0.3590197624677321	0.2565548709280985
0.3843876363988809	0.35909228949575456	0.25652007410536465
0.38427215571964346	0.3591093970651808	0.2566184472151759
0.3843185823548847	0.3590738057636903	0.2566076118814251
0.38433578417198977	0.3590855639837781	0.25657865184423223
0.3844723638832182	0.3589629525748054	0.2565646835419765
0.3843398694938693	0.35907547531922274	0.2565846551869081
0.38441922623642366	0.35905115877604243	0.25652961498753396
0.38437750113244246	0.3591048859053687	0.25651761296218895
0.38431852105966335	0.3590611790442427	0.2566202998960941
0.3843162282489657	0.359096226340017	0.2565875454110174
0.3843736546856768	0.35900673450847953	0.2566196108058438
0.38434921701904606	0.35904593548198327	0.25660484749897083
0.3843717663434616	0.3590651114486374	0.2565631222079011
0.38429512615277595	0.3590986257664134	0.2566062480808108
0.3843671651168548	0.35900708611851306	0.2566257487646322
0.3843140031438236	0.35908038424953703	0.2566056126066395
0.3843197835771416	0.3590838843634331	0.25659633205942545
0.38440458443962633	0.3589900001564581	0.2566054154039157
0.38426146495945646	0.3590996465370582	0.2566388885034854
0.3844386776686496	0.35900193153799176	0.25655939079335877
0.3844657614802638	0.3590006172089804	0.25653362131075597
0.3845019096598102	0.35896081184414935	0.2565372784960406
0.3844098711721251	0.3590026371272185	0.2565874917006565
0.3844192681224127	0.35897994168257996	0.2566007901950074
0.3843282358653295	0.3591152624211712	0.2565565017134995
0.38445564282895506	0.35901416816878196	0.2565301890022631
0.3843257387414558	0.35910832648377883	0.25656593477476547
0.384318532188489	0.3590899957659322	0.2565914720455789
0.3843544912814122	0.35911281588638966	0.2565326928321982
0.3844487294755288	0.3589678921380725	0.2565833783863988
0.3843120910345862	0.35905791208921695	0.256629996876197
0.38437136563014723	0.35911020251447734	0.25651843185537554
0.384300170610937	0.3591112291054901	0.256588600283573
0.38433346423578496	0.3591179898067002	0.256548545957515
0.3844046662163076	0.35896153016695437	0.25663380361673815
0.3843810110757502	0.35903720296923164	0.25658178595501824
0.38433779016753705	0.3590422905207896	0.25661991931167344
0.3843611127467549	0.35909461909979024	0.25654426815345494
0.3842836986644962	0.3591052533969851	0.2566110479385188
0.3844868390947717	0.3589743572338259	0.25653880367140247
0.3843676789657584	0.3590492204693672	0.2565831005648745
0.3844467484058507	0.3590183023758748	0.25653494921827463
0.3843220940716115	0.35904660482756345	0.25663130110082516
0.384473851807338	0.35897288153125684	0.2565532666614052
0.38430737738933274	0.35906669905134647	0.2566259235593209
0.38446587404287563	0.3589640511612945	0.25657007479583
0.384350450680678	0.3590938849030755	0.2565556644162466
0.3844233011205134	0.35902497744032136	0.2565517214391653
0.38427992635669755	0.35908337637558	0.25663669726772254
0.38434502776673285	0.3590960501942935	0.2565589220389738
0.384335407474874	0.3590886190261183	0.2565759734990078
0.3844673719962583	0.3590095332307231	0.25652309477301877
0.38428265128444317	0.3590969596839409	0.25662038903161605
0.38429413396527334	0.3591137229151227	0.25659214311960404
0.3843887856136202	0.3589813706291157	0.25662984375726416
0.3844642747908311	0.35901295952453677	0.2565227656846322
0.384474900609853	0.3589677326877372	0.2565573667024099
0.38433813717928483	0.3591129308602225	0.2565489319604928
0.3843433317610261	0.35902912701939316	0.25662754121958087
0.3844896193091228	0.35896435854019504	0.2565460221506823
0.38447626719529454	0.3589737987226366	0.25654993408206894
0.3843893225885305	0.3590674268662288	0.25654325054524085
0.38439225635608343	0.35898844010438014	0.25661930353953655
0.3843599739211437	0.35908254683679214	0.2565574792420643
0.3843400935866581	0.3590545352671032	0.2566053711462389
0.3844553481035469	0.35901483286189756	0.25652981903455563
0.3844185949918475	0.35905800459091597	0.25652340041723665
0.38437229285095087	0.3590626093260509	0.25656509782299836
0.38439404560786394	0.3589957269993145	0.2566102273928217
0.38437122475977076	0.359082070564953	0.2565467046752763
0.3843884426262234	0.3589740017015778	0.2566375556721989
0.3843853763065098	0.35903444074340907	0.2565801829500812
0.38441679366099163	0.35904636548085345	0.25653684085815504
0.3843423688615421	0.3590256203074502	0.2566320108310078
0.3843451717932972	0.3590369446409658	0.2566178835657371
0.38426595058727586	0.3591058341287473	0.25662821528397695
0.3844854398144617	0.35899326993954117	0.25652129024599724
0.38441146353085626	0.3590088938906984	0.25657964257844545
0.3842991440360707	0.35910228815294976	0.25659856781097967
0.38433418971268196	0.3590373964781853	0.2566284138091328
0.3843778016906439	0.35907577168668037	0.2565464266226758
0.38426379196595906	0.35910885490018335	0.25662735313385765
0.38436586388178307	0.35900541583673173	0.2566287202814853
0.38433149053807353	0.35904616592553545	0.25662234353639113
0.3844423477875256	0.3589852306680418	0.2565724215444327
0.38436554951551843	0.3590146684673392	0.2566197820171425
0.3843566845864674	0.35903957368012246	0.2566037417334103
0.38429422704942906	0.3591052852975706	0.25660048765300053
0.3844085479378874	0.35900021771399016	0.2565912343481226
0.38447874120363557	0.35898553336915484	0.2565357254272097
0.3843634345414223	0.35901940470178934	0.2566171607567885
0.3844748263863291	0.3589942880162789	0.256530885597392
0.3842687015834691	0.359107499785152	0.256623798631379
0.3844246921072256	0.3590485653461789	0.2565267425465957
0.38440109351022533	0.35898432417225523	0.25661458231751955
0.3844594854577565	0.35899681960376245	0.25654369493848117
0.3844496464685032	0.3589703939127391	0.2565799596187578
0.3843864931684772	0.3589956895070276	0.25661781732449535
0.38443436386315816	0.35900531155071747	0.2565603245861245
0.3844371413335936	0.3590338683834826	0.2565289902829239
0.38439420164476945	0.35903062958925636	0.2565751687659743
0.38436698432676847	0.35902300518301145	0.2566100104902202
0.38435372477776447	0.3591113453050923	0.2565349299171434
0.3842878470750102	0.3590973997091174	0.2566147532158725
0.3843926940484069	0.359084144484169	0.25652316146742427
0.38445498986217774	0.3589915957218823	0.25655341441594004
0.38441693691818885	0.3590014900070917	0.25658157307471957
0.384457388871115	0.3590210753359049	0.2565215357929802
0.3843998699368733	0.35908098589904824	0.25651914416407856
0.3844654721905307	0.35898584579087117	0.25654868201859826
0.38438279300359823	0.3590039765348966	0.25661323046150536
0.3843415869646281	0.35902353103920315	0.25663488199616885
0.38429711312717907	0.3591125972925839	0.25659028958023716
0.3843153026155742	0.35908280809325316	0.2566018892911728
0.3843290163801155	0.3590888892413264	0.25658209437855817
0.384399000507392	0.35900075476506943	0.2566002447275387
0.3844907670898652	0.35897181700923575	0.2565374159008992
0.3843596298605717	0.35904496599893004	0.2565954041404983
0.3844161224337354	0.35896982805043554	0.2566140495158292
0.38431921613542674	0.35909836355985886	0.25658242030471456
0.38433291946530723	0.3590770782322861	0.2565900023024068
0.3844495792078398	0.35899683501502855	0.2565535857771317
0.38434318104978876	0.3590404829641639	0.25661633598604744
0.38444669450868685	0.35899778881584965	0.2565555166754636
0.38442577836796743	0.3590444845256793	0.2565297371063534
0.38433881724831676	0.35908417050156377	0.25657701225011953
0.384340885472343	0.35905674143230865	0.25660237309534845
0.384424025135837	0.35904356289368294	0.25653241197048016
0.38447029635001245	0.3589649985370745	0.2565647051129132
0.38440629763244755	0.3590457180079087	0.2565479843596439
0.384403830315239	0.3590548064320801	0.256541363252681
0.38437587775416776	0.359009969200884	0.25661415304494833
0.38440925157222405	0.35901586835577204	0.256574880072004
0.38436854718669294	0.3590253773760672	0.25660607543723996
0.38446936046321617	0.3589730559119748	0.25655758362480907
0.3843983083265173	0.35900000732122284	0.25660168435225994
0.38442198906272756	0.3589822642858965	0.256595746651376
0.38431577651226334	0.35907798726034357	0.2566062362273932
0.3844145388699996	0.3589851214228967	0.25660033970710383
0.3845023870072938	0.35897615809401673	0.25652145489868955
0.38448442454294046	0.3589852304897843	0.25653034496727534
0.3843624397622209	0.35905391864069913	0.25658364159708
0.38447710938522545	0.3589848573307728	0.2565380332840018
0.3844234609258132	0.3589701233476811	0.25660641572650583
0.38438310085647187	0.35908669285624184	0.2565302062872864
0.3844753694811892	0.3589827439187629	0.25654188660004795
0.38436582237599326	0.35905491250929256	0.2565792651147143
0.3842868107407501	0.3590869127232418	0.2566262765360082
0.3844018022551735	0.3590705338307724	0.2565276639140542
0.38439937941196506	0.3590044706777016	0.2565961499103334
0.38427957396769014	0.3590888227094525	0.25663160332285745
0.38428151060537374	0.35910040581773073	0.2566180835768956
0.38434500996416654	0.35907086226297075	0.2565841277728628
0.38442064202597265	0.3590320144923266	0.25654734348170094
0.3844755668468	0.35897942974917535	0.25654500340402475
0.38428983129546584	0.359075318289843	0.25663485041469125
0.3844310833058863	0.359000595093046	0.2565683216010678
0.38430373898806847	0.35909252442157397	0.25660373659035773
0.3843732470180639	0.35903382185322313	0.25659293112871306
0.3843651046950667	0.3590731550658761	0.2565617402390573
0.3843474363855368	0.3590783472983282	0.25657421631613503
0.3844143976734841	0.35896568433441844	0.2566199179920976
0.38433917888008284	0.3590915594262873	0.25656926169363
0.38444195139792403	0.35896701041451956	0.2565910381875565
0.38438016710756834	0.35906170978245805	0.2565581231099737
0.38436126459017683	0.35908723192610154	0.2565515034837217
0.38439866561982095	0.3590662749830057	0.25653505939717347
0.38430012040237277	0.3590951809318223	0.25660469866580504
0.38426587277942514	0.35910870614429025	0.2566254210762847
0.38444112033517497	0.35902430060330853	0.2565345790615166
0.3843503771809664	0.35909277253590244	0.2565568502831313
0.3843867824443193	0.3590832018768879	0.25653001567879297
0.3844166093835217	0.3589752142200248	0.2566081763964536
0.38427128792337906	0.35910616922730276	0.2566225428493183
0.3843861446776892	0.3590246823751004	0.2565891729472105
0.384482925317923	0.358979234659184	0.2565378400228931
0.38437746924780475	0.3590971722273583	0.25652535852483704
0.384469800536528	0.3589744316445736	0.25655576781889855
0.3843967999551228	0.3590654997623381	0.2565377002825392
0.38444808921254714	0.35898973109940735	0.2565621796880456
0.3843736739824441	0.35904830156785805	0.25657802444969796
0.38441873063140297	0.35899342437970494	0.2565878449888922
0.38431254217266214	0.3590534431591997	0.2566340146681383
0.38437534726752176	0.3589968230741467	0.25662782965833164
0.38433714406186603	0.359096195987914	0.2565666599502201
0.3843083990438102	0.3590937476348359	0.256597853321354
0.3843008019821953	0.3590644262740356	0.25663477174376925
0.3843157933330374	0.3590793619256357	0.256604844741327
0.38432046734781933	0.359072913501692	0.25660661915048877
0.3843562939232549	0.3590201109264409	0.2566235951503043
0.3843016945142339	0.35910712945918666	0.25659117602657955
0.38433920260003107	0.35907809516438977	0.2565827022355793
0.38441572279804465	0.35896234261888366	0.2566219345830718
0.38444598242653766	0.3589821304032093	0.25657188717025314
0.3844038378513002	0.3589676827675256	0.2566284793811743
0.38439681977060797	0.3590817596188321	0.25652142061056005
0.3842759894721748	0.35909347625956034	0.256630534268265
0.3842777598413223	0.35908979248953854	0.2566324476691393
0.384490528288729	0.3589871235072098	0.2565223482040613
0.3843785270588418	0.3590852191390998	0.2565362538020585
0.38436939889199234	0.3590175682000839	0.25661303290792387
0.38448371540059273	0.3589915036219162	0.25652478097749115
0.38435165403387117	0.35905071966859714	0.2565976262975318
0.3843232323060224	0.35909764652994225	0.2565791211640355
0.3844489829490451	0.35898894393287095	0.2565620731180841
0.3844065440276562	0.35900177989831034	0.25659167607403355
0.3844916533181951	0.3589810017196649	0.2565273449621401
0.38446675404015307	0.3589620637782028	0.2565711821816442
0.3843896079977063	0.35903032751719244	0.25658006448510134
0.3843211225811745	0.3591162486763409	0.2565626287424847
0.38431124893546537	0.3590883680402022	0.2566003830243325
0.3844503012565012	0.3590294075211948	0.25652029122230413
0.38438206882648274	0.3590088327749807	0.25660909839853663
0.38447167372530305	0.35896880952164895	0.25655951675304806
0.38431385902649273	0.35908334283165977	0.25660279814184755
0.38430975153344693	0.35905734817373675	0.2566329002928164
0.38436712610207113	0.359059727856501	0.256573146041428
0.38438548230732633	0.35905328878494375	0.25656122890773003
0.3844273191787926	0.3590157902769834	0.25655689054422415
0.38445745299216016	0.35902508627678625	0.2565174607310537
0.38430909092449594	0.3591083191664697	0.2565825899090345
0.38445810900806204	0.35901313812162466	0.2565287528703134
0.38444534238741773	0.3590358519978072	0.25651880561477525
0.3843596793838225	0.3590990814875913	0.25654123912858634
0.3843815119965449	0.35907385958225946	0.25654462842119574
0.3843767262715414	0.3590887661120291	0.2565345076164296
0.3843664880382152	0.35910671183477416	0.25652680012701073
0.38426951004687665	0.359108673533836	0.2566218164192875
0.3843653624559783	0.35906417793538387	0.256570459608638
0.38431180931543635	0.3591144056486095	0.2565737850359543
0.384380834929795	0.35901055694263057	0.25660860812757447
0.38443678063086556	0.3590225087034029	0.25654071066573164
0.3844328389298038	0.3589693545169327	0.2565978065532636
0.384362663696076	0.35903396242977503	0.256603373874149
0.3843098909480759	0.35905871343123297	0.2566313956206912
0.38444462246965644	0.3589714198429799	0.25658395768736375
0.38427487326487403	0.3591006823120564	0.25662444442306975
0.3843241084248076	0.35911565993830646	0.256560231636886
0.3843776351249536	0.3590959957083699	0.25652636916667665
0.3845025604145443	0.35896894278167607	0.2565284968037798
0.38435965595259747	0.3590905665647529	0.25654977748264973
0.3844248689482273	0.35902214532269056	0.25655298572908225
0.38448659917003436	0.3589951341147869	0.25651826671517886
0.3843897214559435	0.3590054322063866	0.25660484633767
0.38438474147384033	0.35906242834311636	0.25655283018304337
0.3843321327413157	0.3591172462212286	0.25655062103745585
0.38442758925187726	0.35903109050116766	0.25654132024695525
0.3843081640368132	0.35908750066590733	0.25660433529727955
0.3844155199052118	0.35899595367289383	0.25658852642189445
0.384371956883001	0.3590390692796051	0.256588973837394
0.38437749137888566	0.3590515852563468	0.25657092336476767
0.3843713529384988	0.35903588583645935	0.256592761225042
0.38447968388578785	0.35897885785860895	0.2565414582556033
0.3844460115049435	0.35899707897340977	0.2565569095216469
0.38436396868785355	0.35903621617807885	0.2565998151340677
0.3843499577305519	0.3590752595979987	0.25657478267144956
0.3843905352143408	0.35905605335533286	0.2565534114303264
0.3842876927909355	0.359102028333057	0.2566102788760076
0.38440884916115226	0.3589932993898964	0.2565978514489515
0.384384442467413	0.35898018272669124	0.2566353748058958
0.3844461954712922	0.3590274371209912	0.25652636740771667
0.3844465631198411	0.3589626074362512	0.2565908294439078
0.3845109673141521	0.3589711001773529	0.2565179325084952
0.3843886270760279	0.3590526888546704	0.2565586840693018
0.384496878593141	0.35898491642877134	0.25651820497808775
0.3843271539195823	0.35903563902443336	0.2566372070559845
0.38442591547345406	0.3589985531826373	0.25657553134390876
0.38436545148262263	0.359034383086567	0.2566001654308105
0.3843483286197232	0.3590442253851125	0.25660744599516444
0.38437042077224076	0.3590266007696006	0.2566029784581588
0.38436129447670897	0.3590991937779283	0.2565395117453628
0.3843432570793711	0.3590543254792311	0.2566024174413979
0.3844170840646161	0.3590086694350446	0.2565742465003394
0.38434614902622627	0.3590236348503867	0.25663021612338716
0.3844144948191549	0.3589835465769918	0.25660195860385343
0.38444860442347134	0.3590096422875003	0.2565417532890285
0.3844317097858333	0.35903695212920606	0.2565313380849607
0.3843944738384119	0.35897973176125964	0.2566257944003286
0.38437254238938584	0.35901576036073185	0.2566116972498824
0.38439734156669914	0.35902395120333513	0.25657870722996584
0.38432144850021815	0.3590842745323728	0.2565942769674091
0.38428528879158186	0.3591083088050079	0.25660640240341037
0.3842698119194774	0.3590922947906081	0.2566378932899146
0.38435470470601807	0.35909877239209453	0.2565465229018875
0.38433881159210426	0.3590748167232443	0.25658637168465154
0.38433311593257624	0.3590686098755892	0.2565982741918347
0.38429107968473153	0.3591128700990297	0.2565960502162389
0.3844755155595596	0.35899630105663727	0.25652818338380323
0.3844972824642438	0.35896785580601936	0.25653486172973694
0.38447331328262946	0.3589595753450676	0.25656711137230304
0.3844098616843903	0.3590120268719056	0.25657811144370424
0.3844416030796229	0.35898426292093927	0.25657413399943796
0.38441208066696425	0.3589990539110748	0.2565888654219611
0.38438680640870193	0.359033473155746	0.25657972043555216
0.3843176101719973	0.3591070138501194	0.25657537597788344
0.38436041571972834	0.3590264249710754	0.25661315930919637
0.38439432156276	0.35897329252429333	0.2566323859129468
0.38441416334846606	0.3590466359840859	0.2565392006674481
0.3843433098243625	0.35909917474663	0.2565575154290076
0.3844053570503846	0.3589996703335998	0.2565949726160157
0.3843790279258934	0.3590067341594756	0.25661423791463106
0.38436185093794106	0.35902385349766863	0.2566142955643904
0.3843125962208428	0.35907308880388944	0.2566143149752679
0.3844056789623907	0.35907236301930157	0.25652195801830785
0.38444963033752916	0.3589986136465973	0.25655175601587366
0.384293217441911	0.3590805415346403	0.25662624102344883
0.38448608492642655	0.35898516310686224	0.2565287519667113
0.3843884615973221	0.35898987942328114	0.25662165897939687
0.38429686237353994	0.35908275954727475	0.2566203780791854
0.38442960761613665	0.3590264998756631	0.25654389250820037
0.38448212013637956	0.3589969926917944	0.25652088717182614
0.3844326287901028	0.3590137109687911	0.25655366024110615
0.3844050202532023	0.3589690176101761	0.25662596213662175
0.3843413939260984	0.35906212609667254	0.2565964799772292
0.3843666210216238	0.3590019954135519	0.25663138356482446
0.3843870146942533	0.3589926366578443	0.25662034864790256
0.3843638335146657	0.3591173757874472	0.25651879069788724
0.38428461052689356	0.35907667568168106	0.25663871379142555
0.3843503675139482	0.3590880612077071	0.25656157127834484
0.38440833730937574	0.35901768116026095	0.25657398153036337
0.38429169309746825	0.35908719095036473	0.25662111595216713
0.38430826674139346	0.3590974674187984	0.25659426583980827
0.38428889988655285	0.3590996869409469	0.25661141317250036
0.38432916246157184	0.3590699168924486	0.2566009206459796
0.3843722273015793	0.3590756674626501	0.2565521052357707
0.38432150688852795	0.3591128753513493	0.2565656177601229
0.38440905517839646	0.3589670600514781	0.25662388477012554
0.3844718182795666	0.3589593624159189	0.2565688193045146
0.38446301704919916	0.3590133929368678	0.2565235900139332
0.3844911450821997	0.3589702125808192	0.2565386423369812
0.3844146905103527	0.3590207216375952	0.2565645878520522
0.3843624921427973	0.35900889019998	0.25662861765722284
0.3843056109986669	0.3591045351757254	0.25658985382560784
0.384431846107631	0.3589654474870981	0.25660270640527105
0.38429153468765626	0.35910810782507424	0.2566003574872696
0.38435462035669854	0.35901130197864894	0.2566340776646526
0.38445122865328313	0.35900762409481113	0.2565411472519059
0.3843278004653233	0.3590439848923606	0.2566282146423162
0.3843976393967351	0.35905089053259653	0.25655147007066853
0.38432391269755506	0.3590827721999875	0.2565933151024576
0.38436480926681676	0.3590645753070586	0.2565706154261247
0.3843761685241185	0.3590059499320864	0.2566178815437952
0.38440868010282825	0.3589866127056508	0.2566047071915211
0.38435374751608475	0.35910270155328866	0.2565435509306267
0.3843663931508428	0.3590249599337495	0.2566086469154078
0.3843131431921096	0.3591078763943285	0.25657898041356203
0.3843715841713301	0.3589904905974941	0.2566379252311759
0.3844219540405337	0.35898433805582863	0.2565937079036378
0.3843952249079031	0.35901288688231797	0.256591888209779
0.38432295133282945	0.35909408849609487	0.2565829601710758
0.38440459222608164	0.3590439681680874	0.25655143960583104
0.38432868145159427	0.3590432294353087	0.2566280891130972
0.38432373878850434	0.3591069890350186	0.25656927217647724
0.38436096213116744	0.3590094929133367	0.25662954495549595
0.3844196120763732	0.359036913260638	0.25654347466298894
0.38440891522208204	0.3590046478225362	0.25658643695538186
0.38438576286743253	0.35905110499449044	0.2565631321380771
0.3843387207166997	0.3590573240922699	0.25660395519103046
0.38438374258667457	0.3590679616298756	0.25654829578344995
0.38430830386241177	0.3590746328137764	0.256617063323812
0.3844277300485693	0.358998016965382	0.25657425298604875
0.38444211805616535	0.3590273679600931	0.2565305139837416
0.38439143418102384	0.3590892877005165	0.2565192781184598
0.38442500473529745	0.3590570308582184	0.2565179644064843
0.38443795198113406	0.3590366725518298	0.25652537546703624
0.3843328767969474	0.3590768851162657	0.25659023808678705
0.3843777078662926	0.3590401620951011	0.2565821300386064
0.3843278334148106	0.3590339241064868	0.25663824247870265
0.38438633464496186	0.3589825710728572	0.25663109428218106
0.38445615371199027	0.3590252216811499	0.2565186246068599
0.3844227460976978	0.35902899014962186	0.2565482637526805
0.38435695416342075	0.3591102684452414	0.25653277739133795
0.3842665185901146	0.3591176318618526	0.2566158495480329
0.3843519625172418	0.35908391204575724	0.256564125437001
0.3844267379476248	0.3589622173892764	0.2566110446630989
0.38449460474447456	0.35898554663659277	0.2565198486189328
0.3843420505907625	0.3590711584068228	0.2565867910024148
0.3843460793224826	0.359087547125547	0.2565663735519705
0.38432874960021973	0.35911481263369477	0.2565564377660856
0.3843695286634747	0.3590556644923203	0.2565748068442052
0.38438876250321125	0.3590087813878372	0.2566024561089516
0.3844851078231202	0.35897694139826497	0.25653795077861496
0.3844875036114496	0.3589591559366038	0.25655334045194667
0.3844145526089987	0.35901596427402466	0.25656948311697675
0.38441856281845427	0.3589651347976802	0.2566163023838656
0.3844179131958335	0.35898355353398315	0.25659853327018345
0.38445045660123417	0.3590218325304598	0.25652771086830617
0.3845071520274094	0.3589748932472567	0.256517954725334
0.38438462983972366	0.35904410191454667	0.2565712682457298
0.38447194776204235	0.3589684451836002	0.25655960705435754
0.3844441249706207	0.3589973344069134	0.25655854062246597
0.38439901835988965	0.3590728847503052	0.2565280968898052
0.38439461698607913	0.3590681433900061	0.25653723962391495
0.38432988383219086	0.3590908352597246	0.2565792809080847
0.3844729759066046	0.35898914335397614	0.25653788073941935
0.3844076404365936	0.35906344002980084	0.25652891953360574
0.38442248452906524	0.35897387028641825	0.2566036451845166
0.38437440065386647	0.35899317091185906	0.2566324284342746
0.38432272183458505	0.359073384696667	0.25660389346874807
0.38434131946553934	0.3590321782412563	0.2566265022932045
0.384394949759228	0.358994444982197	0.25661060525857515
0.38442875622286143	0.3589916181822317	0.256579625594907
0.3843663031615802	0.3590961683933935	0.2565375284450264
0.38439852649570316	0.35899726439844615	0.2566042091058508
0.38438715807958224	0.35904892648484277	0.2565639154355751
0.38444236957663047	0.35902478307035457	0.25653284735301507
0.38430533942408696	0.35907494368506493	0.25661971689084817
0.3843257843210043	0.35911736635478847	0.25655684932420736
0.38439411784445277	0.3590657762870701	0.2565401058684773
0.38447576205699485	0.358990872409594	0.2565333655334113
0.38438461175027255	0.35900345511518444	0.2566119331345431
0.38443992446247033	0.3590243614178045	0.25653571411972526
