0.6431312234873532	0.06997091014910589	0.286897866363541
0.4166625120304379	0.3449730827381297	0.2383644052314325
0.38315934007936947	0.5367845345403087	0.08005612538032186
0.32976398229067844	0.1982740181225756	0.471961999586746
0.6664199615998149	0.07964896888597722	0.253931069514208
0.7291819695561526	0.11830073904123006	0.15251729140261747
0.3192669897922936	0.3955151903287066	0.2852178198789999
0.07078215620925693	0.5430642632814044	0.3861535805093388
0.21914707346522216	0.5889072011731573	0.1919457253616207
0.1595025655139301	0.278142462884455	0.5623549716016151
0.17092749307540828	0.3936173378635552	0.4354551690610367
0.11617620807788023	0.4726472278990844	0.41117656402303543
0.04350280044990984	0.6350926941967643	0.3214045053533261
0.2289512322124458	0.2571853301264024	0.513863437661152
0.5931645652297441	0.1268850772987483	0.2799503574715077
0.2224883957469164	0.35724025080359756	0.42027135344948613
0.6132933997708714	0.2792154666781591	0.10749113355096962
0.22045686611559842	0.42629987107420125	0.35324326281020046
0.5355592488513047	0.2091629871646778	0.25527776398401764
0.4487411879755407	0.19983863382377376	0.35142017820068566
0.46439345490185907	0.23780423050106475	0.2978023145970763
0.15074522874849156	0.4313895371233881	0.4178652341281205
0.1843086821684902	0.23836065666363573	0.5773306611678742
0.5017693249989528	0.18724096218355998	0.31098971281748744
0.3443281320346026	0.3517318985195186	0.303939969445879
0.04868717590567517	0.5901976840421197	0.3611151400522053
0.4426170781410453	0.1989827484223171	0.3584001734366377
0.43552169928506207	0.27506563692781416	0.2894126637871239
0.5269514986586477	0.19710847160819708	0.2759400297331554
0.25285475182333156	0.17005014764691373	0.5770951005297549
0.2197277012455995	0.32002262029732953	0.4602496784570711
0.39842980591136895	0.06323293506669014	0.5383372590219411
0.08142415424697202	0.550161937993489	0.3684139077595391
0.10906188974683972	0.6407451708513745	0.250192939401786
0.08030018849420267	0.4771979838626971	0.44250182764310036
0.12621744675066907	0.3519212125552822	0.5218613406940489
0.5634217260866057	0.1510516558991687	0.28552661801422574
0.11025351460786298	0.7202197906197418	0.16952669477239535
0.24703630320990946	0.24905932415236542	0.5039043726377253
0.4038972478559023	0.12679184101080368	0.4693109111332941
0.5092580738559055	0.3403954114735643	0.15034651467053028
0.5589814489316849	0.188867785625574	0.2521507654427413
0.555454569750385	0.2832896859711894	0.16125574427842576
0.3528093873272985	0.4542403930440457	0.1929502196286559
0.4697866961238507	0.2812491895257253	0.24896411435042407
0.05649311115546701	0.8041237159291659	0.13938317291536723
0.4774845985862301	0.44281169762936734	0.07970370378440267
0.3401115871787043	0.4269632974687971	0.2329251153524987
0.23513912834196876	0.621849543017689	0.14301132864034238
0.22285304636866055	0.5962676559349138	0.1808792976964258
0.40605357023618227	0.45447105659270626	0.13947537317111158
0.12350231674372814	0.31387873113430664	0.5626189521219653
0.2393542021544885	0.5070637792009904	0.25358201864452123
0.1862658885581034	0.7192085872880434	0.0945255241538534
0.45908597671442164	0.3753947596248495	0.16551926366072897
0.37066037382733613	0.20628745143887037	0.42305217473379364
0.3171677814889269	0.17795323338759494	0.5048789851234783
0.19298907188191147	0.7125549081554985	0.09445601996259012
0.2392360844077392	0.3844384869116585	0.3763254286806025
0.4663654922141033	0.4450309052995123	0.08860360248638455
0.46631233870589905	0.1719231334252542	0.36176452786884683
0.3032987733530079	0.11745853146480786	0.5792426951821843
0.6300682788271081	0.07421195891943666	0.29571976225345525
0.5905245898731878	0.24078444742296654	0.1686909627038458
0.7544426987972379	0.08506217266169089	0.16049512854107137
0.44747766189381444	0.3468947907713363	0.20562754733484945
0.5959072746283802	0.2671620667984218	0.13693065857319808
0.3172416287343722	0.5257472609213134	0.1570111103443145
0.28375327193467015	0.6394827467433736	0.07676398132195633
0.20507299745055085	0.5865344970767659	0.20839250547268345
0.18279037532956993	0.29998030721921287	0.5172293174512173
0.1681691925289634	0.30105280080008334	0.5307780066709533
0.2934781957060016	0.6216905002383026	0.08483130405569594
0.2842657694279704	0.41397425248428965	0.3017599780877401
0.13491582643233688	0.6332743771213383	0.23180979644632504
0.06851714449949953	0.7143457779153907	0.21713707758510992
0.7154290947661768	0.08271394638274132	0.2018569588510819
0.41627036752679436	0.32818197481239103	0.25554765766081466
0.27563814356842997	0.22636371182878237	0.4979981446027878
0.16179795235678932	0.6051181218514908	0.23308392579172
0.31555088705288936	0.467936677321009	0.2165124356261017
0.17282080466114355	0.2715933605142702	0.5555858348245865
0.6243552799213595	0.08295446310613497	0.2926902569725055
0.3782476145971341	0.3105008854775971	0.31125149992526896
0.24483563011572346	0.6720875019163743	0.08307686796790242
0.0932884444091478	0.7878080425983354	0.11890351299251695
0.6433870888969931	0.26520197675816237	0.0914109343448446
0.4642317377639631	0.38371180070956856	0.15205646152646843
0.4585645233666679	0.4577132436849695	0.08372223294836267
0.30226029582162894	0.3647646057173919	0.3329750984609793
0.6150831596106494	0.25382438394647466	0.13109245644287598
0.2509781211987144	0.4020478663952271	0.34697401240605863
0.292875294078893	0.13573697560135914	0.571387730319748
0.06649624334964199	0.5442475808914298	0.3892561757589284
0.4250721801651476	0.44940191472326146	0.12552590511159104
0.5601642294543294	0.30278539620465755	0.13705037434101316
0.26114834559206374	0.6252038284132597	0.11364782599467671
0.21426170153875634	0.25725894575075753	0.5284793527104862
0.36556961212322103	0.35389706258676806	0.280533325290011
0.10640260169339619	0.6475056356209345	0.24609176268566949
0.2601649982019685	0.6052014307931743	0.13463357100485734
0.3743993486921591	0.10186844026723144	0.5237322110406095
0.1500004466655856	0.6849425310339321	0.16505702230048247
0.03851308737923298	0.46525732033840694	0.4962295922823602
0.5592114486391933	0.35376334505544554	0.08702520630536131
0.19252969410319823	0.43390441744373853	0.3735658884530634
0.08212836784695776	0.46043275169055364	0.4574388804624887
0.21864572546978356	0.20972447081193368	0.5716298037182829
0.4546321439523171	0.11776957867525598	0.42759827737242706
0.538329564182336	0.279607800170106	0.18206263564755815
0.0479409715056871	0.5746333040453164	0.3774257244489966
0.6383670179243093	0.08524056984039663	0.2763924122352942
0.22550099724107225	0.31729624925839867	0.4572027535005292
0.5157151234621766	0.3591841775252723	0.1251006990125511
0.6460464701840823	0.16663130629103876	0.18732222352487898
0.27901517113301116	0.31542593376232103	0.4055588951046679
0.695916069945556	0.15033386403091897	0.1537500660235252
0.21794419874564225	0.6787800724530852	0.10327572880127259
0.2854673962773904	0.5871782025857246	0.12735440113688518
0.26947506247886555	0.2744562560577033	0.45606868146343127
0.42038271772523855	0.1820442707682662	0.3975730115064954
0.5793382628416799	0.273461354346001	0.14720038281231923
0.10120086070506612	0.42157480903666267	0.4772243302582713
0.6776916679088778	0.24048529124106854	0.08182304085005376
0.632437691503932	0.12611273085309116	0.24144957764297692
0.14198928901172655	0.7022184780700389	0.15579223291823463
0.1862423524421982	0.6949054860966563	0.11885216146114569
0.29091316455046307	0.4161575948428643	0.29292924060667275
0.19615009959217378	0.4162606443873312	0.3875892560204952
0.5187440421282573	0.12797149723260212	0.3532844606391407
0.07945080757413847	0.36061772275888004	0.5599314696669816
0.37316893930019335	0.2021566629367341	0.4246743977630727
0.33037747529077544	0.5039205781261149	0.16570194658310977
0.08480571401459852	0.46507117706324524	0.45012310892215635
0.33013099285982583	0.0899560343247369	0.5799129728154373
0.05117003118831798	0.5929687439109105	0.35586122490077166
0.48358119572977587	0.3066371661826603	0.20978163808756395
0.3088377198363237	0.2603854889398288	0.4307767912238476
0.27078769354372584	0.4138697050188462	0.3153426014374281
0.08235379227806161	0.4997939653931156	0.4178522423288229
0.30407176878787456	0.15205315289506222	0.5438750783170634
0.556941500446622	0.27967639465047134	0.1633821049029067
0.344760175301858	0.08822347631595737	0.5670163483821848
0.49034863999051215	0.11919878728447056	0.39045257272501743
0.16465411623849893	0.4376044570861448	0.3977414266753564
0.2970299003107707	0.5083934680359471	0.19457663165328234
0.6428824241608924	0.24961647584818544	0.10750109999092228
0.49506767386027345	0.2244362123262704	0.2804961138134563
0.6758334510249896	0.219970523532928	0.10419602544208251
0.23398269395125545	0.5861072193721852	0.17991008667655936
0.4585309645949547	0.12377938651618792	0.4176896488888575
0.19755872614163178	0.6222110106769463	0.1802302631814221
0.18645841903820798	0.5106873050076722	0.3028542759541199
0.33063168967162415	0.20966976145122557	0.4596985488771504
0.679914149787542	0.16089077630517482	0.15919507390728324
0.4200672154745332	0.4997134484281265	0.0802193360973405
0.11039366331452632	0.43494718702919904	0.45465914965627474
0.14930815292079216	0.35999348215148896	0.490698364927719
0.3094177887532329	0.4705593434780856	0.22002286776868168
0.23123106019222256	0.4761722236175948	0.29259671619018274
0.1766103628872587	0.3848319865142307	0.4385576505985108
0.05275162222651342	0.5023656231922833	0.4448827545812034
0.42915743146853186	0.2947717071661506	0.27607086136531767
0.16917761325352398	0.34303398641868665	0.4877884003277895
0.752834457530248	0.06716602239907837	0.1799995200706737
0.3075280413901652	0.5817935174406624	0.11067844116917241
0.49865649402915807	0.30833867257667613	0.19300483339416588
0.6164899769848744	0.2453944240171126	0.13811559899801312
0.35380011464011973	0.35629159881243344	0.289908286547447
0.5673621451068493	0.07182137818678558	0.36081647670636513
0.2482329814804622	0.4181230876547337	0.3336439308648042
0.34027145155235894	0.19025103871727003	0.4694775097303711
0.08729593273640174	0.7073639482826914	0.20534011898090698
0.3662175221813692	0.15882418940149312	0.4749582884171378
0.15185473420217338	0.678117920938279	0.17002734485954762
0.12528858192551315	0.42172485891765915	0.45298655915682784
0.44098227818394986	0.40852563736779224	0.150492084448258
0.4221451470846854	0.11852919389082953	0.4593256590244852
0.029684038093579668	0.4195427712633907	0.5507731906430298
0.37703848403536167	0.16461005628054393	0.4583514596840945
0.053747385882198184	0.7272638446385377	0.2189887694792642
0.46232914238596695	0.4289754239917176	0.10869543362231548
0.03053789840485721	0.7998284152021748	0.16963368639296816
0.42747090053907144	0.4298034665655956	0.14272563289533305
0.7449819200967193	0.17427411520593947	0.08074396469734135
0.6879914037188473	0.1561165385752017	0.15589205770595116
0.2083665312797113	0.6195664711052868	0.17206699761500205
0.10581475048174027	0.409478591527111	0.4847066579911488
0.47578315610576394	0.4162890236814205	0.10792782021281558
0.04647046652522524	0.5369982236184148	0.41653130985636005
0.47653342981241154	0.17050210186300715	0.3529644683245814
0.19721723668893876	0.3581640777468132	0.44461868556424816
0.3965949713556066	0.18417946530972723	0.41922556333466626
0.45053097433764466	0.13238507873232053	0.4170839469300349
0.25673850794071673	0.271055745667777	0.4722057463915064
0.7019147360355891	0.17395872944821267	0.12412653451619834
0.46355776247656544	0.14462582480857697	0.3918164127148577
0.513238011856257	0.12993613332404017	0.356825854819703
0.39227431145891534	0.06834193812642919	0.5393837504146556
0.2540485586915421	0.397637452403853	0.3483139889046051
0.6061677608317206	0.1360785924011066	0.25775364676717283
0.07174221780428336	0.6327475381051845	0.29551024409053234
0.4794635075522825	0.14860323013034787	0.3719332623173698
0.11443540051585357	0.5829871460142569	0.3025774534698896
0.3190639011406516	0.17567183345566045	0.5052642654036881
0.5463995875699855	0.1662706059934048	0.28732980643660977
0.5896452945180994	0.2989921605756846	0.11136254490621603
0.2507045883649138	0.19250972183530865	0.5567856897997776
0.42670237098060115	0.4083308859688855	0.16496674305051343
0.19588909110287245	0.3494799543346416	0.4546309545624861
0.5858098782392384	0.07518768208933313	0.3390024396714286
0.4672540250569211	0.09084893176374634	0.44189704317933265
0.6197539292115848	0.22891888207542171	0.15132718871299358
0.3533941696934729	0.4562062509731596	0.19039957933336762
0.30224973601283844	0.3971492986222352	0.30060096536492653
0.3712538773707739	0.44641268252542543	0.18233344010380076
0.3764436047256849	0.47916970484706056	0.14438669042725466
0.12907522265125082	0.34581639232644273	0.5251083850223066
0.15305276627604947	0.469363995851003	0.3775832378729476
0.6871822792313983	0.2225387993700777	0.09027892139852409
0.6303901013914176	0.28013922953410103	0.08947066907448142
0.5030487659914984	0.31992273880399985	0.17702849520450184
0.310835663759468	0.3457574740281385	0.3434068622123936
0.4727916687649074	0.28108827823924326	0.24612005299584938
0.2453052295576998	0.5513820571350978	0.20331271330720246
0.5000657847246396	0.40281045779421376	0.0971237574811468
0.0888164133388086	0.7181402097208409	0.19304337694035062
0.23837954554416782	0.21913942178892717	0.5424810326669052
0.4571894942379199	0.25448756526512073	0.2883229404969595
0.7313927091742585	0.07047778920264952	0.19812950162309212
0.25844076290398554	0.5227443022934799	0.21881493480253467
0.4978840975593633	0.3351826740707559	0.16693322836988086
0.05928480062101338	0.6651099712008022	0.27560522817818456
0.3623495771555346	0.09446717693456821	0.5431832459098973
0.04640513080223824	0.3995569663205585	0.5540379028772033
0.24797161372230933	0.6314393186008552	0.12058906767683555
0.5474380029621463	0.2986329434444628	0.15392905359339104
0.47916766846823017	0.11237025557415234	0.4084620759576176
0.17046209769593618	0.6779390074833386	0.15159889482072536
0.3834720792508185	0.22118262067512556	0.39534530007405605
0.42075664471685437	0.1317255462317849	0.44751780905136085
0.11695115780681445	0.5374747085223767	0.345574133670809
0.0743237007049985	0.43526528897376404	0.4904110103212376
0.07292806205871372	0.506644509651875	0.4204274282894114
0.11501173862332636	0.6652704360589712	0.21971782531770256
0.7489529199693135	0.084502893190287	0.16654418684039968
0.1844275531436906	0.5352711365291007	0.2803013103272087
0.3149405578305203	0.5412270064533449	0.14383243571613497
0.5164890261320183	0.21977827706795944	0.26373269680002237
0.5475065840526112	0.3118855799559425	0.14060783599144633
0.09155079571219349	0.631430788260136	0.2770184160276706
0.5064474665898298	0.21939562158555972	0.27415691182461066
0.5181989699326379	0.17091648074156682	0.31088454932579535
0.4816619852324867	0.12944607968338476	0.3888919350841286
0.5041456912658281	0.3570210466790064	0.13883326205516555
0.1213223308296057	0.7169728117288661	0.1617048574415284
0.05517528334667304	0.5714005926153295	0.37342412403799763
0.03462445073509107	0.5216847069644097	0.4436908423004993
0.11720679496608294	0.3702726516963683	0.5125205533375489
0.5271081379745939	0.12779644350330194	0.3450954185221043
0.6817505216037684	0.152867579720674	0.16538189867555766
0.6109292682670775	0.09395796191670808	0.2951127698162146
0.6687760858048001	0.07713352834135778	0.2540903858538422
0.3117951284894291	0.5204512020169939	0.16775366949357712
0.17248971027236554	0.5747733260073071	0.2527369637203274
0.15108196110832767	0.4954018586787956	0.3535161802128769
0.5055466499275985	0.1154800158501677	0.378973334222234
0.5855562030770471	0.2619859461748212	0.1524578507481317
0.27521577979489387	0.48593690370711307	0.2388473164979932
0.273942651868974	0.5818105198673568	0.14424682826366936
0.5242716429758734	0.10972198611388356	0.3660063709102432
0.6703292617587766	0.127853893413282	0.20181684482794152
0.15037787593845842	0.5318369999407824	0.3177851241207593
0.0926996173506145	0.47664778112149087	0.43065260152789475
0.28625210709150023	0.49809887271500997	0.21564902019348994
0.19870659085901643	0.5156133738467001	0.28568003529428354
0.175726519071404	0.2687934220610542	0.5554800588675419
0.05517449991589313	0.776346964779656	0.16847853530445103
0.5083937253669604	0.13958894913339084	0.3520173254996489
0.6366291182394495	0.1220720353339021	0.24129884642664856
0.42858376056257314	0.4440463774871317	0.12736986195029526
0.3765125639319039	0.3505066189726364	0.2729808170954598
0.4054963783352498	0.4789661431125153	0.11553747855223503
0.07969630085384005	0.5881117587331094	0.33219194041305067
0.5223685122664136	0.3117489705236028	0.1658825172099838
0.755417936255444	0.1007167855974549	0.14386527814710123
0.21645034885959785	0.3903420981031363	0.39320755303726596
0.19535026847116438	0.430202621636625	0.37444710989221075
0.07855580653360139	0.7111457246806572	0.2102984687857416
0.3666951694916319	0.4511828211201807	0.18212200938818746
0.33297006862719486	0.3559302165396998	0.31109971483310545
0.2979375947559416	0.25594088121905406	0.44612152402500443
0.35571270189272647	0.24867819250516332	0.3956091056021103
0.38674333667082433	0.22115254729236894	0.39210411603680684
0.050834623949927604	0.5454282357899963	0.40373714026007623
0.09750689109437333	0.7332851101096467	0.16920799879598014
0.09171882226432582	0.7771410747369166	0.13114010299875772
0.4919652111040091	0.2459323142616834	0.2621024746343076
0.7059295649696206	0.08039859328503385	0.21367184174534565
0.1188393903531412	0.3874785551791084	0.49368205446775054
0.24797408629856982	0.16909207064798867	0.5829338430534416
0.5755570856009697	0.23516401496902345	0.18927889943000695
0.34648422274337015	0.529035606945977	0.12448017031065292
0.44818707554272874	0.23592760397096688	0.31588532048630447
0.3370990061051191	0.1034753634224812	0.5594256304723997
0.11575431058081612	0.7860993435128145	0.09814634590636961
0.13952003645421115	0.4768286483935622	0.3836513151522267
0.3488469201274249	0.3370783644403405	0.3140747154322347
0.6042698294611955	0.25779703232350026	0.13793313821530442
0.5810555335178329	0.19511188193686563	0.22383258454530153
0.48283594030134	0.2740850787193578	0.24307898097930228
0.07175892860851013	0.6803343587280639	0.24790671266342607
0.6104603264767128	0.2971064022923226	0.0924332712309647
0.1755086664208966	0.5270031389831948	0.2974881945959087
0.32404935796499257	0.10317281256554725	0.5727778294694603
0.7322446829348764	0.11488045715460488	0.1528748599105188
0.25507195120312115	0.4643756930712795	0.2805523557255995
0.027633768002425785	0.42734966900835897	0.5450165629892154
0.1360777274458198	0.31483446559178063	0.5490878069623997
0.12211794623067712	0.5343465555802545	0.34353549818906864
0.028027399187040003	0.4837227006877089	0.48824990012525127
0.45328101623441786	0.43180765239611807	0.11491133136946419
0.24231188975505136	0.649144295012795	0.10854381523215373
0.15089902464607807	0.710786458654139	0.138314516699783
0.3680052142266996	0.398440519849614	0.23355426592368655
0.2227174377616099	0.26871294332802537	0.5085696189103648
0.5354160799104695	0.33686037305199773	0.12772354703753291
0.40243317449729504	0.31244340488835337	0.2851234206143517
0.7158782386745011	0.1258085193068899	0.15831324201860908
0.05188733388664529	0.7358959998758489	0.212216666237506
0.24818119734034533	0.3532676712297713	0.3985511314298834
0.2931973570718937	0.2643616324854364	0.44244101044267004
0.3607718899930576	0.4774074153538533	0.16182069465308924
0.22924249799472357	0.6782300840090602	0.09252741799621639
0.06344104903243408	0.5669278268116074	0.3696311241559588
0.39547186352352	0.22305911289929345	0.38146902357718665
0.7595831700188994	0.11754042703974416	0.12287640294135652
0.2422562073093179	0.4836526891073951	0.27409110358328714
0.32054895615560386	0.5544118149842079	0.12503922886018842
0.1915480842355682	0.5668398010904937	0.2416121146739382
0.1819630276967751	0.3050916932918694	0.5129452790113556
0.6720945137347828	0.07561597203149106	0.25228951423372625
0.4972621274255179	0.3768596250553779	0.1258782475191043
0.40141168398966176	0.26146244812734065	0.33712586788299764
0.7018945642060662	0.16053413520255383	0.13757130059138
0.4549308088154792	0.34423295402667164	0.20083623715784926
0.4644133504541598	0.08270937796697497	0.4528772715788653
0.5062891912318712	0.214524142490415	0.2791866662777139
0.09790647762906873	0.43717695040132337	0.46491657196960806
0.15486268668266612	0.6205707198348251	0.22456659348250885
0.3103285501548862	0.15431545362343368	0.5353559962216803
0.28377256867865186	0.15496041299101926	0.561267018330329
0.4311925885515209	0.42613855158730485	0.1426688598611744
0.1286630295324741	0.5644579767854028	0.3068789936821232
0.266806321257521	0.2309666014698291	0.50222707727265
0.05062722465254843	0.7336411630010902	0.2157316123463615
0.07338948273202922	0.46431734722548634	0.46229317004248455
0.4102401997127675	0.5101627313667865	0.07959706892044616
0.2548767026716351	0.6266073118004778	0.11851598552788717
0.19491905195317222	0.6913255365314599	0.11375541151536797
0.6605732915991887	0.2031050507216363	0.13632165767917523
0.38487516095792884	0.06254380577487856	0.5525810332671927
0.03485932769612038	0.8013592979538116	0.16378137435006815
0.4055674754334285	0.2698275089444414	0.3246050156221302
0.05520119926158784	0.5511531119472777	0.3936456887911347
0.08162824001523555	0.835640063086284	0.08273169689848059
0.734431832348831	0.06574310022337804	0.1998250674277911
0.589361095376759	0.12831914244901205	0.2823197621742291
0.6544736488980063	0.08472617131963578	0.26080017978235803
0.2777676397372173	0.38675554443010257	0.33547681583268024
0.38091459051932386	0.35220930006395973	0.2668761094167165
0.06604696072905136	0.5835210407605981	0.3504319985103507
0.13551101580495825	0.5568459114587009	0.307643072736341
0.20552499948322725	0.36519046189427906	0.42928453862249377
0.5569199683930821	0.12620835402507874	0.3168716775818393
0.42124680892448935	0.44497438593598204	0.13377880513952875
0.3743652104800834	0.2812327687970021	0.34440202072291465
0.2764924211378908	0.5372915236878634	0.18621605517424594
0.3091469035067603	0.5609729047006297	0.12988019179261018
0.43625892678522854	0.47342446210543065	0.09031661110934092
0.4024810631350638	0.5134411064711132	0.08407783039382313
0.26055443294830083	0.3178045998670396	0.42164096718465965
0.4552726590756156	0.12884030658234788	0.41588703434203667
0.4497011292292069	0.3805275097217914	0.1697713610490018
0.0808914332790508	0.3328102972476447	0.5862982694733045
0.5189928852324208	0.3537410234059847	0.1272660913615946
0.06885945913251407	0.3999230192345812	0.5312175216329049
0.05094434354149019	0.40940688862411345	0.5396487678343965
0.2082370760148869	0.7031827369509591	0.08858018703415405
0.25187225341314	0.42082559750676096	0.32730214908009914
0.44694818387152485	0.15569043234624527	0.39736138378222996
0.32512642688245885	0.12311845906773466	0.5517551140498067
0.06522740480305406	0.4073403525435727	0.5274322426533733
0.5747027510850337	0.06988267425409389	0.35541457466087245
0.13636535758042478	0.5921121204493431	0.27152252197023213
0.288507762659207	0.44422798690535237	0.2672642504354407
0.04286595356303913	0.454992310306229	0.5021417361307321
0.07798745370178134	0.5956027491625411	0.32640979713567775
0.36789259229006677	0.23503331054690785	0.3970740971630255
0.39244781079896957	0.22259764402443982	0.38495454517659067
0.1744951554381291	0.3371779591605882	0.48832688540128283
0.628424907797501	0.2130920243521029	0.15848306785039612
0.43531080178310705	0.060064903725233265	0.5046242944916599
0.13158007739230362	0.5794138869459285	0.28900603566176797
0.40618743596394036	0.18735479938987537	0.4064577646461844
0.11888342761750031	0.3158901368103553	0.5652264355721445
0.26154962474527244	0.28910483378641283	0.44934554146831485
0.09609741320904774	0.5908538705197577	0.3130487162711946
0.20623952948477134	0.5280353825400473	0.26572508797518146
0.1258555160986642	0.31787721999230173	0.5562672639090342
0.052355493026901845	0.6777591636770197	0.2698853432960786
0.3503371473429869	0.4686504852088863	0.18101236744812693
0.35490127756442763	0.2767341948578334	0.3683645275777391
0.36285940680853257	0.08978180097864216	0.5473587922128254
0.12423917492092768	0.5645125739573599	0.31124825112171256
0.38292055740515646	0.27834360984118006	0.3387358327536636
0.5292986771817152	0.29064238407365894	0.18005893874462597
0.7280728652735702	0.1012125348467865	0.17071459987964338
0.29465395615250506	0.12201120606714899	0.583334837780346
0.5307712059737824	0.18556887121958718	0.2836599228066306
0.7081817872929907	0.07179023251471406	0.2200279801922953
0.660346241741587	0.23646671047773982	0.10318704778067331
0.3291505962167095	0.530866107458593	0.13998329632469758
0.6035095387536275	0.09426440088343446	0.3022260603629382
0.11416708883756871	0.6270241238597127	0.2588087873027187
0.6220597141525477	0.2096248831331163	0.16831540271433612
0.0875025791999049	0.6706404044032671	0.24185701639682805
0.07884204496370917	0.431160167058352	0.48999778797793897
0.1890570759001467	0.3012014094442777	0.5097415146555757
0.15849993207633611	0.39985473423863427	0.4416453336850298
0.5537385164919435	0.3632043119880432	0.0830571715200134
0.08956467344704994	0.4227089666104066	0.4877263599425436
0.20729049651079834	0.32956304550647636	0.4631464579827254
0.3770653479428659	0.29788810604878563	0.3250465460083486
0.45120492946625135	0.3417759421798901	0.20701912835385863
0.3730960708642424	0.09056005760964972	0.536343871526108
0.05683190946615535	0.8660235421547844	0.07714454837906037
0.5378874698267513	0.2781163795970389	0.18399615057620994
0.4256148949313566	0.22583011905907585	0.34855498600956764
0.5199185608944059	0.19014403112858835	0.28993740797700585
0.7033871571038439	0.16909974540211503	0.12751309749404122
0.06128123036789984	0.8001181933642765	0.13860057626782374
0.6560797409676218	0.07819420182404024	0.26572605720833814
0.09715124619812415	0.32881029795535816	0.5740384558465178
0.058734718812509856	0.7378141776205682	0.20345110356692206
0.39655361084603	0.2081223228945857	0.3953240662593844
0.48747443593398915	0.3222234134954562	0.19030215057055477
0.15646791504454308	0.4303018566150889	0.4132302283403681
0.3495984905773081	0.5234059497397978	0.12699555968289417
0.41645844386784514	0.35535452241237997	0.22818703371977503
0.0870798941159528	0.5814303247854514	0.33148978109859595
0.2388086329582906	0.3161936986549814	0.4449976683867281
0.42965889067745966	0.07431096958308764	0.4960301397394528
0.6338266800756216	0.2563130564598095	0.10986026346456898
0.4520485454209338	0.40552840101998994	0.14242305355907636
0.033417049356765705	0.8125375434103246	0.15404540723290983
0.3576991765022183	0.485379342768132	0.15692148072964987
0.35609589285898163	0.24656379037179166	0.3973403167692268
0.313876398641738	0.6084238650675351	0.07769973629072707
0.2892974550566172	0.13716567273380764	0.5735368722095753
0.030850149378183755	0.529058999668967	0.4400908509528494
0.41613948201312456	0.407902333120427	0.17595818486644854
0.4674921296630708	0.30539691990596407	0.22711095043096524
0.18389696833593167	0.4370090811439179	0.37909395052015055
0.7334704852510263	0.10854555876412436	0.15798395598484943
0.3022177049040224	0.39282930340094635	0.3049529916950314
0.7148292199691888	0.08510794321583892	0.2000628368149724
0.44560459582452927	0.22201859010525013	0.33237681407022074
0.23618231819409924	0.6723659472325779	0.091451734573323
0.11407370423963936	0.6368392567014536	0.2490870390589071
0.07653587503141995	0.43466502097128473	0.4887991039972954
0.06479649817616184	0.8140114972066724	0.1211920046171659
0.03741549860053478	0.8170149545088681	0.14556954689059726
0.4881081155918265	0.12988306203467215	0.3820088223735015
0.6656746706094991	0.17831896349758772	0.15600636589291325
0.5062527323510582	0.302102387738543	0.19164487991039894
0.6731744347951119	0.22068796422708747	0.10613760097780076
0.18115680447636656	0.6125445984177578	0.20629859710587578
0.11254139959484188	0.7603515616616108	0.1271070387435475
0.6008177937283419	0.13964587765947797	0.25953632861218023
0.45514427887611403	0.24527418152749852	0.29958153959638756
0.6407944836343957	0.24700974809753257	0.11219576826807182
0.58148535174336	0.12630293131617534	0.29221171694046466
0.08242707818259831	0.4316121459279868	0.485960775889415
0.027312355359857377	0.7518496812903941	0.2208379633497486
0.051375344653487975	0.41306678985530476	0.5355578654912074
0.28883831009710914	0.548224707282147	0.16293698262074396
0.4557394644382106	0.28131022768247593	0.26295030787931356
0.11585400475060467	0.6428004076334386	0.24134558761595687
0.31723923494998146	0.49267954138532777	0.19008122366469085
0.7353017282795065	0.11350102503168438	0.15119724668880924
0.46417163640236025	0.35797969010196345	0.17784867349567637
0.6368305635230178	0.17919185417262057	0.18397758230436176
0.056498319854183854	0.8227430595422651	0.12075862060355114
0.29166844491755123	0.1218110660726778	0.586520489009771
0.5285251715758325	0.30517510673890713	0.1662997216852605
0.20577722271586169	0.4500215290935823	0.3442012481905562
0.5825982511011469	0.3029333970793335	0.11446835181951973
0.059408792062451865	0.6995813925578184	0.24100981537972987
0.49163528251662186	0.13140466798259404	0.3769600495007842
0.48140038573593436	0.18130199706928518	0.3372976171947806
0.21945837101320823	0.6883067076911367	0.09223492129565519
0.13702615283604822	0.5652547698573188	0.2977190773066331
0.6074388556396008	0.11272068843852368	0.2798404559218757
0.6828259789463791	0.13193921662328462	0.1852348044303364
0.08861671730421122	0.4324543097067419	0.4789289729890469
0.2051255698856393	0.5709415468598679	0.223932883254493
0.3333259876063502	0.45053374497841825	0.21614026741523168
0.7239756140458421	0.10219522672391843	0.17382915923023962
0.22470398856367896	0.6786985921154651	0.09659741932085597
0.08404058854278607	0.36779320421214085	0.5481662072450733
0.17356712527710677	0.4090350569076492	0.41739781781524415
0.19034127819495855	0.3450328192698519	0.46462590253518965
0.6582912510286558	0.11403710458579575	0.2276716443855486
0.19269774295561867	0.4954625870561128	0.3118396699882687
0.5519276585798142	0.1968856456525196	0.2511866957676663
0.6327612407569454	0.12729075282436597	0.23994800641868874
0.453898402441421	0.3530130683045452	0.19308852925403397
0.3208397768098898	0.2645954304441516	0.4145647927459587
0.4650985029847637	0.2535931463972917	0.2813083506179447
0.33850222255844004	0.3385553380628507	0.32294243937870937
0.05082640148312029	0.5112861993634435	0.43788739915343633
0.30452178382308437	0.4972144487189629	0.19826376745795277
0.17443629985003317	0.670929223536479	0.154634476613488
0.36717030341060736	0.0637046783271985	0.5691250182621943
0.08316591163103199	0.7236653825004258	0.1931687058685423
0.4339035035757756	0.32069832287758643	0.24539817354663807
0.17757047424329897	0.721144393280408	0.10128513247629317
0.21360911342482136	0.4336156110159443	0.35277527555923444
0.3959417401415268	0.3781621543274756	0.22589610553099773
0.26994649287697486	0.4779353835190071	0.25211812360401814
0.7052293896450819	0.12973671723084845	0.16503389312406974
0.4687520964890303	0.44631564560453196	0.08493225790643785
0.17305593570641517	0.24307133717656842	0.5838727271170165
0.2523510516899415	0.4710431166424867	0.2766058316675719
0.34504454043071947	0.4141063551040768	0.24084910446520388
0.2103987744320857	0.26311880548038313	0.5264824200875312
0.16645380407766447	0.4336836926386535	0.39986250328368217
0.5666232001830664	0.09116934328923021	0.34220745652770346
0.10408917011850508	0.43195515304955234	0.4639556768319427
0.6916325798521229	0.22918153350940385	0.07918588663847331
0.2669763748303198	0.6455987620138688	0.08742486315581158
0.38768007308985897	0.4899400874768768	0.12237983943326436
0.747724334410758	0.06746454963389004	0.18481111595535205
0.19433039370910493	0.6807433212751464	0.12492628501574876
0.2647726299397929	0.28252406297417076	0.45270330708603645
0.30836385238371744	0.37250523181264494	0.3191309158036377
0.0959667392627756	0.6010323852860666	0.30300087545115795
0.03465321683194711	0.539451146094912	0.42589563707314104
0.42915695903152695	0.3246779041406981	0.24616513682777502
0.22788575914520343	0.39199925611822195	0.38011498473657473
0.04417668945623865	0.7743125553394062	0.18151075520435525
0.7054306432650488	0.1439921765363768	0.15057718019857444
0.43028309971246004	0.36210384821805797	0.2076130520694821
0.5955409288709832	0.28744410388074343	0.11701496724827351
0.2232287362255169	0.39433128069078865	0.3824399830836946
0.32083110060696884	0.3246133984285943	0.354555500964437
0.08618622534997755	0.5756145909064799	0.3381991837435427
0.025861341070824828	0.5914191369703747	0.38271952195880066
0.37754662213202017	0.16448273892418666	0.4579706389437933
0.2617897291709596	0.5498370239464823	0.1883732468825582
0.1034768434166137	0.32570930485667854	0.5708138517267078
0.09328438974160547	0.6749021541318581	0.23181345612653667
0.5368064340320639	0.2159188434312702	0.24727472253666605
0.6619656537050976	0.24859828283541635	0.08943606345948615
0.29322518162980427	0.4567722506749363	0.2500025676952595
0.194650025559789	0.6008041972539095	0.20454577718630157
0.5803999655719577	0.1986473322425861	0.22095270218545626
0.2317307066614656	0.2385252780123469	0.5297440153261875
0.6817028860387202	0.09130358993978704	0.22699352402149287
0.14534344878488908	0.3965260100350243	0.4581305411800867
0.15754189762131077	0.25785620106169005	0.5846019013169994
0.028876507501386706	0.7062022071564462	0.2649212853421672
0.2765437796789159	0.19201798807789427	0.5314382322431899
0.07578255426253178	0.670138585329743	0.2540788604077253
0.13730540463569563	0.41528604591902063	0.44740854944528385
0.11013685182163946	0.3599904742586762	0.5298726739196844
0.34317712422438296	0.5800785726899144	0.07674430308570279
0.1198799107721637	0.7341697895203299	0.1459502997075065
0.6872616251680701	0.14171146273701668	0.17102691209491327
0.288084568034277	0.2682793092290359	0.4436361227366872
0.030996124066111796	0.6751999170384648	0.2938039588954235
0.6020908136020537	0.2763024529920468	0.12160673340589953
0.11776708348425666	0.6534742729961465	0.22875864351959707
0.2655596648601889	0.36491790240757044	0.3695224327322408
0.502622270607304	0.2540322185384225	0.24334551085427358
0.520179257679159	0.22864203421264773	0.2511787081081934
0.08978716951368407	0.5871229031079169	0.3230899273783991
0.5283170118267547	0.25638966541710534	0.21529332275614
0.11304648857244601	0.5423517837671813	0.34460172766037284
0.33182225614623184	0.34202806365931865	0.3261496801944496
0.5656174492197232	0.25821925419073877	0.17616329658953805
0.5191585863975431	0.2486804207999195	0.2321609928025375
0.5622478740794076	0.0661641686725511	0.37158795724804145
0.10575198657093654	0.4481178569956713	0.44613015643339227
0.48846706970167664	0.3406782575058289	0.1708546727924945
0.1844071218080452	0.2820942334389733	0.5334986447529817
0.3616563395318299	0.1857509820922532	0.452592678375917
0.18722732523996066	0.30409875020931604	0.5086739245507235
0.6675914162782315	0.14338480176857765	0.1890237819531909
0.2968496949497755	0.14920245041179084	0.5539478546384338
0.5531917980806542	0.18534330683960232	0.2614648950797436
0.06086618615146483	0.650217038508968	0.28891677533956733
0.2685204663542692	0.18264196563351193	0.548837568012219
0.31639312651033025	0.3860532002973433	0.29755367319232656
0.059742194329794995	0.6351032221427615	0.3051545835274436
0.3498541039191312	0.45736979254843363	0.19277610353243527
0.5049914566764331	0.3900098754041073	0.10499866791945975
0.20275532596810428	0.6066821695320851	0.19056250449981074
0.15877306436029465	0.43602097719470706	0.4052059584449984
0.4562631050514338	0.20230494697005208	0.3414319479785142
0.15789767061943843	0.7506998507159635	0.09140247866459825
0.422535829578649	0.180008374437224	0.3974557959841271
0.5911793994368264	0.10139872384498652	0.3074218767181872
0.2489973610957449	0.4830946848298228	0.2679079540744324
0.4654930917065761	0.43817278217641886	0.09633412611700512
0.7200160956646251	0.11150359261932319	0.1684803117160519
0.19949796947734116	0.584511592132321	0.215990438390338
0.14288422650677252	0.6988255839810793	0.1582901895121483
0.06483406600686137	0.3914903255931817	0.543675608399957
0.7216170164122698	0.19913257860248693	0.07925040498524338
0.5839847829984504	0.30901621825092296	0.10699899875062682
0.6785123706659097	0.12902049113062564	0.19246713820346467
0.335677272498496	0.44552075648077416	0.21880197102072996
0.3584914565705447	0.25307455904833603	0.38843398438111937
0.36157248977488976	0.3944922582674056	0.24393525195770474
0.332295652643744	0.1477058922915212	0.519998455064735
0.42842283129895825	0.23021125737290835	0.34136591132813354
0.11547923955063363	0.5326547236173197	0.3518660368320468
0.4620411150323669	0.34384981853564767	0.19410906643198553
0.4193287934137554	0.20698108293601242	0.3736901236502323
0.5222073563456482	0.3090041737847121	0.16878846986963975
0.46428920858435263	0.35429982544963073	0.1814109659660167
0.558874653306602	0.20327312663279248	0.23785222006060563
0.35450794714947065	0.1845402230172081	0.4609518298333214
0.40671226189898096	0.2141169036532391	0.37917083444778005
0.5189608617113669	0.14927429206857964	0.33176484622005353
0.354899438831581	0.29108510590223996	0.35401545526617917
0.13848042427908525	0.4648087644943812	0.3967108112265336
0.17233646852890339	0.5883732415361251	0.23929028993497153
0.6072808094553301	0.08584518922763301	0.306874001317037
0.4656061753850936	0.17976881827173086	0.3546250063431757
0.5078708745743838	0.2796530861884589	0.21247603923715735
0.31483606833810635	0.15273245804860175	0.532431473613292
0.21684202829364888	0.36045864929445964	0.42269932241189156
0.1493127445190698	0.47483223252611684	0.3758550229548135
0.44823881982067837	0.3166305314519462	0.23513064872737555
0.2955884302482097	0.5372557719342563	0.16715579781753404
0.25750667777167646	0.26482740563728135	0.47766591659104224
0.3169803184155773	0.48894481963335346	0.19407486195106943
0.3460306264274354	0.17375147387086598	0.48021789970169876
0.05953299714621041	0.8407096441617461	0.09975735869204366
0.21566893362129763	0.3180571092275114	0.4662739571511911
0.2757120868883205	0.5134659693580124	0.21082194375366725
0.24773915064086174	0.24526841046302283	0.5069924388961156
0.25403309873630153	0.3082800720516451	0.43768682921205354
0.4522218936134295	0.28089704909594215	0.26688105729062844
0.2946120151621494	0.38422847908283786	0.32115950575501284
0.24141234988460533	0.20746157834115458	0.5511260717742402
0.2796792517350144	0.2080048484727018	0.5123158997922839
0.1740107808512928	0.5125732208430156	0.3134159983056918
0.5702038228844637	0.22431154965519967	0.20548462746033674
0.28394834669975844	0.23686867686850957	0.4791829764317321
0.3312361380452194	0.45055356923610085	0.21821029271867987
0.02644381472845314	0.8558612290821843	0.11769495618936257
0.02906299932703149	0.556901705158537	0.41403529551443163
0.22995353007928176	0.29630338946462115	0.4737430804560972
0.6850315389585419	0.2058927000495408	0.10907576099191749
0.43273069135914194	0.09612171692790591	0.4711475917129523
0.30489076852383407	0.29705545192326427	0.3980537795529018
0.11849562163755567	0.7454853302811012	0.1360190480813433
0.424812474203544	0.1731222354093922	0.4020652903870639
0.31806245769507624	0.3529329887309053	0.3290045535740186
0.1105095264998821	0.4915008522031834	0.3979896212969346
0.44602239057109083	0.1323403608516218	0.42163724857728746
0.48005459167009434	0.4184261126734027	0.10151929565650303
0.3657114595151966	0.2800005529806775	0.354287987504126
0.23143122807873406	0.3161880393355895	0.45238073258567657
0.027478754190006116	0.6187062501497695	0.35381499566022456
0.4675272500691482	0.19731094669236768	0.3351618032384842
0.4494553708197889	0.4078158579300904	0.14272877125012076
0.22087034791038462	0.3811826984835769	0.3979469536060386
0.40331892027688293	0.3985297436164382	0.19815133610667895
0.45275158804761206	0.1391540554956001	0.40809435645678793
0.3247336180756037	0.3063130766644054	0.36895330525999104
0.04999565740085382	0.7137103911100693	0.23629395148907695
