0.08331834684629272	0.03495220192032801	0.16212410826286386	0.18373759891601382	0.07191166726964322	0.2519040222950294	0.07143325063037548	0.038279321716597835	0.019115006271293408	0.0832244758715622
0.0923129840715625	0.03892733937396735	0.1562263834756724	0.2170350919297921	0.05538059591657149	0.19167116726518585	0.08513200798539013	0.03387361275910547	0.021734465078904752	0.10770635214384798
0.0691916845136178	0.04190807649867046	0.14716934910746948	0.19328634917588933	0.05997322025010598	0.23446982184209852	0.078885770139617	0.054330679940528655	0.020706189146017365	0.10007885938598532
0.06285792040481761	0.0378256824649099	0.17806963666261238	0.2135802848359819	0.06186877192996573	0.2068763173242571	0.08582100357979111	0.05641549286458961	0.019123564541783586	0.07756132539129099
0.08484460277558115	0.04229732075818292	0.1738334146739806	0.2490249018503285	0.055574662640963245	0.1675549861126598	0.07180669228673867	0.04801853129248364	0.02422036265905579	0.0828245249500257
0.07301457856617888	0.031912545478192694	0.13701698831457076	0.24982462588601023	0.07101456585792834	0.17655472937284575	0.08699857277145524	0.057841241517968135	0.0199308582297113	0.09589129400513866
0.08479091798900851	0.036043331389791225	0.17014004073558356	0.18678163323118308	0.07352619951350714	0.24006234206923976	0.06803287112101028	0.03918707719988283	0.01879968524216366	0.08263590150862986
0.09305166067166454	0.03102591658554618	0.1531779160316754	0.19402570008562117	0.06041729294140111	0.2535078029948329	0.07143956158551502	0.042712582932634156	0.022024934136623264	0.0786166320344862
0.06647099552959654	0.03571772875711614	0.16755748714673552	0.1994739395339101	0.07185706824177812	0.206202050959162	0.07924373730949165	0.044703102009611605	0.023197424472886516	0.10557646603971181
0.05796700461168067	0.041167978924363045	0.15464414436337942	0.287092128979149	0.05619709954865951	0.15775306859691368	0.08450131675337128	0.03862745724151518	0.020968554612662116	0.10108124636830605
0.08303375457995728	0.03264754410493122	0.1495644831901968	0.28485483729984334	0.06444558431137223	0.15718218905718742	0.06579182411080986	0.04984891376870968	0.022863469535481518	0.08976740004151061
0.06178059094247149	0.03230569900514253	0.16857876454974782	0.2533299727275078	0.07501173936600034	0.16784381508467533	0.08388518625756011	0.057353164524926746	0.02239136430993209	0.07751970323203575
0.06164311686578183	0.039841067730081337	0.16495722828705595	0.26633838067110305	0.07331971128339759	0.1733928905142348	0.0727687263197857	0.035460321754501506	0.02068407038667397	0.09159448618738424
0.06895647607288773	0.030131444670790763	0.15668470412905006	0.24382990409986355	0.05471418533375608	0.23739751153563055	0.06197153671949095	0.03989972588877361	0.024317498394884382	0.08209701315487232
0.09601565871145631	0.03269828611010152	0.13839914404575956	0.2727649734118169	0.05913502413767476	0.1745147177603023	0.06622734074519146	0.04788333568147333	0.021778054543294637	0.0905834648529292
0.074485389720767	0.03345212062885397	0.15869107319360032	0.23754627038174858	0.05601601582254858	0.1861655788428781	0.08498285230639814	0.0495527296063972	0.02137123416713403	0.09773673532967407
0.07700106165411838	0.04234178440598662	0.1517549882163322	0.22770619780002693	0.05611534012522469	0.21681613071421302	0.06276997944855553	0.04456016713058115	0.024913288358693372	0.09602106214626811
0.08330779159006016	0.03200958631688683	0.16252071600781076	0.21745831508401578	0.07097595346400352	0.21772499580064744	0.07678262927635127	0.039984182082007214	0.019550019200338345	0.07968581117787868
0.055911026657354056	0.03866449412497531	0.14077570846242365	0.2448958897867844	0.054256011710884136	0.2565357763541049	0.06653156171237835	0.039550730894843227	0.020594811526660026	0.08228398876959202
0.051795572907325726	0.030387263813298884	0.16241690749366733	0.21002623345232418	0.05916648771429879	0.24931874926261355	0.07095463942427524	0.03564247120623219	0.023392113473257883	0.10689956125270622
0.05974880248716518	0.03827473114178306	0.170286451900749	0.17813325328864205	0.06671927191714458	0.26065653010746653	0.08623343134190874	0.03629474144415089	0.02234194213809805	0.08131084423289191
0.08464402807326737	0.03657525218370408	0.1713827757205934	0.22316869470009337	0.05672097907990714	0.17734704204271892	0.07579359779135475	0.05336040943071828	0.025195727235256746	0.09581149374238594
0.0697650599306719	0.036105381428067684	0.166821225116437	0.20817239043345798	0.06991614462035013	0.2001837015664479	0.07060576767170545	0.05653548616758222	0.02214732214838136	0.0997475209168984
0.07629051616972454	0.03674175898596242	0.14663518399637887	0.1897685558265012	0.06636661100667351	0.2647684088074435	0.06640904124958767	0.03769212820652529	0.021986055849516434	0.09334173990168651
0.07033978283008184	0.04080421280214134	0.1431753966207281	0.19547267601915785	0.06899125797315656	0.2540597133814393	0.07365784346403881	0.037585671596215155	0.0202137301337746	0.09569971517926638
0.07823043829178364	0.030299960072425913	0.17099162137299434	0.18952778609540671	0.056274565665646974	0.2398736973317377	0.06807072332090885	0.045758561892780304	0.02423521798027936	0.09673742797603616
0.0938445244105982	0.03944209847207282	0.1355694207560985	0.2383810990330248	0.0731290785963362	0.18282751577651607	0.06923924515427704	0.04058306994791365	0.02085089790880311	0.1061330499443596
0.056597523361430375	0.03710184569205116	0.13782925441353594	0.26740064387638973	0.06430610060840528	0.18446604284889379	0.07658750047698575	0.047403982452359904	0.02483060971552059	0.10347649655442746
0.09451028607151117	0.03306082846747817	0.14382838477175847	0.2628976129525277	0.06534563598561174	0.19889320432146473	0.06112112841035668	0.03677886432154506	0.02434607613534845	0.07921797856239779
0.08868054866219975	0.029337451739459744	0.14707113578468375	0.27770929900273594	0.0640530362218385	0.16604686027918056	0.07539094305362488	0.046999971778225264	0.02274088197548481	0.08196987150256675
0.062368935888977364	0.03524367127060589	0.17907840051083423	0.2621795890065884	0.05571000890030896	0.17885829736029862	0.06876214962280831	0.046992459945882296	0.019848004866937732	0.09095848262675824
0.0862478417364719	0.033417527762996516	0.13883418461139785	0.1905175590344073	0.07647930374074656	0.25748947626252333	0.0630015122931796	0.03937389877331798	0.023109675887657347	0.09152901989730161
0.08785287234191841	0.03450471454432623	0.1535129439310206	0.19733972725692892	0.06044793845582124	0.2670501087572748	0.06103782671084441	0.038287442295605364	0.021729295479282207	0.07823713022697773
0.056163903406588195	0.04173673043749433	0.17190095134059646	0.2446293804991952	0.07244979681653696	0.15949279402257655	0.07891420636375569	0.04442028358296779	0.022451858491482818	0.10784009503880593
0.062449076064283404	0.04263360912791886	0.15389772941468	0.23918755186952273	0.07237289233610153	0.22144745099844482	0.06356429268568563	0.042815605157144734	0.02446258124516036	0.07716921110105796
0.058426618500150934	0.030252759599092224	0.13777640511703676	0.22703148632775838	0.06710147982684518	0.2611305801849224	0.062108719851932816	0.047159986618807735	0.020177827556049174	0.08883413641740437
0.0766050576504139	0.04212845541264539	0.13893538431072847	0.2470269200685174	0.05642358055216596	0.21784023331184948	0.06485315132476309	0.05311979684488169	0.02586163084357883	0.07720578968045579
0.054581487456580084	0.02928965271638488	0.1502701696949408	0.2167986566699182	0.062393830651311544	0.25411345745502995	0.07609246379327306	0.05597134554562955	0.02136042919450591	0.079128506822426
0.0815261155074938	0.0410039969257981	0.15212469192570327	0.26057208534411197	0.06766581700110459	0.15787349514560883	0.06367896725497488	0.05112894677447359	0.023096600166708323	0.10132928395402267
0.05752954477020286	0.02978645550265753	0.17197609643967943	0.21594425687556726	0.06244838121253285	0.2508293366695799	0.06415446330558477	0.04458661161239831	0.02136029068893193	0.08138456292286515
0.08135506394891576	0.04131872673057001	0.14320011618376857	0.22073208983718473	0.06756517853387613	0.2103038669674921	0.060996917489381505	0.04304160497412153	0.024111567491802863	0.10737486784288677
0.05896581486386102	0.03207046523343553	0.17395690319304047	0.2879184821964356	0.06800860405471834	0.1565091335488477	0.0832686927915024	0.03970778840475919	0.02025450560476054	0.07933961010863914
0.09181294256683563	0.0331082489747426	0.14089353115564857	0.2655205748127937	0.054820497582365096	0.2063136271705755	0.06571603774546764	0.036052942799165974	0.021083885383139045	0.08467771180926624
0.08622528883407408	0.030252565325522673	0.15139995306291348	0.26893941105492786	0.054545960074146554	0.20812725485210676	0.062298972774687524	0.03542561748915038	0.020159909337977053	0.08262506719449358
0.07396761624378179	0.029096932385772392	0.14725026407491176	0.264174397418868	0.05999812986924926	0.1895961740819021	0.06313375928078432	0.048820405927860536	0.024089165088585857	0.09987315562828397
0.07326805837583572	0.0298238698312924	0.16756016090883608	0.18676464055124686	0.06009956699286797	0.24539994429358336	0.06241985641129354	0.054351280057680064	0.02093412310608607	0.09937849947127791
0.09632308904052342	0.041203521978565326	0.1617993200078471	0.21744348374324252	0.06242627307074865	0.18594383322293415	0.07399169000018907	0.03575340349848037	0.021999877839691526	0.10311550759777786
0.05581491514142931	0.03950847501319271	0.1414501620561332	0.20163024844500826	0.06902422323899854	0.24502093917095835	0.08246301557226265	0.0374557201057152	0.025160361338098736	0.102471939918203
0.0787839399328076	0.034930614118989886	0.14589340617206306	0.22183597005858796	0.05443288054457652	0.22317025345420466	0.06859787262185764	0.05025838066874491	0.02396588918460882	0.09813079324355893
0.09499559846683542	0.03956453409681618	0.1445397779683692	0.2242612667960473	0.060867101192655024	0.22171334319557356	0.07431528159160287	0.041157572799345135	0.019527936829079537	0.07905758706367565
0.06871884872379562	0.030282798021962418	0.17707820061504265	0.18529438640008955	0.06951459248606656	0.23409189630715577	0.065360713046658	0.049490840818742256	0.021857220647972533	0.09831050293251464
0.08695044964044975	0.03209152000757794	0.14470760679710046	0.2325428580506197	0.06606745229694128	0.18703610734581072	0.07842675972683344	0.047854355803696215	0.0238963609222229	0.10042652940874759
0.09029482031142368	0.03277792984745995	0.13796884399121756	0.2494224555046739	0.06080282660305632	0.17841661610478443	0.08390974144128839	0.05615014772394775	0.021402733821918957	0.08885388465022902
0.07219452350613297	0.03779754223437804	0.17371424064352647	0.219143766941661	0.07330356840880359	0.19308051868709317	0.06719246398053108	0.05182186927459647	0.019571835096666504	0.09217967122661065
0.09252938381978484	0.03211575143111439	0.16896831789186084	0.1931970710945966	0.07469531418504977	0.19975043536808904	0.06847144412699063	0.04902151011898628	0.021769544923402634	0.09948122704012494
0.08891697381855176	0.03301173592441027	0.15485525183054996	0.1817488852752012	0.06920380426359093	0.23545868424629363	0.07482700534093328	0.03577366233856223	0.020446059736710542	0.10575793722519607
0.060891299652148984	0.03498516101360054	0.15088888363664438	0.24364383574847803	0.058584001867266526	0.23466570483760907	0.0627140790263444	0.05092871050018229	0.02220382858678706	0.08049449513093877
0.09582352362690813	0.030667534520255585	0.1402202077566676	0.17538843557838676	0.05917744946708931	0.2556275817792247	0.06977215346625597	0.04235336110465991	0.02318120810151067	0.10778854459904129
0.08844800571586167	0.029443034442947588	0.17162253192354388	0.1980009356085471	0.056458499098456336	0.2285891634299082	0.0632637028946548	0.05303856098096672	0.02011039776229924	0.0910251681428145
0.09297183815452907	0.03235587946039173	0.16351452459734228	0.18266786463621515	0.07104831325329844	0.24253325377389978	0.0711914223148139	0.045234186675365606	0.020731488104375626	0.07775122902976833
0.08120748558326837	0.028938823609214	0.13638706202879822	0.2285506370459367	0.07606234413895921	0.2111145857258223	0.07883842148815821	0.04485820653603946	0.022049614572972442	0.09199281927083106
0.08173285427439524	0.03334075298222601	0.1646435951888087	0.21067338360469406	0.059563310220352925	0.19125501990281274	0.07916731109815886	0.05220504015221007	0.022998154854716707	0.10442057772162468
0.07324491378693364	0.03236483497878881	0.14009438889128678	0.275449000794685	0.06670197732464486	0.17167581455046227	0.07818326871957326	0.04942971017300125	0.018755888985522398	0.09410020179510165
0.0568309398684977	0.036357758661282547	0.1484234816703398	0.2426650303032309	0.07542501629521886	0.2050211701501803	0.07327218110947456	0.046948617284974785	0.0214836385470126	0.09357216610978793
0.07679153073598088	0.042179244284118594	0.17099334666460103	0.2580934875947372	0.05790416534795101	0.16309058640786334	0.06417404891367037	0.04117680651664868	0.02515384457847393	0.10044293895595496
0.07993938552659849	0.028995731299923666	0.17662379206281187	0.21336651820778663	0.06050218582141224	0.199610102907244	0.0700875049904141	0.048411258139164866	0.019431082945900374	0.10303243809874366
0.06701131527449627	0.03655359073272976	0.146006388094991	0.2920548085352662	0.060951462142611594	0.15503932915659377	0.06938160972782328	0.05405821966880967	0.024901679985918537	0.0940415966807598
0.052171163489740824	0.04299434671680519	0.14902942066346297	0.2152962940692666	0.07635104419749922	0.2114196098807686	0.06632581901443758	0.057237526371223243	0.024396572437265243	0.10477820315953054
0.08425337377637768	0.03726460970878613	0.14875454436205768	0.1918488596011949	0.05524878462549892	0.2437854585174612	0.08106525389768504	0.054723105479860326	0.025554130337951605	0.07750187969312644
0.09832302431773503	0.040075982850105614	0.1364355436110532	0.23130264589613453	0.06373614161010523	0.1995684897042349	0.07518009191735303	0.04966414203585904	0.02039893781679586	0.08531500024062354
0.07141494100113463	0.029659683842956502	0.1558072011826308	0.21802822873465344	0.0672819164817319	0.2185021800500996	0.07829631964808445	0.05402343044420736	0.01891612273317221	0.0880699758813291
0.09048828650314986	0.036424714529344926	0.13663721898778022	0.22286339715488213	0.059824771794809724	0.2362195997513441	0.06566637033728845	0.05337581259730871	0.020979997672657194	0.07751983067143474
0.06068850859010919	0.03354452711283805	0.1494657995973176	0.17741683745992803	0.0688499694046798	0.2590250897810092	0.08467807990512345	0.053675884500954056	0.024124373635086974	0.08853093001295366
0.06933645732929461	0.04228680568431989	0.15329870287782305	0.2268274437764944	0.073820258401966	0.19689263517614577	0.06555746454182199	0.05257503101385634	0.024270183699303643	0.09513501749897421
0.06021810511406026	0.04218528747604418	0.16532084596719976	0.2542696621832977	0.06473551399189231	0.17152970077211463	0.07246912045557749	0.05769133963592106	0.0257161122557754	0.08586431214811713
0.09715597898655355	0.03710847736483647	0.16952302680662995	0.20240863063505865	0.05934217441146764	0.1848435813586096	0.0660592159115908	0.0528001725027382	0.025266037499277583	0.10549270452323757
0.06643646291408817	0.042887267146919865	0.1430072621055413	0.21858329695012574	0.06271515723905388	0.2258182244563927	0.06685242593067509	0.04442012767918759	0.02337682917871882	0.10590294639929675
0.062152447580252214	0.039684935931809294	0.1501565704278869	0.22722378093997075	0.06379567608342887	0.23800773393276053	0.0659203674326229	0.0446240263792823	0.020632467102683405	0.08780199418930283
0.07912347492120304	0.03544706964740739	0.14778633392361679	0.2137233745863485	0.06699514630853229	0.2345020855119337	0.066429150239466	0.0525837941916552	0.02178323223189245	0.08162633843794467
0.09270858294540643	0.03731193517026489	0.1388143693066323	0.18649826738832725	0.057397609710201	0.25741339947835284	0.06551762647724349	0.04618410067902603	0.025727609082670536	0.09242649976187528
0.09357324180404072	0.0402069220173877	0.14050435749348392	0.22611775417322377	0.058483103526474574	0.2047008958692347	0.06492966976160634	0.05307807767305715	0.023073943798795807	0.09533203388269529
0.06168740725317901	0.03828903572198672	0.1384737506837504	0.2673706065601027	0.06597330655930937	0.19557846924593786	0.06621839799463923	0.039655870236091934	0.02514677965631479	0.10160637608868799
0.07776479892413732	0.0426342708780813	0.1443274836999218	0.28756648668030743	0.06493688977466794	0.18016515102384856	0.06597395437196765	0.03521981368895277	0.019377085758253976	0.08203406519986121
0.0712126670946972	0.04093898745224064	0.15487258946070065	0.22109069493681185	0.07309372493579261	0.18681154503598726	0.07890038685790197	0.05047120298713009	0.022609044074698048	0.09999915716403963
0.06841315151634572	0.03668495070203201	0.16689244783303003	0.18204804472531397	0.06093294714224043	0.25837984621990495	0.06641713131362402	0.037659704806950176	0.02556788772019805	0.09700388802036061
0.06176873692001519	0.03834104595495038	0.16405164818267842	0.2155868572467594	0.05858930748019326	0.22641842219090086	0.07116573143096534	0.040113890291318004	0.022173082841835903	0.10179127746038319
0.05487569447115471	0.030898725786479272	0.16042607367796746	0.18926534478036955	0.07133840091531637	0.2455647496619866	0.07137047669921125	0.045093407950349794	0.025569143848516246	0.1055979822086487
0.08604396757865136	0.03445940574790829	0.1470819598317808	0.22452222594629798	0.06755978853272862	0.22975950732161	0.06537919590416005	0.04095717612403205	0.0247192872122729	0.07951748580055791
0.05847054851332574	0.03890051013043985	0.17231201625848583	0.26703237572433763	0.06636152058596745	0.16872654636072526	0.06334094464365497	0.04131049124726255	0.019384493203305972	0.10416055333249469
0.060271581684384457	0.03861022132277147	0.15707827549518436	0.29769228368001216	0.062042270386190784	0.17780232042185481	0.0611793606898375	0.04185975080436825	0.022745043197583817	0.08071889231781246
0.08678413063367957	0.03734956313305249	0.13667460232762468	0.26966818336856513	0.057814665045492354	0.17504637735868256	0.0739896248923981	0.045727142830030786	0.021392231925124267	0.09555347848535001
0.07053574850715347	0.034981266694182944	0.15962857342415532	0.21499522595924458	0.057274426480526365	0.24922414536632082	0.06274417286955167	0.04545295237792141	0.02573113888444037	0.07943234943650304
0.06847544406685649	0.03058530665592811	0.1687695542194233	0.18113651206550857	0.07561791349795412	0.24571835221133576	0.07153718190687716	0.05571816604316408	0.021178503448164757	0.08126306588478757
0.09095141653463654	0.03751041794486419	0.14842190375695813	0.23350131266654173	0.06316024103442344	0.1960090769787355	0.07292402948876092	0.03699822461026715	0.02558562248725206	0.09493775449756031
0.07280184652680184	0.04281291336887336	0.14286861637642642	0.27098345412448005	0.06373699120188714	0.18066098240306794	0.06562790419235753	0.03644316533840161	0.025855651065080656	0.09820847540262347
0.08446306607092026	0.04068441415280028	0.1577019363764868	0.24093849793742722	0.06537712096757414	0.16605538941799125	0.07665263081035098	0.053748054609860735	0.024885570924189443	0.08949331873239881
0.07388701178783427	0.037174362749753845	0.16099374300642763	0.2459025609408657	0.05843985299156424	0.1764986172048158	0.08346734115656732	0.056435273594657206	0.023842084974549815	0.08335915159296414
0.08798128179762336	0.041893726116384214	0.1443842474917181	0.18321280835627832	0.06739127420852992	0.22613451065333917	0.07961118520990738	0.05466600985975966	0.023935208865060037	0.09078974744139975
0.06350134867543167	0.036539430863540126	0.16046306222744547	0.19794592525333676	0.06868128902258375	0.2391221848804222	0.07415338914092923	0.05468133086381098	0.021900902756107968	0.08301113631639179
0.0635133048687653	0.04035002469251124	0.15142418677274777	0.2850681410868769	0.06998328531596062	0.16264345761244192	0.07620566432613143	0.05223875517912986	0.021656771576335013	0.07691640856909993
0.060249144097950263	0.035008156477119634	0.1641222497460575	0.2793419910879844	0.05639682201984705	0.1730747440442879	0.07466018853770574	0.048363601236054585	0.02069260923726335	0.08809049351572956
0.0678372747140645	0.0369278554426056	0.15477965609530558	0.2840229209937277	0.0654823896670646	0.158281879461963	0.0716953889233683	0.046244214773491936	0.021360189238908436	0.09336823068950027
0.08475315759640016	0.03874552153878419	0.16016358516343585	0.21338696150060646	0.06172580372821977	0.2102674630823465	0.07949302655206136	0.05487935811938288	0.019859544041259863	0.0767255786775029
0.05241459334032141	0.037016600802572186	0.14553993747508825	0.25734172422092766	0.06759624695567444	0.22434129721250107	0.062374995201335715	0.046760677270432476	0.025884504541193676	0.08072942297995311
0.06256727161780509	0.0291715645768518	0.1614035774234984	0.27451281880261624	0.06951644652053193	0.17313182377514708	0.07361981819497657	0.052351354663095005	0.020119529394068733	0.08360579503140915
0.06488468793453267	0.029349084226784325	0.17715259056353067	0.2586191695221428	0.05789009866494024	0.19001974770959096	0.07292219690931076	0.03898907408434114	0.022066919702794438	0.08810643068203199
0.09248340876660587	0.0416254791392098	0.1530601637246411	0.1953544638201758	0.07362495230765909	0.20941471094605366	0.06196133283814166	0.05430896503272559	0.024691526848621553	0.09347499657616584
0.0884474211978664	0.042265486001270426	0.1715583673421695	0.20575584979059175	0.06172034662063645	0.17941770693036863	0.0848059183897395	0.0419253233548754	0.021770064677508486	0.10233351569497348
0.06428272739162769	0.03900800613879908	0.150267801843527	0.20212112875300703	0.06372321769676165	0.24898641799626492	0.07519189003196176	0.03370733028126857	0.024085811387926634	0.0986256684788557
0.07167526649906684	0.03506236019188444	0.14226612782502018	0.2105415067104639	0.06303599821454454	0.260324383959355	0.07885547040152645	0.035628822717924835	0.02378886027713835	0.07882120320307548
0.06548106250845317	0.040784780106802414	0.1642130312723942	0.1938897597185505	0.05723971548724576	0.22906490497301701	0.08209088757828058	0.056512568593621956	0.02342015880316746	0.08730313095846697
0.06121285621207512	0.03170195238823917	0.17331590158822957	0.23172339711837242	0.05459715780836572	0.2127096669654091	0.07611517240599687	0.03339394189506295	0.025813800039815635	0.09941615357843339
0.08971402747619855	0.04128773260969931	0.1515455417476093	0.22100899838723134	0.0637204355514866	0.20713224588598855	0.062566534568982	0.04003268138163964	0.024422361891362335	0.09856944049980228
0.06926639968885656	0.04083264851225694	0.14129138221122672	0.2361027581970766	0.0721810483594093	0.2293855310404101	0.06262399215436215	0.04118972054899305	0.020047312295340167	0.0870792069920684
0.09107915585906834	0.035160934904006624	0.16892917913359265	0.18303955741303635	0.0593458195266714	0.22044233997226448	0.07751874887901905	0.05414991533894693	0.02522431013391352	0.08511003883948065
0.06495726790664441	0.038533907581226025	0.16188144949464583	0.21854769005325286	0.0669307306835317	0.23411922086944398	0.06326479041874014	0.04946218420852721	0.019546496832719154	0.08275626195126869
0.09146014059474081	0.030628128953296488	0.14593593122610507	0.27232784492020434	0.06326694654473558	0.1727217121284476	0.06582428774129301	0.04866214140703543	0.01928950320467275	0.08988336327946889
0.09706079085473251	0.04130387861767761	0.1403048940937911	0.2555585335094766	0.060030976234956485	0.1861664792344168	0.0683566057403706	0.03613228730486251	0.024360274614826996	0.09072527979488879
0.05892112271477202	0.03460750035346623	0.14669056538922348	0.18282381933553654	0.06431001484241314	0.26430945838470066	0.0770488340893386	0.04934227623973451	0.02399282899408499	0.09795357965672985
0.052775966426064386	0.03784247501844415	0.1474300541022429	0.216518448357151	0.07026081490027929	0.23998470271321254	0.0791168438323692	0.05420421652168102	0.021061185337455393	0.08080529279110016
0.06135274370995709	0.042342685165346144	0.16283993204102254	0.19874150180069491	0.05453853708385206	0.25035266982251375	0.07175960272398885	0.035134022172308946	0.01889641911835714	0.10404188636195859
0.05491075933563278	0.029297462205950975	0.14070233243079194	0.2912018786218873	0.059486403096533906	0.19305842279990748	0.07572341111165957	0.04792490447119486	0.019363515992585623	0.08833090993385556
0.05370131807747018	0.03632446462422795	0.17055174760063596	0.23523615321914498	0.06967066775508399	0.19409095666111012	0.08345034643084977	0.057239553239007986	0.021587993890145235	0.07814679850232376
0.06800040549671338	0.039475402995403544	0.17108756019555726	0.2516767674462952	0.06909569191592917	0.18062925028440996	0.07846304150301106	0.04012858645871066	0.020056637418029793	0.08138665628594002
0.051760659123282246	0.037217909215022854	0.15351446633853744	0.2702143165423135	0.05564525852803425	0.21818928868613957	0.07152446685765634	0.03594959897552891	0.022129201982796873	0.08385483375068807
0.08772433736038458	0.04129331201458791	0.15134829466633506	0.27366272775298944	0.06486099544257755	0.15915468221998186	0.06268513252824331	0.05357927010653832	0.0187744850647847	0.08691676284357719
0.05659138939463863	0.03009791765671567	0.17562516983116883	0.2025129823113173	0.0675766130733503	0.24793182805483305	0.06764563421419079	0.04576196278653623	0.022492245112550782	0.08376425756469838
0.0808643639001825	0.032890621385966934	0.14420585144186598	0.18818432722776257	0.07164692606189882	0.2423329727258718	0.07146537211093291	0.04770620535267075	0.019514217646012175	0.1011891421468356
0.052282272874479355	0.03519343919638075	0.14726380472195696	0.2694813415454607	0.07032348015910372	0.20431514901435605	0.06928269993517128	0.04662840347892666	0.025555459386006868	0.07967394968815762
0.06166617503779765	0.03721757572198216	0.1607082419066648	0.2691593331983379	0.07444271423932572	0.1839595984092664	0.06904654288135989	0.04360120319607616	0.023291627819797017	0.07690698758939228
0.09128621191346561	0.03693124360392537	0.17458407793402492	0.21531042220068708	0.0631047800179678	0.17227129294209287	0.08136176127263524	0.03991305742779943	0.020173644883093172	0.10506350780430844
0.0843768725629406	0.030819454699651874	0.15385662493218302	0.25609178441308506	0.07427860821282067	0.17099260953519838	0.060966852519153576	0.035917802362006354	0.025346449572407365	0.1073529411905531
0.08794706116771228	0.02952920442190575	0.16895886496682622	0.20531599892569347	0.055607906965541944	0.2130600561066195	0.06357121162020121	0.047797667887181955	0.025577564385872956	0.10263446355244468
0.08239187769127831	0.03307326271969582	0.1424118053763117	0.25832490463467667	0.06322645457728818	0.17988844501957488	0.06841360797768234	0.05850794413190837	0.025883852581480557	0.0878778452901031
0.09610090267275215	0.03459564637800569	0.14555668978737385	0.2628333279986075	0.06852110602375652	0.18202132072239632	0.0625120033079776	0.04518480451662251	0.025522903462476307	0.07715129513003151
0.05390453255120534	0.03682028103835405	0.1527587852106611	0.26029492053343195	0.07523646343991222	0.1739314718132381	0.07412541245157499	0.04744521391302747	0.02520265481259655	0.10028026423599809
0.06872156071019	0.03441795962957593	0.16584871447039953	0.2348891493373968	0.06720023931324705	0.19874211179352488	0.061432702396677544	0.056602215698763905	0.023873842177514065	0.08827150447271023
0.06169360741607022	0.04110329710076756	0.1516115018626284	0.2594109583221059	0.06890382618365673	0.1721561400199101	0.07544320767348514	0.04877564901502963	0.023086739735179815	0.0978150726711665
0.0766401752722145	0.0368274932795562	0.1442038769830735	0.28670257489078904	0.062311899851685906	0.1666479237253744	0.0631450136635768	0.04678999484528768	0.023150452850724285	0.09358059463771765
0.0780157894262759	0.036557982561323435	0.1650519587287487	0.20829184424299838	0.05634411260724873	0.21713764130325192	0.07815827768778619	0.049382604133821915	0.02263934095104518	0.08842044835749958
0.07272593947870315	0.03135604755717453	0.16029352781801653	0.17764488794832436	0.07556137500887991	0.23294998675390094	0.08602923245966344	0.042701604317929805	0.020022755943991638	0.10071464271341563
0.07345849173055836	0.03371024847659117	0.179038830733865	0.20368107883324676	0.07223163180350091	0.1857851366529995	0.08203481883960197	0.04723284553383477	0.02298041309631768	0.09984650429948386
0.07604708786215089	0.04254235595369727	0.17474140698366422	0.20844901416147854	0.05647433204209312	0.2008936301023078	0.06834629088214701	0.05288664875672467	0.019136684861004588	0.1004825483947319
0.09143046631369767	0.038488185229977136	0.1725838696825869	0.21499701203405125	0.059344376402745036	0.18523996690889238	0.07176536486599391	0.04265923884562726	0.019373016297671103	0.10411850341875731
0.08198462814268326	0.034665654792022105	0.15763146254632007	0.19217470276442566	0.07501165254236652	0.2163138154493204	0.07385675227192669	0.04008503499831951	0.02238432657871442	0.1058919699139013
0.0972047839599386	0.029705599924042786	0.14235457242392469	0.18897499430339668	0.07438310217328696	0.21351660890341237	0.08641864740690174	0.04324903837054986	0.022507089947018916	0.10168556258752731
0.09711899081108413	0.039471615537701704	0.1639438786654878	0.2241901666776761	0.0673864167731971	0.17061149763287925	0.08621601898633688	0.04295849621036406	0.023724016476930995	0.08437890222834199
0.0675936571241767	0.038943284743102956	0.1450583443318485	0.23486442386867773	0.0731479930550657	0.22143236544062622	0.06203836380217954	0.051467043880895985	0.01927615218226021	0.08617837157116644
0.0574732447096435	0.04259237381312587	0.16858979463064439	0.2612420176362546	0.06282789611633913	0.16160879371075565	0.07763860652469418	0.04307051081537558	0.020055320798239795	0.10490144124492723
0.0922375767515064	0.03355630444320444	0.1676363802191183	0.19402996467615896	0.06819830394450263	0.2497158370226507	0.061293321095616436	0.03533820630409601	0.019805734473230877	0.07818837106991512
0.060885622221156226	0.031710802395586005	0.15110637752269454	0.20409911253571206	0.06771051403758324	0.2365712619965188	0.0640061379044489	0.05661013153042731	0.02485577480598508	0.10244426504988784
0.06064061037941138	0.035271094565623426	0.16615608410780275	0.19365650774392762	0.05566108928598667	0.25150518209270994	0.06884928396480303	0.05112865860879954	0.019100500618210767	0.09803098863272487
0.08363196529352049	0.03943593231512298	0.14706935584633937	0.24270289672761575	0.06982971890296061	0.17636612889347864	0.07504716309831791	0.043295361287548316	0.020344360906634704	0.10227711672846121
0.05192330479666156	0.03940405779015611	0.1664326466865333	0.2544743365946978	0.05753648122574697	0.190656870405446	0.06259546134876438	0.05774608923796659	0.025183298645189894	0.09404745326883737
0.09083213671357557	0.03242057601313611	0.1447988000542688	0.23891130533357546	0.06357226720850495	0.17260426752376037	0.08432936483022199	0.04729602757444545	0.021296621953861825	0.10393863279464938
0.08208046628669105	0.038609500433095086	0.17583963086683263	0.17892741039477855	0.07222757380784522	0.19608365182639048	0.08320375187807379	0.04230444054804298	0.023043933081486237	0.10767964087676402
0.08458940822503866	0.039401307752894084	0.13582408891385692	0.2115409997856399	0.061719586901147656	0.23712837737286385	0.0766098905919001	0.0418295406820711	0.018888975914544026	0.09246782386004365
0.09264520415884887	0.04176162752147946	0.15317162189644618	0.21030006235289478	0.07626993441342218	0.20300651774014714	0.07891088031145341	0.03393445709163806	0.019704545223638695	0.09029514929003114
0.06565083824295978	0.03603789200815487	0.1432504051146395	0.2532406666111728	0.05770619544632742	0.19945969030600874	0.08447773291871932	0.048864791449278126	0.024489440487906328	0.08682234741483306
0.060221856587686556	0.032726924472754146	0.17190233383211886	0.19026218455389105	0.07652270793131417	0.22559316042051247	0.08687713184536429	0.04365922726178498	0.02562536718571884	0.08660910590885465
0.08948822817797594	0.035725493799259544	0.17551339165997737	0.22990762347848132	0.07102023289818968	0.1556924315199127	0.0687288873696803	0.046720515691901866	0.024220544699968982	0.10298265070465225
0.07216015708238396	0.037801693111839604	0.17593823028383931	0.2696137101484876	0.0549795173842631	0.16184518281104762	0.07401852422865687	0.0359519844874962	0.023550037462435364	0.09414096299955035
0.059571000380971836	0.037841684783477755	0.16708405406122107	0.19619364015322094	0.05417933771782099	0.26497738058534653	0.07027412794226337	0.03637571276102472	0.021559880363467773	0.091943181251185
0.08227671406071208	0.04147048527075922	0.14207560524872476	0.20612816179867355	0.06113267640795729	0.23862649794176582	0.06903984976348221	0.041768578185916255	0.020313680003980067	0.09716775131802868
0.052703150815439845	0.04032054374678741	0.1589553456676645	0.22012986274481716	0.061399203308141	0.23714586793276504	0.061925574579806256	0.03847959948194443	0.022943072209460832	0.10599777951317353
0.08029251088710555	0.04252481622743472	0.14746505971253573	0.2542126715406421	0.06751236646003023	0.17825582153706715	0.08014142382774231	0.03674311471003748	0.022823576054554526	0.09002863904285012
0.08385848820404986	0.030743389272325283	0.13842530691402335	0.26566091725522717	0.07028031913661487	0.17272329913610476	0.064029283401566	0.04782798246917799	0.023365004752188112	0.1030860094587226
0.09431969698699678	0.02884231798010299	0.16494403786268252	0.18147160209423024	0.07329568482367763	0.22998813122270828	0.07980419074766884	0.03330888585616784	0.020076790735508998	0.0939486616902558
0.0770448086112624	0.039660734988216165	0.16141131674933012	0.21230726542654432	0.07116666279983656	0.198747440254207	0.07677997803655093	0.04990714750740434	0.025478329745217687	0.08749631588143046
0.07393124257376812	0.04169717203840599	0.14810075210991078	0.2011436703911191	0.05779347477592382	0.24463340376384035	0.08173056009481934	0.0411160979914464	0.023024423747905254	0.08682920251286083
0.059592979890032274	0.031497562782463004	0.14200783948623946	0.26824936611501926	0.0611664931828776	0.19460738609917422	0.0711618906919061	0.05731866485169339	0.02213295614954329	0.0922648607510514
0.07000143670894218	0.04076403560946109	0.15640928378009414	0.23736102074017246	0.07308482593850232	0.19755207310673348	0.06837406203586271	0.03673707405437643	0.02085528599174362	0.09886090203411156
0.057296804170115574	0.03652204242234809	0.15283985911370848	0.18513145839496312	0.06797160167107472	0.25234964203247884	0.0810275734749795	0.03771105026536636	0.02536564189929108	0.10378432655567421
0.061043353386494144	0.042461176536588714	0.14431490194649838	0.193104436743882	0.06092520285728374	0.24869843218372772	0.06749320292278124	0.055797650696025256	0.020923893313816347	0.10523774941290243
0.06947779028894441	0.029834358135997455	0.16132164169079838	0.18969577055081976	0.0542952052512142	0.24430794086809687	0.07828803972997377	0.05186076857508513	0.021226351809295996	0.09969213309977407
0.07196652628990119	0.034324560129418036	0.17897315516822213	0.1943449954214519	0.06721264761706905	0.21751280896413921	0.08665363497201845	0.042308336997050916	0.022557882269855875	0.0841454521708732
0.06465138157302092	0.03533257456066874	0.15284412042428047	0.2644451161146822	0.06851191321170269	0.17746558445407823	0.08528390301689467	0.049374729148939665	0.01956006445774408	0.08253061303798834
0.05694398965694903	0.03996252080207026	0.17557684180968497	0.29673165920008304	0.07174271452323268	0.15688658087791313	0.062021374213199865	0.0380601714558054	0.02443094491456395	0.07764320254649763
0.08359208747233476	0.04132528667072137	0.15471854182487987	0.24853432030496259	0.06560808630004906	0.16126624361123787	0.08498598314018815	0.05826925926625744	0.022579083365063646	0.0791211080443052
0.09785613031054939	0.031164132806588085	0.17660569266689108	0.20559160054519082	0.06641276030923621	0.17348725082226857	0.0862004641168479	0.03845847201429939	0.02532918923606252	0.09889430717206597
0.09187888175370014	0.04153335895478039	0.1386385731161307	0.18494078680471074	0.06793951151948507	0.24596824766562697	0.07845439040982488	0.03693274028222927	0.020163885188605582	0.09354962430490618
0.06709841266986802	0.03360849603777906	0.15317430562458026	0.2964902703005955	0.05854689342502272	0.1614724550880728	0.06511784299665976	0.056145442147820114	0.020823849827852	0.08752203188174978
0.09118615232093939	0.038008270103098776	0.17154723980209982	0.21646629835627978	0.057019494699447046	0.19233555410098974	0.06819413447085773	0.054656470798345416	0.02113455764512788	0.08945182770281436
0.07003732886592981	0.02946433693644182	0.16787555545043537	0.2115901746419725	0.06852507163914043	0.20972957177562035	0.0762240169681778	0.03421907548502273	0.025279225133687758	0.10705564310357142
0.09872861916722928	0.03080737151594505	0.1669988842853534	0.20064825529229652	0.0603397700207373	0.22265565238033347	0.07220320848905264	0.03879204921174043	0.020069582665134034	0.08875660697217788
0.08124674746281213	0.03126624052661281	0.16104633772512983	0.20548531363886702	0.07606318287922914	0.2161789828420525	0.06475315309821245	0.04583400056049983	0.018866794207034576	0.09925924705954967
0.0605968527627353	0.037565512605818405	0.16832859133065592	0.2363371795812303	0.060279854349900894	0.19939162581142297	0.07340427943784819	0.044221706624993	0.02103884982589091	0.09883554766950409
0.0858591550649094	0.037755127495565394	0.1576951619164465	0.2266228191149927	0.05487211702712701	0.21482205459522663	0.06834529397942432	0.044752339302691575	0.019231797934170083	0.09004413356944624
0.09605089042859696	0.04291425028122107	0.14945838823010937	0.18012605855235245	0.05913461680134195	0.22638087440225607	0.07959104846701465	0.054530576320956314	0.021560980885426392	0.09025231563072467
0.06416965713338495	0.033312320585304075	0.14994512989019818	0.24827847114544427	0.05820033368706638	0.2168279903382772	0.0639389899537818	0.054143162532428166	0.024491485708666938	0.08669245902544796
0.08823440569182227	0.03583241312020663	0.16820005661341542	0.24141356367080646	0.0746692280013953	0.15985699638138845	0.06303726024859604	0.044280213944668155	0.024410642277643585	0.10006522005005763
0.08027439017662251	0.03605761675904777	0.15658778007966198	0.2675321479027802	0.0663037449084159	0.16034886835145265	0.08560350446992299	0.03995178721740043	0.025908783103446048	0.08143137703124956
0.08569504159771543	0.03336809854825225	0.1471916828835038	0.2276588081303127	0.06908133890999668	0.2045209615790029	0.06869108080369374	0.04201166227655103	0.02398066952911046	0.09780065574186099
0.07804639576730342	0.03178251651121966	0.14855224546649398	0.2601107738511085	0.06911835208298024	0.19765447553170834	0.06421067553088942	0.03669581519589693	0.019949207748866618	0.09387954231353281
0.071522790763399	0.037273556408292954	0.14438500271314253	0.20011631298807184	0.07003168176149188	0.26700354805258053	0.07374662165776136	0.03621920987277118	0.02136495462510589	0.07833632115738286
0.055493111816509955	0.028797723535280706	0.13694773295874152	0.27852768836263014	0.06614287648258445	0.2115238424439747	0.07564468679019834	0.033213547920330364	0.022477420712097768	0.09123136897765198
0.08620301951930154	0.03366677524032688	0.16015683637507172	0.2040485428224127	0.06548246311621868	0.2233141893346961	0.06582717559164242	0.034283028666223306	0.019869891872502696	0.10714807746160392
0.07654435728480846	0.029736179557574127	0.15447300935816716	0.23000599020523488	0.06253451534123253	0.21752934644348734	0.07115663562169436	0.05159847026509545	0.021116353293700027	0.08530514262900563
0.07278573617202047	0.030804550529120622	0.15644268869788489	0.207173788814927	0.06895573552273968	0.2513127878178824	0.06580243173484282	0.04937085342949811	0.018697224715445868	0.07865420256563811
0.071243488625926	0.04221718245006049	0.1604225168664672	0.17592469145718947	0.0749468231833251	0.23324534782269135	0.068471186753637	0.050162745984265025	0.02488800056245763	0.09847801629398074
