0.20964983262050424	0.04539413760131496	0.20480781417474916	0.11974652819216398	0.03733015314374756	0.07648493863459771	0.18615548220268435	0.12043111343023778
0.20425490656023204	0.04353905924253006	0.24260309572414634	0.1192163098009113	0.033092393201044054	0.07158409289019387	0.16585141675806306	0.11985872582287899
0.20959909907531377	0.04109297144886724	0.2199875645802991	0.14837099165988518	0.04515444885618318	0.06059026283221862	0.17013921785271707	0.10506544369451558
0.23003053454923475	0.0499756470524438	0.1890968761253039	0.129942025564227	0.041891081245751596	0.06422990656927632	0.19103268153641478	0.10380124735734764
0.1535816437394557	0.056443717298779936	0.19897014581772388	0.14853903028695223	0.047965633295083784	0.07032098189871103	0.20307511133664358	0.12110373632664966
0.1897826136622339	0.04423620948326365	0.19748152396603202	0.1617681909969532	0.03202362682485897	0.06864122699397825	0.19451691665035017	0.11154969142232962
0.15805795527132308	0.05154003023934696	0.24052984531535776	0.17212895218212992	0.044127996724538834	0.06416947257109706	0.17687759905869815	0.09256814863750801
0.1685352406713616	0.04711108220710253	0.22309511610374907	0.17461322296920298	0.04863732192252686	0.06390259926638081	0.17770187181241526	0.09640354504726067
0.1755306971798404	0.052948551551749684	0.2176975149046515	0.14139772192181718	0.03757639325984524	0.07274749659055421	0.19160123392117778	0.11050039067036375
0.1839474835974459	0.03858836669228988	0.19355969869689602	0.17097145122423762	0.03495897549599197	0.07374871791984024	0.1928774051542449	0.11134790121905325
0.17027422350764584	0.04802475152553949	0.20843480429884575	0.16084296405773313	0.035840136270215595	0.06961292786217899	0.20038256217490763	0.10658763030293333
0.1717985607359955	0.054106288851382175	0.24896234845841075	0.12527240184333427	0.03969251939586081	0.06200326658794293	0.18522174002466776	0.11294287410240551
0.15811475315211598	0.04752850072319344	0.23507118196523838	0.16290273457059207	0.04932003837056119	0.06473924019813088	0.17655373358102927	0.10576981743913855
0.20731554042611272	0.04693819224762372	0.20126698064114223	0.15157958017127054	0.03177073056142127	0.06455672307763596	0.19450671366580458	0.10206553920898873
0.16720808136981374	0.0570967461948102	0.2480140390064473	0.14040211886643947	0.051832286136325	0.06242147792632374	0.17848670848659287	0.09453854201324735
0.19029941111833948	0.05506569255293095	0.2200050628386675	0.14569225332168498	0.037068630106445524	0.0679895629135546	0.17553640701027512	0.10834298013810163
0.1677713972678281	0.04909733156876789	0.26579235585159855	0.1339948436186237	0.04093986345528537	0.06772897618070853	0.18280714188616093	0.0918680901710267
0.21427105457896192	0.05668773142820979	0.1923979128052479	0.12886068714642385	0.03985220759198416	0.06497737976698192	0.1830183735109228	0.11993465317126746
0.17551748314720772	0.04092821909055108	0.251029232287051	0.12033127567611265	0.04492460043329316	0.07429960532954082	0.18845002393841312	0.10451956009783024
0.20114536083482593	0.04976606380614809	0.2370526381641688	0.12622718510714845	0.040257696239464194	0.06484717186960245	0.18863552743588663	0.09206835654275525
0.19835383741383492	0.053650475668166706	0.22577043913310024	0.1501945785487555	0.04406645284579827	0.06180858805233776	0.17487840043831532	0.09127722789969105
0.1912040467865177	0.043002694475681946	0.23351586828021784	0.14075292830935798	0.03235997869760915	0.06802810961639312	0.2021349405795072	0.0890014332547148
0.2013944954039088	0.05606532319085096	0.22495429608679524	0.1335393214198732	0.037759099998990325	0.062408831958094255	0.1784916807548923	0.10538695118659466
0.2181229011929973	0.040462198027165525	0.21659205681381033	0.13472357138627802	0.04552876085617481	0.07665802894268939	0.17274530603263122	0.09516717674825312
0.2165599940423728	0.05170838911144983	0.19899520282217714	0.1634622498081623	0.049088337171608	0.05839076372739985	0.16636718813979012	0.09542787517703971
0.18892283500859025	0.044007505646625825	0.2505496706927274	0.14500140291499286	0.03156345749016472	0.06290131560963819	0.1877255654313792	0.08932824720588131
0.1834042418112869	0.04777195571585516	0.2066783878325451	0.16396217762072984	0.044671043510072964	0.060300325051011974	0.18722235191782233	0.10598951654067548
0.21313783374539458	0.05286628908860937	0.1992534166575174	0.12068306392339402	0.04699344622613609	0.07758485889537306	0.18908890931313915	0.10039218215043615
0.20492714578161675	0.04523583696767139	0.21921275565904336	0.1385100414355379	0.05027177899565681	0.06671209014000451	0.1727207481773257	0.10240960284314335
0.22879177664286118	0.04056804014702464	0.2176225634003534	0.12958580752262455	0.03196263816749098	0.06368155024706398	0.19263141323397215	0.09515621063860889
0.19990615758813873	0.04875118470995096	0.19117914159770605	0.13171100375352598	0.03512859018971795	0.07273873170781954	0.1972882394089891	0.1232969510441515
0.22372159674881908	0.04723370369979853	0.19978322551383793	0.17434100067372135	0.031820134757680876	0.06117519454345664	0.17453198161368583	0.08739316244899956
0.1592032882723163	0.05191475778163625	0.21265224776126052	0.1542824265435662	0.0514254957685579	0.07543862325806663	0.19393547307367037	0.10114768754092554
0.17160332675469564	0.05482030053839135	0.22436114185789735	0.16362102072878956	0.048972692368416476	0.07158350725164683	0.17742047045998127	0.0876175400401813
0.22621085269113433	0.049396203595274746	0.19228791050979868	0.1232106363401389	0.032350746854975715	0.07782699902447532	0.19574570474534872	0.10297094623885339
0.1996379587088175	0.05141060067833653	0.22093836773154374	0.131209686831148	0.04815252611315807	0.07385777597600052	0.1877005637872173	0.08709252017377808
0.1571040118085877	0.046224006508388246	0.24222225484657592	0.15790524666836725	0.050093844336622395	0.06067688425892602	0.18127778686982474	0.10449596470270747
0.15124627397326756	0.05733839399448015	0.22638270315161452	0.13587174208317482	0.03741163487422003	0.07857429775754449	0.18992517234389944	0.12324978182179876
0.19327131724323593	0.057345631119829266	0.2021161375256588	0.16868528113559325	0.045999367251823436	0.06192634393895513	0.18124758783793496	0.08940833394696897
0.16593475314417205	0.05323310172986315	0.26576129316699604	0.1281798045559636	0.037752748650291545	0.06120242502531846	0.19734917398602858	0.09058669974136643
0.1795929022700899	0.03850604437014071	0.2313350959597083	0.12686200201877199	0.0410574282664575	0.05835407351340757	0.20255672149299117	0.12173573210843265
0.22880253458779443	0.0414712618513854	0.21046721269885493	0.13675469722292535	0.03656292059320983	0.07815547713694451	0.1695908933279217	0.09819500258096359
0.22533441402171295	0.03981392968117227	0.21697741001690785	0.13704703491279996	0.03251576393387619	0.06402265359511489	0.1905466902491852	0.09374210358923045
0.16774246847618923	0.04855570448451044	0.24386279983779177	0.14630466843545364	0.03397032381597838	0.06258676162340074	0.1900843272709091	0.10689294605576649
0.1921556029846979	0.04226368486124785	0.22213260182946332	0.15261312364316362	0.03488300823163512	0.07504662264960553	0.16924781206950723	0.11165754373067925
0.20206141250344595	0.04714243631021957	0.1903057453501102	0.15085547080046738	0.03481378041336744	0.07337850373048423	0.19562000267229002	0.10582264821961491
0.17484532269650777	0.05380218111481466	0.23763717970301818	0.15696129543848636	0.04012907397204771	0.06414336359012901	0.17104123351065495	0.1014403499743411
0.1826346199097882	0.05563527406664495	0.2649798186046548	0.13927311448458257	0.03276184280746412	0.06531556405072542	0.16588156419102976	0.09351820188510995
0.17381788896037875	0.04016338485703935	0.24396012649775706	0.15234328587261853	0.041438144438638275	0.061350641472620565	0.18339964933732195	0.1035268785636253
0.16401973356106822	0.047114867778125694	0.2528673066912483	0.1472773329625776	0.044875371762516436	0.07452353668629698	0.18019998933065304	0.08912186122751348
0.16608931459831064	0.04488551502895399	0.23327754356905875	0.13990317130680247	0.04993013274132166	0.0780797693685169	0.17424540728317967	0.11358914610385569
0.20315350795717177	0.03994395256356015	0.2319078742699202	0.14702245524936042	0.04693699174991803	0.06310108266368902	0.176225783869211	0.09170835167716913
0.16244501731674224	0.04441543702978766	0.22888294127010472	0.15005209110767853	0.05001177034175125	0.07310661556401624	0.1659383038971951	0.12514782347272402
0.21096230702030935	0.04420743999106898	0.19975645566081407	0.1607182254246411	0.031603886275276286	0.06366821461528531	0.1725116128615394	0.11657185815106524
0.173351033676521	0.04174315205287368	0.20766428427296788	0.15568675376515906	0.04896794430797552	0.0711876061667089	0.18930839909614156	0.11209082666165217
0.1870947635424184	0.04082274867784494	0.19046940219368877	0.16437560785777158	0.03349723663387032	0.07038732421867358	0.19748778762590274	0.11586512924982936
0.20558199912117195	0.05562369070714536	0.1926969672486763	0.16936191377219464	0.03787654895195128	0.05900726732777847	0.19348733667093154	0.08636427620015022
0.1619277849048395	0.04006932834606844	0.21671087413626305	0.16099772491300562	0.03252770468251398	0.0698474759831717	0.1928541333988814	0.12506497363525612
0.22238822578574174	0.05098181512145175	0.21145796237708842	0.15355347871306368	0.03202078269933012	0.06732390770319033	0.17462529383353648	0.08764853376659727
0.15275888715617325	0.053731411747919094	0.2053320909182396	0.17495022669379764	0.046005918854434155	0.05923386682708874	0.18769533892847906	0.12029225887386823
0.16100556496406804	0.04897705808638696	0.22161333755388957	0.15827009695410008	0.04217690746253809	0.0747283081877679	0.20377785565999934	0.08945087113124982
0.21344840499980913	0.0502128975328297	0.21516197849797222	0.12559071593433707	0.03596475616954049	0.06950161305411241	0.18801316597017348	0.1021064678412252
0.16064629032126304	0.04388769776287926	0.23910527405148127	0.13892645229724335	0.0377222761744708	0.07349223630380677	0.18923287993278332	0.11698689315607197
0.19976174241866018	0.0404471438007141	0.19583717586890895	0.13995696629057355	0.05043052951987595	0.075882605003582	0.17369428926667516	0.1239895478310099
0.19360625152837124	0.04868382202350513	0.25607872390198017	0.12116746424821186	0.04374258251203228	0.059301915895366736	0.181494094210675	0.09592514567985735
0.19476057891902077	0.04662503670383404	0.21500202045316658	0.13324720180671126	0.04815372775898105	0.06489298690769135	0.1925497893990774	0.1047686580515173
0.23196065457040246	0.056174602029326934	0.20092842105403969	0.1254977822289125	0.03319036739765331	0.07703730451437395	0.1694832394210075	0.10572762878428338
0.22796919371470814	0.04947193912069264	0.19178821454429953	0.13559345623964103	0.047539680062496564	0.05812580957070684	0.18735440204102807	0.10215730470642695
0.19713769347706578	0.05121348398199593	0.183548908784614	0.15479308355513866	0.04473198709991949	0.07063490730153305	0.18635708645203541	0.11158284934769738
0.18016258241076216	0.04049643868231052	0.26390509504398685	0.1290371838783628	0.04834242691851552	0.07132245241222765	0.1681865714023485	0.09854724925148578
0.17481306668055502	0.04904131131932915	0.23167660876201424	0.12961626707673066	0.03902982608354033	0.07555051860940366	0.20337272439184448	0.09689967707658227
0.1668856685923676	0.055897052988485504	0.23598532751149173	0.1253703526400532	0.04432227761592791	0.07286363237930962	0.19651854201649888	0.10215714625586533
0.22694804880155492	0.04411798709359478	0.19824672570191976	0.16674422114745513	0.03266733994703458	0.06879599587203773	0.16921324580468589	0.09326643563171705
0.1748151071186819	0.04579900540565708	0.21495684986462166	0.1293255583301139	0.05026071633438904	0.06587651240097056	0.19845945593881242	0.12050679460675322
0.15069055525159494	0.044436677968685	0.2465072129113058	0.17031556036432788	0.03625769683143988	0.06553900671913415	0.1720502024336483	0.1142030875198638
0.20450812275370267	0.04045153273176805	0.19816899503633395	0.17448831169557436	0.04469898561817168	0.060409752512865345	0.18781050870298133	0.08946379094860235
0.16733372628736232	0.048815389355444244	0.22342745011350754	0.15993876788199804	0.041387837491726365	0.06430084659327073	0.1879941102419062	0.10680187203478433
0.2087672957371151	0.04402119690657122	0.20365297064034613	0.14356735252671904	0.036245111200134475	0.06933720476721301	0.1942558136029297	0.10015305461897109
0.15740827146739567	0.04705347345470198	0.25940710578076087	0.142056568086007	0.05216055970308735	0.0679730886626885	0.1872382493629325	0.08670268348242591
0.1585378909245995	0.05015658739043867	0.26338071759347503	0.1269570167568562	0.04394806025434968	0.07525571625131403	0.1860811442048277	0.09568286662413905
0.17522437489207104	0.055522751724536384	0.20775278166462002	0.14369877193148242	0.04737721193096234	0.07163594887597727	0.19171113572784504	0.10707702325250522
0.18777004709656045	0.042255923456930924	0.20346603945824387	0.1522789378712925	0.040031933620575805	0.06823682182241197	0.186061582120885	0.11989871455309917
0.22653588605204988	0.04402032732497116	0.19094671658723325	0.12198390930541574	0.040878815130045223	0.07261625652580975	0.1795936495230021	0.12342443955147268
0.19319003060917375	0.043765107891945945	0.20997357604713296	0.15036095175083547	0.0351987781684622	0.06426800431765353	0.1992098960278052	0.10403365518699068
0.17998925188443224	0.05175003433831399	0.24254351530284257	0.12386906399670948	0.04143853191792621	0.07295072236844302	0.19815142148967763	0.08930745870165467
0.21621343645265234	0.05501577287017692	0.19495750168898485	0.12644554763111227	0.04999515032833504	0.0734843231614336	0.19317030060378954	0.09071796726351516
0.22294716183979502	0.05049584976243039	0.1956983217271377	0.12849233360239695	0.0414912612672617	0.07076906581981884	0.19466909689935602	0.09543690908180308
0.1936483139999377	0.0383467720733697	0.2523267530949993	0.1358480381292389	0.037224230477788806	0.05956584997189679	0.17246753262514164	0.11057250962762684
0.17490942502311352	0.0426448864066757	0.18933252750694307	0.1744029059354885	0.0413804616932926	0.07026182068467772	0.20093955482198228	0.1061284179278264
0.17642777879082003	0.052121984269373575	0.18266323126323733	0.16186248254158334	0.03919223620292664	0.07384140091465619	0.19733574168607776	0.11655514433132488
0.16761131401385782	0.04969703823432263	0.19224781691583703	0.17593295074429416	0.04834759388030138	0.07639762257308182	0.1921675330205381	0.09759813061776687
0.20911083977134964	0.0390489123951487	0.2175902478436765	0.12587793708037323	0.036718596833850675	0.058787420570034485	0.1907446170524436	0.12212142845312292
0.1945058238632358	0.04678998646900294	0.203895869376252	0.1676742923112119	0.04842774493689089	0.06627877760402123	0.17483779881533	0.09758970662405497
0.21204467711469963	0.05414049967416944	0.19518841170933005	0.12899708031774149	0.046440530539248806	0.06598032071366688	0.19946804899011478	0.09774043094102876
0.16877769488428299	0.049997616726345215	0.19802906169916434	0.1690361313501027	0.040071263122417725	0.05868944277606035	0.20265669302208056	0.1127420964195459
0.1514450006017617	0.04057492927829791	0.24153773445645008	0.16833828305660112	0.03600162181954611	0.05805273147259089	0.18388547052637827	0.12016422878837368
0.16729195200550726	0.05164358786350837	0.26531999836313164	0.13002141998905106	0.03797232504229975	0.07749336392071943	0.18067112938071636	0.08958622343506589
0.18325031595686958	0.04112295632340014	0.1945334801792089	0.1588594252632149	0.04457400504495525	0.07715300873623451	0.20102381771718975	0.09948299077892672
0.18107762938303118	0.053932430695065245	0.23542764760956394	0.14700771987212186	0.03116032273492174	0.05949067919104532	0.1869548217125998	0.1049487488016507
0.1562382114352598	0.039819524496941566	0.22155757201068182	0.17211208000097614	0.03172049772042533	0.07708422480985469	0.19701982970871637	0.10444805981714406
0.18654574153784348	0.05161890071223972	0.21830143092237497	0.1375724967103534	0.03147057832887158	0.06817555883528534	0.19510500713821632	0.1112102858148149
0.21181641582166577	0.039077633098104	0.23217681993105593	0.12645109515702924	0.051935391208043205	0.06479728511642509	0.1830636133877924	0.09068174627988411
0.17162569834643962	0.05659085863868164	0.19885960564187527	0.1405914827460899	0.05058892734468608	0.06453283406213528	0.19308324194629653	0.12412735127379552
0.20698538772435643	0.03822630298168185	0.1949866620159122	0.15627398904376172	0.03811642469325398	0.07703871964093827	0.17397832103814842	0.1143941928619469
0.1919634228517758	0.041572244017901966	0.19320002670392317	0.1527713272396895	0.04895345984455357	0.07192228906802114	0.18714855939667846	0.1124686708774561
0.18818489007657177	0.04023280770892941	0.2387235788131259	0.12204421401760951	0.04049831301703295	0.06207626205732836	0.2002655017472319	0.10797443256216999
0.19311059181196275	0.04006650004096275	0.18245469217623536	0.16471893013737385	0.0480270506866471	0.07328856280285301	0.19366890064429038	0.10466477169967461
0.2201745248392532	0.0443688105816499	0.20339098499226396	0.13191731198806875	0.032511698636697894	0.06774233669483923	0.20373688297321368	0.09615744929401314
0.18531994161486517	0.043452921041698095	0.24044162325352658	0.13894730110110132	0.04817788492388286	0.07463237961000053	0.1764688373926342	0.09255911106229102
0.1757314477050273	0.050402012043893316	0.21337455458482424	0.1393656082829316	0.04447007453241028	0.07418548273648637	0.19099444361843437	0.1114763764959923
0.17458338401225426	0.056672365822106635	0.19951534153609482	0.167057757894983	0.043431342938184125	0.06109856482615006	0.20309599420096058	0.09454524876926625
0.1727379875100149	0.03845340224160802	0.25911734265882225	0.13453384835317603	0.03299240271153134	0.061669494217441834	0.18018951571567482	0.12030600659173055
0.20041952045782307	0.044762392569564394	0.2221344128103599	0.13577440687989	0.05185544812440594	0.06608292468591409	0.1714386444668815	0.10753225000516087
0.16946848938357892	0.04790115792622028	0.21781997690720978	0.15843959141161235	0.04608841265512119	0.06418655842505677	0.18610691510786306	0.10998889818333744
0.1920038187129698	0.05411910172381794	0.23338622185221758	0.1306191239582605	0.048950894697172995	0.06407303385058177	0.18354373196252086	0.09330407324245828
0.2060119038285949	0.051444313130459204	0.21119076611570053	0.12929590507114302	0.032929024818546454	0.06543745642794781	0.20321485750910911	0.10047577309849874
0.15400244889898831	0.05264039040577348	0.24895502135573538	0.14865278199685417	0.03778893735487748	0.07220342484321894	0.19346900055021207	0.09228799459433992
0.15195342681359653	0.04456483967045115	0.2682785080064707	0.12074292924455642	0.04312218601324469	0.0765974509489776	0.18895737840490842	0.10578328089779426
0.2226858587159939	0.047914571138568104	0.20581443571798816	0.12295078581752161	0.037303810449469246	0.06631630101901242	0.1985324584485318	0.09848177869291455
0.15104104132469812	0.052737872544135686	0.23157351042080182	0.14273836270907334	0.04096209771745009	0.0629068857294112	0.1935973136899407	0.1244429158644888
0.19805585137381176	0.04482370982526575	0.22283792831534566	0.12632829415255253	0.04235637059939566	0.06834271161024907	0.19158092720416037	0.10567420691921887
0.16047226697470704	0.048867841914286045	0.2510284840072242	0.13421692492640674	0.04913677817056834	0.06792254185331842	0.16996862604853746	0.11838653610495148
0.18148922788885763	0.05377085644745194	0.2110549735930707	0.12435666923681878	0.0515003677490255	0.06535592789875527	0.19559257227489157	0.11687940491112836
0.1775992811134114	0.047288198057742495	0.2501312686515057	0.15600265393744744	0.03647305457564899	0.06734880211857874	0.17622801663750032	0.0889287249081647
0.16791552665060702	0.04534561872330482	0.2300229251134625	0.15734208058748927	0.037215626243338226	0.07654707698437033	0.16826618862237572	0.11734495707505188
0.15973938456696346	0.045454781597971394	0.22761372294072652	0.16539402056058083	0.04167954165031096	0.07556151262972507	0.1897801122833644	0.09477692377035711
0.15569201435597274	0.03827629852974493	0.2681648824627263	0.1576113306829441	0.037591022557294004	0.07517196714568825	0.17938706668527177	0.0881054175803577
0.19117533789527144	0.04574525619623057	0.240230821678217	0.13434526659259508	0.04176043557353512	0.07051994655452232	0.18565035999457352	0.09057257551505471
0.16107684655036908	0.042815234142718886	0.23884561975240073	0.16762959179184328	0.048958084753709954	0.06283968944866007	0.185248992820224	0.09258594074007373
0.1967528791188649	0.05128868463374091	0.2004974513376504	0.1448781849847281	0.036454042458138866	0.06997835617771145	0.1810668873176113	0.11908351397155385
0.2298159501967047	0.04212228028300595	0.18245925174720537	0.15751555309775056	0.04134850633585867	0.059111292326485446	0.18231491549510281	0.10531225051788623
0.1836961594569333	0.04813712124294996	0.22242733393718356	0.16149886741587538	0.0388574880724078	0.06878399781406734	0.17696262764124826	0.09963640441933416
0.20013967844843236	0.042140947057778516	0.18398629931756588	0.15894155617295938	0.03143664167604879	0.06560264800154467	0.19377517322626137	0.12397705609940879
0.22409723935914222	0.04589137826660292	0.22435191724406003	0.12175812758104872	0.03277992695464731	0.06945944979949088	0.17339287055409258	0.10826909024091508
0.18653565116827592	0.04336016457029172	0.23532365986765266	0.11995668012536098	0.05002913595273349	0.063927086155495	0.17785998505465184	0.12300763710553816
0.1823840934847883	0.05279083312416327	0.21284197154597595	0.13095387481940546	0.034407657929186514	0.07147277204977515	0.19056695605515578	0.12458184099154938
0.1769937866675637	0.0551951651944152	0.19527412186286694	0.1635835430269156	0.04496737811502198	0.07130107154663351	0.1961516551451843	0.0965332784413985
0.1953694563764675	0.052086468927210236	0.22022662027572817	0.12997293562199963	0.040003969305269976	0.06993993401090992	0.20022088715592362	0.09217972832649064
0.1788166813594093	0.043139579999246905	0.24608788908798715	0.15824644952625683	0.04475138855756387	0.06512537931809594	0.17472198626221974	0.08911064588922002
0.1688351763620306	0.05245130627630187	0.19974926351569744	0.17168515861997075	0.04948584848162149	0.07371035277572446	0.19085049168406543	0.09323240228458776
0.17880743211470831	0.046585841993370014	0.2025546823908026	0.15619679941119924	0.04692849144850586	0.0713023965095962	0.18828236386045533	0.10934199227136221
0.21774752997773217	0.04716573630642916	0.21265510330873627	0.12522708743068806	0.04410095919518531	0.06830641834197568	0.19800343236575593	0.08679373307349714
0.16703043190067157	0.05637314042443704	0.23500371410198312	0.1608105681550832	0.031098467434335045	0.07096657387152946	0.18286333068670715	0.09585377342525317
0.15443436914275546	0.05542626401405369	0.24021554165931192	0.16794714044211267	0.04925586736746655	0.06155163798769535	0.17891281511218898	0.09225636427441515
0.16679873911157173	0.04829506742822473	0.2603060581025158	0.12692863230465742	0.03696105071285545	0.07793030941905726	0.18438428054606643	0.09839586237505096
0.2122788782015632	0.043738140619125274	0.20273598741278892	0.152222503201002	0.032355748652016306	0.0717858139956732	0.16837504105271922	0.11650788686511165
0.16595909339497802	0.0467550907043295	0.20809421272515471	0.16752564382801421	0.046955818550246956	0.07011329778081618	0.18909484748675795	0.10550199552970224
0.19079349386725297	0.050589722050608785	0.2086597895962732	0.15596056519510176	0.03842975075205096	0.07670918871942986	0.1704050313309463	0.10845245848833589
0.2044129896890746	0.046319675884723965	0.2027800401160274	0.13554359697464174	0.036030811112538405	0.07101868886725732	0.1975851039980311	0.10630909335770515
0.1886468998784459	0.041298629263925773	0.19895176600592737	0.17564162644230846	0.0454402473681105	0.06557408284818267	0.171102101963799	0.11334464622930006
0.2014082734639569	0.05046150022009083	0.22371309721459212	0.13658250434280023	0.04886393148701307	0.06433093387168647	0.18487321445025118	0.08976654494960902
0.16902283751145258	0.055756468934598874	0.20056639227553574	0.15807700569179406	0.034169281027346704	0.06817113515204706	0.20124413439417396	0.11299274501305073
0.15301772131327662	0.04471476103719009	0.228435915578605	0.16318567793259053	0.031428064169727155	0.07545186901596641	0.1862179833821791	0.11754800757046482
0.16307724406228957	0.038973411981207684	0.23987239834380814	0.14519010780779468	0.04027939364530757	0.07474247312216378	0.19902754042242254	0.0988374306150058
0.18746850167298024	0.05042432293529375	0.21011113271372805	0.16524867230202547	0.04405173166313783	0.05994286044537894	0.17242396266981547	0.11032881559763999
0.16361912244456384	0.04362526984737683	0.23558130938993074	0.15367980887326224	0.03382249064666207	0.0633677172969627	0.18329332385193903	0.12301095764930235
0.18353591610593228	0.04139764640215948	0.2392125181509839	0.12925583986983202	0.04234679875593543	0.06596217162376616	0.1882110099648433	0.11007809912654712
0.20176639928014747	0.05096698011613403	0.20975360148436073	0.13421190428873797	0.044868758234351463	0.07005732726107113	0.17780389484933926	0.1105711344858577
0.16506042143760816	0.055381656394324213	0.24361875200075614	0.15706570175196377	0.03494565982342063	0.06021036195028037	0.1968737183998283	0.0868437282418182
0.1900302158254142	0.055732308480352655	0.21388066964563718	0.1702591009489378	0.04376253954444281	0.0654975475909286	0.1733364035987674	0.08750121436551908
0.15247899045312935	0.052511890471034786	0.2382158398006587	0.14102547555266087	0.03704187174988191	0.0751365024784931	0.20356027340315452	0.10002915609098653
0.15406270084834728	0.04979398027884374	0.2596646465808302	0.12424276903634345	0.04377252259041049	0.07494602656248159	0.17667259069203764	0.11684476341070535
0.18788993154271436	0.042708366898545194	0.195899389768877	0.16115992687326977	0.052185240207494585	0.06692605775466826	0.19719092260233081	0.09604016435209976
0.21767576097573293	0.038507891668077596	0.252999572176432	0.12088723937137376	0.03376655142556535	0.06419495017473939	0.17959244699812033	0.09237558720995839
0.17681396785158332	0.04155391478583369	0.2634053582790813	0.14037486173196806	0.033947365545289085	0.06322575132426521	0.19353955973296552	0.08713922074901356
0.16453722490210898	0.05545177118273831	0.18705796488153276	0.17167822608550729	0.038059968834417424	0.06574974795970102	0.20099336611553237	0.11647173003846158
0.21162652323541398	0.04390301210848378	0.18490533136607826	0.16217884207582658	0.048462513379082084	0.06895886112478351	0.19095957179374737	0.0890053449165842
0.18563498744908835	0.054944422962320535	0.23491627266872223	0.1452023400587585	0.04146283724053504	0.06829822013905489	0.17856275698284507	0.09097816249867517
0.17009435947811974	0.040528716494789785	0.2393293440868075	0.1201873563007397	0.0505718733594957	0.06594526037738585	0.19995201462960732	0.11339107527305418
0.19464881278149437	0.04593145783482247	0.24831257845665206	0.12755931657379566	0.03464906666436138	0.0709646901053663	0.1775548669363991	0.10037921064710846
0.17045956365527	0.05460948693842731	0.25020404049878586	0.12835372411952067	0.04385133758199873	0.07038660376448251	0.17849161519093565	0.10364362825057905
0.17924160377477802	0.050794134044256076	0.24008125561542626	0.12941570595192395	0.05151007076690746	0.0658134383693195	0.1726043008131592	0.11053949066422927
0.18695314436219998	0.0495307301332521	0.24631245725722803	0.13248434231930126	0.04742914624113269	0.0632094003458015	0.17151942726102457	0.10256135208005956
0.18199958321336468	0.05065077095916516	0.21789886451094964	0.15540222691818528	0.032520339762374784	0.06905636412736627	0.17602749040544882	0.1164443601031451
0.19644636610179367	0.05468791519808745	0.21268737810666521	0.1543623462761877	0.05051110597547606	0.06725111124592525	0.17755712233913717	0.08649665475672726
0.15043553610879654	0.04643095223357073	0.21748473855315198	0.16578293449300754	0.048061572433813204	0.07231276553830265	0.18357493336948372	0.11591656726987343
0.2063493505053914	0.043710821178638226	0.1932459482117005	0.17220376576024263	0.038244747854640465	0.058761387150176106	0.1990559440636342	0.08842803527557619
0.15769869042223983	0.0481166650909227	0.24678837356731936	0.1403844732923363	0.042278244018645786	0.07631809556725677	0.17867302398741408	0.109742434053865
0.17928414205274384	0.05373741146961061	0.20004199925943217	0.15379519113407475	0.047623741911791445	0.07405785020022246	0.1678975504686943	0.12356211350343015
0.18871841247788143	0.05354081333040893	0.24427721941127617	0.15046988938456993	0.040534619145723136	0.059351465534178235	0.1766787392776377	0.08642884143832427
0.16342674929831655	0.042521224128955815	0.21368240097931276	0.17160354694450733	0.034423818982114315	0.06634422891462752	0.18908285529944108	0.11891517545272438
0.16249356763070805	0.04157726470572315	0.21926393793336302	0.15967961600428915	0.03199076465121513	0.07276706210475391	0.19436695293112038	0.117860834038827
0.1703678782978692	0.05428172336798778	0.2123454608437782	0.16457402449893077	0.03381565612003293	0.06162030560786447	0.1994907222533258	0.1035042290102106
0.21897322882952952	0.05071034331513423	0.21217191355874276	0.12852154743438277	0.03713759058736625	0.07188364048431825	0.1719959023040271	0.10860583348649888
0.211735103220653	0.052100738504793326	0.20344331819164516	0.1438684360141131	0.04002195714328295	0.07086060667744747	0.19062097530225222	0.08734886494581254
0.18856377328304122	0.04912955376889076	0.23090424117172603	0.12325602030236665	0.05119341480414133	0.07528303304732425	0.18736277812349983	0.0943071854990097
0.17169684176620587	0.044029720012520965	0.23847006653941727	0.13846225235789467	0.03627238761144702	0.06671251157670638	0.19379736312055634	0.11055885701525128
0.16796462002348816	0.045122061594137716	0.23714435526009625	0.13534045792757587	0.045031765801761256	0.063272518101127	0.19309599926587145	0.11302822202594204
0.16591163664523806	0.04670376965679868	0.2613394067522759	0.15735271663318323	0.03251052873588127	0.06964838191341813	0.17295424184148944	0.09357931782171505
0.1928894574507663	0.03966205528734475	0.24634023714660647	0.12372232894228681	0.03193819145712316	0.06801806753916131	0.1865189118222974	0.11091075035441356
0.20524172333279017	0.05021108322334214	0.18247310685211177	0.15574758686371948	0.038936548376593924	0.06778589858904746	0.17980022181652439	0.11980383094587045
0.20182225107205193	0.052286239385601646	0.2006080548196465	0.12912557300562016	0.04652889477658227	0.060583468072973615	0.1946624247923127	0.11438309407521097
0.20995262045719246	0.05533124666430997	0.19075276613502892	0.13433672657979928	0.05078503017488897	0.07303143023609351	0.1924475166795962	0.09336266307309041
0.20236670121174544	0.055992891094493485	0.2100168977178291	0.14664363048397122	0.04256314483074161	0.06396510480774292	0.1877011497740298	0.09075048007944611
0.1908445748168214	0.049028564561537605	0.2356178843301574	0.14200343527312972	0.03964697111487671	0.058893715093144366	0.1674560405065445	0.11650881430378804
0.19146877507298216	0.051521905023462086	0.2298713565419917	0.13275224502375224	0.03497310663555296	0.0741376573303413	0.18474381903281573	0.10053113533910149
0.21018984274915564	0.05038031565458197	0.18368622425124825	0.17468444393490204	0.03708704344435039	0.06088418381359054	0.19344461678709562	0.0896433293650753
0.16802918091122285	0.051957709181117986	0.22111592682174472	0.12042003283234001	0.04475737892679421	0.07255808516813217	0.19912484232214844	0.12203684383649945
0.16092248585731145	0.0544798999151941	0.2608043649805033	0.13525753849867783	0.03436952347116165	0.06522675128115277	0.1774605088841793	0.11147892711181934
0.17450235709922735	0.05095503546254507	0.23382501422794197	0.12024675808807507	0.04230424342212277	0.07158738677971899	0.1838642823587776	0.12271492256159094
0.16410698634122228	0.0485738457071679	0.24260036100161636	0.16500609317489834	0.03422653698508278	0.0675995528975704	0.1843661254126029	0.09352049847983882
0.22681670007233887	0.05669236496302618	0.18520917303783357	0.12540953125195675	0.043098616142308574	0.06398908862486544	0.20006638311508285	0.0987181427925875
0.20201052429900046	0.04257487262401627	0.2271976719717113	0.13847282245001555	0.04463383727521256	0.0640399989358324	0.19153773516978184	0.08953253727442931
0.17028898320245273	0.05562704597127964	0.1876570360614867	0.14677600883951397	0.04833980465009616	0.07203054253269778	0.1996244969377693	0.11965608180470351
0.2030101220407273	0.04318048971313458	0.22273765766922188	0.16320718376017185	0.042093768964062195	0.07061735745008199	0.16759513890415598	0.08755828149844394
0.1969573128980564	0.05067804204323077	0.18402266093825365	0.1599596327131536	0.04412254682626948	0.0633573748228955	0.20000940588625302	0.10089302387188737
0.18830426290374197	0.051144827141489435	0.18998791242441446	0.15600801257753055	0.042117623580834054	0.0713505072110416	0.20222488380529494	0.09886197035565271
0.18302034042182297	0.03938642649658347	0.26298628311229044	0.12834778347840167	0.04932717407574966	0.062174085510592766	0.18722049454689393	0.08753741235766484
0.19848260634209028	0.049944717188795965	0.22040354849903943	0.14958472480771026	0.03134753149000327	0.06956087755441129	0.1854888314958187	0.09518716262213057
0.17048791461011137	0.0513963979206357	0.24372056820694796	0.14458585377012134	0.03193611373485575	0.06109157399527172	0.19763320338517937	0.09914837437687654
0.22874768039267418	0.04932790627634358	0.21540839636150771	0.1363235339752221	0.045789628358732556	0.06786733257847238	0.16912961263368295	0.08740590942336432
0.16365368651766277	0.038866896041817256	0.21403145233850213	0.17121045227806317	0.05057199913161771	0.06412348469385712	0.19618517192558482	0.10135685707289475
0.20060888102162694	0.03959598134897052	0.200176873756738	0.1413956322146652	0.051200560800821554	0.07220429461507635	0.1854813701365014	0.10933640610559976
0.16503987655188088	0.0524264052976723	0.22331073869530108	0.1421127531236621	0.04106663264858014	0.06227169022594037	0.19881094273462785	0.11496096072233508
0.18989808661107072	0.05061492643491845	0.2199949421749896	0.13753477588828275	0.03200089011515417	0.07461660480692589	0.19451347785988887	0.10082629610876934
0.20751962307275484	0.039808075241897514	0.2456967626704321	0.12248415303249084	0.04242845006374965	0.0585716013908036	0.18224518712504784	0.10124614740282332
0.1929722268290384	0.04733305736775395	0.25804788460087774	0.12731225655596645	0.03506393650943586	0.07461546982960274	0.17231415011199888	0.0923410181953257
0.15303926833998485	0.05009384434359554	0.2346611326093973	0.14994793062327869	0.047300033673936315	0.077665965510467	0.1686593852691235	0.11863243963021661
0.18704365942595647	0.03989573144369499	0.22857901966268718	0.15606636260231727	0.03219515194800618	0.07285322275088874	0.190778449209958	0.09258840295649096
0.209163918852566	0.0463596558089277	0.20251950746422775	0.13101604611441553	0.03766420967824349	0.0715019263803286	0.17732559341043436	0.12444914229085634
0.19448256013367543	0.0491411440833177	0.24103756168824936	0.12804819110578156	0.033008114265724545	0.06491127193048968	0.18712314110307	0.10224801568969147
0.22731760670430023	0.04101931999123669	0.2190004821059191	0.1215433696402841	0.04359211151415608	0.07401806030994523	0.17667185233049051	0.09683719740366781
0.20656910012369234	0.047540251129708916	0.23879347634980122	0.12322524771228094	0.03737027448326535	0.058851317011318155	0.18922390652342203	0.09842642666651077
0.20203533090003817	0.043695872287786305	0.2095579029517945	0.1478232871379036	0.047432191736017607	0.06858363955808824	0.17894540831658384	0.10192636711178746
0.20953497406991659	0.038634358371800875	0.22879953543045453	0.12576741256760782	0.045652857811862554	0.05866285810670206	0.19428140400603722	0.09866659963561802
0.22949579999049646	0.04229550736707251	0.18950999679583536	0.15486646065682727	0.05203648720572181	0.07459427471289391	0.16913393558037107	0.08806753769078136
0.15969317029124452	0.04060789543346796	0.26225879775312866	0.16220153119454722	0.04480491034676305	0.060279808235703405	0.18035580036592336	0.08979808637922156
0.23270114486215118	0.038917928095469	0.2055725734098241	0.12146736118726296	0.03581452070651413	0.061566995236619224	0.1966908909085177	0.10726858559364144
0.20750628785919353	0.04494873837616628	0.21768174199813156	0.12570489916609381	0.051096909705673876	0.07048198026061994	0.18599531274045916	0.09658412989366158
0.15854714178208085	0.05697875533930802	0.19288865092002605	0.15683698476011582	0.04441697227911945	0.06298408698266686	0.20347109096203492	0.12387631697464785
0.16992897431066575	0.0397952340237344	0.2216533464276887	0.16870079864034745	0.03582760240119573	0.0625210206500576	0.18571992572461982	0.11585309782169032
0.1782043299714552	0.053546140954628896	0.2136610494945033	0.16250121346845006	0.04097779970929151	0.059627794530946826	0.19554338832049145	0.09593828355023253
0.21466939211266128	0.05632207519494789	0.20799662974391023	0.14691899690313906	0.04123561675496937	0.07378057442357791	0.16655225230978005	0.09252446255701395
0.19691306563581434	0.041012579750632716	0.2183803221802298	0.1489416968216575	0.04339184648607913	0.06659383563679419	0.1659666063997448	0.11880004708904722
0.1787482006158322	0.04582798651704717	0.21470719615098777	0.16123862839159686	0.05067624908711085	0.06158509913431229	0.17856849212695916	0.10864814797615345
0.18601798387584817	0.05313740832361315	0.19156459415181504	0.16864521273534924	0.03550875916873247	0.06491927356028826	0.18427502564244577	0.11593174254190766
0.1950017649426828	0.04491635325378143	0.2349341052925666	0.1349192227857693	0.049909939023991545	0.07329861984819448	0.16571443931042232	0.10130555554259132
0.2231538042247657	0.04779835624400669	0.18367687384318557	0.1746980656770493	0.04206775036766769	0.06788463175739312	0.16660788364272652	0.09411263424320515
0.18182900601645746	0.03868456058612606	0.1908218931644896	0.15504232773855442	0.04360782715591886	0.07767067390781338	0.19702509881436617	0.11531861261627384
0.1599709988552356	0.05582623386981268	0.26480009694605755	0.11924138205145467	0.049010592429290595	0.06372398314763907	0.17246529752331052	0.11496141517719906
0.22451427795880874	0.03832861445555903	0.18601987089274943	0.14247223854641816	0.035692194035672406	0.06361295696511397	0.20042142931726542	0.10893841782841256
0.18134442645842447	0.05402325641041725	0.2103630033703389	0.14120138209203908	0.03734607172011256	0.06765579965716992	0.19866566730699362	0.10940039298450409
0.16662786019926012	0.0505232686100891	0.2216482199658568	0.15960547714885237	0.03425770393770147	0.07770259759885981	0.20034978770732453	0.0892850848320556
0.151614278861395	0.04416331562096468	0.24311649717172135	0.15689923673059797	0.05029986990414993	0.06057051871030378	0.19653944558967099	0.09679683741119607
0.1639276762356708	0.049605890873949024	0.21213243641220964	0.16489734324029628	0.03791596040840697	0.07153008123384164	0.17950590977340725	0.12048470182221818
0.15513975845847852	0.05698462138847364	0.24599176369877368	0.1526585478942435	0.04490336060269856	0.0699339380496592	0.1849316380773038	0.08945637183036885
0.2193225768712751	0.05084030932852861	0.2077085123241068	0.13938662386484815	0.04817564466729403	0.06666229939477061	0.16823968218136454	0.0996643513678119
0.2147773553539775	0.054776050477519975	0.24131294362553313	0.12280366553837081	0.040557973709056755	0.06506298958787557	0.1673304763651969	0.09337854534246912
0.16831918137037427	0.05436237887713456	0.22839666709391993	0.1613128897196881	0.039849945753694924	0.06578354403730786	0.17531976910450092	0.10665562404337917
0.22310323185041772	0.03847856089585522	0.1904311138721264	0.12021903768218706	0.041836117754568136	0.06439385434689777	0.19657672811238952	0.12496135548555792
0.20891532810117724	0.05704652072036741	0.18323504940253718	0.1361267016724461	0.04090646984820513	0.0678053019415952	0.19006557833373872	0.11589904997993278
