0.24205194860176016	0.20451186550327563	0.10625249863699646	0.2757435487464195	0.17144013851154807
0.24035188951454614	0.20817788967598055	0.1014547821320803	0.2771507622243917	0.17286467645300105
0.24141825018748003	0.20582943889825472	0.10377535411824239	0.27735570363148204	0.17162125316454052
0.2411722261854491	0.20713985570914067	0.10464609465986052	0.27531171912769575	0.17173010431785368
0.24137345569564955	0.20497114423335738	0.10555310227402478	0.2752233545986218	0.17287894319834626
0.2407915562336435	0.20621530768897597	0.10415430150429161	0.276571941868968	0.1722668927041207
0.24136260494270614	0.20765285546210369	0.10418660247667051	0.27510243894621	0.17169549817230945
0.24094530844660264	0.20770063311150627	0.10332563272920052	0.2749127369850461	0.17311568872764424
0.24112878241249122	0.2070018352909358	0.10418096556932394	0.27552450302202136	0.1721639137052275
0.24090761839634947	0.20835325005648686	0.10139727096799878	0.2761710719476301	0.1731707886315346
0.24190796636014888	0.2074275632898943	0.10299960502470522	0.27622679113784593	0.1714380741874054
0.24103778213517424	0.20547031272252278	0.10590238071994616	0.27567721685736984	0.17191230756498674
0.24229340032156077	0.20830305506624874	0.10246438380405556	0.27549566752399984	0.17144349328413477
0.2412980092885748	0.2056843157004815	0.105344171132746	0.27613716243682096	0.17153634144137653
0.24060990713017516	0.2040657089692004	0.10665308758945105	0.27555108708015147	0.17312020923102167
0.2409357577765293	0.20644506506615165	0.10536692471308821	0.2756355265848124	0.17161672585941815
0.24176285751544738	0.20722794791247562	0.10189704778918228	0.2775977407626535	0.17151440602024098
0.24100746633897085	0.2057963390096919	0.10445329132662118	0.27678871780278175	0.17195418552193406
0.23951170728661564	0.2051321327584836	0.10614592813683246	0.27610528509613397	0.17310494672193408
0.24234491622629845	0.20782693981545852	0.10227904035908297	0.27453365939515967	0.1730154442040001
0.240645972898411	0.20644624013657864	0.10463991283066393	0.2760501115178017	0.17221776261654453
0.24136444058460982	0.2077263431227197	0.10115549299144827	0.2772814468056276	0.17247227649559438
0.24191226734948823	0.20438699598258062	0.10485275624392308	0.27736108097759077	0.17148689944641707
0.24237910030893323	0.20568472391208217	0.10355110619038539	0.27672675865291646	0.17165831093568254
0.24168878808691224	0.20822928382564243	0.10216534075039353	0.2757787960275119	0.1721377913095397
0.2410120401969047	0.20532506993550415	0.10407852402889377	0.2768616294439662	0.17272273639473096
0.2395964152356771	0.20718548141614598	0.10418131480454483	0.27767348667091174	0.17136330187272017
0.24164950291933562	0.20482283641432977	0.10416923685028999	0.27618044428187355	0.1731779795341708
0.23950777900941572	0.20558958823705	0.10682074808589562	0.2751106651339424	0.17297121953369599
0.24210686040344565	0.20781757892396086	0.10209302932771418	0.2759138671052356	0.17206866423964345
0.24051444428086985	0.20865390982181298	0.10111464058030618	0.27754743991796055	0.17216956539905018
0.24224814056863186	0.20423460957742653	0.1039929512522179	0.2770517505511263	0.1724725480505972
0.2400479476748737	0.20520279042886558	0.10608250532632794	0.2754380938965857	0.17322866267334683
0.2420174452888873	0.20576346919446534	0.10256140962340114	0.2766430654637996	0.17301461042944638
0.24250730686177419	0.2067786069816604	0.10231936512696374	0.2759506211585026	0.1724440998710988
0.2410643494366063	0.20637219975240756	0.10350995766411468	0.27595645392335777	0.1730970392235135
0.240286007609759	0.2061772715600626	0.1040992803490287	0.2763729809533232	0.17306445952782626
0.24222863769141115	0.20413619294628263	0.10404577427901666	0.2763080207205765	0.17328137436271285
0.2396757601905476	0.20594908438946194	0.10420982656348282	0.2773587556003816	0.1728065732561258
0.23991221544662797	0.20755949330284806	0.1018830706418596	0.27767423213726855	0.17297098847139555
0.2410773389295958	0.20740701762741784	0.10182177344532552	0.27717501481479134	0.17251885518286927
0.2398412939453798	0.20843015670389822	0.10520415021208583	0.27498098531566884	0.1715434138229671
0.23958837893910162	0.20772198614783324	0.10414745526415733	0.2767914217497621	0.17175075789914543
0.24027377780297926	0.20684368184868637	0.10242171646521359	0.2777127753470508	0.17274804853606973
0.24217401966170227	0.20470047301025884	0.10556340493872489	0.27590494990647113	0.17165715248284263
0.24143269615173674	0.20465699269642257	0.10507767565416352	0.2756212860007974	0.17321134949687955
0.24141341912957276	0.20701432574426445	0.10322174168382214	0.2752034685181073	0.17314704492423308
0.242299079766751	0.20450966974879087	0.1040795984487684	0.27607280425132796	0.17303884778436154
0.24008833263797053	0.20552044904503425	0.1062303235013058	0.2762772123206552	0.17188368249503394
0.24181800624680805	0.20463205170697243	0.10632582860970678	0.27552749561168094	0.17169661782483153
0.23948295926609703	0.20560462692121878	0.10597382330291312	0.2758576887797195	0.17308090173005136
0.24239143590981257	0.20492788881369783	0.1054783619335409	0.2746059783969128	0.17259633494603563
0.24086026590007154	0.2083478383462795	0.10360402594610946	0.27481336735147016	0.1723745024560691
0.24244081213770458	0.20470983476407228	0.10234515820624025	0.2772366185209318	0.17326757637105086
0.24200870128596766	0.20744675905026083	0.1034424272632357	0.2755418618551797	0.1715602505453558
0.24173470912189074	0.2065842786440342	0.10357871251463248	0.2747370858485666	0.17336521387087572
0.24059520193269052	0.20742382777809418	0.10450677880807391	0.27519790659898996	0.1722762848821512
0.23957593970405872	0.20724951084481022	0.10586740610441944	0.2747260617513655	0.17258108159534588
0.2419614387863796	0.205633934333198	0.10367880731221878	0.2763058858302717	0.17241993373793166
0.24196863000731758	0.20742843543207343	0.10281684375061044	0.2758793761188438	0.17190671469115448
0.24031054408199776	0.20687164606058323	0.10253169600361894	0.27759828504033546	0.17268782881346434
0.24035224944700284	0.2084042540346722	0.10294998868371104	0.2751191905002891	0.17317431733432456
0.2414572318926675	0.20500268680265818	0.1048788378426029	0.27563062146372697	0.17303062199834418
0.24106039474715157	0.20401881382565915	0.10479947319539487	0.2775263392268904	0.17259497900490378
0.24225092113177676	0.20537467834067866	0.10351176315272743	0.2766217582916899	0.172240879083127
0.23958522545606986	0.20857567387483744	0.1033929577042504	0.27530100952268305	0.173145133442159
0.2415107332506462	0.20541746962466126	0.1035748345770429	0.2765778997835474	0.17291906276410202
0.23977413818091195	0.20584894540075296	0.10365699103092167	0.2776916576401895	0.17302826774722369
0.24263468247734107	0.2064821203799646	0.10184747853808378	0.27729737845335145	0.17173834015125888
0.24041798720954	0.20590603009064118	0.10558704446096594	0.2754508267154317	0.17263811152342096
0.24110400415345698	0.2048959947923182	0.10577497287998808	0.27572817626224716	0.17249685191198932
0.24018991947747653	0.20816637310926753	0.1034120570365855	0.2755343173279622	0.17269733304870805
0.24223414042211738	0.20406037599308924	0.1057610738332188	0.27527805760515245	0.1726663521464219
0.24252170220373886	0.20618429372938235	0.10481623055790469	0.2747373461645754	0.17174042734439843
0.24096616477789284	0.20568199428317888	0.10613333435630389	0.2756476934695451	0.17157081311307906
0.23958272955661097	0.20534250416603894	0.10629636580626187	0.276129317507402	0.17264908296368597
0.24235055465571043	0.20524629557750507	0.10469067795221806	0.2757118922678585	0.17200057954670767
0.2406430921506706	0.20773675136446898	0.10508386133037757	0.27514872279822267	0.17138757235625993
0.24188269917817337	0.20609368910876036	0.10303279111140438	0.275800924550033	0.17318989605162863
0.239457048782157	0.20569930024700164	0.10620810594046355	0.27672441041475815	0.1719111346156194
0.24052920624480473	0.2052385828153595	0.10416505413597253	0.2777525645482486	0.17231459225561438
0.2416044167233886	0.20645478146573465	0.10373303605751233	0.27542735521375444	0.17278041053960977
0.23994043628766956	0.2066589164977537	0.1041590768259933	0.2777125745811748	0.17152899580740835
0.2403463535275198	0.2049958318260549	0.10414167795401587	0.2772971128921567	0.1732190238002525
0.24172990202641037	0.20498684415283014	0.10622895147610553	0.2745287238066286	0.17252557853802508
0.24179403612943418	0.20756069936299015	0.10177493997500794	0.2759426517023731	0.17292767283019445
0.24037099214750063	0.20470098236201625	0.10564316566212655	0.27619751321137803	0.17308734661697828
0.2404229069128575	0.207762776525789	0.10389411545232799	0.27642951529378157	0.17149068581524368
0.24076250845773842	0.20714844424590653	0.10325703792722983	0.2767266550525794	0.17210535431654558
0.2395725878149239	0.2062749465460398	0.10674414083477402	0.27563607202654467	0.17177225277771735
0.2396386911056132	0.20500001894039194	0.1051871614095936	0.27702770306142166	0.17314642548297937
0.24215655394735214	0.20527919506064307	0.10215918354368911	0.27731192636081964	0.17309314108749577
0.24249726954346174	0.2077626772996297	0.10156918302675867	0.27616287164940073	0.1720079984807489
0.24064166597377368	0.20394482877663103	0.10625547551353792	0.2762598125457344	0.17289821719032267
0.24233185433716903	0.20512255002323307	0.10280666968426598	0.2765676789395103	0.17317124701582134
0.24146755088189498	0.2045879666241504	0.10579285588632475	0.2757151681610548	0.17243645844657482
0.24251435230830964	0.20690163610481366	0.10386467434232344	0.2751713047646125	0.17154803247994055
0.24101736156650433	0.2061399759869623	0.10438597828792422	0.2757369696998502	0.17271971445875875
0.24039099593528054	0.20766573951779488	0.10420118319549176	0.27445750121207474	0.1732845801393578
0.2420253956114916	0.20426918491225465	0.10598175002001461	0.27486203703058637	0.1728616324256525
0.24018439543653927	0.208130633695668	0.1034588437640284	0.2751699124620052	0.17305621464175894
0.2409221728051137	0.20632797391334798	0.1040319039014175	0.2755429292162693	0.17317502016385133
0.24201032002083284	0.204372237177134	0.10604489213642591	0.27510775415865896	0.17246479650694804
0.24060261183547405	0.20452092320425164	0.10514330137472937	0.2766242712916556	0.17310889229388912
0.23971207404998332	0.2060830209009543	0.10552072122174254	0.2768487093116891	0.1718354745156305
0.2419763660750155	0.20786997963924456	0.10174949960892649	0.27635774167336297	0.17204641300345028
0.241861811535102	0.20448885730795602	0.10411215253761709	0.2764916807216298	0.17304549789769486
0.24190085025364733	0.2051712692935134	0.10510550473651346	0.27627100026486084	0.17155137545146468
0.2402263521525175	0.2059528420487628	0.10628129265719613	0.2753519467157332	0.1721875664257901
0.24136311650877676	0.206254589889625	0.10271360364557097	0.2766329650329593	0.17303572492306768
0.24145660959778775	0.20774508615810558	0.1029334793293458	0.27484348677316983	0.1730213381415908
0.23969212934138776	0.20586233634893578	0.10503805247520853	0.2766524824022073	0.17275499943226036
0.24160596944260676	0.2081777615186064	0.1025050553914135	0.2753097615507595	0.17240145209661364
0.24022038225404202	0.20578192898343545	0.10520099410703997	0.27552490517626876	0.17327178947921357
0.23976767623835288	0.2061081211801493	0.1056999831361359	0.27630274315111736	0.17212147629424432
0.24095253843792055	0.2062430989878904	0.10471442019643944	0.27548930489465895	0.17260063748309043
0.23971675475547313	0.20398909522302933	0.10632195335384809	0.27744644721911715	0.17252574944853205
0.2416074220711334	0.20761034102628775	0.10149787723975569	0.2770698105727277	0.17221454909009523
0.24258562404723122	0.20544422948682076	0.10229721061528019	0.27676336813815955	0.17290956771250804
0.24056594967486078	0.20709990539826453	0.10280437847214476	0.2774570472083283	0.17207271924640138
0.24081136152135754	0.2078679871906234	0.10302589446061562	0.27575704592581746	0.17253771090158576
0.24001504546760877	0.20679745163938057	0.10456078862608792	0.27664617452005485	0.17198053974686767
0.24199349601411468	0.20843953601142975	0.102389313279688	0.2746023620540761	0.1725752926406912
0.24115786375323817	0.20712672005955945	0.10418049273016532	0.2746202054778273	0.1729147179792095
0.2421464859430696	0.2077931786822739	0.10210749261155026	0.2748183750646314	0.1731344676984746
0.24169879212542503	0.2066848335211139	0.10249625987489083	0.2775296184924473	0.1715904959861227
0.24076750996632434	0.2072365636576824	0.10323827292457911	0.27666167482616244	0.1720959786252515
0.24208838883447165	0.20676785657484462	0.10150904506658355	0.27742876506266817	0.17220594446143178
0.241388447456987	0.20458559264466278	0.10436398756109354	0.2766160396166502	0.1730459327206062
0.24160084530102288	0.2065176219861986	0.10220579191030447	0.27724355808081114	0.17243218272166266
0.24154821247160357	0.20491115395237394	0.10401936748277438	0.27754748052186046	0.1719737855713874
0.23996541558315862	0.20521057201153226	0.10551854055179133	0.27616801364420346	0.17313745820931412
0.24254648959420738	0.2055498937205778	0.10501485747574897	0.2746680669950313	0.17222069221443428
0.24241959140539926	0.20671883407772498	0.10153399021713856	0.2774995051453306	0.17182807915440634
0.23994953048428264	0.20769294961209733	0.10256670842341997	0.27672080943077626	0.17307000204942352
0.24105689032550176	0.20770992133133143	0.10374230800170327	0.27501627490411973	0.17247460543734355
0.24022462637865344	0.2080700099421835	0.10539010988408189	0.2745515242093512	0.17176372958572972
0.2406349237960832	0.2049573898342056	0.10515607364032672	0.2766303711176331	0.1726212416117511
0.2419832137311141	0.20587987424668922	0.10382721770436715	0.2764226469130898	0.17188704740473948
0.24012751198666915	0.20393660919129	0.10509522176413369	0.2777645174011798	0.17307613965672713
0.24140905877045313	0.20716684316850212	0.10226738134977331	0.2768740150011534	0.17228270171011778
0.23982464458564928	0.20429821691759234	0.10641180360219941	0.2762193732643342	0.1732459616302245
0.24013038532796638	0.20633777271230355	0.10523435960629156	0.2760948453327531	0.17220263702068522
0.24064237008388584	0.20475310082705706	0.1039147698920474	0.27754301396600134	0.17314674523100812
0.23992022280988656	0.20866517909674567	0.10196904506574066	0.2762688320424512	0.17317672098517567
0.2416077606057402	0.20472218575057077	0.10511355727868954	0.27596611614352384	0.17259038022147538
0.24225362518966648	0.20660896275534188	0.10156465070503641	0.2773125883067503	0.17226017304320468
0.24255444066973542	0.20620036004637912	0.10306389104497755	0.27550589097137945	0.17267541726752822
0.24247518782380784	0.2067845522101466	0.10344600745198301	0.27496747772391084	0.17232677479015146
0.24205621035556202	0.20625998246732416	0.10286297229123142	0.27577630549458754	0.17304452939129467
0.24128567271246198	0.2079595112988151	0.10142813515803623	0.2764730003959027	0.17285368043478372
0.24153839270655506	0.20596133752113652	0.10351301019693741	0.2763330484938604	0.17265421108151033
0.2396012715697703	0.20859447395322495	0.10277165788774494	0.27689689526651834	0.17213570132274125
0.24138426682156133	0.2049425786807171	0.1036105058006644	0.276848434037561	0.17321421465949596
0.23972158976873975	0.2077258273483106	0.10304639822773168	0.27706630938439725	0.1724398752708205
0.23984103424809206	0.20618809750539296	0.10444003985521044	0.2761829683496501	0.1733478600416542
0.23998419241367594	0.2059442104590665	0.10487779110917278	0.27686123332593937	0.17233257269214516
0.24098896425123595	0.20620322438996502	0.10544190924059052	0.27482153063008224	0.17254437148812604
0.23978038640599994	0.20461110996635815	0.10670912059285584	0.2759749739836461	0.17292440905113973
0.23997310854422294	0.2086235526893038	0.10154838500401989	0.2771459633189223	0.1727089904435309
0.2411872282597034	0.20641797309485685	0.10349377130703649	0.2768962502432743	0.17200477709512874
0.24115746776961322	0.20563542557723274	0.10622612638912714	0.2750933495683548	0.17188763069567184
0.24127054316819666	0.2056497702423011	0.10385909567342999	0.27631568124169964	0.17290490967437236
0.24186730301427087	0.20841016398587092	0.10220445427518256	0.2747317709837994	0.172786307740876
0.23940358534257672	0.20661286188809147	0.10472311140991729	0.27703283707882115	0.17222760428059314
0.24065204589680222	0.2043090202656577	0.10670420343601764	0.2759359522384671	0.1723987781630551
0.23999609534307947	0.20805217664314693	0.10270504720152929	0.276881978704862	0.1723647021073821
0.24095456713165056	0.2044781029038617	0.10609998361407576	0.2758723537084918	0.17259499264191994
0.24178196211369662	0.20420338463005347	0.10558667676889966	0.27514968352000035	0.1732782929673496
0.2401045883308675	0.20465026086553212	0.10562104771302512	0.2776599410292343	0.1719641620613407
0.2405241352863956	0.20819282208514023	0.10533918305860297	0.2745624820330483	0.17138137753681265
0.24162069212481957	0.20688955861314295	0.10350426913785124	0.2748189470777592	0.17316653304642676
0.24112281634632704	0.20429337358633073	0.10510883856629498	0.2771701217045876	0.17230484979645938
0.24086348176614653	0.2075241857203153	0.10439016146487377	0.2749093745883136	0.17231279646035055
0.23972995141043985	0.20798948654801788	0.10495145551090122	0.2756919817058092	0.17163712482483157
0.23938603828749383	0.20845932610367962	0.10439642066929045	0.2754108624828745	0.17234735245666136
0.24144614871640308	0.2052428230299686	0.10339233698586488	0.27711931550543817	0.172799375762325
0.24249645973306494	0.20515046845639978	0.10363108707643102	0.27705316281468106	0.17166882191942295
0.24106788375345994	0.20754179898093653	0.10309163474319066	0.27687476710034153	0.17142391542207108
0.23958297847334084	0.20420717652035433	0.10610034393311069	0.2771571042520171	0.1729523968211768
0.24072361793283104	0.20739103146038756	0.10329613325174673	0.27712408955516976	0.17146512779986472
0.23988586847352947	0.20657716612546173	0.10518234766997064	0.2760726589281322	0.17228195880290567
0.2399800771072133	0.20814762983391963	0.10187670480157854	0.27762569639246826	0.17236989186482
0.24107701862381076	0.20502492756455276	0.10556519884292774	0.2760434987858264	0.17228935618288208
0.23983399045513087	0.20725247293790683	0.10318693298260305	0.27768617821979424	0.1720404254045647
0.2396939138951624	0.20614151945825776	0.10563660047504626	0.27652538216254513	0.17200258400898819
0.2401714464835778	0.20693487530363283	0.10634556647919079	0.2749716952646485	0.1715764164689499
0.2414898025660549	0.2059522701239117	0.10438098824810313	0.27639765221071977	0.17177928685121027
0.2403047883594226	0.204402080702901	0.10642547408812446	0.2770107362298254	0.17185692061972627
0.24216007869790596	0.20757094121154537	0.10171199532835343	0.27633961378628125	0.17221737097591377
0.2400853053917436	0.20840207961125806	0.10282711820377696	0.2758375828554286	0.17284791393779253
0.2407273587010058	0.20750978989941515	0.10165865916996182	0.27716943400810545	0.17293475822151153
0.2404370748755375	0.20499303625555773	0.10480663409415757	0.27740596418814645	0.1723572905866005
0.24120908265446792	0.2053692987596981	0.10478474977119089	0.27687547086398523	0.17176139795065765
0.24072807508060368	0.20599267845095526	0.10504393709997197	0.2762357408222398	0.17199956854622903
0.24232826423776288	0.20615762497837023	0.10359697848794695	0.27473133958676665	0.17318579270915305
0.23971222787068552	0.2070413110093301	0.10664390106546055	0.27493915911343997	0.17166340094108362
0.24059310435974357	0.20418904333647733	0.1047505296528964	0.27756626364469744	0.172901059006185
0.24070500013146912	0.20789697078738364	0.10130688234653099	0.2767531826381691	0.17333796409644692
0.2411946944321317	0.20449901687466568	0.10562739541747942	0.2763951898857137	0.17228370339000923
0.24160480949068108	0.20530197485428495	0.1048522747190438	0.276536656810371	0.17170428412561892
0.24229882271926279	0.2043215347410396	0.10606209213482092	0.27483675731838875	0.17248079308648775
0.23948659323698052	0.20623716020396263	0.10437534514634146	0.27700038648502845	0.17290051492768668
0.24179942400952642	0.20477788525971707	0.1050038784685632	0.27629886377667956	0.17211994848551354
0.2410807441998952	0.2080008271301914	0.10365093448454743	0.27550401942331215	0.17176347476205356
0.24212322700389563	0.20429168186817373	0.10575184909475147	0.2757633179770317	0.17206992405614724
0.24240331260494724	0.20671014847740668	0.10312686865883836	0.27468013322822576	0.17307953703058174
0.24076065072604552	0.2050379284697193	0.10532850851966166	0.2764657891702047	0.1724071231143686
0.24227975498638213	0.2052142826942962	0.10498954927396291	0.2761698341647735	0.17134657888058502
0.24206470236499078	0.2070147640260371	0.10402900717820705	0.27440807415121293	0.1724834522795519
0.24091265081205676	0.20595789081442242	0.10506235302393342	0.2756715878948252	0.17239551745476195
0.23947864080765632	0.20686148825691594	0.1059062483426099	0.2759072542034608	0.17184636838935682
0.24034675095510125	0.2075721104472016	0.1042107562007784	0.2751282115142616	0.1727421708826569
0.24025180251506084	0.20627130747086472	0.10595117672525786	0.2749968786471966	0.17252883464161978
0.24190101390195445	0.20414080917085026	0.10458263284665596	0.2770396651092519	0.17233587897128724
0.24153955566180602	0.2048709182230491	0.10490477561106007	0.27616400826736354	0.17252074223672098
0.23984857638674548	0.2065210584173344	0.10578577966339571	0.2748440921975638	0.17300049333496045
0.24153453027063826	0.2061084330581022	0.10375390907996403	0.2770612278774255	0.1715418997138698
0.24059977555989712	0.2063363325478455	0.10518838082100886	0.27596925208182527	0.17190625898942297
0.2405981244146868	0.20747190284987888	0.10414357275040545	0.2744526383847664	0.1733337616002622
0.24258593148211854	0.20492400150896417	0.10268689303811852	0.27725274283381446	0.17255043113698404
0.24008692374161877	0.20611770474471927	0.10432195956910277	0.27699528825008923	0.1724781236944697
0.24093304145922317	0.20541885415480515	0.1033479903614746	0.27725829649429135	0.17304181753020548
0.24228293252699987	0.20515161186769937	0.10433778118530483	0.27545407154916174	0.17277360287083396
0.2418058792836116	0.2062830120644068	0.1013868942319458	0.2776049400809001	0.17291927433913548
0.24219303696290848	0.20671816479746577	0.10237418167059106	0.2757970355912263	0.17291758097780813
0.2425413495120569	0.207300400841299	0.10278067338772394	0.27587341104382823	0.1715041652150917
0.24036786826561396	0.20581144897697073	0.10582532595385369	0.2759907379501516	0.17200461885340976
0.24217156214148378	0.20757143834073274	0.10353086432380766	0.274932515185423	0.17179362000855258
0.2413108588567894	0.20660207047332385	0.10549766881134764	0.275196711620201	0.1713926902383379
0.24075706479435716	0.2070769145713011	0.10271492572680635	0.2761195217905151	0.17333157311702005
0.24242042011721643	0.20547619726142455	0.10114312780481728	0.27773365774383274	0.17322659707270868
0.24160851896593316	0.2060642185678879	0.10486859643221547	0.2755511687067581	0.1719074973272051
0.2413519911585622	0.208304689533788	0.10193536198510461	0.27576279973751683	0.17264515758502813
0.241434513364144	0.20612813678837702	0.10624982936963515	0.27482226929766485	0.17136525118017873
0.2402566773663729	0.20616879295690094	0.10417485371182748	0.27701324409744993	0.1723864318674485
0.23975492090694078	0.2064785572768776	0.10457779784323609	0.2777559150880091	0.1714328088849362
0.24035514664391122	0.2066292340108814	0.1038500642033838	0.2764137054472994	0.172751849694524
0.24128366087623204	0.20391295385164343	0.10596517392492066	0.27650154767542556	0.17233666367177802
0.24045560894791052	0.207000221084871	0.10346257402519655	0.27583485091358056	0.17324674502844112
0.23960401758805927	0.20789004639484274	0.10410808898427071	0.2757158331663888	0.1726820138664382
0.24155123364909478	0.20750515267913452	0.10134040554401265	0.27755547935810615	0.17204772876965163
0.24171753808577248	0.2045613454963764	0.10420948879343421	0.27770564724547747	0.17180598037893918
0.242601305131371	0.2062768137542176	0.10252401026290087	0.2756617724525754	0.17293609839893495
0.24089886596776436	0.20803856965118842	0.10249812434864283	0.27569990118137133	0.1728645388510328
0.24153710373494658	0.2062521376371344	0.10443100936983313	0.2763182894982267	0.17146145975985894
0.2394309231697056	0.2052856468731863	0.10673505402025585	0.2753348454217649	0.1732135305150871
0.24163226413389213	0.20708737935742913	0.10111474179814865	0.27768727715752656	0.17247833755300326
0.24053678793661654	0.20565444661609525	0.10667942972064949	0.2747213514644785	0.17240798426215992
0.2395223886138893	0.20658510805932684	0.10462567877878612	0.27723256670201446	0.172034257845983
0.2398000760877363	0.2046523912336765	0.10600599457224234	0.2768493219980871	0.17269221610825752
0.2409291667425138	0.2045622048444515	0.10563317962040426	0.2760110753148507	0.17286437347777947
0.24190258603883336	0.20595622498297086	0.1023923004519486	0.2766991937671771	0.17304969475906984
0.24024803290903343	0.2076405793584133	0.1029568530106647	0.2767971526397217	0.17235738208216658
0.24120244621226464	0.2063102944187292	0.10482180705443725	0.2751796570688057	0.17248579524576296
0.24154343720139665	0.2058898642165535	0.10454719217067274	0.2753713737216172	0.17264813268975965
0.23955813961521727	0.20611722212224384	0.10656469364969173	0.2747497035701683	0.1730102410426786
0.24042167000162437	0.2052731292861601	0.10461875395900556	0.27677645074202706	0.17290999601118265
0.23975158386066622	0.2069206635206343	0.10367034883405389	0.2768162841440031	0.17284111964064225
0.23963735052010426	0.2060923983817226	0.10574295131397478	0.2761778416608479	0.1723494581233502
0.24033154532169204	0.20599920328372007	0.10324770715866795	0.27765068177844376	0.17277086245747592
0.24263976093752324	0.20824790599939885	0.10155603263640375	0.2751056474670155	0.17245065295965845
0.23942565480187938	0.20720943713634482	0.10559755482875374	0.27554893839712324	0.17221841483589856
0.241718375884292	0.20539134759761513	0.10460802386220161	0.275598119292906	0.172684133362985
0.24079009765720194	0.20542749125052798	0.10582830882077446	0.2759490778067947	0.17200502446470067
0.2415629161821886	0.20516124378238143	0.10505501079129226	0.27575625485511895	0.17246457438901852
0.23962633003487083	0.20705547491124027	0.10657817585778678	0.2745063440378267	0.17223367515827515
0.24159491468196453	0.20466013891729018	0.10575592675286628	0.2758157335043205	0.1721732861435583
0.239793905637087	0.2055478747782791	0.10681060460793455	0.2761696472159345	0.17167796776076458
0.24020235003821633	0.2052856462464701	0.10600233312612685	0.2759084520401182	0.1726012185490683
0.2420603962263882	0.2042950577153353	0.10442599749716869	0.2768074546928216	0.17241109386828601
0.24263265253748628	0.20397387623714522	0.10479811013080802	0.27664482597257134	0.17195053512198885
0.24129822739656015	0.20831827466140782	0.10189002977354586	0.27657559771028284	0.1719178704582031
0.24058995281279483	0.2081039919474845	0.10319474866135928	0.2754175151562777	0.1726937914220835
0.24182079721812272	0.20614146772030095	0.10268496253394263	0.2774418005466224	0.17191097198101113
0.2418151779808834	0.20723541396054582	0.10355128436737521	0.2756268582134383	0.17177126547775703
0.24118071855899798	0.20548767932377704	0.10315418952271455	0.27776784791015197	0.17240956468435825
0.24193584627090356	0.20685781949522122	0.10279448813362822	0.27585121873455565	0.17256062736569108
0.2408154704552789	0.20447337605023544	0.10503549790947085	0.27744102334016685	0.1722346322448477
0.2396089776626216	0.20747727466714977	0.1046237874326752	0.2750557272164679	0.17323423302108526
0.23941706984888494	0.20850102361620282	0.10524073496826133	0.2745595347623767	0.17228163680427389
0.24223236233392842	0.2074635190510623	0.10347199418772672	0.27490180429291905	0.17193032013436324
0.2412662873251741	0.20504960167970007	0.10622422962209277	0.2760401284804061	0.17141975289262668
0.24165207986873852	0.2059660683318941	0.1037956753731875	0.27549436879548295	0.17309180763069668
0.24081449771510102	0.20637922094556174	0.10380405737186386	0.27742387933823665	0.1715783446292365
0.24134896618674384	0.20412806913507836	0.1054073554850755	0.2777746294361407	0.1713409797569614
0.24146110109283211	0.20787746412166902	0.10296806834430475	0.27461251583276575	0.17308085060842812
0.2425192576530243	0.20490917867058303	0.1044992682141768	0.2760209368827231	0.17205135857949252
0.24258507115448366	0.2044619866388123	0.10451417701028483	0.2766723408784746	0.17176642431794437
0.24178238918407266	0.2057537941207393	0.10430231843398664	0.27618915731541577	0.17197234094578537
0.2416097188723658	0.20535546143777872	0.10508433758621523	0.2758631477319108	0.17208733437172924
0.24151020654533495	0.20691879431769708	0.10359358949289771	0.2766122247898381	0.1713651848542319
0.240507019841338	0.20595219791350028	0.1035966370924032	0.2775801623040068	0.17236398284875148
0.24250236047413354	0.20684020219760327	0.10230941285644715	0.27499884311359013	0.1733491813582257
0.24150095051229203	0.20799729591094995	0.10252116307451205	0.27592728668970495	0.17205330381254078
0.24138708809529086	0.20491672318245815	0.10505702219005646	0.2764504879857738	0.17218867854642045
0.24211110271938008	0.2061297191116066	0.10253187263739447	0.27688745599338577	0.17233984953823284
0.24001829449349124	0.20571591603950998	0.10594565656129847	0.27507838043125865	0.17324175247444143
0.24013952059428464	0.20629010023062191	0.10588368509718456	0.2754149461039709	0.1722717479739377
0.24258039108100596	0.20774317637538786	0.10363023916123	0.27453087578497615	0.1715153175973998
0.24013296500452935	0.20696098650460537	0.10540858426798597	0.27513597322745265	0.17236149099542641
0.23979941310484715	0.20645696821431278	0.10386057583333941	0.2777003194785741	0.1721827233689263
0.24045221522315782	0.2080232924532826	0.10412542042449158	0.275506962877039	0.17189210902202873
0.2406779918125588	0.2071928054890528	0.10367421189354352	0.2751955610894839	0.17325942971536074
0.24185370118128924	0.20405643471675602	0.10587372038571904	0.2760167636135578	0.17219938010267763
0.24202574755017464	0.20629663120741643	0.10372811403578981	0.27625573967630795	0.17169376753031093
0.2400616958462136	0.20810155441481562	0.10231451823836336	0.27628978905183055	0.17323244244877667
0.24052202283698448	0.2075460119805652	0.1016311690437591	0.27729468262733326	0.17300611351135772
0.2420860840735291	0.20518130822115477	0.10673439288793658	0.27458719889306166	0.1714110159243176
0.24019158128349394	0.20469197768358957	0.10546766329964277	0.2768455555619984	0.17280322217127503
0.2425450327763281	0.20533105581383967	0.1039992077307033	0.2748667655182098	0.1732579381609189
0.2417516393376208	0.20613262527559284	0.10141499173946131	0.2773750023169496	0.17332574133037515
0.2424340043189162	0.20673105936316638	0.10331745381397281	0.2760049924556762	0.17151249004826813
0.24061850317032038	0.20683177394092012	0.10470390065833154	0.2749024741814376	0.1729433480489901
0.24032091026672409	0.20859909161129803	0.1029803057884274	0.2748743893843025	0.17322530294924776
0.24231902505401282	0.20616390456576505	0.10393508389104485	0.27601547363559875	0.17156651285357824
0.24000097769668713	0.20472145958603544	0.1058164386969192	0.27685478245827694	0.17260634156208104
0.24222267642914214	0.20866466479434384	0.10247691328013152	0.27504888387458915	0.17158686162179307
0.2408808587472276	0.20848931050491415	0.10224305168402134	0.276425739694673	0.17196103936916363
0.24165291340816678	0.2062390389888666	0.1026878020157818	0.27693755674417486	0.17248268884300968
0.24257862650895	0.20592818737979843	0.10449217205099887	0.2744005711926669	0.17260044286758558
0.23938510530719034	0.2065812518474695	0.10518902980784758	0.2759205517744698	0.17292406126302254
0.2403540940209803	0.20795213759540543	0.10394702529847548	0.27575001648082736	0.1719967266043112
0.24181513420927242	0.20405829034615233	0.10410625022180639	0.27667871474517813	0.17334161047759047
0.2416775422215781	0.20663813952069965	0.10418818363010776	0.2748521496951433	0.1726439849324709
0.24094039532994338	0.2077189477118494	0.10219613447694745	0.2764776891887329	0.17266683329252666
0.2395366686094539	0.20535817130406386	0.1050918652695214	0.27716101650654074	0.17285227831041983
0.24264411055762342	0.20696335494809376	0.10292206742164678	0.2756032885324626	0.17186717854017322
0.24024730534675276	0.20768263613072616	0.10327571982194332	0.27624096681331717	0.17255337188726036
0.24167951088701736	0.20636506320876508	0.1028719034355198	0.2767849868304489	0.17229853563824865
0.24055112375909932	0.20665015468493902	0.10452908290504657	0.2750683020444944	0.17320133660642045
0.24081026103981706	0.2068599327772593	0.10238666450107275	0.27741381132438203	0.1725293303574686
0.2412396264990646	0.20634750818483932	0.10548841038566213	0.27482549725230276	0.17209895767813096
0.24210253044115426	0.20721081336005004	0.10347902286264792	0.2746144480407682	0.17259318529537937
0.24265431547213748	0.20554356777455046	0.10424863752056751	0.2757567333012394	0.1717967459315049
0.2424558374445298	0.20398724410944274	0.10578079530398247	0.2755924104886223	0.17218371265342242
0.24202218982298865	0.20574230212471964	0.10404004351082702	0.2763348836771956	0.17186058086426884
0.24170846421790143	0.20478608750226315	0.10528017492276234	0.2760116958623131	0.17221357749475968
0.24246503435591188	0.20393175833150315	0.10602903947015821	0.27605712324538756	0.17151704459703898
0.24143158925244823	0.2071324903761622	0.10176534457507913	0.27655624496418113	0.17311433083212907
0.2418688759762057	0.20419383121381665	0.10582573532982253	0.2765993241995781	0.17151223328057674
0.24196855828390101	0.2047911816705907	0.10337368736776821	0.27649031307104077	0.17337625960669908
0.24229305595818296	0.20610864165091508	0.10359321140417006	0.27578015302628667	0.172224937960445
0.23979367744339553	0.20814645108507093	0.1028708393907929	0.27614748095189	0.17304155112885042
0.2418910224239124	0.20728115929742127	0.10315692314490271	0.275395051058318	0.17227584407544533
0.24096961450915233	0.2062778969451128	0.10440634465860582	0.27636322036701366	0.17198292352011513
0.24248336507465773	0.2055007651761778	0.10476991788134982	0.27502338352818234	0.17222256833963204
0.24264074909844946	0.20814208862601738	0.10138989353676862	0.2761159593483239	0.17171130939044044
0.24213479745038588	0.2055683678557244	0.10379936289357443	0.2763786398254472	0.17211883197486788
0.24257471386835017	0.20570567103018028	0.10324531800895384	0.2765463440434672	0.17192795304904826
0.242162831441127	0.20642800599424485	0.10252676323635565	0.27630664575320174	0.17257575357507057
0.24218963000532667	0.20402710118473058	0.10570512203830726	0.27519161820302585	0.1728865285686094
0.2422861785784124	0.20705460321658287	0.10362319289178586	0.27548754672142706	0.1715484785917915
0.24237908093944477	0.205116271504353	0.1024453727886328	0.27732538962550835	0.17273388514206087
0.2411768632058266	0.20805295590246506	0.10330051527107183	0.2747474098175223	0.1727222558031139
0.23944903205783546	0.20715175483295825	0.10565499779626895	0.27614011980189435	0.17160409551104272
0.24179341997651843	0.20664659539283625	0.10376409038404147	0.27459924633643096	0.17319664791017267
0.24090652411806968	0.20701436515961705	0.10381589416489295	0.2754353795362646	0.1728278370211554
0.2417981969374057	0.20743243143820206	0.10169880077770556	0.27656964048308647	0.17250093036359992
0.24029098152432316	0.20786225388280655	0.10343782011298837	0.27601784344020286	0.17239110103967886
0.24229897802923955	0.20472126526526263	0.10659551588288493	0.2744171571157063	0.17196708370690633
0.24232641822239603	0.2054939662802634	0.10202685966563374	0.2776561929189346	0.17249656291277196
0.2406770962773136	0.20825278599905872	0.10395649286961024	0.2751872499286059	0.17192637492541127
0.24258475584401135	0.20468120328514328	0.10200749789218357	0.2774475714359662	0.17327897154269536
0.2393676962824011	0.2082892403513755	0.10390034110883294	0.2759474272670173	0.17249529499037292
0.2395947618244962	0.20803575906726415	0.10366878355671279	0.2762743415669805	0.17242635398454603
0.24169460156312522	0.20849624125785637	0.10199405563850603	0.27506167516646496	0.17275342637404717
0.24102526407841113	0.20505164280522747	0.10553410210636259	0.2767979773037708	0.17159101370622776
0.239798311794702	0.2065055698548622	0.10571131362910208	0.27501923845318754	0.17296556626814588
0.23997633131923263	0.20706250231951506	0.1047095176767675	0.27647229357857817	0.1717793551059064
0.2410157033455389	0.20769072515981052	0.10424703980894698	0.2757131268658782	0.17133340481982512
0.2404020443651681	0.205070035667891	0.10542759205691304	0.2777182629076011	0.17138206500242653
0.24064617239225805	0.20724877240444722	0.10375162654506175	0.27646155824986474	0.17189187040836798
0.24242800096571981	0.20736049079906047	0.10230028121407282	0.27533574929056165	0.17257547773058501
0.24139155376618138	0.2077918985028217	0.10115586570373913	0.27711555717607045	0.1725451248511871
0.24192006584812975	0.2066925065198674	0.10412116381851161	0.27469884190754557	0.17256742190594537
0.24212416176798504	0.20689588815828697	0.10170813000025147	0.27628614369067084	0.17298567638280546
0.2405510581895594	0.20734440703419302	0.10438153564471858	0.27440091625537244	0.17332208287615633
0.24131331230740577	0.2052935929142348	0.10408899202276695	0.277235112794073	0.17206898996151926
0.24008060715808227	0.20603983010427376	0.1039765554994263	0.2766236394990296	0.17327936773918778
0.24107880737838625	0.20447724896060962	0.10453909614041325	0.2776974158884021	0.17220743163218855
0.24235904828431043	0.2067765188668162	0.1048484898603665	0.2744112891372507	0.17160465385125595
0.24018824823702706	0.20602682731118077	0.10589892596027459	0.27608901757090404	0.1717969809206133
0.24218890241118302	0.2052595666025723	0.10375505510609388	0.27553215896436956	0.17326431691578098
0.23969228912187265	0.2054467187270142	0.10546775457163349	0.27771168795960344	0.171681549619876
0.2426091631694245	0.20664703507885393	0.1026762968705601	0.2766602544287542	0.171407250452407
0.24255643575849306	0.2061217140273247	0.10290865279281235	0.27524472184189525	0.17316847557947435
0.23937164383234039	0.2082835198016684	0.10328651395953509	0.2758429058845858	0.17321541652187003
0.24261679083367738	0.20463307567826894	0.10415334051938542	0.277177575684429	0.171419217284239
0.24163770300592574	0.20785943530840398	0.10336918705393078	0.275729548849042	0.17140412578269726
0.23986965377433617	0.20769248605805296	0.10475273883244791	0.2759916735023523	0.17169344783281038
0.2422367722867368	0.20591402938236705	0.10423619320762476	0.2746901492312519	0.17292285589201925
0.23991088364242655	0.20722344792972014	0.10334837563869977	0.2770668993534904	0.1724503934356629
0.24006060147436234	0.20737220763834832	0.10599089296616565	0.2751050549986865	0.17147124292243693
0.2404693068163829	0.20817093630032485	0.1032772986151542	0.2750758698584569	0.17300658840968094
0.24078140152866623	0.20854325067109925	0.10321456289050167	0.27483689692671504	0.1726238879830176
0.24109788875350743	0.2080765667078263	0.10420783105038924	0.2745002358930756	0.17211747759520116
0.2421532323091758	0.20426421928612143	0.1043080743329742	0.27767827859182403	0.17159619547990426
0.24262286075961056	0.20591116437058776	0.10518099357263692	0.2745100691985889	0.1717749120985756
0.2425121721566066	0.20573336874771386	0.10324618896592966	0.27590282226987856	0.17260544785987106
0.24197648299769295	0.20613128711296458	0.10343702985229904	0.27648681070249187	0.17196838933455133
0.2419671556164828	0.20492518351761763	0.10653559982670716	0.27461055047031013	0.17196151056888204
0.24257023772980918	0.206217987420498	0.1045752872169406	0.27473835113196565	0.17189813650078634
0.2395155706187984	0.20602946065019168	0.10555690133029752	0.27621667579113646	0.17268139160957569
0.23956309360867595	0.20703008251456967	0.10626984712829542	0.27493660103128204	0.17220037571717667
0.24192151487491148	0.20595389276198106	0.10405731730637247	0.2767247260239323	0.1713425490328025
