0.035503805519090534	0.06924942561454475	0.266913690591956	0.0292328364038089	0.1640924422477804	0.17607865648267362	0.22260844960108264	0.03632069353906292
0.03309991199746559	0.05061799754970549	0.2195752050102842	0.05570424608995535	0.16583147634924603	0.18135689674571678	0.2654609330366135	0.02835333322101291
0.036548766212684686	0.07274924554017487	0.2637516468607686	0.03748733646717413	0.19172352051104563	0.1428690199816399	0.21710510079362355	0.037765363632888446
0.028791408059836043	0.060521446695392875	0.1954955612187263	0.04947717699975167	0.22002432996157725	0.17675535866923414	0.2393057553626607	0.02962896303282085
0.03346198207390037	0.07014151896519488	0.19957801826596733	0.054734356185167504	0.19957379261811725	0.14910949674860133	0.259163443699101	0.03423739144395016
0.030953425519803596	0.060482914599126344	0.20524231937917187	0.035968089300981845	0.15943549352458863	0.18653394086834876	0.2955588633254709	0.025824953482507892
0.028436843242493154	0.05942777649423177	0.2291803271814163	0.05273609118091534	0.19782284191334792	0.20528830356773992	0.1916760125613004	0.03543180385855499
0.03401164238655796	0.052370166968337545	0.2859621709613513	0.05488169039358154	0.1626800103248856	0.1502039676045115	0.23337298078988378	0.02651737057089068
0.03075283156827341	0.06604928680518177	0.23467398053940255	0.055670373297160194	0.20830183585972095	0.16485172471603632	0.20845847224118483	0.031241494973039824
0.03080949730487191	0.057009542843297664	0.2772830756946064	0.037646467741677056	0.16750528478639845	0.18404112764344116	0.2184130602833821	0.027291943702325072
0.02986947594637819	0.0717894279248488	0.21368835691686183	0.04357200995201335	0.16553275366638093	0.20626127340073092	0.23592226617547332	0.033364436017312454
0.029060099358167224	0.07290870541162163	0.21072759916611905	0.035656775701564836	0.17547964001859223	0.16342270121058866	0.2849815151754233	0.02776296395792284
0.02797364504296923	0.05843672059203217	0.2301703791569426	0.05611334493474841	0.1597506109002709	0.1738774318694961	0.2669795314958109	0.0266983360077295
0.029660216026093145	0.05361310570040728	0.28482723668738097	0.038039749459552546	0.1775161500936532	0.20738761866449115	0.17246751013363476	0.03648841323478674
0.026892374199049413	0.05755818350279204	0.25961355221734905	0.05346675950216892	0.17856565940954	0.19997393947683056	0.18510872319704652	0.038820808495223236
0.03677732319256699	0.06908010385166463	0.19938518893899937	0.04377337416095996	0.2233283957502181	0.1558889044409366	0.23958929670158785	0.03217741296306635
0.03509453812862029	0.07055039639456077	0.22536995054236103	0.041254156514148974	0.15770197512898465	0.16546838730196434	0.27697644620133355	0.027584149788026258
0.028651891314928374	0.06904826933145665	0.20658412649065266	0.042465434061287666	0.16807941662770876	0.16055319291388156	0.29607362318756214	0.02854404607252195
0.03229567632819946	0.059414065260433	0.2923572608195292	0.037690985743889904	0.1967332209563852	0.16361035476928867	0.1884563634739305	0.02944207264834388
0.028997757696584095	0.05146550174957319	0.2302234893086123	0.029406217161191586	0.2311585572325996	0.1908761312880694	0.20298349721520437	0.03488884834816519
0.029512346231039654	0.06769857579801439	0.2175778084441107	0.05401714857661577	0.18697043915291678	0.18419299983783913	0.23064591043348787	0.029384771525975475
0.02832574942304905	0.07346240917553819	0.2511862698787315	0.04799714279992122	0.15937315809761543	0.17299369878599088	0.2366253923833459	0.03003617945580765
0.034516450737823084	0.05766778731005484	0.2631153967515301	0.053160632210437875	0.16920296755749847	0.1555969429316864	0.2366285038530049	0.030111318647964153
0.02842976385520246	0.05122410627316874	0.24865097675344305	0.03389784819518071	0.1832465406638593	0.16444556423069728	0.25861131222801864	0.03149388780042964
0.027629971873114667	0.06920284341933286	0.2026462586511511	0.044637212322418005	0.16324269725202373	0.19836152497550003	0.2689788159954489	0.025300675511010562
0.029608673469490185	0.07417623978887011	0.2392555207729272	0.044775066918185585	0.2177105453670113	0.16993452635905543	0.19020434604316727	0.034335081281292784
0.027579041499583734	0.05702646906960254	0.25088984680086235	0.05476462877369849	0.20189570238180743	0.1722815514322959	0.20912590778142315	0.026436852260726257
0.03621992086193847	0.06283602818243962	0.2541072971036267	0.03914899890978113	0.2138692758283623	0.16417826464927512	0.2009139147172485	0.028726299747327988
0.03265495004456764	0.07069320511143162	0.2961922857590692	0.05838727959807144	0.1648759803305742	0.15473220622524544	0.1910840295052867	0.03138006342575349
0.037100344440161734	0.055576080099120906	0.2840031859295602	0.04866566825852062	0.2029120957742096	0.17700043144052216	0.16838106151775206	0.026361132540152488
0.030813260886226934	0.04980737134405727	0.3001800932763812	0.04430529298520054	0.16877842705820265	0.18293182051822512	0.18693687188035668	0.03624686205134947
0.028070634009404585	0.04993564610206701	0.25713879817734586	0.05657211381121402	0.18910508286522665	0.15140200231554427	0.22884619618725377	0.03892952653194362
0.034219357487677765	0.06613216186230061	0.24803292422759485	0.03156865847887279	0.1763753256603263	0.17168700028141268	0.24443460123337135	0.02754997076844344
0.03577690770074593	0.05172693768234758	0.23980982333624135	0.049732448631091	0.22624026234374128	0.18398349399296743	0.18528167598525339	0.027448450327611812
0.031729900485033644	0.05426648810944407	0.2481252811546068	0.04888413994743453	0.19573189335862556	0.17314112786894054	0.2178528991848639	0.030268269891050734
0.037300792376281394	0.06217999669532108	0.2843973773759148	0.044149676047313444	0.19015874360622725	0.1648544820689337	0.1801805502970075	0.03677838153300064
0.027498383451051905	0.07400882102412942	0.23120164612211014	0.03865493059398434	0.15903776185326834	0.15144004537798073	0.2849869627161309	0.03317144886134399
0.028712957706642034	0.05800287928915149	0.2575395904667589	0.031784864750534464	0.1942523783171431	0.1525136523917766	0.23922499601767222	0.03796868106032103
0.02768703423512256	0.05052007525963334	0.23225687771630876	0.04104513435631413	0.2148376283394348	0.17359851467434526	0.23506074908533311	0.024993986333507842
0.02943813973780278	0.06743923179185347	0.24686435818739716	0.041145226233352844	0.19805316584515356	0.19998319694765346	0.1879018005569829	0.02917488069980359
0.03717936280329899	0.07037605994064637	0.2873632133584215	0.03792046769340139	0.2201224744379517	0.15080514381076998	0.16403820410179162	0.03219507385371824
0.03147566443083859	0.06464832438404235	0.25812899226296027	0.053897206425472424	0.21148182664752674	0.1693662055813075	0.1789832350199762	0.03201854524787573
0.03272119375920067	0.07300333766003622	0.2815692083672694	0.033763046497448435	0.16823857022134195	0.20562548095509814	0.17744527809424696	0.027633884445358026
0.03515598654724714	0.07354750344861932	0.25650350985291176	0.04056634565935796	0.20442196330756646	0.1623982998337773	0.20018502547052228	0.02722136587999756
0.032736307955652785	0.0536862365338652	0.27814820943896484	0.04530784744532526	0.1679469763334472	0.14479305999688977	0.24523924571324193	0.03214211658261282
0.03299311081889644	0.06695624049290261	0.23703371168699872	0.04797396149736921	0.2023846223721833	0.15618333707587034	0.2180892888145643	0.03838572724121497
0.03131674143642564	0.07247412923504495	0.22008327191295718	0.041114503262737745	0.2260733263929013	0.1447046985911026	0.22916388162113194	0.03506944754769842
0.035232918335000016	0.05711865225541894	0.2162989998596952	0.04979435780466615	0.19393470046921554	0.15467903672063504	0.25909764363070964	0.03384369092465926
0.028157183678213377	0.07505112949744054	0.2309942731622191	0.057664052254982445	0.18250356142739033	0.16427325997304787	0.22373511376892974	0.03762142623777645
0.02841511551491263	0.0567440625300272	0.26139994030978264	0.04723169763791206	0.22363478888858457	0.14648289691166744	0.19744457004872704	0.038646928158386246
0.02981939757349905	0.06415815018365506	0.27852491494678133	0.044730825078873535	0.18662782716366294	0.1812944622868936	0.18824825626549008	0.026596166501144214
0.027249337045519573	0.05113216521113598	0.2989078482862719	0.0318905397858984	0.16818649539078376	0.14464818674871915	0.24092169658856474	0.03706373094310628
0.03724654459415591	0.05585662876736372	0.26781757625113806	0.04548170904130572	0.17315216367384068	0.18930033302521934	0.1926742296063603	0.03847081504061611
0.036406635293384323	0.052741072583558285	0.2096612961151893	0.03096254691697485	0.1911296522453177	0.1883557901766837	0.26474648924298333	0.025996517425908347
0.030087210710011025	0.07097953813455353	0.25710689788671914	0.038023157902489085	0.2012908358484738	0.1582186880087228	0.2115831827237263	0.03271048878530407
0.02622811197785843	0.05072345681855636	0.20264214728622865	0.052499486694326775	0.21718655779507115	0.17270837404665634	0.2398757939954118	0.03813607138589026
0.035331210152683507	0.06287236538576937	0.22881154478132681	0.042962915677173044	0.20526663942516238	0.17002298926242015	0.21599525897842464	0.038737076337039905
0.03100661804850402	0.07181031279044314	0.2921657720035322	0.03895665077763738	0.16575049326421565	0.1726209245971179	0.20247547066859967	0.025213757849949822
0.030697944672304384	0.050846650693737186	0.2133943925429883	0.0311807238772588	0.2076496449995176	0.20257820507225238	0.22988948497733902	0.03376295316460208
0.0323482119634009	0.06088929354405903	0.26480530650383305	0.04336370996140615	0.1949600780436792	0.18344068683182413	0.18818830745202159	0.03200440569977572
0.031015114602655824	0.055775442786395665	0.22794980104987594	0.056542021487911195	0.22316645100046117	0.17818708551550597	0.20086458944822655	0.0264994941089675
0.027285784363207582	0.054004722416550674	0.23451224344359875	0.05740923157183095	0.2142407280405796	0.19118863301978267	0.18647841046984398	0.03488024667460557
0.03434063159245829	0.04962620443014196	0.28958500170176743	0.050298633104519486	0.18657361568781378	0.1876309845583815	0.17617153523464024	0.025773393690277063
0.03586758535946155	0.05200935584503018	0.20219373505280708	0.053248099758463355	0.18640293297462227	0.1655450763242188	0.26875515617943957	0.035978058505957006
0.03605319615408584	0.07245793049732988	0.2520801552704239	0.03036718585373263	0.17729551576739017	0.17522338016373018	0.22637089629225648	0.030151740001050753
0.026247950059193614	0.06365173690224943	0.22221139803296414	0.04901658564878701	0.16533133209242412	0.1631579993626131	0.27180956945286605	0.03857342844890231
0.03336389941340136	0.05945919317224525	0.21921570930687523	0.04785530851156475	0.18138815545373854	0.19914614723415236	0.2233474751961487	0.03622411171187362
0.02667165568712565	0.06435001359587336	0.23396788741947772	0.053838982967277724	0.15732250288954608	0.19455560774518896	0.23910339817054224	0.030189951524968117
0.026603489364374927	0.059752957817312435	0.26588978951883724	0.05521843263693482	0.22802738685879356	0.15105801684803505	0.17857389877257107	0.0348760281831407
0.028148539287302973	0.0687435820767374	0.284784305280779	0.0440715662121836	0.2145072968741802	0.1529618363582728	0.1790121893593902	0.02777068455115371
0.028673893967920555	0.06422946191014789	0.2377343260367482	0.0480231308611038	0.19250115053237676	0.16845420267621697	0.22272401364462224	0.03765982037086338
0.027544007925733582	0.06917717306768514	0.21892750100171654	0.047995915310234505	0.1727482187542279	0.15322811240482245	0.2838236861541391	0.02655538538144056
0.032264325683442396	0.060730896704816545	0.22850206398658324	0.054266372702663185	0.16526235794171001	0.16846794802319223	0.2599283090193456	0.030577725938246564
0.03408780264379713	0.062341042809543584	0.2137305314618831	0.05651094137711801	0.17564415573797865	0.19420187720778487	0.22742583283698106	0.036057815924913444
0.0369156774636705	0.05791482707958984	0.22982585343451667	0.045117729348854066	0.21332628278119264	0.17672579284732287	0.21126403953374306	0.02890979751111017
0.028611617621531582	0.06509634694867342	0.22640898166542456	0.03650547799762417	0.17561778605409345	0.19905163213982585	0.23485050916755806	0.033857648405268725
0.029376375871861107	0.05010919818854234	0.21938448317008233	0.041681317557992856	0.2265773123818638	0.17984012106006306	0.22467389730615517	0.02835729446343911
0.030049334885870832	0.0538785337641003	0.247077453296286	0.04279015848531524	0.18976971417575322	0.18975515851506175	0.2096209112810281	0.03705873559658432
0.030633977718943203	0.0706524483950346	0.23847665332515378	0.0353796341676748	0.18859784410074326	0.14430233740946172	0.259597534683046	0.032359570199942456
0.031504498479437204	0.06708555560282761	0.19534506722234302	0.03015264916969497	0.21644511608120448	0.14506120694501323	0.2776076434567354	0.036798263042743945
0.03323121263272463	0.0631072839149448	0.19614337979414664	0.04384718272745662	0.19084115176666794	0.17350519103848186	0.2607579096208199	0.03856668850475738
0.028291586368348123	0.05407571232869593	0.23761030029959557	0.03704956195110207	0.1639576420201972	0.14966082585305324	0.30389715745947155	0.02545721371953616
0.027262526843147367	0.06827968795024175	0.2010984654537249	0.052957132436208004	0.1914002648185425	0.15832395725564372	0.2695050427938983	0.031172922448593293
0.03484133837635699	0.05587664001317437	0.22234439028781003	0.04712970863514043	0.1737621774064575	0.17204208132520557	0.2563102106268087	0.03769345332904629
0.0297116966970907	0.07472212714634946	0.24448280272747422	0.05695749962181454	0.1744447215761204	0.16823001962105988	0.21787211871610143	0.03357901389398915
0.03477301788876956	0.06181126735953604	0.2236411785746253	0.053099269846263175	0.15926238220568634	0.15276813247948734	0.28749031138857795	0.02715444025705417
0.030605987388601055	0.06950394402782947	0.24836025265516753	0.04066273819140323	0.159365644001657	0.20064605378907213	0.22548154700967443	0.025373832936594926
0.03266112569559161	0.06803171389492406	0.20274794287438208	0.05809455880453336	0.17526307383198614	0.16566392650780404	0.2688147026637633	0.028722955727015262
0.032968523986988074	0.07018723028761616	0.20940742291758513	0.04755854257732532	0.23015604251254446	0.18999730168475554	0.18823005785457023	0.031494878178614835
0.02710330790523001	0.0665452766235399	0.24975547156561398	0.043185356960742466	0.21377564393690046	0.19843907704022162	0.16693336609315804	0.034262499874593316
0.03495934881985452	0.06790449381963852	0.21565764525965309	0.05633841954528952	0.16370960058549092	0.1629671657077417	0.266912393656252	0.031550932606079524
0.03219077062712329	0.0518430737861901	0.21951015851422873	0.04480866455181916	0.21262130273276697	0.1713810853210779	0.24227344899652	0.025371495470273647
0.027258248850418776	0.056151067939536836	0.239206108027051	0.03407989894636042	0.2061050374135951	0.19220437860800732	0.21937529667062633	0.025619963544404017
0.027683321034850245	0.05458461223184387	0.2925075547556252	0.049300038718786146	0.19117538230815456	0.18501438827517055	0.17480143370271456	0.024933268972854694
0.028411179638622858	0.0638707956002164	0.21274873194297436	0.05818207101467039	0.20090025824790986	0.16579534543162952	0.2448238332987674	0.025267784825209
0.035895061981956466	0.05087230000138128	0.21452739116692993	0.04176629342197853	0.18600815552389577	0.15063939691462366	0.2852661869094709	0.03502521407976325
0.033502742143825454	0.07070286267789075	0.22326470504374862	0.04939026184254852	0.1712891142549748	0.15044702652972372	0.27048768908629983	0.030915598420988025
0.03148578402458671	0.04949966551678904	0.2960678816318303	0.05753615001023364	0.17799661905218633	0.15737802966864203	0.19321183050427224	0.03682403959145955
0.030630992825283712	0.07471252058312255	0.24256160195477075	0.054130383721020414	0.1619632084124197	0.17464253261973933	0.22731860628467715	0.034040153598966144
0.03722847151724962	0.050428323864411234	0.19450621931130607	0.031766056658846686	0.224220320723359	0.14564891135246888	0.2818392135630866	0.03436248300927164
0.02637127559255087	0.05137913970686864	0.22807687049722156	0.05475016991040539	0.20649517709458115	0.15218780398046494	0.2453953578975579	0.03534420532034936
0.037229915249674256	0.06510809913406401	0.2687766310759634	0.04989539482633139	0.22390399204008204	0.14414766577148627	0.1847173120546887	0.026220989847709736
0.03507149301295777	0.052377456164778624	0.19812875948361364	0.03778631905209881	0.19119446930607487	0.1713621726678925	0.2885673416255271	0.02551198868705648
0.027800126717223664	0.06595328813430544	0.2440679195410681	0.03557474618294007	0.2107151994946231	0.15974626139856812	0.22368411247666328	0.03245834605460801
0.03173418490559404	0.05132936889059442	0.2839268171689035	0.04957333126259253	0.18136499356496785	0.19459090195820172	0.1699385715541825	0.03754183069496328
0.032900868661066104	0.06382523918938106	0.2567192853841467	0.053566007149018796	0.20123124293963868	0.1747341825389108	0.18699464220239642	0.030028531935441263
0.033563708269839884	0.06683157651558207	0.2269387060739017	0.031204002392135485	0.16664911416505682	0.1690502553239787	0.2705169777817805	0.03524565947772461
0.026622078768183885	0.05254924911910265	0.2372462595497853	0.05755568209104554	0.17362672891233877	0.18199503049030497	0.24074025544290004	0.02966471562633867
0.029788644814759624	0.060508756005813666	0.2679053915674873	0.030083290513303607	0.19542840978731627	0.20051443324280444	0.18069782422791783	0.03507324984059709
0.029424374879731527	0.06646469442768099	0.20885468092333212	0.041635835267001764	0.17801246367997728	0.19997034395245636	0.23701376892687281	0.03862383794294694
0.029962880906140868	0.06409936664052343	0.26311189520956324	0.04883983878937849	0.23194644748671825	0.17342034391644345	0.1616626326191382	0.02695659443209386
0.03558915397629739	0.058354880158266564	0.2878070819954731	0.044414136563786635	0.1789030322072604	0.16533637845018295	0.20482291310861117	0.024772423540121657
0.032144723719535	0.05260364636808898	0.25376412915053537	0.052464278459389016	0.20531325853522198	0.17123321202697642	0.19898827251050588	0.03348847922974714
0.028884392686631996	0.07167143824975833	0.2361057936247003	0.05705391015278538	0.1713028104996722	0.17845547826179176	0.22262717399736132	0.033899002527298494
0.03587215467611207	0.07464381712068088	0.2248937586061256	0.0313578849527867	0.19229691265003718	0.16638873560305897	0.2396647315988415	0.03488200479235695
0.03667671603376231	0.0728297336006774	0.23040033481467118	0.0390881302874751	0.21687473871808954	0.17040413274971827	0.19939200811108346	0.0343342056845226
0.02980341685099995	0.05292320853720278	0.23665761249938597	0.044594172233487495	0.21097593686389104	0.19931654046778202	0.18829459261459344	0.03743451993265709
0.027269622327632137	0.06439613931655952	0.26477923992725816	0.033840110395614104	0.21531400227332748	0.16684337415152944	0.19153348861092223	0.036024022997156735
0.0372879239431199	0.06764802833131539	0.20795451099700554	0.038382973187023384	0.2255186826582204	0.15392641018428657	0.2434083388716779	0.02587313182735071
0.02656307886722689	0.06362872021644006	0.22942371841289966	0.03495635405152314	0.1634487111898177	0.2059826593273425	0.24954623219250838	0.02645052574224148
0.028865019653750587	0.05155626977493062	0.24950608252274808	0.04095783166067932	0.21822187366154783	0.19393595063159438	0.18918399430428529	0.027772977790463685
0.03680446049387831	0.06895476569810016	0.2841261515612239	0.055901117839165154	0.1742728925759458	0.14527433993982825	0.2020683523593589	0.03259791953249931
0.0362438116411334	0.0713989928766481	0.2050963925798291	0.05113950756044135	0.18896902657156042	0.1663975420735723	0.2508883568857355	0.02986636981107968
0.027002545594570923	0.07144124741512739	0.2495435914056683	0.039209261370823506	0.16913960454511118	0.1713229609547567	0.23739584426390054	0.03494494445004129
0.036238039646791426	0.05859217917221385	0.23235299813900578	0.045617082282600724	0.18211412365098578	0.19346130011358997	0.21500104108434392	0.0366232359104684
0.03210377864252803	0.06570147526137984	0.23226949570057664	0.03714009374576778	0.1853006338584055	0.16321640422598965	0.2593683909061027	0.02489972765924961
0.029055228409287065	0.06172865501239665	0.23805237462270054	0.033011822615195266	0.20296725880520178	0.1535338695147177	0.24623927182424615	0.035411519196254626
0.026843768872122656	0.05462834842056287	0.20614788236808546	0.029162892319991654	0.16664639444402	0.19249256891582034	0.2974285901666128	0.026649554492784083
0.026230870731016043	0.07551123104577713	0.27721718453140115	0.04933223540205979	0.18021837812525537	0.16250263727229108	0.19033958835097825	0.03864787454122098
0.03560621549101188	0.06078877883568158	0.2712012381809479	0.044255915829799666	0.21272772333731238	0.16691607588871668	0.1822978409815755	0.026206211454954276
0.036410597711007825	0.058301226415829493	0.24094492904570813	0.033244601999865245	0.17814786949370298	0.17302921109403235	0.2492643578898201	0.030657206350033647
0.02804164357623659	0.06249731737963793	0.23008242311254046	0.03492467170071627	0.21358677748844543	0.20236059520164318	0.2019185292353612	0.026588042305418808
0.03311674645676607	0.053932325509419884	0.2045709037720023	0.03396074219394893	0.22421700732439726	0.19097595602777062	0.23014398797592167	0.029082330739773093
0.028388999544276136	0.07486394163036349	0.23985752127288046	0.04372158251538334	0.21133263296192184	0.19953182387731683	0.16381826435543245	0.038485233842425304
0.030566831408576467	0.0640591428628165	0.28516794738844825	0.031514629873923686	0.20473896247358447	0.15043720862040097	0.2015853876443559	0.03192988972789362
0.027066338785792482	0.06637545534168432	0.2022534734057146	0.038742691542749536	0.21832565413321206	0.15126149892156002	0.25975128467301867	0.036223603196268106
0.033242017011296185	0.06857648950906954	0.2101307677517893	0.03826688385980266	0.22807298225784828	0.20622123847912288	0.18435772807097753	0.031131893060093438
0.030014535173077575	0.07372583036212732	0.26126047532947544	0.03995577934947728	0.16209352121860757	0.18414774410524468	0.22233334915549152	0.026468765306498415
0.02842280321917892	0.07396498404072971	0.2893207070098882	0.03285192550160383	0.1791279783269807	0.14828834435761942	0.21108218909902926	0.03694106844496971
0.027534303685648825	0.05123478646086173	0.25267262486830133	0.05297863949967903	0.2240044334035325	0.19610214960831168	0.16115027558450312	0.03432278688916167
0.027552758760968132	0.06113162668251983	0.23191668269337662	0.053398709773362585	0.19319211683538062	0.19329095848936984	0.20492258947133768	0.03459455729368448
0.027792172143852573	0.06785944189492832	0.23979089169373458	0.03529677326625799	0.20556084584425363	0.18692857534627308	0.20640975611100137	0.030361543699698318
0.029554992072082176	0.065869838940223	0.19416366681758604	0.05023431989096637	0.20239032001545526	0.1469531198076212	0.27636592604492927	0.03446781641113644
0.03259596859347588	0.05229405927870051	0.2463657542825719	0.03685425622162018	0.15798205028703197	0.1551899017877322	0.28840880885169085	0.030309200697176242
0.033134435427530515	0.06621382346359261	0.2095396898414899	0.055579156926319984	0.20492715832347416	0.17730893639500483	0.22452271392553955	0.028774085697048216
0.03249970383185864	0.0751846441491219	0.2120641497643146	0.029336816218604678	0.22934685959532125	0.1695049171034848	0.2211499422707081	0.03091296706658586
0.028084368528104586	0.05741849562104377	0.24289916465987293	0.03499721882996723	0.23229768532802858	0.20478823205935953	0.16492316623650188	0.0345916687371213
0.030955053557254503	0.06036175424152743	0.235296520693148	0.05779374598879973	0.1950125297173957	0.16989618171917126	0.21497941311957824	0.03570480096312495
0.03059035161933403	0.06959618444922078	0.19662481919497946	0.04517100163260203	0.22322397478190892	0.14526715580981436	0.2533602200560856	0.03616629245605457
0.03582266751991475	0.06227317450730943	0.2387273734383351	0.0499036753779213	0.1775456894186854	0.19171619829372377	0.2192799600351969	0.024731261408913185
0.035489635630540695	0.05825778728187522	0.24122287710884482	0.04125727721103346	0.1827405511914622	0.15823069512788893	0.25308216739290507	0.029719009055449358
0.032827631313115724	0.06642082998670737	0.213772121354545	0.03376596274395796	0.17873242694580568	0.1520803181271115	0.2897677226943668	0.03263298683438978
0.02614067093888242	0.05365040780344421	0.20898929889281645	0.05796266947228809	0.2192858186764456	0.17667512320047604	0.2256908278817368	0.03160518313391027
0.031747628562449406	0.06874310829764495	0.27149430649909184	0.03316993764630809	0.17200948074141437	0.1819188228614294	0.20796241648110655	0.03295429891055518
0.03037431062861015	0.06049403954292912	0.2964303150236583	0.032893088441607335	0.1799875703959209	0.15880622128330096	0.2067640635992959	0.034250391084677145
0.0289755937478738	0.0727124809689826	0.29956388198012984	0.05280060314854185	0.16844885243741453	0.14434164199158028	0.20525224750715562	0.027904698218321325
0.03328355177475885	0.060286482289061666	0.22946070849695305	0.0323688938460292	0.22583017187713694	0.1859926580890837	0.19545432508810073	0.03732320853887562
0.029735664667429024	0.057143288971615316	0.22345536230357532	0.04364831199498438	0.19618498280261032	0.19328366898759358	0.22710039524478895	0.029448325027402883
0.036099665379692294	0.05665185007500885	0.2701002255235553	0.055233362670232614	0.20895796381925702	0.14709057339136622	0.1904162000976976	0.03545015904318988
0.029081833589485892	0.055646512297613235	0.2730823196970375	0.05797323503558127	0.18308734403676996	0.14743513092538008	0.226081550760187	0.027612073657944894
0.03655452195671516	0.06426513487301816	0.23225498691047372	0.04095753617493959	0.17647450456533648	0.1752507462299109	0.2374081050078911	0.03683446428171472
0.02670345919784886	0.06572601724855899	0.2510650986087623	0.05208525000094409	0.19932897396349797	0.19081607636386594	0.18309193803493828	0.03118318658158334
0.033765741785419134	0.06932682877984597	0.24572341582162546	0.05454248943105382	0.1767148823590063	0.15066468236573252	0.2324036662147137	0.036858293242602896
0.027717893357138507	0.055098772988840375	0.2151020688742743	0.04398055384905959	0.1742761994610501	0.1714512041590461	0.27655938515399764	0.03581392215659321
0.030581534485372194	0.05620573193410393	0.27731970239612114	0.0502088251679013	0.17744112806448947	0.19976099273124642	0.17444797228369055	0.0340341129370748
0.028825796578087745	0.07466943296881731	0.2848903148829479	0.05781066254166928	0.1571600444520708	0.16135348552858492	0.205463835123373	0.029826427924448895
0.035495605606587224	0.06719389887559149	0.19621977464728735	0.052558734527377235	0.22101179400988016	0.14822539993876027	0.24303770070244618	0.036257091692069934
0.02690581148454417	0.06392412987997732	0.22831423271994108	0.05426527550025889	0.22610745257732293	0.1666175819156478	0.1952882560062239	0.03857725991608371
0.030672133683783742	0.06288854997656548	0.26711144453133706	0.04914340236854084	0.18910983126885658	0.1854663316778643	0.18682224799443226	0.028786058498619566
0.03215999456986211	0.07037570245892595	0.231355955725979	0.03955160199955528	0.22643673094542724	0.17498388502686044	0.19168826521717697	0.03344786405621289
0.03421585555394069	0.0650268959644303	0.20707962990848566	0.052082018211556974	0.18166979594283855	0.18527881064839136	0.23583854234282836	0.03880845142752795
0.03291163368163408	0.07335490365289876	0.2588122485908879	0.03296919989906598	0.18543877784712492	0.19772837703553686	0.19288560636959395	0.025899252923257343
0.03689566084103335	0.0558177946832782	0.23450265915988155	0.05605533561509936	0.21309233033915295	0.15466262660448993	0.21048553889672397	0.038488053860340515
0.028811509657046847	0.05233958945926531	0.20931547796308764	0.03313447854413078	0.19632319711219076	0.1696236044023201	0.2812879752236606	0.02916416763829771
0.02805438635795085	0.0626528216093258	0.26303964399656965	0.03333217151075668	0.18507451158103308	0.1483285495716539	0.24810810687985524	0.03140980849285466
0.027071473799317597	0.06269729651778638	0.20812723697489066	0.03227244335101871	0.18718394116799114	0.1671082261106963	0.29024029342484947	0.02529908865344946
0.03225068212209904	0.06730002553944761	0.27571806542603483	0.037510204767040964	0.18769309016498859	0.19165112958792557	0.1818330421882203	0.026043760204242927
0.035624654743176054	0.06572949461777353	0.25469460272347233	0.029588520836549836	0.22187001606896656	0.19249563845615086	0.17442409817101545	0.02557297438289527
0.02832659430429152	0.0643700225255509	0.25115477201115183	0.03772283562758065	0.22653487484124035	0.14603978351246932	0.21888480391761977	0.026966313260095437
0.026939954833645696	0.05955647044814942	0.24853007201151384	0.053985675708476455	0.18250197632742185	0.18115735052755397	0.21034658184458743	0.036981918298651134
0.03119203679979475	0.053657411179955636	0.26393426407156195	0.04616891157245974	0.16615786531294346	0.19207110080169426	0.21166782443243368	0.03515058582915631
0.031117049850734047	0.05054941567149196	0.2899856918722499	0.030776587146817663	0.21610373578928765	0.15190018778253336	0.1993785316430549	0.03018880024383036
0.036315919397291146	0.07074369364147734	0.2555459216238334	0.039771872011126946	0.1994409747562988	0.201541402933614	0.1665754618150437	0.03006475382131453
0.03289654964453853	0.06832802744795816	0.2769345891005618	0.04853493192540892	0.17175023769402797	0.1692668601633351	0.19884416652158574	0.03344463750258363
0.028394173638806752	0.05086753263582694	0.2707669570675266	0.029102800104835153	0.20684697674843033	0.2014824788918304	0.18025593416674085	0.03228314674600276
0.027110225251289727	0.07397642652669062	0.2662420707000392	0.048092320439815234	0.18472232047160003	0.15571696641067145	0.21572279200407452	0.02841687819581898
0.036946380071158524	0.06776585838779646	0.25170399540369254	0.04517796048897828	0.20991007654128274	0.1747203969689201	0.18498042675299434	0.02879490538517679
0.028710338489994908	0.06936389283519659	0.19439266188674903	0.05091102999798758	0.22030426052703345	0.166854959929351	0.23630423076403775	0.03315862556964949
0.02974998605715315	0.07356793392762304	0.1993530461389712	0.04405635171593561	0.1816158431511775	0.14632659958591326	0.29488483563144907	0.03044540379177707
0.03254394444026991	0.0640822610837093	0.21989502206972758	0.056649161633473485	0.1711485360226664	0.17125469948790628	0.24980865608482922	0.03461771917741768
0.027123336373973364	0.05796721145244775	0.2390022239465785	0.04298807321151292	0.2230572102199817	0.1688768375824538	0.20916376844654583	0.03182133876650588
0.027701736761649554	0.05354551862972749	0.2002422377632013	0.04248088651462349	0.19327685565138908	0.194003049262271	0.26013491226128344	0.02861480315585449
0.034123319046135484	0.06548240851368375	0.19775419774558384	0.04305948424647439	0.2270625615057101	0.1982041104294326	0.20349224131342933	0.030821677199550285
0.031038314114238255	0.0688084030785178	0.24853542629802877	0.054264542616141276	0.208393636969606	0.18285839726983472	0.17002861026930355	0.03607266938432943
0.030297375746522498	0.07408478815792988	0.29930579565001714	0.04058435403293184	0.17409651657863096	0.1571227018717518	0.18553432238443945	0.038974145577776245
0.03122746892718506	0.06783712064896866	0.23733410134153843	0.0534886920893526	0.1755855440407813	0.176634677141939	0.23101833292106427	0.02687406288917052
0.034717022715263765	0.05569687198515154	0.2791507364190564	0.028969570526096763	0.22012830627167984	0.14600663245377635	0.19890553730577212	0.036425322323203016
0.03298924235088389	0.06646550092572681	0.2323663559958022	0.05283782211090052	0.15930508159069406	0.15920548585010658	0.2714120164905033	0.025418494685382473
0.030886366953053274	0.059062711604857196	0.2573028950952309	0.057996351868392346	0.18498815873126492	0.17073466166954976	0.21401426359909415	0.025014590478557225
0.026184173554146456	0.0682021245690254	0.21926737243604716	0.043432644161485304	0.20338983459152254	0.15020943089974564	0.2582212209147967	0.031093198873230532
0.03136600276882673	0.04951279530064359	0.19533974056376802	0.04591076933461899	0.22564371909472894	0.15255801497438942	0.27405160755745195	0.025617350405572115
0.03034391502939289	0.06025623075654088	0.2068884780230591	0.04707044112579302	0.23338323871959743	0.15093647264190277	0.2347140711681201	0.03640715253559361
0.034129661275809686	0.053070432124773095	0.28589086883257586	0.02887236068307955	0.1636196726386501	0.20495075310414468	0.20320313811786817	0.026263113223098628
0.03532458159296532	0.06980645724511234	0.20375331258762833	0.05255828287036114	0.16359043667992154	0.1431785697471482	0.29336339533281575	0.038424963944047194
0.03316074792081551	0.07134774801774578	0.21568909895833807	0.05540746227000895	0.19096544416823247	0.16608483948195174	0.23733862196054079	0.0300060372223665
0.032003952756776505	0.0606601108659809	0.21314534451171305	0.053417386559561894	0.17940054633691432	0.14907976518563207	0.2784649000638485	0.033827993719572555
0.02794745959931226	0.05643851903233539	0.21118687151479332	0.03828244405231464	0.17217451320637267	0.19341484419092608	0.2660395684036684	0.034515780000277066
0.027723021792331576	0.07311416082517737	0.24880035993744293	0.04809785027114237	0.20317230502423939	0.1929959357707673	0.17796867296318458	0.028127693415714305
0.02862037443523935	0.05119972276402658	0.2796464235782604	0.029026908368639498	0.22163119718183238	0.1639872291137172	0.2007326325670003	0.025155511991284088
0.031518517749432734	0.05888289914748353	0.2750037291990792	0.041633209649217795	0.19852263606893628	0.17547199120412316	0.1846437792805915	0.0343232377011356
0.029479576592117418	0.07204657800832051	0.22477547467467154	0.029880325100207383	0.21461371818264688	0.1969128090088094	0.2007951188252245	0.03149639960800216
0.029742432555397713	0.05437801094136363	0.23313321009054241	0.05797158047103847	0.1587273228709996	0.1507515711961943	0.28290607376917376	0.03238979810528987
0.034325362451114144	0.06310500512905376	0.2971116349674382	0.02964339306770887	0.20479172546563146	0.17071632421749686	0.17113840680033268	0.02916814790122392
0.026859654037204334	0.05096467524514367	0.19714418992844288	0.05206722597546537	0.21616450887875174	0.16891214941638638	0.24987028312526097	0.03801731339334448
0.03344417082108048	0.0516678431814626	0.22095750315502816	0.05399027772538255	0.19421480695839172	0.1807674321064364	0.2260392914164112	0.038918674635806755
0.0308094514424941	0.05067294322153526	0.20725493793263394	0.041071493133746306	0.16955018967404845	0.17394160722206609	0.2894453117352237	0.03725406563825198
0.03626880301454288	0.05167488067638838	0.21770435370333202	0.05138541137518722	0.1682145786200806	0.17297899774736042	0.26512187782173147	0.036651097041376826
0.03183373018525652	0.06318169567923992	0.1980068180864237	0.05063688227471225	0.23053391169205292	0.17823638728954233	0.21188020621475134	0.03569036857802081
0.037049874080504475	0.05440980520383536	0.22264754213453514	0.03921139936351743	0.2067342133886243	0.1667567190226717	0.24730639757893785	0.025884049227373557
0.026453297877285648	0.06534296312650241	0.298983960982696	0.029329798088370856	0.16068245804479966	0.19620398526657706	0.19649785631935884	0.02650568029440928
0.026129074573266756	0.06201150495076861	0.27775899509618024	0.036093634324882606	0.20529819669525695	0.18973094170482593	0.17074925923729578	0.0322283934175229
0.02831320650986048	0.06514694761612128	0.22167608177423398	0.04339912346096639	0.17314194230025645	0.20494855748113872	0.2243930794843725	0.03898106137304996
0.03238229671389778	0.07079090395625312	0.27648850937024233	0.056446816916593326	0.20650793141344811	0.14884776906530683	0.17586026435023988	0.03267550821401845
0.030288402861417985	0.058787413218555365	0.2770269927988269	0.05023515678552237	0.1903382932007135	0.17472225753843773	0.18661529712761477	0.03198618646891126
0.03563758980002782	0.053457936297298	0.2847629650386384	0.05270172208263765	0.19531688893889526	0.15650314026645754	0.19464287704947364	0.026976880526571476
0.031142985846781865	0.05859237015440601	0.28378028165620517	0.0436860054757595	0.22211394584583746	0.1561691235734466	0.1689958567733722	0.035519430674191
0.0338332141502575	0.050357382505121145	0.22774833369217976	0.052755994859386465	0.22867720166046002	0.16401599326874616	0.2100019982702421	0.03260988159360659
0.03521148798476201	0.05331299522746932	0.2764949029944088	0.05493224269624422	0.1698005918563958	0.15813726873196154	0.22343425590875984	0.028676254599998216
0.03217678391695966	0.05233316521744806	0.28352002153303635	0.04820921198876585	0.17739849158507337	0.16619264293003375	0.20247303060876262	0.037696652219920246
0.02645176650693462	0.05964049475807369	0.2696477366792972	0.04497961956427578	0.16087794610458364	0.20639592031720078	0.19755738738555007	0.03444912868408409
0.026175378302510155	0.06222421128914199	0.2719094090172668	0.05318337751798974	0.22093132035084675	0.15741872543528682	0.1694842767789132	0.03867330130804436
0.030339358394765523	0.07531105596433343	0.2670616086527733	0.05103097290753908	0.17359760084657638	0.16694869918907201	0.2002775026151654	0.03543320142977471
0.035884319836953726	0.05126322810759097	0.22732966634847557	0.054299107801902474	0.20784601085355875	0.20711010362106672	0.17785464016828129	0.038412923262170245
0.03448703405034889	0.05921674374721718	0.2670275069323653	0.0586019710401475	0.17140292224763598	0.15024106301744444	0.22657767622333042	0.03244508274151009
0.026099961533798482	0.057208897137391065	0.23465106243667572	0.05646454380294824	0.15934430938131605	0.19337475762292922	0.24267159742428002	0.030184870660660973
0.037015940390656005	0.06826756849841084	0.19844312202553085	0.05006164336607402	0.1734631074571367	0.17303915656328617	0.262195108074339	0.037514353624566205
0.029023007104844303	0.051031907301056695	0.19719088832782977	0.03807393761280828	0.22677758860820135	0.20617082295064051	0.21734310937053103	0.03438873872408789
0.03614608918325565	0.05963821554914586	0.2998580007037693	0.04441139780823551	0.1612487047912994	0.15836724873829444	0.2116008682718778	0.028729474954121897
0.03241466561801529	0.07196484215843976	0.298545398712952	0.04029745678016124	0.16482253561840643	0.16900657820276455	0.1963565000291531	0.026592022880107466
0.03670882800981186	0.07562163024001836	0.22902396031168443	0.05064124635785719	0.2247725752175037	0.15031660640972286	0.20657734113041049	0.026337812322990928
0.0338569371512909	0.0677353118756649	0.203415056075947	0.04405216398956957	0.16268400113922946	0.16621160461328843	0.2962693808489874	0.025775544306022163
0.031392006966960095	0.06163892913813665	0.23190958863780262	0.05421877897008662	0.20564362630054697	0.16863982134521588	0.2079979061911405	0.03855934245011047
0.03387123749509069	0.06435635244417366	0.2632778733951815	0.04698962322681695	0.20618957222702755	0.19857635360692152	0.16046258633518304	0.026276401269604927
0.02863567423860547	0.07225651150822125	0.28924176083296343	0.04158600645938752	0.19322471572545075	0.17911495447139283	0.1631411922230915	0.032799184540887094
0.032465159448189104	0.059770965411301155	0.286082038489675	0.05312681065446977	0.19023127082460214	0.14548068072255754	0.20545980672966746	0.02738326771953764
0.03699300559687499	0.07504428606635952	0.2297607654619987	0.03733492281865389	0.18937791060791645	0.16925123722223376	0.22595065841805229	0.03628721380791017
0.036537336305408646	0.06917152420973358	0.2592660481863722	0.03116639261550662	0.2023529159038534	0.19190255565177686	0.1808193822873636	0.028783844839984835
0.027631331483811486	0.05317462334609353	0.2840892772714939	0.04719599053138386	0.16650982325604802	0.1999365327147491	0.1880758963659615	0.033386525030458414
0.03538768390912686	0.06193459889637527	0.20355556104462777	0.05749020807457837	0.18140547393739187	0.20635095209633392	0.2146932355470188	0.03918228649454694
0.028234969325796097	0.06908510196953171	0.21193575121436486	0.04573991347792253	0.2324777249840717	0.17635579597670697	0.19896742869132816	0.03720331436027778
