0.27565039057272694	0.37651846870857386	0.34783114071869936
0.27746101272440116	0.37351590429455106	0.3490230829810479
0.2769458854464405	0.37433755432527843	0.3487165602282812
0.27690002740520586	0.375806607642161	0.3472933649526333
0.2777585268543788	0.37539730839679264	0.3468441647488287
0.2773088615653775	0.37463234054358774	0.3480587978910349
0.2776552039036365	0.37412065059887384	0.3482241454974897
0.27674594958645826	0.37588754373243005	0.3473665066811118
0.27787696615863333	0.3734228463118914	0.3487001875294754
0.2770199998273193	0.3759211340308031	0.34705886614187775
0.27780861287951764	0.3753746851874245	0.34681670193305797
0.2771860448697899	0.37488911229998445	0.34792484283022573
0.2772166507805384	0.37414895264121106	0.3486343965782506
0.2774435070766921	0.37357367058095936	0.3489828223423487
0.27560913495092476	0.3756721772608822	0.34871868778819315
0.2776957087415672	0.37418564869654763	0.3481186425618853
0.2756234539220208	0.3758125880441004	0.34856395803387885
0.27654666108341003	0.37512238292710076	0.3483309559894893
0.27743554130529013	0.37517674737061	0.34738771132409996
0.2774228896385972	0.37484109398880805	0.3477360163725949
0.2773448979819564	0.37372213467910276	0.34893296733894097
0.2774030509185811	0.3748032580693842	0.34779369101203483
0.2767566870271026	0.3746621009321351	0.3485812120407624
0.2781792247303262	0.3741382348723479	0.34768254039732605
0.27670739475690426	0.37577486585328435	0.3475177393898115
0.2760922714727362	0.37658659137155304	0.3473211371557109
0.27811354650829384	0.3746583513935832	0.34722810209812305
0.2782735493939212	0.37468602896225256	0.34704042164382637
0.2767688185476556	0.37641669490624285	0.34681448654610164
0.2782312731046727	0.37428606495198063	0.34748266194334676
0.27752963506506817	0.37417646579102587	0.34829389914390607
0.2762887527458471	0.37537888706065725	0.34833236019349584
0.27733346651726565	0.3737683533135623	0.3488981801691722
0.27740319035880545	0.37513593095254494	0.34746087868864967
0.27638132901093665	0.37453000023699407	0.3490886707520694
0.27735791303554275	0.37612517040096977	0.34651691656348765
0.2761460498577081	0.37657829934806564	0.3472756507942264
0.2759923509525013	0.3754528436545215	0.34855480539297734
0.27659071635233534	0.3756798707696884	0.3477294128779764
0.27692006209788356	0.3739637100151557	0.34911622788696084
0.2764881577750603	0.3745165133441049	0.3489953288808349
0.2774824827845205	0.3759305436877461	0.3465869735277335
0.27805833784889517	0.3737697776061889	0.34817188454491604
0.27791469080648384	0.37453952282070235	0.34754578637281397
0.27745380910748846	0.37440306939626244	0.34814312149624915
0.2780703817400916	0.37397248210626854	0.34795713615364
0.2778419779255891	0.3749022193420268	0.3472558027323842
0.27714790665712774	0.37538463688583634	0.34746745645703603
0.2780400158482383	0.3742243140454275	0.3477356701063343
0.27653073546375534	0.3758318335024227	0.34763743103382205
0.27759923927810326	0.3749970442731476	0.34740371644874923
0.2777782692973726	0.3738421834049554	0.3483795472976722
0.2772997553104777	0.37480132491173423	0.3478989197777882
0.27609649925415114	0.37675903261459975	0.3471444681312492
0.27702751142126625	0.3739677504092724	0.3490047381694615
0.27672965562243385	0.37593583339201664	0.3473345109855496
0.2773479848648262	0.37587889172376426	0.34677312341140965
0.2779981588004097	0.37482181616221055	0.3471800250373799
0.27811148661083096	0.3739447216724819	0.34794379171668727
0.2769435961225164	0.3756327322967604	0.34742367158072324
0.27696942494809257	0.3749273760664792	0.3481031989854284
0.27813771698218076	0.3735037333929115	0.34835854962490787
0.27832287177444104	0.3748420556713698	0.34683507255418927
0.27778431260094866	0.3757077624409384	0.3465079249581131
0.2766657426465713	0.3753983562600583	0.3479359010933705
0.27701540948401204	0.37386728637464334	0.3491173041413448
0.2764307671928885	0.374718719763761	0.34885051304335063
0.2761970469687096	0.3751470351306649	0.3486559179006256
0.27695232917837176	0.3760937033996945	0.34695396742193385
0.277339094480863	0.3738119613395155	0.3488489441796216
0.2765330341702639	0.37615176589745913	0.34731519993227705
0.2777699192019856	0.3753402323919716	0.3468898484060428
0.27668809549338036	0.3746738864473145	0.34863801805930533
0.27652653296410645	0.37597368530379305	0.3474997817321006
0.27728187788400965	0.37444557507659304	0.3482725470393974
0.278267658915228	0.3741189065938862	0.34761343449088594
0.2772705833439817	0.37600276866745397	0.3467266479885644
0.2770755800641143	0.3747753599024273	0.3481490600334585
0.2764240649846812	0.3764457061214928	0.3471302288938261
0.27757866485761457	0.37416614276976246	0.3482551923726231
0.2768004215471709	0.3743382907081284	0.3488612877447008
0.27633884428286554	0.3749955721721144	0.34866558354502014
0.2775599509674967	0.3753023433058153	0.3471377057266881
0.27825810869931633	0.3735184241859532	0.3482234671147306
0.27766255910718785	0.37402362624481633	0.34831381464799593
0.2767190802732237	0.37435483004489906	0.3489260896818773
0.2756681167360674	0.3768336593791846	0.34749822388474816
0.27823120033287446	0.3740070120150187	0.34776178765210697
0.2759855418832228	0.3764205125456129	0.34759394557116446
0.2758445757970067	0.3757903557331301	0.3483650684698633
0.27752476022208405	0.3739688988552467	0.34850634092266936
0.27659062292120085	0.3761812659088373	0.34722811116996194
0.27632123537614456	0.37640039966769967	0.3472783649561559
0.27578734111771364	0.3752783928033516	0.3489342660789349
0.2780916514350782	0.37462533761003747	0.34728301095488445
0.27649094589579565	0.37511401247156234	0.3483950416326422
0.27579343079776325	0.37595355611372955	0.3482530130885073
0.2778425142914574	0.3740171096234938	0.3481403760850489
0.27720716026626546	0.3744426779131208	0.34835016182061385
0.2773034703010899	0.3760494843054574	0.34664704539345276
0.27664104323863664	0.376761012921267	0.3465979438400965
0.27627703725046415	0.3765703034007755	0.34715265934876044
0.2757709276437831	0.3756506422421736	0.34857843011404344
0.2779881974855977	0.3753644635672572	0.3466473389471452
0.2758955178292016	0.3753789345972216	0.34872554757357693
0.277167297453267	0.3745150395335515	0.34831766301318157
0.2771939643138755	0.3744915782056724	0.3483144574804522
0.2776299693975001	0.37512916448008665	0.34724086612241334
0.2777587918245708	0.3756324582988286	0.34660874987660073
0.2762462169645548	0.37585302424673744	0.34790075878870785
0.2769489011632783	0.3746137186412343	0.34843738019548753
0.27563860286914	0.3754053782414502	0.3489560188894099
0.2757343611786911	0.3758424086200215	0.34842323020128757
0.27699930018754054	0.37630860622419393	0.34669209358826564
0.2774722234841035	0.3746683648032547	0.3478594117126419
0.276382033247773	0.37692223048160317	0.34669573627062394
0.2773810713913895	0.3759356667729856	0.346683261835625
0.2778134734130599	0.3755194222307845	0.3466671043561557
0.27679524744209205	0.3745204211856978	0.3486843313722103
0.2770660937253442	0.3761271881247707	0.3468067181498853
0.2777099110503015	0.3751024003400497	0.3471876886096489
0.2775646654431213	0.373949389885744	0.3484859446711348
0.27650738055523383	0.3753292569366032	0.3481633625081631
0.277969218986736	0.37401779026194437	0.34801299075131975
0.2771939109712262	0.3758733999359583	0.3469326890928156
0.27761996599268846	0.3752633674802905	0.3471166665270211
0.2781670390848964	0.3749824922060107	0.34685046870909303
0.277135536106472	0.37623532507649793	0.34662913881703017
0.2771187474374108	0.37453905940047405	0.3483421931621153
0.2780266034245842	0.37386113306997226	0.3481122635054436
0.27693727176005384	0.3745951854348529	0.3484675428050934
0.27735363809672975	0.37393640089215596	0.3487099610111144
0.2756149078443868	0.3761721696265773	0.348212922529036
0.27809238718937834	0.37382577813018597	0.3480818346804358
0.27707303221428803	0.37391957160032124	0.34900739618539084
0.27659299449480146	0.37450714835671794	0.3488998571484807
0.27560129374819464	0.37641011004960845	0.3479885962021971
0.27645540243852007	0.37553120102816595	0.34801339653331403
0.2774883234886011	0.3739287012482918	0.3485829752631072
0.27669581968939316	0.3763702066999216	0.3469339736106853
0.2769546343868959	0.37434530674185035	0.3487000588712539
0.2768633222620076	0.3766144793353797	0.34652219840261284
0.27723074210203463	0.37479970317926276	0.3479695547187027
0.2779417695327173	0.3754245067933394	0.3466337236739434
0.27754010429196263	0.3739557712905617	0.34850412441747586
0.277306202687608	0.37371140149198734	0.3489823958204047
0.2757556868646468	0.3764820376901561	0.34776227544519717
0.2765929008092609	0.3764609834793853	0.3469461157113539
0.276071891838938	0.37652158518372997	0.3474065229773321
0.27723878442398847	0.37516274237769154	0.3475984731983201
0.2762683049477787	0.3762831190765095	0.3474485759757119
0.2778940447331828	0.3738960617143158	0.3482098935525016
0.27718124799278665	0.37500701100560235	0.3478117410016111
0.27591902292815107	0.37673483081726106	0.347346146254588
0.27661069384228665	0.37651251791213536	0.34687678824557816
0.2772257213662862	0.375508314751813	0.3472659638819009
0.27730509792951685	0.3754545113121883	0.347240390758295
0.27640517779767976	0.3760361855761424	0.347558636626178
0.2767722212468429	0.3763400832776277	0.34688769547552945
0.27645564126449595	0.3754706692722719	0.34807368946323225
0.27671427017926586	0.3760804167097455	0.34720531311098873
0.2765927065495106	0.376432141292555	0.3469751521579345
0.27619891696868426	0.3754742354466792	0.34832684758463667
0.2769835476849535	0.3762992338735373	0.3467172184415093
0.27667744505913566	0.37448387205246497	0.3488386828883995
0.2769226595932777	0.37590894131345076	0.34716839909327163
0.27648084551754953	0.37559712400721174	0.34792203047523884
0.2771144602769331	0.37631634056708774	0.34656919915597934
0.27803676456925946	0.3749684311349814	0.34699480429575924
0.2776525735537112	0.37469118942615925	0.34765623702012965
0.27610790093751714	0.375885875035798	0.34800622402668496
0.277909110707483	0.3745772619855272	0.3475136273069899
0.2779602715558646	0.37501384824730577	0.34702588019682973
0.27770485982375187	0.3748199004855267	0.3474752396907215
0.27737984505072527	0.3755921844746872	0.34702797047458767
0.2770763047791872	0.3764437735880819	0.346479921632731
0.27636892363804455	0.3766917648709015	0.34693931149105406
0.2755750733584346	0.3765829469991563	0.3478419796424092
0.27750268099910025	0.37509913527586725	0.3473981837250326
0.27615947233578464	0.3758282860371546	0.34801224162706085
0.2761596044293897	0.37479156954073883	0.3490488260298716
0.2760617723855312	0.3751755007872649	0.348762726827204
0.2778060258443253	0.3745151522904784	0.34767882186519644
0.27588590463824203	0.37638425193987635	0.3477298434218818
0.2757653977489632	0.37658077086532804	0.3476538313857089
0.27795896825583627	0.37479214692355195	0.3472488848206119
0.27725070347814235	0.37534542034565593	0.34740387617620183
0.2769638904832534	0.37591688738478557	0.3471192221319611
0.276853621194705	0.3748988851326646	0.34824749367263047
0.2779033906788411	0.374731868980128	0.347364740341031
0.27670833102941267	0.3742631599518721	0.34902850901871535
0.2763394445585441	0.37677963487007365	0.34688092057138237
0.2758535059691515	0.37600788779107075	0.3481386062397779
0.27796763047495165	0.3754018416453191	0.3466305278797293
0.2771910963188613	0.3736754703056735	0.3491334333754654
0.2756632374569512	0.37622170669412613	0.34811505584892277
0.2778244275487768	0.3755896837341463	0.3465858887170771
0.27578583064904627	0.37567194963518824	0.3485422197157656
0.2766122577160296	0.3763828588989829	0.34700488338498764
0.2759095263971163	0.37499545740407036	0.34909501619881345
0.2782929322492461	0.3739647222284851	0.3477423455222689
0.27684174943487694	0.3751556190812979	0.34800263148382526
0.2758764604658437	0.3753783917299014	0.348745147804255
0.2758634413802943	0.37640486101274967	0.3477316976069561
0.2758462604282228	0.37538085358226697	0.34877288598951034
0.27576662188634526	0.375142383579034	0.34909099453462084
0.2768396881356974	0.3759716123436322	0.3471886995206705
0.2777097593448825	0.37397877560620246	0.34831146504891514
0.2774405984459097	0.3745259570810052	0.3480334444730852
0.2775203372658317	0.3741622964432909	0.34831736629087756
0.27672061298724776	0.3764769537843544	0.34680243322839793
0.2762334550881283	0.3759894466557485	0.3477770982561233
0.2776793723359412	0.3754222848928458	0.3468983427712131
0.27819609589407107	0.3749985026691797	0.3468054014367493
0.2769344815923786	0.3760636249113081	0.3470018934963134
0.2777572389289764	0.37361724915639166	0.34862551191463204
0.27820306689410135	0.3748882890472557	0.346908644058643
0.27647944109113104	0.37539007086807524	0.34813048804079383
0.2762425083798543	0.37575145189898435	0.34800603972116145
0.2781170136369175	0.37370267321770767	0.34818031314537495
0.27643608227142613	0.37669748455895685	0.3468664331696171
0.27762577531101496	0.3743418755080001	0.348032349180985
0.27696801057518927	0.37526678948440445	0.3477651999404064
0.2764603786788603	0.3746610178489298	0.34887860347221
0.27643162987660685	0.3760335397803452	0.3475348303430481
0.27746618176838944	0.37561932551900384	0.3469144927126068
0.27777467535059286	0.3734241424771965	0.34880118217221073
0.2763881585714081	0.37526573085335374	0.3483461105752383
0.2771493650774296	0.3750564556858015	0.3477941792367691
0.276052382032606	0.37485970340031305	0.349087914567081
0.27650494559702754	0.37500413844453506	0.3484909159584375
0.276221614089111	0.3757982036109811	0.34798018229990807
0.2774033240569232	0.3760023794386649	0.34659429650441204
0.27681337613976686	0.3744850681021746	0.34870155575805867
0.2760028334039293	0.3753903980626846	0.34860676853338624
0.27805616255972393	0.3735677615715081	0.34837607586876806
0.277266758598835	0.37479918511705335	0.34793405628411184
0.2759022897351334	0.3765103729860576	0.3475873372788091
0.27740193946927655	0.3758012074089947	0.34679685312172887
0.2763941418369683	0.3754008947890609	0.34820496337397094
0.2756141049452013	0.3765257170973575	0.34786017795744134
0.2781080889938353	0.3747433500330542	0.3471485609731106
0.2770558972030213	0.3750130158859863	0.3479310869109925
0.27593750844783727	0.375936727416185	0.34812576413597784
0.275922710130682	0.375832374425609	0.3482449154437091
0.276589994204755	0.37479848711838054	0.34861151867686463
0.2776540968467907	0.37346565678077587	0.34888024637243353
0.276075471135963	0.3756272874898387	0.34829724137419843
0.27794429418879285	0.3746494584253402	0.34740624738586706
0.27702527041526454	0.3753150350851296	0.347659694499606
0.2764581861519778	0.37463731810454837	0.348904495743474
0.27566930546892915	0.375830440922964	0.34850025360810694
0.2763868186531756	0.3755038265414434	0.34810935480538113
0.27637490228175726	0.3759242908157793	0.3477008069024635
0.2775220882885	0.37436795044723464	0.3481099612642654
0.27582831566505606	0.37585332028969276	0.3483183640452513
0.27795355962687857	0.3749075291053416	0.34713891126777996
0.27709268659102754	0.3741567146162726	0.3487505987927
0.2761656250969804	0.3756722667944068	0.34816210810861287
0.27776687887185564	0.37450740765640844	0.3477257134717361
0.27608197686631647	0.37526045311930656	0.3486575700143771
0.2769539965163795	0.3750327480804338	0.34801325540318684
0.2771979142450337	0.37394658476141907	0.3488555009935474
0.27760027455186265	0.3736394703994434	0.3487602550486941
0.2780538477383645	0.37409948719557584	0.34784666506605977
0.27757084734928966	0.3749140751469557	0.34751507750375477
0.27664259292030563	0.37594395669329345	0.3474134503864011
0.2781840324909143	0.3736179271314812	0.3481980403776047
0.27717189170318446	0.3751123106065778	0.34771579769023786
0.27645014898957343	0.376377182591177	0.34717266841924965
0.27809276795815696	0.37479880478800337	0.3471084272538398
0.2770925146048621	0.3740616551132473	0.34884583028189076
0.27568030766578316	0.3767476417068376	0.34757205062737934
0.27702403608892023	0.37447966708453917	0.34849629682654076
0.2767149001871578	0.37622610422709274	0.34705899558574965
0.27755204730091343	0.3748671644759499	0.3475807882231367
0.27789998547600037	0.3736349796742767	0.348465034849723
0.2763951189325186	0.3751664313638183	0.3484384497036632
0.2759104009982513	0.3768850462131132	0.34720455278863566
0.27732124417408877	0.37600472458057216	0.3466740312453392
0.27601081657076376	0.37640051167465194	0.34758867175458447
0.2765033513451671	0.37534095339699314	0.3481556952578399
0.27599136975108396	0.3754543909681222	0.34855423928079393
0.27698091653301504	0.37415428060625555	0.3488648028607296
0.2765149246134479	0.37492551076103425	0.34855956462551796
0.27668311001312784	0.3752130220175709	0.3481038679693014
0.2783597796356826	0.37442314174809394	0.3472170786162236
0.2762174663731611	0.37623430183950496	0.34754823178733407
0.2770067322447199	0.3750023192441548	0.34799094851112544
0.27824668027582294	0.3752693351511773	0.3464839845729999
0.2769068906648745	0.3761546488274832	0.3469384605076425
0.27711029404064813	0.3762240263583807	0.3466656796009713
0.2776314225355096	0.37581784285749836	0.34655073460699215
0.2778751945495999	0.37529987387716884	0.34682493157323135
0.27831246854750125	0.3745439105488486	0.3471436209036503
0.27565785876315513	0.37525888921942896	0.349083252017416
0.27620693814830416	0.3752135070285584	0.34857955482313757
0.27674761027219275	0.3752412799984457	0.3480111097293617
0.2771373609968456	0.3740680959253471	0.34879454307780744
0.27567652221667194	0.37628010268208795	0.3480433751012402
0.27586047889215226	0.3751766427241716	0.34896287838367623
0.2761726704023916	0.37575100243008547	0.34807632716752307
0.2776359764049545	0.37453249417019435	0.34783152942485124
0.27767348593625557	0.3749294700270136	0.34739704403673094
0.2765401653193131	0.3753833211315986	0.3480765135490884
0.276663699623166	0.3755259752636632	0.3478103251131709
0.2781909638294123	0.3741266574384575	0.34768237873213026
0.27792710669550125	0.37461819151480097	0.34745470178969795
0.27659637357713396	0.37546513284761157	0.3479384935752546
0.27758742524342217	0.37589744519233276	0.34651512956424513
0.2765507487094623	0.37602233272783325	0.3474269185627046
0.277194532699059	0.375383744449987	0.3474217228509541
0.2765368695983947	0.37434976846527535	0.3491133619363301
0.2757794425987742	0.37684604299425845	0.3473745144069674
0.2773408654233171	0.37593141653771706	0.3467277180389659
0.27762349837112293	0.37507244111846294	0.34730406051041424
0.27823482064213667	0.37525119612215185	0.3465139832357116
0.27563723612221663	0.37557047984560893	0.34879228403217455
0.2764892577028266	0.37457222940017365	0.34893851289699984
0.27818163444548416	0.37456537501527526	0.3472529905392407
0.2779822172306416	0.37368772219616525	0.34833006057319327
0.27815750119929455	0.3743893558203396	0.34745314298036595
0.2771593824817495	0.3737328372736616	0.34910778024458905
0.2779518415212582	0.37417258422071076	0.34787557425803123
0.27614262187016864	0.37681178415826794	0.3470455939715635
0.27754721999898074	0.37390821475706865	0.3485445652439507
0.2772924194451409	0.37490084301254256	0.3478067375423167
0.27704751184144605	0.375152413906489	0.34780007425206505
0.2768146908153247	0.37461773451490765	0.3485675746697678
0.2768977731358228	0.375338931831551	0.3477632950326263
0.27758187510901045	0.3742617558001153	0.3481563690908744
0.2764785880992433	0.3752370353560612	0.3482843765446957
0.2766984789906788	0.3751676739588276	0.34813384705049377
0.2770641974426283	0.3742503743913461	0.3486854281660257
0.27626069084718646	0.3752860791229101	0.3484532300299035
0.2782809230062153	0.37494248803129826	0.34677658896248653
0.27782923859631403	0.3745598302841218	0.34761093111956426
0.27741121483812314	0.37444985863075236	0.3481389265311246
0.2761095366507511	0.3764880459572237	0.3474024173920254
0.27817166875243116	0.37471431250035014	0.3471140187472188
0.2780620866139498	0.3749273138289264	0.3470105995571239
0.27704342888178224	0.37563134846970536	0.3473252226485125
0.27788655598541967	0.37394911993383034	0.34816432408075015
0.27814768521025857	0.37405156212158625	0.3478007526681553
0.2757309665681492	0.376388930280681	0.3478801031511699
0.2761820468006511	0.37657783409003137	0.3472401191093176
0.27734047792324623	0.3745856128122883	0.3480739092644656
0.276282934858423	0.3757562438813776	0.34796082126019956
0.2773943316796723	0.37582620363568425	0.3467794646846436
0.2770834345334235	0.37591092433987705	0.34700564112669957
0.27712273172076074	0.37625009067105575	0.3466271776081837
0.2757763876638961	0.37588910430985334	0.3483345080262506
0.27780305817609113	0.37426774326236717	0.3479291985615418
0.2762297852644341	0.3750785458008399	0.34869166893472614
0.27778882227673296	0.37387859371416066	0.3483325840091065
0.2760458714470597	0.37681383076876285	0.34714029778417754
0.277050041074086	0.3755021319992117	0.34744782692670245
0.2757754653972808	0.37626563572400246	0.34795889887871684
0.2757984064362003	0.3761533671951273	0.3480482263686725
0.2772326701400872	0.3737823259036755	0.34898500395623744
0.2759768690199778	0.37568006549036714	0.34834306548965516
0.2770396368169029	0.37604470317969596	0.34691566000340124
0.2782654684275191	0.3740405576400766	0.34769397393240437
0.2771706964216797	0.3756364984860715	0.3471928050922489
0.2774791738985473	0.37523867416053364	0.34728215194091916
0.27823793782901807	0.3735251922226487	0.34823686994833336
0.27740296541780773	0.3746730910117232	0.34792394357046924
0.27695794264324397	0.375490893768625	0.34755116358813115
0.27609530820238815	0.3760576092207396	0.34784708257687236
0.27722429330199555	0.37539409114287825	0.3473816155551263
0.2769292550766144	0.37499772486795163	0.3480730200554341
0.27696857555271576	0.3758193087175141	0.34721211572977023
0.2757878296518259	0.37556799705354144	0.34864417329463276
0.27602180235568685	0.37651836607056366	0.3474598315737496
0.2775996687866273	0.3740992162906526	0.34830111492272026
0.27727072878347475	0.37438278296454197	0.3483464882519834
0.2767923222499581	0.37433766157349446	0.3488700161765475
0.2762516812398039	0.3762280355204365	0.3475202832397597
0.27647428318440115	0.3745520112632072	0.34897370555239177
0.2776793614801524	0.37563335388751606	0.3466872846323317
0.27679042141205945	0.3764438977833059	0.34676568080463477
0.27623128582066686	0.37614343708443015	0.3476252770949031
0.27656651338399973	0.37474805447143883	0.3486854321445616
0.2758701434462397	0.3766023812824209	0.3475274752713395
0.2761472962579415	0.37506305052173805	0.3487896532203206
0.27655487086302005	0.3763088985955702	0.34713623054140985
0.27729469937315177	0.37517241402984247	0.3475328865970058
0.27575854045417497	0.37646367578434914	0.34777778376147606
0.2777622844683741	0.3757220217580669	0.3465156937735591
0.27626169304303605	0.3747832789035977	0.34895502805336637
0.27658887517153274	0.37546134333033654	0.34794978149813083
0.2778129164104719	0.37473612312319105	0.34745096046633717
0.27620947714090344	0.3758656754569839	0.34792484740211277
0.27636040822538316	0.3748756273500745	0.3487639644245425
0.2773664343779809	0.37482726583133386	0.34780629979068534
0.2770363031867995	0.3749124065970588	0.34805129021614173
0.2776236513664446	0.3741600369510261	0.3482163116825294
0.276552784326697	0.37651542014975925	0.3469317955235439
0.2759308073922684	0.37686346132848125	0.3472057312792505
0.27751927092240614	0.3751645361754816	0.34731619290211235
0.2773282976388795	0.3753446252551798	0.3473270771059408
0.27598833545681534	0.3750910063752344	0.3489206581679504
0.2782056102377433	0.3738599256866447	0.34793446407561207
0.27823040424000123	0.3738373044613569	0.34793229129864195
0.27725340247104047	0.374663221403675	0.3480833761252847
0.27835008572816244	0.37493850812919594	0.34671140614264173
0.27824990683467243	0.3745442147338538	0.3472058784314739
0.27737662037479216	0.37407400778781397	0.348549371837394
0.2769658541637694	0.37621554417455827	0.3468186016616725
0.27663812468714805	0.37487699687908144	0.34848487843377063
0.2778688315850454	0.3737430667929235	0.3483881016220312
0.2770068137928457	0.3760058493655021	0.34698733684165234
0.27650347953370313	0.37693099791269674	0.3465655225536002
0.2775346152165866	0.3756210374038009	0.3468443473796126
0.2774705146846425	0.3747719653498556	0.34775751996550197
0.2775127454365941	0.3753177361925431	0.3471695183708629
0.27703188986678734	0.3742456784692923	0.3487224316639205
0.27693165370377365	0.3745908762754218	0.34847747002080465
0.27625510147989435	0.37684595837931933	0.3468989401407864
0.2760692620920574	0.37620748095559736	0.34772325695234535
0.2765627620634972	0.375090851151391	0.3483463867851119
0.27780293767117936	0.3748791704867961	0.34731789184202466
0.27641412498059614	0.37589882910162886	0.34768704591777505
0.27706592746201597	0.37428225180322855	0.34865182073475565
0.2755879665122563	0.375802459636885	0.3486095738508588
0.27792355503225585	0.3737557751535761	0.34832066981416815
0.2781656744899098	0.3749289618781251	0.3469053636319652
0.27642400146478985	0.37619992105744393	0.34737607747776633
0.2766084366083976	0.3752348678928369	0.34815669549876554
0.27807089828342463	0.37489879656214936	0.3470303051544261
0.2765579059213165	0.37497322968606245	0.34846886439262115
0.275939319413257	0.3763473597461083	0.34771332084063483
0.27669778644486653	0.3746820149825779	0.34862019857255566
0.27671334500950145	0.3748652997812315	0.3484213552092671
0.2778624023903552	0.3741916665614103	0.3479459310482347
0.27682031333729007	0.3743198303209313	0.34885985634177874
0.27628167893377836	0.3751471796276311	0.3485711414385907
0.2769025647294976	0.37438947880115037	0.3487079564693521
0.2761809305868218	0.3747239505962998	0.3490951188168785
0.27758771210653566	0.37516022118520853	0.3472520667082559
0.2780705553137091	0.3742536096791514	0.3476758350071396
0.2782622155238596	0.3746711660951967	0.3470666183809438
0.27631662640036964	0.3763291652132466	0.34735420838638387
0.2758067812871548	0.37672821615052854	0.34746500256231677
0.27661335637399864	0.37682935928504524	0.34655728434095623
0.2782322113319948	0.37473895692172976	0.3470288317462755
0.27656166079281874	0.3749726858533551	0.3484656533538263
0.2772316432980997	0.37574931225068015	0.3470190444512203
0.2775256925624135	0.37453244151951237	0.34794186591807424
0.27729271782320863	0.374316272024412	0.3483910101523795
0.27743764127503634	0.37440307863700323	0.34815928008796054
0.27787927176927046	0.37392088789833466	0.348199840332395
0.2758443074768424	0.37647784797519035	0.34767784454796735
0.27713397898269526	0.3747813740868364	0.3480846469304684
0.27667581395340746	0.3762045704061388	0.3471196156404538
0.2775322603397544	0.3759555349158	0.34651220474444566
0.2781868489864902	0.37407740141663093	0.347735749596879
0.2775239605790064	0.3745002009386785	0.3479758384823152
0.27771191476342794	0.3744915143584726	0.34779657087809956
0.27702286429581247	0.374245132931866	0.34873200277232164
0.2780358114768018	0.3751787686369061	0.3467854198862923
0.27602733479736863	0.3761872905571924	0.3477853746454391
0.27646023285815957	0.3745125484048536	0.3490272187369869
0.27829523550272744	0.37503279012826074	0.3466719743690119
0.2780118415480157	0.3744333973752418	0.3475547610767426
0.27603250430112397	0.37540771143377627	0.34855978426509987
0.2755762202675415	0.3763724954730591	0.34805128425939946
0.2774677671557327	0.3734758394270921	0.3490563934171753
0.2767400591427015	0.3741410246080926	0.349118916249206
0.2778625026743861	0.3745855113686679	0.3475519859569461
0.27783962231170883	0.3756717369802019	0.3464886407080894
0.2766260419255052	0.3767500145944496	0.34662394348004527
0.2760614110409497	0.3759893745020258	0.34794921445702465
0.2776288276882243	0.3748089844348558	0.34756218787692006
0.2775570359567007	0.37395109403048665	0.34849187001281273
0.27574935193372235	0.37566688527815123	0.3485837627881265
0.276579549339314	0.37576674247179853	0.3476537081888876
0.27832913178398744	0.37406513585969464	0.34760573235631803
0.2775696684889529	0.37537753109245087	0.3470528004185964
0.27826213500976094	0.37393540460133234	0.34780246038890683
0.2768215412945164	0.37588257069627096	0.34729588800921274
0.27797991182540466	0.3738243688312913	0.3481957193433042
0.27816371250264327	0.37504869777018035	0.3467875897271765
0.27807268441638405	0.37537729930364416	0.34655001627997195
0.2777311932659161	0.3754857575078316	0.3467830492262524
0.2773867325533488	0.37531682677480566	0.3472964406718457
0.27584186738218225	0.37570226236123816	0.3484558702565797
0.2778725348227475	0.37467380947990364	0.347453655697349
0.2755925271971994	0.3754118375788573	0.3489956352239434
0.2759394692764429	0.37585132609308985	0.3482092046304674
0.277911430036969	0.3739062545088197	0.3481823154542114
0.2771207372568014	0.37382528749275223	0.34905397525044646
0.2781598755692988	0.37474397391873604	0.34709615051196524
0.277207873102701	0.375789191891375	0.3470029350059241
0.276690471353334	0.37669672391149295	0.3466128047351731
0.2768766037098792	0.3741963842887325	0.34892701200138837
0.27814205596153685	0.3734517362889244	0.34840620774953884
0.27788326906605326	0.3736598914389824	0.3484568394949644
0.27724346473129047	0.3762360703506952	0.34652046491801447
0.2760317956133678	0.3762410830773559	0.34772712130927635
0.27723820083529427	0.37502355616176003	0.3477382430029458
0.27772309932794637	0.3734133101607861	0.34886359051126764
0.27651575751308394	0.3750739642510826	0.3484102782358336
0.2769184085329196	0.37507677635016906	0.34800481511691145
0.2772434395677937	0.3752032799710396	0.3475532804611669
0.27752421459381577	0.37353381216666526	0.3489419732395191
0.2779346920870389	0.3738383388504117	0.3482269690625495
0.27699335913230066	0.3738714387671351	0.34913520210056437
0.27807236631092025	0.37417529585939724	0.3477523378296826
0.2781978539472605	0.3753106693538673	0.3464914766988723
0.2773821885576992	0.3754347622628114	0.3471830491794895
0.27658418235227933	0.3754590814093174	0.3479567362384034
0.27787564806836573	0.37498028880959294	0.34714406312204144
0.27748137385088745	0.37426864663526915	0.3482499795138435
0.2777409938211605	0.3752548140214641	0.34700419215737544
0.2770057033443595	0.3760398208522183	0.34695447580342237
0.2766337630033123	0.3751828577395018	0.348183379257186
0.27679889625162507	0.37608377067060195	0.34711733307777315
0.27691222022923406	0.3748098471584559	0.34827793261231016
0.27821753124147147	0.3740018052744285	0.34778066348410014
0.27741247314529177	0.37516519505538215	0.34742233179932624
0.27745361543780667	0.3740179311327439	0.3485284534294496
0.2766442863553146	0.37502103278202625	0.3483346808626593
0.27652937245195075	0.3756375331290868	0.3478330944189626
0.27576049533074	0.3751415209703449	0.3490979836989152
0.2771071201662945	0.37611059906321204	0.34678228077049356
0.2764021117449588	0.3753738780274075	0.3482240102276338
0.2774763873555268	0.3742577693774988	0.3482658432669745
0.2776504244034956	0.3735933830148898	0.3487561925816147
0.2768055005149981	0.37598171006133146	0.3472127894236705
0.27708068466644914	0.3756005830992327	0.34731873223431825
0.27696857622662535	0.37583722605042363	0.3471941977229511
0.27729616882865316	0.3743515391869563	0.34835229198439066
0.2765585631778804	0.375887496747021	0.3475539400750987
0.27773044160042	0.37369282674966764	0.3485767316499125
0.2769090523902156	0.37543120958839216	0.34765973802139233
0.2776726752414149	0.37407885400423846	0.3482484707543468
0.27778958413251503	0.3746807687140862	0.3475296471533989
0.27698251595765055	0.3763354293761911	0.3466820546661585
0.2762802813068422	0.3752756365674653	0.34844408212569256
0.27815737000849183	0.37417294345878954	0.34766968653271874
0.2781113768409484	0.3741494533618357	0.34773916979721603
0.2778601133334526	0.37356650343364906	0.34857338323289844
0.2763870179617029	0.37681192377310796	0.34680105826518925
0.27746983428195837	0.37345674001326296	0.3490734257047788
0.27662294875693494	0.37556296628141056	0.3478140849616546
0.2766420244375709	0.3760450763520705	0.3473128992103587
0.27740538155391864	0.37527754145896725	0.3473170769871142
0.27736960293809615	0.37464721643456816	0.34798318062733585
0.2774296065955436	0.37546343301870766	0.34710696038574884
0.27762566682940243	0.3754897127703963	0.3468846204002014
0.2763066417558396	0.37498870577810467	0.34870465246605586
0.2769209603867664	0.3754163022145677	0.3476627373986661
0.2773528431232117	0.3741381018799188	0.3485090549968696
0.27731812770589914	0.3751804120928546	0.34750146020124645
0.2762316146141067	0.3762030643094646	0.3475653210764288
0.2765849759337969	0.3743314518254911	0.3490835722407121
0.27620602165732877	0.37684134762022703	0.3469526307224443
0.2771538616818375	0.3747856977924445	0.3480604405257181
0.27736837798718933	0.3736092063698553	0.34902241564295555
0.27696520220964393	0.3751151625522382	0.3479196352381179
0.2772588413584207	0.374712266209316	0.34802889243226337
0.27655239249852276	0.3761734804582558	0.3472741270432215
0.27778496161551025	0.3737431071527786	0.3484719312317112
0.27640234063651425	0.37624317161574794	0.3473544877477379
0.27750750300962873	0.37585127345538616	0.3466412235349852
0.2768218581786903	0.37613617301237257	0.3470419688089373
0.2778625474511711	0.37459933290222125	0.34753811964660775
0.2763829673020386	0.37542656051241924	0.3481904721855422
0.2765257006632296	0.3754773419035651	0.3479969574332054
0.27742832693387676	0.3738835037819781	0.34868816928414526
0.2764239266209074	0.37560540403351106	0.34797066934558163
0.275612717179879	0.3753198272313598	0.3490674555887613
0.27743517227679415	0.3745443690194736	0.3480204587037324
0.275713724005271	0.3762834436771924	0.3480028323175367
0.27655646806195167	0.37639300158225947	0.347050530355789
0.2770062710408251	0.37476872001708356	0.34822500894209146
0.2782667010935718	0.37513237445355213	0.34660092445287616
0.27696565050152433	0.373945690661694	0.3490886588367818
0.2772042957678916	0.37429674012736847	0.34849896410474007
0.2763552794023447	0.3759671770773834	0.34767754352027197
0.27788893886288013	0.37403866437170585	0.3480723967654141
0.2775139681478614	0.37432231353600265	0.34816371831613613
0.27834031565203354	0.375068779158188	0.34659090518977864
0.27757639828108227	0.3739894689624015	0.34843413275651636
0.2778772124569113	0.3735650470962928	0.348557740446796
0.2760577254613784	0.37493682937015865	0.34900544516846305
0.2779827135759045	0.37483478860671954	0.34718249781737615
0.27772050246952396	0.37545038254298746	0.34682911498748864
0.2772602953056041	0.37463733720184683	0.3481023674925492
0.27645644902495414	0.37643290520006667	0.34711064577497935
0.2773028642430062	0.37616165507876786	0.3465354806782261
0.27715929688684005	0.3748205417558602	0.34802016135729985
0.27789145244765023	0.3736302982060511	0.3484782493462988
0.27569703804107354	0.3762645046437262	0.34803845731520033
0.27594963996746513	0.3753056892661831	0.34874467076635196
0.27577856064045675	0.37572082091862913	0.34850061844091423
0.2762986281848813	0.3749158941529717	0.34878547766214707
0.2778478627804701	0.37416881121276185	0.3479833260067682
0.27612110407717855	0.3757892257594392	0.3480896701633824
0.27601933396888356	0.3763275554228674	0.3476531106082492
0.278018046672208	0.37461226817584203	0.3473696851519501
0.2774312350203838	0.3745119633741875	0.3480568016054288
0.2775208990999757	0.3740975478192728	0.34838155308075164
0.27739266789194916	0.37590382569090225	0.3467035064171487
0.27582596279456817	0.3757343520298184	0.3484396851756135
0.27580154402835483	0.3759171175652684	0.3482813384063769
0.27608353698799476	0.3765359517511268	0.34738051126087854
0.2773300711750278	0.37561042721787846	0.34705950160709387
0.276918914785502	0.3750934992361601	0.347987585978338
0.2775468637119675	0.37480745791217923	0.34764567837585336
0.2775209979341456	0.3754588508193736	0.34702015124648095
0.276460624541508	0.37448588643719505	0.34905348902129707
0.27594003413367313	0.3758348739607538	0.34822509190557316
0.27699685925538053	0.3760286866118873	0.34697445413273226
0.2761479310423722	0.3767788536660838	0.3470732152915441
0.27773482533037763	0.37439445817389416	0.3478707164957283
0.2761905471331362	0.3761904820382144	0.34761897082864956
0.2777447421328661	0.3746454649284865	0.3476097929386475
0.27702677791769903	0.37622579358836583	0.34674742849393525
0.2780744450493202	0.3739527235754724	0.34797283137520746
0.27677794906853703	0.37578892745715686	0.3474331234743062
0.2779044095485994	0.3755213860052454	0.34657420444615533
0.2765203519071169	0.3749381108697366	0.34854153722314657
0.2762116102587676	0.37631167194745385	0.3474767177937787
0.27825626927044916	0.37377454118009645	0.3479691895494545
0.27656944468008926	0.37635369659300016	0.3470768587269107
0.2764594548174787	0.3763605819105653	0.3471799632719561
0.27754668600754806	0.37545467447021597	0.3469986395222361
0.2778900978381087	0.3751689248341186	0.3469409773277728
0.27825123044197986	0.3743512493596648	0.34739752019835546
0.27645745375101966	0.37490020397947577	0.3486423422695047
0.2765096241154866	0.3757055007093072	0.34778487517520634
0.27629157283759076	0.37613221099853533	0.3475762161638741
0.2772804525501923	0.37459586257198774	0.3481236848778201
0.2779816839453555	0.37517548524643496	0.34684283080820966
0.2781900901929195	0.37486081964717166	0.34694909015990893
0.2763784966201473	0.37561763785313046	0.34800386552672236
0.2775911667091584	0.3756384671006038	0.34677036619023793
0.27774978688865287	0.374998319341767	0.34725189376958027
0.277613776935189	0.37501825890935	0.34736796415546106
0.27607366142281087	0.3758459901843714	0.3480803483928178
0.27735501073177155	0.3742800833268814	0.34836490594134717
0.27696132337492263	0.3748321506469213	0.3482065259781561
0.2758629495726429	0.37595745825748744	0.34817959216986977
0.27664435889462197	0.37571467910044165	0.3476409620049365
0.277280567679868	0.37449127124718107	0.34822816107295107
0.27685457600419516	0.3763699834372892	0.3467754405585157
0.27562712473451306	0.3756478455259909	0.34872502973949615
0.27628590323975244	0.37457910205416695	0.3491349947060807
0.276005493529736	0.37655225229752787	0.3474422541727362
0.27678503764310364	0.37648748408494964	0.34672747827194683
0.277303438926715	0.3752466871970683	0.34744987387621684
0.2772615223015819	0.3757086440162659	0.3470298336821523
0.27674208343488216	0.37586285006144493	0.347395066503673
0.27650611915457324	0.3755994132332808	0.34789446761214615
0.27706107263129465	0.37604076792916546	0.34689815943954005
0.27751531476258406	0.37571989585601845	0.3467647893813976
0.27712438257536887	0.3758440538204981	0.3470315636041331
0.27725632189238614	0.374309621280427	0.348434056827187
0.27833489632042685	0.3748326500093725	0.3468324536702008
0.2775433914446705	0.37436932764002906	0.3480872809153006
0.2773737726539778	0.37432929334423803	0.3482969340017843
0.2762726510205777	0.37544564594959656	0.34828170302982586
0.2766015671062905	0.3767528531091357	0.3466455797845739
0.2771403904193024	0.37434213625903295	0.3485174733216648
0.2771992504184883	0.3743199316699441	0.34848081791156765
0.27767051478242494	0.3735679424840335	0.34876154273354165
0.27620804169211327	0.3760230319545401	0.3477689263533468
0.27632122588640395	0.37518461151771454	0.3484941625958816
0.2774461656888324	0.3758447778410704	0.3467090564700973
0.2773604816351193	0.3753840296996614	0.34725548866521944
0.2766212213150476	0.3768093070629994	0.34656947162195306
0.275865835581663	0.37582130256157376	0.3483128618567634
0.27760584851224906	0.37523911407657806	0.347155037411173
0.2772995149852487	0.3749134729991648	0.34778701201558665
0.27746980083657663	0.37358552293754305	0.34894467622588043
0.2778961515996929	0.37493091807550094	0.3471729303248063
0.27724843618032874	0.3751029466910618	0.34764861712860956
0.2774068874727546	0.3735824177072473	0.3490106948199982
0.2771933031280722	0.37422156861631345	0.34858512825561444
0.2767207922157214	0.37572634814996153	0.3475528596343172
0.27582259084938654	0.3752533140687827	0.34892409508183087
0.2782620696822264	0.3746826859790515	0.3470552443387222
0.2757056505774865	0.3767505089781091	0.34754384044440445
0.2766247405928739	0.3756727003593779	0.3477025590477483
0.27755034793127514	0.3743182634800335	0.34813138858869147
