0.35002373692924355	0.4020194550971725	0.24795680797358405
0.3494389005872732	0.4007492627353053	0.24981183667742152
0.3506314870002078	0.4003728474247938	0.24899566557499853
0.35134559053583525	0.4002837060814089	0.24837070338275596
0.34919672097741444	0.40149849380334324	0.2493047852192424
0.34909036396280324	0.4026637647819266	0.24824587125527028
0.34924962629049255	0.4008350372881757	0.24991533642133185
0.3510326038319987	0.3999229801187093	0.24904441604929212
0.3490017363406046	0.4026318828265286	0.2483663808328669
0.34916871458376164	0.4017870889305905	0.24904419648564796
0.34977933496713176	0.4000634333383225	0.25015723169454585
0.350178263121505	0.40280523764523113	0.24701649923326396
0.3503127512981929	0.4031472914224485	0.2465399572793587
0.35061217522309357	0.4006677283828318	0.2487200963940747
0.3502064525573693	0.4025315569939798	0.247261990448651
0.34921428165926	0.4033600360549342	0.24742568228580597
0.3502302850328465	0.4004439713063787	0.24932574366077492
0.34997490300737477	0.40286640097532905	0.2471586960172963
0.350907334276926	0.4004490083023951	0.24864365742067898
0.34936459228461564	0.4030496554717126	0.24758575224367185
0.351266183303922	0.401315881312029	0.2474179353840491
0.3495702329381326	0.40128264847796885	0.24914711858389865
0.3499487981388493	0.4028111310495006	0.24724007081165017
0.34926573164731634	0.40207720624279186	0.2486570621098919
0.34939041998960685	0.402229123629515	0.2483804563808782
0.35010286965992315	0.4031412873715814	0.24675584296849556
0.34967371038122697	0.40337978395622265	0.24694650566255047
0.3498348985656787	0.40357398589106835	0.24659111554325308
0.3493223433538714	0.4027880750841516	0.24788958156197707
0.35011075077276044	0.4021713884585113	0.24771786076872837
0.3513479686621612	0.4014592375299532	0.24719279380788567
0.3494576329584501	0.4024581911355039	0.2480841759060461
0.3510539042656959	0.4009643807969813	0.24798171493732288
0.3505010746938813	0.40180524346439933	0.24769368184171947
0.34917698104749206	0.40149193990595716	0.24933107904655089
0.34990221643540376	0.4027019772209625	0.24739580634363384
0.3508119604691607	0.40139575335237926	0.24779228617846016
0.3504626591713771	0.40028994043550087	0.24924740039312215
0.35009528835545395	0.40094854932852725	0.24895616231601891
0.35075576456430524	0.4020615169412851	0.24718271849440973
0.3510710465463087	0.3999152593219415	0.2490136941317499
0.3493183626269311	0.4036887113148664	0.2469929260582026
0.3499217102579605	0.4023352378307778	0.24774305191126184
0.3506135677772056	0.40008186580494126	0.24930456641785326
0.3506663992785044	0.401817832985235	0.24751576773626072
0.3503621409416135	0.40028683472060445	0.24935102433778217
0.3492394094754004	0.4024928206070509	0.24826776991754884
0.350636103745113	0.40021798732415514	0.24914590893073196
0.3509293991970606	0.4016436988111378	0.24742690199180167
0.34904762523720695	0.40165913559774863	0.2492932391650445
0.35097684386511796	0.40093430356747456	0.2480888525674076
0.3498790089265892	0.4030916159151647	0.24702937515824624
0.35123550283624716	0.40109997583947216	0.24766452132428077
0.350477968924019	0.4009859714057108	0.24853605967027032
0.3510479122661098	0.40223616748255553	0.24671592025133476
0.3507599638134573	0.40271744687547645	0.24652258931106638
0.3509452320562498	0.40184285906515405	0.2472119088785963
0.35007863379202736	0.4006792910341933	0.24924207517377941
0.34916156147972505	0.4025880960994016	0.24825034242087343
0.34945167715981007	0.40169368108037834	0.2488546417598117
0.3508907157485721	0.401708543184776	0.247400741066652
0.34958558697692815	0.4007047819674797	0.2497096310555923
0.34984844912392865	0.40298721987855207	0.2471643309975194
0.34912090112654076	0.4020593000866338	0.24881979878682556
0.35013687233129825	0.4034100882079031	0.24645303946079877
0.34950305081936345	0.40119848830497	0.2492984608756666
0.35017708113826784	0.40248938922460836	0.2473335296371239
0.34939273112924824	0.4020841842117795	0.24852308465897238
0.35089378097583973	0.39974116026827533	0.24936505875588508
0.3498402411518921	0.4007194731744769	0.24944028567363113
0.349293116846938	0.4015207813537909	0.24918610179927125
0.34896343187607015	0.4030825615450964	0.2479540065788335
0.3511916206130065	0.40107230211458533	0.24773607727240826
0.35112957649433874	0.4010442725456121	0.2478261509600493
0.3506106883211494	0.3998619092577053	0.2495274024211454
0.34900805686923536	0.40123263866122494	0.24975930446953976
0.35064019919392747	0.4028047402145099	0.24655506059156274
0.34926454034687604	0.4024170439144692	0.24831841573865482
0.3497827222042946	0.4033197353572247	0.24689754243848078
0.3495491577711683	0.4025933062408041	0.24785753598802773
0.349761067149278	0.4018049691262922	0.24843396372442994
0.3493209730214671	0.4017086976726582	0.24897032930587482
0.3497683908299576	0.40354574210119876	0.24668586706884377
0.35044088655617783	0.4008536284249362	0.24870548501888612
0.3504583154210232	0.40187199781589555	0.2476696867630814
0.3510748951335776	0.4021225776510039	0.24680252721541862
0.34926015952828143	0.4034121880052241	0.24732765246649463
0.35005769663644576	0.401915327619106	0.24802697574444837
0.34985318846980995	0.40368893616370644	0.24645787536648373
0.3508412764049049	0.4008956377338063	0.2482630858612889
0.3508856347240254	0.40214697755734613	0.24696738771862858
0.351048900662495	0.40212718986524393	0.2468239094722612
0.350836408107022	0.4012924965017064	0.24787109539127175
0.35123088282502396	0.4021321634118816	0.24663695376309458
0.3513386767224784	0.4015790933659712	0.2470822299115505
0.3510084176656406	0.4001913099247876	0.2488002724095719
0.34998060970469747	0.4029727077181884	0.24704668257711426
0.3508442410630639	0.4020471259718911	0.24710863296504515
0.34973232854560554	0.40163877601514664	0.24862889543924793
0.3503680329600821	0.4020482273059777	0.24758373973394032
0.351101017129112	0.40203865771529107	0.24686032515559703
0.3497887005998509	0.40026146188794515	0.24994983751220406
0.34893842436299355	0.4029313363125817	0.24813023932442488
0.35023278060767304	0.40290464513970553	0.2468625742526215
0.3498405358559322	0.4017342702468151	0.24842519389725282
0.3493869327780639	0.4014656567807565	0.24914741044117975
0.3493270553131797	0.4023565794449618	0.24831636524185863
0.35077033129174734	0.4009426620468909	0.24828700666136191
0.34896743513433154	0.4009677073467863	0.2500648575188823
0.34894251794528797	0.40360769924435946	0.24744978281035274
0.3504851863153715	0.40010263218069986	0.24941218150392874
0.3511405489221905	0.40035809208354123	0.24850135899426834
0.35036453628563513	0.4000265237317492	0.2496089399826158
0.3507241916591313	0.4023765233926413	0.24689928494822747
0.3490507903022575	0.40123180118507906	0.24971740851266355
0.3499522768994015	0.40166130240975567	0.24838642069084294
0.3497326814024926	0.40324771298940587	0.2470196056081017
0.3508905210586252	0.4017414267303457	0.24736805221102917
0.35024489853325713	0.40303055241017516	0.24672454905656785
0.35079372647135054	0.3998557497784866	0.24935052375016292
0.3489320309500801	0.4021693143902094	0.24889865465971062
0.349861188068441	0.40118856970491634	0.24895024222664275
0.3507305509013375	0.400680589380613	0.24858885971804962
0.3499983866714139	0.40090946750460044	0.2490921458239857
0.35011306353624466	0.4032200195023249	0.2466669169614305
0.3501389949254306	0.4006540002852931	0.2492070047892765
0.34895875170278884	0.40184109162768233	0.2492001566695289
0.34936368896856057	0.40327698698802605	0.2473593240434135
0.3495163336297431	0.40284848461436107	0.24763518175589594
0.350862841377784	0.4011209389248833	0.24801621969733276
0.3503310276372787	0.39985302230414455	0.24981595005857687
0.34903502430494104	0.4018051405619788	0.2491598351330802
0.34988255090979814	0.4023519330647212	0.24776551602548078
0.3505114138846012	0.40251050201407707	0.2469780841013218
0.3495044523448088	0.40035768533884175	0.25013786231634955
0.34916744954149875	0.4033940150313151	0.24743853542718625
0.350939845203466	0.3997251706574193	0.2493349841391148
0.34913916727526034	0.4022565648170469	0.24860426790769286
0.35006067442051836	0.39988373019544626	0.2500555953840355
0.3497403321348712	0.402056595391902	0.24820307247322687
0.3505765342536259	0.40155347427023	0.24786999147614425
0.3507296949735962	0.40146918203354637	0.24780112299285756
0.35013895336754225	0.4028881207378906	0.24697292589456726
0.3507656707683826	0.401072724157622	0.24816160507399548
0.35108901623203953	0.40155493868544956	0.24735604508251108
0.35060401589910006	0.3996830816688075	0.24971290243209254
0.3512192228941536	0.40003005895006	0.24875071815578653
0.3493278920822426	0.4032819712976991	0.2473901366200584
0.34966096738322133	0.40366033812880675	0.24667869448797203
0.34923082313832104	0.4015476575743117	0.24922151928736735
0.3492567950277305	0.4016033569232662	0.24913984804900347
0.3499033132603884	0.40051610523870584	0.24958058150090584
0.3496611101921504	0.40165871266863473	0.24868017713921498
0.3500045831397832	0.40239964033293385	0.24759577652728298
0.34893320582124393	0.4020031533779631	0.24906364080079313
0.35021624932206297	0.40236856777570607	0.24741518290223105
0.3507961203677478	0.4026346992529152	0.24656918037933712
0.3502477739585744	0.4018356684380368	0.2479165576033889
0.3505515890997039	0.39981024790790476	0.24963816299239147
0.34898603903597764	0.4035746335996307	0.24743932736439175
0.34930481575262734	0.40287304814377584	0.247822136103597
0.35064743146277133	0.4007918999226805	0.2485606686145483
0.3500071301421467	0.4033503203101207	0.24664254954773276
0.34938912694742924	0.4021967124007697	0.2484141606518012
0.3501462910387617	0.40010573344894523	0.24974797551229322
0.3512665271885586	0.40218785673779744	0.24654561607364406
0.3498699817681262	0.4006091724184195	0.2495208458134544
0.3495316520990418	0.4030279742932777	0.24744037360768065
0.35127145347066485	0.4018449547728579	0.24688359175647734
0.3496369326192456	0.40257796794071354	0.24778509944004096
0.3496229896727747	0.4037454241563921	0.2466315861708333
0.3503933812281303	0.4003514554094867	0.24925516336238315
0.34968244733951714	0.40039187586411923	0.2499256767963637
0.350612640499888	0.40075372400464837	0.24863363549546375
0.3494571217610651	0.40374209468667865	0.24680078355225638
0.3503608177030528	0.4031987649411442	0.24644041735580316
0.34940274114327047	0.4009455208072981	0.24965173804943153
0.35020230379548095	0.399942206701377	0.24985548950314218
0.34923399794169485	0.40330736021947255	0.2474586418388327
0.3496898595853598	0.4033842360379215	0.2469259043767188
0.35100636652465145	0.40196353650128414	0.24703009697406456
0.3489261845666245	0.4036586862165279	0.24741512921684772
0.3490467196591039	0.4034845920507551	0.24746868829014113
0.349421800645494	0.40276010011453944	0.24781809923996662
0.35112048209553015	0.40177888181064353	0.24710063609382646
0.3505512301120698	0.3996967242397037	0.24975204564822662
0.34952653343362283	0.40304377230657185	0.24742969425980546
0.34995740905883216	0.4035807778600719	0.24646181308109605
0.35054428583178093	0.402788236451846	0.24666747771637315
0.34894262967414486	0.40272464410005787	0.24833272622579738
0.3497303574496099	0.40262240137105937	0.2476472411793309
0.34990544134547447	0.4031912110933493	0.24690334756117632
0.35003543392573194	0.4008608442505245	0.2491037218237437
0.3490842711399197	0.40082032686943886	0.25009540199064156
0.3508378904145043	0.4003271059438699	0.24883500364162592
0.3505160834332387	0.40280817166102967	0.24667574490573174
0.35087416929307863	0.4004155531686667	0.2487102775382547
0.34993626159882335	0.4013477467740499	0.2487159916271269
0.3500381012616775	0.40072894865335534	0.24923295008496726
0.35129614162794887	0.40121753695505946	0.24748632141699173
0.3512750504440442	0.4013228281248887	0.2474021214310672
0.3507743943753222	0.4001418099517071	0.2490837956729708
0.3511643140398647	0.4019377271118595	0.24689795884827592
0.35086954705247664	0.4019712693234858	0.24715918362403771
0.35049328066869123	0.40256266732195134	0.2469440520093575
0.34981731179731324	0.4033738853826774	0.2468088028200095
0.3512814385618116	0.40138505494883125	0.24733350648935723
0.3511974124784356	0.4015457065760413	0.24725688094552326
0.3498476333844434	0.40220953092708445	0.2479428356884723
0.35021957462160835	0.4017490620584566	0.24803136331993517
0.3501411693632329	0.401021842572171	0.2488369880645962
0.35019724610711045	0.4004260665332834	0.24937668735960633
0.349312859260177	0.4029899912999688	0.2476971494398543
0.3509980503383022	0.400219660127083	0.2487822895346149
0.34945683247911	0.4017554334932564	0.2487877340276337
0.34936805801149906	0.4019784678648013	0.2486534741236997
0.3496109297837628	0.40372007080094796	0.24666899941528936
0.34910653551046283	0.4025239439614918	0.24836952052804545
0.3501543731992077	0.4026153952492444	0.24723023155154797
0.349608605334744	0.40306153218535234	0.24732986247990374
0.3494894015274331	0.40080039981883797	0.24971019865372907
0.34988306783628115	0.40155381324079	0.24856311892292898
0.34986580202636797	0.4035848404191192	0.24654935755451293
0.35024306833275165	0.4006786664819575	0.24907826518529094
0.35038961411343067	0.400733624230028	0.24887676165654143
0.3492581127098376	0.40067352591780336	0.25006836137235916
0.34940534683329166	0.4015208586396316	0.24907379452707684
0.34980956815804454	0.40337893967171734	0.24681149217023823
0.35026281406912874	0.4026909152574264	0.24704627067344492
0.3502028697402049	0.40071248954920036	0.24908464071059483
0.3503329209632867	0.40227122718236896	0.24739585185434448
0.3513192015777682	0.4014535042747818	0.2472272941474501
0.349477336593871	0.40305389828665766	0.24746876511947147
0.3496115617477453	0.40064281243295996	0.24974562581929477
0.349477198914651	0.40231357405221346	0.24820922703313564
0.35064951016126916	0.40098825553998385	0.2483622342987471
0.3490267024995096	0.40327256113848475	0.24770073636200574
0.34993156990252805	0.40330902388066303	0.24675940621680897
0.34915642785346324	0.40071724902117173	0.25012632312536515
0.3495624554691895	0.4028428542344549	0.24759469029635567
0.3500040087977013	0.40057462002956157	0.24942137117273727
0.3502177682642037	0.40150101161735674	0.2482812201184397
0.35020031180322536	0.40074083265971566	0.2490588555370591
0.35023019290901897	0.4022523160135611	0.24751749107742005
0.34964824807773504	0.4008335354670562	0.2495182164552089
0.3497918755901056	0.4029129016850198	0.24729522272487475
0.34992041922874756	0.40081581021035645	0.2492637705608961
0.3495045299447389	0.4020406936127092	0.24845477644255198
0.3511505052779873	0.40077648724312626	0.24807300747888655
0.3506911227835997	0.40018194250884476	0.24912693470755565
0.35126871792208497	0.4020752455367373	0.24665603654117782
0.350322294681008	0.4004591770481446	0.2492185282708475
0.3495402642599256	0.4019420271521816	0.2485177085878929
0.350681144307246	0.4003392401419754	0.2489796155507787
0.35063328059590076	0.39981899692921646	0.24954772247488288
0.3507645245916148	0.4013896200189643	0.2478458553894211
0.34958901059691894	0.4006986086996372	0.24971238070344398
0.3498268947022378	0.40111708962732584	0.2490560156704365
0.349576927999294	0.4014271221962493	0.24899594980445677
0.35015221403372404	0.4006830904594699	0.2491646955068062
0.3496992121618149	0.40227156854951923	0.248029219288666
0.3490453984018946	0.4027659097262435	0.24818869187186207
0.3507156848963545	0.4000670975708168	0.24921721753282883
0.34944351694717346	0.4008884833623742	0.24966799969045242
0.3501000618788934	0.40209161837059015	0.24780831975051654
0.3498502122263389	0.40156803309556705	0.2485817546780942
0.3505102923783122	0.40207503796613087	0.24741466965555703
0.35086958083165615	0.402218433488003	0.24691198568034095
0.34946413529619097	0.4008109584878409	0.24972490621596832
0.34936572164568985	0.40357609864578103	0.24705817970852922
0.34897786889839916	0.40085519270837777	0.2501669383932232
0.3489642194750643	0.4036230060379822	0.24741277448695365
0.34918643312197545	0.4035334504879021	0.24728011639012254
0.34918781608661426	0.40083216453827186	0.249980019375114
0.3501814335812476	0.40113336192456733	0.24868520449418519
0.349042001528485	0.4021249762073312	0.2488330222641839
0.3497634358721643	0.4003268213584266	0.24990974276940917
0.3511046600218915	0.40024904716053183	0.24864629281757675
0.3495285604094961	0.4003417752938138	0.2501296642966902
0.35104593969054965	0.40068856678193915	0.2482654935275113
0.34908736528352036	0.4018312807505407	0.24908135396593906
0.35022725006717664	0.40239626972620135	0.24737648020662215
0.35011923840432735	0.4026396078231597	0.24724115377251304
0.3509630177623028	0.4012396594285505	0.2477973228091468
0.3511731966833803	0.3997407205912964	0.24908608272532337
0.34948715966702	0.4011836592436706	0.24932918108930952
0.34923218841771825	0.400924647988683	0.24984316359359882
0.3509014183172715	0.4019153659763875	0.2471832157063411
0.3491772955465664	0.4006525486781371	0.2501701557752966
0.34995099624570486	0.4015609560869341	0.24848804766736116
0.35087716842499944	0.40131634367868096	0.24780648789631973
0.3511192952645306	0.4005144492012642	0.24836625553420522
0.34960971250908207	0.40290791013418104	0.247482377356737
0.3508653290418151	0.39993563069682336	0.24919904026136164
0.3507308713702413	0.4024121976867593	0.24685693094299954
0.35002067759530897	0.4004927795637788	0.24948654284091232
0.3502854126625257	0.40172785555935914	0.24798673177811528
0.34984399548334216	0.4028968209293489	0.247259183587309
0.34980900639936635	0.4025671790955179	0.24762381450511584
0.3511199963837781	0.40093926346145425	0.24794074015476777
0.34928007549409956	0.40326777643657863	0.24745214806932192
0.34941281528992435	0.401581177453024	0.24900600725705174
0.3500403922460032	0.40045668994685557	0.2495029178071414
0.34955310622139457	0.4003790211216971	0.2500678726569084
0.34975522309761903	0.400861369799968	0.24938340710241305
0.34950686445761164	0.40367195230704467	0.2468211832353438
0.35001382337824216	0.40184836195804663	0.24813781466371135
0.3510159896292178	0.4001715895917224	0.2488124207790599
0.3499955376302685	0.4006140456889762	0.24939041668075546
0.34988457951853497	0.4011512278408351	0.24896419264063005
0.34896682249906724	0.4021542272677605	0.24887895023317236
0.3503479385279606	0.40224193504210404	0.24741012642993548
0.3504355965622859	0.3999564083979727	0.24960799503974151
0.35069116682671825	0.40102845352137145	0.2482803796519104
0.3493433280487584	0.4025651048544392	0.24809156709680252
0.35038797287082785	0.4004269216936317	0.24918510543554054
0.349903354902601	0.40092559311971143	0.24917105197768763
0.34941913240737854	0.40348771742762096	0.2470931501650006
0.3493358934058951	0.40114870681222997	0.24951539978187504
0.34973796031020843	0.4011525861204459	0.24910945356934577
0.3503559646296982	0.3999572768699087	0.2496867585003932
0.3502917072213423	0.4007568394270289	0.24895145335162894
0.3499092678077791	0.40173608969501345	0.24835464249720757
0.35036239846169803	0.4008154597703774	0.24882214176792466
0.3503245409394374	0.40248307754844054	0.2471923815121222
0.350755212116838	0.4008164801630645	0.2484283077200976
0.3490834093656881	0.4022737703840164	0.2486428202502956
0.350921668707652	0.40211832563764577	0.24696000565470233
0.35071719010107877	0.4018514326746883	0.24743137722423303
0.35083970289977773	0.4001256703330008	0.24903462676722157
0.3490745838080722	0.40093018720894247	0.24999522898298543
0.3497975752444544	0.40057071048997894	0.24963171426556685
0.35049606350710394	0.4029434519232188	0.24656048456967739
0.34945410005851946	0.40243364719434666	0.24811225274713397
0.3496511159653979	0.4002502719007109	0.25009861213389134
0.3498153110051155	0.40116532421593865	0.24901936477894598
0.35128015381206984	0.40036486047594955	0.24835498571198078
0.3505403055172505	0.4023795509277818	0.24708014355496777
0.34948174045335334	0.40149248986289865	0.24902576968374812
0.350811319107981	0.39971884810874675	0.24946983278327237
0.34995495301765456	0.4011894836732808	0.24885556330906478
0.34896159687243483	0.4024776064223592	0.24856079670520606
0.34927938973578376	0.4028780696084571	0.24784254065575922
0.35110933506894004	0.40034380292949656	0.24854686200156348
0.3490428506587652	0.4028404127402785	0.24811673660095643
0.35053085862363237	0.40056886314717394	0.2489002782291938
0.34926844373783855	0.40328631261592635	0.2474452436462352
0.350124102471166	0.4023035674254922	0.24757233010334193
0.3490560681774215	0.40271116285960973	0.2482327689629688
0.34989630029700247	0.40106820699006773	0.24903549271292996
0.35080322654104673	0.40017372586714417	0.2490230475918092
0.34975975684912075	0.4003397893919307	0.2499004537589486
0.3502751862306355	0.4012541347731054	0.2484706789962592
0.34998674566412186	0.4027679279155805	0.24724532642029776
0.3509560391026465	0.3997123391677942	0.24933162172955942
0.3494464478477403	0.4011717930920783	0.24938175906018145
0.3505877229187548	0.40094811106296807	0.24846416601827728
0.349893695525781	0.40019049214161706	0.24991581233260213
0.3504422453410196	0.4029929919053758	0.24656476275360473
0.3493626274242008	0.4025176397027206	0.24811973287307873
0.34921795131341277	0.40099629667139697	0.24978575201519035
0.3501097412974636	0.4010791273320637	0.24881113137047284
0.349900443799346	0.4012879148009383	0.2488116413997159
0.35121583695596215	0.4020732175572886	0.24671094548674938
0.3500425142431031	0.40178199211166876	0.24817549364522817
0.35005117702871563	0.4009429375143958	0.24900588545688865
0.3498694831102732	0.40332071913642586	0.246809797753301
0.35070230641896255	0.4008834016172187	0.24841429196381887
0.34893309823789104	0.4020028528671338	0.24906404889497535
0.3503761650770373	0.40134065245627476	0.24828318246668807
0.3502608655586369	0.40244367651266444	0.24729545792869875
0.3500435109437759	0.4011022017941603	0.24885428726206396
0.35129724560344483	0.40067388490084055	0.24802886949571473
0.3499941377279011	0.3999433332324397	0.2500625290396593
0.3506894359030219	0.40040219238583213	0.24890837171114605
0.34990403730204256	0.40256503686671774	0.2475309258312398
0.35059420882685566	0.40166775106472674	0.24773804010841766
0.3490175594740257	0.4025274711612795	0.2484549693646949
0.35086050887632336	0.4014644564293981	0.24767503469427865
0.3493435682866723	0.401280080613067	0.24937635110026085
0.34906786415223084	0.401490622586848	0.24944151326092123
0.35063777283688685	0.401192943978838	0.24816928318427528
0.3495656395523024	0.40252659048793765	0.24790776995976005
0.34914880427816575	0.4033673756158437	0.2474838201059907
0.3491977853422919	0.4036397241843387	0.24716249047336952
0.35033709931774687	0.4018212377163431	0.24784166296591015
0.35085942459077124	0.399951913858618	0.24918866155061084
0.35130420489499764	0.40182366169985867	0.2468721334051438
0.3493226758191432	0.40086337804263394	0.249813946138223
0.3500691202936383	0.40256124887772227	0.24736963082863955
0.3505144916973318	0.40304965443783125	0.24643585386483707
0.3497867580516546	0.40246826487512516	0.2477449770732204
0.35022306221696203	0.40006236706953	0.249714570713508
0.3502690931076267	0.40114579235713793	0.24858511453523546
0.3491310809757967	0.40128570807227665	0.24958321095192681
0.34930027851637224	0.4030207097185129	0.24767901176511492
0.3502448824854999	0.40153364770721317	0.24822146980728702
0.35053370172749965	0.40035237426968945	0.249113924002811
0.3512080322527311	0.40018480849537386	0.24860715925189514
0.3492273604903284	0.40343683491327054	0.24733580459640114
0.34980344733675367	0.4037423575793191	0.24645419508392735
0.3504891608284245	0.40145348684399546	0.24805735232758014
0.3507621547986152	0.4020648870296815	0.24717295817170337
0.3496658196359297	0.4003919373722337	0.2499422429918367
0.3501933689825876	0.4025188878488384	0.24728774316857413
0.34921065153304426	0.403072312433688	0.2477170360332678
0.3498082627568315	0.40046941201865877	0.24972232522450982
0.35118079770439237	0.4003497355492608	0.24846946674634696
0.3512885179576829	0.4017604651849903	0.2469510168573269
0.34985715826614494	0.40291307632454254	0.2472297654093126
0.3493275786252747	0.4025079501912212	0.2481644711835042
0.3506591489781561	0.4011009791167086	0.24823987190513538
0.3490192516207023	0.40352374287151777	0.24745700550778005
0.3500317421915282	0.4022434000289761	0.24772485777949582
0.3493217920800165	0.4010714856148428	0.24960672230514083
0.35053803428112473	0.4010423504562374	0.24841961526263795
0.3498009540277442	0.4006133479366611	0.24958569803559483
0.35107477984478763	0.40113352090896476	0.24779169924624772
0.35071854023332244	0.40257024768081334	0.24671121208586433
0.3495900412518263	0.4013453637152503	0.2490645950329235
0.3494788365532256	0.40052374634280463	0.2499974171039699
0.34967281178425647	0.4025752503160721	0.24775193789967154
0.35036137597981126	0.40104035171479346	0.2485982723053954
0.3490833287037384	0.402468900499736	0.2484477707965257
0.34969227038400785	0.4002235691999137	0.2500841604160786
0.3494058392435657	0.4009722250040126	0.2496219357524218
0.35020765505275464	0.39995574123668126	0.2498366037105642
0.350945369662464	0.40165575216886956	0.24739887816866657
0.3498381319560419	0.40016754565061563	0.24999432239334257
0.3490283435275063	0.40337940002778516	0.24759225644470867
0.34971405524463495	0.4030508700543858	0.24723507470097944
0.3503559957530865	0.401606558479369	0.2480374457675446
0.35095844624403044	0.4004109949089804	0.24863055884698926
0.35103350977834863	0.40232088023852863	0.24664560998312285
0.349095312601478	0.40254456655993553	0.24836012083858658
0.3492555368319488	0.40127561665839884	0.24946884650965245
0.35083607691477725	0.3998611307638219	0.24930279232140096
0.3500563009317772	0.4010918367948135	0.2488518622734094
0.34978064759713196	0.401173610740292	0.24904574166257615
0.3501971678028937	0.4016457661744687	0.2481570660226377
0.35002915761894826	0.4012543848693177	0.24871645751173416
0.34994439613884465	0.401864978481754	0.24819062537940145
0.3500503764730267	0.40192585386413493	0.24802376966283846
0.34893857517236637	0.402586259612309	0.24847516521532478
0.35124542039559065	0.4021308323567943	0.24662374724761515
0.3510178508757981	0.40219557583323995	0.24678657329096204
0.3498781677903745	0.40304451421727305	0.2470773179923525
0.351048240104786	0.4018567275445759	0.24709503235063818
0.3498303596693056	0.40164719088735834	0.24852244944333618
0.34968903621578284	0.4007015079620351	0.24960945582218222
0.34988215467899286	0.40046010055643766	0.24965774476456962
0.34971089223140056	0.4029043765673206	0.24738473120127893
0.350260885149836	0.401341407294689	0.24839770755547513
0.3500845516460002	0.40007731401424884	0.24983813433975108
0.3511006874108671	0.39971955477207594	0.2491797578170571
0.3490746897983592	0.4016320557697994	0.24929325443184153
0.3497651670776006	0.4022757746391668	0.24795905828323273
0.35102043970819147	0.4017604562390662	0.24721910405274244
0.3494167367556555	0.4026081489386436	0.24797511430570104
0.3511235238415267	0.40134888756509146	0.24752758859338195
0.35059965977763075	0.4020593120873328	0.2473410281350365
0.3506445333693239	0.4019773249546191	0.24737814167605715
0.3504379084564183	0.400334495360032	0.24922759618354975
0.34938881251430237	0.40156701919694615	0.2490441682887516
0.3496428341402196	0.4016685820270382	0.24868858383274228
0.35013090209102116	0.4029122404358308	0.24695685747314816
0.35046034491402817	0.40118486284554333	0.2483547922404286
0.3510444914410827	0.40130346925967697	0.24765203929924046
0.3491025556524189	0.4007334965612185	0.2501639477863628
0.34993449356693046	0.4006031818693203	0.24946232456374928
0.3498509543830973	0.4021738508433311	0.2479751947735716
0.3511557555797251	0.39994103659184865	0.2489032078284264
0.34942230935430374	0.40267157068102916	0.2479061199646672
0.34985036095345945	0.40313789531340466	0.247011743733136
0.35126506662343193	0.4020006755366099	0.24673425783995828
0.3492915573066055	0.40168674659895487	0.24902169609443972
0.3489806191014738	0.4020978859193442	0.24892149497918212
0.35058868550068445	0.4014459144235866	0.24796540007572904
0.34939238107769344	0.402442736771337	0.24816488215096968
0.34946687091665746	0.40274706677186856	0.2477860623114741
0.35114830885432075	0.400564166750948	0.2482875243947313
0.34940339499796325	0.4024970681816976	0.2480995368203392
0.35066964418683433	0.40080855297789036	0.2485218028352754
0.35116827199110506	0.40009478817971794	0.2487369398291771
0.350067194206484	0.4003478374710517	0.2495849683224644
0.35050323285509527	0.40212313983275066	0.24737362731215415
0.35007541951727567	0.4012623951026345	0.24866218538008994
0.34957759762830837	0.4022625121296224	0.24815989024206936
0.3496155202527267	0.4020599306234681	0.24832454912380528
0.350064877123418	0.4009064136212389	0.24902870925534323
0.35050841174948894	0.4022901878820864	0.24720140036842472
0.35061262060174425	0.3998894324990352	0.24949794689922067
0.3504238162740372	0.4003332198373881	0.24924296388857475
0.35015644919823696	0.4033165827129044	0.24652696808885877
0.34972032731839797	0.40215586459553715	0.248123808086065
0.35023498111297247	0.4004898924610651	0.24927512642596258
0.34951516043871456	0.40034063314550516	0.2501442064157804
0.3494930999462627	0.4028389079360858	0.24766799211765164
0.3513019678719026	0.40097904499620163	0.24771898713189583
0.3507778857753506	0.40186255997609854	0.24735955424855094
0.35088696598841107	0.400872510517598	0.24824052349399106
0.3490326862590303	0.40231219744842395	0.24865511629254583
0.3493352061076143	0.4020650311158616	0.24859976277652418
0.34911124020611006	0.4012170417202096	0.24967171807368044
0.35080217113853307	0.4022966331680733	0.24690119569339372
0.3505096775647978	0.402452546862915	0.24703777557228734
0.3505071504375565	0.4001799932019724	0.24931285636047124
0.3497940043119889	0.4037550378952889	0.24645095779272233
0.35077904648294866	0.4008973206843067	0.24832363283274472
0.3492874735932236	0.40100844173486183	0.24970408467191468
0.35076552668036337	0.40201193187462836	0.2472225414450084
0.3493796752554674	0.40132846284745055	0.2492918618970821
0.3510068900385968	0.400516998338356	0.24847611162304728
0.3506703639102096	0.3998373758536716	0.24949226023611892
0.35017459957388714	0.40004527719715266	0.24978012322896032
0.3505992778795921	0.40216719770648834	0.24723352441391966
0.3496236395276521	0.40325083158134695	0.2471255288910011
0.34935301932472784	0.4004720769400282	0.2501749037352441
0.3497805875966408	0.40136349893207535	0.24885591347128394
0.3507098270209623	0.4018754089253821	0.2474147640536557
0.3505566948304613	0.40012591476719056	0.24931739040234824
0.3503008036904617	0.4017667108941895	0.2479324854153489
0.3489787595897627	0.4017141655052775	0.24930707490495987
0.3509569209803376	0.4006076026418419	0.2484354763778206
0.35061997767332415	0.40045848089566455	0.24892154143101142
0.35078656597059865	0.40192263768543185	0.24729079634396964
0.3494153983375823	0.4010415862870743	0.24954301537534354
0.350519250985463	0.4016504556257015	0.2478302933888356
0.35061746701690666	0.4029438154729036	0.24643871751018986
0.3513060514771442	0.400546809895164	0.2481471386276919
0.34909673931333657	0.40265424854561327	0.24824901214105025
0.35083976196646705	0.40204006128022257	0.2471201767533105
0.35026338273513297	0.40286935483834085	0.2468672624265263
0.34977505841751705	0.4030552667320315	0.2471696748504516
0.3513101663252346	0.4008210944726271	0.24786873920213848
0.3497797756621054	0.40222560789366135	0.24799461644423332
0.35079741752124405	0.4025539513928569	0.24664863108589918
0.3489487289714812	0.40233369511418426	0.24871757591433463
0.3496183502420787	0.40352104487691504	0.24686060488100636
0.3499302977676756	0.40360183054353804	0.2464678716887865
0.34999860555059226	0.40060022699037545	0.24940116745903237
0.3509540992268632	0.401592771504456	0.2474531292686809
0.34913711138163717	0.403551034045179	0.2473118545731839
0.348949195668264	0.4016773707407768	0.24937343359095931
0.34933009296525724	0.4014297548050219	0.24924015222972096
0.3494415075465952	0.4004840565798278	0.2500744358735772
0.3504461574284291	0.4013171681231563	0.24823667444841474
0.34961064564829125	0.40102443146579936	0.2493649228859095
0.34976664874264657	0.4015695852316442	0.24866376602570936
0.3495369474238976	0.4013293106241901	0.2491337419519124
0.35054108381655374	0.40021306173808724	0.24924585444535913
0.34982933103570096	0.4033378306616028	0.24683283830269637
0.35001651798186373	0.4009539122540541	0.24902956976408225
0.349960791945069	0.4024662891209694	0.2475729189339617
0.34969098754483063	0.400283577937693	0.2500254345174765
0.3504744634950363	0.3996873324490313	0.2498382040559325
0.35070671817182686	0.401379848892895	0.2479134329352783
0.35046135675394197	0.4016909724329727	0.24784767081308548
0.34986506833757347	0.40368256351445697	0.24645236814796972
0.3506859321588098	0.4015955334117342	0.24771853442945613
0.34913783156056943	0.40332752335052574	0.24753464508890494
0.34936207646732204	0.40106718650742634	0.24957073702525176
0.350980489412353	0.40106119898802395	0.2479583115996232
0.3492493619816695	0.40095737721003655	0.249793260808294
0.3503066806329917	0.4018475900149747	0.2478457293520337
0.3494750871187534	0.4008937830505615	0.2496311298306852
0.3511426943376875	0.40060773140380834	0.2482495742585042
0.350096951726068	0.40158495919937165	0.2483180890745605
0.3504236898359786	0.4027592868520717	0.24681702331194982
0.3489648828210894	0.402966342698278	0.24806877448063266
0.3492695849963189	0.40301424616032466	0.24771616884335657
0.3503188117732518	0.40053100180139567	0.24915018642535267
0.3494020210679373	0.40048098019521877	0.25011699873684407
0.350432272393312	0.40283030712165246	0.24673742048503572
0.3509406191871115	0.40127219184708096	0.24778718896580765
0.35058090564845606	0.4026824281857295	0.24673666616581452
0.3502062831855392	0.40121356721862855	0.24858014959583236
0.351048697271829	0.4010212406094694	0.24793006211870164
0.3492348672870662	0.4013634778503685	0.2494016548625654
0.3500311930709129	0.40081963451886016	0.24914917241022705
0.3492500296638773	0.4015783129327639	0.2491716574033589
0.3502489491275588	0.40180648293579857	0.24794456793664277
0.34957018974519893	0.40024988897535974	0.25017992127944144
0.3492742511098138	0.4019909135160076	0.24873483537417873
0.3509808865488421	0.4011506029690479	0.24786851048211006
0.35121321329601396	0.40092923763290267	0.24785754907108346
0.3507871654920686	0.3997649454631829	0.24944788904474857
0.3491842755073947	0.4036459121637292	0.24716981232887614
0.3504117815319741	0.4026673670031764	0.24692085146484957
0.35032684071789	0.4005884587924363	0.24908470048967377
0.3495547676046801	0.40052439306428844	0.2499208393310316
0.34968012495716666	0.40338415045434295	0.24693572458849047
0.3504051963498956	0.4026641682954121	0.24693063535469245
0.3502150171471116	0.4002480440802786	0.2495369387726099
0.35134617387819345	0.4020010952582026	0.24665273086360406
0.3494940855852755	0.40216054958658426	0.2483453648281403
0.35029745253615185	0.40300070385225223	0.24670184361159603
0.3507880175576865	0.4026844185810554	0.24652756386125815
0.3510433077759695	0.4019445372919499	0.24701215493208073
0.3499297704736838	0.4014160626946194	0.24865416683169694
0.3500853858371192	0.4030090547500585	0.2469055594128224
0.3501864649367483	0.4025708880365532	0.24724264702669857
0.3499539727854418	0.40144247142852363	0.24860355578603466
0.35056779765902196	0.40042788417633696	0.2490043181646412
0.3491623874468258	0.4035632837657331	0.2472743287874412
0.3493664172392432	0.40262892923947724	0.2480046535212796
0.3512077754743999	0.4015187189951017	0.24727350553049848
0.3497155301952423	0.4016638358915003	0.2486206339132575
0.35002225250843666	0.402011955107099	0.24796579238446448
0.34980469854024554	0.4004175505039096	0.24977775095584498
0.3499310939267861	0.4034939070468302	0.24657499902638383
0.3491816309892272	0.40199940726924055	0.24881896174153234
0.3505574120423527	0.4002878757009918	0.24915471225665567
0.35022466313265105	0.3998016658012396	0.24997367106610946
0.35076525879678727	0.40101981191855346	0.24821492928465938
0.3496009649757215	0.4019063328427452	0.2484927021815334
0.350200831974983	0.4020476609789605	0.24775150704605667
0.3500806840527717	0.399790431645324	0.2501288843019044
0.3503145675326497	0.40239437960167607	0.24729105286567432
0.35129552469989894	0.40053743208874565	0.24816704321135552
0.3490892513379562	0.40114896223079516	0.24976178643124872
0.34955413566327365	0.40113150595580754	0.24931435838091895
0.3492025083488925	0.4032919332827148	0.24750555836839286
0.3495235344607447	0.4011860830229103	0.2492903825163451
0.3495001814827933	0.4016711711068789	0.24882864741032784
0.3500192375501189	0.40074825977164796	0.24923250267823321
0.34902270083144626	0.4008583340952055	0.25011896507334835
0.34946231279026013	0.4022354775942337	0.24830220961550625
0.34993449982849456	0.40177461201548637	0.24829088815601918
0.35128403171722283	0.3999980467219475	0.24871792156082978
0.3497135320911397	0.40183557532037156	0.24845089258848885
0.3499421229753632	0.4005722903078937	0.2494855867167432
0.34920980645401173	0.40104833377565663	0.24974185977033175
0.3501941358337855	0.4009462877417149	0.2488595764244997
0.3497173826054756	0.40094069444832026	0.24934192294620433
0.35049207823040623	0.39992316122784827	0.2495847605417456
0.3507950616149069	0.40031873228519343	0.24888620609989975
0.35021473103012424	0.4021657279294014	0.24761954104047443
0.35045500588265277	0.4010057333991004	0.248539260718247
0.3503476053758609	0.40188465489107617	0.24776773973306304
0.3499234845701505	0.40011760013028475	0.24995891529956493
0.3493521485669287	0.4021818136488889	0.24846603778418253
0.35042334423166177	0.3999102857803236	0.24966636998801478
0.35056628524161404	0.40140384927559525	0.2480298654827908
0.3502170327662229	0.4022384368521168	0.24754453038166047
0.350256324490032	0.4026965058746917	0.2470471696352764
0.3506246134301052	0.4027615552020676	0.2466138313678273
0.34960293311307955	0.40305109164268865	0.2473459752442319
0.349488793494573	0.4026523300463792	0.24785887645904792
0.350684196014947	0.40272730395851264	0.24658850002654048
0.35068029443418947	0.40113241425532964	0.248187291310481
0.35017845890649485	0.4001537679908605	0.2496677731026448
0.35103029369363303	0.40206649398312855	0.2469032123232385
0.34901700061311935	0.40270612205363443	0.24827687733324635
0.34924133474059493	0.4006459538337576	0.2501127114256475
0.34986001729078986	0.4030865796623577	0.24705340304685253
0.3510215695749607	0.4019587863712838	0.24701964405375565
0.35067794204418745	0.40051990135514	0.24880215660067267
0.3491135998225907	0.40364190196138894	0.24724449821602046
0.35084475830571016	0.4025673238984168	0.24658791779587313
0.3500808788892917	0.4014369923667949	0.2484821287439135
0.34934601910001284	0.4030957153763955	0.24755826552359178
0.34908595462977765	0.40132973334039945	0.24958431202982298
0.35005392830222937	0.40005283241687206	0.24989323928089868
0.34924780636523856	0.40363354920073335	0.2471186444340282
0.35007143842809807	0.4000300647213736	0.24989849685052845
0.35026975899286167	0.39988180182709426	0.24984843918004418
0.3504245091667747	0.40079029639067826	0.24878519444254718
0.349685312509483	0.4031692842776074	0.24714540321290973
0.3503698022017582	0.402524089347852	0.24710610845038994
0.3504854569049862	0.4021951540819	0.2473193890131139
0.3504805335785472	0.40077810055634666	0.24874136586510626
0.3495488135307514	0.40142445236390717	0.24902673410534154
0.3501936482582739	0.40179072956446166	0.24801562217726453
0.35072502318564125	0.40109886082996193	0.24817611598439693
0.3503597419003597	0.4018792731185439	0.2477609849810966
0.34942633035150644	0.40071112385544694	0.24986254579304673
0.35001736761062274	0.4035107622084323	0.24647187018094505
0.34975936379507866	0.401956019781558	0.24828461642336347
0.3490174138610691	0.4032692721908242	0.24771331394810686
0.3510407185437859	0.4008326523040555	0.24812662915215872
0.3506977084677855	0.40063117904504153	0.24867111248717316
0.35071503810334503	0.40132572627454133	0.2479592356221138
0.35049606969966546	0.40305683935012615	0.24644709095020853
0.3506338344840794	0.399815099865811	0.24955106565010968
