0.36001224338606963	0.1603501978020925	0.479637558811838
0.21047181382556035	0.20424197136727484	0.5852862148071649
0.41981224554180563	0.18167924105916614	0.3985085133990283
0.2107496542620599	0.1272465367112396	0.6620038090267006
0.20868872854931642	0.43152932203805855	0.35978194941262515
0.32869156247660186	0.25472856802991	0.41657986949348824
0.34999445363184783	0.12042274937294078	0.5295827969952115
0.4102086504236027	0.4245630353732366	0.1652283142031608
0.4247572200560209	0.1406633948527502	0.434579385091229
0.3128680942714887	0.20068294951286952	0.4864489562156419
0.11667601472813174	0.3323462738527475	0.5509777114191209
0.274946535867452	0.41086282685538184	0.3141906372771663
0.33816952949579754	0.4290182876180395	0.23281218288616312
0.1887127831929697	0.3037138413609397	0.5075733754460907
0.42591962706134184	0.4897323108372675	0.08434806210139076
0.372712899162229	0.30682032892400746	0.32046677191376366
0.25994283037879473	0.3225883421002644	0.41746882752094094
0.4053842771919797	0.2328469292446656	0.3617687935633548
0.1326327308872961	0.4562988365250588	0.4110684325876452
0.2571781886456853	0.3768676210581777	0.365954190296137
0.1957316796717351	0.3843309170449454	0.41993740328331963
0.35804173491249225	0.25866410750262214	0.3832941575848857
0.21491352604581013	0.4862730490207833	0.29881342493340673
0.4112861232740685	0.404872024320877	0.18384185240505463
0.22916225978628024	0.22371642621321364	0.5471213140005062
0.12895491059155087	0.29559958208147175	0.5754455073269775
0.27103373537532616	0.294223530701412	0.43474273392326196
0.3464019935615313	0.25685207734906534	0.3967459290894034
0.3899271296563432	0.1957992728190374	0.4142735975246195
0.22857186181656836	0.30205338193884107	0.4693747562445907
0.21041481427273917	0.1903400328529589	0.5992451528743021
0.14650423220329117	0.47960492644014185	0.37389084135656714
0.33141994900243216	0.42407655847218306	0.2445034925253849
0.11364316111831863	0.12755315943160755	0.758803679450074
0.3295024389894155	0.14175804761033342	0.5287395134002512
0.1992686117396007	0.40217855746872505	0.39855283079167436
0.14162049016406114	0.4052892493554672	0.45309026048047174
0.31408483491047356	0.4523903423608049	0.23352482272872166
0.4040567630066972	0.20514693209183996	0.39079630490146294
0.21849434728940792	0.26255421882379737	0.5189514338867949
0.24890652558519233	0.48132328694560755	0.26977018746920023
0.2068427108143603	0.22284430743239111	0.5703129817532487
0.3230746900831927	0.12741757686276114	0.5495077330540463
0.12870834896417077	0.2781814815481229	0.5931101694877066
0.21925836781854796	0.4973866213243737	0.28335501085707837
0.4203264427463531	0.2606805620778189	0.3189929951758281
0.149566172975284	0.17150065242501897	0.6789331745996972
0.19119723610042466	0.31612557647754236	0.49267718742203315
0.3126255343931924	0.2511029399575156	0.4362715256492921
0.39053352559530174	0.39465645808611144	0.21481001631858695
0.21576278696808465	0.24278746780395632	0.5414497452279592
0.17417931464577	0.37645149831938934	0.44936918703484074
0.17400096864433914	0.24480118102102616	0.5811978503346348
0.09879937026284591	0.1697228545075358	0.7314777752296184
0.3867570811729705	0.38308045150393577	0.23016246732309387
0.19514371235374364	0.13406034906387093	0.6707959385823855
0.41616182467420804	0.15172475888517675	0.4321134164406153
0.3937302225255246	0.2213106010381677	0.3849591764363079
0.19832574931281588	0.30528054221328393	0.4963937084739003
0.40946334751585106	0.3053037722002697	0.2852328802838793
0.11701369065678796	0.3349451813227329	0.5480411280204793
0.28997723504800793	0.197232456640242	0.5127903083117502
0.3754922046660653	0.36873453724395583	0.25577325808997897
0.21682268728114432	0.16191180507722464	0.6212655076416311
0.3480984487336827	0.49188938231444423	0.16001216895187317
0.11569658708900846	0.25938299398188736	0.6249204189291042
0.36547307293637726	0.4414283408611248	0.193098586202498
0.33307455068047626	0.3972743566227386	0.2696510926967853
0.4262727551048393	0.4132105014367692	0.1605167434583916
0.22215101312196928	0.35274369362002095	0.42510529325800994
0.3469751364938309	0.4071913473651273	0.24583351614104193
0.42811805110690515	0.1554921777127656	0.4163897711803294
0.36222654546355676	0.3004705734972904	0.33730288103915296
0.1976703995335537	0.44552173118105	0.35680786928539643
0.40299640829858707	0.4445070975820638	0.15249649411934924
0.11538673355656134	0.329690242845525	0.5549230235979138
0.41390338088279743	0.2538378393562041	0.3322587797609986
0.41118402605626236	0.26666393217290074	0.322152041770837
0.2908444765119347	0.3798870287158109	0.3292684947722545
0.23818393785024383	0.12172074146716355	0.6400953206825928
0.29804739989512297	0.2531844571386734	0.4487681429662037
0.16314216618402977	0.12868025622245458	0.7081775775935157
0.2589549133808762	0.48517312016918623	0.2558719664499377
0.36194771742023135	0.20439773906628933	0.43365454351347943
0.29894257468218977	0.2978700934940562	0.40318733182375416
0.11585753574617291	0.11418245086863069	0.7699600133851965
0.10425360951934795	0.15009769760276254	0.7456486928778896
0.43934386285465876	0.482977376873665	0.07767876027167636
0.26244156285057463	0.1396267792952699	0.5979316578541556
0.3743024172702968	0.40408436266276	0.22161322006694334
0.3483167808600631	0.4827572766767202	0.16892594246321677
0.26549644332252087	0.3256752966065771	0.4088282600709021
0.3770377262032528	0.27331140831821515	0.34965086547853214
0.3160720950062511	0.20920147205052284	0.47472643294322614
0.12111230111897575	0.4211601334864944	0.45772756539452997
0.2842319737943472	0.16222319137411845	0.5535448348315344
0.14347975256745865	0.41507553809051256	0.4414447093420289
0.23282563872315606	0.49516374854518685	0.27201061273165716
0.31072337110219383	0.29969087618132223	0.38958575271648405
0.3561015747941972	0.14975357178490856	0.49414485342089437
0.16461019649269515	0.1219860189650504	0.7134037845422546
0.15891942976817447	0.13083172239815435	0.7102488478336713
0.23639252289765128	0.32517860251290387	0.43842887458944496
0.10281536559047483	0.3776485584932637	0.5195360759162616
0.43736958414180704	0.267837466785372	0.2947929490728211
0.12984631435850694	0.23332731825982195	0.6368263673816712
0.1971787262369451	0.4355501636470487	0.3672711101160063
0.2237922942322363	0.3090757665191653	0.4671319392485985
0.3301218183302908	0.3613532647288679	0.3085249169408414
0.1495335211238567	0.19527207174115493	0.6551944071349884
0.3460405767071344	0.11794646071527981	0.5360129625775859
0.16488445189532508	0.41412216789404677	0.42099338021062827
0.40300345876413973	0.4003112832351291	0.1966852580007313
0.1261265279934459	0.43659363249705785	0.4372798395094964
0.15087919404888966	0.12081909037607308	0.7283017155750373
0.2752702571706796	0.1866293490009664	0.5381003938283542
0.27936102941271207	0.2075994211053854	0.5130395494819027
0.10927458710649707	0.46495816033338844	0.4257672525601146
0.20402147388460262	0.22506333093815512	0.5709151951772423
0.39591040776498065	0.25827694164641557	0.3458126505886039
0.3213613271665684	0.2776820555682619	0.4009566172651698
0.2358445666164731	0.1673063646355937	0.5968490687479333
0.22396836443372772	0.3442174984527715	0.43181413711350086
0.4377229006041308	0.3098401643181628	0.2524369350777064
0.4321410144052209	0.27902188956519536	0.28883709602958385
0.1618883981639465	0.48283221924289477	0.35527938259315883
0.26840810952061445	0.3338213869599608	0.3977705035194249
0.22921408807436006	0.4488567972537376	0.32192911467190244
0.1036950655496286	0.4633236284881578	0.43298130596221374
0.28608726419425984	0.18556576018488263	0.5283469756208576
0.13178235982655095	0.3736353871560058	0.4945822530174434
0.16890336702699477	0.35248962433070086	0.47860700864230443
0.1993211927616587	0.2820116846792929	0.5186671225590485
0.14207838979805407	0.2615155089077986	0.5964061012941475
0.2794174233864802	0.3389288070882984	0.3816537695252215
0.39814899179947044	0.49780586806665567	0.104045140133874
0.2679894389948319	0.41146766614332064	0.32054289486184756
0.33473443010419945	0.3005137737484202	0.36475179614738046
0.21173068831577524	0.29141469470669595	0.496854616977529
0.3102085982370281	0.20980841187715837	0.47998298988581356
0.10842248321312184	0.22408631188242958	0.6674912049044487
0.22166068836343367	0.32241763856758954	0.4559216730689769
0.11767599750873847	0.48893738880776494	0.39338661368349664
0.2920016317492821	0.3907150804628257	0.31728328778789233
0.33359705125271183	0.4147733044907579	0.2516296442565304
0.4206184529222037	0.41450211835398443	0.164879428723812
0.2668347912657859	0.36287306076768777	0.37029214796652643
0.32280822377591306	0.17237351400675485	0.5048182622173322
0.16775095349632335	0.12809669106972452	0.7041523554339523
0.3889505738684089	0.44442784992379814	0.166621576207793
0.20333706477501876	0.28797732812407245	0.5086856071009089
0.21841715133515588	0.4954583393934483	0.28612450927139593
0.28350831321399117	0.12336909969765822	0.5931225870883508
0.27511442689208837	0.19826539760048703	0.5266201755074247
0.30099117686679694	0.22490118292930392	0.4741076402038992
0.4042033739567916	0.11497854329898202	0.4808180827442265
0.24704889632419214	0.18995054736260542	0.5630005563132026
0.3425154067462041	0.1362978664836667	0.5211867267701292
0.4364266024125991	0.3341255762915092	0.2294478212958918
0.1674310885232082	0.1830991412697548	0.6494697702070371
0.4023064563561981	0.423171586249518	0.17452195739428406
0.3948899999593132	0.12694861136332788	0.478161388677359
0.3812410568104478	0.3050010107593812	0.31375793243017114
0.31555114496624803	0.21664367336889734	0.46780518166485474
0.18925382046005457	0.14781631918765886	0.6629298603522866
0.29613387925319656	0.24954867312547316	0.4543174476213304
0.4344206407757628	0.3512514624350153	0.21432789678922198
0.23669682920325688	0.25444601093257047	0.5088571598641728
0.3903119728289384	0.41305402718630374	0.19663399998475795
0.21356077256026715	0.33287535259651835	0.45356387484321464
0.34394028137480487	0.4416045064917302	0.21445521213346502
0.14531413481836641	0.2528535829434029	0.6018322822382307
0.15548858715430885	0.38861328776011994	0.4558981250855713
0.33884165968567687	0.1441685233290424	0.5169898169852809
0.22146831205882228	0.24270292760230233	0.5358287603388756
0.3353659409722089	0.35878742753116005	0.30584663149663116
0.23262512639887498	0.501985405454199	0.2653894681469261
0.279851754975664	0.25960432393984306	0.46054392108449305
0.30971910136961406	0.39428961147199143	0.2959912871583946
0.3212185719492205	0.11830390293108797	0.5604775251196916
0.2837705641058927	0.13226674562416174	0.5839626902699457
0.16114958620781422	0.2027878305230874	0.6360625832690985
0.2892868399783668	0.21004408078899955	0.5006690792326338
0.19947755879045792	0.39551379067619374	0.40500865053334845
0.188538682155301	0.32724334535595123	0.48421797248874787
0.15885319874685427	0.42465709676963626	0.4164897044835096
0.11363052374303001	0.13359670314768646	0.7527727731092837
0.23389971395664905	0.48009258794307186	0.28600769810027926
0.40441105493774243	0.398662766129671	0.19692617893258668
0.25872216174016355	0.2009044378764826	0.540373400383354
0.23710430274307495	0.39777663251181516	0.36511906474511
0.2428089373102352	0.4883192901676784	0.26887177252208655
0.2927790752159094	0.3409686330403705	0.3662522917437202
0.23793490198492212	0.1272462813987546	0.6348188166163233
0.3480310321350326	0.24080282317617135	0.4111661446887961
0.16705333530305	0.46830069394616275	0.36464597075078736
0.18444680700320504	0.35981309351056495	0.4557400994862301
0.38530920639419053	0.32472324594497814	0.2899675476608315
0.3556471053603479	0.36243507534080255	0.28191781929884974
0.1802541300570666	0.2942003314427765	0.5255455385001571
0.326501967105839	0.20231002820793537	0.4711880046862258
0.18798306079613034	0.19011927527791134	0.6218976639259585
0.28618777183844735	0.467778468062898	0.2460337600986547
0.1638942507655693	0.4403631668236	0.3957425824108308
0.3417483451399097	0.45710193652287123	0.20114971833721917
0.3718232777815077	0.2595940874268715	0.36858263479162084
0.33622308799079753	0.3904499170795158	0.27332699492968676
0.19952158703863745	0.21628494551103516	0.5841934674503275
0.09772816224578937	0.40589105146798365	0.49638078628622706
0.29474317126597877	0.2389805453568913	0.46627628337713006
0.24041895116906184	0.4438451020006943	0.315735946830244
0.3481524015309696	0.38767977332918624	0.26416782513984427
0.35374099171122836	0.14912296806377295	0.4971360402249988
0.17637823586457113	0.25776924448867855	0.5658525196467504
0.2595019612884613	0.16507354039211103	0.5754244983194278
0.2724421697885179	0.3135234750871516	0.4140343551243306
0.17391503022474797	0.1902019520942806	0.6358830176809716
0.20139352887588186	0.3894434899534589	0.4091629811706594
0.18021190221763936	0.15736351434500678	0.6624245834373539
0.2472190497054511	0.15065274736333506	0.602128202931214
0.20866244408390433	0.41665426939456834	0.3746832865215275
0.27449032107418003	0.3503056675645039	0.37520401136131626
0.28146389648817927	0.2000946129287568	0.518441490583064
0.28904947261829617	0.2829430987195768	0.42800742866212715
0.09980997280155962	0.3953177231007098	0.5048723040977308
0.33047046929192414	0.38498717124367277	0.2845423594644032
0.4124052142879914	0.23712251562927136	0.35047227008273735
0.22385434870122695	0.43837627667500345	0.3377693746237697
0.348334579688108	0.4348840015248723	0.21678141878701984
0.3642220080113687	0.3404760785938633	0.295301913394768
0.4079862549130339	0.43904889041495354	0.15296485467201262
0.3210840162498423	0.3658709852912843	0.3130449984588735
0.3659945303084668	0.34442637594319986	0.2895790937483334
0.2775463352130856	0.32935283506303664	0.39310082972387794
0.3882454240091995	0.35936372750040346	0.25239084849039717
0.3340839273014444	0.4041030995345116	0.26181297316404406
0.19132249286544029	0.17385603375622827	0.6348214733783315
0.36324881623094707	0.17824395627006162	0.4585072274989914
0.16066338921559373	0.3992146531934814	0.440121957590925
0.40298899749999123	0.20829004325899295	0.3887209592410159
0.3161487285920493	0.35903475945180824	0.3248165119561426
0.17217943747684297	0.45565050189347395	0.3721700606296832
0.1820337221438647	0.2163080577283079	0.6016582201278275
0.3704657614116724	0.4677236886870668	0.16181054990126081
0.37593521375031563	0.14690579799004297	0.4771589882596415
0.26210144113254397	0.21917140532720228	0.5187271535402538
0.41036525876565877	0.11920507972968886	0.4704296615046525
0.3227850279739673	0.3064360641519537	0.37077890787407913
0.2055611431414767	0.49863060782351454	0.2958082490350089
0.32003112539375406	0.4358888330921224	0.24408004151412366
0.10993577280222558	0.4869937944011534	0.40307043279662114
0.23629155484225015	0.47676407278273336	0.2869443723750166
0.2781697988963178	0.22487601146851158	0.4969541896351707
0.4295235891616813	0.12880789842347914	0.4416685124148397
0.16171136639724568	0.24537007745036649	0.592918556152388
0.19047285757746996	0.11579685337961534	0.6937302890429148
0.40473873196641	0.24603184356758478	0.3492294244660053
0.34615508001568046	0.17472646487419086	0.4791184551101288
0.15784985220615574	0.48369456811329936	0.35845557968054503
0.35658193492898166	0.24216120639052052	0.40125685868049793
0.21604137283432334	0.3837680745893983	0.4001905525762785
0.2959317576872267	0.330787607688987	0.3732806346237864
0.3457983650197272	0.2446318698343193	0.4095697651459536
0.4091205073094569	0.14975356501720577	0.4411259276733374
0.34881706870251505	0.2901171294508846	0.3610658018466005
0.21758521635636352	0.4560965175008804	0.32631826614275616
0.10313362621299005	0.40844931484534924	0.4884170589416608
0.3065689140041253	0.4141601084385653	0.2792709775573095
0.31401069438387713	0.11952669934315296	0.56646260627297
0.2737226257392203	0.34938027887047796	0.3768970953903018
0.4112746537222805	0.45558814968633504	0.13313719659138457
0.17503516886908152	0.11291340341092104	0.7120514277199976
0.2979415034811748	0.14442664047900663	0.5576318560398187
0.2715930638403391	0.4164434696037352	0.31196346655592583
0.19028160864394378	0.4561972639056743	0.3535211274503821
0.3943274588662712	0.3542920813733219	0.251380459760407
0.42315091729426846	0.2785312877858817	0.29831779491984994
0.3599878077557636	0.3835309593615137	0.25648123288272273
0.34789658902039466	0.24218180025947492	0.40992161072013056
0.136438246624349	0.34123936567160973	0.5223223877040415
0.32235698366117754	0.32674094332587117	0.35090207301295134
0.25748633629605583	0.14604217023629396	0.5964714934676503
0.3488642744873266	0.13136691228485425	0.5197688132278193
0.10268956110449179	0.20981996109981457	0.6874904777956938
0.21836959483008023	0.4094640698624732	0.3721663353074467
0.10399416054925198	0.33633018440886375	0.5596756550418844
0.25976570269883653	0.45191648374494053	0.2883178135562231
0.19025383929595086	0.22605646656488673	0.5836896941391625
0.1360629409847369	0.2841455566573025	0.5797915023579607
0.22370916975821048	0.15435177366335878	0.6219390565784308
0.27788734920243685	0.41412393759663474	0.3079887132009285
0.3393739036652676	0.1354456051958322	0.5251804911389003
0.3344069429488698	0.18394803669615079	0.4816450203549795
0.17544516729733733	0.4209918013914944	0.40356303131116833
0.13833753801942844	0.412950568114984	0.44871189386558763
0.232240363611844	0.24755885586870935	0.5202007805194468
0.2445025900368413	0.22773307400973908	0.5277643359534198
0.22374379204524847	0.4541722423395998	0.32208396561515185
0.3976988823763177	0.12681186980091122	0.4754892478227712
0.17890994298207943	0.15812900822929693	0.6629610487886237
0.30504537189934855	0.44238367142147744	0.2525709566791741
0.4235472905725859	0.14777110342419575	0.4286816060032185
0.30259057494567887	0.4461943614590409	0.25121506359528034
0.18839509169717916	0.19008342603642642	0.6215214822663946
0.4085710119135244	0.4540354852826156	0.1373935028038601
0.2838600309849253	0.37018408506340883	0.345955883951666
0.42761107887643235	0.4282869509836382	0.1441019701399295
0.42164612130841306	0.42652391653018956	0.1518299621613975
0.10263690585546104	0.4624241345680231	0.434938959576516
0.4196114773970475	0.42672967746913915	0.15365884513381345
0.37882434627075945	0.2700935784585294	0.3510820752707113
0.43469602941196833	0.27163870432851756	0.2936652662595143
0.19243242234294358	0.48232291324120713	0.32524466441584937
0.28823135742221473	0.25660451249677474	0.45516413008101064
0.3897473532284632	0.11920862366115495	0.491044023110382
0.34592193278345656	0.13332143754670878	0.5207566296698347
0.2331113451399881	0.20721177018482656	0.5596768846751854
0.31194130340025866	0.4881654658496387	0.19989323075010274
0.3342336097940012	0.1758376364377819	0.48992875376821704
0.2583722549227371	0.3021012737187111	0.43952647135855194
0.17666195900390427	0.18336051787670704	0.6399775231193888
0.2688860156489392	0.2261183308392389	0.5049956535118221
0.19807064747448896	0.48407862906404425	0.3178507234614669
0.2796486165390726	0.18013817919771344	0.5402132042632142
0.3547521152248098	0.3030554572286592	0.3421924275465311
0.3237522464776913	0.36029952219418776	0.315948231328121
0.21014711672835895	0.25125323158278456	0.5385996516888566
0.3781109101867482	0.39944069575644375	0.22244839405680816
0.26614535437975284	0.4631198366751903	0.27073480894505697
0.3952614267461681	0.11556966601667612	0.4891689072371559
0.3622396713990077	0.3186585649070638	0.3191017636939286
0.1095253050405462	0.4183967644333252	0.4720779305261287
0.3845688523012797	0.48170537425182347	0.1337257734468969
0.282328497207621	0.499237496788708	0.21843400600367113
0.415999343338859	0.37508404146070456	0.2089166152004365
0.14708096944870475	0.32795279388676185	0.5249662366645336
0.4048372535605003	0.48546706269886014	0.10969568374063962
0.3122477543686156	0.4916521016114174	0.19610014401996706
0.13470028939321368	0.5002474800398624	0.3650522305669241
0.24218921947083535	0.42853115704046263	0.3292796234887021
0.16815907652147688	0.3397937060953257	0.4920472173831975
0.25599457174205886	0.3172934239385601	0.42671200431938117
0.22156671629737668	0.4866604821610963	0.2917728015415271
0.14030340086757476	0.26838807886067245	0.591308520271753
0.40716034533039225	0.4331808222481719	0.15965883242143603
0.14393241139853866	0.17818699297870463	0.6778805956227569
0.11125876287794195	0.13208243063438724	0.7566588064876709
0.33106174268880234	0.2966778457510904	0.37226041156010736
0.22687848712477965	0.1244063522195778	0.6487151606556427
0.43387011953127014	0.41282628541745736	0.1533035950512726
0.423911302506392	0.4131806298305133	0.16290806766309487
0.3064157294969198	0.26617730878334156	0.42740696171973874
0.3063562247887204	0.41432648668916217	0.27931728852211757
0.37876778312795484	0.22883564974940226	0.392396567122643
0.19949308146788458	0.4112185652576173	0.38928835327449823
0.4282386352847556	0.45711034438687337	0.11465102032837113
0.38320216603511464	0.23176790149945264	0.38502993246543277
0.3140152472126542	0.38983326377617	0.2961514890111759
0.3979485582668195	0.1386307410246137	0.4634207007085669
0.26585828973286607	0.24367468205661286	0.4904670282105211
0.28838207157522944	0.27164249994965667	0.43997542847511406
0.4256310593825237	0.3932065642991921	0.18116237631828433
0.11050480606964475	0.42478537330873023	0.46470982062162514
0.12042702791841414	0.2305846229896793	0.6489883490919066
0.1344305329408677	0.23514680826796341	0.630422658791169
0.31788483925379296	0.22214221892497457	0.45997294182123255
0.3627038877459022	0.4539768602851765	0.1833192519689214
0.3601665107956023	0.320374101499954	0.31945938770444376
0.420483108290159	0.1886144358200539	0.39090245588978717
0.34250122378935177	0.3349851517830733	0.32251362442757503
0.11091231986166603	0.4234999869098397	0.46558769322849436
0.1760673539749833	0.3550747629979094	0.4688578830271074
0.42105156397888005	0.48079828838463456	0.0981501476364855
0.20990029659937434	0.21822022814622943	0.5718794752543963
0.25068312754789057	0.1908449108628399	0.5584719615892697
0.3954086956439342	0.3300946847214477	0.27449661963461824
0.32022604653210957	0.36747040377326873	0.3123035496946218
0.18782830314847948	0.12067859759671393	0.6914930992548067
0.25927891612489196	0.28245122836140096	0.4582698555137072
0.4246875638011136	0.32961953581919806	0.24569290037968847
0.13974650788647483	0.4931353932629553	0.36711809885057
0.227711610026557	0.5035102925776465	0.2687780973957967
0.21050556674329596	0.4289972523897566	0.36049718086694754
0.21298750995240198	0.3769001130278304	0.41011237701976777
0.25258652576501545	0.4747444636881095	0.27266901054687515
0.22076016546716115	0.24509057422802533	0.5341492603048136
0.4173843293555528	0.34260459380011415	0.24001107684433312
0.4076585682517343	0.44615262213631646	0.14618880961194936
0.4034684653372278	0.37645154911933254	0.22007998554343977
0.4342586338710554	0.30540978823805676	0.2603315778908879
0.28489526192719583	0.47487198099634703	0.24023275707645725
0.2701190832904744	0.11216231711890046	0.6177185995906253
0.11501007562967441	0.4649156259254233	0.4200742984449024
0.15904212955831232	0.3864668383660902	0.4544910320755976
0.40241101096681914	0.3074101291709848	0.29017885986219616
0.3556706114982244	0.4044945697629	0.2398348187388757
0.26009634974979634	0.1722715315927898	0.567632118657414
0.30431643298761457	0.278586467114312	0.41709709989807353
0.42032532361225944	0.32600388964984794	0.2536707867378927
0.15508485780760645	0.12822998124174056	0.7166851609506532
0.4302908455016589	0.17716380534739318	0.392545349150948
0.15005717512933237	0.347690239794467	0.5022525850762007
0.40324658504109817	0.36909614542603797	0.22765726953286397
0.2820695033633201	0.28625933687118216	0.43167115976549786
0.11592912969693031	0.4455156677395504	0.4385552025635194
0.16243146405895648	0.12031255751465716	0.7172559784263866
0.2526633691721395	0.4652726333056205	0.2820639975222401
0.12233800909059461	0.22133644837038977	0.6563255425390158
0.19349259127058938	0.1619087862605166	0.6445986224688942
0.2073721151093047	0.38637228674248825	0.40625559814820716
0.1299553691333122	0.11618294623954001	0.753861684627148
0.1594396924719425	0.1296716635339103	0.7108886439941473
0.36726005663308686	0.24238214952403037	0.3903577938428829
0.3317948438374705	0.18461089940647638	0.4835942567560533
0.22697544042717235	0.2796578944610297	0.49336666511179805
0.14056050716227514	0.13107769051212192	0.7283618023256031
0.3730967434257781	0.38809506161703144	0.23880819495719058
0.2744774359358443	0.4750477252678803	0.25047483879627563
0.11250788946497225	0.22724042364073765	0.6602516868942903
0.19825739798840825	0.13354083116728077	0.6682017708443111
0.2880324915089232	0.262469652968899	0.4494978555221779
0.20231270280249491	0.27251951633288474	0.5251677808646205
0.14405738750945546	0.30844956219932157	0.5474930502912231
0.2885116890801528	0.3252148266825216	0.38627348423732566
0.3869853336311427	0.12332650601143497	0.48968816035742246
0.11484249580837436	0.18640480231392115	0.6987527018777047
0.10799792899101032	0.11174428787192683	0.780257783137063
0.24060194763146425	0.25323120861444515	0.5061668437540907
0.10371973476821925	0.49948886210303534	0.39679140312874556
0.3735880178136819	0.26137670338378266	0.36503527880253556
0.22964413533872371	0.47447753350619937	0.29587833115507706
0.42698250323212483	0.16475431548139965	0.40826318128647565
0.2521914828162767	0.2368337170793864	0.510974800104337
0.3485156971506376	0.4447553672145293	0.2067289356348332
0.1881535426738207	0.4424556361840097	0.36939082114216976
0.3132318982878734	0.44311629012701687	0.24365181158510985
0.41419133337458447	0.5030404797415738	0.0827681868838418
0.30714907123789187	0.3135850083843377	0.3792659203777705
0.4237245173567666	0.17866328642200235	0.3976121962212311
0.14205299811088046	0.3723420443117045	0.48560495757741523
0.2021496162305859	0.21098822319132673	0.5868621605780875
0.25685521887954305	0.24926093324146498	0.4938838478789921
0.11716644134059676	0.25880670960929053	0.6240268490501129
0.24253896792707186	0.31116276112514846	0.44629827094777985
0.14092301155233486	0.21392485878462927	0.645152129663036
0.2544168406557151	0.47925672975315015	0.26632642959113484
0.35736454795061934	0.3490675077983866	0.2935679442509942
0.0979953830146314	0.3101445051380048	0.5918601118473639
0.29421263033911405	0.22730964311477633	0.47847772654610976
0.3674460230441999	0.2972693710659733	0.3352846058898269
0.24590765763861952	0.397422583044291	0.35666975931708955
0.3373120836923953	0.44059991656162334	0.22208799974598148
0.1991021140135115	0.35194315698608225	0.4489547290004064
0.29251965698740473	0.2325920481740553	0.47488829483854006
0.37261305821628166	0.4431503426251059	0.18423659915861257
0.21513673636303624	0.20409953984634635	0.5807637237906176
0.4404749065423694	0.13469609330949625	0.4248290001481344
0.1421848540364923	0.14253941241290669	0.7152757335506011
0.255081806975342	0.34617149796738567	0.39874669505727245
0.21599408147182136	0.27530300333683616	0.5087029151913426
0.1889558857997904	0.14902433221275857	0.6620197819874512
0.17320321744343867	0.2439260914874749	0.5828706910690865
0.1869216731400566	0.47171218683748484	0.3413661400224587
0.40324727442117236	0.37684622641614984	0.21990649916267785
0.14462577300600912	0.42711631876094763	0.4282579082330433
0.3431181149293599	0.11514670268729782	0.5417351823833424
0.21709817456616998	0.5025036559313775	0.2803981695024526
0.3402337067369152	0.41617959237755175	0.24358670088553314
0.3794826716376086	0.31969051872925613	0.30082680963313535
0.22076837297247787	0.24476941319123513	0.5344622138362871
0.31721446957399313	0.46895426890558733	0.2138312615204197
0.34444366139637766	0.4057776997538294	0.24977863884979307
0.35697283356532755	0.2672135354299311	0.3758136310047414
0.3012383621677515	0.30791698799923717	0.39084464983301137
0.252410343915089	0.4745566979575129	0.27303295812739825
0.25668286113617256	0.3932902265608659	0.3500269123029617
0.16846972920098682	0.17894329078980878	0.6525869800092046
0.4139651040577619	0.21616137787425102	0.3698735180679872
0.10083040504814922	0.4976962485371263	0.40147334641472465
0.30004091007967193	0.31544075295735396	0.3845183369629742
0.41447996082878147	0.41341154285398307	0.17210849631723557
0.1843230660487768	0.46994477889009734	0.34573215506112603
0.324373878363739	0.24613420229730681	0.4294919193389543
0.42636635382921095	0.2821405019418813	0.2914931442289079
0.12071119518346779	0.31774902594617005	0.5615397788703623
0.1312299721516587	0.286005388118228	0.5827646397301134
0.1299668662061876	0.15638605914150927	0.7136470746523033
0.2108973820906824	0.45430435032430494	0.33479826758501274
0.20660047719653207	0.38928754419065104	0.404111978612817
0.22072280931986682	0.20575817981440345	0.5735190108657299
0.09951724653708072	0.26657149254149143	0.6339112609214279
0.4358851071412425	0.4519867091984134	0.11212818366034424
0.3419826046935117	0.2618484888041325	0.3961689065023559
0.24701667601937663	0.39390427445142834	0.3590790495291951
0.34440053909844537	0.203281800684062	0.45231766021749276
0.16871499043559818	0.2595548654265566	0.5717301441378453
0.41023824502437833	0.4116494841741627	0.17811227080145905
0.279307042594475	0.3679195995870423	0.35277335781848285
0.29872354674571805	0.15388249049550606	0.547393962758776
0.3532870819827264	0.39996408914545134	0.24674882887182237
0.3646136960442421	0.11819214590711424	0.5171941580486438
0.35821761750992864	0.20594489647082415	0.4358374860192473
0.3206151851196145	0.38392369261802356	0.29546112226236204
0.18786096536688543	0.4691007317387319	0.34303830289438275
0.21226745131210983	0.3334189436344808	0.45431360505340945
0.15840806016682343	0.2541075632675397	0.587484376565637
0.3282402810758722	0.45138511544208026	0.22037460348204757
0.3731136889239791	0.18275985047338333	0.4441264606026376
0.17665795950538013	0.3396743599142024	0.48366768058041754
0.23229152575932815	0.3318034262582711	0.43590504798240093
0.2382434017908715	0.46491582173900126	0.29684077647012735
0.3943090626386428	0.4864270551076836	0.11926388225367368
0.2767913150459156	0.4562123939257472	0.26699629102833733
0.425594678556633	0.3205219829469641	0.25388333849640293
0.39928127650728806	0.4918844350949093	0.10883428839780271
0.40981752263916105	0.21326524438637293	0.37691723297446617
0.18615372219581763	0.4665846739464569	0.3472616038577256
0.4210131231628381	0.3660243932952477	0.21296248354191433
0.35239688998811153	0.12268031782813849	0.52492279218375
0.1973370569342271	0.24528921720862235	0.5573737258571507
0.14381275391246123	0.4298641125760826	0.42632313351145634
0.16789766525366898	0.42204103637057067	0.4100612983757605
0.14764637882694057	0.3329410482093296	0.51941257296373
0.11002610398035739	0.36112419970127757	0.5288496963183652
0.19114412341621342	0.2508276883557665	0.5580281882280202
0.17238819956420753	0.16901706893284918	0.6585947315029435
0.18104354521660554	0.42563477404624384	0.3933216807371508
0.14070558380190337	0.11420270256624121	0.7450917136318556
0.16076460064641354	0.4023766000554981	0.43685879929808846
0.39009563166860256	0.4867191142847226	0.12318525404667496
0.2698215872139492	0.4179892218772632	0.31218919090878766
0.310391839614089	0.19118244730298212	0.498425713082929
0.19715102595226947	0.38887157044657317	0.41397740360115753
0.26460727798371364	0.2603853401267812	0.4750073818895052
0.22250059893719337	0.16924416313828983	0.608255237924517
0.2715944528992699	0.5016939738900978	0.22671157321063237
0.4152243221895669	0.31291213879365737	0.27186353901677585
0.39206894803652503	0.4394303685154385	0.1685006834480366
0.2007815146254574	0.3287131731238057	0.470505312250737
0.41080203490135214	0.38993067612517407	0.19926728897347393
0.2851496409389704	0.44539172284730205	0.2694586362137277
0.22569284588551083	0.47434096792992564	0.2999661861845636
0.3408665748662859	0.4296726413398412	0.22946078379387302
0.19348016335960425	0.2120863620027964	0.5944334746375994
0.22842279221989548	0.28059396042738305	0.4909832473527216
0.2112999020385261	0.4741953032383448	0.3145047947231292
0.36319761327652	0.29679383143669974	0.34000855528678037
0.31410235318138247	0.2589018929702702	0.4269957538483474
0.19208182039693772	0.3338180579552985	0.4741001216477639
0.22525220725027156	0.19688091900535357	0.5778668737443751
0.37992951290466936	0.21056878625628317	0.4095017008390476
0.17785322003538107	0.3859216698375425	0.43622511012707654
0.3720981400358362	0.17347827306080932	0.4544235869033546
0.376918863154071	0.336714526249248	0.28636661059668106
0.323618628753358	0.17838207833354178	0.49799929291310036
0.2136105001962731	0.1691461192322401	0.617243380571487
0.3647136826768401	0.47935331243792545	0.15593300488523448
0.38733469010008503	0.12081173833727527	0.49185357156263976
0.3142916587174438	0.3025609499519992	0.3831473913305571
0.41218181055537345	0.2309679434449588	0.35685024599966786
0.15136193441149792	0.3744573629852453	0.47418070260325695
0.15637325905170502	0.3475460053267884	0.4960807356215067
0.2939116058173036	0.25804749420872686	0.4480408999739697
0.42936406376270675	0.3268549580027695	0.24378097823452385
0.36742035113803123	0.4483186658543091	0.1842609830076598
0.3113221440687371	0.3244023655391602	0.36427549039210283
0.3159570026467722	0.20949491747723584	0.4745480798759921
0.13631576644953397	0.49438337085838946	0.3693008626920767
0.2506094581510945	0.2634559410529953	0.48593460079591033
0.253651285344636	0.1990663927499425	0.5472823219054217
0.135596512923082	0.37689692256748913	0.487506564509429
0.1828935581487231	0.3284329936042411	0.48867344824703596
0.3413123065852782	0.4911426453708665	0.16754504804385537
0.4296153724537113	0.16282779496603803	0.40755683258025077
0.3797280158698319	0.4262146006767347	0.19405738345343349
0.19218163866403845	0.35727391363852595	0.45054444769743573
0.11403540079679703	0.22102365880937694	0.6649409403938262
0.3398115879460203	0.4593437023174213	0.20084470973655857
0.19661698310957212	0.36202475005914125	0.44135826683128676
0.36538713245814386	0.4606405528420319	0.17397231469982433
0.22465149593642003	0.2962740362355781	0.479074467828002
0.308162213963923	0.3495339166152314	0.3423038694208457
0.10537182087113744	0.1410370139479054	0.7535911651809573
0.18890501795886827	0.1647984343899267	0.646296547651205
0.20130398455727241	0.2898234063899575	0.5088726090527702
0.15026655379493797	0.1362177732785781	0.713515672926484
0.13698758216947982	0.4445761134877894	0.4184363043427309
0.28349335116501434	0.17966739318028038	0.5368392556547055
0.42354034022532383	0.45335166735129717	0.12310799242337903
0.2836781861360921	0.403451002477879	0.312870811386029
0.23282605118043184	0.41579513866829265	0.35137881015127564
0.3157238506083098	0.3671598675807053	0.317116281810985
0.29564033712358867	0.16835514710475336	0.5360045157716581
0.2562466867983751	0.4519972170632778	0.29175609613834724
0.3529346724013521	0.16582901783611195	0.48123630976253606
0.11159825966103418	0.46858692531814483	0.41981481502082113
0.2776486655488147	0.43589453113769333	0.2864568033134921
0.41099693396817577	0.31023612874840256	0.2787669372834218
0.39469234973817446	0.3466899960806203	0.25861765418120536
0.36036798863454084	0.4415597119985427	0.19807229936691656
0.358332571516563	0.4680913945570959	0.1735760339263412
0.3092767841228763	0.1285879872991466	0.5621352285779773
0.1079408741538262	0.37052027085095257	0.5215388549952213
0.14433487831444314	0.2838841386035386	0.5717809830820184
0.40567557361400663	0.1328734707832266	0.4614509556027669
0.17754583884462893	0.3961883289038206	0.4262658322515506
0.11310347834376755	0.4269438647899828	0.45995265686624975
0.4315892980526931	0.46864724441177813	0.09976345753552895
0.25964587860823796	0.3495430229688158	0.39081109842294637
0.3331034480970688	0.3411781124231885	0.32571843947974277
0.10599398140660887	0.2871565233769141	0.6068494952164771
0.10132361850133612	0.500798542486592	0.3978778390120721
0.2558029706138961	0.41193698740609186	0.33226004198001213
0.3025465047899513	0.3984077845258765	0.2990457106841723
0.22256207114124194	0.4448544539723369	0.33258347488642126
0.1186871390030855	0.29997202947134927	0.5813408315255654
0.2694704689812329	0.15880727344091158	0.5717222575778557
0.30700497648632297	0.42203889659392424	0.2709561269197529
0.3616330185792106	0.2516212248386554	0.38674575658213417
0.29910432108161267	0.14414273253440502	0.5567529463839824
0.2592983439878066	0.4916010942265771	0.2491005617856164
0.3666966574038979	0.37761376406528435	0.25568957853081786
0.1388686660224323	0.15971272319511298	0.7014186107824548
0.1746916622819319	0.5025567669935673	0.3227515707245009
0.4326748561465905	0.3713275498288876	0.195997594024522
0.33723511750539825	0.11321320338123553	0.5495516791133663
0.10212049925885808	0.2616427222015364	0.6362367785396057
0.4312337231640424	0.3108130634496431	0.2579532133863146
0.3631282327384435	0.46470336674633006	0.17216840051522653
0.4111748571990115	0.29245093580049664	0.29637420700049205
0.10710170924405865	0.48617992747913913	0.40671836327680233
0.4258867485965696	0.250262914441675	0.3238503369617555
0.31129210159086534	0.13412528453524047	0.5545826138738943
0.40953909493306556	0.34806970570784435	0.24239119935909018
0.23530832231337712	0.24451461012013948	0.5201770675664835
0.41781416007915095	0.4062719001058057	0.17591393981504339
0.27280117080268534	0.17573259956510945	0.5514662296322053
0.30788444642805246	0.3902676700228299	0.30184788354911773
0.43311235162586437	0.2226122924127048	0.34427535596143094
0.3781044355980294	0.12856130712752797	0.4933342572744427
0.35786341261559784	0.39511735918586105	0.24701922819854122
0.2582438512993369	0.4669887198193622	0.274767428881301
0.3423237892606693	0.2782122520183869	0.37946395872094396
0.1111156245125165	0.44967849806248655	0.43920587742499706
0.16294089839566261	0.4456839668988358	0.39137513470550167
0.2430740800905261	0.21879271666929156	0.5381332032401824
0.3745103146337851	0.48842859717452364	0.1370610881916914
0.17531009875489853	0.4237449494439594	0.4009449518011422
0.30663763920950193	0.4842186347403071	0.20914372605019113
0.26519559118830743	0.14187702179817413	0.5929273870135185
0.38368078449890813	0.46927252442103656	0.14704669108005541
0.1856218798903138	0.4351390233436475	0.3792390967660388
0.21833876411387074	0.19101166711813675	0.5906495687679927
0.351618591739233	0.2711949088605792	0.37718649940018795
0.39673242515307955	0.49942727723828456	0.10384029760863606
0.44053302564850716	0.19911745846394185	0.3603495158875511
0.24442556122829961	0.29439867153121446	0.46117576724048603
0.31777161495792916	0.19138924147516923	0.4908391435669017
0.3771285946496694	0.2088480227759005	0.4140233825744302
0.4035311553662533	0.25510549128628585	0.341363353347461
0.38473314717418017	0.4186265445652693	0.19664030826055062
0.26302791508304335	0.14507348326326935	0.5918986016536875
0.14240977382456044	0.3477212971227765	0.5098689290526632
0.15736769351922025	0.11570945477504851	0.7269228517057313
0.2853238048032812	0.4610178369703065	0.2536583582264125
0.39728175434637014	0.2911117798535987	0.31160646580003126
0.23636457254437818	0.13215972397915848	0.6314757034764634
0.43393445515226303	0.21150807989964882	0.35455746494808826
0.12501377494134466	0.34577197827221645	0.529214246786439
0.3776256812933489	0.28836383537999055	0.33401048332666067
0.3616509811344138	0.4649696149190883	0.17337940394649803
0.31802033235726684	0.2633728571556969	0.41860681048703635
0.27284084035382367	0.2552601307327771	0.47189902891339935
0.12065926499062127	0.35575477228373764	0.5235859627256412
0.2320537873629145	0.5017175596835471	0.2662286529535385
0.333315058751106	0.47093526163553845	0.19574967961335565
0.4107759453240345	0.3467859563807129	0.2424380982952527
0.13174920794662917	0.26152519471520264	0.6067255973381683
0.41154834376507754	0.2793355365080166	0.3091161197269059
0.4140605626424884	0.35352693503660276	0.23241250232090896
0.140945621452924	0.49301485398311184	0.36603952456396427
0.3557616924912993	0.2394069107874054	0.4048313967212954
0.1966252196968632	0.11593956099963942	0.6874352193034975
0.35769423044251053	0.4999415669087056	0.14236420264878402
0.2974066420027197	0.20372506892793912	0.4988682890693412
0.19825850278731702	0.3251514170931311	0.476590080119552
