0.3755348007733155	0.3755312930900162	0.24893390613666838
0.3754740938230962	0.37560104411021067	0.24892486206669323
0.3755505586490542	0.3755491407206141	0.2489003006303318
0.3754819707657338	0.37559974700425425	0.24891828223001206
0.37554009733515165	0.3755581082244425	0.24890179444040597
0.3754780948168339	0.3755918819365146	0.24893002324665164
0.3755267508791447	0.37554813685514354	0.2489251122657118
0.3755024101701556	0.3755898343667224	0.24890775546312213
0.37553852934416293	0.3755277837589995	0.2489336868968377
0.37555721737122405	0.37552736430144956	0.24891541832732644
0.3754977336301441	0.3755823345159347	0.2489199318539213
0.37547419287662265	0.375595412097216	0.24893039502616146
0.37552307740255464	0.37554816145238196	0.24892876114506352
0.3754836541311201	0.37559405112054367	0.24892229474833633
0.3754986390240063	0.3755905322012469	0.2489108287747469
0.37550831057101397	0.3755929463902131	0.24889874303877296
0.37548560721861285	0.37559545090173546	0.2489189418796518
0.37548302964998437	0.3755993612419102	0.24891760910810556
0.375504158097349	0.3755693841025968	0.24892645780005432
0.3755218163696241	0.37558728798437546	0.24889089564600048
0.3754831107856349	0.3755802457979938	0.24893664341637137
0.3755400316576018	0.3755499218161832	0.2489100465262151
0.37555089167422595	0.3755390997198852	0.2489100086058889
0.3755201838994108	0.37557571155076847	0.24890410454982087
0.3754827876409348	0.37558097123450823	0.2489362411245571
0.375542802349886	0.37554413302066864	0.24891306462944546
0.37550436183938857	0.37558571780593286	0.24890992035467865
0.3755067661109434	0.3755849279133465	0.24890830597571018
0.37550423355005885	0.37559639476007683	0.24889937168986445
0.3754775277537294	0.3755980218051652	0.24892445044110556
0.37553145246189706	0.37556373184815783	0.2489048156899452
0.3755382762061173	0.375540371065233	0.24892135272864976
0.37554472425912616	0.37555039759697506	0.2489048781438989
0.3755142648416969	0.3755624121283765	0.2489233230299267
0.37555297963969336	0.3755260241869729	0.24892099617333388
0.37550390114133175	0.375598005559601	0.24889809329906737
0.3755357320534015	0.3755298818186016	0.248934386127997
0.37555435834123757	0.3755513831537751	0.24889425850498742
0.37550458841993	0.37556324293079063	0.24893216864927947
0.37555503255454814	0.37555589092270714	0.24888907652274483
0.375545808352564	0.37554455524835884	0.2489096363990773
0.3755079646798388	0.3755721739983315	0.24891986132182983
0.3755555193986942	0.375535037642255	0.24890944295905093
0.37551695001706764	0.3755575258877752	0.24892552409515728
0.3755078684889208	0.3755801483780637	0.2489119831330156
0.37553383687479097	0.3755541558237822	0.24891200730142693
0.37553450538269334	0.37555512989214224	0.2489103647251646
0.3755295237900323	0.37557919583789084	0.248891280372077
0.3755494268322478	0.37553649821683877	0.2489140749509135
0.37554367222950163	0.3755255024675145	0.248930825302984
0.375525778158532	0.3755449458308964	0.2489292760105717
0.3755325414534302	0.3755707363402333	0.24889672220633663
0.3754971825663782	0.3755804995530596	0.2489223178805623
0.37556733153126376	0.375544494582395	0.24888817388634132
0.3755296217905942	0.3755817667514189	0.24888861145798702
0.3755565592139666	0.37552891957962187	0.24891452120641172
0.3755741827079828	0.3755353232692386	0.24889049402277866
0.3755043152522255	0.3756005764277227	0.24889510832005188
0.3755193784670204	0.375573251900757	0.2489073696322227
0.3755450023866146	0.3755570129340343	0.2488979846793512
0.3754805828536342	0.3756014009703486	0.24891801617601728
0.37550837569404755	0.37559799584211123	0.24889362846384133
0.37554259179948085	0.3755688147570737	0.24888859344344558
0.3755434107285806	0.3755624848351962	0.24889410443622326
0.3755269066950325	0.37555135507128223	0.24892173823368535
0.37554826704914324	0.3755487481793142	0.24890298477154266
0.3755260314935673	0.3755368526298965	0.24893711587653633
0.37550703220931786	0.37559877746518333	0.24889419032549895
0.3755012189340646	0.37558251430799305	0.24891626675794248
0.3755111064115804	0.375578324142446	0.24891056944597365
0.37550820634325466	0.3755701114942959	0.24892168216244953
0.37555833183954085	0.37554753343005715	0.24889413473040212
0.37551057798481563	0.37557545820008087	0.2489139638151036
0.37550500981355406	0.37559141582250377	0.24890357436394225
0.37549924300320836	0.37556775408072024	0.24893300291607148
0.375490958184305	0.37560039339765056	0.24890864841804455
0.37553436828570375	0.3755300983189499	0.24893553339534646
0.37547737596774056	0.37559052998005676	0.2489320940522028
0.3755573722650259	0.37554394581389383	0.2488986819210804
0.3755031732606664	0.37556652237898014	0.24893030436035354
0.3755126410399866	0.3755986727249335	0.24888868623507998
0.3755223547911556	0.37556930612829187	0.2489083390805526
0.3755206449693511	0.37555887373481117	0.24892048129583788
0.3755387311424028	0.37552913839418023	0.2489321304634171
0.37552660425305223	0.37557093912837075	0.24890245661857713
0.3755495995820867	0.3755491097621758	0.24890129065573757
0.375491438389705	0.3755815208637611	0.248927040746534
0.3755545818897915	0.3755472599558698	0.2488981581543388
0.37557208973429174	0.37553826865352097	0.2488896416121874
0.3755802413107097	0.3755285039961205	0.2488912546931699
0.37549376739692725	0.3756001502077008	0.24890608239537204
0.37548264701543893	0.3755816662750503	0.24893568670951088
0.3754820826178038	0.3756001357859694	0.2489177815962269
0.3754724984180744	0.37559173506102145	0.24893576652090424
0.3754706051903973	0.37559934920566634	0.2489300456039365
0.3755414494630434	0.3755647170202167	0.24889383351674
0.37554357063474786	0.37554206732567463	0.24891436203957762
0.3755384372883341	0.375559649515282	0.24890191319638405
0.37554790073799293	0.3755386754938191	0.2489134237681881
0.3755154765838044	0.37557337223542503	0.24891115118077067
0.37552077436785936	0.37556293359041903	0.2489162920417217
0.3755359950802162	0.37556252324582967	0.24890148167395426
0.3755645947558405	0.37554044006710974	0.2488949651770499
0.3755436230389241	0.375538385601059	0.24891799136001697
0.37555777604585305	0.3755272730163541	0.24891495093779298
0.3755297858130751	0.37557596212559957	0.24889425206132543
0.37554996230923016	0.3755251279411004	0.24892490974966963
0.3754783235748838	0.3755902229183362	0.2489314535067801
0.3755132941886301	0.3755668064786244	0.24891989933274558
0.37552195993834353	0.3755590721700398	0.24891896789161674
0.37547695660933933	0.3756002381569059	0.24892280523375487
0.3755592469865074	0.3755257436248437	0.24891500938864902
0.37550842982653165	0.37558323142272304	0.24890833875074542
0.37551855605818824	0.3755647315922348	0.24891671234957707
0.3755055808954575	0.37556530910514846	0.24892910999939416
0.3755449403064248	0.3755555983658606	0.24889946132771462
0.37549754748698144	0.3755662627764649	0.2489361897365538
0.37554002957736543	0.37556821273546737	0.24889175768716726
0.3755817829910335	0.3755278566624256	0.248890360346541
0.3755496227955316	0.3755331536653652	0.24891722353910328
0.37554384996552304	0.3755517479319843	0.24890440210249276
0.37553074526028457	0.375556772658051	0.24891248208166455
0.37552620374747103	0.37554739590188213	0.24892640035064695
0.3754929754751798	0.37558395696566116	0.24892306755915913
0.3755038232128186	0.37557365689129557	0.24892251989588587
0.3754837022775187	0.37557963082860557	0.24893666689387584
0.3755369443230067	0.37556643821178426	0.24889661746520916
0.37549847655497887	0.3755800826976961	0.24892144074732514
0.37554733807136353	0.37556241354320485	0.24889024838543175
0.37553068511465726	0.3755597281434389	0.24890958674190397
0.3755325858559482	0.3755496675251127	0.24891774661893923
0.3755133220897394	0.3755632351662974	0.2489234427439633
0.3755046037458354	0.37560152859565976	0.24889386765850496
0.37556545426932847	0.3755278668451394	0.24890667888553225
0.37555101907174054	0.37555038735653057	0.248898593571729
0.3754944999501053	0.37558122081428136	0.24892427923561344
0.37551399234720645	0.37557412387004424	0.24891188378274942
0.37549147910729297	0.3755995252389683	0.2489089956537389
0.37549454452146613	0.3755842690424108	0.24892118643612315
0.3755155616638624	0.37558274345260495	0.24890169488353278
0.3754815316086811	0.3755855960060823	0.24893287238523676
0.37556658666237797	0.3755312062293532	0.24890220710826894
0.37555365486471654	0.37553943827794484	0.24890690685733874
0.37549522034634586	0.37559875957315925	0.24890602008049503
0.37551186532375047	0.37557106916932326	0.24891706550692638
0.3754932480237463	0.37557552435973335	0.24893122761652048
0.3754973060722631	0.37559221459833464	0.24891047932940238
0.37551467830645235	0.3755608233211802	0.24892449837236755
0.3755241605449374	0.3755626117969745	0.24891322765808827
0.37554567169358344	0.37554391992870506	0.2489104083777116
0.37551412334796075	0.3755719780287661	0.2489138986232733
0.37555058892146187	0.37554883291413144	0.24890057816440683
0.3755402671361859	0.3755471827723891	0.24891255009142513
0.37551412026375763	0.3755803446968914	0.24890553503935112
0.37556254040355536	0.3755340232709202	0.24890343632552456
0.375537253113255	0.3755390261375073	0.24892372074923785
0.3754852782378263	0.3755871566087324	0.24892756515344144
0.3755269082962937	0.3755642485116887	0.2489088431920177
0.37548720389203527	0.375600657087074	0.24891213902089077
0.37555871622221215	0.3755348557683249	0.24890642800946303
0.37553887794072444	0.3755628148567102	0.24889830720256545
0.37553745574967967	0.3755750100557517	0.24888753419456872
0.37552303108317014	0.37554681252073585	0.24893015639609412
0.3755169165234347	0.3755516870859902	0.2489313963905752
0.37551151422966894	0.37559975975124427	0.2488887260190869
0.37555972696296375	0.37554980888109657	0.2488904641559398
0.375482680449764	0.37560079896092746	0.24891652058930863
0.37549804588053526	0.3755987685562743	0.24890318556319058
0.37555450826600034	0.3755504447516905	0.24889504698230924
0.3755087363131051	0.3755642453813316	0.24892701830556335
0.37549111993392464	0.3755924933004319	0.2489163867656436
0.3755202864536306	0.3755624861432533	0.2489172274031162
0.37555584941133563	0.375540490981817	0.24890365960684746
0.3755542674147207	0.3755360767901209	0.2489096557951585
0.3755290281662604	0.37555634661050896	0.24891462522323077
0.37548608155203844	0.3756016921477309	0.24891222630023077
0.37551926193912377	0.37555535760908376	0.24892538045179252
0.375511553735676	0.37558893954122174	0.24889950672310235
0.37555603644735847	0.3755372442218289	0.24890671933081276
0.3755315482351967	0.3755618299784661	0.24890662178633732
0.3754749778894176	0.3755950548570322	0.2489299672535503
0.37547670453275406	0.37559951518335133	0.24892378028389472
0.37554004788797707	0.375529447839535	0.248930504272488
0.3755741650487134	0.37553159389229596	0.24889424105899075
0.3755494329093047	0.37553044959395876	0.24892011749673665
0.3755414497699188	0.37553190312114715	0.24892664710893414
0.375556097786153	0.37553264063184855	0.24891126158199856
0.37548857794888263	0.37558177744788274	0.24892964460323475
0.3754806992203262	0.37558686195616503	0.24893243882350885
0.375560134828731	0.3755268345138046	0.2489130306574645
0.3754807681775276	0.3755982022641666	0.24892102955830586
0.37551203352040263	0.37559333964344854	0.24889462683614894
0.37547979905030426	0.37559542654402706	0.2489247744056688
0.37549201177123	0.3755788999158419	0.2489290883129282
0.37549448189462015	0.37560101208722513	0.24890450601815484
0.37551625271286515	0.3755503161742938	0.24893343111284116
0.3755068702164421	0.37556370586140103	0.24892942392215703
0.37557334065478604	0.3755253597490657	0.24890129959614835
0.3754890173479414	0.3755874157855891	0.2489235668664696
0.375561649363205	0.3755326792516083	0.24890567138518677
0.3755080809730618	0.37556478873418897	0.24892713029274927
0.37551983804728784	0.3755494951265093	0.24893066682620296
0.3755302729267992	0.37555916687360746	0.24891056019959346
0.375546441077987	0.37552903208796024	0.2489245268340528
0.37551384641122476	0.3755912818912586	0.2488948716975167
0.3755492231264567	0.3755484348405088	0.24890234203303455
0.37551797701034645	0.37558839499846536	0.2488936279911883
0.37554248829036224	0.37556490205029724	0.24889260965934057
0.3755168668628281	0.37559095062868036	0.24889218250849166
0.37554306252942793	0.37553190198706893	0.24892503548350325
0.37548152051597633	0.375581866088071	0.24893661339595277
0.3754831206667908	0.3755850840188711	0.24893179531433823
0.3754837638146893	0.3755911992504508	0.24892503693486
0.375498703781349	0.3755879799753737	0.24891331624327745
0.37548664910849583	0.3756009701891914	0.2489123807023129
0.3755484687501778	0.3755479891077417	0.2489035421420806
0.37555850256953865	0.3755501506181601	0.24889134681230132
0.3755503583280395	0.3755555148694677	0.24889412680249287
0.3755523373486212	0.3755439479855251	0.24890371466585381
0.37551466407362993	0.375576793815878	0.24890854211049213
0.3755372251173547	0.375565608074967	0.24889716680767843
0.37552280380467734	0.3755565113527001	0.2489206848426227
0.3755247377897474	0.3755845761965801	0.24889068601367265
0.37555288349919624	0.3755568971200501	0.24889021938075379
0.37551895080072334	0.3755634668506726	0.24891758234860412
0.3755509879982961	0.37555677334867915	0.2488922386530248
0.3755186101755385	0.3755513836125685	0.2489300062118931
0.3754804327176446	0.3755968420004291	0.24892272528192647
0.3755071608297484	0.37555874398192296	0.24893409518832876
0.3755084447864554	0.3755913293011337	0.248900225912411
0.37548473005743915	0.37559259437813786	0.2489226755644231
0.3754882301892608	0.3755806299548584	0.2489311398558809
0.37551245535662797	0.3755802734164418	0.24890727122693035
0.3755304803605087	0.3755760915644687	0.24889342807502274
0.3755626207154678	0.37554990681451644	0.24888747247001586
0.3755066630279145	0.37557554712642444	0.24891778984566115
0.3755519536309028	0.3755539588931426	0.2488940874759547
0.3754961309549231	0.3755670176002466	0.2489368514448304
0.37552994031094145	0.37556661968387633	0.24890344000518239
0.3755651650639767	0.375546784669531	0.2488880502664924
0.3754849126020692	0.3755801113749173	0.24893497602301362
0.37555230620021113	0.3755504249316084	0.2488972688681806
0.375560242514813	0.3755346977754541	0.24890505970973298
0.375580773457994	0.37553051905620755	0.24888870748579855
0.37549667069113324	0.37559033477287207	0.2489129945359948
0.3755205719161595	0.3755802678994929	0.2488991601843477
0.37550701458353286	0.3755887056425386	0.24890427977392865
0.37550324966015286	0.3755965368998484	0.2489002134399988
0.3754962402931322	0.3755684962618132	0.24893526344505468
0.3755394818089319	0.3755629805523989	0.24889753763866931
0.3754737870108965	0.3755984013782429	0.2489278116108607
0.37556924179761186	0.37554150553873644	0.2488892526636518
0.3755600630692399	0.3755343881129679	0.2489055488177923
0.3754757380122559	0.37559117094908645	0.24893309103865777
0.37555829834880233	0.37553433346395854	0.24890736818723924
0.3755151299503325	0.3755814499144588	0.24890342013520883
0.3754908246191928	0.37560078229660143	0.24890839308420587
0.37554954646857885	0.37555786563006355	0.2488925879013577
0.37548180292331124	0.3755856097044637	0.24893258737222512
0.37550892367930233	0.37555440116839056	0.2489366751523072
0.3755172516781134	0.37558999435484935	0.24889275396703736
0.37551463396785406	0.3755727912575806	0.2489125747745655
0.37554848268632784	0.3755399264883709	0.24891159082530134
0.37552741491851366	0.37554208681667806	0.2489304982648084
0.37556722223773165	0.37553239088093887	0.24890038688132962
0.37555013903204487	0.37554196355878044	0.2489078974091748
0.37554100332355767	0.3755357864414815	0.2489232102349609
0.37551655123902095	0.375586551631286	0.24889689712969315
0.37554162248927625	0.3755654269588619	0.24889295055186195
0.37551310984262365	0.37559534175636006	0.2488915484010164
0.3755177422675008	0.37557781842217	0.24890443931032935
0.37556690920756614	0.3755389689660653	0.2488941218263686
0.37553402145607434	0.37554703108740756	0.2489189474565182
0.3755236165143703	0.37553926059387255	0.2489371228917573
0.3755029112583156	0.37557076888817637	0.24892631985350816
0.3755198651406975	0.37557786071110644	0.24890227414819616
0.37557601943752256	0.3755252893274946	0.24889869123498293
0.3755417243048938	0.3755370983514351	0.24892117734367114
0.37554253386072506	0.37554871269871193	0.24890875344056307
0.3755256506728581	0.37555883036165544	0.24891551896548658
0.3755154790951807	0.3755763230736492	0.24890819783117024
0.3755290708623639	0.37556447070937543	0.24890645842826076
0.37548623211342336	0.3755838307680279	0.24892993711854883
0.37554439650560556	0.37553979408873556	0.24891580940565902
0.3755375682427802	0.3755600940406419	0.24890233771657805
0.37551562300341024	0.37556542488955275	0.24891895210703713
0.37556335631553944	0.37553138040994455	0.24890526327451606
0.37548299627395637	0.37559452603426735	0.2489224776917764
0.3755215876444453	0.3755528347107676	0.24892557764478715
0.3755553270472107	0.3755271454455216	0.2489175275072678
0.3755407205997248	0.37557172244863535	0.24888755695163994
0.3755554221793007	0.37553101692712815	0.24891356089357122
0.3755391146681456	0.37555813849036107	0.24890274684149344
0.3755032185691584	0.37556386137876724	0.24893292005207446
0.3755367795886263	0.37556149723272947	0.24890172317864434
0.3755531801454191	0.37555264277393435	0.24889417708064665
0.37552386927128006	0.3755487947758459	0.24892733595287414
0.3754846499541307	0.3755917010616946	0.24892364898417477
0.3755058859814372	0.3755759225123311	0.24891819150623185
0.37558049583660763	0.3755311862130599	0.24888831795033256
0.3755585992080126	0.37554490873514956	0.24889649205683795
0.37556228376211837	0.37553212209028214	0.2489055941475996
0.3755114555850359	0.37558417254691046	0.2489043718680537
0.375504662928836	0.37557370560574316	0.248921631465421
0.3755234484200557	0.3755737658922966	0.24890278568764782
0.375510441146516	0.375598344104438	0.24889121474904613
0.37556143961356964	0.3755426841731341	0.2488958762132964
0.37556143447298784	0.37555018492174913	0.24888838060526308
0.3755001105863802	0.37559441661021736	0.24890547280340253
0.37547677728196943	0.3755848133334833	0.2489384093845473
0.37551251326739377	0.3755673571245043	0.24892012960810206
0.37548539705646833	0.3755793402743216	0.24893526266921018
0.3755318234243734	0.375530124544657	0.24893805203096975
0.3755794083903676	0.3755254674566575	0.24889512415297504
0.37555107998248816	0.3755557044683212	0.24889321554919075
0.3755611528407645	0.37553223702355903	0.24890661013567653
0.37550966957312715	0.3755789950337883	0.2489113353930847
0.3754913965744866	0.3755933502138187	0.2489152532116949
0.37552735952496397	0.3755697846457401	0.24890285582929603
0.3755433411312598	0.37556737132678547	0.24888928754195483
0.3755668851200766	0.37553349365949973	0.2488996212204238
0.3755117745015353	0.375553610332215	0.24893461516624976
0.37554556043077786	0.37553481490881435	0.24891962466040785
0.3755268298619633	0.37556694057906437	0.24890622955897246
0.37551216874563476	0.37559085443327733	0.248896976821088
0.3755337056618628	0.3755325587459073	0.24893373559223003
0.37548111500277503	0.3755839923955487	0.2489348926016764
0.37556984535744387	0.3755346289197114	0.24889552572284485
0.3755654473206112	0.3755433094958891	0.24889124318349987
0.375486967622958	0.3756013472953207	0.2489116850817214
0.37549774684336124	0.3755752465193315	0.24892700663730738
0.3755563686064213	0.3755427552705929	0.24890087612298595
0.375503106097761	0.3755709754773877	0.24892591842485137
0.3755456956639846	0.3755653484849292	0.2488889558510863
0.37552496377242817	0.3755743632755714	0.2489006729520005
0.3755523707899757	0.3755585221369302	0.2488891070730942
0.37553977096150853	0.37557270114967223	0.24888752788881938
0.3755612950345173	0.3755361959355462	0.24890250902993663
0.37551654109851684	0.3755587528331982	0.24892470606828512
0.3755541267080571	0.3755274725458312	0.24891840074611182
0.37556923961432587	0.37553187534330595	0.24889888504236823
0.37552379677808645	0.3755810514574546	0.24889515176445903
0.3755461498345789	0.3755273794080793	0.2489264707573419
0.37549514898376535	0.37559759803465054	0.24890725298158428
0.37554164752606783	0.37556039842924815	0.24889795404468412
0.3755082398098572	0.375582968869717	0.24890879132042593
0.37552810085142	0.37553949237900164	0.24893240676957842
0.3755513956847121	0.37554306172791924	0.2489055425873688
0.3755757614506833	0.37552791319882817	0.24889632535048872
0.3755277317702067	0.37554877925767743	0.24892348897211597
0.37554085475225285	0.3755356110548018	0.24892353419294544
0.37553694449078606	0.3755354035513	0.2489276519579141
0.3754805968443747	0.37558461475913635	0.2489347883964891
0.37549479203128455	0.37557409045412976	0.2489311175145858
0.37551721877070604	0.37558341747434876	0.24889936375494526
0.3755274378860889	0.3755598372879387	0.24891272482597254
0.37548402158980343	0.37558894541856636	0.2489270329916303
0.3754824543793905	0.37559192842001243	0.24892561720059714
0.3755129466694634	0.3755942142908556	0.24889283903968112
0.3755431462652936	0.37555033347263334	0.24890652026207316
0.37551915209319636	0.3755517679589545	0.24892907994784924
0.3754868155957216	0.37557546026781374	0.24893772413646476
0.3755210477416323	0.37555906353775376	0.24891988872061405
0.37552597486415507	0.3755489165807343	0.24892510855511074
0.3755420576876839	0.3755426821244007	0.2489152601879155
0.37553898089113186	0.37554295889706096	0.24891806021180723
0.37550375705262573	0.3755964707622939	0.24889977218508047
0.37550612704592506	0.37559229493626317	0.24890157801781188
0.37549941223883376	0.3755724276107927	0.24892816015037367
0.37553494662519676	0.3755359085643595	0.24892914481044381
0.37553249032731606	0.37556164179484675	0.24890586787783725
0.3755131661560477	0.3755879284342466	0.24889890540970588
0.3754995822972104	0.3755740041222302	0.24892641358055956
0.37549655923638886	0.3755911581070217	0.24891228265658955
0.3755630176467753	0.3755357849750673	0.2489011973781575
0.3755369771765313	0.37556056640647956	0.24890245641698927
0.3755781959604701	0.3755304767908568	0.24889132724867322
0.3755334935298583	0.3755325450872519	0.2489339613828898
0.37556537757981545	0.3755290720872614	0.24890555033292328
0.37547887125084956	0.3755971409888195	0.248923987760331
0.3755356759498822	0.3755768957821913	0.24888742826792665
0.375480796721638	0.3755997495879797	0.2489194536903824
0.37553969482692207	0.375562001429538	0.24889830374354008
0.3755130708572313	0.37559574527888345	0.24889118386388537
0.3755359642202235	0.3755334048560402	0.2489306309237364
0.3755554387203026	0.37554506385652914	0.24889949742316836
0.3755152999569802	0.3755913229256339	0.24889337711738604
0.37550547805963425	0.3755953047550544	0.24889921718531147
0.375526947050197	0.3755597918485353	0.24891326110126782
0.3755098198289406	0.3755811582816761	0.24890902188938338
0.37556438946778326	0.37552658735188044	0.24890902318033642
0.3754864802055814	0.3755997190950324	0.2489138006993863
0.37547675861748314	0.3755884646719507	0.2489347767105663
0.37554782820252636	0.3755548990168245	0.24889727278064921
0.3755620582158947	0.37552577861294734	0.248912163171158
0.37551913680189314	0.3755565905229118	0.24892427267519512
0.37553441451797365	0.37554369307773344	0.24892189240429305
0.37551213783386406	0.3755904379200114	0.24889742424612465
0.375497837533857	0.3755877382652623	0.24891442420088078
0.37547500936932665	0.3755914194134326	0.24893357121724086
0.37554101938647244	0.37555088019092603	0.24890810042260164
0.3755668369624318	0.37553431996842646	0.24889884306914184
0.3755324365633661	0.3755289278006689	0.24893863563596513
0.37549404017795474	0.3755905044183905	0.2489154554036549
0.37552841444368407	0.3755710325233305	0.24890055303298558
0.3755515846110681	0.37553309944099983	0.24891531594793215
0.375482452627658	0.37559051873328925	0.2489270286390529
0.375507377083655	0.37557930157255615	0.24891332134378902
0.3755119404659721	0.37558821781187834	0.24889984172214968
0.37553805465911394	0.37555974659506125	0.24890219874582498
0.37553818958706664	0.37555792189696774	0.2489038885159657
0.37552364025309226	0.37555843763232866	0.24891792211457922
0.37551096149853275	0.3755593315267189	0.24892970697474848
0.3754935634172463	0.37557721147990814	0.24892922510284565
0.3754996054585291	0.37556342697598327	0.24893696756548772
0.3755312178440995	0.3755545921242714	0.2489141900316292
0.3755476752319245	0.37552655603851864	0.24892576872955693
0.37548251114110004	0.37559839271287854	0.24891909614602156
0.37548885702069357	0.3755856352878186	0.2489255076914879
0.3755714195446015	0.3755400349688124	0.2488885454865863
0.37549636105744927	0.37559703645424214	0.2489066024883087
0.3755026027284018	0.3755604381068438	0.24893695916475456
0.3755128025683091	0.3755773169433531	0.2489098804883379
0.3755116610717692	0.3755930262420563	0.2488953126861746
0.37548108481356535	0.375580428567265	0.24893848661916979
0.37554733487668124	0.37553087063197055	0.24892179449134832
0.37554951829925576	0.375531434788169	0.24891904691257533
0.37550730779621394	0.3755732775801418	0.24891941462364434
0.37548563424529924	0.3756013711354849	0.24891299461921593
0.3754864733382771	0.37557496366424475	0.24893856299747824
0.37552782870189794	0.3755829604240652	0.24888921087403698
0.37550879268667314	0.3755682412676766	0.24892296604565034
0.37552193066506834	0.3755812270718106	0.2488968422631212
0.3755446618046697	0.37553851097363183	0.24891682722169856
0.3755024476440285	0.3755596713944417	0.2489378809615299
0.3755641557785594	0.3755376245633821	0.24889821965805864
0.37551375744934545	0.3755744729859837	0.24891176956467098
0.3754898856932003	0.3755736066709825	0.24893650763581726
0.37552597169002255	0.37557997203104876	0.2488940562789288
0.3755294892162653	0.375577915066493	0.2488925957172418
0.3755279558871818	0.37556233614492657	0.24890970796789175
0.37550056164305795	0.37558398873488164	0.24891544962206053
0.3755417796771014	0.3755556325536913	0.24890258776920743
0.3755613072349655	0.3755305024412777	0.24890819032375694
0.3755496837427912	0.37552849820912315	0.24892181804808577
0.37553707404339925	0.3755700700490384	0.24889285590756247
0.3755175091412209	0.3755885321557691	0.2488939587030101
0.37554725225243313	0.3755547584423274	0.2488979893052396
0.3754805731638442	0.37558598216546896	0.24893344467068695
0.37552336762840727	0.37558953178057936	0.2488871005910135
0.3755802793517891	0.3755286283653172	0.2488910922828938
0.37550866032193414	0.3755680822892352	0.24892325738883075
0.3755301642642062	0.3755628777546173	0.2489069579811766
0.37548893165334785	0.37558633240304906	0.24892473594360326
0.3755099052153846	0.3755719698188581	0.24891812496575744
0.3754920549106209	0.3755912330386352	0.248916712050744
0.3755182666274135	0.3755745784486943	0.24890715492389226
0.37550145813452873	0.3755906277201027	0.24890791414536872
0.37549656409084425	0.37558888260234774	0.24891455330680812
0.3755451159299032	0.3755308649582075	0.24892401911188944
0.3754945704665849	0.37557262029413685	0.24893280923927838
0.37550759225656277	0.37555559120151577	0.24893681654192157
0.3755055873406673	0.3755831315296507	0.24891128112968208
0.37552625924387467	0.3755404319604794	0.24893330879564604
0.37555069241465977	0.375533596873329	0.24891571071201138
0.3755374283671347	0.3755571686946678	0.2489054029381976
0.37548026186161076	0.37559064805104797	0.24892909008734138
0.37550713616037423	0.37558429829745926	0.24890856554216662
0.37554853299083146	0.3755495974343004	0.24890186957486826
0.37551741956354817	0.37554480310814975	0.24893777732830216
0.3755513903853917	0.3755474406790075	0.24890116893560088
0.37552890208714607	0.375570338117605	0.248900759795249
0.3755249383201701	0.37556645794463717	0.24890860373519286
0.37554007613851514	0.3755349614394424	0.24892496242204254
0.3755486247673209	0.37553675710402284	0.2489146181286563
0.3755750272652746	0.3755339015686314	0.2488910711660941
0.37555527437111524	0.37554509852687	0.24889962710201485
0.37553554077570367	0.3755275579437044	0.248936901280592
0.37550210033371334	0.3755952165662309	0.24890268310005587
0.3755328368425639	0.3755768502932543	0.2488903128641819
0.3755040394070639	0.37556162906971613	0.2489343315232201
0.3755260252188619	0.37555553890331417	0.24891843587782408
0.37555438260348	0.3755416709344418	0.24890394646207833
0.37555200825565144	0.3755527021807973	0.2488952895635514
0.3755617720251493	0.3755310747355259	0.24890715323932494
0.37558610436774065	0.37552642711226125	0.24888746851999816
0.3755419891721281	0.37553790357078476	0.24892010725708727
0.37547188361389316	0.3755902947731968	0.24893782161291014
0.37552699098702674	0.3755453588951048	0.24892765011786855
0.3755815586224514	0.375530154577105	0.2488882868004437
0.37548852948616884	0.37558484078981114	0.24892662972402013
0.3755665796445827	0.37553622163557443	0.248897198719843
0.375538363583246	0.37554007291392233	0.24892156350283176
0.375533840084455	0.3755516806994971	0.24891447921604798
0.375555190933992	0.37554998718855903	0.2488948218774491
0.3754810278736164	0.37558228097334667	0.24893669115303696
0.37549317211351607	0.3755955061658275	0.24891132172065653
0.3755227470570854	0.3755395644585659	0.24893768848434883
0.3754647500650512	0.3755986308565604	0.2489366190783885
0.3754683166426727	0.3755996915829343	0.24893199177439307
0.37552386038385194	0.37556847271686006	0.24890766689928812
0.3755172298234433	0.3755478999247935	0.24893487025176328
0.3754797925520443	0.3755884953144883	0.24893171213346757
0.37551133125773306	0.37555807599805957	0.24893059274420748
0.3755193954235839	0.3755647828117533	0.2489158217646629
0.37554788046654963	0.3755596879196084	0.24889243161384206
0.3755729633042155	0.3755343818145873	0.24889265488119727
0.3755193494228837	0.3755496976534533	0.24893095292366313
0.3755368873359847	0.3755439395949502	0.2489191730690652
0.37550336610619306	0.3755896131009493	0.24890702079285776
0.37551262626421233	0.37554864686216416	0.2489387268736236
0.37555723253619255	0.3755402590247302	0.2489025084390773
0.37552683605542553	0.3755770180848306	0.24889614585974398
0.3755465696761742	0.37554917744668104	0.24890425287714485
0.3755636535201441	0.3755326756098982	0.2489036708699578
0.3755488627954969	0.37553500613402313	0.2489161310704801
0.37547323039860103	0.3756011248649034	0.24892564473649564
0.3755180244962229	0.3755845289777641	0.2488974465260131
0.3755294099446711	0.37554970825009126	0.24892088180523778
0.3755570695791532	0.3755535387073822	0.24888939171346475
0.3755047944707983	0.37556275552563645	0.24893245000356534
0.37551208162157124	0.37555362010696824	0.24893429827146063
0.37552409710419304	0.37557437045415787	0.24890153244164914
0.3755282135733234	0.3755353513233938	0.24893643510328292
0.37557865494068365	0.375529662138565	0.24889168292075148
0.37549760329868953	0.37557487968646985	0.24892751701484075
0.3754911983969482	0.37558966137751204	0.24891914022553988
0.3755041699618406	0.3755617622156482	0.24893406782251132
0.3754931761192434	0.3755712877586714	0.24893553612208533
0.3755497486881371	0.3755466289099157	0.2489036224019473
0.3755269437789674	0.37555081349364183	0.24892224272739089
0.375521836946399	0.3755647231540596	0.24891343989954154
0.3755394088356643	0.3755276455192377	0.2489329456450981
0.3755508918558064	0.3755286905609687	0.24892041758322495
0.3755399246446098	0.37555609068533863	0.2489039846700517
0.375574871199684	0.3755262098133558	0.2488989189869602
0.37551401715233546	0.37559249118418925	0.2488934916634754
0.3755575064737791	0.37555384163190064	0.24888865189432036
0.3754854831241607	0.3755964351209671	0.24891808175487237
0.37553852350780004	0.3755448094130264	0.24891666707917365
0.3755217982573446	0.37557740699373054	0.24890079474892496
0.3755275050648757	0.375581847362787	0.2488906475723374
0.37554016381030775	0.3755480632287458	0.24891177296094658
0.3755121088845188	0.37555814676034227	0.24892974435513904
0.3755297032490075	0.3755460167477857	0.24892428000320693
0.37556731896207296	0.37552598994931924	0.24890669108860786
0.3755724978615245	0.37552907028338334	0.24889843185509225
0.3755357661189038	0.3755318174350537	0.24893241644604258
0.37553094160246	0.3755704816120994	0.24889857678544078
0.37554263721272274	0.37554477171158507	0.24891259107569227
0.3754975791516137	0.375564241923081	0.2489381789253054
0.37549940973183926	0.37558772196770673	0.24891286830045412
0.37555438404989383	0.37552779903775435	0.24891781691235193
0.3755331196032795	0.3755370881127854	0.24892979228393522
0.37558010175620715	0.37553156262168574	0.24888833562210727
0.3755680000139967	0.375544706309609	0.2488872936763944
0.37551157250673145	0.375594634051441	0.2488937934418277
0.37556284848903326	0.37554170739524784	0.248895444115719
0.37554369820120115	0.37552551781803784	0.24893078398076113
0.3755055331577525	0.375580413878305	0.2489140529639427
0.37551932468998056	0.37555862718800137	0.24892204812201815
0.37549244970509	0.37557027790555264	0.24893727238935748
0.37548933649878513	0.37559453480274846	0.24891612869846658
0.37549505593686583	0.37559662961217144	0.2489083144509628
0.375501044018968	0.3755605257789929	0.2489384302020392
0.3755036710034089	0.3755769830407265	0.24891934595586468
0.37556919442986214	0.3755268513438358	0.24890395422630215
0.37553482072429145	0.37555233236823393	0.24891284690747473
0.3754949651855031	0.3755719423988837	0.2489330924156133
0.3755307425301248	0.3755402858255541	0.24892897164432123
0.375549899479294	0.37554644449232283	0.24890365602838327
0.37554282914939274	0.37556314054817697	0.2488940303024304
0.3755674069419854	0.37553010131803055	0.24890249173998413
0.37553441642509366	0.3755422278798504	0.24892335569505603
0.3755748800088182	0.37552856980601446	0.24889655018516743
0.37551897414554086	0.3755654278239323	0.24891559803052693
0.37550499603427023	0.3755598408069411	0.2489351631587888
0.37557110022585566	0.3755287305376874	0.24890016923645703
0.3755338830201147	0.3755581635005012	0.24890795347938421
0.3755470193013045	0.3755498560404617	0.2489031246582339
0.37550594687420513	0.37557800074460423	0.24891605238119077
0.37556685327536066	0.37552993436328663	0.24890321236135282
0.37553846282623227	0.37553017553427254	0.24893136163949528
0.3755523464399751	0.37553982778132866	0.24890782577869638
0.3754899576212208	0.3755861882909828	0.24892385408779655
0.3755341608101336	0.37552975385732124	0.24893608533254527
0.3755025776453964	0.37556507839192743	0.24893234396267622
0.37548182014232045	0.37558400549163684	0.24893417436604282
0.37550720736498977	0.37556640210529735	0.24892639052971302
0.37546453040898786	0.3756007021816582	0.24893476740935408
0.3755113094477283	0.375595404564486	0.24889328598778585
0.3755367765614629	0.3755383577594678	0.2489248656790694
0.3754873052025051	0.3755788687361282	0.24893382606136671
0.3755183418776153	0.3755858103447131	0.2488958477776717
0.37554447369408106	0.37556019520648387	0.24889533109943524
0.3755514656240997	0.3755317673956364	0.24891676698026405
0.37548850115473464	0.37558429382086445	0.24892720502440102
0.37548545115491994	0.3755953365911588	0.24891921225392138
0.37555922070853065	0.37552681789302556	0.24891396139844396
0.37552933332286265	0.37554266890016647	0.24892799777697097
0.37554248357706715	0.3755590950379426	0.24889842138499033
0.3755310891308693	0.37558082264759135	0.24888808822153952
0.3754755021199256	0.3755890189267769	0.24893547895329768
0.3755327477645117	0.37555492873238594	0.2489123235031025
0.37555094578334824	0.3755443336214149	0.24890472059523694
0.375507976760356	0.3755580901484032	0.2489339330912409
0.3755145952609377	0.3755878698952547	0.24889753484380767
0.37550795035577916	0.3755630513945305	0.2489289982496905
0.3755092585430594	0.3755620753656366	0.2489286660913041
0.37549403789793	0.37556837860141407	0.24893758350065603
0.37549892182942757	0.37557503079165944	0.24892604737891316
0.3755029022892783	0.3755741512397666	0.24892294647095523
0.3755388889919745	0.3755436953126934	0.24891741569533224
0.37555112301136273	0.3755603622871969	0.24888851470144047
0.37552810542791604	0.37558349435527305	0.24888840021681102
0.3755077649552085	0.3755544207649539	0.24893781427983772
0.37550958830192255	0.37558469498719377	0.2489057167108838
0.3755502285120858	0.3755273394851496	0.2489224320027647
0.3755377681792872	0.37553947099101925	0.24892276082969372
0.37548061783560893	0.3755901470577756	0.24892923510661558
0.37556292779377387	0.3755464173935865	0.24889065481263972
0.3755234025062794	0.37555575747603503	0.24892084001768564
0.375554577492243	0.37555490069514386	0.24889052181261323
0.3755309980086587	0.37556293425201437	0.24890606773932705
0.37551174220150835	0.3755716380582591	0.24891661974023266
0.3754833905749046	0.3755846119089819	0.24893199751611358
0.3755189342499885	0.37554213909305345	0.24893892665695816
0.3755224246849721	0.3755723666479026	0.2489052086671254
0.37551434276305806	0.3755792973941389	0.2489063598428031
0.37554620652421516	0.37553174100077663	0.24892205247500832
0.37553346514204333	0.3755767820627367	0.24888975279522008
0.375516121846146	0.37554531590958584	0.24893856224426825
0.3755096472083329	0.3755735438582576	0.2489168089334096
0.375508873266846	0.3755587709398163	0.24893235579333778
0.3754671294655186	0.37559848103708776	0.24893438949739377
0.37556111899244365	0.37554851837823294	0.2488903626293235
0.375488219285777	0.37559350824021537	0.24891827247400775
0.37552162036283615	0.3755493166479707	0.24892906298919326
0.3755195883322666	0.3755802587995853	0.2489001528681482
0.3755529103551252	0.3755354710498896	0.24891161859498528
0.37547536152918043	0.37559066674732905	0.2489339717234906
0.3754788261253664	0.37558802391125423	0.24893314996337945
0.3754988753831772	0.375572502953377	0.24892862166344587
0.37551238874621806	0.37558195458220145	0.2489056566715806
0.3755425757042322	0.3755301225767598	0.2489273017190081
0.37549020793853216	0.3755946475260714	0.2489151445353966
0.3755812443656321	0.3755298820590448	0.24888887357532324
0.37553147069232357	0.37553681916572457	0.24893171014195192
0.3755507426958383	0.37554412997889175	0.24890512732527006
0.37555224624171774	0.37552917692060667	0.2489185768376757
0.3755066006581041	0.3755767976601082	0.24891660168178778
0.3755163673759977	0.3755803708807673	0.24890326174323513
0.37551204599660004	0.3756006928694028	0.24888726113399728
0.3754686002954555	0.3755981588655991	0.24893324083894552
0.3755715637976036	0.37553198131366766	0.24889645488872886
0.3755009024496756	0.37557948299209365	0.24891961455823083
0.3754736086257629	0.37559054291210414	0.24893584846213304
0.3755822728672372	0.37552718436148125	0.24889054277128164
0.3755689564774244	0.37553703684339673	0.248894006679179
0.37552727854769974	0.3755619244946894	0.24891079695761098
0.3755370476049539	0.37552807476556493	0.24893487762948127
0.375479100383095	0.37558644972708166	0.2489344498898234
0.3755000585154771	0.37557971873027546	0.24892022275424758
0.37554285469580634	0.3755567802264448	0.248900365077749
0.37547642581089336	0.3755853996119376	0.24893817457716916
0.3754813336742385	0.375582265621545	0.24893640070421658
0.37548876471312637	0.3755969428225375	0.24891429246433622
0.37553588966030294	0.3755328206279023	0.2489312897117949
0.37554246774857597	0.3755526160400444	0.24890491621137972
0.3755088917807549	0.375561008996898	0.2489300992223472
0.37554563599212265	0.37553095734359343	0.24892340666428403
0.3755469997695422	0.37556296395350475	0.2488900362769531
0.37551263490346326	0.3755739991903411	0.24891336590619573
0.3755360326553098	0.3755641792143173	0.24889978813037303
0.37548347415752165	0.3755961904872018	0.2489203353552767
0.375509277192138	0.375575850304121	0.2489148725037411
0.3755138203176974	0.37559784647016714	0.24888833321213555
0.3755611350400905	0.3755423108336881	0.24889655412622153
0.3755190023080226	0.37557973243941545	0.248901265252562
0.37550373489523536	0.3755622868894044	0.24893397821536029
0.37548376049832	0.3755884605007188	0.2489277790009613
0.3755470747705219	0.3755261886203279	0.24892673660915032
0.37548775601853707	0.37558057237488246	0.24893167160658058
0.375526477621889	0.37555808322521284	0.24891543915289827
0.37551255778786263	0.3755984002663528	0.24888904194578465
