0.24054916472425628	0.08281739725395554	0.29893088677597623	0.14930992660680079	0.22839262463901092
0.22395502531921752	0.08567142817248227	0.3029949978423455	0.15072274638126582	0.23665580228468866
0.22671242866044086	0.08299800481252535	0.3077447567849234	0.15131200551087184	0.2312328042312383
0.2399405494318216	0.07889990264415452	0.30661749216937606	0.14710063570931506	0.22744142004533252
0.22673674979046177	0.09818410990585073	0.3039330049161143	0.14625359919885475	0.22489253618871824
0.2381910462192754	0.07218684058599917	0.3033210241151078	0.15349568626676896	0.2328054028128484
0.23500524486539692	0.07742038824189953	0.3041557955114019	0.1538332168755781	0.22958535450572323
0.2269262987634627	0.08350571895215292	0.3000530175541124	0.1524781535901538	0.237036811140118
0.24189869898339436	0.08061037545451678	0.30322110128049357	0.14817114088804825	0.22609868339354677
0.22265044775595913	0.09304809093976084	0.3035623796383814	0.14819828038194818	0.23254080128395027
0.2326166254662384	0.08705233759857298	0.3018082097939615	0.15323321360338693	0.22528961353783994
0.22113639377694877	0.09937605823947221	0.2987650920266255	0.14728721600232644	0.2334352399546269
0.22082765784287592	0.09087823151870542	0.3092684246822671	0.1444124030986209	0.2346132828575304
0.23069007347284817	0.08562032619991436	0.2988893941134283	0.14820261360239328	0.23659759261141566
0.22152799190280337	0.09729754262027408	0.3018986116899929	0.1487202103912374	0.23055564339569207
0.2249451929709061	0.0851848945785775	0.30661938217016205	0.15234264584568125	0.2309078844346729
0.2381156546634346	0.07504699446596942	0.3010662442039318	0.1500282039022425	0.23574290276442142
0.23764354442628133	0.08555289095782152	0.30096277170606955	0.14747586857035141	0.228364924339476
0.22961203516143766	0.07414097210392159	0.3087521603457555	0.14985165855316196	0.23764317383572311
0.22156622434742468	0.09083395084747582	0.3024760848065257	0.14817183259509964	0.2369519074034739
0.23644857306612144	0.07841756938526095	0.3053760292084383	0.1497238271336384	0.23003400120654072
0.24399799703411437	0.07118648861854837	0.30604774693943065	0.14451658365074965	0.2342511837571567
0.22443052393159113	0.09458842132658195	0.29935505769088877	0.14760804992213483	0.2340179471288031
0.2355075485934079	0.08006842634846015	0.302944152468376	0.1437706936797286	0.2377091789100271
0.22287965345537342	0.08640152045217961	0.3093718867156421	0.14520499856541239	0.2361419408113923
0.22311299073679386	0.09683203688711606	0.30465535597217736	0.14369888618645307	0.23170073021745943
0.22172002903859062	0.08925410760678769	0.3124307135297538	0.14627397596414698	0.23032117386072062
0.2232346957215456	0.09002915221574379	0.2989734125707366	0.15249967717612997	0.23526306231584376
0.2221505503237564	0.0882468671411355	0.311082416350605	0.14490862321380923	0.23361154297069361
0.2233442093425307	0.07607289257694123	0.31143206706344456	0.1538743999420416	0.23527643107504165
0.23152884450224004	0.08158243554814949	0.311595575453252	0.14330590249296565	0.2319872420033926
0.22998578971469552	0.07572179382832667	0.31185984848611464	0.14457401655886626	0.23785855141199666
0.23668643857505184	0.08627072743414388	0.2996323527595941	0.14918016839609616	0.22823031283511375
0.22366852371397536	0.08914945250147029	0.3091366421012901	0.1460932973434474	0.23195208433981662
0.22530928940594536	0.08920089994889654	0.3159573004180178	0.14434208684436725	0.22519042338277281
0.22828547140592048	0.09075385794370006	0.30677245027629324	0.1441016377249622	0.23008658264912374
0.23388887495637922	0.06906156932812432	0.31205399235738557	0.15219376693663023	0.2328017964214804
0.22457586145227193	0.0778727420334916	0.3161173248956498	0.14387395183803303	0.23756011978055336
0.22794827470238452	0.08906505247412634	0.3023768249446902	0.1438103804534892	0.23679946742530944
0.22309888820305618	0.09110807048513432	0.30448717696306216	0.1496308723329113	0.23167499201583575
0.2238974259791907	0.09323161496884383	0.30614460657534287	0.1447849117257092	0.23194144075091316
0.22957867614453337	0.08139904298254035	0.3086936904812257	0.15118707159688516	0.22914151879481517
0.229734662344326	0.08453812510934082	0.30482593842156114	0.14703647295469335	0.2338648011700785
0.23409877244166916	0.08065896915467834	0.3052230240494666	0.14628481214562492	0.23373442220856072
0.2336222351641146	0.08083291505505079	0.3073662227976509	0.15010230349860676	0.22807632348457674
0.22060447228533026	0.07797582233709513	0.3140639604714611	0.15394980032079975	0.2334059445853135
0.23794452226373886	0.07110735015862968	0.3139079948433675	0.14884485784919188	0.22819527488507185
0.22732209664717104	0.09736036943789948	0.29895858682625515	0.14479707399710395	0.23156187309157011
0.2347412654154451	0.0849612541824446	0.3100903735427488	0.1451976296950918	0.22500947716426942
0.23354505587212968	0.08451575430464256	0.3007089129108719	0.15292823146978657	0.22830204544256913
0.24350214902720652	0.06942813499490424	0.3042761392433462	0.152111749343535	0.23068182739100787
0.22848374430174484	0.08182832454055364	0.30546153151819233	0.14854317780854376	0.2356832218309652
0.22537268965845567	0.08483718405523714	0.3127237057514752	0.14759341247530716	0.22947300805952459
0.22438549240761335	0.09938300646416935	0.2990703016221642	0.15246603627889802	0.22469516322715488
0.22776696938138033	0.08830552612406996	0.3011487568216952	0.14828359251732032	0.234495155155534
0.2277921412160307	0.09783593935789567	0.30414699365853	0.14316621961047737	0.22705870615706603
0.23167817753846806	0.08714317393377927	0.30614144196284476	0.1505198795908295	0.22451732697407814
0.23121359357183657	0.07848442356306413	0.3100366873110892	0.1493807134301732	0.23088458212383667
0.22180851949387703	0.07839676746803641	0.3109013704795909	0.1523741802482008	0.23651916231029463
0.22722448839648327	0.0716014821035264	0.3149320730055934	0.15024717708965168	0.23599477940474506
0.22222059335288327	0.0954856804719454	0.2999357153044314	0.14575372825776509	0.2366042826129746
0.2229664010464383	0.0906984631400351	0.30277042169164675	0.15048360896964713	0.23308110515223246
0.24372018164618042	0.07269835586667309	0.29909732217099144	0.1480751396183028	0.23640900069785203
0.2231409014181506	0.08941131392103742	0.3094949374493372	0.14367567110249801	0.23427717610897653
0.2355063401162924	0.0855383419239636	0.30336094701148525	0.14497324287418872	0.2306211280740698
0.23876938714620963	0.07223886554348294	0.3077359161625538	0.1449554288384729	0.23630040230928046
0.23009478080743667	0.09089854058263563	0.3047786506395733	0.1492308255295176	0.22499720244083654
0.2236936274305346	0.08122684426750701	0.31518739999343337	0.14345648493813767	0.23643564337038714
0.22610283843821224	0.08426451733127305	0.3056493672942699	0.14636436467265845	0.23761891226358617
0.22726015435841607	0.08296423202553907	0.30207085512901166	0.1523663296303322	0.23533842885670078
0.2321894737438484	0.07766823746465945	0.31248709782649653	0.14842598517322253	0.2292292057917729
0.237766446718843	0.08091130982898675	0.30383582293736455	0.1438316447655778	0.23365477574922763
0.23387997102531155	0.06990992606771751	0.31421066308594753	0.15027236337468097	0.2317270764463422
0.23240482992286993	0.09072334304959827	0.2994314744078693	0.15247445824957914	0.2249658943700831
0.22402462659416242	0.08178357004244804	0.31024527251510337	0.15098358238324766	0.2329629484650383
0.2385316356925327	0.07085970171298925	0.31108983416871594	0.14872382434826284	0.23079500407749903
0.23232597113326908	0.08844565113888352	0.3017623413349698	0.1478001704114405	0.22966586598143685
0.22608175039280903	0.0833091046810913	0.30731140409475893	0.14543036942581278	0.23786737140552774
0.22884866638393697	0.07907202265040018	0.30710373216260956	0.14857651135163263	0.2363990674514204
0.23141821751349134	0.07816820969136112	0.306252584339196	0.14670664436284395	0.23745434409310734
0.24422369423205284	0.06989294798744275	0.3112409663626536	0.1479745294048127	0.22666786201303787
0.22018355050607702	0.09475862362893889	0.3046810211410379	0.14981095407543543	0.23056585064851054
0.22508355528156646	0.08568505225261046	0.31224653166490185	0.15179366900669106	0.22519119179422992
0.22794274082073113	0.08309268457714244	0.3100817475593024	0.15215078687215794	0.22673204017066587
0.22576583776607223	0.08505273070914302	0.30573284511648924	0.1513406832871392	0.2321079031211561
0.22895598035715523	0.08672675223473116	0.3086782699914824	0.14833501239026683	0.2273039850263641
0.22088744216902542	0.08188959655376295	0.3161302967156441	0.14543312131913153	0.2356595432424358
0.23184661630097736	0.08436296281752516	0.3026591787865844	0.1458600220260301	0.2352712200688828
0.22549844825424098	0.08832595440350219	0.30367975706995226	0.15352224709841555	0.22897359317388877
0.22622566564258256	0.08326887416984535	0.30346599626570836	0.15205941093034903	0.23498005299151448
0.22341229366162782	0.08237773598050856	0.3143771797281798	0.15016571314870794	0.22966707748097562
0.2316852705436454	0.08382796513312135	0.29926708222225984	0.15227871023589717	0.232940971865076
0.24144058054715747	0.06927885033607242	0.30234547452128624	0.15387315136445542	0.2330619432310282
0.24146055047972587	0.08474816235768969	0.2990313251233764	0.14648077391311184	0.22827918812609593
0.2301879408295453	0.0855516062320792	0.31502495327856744	0.1445189713490613	0.22471652831074654
0.24013950448973376	0.06938706406835884	0.30319758599792385	0.15224443855454386	0.23503140688943944
0.23618674739707068	0.06979934397488652	0.3144517199868626	0.14528010283941778	0.23428208580176219
0.22883620581484806	0.09141678088439935	0.3050793250091365	0.1489009660656942	0.22576672222592167
0.22647049414871903	0.07925457695812343	0.31032098189137763	0.14637649808563996	0.2375774489161397
0.23900038001015286	0.07392485215490474	0.31045284450174543	0.149975485063582	0.22664643826961475
0.22491397812315508	0.10023181158090065	0.3039898871327509	0.14442952274274481	0.22643480042044836
0.22649982226288012	0.08167663613709114	0.3057993323173025	0.15038016472428853	0.23564404455843746
0.22973263650786788	0.07970334006232041	0.30714608780546254	0.15256997667359662	0.23084795895075233
0.22366663971748546	0.08402264241786579	0.31584084713006105	0.14782871768825595	0.2286411530463315
0.23998979058404046	0.0688978303468894	0.3049007968577589	0.15355941543334928	0.2326521667779617
0.23574627256704964	0.09353410953113406	0.2996849019070097	0.14319435108552422	0.22784036490928217
0.238661593452336	0.07570670203843913	0.30210392642577527	0.15300097494949996	0.2305268031339494
0.2365081280102916	0.07203241245848435	0.31499719225324246	0.1445402164855962	0.2319220507923851
0.22989596883945915	0.07408292066724764	0.31507465567416837	0.1455593077260184	0.2353871470931062
0.22916655080295556	0.07569478626157682	0.3101897600025792	0.1525705329544956	0.23237836997839256
0.2200010312730597	0.08719653057689862	0.31005682519253314	0.14591745575668152	0.23682815720082678
0.2283885052708318	0.08012528422559163	0.3094023437408584	0.14627159048147118	0.23581227628124674
0.22870518569960976	0.07922396411796981	0.30949807478637187	0.14472783981754406	0.23784493557850425
0.22907964289839028	0.08530089732644837	0.31136447337961576	0.14756800280414634	0.22668698359139905
0.22147828303003125	0.08902754355469436	0.31188141146619225	0.14769922623936027	0.22991353570972162
0.22772818203336914	0.09706594851021322	0.3023526585764207	0.1433350849495535	0.22951812593044324
0.2448275690721185	0.072686662846489	0.3003020292145448	0.14474755848192022	0.23743618038492725
0.22123047515367872	0.0890880093384589	0.307743489954681	0.1482415807249177	0.2336964448282635
0.22105705393829791	0.0837612728037459	0.31359920682882914	0.14717674591013694	0.2344057205189899
0.22159017431504235	0.08939349724017641	0.3087570787479305	0.1444857014014726	0.23577354829537794
0.2290144081237616	0.09093121550488792	0.3101484846257174	0.14449177768630356	0.2254141140593293
0.23412069184733122	0.07801407327961253	0.3127452384237006	0.15015849002367723	0.22496150642567816
0.22067029908054445	0.08692569754434772	0.31238180454190245	0.14921617450774702	0.23080602432545816
0.2288141025089655	0.08825556290432449	0.30257962927948584	0.1439350228696701	0.23641568243755384
0.24184160318657288	0.06993072086431595	0.31300097110772274	0.14439339974179138	0.23083330509959682
0.22185761786429653	0.09113008128536694	0.3150895540381381	0.14310169197265127	0.2288210548395469
0.2219568701065017	0.09302289655372675	0.3038817544405952	0.1487309799437562	0.23240749895541996
0.22798027662801434	0.08704889246439601	0.3055284414083043	0.15075438736445138	0.22868800213483376
0.22842808081875646	0.08417016857814943	0.31257496580842725	0.144242683190904	0.23058410160376264
0.22186346367241494	0.09722130920921601	0.3015227774282365	0.14601911875332846	0.23337333093680385
0.2380015339162554	0.08572850874197814	0.30314303287402566	0.14513920292865493	0.22798772153908564
0.23856355704015952	0.08115936744637915	0.29872756550790364	0.14709805261943443	0.23445145738612302
0.22323527533957016	0.07820242343616711	0.31557033299863274	0.1484736914181054	0.2345182768075244
0.23041073211289456	0.07812379226280186	0.3099413646831044	0.15111477527230838	0.23040933566889055
0.23036743316166564	0.07658895636432622	0.31374233188306994	0.15392283979105237	0.22537843879988556
0.23062281463222375	0.08785254240991505	0.3010521173550088	0.14701915617977684	0.23345336942307532
0.22315050113571624	0.0995092784915198	0.30108088574567127	0.15064865556324536	0.2256106790638471
0.23960963873543734	0.08933130603134304	0.29968816427663486	0.1432882230163488	0.2280826679402357
0.2413740358227728	0.07525939182032089	0.30853603063382584	0.14626487475116154	0.22856566697191869
0.22245658051113648	0.09349171066200236	0.3083021360187462	0.1512238861695565	0.22452568663855826
0.2207840494010941	0.08509620160686751	0.31496907321228457	0.15141443731904822	0.22773623846070537
0.2391910499772504	0.07488031135053103	0.31211732081411686	0.14772695334302194	0.22608436451507954
0.22590383134326097	0.09062720660681647	0.30707886565937015	0.14849951034303102	0.22789058604752113
0.24116775391853143	0.07741042366529828	0.3050027042706079	0.1435316042040657	0.23288751394149645
0.22024090520354858	0.0898721716300931	0.3098490161271702	0.14527885457608203	0.23475905246310586
0.22788787799415627	0.08812980928560792	0.3010264173858533	0.14814407163567594	0.23481182369870635
0.2377552292197153	0.07364137519577513	0.30903783556936454	0.14962327301465717	0.2299422870004876
0.22982199643936863	0.09287482275183824	0.30629969770024434	0.14642724657302036	0.22457623653552816
0.22255962733143703	0.08468511243035565	0.31532087891570315	0.14423739923200077	0.2331969820905032
0.2427786915001603	0.08419921901116138	0.3032430553299439	0.14320763862339164	0.22657139553534253
0.21967336493604064	0.09337256093090306	0.30277315431517254	0.15246478183448756	0.231716137983396
0.22818436378201817	0.08923194367248044	0.3084888724051698	0.14860893752759574	0.22548588261273558
0.239983888543374	0.07100790834420537	0.30074722746324933	0.15358670255369591	0.23467427309547517
0.2242063590869517	0.08406000163535465	0.31415567391767407	0.1514617452738677	0.22611622008615162
0.23524945341785913	0.07162749458043682	0.314267391233058	0.15041449652061045	0.22844116424803532
0.2239573879041561	0.08206933023052251	0.30696559470587903	0.15116789647080742	0.23583979068863467
0.23024466780046685	0.08158871730439765	0.30800239832218207	0.15174503641978024	0.22841918015317295
0.23888380914596538	0.07095812974765658	0.3162191094438703	0.14483077074827067	0.2291081809142368
0.24493397136041622	0.07458724116284227	0.29915031490148447	0.1519817917869355	0.22934668078832127
0.2437179685617122	0.07829114147802674	0.30046008026386406	0.1471910348449586	0.23033977485143808
0.23552949544733864	0.08216202081453536	0.3016676996233936	0.14608152970645258	0.23455925440827957
0.2310707749071668	0.07961366712089196	0.3067376845818957	0.1464706081371037	0.23610726525294162
0.23777327919745161	0.07420273611380815	0.30192095295558735	0.1503327272819657	0.23577030445118696
0.22802978758663248	0.08292713748106582	0.3137625509795527	0.1438749089788422	0.2314056149739066
0.22780009224834713	0.0844892644294558	0.3138566293082004	0.14709364712884965	0.22676036688514678
0.2261894529432953	0.07470760613490016	0.31192539436098354	0.14990517293080804	0.23727237363001275
0.2321665570211462	0.07923972761430217	0.30843367598812743	0.1532411538499264	0.22691888552649755
0.23542574914969347	0.07340469276465711	0.31506496989528915	0.14646179653315944	0.22964279165720064
0.22021673843048883	0.07637043058724913	0.3139457648791758	0.15401067729489565	0.23545638880819034
0.23658167892819634	0.07699106776583804	0.30377835718470386	0.14584246779484894	0.23680642832641258
0.24329427506286894	0.07344812155257421	0.30395235617573113	0.14827417610197635	0.2310310711068491
0.23965713222842513	0.08602015632406149	0.2999448675760358	0.14600874883159026	0.22836909503988706
0.23474122530851793	0.0855288273669127	0.3006992606947252	0.15170062678624366	0.22733005984360025
0.23478492941076662	0.08818930058445625	0.3031213570854381	0.14682697405331863	0.22707743886602016
0.24503439287254652	0.07596900005541822	0.30249402644943796	0.15144126337190833	0.22506131725068873
0.22942357457908785	0.09264031322191846	0.3006827289632972	0.1438115243436428	0.23344185889205346
0.2356494139243751	0.09125671004153567	0.3004227780568902	0.14746583828009513	0.22520525969710362
0.23768942400959717	0.07517029693548714	0.3101759586879617	0.1524156406900137	0.22454867967693998
0.22208644052410645	0.09137456133867282	0.3084669108370967	0.14630542184273992	0.23176666545738384
0.22810543000511213	0.07769477838637857	0.3079940909471326	0.15132230889313714	0.23488339176823933
0.23181543614688746	0.0796862025821538	0.31603741113614187	0.14688383737571586	0.22557711275910075
0.22034137400817283	0.0951500816706703	0.3061110399914187	0.14834067657969005	0.23005682775004788
0.22644178432716344	0.09230829703746816	0.3013575717128941	0.14642587403471266	0.23346647288776134
0.2260709648087032	0.08668505440953994	0.30386994940933704	0.1488903541265989	0.2344836772458207
0.2375362619616413	0.08260683782401182	0.30664399976722906	0.1468572207574482	0.22635567968966935
0.2315766274332468	0.09645246386464205	0.2995497967544873	0.1459786212663506	0.22644249068127298
0.23637384541474693	0.07368214297982273	0.3115258760007429	0.14721876013028284	0.23119937547440442
0.24030977169909762	0.07699705956968725	0.30063359353608726	0.14685161831813237	0.23520795687699525
0.2307135407356369	0.08987954743754993	0.3003757208881524	0.15119147716115072	0.22783971377750983
0.23291856040347494	0.07770820626865714	0.30682513527509225	0.15276214768400515	0.22978595036877028
0.23056706814099864	0.09324608973427449	0.30371519503755146	0.14710418978916087	0.22536745729801427
0.24406147411485915	0.0729968569104632	0.30131675261580665	0.14875212625093065	0.23287279010794013
0.22378043136380726	0.08247513013209633	0.30798454912981343	0.15380654974263136	0.23195333963165138
0.2329005555315745	0.07279654484820977	0.31108702460111864	0.15087054528231295	0.23234532973678385
0.22841067878893787	0.08386468431921743	0.3137206688910955	0.1450765582672786	0.22892740973347037
0.24122637560690452	0.08647010636942626	0.3017061520153158	0.1444972258504721	0.2261001401578811
0.23760591636538703	0.08434011003476832	0.30547934126102905	0.14436941635447822	0.22820521598433713
0.23965245286652442	0.07600315100570555	0.3069418627814379	0.15191673328881822	0.22548580005751365
0.22572577301355934	0.08325936259315156	0.30696345149840387	0.15091897600648346	0.23313243688840155
0.22619077763392703	0.06929278461211974	0.31508122857794363	0.15274992449680924	0.23668528467920014
0.2426465974382196	0.07800018591449634	0.3040391536933539	0.14481572736549606	0.2304983355884339
0.2313134224976104	0.0818763132571954	0.3090019633356781	0.14428538219161324	0.23352291871790265
0.23793211549051352	0.08063446461221598	0.3020822831136697	0.1535216431223521	0.2258294936612485
0.2344699017834339	0.07983269690508264	0.3097927903350306	0.1471151810352545	0.22878942994119816
0.2258888797860354	0.09879075812881648	0.30297008345825965	0.14741643983689753	0.22493383878999065
0.22276917266109514	0.09086922094558149	0.30352915841888073	0.15125252478097279	0.2315799231934696
0.2277697077977714	0.08122623271595977	0.31241398511538043	0.14661351123340763	0.2319765631374805
0.2400669287106399	0.07069512417180918	0.30547081734107007	0.14618501715109072	0.23758211262538992
0.23318227388155718	0.07605285789634084	0.30890631263810353	0.14397662250087917	0.23788193308311906
0.22717980475760513	0.09127521158760764	0.30463033024103736	0.15071168006617072	0.22620297334757883
0.24042474917938073	0.07043596748486589	0.306692030130749	0.14904063707400106	0.23340661613100305
0.21983936244437718	0.08197186707518508	0.3101444900437575	0.15138575791677897	0.23665852251990105
0.22805375790713264	0.0796707531316094	0.3055557706476811	0.15073328763512645	0.2359864306784502
0.24264858773684536	0.0754822031369191	0.3058415451453743	0.14349702082160318	0.23253064315925775
0.23444421055963002	0.0695868320881333	0.30650416732626723	0.15294373107921425	0.236521058946755
0.22626120376974168	0.0817014704012646	0.315778089598608	0.14965380770732226	0.22660542852306326
0.2286772352123862	0.07632456996005885	0.3153719035154244	0.15401519933131136	0.225611091980819
0.23035587523302856	0.08959558281576042	0.2996559860805592	0.14894836751829887	0.23144418835235273
0.22262665359519362	0.08694051773575207	0.3133559984114485	0.15130770637653068	0.22576912388107487
0.23675856344395813	0.08610615645252162	0.3052547468161688	0.14528141021488183	0.22659912307246932
0.2198120105829654	0.07748515393781176	0.3160056235148534	0.15195088044249117	0.23474633152187802
0.22452254031026386	0.08666540941635717	0.307842783572985	0.15248333648146598	0.22848593021892774
0.23499421571371662	0.08377477205545845	0.3012063212127453	0.14467710978834938	0.23534758122972999
0.22619331913808233	0.07510049689931418	0.30962828842224094	0.15297296960826978	0.23610492593209256
0.2369498653859063	0.07472234984961679	0.3122012008706829	0.15127510263492333	0.22485148125887042
0.23396131292180938	0.07879050324948235	0.3122585874779261	0.14628313828937334	0.2287064580614086
0.22597994718876951	0.07783836022441971	0.31542742152101594	0.14382821924488892	0.23692605182090565
0.24260329144018516	0.07027922127404174	0.30344654939596793	0.15209140403236115	0.2315795338574438
0.23555493455548768	0.08767841857302784	0.29959589182671453	0.14616864016332914	0.2310021148814406
0.22547251313794156	0.08314584153075101	0.3040179406938093	0.15307362605080332	0.2342900785866946
0.2266559545718315	0.08674438870094166	0.29951368999394923	0.15212677217544426	0.23495919455783315
0.23931223268441335	0.06899962976843707	0.3141788960792428	0.14358675866336268	0.23392248280454384
0.2276488866341579	0.09541496903954237	0.29979728437803754	0.1464668822804171	0.23067197766784492
0.24325718242612304	0.08280812247999045	0.30539834661524273	0.14383469733865845	0.22470165113998505
0.22779314655838978	0.08361045335204266	0.3117886597330711	0.14885779708078944	0.22794994327570675
0.2255264826782735	0.07810419365816892	0.31593881374699895	0.15213025167032446	0.22830025824623396
0.23560920981598876	0.077835325497373	0.30493167584469316	0.15246808364461173	0.22915570519733308
0.22482917994189608	0.08591354213582275	0.302887099709323	0.14855327475683383	0.23781690345612413
0.2297399693500044	0.09181479039070073	0.30441823460335443	0.14688644748108953	0.22714055817485068
0.2268964014570139	0.08376025485052731	0.3066414241865358	0.14537276933644916	0.23732915016947362
0.22751240241424325	0.07608818909349638	0.306665103275898	0.1525996442842681	0.23713466093209407
0.22772153547055013	0.09118980717650024	0.30457467525975757	0.14469553352477418	0.23181844856841766
0.23032520891249295	0.08949889450956106	0.3048361908112942	0.14424837269932994	0.23109133306732157
0.23165995685893906	0.08239800649570247	0.30875140450932737	0.14502935659369495	0.2321612755423359
0.22688718349363288	0.08922087070096282	0.3097734910386408	0.14714336886338933	0.22697508590337387
0.22860858920531363	0.08776360142249695	0.30091303830433297	0.14975928608422484	0.23295548498363136
0.2422791825488424	0.08428762433986516	0.3035987851978085	0.14398148406617078	0.22585292384731298
0.2230660336894276	0.08284519134785504	0.3151584446317987	0.15132546572092256	0.2276048646099959
0.2268220768366359	0.08753677187167025	0.30389600500832226	0.1514367429140758	0.23030840336929556
0.23161696851068814	0.07579384429953176	0.31093401213893024	0.14494418899152806	0.2367109860593216
0.24436170919643857	0.07955481279749572	0.29871569908197865	0.14778110591785293	0.22958667300623387
0.22045476506552247	0.08685238356857436	0.3127433043261535	0.1487158486560024	0.23123369838374702
0.2201626437942863	0.08825131250087263	0.30966719354787486	0.14773904439723562	0.23417980575973033
0.23035716366223435	0.08845605460402618	0.2997224742516735	0.1524638472697635	0.22900046021230228
0.22620685502030796	0.07472086385125595	0.30906773743436866	0.15366813731592294	0.23633640637814424
0.23097514880271403	0.08849707946473241	0.3054768677033201	0.14664498711452906	0.22840591691470416
0.23760331799056256	0.0694202666918109	0.3035756172197847	0.1524684488765785	0.2369323492212631
0.23167392264792452	0.08244868159743592	0.3024642148972903	0.1495851376543884	0.23382804320296058
0.24422580144002465	0.08588590888947417	0.29881545817757643	0.14482864503734655	0.22624418645557795
0.23672290761716036	0.08582229581649006	0.3045519699753151	0.14380063820640224	0.22910218838463198
0.22254151368042369	0.08389307640272209	0.31097869450133775	0.14534421574279224	0.23724249967272404
0.23491774835315443	0.06981199977634514	0.3107212314387735	0.14876620533936674	0.23578281509236
0.2225135945939065	0.09487301976358524	0.3080433521886902	0.14320674678654824	0.23136328666726957
0.23980000461694373	0.07567156727802926	0.30727823847557684	0.15099024617991463	0.2262599434495353
0.23531370806180385	0.06981327142141175	0.30789887778613556	0.1497824058573415	0.23719173687330708
0.22215589283475937	0.09124034353371703	0.3008566052941123	0.15220282740314248	0.23354433093426863
0.22447996276107282	0.08836968149239566	0.3049928720867858	0.15277448360985085	0.22938300004989462
0.2338162630623058	0.08093844646890813	0.2987341103840731	0.14878826796949127	0.23772291211522145
0.22971232918588178	0.07754124325348316	0.30289738300482766	0.15309800731217754	0.23675103724362961
0.24454032530549175	0.06906398579152795	0.3018122968995842	0.15344640449387872	0.2311369875095171
0.23584847515683593	0.07169363194272185	0.3109752580838767	0.14475684263600705	0.23672579218055823
0.22836682788603527	0.07542118094794782	0.3155592508222955	0.150095565689901	0.23055717465382014
0.22302150874147464	0.08320433545392414	0.30848566826599033	0.1530658266622875	0.23222266087632315
0.24422346395546957	0.07441189631243733	0.29908066462075245	0.14474692047943222	0.2375370546319082
0.2441260929106348	0.07271151538239046	0.31218740441355647	0.14479829019657098	0.226176697096847
0.2220540676411028	0.09411082235771377	0.300181438867233	0.15156335636933824	0.23209031476461195
0.22438853205396314	0.07948117217455919	0.31004128534906533	0.1534332192005237	0.23265579122188842
0.24013667295829927	0.07948782684835319	0.2989192167694232	0.149005506860432	0.2324507765634921
0.23658514272035897	0.08617058881717785	0.3002248279833293	0.15157320690391154	0.22544623357522212
0.24385035251220882	0.0717965574908189	0.3109629510358608	0.1462299613503325	0.22716017761077872
0.2307366315091952	0.07870626683702477	0.3053673424704476	0.15025688906011847	0.23493287012321368
0.23901427940220205	0.07766631311968986	0.300857061336135	0.1483287236682681	0.23413362247370478
0.2231671437910315	0.08158016151548879	0.3073455674825006	0.1512783449474857	0.2366287822634932
0.224418509946726	0.07281289161019125	0.313251479584744	0.15259395458249747	0.23692316427584106
0.22043776196127346	0.08744208197359743	0.3121548676584027	0.1512233568222643	0.22874193158446185
0.2261084307755592	0.07978594356091673	0.309864304004581	0.15200042429927968	0.23224089735966322
0.23167232584414724	0.06964174551426869	0.31556040966521515	0.15145472379268538	0.2316707951836833
0.23021781536661115	0.09490417460703507	0.303308304430818	0.14712383224788256	0.22444587334765298
0.22858575230586353	0.07882545190813928	0.30974515430126337	0.1525921065341535	0.23025153495058012
0.23935646379816558	0.07486054233218875	0.31210769910529435	0.14661702597485282	0.22705826878949825
0.22127202966339843	0.09705520413146584	0.3058617513498677	0.1456435615984749	0.2301674532567929
0.23867330677621573	0.0734999477214121	0.30089723446489003	0.1539609072244026	0.2329686038130793
0.23384740524660808	0.07751747001452901	0.3054860568251491	0.149251470153535	0.23389759776017854
0.2258518498297227	0.08987049314986091	0.30711962589736946	0.14578075868223753	0.23137727244080916
0.22466578581622237	0.07578622534522733	0.31408629490963413	0.14893896048226382	0.23652273344665214
0.22393680436724656	0.09259780039818524	0.29979114295790366	0.1539666482669901	0.22970760400967422
0.22611521838270426	0.08589305275553713	0.30693490773294496	0.14978062162681632	0.23127619950199707
0.22117503589160709	0.08706419798259137	0.31269746043084135	0.15217307607216257	0.2268902296227974
0.23747351982368128	0.07677001182834003	0.30321704429123153	0.15299353392119353	0.2295458901355534
0.2420530082866221	0.07499683252256131	0.3012318242753048	0.15034481853323933	0.23137351638227222
0.22276140828315083	0.08306138611788767	0.3136995738190038	0.14558602529690598	0.23489160648305146
0.23313257398262988	0.08079677150251008	0.2999404084670447	0.14835541372492234	0.23777483232289282
0.22249735157176762	0.08945915181096259	0.30658733483600287	0.15117657571044552	0.23027958607082116
0.2350367731306458	0.08206034858670992	0.2994192354280455	0.1493746995234242	0.23410894333117438
0.22212918595140815	0.09423898512414003	0.29962914332400425	0.14606491505110852	0.23793777054933885
0.2358107852226898	0.06979022291710871	0.3156075076604414	0.1470811787897082	0.2317103054100517
0.24089500181741785	0.08331170894363092	0.2992953057877475	0.14591235653823847	0.23058562691296502
0.23119079617426894	0.08551191212785905	0.30249506401165976	0.1515274914031352	0.22927473628307682
0.23772324468510506	0.08042037788873777	0.3023197502270702	0.15171489435143284	0.2278217328476539
0.23656336542381298	0.08517255845294408	0.30216712065583884	0.14656680390598092	0.22953015156142292
0.2285429017575515	0.07468555540397961	0.3103153096135589	0.15040764017741687	0.23604859304749287
0.23348386443880348	0.07722836662635034	0.3115477005251486	0.1521602181528683	0.2255798502568291
0.23160723922770762	0.09209990752759034	0.2989084951908906	0.1500473806381466	0.22733697741566458
0.2254957854760781	0.0874920883772067	0.3125211960872871	0.14667722889239454	0.2278137011670333
0.2321486406111662	0.07579097171772488	0.31131637863512235	0.1532043326457901	0.22753967639019623
0.23352282915628592	0.08748039803470593	0.3007210748820376	0.14964900668039774	0.22862669124657264
0.2275183435816067	0.08149886433492137	0.3162453597371208	0.1496321632039022	0.2251052691424487
0.22430134834439305	0.07967175209214793	0.3137355672485846	0.15225972930194348	0.2300316030129307
0.22436539230016822	0.099030650748908	0.3001125963136173	0.14470800783040466	0.23178335280690157
0.2220970406907315	0.09704419755269571	0.3017432721641153	0.15299729996156933	0.22611818963088795
0.2294394627780048	0.09449937352913107	0.3023833868301116	0.1444571288521037	0.22922064801064856
0.23791229643377843	0.07910983411832546	0.30948312697942626	0.14390532464763817	0.22958941782083142
0.22270210898273973	0.09218519788323722	0.31056458808629617	0.14498059002448782	0.22956751502323883
0.22701603672837503	0.09450686193247929	0.3007569456188926	0.14755314124688892	0.2301670144733639
0.23352687800815014	0.08729291524195844	0.3004126011177186	0.14556458991766763	0.23320301571450494
0.23394660057374672	0.08115286307737096	0.3004168189195743	0.14785869429498416	0.23662502313432363
0.239131507036706	0.0742723433007331	0.3075085514158434	0.1465233673111177	0.23256423093559955
0.2219319133904549	0.08744260651046969	0.30970496030109834	0.15322572636786602	0.22769479343011081
0.24239146048597965	0.0706391518957947	0.30558206019901496	0.1440044933575112	0.23738283406169922
0.22183937904515622	0.09271777394977611	0.30968814209460316	0.14507625501914917	0.23067844989131514
0.22887761074617652	0.09008951294354178	0.3047100939294164	0.1438838222549971	0.23243896012586798
0.22453005030127843	0.09681497637834281	0.29929462338042734	0.15136775035483216	0.22799259958511905
0.242854386300929	0.069796338090826	0.30730276096252607	0.1466459865646486	0.2334005280810701
0.235655777989191	0.07685830836550903	0.30167461668797757	0.15129883971068275	0.23451245724663944
0.2438542411270592	0.07275880214570157	0.30391967255508295	0.1483834013662283	0.2310838828059277
0.238727974005898	0.07352427443065723	0.3113413888186878	0.15146497680545518	0.22494138593930152
0.225916743372658	0.08543596095810041	0.3080389815781396	0.14644030965899538	0.23416800443210636
0.2304840457325054	0.09746487579840936	0.2996159212787058	0.14326757276826207	0.22916758442211715
0.23921597257122118	0.07315582616153776	0.316316292320203	0.1448538169168157	0.2264580920302221
0.24032385644756496	0.07763243169927567	0.30603452148777066	0.15097748751861412	0.22503170284677435
0.22333822071781154	0.09452580651798623	0.3036887540912713	0.14478983500853482	0.23365738366439595
0.22423842741739913	0.08707594672943689	0.31451923850487407	0.14327318096979225	0.23089320637849742
0.24287811149240957	0.06961729715028828	0.3058084984332088	0.15238391001006288	0.22931218291403022
0.23237364153891577	0.08288339955523638	0.2988556691489926	0.15232482419324778	0.23356246556360724
0.22067186356181812	0.08536489744739302	0.3134138035797033	0.14562343463289662	0.23492600077818876
0.23940626346080837	0.06910779506726836	0.30956283880281465	0.146554383177052	0.2353687194920564
0.238763934059863	0.07558572555605937	0.30533228846148813	0.15114600082864174	0.2291720510939475
0.22531561161175134	0.0735834154796921	0.3124171844765918	0.1529114816936356	0.23577230673832897
0.2309653092675978	0.08217510205102202	0.30753905057491016	0.152960555209913	0.2263599828965568
0.2342829830605309	0.07118501555030088	0.3034495877402523	0.15335247198477978	0.2377299416641359
0.23216621075411062	0.09169361016550512	0.3001113939697778	0.1509336949501029	0.2250950901605033
0.23263570809680284	0.07679758519457167	0.2995343084976766	0.15396214677698405	0.23707025143396457
0.23950046289291485	0.0733284827140378	0.3061604610273038	0.15389017307201705	0.22712042029372623
0.2237804171194505	0.09128061444634586	0.29950350649258983	0.1510060659234857	0.2344293960181279
0.22717430800018842	0.08115802315623141	0.3046555686450875	0.15194546325395303	0.23506663694453936
0.24191584965600912	0.08228494976390134	0.3016543585318922	0.14740915925455475	0.2267356827936423
0.22911259993757893	0.07943701974738603	0.3131956274054936	0.14940384401195447	0.2288509088975867
0.22752946201845017	0.09650146469610087	0.30609367596461223	0.14331817751746156	0.22655721980337495
0.2287768224628546	0.09244030133569797	0.29894134730080246	0.14941141812341655	0.23043011077722816
0.23715847479187682	0.0850618626724064	0.30657636735404403	0.14548409857772657	0.2257191966039459
0.2351402220345083	0.07640333788793666	0.3153474514829208	0.14707618951995433	0.22603279907467966
0.24443456837259475	0.07543574051990073	0.3043232542105329	0.1510687082328451	0.22473772866412628
0.22651583069407502	0.0898655752845653	0.30612626128197706	0.147858172186905	0.22963416055247732
0.2220361464896778	0.08983219601694478	0.3074880023090204	0.15057719190240765	0.23006646328194913
0.22833001422564236	0.08360874489914343	0.30125427904906055	0.1498301434638002	0.2369768183623533
0.2326852103448461	0.0694389032292328	0.3083011314312238	0.15350276372522914	0.2360719912694679
0.23508529654387017	0.07784466690881395	0.3084135994559535	0.1439415362905231	0.2347149008008391
0.22977454689283924	0.07332104264536729	0.3145548621987707	0.15369144205264784	0.22865810621037472
0.23489881316736383	0.07211928751098323	0.30947253606166825	0.14563892548569976	0.23787043777428468
0.23695220065514117	0.07517505823613803	0.30716054327199854	0.1453638623052338	0.2353483355314882
0.23996828369011516	0.07711676759215046	0.3016934516061316	0.15011087092369585	0.23111062618790668
0.2281104112083957	0.07182727359115132	0.31355422891743856	0.14869199410453884	0.2378160921784753
0.22157178216241807	0.08923361792341868	0.3045792239214972	0.14874777172946727	0.23586760426319853
0.22509020440934338	0.09653783277858662	0.2993416386480148	0.14770983034059024	0.23132049382346476
0.22848043756886885	0.0806920963547275	0.3066622560189303	0.1506692839933207	0.2334959260641524
0.2264653021706563	0.08944006132314435	0.3024463664188995	0.14949154380354354	0.23215672628375608
0.22817050691569654	0.0797797134330893	0.3119933572539949	0.1524038877982457	0.2276525345989733
0.22349464938983968	0.08303361967859726	0.3086795283822579	0.1512443317945686	0.23354787075473638
0.22102360268718227	0.0931800180547629	0.3083081742434973	0.15006516325792318	0.22742304175663408
0.22484600351776407	0.07923307636756681	0.31537092658994104	0.15006256554408254	0.23048742798064525
0.23135324581564734	0.09197828166879982	0.3011950918601384	0.1475302926320387	0.22794308802337554
0.23224261006986086	0.0803085981929041	0.3125122045827338	0.14757727599881204	0.22735931115568897
0.23147791899615489	0.08250202786089551	0.3088028768585571	0.14321632475194335	0.23400085153244893
0.22514719760211324	0.07413378982469285	0.31001839366337586	0.15282140745844663	0.2378792114513712
0.22151652777594505	0.09408900315411933	0.2997325665808285	0.15369231900457833	0.23096958348452853
0.24353277966247075	0.0731682313974551	0.30800122339588404	0.14889057470172787	0.22640719084246197
0.22294184040410137	0.08161800972948911	0.311485185201445	0.15145195654649996	0.23250300811846436
0.22548720886078483	0.08463582550261894	0.3114646865107969	0.14851695645524002	0.22989532267055907
0.2414946782750208	0.07387030490029783	0.3123109863179665	0.14467732010291817	0.2276467104037965
0.22552798367086294	0.0924706359615527	0.3036972106771034	0.14703512827342435	0.23126904141705631
0.23683414407544903	0.07403675591276013	0.3127451460138227	0.1482902243167205	0.22809372968124741
0.23217135377210824	0.08933942276331382	0.2992183660322947	0.1475927151027232	0.23167814232955983
0.22385843066822703	0.07560708664300841	0.3156928820480179	0.14940874543694568	0.23543285520380078
0.2326367834141251	0.0847683659538019	0.30754003347863196	0.1475310920299405	0.22752372512350033
0.23870020454333007	0.08089726909053138	0.30328033331690524	0.14349684921013728	0.2336253438390958
0.22344215099687414	0.08913111390294516	0.3052014557007612	0.15198492130792923	0.23024035809149004
0.2317772863834404	0.08514221183588923	0.3063202190765958	0.14825544030846605	0.2285048423956083
0.24205926491607013	0.08263992570275161	0.29944730534177544	0.14812019833465923	0.22773330570474334
0.23753122142327066	0.08562727105433068	0.30077526359774887	0.14948373966392384	0.22658250426072576
0.2343188467979735	0.07059567158040514	0.3163048764488534	0.143141101354977	0.23563950381779072
0.22486472999254853	0.0943165655659291	0.29884349193217674	0.15132955584128235	0.23064565666806305
0.2285575389378132	0.09296960513202791	0.3043145152376959	0.14479242809138956	0.22936591260107317
0.23369597127428765	0.07156315854058307	0.3104623260251519	0.15152029816368706	0.23275824599629008
0.2301960732598825	0.08089605523042342	0.30341894801439945	0.1493746056932922	0.2361143178020022
0.22887220246091158	0.07062723022220121	0.3162746946464412	0.1482669106747658	0.23595896199568
0.24448743346864676	0.07668545072879042	0.2989318553884221	0.1510359965936726	0.22885926382046792
