0.025517278775659707	0.40575705395221706	0.09063365250401376	0.07217988593934782	0.201509503435837	0.09020716031593601	0.07527674986559574	0.03891871521139269
0.22366108715728003	0.11711893995003905	0.1758258292720199	0.0580703164887737	0.20252117499738725	0.02172166373643282	0.09601829259189562	0.10506269580617136
0.06578114195399802	0.032417205796715406	0.09098222614283044	0.1490232903139091	0.18803399383425068	0.11081357076173524	0.18335913375306745	0.17958943744349343
0.008850337556590482	0.20929799029310558	0.2345335511541572	0.05428303402752435	0.2507461123594772	0.02050566086025296	0.09502104889814124	0.1267622648507508
0.03250813116811792	0.3355683179103331	0.10039702440365124	0.04816094350919835	0.18615331119956333	0.05133399856149995	0.16821540056789366	0.07766287267974228
0.0834789994639946	0.023041070723271842	0.10664263455668867	0.19144885325310462	0.05423688632207781	0.03105184130046991	0.47352532220592025	0.03657439217447209
0.09114182071198786	0.006210244929902603	0.1570023799878359	0.1632718173852685	0.15361158364934815	0.013409194399355229	0.36377818334452805	0.05157477559177352
0.20028425494986304	0.08762630183951814	0.10242674371892496	0.08539990197151279	0.05513396740745212	0.07693722087537269	0.31067732931957237	0.0815142799177837
0.11651699696147622	0.12478581292768279	0.06915457340157753	0.2115324226615314	0.11117886428962044	0.06878182046965661	0.22832632153298366	0.06972318775547114
0.10125480206530443	0.16377001237932423	0.3807295172330927	0.09130413624468503	0.04584591041967985	0.03637166319036449	0.13642801772877297	0.04429594073877613
0.14655202940308953	0.07220115982492886	0.16541576233065972	0.2541992098296425	0.03479047792311464	0.05424245667119669	0.2291971859734242	0.0434017180439437
0.09751720371678	0.04081403547595558	0.2872915108550268	0.15910981532491625	0.041759957341679144	0.02895785321600916	0.2431787234894984	0.10137090058013451
0.0141218045447669	0.1578150139584369	0.20851075328596924	0.12591050225301653	0.20871508689338392	0.09436787307698064	0.11591217342670097	0.07464679256074475
0.01703492289622545	0.28861907344254567	0.25848909921293783	0.14482636243281638	0.11678869730148658	0.012980203423996445	0.1009772061521005	0.060284435137891
0.22217069771095138	0.03635033554479468	0.18737956605547929	0.0978004843555813	0.015950140355158446	0.006477712295227339	0.2644824209096174	0.16938864277318993
0.07311801718417255	0.15151569427194372	0.07525689113264475	0.0324626979480704	0.27341234229608535	0.03896429238493135	0.29609189901664584	0.05917816576550579
0.06221442215130285	0.04399473890062856	0.201966364681419	0.04023585709450382	0.10868806413543089	0.009215642891297143	0.47664728111225596	0.05703762903316163
0.13360371761695286	0.10995074029756093	0.26901382775959204	0.05061961823785259	0.05310803289024006	0.018834810223571904	0.2549848302668838	0.1098844227073456
0.14343923252349233	0.06943610638283332	0.17722744563520082	0.12544580787126836	0.07019747543315974	0.099132018985898	0.26438121657780655	0.05074069659034068
0.04887043676835154	0.006864297703721392	0.08503672249099632	0.13625961053360952	0.2059336823631694	0.02846517905889563	0.4002699582842604	0.0883001127969956
0.08613356747987835	0.02306360109057684	0.44519322772850545	0.2527303960765535	0.06838368640619025	0.006455129431427009	0.07272402307003335	0.04531636871683502
0.06000557436954897	0.14412028495831605	0.22233468241947102	0.14053900999354835	0.1082726756943054	0.07858796589779102	0.15408740123411285	0.09205240543290616
0.09521239346239403	0.2716508503715675	0.07452698285534648	0.24220801167351363	0.1280231116625242	0.015452452291575991	0.09845844193816528	0.07446775574491268
0.18258635075607932	0.10970763300016881	0.32555349349533147	0.10858674203465493	0.06354628729745972	0.06427216891940095	0.10189877232852917	0.043848552168375396
0.04741831911056664	0.05063051332331288	0.2952833833517524	0.2529714271045158	0.10386165040222727	0.0706658686678106	0.08286484605558786	0.09630399198422632
0.1326917687949132	0.18038182582989243	0.12525107558652823	0.11382278976083941	0.1365190957544682	0.052125392964534056	0.12618021613013272	0.13302783517869157
0.1476450765981179	0.24237610663291703	0.08747247600672278	0.1267388384692984	0.13358806295566353	0.03752307520679893	0.07265237724045315	0.15200398689002806
0.007425815155728252	0.019402396553423323	0.11954609551306278	0.15195636434739374	0.13430235482256467	0.08571668575069005	0.4268776110189383	0.05477267683819867
0.1330336405933087	0.06737378926036511	0.18888266258189812	0.1350034218368141	0.0492766714228879	0.10913859129227488	0.2025826317436424	0.11470859126880856
0.03811720771586606	0.3659359540888258	0.1456794717451536	0.0935900044798742	0.027637682724753795	0.06727201661428223	0.19465213645976503	0.06711552617147908
0.20570443279064157	0.0930174594275254	0.3762255420262639	0.050565370639144375	0.020715178042450086	0.031655530103619475	0.11686587938566304	0.10525060758469196
0.08581793846956585	0.15048694211986302	0.06209889844704364	0.1796363433874088	0.0880243188027574	0.026351459076524433	0.3372740164992061	0.07031008319763057
0.08640485432122894	0.1826484308629765	0.2952658021601332	0.0472330748372094	0.0805724157106876	0.09346931677254049	0.07136437774718193	0.14304172758804176
0.03641938047618759	0.3219586226747463	0.14334249743274038	0.11364164583786589	0.11905204893998186	0.09209855108932768	0.07887499815986254	0.0946122553892876
0.09615573587863809	0.0943565919132038	0.14376956956746995	0.16438415819155866	0.16321299411267115	0.08147153437222586	0.1341985462616056	0.12245086970262668
0.15078367368876813	0.06044328610976063	0.1132480551691764	0.21405880609415795	0.19364972094921906	0.08095159149801318	0.10793165156066051	0.0789332149302439
0.16958563586448086	0.0488570901948782	0.298887890926549	0.13105754666510006	0.1420636574787953	0.019534651534740127	0.12147089211878807	0.06854263521666817
0.15248724656501428	0.02905263128300678	0.43820897933162073	0.04074957761600036	0.10470829169304903	0.018546879379002457	0.14390303087863615	0.07234336325367001
0.147363443596768	0.1242463393858515	0.0614476625869521	0.10489424593322451	0.04106695880704794	0.07459804551343115	0.2717583733552378	0.17462493082148672
0.06893144384592678	0.03138852012468264	0.24501798602208336	0.2399221743910151	0.12984122112458396	0.048626695713661294	0.1631682896913052	0.07310366908674143
0.041427604462225195	0.005790201075510357	0.1556183686183652	0.17577539455298785	0.12034255390321008	0.07826704816171176	0.24777164444145636	0.17500718478453303
0.0622349141150345	0.0124012309136831	0.4798083204187994	0.076365213974379	0.04430345245906228	0.11695710593871987	0.1641922512635957	0.04373751091672598
0.0966415437634906	0.03267820071262423	0.39162552349434465	0.15728977003570624	0.03165165051589902	0.049021387658712806	0.07996548786169932	0.16112643595752288
0.2135552579928407	0.052200441177414916	0.3464062441043473	0.05678816634922407	0.09271202523281889	0.05542306399849184	0.13591676977806444	0.04699803136679759
0.0346777075789117	0.04037346548165811	0.23993651637583804	0.1159891271965508	0.11765716127185673	0.010948232449160739	0.3195932923583438	0.12082449728767988
0.014093102585044995	0.21822113020616274	0.07912416177164175	0.18219796164316934	0.14629067668737428	0.04795095742487952	0.27989252538768117	0.03222948429404601
0.14534653893497376	0.15309822316543872	0.2724771269718062	0.11083348040492104	0.0651202325435175	0.06922514872230012	0.10533277445010888	0.07856647480693357
0.03174919499591261	0.2746132810660608	0.31854314613416845	0.08576816164595147	0.007630084459947117	0.04025222845580026	0.17534711890219076	0.06609678433996825
0.06075786442416728	0.025462621435353494	0.15126211983082624	0.147083485047291	0.08382194755899175	0.07401199215417077	0.31115630530582117	0.1464436642433781
0.018621283598378224	0.10118159241670888	0.09901079031751203	0.2202374675937161	0.03321092574560834	0.08681133589556864	0.3837170861782705	0.05720951825423712
0.03750890368034397	0.12241119288719382	0.1394002688569186	0.12042488587510639	0.027142739514821948	0.03314526206466452	0.41851497291107	0.1014517742098805
0.022876600028468627	0.02664823167032665	0.10070507514957071	0.1377008031831989	0.19171067266361996	0.0513760238842165	0.336186307693707	0.13279628572689148
0.11264664611624915	0.2098400066987654	0.1681208494557607	0.06502078601050158	0.12275507685490882	0.014326102731605977	0.12503980872929446	0.18225072340291368
0.045118448961348784	0.1539332116526032	0.08029362812960056	0.11894981280455509	0.1804518176573993	0.0832604895039902	0.25003032303806194	0.08796226825244069
0.07166514349748165	0.16542795012721254	0.1880730511022267	0.0741600939292778	0.08704952040303515	0.08101055271196797	0.19829479693828314	0.13431889129051483
0.012788386419715511	0.059143515227846166	0.37514084921199453	0.12983694065582962	0.20961233218032183	0.01485916420066459	0.09698575350744223	0.10163305859618524
0.020886161366780426	0.09456356415728089	0.1366425935830554	0.20656494503464962	0.010743703569035035	0.02736193052526087	0.42206296616449035	0.08117413559944728
0.06199190859688056	0.2886277917691271	0.3054780267608246	0.12182117461646666	0.030799644095602416	0.025751917691507753	0.11736873389947705	0.0481608025701136
0.056540067753816925	0.0853843789639006	0.11236559966696455	0.22561222710717815	0.28477260371387414	0.025880816844320614	0.13931439007412336	0.07012991587582149
0.09628353797314233	0.004443873269339552	0.2799393993283147	0.07967721438754433	0.2580160212799488	0.030993997841220408	0.1610499407284386	0.08959601519205107
0.07912537534755673	0.004618393146650565	0.2541415111951867	0.06532923749697744	0.23846942624944406	0.01980281388219958	0.2645967442359768	0.07391649844600796
0.14913067094957763	0.1453330859245669	0.08760769233833866	0.15522744559517848	0.05469018334705271	0.07232491043506976	0.14501246375771562	0.19067354765250003
0.14669641847282938	0.1981278953756042	0.235224162819367	0.08732672921917184	0.20930304620406126	0.014055607578322027	0.07280578648052202	0.036460353850121974
0.051566444668270664	0.18855077420709754	0.14941504030128522	0.09249569608810371	0.07688527284888969	0.06479643142979133	0.3167032769428625	0.05958706351369911
0.16715569702665078	0.10944354012373747	0.19866773850486774	0.03277726038096836	0.17202891914150906	0.027099809352148382	0.185937240437895	0.10688979503222298
0.008010751587023565	0.24453307018804638	0.3061896718231849	0.11672820635063616	0.0046846239667423795	0.010190755857021103	0.24911054954695655	0.06055237068038881
0.11716932317003245	0.02594496026413068	0.24925586669726413	0.23531702762074072	0.17627698181449786	0.0715153447774621	0.09125829314695215	0.03326220250891969
0.0794348569881893	0.2139642613397139	0.07574779701513486	0.11686132521566651	0.2288143104976641	0.010219405092005765	0.19850344489052563	0.0764545989610997
0.007471250286961939	0.268349777985595	0.242330049100517	0.08164591806868612	0.13893856819681372	0.015260710789153697	0.14927545429764258	0.09672827127462978
0.2164714836956244	0.034424401120844966	0.06316336598966746	0.22598859982684186	0.1973620349074352	0.060199356994298694	0.07809104994572424	0.1242997075195629
0.09329382512135635	0.19457330296243663	0.18456751648580272	0.09561462674623313	0.0790890965433317	0.01117448288956796	0.18013001481993507	0.16155713443133624
0.17715200959780236	0.2137193301974208	0.07195851536823775	0.07780493306139982	0.113652068015436	0.060202463727346764	0.18223171440161104	0.1032789656307453
0.021913418729527012	0.06455266264256956	0.3354396701339884	0.21533966029684698	0.0690752973448001	0.09324718311577507	0.16753112580542234	0.0329009819310703
0.0136057947274075	0.019101974210790046	0.11999474656958736	0.2401651317220619	0.066245449042996	0.08490932809659435	0.36120857030579423	0.0947690053247684
0.11477486064920579	0.019903874789265516	0.3567601043408687	0.07681075687001346	0.1130986079507382	0.04099050698517717	0.18126148526140382	0.0963998031533271
0.20697833074314165	0.1861011979183824	0.0738632797961275	0.1528619450900117	0.02448700585482623	0.07520501584480857	0.11122210374089553	0.16928112101180623
0.0251609926763426	0.12105697081496511	0.337951597086439	0.09356483074108388	0.06970547549023438	0.07546531062190609	0.20777731352237164	0.0693175090466571
0.21296327874791926	0.038522550346939535	0.37102185086526385	0.08746534013449248	0.028198563425689466	0.07120105781699228	0.15046219576021103	0.04016516290249189
0.021990222665580997	0.2926708319085479	0.07098203337564934	0.05046723475512613	0.27981812564934905	0.09548075434213521	0.07589566424461658	0.11269513305899459
0.08054802259550181	0.03450513468787589	0.4875401884996413	0.08642866078488926	0.06133623026354282	0.02588599740726752	0.11543439647905405	0.10832136928222712
0.01027780527850218	0.21766358551490678	0.14261445243791834	0.18162428847614318	0.01736748701656253	0.09929934360384292	0.26233047340876336	0.06882256426336057
0.03865150619348551	0.3017581214091366	0.07350078524485285	0.13067455308289194	0.14984351168975812	0.016905511683043037	0.1563761919273109	0.1322898187695208
0.014082904482582703	0.1366006143672555	0.2251857815872679	0.1387956984358795	0.21266261644759765	0.03379094094367831	0.0730344550016772	0.16584698873406103
0.10305901356328478	0.006076245693473606	0.07745935145419997	0.048552242223649525	0.015145409487637165	0.06602166789702865	0.500266984322001	0.18341908535872503
0.1038624923700414	0.05795475463389446	0.10212797146369483	0.23048799152340954	0.12219628885948974	0.08398121211273904	0.22937887438283888	0.07001041465389186
0.09334038750052803	0.013997734040078133	0.13926081219443448	0.09755278336023683	0.21826586060927577	0.09449335193989036	0.16942818153788367	0.17366088881767253
0.045397963129499744	0.17476597350352668	0.16292014834385643	0.20431483605480488	0.011506489741454864	0.09721708463673864	0.2460167568918652	0.05786074769825342
0.062498440457326734	0.04231515210514976	0.17897561429427722	0.039450814414727406	0.004315913097992202	0.03875242315955624	0.4965835709607056	0.13710807151026466
0.09084768939023069	0.03140184714843143	0.20113854412635868	0.062143174678874646	0.1857092469526776	0.08734219992330497	0.2302336479962961	0.11118364978382571
0.14312754783788578	0.12011013180432109	0.0930595038866626	0.13363417855451515	0.05182615807416731	0.008314246615443763	0.3601772391870881	0.08975099403991597
0.11775903762644947	0.4269886884899873	0.1041188648829689	0.12381923951592316	0.029543093776231835	0.06964840312824405	0.08946257427418955	0.0386600983060055
0.18419015167524572	0.14884126026831362	0.099978291886692	0.041216716482334756	0.17924157050053083	0.020665416278168897	0.13467459653773176	0.19119199637098216
0.032597291909864295	0.03811546298011473	0.26608926058666904	0.12989591355071073	0.1366247985305339	0.08307099323320855	0.14321585983319013	0.17039041937570845
0.15210992014568975	0.13826573065080028	0.06401120544328295	0.03342762603522975	0.2087118579204378	0.09531655912133305	0.18944503630047196	0.11871206438275422
0.13959035374988332	0.05411287707643489	0.09438795858356488	0.07824756003525257	0.24436130246211352	0.10805207021183448	0.17644100860609097	0.10480686927482517
0.09130022387651894	0.06135084224882896	0.07501702227792485	0.039003444889349856	0.1110424874085993	0.007694048704594128	0.4816014783663185	0.13299045222786515
0.06359181262165345	0.3961868707737668	0.0698047879006973	0.19155231887304203	0.04386691097759303	0.02779573773657798	0.16159076916644374	0.04561079195022555
0.09004109735122445	0.02486700190252096	0.08443887144752585	0.05534701667542341	0.2606973041092554	0.0065531488300417245	0.44041441119216873	0.03764114849183936
0.09679167407140205	0.11368741699724076	0.1665802180962222	0.17453860872006896	0.20147736024566382	0.08065298818078076	0.07660184970543737	0.08966988398318387
0.1601124672964001	0.1740227921578112	0.2171023133289196	0.1635473661023067	0.01074856915282811	0.041288745609817545	0.1950448555645146	0.038132890787401924
0.05062885846772083	0.33982565759809713	0.12855783567656162	0.0490548296924492	0.07259667125119366	0.10089739934290202	0.07212591442592302	0.18631283354515232
0.08162064897279661	0.04626333989270916	0.28159914359230953	0.1683889829412172	0.05991043875597485	0.06105094907707516	0.23200861539735051	0.06915788137056679
0.016608564059726688	0.010803617964588952	0.3098778765009588	0.1550491320603282	0.18660120831486407	0.04726398673350056	0.0826871268807301	0.19110848748530246
0.18780028135537233	0.058285548685621025	0.135219913413678	0.18820962745495695	0.14424707217766317	0.09629544165800027	0.15287306126499015	0.037069053989717826
0.1100979191163333	0.03700731110177177	0.24453356677166294	0.10461324871019631	0.13886413414182375	0.04795621123085206	0.27156552699681924	0.04536208193054045
0.026953667817549792	0.18612281907217948	0.1472567605638148	0.09840046296758997	0.03853161059991217	0.09092136878849781	0.3394245017289338	0.07238880846152201
0.1411921435128209	0.14393901339867515	0.27744002248350363	0.09982910030187195	0.01626940988607209	0.0742002533163631	0.20556167860417165	0.04156837849652134
0.08455261040776926	0.16637449637972485	0.23700000571046886	0.1349040282095078	0.1528726301245961	0.09051801069472945	0.08169769643933857	0.05208052203386489
0.09119134762678076	0.13313167019077404	0.3641551919049595	0.046519677401668194	0.08472976396970397	0.04911277402780588	0.12319252864667637	0.10796704623163109
0.007326412007288757	0.20565580928211108	0.1374603257742971	0.0700545832381991	0.027031305653595614	0.03459794630274651	0.41419799981224414	0.1036756179295175
0.16466929944397932	0.1907553130726647	0.14567632482963314	0.04090224668380228	0.028012988604854225	0.0685079423614461	0.3154382041891942	0.046037680814425816
0.2045652274440728	0.05346210785710566	0.14649290603189682	0.0720203527408729	0.1130474827459556	0.0803149327628793	0.20608658190249585	0.12401040851472085
0.02202207353181504	0.0609437705952742	0.06976300104325375	0.13350160884612916	0.2745368785101999	0.10196334962219002	0.15724244890190686	0.18002686894923087
